ShorterBarHeight,TallerBarHeight,InferenceResult,GroundTruth,BarHeights
13,44,0.28432,0.29545,9; 13; 44; 50; 73; 16; 81; 79; 62; 62
17,68,0.24962,0.25,52; 17; 68; 44; 78; 61; 16; 37; 39; 66
25,76,0.28575,0.32895,33; 25; 76; 9; 8; 71; 10; 83; 36; 81
19,55,0.31137,0.34545,34; 19; 55; 12; 80; 52; 5; 32; 41; 23
23,65,0.30378,0.35385,31; 23; 65; 18; 47; 70; 7; 77; 52; 27
44,56,0.28958,0.78571,21; 44; 56; 50; 79; 28; 30; 36; 23; 19
9,18,0.30137,0.5,23; 9; 18; 58; 11; 49; 79; 54; 31; 67
29,52,0.32982,0.55769,6; 29; 52; 75; 85; 48; 42; 66; 80; 43
24,79,0.26265,0.3038,66; 24; 79; 23; 50; 31; 57; 68; 19; 57
19,55,0.30868,0.34545,26; 19; 55; 24; 78; 26; 50; 72; 57; 76
18,55,0.30007,0.32727,58; 18; 55; 33; 32; 65; 54; 21; 17; 59
24,48,0.3368,0.5,17; 24; 48; 27; 68; 85; 24; 21; 63; 55
7,21,0.2877,0.33333,84; 7; 21; 33; 61; 79; 62; 39; 81; 11
16,32,0.33224,0.5,33; 16; 32; 65; 46; 65; 42; 27; 23; 17
7,28,0.24768,0.25,60; 7; 28; 48; 16; 20; 59; 48; 79; 66
39,84,0.23474,0.46429,45; 39; 84; 43; 57; 45; 6; 60; 44; 47
21,72,0.28004,0.29167,58; 21; 72; 30; 22; 75; 54; 38; 21; 43
68,79,0.1973,0.86076,82; 68; 79; 7; 50; 49; 15; 9; 71; 25
15,50,0.29042,0.3,68; 15; 50; 84; 57; 62; 41; 82; 66; 63
10,20,0.32056,0.5,26; 10; 20; 7; 19; 32; 69; 13; 48; 42
44,79,0.23341,0.55696,65; 44; 79; 82; 30; 32; 12; 42; 27; 61
18,61,0.28534,0.29508,72; 18; 61; 72; 70; 20; 43; 46; 65; 60
30,53,0.32454,0.56604,46; 30; 53; 57; 19; 66; 81; 60; 70; 26
15,62,0.24125,0.24194,70; 15; 62; 65; 69; 18; 18; 51; 63; 52
13,40,0.29459,0.325,49; 13; 40; 32; 28; 71; 14; 57; 21; 76
19,59,0.29644,0.32203,24; 19; 59; 57; 44; 85; 75; 55; 30; 8
19,58,0.30073,0.32759,17; 19; 58; 30; 46; 74; 11; 45; 64; 7
31,83,0.241,0.37349,50; 31; 83; 47; 15; 13; 46; 33; 15; 83
70,83,0.1939,0.84337,77; 70; 83; 76; 51; 66; 41; 51; 36; 61
62,72,0.21736,0.86111,45; 62; 72; 33; 78; 54; 53; 30; 53; 49
56,68,0.22716,0.82353,29; 56; 68; 85; 19; 70; 73; 25; 64; 57
66,79,0.2065,0.83544,84; 66; 79; 6; 51; 38; 14; 32; 22; 21
66,84,0.19683,0.78571,19; 66; 84; 9; 71; 17; 16; 59; 73; 69
20,85,0.23602,0.23529,67; 20; 85; 6; 38; 45; 78; 8; 72; 20
40,70,0.24986,0.57143,18; 40; 70; 21; 13; 24; 14; 65; 72; 57
46,82,0.22487,0.56098,68; 46; 82; 70; 39; 60; 30; 40; 9; 72
14,40,0.30847,0.35,14; 14; 40; 66; 61; 78; 79; 28; 17; 44
28,56,0.31706,0.5,43; 28; 56; 16; 31; 32; 48; 47; 35; 19
14,46,0.28888,0.30435,21; 14; 46; 55; 46; 62; 54; 41; 52; 18
36,44,0.32157,0.81818,40; 36; 44; 68; 68; 79; 65; 55; 42; 46
15,52,0.28272,0.28846,65; 15; 52; 7; 65; 51; 21; 64; 68; 85
29,83,0.26733,0.3494,64; 29; 83; 60; 26; 83; 15; 45; 76; 20
63,79,0.21719,0.79747,22; 63; 79; 62; 8; 59; 62; 12; 32; 61
25,54,0.32412,0.46296,59; 25; 54; 63; 58; 55; 67; 32; 63; 69
29,82,0.26934,0.35366,82; 29; 82; 58; 40; 74; 53; 71; 76; 34
56,70,0.23031,0.8,7; 56; 70; 9; 70; 51; 47; 33; 22; 39
24,48,0.32974,0.5,78; 24; 48; 30; 37; 72; 10; 63; 37; 26
23,40,0.34628,0.575,47; 23; 40; 73; 27; 62; 80; 35; 46; 43
47,84,0.21286,0.55952,59; 47; 84; 62; 80; 52; 40; 77; 9; 13
65,82,0.20155,0.79268,27; 65; 82; 20; 80; 7; 79; 5; 63; 59
56,71,0.23477,0.78873,38; 56; 71; 47; 39; 77; 29; 35; 71; 30
39,79,0.25434,0.49367,17; 39; 79; 81; 52; 27; 84; 49; 66; 34
23,40,0.34949,0.575,40; 23; 40; 70; 66; 61; 51; 6; 33; 59
41,52,0.28254,0.78846,83; 41; 52; 32; 9; 21; 72; 42; 68; 8
10,36,0.26463,0.27778,47; 10; 36; 52; 20; 19; 32; 74; 60; 38
28,75,0.28506,0.37333,23; 28; 75; 63; 56; 51; 26; 80; 34; 79
13,55,0.23244,0.23636,54; 13; 55; 15; 59; 56; 37; 74; 19; 44
15,46,0.30249,0.32609,61; 15; 46; 55; 62; 38; 62; 9; 20; 21
30,85,0.25734,0.35294,33; 30; 85; 33; 70; 82; 58; 48; 9; 39
43,51,0.30115,0.84314,15; 43; 51; 25; 39; 49; 46; 45; 31; 58
56,71,0.23051,0.78873,72; 56; 71; 25; 65; 47; 24; 79; 51; 42
20,84,0.24405,0.2381,16; 20; 84; 18; 60; 46; 62; 6; 83; 12
10,34,0.28354,0.29412,21; 10; 34; 21; 47; 50; 43; 34; 11; 20
6,25,0.23695,0.24,14; 6; 25; 46; 42; 73; 80; 40; 71; 78
26,31,0.34532,0.83871,34; 26; 31; 76; 14; 79; 67; 11; 56; 19
38,82,0.25094,0.46341,22; 38; 82; 17; 57; 64; 41; 74; 36; 20
12,49,0.24126,0.2449,22; 12; 49; 28; 10; 38; 84; 40; 76; 77
59,70,0.22923,0.84286,15; 59; 70; 20; 21; 27; 10; 38; 65; 47
12,34,0.30446,0.35294,83; 12; 34; 38; 57; 51; 25; 62; 58; 25
19,55,0.30661,0.34545,81; 19; 55; 32; 17; 20; 24; 21; 76; 59
15,54,0.27432,0.27778,26; 15; 54; 21; 62; 52; 46; 13; 82; 28
24,79,0.27443,0.3038,58; 24; 79; 33; 7; 67; 19; 33; 58; 82
22,66,0.30449,0.33333,84; 22; 66; 10; 9; 60; 28; 74; 15; 46
18,76,0.23435,0.23684,43; 18; 76; 53; 80; 75; 23; 5; 9; 13
24,80,0.26899,0.3,63; 24; 80; 67; 13; 85; 23; 39; 39; 17
26,74,0.27947,0.35135,20; 26; 74; 24; 50; 67; 11; 47; 42; 67
43,50,0.30801,0.86,23; 43; 50; 11; 44; 51; 73; 64; 48; 43
73,85,0.18754,0.85882,15; 73; 85; 35; 6; 32; 65; 69; 84; 46
15,45,0.30341,0.33333,77; 15; 45; 39; 71; 11; 51; 9; 10; 74
28,50,0.33104,0.56,17; 28; 50; 30; 75; 67; 46; 70; 8; 69
26,31,0.34516,0.83871,78; 26; 31; 32; 41; 54; 81; 15; 10; 58
32,56,0.31572,0.57143,18; 32; 56; 59; 52; 47; 55; 25; 40; 34
25,72,0.29506,0.34722,15; 25; 72; 26; 18; 68; 32; 85; 5; 77
15,45,0.30726,0.33333,38; 15; 45; 9; 84; 20; 37; 51; 79; 14
68,85,0.20176,0.8,54; 68; 85; 35; 35; 65; 35; 43; 30; 46
18,63,0.27923,0.28571,54; 18; 63; 79; 13; 51; 35; 15; 59; 60
13,44,0.28867,0.29545,39; 13; 44; 36; 47; 19; 79; 51; 48; 9
18,55,0.30005,0.32727,79; 18; 55; 17; 84; 37; 27; 57; 14; 20
10,31,0.29515,0.32258,83; 10; 31; 61; 18; 57; 30; 75; 24; 14
44,55,0.28864,0.8,84; 44; 55; 76; 49; 22; 14; 52; 21; 34
51,59,0.26405,0.86441,35; 51; 59; 37; 83; 12; 67; 75; 55; 52
45,81,0.24702,0.55556,72; 45; 81; 74; 43; 18; 56; 50; 47; 77
42,50,0.30032,0.84,30; 42; 50; 68; 77; 16; 51; 22; 27; 27
17,60,0.27564,0.28333,15; 17; 60; 28; 5; 36; 5; 48; 43; 72
23,50,0.32862,0.46,33; 23; 50; 69; 82; 38; 70; 32; 31; 61
66,83,0.2054,0.79518,34; 66; 83; 71; 66; 47; 29; 50; 8; 73
34,60,0.31361,0.56667,75; 34; 60; 31; 66; 37; 45; 47; 80; 69
20,79,0.25075,0.25316,7; 20; 79; 47; 24; 48; 61; 78; 17; 44
31,36,0.34091,0.86111,69; 31; 36; 62; 51; 19; 31; 69; 9; 25
21,84,0.24721,0.25,29; 21; 84; 84; 55; 49; 24; 59; 65; 74
56,70,0.23471,0.8,53; 56; 70; 32; 48; 43; 21; 37; 47; 53
18,75,0.23579,0.24,58; 18; 75; 12; 78; 13; 71; 41; 47; 14
12,14,0.30714,0.85714,5; 12; 14; 13; 37; 79; 28; 79; 78; 60
23,69,0.29341,0.33333,63; 23; 69; 22; 55; 19; 74; 55; 82; 14
52,66,0.22933,0.78788,58; 52; 66; 10; 69; 74; 36; 55; 16; 48
13,41,0.29411,0.31707,45; 13; 41; 61; 41; 13; 46; 78; 25; 35
17,49,0.30657,0.34694,46; 17; 49; 70; 71; 14; 55; 39; 21; 31
13,23,0.33275,0.56522,53; 13; 23; 81; 39; 53; 41; 65; 5; 27
22,69,0.29578,0.31884,49; 22; 69; 81; 68; 16; 20; 71; 10; 17
13,45,0.274,0.28889,36; 13; 45; 20; 71; 6; 68; 37; 61; 56
13,23,0.33127,0.56522,36; 13; 23; 42; 36; 75; 62; 85; 23; 62
25,29,0.34536,0.86207,54; 25; 29; 54; 57; 53; 65; 54; 35; 61
5,21,0.23993,0.2381,64; 5; 21; 22; 14; 63; 40; 75; 52; 72
32,64,0.30009,0.5,76; 32; 64; 37; 11; 82; 46; 54; 39; 33
36,72,0.27583,0.5,62; 36; 72; 24; 65; 31; 12; 49; 60; 29
23,80,0.27405,0.2875,34; 23; 80; 9; 7; 48; 60; 10; 40; 74
63,79,0.21286,0.79747,24; 63; 79; 61; 48; 67; 75; 82; 79; 76
64,74,0.21148,0.86486,15; 64; 74; 30; 23; 25; 13; 28; 74; 47
47,57,0.2648,0.82456,37; 47; 57; 68; 27; 49; 64; 46; 62; 66
21,84,0.25072,0.25,9; 21; 84; 79; 16; 18; 80; 78; 18; 25
57,66,0.23875,0.86364,9; 57; 66; 66; 35; 35; 12; 50; 19; 25
31,67,0.30165,0.46269,67; 31; 67; 14; 44; 51; 49; 51; 52; 12
22,76,0.27567,0.28947,49; 22; 76; 29; 83; 70; 13; 22; 11; 57
42,85,0.23086,0.49412,24; 42; 85; 35; 35; 65; 76; 54; 36; 62
22,63,0.30683,0.34921,25; 22; 63; 28; 74; 61; 24; 58; 85; 61
67,80,0.19806,0.8375,63; 67; 80; 63; 80; 32; 63; 61; 79; 66
27,77,0.27683,0.35065,57; 27; 77; 7; 41; 58; 68; 16; 61; 42
14,25,0.32521,0.56,30; 14; 25; 53; 77; 68; 66; 44; 15; 46
39,68,0.27679,0.57353,9; 39; 68; 25; 20; 45; 16; 50; 78; 42
19,59,0.30063,0.32203,56; 19; 59; 26; 6; 23; 6; 18; 47; 81
18,37,0.33722,0.48649,7; 18; 37; 82; 44; 62; 26; 38; 69; 82
13,40,0.29946,0.325,8; 13; 40; 62; 25; 28; 77; 24; 79; 76
63,73,0.22018,0.86301,62; 63; 73; 22; 40; 72; 36; 25; 23; 57
28,34,0.34222,0.82353,12; 28; 34; 53; 22; 85; 76; 48; 9; 44
26,33,0.34414,0.78788,57; 26; 33; 16; 73; 19; 53; 78; 75; 12
21,64,0.29931,0.32812,28; 21; 64; 16; 10; 54; 71; 76; 63; 30
23,29,0.34443,0.7931,17; 23; 29; 21; 73; 74; 50; 16; 49; 18
14,56,0.2476,0.25,75; 14; 56; 34; 12; 7; 58; 69; 85; 48
22,63,0.30872,0.34921,71; 22; 63; 76; 83; 31; 28; 12; 65; 78
29,78,0.28142,0.37179,54; 29; 78; 14; 80; 50; 70; 17; 54; 67
44,56,0.27272,0.78571,35; 44; 56; 8; 60; 74; 50; 57; 52; 28
39,85,0.25078,0.45882,40; 39; 85; 28; 6; 72; 76; 9; 66; 82
63,77,0.21576,0.81818,53; 63; 77; 49; 12; 85; 30; 12; 67; 59
20,62,0.29985,0.32258,69; 20; 62; 28; 47; 36; 7; 48; 44; 75
24,69,0.29714,0.34783,5; 24; 69; 58; 48; 82; 11; 32; 32; 37
23,47,0.33879,0.48936,63; 23; 47; 49; 45; 56; 34; 36; 71; 63
22,76,0.27607,0.28947,65; 22; 76; 18; 72; 79; 23; 28; 34; 76
20,84,0.23771,0.2381,52; 20; 84; 49; 55; 30; 58; 52; 31; 39
28,76,0.29042,0.36842,37; 28; 76; 73; 53; 85; 50; 52; 64; 60
13,53,0.24284,0.24528,43; 13; 53; 74; 72; 63; 64; 36; 78; 64
51,61,0.26748,0.83607,28; 51; 61; 52; 79; 66; 24; 80; 82; 69
68,79,0.2083,0.86076,69; 68; 79; 12; 46; 68; 44; 81; 11; 58
5,21,0.23832,0.2381,35; 5; 21; 16; 85; 64; 11; 24; 34; 14
25,79,0.27296,0.31646,82; 25; 79; 79; 12; 32; 36; 69; 37; 64
6,7,0.17955,0.85714,84; 6; 7; 55; 36; 41; 80; 14; 69; 25
10,31,0.29011,0.32258,45; 10; 31; 59; 68; 66; 69; 23; 70; 78
47,56,0.27655,0.83929,47; 47; 56; 42; 18; 75; 15; 20; 66; 42
25,68,0.30471,0.36765,65; 25; 68; 8; 27; 41; 66; 39; 76; 36
24,74,0.28062,0.32432,79; 24; 74; 15; 75; 84; 33; 28; 9; 21
69,80,0.18315,0.8625,77; 69; 80; 64; 11; 85; 58; 55; 70; 32
30,81,0.27025,0.37037,52; 30; 81; 49; 82; 46; 65; 84; 9; 63
22,44,0.33739,0.5,55; 22; 44; 85; 81; 51; 27; 47; 52; 18
14,58,0.2359,0.24138,27; 14; 58; 64; 41; 58; 18; 23; 43; 71
15,52,0.2786,0.28846,24; 15; 52; 5; 82; 47; 10; 42; 52; 64
34,74,0.28596,0.45946,62; 34; 74; 40; 69; 19; 65; 58; 56; 28
6,7,0.18351,0.85714,27; 6; 7; 42; 18; 36; 29; 12; 22; 21
16,54,0.28585,0.2963,44; 16; 54; 67; 51; 57; 24; 72; 61; 17
34,74,0.28912,0.45946,55; 34; 74; 29; 13; 67; 41; 31; 83; 52
19,51,0.31578,0.37255,61; 19; 51; 19; 82; 81; 63; 11; 19; 85
28,57,0.3178,0.49123,7; 28; 57; 9; 73; 52; 35; 6; 54; 41
52,66,0.25154,0.78788,31; 52; 66; 11; 76; 20; 67; 65; 13; 26
9,26,0.30005,0.34615,74; 9; 26; 62; 34; 7; 30; 68; 64; 51
16,19,0.33458,0.84211,44; 16; 19; 23; 42; 12; 8; 23; 8; 18
69,82,0.19241,0.84146,81; 69; 82; 51; 67; 6; 34; 76; 10; 8
15,52,0.27836,0.28846,80; 15; 52; 76; 67; 22; 36; 74; 49; 12
48,57,0.24807,0.84211,9; 48; 57; 63; 59; 17; 75; 19; 11; 14
63,77,0.22393,0.81818,24; 63; 77; 48; 40; 63; 49; 42; 67; 16
21,73,0.2795,0.28767,23; 21; 73; 15; 29; 39; 68; 23; 73; 19
14,42,0.30349,0.33333,15; 14; 42; 72; 53; 25; 65; 45; 29; 25
12,49,0.24077,0.2449,31; 12; 49; 30; 61; 66; 19; 50; 71; 24
22,79,0.27099,0.27848,28; 22; 79; 73; 31; 82; 58; 31; 40; 71
24,65,0.30471,0.36923,24; 24; 65; 76; 59; 12; 43; 81; 65; 35
19,78,0.24511,0.24359,80; 19; 78; 49; 31; 45; 47; 41; 60; 28
29,84,0.26691,0.34524,58; 29; 84; 42; 14; 68; 67; 29; 33; 32
20,83,0.24061,0.24096,34; 20; 83; 46; 65; 12; 33; 21; 12; 67
51,64,0.25825,0.79688,33; 51; 64; 13; 77; 10; 43; 36; 40; 17
6,25,0.23533,0.24,9; 6; 25; 69; 42; 19; 22; 24; 66; 78
13,53,0.24264,0.24528,47; 13; 53; 79; 28; 50; 51; 11; 61; 51
32,40,0.3309,0.8,43; 32; 40; 59; 33; 75; 6; 44; 84; 73
28,57,0.31545,0.49123,29; 28; 57; 28; 61; 39; 76; 78; 64; 33
32,57,0.31213,0.5614,27; 32; 57; 49; 32; 84; 27; 79; 45; 10
31,37,0.33721,0.83784,51; 31; 37; 46; 8; 53; 30; 31; 24; 60
19,75,0.25114,0.25333,31; 19; 75; 19; 57; 35; 39; 28; 60; 37
25,76,0.28456,0.32895,80; 25; 76; 61; 44; 46; 34; 75; 15; 81
50,58,0.26491,0.86207,30; 50; 58; 10; 24; 39; 72; 79; 78; 53
27,73,0.29447,0.36986,63; 27; 73; 84; 36; 65; 72; 29; 54; 80
26,31,0.34486,0.83871,27; 26; 31; 57; 30; 70; 73; 21; 14; 57
27,77,0.28162,0.35065,10; 27; 77; 35; 59; 79; 67; 18; 47; 25
7,23,0.28152,0.30435,27; 7; 23; 14; 14; 7; 68; 5; 36; 67
18,75,0.238,0.24,83; 18; 75; 65; 16; 49; 78; 76; 33; 15
34,70,0.28367,0.48571,42; 34; 70; 8; 6; 58; 16; 65; 24; 70
73,85,0.18121,0.85882,9; 73; 85; 59; 59; 28; 44; 13; 32; 26
57,68,0.22637,0.83824,76; 57; 68; 50; 51; 17; 54; 82; 64; 18
33,68,0.28826,0.48529,84; 33; 68; 36; 14; 30; 78; 42; 55; 40
67,84,0.17023,0.79762,9; 67; 84; 58; 79; 78; 13; 32; 47; 60
40,80,0.2606,0.5,24; 40; 80; 6; 12; 35; 13; 79; 36; 12
15,59,0.25139,0.25424,6; 15; 59; 85; 57; 52; 16; 33; 79; 70
32,38,0.3357,0.84211,45; 32; 38; 22; 38; 36; 69; 52; 26; 37
19,59,0.29982,0.32203,26; 19; 59; 15; 25; 64; 26; 53; 13; 6
41,82,0.2356,0.5,22; 41; 82; 28; 8; 32; 56; 37; 46; 46
23,79,0.27243,0.29114,20; 23; 79; 39; 17; 26; 64; 82; 83; 37
44,79,0.20843,0.55696,66; 44; 79; 18; 51; 55; 53; 27; 58; 20
31,38,0.32993,0.81579,50; 31; 38; 63; 36; 34; 11; 15; 53; 84
13,40,0.2974,0.325,27; 13; 40; 49; 80; 48; 37; 59; 25; 63
25,83,0.25789,0.3012,32; 25; 83; 36; 67; 15; 9; 5; 29; 27
16,35,0.33292,0.45714,48; 16; 35; 39; 59; 37; 12; 11; 56; 65
23,40,0.34787,0.575,24; 23; 40; 62; 74; 78; 54; 35; 36; 80
12,24,0.32487,0.5,27; 12; 24; 46; 18; 64; 55; 69; 22; 65
67,82,0.19235,0.81707,46; 67; 82; 5; 5; 69; 47; 43; 48; 30
12,42,0.28026,0.28571,69; 12; 42; 13; 35; 7; 42; 68; 63; 34
40,72,0.24264,0.55556,30; 40; 72; 80; 46; 5; 60; 44; 67; 72
72,84,0.18945,0.85714,72; 72; 84; 79; 23; 7; 23; 66; 75; 29
66,83,0.15005,0.79518,74; 66; 83; 85; 21; 8; 69; 57; 15; 48
10,41,0.23897,0.2439,34; 10; 41; 64; 25; 83; 50; 82; 83; 11
43,50,0.28012,0.86,67; 43; 50; 81; 81; 78; 25; 36; 20; 72
11,38,0.27771,0.28947,71; 11; 38; 54; 11; 58; 39; 71; 80; 84
35,76,0.27897,0.46053,27; 35; 76; 19; 13; 35; 66; 72; 16; 23
23,81,0.26618,0.28395,55; 23; 81; 39; 23; 7; 39; 74; 82; 40
70,81,0.19705,0.8642,26; 70; 81; 35; 71; 82; 12; 22; 61; 80
36,44,0.32629,0.81818,85; 36; 44; 67; 10; 36; 49; 25; 75; 8
29,52,0.32506,0.55769,63; 29; 52; 75; 29; 49; 47; 81; 14; 60
20,57,0.31147,0.35088,83; 20; 57; 56; 15; 33; 20; 44; 19; 19
48,85,0.21059,0.56471,46; 48; 85; 69; 78; 41; 84; 38; 52; 30
17,67,0.24883,0.25373,39; 17; 67; 53; 11; 30; 52; 85; 46; 78
57,66,0.23883,0.86364,11; 57; 66; 18; 16; 24; 13; 50; 26; 60
61,74,0.21888,0.82432,85; 61; 74; 19; 63; 73; 16; 44; 64; 25
56,71,0.21882,0.78873,30; 56; 71; 9; 76; 44; 78; 82; 60; 64
20,60,0.30293,0.33333,60; 20; 60; 69; 69; 71; 18; 79; 34; 31
61,74,0.19875,0.82432,25; 61; 74; 60; 83; 40; 22; 57; 31; 66
21,65,0.29679,0.32308,39; 21; 65; 77; 35; 85; 78; 68; 11; 24
26,70,0.2991,0.37143,58; 26; 70; 40; 42; 30; 66; 68; 76; 64
20,69,0.27815,0.28986,12; 20; 69; 36; 47; 77; 37; 19; 6; 54
56,67,0.23354,0.83582,14; 56; 67; 54; 64; 80; 76; 49; 8; 39
63,79,0.20189,0.79747,55; 63; 79; 29; 7; 46; 25; 54; 61; 24
46,56,0.28362,0.82143,28; 46; 56; 58; 27; 36; 51; 66; 78; 11
11,40,0.26411,0.275,46; 11; 40; 27; 12; 18; 21; 72; 20; 47
44,56,0.28395,0.78571,38; 44; 56; 63; 17; 80; 77; 5; 32; 38
6,12,0.24812,0.5,67; 6; 12; 28; 40; 38; 14; 69; 66; 79
18,52,0.30745,0.34615,41; 18; 52; 59; 30; 82; 35; 55; 61; 48
57,68,0.23636,0.83824,32; 57; 68; 70; 12; 70; 61; 37; 19; 45
12,15,0.30938,0.8,61; 12; 15; 43; 43; 79; 34; 18; 26; 85
46,82,0.21755,0.56098,73; 46; 82; 69; 60; 72; 66; 7; 50; 51
25,67,0.29036,0.37313,68; 25; 67; 14; 42; 49; 35; 48; 41; 44
20,36,0.34304,0.55556,6; 20; 36; 57; 9; 6; 5; 57; 8; 10
59,74,0.20468,0.7973,78; 59; 74; 66; 47; 15; 12; 37; 63; 11
24,49,0.3349,0.4898,22; 24; 49; 47; 11; 61; 8; 22; 29; 46
17,71,0.24067,0.23944,27; 17; 71; 64; 6; 58; 22; 47; 31; 5
14,50,0.27437,0.28,19; 14; 50; 13; 33; 19; 24; 74; 51; 78
40,71,0.24135,0.56338,67; 40; 71; 26; 71; 51; 11; 67; 61; 34
14,47,0.28775,0.29787,8; 14; 47; 13; 62; 80; 64; 37; 15; 46
65,79,0.18953,0.82278,70; 65; 79; 34; 17; 68; 43; 84; 46; 41
64,76,0.20638,0.84211,67; 64; 76; 21; 83; 72; 7; 70; 28; 34
25,54,0.32637,0.46296,9; 25; 54; 36; 27; 51; 7; 71; 28; 21
19,24,0.34512,0.79167,29; 19; 24; 5; 60; 82; 85; 73; 79; 66
34,60,0.31641,0.56667,85; 34; 60; 26; 10; 17; 18; 51; 53; 33
25,75,0.28348,0.33333,76; 25; 75; 15; 68; 68; 60; 74; 29; 20
27,47,0.34092,0.57447,44; 27; 47; 22; 44; 14; 35; 5; 26; 33
42,49,0.29658,0.85714,39; 42; 49; 51; 36; 6; 28; 71; 62; 40
22,44,0.34009,0.5,41; 22; 44; 65; 54; 67; 56; 48; 78; 83
7,23,0.27841,0.30435,78; 7; 23; 70; 64; 58; 33; 18; 51; 75
24,76,0.28214,0.31579,60; 24; 76; 75; 54; 28; 20; 58; 30; 82
36,73,0.28293,0.49315,32; 36; 73; 42; 18; 81; 67; 21; 85; 41
22,79,0.26815,0.27848,54; 22; 79; 6; 17; 40; 51; 72; 79; 35
31,37,0.33755,0.83784,6; 31; 37; 79; 75; 61; 26; 11; 70; 45
19,68,0.27235,0.27941,25; 19; 68; 24; 29; 37; 69; 36; 73; 5
29,83,0.27178,0.3494,8; 29; 83; 68; 11; 66; 8; 43; 72; 50
16,19,0.33692,0.84211,16; 16; 19; 73; 58; 34; 18; 21; 10; 51
23,72,0.29098,0.31944,38; 23; 72; 55; 23; 29; 71; 77; 80; 16
69,82,0.19192,0.84146,14; 69; 82; 13; 24; 51; 19; 51; 73; 29
12,34,0.30294,0.35294,60; 12; 34; 13; 36; 61; 27; 66; 29; 58
65,82,0.19924,0.79268,23; 65; 82; 49; 49; 26; 8; 61; 12; 69
11,39,0.26843,0.28205,17; 11; 39; 74; 8; 65; 39; 79; 7; 75
36,45,0.31964,0.8,24; 36; 45; 83; 82; 6; 36; 30; 43; 12
16,46,0.31177,0.34783,67; 16; 46; 26; 28; 84; 40; 11; 10; 17
65,77,0.20122,0.84416,68; 65; 77; 28; 12; 6; 53; 73; 22; 52
18,36,0.33665,0.5,77; 18; 36; 68; 8; 28; 45; 26; 78; 66
37,45,0.31868,0.82222,54; 37; 45; 29; 7; 22; 46; 18; 8; 75
19,34,0.34705,0.55882,39; 19; 34; 46; 79; 61; 79; 62; 45; 41
32,65,0.29482,0.49231,56; 32; 65; 20; 79; 61; 73; 49; 37; 65
18,55,0.299,0.32727,74; 18; 55; 21; 21; 57; 43; 27; 44; 66
14,49,0.27699,0.28571,66; 14; 49; 45; 47; 17; 38; 53; 19; 41
46,80,0.24544,0.575,52; 46; 80; 66; 30; 11; 58; 49; 48; 43
13,44,0.28088,0.29545,53; 13; 44; 12; 16; 24; 34; 45; 57; 79
16,49,0.29963,0.32653,23; 16; 49; 38; 8; 14; 63; 45; 24; 18
23,83,0.25968,0.27711,26; 23; 83; 12; 83; 12; 28; 44; 36; 64
22,79,0.27588,0.27848,56; 22; 79; 69; 19; 52; 46; 20; 16; 58
8,33,0.23629,0.24242,83; 8; 33; 56; 24; 14; 54; 54; 79; 19
16,53,0.28723,0.30189,64; 16; 53; 37; 77; 64; 43; 72; 42; 41
51,62,0.26043,0.82258,8; 51; 62; 29; 19; 75; 45; 7; 83; 30
73,85,0.18841,0.85882,74; 73; 85; 34; 26; 54; 69; 16; 72; 31
25,67,0.29944,0.37313,47; 25; 67; 13; 53; 68; 41; 35; 12; 59
15,45,0.30043,0.33333,52; 15; 45; 79; 58; 50; 14; 78; 82; 61
23,66,0.30532,0.34848,65; 23; 66; 38; 57; 26; 73; 37; 77; 28
16,43,0.3141,0.37209,61; 16; 43; 85; 34; 33; 31; 60; 84; 55
5,17,0.2653,0.29412,58; 5; 17; 78; 26; 13; 61; 74; 31; 39
49,60,0.26406,0.81667,77; 49; 60; 72; 6; 7; 77; 70; 62; 83
17,57,0.28629,0.29825,76; 17; 57; 31; 26; 8; 51; 46; 75; 50
13,23,0.33652,0.56522,81; 13; 23; 83; 51; 77; 75; 14; 46; 59
20,57,0.31225,0.35088,11; 20; 57; 35; 25; 46; 74; 56; 23; 84
23,77,0.27648,0.2987,82; 23; 77; 41; 13; 76; 82; 11; 18; 64
66,84,0.18721,0.78571,46; 66; 84; 49; 58; 16; 77; 49; 56; 7
17,68,0.24945,0.25,9; 17; 68; 77; 32; 48; 70; 74; 69; 19
37,66,0.29104,0.56061,85; 37; 66; 9; 16; 28; 74; 34; 18; 13
30,60,0.31873,0.5,60; 30; 60; 11; 59; 85; 61; 16; 44; 47
13,47,0.26996,0.2766,80; 13; 47; 70; 43; 8; 52; 28; 26; 73
18,51,0.31157,0.35294,64; 18; 51; 57; 66; 24; 42; 57; 8; 74
17,58,0.28228,0.2931,78; 17; 58; 79; 35; 57; 66; 42; 8; 68
70,85,0.19371,0.82353,51; 70; 85; 34; 77; 25; 70; 10; 72; 19
38,77,0.24302,0.49351,67; 38; 77; 23; 51; 24; 47; 50; 15; 44
28,49,0.33234,0.57143,71; 28; 49; 70; 51; 46; 74; 21; 85; 26
15,19,0.33087,0.78947,20; 15; 19; 11; 33; 12; 30; 46; 25; 27
15,19,0.33347,0.78947,19; 15; 19; 45; 72; 65; 42; 83; 26; 45
63,75,0.21394,0.84,76; 63; 75; 68; 37; 71; 6; 6; 29; 56
40,80,0.23217,0.5,84; 40; 80; 17; 59; 69; 59; 11; 36; 57
63,77,0.19871,0.81818,5; 63; 77; 52; 76; 74; 31; 23; 47; 75
25,68,0.30357,0.36765,46; 25; 68; 51; 35; 72; 49; 84; 81; 79
21,84,0.24808,0.25,40; 21; 84; 5; 38; 39; 56; 5; 13; 80
23,69,0.28794,0.33333,45; 23; 69; 77; 59; 12; 27; 85; 56; 56
21,83,0.25019,0.25301,75; 21; 83; 60; 60; 14; 32; 66; 43; 6
19,41,0.33709,0.46341,68; 19; 41; 38; 49; 71; 26; 37; 43; 55
70,81,0.19817,0.8642,18; 70; 81; 59; 61; 31; 15; 25; 15; 19
8,32,0.24541,0.25,51; 8; 32; 27; 22; 36; 52; 36; 81; 48
20,70,0.2753,0.28571,57; 20; 70; 37; 24; 36; 38; 34; 66; 68
29,59,0.32019,0.49153,77; 29; 59; 68; 56; 22; 30; 39; 15; 11
63,77,0.21627,0.81818,81; 63; 77; 30; 10; 73; 34; 26; 69; 26
20,35,0.33953,0.57143,66; 20; 35; 81; 72; 71; 68; 81; 65; 57
46,81,0.23681,0.5679,64; 46; 81; 54; 12; 78; 71; 29; 27; 66
55,67,0.23927,0.8209,73; 55; 67; 20; 36; 85; 17; 66; 35; 44
32,64,0.28589,0.5,33; 32; 64; 69; 56; 33; 25; 64; 32; 50
28,61,0.31607,0.45902,84; 28; 61; 8; 23; 25; 51; 7; 85; 23
19,52,0.31376,0.36538,39; 19; 52; 75; 59; 68; 43; 17; 18; 39
5,20,0.24577,0.25,79; 5; 20; 61; 60; 82; 53; 14; 17; 27
66,83,0.20237,0.79518,59; 66; 83; 84; 32; 9; 44; 28; 61; 76
62,78,0.2094,0.79487,14; 62; 78; 60; 37; 41; 28; 77; 33; 19
28,75,0.28509,0.37333,69; 28; 75; 37; 24; 80; 36; 53; 8; 59
17,35,0.32912,0.48571,16; 17; 35; 44; 52; 7; 64; 14; 85; 17
41,52,0.29309,0.78846,41; 41; 52; 51; 8; 26; 63; 53; 31; 18
43,77,0.22916,0.55844,58; 43; 77; 78; 36; 53; 83; 42; 22; 39
23,77,0.2748,0.2987,69; 23; 77; 22; 35; 57; 76; 13; 81; 64
28,79,0.27112,0.35443,68; 28; 79; 42; 19; 67; 52; 7; 12; 50
42,85,0.23177,0.49412,52; 42; 85; 65; 22; 23; 48; 5; 68; 29
21,69,0.29135,0.30435,79; 21; 69; 8; 41; 66; 23; 27; 63; 40
20,67,0.28728,0.29851,84; 20; 67; 50; 66; 44; 74; 21; 55; 26
19,52,0.31407,0.36538,68; 19; 52; 54; 63; 23; 41; 12; 28; 65
36,64,0.28967,0.5625,19; 36; 64; 56; 57; 81; 33; 29; 82; 44
28,76,0.28751,0.36842,27; 28; 76; 48; 48; 49; 12; 41; 67; 51
18,72,0.24715,0.25,40; 18; 72; 25; 25; 50; 76; 53; 38; 6
46,82,0.25251,0.56098,14; 46; 82; 42; 42; 46; 78; 53; 51; 25
26,71,0.29911,0.3662,30; 26; 71; 19; 17; 17; 44; 8; 21; 64
11,30,0.3059,0.36667,9; 11; 30; 29; 35; 54; 77; 41; 67; 76
26,33,0.3427,0.78788,31; 26; 33; 16; 13; 80; 47; 56; 9; 35
59,74,0.21998,0.7973,78; 59; 74; 72; 51; 41; 18; 69; 69; 73
37,47,0.31986,0.78723,35; 37; 47; 78; 32; 28; 70; 67; 40; 50
64,76,0.19939,0.84211,19; 64; 76; 58; 74; 63; 61; 66; 53; 23
31,39,0.33908,0.79487,61; 31; 39; 21; 40; 32; 33; 60; 36; 76
69,84,0.18241,0.82143,11; 69; 84; 65; 36; 74; 47; 8; 67; 49
36,64,0.2893,0.5625,62; 36; 64; 42; 29; 72; 51; 24; 22; 85
66,82,0.19736,0.80488,72; 66; 82; 63; 61; 18; 5; 25; 7; 62
21,63,0.30114,0.33333,24; 21; 63; 39; 72; 35; 58; 37; 69; 28
14,49,0.28058,0.28571,10; 14; 49; 62; 25; 74; 17; 55; 15; 57
35,76,0.23284,0.46053,48; 35; 76; 72; 70; 20; 84; 10; 57; 76
20,70,0.27649,0.28571,57; 20; 70; 50; 58; 80; 61; 11; 46; 64
22,78,0.27406,0.28205,74; 22; 78; 64; 21; 18; 11; 51; 56; 64
35,63,0.30188,0.55556,85; 35; 63; 7; 45; 54; 49; 6; 24; 49
35,44,0.32313,0.79545,40; 35; 44; 79; 14; 77; 73; 35; 35; 43
27,47,0.33966,0.57447,80; 27; 47; 24; 47; 32; 43; 78; 70; 69
21,70,0.28768,0.3,65; 21; 70; 70; 80; 58; 67; 54; 70; 17
10,34,0.28026,0.29412,59; 10; 34; 49; 23; 67; 18; 15; 73; 62
26,53,0.3242,0.49057,46; 26; 53; 41; 41; 67; 43; 41; 67; 38
34,68,0.29543,0.5,85; 34; 68; 6; 82; 23; 73; 68; 46; 51
20,25,0.34836,0.8,41; 20; 25; 84; 85; 75; 69; 55; 80; 62
56,68,0.22439,0.82353,33; 56; 68; 21; 58; 34; 62; 25; 62; 43
26,82,0.2648,0.31707,40; 26; 82; 85; 44; 7; 19; 23; 76; 21
5,20,0.25829,0.25,5; 5; 20; 57; 15; 82; 70; 79; 27; 32
14,25,0.33326,0.56,84; 14; 25; 46; 31; 41; 68; 16; 41; 10
36,45,0.32328,0.8,85; 36; 45; 63; 83; 37; 79; 8; 35; 40
23,81,0.27172,0.28395,69; 23; 81; 35; 11; 55; 7; 35; 69; 63
22,75,0.28015,0.29333,83; 22; 75; 55; 38; 50; 25; 8; 45; 13
15,63,0.23644,0.2381,76; 15; 63; 53; 51; 68; 51; 77; 28; 6
7,28,0.25167,0.25,68; 7; 28; 54; 23; 43; 32; 70; 61; 28
20,36,0.3411,0.55556,78; 20; 36; 21; 22; 55; 82; 70; 6; 78
33,66,0.30006,0.5,52; 33; 66; 23; 69; 28; 19; 32; 22; 37
14,44,0.2981,0.31818,46; 14; 44; 10; 71; 38; 47; 25; 60; 54
25,72,0.28868,0.34722,5; 25; 72; 34; 39; 16; 82; 83; 21; 17
49,61,0.26407,0.80328,20; 49; 61; 15; 34; 69; 5; 59; 32; 52
39,84,0.25895,0.46429,46; 39; 84; 75; 16; 63; 80; 85; 56; 25
70,83,0.19684,0.84337,13; 70; 83; 34; 79; 12; 50; 5; 11; 75
19,58,0.30295,0.32759,72; 19; 58; 46; 33; 69; 6; 31; 76; 55
32,37,0.33246,0.86486,42; 32; 37; 25; 46; 30; 28; 84; 26; 39
11,22,0.32867,0.5,81; 11; 22; 58; 76; 80; 13; 54; 60; 20
19,58,0.30225,0.32759,9; 19; 58; 31; 78; 35; 85; 50; 32; 63
5,9,0.16003,0.55556,66; 5; 9; 59; 69; 59; 7; 22; 34; 8
23,70,0.29761,0.32857,12; 23; 70; 44; 59; 13; 44; 36; 6; 24
10,27,0.30676,0.37037,71; 10; 27; 20; 43; 31; 60; 15; 57; 75
58,69,0.21705,0.84058,49; 58; 69; 17; 60; 67; 46; 35; 8; 8
16,53,0.28966,0.30189,46; 16; 53; 38; 65; 71; 6; 76; 14; 32
9,11,0.24779,0.81818,27; 9; 11; 80; 47; 14; 33; 81; 5; 70
27,55,0.32108,0.49091,26; 27; 55; 24; 50; 11; 66; 31; 63; 27
20,81,0.24003,0.24691,37; 20; 81; 65; 77; 34; 74; 83; 43; 74
25,77,0.27253,0.32468,17; 25; 77; 83; 83; 19; 27; 64; 22; 5
21,42,0.33544,0.5,38; 21; 42; 13; 73; 15; 64; 49; 61; 5
17,58,0.28639,0.2931,63; 17; 58; 53; 8; 78; 79; 62; 10; 46
36,73,0.28088,0.49315,11; 36; 73; 66; 58; 63; 69; 17; 46; 76
26,82,0.2426,0.31707,20; 26; 82; 44; 10; 25; 10; 16; 8; 54
14,25,0.33333,0.56,61; 14; 25; 36; 60; 47; 65; 62; 42; 42
17,48,0.31383,0.35417,47; 17; 48; 33; 64; 78; 66; 75; 58; 46
13,37,0.30484,0.35135,19; 13; 37; 64; 49; 10; 35; 79; 21; 30
18,63,0.27593,0.28571,27; 18; 63; 43; 8; 41; 12; 30; 27; 27
39,80,0.25146,0.4875,53; 39; 80; 66; 15; 18; 58; 50; 69; 60
26,52,0.32778,0.5,25; 26; 52; 80; 14; 16; 80; 70; 62; 47
23,62,0.3106,0.37097,52; 23; 62; 69; 51; 12; 54; 17; 34; 31
16,57,0.27507,0.2807,68; 16; 57; 38; 36; 10; 70; 23; 62; 34
29,51,0.3304,0.56863,11; 29; 51; 20; 11; 73; 22; 68; 5; 79
15,27,0.33424,0.55556,34; 15; 27; 18; 18; 68; 73; 79; 17; 7
23,83,0.26675,0.27711,34; 23; 83; 79; 6; 62; 45; 63; 6; 60
67,82,0.19668,0.81707,6; 67; 82; 12; 10; 43; 17; 65; 5; 29
15,27,0.33669,0.55556,64; 15; 27; 10; 28; 85; 19; 48; 43; 62
30,60,0.31778,0.5,21; 30; 60; 79; 6; 28; 23; 76; 36; 9
25,77,0.26582,0.32468,42; 25; 77; 45; 33; 14; 46; 73; 58; 8
14,42,0.30315,0.33333,18; 14; 42; 37; 78; 71; 76; 66; 17; 17
25,67,0.29794,0.37313,60; 25; 67; 79; 58; 13; 37; 73; 74; 51
16,68,0.23371,0.23529,73; 16; 68; 28; 6; 39; 80; 60; 6; 13
22,39,0.33844,0.5641,46; 22; 39; 28; 18; 8; 22; 47; 37; 51
36,43,0.32177,0.83721,18; 36; 43; 14; 16; 79; 32; 13; 69; 73
56,68,0.23666,0.82353,78; 56; 68; 58; 69; 64; 34; 18; 12; 30
25,54,0.32603,0.46296,76; 25; 54; 31; 17; 79; 72; 56; 14; 37
22,75,0.2816,0.29333,30; 22; 75; 73; 51; 9; 83; 62; 45; 20
11,40,0.27021,0.275,45; 11; 40; 60; 59; 76; 47; 68; 49; 68
18,63,0.27989,0.28571,68; 18; 63; 33; 38; 55; 62; 79; 59; 14
62,78,0.2064,0.79487,30; 62; 78; 8; 62; 35; 83; 82; 84; 85
66,83,0.20501,0.79518,9; 66; 83; 64; 65; 8; 79; 36; 56; 15
38,77,0.25839,0.49351,70; 38; 77; 12; 21; 29; 73; 34; 60; 49
67,85,0.20796,0.78824,47; 67; 85; 50; 49; 75; 57; 66; 79; 29
9,30,0.28148,0.3,18; 9; 30; 33; 44; 81; 69; 40; 22; 30
49,58,0.27257,0.84483,42; 49; 58; 51; 78; 47; 53; 13; 68; 44
54,63,0.24403,0.85714,65; 54; 63; 28; 30; 23; 5; 45; 39; 84
55,70,0.24372,0.78571,48; 55; 70; 56; 21; 76; 81; 25; 13; 61
27,85,0.25202,0.31765,19; 27; 85; 37; 70; 5; 73; 8; 26; 33
15,30,0.33502,0.5,30; 15; 30; 43; 39; 36; 22; 12; 10; 24
20,71,0.27358,0.28169,82; 20; 71; 5; 66; 44; 48; 11; 78; 33
62,76,0.22024,0.81579,80; 62; 76; 58; 28; 24; 34; 50; 25; 18
48,56,0.27733,0.85714,41; 48; 56; 67; 38; 77; 14; 65; 34; 75
48,84,0.21548,0.57143,16; 48; 84; 21; 13; 41; 45; 49; 85; 6
22,60,0.31145,0.36667,57; 22; 60; 8; 35; 19; 55; 75; 5; 39
42,53,0.29976,0.79245,81; 42; 53; 44; 74; 47; 22; 50; 53; 70
24,68,0.29342,0.35294,34; 24; 68; 15; 13; 49; 46; 15; 13; 38
22,67,0.30174,0.32836,68; 22; 67; 56; 47; 27; 69; 69; 23; 50
31,37,0.32514,0.83784,13; 31; 37; 61; 56; 25; 78; 39; 9; 30
53,66,0.25403,0.80303,58; 53; 66; 57; 76; 44; 41; 75; 24; 30
25,29,0.34905,0.86207,83; 25; 29; 58; 8; 22; 21; 7; 16; 34
16,65,0.24892,0.24615,70; 16; 65; 43; 62; 37; 55; 37; 71; 51
26,82,0.27362,0.31707,9; 26; 82; 8; 16; 32; 17; 24; 62; 17
41,82,0.2448,0.5,31; 41; 82; 60; 64; 43; 13; 34; 23; 62
19,79,0.23879,0.24051,63; 19; 79; 27; 83; 74; 43; 39; 35; 6
67,85,0.19888,0.78824,76; 67; 85; 9; 33; 10; 40; 71; 45; 35
21,37,0.34486,0.56757,43; 21; 37; 10; 74; 30; 49; 73; 68; 19
12,21,0.32855,0.57143,20; 12; 21; 5; 27; 66; 47; 42; 72; 43
24,72,0.28952,0.33333,40; 24; 72; 77; 19; 54; 60; 13; 49; 63
48,57,0.28244,0.84211,57; 48; 57; 67; 81; 42; 66; 41; 82; 44
6,24,0.24415,0.25,30; 6; 24; 16; 28; 18; 27; 37; 31; 20
37,81,0.24967,0.45679,28; 37; 81; 72; 32; 74; 13; 45; 68; 80
6,19,0.28011,0.31579,15; 6; 19; 6; 66; 48; 64; 10; 44; 24
12,50,0.23711,0.24,82; 12; 50; 47; 22; 9; 39; 23; 43; 11
11,37,0.27965,0.2973,64; 11; 37; 76; 73; 68; 71; 40; 22; 44
27,47,0.33539,0.57447,45; 27; 47; 84; 20; 11; 5; 84; 55; 15
6,19,0.2834,0.31579,22; 6; 19; 64; 18; 81; 68; 26; 81; 47
22,78,0.27477,0.28205,25; 22; 78; 45; 64; 37; 67; 78; 28; 20
24,81,0.26665,0.2963,24; 24; 81; 53; 27; 22; 30; 12; 82; 80
38,45,0.31971,0.84444,45; 38; 45; 10; 77; 45; 45; 44; 55; 58
14,58,0.23828,0.24138,58; 14; 58; 79; 14; 84; 64; 28; 17; 35
18,75,0.2373,0.24,18; 18; 75; 27; 25; 70; 20; 35; 45; 83
12,26,0.32558,0.46154,18; 12; 26; 62; 47; 84; 76; 39; 14; 74
67,80,0.1999,0.8375,10; 67; 80; 22; 26; 5; 71; 29; 75; 82
25,67,0.30366,0.37313,55; 25; 67; 9; 7; 15; 28; 6; 53; 10
18,73,0.23885,0.24658,48; 18; 73; 77; 35; 47; 50; 73; 16; 57
5,9,0.16736,0.55556,22; 5; 9; 15; 81; 53; 76; 63; 55; 71
38,78,0.25573,0.48718,52; 38; 78; 80; 53; 77; 75; 22; 6; 46
23,29,0.34781,0.7931,58; 23; 29; 23; 30; 69; 49; 64; 27; 41
17,48,0.31007,0.35417,53; 17; 48; 6; 8; 53; 74; 27; 55; 73
36,43,0.31935,0.83721,33; 36; 43; 5; 34; 11; 80; 75; 51; 68
15,41,0.31625,0.36585,16; 15; 41; 44; 63; 29; 84; 32; 48; 65
10,42,0.23834,0.2381,10; 10; 42; 52; 45; 80; 6; 69; 8; 27
32,64,0.31257,0.5,9; 32; 64; 74; 12; 84; 66; 11; 77; 65
25,71,0.28854,0.35211,23; 25; 71; 45; 63; 58; 79; 43; 28; 77
18,72,0.24786,0.25,48; 18; 72; 65; 27; 12; 16; 58; 81; 73
37,74,0.27967,0.5,76; 37; 74; 61; 51; 68; 57; 77; 46; 67
44,78,0.24682,0.5641,55; 44; 78; 9; 68; 10; 53; 31; 81; 11
22,68,0.2952,0.32353,61; 22; 68; 11; 18; 15; 35; 76; 22; 41
28,57,0.31896,0.49123,16; 28; 57; 79; 45; 33; 28; 48; 60; 78
16,66,0.24467,0.24242,25; 16; 66; 76; 18; 47; 44; 61; 47; 17
15,19,0.33266,0.78947,49; 15; 19; 11; 82; 75; 46; 50; 69; 76
49,62,0.26897,0.79032,27; 49; 62; 54; 23; 71; 27; 60; 32; 64
58,73,0.22848,0.79452,7; 58; 73; 56; 57; 12; 28; 8; 17; 69
23,46,0.3301,0.5,36; 23; 46; 53; 7; 24; 67; 58; 66; 58
35,72,0.26132,0.48611,81; 35; 72; 12; 29; 68; 81; 55; 19; 5
25,68,0.3034,0.36765,9; 25; 68; 33; 25; 83; 17; 61; 22; 14
14,47,0.28738,0.29787,57; 14; 47; 81; 15; 58; 24; 70; 69; 11
37,65,0.29745,0.56923,57; 37; 65; 34; 54; 39; 60; 33; 81; 61
15,59,0.2528,0.25424,67; 15; 59; 51; 48; 60; 39; 43; 38; 72
8,34,0.23375,0.23529,41; 8; 34; 74; 19; 40; 81; 26; 65; 13
12,41,0.28332,0.29268,7; 12; 41; 37; 40; 49; 32; 75; 26; 79
27,55,0.31676,0.49091,22; 27; 55; 13; 40; 65; 17; 49; 80; 66
27,55,0.32112,0.49091,76; 27; 55; 48; 17; 79; 85; 64; 60; 24
27,78,0.28808,0.34615,67; 27; 78; 66; 27; 77; 42; 54; 83; 34
18,54,0.30448,0.33333,71; 18; 54; 69; 25; 76; 24; 44; 45; 38
15,53,0.27847,0.28302,6; 15; 53; 81; 81; 83; 6; 79; 16; 27
18,64,0.27756,0.28125,63; 18; 64; 34; 34; 29; 61; 34; 38; 79
52,66,0.25547,0.78788,68; 52; 66; 61; 31; 69; 69; 33; 12; 56
47,84,0.24157,0.55952,72; 47; 84; 69; 15; 44; 57; 31; 55; 22
8,23,0.30021,0.34783,62; 8; 23; 7; 84; 82; 49; 21; 42; 54
48,84,0.23432,0.57143,25; 48; 84; 52; 81; 12; 18; 8; 6; 79
42,50,0.30271,0.84,42; 42; 50; 30; 53; 83; 54; 83; 8; 58
21,60,0.30832,0.35,48; 21; 60; 14; 61; 35; 12; 84; 13; 24
37,43,0.31992,0.86047,82; 37; 43; 34; 51; 50; 25; 62; 14; 59
34,60,0.31239,0.56667,28; 34; 60; 36; 59; 63; 48; 41; 66; 52
45,57,0.2911,0.78947,19; 45; 57; 39; 81; 20; 71; 18; 76; 29
18,60,0.2887,0.3,31; 18; 60; 70; 32; 82; 57; 20; 27; 69
38,44,0.30794,0.86364,66; 38; 44; 21; 27; 18; 34; 37; 84; 29
54,66,0.24342,0.81818,25; 54; 66; 18; 69; 45; 9; 55; 82; 21
15,63,0.23707,0.2381,58; 15; 63; 84; 82; 11; 46; 63; 53; 38
9,28,0.29194,0.32143,40; 9; 28; 72; 28; 18; 27; 80; 57; 76
16,58,0.26595,0.27586,75; 16; 58; 71; 67; 68; 17; 43; 85; 78
25,78,0.2812,0.32051,39; 25; 78; 80; 22; 22; 47; 50; 26; 14
30,53,0.33046,0.56604,63; 30; 53; 46; 30; 63; 76; 49; 69; 40
57,66,0.2217,0.86364,58; 57; 66; 50; 79; 70; 6; 74; 37; 41
57,66,0.23659,0.86364,34; 57; 66; 72; 27; 39; 37; 72; 66; 62
18,51,0.30981,0.35294,54; 18; 51; 31; 19; 56; 63; 63; 46; 59
17,70,0.23965,0.24286,5; 17; 70; 36; 67; 24; 50; 68; 21; 80
27,77,0.28295,0.35065,34; 27; 77; 19; 28; 65; 52; 73; 28; 62
36,64,0.29927,0.5625,11; 36; 64; 41; 27; 26; 17; 39; 76; 74
16,66,0.24078,0.24242,74; 16; 66; 31; 36; 43; 19; 16; 15; 74
18,60,0.28783,0.3,70; 18; 60; 24; 52; 84; 22; 45; 61; 59
5,20,0.24364,0.25,10; 5; 20; 16; 23; 78; 36; 81; 64; 74
33,41,0.32775,0.80488,17; 33; 41; 66; 80; 76; 65; 84; 61; 20
40,70,0.26959,0.57143,52; 40; 70; 8; 44; 75; 40; 40; 33; 14
20,84,0.2423,0.2381,15; 20; 84; 66; 10; 44; 12; 43; 26; 43
19,78,0.23887,0.24359,15; 19; 78; 69; 30; 47; 56; 29; 82; 10
9,31,0.27794,0.29032,6; 9; 31; 63; 10; 41; 59; 69; 53; 6
33,59,0.31049,0.55932,38; 33; 59; 5; 81; 51; 38; 37; 21; 51
19,79,0.24491,0.24051,36; 19; 79; 58; 19; 37; 24; 39; 48; 30
10,18,0.30384,0.55556,85; 10; 18; 40; 16; 50; 11; 6; 32; 12
14,56,0.24338,0.25,28; 14; 56; 65; 44; 51; 24; 10; 61; 9
17,49,0.30914,0.34694,39; 17; 49; 44; 26; 80; 34; 49; 6; 47
18,21,0.34505,0.85714,78; 18; 21; 31; 60; 34; 12; 74; 53; 22
22,59,0.31432,0.37288,43; 22; 59; 80; 45; 11; 72; 43; 13; 65
55,64,0.24738,0.85938,8; 55; 64; 58; 78; 20; 48; 60; 73; 69
17,60,0.27299,0.28333,72; 17; 60; 78; 42; 11; 33; 79; 45; 73
30,60,0.30083,0.5,65; 30; 60; 62; 6; 49; 64; 23; 46; 38
22,60,0.31623,0.36667,80; 22; 60; 52; 27; 68; 53; 29; 58; 6
23,71,0.29486,0.32394,40; 23; 71; 42; 33; 55; 69; 76; 63; 84
11,24,0.32286,0.45833,18; 11; 24; 65; 27; 80; 80; 51; 24; 76
32,65,0.29339,0.49231,34; 32; 65; 34; 66; 21; 52; 26; 35; 22
53,65,0.25202,0.81538,20; 53; 65; 26; 53; 16; 73; 12; 23; 49
23,62,0.3146,0.37097,75; 23; 62; 63; 54; 80; 68; 52; 67; 16
21,63,0.30239,0.33333,42; 21; 63; 58; 31; 60; 34; 40; 56; 27
31,38,0.33735,0.81579,40; 31; 38; 29; 39; 28; 43; 51; 49; 78
21,84,0.25439,0.25,24; 21; 84; 27; 20; 33; 36; 78; 40; 72
43,75,0.25229,0.57333,6; 43; 75; 73; 23; 82; 74; 69; 62; 7
11,45,0.23967,0.24444,60; 11; 45; 29; 35; 42; 76; 77; 52; 71
7,20,0.29384,0.35,76; 7; 20; 76; 59; 25; 79; 64; 52; 18
19,79,0.24028,0.24051,14; 19; 79; 51; 42; 66; 65; 20; 12; 54
28,49,0.33012,0.57143,11; 28; 49; 20; 34; 80; 17; 15; 7; 69
29,79,0.28676,0.36709,42; 29; 79; 31; 35; 28; 53; 17; 5; 33
8,25,0.28906,0.32,51; 8; 25; 9; 37; 83; 34; 8; 75; 68
63,75,0.21652,0.84,45; 63; 75; 36; 56; 37; 75; 39; 10; 6
45,57,0.27723,0.78947,74; 45; 57; 67; 10; 15; 50; 54; 52; 71
59,72,0.22932,0.81944,64; 59; 72; 11; 68; 44; 39; 65; 66; 15
11,37,0.28392,0.2973,45; 11; 37; 22; 81; 60; 11; 66; 27; 31
21,46,0.33551,0.45652,78; 21; 46; 31; 56; 64; 17; 47; 81; 65
22,60,0.31662,0.36667,17; 22; 60; 73; 7; 20; 66; 25; 25; 37
60,76,0.22444,0.78947,11; 60; 76; 76; 80; 43; 68; 83; 79; 18
39,49,0.29935,0.79592,20; 39; 49; 25; 21; 21; 78; 42; 12; 37
50,63,0.26717,0.79365,52; 50; 63; 25; 70; 46; 35; 20; 84; 19
9,16,0.29429,0.5625,18; 9; 16; 20; 34; 59; 51; 35; 28; 11
24,49,0.32851,0.4898,33; 24; 49; 66; 7; 25; 17; 71; 71; 51
25,67,0.30657,0.37313,45; 25; 67; 53; 34; 29; 61; 10; 62; 38
47,57,0.27681,0.82456,60; 47; 57; 78; 54; 26; 62; 52; 31; 77
26,46,0.33871,0.56522,15; 26; 46; 22; 52; 69; 69; 81; 22; 63
20,80,0.24875,0.25,58; 20; 80; 19; 51; 74; 26; 76; 7; 20
72,84,0.19548,0.85714,15; 72; 84; 59; 28; 30; 56; 5; 9; 13
20,25,0.34339,0.8,58; 20; 25; 24; 68; 33; 37; 32; 24; 73
19,38,0.33568,0.5,53; 19; 38; 22; 15; 30; 71; 69; 37; 74
17,46,0.31425,0.36957,28; 17; 46; 51; 50; 79; 62; 7; 61; 66
11,39,0.27299,0.28205,73; 11; 39; 53; 5; 18; 66; 27; 36; 84
67,82,0.19896,0.81707,78; 67; 82; 26; 6; 37; 82; 80; 85; 5
40,81,0.23885,0.49383,16; 40; 81; 22; 7; 78; 84; 74; 62; 6
8,27,0.28057,0.2963,10; 8; 27; 24; 51; 15; 19; 22; 72; 83
34,60,0.30451,0.56667,24; 34; 60; 38; 77; 68; 78; 60; 52; 44
19,75,0.25011,0.25333,19; 19; 75; 42; 83; 6; 60; 19; 10; 9
64,80,0.20582,0.8,40; 64; 80; 79; 53; 25; 7; 79; 44; 74
52,66,0.25132,0.78788,69; 52; 66; 84; 14; 81; 63; 24; 30; 64
11,22,0.32305,0.5,49; 11; 22; 85; 75; 43; 27; 48; 64; 22
67,82,0.20333,0.81707,65; 67; 82; 79; 33; 38; 46; 82; 7; 52
41,73,0.24741,0.56164,63; 41; 73; 31; 21; 9; 80; 40; 81; 78
26,80,0.2618,0.325,52; 26; 80; 14; 9; 30; 74; 32; 62; 28
5,15,0.25132,0.33333,74; 5; 15; 56; 77; 73; 37; 19; 35; 73
10,34,0.27924,0.29412,14; 10; 34; 7; 17; 11; 19; 31; 22; 82
16,28,0.33809,0.57143,33; 16; 28; 52; 20; 35; 76; 21; 22; 50
16,58,0.26965,0.27586,74; 16; 58; 6; 62; 63; 42; 45; 35; 21
13,40,0.30003,0.325,42; 13; 40; 22; 43; 21; 8; 54; 75; 16
14,43,0.29825,0.32558,72; 14; 43; 23; 45; 61; 84; 34; 38; 7
42,74,0.27124,0.56757,50; 42; 74; 68; 30; 9; 25; 21; 14; 14
36,45,0.31685,0.8,20; 36; 45; 55; 25; 73; 65; 61; 71; 8
39,80,0.20654,0.4875,12; 39; 80; 47; 16; 62; 51; 19; 71; 22
22,69,0.28598,0.31884,36; 22; 69; 63; 67; 85; 28; 72; 25; 84
15,47,0.30106,0.31915,10; 15; 47; 51; 36; 25; 77; 47; 56; 64
11,39,0.27543,0.28205,37; 11; 39; 22; 43; 11; 12; 22; 7; 76
41,49,0.28114,0.83673,51; 41; 49; 82; 65; 13; 29; 74; 84; 13
20,83,0.24216,0.24096,77; 20; 83; 84; 65; 70; 10; 75; 32; 52
41,82,0.25305,0.5,72; 41; 82; 7; 9; 27; 14; 83; 30; 32
67,78,0.2054,0.85897,28; 67; 78; 5; 74; 48; 69; 73; 42; 64
7,25,0.26107,0.28,50; 7; 25; 65; 78; 35; 42; 43; 45; 37
37,81,0.26082,0.45679,51; 37; 81; 72; 51; 51; 73; 39; 69; 34
22,68,0.30248,0.32353,39; 22; 68; 54; 85; 31; 21; 53; 5; 16
16,50,0.29467,0.32,5; 16; 50; 82; 35; 25; 83; 75; 8; 18
13,28,0.33179,0.46429,20; 13; 28; 59; 67; 64; 51; 67; 27; 9
40,81,0.24162,0.49383,19; 40; 81; 39; 69; 71; 8; 79; 9; 57
48,85,0.20614,0.56471,18; 48; 85; 27; 84; 19; 6; 52; 79; 10
33,41,0.33022,0.80488,35; 33; 41; 44; 71; 6; 68; 9; 71; 37
26,53,0.33054,0.49057,67; 26; 53; 82; 62; 31; 53; 45; 22; 45
52,66,0.23539,0.78788,14; 52; 66; 48; 73; 72; 83; 13; 25; 54
46,82,0.23749,0.56098,75; 46; 82; 75; 22; 30; 78; 81; 75; 30
60,76,0.20773,0.78947,16; 60; 76; 10; 63; 64; 27; 21; 26; 65
41,50,0.30477,0.82,56; 41; 50; 23; 32; 40; 22; 60; 48; 31
26,70,0.30091,0.37143,20; 26; 70; 67; 25; 24; 12; 50; 56; 16
33,72,0.28522,0.45833,77; 33; 72; 7; 58; 50; 50; 36; 21; 28
65,79,0.1954,0.82278,30; 65; 79; 19; 75; 13; 50; 64; 32; 85
15,47,0.29716,0.31915,51; 15; 47; 32; 46; 74; 44; 57; 29; 69
12,15,0.30554,0.8,63; 12; 15; 75; 37; 39; 28; 76; 10; 16
26,31,0.34968,0.83871,66; 26; 31; 14; 44; 15; 75; 60; 38; 59
47,57,0.27784,0.82456,44; 47; 57; 24; 22; 75; 67; 80; 34; 35
63,77,0.2117,0.81818,82; 63; 77; 83; 39; 82; 60; 5; 39; 72
32,70,0.28351,0.45714,29; 32; 70; 52; 80; 85; 46; 79; 42; 27
19,67,0.27539,0.28358,32; 19; 67; 43; 36; 20; 57; 41; 26; 15
49,62,0.26309,0.79032,68; 49; 62; 15; 70; 69; 9; 79; 37; 11
24,28,0.34341,0.85714,63; 24; 28; 64; 42; 18; 9; 72; 64; 14
28,75,0.2811,0.37333,48; 28; 75; 84; 84; 82; 41; 9; 20; 34
62,74,0.19142,0.83784,53; 62; 74; 36; 77; 78; 79; 31; 72; 59
24,49,0.336,0.4898,40; 24; 49; 61; 30; 8; 23; 36; 26; 18
57,68,0.21529,0.83824,63; 57; 68; 27; 38; 42; 51; 46; 17; 15
20,41,0.33551,0.4878,61; 20; 41; 85; 38; 73; 8; 18; 50; 57
37,46,0.31977,0.80435,24; 37; 46; 24; 81; 24; 51; 72; 5; 34
18,21,0.33399,0.85714,56; 18; 21; 59; 22; 58; 58; 23; 34; 55
42,74,0.2701,0.56757,60; 42; 74; 53; 33; 76; 78; 28; 38; 14
67,80,0.16826,0.8375,23; 67; 80; 81; 40; 39; 56; 63; 44; 29
39,49,0.3054,0.79592,51; 39; 49; 8; 47; 64; 25; 78; 56; 63
56,67,0.22651,0.83582,41; 56; 67; 13; 59; 48; 5; 25; 20; 33
19,55,0.3077,0.34545,45; 19; 55; 24; 77; 38; 16; 45; 17; 26
20,41,0.33934,0.4878,16; 20; 41; 37; 63; 49; 18; 62; 29; 73
34,60,0.31354,0.56667,64; 34; 60; 85; 7; 79; 82; 76; 76; 85
15,27,0.33521,0.55556,80; 15; 27; 43; 8; 80; 60; 22; 13; 27
28,85,0.26021,0.32941,35; 28; 85; 38; 44; 23; 11; 27; 84; 27
18,51,0.31063,0.35294,19; 18; 51; 5; 33; 54; 11; 46; 31; 21
14,48,0.28253,0.29167,75; 14; 48; 57; 69; 49; 26; 76; 41; 36
28,49,0.32855,0.57143,60; 28; 49; 17; 39; 83; 10; 36; 16; 52
38,68,0.27852,0.55882,11; 38; 68; 35; 71; 36; 73; 20; 12; 29
25,54,0.32267,0.46296,29; 25; 54; 25; 48; 19; 72; 10; 79; 41
32,70,0.2742,0.45714,62; 32; 70; 48; 9; 21; 26; 82; 68; 45
15,45,0.30104,0.33333,69; 15; 45; 51; 28; 26; 24; 51; 13; 49
13,43,0.28786,0.30233,52; 13; 43; 59; 84; 57; 8; 26; 69; 83
32,64,0.31162,0.5,82; 32; 64; 23; 62; 5; 26; 68; 74; 68
66,84,0.18459,0.78571,44; 66; 84; 25; 62; 23; 69; 21; 25; 32
17,56,0.29053,0.30357,34; 17; 56; 14; 67; 47; 8; 85; 73; 8
35,76,0.27457,0.46053,77; 35; 76; 62; 66; 27; 80; 29; 25; 80
46,56,0.27383,0.82143,79; 46; 56; 63; 77; 30; 9; 35; 32; 14
23,65,0.30751,0.35385,59; 23; 65; 12; 39; 17; 61; 13; 65; 47
12,40,0.28343,0.3,20; 12; 40; 42; 8; 47; 77; 12; 67; 13
24,79,0.27964,0.3038,81; 24; 79; 80; 37; 70; 85; 79; 59; 59
19,58,0.30372,0.32759,59; 19; 58; 55; 34; 59; 73; 61; 83; 24
7,14,0.27403,0.5,71; 7; 14; 30; 74; 81; 12; 30; 61; 30
9,28,0.29217,0.32143,84; 9; 28; 11; 43; 15; 49; 76; 79; 5
19,79,0.23759,0.24051,52; 19; 79; 58; 31; 69; 41; 7; 66; 21
33,68,0.29645,0.48529,35; 33; 68; 5; 63; 37; 6; 45; 83; 48
19,54,0.31283,0.35185,78; 19; 54; 42; 73; 57; 33; 75; 10; 36
22,76,0.27374,0.28947,56; 22; 76; 10; 40; 49; 63; 47; 79; 68
22,28,0.34462,0.78571,68; 22; 28; 73; 83; 28; 78; 16; 7; 30
12,50,0.24062,0.24,71; 12; 50; 66; 72; 5; 47; 54; 78; 5
68,85,0.20229,0.8,73; 68; 85; 14; 20; 78; 77; 24; 49; 25
31,83,0.27452,0.37349,14; 31; 83; 46; 75; 58; 18; 28; 12; 26
35,61,0.30087,0.57377,17; 35; 61; 85; 33; 72; 79; 47; 60; 6
17,35,0.33401,0.48571,84; 17; 35; 8; 49; 83; 71; 34; 29; 37
38,82,0.25107,0.46341,84; 38; 82; 56; 39; 5; 44; 23; 68; 64
6,7,0.1647,0.85714,17; 6; 7; 71; 83; 83; 17; 70; 52; 37
36,74,0.27879,0.48649,69; 36; 74; 22; 31; 33; 12; 52; 76; 38
46,56,0.2884,0.82143,49; 46; 56; 28; 36; 28; 71; 40; 85; 76
47,57,0.27128,0.82456,33; 47; 57; 73; 85; 69; 83; 22; 36; 51
21,76,0.27008,0.27632,22; 21; 76; 79; 28; 31; 29; 48; 7; 37
30,82,0.27431,0.36585,53; 30; 82; 24; 75; 23; 24; 77; 81; 23
20,80,0.24674,0.25,44; 20; 80; 14; 35; 36; 66; 14; 55; 30
14,25,0.33707,0.56,61; 14; 25; 51; 51; 59; 77; 5; 24; 77
15,47,0.29747,0.31915,70; 15; 47; 61; 55; 17; 64; 32; 39; 17
24,68,0.30348,0.35294,11; 24; 68; 45; 62; 54; 36; 27; 28; 12
9,32,0.27098,0.28125,80; 9; 32; 6; 73; 22; 9; 15; 46; 52
22,45,0.33469,0.48889,67; 22; 45; 5; 49; 40; 38; 70; 56; 83
20,69,0.28223,0.28986,29; 20; 69; 30; 48; 78; 24; 19; 14; 56
63,75,0.2176,0.84,20; 63; 75; 23; 10; 36; 70; 10; 63; 27
45,79,0.23684,0.56962,21; 45; 79; 5; 40; 24; 62; 75; 19; 78
31,63,0.30633,0.49206,67; 31; 63; 42; 9; 76; 24; 51; 12; 11
20,63,0.29352,0.31746,37; 20; 63; 78; 53; 8; 15; 25; 37; 30
39,49,0.31164,0.79592,14; 39; 49; 77; 75; 57; 49; 47; 46; 53
33,68,0.2855,0.48529,16; 33; 68; 68; 25; 17; 61; 40; 66; 44
33,72,0.26643,0.45833,81; 33; 72; 49; 8; 7; 31; 68; 16; 43
42,74,0.2544,0.56757,82; 42; 74; 68; 53; 49; 14; 60; 72; 25
63,75,0.19458,0.84,60; 63; 75; 84; 40; 69; 25; 23; 11; 52
44,51,0.29559,0.86275,35; 44; 51; 62; 60; 60; 81; 21; 70; 50
14,17,0.32719,0.82353,75; 14; 17; 16; 80; 28; 15; 24; 70; 59
23,72,0.29046,0.31944,49; 23; 72; 11; 34; 83; 81; 38; 51; 41
50,58,0.25304,0.86207,25; 50; 58; 41; 53; 46; 47; 56; 58; 60
7,20,0.29771,0.35,55; 7; 20; 6; 44; 47; 17; 13; 54; 61
18,71,0.24923,0.25352,34; 18; 71; 43; 21; 83; 8; 71; 50; 50
31,68,0.29074,0.45588,21; 31; 68; 41; 36; 8; 26; 12; 22; 39
11,34,0.29471,0.32353,83; 11; 34; 73; 56; 36; 23; 71; 82; 57
20,83,0.24005,0.24096,65; 20; 83; 59; 33; 50; 15; 21; 18; 83
12,36,0.29354,0.33333,21; 12; 36; 62; 40; 37; 66; 82; 13; 80
25,67,0.30293,0.37313,5; 25; 67; 75; 10; 52; 6; 6; 6; 49
36,43,0.32041,0.83721,45; 36; 43; 15; 53; 82; 76; 55; 9; 5
9,38,0.23519,0.23684,72; 9; 38; 80; 75; 29; 26; 15; 49; 65
45,81,0.21127,0.55556,6; 45; 81; 32; 37; 38; 68; 44; 17; 18
19,76,0.24653,0.25,19; 19; 76; 57; 17; 8; 43; 78; 19; 19
23,71,0.29225,0.32394,60; 23; 71; 77; 6; 28; 32; 44; 35; 54
38,45,0.31703,0.84444,18; 38; 45; 50; 81; 48; 70; 30; 42; 37
20,41,0.33828,0.4878,78; 20; 41; 49; 36; 5; 52; 47; 55; 27
31,55,0.32097,0.56364,70; 31; 55; 31; 51; 73; 79; 30; 82; 17
16,28,0.3327,0.57143,69; 16; 28; 67; 39; 82; 42; 64; 58; 76
31,68,0.29835,0.45588,6; 31; 68; 19; 19; 28; 44; 71; 70; 21
17,70,0.2412,0.24286,54; 17; 70; 17; 67; 5; 10; 21; 58; 75
33,42,0.33007,0.78571,45; 33; 42; 51; 40; 10; 39; 66; 36; 14
27,84,0.25723,0.32143,55; 27; 84; 37; 18; 26; 8; 73; 11; 61
41,50,0.30488,0.82,64; 41; 50; 15; 50; 51; 45; 60; 59; 82
62,78,0.20725,0.79487,31; 62; 78; 77; 76; 19; 32; 40; 32; 85
15,63,0.23408,0.2381,38; 15; 63; 54; 51; 79; 44; 57; 81; 68
46,81,0.23926,0.5679,31; 46; 81; 17; 5; 40; 51; 15; 63; 15
29,83,0.26975,0.3494,72; 29; 83; 79; 78; 62; 57; 33; 56; 5
11,30,0.30693,0.36667,54; 11; 30; 45; 53; 17; 71; 44; 83; 26
9,31,0.27567,0.29032,80; 9; 31; 39; 73; 31; 82; 58; 6; 84
5,17,0.25879,0.29412,23; 5; 17; 11; 8; 9; 12; 66; 44; 63
27,81,0.27139,0.33333,25; 27; 81; 59; 9; 21; 24; 75; 72; 40
17,70,0.24257,0.24286,15; 17; 70; 27; 11; 14; 35; 68; 60; 72
24,52,0.32932,0.46154,6; 24; 52; 23; 61; 40; 84; 36; 68; 10
22,62,0.31399,0.35484,36; 22; 62; 7; 52; 30; 20; 8; 69; 60
21,42,0.33981,0.5,44; 21; 42; 35; 77; 51; 51; 81; 62; 19
16,54,0.28426,0.2963,32; 16; 54; 18; 85; 60; 80; 9; 14; 55
12,26,0.32644,0.46154,73; 12; 26; 44; 52; 55; 39; 72; 32; 41
21,43,0.33568,0.48837,25; 21; 43; 53; 7; 33; 23; 77; 49; 63
13,51,0.25296,0.2549,11; 13; 51; 14; 48; 7; 52; 20; 77; 64
19,65,0.28216,0.29231,72; 19; 65; 56; 16; 34; 41; 69; 79; 43
12,15,0.30341,0.8,79; 12; 15; 15; 24; 45; 38; 69; 57; 46
28,35,0.3375,0.8,56; 28; 35; 28; 47; 66; 51; 34; 46; 21
26,78,0.27533,0.33333,30; 26; 78; 60; 21; 15; 15; 45; 20; 34
17,69,0.24337,0.24638,35; 17; 69; 33; 23; 35; 47; 77; 11; 44
21,84,0.24782,0.25,25; 21; 84; 45; 10; 58; 24; 27; 42; 63
25,77,0.28089,0.32468,69; 25; 77; 61; 59; 68; 61; 68; 7; 73
36,63,0.29856,0.57143,26; 36; 63; 39; 76; 77; 11; 18; 62; 40
22,75,0.28391,0.29333,68; 22; 75; 79; 23; 66; 33; 26; 25; 36
22,66,0.30479,0.33333,70; 22; 66; 24; 7; 47; 49; 13; 15; 35
21,74,0.27693,0.28378,69; 21; 74; 46; 14; 9; 16; 37; 29; 36
9,16,0.30414,0.5625,23; 9; 16; 70; 69; 66; 63; 77; 27; 41
17,59,0.28114,0.28814,9; 17; 59; 55; 48; 22; 18; 29; 10; 65
35,61,0.27936,0.57377,38; 35; 61; 20; 32; 57; 10; 31; 37; 5
49,61,0.26359,0.80328,32; 49; 61; 45; 83; 46; 69; 76; 54; 62
49,61,0.26581,0.80328,39; 49; 61; 71; 84; 64; 14; 57; 49; 37
22,77,0.27847,0.28571,36; 22; 77; 26; 33; 31; 17; 71; 65; 31
57,68,0.2332,0.83824,46; 57; 68; 43; 53; 54; 14; 57; 23; 37
15,27,0.33478,0.55556,63; 15; 27; 71; 48; 62; 25; 48; 35; 84
14,47,0.28722,0.29787,76; 14; 47; 10; 75; 29; 71; 29; 64; 22
21,65,0.29868,0.32308,30; 21; 65; 82; 37; 30; 40; 61; 26; 32
18,52,0.30714,0.34615,17; 18; 52; 15; 12; 21; 80; 15; 42; 65
40,82,0.21925,0.4878,28; 40; 82; 32; 64; 62; 57; 39; 9; 82
18,72,0.24475,0.25,43; 18; 72; 7; 37; 11; 61; 49; 43; 59
27,33,0.3409,0.81818,51; 27; 33; 42; 37; 68; 39; 56; 62; 72
15,62,0.24231,0.24194,72; 15; 62; 11; 51; 22; 45; 21; 80; 69
24,28,0.35324,0.85714,61; 24; 28; 76; 38; 36; 14; 9; 59; 18
35,44,0.3228,0.79545,44; 35; 44; 46; 17; 11; 13; 58; 65; 6
40,50,0.30419,0.8,23; 40; 50; 22; 81; 83; 43; 26; 21; 11
36,43,0.32234,0.83721,25; 36; 43; 66; 64; 84; 47; 18; 43; 49
65,82,0.19207,0.79268,65; 65; 82; 44; 27; 23; 70; 31; 43; 49
23,47,0.33558,0.48936,82; 23; 47; 23; 70; 39; 27; 65; 75; 60
41,83,0.24617,0.49398,20; 41; 83; 40; 38; 67; 27; 20; 24; 30
38,78,0.27534,0.48718,51; 38; 78; 28; 55; 42; 82; 25; 41; 78
12,36,0.29913,0.33333,83; 12; 36; 55; 5; 79; 38; 40; 31; 5
59,74,0.23092,0.7973,79; 59; 74; 14; 10; 42; 18; 11; 34; 9
32,64,0.30366,0.5,13; 32; 64; 68; 28; 7; 50; 66; 34; 54
28,81,0.26241,0.34568,35; 28; 81; 38; 73; 61; 84; 28; 62; 28
63,79,0.20893,0.79747,63; 63; 79; 17; 55; 14; 17; 55; 41; 32
10,31,0.2907,0.32258,84; 10; 31; 34; 45; 27; 46; 68; 40; 69
37,80,0.24241,0.4625,20; 37; 80; 42; 61; 40; 57; 38; 40; 56
16,35,0.33524,0.45714,59; 16; 35; 24; 41; 41; 70; 12; 60; 5
8,28,0.27238,0.28571,15; 8; 28; 50; 28; 54; 13; 46; 24; 81
45,79,0.23249,0.56962,60; 45; 79; 58; 5; 46; 41; 62; 85; 81
24,84,0.25848,0.28571,49; 24; 84; 38; 23; 13; 70; 62; 20; 5
19,63,0.28721,0.30159,7; 19; 63; 30; 24; 32; 31; 22; 35; 80
16,66,0.24513,0.24242,28; 16; 66; 13; 39; 25; 70; 31; 37; 43
27,47,0.32003,0.57447,12; 27; 47; 70; 58; 43; 32; 26; 75; 40
50,63,0.26531,0.79365,12; 50; 63; 36; 8; 19; 68; 31; 20; 53
34,74,0.28094,0.45946,39; 34; 74; 44; 67; 30; 10; 52; 68; 81
36,72,0.25858,0.5,14; 36; 72; 26; 46; 57; 63; 80; 64; 80
69,82,0.20119,0.84146,34; 69; 82; 77; 25; 22; 67; 11; 37; 48
11,31,0.30259,0.35484,58; 11; 31; 65; 75; 68; 8; 47; 75; 45
22,28,0.34341,0.78571,11; 22; 28; 43; 63; 21; 17; 24; 20; 7
35,70,0.26048,0.5,26; 35; 70; 74; 50; 44; 71; 85; 54; 56
19,39,0.3326,0.48718,80; 19; 39; 70; 78; 12; 43; 79; 58; 68
15,53,0.27569,0.28302,54; 15; 53; 39; 59; 60; 60; 84; 73; 11
6,13,0.22904,0.46154,50; 6; 13; 32; 77; 47; 52; 18; 78; 69
14,48,0.2849,0.29167,74; 14; 48; 46; 29; 43; 24; 27; 39; 59
22,63,0.30943,0.34921,56; 22; 63; 33; 57; 35; 34; 19; 69; 37
53,65,0.25531,0.81538,44; 53; 65; 70; 21; 19; 45; 35; 28; 22
18,75,0.23954,0.24,49; 18; 75; 42; 57; 57; 85; 73; 42; 40
25,72,0.29135,0.34722,33; 25; 72; 47; 9; 10; 82; 61; 81; 60
15,50,0.28593,0.3,70; 15; 50; 49; 31; 85; 78; 63; 43; 53
17,70,0.24536,0.24286,6; 17; 70; 74; 18; 79; 23; 26; 38; 25
9,37,0.24171,0.24324,80; 9; 37; 51; 55; 21; 20; 24; 16; 38
18,64,0.27842,0.28125,57; 18; 64; 25; 73; 10; 41; 80; 51; 56
19,55,0.3084,0.34545,15; 19; 55; 59; 63; 61; 45; 53; 80; 80
16,63,0.25296,0.25397,10; 16; 63; 71; 42; 35; 12; 81; 39; 28
22,66,0.30203,0.33333,32; 22; 66; 18; 84; 48; 66; 15; 76; 40
38,78,0.26106,0.48718,17; 38; 78; 73; 5; 61; 29; 61; 81; 10
19,79,0.23917,0.24051,31; 19; 79; 62; 39; 43; 32; 8; 68; 68
38,82,0.2598,0.46341,15; 38; 82; 16; 84; 83; 10; 26; 34; 36
36,64,0.30115,0.5625,34; 36; 64; 55; 78; 16; 5; 59; 56; 43
25,44,0.33364,0.56818,69; 25; 44; 14; 33; 9; 22; 13; 10; 52
18,64,0.27304,0.28125,14; 18; 64; 54; 18; 34; 73; 24; 62; 54
19,66,0.28164,0.28788,57; 19; 66; 64; 60; 24; 50; 19; 11; 43
70,83,0.19441,0.84337,70; 70; 83; 32; 60; 33; 50; 74; 55; 53
20,80,0.24622,0.25,30; 20; 80; 37; 84; 77; 52; 74; 27; 27
7,28,0.24611,0.25,80; 7; 28; 26; 80; 79; 76; 61; 5; 29
23,69,0.29751,0.33333,31; 23; 69; 56; 36; 19; 24; 20; 23; 16
24,75,0.27119,0.32,20; 24; 75; 8; 26; 77; 50; 19; 24; 26
6,24,0.24833,0.25,57; 6; 24; 52; 71; 78; 36; 72; 60; 29
10,30,0.29892,0.33333,77; 10; 30; 73; 52; 37; 21; 48; 34; 73
60,73,0.22566,0.82192,20; 60; 73; 31; 18; 73; 82; 58; 83; 58
35,76,0.27677,0.46053,41; 35; 76; 63; 23; 36; 6; 32; 73; 14
32,70,0.26791,0.45714,54; 32; 70; 61; 41; 32; 39; 37; 13; 36
22,69,0.29486,0.31884,73; 22; 69; 33; 26; 60; 13; 50; 53; 9
20,67,0.28455,0.29851,57; 20; 67; 26; 26; 25; 44; 68; 55; 41
11,24,0.31894,0.45833,21; 11; 24; 83; 30; 49; 42; 10; 75; 76
23,83,0.26674,0.27711,80; 23; 83; 32; 62; 38; 11; 37; 18; 6
41,49,0.30463,0.83673,11; 41; 49; 71; 51; 47; 75; 27; 41; 41
7,23,0.28162,0.30435,5; 7; 23; 10; 33; 78; 26; 41; 58; 62
34,61,0.31188,0.55738,70; 34; 61; 70; 10; 48; 65; 10; 35; 77
32,56,0.31653,0.57143,33; 32; 56; 58; 40; 41; 65; 14; 44; 29
13,37,0.30769,0.35135,28; 13; 37; 65; 64; 15; 74; 59; 12; 62
23,83,0.26823,0.27711,68; 23; 83; 37; 7; 5; 9; 83; 55; 82
44,51,0.28786,0.86275,28; 44; 51; 63; 43; 36; 82; 16; 71; 42
9,36,0.24711,0.25,6; 9; 36; 67; 14; 18; 53; 64; 8; 14
9,37,0.24127,0.24324,80; 9; 37; 39; 13; 17; 28; 52; 66; 75
27,54,0.32608,0.5,36; 27; 54; 24; 23; 49; 28; 80; 8; 75
50,61,0.26001,0.81967,58; 50; 61; 19; 15; 77; 61; 25; 74; 70
14,47,0.28493,0.29787,40; 14; 47; 73; 36; 65; 19; 43; 19; 56
26,46,0.32958,0.56522,39; 26; 46; 80; 21; 23; 13; 80; 84; 58
17,72,0.23585,0.23611,33; 17; 72; 84; 32; 38; 28; 14; 73; 9
53,66,0.24984,0.80303,15; 53; 66; 34; 41; 37; 10; 67; 85; 28
17,71,0.23683,0.23944,18; 17; 71; 37; 31; 42; 65; 31; 61; 72
56,68,0.22673,0.82353,21; 56; 68; 76; 32; 27; 35; 41; 6; 37
14,48,0.28152,0.29167,27; 14; 48; 74; 76; 60; 33; 51; 27; 35
19,64,0.28189,0.29688,12; 19; 64; 11; 41; 40; 14; 37; 24; 5
13,55,0.23512,0.23636,22; 13; 55; 18; 41; 80; 24; 76; 41; 59
32,39,0.32846,0.82051,70; 32; 39; 50; 44; 63; 27; 21; 9; 50
54,68,0.24347,0.79412,16; 54; 68; 73; 48; 33; 47; 60; 54; 58
23,47,0.33671,0.48936,72; 23; 47; 58; 73; 51; 84; 68; 22; 23
7,19,0.30048,0.36842,10; 7; 19; 7; 46; 15; 37; 40; 48; 25
29,78,0.27096,0.37179,61; 29; 78; 21; 31; 42; 55; 58; 85; 26
13,46,0.27764,0.28261,67; 13; 46; 35; 65; 51; 30; 38; 32; 53
6,17,0.26289,0.35294,39; 6; 17; 84; 13; 14; 6; 31; 19; 12
58,73,0.21902,0.79452,29; 58; 73; 60; 31; 22; 48; 62; 74; 53
30,35,0.33894,0.85714,16; 30; 35; 43; 22; 20; 22; 27; 64; 54
18,22,0.34465,0.81818,75; 18; 22; 61; 21; 37; 38; 62; 55; 83
67,78,0.19469,0.85897,83; 67; 78; 79; 84; 17; 36; 26; 80; 26
22,66,0.3071,0.33333,23; 22; 66; 37; 85; 23; 35; 77; 25; 42
33,41,0.32118,0.80488,69; 33; 41; 23; 18; 50; 54; 77; 36; 36
45,55,0.28618,0.81818,41; 45; 55; 51; 9; 6; 36; 84; 79; 23
20,63,0.29733,0.31746,40; 20; 63; 35; 37; 50; 5; 38; 42; 17
39,68,0.28523,0.57353,51; 39; 68; 12; 22; 71; 15; 5; 60; 24
17,58,0.28345,0.2931,35; 17; 58; 8; 81; 82; 16; 33; 70; 52
16,63,0.25333,0.25397,10; 16; 63; 77; 69; 22; 50; 14; 39; 21
32,56,0.31685,0.57143,49; 32; 56; 18; 51; 47; 67; 72; 22; 39
15,54,0.27053,0.27778,27; 15; 54; 46; 40; 30; 16; 28; 78; 27
27,59,0.31224,0.45763,61; 27; 59; 49; 36; 85; 81; 33; 83; 67
36,73,0.26976,0.49315,67; 36; 73; 6; 6; 5; 54; 69; 12; 10
21,76,0.26777,0.27632,10; 21; 76; 63; 5; 71; 24; 27; 18; 41
35,76,0.27557,0.46053,74; 35; 76; 43; 40; 25; 37; 67; 51; 16
32,38,0.33217,0.84211,53; 32; 38; 16; 25; 85; 85; 76; 65; 24
5,10,0.19615,0.5,58; 5; 10; 60; 50; 82; 63; 35; 43; 73
8,25,0.28534,0.32,52; 8; 25; 34; 47; 78; 57; 43; 66; 14
17,49,0.30554,0.34694,58; 17; 49; 55; 10; 78; 21; 70; 19; 77
52,62,0.25862,0.83871,8; 52; 62; 53; 79; 13; 28; 28; 68; 76
45,57,0.28587,0.78947,71; 45; 57; 49; 75; 74; 85; 26; 85; 26
43,77,0.24197,0.55844,25; 43; 77; 41; 41; 26; 66; 70; 15; 62
15,47,0.29604,0.31915,10; 15; 47; 66; 44; 83; 51; 57; 27; 43
70,81,0.18223,0.8642,65; 70; 81; 57; 48; 49; 75; 28; 81; 36
36,78,0.25927,0.46154,17; 36; 78; 17; 73; 63; 60; 29; 32; 57
6,25,0.22563,0.24,6; 6; 25; 35; 73; 67; 72; 44; 48; 8
22,67,0.30097,0.32836,59; 22; 67; 7; 52; 61; 42; 33; 46; 69
33,72,0.28779,0.45833,19; 33; 72; 35; 51; 17; 35; 31; 37; 81
17,35,0.3379,0.48571,74; 17; 35; 33; 70; 8; 16; 61; 37; 48
12,40,0.28449,0.3,6; 12; 40; 58; 65; 56; 76; 45; 33; 49
25,72,0.28521,0.34722,22; 25; 72; 11; 42; 78; 82; 40; 13; 32
8,29,0.26493,0.27586,79; 8; 29; 65; 76; 24; 32; 42; 59; 31
41,72,0.26725,0.56944,48; 41; 72; 29; 83; 15; 84; 76; 18; 13
5,17,0.26572,0.29412,85; 5; 17; 21; 85; 50; 13; 74; 83; 83
10,18,0.31145,0.55556,58; 10; 18; 39; 85; 63; 22; 75; 50; 68
21,66,0.29716,0.31818,76; 21; 66; 10; 85; 44; 8; 25; 34; 28
36,44,0.31876,0.81818,15; 36; 44; 15; 25; 33; 77; 50; 39; 72
18,52,0.307,0.34615,33; 18; 52; 21; 55; 79; 7; 21; 64; 78
27,47,0.33346,0.57447,58; 27; 47; 49; 84; 42; 75; 9; 21; 22
14,49,0.279,0.28571,64; 14; 49; 84; 62; 70; 32; 77; 18; 72
46,81,0.24894,0.5679,55; 46; 81; 56; 79; 17; 13; 69; 51; 35
29,63,0.30971,0.46032,9; 29; 63; 5; 18; 41; 74; 68; 27; 69
29,58,0.31481,0.5,19; 29; 58; 81; 30; 31; 76; 72; 17; 52
57,66,0.23958,0.86364,48; 57; 66; 15; 36; 38; 73; 33; 8; 60
37,43,0.32274,0.86047,16; 37; 43; 19; 52; 69; 35; 8; 59; 58
11,46,0.23259,0.23913,67; 11; 46; 5; 74; 18; 17; 51; 38; 76
29,83,0.25849,0.3494,78; 29; 83; 56; 27; 26; 56; 21; 18; 10
25,45,0.33983,0.55556,85; 25; 45; 43; 62; 59; 59; 81; 25; 69
12,40,0.28625,0.3,45; 12; 40; 11; 52; 61; 37; 61; 5; 52
17,60,0.27715,0.28333,65; 17; 60; 31; 16; 71; 8; 31; 45; 27
58,69,0.23155,0.84058,7; 58; 69; 10; 32; 73; 39; 19; 22; 34
41,73,0.26514,0.56164,33; 41; 73; 46; 8; 35; 68; 55; 84; 52
29,58,0.31309,0.5,79; 29; 58; 77; 39; 69; 80; 53; 30; 84
19,51,0.31552,0.37255,9; 19; 51; 39; 77; 22; 43; 46; 84; 36
12,49,0.24344,0.2449,63; 12; 49; 70; 42; 66; 53; 11; 25; 65
8,14,0.28762,0.57143,66; 8; 14; 81; 72; 19; 80; 71; 37; 30
15,45,0.30126,0.33333,64; 15; 45; 74; 79; 40; 42; 59; 32; 69
21,85,0.24789,0.24706,13; 21; 85; 80; 6; 70; 67; 11; 43; 10
14,48,0.28522,0.29167,30; 14; 48; 67; 35; 46; 53; 18; 12; 65
42,53,0.30269,0.79245,43; 42; 53; 56; 26; 75; 45; 14; 34; 11
25,78,0.28758,0.32051,52; 25; 78; 16; 71; 25; 81; 53; 76; 64
48,61,0.27001,0.78689,83; 48; 61; 75; 11; 13; 20; 24; 12; 64
61,73,0.2289,0.83562,45; 61; 73; 21; 42; 22; 80; 32; 72; 12
17,52,0.3,0.32692,61; 17; 52; 68; 37; 67; 18; 74; 25; 39
25,83,0.26442,0.3012,42; 25; 83; 61; 8; 81; 10; 73; 82; 20
26,78,0.27999,0.33333,32; 26; 78; 42; 31; 49; 9; 66; 76; 62
65,79,0.21142,0.82278,41; 65; 79; 42; 84; 71; 71; 6; 65; 17
46,56,0.28627,0.82143,57; 46; 56; 38; 17; 79; 47; 57; 14; 51
26,53,0.32589,0.49057,34; 26; 53; 15; 66; 20; 52; 5; 17; 83
8,27,0.28144,0.2963,19; 8; 27; 33; 17; 57; 30; 8; 31; 34
36,72,0.27296,0.5,62; 36; 72; 28; 9; 17; 22; 13; 39; 84
17,52,0.29922,0.32692,40; 17; 52; 7; 30; 68; 65; 82; 47; 83
17,30,0.34372,0.56667,47; 17; 30; 51; 53; 9; 67; 19; 33; 41
11,34,0.29532,0.32353,18; 11; 34; 13; 55; 25; 10; 48; 12; 21
28,80,0.26894,0.35,17; 28; 80; 72; 21; 41; 29; 8; 84; 36
14,46,0.29404,0.30435,9; 14; 46; 47; 79; 77; 11; 62; 62; 46
23,28,0.34085,0.82143,69; 23; 28; 12; 58; 37; 9; 72; 22; 25
46,58,0.27799,0.7931,22; 46; 58; 36; 18; 83; 52; 12; 17; 35
26,74,0.28611,0.35135,60; 26; 74; 73; 43; 85; 55; 17; 66; 61
12,21,0.32605,0.57143,40; 12; 21; 15; 65; 49; 33; 53; 43; 58
17,57,0.29028,0.29825,67; 17; 57; 38; 77; 58; 22; 38; 38; 62
19,65,0.28326,0.29231,32; 19; 65; 11; 9; 72; 6; 17; 44; 21
27,32,0.34263,0.84375,29; 27; 32; 82; 11; 46; 60; 59; 5; 64
11,34,0.29673,0.32353,42; 11; 34; 79; 32; 17; 40; 28; 71; 69
38,45,0.31386,0.84444,68; 38; 45; 6; 68; 79; 15; 64; 12; 43
40,80,0.23897,0.5,46; 40; 80; 14; 17; 16; 68; 80; 78; 69
38,83,0.23068,0.45783,37; 38; 83; 5; 80; 11; 83; 8; 55; 85
17,52,0.2993,0.32692,66; 17; 52; 67; 72; 63; 18; 75; 26; 55
21,64,0.30391,0.32812,50; 21; 64; 14; 21; 32; 9; 49; 42; 30
22,68,0.30148,0.32353,79; 22; 68; 41; 76; 76; 68; 61; 78; 85
37,43,0.31995,0.86047,10; 37; 43; 7; 76; 10; 28; 45; 81; 73
21,83,0.25207,0.25301,77; 21; 83; 43; 51; 77; 35; 36; 32; 82
23,41,0.33973,0.56098,32; 23; 41; 27; 56; 61; 36; 21; 18; 48
27,48,0.33146,0.5625,70; 27; 48; 9; 51; 85; 6; 62; 6; 53
14,57,0.24802,0.24561,62; 14; 57; 10; 51; 76; 27; 40; 76; 51
7,24,0.26676,0.29167,38; 7; 24; 76; 82; 8; 32; 42; 31; 23
10,41,0.2428,0.2439,81; 10; 41; 58; 39; 40; 72; 71; 46; 46
43,54,0.28108,0.7963,44; 43; 54; 5; 73; 40; 36; 65; 34; 22
27,32,0.3406,0.84375,84; 27; 32; 24; 11; 16; 36; 44; 43; 13
52,65,0.25632,0.8,33; 52; 65; 42; 47; 19; 48; 14; 13; 66
19,59,0.29825,0.32203,38; 19; 59; 32; 78; 53; 62; 64; 42; 13
27,78,0.27759,0.34615,49; 27; 78; 18; 56; 74; 31; 26; 49; 15
21,69,0.28911,0.30435,26; 21; 69; 56; 27; 13; 39; 45; 76; 70
14,25,0.33364,0.56,18; 14; 25; 48; 8; 30; 29; 48; 5; 27
23,83,0.26138,0.27711,56; 23; 83; 15; 78; 83; 32; 22; 9; 28
23,76,0.27745,0.30263,5; 23; 76; 64; 21; 19; 68; 21; 40; 85
43,76,0.25203,0.56579,66; 43; 76; 45; 31; 7; 79; 32; 35; 40
21,46,0.33366,0.45652,8; 21; 46; 65; 5; 79; 26; 34; 20; 48
5,17,0.26484,0.29412,34; 5; 17; 85; 24; 9; 49; 76; 84; 71
33,66,0.29567,0.5,75; 33; 66; 44; 17; 38; 9; 71; 39; 77
18,36,0.33461,0.5,45; 18; 36; 8; 30; 24; 66; 77; 67; 77
21,84,0.25369,0.25,64; 21; 84; 74; 49; 27; 30; 55; 28; 36
29,79,0.26847,0.36709,52; 29; 79; 18; 11; 83; 11; 31; 51; 82
19,60,0.29712,0.31667,8; 19; 60; 29; 8; 11; 18; 52; 16; 26
25,44,0.33861,0.56818,59; 25; 44; 9; 85; 48; 20; 18; 79; 25
21,84,0.2492,0.25,37; 21; 84; 68; 21; 19; 28; 47; 43; 24
7,20,0.29861,0.35,33; 7; 20; 58; 9; 32; 36; 35; 25; 72
23,62,0.30994,0.37097,41; 23; 62; 76; 55; 72; 21; 42; 19; 25
21,43,0.33871,0.48837,58; 21; 43; 80; 72; 58; 15; 28; 43; 37
37,46,0.32185,0.80435,68; 37; 46; 40; 11; 78; 22; 16; 45; 40
16,35,0.32931,0.45714,20; 16; 35; 43; 80; 68; 62; 10; 37; 7
23,81,0.26855,0.28395,20; 23; 81; 55; 55; 59; 9; 46; 44; 11
66,77,0.21107,0.85714,46; 66; 77; 16; 82; 20; 36; 8; 13; 62
49,58,0.26741,0.84483,6; 49; 58; 51; 9; 22; 36; 40; 55; 78
14,56,0.24799,0.25,45; 14; 56; 52; 10; 38; 47; 65; 85; 7
18,64,0.27407,0.28125,85; 18; 64; 60; 35; 15; 55; 16; 21; 62
8,14,0.26437,0.57143,23; 8; 14; 32; 32; 61; 73; 36; 20; 20
13,53,0.24187,0.24528,22; 13; 53; 47; 51; 68; 45; 54; 50; 53
12,24,0.32418,0.5,8; 12; 24; 85; 35; 76; 47; 38; 19; 49
32,38,0.33361,0.84211,50; 32; 38; 5; 44; 45; 8; 25; 64; 63
48,85,0.24073,0.56471,82; 48; 85; 15; 25; 67; 27; 60; 31; 5
41,82,0.24556,0.5,46; 41; 82; 51; 53; 71; 39; 61; 5; 72
32,69,0.28095,0.46377,83; 32; 69; 18; 58; 84; 42; 15; 10; 9
58,69,0.2353,0.84058,30; 58; 69; 78; 12; 29; 55; 42; 29; 39
55,70,0.23772,0.78571,39; 55; 70; 21; 53; 15; 42; 61; 32; 80
40,82,0.24236,0.4878,23; 40; 82; 53; 26; 16; 70; 51; 47; 5
16,35,0.32847,0.45714,84; 16; 35; 57; 69; 5; 15; 24; 50; 79
31,37,0.33514,0.83784,72; 31; 37; 16; 40; 34; 7; 41; 74; 82
13,39,0.29983,0.33333,64; 13; 39; 83; 54; 69; 45; 22; 46; 55
25,78,0.27797,0.32051,6; 25; 78; 80; 11; 52; 79; 11; 49; 43
60,75,0.19879,0.8,47; 60; 75; 38; 17; 34; 18; 30; 30; 82
12,38,0.29168,0.31579,50; 12; 38; 14; 14; 31; 24; 83; 55; 78
36,74,0.25838,0.48649,74; 36; 74; 43; 78; 6; 36; 24; 52; 68
41,49,0.30473,0.83673,53; 41; 49; 58; 40; 6; 29; 12; 77; 8
61,71,0.20921,0.85915,21; 61; 71; 65; 53; 40; 20; 72; 25; 11
20,84,0.23671,0.2381,42; 20; 84; 58; 75; 83; 24; 51; 47; 74
48,57,0.26661,0.84211,7; 48; 57; 33; 20; 76; 68; 9; 53; 49
56,65,0.24508,0.86154,65; 56; 65; 40; 32; 48; 19; 13; 56; 75
16,48,0.30196,0.33333,30; 16; 48; 57; 16; 21; 8; 16; 42; 9
28,84,0.23995,0.33333,23; 28; 84; 61; 26; 49; 80; 66; 80; 48
57,66,0.24409,0.86364,9; 57; 66; 22; 29; 42; 81; 51; 5; 75
22,73,0.28848,0.30137,36; 22; 73; 44; 77; 19; 83; 51; 5; 82
19,34,0.3396,0.55882,65; 19; 34; 65; 5; 43; 22; 7; 61; 52
15,50,0.28806,0.3,59; 15; 50; 25; 7; 49; 26; 32; 47; 54
6,18,0.27204,0.33333,65; 6; 18; 80; 43; 5; 12; 43; 35; 16
24,43,0.34563,0.55814,24; 24; 43; 77; 30; 13; 65; 69; 14; 19
37,65,0.28869,0.56923,66; 37; 65; 67; 58; 55; 20; 51; 30; 63
38,83,0.26976,0.45783,10; 38; 83; 13; 19; 22; 59; 18; 59; 83
28,76,0.27949,0.36842,27; 28; 76; 23; 6; 44; 60; 20; 35; 82
17,37,0.33137,0.45946,65; 17; 37; 40; 17; 71; 82; 43; 9; 51
13,45,0.28001,0.28889,39; 13; 45; 32; 69; 66; 6; 80; 62; 49
31,67,0.29532,0.46269,26; 31; 67; 40; 15; 59; 6; 10; 54; 33
20,84,0.2397,0.2381,62; 20; 84; 18; 37; 64; 76; 14; 76; 40
25,51,0.32991,0.4902,67; 25; 51; 30; 50; 45; 57; 52; 34; 64
69,84,0.19223,0.82143,80; 69; 84; 12; 12; 66; 12; 11; 17; 53
20,85,0.23986,0.23529,21; 20; 85; 80; 51; 8; 21; 85; 14; 76
52,62,0.25799,0.83871,50; 52; 62; 21; 32; 37; 55; 83; 61; 19
45,81,0.22348,0.55556,76; 45; 81; 33; 47; 33; 32; 70; 13; 27
9,11,0.27941,0.81818,41; 9; 11; 5; 70; 66; 29; 81; 47; 36
9,38,0.23346,0.23684,33; 9; 38; 21; 76; 49; 74; 65; 62; 13
63,75,0.20699,0.84,37; 63; 75; 35; 50; 80; 57; 41; 76; 30
22,74,0.27605,0.2973,14; 22; 74; 32; 58; 22; 60; 54; 80; 29
35,61,0.29983,0.57377,14; 35; 61; 59; 62; 59; 76; 10; 65; 64
16,43,0.31913,0.37209,43; 16; 43; 64; 15; 51; 45; 18; 60; 27
37,80,0.25312,0.4625,79; 37; 80; 67; 25; 11; 37; 77; 62; 64
38,83,0.26123,0.45783,25; 38; 83; 19; 6; 72; 44; 25; 84; 61
14,47,0.2853,0.29787,66; 14; 47; 39; 17; 65; 70; 50; 14; 9
19,63,0.28819,0.30159,35; 19; 63; 48; 82; 30; 50; 24; 11; 64
42,74,0.26009,0.56757,65; 42; 74; 78; 50; 16; 54; 63; 6; 62
25,45,0.33955,0.55556,79; 25; 45; 25; 30; 12; 78; 9; 66; 47
16,57,0.274,0.2807,20; 16; 57; 33; 11; 39; 20; 71; 30; 67
15,63,0.23925,0.2381,53; 15; 63; 79; 49; 20; 59; 39; 68; 85
17,37,0.33185,0.45946,6; 17; 37; 16; 32; 45; 38; 84; 13; 20
20,80,0.24882,0.25,39; 20; 80; 63; 26; 18; 17; 80; 85; 14
45,56,0.28232,0.80357,62; 45; 56; 35; 52; 46; 6; 59; 70; 37
37,80,0.25355,0.4625,59; 37; 80; 14; 21; 74; 59; 62; 55; 81
47,56,0.27925,0.83929,44; 47; 56; 69; 9; 72; 48; 14; 6; 6
6,13,0.23527,0.46154,32; 6; 13; 40; 82; 60; 51; 5; 32; 66
24,52,0.33108,0.46154,78; 24; 52; 81; 56; 82; 54; 63; 62; 12
22,74,0.27917,0.2973,41; 22; 74; 13; 35; 48; 21; 14; 65; 50
48,57,0.27589,0.84211,80; 48; 57; 65; 7; 58; 19; 85; 13; 29
28,49,0.32387,0.57143,81; 28; 49; 72; 40; 5; 57; 27; 10; 15
39,69,0.26944,0.56522,56; 39; 69; 32; 23; 70; 44; 34; 35; 71
6,24,0.25218,0.25,59; 6; 24; 24; 57; 75; 7; 57; 38; 6
65,76,0.20988,0.85526,57; 65; 76; 85; 9; 50; 85; 23; 76; 46
25,50,0.33468,0.5,40; 25; 50; 55; 36; 49; 81; 30; 9; 74
9,16,0.29898,0.5625,54; 9; 16; 81; 24; 59; 29; 69; 7; 24
45,57,0.292,0.78947,65; 45; 57; 50; 33; 14; 77; 27; 47; 22
17,30,0.34089,0.56667,83; 17; 30; 33; 72; 35; 29; 54; 53; 70
56,68,0.2288,0.82353,64; 56; 68; 42; 65; 8; 13; 66; 25; 52
19,41,0.33439,0.46341,81; 19; 41; 8; 18; 28; 17; 83; 41; 61
37,65,0.29901,0.56923,30; 37; 65; 33; 5; 11; 11; 38; 24; 30
38,68,0.28299,0.55882,34; 38; 68; 41; 84; 79; 27; 51; 27; 38
18,60,0.29096,0.3,17; 18; 60; 78; 69; 23; 14; 27; 71; 69
63,79,0.19169,0.79747,18; 63; 79; 17; 39; 73; 62; 66; 42; 46
41,73,0.26318,0.56164,33; 41; 73; 29; 73; 23; 44; 32; 44; 83
42,74,0.26302,0.56757,19; 42; 74; 26; 40; 52; 45; 71; 41; 5
41,52,0.29704,0.78846,58; 41; 52; 67; 82; 69; 31; 50; 83; 52
28,79,0.27686,0.35443,11; 28; 79; 22; 73; 75; 6; 47; 29; 57
21,83,0.25064,0.25301,69; 21; 83; 26; 45; 8; 64; 71; 75; 56
59,72,0.2214,0.81944,12; 59; 72; 48; 8; 43; 7; 24; 47; 81
28,75,0.28866,0.37333,28; 28; 75; 49; 60; 74; 6; 59; 60; 57
26,71,0.291,0.3662,13; 26; 71; 71; 39; 24; 40; 13; 48; 17
22,66,0.3017,0.33333,36; 22; 66; 61; 63; 60; 32; 61; 33; 71
37,76,0.26116,0.48684,28; 37; 76; 19; 84; 84; 80; 67; 41; 64
16,54,0.28688,0.2963,22; 16; 54; 27; 43; 24; 70; 53; 10; 46
19,52,0.31498,0.36538,31; 19; 52; 34; 43; 63; 46; 70; 41; 72
9,26,0.29995,0.34615,83; 9; 26; 29; 10; 64; 83; 37; 24; 45
19,52,0.31224,0.36538,64; 19; 52; 68; 6; 80; 45; 40; 72; 70
34,43,0.32556,0.7907,19; 34; 43; 84; 6; 8; 59; 85; 66; 81
18,63,0.27987,0.28571,25; 18; 63; 51; 84; 47; 35; 64; 83; 55
15,52,0.27993,0.28846,35; 15; 52; 16; 41; 13; 35; 42; 47; 22
26,74,0.29021,0.35135,18; 26; 74; 27; 22; 33; 82; 10; 16; 60
71,85,0.19295,0.83529,16; 71; 85; 41; 25; 31; 79; 45; 75; 69
39,79,0.26722,0.49367,59; 39; 79; 64; 8; 24; 17; 32; 74; 28
28,50,0.33516,0.56,67; 28; 50; 76; 8; 81; 22; 59; 22; 79
21,72,0.27878,0.29167,23; 21; 72; 18; 12; 85; 64; 5; 17; 14
36,63,0.29381,0.57143,79; 36; 63; 19; 37; 25; 9; 13; 6; 74
5,18,0.25395,0.27778,56; 5; 18; 28; 13; 46; 55; 67; 10; 35
17,48,0.30606,0.35417,26; 17; 48; 79; 22; 60; 6; 16; 83; 49
41,49,0.30617,0.83673,47; 41; 49; 76; 26; 65; 7; 75; 7; 39
15,43,0.30491,0.34884,30; 15; 43; 49; 81; 51; 63; 54; 23; 73
27,77,0.27302,0.35065,39; 27; 77; 44; 38; 64; 47; 42; 36; 81
20,35,0.33891,0.57143,6; 20; 35; 22; 8; 30; 62; 57; 84; 24
12,24,0.32678,0.5,40; 12; 24; 67; 14; 9; 81; 62; 8; 60
23,81,0.26471,0.28395,58; 23; 81; 18; 15; 64; 47; 20; 46; 10
19,22,0.34384,0.86364,66; 19; 22; 48; 38; 38; 59; 70; 36; 72
30,61,0.31535,0.4918,11; 30; 61; 60; 82; 60; 36; 47; 75; 33
38,48,0.31693,0.79167,71; 38; 48; 77; 28; 49; 66; 35; 81; 25
18,36,0.33681,0.5,13; 18; 36; 35; 76; 55; 18; 60; 71; 34
6,17,0.27653,0.35294,21; 6; 17; 62; 60; 29; 19; 73; 61; 81
33,58,0.31702,0.56897,58; 33; 58; 64; 44; 66; 77; 83; 82; 82
21,60,0.31071,0.35,21; 21; 60; 72; 29; 46; 7; 25; 27; 81
9,31,0.2774,0.29032,51; 9; 31; 72; 60; 9; 39; 75; 28; 69
21,64,0.30158,0.32812,23; 21; 64; 14; 76; 64; 54; 27; 82; 42
48,60,0.2744,0.8,14; 48; 60; 23; 15; 7; 30; 39; 10; 54
30,82,0.27732,0.36585,81; 30; 82; 83; 14; 5; 64; 52; 61; 28
28,76,0.25114,0.36842,17; 28; 76; 81; 7; 74; 18; 16; 76; 56
51,61,0.26343,0.83607,62; 51; 61; 53; 44; 5; 49; 32; 58; 67
20,62,0.29916,0.32258,69; 20; 62; 20; 18; 77; 57; 47; 23; 70
5,21,0.23491,0.2381,73; 5; 21; 67; 19; 23; 56; 69; 59; 78
24,76,0.28242,0.31579,23; 24; 76; 35; 26; 42; 22; 22; 16; 64
17,52,0.29762,0.32692,37; 17; 52; 37; 71; 49; 13; 25; 55; 62
11,14,0.29541,0.78571,23; 11; 14; 42; 25; 57; 12; 41; 72; 18
8,32,0.24402,0.25,45; 8; 32; 9; 56; 71; 15; 23; 21; 21
22,45,0.33552,0.48889,72; 22; 45; 42; 60; 10; 67; 49; 30; 66
14,38,0.3143,0.36842,46; 14; 38; 18; 16; 16; 42; 24; 53; 76
46,58,0.2819,0.7931,37; 46; 58; 60; 43; 54; 72; 14; 19; 53
28,35,0.3424,0.8,79; 28; 35; 59; 37; 61; 30; 8; 51; 64
67,78,0.20489,0.85897,71; 67; 78; 64; 78; 57; 75; 78; 36; 79
17,37,0.33293,0.45946,68; 17; 37; 27; 79; 23; 35; 8; 11; 51
56,67,0.23566,0.83582,62; 56; 67; 48; 5; 73; 23; 24; 80; 68
64,74,0.21893,0.86486,48; 64; 74; 66; 78; 34; 53; 52; 62; 53
35,72,0.26765,0.48611,65; 35; 72; 26; 41; 66; 11; 32; 67; 78
6,21,0.26489,0.28571,59; 6; 21; 21; 13; 56; 33; 85; 83; 52
31,62,0.31378,0.5,64; 31; 62; 37; 23; 21; 51; 11; 57; 7
16,53,0.28855,0.30189,74; 16; 53; 45; 50; 65; 56; 7; 35; 83
41,83,0.19891,0.49398,8; 41; 83; 7; 84; 13; 34; 49; 22; 80
25,75,0.27987,0.33333,59; 25; 75; 53; 15; 55; 36; 61; 36; 24
20,40,0.34374,0.5,41; 20; 40; 7; 47; 69; 55; 47; 7; 12
8,28,0.26951,0.28571,80; 8; 28; 85; 61; 36; 74; 70; 37; 17
15,43,0.31278,0.34884,15; 15; 43; 51; 12; 66; 7; 78; 71; 65
24,52,0.33123,0.46154,13; 24; 52; 79; 74; 75; 47; 47; 77; 68
20,82,0.24719,0.2439,46; 20; 82; 35; 37; 27; 28; 72; 7; 78
22,80,0.26325,0.275,48; 22; 80; 16; 15; 28; 39; 48; 15; 58
26,79,0.27866,0.32911,34; 26; 79; 42; 27; 62; 36; 42; 60; 21
20,41,0.33833,0.4878,82; 20; 41; 85; 44; 68; 23; 8; 21; 36
59,74,0.209,0.7973,64; 59; 74; 39; 79; 58; 58; 26; 69; 20
41,50,0.30615,0.82,67; 41; 50; 26; 27; 75; 84; 7; 30; 56
47,57,0.25819,0.82456,58; 47; 57; 73; 33; 64; 8; 49; 76; 60
37,66,0.28896,0.56061,78; 37; 66; 53; 46; 68; 38; 22; 30; 42
46,80,0.24767,0.575,75; 46; 80; 27; 40; 53; 84; 60; 77; 13
33,67,0.29469,0.49254,63; 33; 67; 35; 54; 23; 24; 45; 29; 43
42,74,0.27096,0.56757,56; 42; 74; 42; 74; 39; 58; 42; 17; 29
51,61,0.26327,0.83607,43; 51; 61; 45; 76; 70; 82; 50; 84; 74
53,66,0.23303,0.80303,84; 53; 66; 19; 20; 65; 54; 60; 78; 67
24,43,0.34114,0.55814,83; 24; 43; 20; 57; 40; 43; 44; 57; 52
64,74,0.20909,0.86486,17; 64; 74; 40; 63; 76; 55; 77; 67; 68
32,38,0.32975,0.84211,74; 32; 38; 34; 77; 60; 59; 10; 48; 13
65,76,0.19636,0.85526,51; 65; 76; 14; 12; 63; 17; 7; 40; 40
23,79,0.27335,0.29114,50; 23; 79; 61; 67; 33; 45; 67; 84; 27
21,71,0.28652,0.29577,80; 21; 71; 18; 19; 50; 59; 18; 39; 46
24,83,0.27174,0.28916,28; 24; 83; 16; 83; 41; 15; 75; 33; 24
8,27,0.27972,0.2963,38; 8; 27; 80; 70; 40; 37; 56; 54; 46
13,23,0.33307,0.56522,32; 13; 23; 65; 41; 43; 58; 50; 26; 13
30,85,0.261,0.35294,38; 30; 85; 6; 27; 68; 70; 23; 19; 42
43,77,0.25282,0.55844,5; 43; 77; 67; 42; 82; 43; 81; 49; 40
12,42,0.27665,0.28571,43; 12; 42; 35; 84; 7; 55; 69; 75; 11
31,36,0.34225,0.86111,12; 31; 36; 85; 23; 67; 85; 50; 58; 22
11,45,0.23889,0.24444,10; 11; 45; 33; 40; 24; 52; 72; 70; 35
12,40,0.28609,0.3,40; 12; 40; 22; 20; 25; 60; 29; 39; 62
13,43,0.28866,0.30233,55; 13; 43; 41; 22; 62; 37; 52; 41; 66
15,51,0.28449,0.29412,42; 15; 51; 50; 18; 68; 61; 59; 58; 7
48,60,0.27824,0.8,59; 48; 60; 70; 78; 63; 5; 29; 74; 68
39,70,0.27539,0.55714,76; 39; 70; 47; 78; 30; 6; 56; 46; 81
24,81,0.27545,0.2963,45; 24; 81; 63; 7; 11; 55; 72; 27; 69
16,58,0.2685,0.27586,53; 16; 58; 14; 15; 44; 64; 52; 55; 40
18,36,0.3408,0.5,74; 18; 36; 6; 16; 47; 83; 9; 34; 81
64,81,0.20584,0.79012,75; 64; 81; 43; 49; 18; 43; 14; 62; 25
19,60,0.29453,0.31667,27; 19; 60; 26; 79; 80; 69; 47; 72; 52
23,46,0.33817,0.5,73; 23; 46; 62; 68; 8; 28; 9; 21; 54
22,45,0.33826,0.48889,62; 22; 45; 64; 68; 78; 77; 72; 44; 15
16,68,0.23174,0.23529,53; 16; 68; 74; 45; 36; 12; 39; 54; 45
23,80,0.26474,0.2875,9; 23; 80; 56; 37; 31; 23; 19; 56; 30
8,34,0.23551,0.23529,9; 8; 34; 50; 36; 32; 81; 58; 11; 77
21,73,0.27602,0.28767,61; 21; 73; 18; 32; 69; 41; 56; 32; 31
7,21,0.29478,0.33333,65; 7; 21; 19; 23; 72; 61; 37; 5; 38
49,61,0.24362,0.80328,37; 49; 61; 50; 14; 35; 67; 46; 44; 6
23,78,0.27788,0.29487,11; 23; 78; 10; 13; 8; 83; 81; 20; 78
48,85,0.218,0.56471,70; 48; 85; 12; 52; 33; 62; 35; 40; 62
27,73,0.28764,0.36986,79; 27; 73; 19; 23; 29; 29; 84; 6; 35
14,47,0.28784,0.29787,68; 14; 47; 13; 12; 27; 11; 39; 82; 76
20,68,0.28467,0.29412,8; 20; 68; 84; 33; 63; 70; 37; 44; 6
53,63,0.25316,0.84127,56; 53; 63; 7; 17; 5; 39; 22; 81; 30
23,29,0.34335,0.7931,63; 23; 29; 31; 39; 52; 72; 52; 10; 13
39,80,0.24156,0.4875,18; 39; 80; 6; 16; 24; 13; 49; 30; 55
18,56,0.3006,0.32143,39; 18; 56; 64; 18; 80; 20; 58; 53; 56
70,85,0.19388,0.82353,64; 70; 85; 76; 33; 42; 75; 67; 42; 6
19,58,0.30473,0.32759,54; 19; 58; 16; 70; 62; 34; 53; 82; 52
67,78,0.19865,0.85897,32; 67; 78; 31; 46; 38; 60; 40; 33; 75
36,45,0.32493,0.8,28; 36; 45; 43; 48; 56; 61; 57; 8; 34
17,53,0.30059,0.32075,29; 17; 53; 19; 75; 31; 40; 61; 58; 66
70,85,0.19466,0.82353,84; 70; 85; 43; 75; 21; 22; 62; 33; 11
23,65,0.30637,0.35385,34; 23; 65; 15; 16; 73; 84; 30; 40; 55
22,39,0.34434,0.5641,43; 22; 39; 77; 26; 44; 52; 28; 22; 71
13,23,0.3325,0.56522,83; 13; 23; 9; 82; 23; 77; 40; 59; 78
59,72,0.22206,0.81944,8; 59; 72; 27; 76; 72; 33; 25; 33; 9
61,76,0.20682,0.80263,65; 61; 76; 84; 65; 71; 43; 15; 16; 19
33,72,0.27138,0.45833,16; 33; 72; 7; 14; 52; 18; 83; 6; 78
9,38,0.23641,0.23684,38; 9; 38; 50; 44; 29; 22; 15; 54; 84
26,56,0.31994,0.46429,18; 26; 56; 80; 63; 52; 23; 7; 45; 81
56,67,0.21249,0.83582,76; 56; 67; 34; 74; 45; 18; 67; 35; 81
24,30,0.35015,0.8,78; 24; 30; 32; 46; 5; 52; 7; 50; 73
38,82,0.2485,0.46341,37; 38; 82; 24; 16; 6; 43; 48; 30; 49
16,66,0.24271,0.24242,71; 16; 66; 36; 15; 11; 68; 62; 84; 39
17,67,0.25011,0.25373,61; 17; 67; 45; 70; 65; 17; 69; 32; 49
24,30,0.35022,0.8,83; 24; 30; 13; 6; 42; 64; 55; 53; 41
15,62,0.23905,0.24194,33; 15; 62; 44; 12; 52; 33; 75; 23; 44
26,56,0.3267,0.46429,20; 26; 56; 51; 20; 33; 48; 20; 24; 61
16,20,0.33857,0.8,50; 16; 20; 64; 73; 71; 46; 75; 62; 20
11,39,0.2739,0.28205,24; 11; 39; 60; 33; 73; 72; 7; 43; 83
14,57,0.24207,0.24561,45; 14; 57; 10; 65; 31; 30; 56; 62; 66
27,34,0.34086,0.79412,33; 27; 34; 6; 38; 74; 16; 69; 83; 66
18,39,0.33274,0.46154,40; 18; 39; 61; 55; 58; 47; 35; 36; 60
20,82,0.24229,0.2439,46; 20; 82; 75; 69; 55; 64; 26; 16; 68
6,12,0.22574,0.5,14; 6; 12; 47; 85; 53; 54; 17; 55; 5
25,79,0.26998,0.31646,24; 25; 79; 42; 6; 46; 31; 73; 62; 51
23,41,0.34173,0.56098,14; 23; 41; 75; 5; 58; 68; 22; 64; 76
7,28,0.24728,0.25,21; 7; 28; 25; 15; 21; 85; 15; 81; 49
26,70,0.29694,0.37143,30; 26; 70; 10; 75; 77; 31; 66; 6; 64
7,20,0.29257,0.35,20; 7; 20; 27; 67; 67; 39; 43; 56; 53
18,71,0.25078,0.25352,70; 18; 71; 72; 6; 65; 12; 15; 24; 42
60,76,0.2263,0.78947,5; 60; 76; 84; 10; 67; 12; 33; 75; 10
26,82,0.26901,0.31707,29; 26; 82; 78; 58; 32; 46; 64; 56; 62
21,83,0.24512,0.25301,78; 21; 83; 68; 54; 35; 12; 9; 58; 51
18,21,0.34503,0.85714,48; 18; 21; 29; 42; 80; 42; 16; 18; 24
20,71,0.27206,0.28169,44; 20; 71; 48; 27; 76; 51; 24; 27; 64
23,76,0.28301,0.30263,73; 23; 76; 29; 18; 72; 23; 33; 59; 62
55,69,0.24091,0.7971,76; 55; 69; 61; 51; 68; 40; 66; 66; 54
22,44,0.33872,0.5,41; 22; 44; 26; 74; 48; 31; 25; 9; 72
18,36,0.3353,0.5,40; 18; 36; 56; 30; 32; 12; 55; 83; 5
21,72,0.28378,0.29167,9; 21; 72; 11; 56; 6; 32; 6; 69; 54
26,80,0.27849,0.325,17; 26; 80; 28; 33; 37; 39; 33; 47; 57
42,85,0.24844,0.49412,66; 42; 85; 54; 35; 34; 24; 44; 80; 52
5,18,0.24793,0.27778,35; 5; 18; 61; 8; 72; 81; 13; 11; 19
13,23,0.33586,0.56522,17; 13; 23; 24; 66; 54; 69; 79; 57; 39
20,81,0.24563,0.24691,26; 20; 81; 22; 73; 69; 58; 50; 30; 22
10,30,0.29401,0.33333,59; 10; 30; 68; 29; 38; 78; 59; 28; 72
31,36,0.34036,0.86111,17; 31; 36; 70; 26; 21; 79; 28; 8; 60
23,78,0.27447,0.29487,55; 23; 78; 67; 58; 52; 75; 43; 18; 37
13,46,0.27744,0.28261,56; 13; 46; 40; 53; 41; 12; 19; 50; 29
57,71,0.22829,0.80282,10; 57; 71; 60; 24; 16; 63; 48; 85; 53
60,70,0.21669,0.85714,55; 60; 70; 56; 80; 16; 68; 21; 36; 57
25,71,0.29549,0.35211,32; 25; 71; 78; 17; 28; 8; 7; 11; 83
61,76,0.20627,0.80263,71; 61; 76; 73; 55; 5; 41; 65; 33; 85
16,46,0.30867,0.34783,46; 16; 46; 57; 75; 71; 55; 60; 41; 26
24,79,0.27509,0.3038,43; 24; 79; 48; 41; 10; 55; 41; 14; 15
66,82,0.19846,0.80488,11; 66; 82; 71; 14; 50; 34; 33; 14; 21
32,65,0.29738,0.49231,43; 32; 65; 37; 9; 25; 82; 61; 23; 85
19,59,0.3004,0.32203,48; 19; 59; 33; 23; 61; 28; 34; 32; 67
49,57,0.25969,0.85965,20; 49; 57; 52; 38; 70; 32; 59; 52; 19
28,35,0.34064,0.8,76; 28; 35; 44; 68; 50; 14; 15; 51; 20
24,73,0.28284,0.32877,11; 24; 73; 35; 53; 35; 64; 48; 15; 61
17,57,0.28761,0.29825,71; 17; 57; 82; 44; 31; 58; 42; 17; 68
21,25,0.34706,0.84,6; 21; 25; 5; 15; 62; 42; 60; 36; 73
20,54,0.31694,0.37037,19; 20; 54; 26; 33; 27; 78; 20; 35; 52
8,27,0.27594,0.2963,27; 8; 27; 49; 37; 19; 19; 84; 72; 38
19,67,0.27344,0.28358,59; 19; 67; 40; 39; 11; 85; 71; 19; 61
11,22,0.32163,0.5,11; 11; 22; 18; 15; 30; 6; 33; 18; 37
19,51,0.31502,0.37255,59; 19; 51; 72; 78; 46; 18; 27; 48; 16
39,49,0.3129,0.79592,59; 39; 49; 41; 68; 6; 25; 43; 53; 23
27,82,0.26818,0.32927,35; 27; 82; 54; 74; 18; 46; 7; 38; 33
33,59,0.30663,0.55932,19; 33; 59; 24; 73; 47; 34; 52; 84; 16
9,31,0.27943,0.29032,59; 9; 31; 15; 67; 76; 70; 43; 30; 44
9,37,0.23935,0.24324,20; 9; 37; 16; 60; 50; 44; 54; 30; 67
55,64,0.24872,0.85938,18; 55; 64; 54; 9; 23; 15; 18; 56; 51
25,68,0.3023,0.36765,20; 25; 68; 22; 27; 28; 51; 21; 77; 17
25,45,0.3399,0.55556,73; 25; 45; 32; 27; 44; 81; 77; 58; 44
8,14,0.28704,0.57143,71; 8; 14; 24; 64; 84; 57; 18; 22; 55
19,54,0.30989,0.35185,71; 19; 54; 29; 54; 20; 57; 44; 83; 63
56,65,0.24334,0.86154,64; 56; 65; 85; 84; 70; 41; 83; 20; 26
26,74,0.28583,0.35135,23; 26; 74; 70; 36; 26; 79; 55; 35; 13
22,73,0.28317,0.30137,85; 22; 73; 66; 43; 27; 31; 57; 33; 19
36,64,0.27248,0.5625,64; 36; 64; 76; 11; 82; 31; 51; 10; 84
47,83,0.22058,0.56627,16; 47; 83; 18; 83; 11; 15; 39; 63; 79
31,68,0.30488,0.45588,28; 31; 68; 30; 48; 20; 60; 6; 54; 40
40,71,0.23058,0.56338,78; 40; 71; 63; 28; 57; 51; 38; 25; 11
36,72,0.27474,0.5,26; 36; 72; 40; 28; 28; 57; 77; 41; 30
17,49,0.30868,0.34694,38; 17; 49; 63; 67; 17; 43; 47; 76; 69
18,55,0.30287,0.32727,78; 18; 55; 62; 7; 72; 44; 40; 57; 61
16,50,0.29764,0.32,7; 16; 50; 15; 57; 45; 16; 46; 45; 56
59,69,0.22126,0.85507,71; 59; 69; 23; 43; 15; 25; 22; 70; 71
11,30,0.30855,0.36667,65; 11; 30; 6; 57; 80; 68; 81; 30; 31
16,66,0.23853,0.24242,71; 16; 66; 67; 23; 76; 22; 18; 19; 75
7,25,0.26837,0.28,68; 7; 25; 72; 23; 27; 54; 82; 7; 52
35,62,0.30024,0.56452,9; 35; 62; 56; 32; 38; 76; 51; 7; 18
62,78,0.21609,0.79487,21; 62; 78; 14; 39; 79; 57; 77; 49; 24
51,62,0.25858,0.82258,36; 51; 62; 12; 68; 10; 9; 65; 44; 32
20,60,0.30688,0.33333,85; 20; 60; 33; 36; 14; 25; 58; 73; 14
44,56,0.26291,0.78571,68; 44; 56; 55; 11; 31; 62; 62; 64; 15
6,17,0.27169,0.35294,5; 6; 17; 61; 43; 6; 32; 57; 60; 40
23,70,0.29342,0.32857,52; 23; 70; 34; 77; 58; 57; 81; 48; 64
14,48,0.28175,0.29167,70; 14; 48; 65; 10; 73; 14; 16; 17; 48
32,65,0.29945,0.49231,85; 32; 65; 14; 52; 77; 28; 55; 37; 35
10,36,0.26448,0.27778,74; 10; 36; 44; 19; 44; 59; 44; 62; 46
21,69,0.28992,0.30435,35; 21; 69; 34; 65; 85; 72; 44; 39; 39
17,58,0.28678,0.2931,26; 17; 58; 17; 83; 84; 75; 44; 25; 28
10,41,0.24243,0.2439,28; 10; 41; 69; 61; 56; 10; 82; 43; 27
49,60,0.26015,0.81667,81; 49; 60; 23; 38; 30; 60; 23; 49; 80
46,56,0.29268,0.82143,26; 46; 56; 52; 18; 75; 8; 63; 78; 82
39,84,0.24193,0.46429,76; 39; 84; 6; 39; 28; 45; 36; 17; 80
52,62,0.26136,0.83871,31; 52; 62; 5; 27; 37; 49; 76; 55; 10
22,60,0.31293,0.36667,56; 22; 60; 67; 77; 26; 27; 9; 35; 12
19,67,0.27496,0.28358,79; 19; 67; 64; 78; 83; 26; 9; 9; 53
62,74,0.21521,0.83784,72; 62; 74; 39; 73; 15; 9; 46; 8; 66
5,17,0.24851,0.29412,63; 5; 17; 74; 24; 83; 56; 39; 11; 77
30,65,0.3133,0.46154,68; 30; 65; 13; 13; 32; 75; 58; 25; 20
16,67,0.23786,0.23881,7; 16; 67; 25; 64; 44; 29; 7; 9; 82
17,60,0.27541,0.28333,77; 17; 60; 36; 81; 28; 39; 57; 9; 40
69,84,0.19739,0.82143,12; 69; 84; 34; 19; 39; 31; 33; 83; 78
20,57,0.31431,0.35088,19; 20; 57; 77; 44; 75; 29; 28; 29; 72
49,62,0.25268,0.79032,67; 49; 62; 15; 21; 8; 10; 28; 57; 53
24,81,0.26838,0.2963,8; 24; 81; 52; 38; 81; 42; 82; 36; 5
10,20,0.32008,0.5,83; 10; 20; 10; 68; 22; 53; 60; 6; 40
16,20,0.33889,0.8,63; 16; 20; 20; 15; 83; 32; 76; 31; 39
5,9,0.19599,0.55556,58; 5; 9; 29; 31; 48; 12; 26; 71; 33
16,49,0.29954,0.32653,42; 16; 49; 71; 52; 85; 28; 5; 70; 52
21,83,0.25333,0.25301,61; 21; 83; 18; 28; 72; 33; 49; 57; 67
26,80,0.2767,0.325,77; 26; 80; 68; 57; 30; 16; 27; 19; 53
22,59,0.31792,0.37288,85; 22; 59; 45; 61; 78; 73; 52; 51; 82
37,80,0.26245,0.4625,19; 37; 80; 12; 7; 66; 7; 64; 17; 7
19,69,0.27031,0.27536,11; 19; 69; 62; 34; 34; 49; 77; 7; 44
14,55,0.24773,0.25455,80; 14; 55; 85; 54; 10; 56; 5; 75; 76
15,50,0.28977,0.3,7; 15; 50; 44; 30; 18; 15; 71; 27; 28
16,54,0.28747,0.2963,46; 16; 54; 45; 54; 25; 62; 20; 51; 15
23,82,0.26521,0.28049,64; 23; 82; 79; 57; 76; 61; 5; 12; 9
19,78,0.24354,0.24359,72; 19; 78; 30; 66; 70; 79; 28; 54; 71
44,78,0.24233,0.5641,41; 44; 78; 22; 74; 15; 77; 84; 5; 83
13,39,0.30191,0.33333,21; 13; 39; 76; 29; 82; 13; 42; 20; 70
44,77,0.24439,0.57143,28; 44; 77; 82; 40; 42; 60; 65; 41; 45
5,18,0.26333,0.27778,68; 5; 18; 32; 71; 17; 16; 32; 21; 12
17,34,0.33461,0.5,46; 17; 34; 76; 83; 52; 7; 78; 56; 27
15,45,0.30323,0.33333,6; 15; 45; 75; 19; 46; 66; 37; 41; 68
39,49,0.31097,0.79592,60; 39; 49; 5; 57; 45; 41; 29; 43; 11
11,39,0.26937,0.28205,43; 11; 39; 67; 48; 16; 38; 80; 77; 78
6,18,0.28149,0.33333,56; 6; 18; 46; 70; 73; 45; 8; 54; 51
36,43,0.32276,0.83721,42; 36; 43; 70; 67; 47; 32; 31; 21; 13
32,37,0.32963,0.86486,55; 32; 37; 7; 20; 66; 80; 75; 31; 72
9,32,0.27133,0.28125,81; 9; 32; 81; 62; 82; 77; 40; 38; 83
34,43,0.30538,0.7907,8; 34; 43; 82; 83; 64; 48; 50; 80; 28
27,54,0.32841,0.5,63; 27; 54; 40; 23; 56; 84; 79; 26; 6
45,55,0.28202,0.81818,28; 45; 55; 39; 63; 61; 83; 58; 78; 9
70,85,0.17934,0.82353,37; 70; 85; 5; 37; 69; 78; 24; 59; 50
62,74,0.20881,0.83784,44; 62; 74; 32; 53; 60; 82; 75; 57; 66
11,46,0.23746,0.23913,9; 11; 46; 22; 57; 17; 64; 27; 27; 31
68,85,0.17406,0.8,12; 68; 85; 46; 82; 47; 14; 21; 20; 16
10,40,0.24561,0.25,66; 10; 40; 79; 61; 85; 10; 33; 15; 79
35,44,0.31798,0.79545,80; 35; 44; 69; 10; 24; 14; 21; 41; 76
8,29,0.27076,0.27586,31; 8; 29; 63; 12; 75; 63; 70; 24; 76
39,80,0.25262,0.4875,78; 39; 80; 65; 74; 36; 17; 60; 20; 74
38,48,0.31174,0.79167,35; 38; 48; 75; 27; 14; 53; 73; 7; 48
19,64,0.28583,0.29688,72; 19; 64; 67; 21; 82; 24; 85; 43; 13
66,84,0.16912,0.78571,9; 66; 84; 42; 48; 34; 68; 26; 67; 79
19,77,0.24746,0.24675,64; 19; 77; 26; 63; 23; 36; 6; 64; 66
10,27,0.301,0.37037,72; 10; 27; 38; 47; 18; 65; 76; 57; 30
18,52,0.31226,0.34615,77; 18; 52; 75; 13; 14; 43; 32; 32; 5
27,77,0.28191,0.35065,42; 27; 77; 5; 7; 43; 63; 75; 52; 22
10,35,0.27464,0.28571,8; 10; 35; 30; 13; 40; 58; 10; 55; 17
56,68,0.23683,0.82353,63; 56; 68; 37; 59; 50; 45; 42; 65; 35
28,81,0.26938,0.34568,51; 28; 81; 80; 75; 29; 19; 50; 58; 70
31,55,0.32125,0.56364,19; 31; 55; 84; 48; 47; 25; 40; 68; 30
60,73,0.20642,0.82192,79; 60; 73; 57; 71; 20; 29; 85; 36; 40
16,65,0.24519,0.24615,63; 16; 65; 48; 82; 64; 65; 27; 12; 44
62,76,0.21362,0.81579,27; 62; 76; 27; 58; 67; 61; 23; 11; 23
27,59,0.31644,0.45763,63; 27; 59; 62; 74; 29; 66; 56; 44; 42
26,71,0.2937,0.3662,62; 26; 71; 39; 50; 67; 7; 84; 35; 30
22,78,0.27032,0.28205,64; 22; 78; 18; 8; 82; 73; 16; 21; 11
17,53,0.30098,0.32075,38; 17; 53; 42; 66; 63; 44; 58; 27; 40
21,66,0.29765,0.31818,71; 21; 66; 47; 51; 14; 77; 26; 19; 7
50,58,0.23426,0.86207,73; 50; 58; 25; 45; 33; 44; 51; 71; 44
19,55,0.30631,0.34545,46; 19; 55; 84; 11; 12; 67; 63; 72; 54
20,62,0.29833,0.32258,34; 20; 62; 68; 58; 72; 37; 20; 84; 5
30,65,0.29934,0.46154,31; 30; 65; 53; 81; 55; 32; 56; 35; 42
42,74,0.25033,0.56757,79; 42; 74; 81; 59; 61; 50; 28; 70; 78
41,72,0.26377,0.56944,16; 41; 72; 64; 64; 33; 42; 69; 45; 57
12,38,0.29493,0.31579,46; 12; 38; 15; 66; 26; 57; 43; 34; 22
11,22,0.3183,0.5,14; 11; 22; 26; 74; 43; 24; 71; 54; 43
12,40,0.28342,0.3,82; 12; 40; 5; 55; 11; 35; 57; 56; 64
23,76,0.28002,0.30263,54; 23; 76; 5; 25; 82; 37; 73; 70; 47
32,40,0.33053,0.8,30; 32; 40; 5; 44; 71; 75; 83; 57; 21
59,72,0.22457,0.81944,85; 59; 72; 7; 35; 63; 39; 85; 61; 13
45,80,0.24526,0.5625,24; 45; 80; 64; 42; 31; 34; 65; 76; 57
44,55,0.2852,0.8,70; 44; 55; 46; 61; 77; 16; 44; 48; 73
19,60,0.29886,0.31667,26; 19; 60; 81; 71; 54; 79; 39; 36; 57
30,82,0.26948,0.36585,50; 30; 82; 77; 82; 13; 40; 9; 32; 15
19,79,0.24271,0.24051,60; 19; 79; 72; 75; 47; 44; 51; 74; 83
19,65,0.28041,0.29231,70; 19; 65; 16; 50; 38; 50; 28; 64; 49
43,51,0.27026,0.84314,54; 43; 51; 52; 39; 7; 7; 77; 65; 25
13,35,0.30769,0.37143,28; 13; 35; 24; 28; 53; 24; 39; 21; 11
19,34,0.34123,0.55882,36; 19; 34; 73; 30; 45; 53; 72; 29; 47
42,50,0.26997,0.84,15; 42; 50; 32; 83; 18; 68; 70; 31; 68
17,57,0.28681,0.29825,12; 17; 57; 36; 72; 44; 33; 75; 57; 61
18,55,0.3035,0.32727,20; 18; 55; 45; 17; 12; 13; 61; 8; 65
67,80,0.20127,0.8375,42; 67; 80; 75; 81; 84; 54; 37; 46; 77
59,74,0.20306,0.7973,55; 59; 74; 34; 51; 23; 13; 82; 18; 62
27,34,0.3406,0.79412,25; 27; 34; 49; 76; 12; 58; 71; 9; 61
31,54,0.32478,0.57407,9; 31; 54; 38; 37; 79; 51; 6; 53; 32
66,82,0.20901,0.80488,10; 66; 82; 38; 27; 84; 12; 71; 18; 45
36,72,0.2771,0.5,27; 36; 72; 60; 8; 85; 61; 40; 60; 19
22,59,0.31465,0.37288,67; 22; 59; 45; 70; 19; 64; 16; 48; 47
28,81,0.27581,0.34568,32; 28; 81; 80; 48; 72; 37; 49; 37; 67
61,73,0.22787,0.83562,74; 61; 73; 51; 73; 83; 46; 53; 65; 84
18,71,0.25138,0.25352,59; 18; 71; 77; 74; 29; 22; 24; 36; 40
22,60,0.31334,0.36667,45; 22; 60; 84; 31; 48; 20; 32; 33; 22
22,76,0.27534,0.28947,22; 22; 76; 59; 31; 44; 47; 83; 15; 44
10,40,0.24695,0.25,13; 10; 40; 70; 65; 74; 39; 48; 7; 54
65,82,0.20853,0.79268,40; 65; 82; 14; 32; 45; 5; 78; 12; 31
27,84,0.25199,0.32143,36; 27; 84; 52; 48; 65; 21; 50; 30; 19
19,76,0.24533,0.25,29; 19; 76; 67; 41; 30; 12; 38; 18; 8
24,84,0.25728,0.28571,60; 24; 84; 27; 50; 32; 57; 34; 35; 7
60,70,0.21623,0.85714,8; 60; 70; 5; 72; 38; 60; 38; 32; 20
66,84,0.20481,0.78571,74; 66; 84; 51; 29; 79; 62; 83; 56; 65
25,50,0.33091,0.5,47; 25; 50; 84; 68; 16; 55; 16; 35; 10
27,77,0.2775,0.35065,37; 27; 77; 66; 8; 85; 6; 21; 26; 20
8,28,0.27228,0.28571,8; 8; 28; 8; 36; 21; 62; 64; 27; 55
21,74,0.27616,0.28378,69; 21; 74; 56; 59; 79; 47; 42; 41; 5
20,82,0.24469,0.2439,51; 20; 82; 42; 19; 42; 28; 58; 49; 15
40,49,0.30438,0.81633,58; 40; 49; 24; 48; 36; 54; 45; 5; 47
18,21,0.34406,0.85714,23; 18; 21; 84; 14; 25; 64; 13; 75; 38
29,58,0.31461,0.5,8; 29; 58; 57; 82; 62; 14; 75; 32; 29
21,69,0.29199,0.30435,46; 21; 69; 67; 26; 50; 38; 18; 53; 82
41,72,0.24698,0.56944,50; 41; 72; 78; 17; 22; 53; 32; 64; 40
17,46,0.31728,0.36957,67; 17; 46; 42; 81; 37; 36; 75; 22; 56
23,69,0.30083,0.33333,6; 23; 69; 59; 85; 9; 42; 67; 53; 35
17,58,0.28597,0.2931,73; 17; 58; 50; 70; 50; 72; 36; 7; 74
11,46,0.23738,0.23913,59; 11; 46; 24; 24; 17; 85; 39; 20; 25
9,16,0.29644,0.5625,41; 9; 16; 64; 6; 43; 83; 35; 70; 79
12,43,0.27107,0.27907,37; 12; 43; 79; 5; 48; 72; 56; 18; 74
30,85,0.26071,0.35294,36; 30; 85; 35; 63; 44; 79; 57; 42; 71
36,64,0.23497,0.5625,78; 36; 64; 60; 48; 53; 45; 70; 38; 52
27,55,0.32208,0.49091,78; 27; 55; 38; 15; 12; 9; 12; 46; 56
24,73,0.29052,0.32877,15; 24; 73; 12; 37; 72; 79; 5; 56; 69
25,54,0.32672,0.46296,64; 25; 54; 21; 17; 10; 71; 72; 48; 20
29,84,0.23643,0.34524,61; 29; 84; 61; 23; 57; 40; 22; 63; 30
60,70,0.23018,0.85714,15; 60; 70; 66; 77; 19; 70; 20; 71; 63
51,62,0.22374,0.82258,12; 51; 62; 41; 15; 83; 48; 40; 80; 26
41,50,0.30363,0.82,33; 41; 50; 39; 40; 69; 80; 19; 62; 49
17,67,0.25231,0.25373,17; 17; 67; 57; 53; 69; 7; 73; 85; 37
17,68,0.24873,0.25,76; 17; 68; 81; 60; 70; 27; 34; 22; 67
14,49,0.28149,0.28571,77; 14; 49; 50; 52; 66; 68; 66; 46; 62
17,67,0.25127,0.25373,40; 17; 67; 23; 57; 33; 69; 42; 40; 71
60,75,0.22678,0.8,32; 60; 75; 85; 46; 62; 80; 32; 20; 83
36,45,0.32652,0.8,9; 36; 45; 59; 9; 35; 44; 27; 69; 43
35,76,0.25376,0.46053,48; 35; 76; 49; 56; 9; 50; 80; 65; 71
22,80,0.2648,0.275,81; 22; 80; 34; 31; 26; 77; 67; 40; 55
24,85,0.263,0.28235,54; 24; 85; 70; 14; 10; 9; 66; 29; 14
34,74,0.27143,0.45946,52; 34; 74; 65; 24; 73; 68; 82; 33; 46
47,84,0.21894,0.55952,21; 47; 84; 25; 19; 35; 14; 7; 55; 28
73,85,0.19348,0.85882,74; 73; 85; 37; 11; 43; 75; 80; 48; 7
16,57,0.27614,0.2807,66; 16; 57; 10; 28; 11; 22; 50; 35; 31
29,82,0.26628,0.35366,10; 29; 82; 51; 29; 64; 82; 13; 77; 78
31,84,0.26114,0.36905,5; 31; 84; 74; 43; 21; 80; 41; 58; 72
28,84,0.26987,0.33333,68; 28; 84; 60; 47; 38; 47; 83; 22; 32
6,19,0.27727,0.31579,17; 6; 19; 59; 43; 64; 32; 7; 55; 48
16,54,0.28369,0.2963,77; 16; 54; 28; 71; 38; 40; 52; 24; 21
23,41,0.33497,0.56098,64; 23; 41; 16; 75; 6; 76; 72; 26; 36
16,50,0.29684,0.32,83; 16; 50; 27; 49; 14; 57; 31; 52; 52
11,31,0.30195,0.35484,23; 11; 31; 60; 17; 39; 13; 21; 6; 53
49,61,0.24601,0.80328,79; 49; 61; 55; 74; 20; 62; 82; 82; 16
42,50,0.29385,0.84,55; 42; 50; 16; 79; 30; 85; 7; 83; 29
26,82,0.2743,0.31707,65; 26; 82; 63; 83; 48; 28; 25; 69; 49
9,16,0.30348,0.5625,32; 9; 16; 6; 11; 19; 83; 69; 71; 16
38,48,0.31243,0.79167,54; 38; 48; 78; 72; 39; 18; 60; 85; 55
19,41,0.33561,0.46341,32; 19; 41; 49; 47; 47; 74; 51; 55; 76
8,33,0.23965,0.24242,12; 8; 33; 71; 55; 26; 15; 84; 61; 27
8,24,0.29253,0.33333,11; 8; 24; 47; 33; 51; 27; 25; 59; 28
34,74,0.28316,0.45946,56; 34; 74; 17; 45; 37; 76; 55; 15; 79
63,75,0.21779,0.84,50; 63; 75; 22; 45; 70; 64; 5; 68; 66
36,79,0.24244,0.4557,63; 36; 79; 54; 66; 24; 24; 54; 65; 21
13,44,0.28573,0.29545,29; 13; 44; 6; 9; 77; 35; 35; 37; 53
37,75,0.25543,0.49333,44; 37; 75; 37; 36; 26; 60; 85; 74; 11
19,38,0.33882,0.5,43; 19; 38; 65; 70; 15; 28; 23; 64; 85
21,46,0.33695,0.45652,15; 21; 46; 17; 42; 53; 65; 54; 41; 23
23,82,0.26651,0.28049,40; 23; 82; 63; 12; 41; 27; 65; 57; 78
64,78,0.20596,0.82051,53; 64; 78; 76; 82; 85; 38; 28; 47; 67
44,51,0.28632,0.86275,34; 44; 51; 29; 31; 21; 59; 65; 9; 73
51,64,0.25789,0.79688,63; 51; 64; 81; 67; 44; 49; 61; 23; 35
27,48,0.32989,0.5625,9; 27; 48; 63; 58; 22; 19; 10; 5; 25
31,68,0.30029,0.45588,17; 31; 68; 80; 73; 66; 49; 26; 24; 5
19,60,0.29697,0.31667,61; 19; 60; 48; 38; 5; 48; 44; 31; 65
27,85,0.2614,0.31765,25; 27; 85; 63; 31; 7; 21; 12; 71; 76
53,63,0.24025,0.84127,19; 53; 63; 57; 16; 27; 40; 46; 47; 74
66,83,0.19987,0.79518,65; 66; 83; 9; 24; 47; 84; 65; 13; 30
16,63,0.25531,0.25397,82; 16; 63; 10; 84; 27; 46; 48; 23; 43
13,23,0.33083,0.56522,84; 13; 23; 48; 77; 67; 24; 63; 62; 63
32,69,0.30266,0.46377,74; 32; 69; 47; 73; 79; 45; 49; 61; 32
50,63,0.26644,0.79365,83; 50; 63; 27; 38; 65; 84; 66; 61; 23
10,35,0.26939,0.28571,85; 10; 35; 46; 36; 13; 56; 61; 63; 46
12,41,0.28461,0.29268,7; 12; 41; 61; 81; 76; 5; 20; 68; 38
9,28,0.28454,0.32143,45; 9; 28; 82; 78; 27; 55; 82; 12; 20
68,83,0.19911,0.81928,50; 68; 83; 36; 68; 82; 76; 34; 11; 37
9,32,0.26996,0.28125,13; 9; 32; 11; 68; 8; 40; 16; 28; 44
17,71,0.23937,0.23944,83; 17; 71; 70; 26; 67; 59; 20; 41; 85
33,68,0.28914,0.48529,17; 33; 68; 13; 34; 43; 43; 56; 61; 79
27,82,0.27101,0.32927,49; 27; 82; 79; 28; 77; 29; 84; 41; 6
18,55,0.30186,0.32727,52; 18; 55; 73; 53; 5; 17; 47; 41; 40
19,79,0.23678,0.24051,27; 19; 79; 46; 72; 34; 55; 52; 22; 22
14,28,0.33143,0.5,45; 14; 28; 78; 85; 76; 64; 28; 52; 75
8,10,0.26246,0.8,74; 8; 10; 50; 7; 67; 49; 22; 79; 42
5,20,0.24533,0.25,33; 5; 20; 20; 23; 20; 56; 26; 37; 72
47,82,0.23951,0.57317,25; 47; 82; 65; 83; 10; 20; 85; 29; 79
66,83,0.19679,0.79518,54; 66; 83; 68; 57; 16; 11; 72; 71; 31
24,69,0.29788,0.34783,31; 24; 69; 47; 71; 9; 40; 42; 43; 55
19,22,0.34021,0.86364,46; 19; 22; 32; 60; 81; 27; 60; 85; 10
26,80,0.27655,0.325,71; 26; 80; 24; 46; 49; 58; 63; 26; 30
20,84,0.22776,0.2381,14; 20; 84; 40; 51; 83; 51; 20; 15; 38
8,16,0.28163,0.5,35; 8; 16; 53; 77; 72; 70; 49; 17; 64
8,34,0.23398,0.23529,66; 8; 34; 32; 11; 16; 35; 33; 12; 57
15,19,0.33109,0.78947,80; 15; 19; 26; 26; 64; 67; 55; 38; 54
13,46,0.27317,0.28261,52; 13; 46; 50; 33; 83; 26; 57; 7; 38
12,38,0.29266,0.31579,55; 12; 38; 36; 40; 45; 6; 54; 44; 73
23,76,0.27893,0.30263,54; 23; 76; 7; 54; 19; 52; 41; 65; 69
20,60,0.30268,0.33333,39; 20; 60; 57; 19; 41; 67; 37; 39; 53
54,66,0.23501,0.81818,23; 54; 66; 61; 21; 33; 21; 37; 59; 30
12,34,0.30897,0.35294,46; 12; 34; 70; 71; 40; 38; 40; 40; 21
8,10,0.23218,0.8,82; 8; 10; 60; 74; 76; 80; 80; 69; 52
36,78,0.26097,0.46154,59; 36; 78; 79; 72; 68; 53; 76; 21; 34
45,80,0.22829,0.5625,20; 45; 80; 60; 80; 49; 25; 73; 22; 48
19,51,0.31648,0.37255,32; 19; 51; 16; 66; 30; 20; 29; 39; 9
27,85,0.26439,0.31765,58; 27; 85; 85; 18; 69; 21; 33; 53; 59
39,80,0.25415,0.4875,50; 39; 80; 36; 40; 15; 15; 15; 59; 48
62,72,0.2222,0.86111,42; 62; 72; 16; 25; 54; 75; 72; 67; 84
17,35,0.33302,0.48571,16; 17; 35; 83; 49; 74; 65; 29; 76; 41
27,48,0.33535,0.5625,16; 27; 48; 60; 52; 21; 65; 60; 55; 85
36,44,0.31757,0.81818,35; 36; 44; 45; 31; 70; 32; 48; 40; 26
63,73,0.19844,0.86301,10; 63; 73; 68; 42; 23; 80; 52; 17; 7
10,35,0.27212,0.28571,84; 10; 35; 54; 80; 77; 25; 33; 6; 23
22,59,0.30991,0.37288,42; 22; 59; 19; 43; 43; 43; 60; 29; 22
34,61,0.30913,0.55738,83; 34; 61; 71; 57; 10; 22; 80; 53; 40
24,52,0.32683,0.46154,22; 24; 52; 33; 43; 26; 83; 10; 12; 19
38,45,0.3176,0.84444,84; 38; 45; 82; 68; 49; 35; 18; 12; 11
14,58,0.24056,0.24138,51; 14; 58; 5; 78; 5; 58; 55; 19; 9
20,82,0.24283,0.2439,56; 20; 82; 11; 6; 75; 70; 18; 84; 82
51,59,0.25311,0.86441,33; 51; 59; 34; 39; 75; 64; 47; 43; 68
18,52,0.30807,0.34615,7; 18; 52; 70; 21; 5; 75; 12; 34; 32
46,82,0.20441,0.56098,58; 46; 82; 72; 61; 20; 13; 63; 36; 63
21,63,0.30545,0.33333,52; 21; 63; 53; 72; 9; 31; 41; 77; 84
51,59,0.23936,0.86441,46; 51; 59; 79; 67; 75; 24; 81; 17; 58
17,70,0.24115,0.24286,19; 17; 70; 23; 64; 13; 37; 33; 19; 77
18,72,0.24396,0.25,26; 18; 72; 45; 11; 49; 49; 39; 47; 24
60,76,0.21902,0.78947,65; 60; 76; 71; 20; 33; 7; 68; 71; 58
6,13,0.25645,0.46154,19; 6; 13; 19; 69; 33; 18; 34; 10; 78
17,60,0.27781,0.28333,54; 17; 60; 18; 12; 17; 76; 67; 39; 30
48,60,0.27248,0.8,82; 48; 60; 32; 52; 10; 17; 34; 12; 6
7,21,0.29745,0.33333,29; 7; 21; 54; 52; 11; 57; 84; 29; 15
61,73,0.22339,0.83562,33; 61; 73; 58; 44; 47; 26; 69; 55; 76
31,67,0.30175,0.46269,75; 31; 67; 14; 37; 46; 28; 31; 30; 27
24,81,0.25662,0.2963,26; 24; 81; 55; 41; 17; 6; 56; 5; 35
24,52,0.33017,0.46154,25; 24; 52; 30; 34; 50; 67; 35; 23; 49
21,71,0.28625,0.29577,45; 21; 71; 37; 17; 58; 18; 47; 58; 50
40,80,0.23201,0.5,43; 40; 80; 11; 26; 35; 73; 15; 17; 83
23,50,0.33002,0.46,50; 23; 50; 57; 23; 56; 12; 57; 20; 60
12,14,0.30643,0.85714,70; 12; 14; 24; 16; 19; 16; 57; 79; 18
45,79,0.23931,0.56962,21; 45; 79; 39; 64; 41; 85; 47; 33; 13
34,69,0.30078,0.49275,61; 34; 69; 19; 73; 20; 80; 33; 50; 26
59,70,0.23224,0.84286,53; 59; 70; 11; 52; 10; 9; 57; 18; 41
31,37,0.33334,0.83784,67; 31; 37; 9; 60; 53; 39; 63; 20; 38
45,57,0.27951,0.78947,9; 45; 57; 40; 23; 52; 41; 61; 65; 45
15,53,0.27684,0.28302,20; 15; 53; 78; 14; 9; 72; 52; 40; 40
36,43,0.31317,0.83721,59; 36; 43; 79; 39; 37; 53; 51; 71; 78
9,16,0.29998,0.5625,35; 9; 16; 32; 54; 27; 57; 50; 19; 44
45,57,0.28669,0.78947,38; 45; 57; 38; 20; 80; 78; 74; 54; 63
12,43,0.27027,0.27907,72; 12; 43; 44; 48; 16; 42; 63; 70; 83
11,22,0.31923,0.5,69; 11; 22; 75; 76; 74; 24; 59; 83; 75
51,59,0.25993,0.86441,72; 51; 59; 57; 31; 19; 70; 28; 82; 77
16,32,0.33733,0.5,39; 16; 32; 74; 11; 56; 28; 66; 53; 47
14,50,0.27715,0.28,74; 14; 50; 75; 59; 49; 18; 84; 66; 20
39,85,0.25773,0.45882,75; 39; 85; 47; 16; 54; 21; 15; 11; 80
20,60,0.30434,0.33333,20; 20; 60; 44; 32; 38; 21; 81; 43; 81
66,84,0.19886,0.78571,53; 66; 84; 16; 58; 40; 45; 84; 44; 77
67,78,0.20494,0.85897,81; 67; 78; 37; 20; 70; 65; 44; 31; 18
24,80,0.26736,0.3,24; 24; 80; 9; 15; 71; 80; 54; 62; 83
9,32,0.27147,0.28125,14; 9; 32; 47; 67; 69; 17; 67; 9; 78
6,24,0.24102,0.25,67; 6; 24; 48; 34; 33; 50; 9; 48; 40
18,71,0.25134,0.25352,31; 18; 71; 73; 67; 83; 30; 39; 31; 18
63,75,0.20446,0.84,62; 63; 75; 67; 56; 59; 10; 37; 68; 26
46,58,0.27381,0.7931,10; 46; 58; 30; 11; 54; 60; 80; 34; 62
65,76,0.20773,0.85526,18; 65; 76; 33; 83; 51; 7; 22; 34; 42
41,84,0.22825,0.4881,61; 41; 84; 65; 39; 31; 22; 9; 15; 30
49,57,0.27281,0.85965,6; 49; 57; 8; 81; 32; 19; 21; 42; 21
45,56,0.28394,0.80357,19; 45; 56; 85; 39; 19; 46; 67; 70; 56
55,69,0.24312,0.7971,75; 55; 69; 68; 16; 69; 34; 48; 69; 19
39,79,0.23535,0.49367,13; 39; 79; 22; 29; 27; 63; 39; 19; 60
66,84,0.204,0.78571,78; 66; 84; 20; 11; 23; 67; 77; 73; 50
54,68,0.24335,0.79412,58; 54; 68; 30; 83; 68; 73; 31; 10; 17
14,28,0.32741,0.5,66; 14; 28; 14; 61; 47; 26; 30; 78; 68
10,34,0.28036,0.29412,30; 10; 34; 66; 13; 46; 24; 73; 27; 70
66,77,0.20736,0.85714,19; 66; 77; 16; 58; 47; 18; 52; 14; 60
8,24,0.29091,0.33333,54; 8; 24; 13; 75; 70; 33; 41; 73; 9
31,36,0.33936,0.86111,38; 31; 36; 23; 22; 84; 75; 25; 56; 56
11,46,0.23547,0.23913,81; 11; 46; 8; 22; 63; 61; 53; 52; 72
17,52,0.30272,0.32692,49; 17; 52; 54; 74; 77; 44; 29; 47; 77
39,68,0.27921,0.57353,40; 39; 68; 23; 41; 54; 67; 9; 65; 28
32,65,0.30636,0.49231,7; 32; 65; 51; 41; 78; 62; 42; 13; 42
47,84,0.22463,0.55952,72; 47; 84; 59; 54; 34; 25; 47; 78; 30
25,68,0.30454,0.36765,28; 25; 68; 21; 28; 5; 54; 67; 46; 66
8,29,0.27008,0.27586,28; 8; 29; 20; 80; 37; 65; 19; 26; 60
67,82,0.19686,0.81707,31; 67; 82; 82; 46; 65; 17; 6; 71; 71
22,75,0.27811,0.29333,22; 22; 75; 21; 12; 5; 46; 70; 34; 58
40,81,0.23571,0.49383,26; 40; 81; 63; 55; 46; 7; 28; 63; 39
12,40,0.2851,0.3,29; 12; 40; 16; 28; 19; 79; 44; 82; 70
31,54,0.31977,0.57407,7; 31; 54; 6; 85; 46; 52; 14; 37; 49
5,10,0.21464,0.5,48; 5; 10; 45; 24; 70; 51; 39; 26; 63
26,57,0.3215,0.45614,8; 26; 57; 61; 11; 57; 49; 66; 26; 81
16,50,0.29925,0.32,15; 16; 50; 34; 50; 81; 17; 16; 36; 57
25,79,0.27517,0.31646,65; 25; 79; 7; 53; 37; 9; 79; 41; 48
38,83,0.25456,0.45783,19; 38; 83; 30; 44; 66; 64; 28; 28; 37
17,61,0.2752,0.27869,49; 17; 61; 40; 48; 55; 27; 64; 60; 69
47,82,0.24596,0.57317,55; 47; 82; 47; 23; 64; 64; 24; 74; 77
28,84,0.27022,0.33333,75; 28; 84; 84; 71; 79; 35; 45; 12; 38
18,51,0.30778,0.35294,68; 18; 51; 78; 33; 79; 43; 27; 45; 50
25,78,0.27973,0.32051,44; 25; 78; 33; 56; 65; 74; 11; 58; 79
20,36,0.34208,0.55556,80; 20; 36; 68; 30; 51; 42; 76; 47; 54
29,84,0.26676,0.34524,85; 29; 84; 32; 79; 38; 64; 42; 23; 35
10,20,0.31921,0.5,82; 10; 20; 31; 78; 37; 32; 12; 82; 21
60,75,0.22167,0.8,38; 60; 75; 21; 29; 45; 83; 72; 18; 50
30,53,0.32215,0.56604,10; 30; 53; 67; 67; 71; 10; 82; 23; 66
14,56,0.24763,0.25,14; 14; 56; 38; 38; 12; 5; 19; 28; 65
32,56,0.31444,0.57143,85; 32; 56; 25; 36; 45; 65; 37; 58; 84
18,52,0.30726,0.34615,36; 18; 52; 50; 61; 51; 32; 63; 71; 54
46,56,0.27982,0.82143,85; 46; 56; 43; 58; 49; 60; 21; 12; 75
33,72,0.27972,0.45833,14; 33; 72; 53; 17; 43; 67; 67; 28; 44
27,34,0.34217,0.79412,45; 27; 34; 60; 26; 42; 34; 36; 58; 9
20,72,0.27135,0.27778,22; 20; 72; 34; 84; 39; 19; 16; 13; 9
49,62,0.26466,0.79032,63; 49; 62; 57; 77; 29; 18; 40; 15; 64
20,67,0.28296,0.29851,31; 20; 67; 32; 14; 26; 16; 44; 33; 60
10,35,0.27439,0.28571,27; 10; 35; 63; 54; 51; 84; 63; 61; 26
70,85,0.17651,0.82353,47; 70; 85; 41; 63; 11; 28; 24; 18; 44
40,49,0.30987,0.81633,63; 40; 49; 60; 67; 79; 70; 69; 60; 10
5,10,0.21369,0.5,50; 5; 10; 48; 22; 78; 79; 8; 36; 11
23,81,0.26352,0.28395,75; 23; 81; 31; 13; 46; 66; 69; 22; 67
19,52,0.31513,0.36538,52; 19; 52; 66; 50; 57; 52; 58; 54; 5
17,59,0.28111,0.28814,23; 17; 59; 5; 53; 29; 75; 12; 72; 53
16,53,0.28754,0.30189,55; 16; 53; 77; 52; 31; 8; 5; 41; 10
49,62,0.26648,0.79032,30; 49; 62; 42; 34; 76; 45; 79; 80; 78
20,35,0.34823,0.57143,66; 20; 35; 48; 68; 78; 34; 56; 30; 17
39,84,0.26022,0.46429,43; 39; 84; 57; 73; 31; 48; 13; 78; 72
18,75,0.23762,0.24,85; 18; 75; 57; 81; 23; 27; 51; 59; 18
9,36,0.24842,0.25,14; 9; 36; 44; 60; 62; 6; 66; 73; 29
15,61,0.24823,0.2459,17; 15; 61; 34; 50; 20; 85; 73; 9; 52
32,70,0.29706,0.45714,68; 32; 70; 51; 66; 58; 14; 34; 82; 73
24,65,0.31137,0.36923,74; 24; 65; 7; 37; 61; 30; 22; 65; 6
19,66,0.28222,0.28788,37; 19; 66; 45; 40; 61; 16; 36; 19; 22
38,76,0.26752,0.5,70; 38; 76; 32; 19; 35; 20; 81; 42; 37
18,32,0.34006,0.5625,82; 18; 32; 78; 12; 19; 24; 43; 44; 77
22,78,0.27256,0.28205,43; 22; 78; 11; 28; 47; 39; 7; 32; 82
15,41,0.31469,0.36585,47; 15; 41; 85; 9; 45; 43; 64; 34; 51
11,37,0.28217,0.2973,26; 11; 37; 53; 19; 48; 5; 18; 12; 21
50,63,0.23079,0.79365,71; 50; 63; 14; 5; 80; 43; 23; 51; 56
20,54,0.31699,0.37037,45; 20; 54; 23; 48; 23; 14; 26; 34; 39
25,44,0.33554,0.56818,24; 25; 44; 35; 83; 11; 21; 28; 49; 57
8,16,0.28223,0.5,22; 8; 16; 11; 57; 78; 29; 17; 17; 10
32,70,0.27414,0.45714,65; 32; 70; 63; 7; 49; 35; 26; 37; 43
16,67,0.24015,0.23881,29; 16; 67; 23; 60; 53; 25; 46; 24; 18
23,76,0.28617,0.30263,28; 23; 76; 5; 36; 18; 41; 50; 54; 48
48,84,0.20461,0.57143,21; 48; 84; 39; 59; 36; 38; 59; 61; 13
13,35,0.31022,0.37143,16; 13; 35; 13; 36; 6; 14; 60; 25; 5
20,68,0.28316,0.29412,78; 20; 68; 83; 5; 56; 60; 56; 64; 77
17,56,0.28779,0.30357,51; 17; 56; 6; 17; 63; 5; 53; 25; 53
70,81,0.19503,0.8642,75; 70; 81; 83; 82; 61; 48; 5; 17; 83
35,61,0.30449,0.57377,63; 35; 61; 58; 22; 39; 79; 69; 43; 37
20,85,0.24231,0.23529,5; 20; 85; 69; 9; 7; 35; 57; 48; 48
11,39,0.27172,0.28205,63; 11; 39; 73; 42; 35; 13; 80; 39; 33
13,55,0.23458,0.23636,28; 13; 55; 60; 6; 72; 31; 64; 26; 63
61,77,0.18479,0.79221,54; 61; 77; 55; 16; 81; 82; 76; 51; 20
21,69,0.29036,0.30435,25; 21; 69; 25; 74; 6; 26; 64; 68; 5
24,65,0.30083,0.36923,32; 24; 65; 30; 42; 45; 67; 19; 48; 72
25,82,0.26901,0.30488,83; 25; 82; 70; 63; 65; 46; 73; 55; 52
9,16,0.2936,0.5625,63; 9; 16; 12; 43; 35; 28; 60; 56; 76
13,43,0.28879,0.30233,22; 13; 43; 79; 23; 22; 49; 43; 7; 17
21,46,0.33624,0.45652,10; 21; 46; 79; 62; 41; 79; 73; 47; 44
27,54,0.32858,0.5,44; 27; 54; 81; 35; 70; 29; 51; 74; 58
7,14,0.25623,0.5,51; 7; 14; 47; 20; 53; 53; 36; 67; 66
18,63,0.27666,0.28571,47; 18; 63; 50; 30; 28; 25; 9; 37; 11
28,50,0.33139,0.56,53; 28; 50; 30; 29; 79; 84; 65; 78; 61
9,37,0.24148,0.24324,38; 9; 37; 8; 52; 13; 47; 65; 31; 39
14,50,0.27709,0.28,63; 14; 50; 83; 18; 31; 43; 67; 26; 75
20,72,0.27225,0.27778,64; 20; 72; 44; 70; 60; 59; 11; 44; 25
18,32,0.34344,0.5625,84; 18; 32; 28; 39; 50; 22; 55; 73; 25
60,70,0.22806,0.85714,77; 60; 70; 49; 8; 60; 39; 7; 29; 82
18,57,0.2953,0.31579,65; 18; 57; 8; 28; 44; 23; 12; 85; 47
30,60,0.31027,0.5,67; 30; 60; 17; 31; 52; 41; 41; 37; 6
9,18,0.30911,0.5,11; 9; 18; 31; 42; 79; 46; 30; 31; 11
13,44,0.28393,0.29545,60; 13; 44; 73; 49; 36; 54; 33; 26; 6
7,19,0.29831,0.36842,76; 7; 19; 70; 38; 30; 35; 50; 65; 64
37,66,0.2817,0.56061,76; 37; 66; 78; 59; 43; 27; 53; 37; 70
20,60,0.30229,0.33333,50; 20; 60; 16; 42; 51; 33; 17; 47; 19
19,41,0.33367,0.46341,47; 19; 41; 56; 21; 16; 10; 46; 46; 69
18,75,0.23231,0.24,30; 18; 75; 74; 84; 23; 30; 20; 21; 14
10,34,0.27199,0.29412,5; 10; 34; 84; 72; 25; 48; 71; 11; 58
19,60,0.29596,0.31667,15; 19; 60; 32; 21; 79; 65; 37; 51; 30
21,70,0.28693,0.3,84; 21; 70; 69; 48; 37; 39; 81; 54; 65
30,35,0.3404,0.85714,72; 30; 35; 71; 19; 18; 25; 25; 85; 11
21,60,0.31047,0.35,34; 21; 60; 58; 42; 52; 58; 61; 50; 79
22,77,0.27209,0.28571,24; 22; 77; 32; 6; 30; 38; 79; 83; 17
11,22,0.32244,0.5,82; 11; 22; 52; 48; 54; 59; 83; 40; 21
12,36,0.29387,0.33333,60; 12; 36; 55; 13; 59; 83; 13; 58; 12
28,34,0.34295,0.82353,19; 28; 34; 80; 16; 42; 68; 45; 79; 18
16,65,0.24328,0.24615,63; 16; 65; 50; 16; 58; 5; 12; 8; 67
41,72,0.21169,0.56944,73; 41; 72; 42; 54; 78; 46; 35; 32; 85
7,19,0.29799,0.36842,33; 7; 19; 36; 63; 32; 26; 67; 6; 76
21,71,0.28446,0.29577,81; 21; 71; 14; 11; 25; 74; 12; 43; 31
40,49,0.30377,0.81633,53; 40; 49; 42; 35; 16; 22; 27; 7; 17
31,62,0.31911,0.5,11; 31; 62; 13; 52; 7; 12; 32; 32; 12
19,63,0.28744,0.30159,21; 19; 63; 33; 24; 39; 18; 84; 42; 9
18,57,0.30032,0.31579,61; 18; 57; 70; 78; 74; 13; 21; 20; 71
22,67,0.30073,0.32836,10; 22; 67; 32; 24; 69; 27; 71; 43; 23
40,70,0.2581,0.57143,76; 40; 70; 35; 36; 63; 85; 31; 75; 34
10,31,0.29424,0.32258,16; 10; 31; 25; 34; 30; 25; 18; 16; 39
27,84,0.26052,0.32143,22; 27; 84; 16; 35; 77; 49; 82; 19; 13
30,82,0.24543,0.36585,49; 30; 82; 26; 65; 19; 27; 36; 13; 54
14,47,0.28421,0.29787,64; 14; 47; 24; 56; 25; 67; 22; 52; 12
24,28,0.34286,0.85714,72; 24; 28; 17; 24; 50; 38; 50; 74; 50
19,24,0.34106,0.79167,19; 19; 24; 50; 77; 11; 74; 23; 74; 35
23,69,0.3001,0.33333,25; 23; 69; 13; 63; 28; 76; 61; 79; 9
57,68,0.22857,0.83824,39; 57; 68; 41; 64; 81; 16; 27; 40; 12
25,45,0.33771,0.55556,73; 25; 45; 26; 73; 9; 14; 12; 57; 54
35,70,0.27582,0.5,25; 35; 70; 31; 51; 36; 7; 18; 15; 54
23,73,0.29215,0.31507,42; 23; 73; 22; 27; 36; 20; 8; 60; 66
7,20,0.2928,0.35,34; 7; 20; 80; 32; 24; 34; 27; 6; 77
26,70,0.30432,0.37143,26; 26; 70; 83; 68; 17; 40; 12; 68; 58
15,43,0.31063,0.34884,46; 15; 43; 29; 16; 59; 34; 66; 22; 47
23,77,0.28135,0.2987,55; 23; 77; 64; 5; 17; 37; 29; 55; 7
17,51,0.30423,0.33333,30; 17; 51; 75; 71; 5; 84; 37; 66; 65
5,21,0.24312,0.2381,14; 5; 21; 7; 22; 31; 12; 34; 84; 80
20,36,0.34307,0.55556,29; 20; 36; 43; 61; 27; 10; 58; 40; 7
9,28,0.29717,0.32143,33; 9; 28; 18; 66; 10; 71; 40; 60; 60
20,54,0.31582,0.37037,31; 20; 54; 62; 64; 22; 43; 34; 63; 76
8,33,0.24121,0.24242,8; 8; 33; 67; 13; 57; 39; 59; 74; 77
25,77,0.2798,0.32468,68; 25; 77; 36; 58; 54; 51; 68; 60; 23
15,61,0.2417,0.2459,43; 15; 61; 67; 61; 65; 61; 26; 56; 30
13,52,0.24619,0.25,48; 13; 52; 61; 21; 75; 22; 8; 33; 62
13,23,0.33341,0.56522,57; 13; 23; 12; 15; 35; 44; 45; 29; 23
22,48,0.33793,0.45833,84; 22; 48; 65; 23; 45; 53; 12; 74; 80
35,71,0.29045,0.49296,27; 35; 71; 74; 73; 84; 77; 79; 65; 48
42,49,0.3092,0.85714,79; 42; 49; 79; 37; 27; 69; 43; 64; 18
17,58,0.28402,0.2931,17; 17; 58; 61; 42; 66; 31; 7; 80; 47
20,54,0.316,0.37037,34; 20; 54; 51; 40; 14; 39; 6; 29; 35
23,76,0.28199,0.30263,18; 23; 76; 68; 19; 37; 35; 19; 68; 48
21,69,0.28868,0.30435,53; 21; 69; 41; 11; 19; 41; 41; 40; 45
41,72,0.27094,0.56944,72; 41; 72; 21; 84; 63; 60; 76; 22; 14
58,71,0.22614,0.8169,83; 58; 71; 85; 53; 32; 45; 13; 30; 37
18,75,0.24182,0.24,14; 18; 75; 46; 58; 35; 66; 40; 38; 15
11,22,0.3238,0.5,76; 11; 22; 65; 53; 71; 85; 64; 72; 78
60,75,0.21966,0.8,46; 60; 75; 85; 5; 9; 62; 61; 15; 53
11,40,0.26628,0.275,85; 11; 40; 34; 50; 54; 40; 9; 74; 27
23,70,0.29763,0.32857,59; 23; 70; 30; 49; 9; 54; 50; 34; 63
67,82,0.19582,0.81707,58; 67; 82; 5; 13; 62; 56; 17; 17; 80
13,55,0.23282,0.23636,77; 13; 55; 35; 21; 58; 13; 64; 77; 71
27,81,0.27734,0.33333,80; 27; 81; 63; 39; 82; 49; 6; 52; 38
35,71,0.25928,0.49296,23; 35; 71; 45; 82; 59; 40; 60; 70; 39
11,46,0.23462,0.23913,78; 11; 46; 71; 8; 39; 57; 55; 63; 79
26,46,0.33619,0.56522,83; 26; 46; 59; 83; 81; 71; 48; 8; 52
17,57,0.28526,0.29825,84; 17; 57; 32; 14; 57; 47; 18; 7; 32
31,55,0.32299,0.56364,76; 31; 55; 61; 28; 72; 46; 73; 8; 22
19,60,0.29648,0.31667,52; 19; 60; 8; 28; 18; 81; 26; 6; 16
26,31,0.34127,0.83871,42; 26; 31; 50; 21; 6; 73; 45; 11; 67
62,78,0.2093,0.79487,69; 62; 78; 45; 36; 85; 16; 10; 69; 55
17,48,0.31508,0.35417,49; 17; 48; 55; 32; 5; 26; 47; 48; 14
47,57,0.28144,0.82456,8; 47; 57; 63; 33; 33; 28; 17; 71; 71
28,85,0.25991,0.32941,79; 28; 85; 83; 53; 7; 15; 27; 79; 15
6,17,0.27992,0.35294,65; 6; 17; 29; 71; 15; 80; 82; 44; 53
19,68,0.27509,0.27941,46; 19; 68; 46; 71; 79; 10; 49; 53; 56
15,51,0.28264,0.29412,52; 15; 51; 48; 21; 45; 44; 20; 14; 43
35,72,0.2873,0.48611,53; 35; 72; 52; 82; 17; 52; 27; 68; 82
14,42,0.30263,0.33333,41; 14; 42; 48; 59; 85; 38; 36; 62; 55
46,80,0.24281,0.575,73; 46; 80; 44; 8; 76; 24; 7; 48; 85
37,81,0.24735,0.45679,5; 37; 81; 34; 49; 16; 34; 81; 45; 23
60,70,0.2301,0.85714,70; 60; 70; 30; 46; 83; 79; 14; 32; 80
47,82,0.22705,0.57317,60; 47; 82; 73; 6; 41; 59; 52; 45; 59
16,64,0.24478,0.25,21; 16; 64; 75; 56; 32; 56; 25; 85; 84
41,49,0.29768,0.83673,47; 41; 49; 8; 42; 75; 78; 8; 79; 73
11,30,0.30621,0.36667,41; 11; 30; 11; 63; 49; 58; 39; 71; 85
5,17,0.26349,0.29412,17; 5; 17; 22; 17; 6; 83; 9; 37; 52
13,45,0.2817,0.28889,52; 13; 45; 84; 71; 15; 85; 10; 85; 84
27,54,0.32722,0.5,36; 27; 54; 50; 10; 7; 66; 76; 84; 55
15,53,0.27568,0.28302,11; 15; 53; 28; 20; 33; 34; 30; 30; 58
29,84,0.25621,0.34524,49; 29; 84; 60; 40; 63; 10; 38; 55; 69
13,35,0.30924,0.37143,52; 13; 35; 69; 16; 24; 84; 71; 59; 81
14,48,0.28195,0.29167,46; 14; 48; 11; 38; 38; 9; 55; 60; 49
47,56,0.27404,0.83929,61; 47; 56; 5; 11; 61; 31; 10; 64; 17
60,76,0.22079,0.78947,31; 60; 76; 42; 6; 40; 59; 68; 21; 13
24,30,0.35156,0.8,48; 24; 30; 45; 31; 44; 41; 62; 63; 59
67,84,0.19703,0.79762,35; 67; 84; 83; 23; 17; 42; 12; 42; 78
9,11,0.2629,0.81818,49; 9; 11; 72; 71; 25; 70; 50; 52; 15
29,84,0.25414,0.34524,67; 29; 84; 79; 64; 81; 29; 59; 82; 74
65,82,0.20756,0.79268,34; 65; 82; 8; 40; 51; 75; 45; 35; 69
37,46,0.30797,0.80435,11; 37; 46; 38; 32; 9; 57; 39; 47; 80
12,14,0.30725,0.85714,35; 12; 14; 16; 78; 68; 28; 82; 36; 25
42,75,0.22781,0.56,50; 42; 75; 37; 33; 36; 74; 37; 36; 26
20,35,0.33552,0.57143,73; 20; 35; 27; 53; 6; 5; 75; 71; 49
45,56,0.27684,0.80357,40; 45; 56; 41; 15; 82; 21; 23; 77; 39
66,77,0.20074,0.85714,73; 66; 77; 59; 72; 11; 22; 11; 43; 15
12,14,0.30644,0.85714,48; 12; 14; 44; 84; 63; 46; 38; 19; 44
26,56,0.32748,0.46429,31; 26; 56; 71; 85; 14; 23; 48; 78; 12
16,19,0.33872,0.84211,61; 16; 19; 6; 44; 53; 16; 12; 7; 19
18,49,0.31379,0.36735,58; 18; 49; 60; 49; 41; 47; 29; 80; 13
26,31,0.34136,0.83871,36; 26; 31; 81; 19; 70; 6; 44; 39; 11
63,75,0.20762,0.84,76; 63; 75; 55; 10; 21; 35; 39; 18; 45
9,26,0.30176,0.34615,75; 9; 26; 13; 40; 43; 18; 61; 78; 66
40,82,0.23925,0.4878,48; 40; 82; 22; 52; 6; 46; 40; 39; 5
67,85,0.18841,0.78824,56; 67; 85; 50; 45; 50; 85; 44; 11; 38
13,53,0.24177,0.24528,46; 13; 53; 69; 28; 39; 78; 52; 36; 41
16,64,0.25083,0.25,13; 16; 64; 21; 8; 70; 16; 44; 25; 85
30,82,0.26244,0.36585,22; 30; 82; 57; 21; 74; 73; 69; 78; 57
5,18,0.26306,0.27778,63; 5; 18; 37; 82; 67; 54; 36; 56; 27
26,70,0.29425,0.37143,66; 26; 70; 45; 65; 64; 56; 80; 84; 45
27,78,0.28271,0.34615,11; 27; 78; 66; 20; 22; 80; 63; 58; 42
35,44,0.32561,0.79545,19; 35; 44; 18; 16; 27; 54; 71; 12; 20
21,73,0.27782,0.28767,41; 21; 73; 36; 75; 50; 25; 80; 17; 16
55,70,0.22718,0.78571,24; 55; 70; 21; 16; 49; 82; 66; 6; 20
49,62,0.23316,0.79032,49; 49; 62; 57; 50; 75; 68; 32; 71; 70
7,28,0.24938,0.25,64; 7; 28; 53; 18; 85; 67; 11; 30; 74
7,24,0.27199,0.29167,22; 7; 24; 85; 76; 29; 9; 28; 46; 7
23,41,0.33946,0.56098,35; 23; 41; 56; 25; 13; 53; 49; 70; 21
19,63,0.29081,0.30159,8; 19; 63; 85; 40; 44; 29; 61; 71; 77
19,75,0.25315,0.25333,83; 19; 75; 9; 38; 83; 75; 66; 64; 52
10,18,0.31676,0.55556,14; 10; 18; 20; 72; 52; 20; 40; 40; 33
44,77,0.25307,0.57143,7; 44; 77; 43; 33; 10; 17; 34; 68; 60
24,28,0.34666,0.85714,57; 24; 28; 46; 60; 7; 48; 53; 64; 48
34,74,0.28621,0.45946,67; 34; 74; 20; 11; 8; 27; 75; 56; 33
32,39,0.33094,0.82051,22; 32; 39; 48; 18; 73; 17; 65; 9; 18
29,51,0.31727,0.56863,47; 29; 51; 36; 48; 31; 69; 54; 55; 65
53,63,0.23734,0.84127,35; 53; 63; 6; 63; 75; 81; 35; 7; 67
27,34,0.34193,0.79412,55; 27; 34; 46; 16; 85; 33; 21; 11; 51
28,75,0.2814,0.37333,60; 28; 75; 19; 24; 31; 31; 82; 84; 27
21,46,0.33299,0.45652,73; 21; 46; 76; 56; 28; 23; 21; 63; 70
5,9,0.1891,0.55556,8; 5; 9; 6; 45; 41; 14; 25; 62; 26
27,54,0.32404,0.5,29; 27; 54; 60; 74; 36; 32; 5; 25; 6
29,84,0.2692,0.34524,51; 29; 84; 8; 58; 6; 17; 32; 51; 24
36,43,0.31041,0.83721,37; 36; 43; 84; 80; 13; 84; 65; 67; 14
24,83,0.26653,0.28916,37; 24; 83; 79; 29; 31; 15; 50; 38; 54
68,85,0.18577,0.8,21; 68; 85; 78; 78; 22; 14; 8; 70; 15
22,77,0.27301,0.28571,16; 22; 77; 56; 28; 51; 30; 42; 60; 62
17,70,0.24355,0.24286,83; 17; 70; 20; 51; 74; 24; 52; 49; 34
44,56,0.26702,0.78571,20; 44; 56; 13; 30; 56; 43; 6; 28; 23
16,66,0.23879,0.24242,35; 16; 66; 70; 22; 15; 80; 65; 75; 66
26,81,0.27112,0.32099,35; 26; 81; 55; 78; 22; 74; 66; 56; 54
10,18,0.31036,0.55556,50; 10; 18; 62; 59; 18; 58; 17; 60; 62
25,45,0.33959,0.55556,49; 25; 45; 45; 69; 47; 25; 62; 28; 27
21,83,0.24975,0.25301,8; 21; 83; 25; 11; 31; 14; 74; 7; 24
18,37,0.3387,0.48649,77; 18; 37; 10; 58; 14; 74; 40; 77; 56
24,74,0.28268,0.32432,63; 24; 74; 18; 54; 39; 38; 52; 79; 6
27,85,0.2711,0.31765,28; 27; 85; 5; 75; 50; 59; 44; 85; 34
12,38,0.29305,0.31579,74; 12; 38; 52; 75; 6; 61; 7; 57; 36
52,66,0.25089,0.78788,80; 52; 66; 17; 78; 10; 9; 23; 82; 20
16,66,0.24667,0.24242,25; 16; 66; 33; 44; 80; 40; 16; 77; 22
68,81,0.19906,0.83951,73; 68; 81; 46; 6; 61; 14; 33; 33; 68
21,46,0.33331,0.45652,52; 21; 46; 51; 31; 32; 14; 15; 74; 48
12,14,0.31067,0.85714,14; 12; 14; 14; 71; 63; 21; 42; 84; 57
20,36,0.33737,0.55556,16; 20; 36; 36; 35; 39; 8; 72; 76; 38
20,62,0.30004,0.32258,82; 20; 62; 54; 64; 80; 32; 19; 20; 68
5,20,0.25031,0.25,7; 5; 20; 82; 10; 45; 82; 20; 70; 75
9,30,0.28072,0.3,73; 9; 30; 19; 84; 72; 84; 81; 72; 33
32,64,0.31032,0.5,61; 32; 64; 37; 15; 13; 76; 60; 85; 20
18,49,0.31418,0.36735,21; 18; 49; 9; 72; 74; 34; 66; 67; 51
33,41,0.32916,0.80488,13; 33; 41; 68; 69; 70; 83; 24; 14; 79
66,84,0.20008,0.78571,83; 66; 84; 22; 24; 36; 59; 34; 40; 6
10,40,0.24736,0.25,44; 10; 40; 70; 44; 13; 28; 15; 15; 74
19,69,0.2707,0.27536,64; 19; 69; 7; 39; 15; 69; 58; 85; 38
15,45,0.30082,0.33333,80; 15; 45; 33; 50; 16; 49; 22; 10; 45
20,83,0.24101,0.24096,16; 20; 83; 44; 31; 32; 60; 15; 42; 47
23,66,0.30583,0.34848,68; 23; 66; 56; 76; 52; 53; 23; 85; 44
52,65,0.25317,0.8,55; 52; 65; 46; 27; 25; 25; 73; 19; 61
61,71,0.21109,0.85915,79; 61; 71; 9; 76; 24; 42; 32; 47; 60
27,85,0.25771,0.31765,74; 27; 85; 31; 7; 76; 84; 8; 55; 56
38,82,0.2195,0.46341,44; 38; 82; 27; 19; 57; 23; 63; 80; 20
17,35,0.33561,0.48571,11; 17; 35; 36; 26; 8; 23; 72; 16; 44
68,81,0.19776,0.83951,67; 68; 81; 14; 67; 13; 42; 56; 22; 65
33,41,0.33084,0.80488,13; 33; 41; 52; 78; 49; 77; 28; 79; 24
31,68,0.28547,0.45588,31; 31; 68; 55; 19; 71; 77; 27; 28; 77
12,41,0.28076,0.29268,68; 12; 41; 64; 17; 7; 13; 76; 39; 61
37,75,0.27694,0.49333,37; 37; 75; 52; 40; 64; 26; 11; 69; 53
8,33,0.23546,0.24242,7; 8; 33; 64; 58; 78; 58; 5; 66; 29
35,44,0.32187,0.79545,74; 35; 44; 14; 20; 9; 53; 81; 81; 26
29,52,0.32586,0.55769,52; 29; 52; 25; 80; 81; 13; 23; 36; 52
6,17,0.27151,0.35294,6; 6; 17; 54; 15; 55; 48; 40; 19; 63
16,55,0.28091,0.29091,37; 16; 55; 34; 54; 38; 82; 83; 70; 49
43,54,0.29755,0.7963,62; 43; 54; 11; 66; 17; 24; 71; 15; 85
41,84,0.23603,0.4881,25; 41; 84; 67; 61; 80; 81; 53; 39; 69
27,55,0.31082,0.49091,16; 27; 55; 16; 11; 65; 69; 68; 34; 61
21,65,0.30009,0.32308,42; 21; 65; 33; 23; 13; 28; 58; 23; 10
51,62,0.26258,0.82258,52; 51; 62; 60; 74; 45; 29; 5; 73; 18
38,82,0.25679,0.46341,59; 38; 82; 77; 53; 25; 51; 74; 5; 63
33,41,0.32397,0.80488,50; 33; 41; 56; 61; 25; 6; 21; 56; 49
30,85,0.25567,0.35294,14; 30; 85; 41; 31; 33; 73; 5; 17; 65
26,53,0.31903,0.49057,70; 26; 53; 44; 71; 76; 36; 20; 43; 75
24,79,0.27779,0.3038,18; 24; 79; 56; 45; 40; 62; 34; 84; 26
9,37,0.2392,0.24324,11; 9; 37; 57; 46; 44; 69; 55; 8; 85
25,67,0.30221,0.37313,44; 25; 67; 31; 17; 34; 46; 49; 32; 20
20,25,0.34689,0.8,15; 20; 25; 21; 46; 77; 12; 22; 65; 9
24,80,0.27394,0.3,64; 24; 80; 33; 54; 64; 63; 54; 36; 45
38,45,0.30747,0.84444,83; 38; 45; 50; 46; 33; 42; 29; 59; 20
66,79,0.181,0.83544,65; 66; 79; 41; 58; 43; 81; 10; 46; 61
17,35,0.33568,0.48571,5; 17; 35; 14; 22; 35; 23; 19; 58; 12
56,68,0.22712,0.82353,82; 56; 68; 63; 65; 84; 63; 45; 55; 24
19,52,0.31247,0.36538,6; 19; 52; 7; 16; 84; 28; 64; 79; 69
13,37,0.30645,0.35135,15; 13; 37; 84; 35; 11; 60; 84; 30; 38
31,67,0.30706,0.46269,33; 31; 67; 51; 74; 50; 78; 6; 11; 45
10,41,0.24124,0.2439,31; 10; 41; 37; 84; 55; 17; 20; 24; 21
29,63,0.31052,0.46032,16; 29; 63; 52; 85; 79; 11; 81; 29; 29
34,70,0.2691,0.48571,61; 34; 70; 32; 20; 5; 80; 69; 52; 36
68,85,0.1864,0.8,41; 68; 85; 5; 20; 47; 19; 74; 60; 31
63,75,0.21527,0.84,11; 63; 75; 45; 66; 52; 46; 13; 45; 56
18,74,0.24349,0.24324,33; 18; 74; 51; 64; 6; 7; 47; 63; 76
10,34,0.28092,0.29412,28; 10; 34; 59; 21; 65; 13; 44; 28; 14
19,67,0.27587,0.28358,26; 19; 67; 35; 23; 83; 19; 25; 33; 80
37,47,0.31712,0.78723,23; 37; 47; 20; 81; 79; 63; 19; 43; 41
22,77,0.27473,0.28571,24; 22; 77; 17; 57; 84; 62; 37; 56; 51
25,68,0.30453,0.36765,82; 25; 68; 37; 11; 25; 74; 67; 23; 83
36,63,0.28998,0.57143,41; 36; 63; 62; 41; 50; 36; 12; 58; 59
29,63,0.3144,0.46032,55; 29; 63; 33; 63; 59; 72; 40; 35; 65
7,20,0.29784,0.35,61; 7; 20; 20; 64; 74; 83; 66; 22; 77
44,55,0.28225,0.8,41; 44; 55; 6; 74; 40; 54; 21; 31; 77
72,84,0.18896,0.85714,78; 72; 84; 45; 9; 37; 8; 76; 9; 38
25,68,0.29837,0.36765,14; 25; 68; 65; 29; 64; 38; 39; 12; 37
15,53,0.27665,0.28302,9; 15; 53; 36; 12; 61; 83; 37; 62; 35
12,15,0.31474,0.8,57; 12; 15; 65; 21; 37; 67; 17; 77; 76
5,9,0.19506,0.55556,40; 5; 9; 45; 74; 15; 13; 75; 47; 30
25,84,0.26728,0.29762,55; 25; 84; 8; 51; 35; 42; 60; 50; 39
62,78,0.21385,0.79487,7; 62; 78; 41; 30; 38; 81; 22; 20; 67
55,67,0.23529,0.8209,9; 55; 67; 46; 24; 15; 31; 65; 75; 77
7,14,0.27077,0.5,77; 7; 14; 79; 33; 11; 79; 36; 31; 65
39,85,0.2419,0.45882,66; 39; 85; 80; 42; 67; 29; 79; 22; 11
20,70,0.28136,0.28571,58; 20; 70; 75; 80; 63; 24; 72; 83; 17
28,56,0.32695,0.5,53; 28; 56; 18; 49; 34; 37; 47; 12; 65
36,42,0.32463,0.85714,47; 36; 42; 35; 36; 7; 24; 84; 69; 82
18,22,0.34509,0.81818,60; 18; 22; 10; 79; 33; 40; 10; 62; 76
32,57,0.31836,0.5614,30; 32; 57; 16; 76; 13; 62; 50; 43; 71
17,51,0.30417,0.33333,67; 17; 51; 53; 53; 49; 67; 60; 54; 65
16,49,0.30359,0.32653,46; 16; 49; 80; 74; 58; 75; 75; 77; 65
30,38,0.32879,0.78947,63; 30; 38; 17; 82; 17; 71; 27; 58; 45
17,46,0.31938,0.36957,11; 17; 46; 55; 51; 82; 43; 44; 45; 37
49,58,0.27291,0.84483,59; 49; 58; 9; 57; 73; 46; 15; 45; 21
11,46,0.23401,0.23913,45; 11; 46; 50; 66; 72; 64; 49; 78; 29
48,85,0.23891,0.56471,49; 48; 85; 20; 36; 31; 59; 52; 23; 50
38,68,0.28772,0.55882,32; 38; 68; 12; 46; 33; 46; 58; 23; 67
55,64,0.2512,0.85938,27; 55; 64; 23; 68; 58; 68; 36; 26; 74
12,43,0.27139,0.27907,30; 12; 43; 16; 30; 40; 49; 19; 65; 27
28,50,0.3323,0.56,60; 28; 50; 10; 64; 22; 62; 40; 36; 66
35,70,0.28619,0.5,37; 35; 70; 50; 20; 73; 75; 51; 34; 12
23,66,0.30782,0.34848,84; 23; 66; 40; 6; 8; 25; 26; 36; 9
21,76,0.26968,0.27632,12; 21; 76; 52; 37; 65; 81; 41; 17; 23
32,38,0.33134,0.84211,41; 32; 38; 32; 82; 77; 5; 14; 31; 7
17,30,0.33991,0.56667,11; 17; 30; 44; 49; 29; 34; 31; 12; 67
18,76,0.23362,0.23684,40; 18; 76; 37; 29; 83; 68; 61; 43; 71
14,38,0.31681,0.36842,28; 14; 38; 73; 36; 19; 53; 17; 55; 14
48,61,0.26129,0.78689,84; 48; 61; 69; 80; 43; 30; 49; 41; 83
59,75,0.22691,0.78667,60; 59; 75; 52; 38; 43; 24; 60; 31; 16
46,82,0.25135,0.56098,32; 46; 82; 46; 56; 40; 33; 36; 83; 16
24,72,0.28789,0.33333,33; 24; 72; 17; 55; 38; 61; 71; 29; 40
15,61,0.24549,0.2459,5; 15; 61; 13; 83; 64; 10; 71; 19; 53
21,46,0.33258,0.45652,18; 21; 46; 58; 5; 52; 50; 40; 39; 31
17,68,0.25063,0.25,75; 17; 68; 62; 35; 24; 43; 31; 64; 19
49,60,0.26504,0.81667,24; 49; 60; 53; 62; 48; 83; 50; 80; 7
30,60,0.31481,0.5,62; 30; 60; 35; 31; 74; 42; 69; 39; 69
16,48,0.30286,0.33333,40; 16; 48; 46; 64; 73; 43; 34; 16; 25
37,65,0.26884,0.56923,18; 37; 65; 7; 30; 42; 16; 9; 37; 84
36,79,0.25479,0.4557,73; 36; 79; 19; 48; 28; 47; 58; 73; 56
34,69,0.29652,0.49275,40; 34; 69; 50; 54; 76; 49; 37; 46; 25
66,83,0.19558,0.79518,51; 66; 83; 42; 12; 26; 84; 34; 85; 66
65,79,0.20104,0.82278,56; 65; 79; 30; 75; 49; 15; 9; 78; 5
41,52,0.2999,0.78846,32; 41; 52; 24; 64; 43; 20; 47; 75; 38
21,57,0.31737,0.36842,62; 21; 57; 73; 5; 79; 62; 28; 34; 61
16,58,0.27328,0.27586,30; 16; 58; 7; 65; 80; 26; 28; 84; 17
17,56,0.2898,0.30357,7; 17; 56; 78; 33; 77; 51; 57; 13; 7
39,49,0.29166,0.79592,37; 39; 49; 69; 78; 50; 78; 8; 22; 21
6,21,0.27635,0.28571,29; 6; 21; 77; 42; 5; 29; 54; 35; 8
24,82,0.26553,0.29268,34; 24; 82; 72; 76; 43; 83; 11; 48; 39
30,60,0.31768,0.5,65; 30; 60; 68; 40; 48; 31; 9; 37; 35
39,85,0.23882,0.45882,29; 39; 85; 31; 33; 7; 40; 77; 72; 84
16,19,0.34018,0.84211,68; 16; 19; 83; 70; 50; 39; 18; 13; 75
16,55,0.28164,0.29091,66; 16; 55; 83; 22; 50; 46; 12; 70; 17
12,15,0.31776,0.8,82; 12; 15; 63; 37; 69; 10; 9; 74; 79
13,45,0.28099,0.28889,61; 13; 45; 23; 32; 49; 37; 59; 64; 16
49,61,0.25586,0.80328,13; 49; 61; 59; 20; 43; 14; 22; 47; 46
26,33,0.33695,0.78788,79; 26; 33; 57; 61; 48; 49; 68; 5; 85
28,49,0.32383,0.57143,73; 28; 49; 15; 51; 54; 81; 74; 9; 24
18,36,0.33462,0.5,27; 18; 36; 76; 12; 16; 75; 61; 18; 81
15,51,0.28396,0.29412,44; 15; 51; 78; 43; 81; 40; 21; 77; 27
34,43,0.32757,0.7907,75; 34; 43; 7; 19; 50; 62; 28; 12; 36
61,73,0.21684,0.83562,31; 61; 73; 72; 62; 29; 44; 28; 48; 45
17,52,0.30161,0.32692,61; 17; 52; 64; 74; 67; 13; 52; 80; 80
42,51,0.30261,0.82353,49; 42; 51; 25; 83; 23; 16; 18; 41; 57
16,68,0.23394,0.23529,77; 16; 68; 33; 9; 73; 37; 41; 62; 50
19,65,0.28497,0.29231,40; 19; 65; 85; 55; 33; 32; 11; 16; 25
44,56,0.2869,0.78571,43; 44; 56; 63; 53; 84; 32; 65; 8; 48
33,67,0.28753,0.49254,52; 33; 67; 53; 82; 28; 12; 7; 42; 61
41,83,0.24936,0.49398,82; 41; 83; 30; 80; 12; 56; 65; 21; 19
35,61,0.30344,0.57377,31; 35; 61; 18; 40; 83; 19; 47; 8; 70
60,76,0.18378,0.78947,82; 60; 76; 66; 66; 54; 16; 11; 16; 81
22,48,0.32574,0.45833,59; 22; 48; 62; 35; 40; 42; 42; 10; 55
18,72,0.24472,0.25,77; 18; 72; 59; 20; 38; 82; 38; 64; 55
38,77,0.26304,0.49351,51; 38; 77; 75; 75; 47; 72; 19; 75; 43
26,31,0.34754,0.83871,37; 26; 31; 53; 33; 17; 5; 46; 24; 57
23,29,0.34274,0.7931,9; 23; 29; 22; 43; 68; 50; 84; 59; 50
22,28,0.3483,0.78571,42; 22; 28; 17; 76; 72; 62; 44; 53; 25
32,56,0.31821,0.57143,23; 32; 56; 18; 74; 51; 44; 36; 36; 71
18,52,0.30914,0.34615,72; 18; 52; 59; 18; 70; 28; 52; 51; 84
6,19,0.26526,0.31579,26; 6; 19; 23; 72; 72; 7; 15; 60; 15
15,46,0.30263,0.32609,21; 15; 46; 22; 41; 36; 83; 23; 61; 28
21,70,0.28794,0.3,29; 21; 70; 14; 48; 63; 49; 33; 80; 69
9,28,0.2929,0.32143,38; 9; 28; 41; 58; 84; 19; 8; 6; 44
43,76,0.26671,0.56579,36; 43; 76; 19; 77; 78; 41; 43; 22; 38
21,66,0.29617,0.31818,23; 21; 66; 52; 72; 85; 33; 81; 65; 71
24,65,0.30693,0.36923,23; 24; 65; 49; 46; 50; 36; 48; 33; 72
66,84,0.20703,0.78571,84; 66; 84; 39; 48; 12; 68; 74; 72; 76
19,75,0.25321,0.25333,53; 19; 75; 10; 37; 53; 75; 63; 12; 29
40,81,0.23568,0.49383,81; 40; 81; 52; 73; 21; 23; 6; 43; 41
34,69,0.28274,0.49275,85; 34; 69; 40; 35; 56; 21; 71; 35; 27
47,82,0.22419,0.57317,29; 47; 82; 29; 37; 67; 24; 66; 79; 14
39,70,0.28128,0.55714,14; 39; 70; 77; 16; 47; 40; 47; 15; 34
8,24,0.29338,0.33333,25; 8; 24; 17; 64; 40; 5; 59; 76; 23
21,70,0.28994,0.3,32; 21; 70; 20; 41; 71; 73; 17; 8; 36
19,38,0.33912,0.5,85; 19; 38; 31; 50; 10; 45; 22; 31; 35
6,12,0.21524,0.5,16; 6; 12; 22; 34; 9; 12; 6; 6; 35
63,77,0.21927,0.81818,38; 63; 77; 7; 43; 9; 17; 28; 51; 51
33,41,0.33159,0.80488,34; 33; 41; 48; 75; 68; 12; 24; 84; 60
19,63,0.28894,0.30159,47; 19; 63; 46; 39; 7; 53; 51; 26; 9
54,66,0.24305,0.81818,5; 54; 66; 80; 22; 38; 39; 51; 34; 68
17,60,0.2787,0.28333,35; 17; 60; 65; 64; 63; 16; 42; 40; 63
8,33,0.23707,0.24242,52; 8; 33; 85; 20; 72; 61; 24; 65; 69
39,84,0.2535,0.46429,69; 39; 84; 49; 33; 29; 29; 74; 73; 34
24,42,0.33699,0.57143,71; 24; 42; 7; 66; 79; 31; 40; 78; 78
56,67,0.23792,0.83582,48; 56; 67; 65; 7; 48; 7; 21; 34; 40
9,37,0.23676,0.24324,85; 9; 37; 52; 37; 66; 33; 81; 40; 41
6,7,0.18192,0.85714,6; 6; 7; 9; 22; 71; 22; 6; 80; 17
21,25,0.35019,0.84,32; 21; 25; 44; 14; 29; 38; 6; 49; 37
13,45,0.27943,0.28889,81; 13; 45; 13; 73; 10; 81; 16; 66; 46
8,23,0.29755,0.34783,38; 8; 23; 21; 14; 83; 74; 15; 83; 68
34,74,0.26162,0.45946,84; 34; 74; 47; 30; 20; 67; 81; 53; 13
48,56,0.23507,0.85714,48; 48; 56; 42; 57; 58; 69; 30; 45; 34
45,79,0.24717,0.56962,5; 45; 79; 41; 84; 40; 62; 70; 20; 42
18,65,0.2681,0.27692,81; 18; 65; 56; 17; 60; 57; 29; 41; 17
56,65,0.23385,0.86154,84; 56; 65; 9; 84; 35; 8; 37; 59; 61
18,60,0.28691,0.3,50; 18; 60; 22; 47; 39; 83; 32; 28; 70
43,54,0.28302,0.7963,24; 43; 54; 10; 85; 49; 20; 59; 55; 56
28,56,0.3202,0.5,54; 28; 56; 22; 82; 22; 19; 69; 43; 52
18,75,0.23723,0.24,36; 18; 75; 77; 61; 32; 20; 6; 61; 71
14,49,0.27503,0.28571,53; 14; 49; 22; 74; 71; 39; 25; 82; 57
18,73,0.24563,0.24658,44; 18; 73; 61; 66; 69; 68; 33; 65; 12
13,46,0.27723,0.28261,49; 13; 46; 53; 85; 27; 51; 8; 38; 59
25,83,0.26395,0.3012,58; 25; 83; 45; 48; 48; 8; 46; 85; 75
23,41,0.33807,0.56098,38; 23; 41; 67; 54; 69; 8; 66; 5; 24
60,76,0.20106,0.78947,71; 60; 76; 80; 27; 37; 36; 77; 23; 29
31,39,0.34159,0.79487,52; 31; 39; 50; 10; 5; 12; 38; 5; 80
68,85,0.19752,0.8,77; 68; 85; 13; 70; 6; 80; 77; 61; 37
24,42,0.34056,0.57143,31; 24; 42; 43; 50; 15; 43; 18; 44; 34
8,32,0.24521,0.25,17; 8; 32; 16; 76; 50; 13; 85; 84; 83
17,46,0.31639,0.36957,16; 17; 46; 64; 41; 38; 44; 17; 60; 58
22,63,0.31094,0.34921,58; 22; 63; 52; 59; 52; 7; 8; 57; 17
19,65,0.28064,0.29231,10; 19; 65; 79; 39; 49; 34; 61; 72; 27
13,55,0.2312,0.23636,26; 13; 55; 61; 83; 69; 30; 67; 23; 23
39,69,0.25978,0.56522,53; 39; 69; 24; 12; 7; 31; 63; 83; 74
25,67,0.30334,0.37313,15; 25; 67; 11; 20; 63; 66; 13; 71; 8
9,11,0.2605,0.81818,84; 9; 11; 55; 24; 35; 19; 17; 56; 63
45,56,0.284,0.80357,69; 45; 56; 83; 64; 62; 15; 31; 67; 9
16,65,0.24509,0.24615,83; 16; 65; 76; 57; 70; 44; 82; 15; 69
23,28,0.3441,0.82143,43; 23; 28; 58; 55; 6; 15; 30; 64; 37
33,67,0.29459,0.49254,37; 33; 67; 65; 39; 36; 19; 42; 78; 14
22,73,0.28355,0.30137,36; 22; 73; 67; 41; 34; 58; 57; 70; 33
31,67,0.30047,0.46269,63; 31; 67; 68; 44; 17; 23; 52; 76; 68
42,84,0.2331,0.5,61; 42; 84; 56; 84; 24; 8; 72; 9; 53
20,68,0.28134,0.29412,60; 20; 68; 27; 39; 71; 35; 81; 26; 39
41,49,0.26727,0.83673,51; 41; 49; 10; 52; 34; 75; 13; 19; 79
24,68,0.29746,0.35294,44; 24; 68; 36; 74; 50; 57; 27; 22; 43
6,25,0.23188,0.24,43; 6; 25; 22; 43; 10; 51; 45; 22; 72
61,76,0.21576,0.80263,24; 61; 76; 39; 27; 77; 84; 59; 54; 12
24,81,0.26245,0.2963,82; 24; 81; 65; 24; 15; 29; 15; 43; 49
39,85,0.23449,0.45882,13; 39; 85; 19; 81; 58; 63; 77; 41; 80
39,84,0.24011,0.46429,55; 39; 84; 66; 72; 34; 51; 41; 70; 71
40,49,0.30389,0.81633,53; 40; 49; 67; 68; 18; 45; 36; 37; 60
65,77,0.20555,0.84416,68; 65; 77; 28; 72; 45; 72; 65; 53; 73
15,59,0.24987,0.25424,53; 15; 59; 6; 20; 39; 75; 50; 79; 15
46,58,0.27952,0.7931,65; 46; 58; 22; 40; 9; 23; 76; 58; 12
23,82,0.26312,0.28049,64; 23; 82; 27; 56; 61; 79; 83; 39; 8
20,41,0.33825,0.4878,51; 20; 41; 13; 13; 39; 55; 41; 21; 38
14,38,0.31288,0.36842,63; 14; 38; 26; 73; 12; 81; 43; 57; 26
10,42,0.23297,0.2381,32; 10; 42; 62; 20; 76; 67; 55; 34; 77
31,63,0.30219,0.49206,70; 31; 63; 51; 73; 33; 40; 6; 77; 49
17,51,0.3013,0.33333,54; 17; 51; 41; 35; 50; 52; 63; 48; 80
23,28,0.34383,0.82143,62; 23; 28; 30; 49; 41; 47; 53; 25; 44
9,30,0.2851,0.3,16; 9; 30; 30; 13; 79; 50; 26; 80; 14
31,39,0.33649,0.79487,19; 31; 39; 26; 34; 69; 14; 24; 26; 10
17,61,0.27336,0.27869,12; 17; 61; 81; 70; 31; 38; 85; 83; 15
20,35,0.34645,0.57143,69; 20; 35; 69; 68; 73; 59; 83; 8; 66
59,75,0.21327,0.78667,11; 59; 75; 19; 34; 53; 29; 81; 10; 19
56,70,0.23653,0.8,58; 56; 70; 28; 22; 67; 18; 40; 65; 58
7,21,0.29178,0.33333,50; 7; 21; 37; 58; 79; 44; 45; 9; 63
12,15,0.31411,0.8,12; 12; 15; 53; 29; 81; 81; 33; 84; 85
22,73,0.2855,0.30137,50; 22; 73; 54; 66; 10; 15; 81; 59; 49
39,85,0.25164,0.45882,80; 39; 85; 66; 8; 5; 76; 66; 15; 17
25,51,0.33115,0.4902,49; 25; 51; 61; 23; 79; 10; 7; 71; 46
36,63,0.27677,0.57143,46; 36; 63; 27; 56; 62; 17; 25; 23; 32
39,84,0.25275,0.46429,74; 39; 84; 34; 35; 39; 47; 82; 49; 77
30,85,0.25848,0.35294,49; 30; 85; 10; 8; 78; 53; 82; 69; 50
66,84,0.20523,0.78571,64; 66; 84; 65; 77; 13; 24; 82; 69; 39
29,84,0.27096,0.34524,23; 29; 84; 38; 63; 47; 24; 9; 19; 69
34,43,0.33315,0.7907,34; 34; 43; 65; 64; 50; 55; 26; 54; 63
8,24,0.29311,0.33333,55; 8; 24; 16; 78; 17; 10; 17; 35; 26
14,28,0.33259,0.5,28; 14; 28; 5; 16; 75; 76; 55; 44; 41
28,50,0.33171,0.56,40; 28; 50; 13; 28; 84; 25; 66; 21; 50
49,61,0.25997,0.80328,29; 49; 61; 59; 85; 39; 83; 66; 9; 21
32,57,0.31744,0.5614,39; 32; 57; 63; 74; 69; 60; 19; 50; 22
60,75,0.20777,0.8,76; 60; 75; 51; 70; 25; 74; 9; 50; 43
23,70,0.29625,0.32857,44; 23; 70; 28; 56; 85; 28; 13; 33; 61
56,68,0.23631,0.82353,12; 56; 68; 60; 73; 56; 22; 39; 55; 85
12,21,0.32788,0.57143,15; 12; 21; 13; 82; 32; 42; 69; 24; 63
18,54,0.30153,0.33333,9; 18; 54; 31; 82; 41; 63; 13; 57; 44
17,69,0.24185,0.24638,56; 17; 69; 9; 45; 77; 54; 37; 31; 64
16,19,0.33982,0.84211,82; 16; 19; 36; 58; 22; 19; 14; 48; 36
24,49,0.33434,0.4898,71; 24; 49; 31; 28; 29; 63; 41; 38; 7
45,57,0.26161,0.78947,46; 45; 57; 7; 56; 35; 60; 5; 67; 55
15,53,0.28218,0.28302,27; 15; 53; 35; 24; 76; 57; 22; 12; 71
15,63,0.23368,0.2381,65; 15; 63; 7; 62; 5; 13; 62; 61; 62
62,72,0.21898,0.86111,8; 62; 72; 25; 8; 51; 23; 69; 33; 66
55,64,0.23712,0.85938,43; 55; 64; 34; 80; 20; 74; 28; 82; 6
24,52,0.33154,0.46154,35; 24; 52; 33; 60; 68; 36; 79; 29; 78
35,63,0.30633,0.55556,19; 35; 63; 48; 73; 62; 53; 7; 36; 23
60,70,0.22035,0.85714,77; 60; 70; 78; 64; 17; 29; 62; 24; 25
26,75,0.28226,0.34667,38; 26; 75; 58; 58; 60; 80; 22; 72; 33
23,73,0.28295,0.31507,73; 23; 73; 18; 75; 34; 51; 77; 51; 30
25,44,0.33308,0.56818,60; 25; 44; 59; 15; 30; 28; 9; 36; 68
36,64,0.29941,0.5625,22; 36; 64; 10; 55; 13; 82; 17; 11; 69
12,41,0.28068,0.29268,46; 12; 41; 6; 24; 80; 71; 58; 60; 23
25,71,0.29245,0.35211,11; 25; 71; 26; 23; 57; 7; 67; 7; 20
25,85,0.26356,0.29412,32; 25; 85; 37; 71; 45; 30; 50; 18; 13
27,73,0.28898,0.36986,37; 27; 73; 73; 35; 55; 6; 14; 84; 34
20,84,0.244,0.2381,37; 20; 84; 41; 15; 8; 75; 60; 27; 25
14,46,0.29125,0.30435,54; 14; 46; 26; 40; 53; 78; 33; 7; 11
18,49,0.31515,0.36735,85; 18; 49; 14; 50; 17; 36; 12; 38; 28
49,58,0.25739,0.84483,85; 49; 58; 16; 33; 63; 75; 84; 74; 25
55,70,0.24003,0.78571,58; 55; 70; 39; 70; 46; 5; 68; 22; 65
45,81,0.2436,0.55556,62; 45; 81; 51; 54; 54; 84; 60; 33; 44
21,25,0.34917,0.84,50; 21; 25; 68; 30; 41; 29; 15; 42; 67
36,73,0.28272,0.49315,27; 36; 73; 61; 44; 7; 5; 8; 17; 51
16,50,0.29954,0.32,78; 16; 50; 32; 39; 41; 68; 13; 41; 85
27,82,0.2693,0.32927,39; 27; 82; 62; 14; 22; 26; 43; 35; 36
6,25,0.23392,0.24,15; 6; 25; 19; 47; 52; 85; 65; 43; 16
57,68,0.23276,0.83824,68; 57; 68; 65; 5; 73; 28; 16; 71; 37
18,62,0.2819,0.29032,42; 18; 62; 61; 83; 74; 38; 64; 26; 9
39,84,0.22943,0.46429,62; 39; 84; 14; 76; 48; 5; 81; 76; 20
62,74,0.21556,0.83784,74; 62; 74; 27; 65; 52; 30; 76; 35; 41
29,83,0.25479,0.3494,6; 29; 83; 68; 51; 22; 60; 39; 5; 46
26,46,0.3354,0.56522,52; 26; 46; 27; 30; 73; 68; 56; 56; 22
36,72,0.28158,0.5,61; 36; 72; 58; 37; 61; 84; 83; 56; 15
37,65,0.28833,0.56923,22; 37; 65; 81; 73; 11; 40; 38; 36; 43
47,59,0.28182,0.79661,34; 47; 59; 6; 37; 82; 82; 70; 10; 76
22,80,0.27062,0.275,68; 22; 80; 45; 7; 73; 30; 60; 37; 21
26,31,0.34565,0.83871,21; 26; 31; 45; 46; 31; 78; 10; 12; 17
25,83,0.26226,0.3012,49; 25; 83; 83; 25; 85; 21; 13; 61; 18
23,71,0.28992,0.32394,40; 23; 71; 46; 51; 59; 40; 21; 8; 76
46,81,0.23823,0.5679,6; 46; 81; 43; 33; 17; 12; 43; 25; 66
27,47,0.31952,0.57447,35; 27; 47; 85; 5; 45; 7; 39; 81; 21
19,77,0.24659,0.24675,64; 19; 77; 66; 75; 83; 28; 38; 10; 14
19,76,0.2454,0.25,28; 19; 76; 36; 24; 12; 45; 59; 30; 33
20,25,0.34584,0.8,51; 20; 25; 15; 69; 23; 56; 57; 78; 29
13,39,0.30082,0.33333,53; 13; 39; 71; 38; 54; 48; 61; 72; 40
12,14,0.29964,0.85714,61; 12; 14; 70; 41; 71; 39; 50; 7; 5
56,67,0.23955,0.83582,57; 56; 67; 65; 13; 54; 11; 74; 52; 10
21,25,0.34707,0.84,67; 21; 25; 65; 83; 28; 44; 30; 17; 25
33,67,0.29059,0.49254,5; 33; 67; 78; 53; 41; 63; 57; 45; 21
20,84,0.23948,0.2381,5; 20; 84; 74; 8; 85; 23; 52; 28; 32
16,43,0.31922,0.37209,29; 16; 43; 19; 28; 60; 57; 19; 18; 65
65,82,0.20025,0.79268,31; 65; 82; 43; 33; 83; 61; 40; 50; 75
18,39,0.32977,0.46154,20; 18; 39; 77; 34; 32; 20; 70; 52; 55
18,54,0.30762,0.33333,38; 18; 54; 82; 72; 28; 76; 43; 26; 80
17,61,0.27167,0.27869,82; 17; 61; 75; 19; 46; 71; 36; 56; 38
9,31,0.27731,0.29032,57; 9; 31; 72; 72; 40; 70; 16; 66; 75
24,80,0.27459,0.3,76; 24; 80; 14; 8; 13; 29; 16; 43; 66
17,52,0.30056,0.32692,72; 17; 52; 13; 31; 36; 39; 74; 14; 72
12,26,0.32718,0.46154,69; 12; 26; 19; 38; 33; 25; 36; 5; 12
21,70,0.28666,0.3,48; 21; 70; 54; 67; 58; 58; 28; 33; 43
45,56,0.29386,0.80357,15; 45; 56; 71; 29; 26; 66; 14; 32; 36
17,59,0.2799,0.28814,12; 17; 59; 11; 22; 79; 28; 47; 77; 60
15,41,0.31581,0.36585,29; 15; 41; 25; 54; 62; 71; 32; 57; 82
22,66,0.29993,0.33333,20; 22; 66; 74; 38; 38; 50; 44; 43; 19
42,50,0.30168,0.84,33; 42; 50; 63; 55; 49; 19; 25; 5; 59
17,58,0.28402,0.2931,20; 17; 58; 43; 38; 69; 26; 10; 60; 35
40,82,0.25614,0.4878,16; 40; 82; 47; 46; 20; 20; 31; 26; 22
46,80,0.24492,0.575,41; 46; 80; 10; 73; 47; 73; 32; 76; 19
65,82,0.19499,0.79268,51; 65; 82; 20; 22; 31; 51; 72; 19; 65
36,42,0.32473,0.85714,31; 36; 42; 25; 27; 53; 75; 59; 58; 73
15,41,0.32012,0.36585,23; 15; 41; 65; 82; 25; 34; 18; 35; 71
14,46,0.28863,0.30435,63; 14; 46; 7; 10; 9; 77; 51; 58; 54
23,62,0.31208,0.37097,9; 23; 62; 50; 68; 42; 39; 81; 5; 64
37,81,0.24442,0.45679,78; 37; 81; 55; 30; 45; 58; 68; 69; 6
34,69,0.29656,0.49275,5; 34; 69; 9; 26; 36; 53; 62; 76; 82
42,49,0.30422,0.85714,33; 42; 49; 11; 39; 18; 68; 43; 24; 43
5,21,0.22994,0.2381,81; 5; 21; 62; 10; 46; 6; 20; 42; 37
36,64,0.29011,0.5625,39; 36; 64; 77; 15; 80; 44; 32; 8; 64
26,56,0.32693,0.46429,82; 26; 56; 9; 25; 60; 27; 25; 36; 57
19,64,0.28933,0.29688,55; 19; 64; 16; 11; 36; 35; 56; 54; 29
8,27,0.2802,0.2963,43; 8; 27; 46; 28; 25; 42; 22; 61; 6
10,42,0.23691,0.2381,79; 10; 42; 66; 74; 50; 8; 18; 47; 18
9,36,0.2474,0.25,59; 9; 36; 69; 83; 60; 53; 54; 62; 79
45,80,0.23702,0.5625,61; 45; 80; 28; 41; 73; 52; 14; 76; 76
42,85,0.24885,0.49412,83; 42; 85; 23; 18; 75; 5; 37; 74; 12
14,42,0.30501,0.33333,45; 14; 42; 54; 6; 61; 76; 50; 42; 76
34,74,0.23789,0.45946,72; 34; 74; 49; 71; 56; 6; 72; 76; 42
12,21,0.32797,0.57143,38; 12; 21; 78; 66; 25; 49; 78; 26; 81
13,44,0.27699,0.29545,72; 13; 44; 36; 6; 6; 65; 55; 65; 65
33,68,0.28492,0.48529,63; 33; 68; 47; 33; 42; 45; 54; 21; 18
66,84,0.20323,0.78571,57; 66; 84; 49; 57; 5; 76; 7; 46; 29
32,37,0.33435,0.86486,41; 32; 37; 37; 73; 10; 12; 79; 5; 69
17,58,0.28585,0.2931,39; 17; 58; 35; 60; 83; 48; 18; 43; 29
39,78,0.25625,0.5,62; 39; 78; 41; 81; 5; 81; 34; 75; 64
35,63,0.29657,0.55556,17; 35; 63; 40; 55; 48; 67; 60; 37; 53
15,59,0.25,0.25424,23; 15; 59; 70; 66; 60; 21; 34; 79; 63
10,34,0.28242,0.29412,54; 10; 34; 10; 71; 70; 71; 44; 69; 28
35,61,0.29702,0.57377,7; 35; 61; 75; 59; 82; 67; 19; 49; 69
9,36,0.25125,0.25,44; 9; 36; 11; 84; 44; 70; 58; 83; 42
16,63,0.25243,0.25397,8; 16; 63; 75; 73; 30; 27; 7; 15; 46
10,20,0.31148,0.5,22; 10; 20; 14; 41; 76; 35; 9; 85; 29
8,32,0.24503,0.25,53; 8; 32; 26; 40; 65; 36; 9; 59; 57
12,21,0.32554,0.57143,79; 12; 21; 44; 17; 43; 81; 7; 74; 50
41,84,0.2256,0.4881,67; 41; 84; 10; 46; 48; 41; 67; 82; 53
17,46,0.31332,0.36957,46; 17; 46; 33; 22; 27; 17; 47; 81; 13
19,65,0.28671,0.29231,18; 19; 65; 67; 62; 23; 46; 27; 81; 76
30,54,0.32373,0.55556,77; 30; 54; 77; 66; 10; 41; 57; 55; 85
44,79,0.24085,0.55696,78; 44; 79; 32; 24; 60; 78; 82; 33; 24
68,81,0.20074,0.83951,35; 68; 81; 13; 70; 52; 84; 60; 63; 68
23,69,0.29568,0.33333,46; 23; 69; 41; 67; 55; 71; 64; 84; 7
62,74,0.21432,0.83784,44; 62; 74; 67; 32; 5; 26; 5; 58; 63
34,70,0.29254,0.48571,55; 34; 70; 76; 66; 44; 32; 30; 26; 65
41,84,0.22773,0.4881,21; 41; 84; 22; 75; 27; 43; 23; 24; 71
17,56,0.2885,0.30357,64; 17; 56; 25; 81; 28; 34; 15; 12; 12
38,77,0.22648,0.49351,48; 38; 77; 42; 73; 46; 57; 67; 77; 32
15,43,0.30567,0.34884,68; 15; 43; 83; 83; 32; 44; 13; 73; 13
23,40,0.33952,0.575,57; 23; 40; 67; 18; 60; 33; 42; 80; 22
24,83,0.26235,0.28916,45; 24; 83; 15; 69; 52; 54; 75; 42; 6
30,53,0.3249,0.56604,10; 30; 53; 47; 83; 7; 37; 44; 24; 85
23,81,0.25512,0.28395,49; 23; 81; 14; 40; 50; 20; 71; 58; 66
21,63,0.30802,0.33333,34; 21; 63; 38; 37; 43; 55; 19; 65; 79
58,73,0.22931,0.79452,70; 58; 73; 75; 77; 8; 73; 59; 52; 44
7,25,0.27279,0.28,83; 7; 25; 59; 38; 20; 8; 34; 69; 29
38,76,0.24995,0.5,30; 38; 76; 43; 72; 73; 16; 60; 61; 40
66,79,0.19461,0.83544,40; 66; 79; 18; 67; 16; 55; 14; 51; 64
7,23,0.27808,0.30435,57; 7; 23; 71; 57; 77; 78; 85; 68; 53
22,78,0.27583,0.28205,73; 22; 78; 44; 72; 21; 73; 43; 60; 73
45,81,0.23565,0.55556,19; 45; 81; 34; 15; 12; 49; 36; 5; 42
10,30,0.29779,0.33333,33; 10; 30; 34; 51; 51; 37; 56; 74; 42
64,74,0.20806,0.86486,63; 64; 74; 24; 17; 19; 73; 21; 5; 30
70,83,0.20157,0.84337,41; 70; 83; 33; 18; 19; 49; 42; 61; 60
5,15,0.24166,0.33333,11; 5; 15; 58; 16; 45; 63; 54; 34; 59
28,34,0.34139,0.82353,75; 28; 34; 42; 49; 71; 63; 46; 41; 33
42,53,0.30091,0.79245,8; 42; 53; 13; 67; 42; 59; 42; 12; 12
38,83,0.26114,0.45783,39; 38; 83; 43; 52; 18; 53; 51; 74; 66
57,68,0.23374,0.83824,13; 57; 68; 67; 46; 9; 42; 11; 79; 33
18,74,0.2397,0.24324,51; 18; 74; 55; 9; 82; 18; 65; 16; 13
36,44,0.3238,0.81818,79; 36; 44; 48; 17; 71; 16; 82; 74; 64
10,27,0.306,0.37037,78; 10; 27; 26; 78; 22; 51; 16; 75; 48
31,39,0.32887,0.79487,54; 31; 39; 11; 84; 82; 19; 10; 22; 74
7,24,0.27464,0.29167,28; 7; 24; 48; 6; 17; 60; 48; 26; 51
30,81,0.26911,0.37037,29; 30; 81; 51; 16; 77; 57; 71; 24; 22
18,32,0.34163,0.5625,45; 18; 32; 53; 28; 60; 16; 70; 57; 47
14,43,0.30099,0.32558,22; 14; 43; 65; 26; 50; 64; 84; 85; 48
30,60,0.31101,0.5,43; 30; 60; 13; 15; 48; 11; 23; 30; 74
23,70,0.29274,0.32857,58; 23; 70; 63; 28; 37; 33; 69; 24; 68
21,42,0.33854,0.5,43; 21; 42; 6; 45; 72; 49; 17; 30; 40
20,41,0.33979,0.4878,61; 20; 41; 23; 71; 20; 79; 33; 78; 45
37,47,0.30616,0.78723,84; 37; 47; 11; 66; 20; 61; 32; 46; 42
14,48,0.28326,0.29167,49; 14; 48; 77; 55; 36; 77; 60; 43; 42
64,78,0.20924,0.82051,79; 64; 78; 76; 44; 42; 42; 25; 64; 13
40,50,0.3036,0.8,29; 40; 50; 34; 64; 31; 46; 15; 40; 65
37,76,0.27149,0.48684,37; 37; 76; 11; 82; 34; 27; 81; 51; 18
17,35,0.33385,0.48571,63; 17; 35; 38; 68; 45; 85; 27; 6; 60
46,55,0.28137,0.83636,14; 46; 55; 84; 18; 82; 71; 83; 40; 32
31,54,0.32257,0.57407,74; 31; 54; 17; 55; 46; 30; 39; 17; 16
39,79,0.25296,0.49367,78; 39; 79; 44; 65; 15; 76; 59; 33; 11
14,56,0.24673,0.25,44; 14; 56; 19; 67; 47; 9; 39; 58; 71
21,57,0.31503,0.36842,44; 21; 57; 71; 68; 18; 21; 46; 50; 49
60,76,0.21617,0.78947,61; 60; 76; 74; 82; 38; 16; 19; 19; 36
10,33,0.2852,0.30303,71; 10; 33; 17; 19; 83; 28; 62; 7; 81
12,42,0.27605,0.28571,29; 12; 42; 64; 48; 82; 43; 36; 32; 63
33,41,0.331,0.80488,83; 33; 41; 70; 54; 40; 15; 20; 58; 38
37,43,0.31819,0.86047,25; 37; 43; 29; 50; 50; 78; 60; 42; 47
14,59,0.23628,0.23729,51; 14; 59; 23; 47; 55; 8; 82; 24; 51
66,79,0.18538,0.83544,43; 66; 79; 35; 61; 81; 17; 53; 67; 37
38,78,0.27323,0.48718,82; 38; 78; 51; 11; 58; 69; 56; 50; 60
19,59,0.29693,0.32203,70; 19; 59; 80; 62; 21; 25; 29; 56; 9
24,81,0.27308,0.2963,13; 24; 81; 15; 60; 39; 53; 24; 58; 56
38,45,0.32158,0.84444,26; 38; 45; 76; 56; 17; 45; 27; 82; 19
19,57,0.30736,0.33333,15; 19; 57; 54; 38; 47; 82; 18; 12; 64
23,70,0.28967,0.32857,23; 23; 70; 51; 85; 39; 49; 20; 43; 36
66,82,0.20534,0.80488,64; 66; 82; 43; 59; 75; 38; 19; 15; 12
9,30,0.28648,0.3,24; 9; 30; 42; 66; 68; 23; 58; 42; 70
21,83,0.25629,0.25301,38; 21; 83; 33; 31; 61; 66; 66; 79; 24
15,45,0.31013,0.33333,74; 15; 45; 53; 25; 32; 54; 36; 63; 77
42,75,0.2556,0.56,17; 42; 75; 75; 11; 59; 77; 30; 7; 56
34,74,0.2897,0.45946,82; 34; 74; 13; 45; 8; 76; 9; 59; 51
49,62,0.20864,0.79032,8; 49; 62; 6; 12; 58; 80; 31; 62; 32
16,66,0.24003,0.24242,39; 16; 66; 68; 21; 83; 66; 82; 55; 69
55,70,0.21254,0.78571,31; 55; 70; 51; 32; 77; 85; 66; 24; 37
27,83,0.25586,0.3253,30; 27; 83; 15; 17; 23; 55; 37; 49; 45
14,47,0.2844,0.29787,11; 14; 47; 73; 72; 43; 31; 14; 53; 38
69,84,0.19618,0.82143,85; 69; 84; 15; 44; 13; 27; 50; 10; 29
21,72,0.28398,0.29167,7; 21; 72; 33; 42; 48; 48; 78; 39; 21
21,76,0.2681,0.27632,38; 21; 76; 66; 13; 62; 39; 32; 29; 12
14,49,0.27843,0.28571,12; 14; 49; 39; 11; 7; 9; 19; 58; 32
11,24,0.31985,0.45833,32; 11; 24; 85; 13; 57; 81; 27; 72; 17
7,14,0.25778,0.5,71; 7; 14; 44; 78; 43; 15; 74; 54; 58
42,51,0.29876,0.82353,22; 42; 51; 13; 79; 51; 42; 68; 62; 25
46,82,0.24613,0.56098,59; 46; 82; 43; 84; 83; 72; 11; 16; 65
62,72,0.21887,0.86111,9; 62; 72; 41; 82; 38; 84; 69; 18; 28
13,35,0.31008,0.37143,74; 13; 35; 36; 85; 77; 58; 5; 5; 81
9,30,0.27769,0.3,64; 9; 30; 80; 54; 13; 29; 65; 51; 84
20,66,0.28697,0.30303,62; 20; 66; 17; 77; 22; 31; 64; 6; 54
18,64,0.27452,0.28125,47; 18; 64; 39; 78; 11; 14; 40; 14; 60
49,57,0.26655,0.85965,20; 49; 57; 40; 38; 53; 19; 19; 13; 84
16,48,0.30278,0.33333,48; 16; 48; 11; 80; 35; 84; 14; 35; 34
6,17,0.27914,0.35294,72; 6; 17; 17; 35; 82; 44; 11; 16; 15
31,37,0.33286,0.83784,83; 31; 37; 31; 55; 25; 64; 11; 34; 6
16,66,0.24236,0.24242,40; 16; 66; 33; 35; 5; 18; 71; 81; 79
16,56,0.28115,0.28571,40; 16; 56; 41; 19; 23; 13; 54; 46; 79
24,76,0.28352,0.31579,27; 24; 76; 18; 36; 67; 47; 84; 35; 47
36,78,0.26897,0.46154,31; 36; 78; 13; 40; 17; 65; 76; 20; 67
49,60,0.25974,0.81667,79; 49; 60; 11; 41; 68; 84; 56; 26; 77
56,68,0.23233,0.82353,46; 56; 68; 55; 31; 39; 73; 6; 24; 15
22,77,0.26102,0.28571,29; 22; 77; 36; 59; 78; 66; 66; 82; 5
25,45,0.33869,0.55556,66; 25; 45; 49; 47; 83; 37; 29; 65; 70
50,63,0.2369,0.79365,41; 50; 63; 27; 46; 66; 31; 74; 15; 5
56,71,0.22868,0.78873,18; 56; 71; 60; 83; 85; 9; 33; 42; 50
15,41,0.31671,0.36585,83; 15; 41; 78; 76; 57; 76; 65; 61; 13
39,80,0.20892,0.4875,59; 39; 80; 38; 47; 5; 52; 10; 68; 50
45,57,0.26978,0.78947,16; 45; 57; 63; 44; 30; 82; 37; 75; 70
28,76,0.28041,0.36842,78; 28; 76; 30; 48; 38; 12; 40; 61; 11
24,80,0.26835,0.3,12; 24; 80; 7; 68; 69; 72; 21; 63; 26
21,71,0.28105,0.29577,28; 21; 71; 24; 22; 32; 30; 69; 28; 16
20,80,0.24837,0.25,17; 20; 80; 7; 49; 31; 73; 21; 57; 80
19,34,0.33843,0.55882,33; 19; 34; 74; 29; 32; 22; 26; 69; 6
29,63,0.30619,0.46032,29; 29; 63; 52; 38; 10; 18; 43; 13; 30
42,84,0.23554,0.5,64; 42; 84; 13; 77; 41; 43; 70; 55; 67
20,83,0.24239,0.24096,38; 20; 83; 63; 8; 71; 9; 5; 71; 30
22,76,0.27439,0.28947,35; 22; 76; 53; 31; 20; 42; 40; 27; 24
28,85,0.23455,0.32941,19; 28; 85; 51; 71; 39; 50; 36; 29; 53
64,81,0.2039,0.79012,68; 64; 81; 54; 27; 79; 26; 82; 74; 75
31,67,0.30244,0.46269,6; 31; 67; 58; 32; 42; 19; 29; 54; 58
14,43,0.29863,0.32558,24; 14; 43; 38; 39; 74; 82; 18; 59; 55
25,77,0.25755,0.32468,47; 25; 77; 70; 81; 81; 56; 35; 20; 7
22,66,0.30189,0.33333,51; 22; 66; 50; 65; 5; 53; 60; 48; 69
20,41,0.33588,0.4878,59; 20; 41; 52; 51; 73; 85; 42; 32; 29
14,28,0.32934,0.5,33; 14; 28; 55; 57; 57; 28; 35; 56; 75
25,72,0.29509,0.34722,76; 25; 72; 7; 14; 78; 19; 41; 75; 32
18,57,0.29451,0.31579,53; 18; 57; 57; 34; 47; 49; 41; 51; 54
51,64,0.22971,0.79688,13; 51; 64; 56; 76; 66; 57; 84; 13; 69
23,28,0.34656,0.82143,6; 23; 28; 11; 34; 35; 76; 35; 8; 70
58,69,0.23184,0.84058,78; 58; 69; 14; 80; 28; 35; 29; 65; 73
23,71,0.29323,0.32394,44; 23; 71; 64; 62; 84; 44; 75; 41; 52
30,54,0.33346,0.55556,45; 30; 54; 63; 50; 27; 70; 25; 83; 56
26,31,0.34371,0.83871,76; 26; 31; 43; 55; 54; 28; 15; 26; 53
6,19,0.28323,0.31579,19; 6; 19; 20; 80; 69; 37; 56; 6; 36
17,48,0.30844,0.35417,66; 17; 48; 63; 5; 64; 10; 38; 14; 70
12,15,0.31556,0.8,71; 12; 15; 55; 70; 85; 9; 14; 38; 66
28,35,0.34263,0.8,42; 28; 35; 59; 19; 65; 74; 41; 77; 19
37,47,0.321,0.78723,15; 37; 47; 38; 65; 11; 63; 41; 13; 41
34,68,0.29326,0.5,58; 34; 68; 14; 30; 45; 49; 18; 63; 55
60,75,0.21047,0.8,60; 60; 75; 23; 73; 40; 17; 24; 81; 63
24,28,0.34483,0.85714,30; 24; 28; 28; 19; 13; 22; 12; 42; 18
10,20,0.31967,0.5,18; 10; 20; 80; 28; 40; 53; 60; 58; 83
38,83,0.24297,0.45783,61; 38; 83; 33; 29; 25; 77; 42; 7; 65
38,45,0.31486,0.84444,15; 38; 45; 32; 33; 18; 32; 60; 43; 64
11,37,0.28036,0.2973,84; 11; 37; 34; 7; 34; 27; 19; 72; 64
19,75,0.25342,0.25333,57; 19; 75; 55; 48; 33; 74; 10; 51; 19
9,27,0.29641,0.33333,22; 9; 27; 75; 43; 85; 80; 82; 49; 11
39,69,0.27158,0.56522,74; 39; 69; 28; 23; 28; 17; 18; 65; 26
18,39,0.33251,0.46154,61; 18; 39; 27; 42; 40; 63; 85; 28; 55
8,10,0.23271,0.8,61; 8; 10; 58; 75; 40; 40; 11; 80; 45
15,43,0.30853,0.34884,53; 15; 43; 75; 39; 67; 49; 56; 35; 41
22,75,0.27959,0.29333,48; 22; 75; 58; 76; 56; 47; 42; 32; 65
32,37,0.33119,0.86486,37; 32; 37; 60; 62; 31; 35; 62; 7; 50
28,35,0.34757,0.8,5; 28; 35; 77; 67; 65; 17; 82; 83; 22
15,41,0.3152,0.36585,69; 15; 41; 25; 30; 31; 21; 75; 35; 82
13,51,0.25328,0.2549,73; 13; 51; 30; 21; 38; 81; 78; 49; 64
18,63,0.28388,0.28571,12; 18; 63; 23; 40; 31; 37; 13; 71; 24
56,71,0.23292,0.78873,46; 56; 71; 39; 16; 41; 71; 30; 15; 65
16,28,0.33763,0.57143,82; 16; 28; 65; 37; 23; 25; 59; 66; 14
25,29,0.34752,0.86207,53; 25; 29; 74; 21; 40; 43; 33; 77; 52
16,50,0.30207,0.32,12; 16; 50; 65; 81; 20; 70; 36; 78; 22
28,75,0.28476,0.37333,7; 28; 75; 5; 38; 36; 65; 45; 69; 40
23,63,0.31205,0.36508,56; 23; 63; 57; 41; 60; 70; 40; 31; 50
8,23,0.29905,0.34783,62; 8; 23; 29; 75; 52; 79; 74; 37; 32
51,61,0.26023,0.83607,20; 51; 61; 79; 61; 31; 14; 78; 24; 74
24,74,0.28923,0.32432,54; 24; 74; 75; 44; 74; 38; 32; 69; 33
13,46,0.27293,0.28261,59; 13; 46; 76; 47; 77; 29; 85; 49; 79
56,68,0.22002,0.82353,57; 56; 68; 79; 30; 5; 12; 35; 27; 15
25,79,0.24736,0.31646,24; 25; 79; 50; 5; 17; 85; 60; 28; 69
23,71,0.29291,0.32394,61; 23; 71; 5; 10; 20; 12; 59; 62; 20
32,38,0.33264,0.84211,73; 32; 38; 61; 51; 41; 34; 66; 58; 38
16,57,0.27504,0.2807,29; 16; 57; 27; 13; 20; 26; 44; 51; 51
18,71,0.24982,0.25352,47; 18; 71; 51; 60; 31; 54; 47; 27; 35
12,36,0.29907,0.33333,77; 12; 36; 83; 43; 19; 39; 19; 81; 63
24,83,0.26934,0.28916,64; 24; 83; 15; 47; 46; 40; 83; 63; 5
12,49,0.24234,0.2449,31; 12; 49; 47; 8; 6; 52; 30; 33; 59
22,63,0.3054,0.34921,74; 22; 63; 81; 83; 25; 79; 48; 46; 82
35,72,0.27726,0.48611,57; 35; 72; 60; 80; 38; 39; 59; 70; 43
58,73,0.2269,0.79452,29; 58; 73; 57; 84; 9; 37; 84; 40; 60
40,82,0.24233,0.4878,50; 40; 82; 74; 28; 19; 52; 60; 73; 58
38,76,0.26566,0.5,15; 38; 76; 41; 54; 38; 39; 30; 58; 18
50,58,0.27062,0.86207,64; 50; 58; 10; 76; 79; 55; 76; 64; 49
24,42,0.3377,0.57143,64; 24; 42; 30; 6; 31; 74; 71; 65; 59
8,33,0.24339,0.24242,31; 8; 33; 59; 67; 42; 41; 83; 36; 28
17,69,0.24428,0.24638,61; 17; 69; 28; 14; 17; 9; 5; 32; 40
68,81,0.20155,0.83951,8; 68; 81; 24; 9; 77; 11; 84; 71; 79
62,74,0.21792,0.83784,22; 62; 74; 6; 82; 30; 27; 19; 54; 43
17,61,0.27544,0.27869,68; 17; 61; 18; 53; 57; 83; 75; 52; 6
61,76,0.2168,0.80263,29; 61; 76; 59; 37; 33; 78; 38; 7; 67
46,58,0.25902,0.7931,80; 46; 58; 15; 64; 16; 7; 28; 44; 76
41,84,0.24692,0.4881,78; 41; 84; 42; 56; 41; 5; 43; 63; 23
19,55,0.31066,0.34545,35; 19; 55; 39; 73; 15; 41; 78; 64; 5
15,27,0.34019,0.55556,54; 15; 27; 24; 69; 36; 70; 5; 8; 14
48,85,0.2291,0.56471,51; 48; 85; 12; 74; 53; 84; 78; 46; 81
67,84,0.17602,0.79762,53; 67; 84; 36; 59; 34; 78; 30; 6; 26
55,64,0.24015,0.85938,76; 55; 64; 40; 85; 72; 15; 8; 32; 39
7,29,0.23518,0.24138,59; 7; 29; 65; 13; 27; 68; 74; 16; 69
16,46,0.30766,0.34783,14; 16; 46; 69; 8; 11; 59; 82; 60; 68
47,83,0.2216,0.56627,58; 47; 83; 27; 10; 50; 34; 77; 73; 34
8,16,0.28696,0.5,44; 8; 16; 52; 13; 51; 62; 57; 13; 71
44,79,0.23178,0.55696,82; 44; 79; 14; 76; 23; 73; 68; 53; 12
36,79,0.22842,0.4557,9; 36; 79; 5; 12; 50; 12; 64; 70; 68
12,37,0.29356,0.32432,56; 12; 37; 27; 81; 17; 64; 77; 81; 50
49,60,0.27009,0.81667,57; 49; 60; 70; 5; 52; 75; 5; 22; 34
33,41,0.32711,0.80488,39; 33; 41; 74; 83; 18; 43; 41; 82; 31
32,64,0.29394,0.5,84; 32; 64; 81; 5; 42; 69; 9; 57; 55
53,65,0.24959,0.81538,47; 53; 65; 7; 60; 56; 17; 37; 21; 67
13,41,0.29353,0.31707,16; 13; 41; 19; 14; 68; 71; 45; 81; 23
25,78,0.28339,0.32051,54; 25; 78; 41; 34; 11; 16; 82; 73; 51
39,70,0.2766,0.55714,78; 39; 70; 45; 77; 37; 31; 21; 55; 78
22,68,0.2973,0.32353,63; 22; 68; 38; 43; 72; 31; 16; 49; 64
37,43,0.32012,0.86047,84; 37; 43; 6; 76; 71; 61; 31; 30; 9
21,75,0.27373,0.28,66; 21; 75; 59; 76; 17; 80; 19; 11; 43
5,10,0.18278,0.5,67; 5; 10; 53; 72; 48; 5; 66; 81; 46
17,57,0.28956,0.29825,61; 17; 57; 7; 66; 6; 30; 20; 8; 71
25,85,0.25611,0.29412,12; 25; 85; 24; 68; 62; 42; 44; 47; 19
22,74,0.28282,0.2973,8; 22; 74; 46; 66; 59; 85; 41; 39; 22
11,46,0.23538,0.23913,20; 11; 46; 57; 28; 83; 32; 37; 39; 30
22,75,0.28031,0.29333,36; 22; 75; 52; 65; 12; 29; 38; 46; 75
63,80,0.18988,0.7875,83; 63; 80; 9; 76; 18; 72; 60; 68; 38
49,61,0.26854,0.80328,41; 49; 61; 67; 34; 44; 55; 18; 47; 13
56,70,0.20384,0.8,49; 56; 70; 36; 14; 76; 44; 67; 70; 18
30,53,0.32329,0.56604,33; 30; 53; 7; 72; 75; 18; 49; 36; 67
43,77,0.24459,0.55844,58; 43; 77; 6; 11; 60; 8; 40; 82; 15
10,33,0.28804,0.30303,85; 10; 33; 50; 28; 68; 43; 15; 20; 62
55,64,0.23106,0.85938,19; 55; 64; 37; 54; 50; 66; 80; 42; 50
16,49,0.30052,0.32653,66; 16; 49; 54; 13; 6; 44; 10; 58; 28
52,65,0.24238,0.8,12; 52; 65; 54; 44; 20; 65; 72; 57; 28
23,50,0.33476,0.46,61; 23; 50; 61; 83; 22; 71; 11; 56; 58
73,85,0.18723,0.85882,59; 73; 85; 11; 62; 83; 44; 41; 24; 51
24,65,0.30622,0.36923,28; 24; 65; 13; 80; 69; 32; 21; 7; 37
25,72,0.28083,0.34722,22; 25; 72; 80; 75; 53; 35; 38; 24; 66
12,37,0.29435,0.32432,32; 12; 37; 64; 37; 9; 20; 80; 36; 42
10,40,0.2479,0.25,68; 10; 40; 85; 32; 55; 16; 68; 38; 5
37,80,0.25938,0.4625,83; 37; 80; 30; 52; 53; 18; 51; 48; 53
26,33,0.34012,0.78788,64; 26; 33; 36; 28; 42; 43; 9; 19; 64
18,73,0.24243,0.24658,79; 18; 73; 39; 61; 13; 41; 67; 67; 37
13,26,0.33061,0.5,27; 13; 26; 38; 71; 81; 50; 31; 67; 80
23,46,0.33861,0.5,50; 23; 46; 14; 49; 31; 43; 26; 76; 31
37,47,0.3164,0.78723,55; 37; 47; 17; 80; 18; 39; 38; 46; 34
25,83,0.26762,0.3012,67; 25; 83; 57; 72; 46; 39; 36; 12; 28
5,9,0.21039,0.55556,22; 5; 9; 24; 56; 26; 52; 62; 34; 21
21,66,0.29285,0.31818,32; 21; 66; 77; 15; 61; 62; 39; 77; 79
48,85,0.21186,0.56471,52; 48; 85; 38; 41; 27; 7; 70; 45; 37
13,26,0.33133,0.5,84; 13; 26; 54; 74; 25; 78; 62; 79; 68
32,69,0.28679,0.46377,77; 32; 69; 33; 43; 14; 73; 64; 66; 21
18,62,0.28011,0.29032,65; 18; 62; 71; 60; 39; 75; 10; 44; 30
57,68,0.2391,0.83824,11; 57; 68; 33; 69; 77; 19; 11; 64; 49
27,33,0.34071,0.81818,75; 27; 33; 63; 11; 51; 54; 44; 41; 83
41,82,0.25074,0.5,46; 41; 82; 75; 14; 55; 59; 63; 15; 73
33,59,0.31623,0.55932,53; 33; 59; 62; 16; 18; 69; 64; 8; 62
11,14,0.30053,0.78571,60; 11; 14; 42; 72; 37; 52; 10; 46; 55
20,35,0.34286,0.57143,19; 20; 35; 59; 42; 32; 12; 30; 63; 32
31,68,0.29651,0.45588,49; 31; 68; 20; 78; 39; 7; 44; 12; 60
35,76,0.26344,0.46053,53; 35; 76; 64; 67; 83; 58; 13; 60; 74
64,76,0.20675,0.84211,18; 64; 76; 12; 71; 69; 61; 47; 35; 20
26,71,0.29435,0.3662,51; 26; 71; 83; 61; 22; 59; 68; 42; 36
61,76,0.2207,0.80263,52; 61; 76; 55; 62; 25; 8; 23; 67; 60
9,27,0.29119,0.33333,59; 9; 27; 38; 37; 21; 69; 44; 42; 85
23,28,0.34716,0.82143,49; 23; 28; 36; 14; 82; 71; 45; 35; 49
10,20,0.31393,0.5,52; 10; 20; 73; 76; 20; 16; 66; 15; 26
34,60,0.30081,0.56667,64; 34; 60; 36; 21; 24; 27; 43; 48; 37
39,49,0.31501,0.79592,62; 39; 49; 26; 60; 13; 22; 72; 58; 40
19,34,0.343,0.55882,54; 19; 34; 67; 76; 51; 29; 64; 31; 76
24,68,0.30295,0.35294,66; 24; 68; 11; 47; 35; 28; 64; 53; 51
39,85,0.26363,0.45882,36; 39; 85; 48; 64; 14; 54; 81; 83; 42
23,79,0.26363,0.29114,69; 23; 79; 31; 58; 61; 77; 54; 61; 43
10,31,0.29321,0.32258,18; 10; 31; 51; 31; 71; 62; 49; 9; 70
20,70,0.27996,0.28571,84; 20; 70; 24; 71; 84; 7; 78; 59; 56
49,61,0.25693,0.80328,29; 49; 61; 71; 85; 57; 62; 42; 10; 57
18,36,0.33691,0.5,47; 18; 36; 28; 54; 72; 45; 34; 83; 72
48,60,0.26567,0.8,30; 48; 60; 45; 85; 9; 20; 78; 10; 77
31,55,0.31783,0.56364,36; 31; 55; 33; 38; 72; 19; 60; 54; 50
25,71,0.29218,0.35211,51; 25; 71; 12; 7; 57; 52; 69; 12; 39
23,77,0.2817,0.2987,67; 23; 77; 79; 41; 77; 85; 81; 20; 56
19,55,0.31131,0.34545,77; 19; 55; 5; 59; 51; 33; 43; 21; 21
18,65,0.2701,0.27692,64; 18; 65; 29; 32; 28; 59; 85; 32; 19
9,26,0.29597,0.34615,81; 9; 26; 28; 72; 22; 7; 9; 41; 79
63,80,0.21177,0.7875,17; 63; 80; 28; 19; 16; 73; 5; 42; 12
41,72,0.27842,0.56944,77; 41; 72; 43; 13; 20; 6; 68; 61; 17
27,82,0.27528,0.32927,71; 27; 82; 35; 17; 45; 40; 56; 54; 66
19,78,0.24311,0.24359,41; 19; 78; 35; 84; 76; 26; 7; 51; 51
19,59,0.30138,0.32203,64; 19; 59; 28; 40; 30; 42; 54; 45; 82
26,71,0.29709,0.3662,46; 26; 71; 59; 7; 62; 5; 27; 14; 75
15,46,0.30228,0.32609,33; 15; 46; 73; 32; 58; 85; 68; 45; 27
20,71,0.2729,0.28169,12; 20; 71; 80; 20; 9; 74; 84; 28; 20
21,66,0.30035,0.31818,85; 21; 66; 61; 61; 78; 43; 46; 7; 43
41,83,0.23157,0.49398,56; 41; 83; 43; 32; 26; 26; 64; 20; 23
18,49,0.31519,0.36735,80; 18; 49; 49; 13; 41; 66; 5; 19; 8
72,84,0.19479,0.85714,20; 72; 84; 35; 23; 9; 18; 15; 52; 79
15,27,0.33346,0.55556,38; 15; 27; 36; 76; 82; 36; 78; 50; 57
19,64,0.2881,0.29688,66; 19; 64; 69; 16; 74; 8; 51; 82; 29
43,76,0.262,0.56579,38; 43; 76; 33; 59; 34; 43; 11; 73; 12
26,31,0.34241,0.83871,23; 26; 31; 79; 71; 37; 74; 26; 29; 14
23,78,0.27483,0.29487,16; 23; 78; 24; 42; 51; 42; 61; 56; 28
25,78,0.27884,0.32051,75; 25; 78; 49; 8; 29; 30; 46; 46; 33
24,83,0.2684,0.28916,15; 24; 83; 73; 49; 55; 13; 65; 76; 31
58,71,0.22887,0.8169,23; 58; 71; 72; 76; 62; 5; 83; 81; 7
66,79,0.20455,0.83544,53; 66; 79; 42; 52; 74; 27; 65; 77; 50
35,61,0.30371,0.57377,34; 35; 61; 15; 74; 49; 11; 63; 68; 51
19,41,0.33713,0.46341,60; 19; 41; 19; 30; 58; 81; 27; 53; 50
33,68,0.28643,0.48529,71; 33; 68; 13; 37; 82; 64; 82; 56; 15
68,79,0.20797,0.86076,25; 68; 79; 5; 85; 7; 85; 65; 6; 6
64,74,0.20196,0.86486,35; 64; 74; 23; 54; 41; 53; 31; 48; 68
12,50,0.23678,0.24,71; 12; 50; 33; 76; 46; 15; 80; 20; 42
61,76,0.20857,0.80263,66; 61; 76; 32; 63; 10; 5; 12; 85; 51
47,57,0.27029,0.82456,85; 47; 57; 39; 66; 57; 50; 17; 79; 29
6,17,0.27115,0.35294,77; 6; 17; 43; 60; 36; 63; 43; 77; 19
54,66,0.25272,0.81818,28; 54; 66; 34; 12; 15; 8; 16; 34; 69
18,71,0.24741,0.25352,77; 18; 71; 31; 60; 35; 65; 49; 6; 79
46,82,0.24622,0.56098,18; 46; 82; 82; 48; 24; 5; 27; 81; 52
7,14,0.26882,0.5,13; 7; 14; 75; 10; 63; 14; 68; 85; 84
7,24,0.27677,0.29167,79; 7; 24; 36; 74; 36; 18; 54; 76; 44
14,56,0.24943,0.25,53; 14; 56; 19; 41; 14; 80; 81; 68; 38
57,68,0.23605,0.83824,33; 57; 68; 40; 78; 22; 28; 55; 40; 32
19,22,0.35047,0.86364,55; 19; 22; 5; 21; 26; 82; 70; 28; 29
23,70,0.29383,0.32857,45; 23; 70; 28; 17; 40; 74; 48; 25; 71
59,75,0.21531,0.78667,78; 59; 75; 39; 60; 35; 27; 76; 82; 43
31,37,0.33591,0.83784,33; 31; 37; 25; 84; 13; 47; 79; 65; 55
55,70,0.24254,0.78571,29; 55; 70; 61; 51; 5; 76; 56; 83; 72
7,23,0.28136,0.30435,45; 7; 23; 22; 74; 54; 60; 55; 81; 39
39,70,0.27641,0.55714,48; 39; 70; 51; 60; 48; 42; 76; 30; 62
16,49,0.29934,0.32653,6; 16; 49; 60; 77; 76; 15; 26; 26; 37
10,41,0.24101,0.2439,83; 10; 41; 23; 12; 57; 10; 15; 83; 26
19,76,0.25218,0.25,39; 19; 76; 67; 34; 29; 56; 68; 27; 42
6,19,0.2877,0.31579,19; 6; 19; 74; 60; 77; 52; 57; 78; 75
7,24,0.27721,0.29167,16; 7; 24; 27; 69; 62; 29; 29; 54; 50
30,82,0.27972,0.36585,25; 30; 82; 85; 62; 12; 53; 59; 53; 32
12,40,0.28629,0.3,9; 12; 40; 67; 10; 53; 50; 37; 41; 32
16,43,0.31747,0.37209,37; 16; 43; 74; 82; 35; 73; 8; 67; 32
19,66,0.27926,0.28788,42; 19; 66; 22; 65; 38; 38; 49; 61; 30
38,44,0.31695,0.86364,85; 38; 44; 75; 52; 85; 39; 71; 11; 8
11,46,0.23678,0.23913,28; 11; 46; 66; 40; 73; 56; 80; 46; 25
57,71,0.23385,0.80282,30; 57; 71; 67; 37; 37; 75; 40; 21; 85
14,49,0.27792,0.28571,11; 14; 49; 76; 35; 48; 51; 82; 28; 6
46,81,0.21665,0.5679,15; 46; 81; 50; 37; 85; 56; 64; 84; 10
25,75,0.28963,0.33333,81; 25; 75; 11; 57; 55; 5; 13; 23; 17
23,65,0.30677,0.35385,13; 23; 65; 53; 59; 82; 61; 9; 11; 13
66,82,0.20589,0.80488,28; 66; 82; 28; 35; 13; 17; 29; 46; 47
20,35,0.34702,0.57143,56; 20; 35; 16; 80; 32; 55; 39; 58; 38
19,77,0.24905,0.24675,60; 19; 77; 46; 65; 38; 54; 30; 45; 73
11,24,0.31871,0.45833,27; 11; 24; 6; 40; 84; 46; 17; 77; 26
9,11,0.26809,0.81818,77; 9; 11; 29; 51; 77; 65; 65; 61; 39
16,65,0.24446,0.24615,59; 16; 65; 33; 16; 31; 6; 52; 33; 68
16,58,0.27093,0.27586,71; 16; 58; 34; 12; 33; 45; 76; 30; 32
20,57,0.30715,0.35088,72; 20; 57; 49; 78; 11; 6; 81; 33; 7
26,31,0.34234,0.83871,19; 26; 31; 49; 13; 15; 83; 80; 43; 13
10,31,0.29619,0.32258,31; 10; 31; 34; 14; 54; 25; 65; 27; 64
37,75,0.27604,0.49333,50; 37; 75; 67; 36; 83; 64; 70; 13; 10
55,69,0.22789,0.7971,14; 55; 69; 19; 51; 26; 81; 8; 44; 19
12,40,0.28439,0.3,64; 12; 40; 58; 25; 40; 84; 67; 72; 14
46,58,0.28029,0.7931,25; 46; 58; 75; 85; 45; 31; 7; 76; 79
6,19,0.28361,0.31579,40; 6; 19; 52; 48; 57; 40; 38; 79; 20
38,76,0.25772,0.5,49; 38; 76; 47; 77; 5; 31; 49; 34; 6
62,76,0.21302,0.81579,76; 62; 76; 67; 57; 28; 11; 7; 63; 38
50,58,0.25687,0.86207,39; 50; 58; 15; 5; 24; 15; 74; 72; 59
21,76,0.27003,0.27632,13; 21; 76; 66; 71; 69; 51; 40; 44; 36
11,40,0.26661,0.275,26; 11; 40; 50; 17; 42; 18; 38; 14; 32
47,82,0.24667,0.57317,74; 47; 82; 44; 73; 73; 7; 25; 46; 78
24,80,0.26964,0.3,16; 24; 80; 50; 47; 9; 41; 81; 34; 31
42,53,0.30317,0.79245,68; 42; 53; 36; 52; 17; 56; 75; 62; 14
21,63,0.30218,0.33333,13; 21; 63; 17; 29; 5; 59; 26; 61; 60
57,72,0.2108,0.79167,23; 57; 72; 38; 26; 78; 39; 8; 11; 84
20,80,0.25146,0.25,83; 20; 80; 41; 41; 51; 80; 66; 47; 73
21,73,0.27802,0.28767,58; 21; 73; 24; 17; 81; 70; 23; 25; 49
35,62,0.30668,0.56452,10; 35; 62; 27; 35; 71; 37; 27; 67; 82
37,81,0.24335,0.45679,56; 37; 81; 22; 13; 30; 14; 30; 79; 12
36,72,0.26643,0.5,82; 36; 72; 43; 20; 76; 73; 10; 12; 72
35,61,0.29453,0.57377,72; 35; 61; 52; 34; 67; 49; 66; 13; 78
13,54,0.23773,0.24074,43; 13; 54; 19; 11; 20; 65; 49; 66; 45
12,51,0.23178,0.23529,47; 12; 51; 85; 83; 39; 29; 24; 49; 25
10,31,0.29323,0.32258,50; 10; 31; 12; 62; 12; 7; 59; 29; 54
19,52,0.31412,0.36538,50; 19; 52; 79; 81; 38; 61; 45; 84; 35
15,41,0.31305,0.36585,65; 15; 41; 56; 56; 54; 8; 82; 37; 73
22,67,0.30177,0.32836,84; 22; 67; 6; 65; 79; 13; 63; 25; 9
6,18,0.28245,0.33333,36; 6; 18; 34; 34; 8; 84; 26; 65; 59
45,57,0.28088,0.78947,15; 45; 57; 30; 9; 13; 73; 25; 71; 5
18,37,0.33431,0.48649,17; 18; 37; 36; 55; 34; 53; 67; 23; 60
16,20,0.33474,0.8,58; 16; 20; 16; 9; 82; 77; 34; 73; 13
20,62,0.29981,0.32258,23; 20; 62; 23; 33; 40; 53; 30; 54; 82
23,50,0.3364,0.46,76; 23; 50; 26; 40; 82; 55; 68; 14; 19
20,54,0.31997,0.37037,14; 20; 54; 56; 32; 44; 70; 39; 18; 48
20,60,0.30558,0.33333,10; 20; 60; 84; 68; 28; 63; 65; 72; 27
14,55,0.25111,0.25455,33; 14; 55; 10; 29; 31; 80; 85; 60; 33
15,54,0.27404,0.27778,67; 15; 54; 36; 27; 57; 28; 84; 78; 36
30,60,0.3196,0.5,46; 30; 60; 5; 19; 80; 74; 78; 64; 65
15,50,0.28932,0.3,7; 15; 50; 63; 45; 80; 62; 14; 16; 81
59,74,0.22208,0.7973,5; 59; 74; 52; 67; 73; 73; 59; 42; 80
40,72,0.26079,0.55556,64; 40; 72; 59; 34; 84; 38; 75; 81; 74
70,85,0.20275,0.82353,74; 70; 85; 50; 75; 36; 35; 72; 6; 53
25,51,0.33149,0.4902,28; 25; 51; 18; 68; 22; 50; 29; 47; 11
33,67,0.28977,0.49254,17; 33; 67; 63; 49; 14; 10; 83; 7; 75
5,21,0.23721,0.2381,13; 5; 21; 12; 38; 81; 81; 82; 65; 9
21,46,0.33444,0.45652,36; 21; 46; 11; 16; 79; 79; 78; 13; 61
42,75,0.27083,0.56,75; 42; 75; 54; 56; 5; 67; 84; 76; 13
38,45,0.3136,0.84444,63; 38; 45; 71; 46; 13; 55; 21; 70; 30
27,47,0.33397,0.57447,25; 27; 47; 74; 75; 22; 28; 63; 50; 61
29,84,0.26003,0.34524,61; 29; 84; 68; 83; 28; 17; 50; 41; 20
27,59,0.3219,0.45763,39; 27; 59; 81; 56; 69; 64; 65; 12; 25
29,78,0.26687,0.37179,22; 29; 78; 48; 44; 55; 5; 44; 74; 78
33,41,0.33004,0.80488,46; 33; 41; 79; 51; 53; 15; 47; 37; 85
18,72,0.24941,0.25,79; 18; 72; 14; 15; 49; 20; 61; 70; 6
22,59,0.3145,0.37288,18; 22; 59; 22; 19; 31; 5; 8; 32; 18
67,82,0.19781,0.81707,32; 67; 82; 78; 33; 84; 85; 70; 26; 85
26,75,0.2578,0.34667,73; 26; 75; 37; 74; 57; 25; 71; 61; 43
24,42,0.33734,0.57143,58; 24; 42; 45; 82; 37; 28; 76; 14; 56
16,63,0.25207,0.25397,78; 16; 63; 50; 12; 21; 42; 12; 80; 35
22,63,0.3078,0.34921,6; 22; 63; 84; 58; 16; 69; 25; 50; 60
65,77,0.21303,0.84416,77; 65; 77; 81; 58; 83; 55; 79; 16; 25
18,55,0.30067,0.32727,57; 18; 55; 40; 15; 74; 56; 46; 32; 16
21,83,0.24604,0.25301,38; 21; 83; 6; 46; 83; 77; 39; 48; 37
31,54,0.29701,0.57407,51; 31; 54; 45; 22; 54; 50; 57; 30; 43
59,69,0.21052,0.85507,54; 59; 69; 53; 9; 45; 36; 19; 38; 18
11,24,0.32181,0.45833,57; 11; 24; 62; 16; 66; 65; 61; 57; 28
13,39,0.30094,0.33333,5; 13; 39; 16; 44; 70; 64; 74; 80; 55
34,69,0.29272,0.49275,29; 34; 69; 49; 55; 59; 44; 84; 21; 45
17,53,0.29964,0.32075,50; 17; 53; 74; 77; 81; 58; 40; 58; 85
43,50,0.28022,0.86,70; 43; 50; 42; 55; 8; 85; 61; 60; 51
31,84,0.25846,0.36905,47; 31; 84; 20; 11; 15; 58; 22; 5; 18
19,55,0.31144,0.34545,30; 19; 55; 67; 47; 62; 81; 10; 35; 12
68,85,0.20114,0.8,52; 68; 85; 56; 39; 61; 5; 75; 12; 30
28,85,0.2481,0.32941,81; 28; 85; 11; 9; 41; 74; 22; 82; 64
52,62,0.25743,0.83871,29; 52; 62; 71; 61; 71; 81; 31; 59; 15
40,80,0.23638,0.5,64; 40; 80; 47; 73; 38; 37; 67; 46; 40
70,83,0.19084,0.84337,43; 70; 83; 36; 79; 18; 43; 33; 80; 41
24,82,0.26604,0.29268,70; 24; 82; 50; 15; 76; 38; 75; 39; 46
12,42,0.27955,0.28571,45; 12; 42; 77; 76; 72; 71; 47; 71; 22
23,66,0.29693,0.34848,81; 23; 66; 74; 80; 8; 9; 49; 80; 71
43,51,0.30128,0.84314,21; 43; 51; 67; 29; 24; 75; 19; 65; 52
38,77,0.26588,0.49351,23; 38; 77; 85; 60; 6; 47; 29; 49; 26
32,64,0.29593,0.5,39; 32; 64; 29; 17; 7; 27; 64; 16; 85
25,50,0.32573,0.5,5; 25; 50; 51; 54; 65; 38; 7; 74; 5
19,57,0.30387,0.33333,12; 19; 57; 81; 32; 5; 43; 27; 61; 80
28,50,0.33022,0.56,76; 28; 50; 52; 30; 64; 77; 7; 55; 75
19,24,0.34939,0.79167,44; 19; 24; 39; 41; 64; 58; 65; 64; 73
10,33,0.28318,0.30303,28; 10; 33; 53; 57; 66; 69; 85; 47; 35
20,41,0.33779,0.4878,26; 20; 41; 78; 40; 74; 26; 21; 7; 28
10,33,0.28416,0.30303,78; 10; 33; 80; 8; 8; 22; 50; 47; 59
20,66,0.28699,0.30303,43; 20; 66; 20; 6; 60; 16; 34; 78; 71
70,81,0.19551,0.8642,67; 70; 81; 39; 9; 79; 6; 29; 31; 60
17,46,0.31573,0.36957,68; 17; 46; 14; 73; 58; 7; 13; 48; 52
23,40,0.34838,0.575,36; 23; 40; 27; 9; 30; 72; 56; 40; 80
18,71,0.25375,0.25352,37; 18; 71; 49; 84; 40; 41; 75; 5; 76
18,72,0.2487,0.25,13; 18; 72; 37; 52; 35; 74; 31; 9; 80
21,74,0.27534,0.28378,45; 21; 74; 71; 14; 75; 59; 72; 70; 16
9,16,0.29691,0.5625,17; 9; 16; 17; 39; 64; 11; 74; 10; 61
21,85,0.24922,0.24706,16; 21; 85; 70; 58; 76; 85; 5; 15; 63
12,51,0.23008,0.23529,16; 12; 51; 60; 48; 77; 71; 69; 71; 32
39,85,0.23818,0.45882,13; 39; 85; 50; 42; 26; 15; 46; 13; 23
5,15,0.22874,0.33333,33; 5; 15; 59; 37; 46; 30; 34; 37; 39
21,71,0.28237,0.29577,10; 21; 71; 46; 44; 31; 8; 19; 14; 10
19,55,0.31076,0.34545,71; 19; 55; 19; 47; 6; 76; 8; 63; 84
26,74,0.29015,0.35135,13; 26; 74; 80; 53; 70; 53; 51; 26; 11
41,49,0.30771,0.83673,58; 41; 49; 13; 72; 19; 27; 81; 66; 72
27,59,0.32309,0.45763,32; 27; 59; 22; 65; 78; 30; 83; 66; 73
50,63,0.26519,0.79365,34; 50; 63; 63; 56; 7; 84; 62; 36; 19
19,39,0.33494,0.48718,55; 19; 39; 12; 29; 26; 14; 24; 60; 25
12,40,0.28508,0.3,44; 12; 40; 23; 19; 68; 56; 8; 42; 29
19,65,0.28478,0.29231,69; 19; 65; 43; 22; 35; 78; 5; 68; 47
55,69,0.22333,0.7971,85; 55; 69; 25; 23; 12; 73; 9; 27; 81
43,54,0.30083,0.7963,13; 43; 54; 19; 9; 76; 12; 78; 71; 71
41,49,0.29901,0.83673,41; 41; 49; 17; 84; 36; 76; 14; 76; 35
12,14,0.31522,0.85714,57; 12; 14; 11; 83; 9; 69; 53; 45; 51
7,23,0.27645,0.30435,69; 7; 23; 40; 41; 8; 69; 65; 51; 32
13,55,0.23233,0.23636,48; 13; 55; 22; 33; 68; 34; 47; 75; 19
25,68,0.30544,0.36765,6; 25; 68; 43; 23; 62; 48; 46; 40; 21
56,71,0.23024,0.78873,19; 56; 71; 21; 8; 59; 83; 48; 75; 13
43,51,0.29998,0.84314,29; 43; 51; 57; 81; 32; 36; 42; 71; 20
39,69,0.25998,0.56522,63; 39; 69; 51; 38; 35; 50; 28; 45; 53
46,81,0.21395,0.5679,55; 46; 81; 72; 83; 9; 53; 33; 56; 32
23,28,0.3427,0.82143,58; 23; 28; 6; 12; 73; 58; 40; 65; 78
16,53,0.28779,0.30189,27; 16; 53; 52; 50; 34; 22; 68; 11; 60
5,21,0.23403,0.2381,78; 5; 21; 68; 43; 49; 77; 72; 67; 80
39,85,0.24386,0.45882,49; 39; 85; 66; 29; 10; 58; 49; 29; 54
24,65,0.30825,0.36923,39; 24; 65; 49; 85; 77; 64; 63; 8; 74
47,56,0.27591,0.83929,57; 47; 56; 13; 16; 73; 51; 45; 8; 71
23,29,0.34298,0.7931,58; 23; 29; 51; 21; 19; 79; 53; 32; 76
22,59,0.32052,0.37288,79; 22; 59; 74; 78; 41; 40; 72; 56; 50
22,77,0.27719,0.28571,55; 22; 77; 69; 62; 58; 9; 47; 84; 13
59,72,0.21938,0.81944,39; 59; 72; 76; 55; 48; 26; 11; 24; 64
18,37,0.33435,0.48649,52; 18; 37; 31; 79; 54; 45; 7; 52; 77
17,48,0.31036,0.35417,29; 17; 48; 34; 57; 45; 40; 50; 41; 49
13,46,0.27507,0.28261,20; 13; 46; 49; 60; 25; 79; 47; 24; 51
41,73,0.2591,0.56164,82; 41; 73; 68; 29; 40; 57; 81; 74; 48
30,81,0.27785,0.37037,63; 30; 81; 32; 13; 84; 79; 72; 55; 85
18,73,0.24494,0.24658,53; 18; 73; 29; 46; 63; 78; 82; 18; 7
17,72,0.23492,0.23611,68; 17; 72; 26; 20; 26; 40; 17; 82; 26
38,78,0.27724,0.48718,28; 38; 78; 49; 22; 21; 11; 7; 71; 55
68,83,0.20041,0.81928,59; 68; 83; 78; 54; 51; 13; 50; 45; 65
70,81,0.1966,0.8642,31; 70; 81; 36; 38; 38; 71; 54; 59; 85
18,63,0.27927,0.28571,17; 18; 63; 59; 16; 42; 55; 25; 8; 64
25,54,0.32257,0.46296,40; 25; 54; 43; 30; 39; 8; 69; 54; 85
38,83,0.25343,0.45783,54; 38; 83; 41; 47; 26; 80; 50; 50; 33
31,63,0.31649,0.49206,17; 31; 63; 10; 35; 79; 59; 11; 26; 81
20,79,0.25257,0.25316,36; 20; 79; 70; 18; 78; 70; 48; 68; 66
28,50,0.32415,0.56,8; 28; 50; 24; 45; 41; 68; 79; 73; 82
13,39,0.30005,0.33333,14; 13; 39; 73; 82; 19; 64; 21; 81; 57
52,62,0.25806,0.83871,62; 52; 62; 5; 45; 48; 15; 59; 19; 39
60,75,0.20622,0.8,75; 60; 75; 42; 78; 65; 85; 46; 39; 58
15,51,0.28255,0.29412,34; 15; 51; 12; 77; 18; 18; 15; 23; 77
24,73,0.29218,0.32877,51; 24; 73; 80; 15; 11; 53; 27; 36; 69
57,72,0.22261,0.79167,7; 57; 72; 68; 53; 56; 9; 66; 5; 80
31,54,0.32485,0.57407,12; 31; 54; 24; 33; 56; 66; 51; 63; 28
25,72,0.28777,0.34722,56; 25; 72; 13; 16; 71; 53; 24; 75; 63
14,25,0.32553,0.56,22; 14; 25; 80; 31; 21; 17; 20; 55; 62
19,80,0.23471,0.2375,32; 19; 80; 19; 13; 46; 27; 43; 5; 32
33,67,0.28795,0.49254,32; 33; 67; 13; 57; 32; 57; 82; 69; 28
18,60,0.28609,0.3,16; 18; 60; 17; 57; 33; 21; 38; 14; 9
25,78,0.27873,0.32051,53; 25; 78; 53; 40; 55; 49; 52; 68; 41
49,60,0.26,0.81667,59; 49; 60; 76; 35; 29; 85; 6; 26; 25
18,63,0.2783,0.28571,20; 18; 63; 80; 42; 57; 82; 39; 42; 29
30,82,0.26456,0.36585,65; 30; 82; 26; 52; 50; 7; 29; 22; 75
37,80,0.22444,0.4625,32; 37; 80; 40; 85; 51; 60; 72; 49; 55
7,22,0.28617,0.31818,49; 7; 22; 11; 43; 21; 79; 56; 23; 66
36,63,0.29672,0.57143,34; 36; 63; 23; 71; 61; 19; 56; 32; 43
49,62,0.26888,0.79032,79; 49; 62; 71; 27; 29; 41; 26; 42; 9
63,79,0.2125,0.79747,32; 63; 79; 81; 61; 38; 54; 24; 73; 25
6,19,0.28017,0.31579,26; 6; 19; 84; 70; 34; 64; 66; 83; 32
30,81,0.27915,0.37037,83; 30; 81; 53; 25; 59; 10; 35; 80; 80
28,34,0.34241,0.82353,26; 28; 34; 5; 65; 8; 19; 79; 79; 42
42,75,0.26363,0.56,53; 42; 75; 79; 36; 33; 64; 54; 58; 69
14,47,0.28458,0.29787,55; 14; 47; 28; 83; 47; 26; 35; 17; 54
24,75,0.28411,0.32,55; 24; 75; 77; 52; 14; 62; 45; 74; 23
8,33,0.23647,0.24242,70; 8; 33; 21; 59; 28; 32; 79; 25; 40
13,52,0.24713,0.25,25; 13; 52; 21; 7; 85; 14; 36; 69; 16
6,18,0.27803,0.33333,40; 6; 18; 51; 52; 7; 59; 32; 77; 6
30,82,0.27363,0.36585,17; 30; 82; 27; 69; 16; 40; 30; 38; 45
67,78,0.20871,0.85897,38; 67; 78; 63; 53; 22; 78; 64; 32; 59
12,36,0.2917,0.33333,85; 12; 36; 10; 77; 35; 84; 76; 62; 22
62,78,0.22313,0.79487,53; 62; 78; 9; 71; 84; 56; 57; 62; 67
16,55,0.28471,0.29091,18; 16; 55; 35; 48; 57; 8; 29; 7; 8
16,68,0.23191,0.23529,37; 16; 68; 78; 85; 16; 63; 26; 54; 51
23,65,0.30896,0.35385,22; 23; 65; 5; 52; 30; 43; 34; 19; 9
14,28,0.33294,0.5,21; 14; 28; 85; 17; 35; 85; 7; 45; 28
24,48,0.3356,0.5,44; 24; 48; 24; 38; 27; 61; 80; 77; 36
70,85,0.19176,0.82353,36; 70; 85; 81; 7; 77; 66; 29; 66; 50
61,77,0.20947,0.79221,18; 61; 77; 53; 52; 62; 29; 35; 20; 28
41,49,0.29902,0.83673,24; 41; 49; 21; 76; 43; 13; 40; 42; 85
10,41,0.24197,0.2439,19; 10; 41; 45; 75; 61; 19; 6; 25; 36
61,76,0.18796,0.80263,49; 61; 76; 72; 75; 62; 17; 52; 27; 45
20,36,0.33605,0.55556,76; 20; 36; 80; 58; 38; 71; 75; 12; 9
36,44,0.32036,0.81818,81; 36; 44; 44; 6; 50; 55; 64; 39; 27
29,78,0.27802,0.37179,16; 29; 78; 51; 50; 39; 18; 43; 31; 24
17,30,0.34146,0.56667,35; 17; 30; 12; 52; 37; 29; 78; 37; 32
23,78,0.27212,0.29487,82; 23; 78; 69; 44; 13; 60; 13; 26; 10
18,57,0.29438,0.31579,5; 18; 57; 8; 72; 39; 75; 61; 29; 69
17,59,0.27994,0.28814,65; 17; 59; 6; 77; 34; 19; 17; 55; 73
20,81,0.24699,0.24691,8; 20; 81; 31; 62; 14; 54; 24; 45; 70
20,84,0.24257,0.2381,23; 20; 84; 39; 6; 6; 63; 16; 58; 15
58,69,0.23442,0.84058,20; 58; 69; 7; 81; 31; 49; 51; 45; 47
22,28,0.34571,0.78571,71; 22; 28; 58; 54; 7; 64; 62; 31; 41
18,60,0.28671,0.3,30; 18; 60; 63; 54; 10; 36; 85; 40; 54
25,79,0.27155,0.31646,28; 25; 79; 5; 74; 21; 58; 14; 17; 68
28,49,0.33496,0.57143,76; 28; 49; 81; 84; 39; 59; 52; 9; 43
35,44,0.32003,0.79545,34; 35; 44; 45; 9; 67; 64; 67; 38; 23
18,71,0.25217,0.25352,74; 18; 71; 8; 16; 53; 17; 31; 64; 38
70,83,0.2015,0.84337,39; 70; 83; 64; 77; 56; 49; 15; 37; 22
37,45,0.31894,0.82222,67; 37; 45; 9; 62; 70; 37; 35; 83; 38
18,61,0.28556,0.29508,85; 18; 61; 32; 16; 32; 32; 43; 76; 64
65,79,0.19373,0.82278,78; 65; 79; 49; 50; 30; 16; 16; 11; 71
16,43,0.31662,0.37209,40; 16; 43; 10; 29; 64; 53; 66; 47; 43
30,82,0.26608,0.36585,15; 30; 82; 57; 19; 69; 28; 8; 32; 8
55,64,0.24717,0.85938,47; 55; 64; 49; 28; 41; 25; 36; 58; 44
48,61,0.27074,0.78689,58; 48; 61; 34; 50; 81; 7; 47; 15; 33
22,74,0.28258,0.2973,47; 22; 74; 44; 73; 52; 13; 43; 30; 53
65,82,0.19611,0.79268,72; 65; 82; 29; 75; 75; 65; 61; 72; 81
26,82,0.27241,0.31707,75; 26; 82; 46; 71; 20; 7; 80; 48; 29
19,22,0.34138,0.86364,27; 19; 22; 69; 53; 31; 6; 43; 49; 83
23,71,0.29813,0.32394,7; 23; 71; 38; 78; 11; 17; 12; 46; 80
23,66,0.30042,0.34848,25; 23; 66; 65; 61; 22; 15; 79; 70; 53
30,61,0.31291,0.4918,67; 30; 61; 13; 30; 34; 40; 50; 73; 54
26,78,0.28181,0.33333,83; 26; 78; 78; 25; 33; 51; 61; 41; 47
7,23,0.28493,0.30435,79; 7; 23; 51; 39; 39; 80; 69; 16; 49
20,35,0.34216,0.57143,21; 20; 35; 52; 27; 85; 56; 65; 64; 52
22,59,0.31286,0.37288,75; 22; 59; 57; 49; 74; 46; 11; 48; 70
24,68,0.29877,0.35294,57; 24; 68; 29; 50; 5; 56; 50; 83; 59
41,84,0.25214,0.4881,74; 41; 84; 53; 27; 79; 66; 37; 81; 61
18,54,0.30045,0.33333,43; 18; 54; 84; 56; 51; 56; 77; 23; 67
36,42,0.32124,0.85714,13; 36; 42; 42; 63; 41; 56; 25; 35; 60
64,74,0.21278,0.86486,11; 64; 74; 69; 55; 59; 19; 85; 67; 76
35,71,0.28926,0.49296,13; 35; 71; 17; 85; 28; 53; 78; 52; 55
32,37,0.33851,0.86486,59; 32; 37; 63; 24; 11; 78; 28; 85; 57
23,72,0.28857,0.31944,76; 23; 72; 45; 5; 22; 18; 35; 20; 63
50,63,0.2701,0.79365,50; 50; 63; 61; 8; 66; 72; 53; 20; 50
28,56,0.32158,0.5,9; 28; 56; 50; 63; 28; 66; 47; 79; 48
35,72,0.28324,0.48611,30; 35; 72; 50; 20; 7; 12; 54; 50; 34
11,34,0.29214,0.32353,36; 11; 34; 31; 16; 23; 39; 58; 73; 49
22,77,0.27636,0.28571,10; 22; 77; 38; 70; 76; 19; 37; 40; 71
38,77,0.2589,0.49351,56; 38; 77; 38; 45; 48; 48; 56; 70; 27
7,23,0.28521,0.30435,7; 7; 23; 42; 40; 80; 17; 20; 64; 33
40,82,0.24774,0.4878,9; 40; 82; 82; 68; 67; 18; 85; 48; 84
16,58,0.27141,0.27586,34; 16; 58; 77; 72; 73; 52; 83; 73; 23
12,37,0.29838,0.32432,62; 12; 37; 83; 37; 37; 70; 35; 39; 28
23,63,0.31309,0.36508,29; 23; 63; 41; 44; 42; 44; 7; 60; 33
16,32,0.33155,0.5,80; 16; 32; 25; 57; 80; 8; 28; 72; 39
48,57,0.27859,0.84211,46; 48; 57; 5; 49; 67; 17; 56; 39; 67
68,83,0.19139,0.81928,47; 68; 83; 80; 30; 8; 75; 16; 46; 69
18,55,0.30383,0.32727,18; 18; 55; 19; 54; 24; 16; 18; 48; 79
9,11,0.26847,0.81818,23; 9; 11; 84; 60; 78; 77; 84; 30; 74
40,71,0.27354,0.56338,53; 40; 71; 53; 22; 21; 18; 38; 49; 6
10,31,0.2946,0.32258,75; 10; 31; 8; 6; 22; 40; 70; 63; 49
64,81,0.19752,0.79012,73; 64; 81; 31; 42; 65; 72; 73; 54; 8
45,57,0.28444,0.78947,74; 45; 57; 44; 7; 18; 39; 82; 64; 46
32,40,0.32597,0.8,24; 32; 40; 19; 16; 41; 79; 15; 49; 32
13,26,0.32821,0.5,45; 13; 26; 26; 45; 34; 28; 56; 74; 50
16,53,0.28817,0.30189,30; 16; 53; 24; 81; 46; 11; 49; 59; 5
18,64,0.27391,0.28125,38; 18; 64; 25; 20; 7; 41; 48; 40; 84
18,51,0.3105,0.35294,41; 18; 51; 50; 29; 23; 55; 30; 64; 75
54,64,0.2414,0.84375,6; 54; 64; 53; 74; 18; 65; 83; 35; 10
20,68,0.28548,0.29412,67; 20; 68; 62; 73; 78; 56; 62; 57; 32
13,35,0.31336,0.37143,40; 13; 35; 76; 63; 60; 36; 26; 37; 18
15,54,0.27166,0.27778,55; 15; 54; 21; 71; 56; 25; 36; 27; 75
50,61,0.26954,0.81967,67; 50; 61; 16; 62; 11; 71; 43; 37; 70
44,55,0.29856,0.8,53; 44; 55; 69; 10; 23; 12; 33; 26; 17
21,84,0.24792,0.25,46; 21; 84; 60; 60; 9; 6; 39; 72; 59
36,73,0.27123,0.49315,15; 36; 73; 74; 80; 25; 15; 64; 20; 74
24,80,0.27082,0.3,49; 24; 80; 62; 71; 53; 51; 19; 39; 42
42,75,0.26945,0.56,79; 42; 75; 6; 41; 72; 46; 40; 8; 9
23,82,0.26869,0.28049,16; 23; 82; 67; 53; 16; 14; 35; 74; 60
14,48,0.28391,0.29167,7; 14; 48; 69; 83; 18; 78; 25; 30; 15
36,43,0.3188,0.83721,69; 36; 43; 49; 63; 12; 7; 79; 66; 34
17,67,0.25206,0.25373,51; 17; 67; 57; 50; 53; 53; 51; 24; 10
21,71,0.28414,0.29577,51; 21; 71; 74; 12; 10; 28; 74; 69; 61
13,47,0.26674,0.2766,25; 13; 47; 39; 37; 7; 55; 17; 13; 32
36,79,0.2662,0.4557,69; 36; 79; 34; 6; 67; 37; 65; 46; 11
18,55,0.30232,0.32727,7; 18; 55; 60; 7; 82; 68; 49; 67; 34
17,67,0.24875,0.25373,84; 17; 67; 50; 30; 15; 13; 31; 26; 45
11,46,0.23726,0.23913,67; 11; 46; 57; 31; 85; 8; 81; 26; 12
17,53,0.29644,0.32075,65; 17; 53; 33; 31; 26; 81; 56; 43; 70
9,18,0.3045,0.5,34; 9; 18; 12; 32; 23; 10; 30; 54; 68
41,83,0.21404,0.49398,25; 41; 83; 51; 58; 39; 47; 28; 6; 37
70,81,0.19577,0.8642,84; 70; 81; 32; 84; 6; 15; 6; 69; 46
28,85,0.26619,0.32941,69; 28; 85; 45; 36; 74; 85; 45; 57; 38
35,63,0.30069,0.55556,13; 35; 63; 78; 45; 45; 20; 64; 54; 51
21,71,0.27682,0.29577,61; 21; 71; 12; 35; 66; 54; 24; 80; 30
20,79,0.253,0.25316,17; 20; 79; 14; 63; 82; 19; 80; 26; 68
62,72,0.22126,0.86111,17; 62; 72; 24; 59; 15; 26; 45; 69; 84
23,81,0.26682,0.28395,71; 23; 81; 72; 29; 62; 18; 5; 15; 27
65,79,0.21232,0.82278,48; 65; 79; 49; 5; 23; 82; 83; 69; 17
12,50,0.23942,0.24,77; 12; 50; 48; 43; 35; 43; 82; 74; 42
35,70,0.29072,0.5,49; 35; 70; 69; 61; 5; 29; 11; 47; 56
10,33,0.28955,0.30303,43; 10; 33; 64; 61; 66; 61; 50; 71; 35
15,59,0.25387,0.25424,34; 15; 59; 67; 79; 82; 46; 15; 80; 34
51,59,0.25827,0.86441,52; 51; 59; 13; 36; 71; 15; 5; 22; 34
23,41,0.34399,0.56098,78; 23; 41; 6; 24; 6; 44; 26; 78; 68
36,74,0.27505,0.48649,21; 36; 74; 70; 40; 15; 26; 25; 36; 80
21,72,0.28262,0.29167,83; 21; 72; 63; 21; 25; 37; 65; 29; 22
14,48,0.28233,0.29167,84; 14; 48; 46; 75; 49; 55; 44; 46; 79
48,60,0.26606,0.8,73; 48; 60; 12; 45; 76; 64; 85; 80; 74
15,61,0.24454,0.2459,37; 15; 61; 48; 14; 70; 5; 84; 16; 37
13,53,0.2424,0.24528,29; 13; 53; 74; 66; 44; 50; 33; 69; 17
23,41,0.34372,0.56098,69; 23; 41; 58; 28; 73; 80; 20; 54; 34
19,57,0.30501,0.33333,60; 19; 57; 79; 71; 70; 19; 55; 22; 60
31,63,0.30629,0.49206,69; 31; 63; 44; 19; 39; 17; 36; 62; 70
58,73,0.2274,0.79452,69; 58; 73; 56; 73; 7; 46; 43; 31; 56
26,53,0.32804,0.49057,69; 26; 53; 42; 38; 77; 36; 13; 13; 17
14,47,0.28737,0.29787,37; 14; 47; 43; 64; 10; 70; 19; 53; 73
27,82,0.26645,0.32927,62; 27; 82; 13; 53; 51; 75; 24; 17; 57
58,71,0.2301,0.8169,67; 58; 71; 72; 68; 14; 71; 72; 80; 40
50,63,0.26216,0.79365,24; 50; 63; 60; 54; 50; 58; 35; 77; 29
55,70,0.23306,0.78571,13; 55; 70; 24; 14; 12; 74; 85; 31; 48
30,61,0.29434,0.4918,68; 30; 61; 24; 80; 50; 18; 70; 30; 47
38,82,0.24089,0.46341,73; 38; 82; 76; 44; 76; 74; 52; 79; 32
18,49,0.31468,0.36735,51; 18; 49; 63; 55; 18; 52; 80; 7; 66
50,63,0.25377,0.79365,32; 50; 63; 81; 35; 7; 79; 39; 77; 81
36,79,0.25841,0.4557,25; 36; 79; 54; 5; 58; 78; 53; 83; 25
6,13,0.25274,0.46154,33; 6; 13; 60; 83; 62; 13; 34; 9; 82
30,85,0.27127,0.35294,34; 30; 85; 75; 14; 40; 60; 30; 21; 44
37,76,0.2661,0.48684,83; 37; 76; 6; 83; 36; 54; 56; 6; 46
9,18,0.30766,0.5,5; 9; 18; 83; 70; 65; 69; 63; 52; 43
67,85,0.18419,0.78824,31; 67; 85; 37; 80; 51; 20; 47; 40; 66
27,48,0.33312,0.5625,22; 27; 48; 74; 69; 44; 31; 22; 61; 81
8,10,0.24461,0.8,46; 8; 10; 64; 29; 69; 26; 61; 83; 36
13,35,0.30662,0.37143,23; 13; 35; 23; 85; 15; 84; 60; 5; 53
37,45,0.3037,0.82222,55; 37; 45; 35; 20; 17; 78; 36; 15; 63
25,79,0.27,0.31646,18; 25; 79; 58; 83; 21; 24; 67; 31; 76
13,40,0.29648,0.325,42; 13; 40; 46; 36; 23; 76; 8; 35; 62
60,70,0.22565,0.85714,32; 60; 70; 42; 79; 37; 80; 14; 29; 55
47,57,0.2608,0.82456,13; 47; 57; 38; 73; 17; 56; 64; 40; 7
26,70,0.30011,0.37143,23; 26; 70; 35; 16; 61; 68; 28; 79; 6
15,47,0.29493,0.31915,20; 15; 47; 41; 32; 10; 78; 34; 30; 11
23,83,0.26562,0.27711,53; 23; 83; 6; 62; 10; 30; 71; 20; 67
20,83,0.24063,0.24096,6; 20; 83; 50; 47; 30; 72; 57; 62; 71
40,71,0.27634,0.56338,63; 40; 71; 76; 37; 71; 7; 44; 37; 38
9,26,0.30152,0.34615,65; 9; 26; 23; 17; 68; 42; 29; 83; 6
29,52,0.31886,0.55769,15; 29; 52; 83; 11; 20; 42; 53; 60; 13
22,69,0.29664,0.31884,81; 22; 69; 24; 57; 10; 24; 22; 54; 19
46,82,0.2519,0.56098,5; 46; 82; 42; 23; 80; 81; 54; 77; 50
28,56,0.31816,0.5,32; 28; 56; 30; 16; 37; 29; 63; 57; 55
60,70,0.23276,0.85714,55; 60; 70; 27; 62; 16; 65; 54; 53; 15
35,71,0.28373,0.49296,14; 35; 71; 81; 15; 47; 27; 16; 46; 82
37,80,0.26553,0.4625,53; 37; 80; 67; 15; 62; 38; 51; 29; 15
59,75,0.22383,0.78667,71; 59; 75; 6; 54; 15; 31; 73; 7; 33
19,51,0.31426,0.37255,53; 19; 51; 22; 40; 41; 42; 49; 5; 38
17,59,0.28285,0.28814,18; 17; 59; 40; 49; 8; 37; 27; 59; 33
6,7,0.19537,0.85714,20; 6; 7; 44; 67; 74; 78; 48; 45; 54
28,76,0.28811,0.36842,42; 28; 76; 27; 10; 63; 47; 59; 56; 70
31,38,0.33715,0.81579,64; 31; 38; 78; 64; 25; 52; 56; 70; 61
17,46,0.31363,0.36957,71; 17; 46; 15; 47; 64; 83; 70; 27; 68
37,44,0.30949,0.84091,73; 37; 44; 60; 58; 9; 18; 40; 68; 84
28,49,0.32842,0.57143,78; 28; 49; 66; 39; 50; 85; 12; 30; 21
22,60,0.30985,0.36667,32; 22; 60; 31; 34; 53; 44; 5; 14; 80
25,29,0.34064,0.86207,79; 25; 29; 19; 52; 26; 69; 23; 72; 48
40,72,0.2475,0.55556,61; 40; 72; 54; 59; 32; 52; 41; 35; 28
46,58,0.28601,0.7931,83; 46; 58; 72; 9; 18; 10; 55; 76; 74
53,65,0.23932,0.81538,78; 53; 65; 28; 21; 77; 80; 74; 6; 36
37,47,0.31523,0.78723,64; 37; 47; 32; 60; 51; 10; 14; 8; 74
38,68,0.26975,0.55882,31; 38; 68; 38; 20; 16; 72; 70; 6; 75
17,35,0.33441,0.48571,40; 17; 35; 38; 7; 53; 40; 16; 46; 56
67,85,0.1959,0.78824,73; 67; 85; 33; 12; 76; 15; 39; 85; 15
72,84,0.19248,0.85714,51; 72; 84; 65; 81; 5; 39; 68; 38; 64
38,67,0.28949,0.56716,76; 38; 67; 49; 69; 53; 67; 11; 78; 58
51,61,0.26176,0.83607,53; 51; 61; 19; 32; 43; 42; 28; 58; 10
48,85,0.22616,0.56471,79; 48; 85; 69; 8; 81; 61; 55; 12; 52
61,73,0.21492,0.83562,69; 61; 73; 67; 45; 9; 31; 65; 57; 43
48,57,0.24161,0.84211,85; 48; 57; 36; 73; 25; 34; 56; 68; 25
16,63,0.24964,0.25397,77; 16; 63; 34; 70; 28; 85; 53; 12; 80
28,80,0.26144,0.35,7; 28; 80; 18; 49; 67; 35; 35; 68; 78
63,80,0.21183,0.7875,63; 63; 80; 78; 72; 84; 33; 9; 44; 7
13,28,0.32625,0.46429,47; 13; 28; 58; 46; 77; 67; 66; 8; 84
45,79,0.24274,0.56962,23; 45; 79; 15; 70; 23; 35; 44; 48; 67
29,52,0.32261,0.55769,56; 29; 52; 43; 54; 48; 52; 85; 79; 42
10,30,0.29885,0.33333,76; 10; 30; 34; 74; 52; 48; 24; 30; 27
12,41,0.28376,0.29268,31; 12; 41; 77; 12; 59; 39; 58; 62; 64
17,67,0.25041,0.25373,61; 17; 67; 25; 75; 10; 35; 74; 26; 57
13,40,0.29657,0.325,80; 13; 40; 56; 67; 44; 69; 32; 19; 59
48,61,0.27308,0.78689,53; 48; 61; 45; 77; 47; 77; 28; 72; 44
67,85,0.19903,0.78824,44; 67; 85; 60; 16; 80; 55; 76; 28; 48
25,51,0.33283,0.4902,50; 25; 51; 51; 22; 45; 57; 48; 76; 58
44,51,0.2941,0.86275,40; 44; 51; 51; 79; 36; 23; 45; 9; 58
12,38,0.29057,0.31579,21; 12; 38; 16; 54; 26; 73; 25; 66; 51
7,22,0.28594,0.31818,5; 7; 22; 24; 60; 72; 47; 49; 52; 33
20,40,0.33687,0.5,19; 20; 40; 6; 69; 25; 7; 59; 7; 82
29,51,0.32508,0.56863,36; 29; 51; 73; 53; 54; 81; 54; 49; 14
50,63,0.25953,0.79365,81; 50; 63; 80; 25; 15; 5; 48; 33; 45
46,56,0.28199,0.82143,20; 46; 56; 5; 39; 9; 17; 71; 44; 19
53,67,0.23653,0.79104,21; 53; 67; 54; 55; 45; 52; 74; 52; 48
19,68,0.27246,0.27941,7; 19; 68; 32; 69; 45; 33; 73; 84; 55
25,50,0.33532,0.5,41; 25; 50; 49; 28; 24; 11; 44; 81; 17
66,83,0.20386,0.79518,5; 66; 83; 41; 49; 85; 57; 21; 57; 45
24,82,0.27203,0.29268,41; 24; 82; 13; 82; 51; 66; 13; 72; 73
53,63,0.25082,0.84127,60; 53; 63; 21; 14; 15; 50; 49; 73; 81
27,48,0.33522,0.5625,77; 27; 48; 68; 28; 78; 29; 41; 58; 64
43,54,0.29821,0.7963,44; 43; 54; 52; 75; 26; 74; 67; 68; 48
26,74,0.29068,0.35135,43; 26; 74; 30; 35; 15; 84; 57; 26; 13
13,47,0.26958,0.2766,69; 13; 47; 55; 85; 76; 13; 19; 69; 57
15,50,0.2861,0.3,27; 15; 50; 6; 53; 37; 71; 77; 15; 66
9,27,0.29333,0.33333,50; 9; 27; 41; 20; 26; 62; 38; 39; 27
25,79,0.26385,0.31646,26; 25; 79; 66; 67; 54; 50; 77; 63; 79
18,54,0.30047,0.33333,69; 18; 54; 59; 82; 65; 66; 34; 13; 33
47,59,0.27768,0.79661,34; 47; 59; 17; 63; 60; 68; 20; 5; 36
25,29,0.34666,0.86207,84; 25; 29; 37; 74; 16; 70; 19; 34; 32
11,31,0.30571,0.35484,34; 11; 31; 45; 51; 81; 71; 33; 76; 26
23,29,0.34693,0.7931,52; 23; 29; 67; 61; 58; 70; 73; 63; 14
54,68,0.2265,0.79412,25; 54; 68; 16; 16; 12; 8; 41; 38; 68
16,35,0.32624,0.45714,57; 16; 35; 44; 15; 18; 23; 30; 33; 11
37,80,0.24639,0.4625,57; 37; 80; 80; 20; 15; 35; 8; 23; 46
71,85,0.18185,0.83529,54; 71; 85; 76; 44; 38; 60; 29; 17; 64
18,76,0.2325,0.23684,29; 18; 76; 59; 56; 73; 24; 75; 45; 65
60,73,0.20703,0.82192,82; 60; 73; 64; 84; 57; 39; 73; 67; 74
49,60,0.26877,0.81667,47; 49; 60; 85; 18; 64; 14; 72; 79; 75
73,85,0.18385,0.85882,47; 73; 85; 81; 65; 57; 82; 27; 11; 49
18,39,0.3349,0.46154,26; 18; 39; 77; 44; 29; 58; 31; 5; 57
66,82,0.19674,0.80488,85; 66; 82; 27; 59; 39; 12; 31; 41; 84
38,76,0.26202,0.5,7; 38; 76; 59; 82; 11; 17; 17; 56; 36
20,63,0.29438,0.31746,19; 20; 63; 33; 34; 25; 83; 34; 41; 30
24,30,0.34449,0.8,55; 24; 30; 22; 21; 66; 48; 81; 75; 72
66,84,0.20568,0.78571,82; 66; 84; 20; 51; 59; 17; 6; 33; 33
41,51,0.30197,0.80392,37; 41; 51; 24; 63; 9; 69; 54; 27; 56
20,84,0.23728,0.2381,41; 20; 84; 60; 35; 39; 53; 77; 63; 36
31,38,0.33801,0.81579,44; 31; 38; 79; 46; 48; 50; 68; 6; 62
23,83,0.26345,0.27711,83; 23; 83; 8; 12; 10; 9; 63; 45; 6
11,22,0.32025,0.5,70; 11; 22; 18; 23; 7; 47; 35; 46; 32
9,36,0.24518,0.25,12; 9; 36; 25; 7; 17; 40; 83; 62; 41
36,72,0.26598,0.5,76; 36; 72; 70; 39; 13; 35; 64; 15; 55
30,61,0.31674,0.4918,49; 30; 61; 11; 21; 48; 63; 17; 72; 48
26,57,0.32471,0.45614,26; 26; 57; 76; 44; 64; 61; 51; 7; 12
44,55,0.29369,0.8,31; 44; 55; 83; 65; 71; 15; 79; 82; 13
72,84,0.18626,0.85714,24; 72; 84; 67; 79; 6; 18; 39; 6; 32
27,84,0.26472,0.32143,40; 27; 84; 24; 22; 46; 79; 15; 38; 10
36,63,0.29327,0.57143,47; 36; 63; 7; 13; 7; 34; 68; 50; 37
12,14,0.30897,0.85714,34; 12; 14; 46; 24; 27; 8; 14; 54; 20
9,26,0.29744,0.34615,66; 9; 26; 37; 24; 22; 52; 60; 58; 6
24,49,0.3348,0.4898,51; 24; 49; 8; 20; 67; 36; 75; 56; 51
23,62,0.31262,0.37097,85; 23; 62; 23; 77; 51; 48; 71; 85; 35
22,78,0.27408,0.28205,84; 22; 78; 57; 31; 30; 41; 75; 45; 20
32,40,0.33612,0.8,75; 32; 40; 52; 40; 44; 62; 81; 49; 50
42,53,0.299,0.79245,25; 42; 53; 71; 31; 84; 12; 29; 22; 13
8,24,0.29072,0.33333,70; 8; 24; 66; 48; 72; 82; 68; 48; 74
31,62,0.31245,0.5,77; 31; 62; 60; 82; 71; 75; 64; 62; 76
14,59,0.23566,0.23729,42; 14; 59; 47; 6; 8; 69; 39; 81; 73
44,78,0.2513,0.5641,70; 44; 78; 51; 37; 47; 34; 49; 75; 37
66,77,0.20325,0.85714,7; 66; 77; 81; 38; 26; 84; 10; 56; 62
18,36,0.33652,0.5,60; 18; 36; 23; 81; 72; 77; 8; 49; 18
16,55,0.28093,0.29091,42; 16; 55; 58; 10; 78; 22; 30; 37; 20
62,76,0.21023,0.81579,70; 62; 76; 63; 19; 85; 20; 83; 50; 14
9,11,0.2584,0.81818,48; 9; 11; 52; 5; 25; 49; 27; 28; 14
47,83,0.23797,0.56627,11; 47; 83; 16; 33; 43; 46; 82; 24; 48
20,61,0.29872,0.32787,8; 20; 61; 83; 62; 39; 47; 76; 18; 47
38,77,0.24496,0.49351,76; 38; 77; 45; 80; 54; 63; 43; 76; 47
59,69,0.22832,0.85507,18; 59; 69; 17; 11; 33; 63; 85; 84; 51
21,57,0.31775,0.36842,29; 21; 57; 22; 20; 6; 61; 62; 49; 63
23,70,0.29962,0.32857,19; 23; 70; 5; 7; 52; 79; 74; 49; 69
47,83,0.2262,0.56627,39; 47; 83; 59; 26; 34; 66; 45; 21; 43
11,14,0.30463,0.78571,27; 11; 14; 74; 79; 54; 85; 25; 9; 40
11,38,0.28039,0.28947,76; 11; 38; 18; 80; 75; 7; 9; 58; 20
37,46,0.30689,0.80435,11; 37; 46; 40; 61; 77; 58; 42; 43; 24
12,40,0.28314,0.3,40; 12; 40; 42; 20; 15; 42; 66; 42; 5
59,72,0.21025,0.81944,47; 59; 72; 23; 84; 56; 24; 75; 50; 77
18,74,0.24156,0.24324,65; 18; 74; 24; 44; 60; 34; 24; 18; 72
53,63,0.25482,0.84127,59; 53; 63; 73; 20; 82; 14; 83; 77; 30
19,55,0.30429,0.34545,34; 19; 55; 12; 75; 68; 50; 28; 72; 27
23,77,0.27941,0.2987,58; 23; 77; 49; 79; 37; 23; 69; 49; 13
24,49,0.33441,0.4898,12; 24; 49; 40; 65; 58; 62; 51; 22; 72
11,14,0.29201,0.78571,9; 11; 14; 80; 77; 19; 43; 77; 54; 50
44,79,0.24194,0.55696,58; 44; 79; 68; 30; 76; 28; 24; 24; 20
5,10,0.22167,0.5,7; 5; 10; 39; 73; 62; 15; 15; 37; 67
17,52,0.30259,0.32692,15; 17; 52; 46; 60; 11; 45; 83; 41; 9
25,67,0.30004,0.37313,34; 25; 67; 80; 10; 16; 49; 73; 15; 6
26,56,0.32278,0.46429,15; 26; 56; 58; 70; 47; 72; 18; 78; 79
26,71,0.29525,0.3662,24; 26; 71; 49; 19; 40; 12; 12; 53; 33
15,43,0.30777,0.34884,85; 15; 43; 25; 67; 40; 59; 45; 13; 17
15,61,0.24422,0.2459,49; 15; 61; 57; 63; 46; 84; 27; 37; 13
23,82,0.26929,0.28049,54; 23; 82; 58; 49; 74; 31; 34; 25; 82
17,49,0.30238,0.34694,31; 17; 49; 11; 29; 66; 55; 35; 68; 13
14,48,0.2842,0.29167,84; 14; 48; 65; 15; 60; 79; 47; 46; 39
45,81,0.2003,0.55556,78; 45; 81; 44; 30; 9; 40; 34; 58; 30
15,53,0.27476,0.28302,60; 15; 53; 68; 79; 75; 34; 8; 70; 12
40,81,0.22484,0.49383,28; 40; 81; 15; 34; 43; 56; 57; 15; 31
26,56,0.32222,0.46429,80; 26; 56; 76; 77; 7; 79; 59; 13; 60
32,64,0.29323,0.5,34; 32; 64; 36; 67; 64; 12; 55; 46; 45
19,64,0.286,0.29688,9; 19; 64; 70; 35; 14; 68; 66; 23; 36
21,42,0.34183,0.5,28; 21; 42; 28; 33; 17; 38; 69; 6; 5
37,81,0.26114,0.45679,80; 37; 81; 85; 44; 76; 14; 27; 36; 85
15,47,0.29401,0.31915,39; 15; 47; 50; 48; 20; 36; 26; 6; 84
36,44,0.32529,0.81818,74; 36; 44; 73; 48; 82; 9; 42; 20; 68
18,57,0.29508,0.31579,41; 18; 57; 46; 71; 31; 71; 72; 45; 60
10,42,0.2375,0.2381,9; 10; 42; 65; 39; 35; 24; 27; 37; 63
22,73,0.28109,0.30137,61; 22; 73; 28; 60; 50; 61; 60; 43; 38
33,68,0.29857,0.48529,69; 33; 68; 73; 32; 65; 27; 25; 55; 57
56,70,0.20375,0.8,72; 56; 70; 6; 80; 14; 5; 7; 32; 19
26,53,0.32813,0.49057,24; 26; 53; 11; 6; 72; 78; 37; 51; 54
36,79,0.26199,0.4557,42; 36; 79; 42; 48; 57; 11; 14; 56; 16
36,79,0.24567,0.4557,18; 36; 79; 78; 55; 79; 80; 21; 7; 30
18,60,0.28797,0.3,77; 18; 60; 81; 55; 63; 36; 57; 65; 63
8,14,0.28011,0.57143,15; 8; 14; 15; 25; 46; 78; 78; 52; 58
10,27,0.30699,0.37037,72; 10; 27; 38; 41; 81; 16; 24; 82; 79
51,61,0.26392,0.83607,29; 51; 61; 7; 62; 20; 83; 58; 57; 40
66,84,0.1918,0.78571,77; 66; 84; 24; 48; 65; 5; 68; 9; 12
14,58,0.24001,0.24138,16; 14; 58; 41; 9; 56; 17; 78; 84; 42
22,76,0.2795,0.28947,85; 22; 76; 18; 46; 33; 50; 43; 18; 36
22,62,0.31127,0.35484,60; 22; 62; 70; 42; 64; 74; 69; 70; 71
8,32,0.24798,0.25,18; 8; 32; 54; 74; 29; 38; 45; 36; 43
21,46,0.33863,0.45652,49; 21; 46; 10; 20; 16; 77; 7; 7; 21
37,75,0.27053,0.49333,80; 37; 75; 37; 52; 35; 22; 23; 55; 34
17,67,0.24983,0.25373,85; 17; 67; 40; 55; 49; 69; 56; 82; 13
58,73,0.22829,0.79452,37; 58; 73; 23; 38; 49; 74; 25; 31; 62
23,79,0.26783,0.29114,34; 23; 79; 72; 11; 68; 79; 46; 32; 35
28,80,0.27017,0.35,74; 28; 80; 28; 49; 75; 24; 50; 15; 77
62,74,0.21619,0.83784,20; 62; 74; 13; 35; 69; 68; 51; 5; 25
36,79,0.24993,0.4557,76; 36; 79; 19; 47; 16; 81; 69; 77; 59
7,22,0.29079,0.31818,60; 7; 22; 29; 5; 77; 82; 56; 7; 45
41,83,0.2422,0.49398,35; 41; 83; 81; 23; 18; 61; 68; 66; 48
22,45,0.33757,0.48889,58; 22; 45; 7; 31; 19; 47; 6; 36; 32
31,37,0.33389,0.83784,64; 31; 37; 80; 41; 81; 53; 44; 20; 77
22,74,0.28179,0.2973,12; 22; 74; 41; 59; 72; 36; 70; 79; 6
20,66,0.28994,0.30303,35; 20; 66; 80; 50; 26; 27; 7; 31; 68
22,60,0.31476,0.36667,57; 22; 60; 24; 62; 68; 24; 35; 32; 69
33,59,0.29864,0.55932,58; 33; 59; 77; 47; 28; 40; 33; 45; 38
15,52,0.28224,0.28846,60; 15; 52; 79; 82; 74; 53; 24; 33; 56
63,77,0.21195,0.81818,22; 63; 77; 8; 47; 44; 37; 30; 60; 50
68,81,0.20004,0.83951,16; 68; 81; 68; 82; 21; 12; 34; 42; 55
19,57,0.30186,0.33333,54; 19; 57; 78; 85; 56; 36; 9; 8; 40
39,84,0.246,0.46429,18; 39; 84; 75; 29; 69; 70; 10; 64; 61
20,69,0.28276,0.28986,20; 20; 69; 55; 29; 80; 67; 45; 63; 59
40,70,0.26229,0.57143,85; 40; 70; 14; 6; 57; 29; 68; 57; 27
67,82,0.20477,0.81707,38; 67; 82; 11; 10; 50; 35; 39; 85; 79
38,67,0.27871,0.56716,74; 38; 67; 32; 76; 84; 38; 42; 56; 18
68,83,0.19681,0.81928,57; 68; 83; 48; 40; 84; 71; 82; 15; 71
21,71,0.28184,0.29577,14; 21; 71; 16; 64; 36; 16; 63; 54; 76
11,30,0.30678,0.36667,61; 11; 30; 10; 72; 33; 12; 66; 80; 59
26,81,0.27351,0.32099,29; 26; 81; 45; 25; 18; 79; 45; 68; 9
13,52,0.24768,0.25,79; 13; 52; 24; 65; 82; 84; 20; 34; 19
59,70,0.22869,0.84286,50; 59; 70; 76; 16; 56; 82; 58; 66; 27
20,35,0.34482,0.57143,51; 20; 35; 38; 70; 51; 85; 11; 16; 67
56,68,0.23177,0.82353,51; 56; 68; 32; 79; 81; 53; 67; 9; 58
18,71,0.24859,0.25352,17; 18; 71; 83; 70; 75; 56; 5; 68; 42
70,83,0.18038,0.84337,28; 70; 83; 19; 75; 23; 16; 44; 44; 17
23,66,0.30697,0.34848,62; 23; 66; 23; 68; 21; 60; 27; 78; 24
37,47,0.3209,0.78723,7; 37; 47; 23; 73; 49; 45; 25; 73; 9
27,78,0.28279,0.34615,10; 27; 78; 11; 36; 18; 67; 72; 75; 44
48,85,0.22609,0.56471,38; 48; 85; 8; 35; 66; 5; 37; 27; 54
8,23,0.29159,0.34783,48; 8; 23; 72; 31; 65; 60; 57; 52; 33
61,77,0.19655,0.79221,26; 61; 77; 31; 60; 9; 35; 78; 43; 64
63,75,0.20787,0.84,49; 63; 75; 59; 24; 61; 23; 38; 71; 58
43,77,0.22024,0.55844,72; 43; 77; 23; 9; 82; 32; 50; 9; 8
22,69,0.29665,0.31884,73; 22; 69; 58; 53; 36; 57; 40; 80; 27
51,64,0.24859,0.79688,36; 51; 64; 10; 7; 51; 80; 66; 41; 19
29,78,0.27279,0.37179,33; 29; 78; 76; 68; 37; 65; 9; 60; 59
25,79,0.26873,0.31646,49; 25; 79; 27; 36; 85; 22; 59; 11; 15
28,84,0.2658,0.33333,26; 28; 84; 48; 29; 40; 47; 10; 61; 43
70,85,0.19137,0.82353,64; 70; 85; 77; 77; 41; 68; 12; 42; 13
11,22,0.32267,0.5,58; 11; 22; 74; 35; 43; 31; 64; 23; 48
19,79,0.24056,0.24051,82; 19; 79; 58; 6; 37; 75; 57; 7; 15
62,78,0.20828,0.79487,14; 62; 78; 26; 78; 55; 82; 84; 55; 7
67,82,0.17841,0.81707,40; 67; 82; 23; 60; 44; 73; 28; 61; 84
28,61,0.31453,0.45902,11; 28; 61; 50; 80; 39; 17; 21; 48; 23
16,28,0.33828,0.57143,24; 16; 28; 32; 51; 9; 27; 76; 7; 13
16,53,0.28834,0.30189,63; 16; 53; 63; 44; 71; 22; 85; 20; 72
42,74,0.24465,0.56757,9; 42; 74; 69; 71; 42; 52; 11; 37; 51
12,34,0.3041,0.35294,10; 12; 34; 34; 57; 54; 19; 37; 8; 60
21,46,0.33667,0.45652,78; 21; 46; 54; 6; 54; 11; 25; 69; 23
19,41,0.33649,0.46341,20; 19; 41; 52; 44; 58; 57; 57; 33; 45
29,63,0.3119,0.46032,6; 29; 63; 82; 28; 47; 44; 85; 39; 78
44,56,0.28498,0.78571,75; 44; 56; 19; 46; 37; 74; 50; 55; 83
13,28,0.32436,0.46429,31; 13; 28; 6; 21; 41; 62; 77; 59; 76
33,59,0.29898,0.55932,9; 33; 59; 72; 64; 50; 35; 29; 45; 62
21,75,0.26997,0.28,69; 21; 75; 41; 83; 15; 53; 10; 58; 80
31,36,0.33536,0.86111,11; 31; 36; 11; 60; 33; 70; 80; 67; 41
32,40,0.33523,0.8,48; 32; 40; 34; 85; 25; 6; 74; 7; 8
21,65,0.30141,0.32308,24; 21; 65; 34; 23; 63; 76; 61; 70; 30
33,41,0.33225,0.80488,73; 33; 41; 17; 18; 82; 77; 31; 37; 5
66,79,0.20667,0.83544,76; 66; 79; 12; 83; 62; 17; 22; 69; 72
56,65,0.23798,0.86154,85; 56; 65; 58; 41; 38; 70; 16; 75; 82
28,79,0.27234,0.35443,57; 28; 79; 42; 48; 59; 47; 38; 61; 65
26,46,0.33707,0.56522,55; 26; 46; 8; 58; 28; 15; 65; 5; 65
66,83,0.2064,0.79518,81; 66; 83; 5; 13; 12; 52; 14; 79; 33
38,82,0.21176,0.46341,43; 38; 82; 76; 44; 30; 9; 7; 14; 36
53,63,0.23426,0.84127,62; 53; 63; 33; 55; 18; 44; 70; 6; 35
6,18,0.27917,0.33333,73; 6; 18; 46; 73; 74; 18; 55; 29; 58
39,68,0.27776,0.57353,10; 39; 68; 60; 27; 28; 33; 26; 28; 56
64,80,0.19703,0.8,47; 64; 80; 55; 81; 11; 71; 59; 22; 63
39,78,0.25146,0.5,14; 39; 78; 44; 22; 64; 28; 80; 30; 29
17,48,0.3114,0.35417,46; 17; 48; 79; 13; 15; 19; 33; 7; 60
41,83,0.24961,0.49398,28; 41; 83; 6; 45; 31; 5; 6; 37; 54
28,56,0.32175,0.5,55; 28; 56; 46; 19; 85; 62; 66; 78; 54
31,37,0.3335,0.83784,49; 31; 37; 19; 51; 6; 59; 10; 79; 56
31,83,0.26258,0.37349,60; 31; 83; 16; 59; 42; 18; 84; 5; 33
13,46,0.27402,0.28261,72; 13; 46; 11; 63; 24; 62; 63; 43; 30
27,59,0.32222,0.45763,30; 27; 59; 26; 50; 81; 11; 9; 79; 73
16,49,0.29993,0.32653,29; 16; 49; 41; 35; 32; 28; 28; 82; 28
30,60,0.30945,0.5,51; 30; 60; 53; 79; 68; 11; 27; 32; 68
20,83,0.24485,0.24096,22; 20; 83; 59; 25; 30; 41; 22; 34; 40
22,79,0.26919,0.27848,20; 22; 79; 26; 26; 73; 59; 63; 79; 32
15,19,0.33337,0.78947,76; 15; 19; 23; 56; 47; 73; 73; 55; 48
32,64,0.28956,0.5,38; 32; 64; 85; 61; 46; 34; 16; 79; 71
29,59,0.32006,0.49153,13; 29; 59; 22; 53; 8; 15; 53; 77; 22
15,63,0.23443,0.2381,75; 15; 63; 50; 14; 53; 15; 55; 25; 74
24,84,0.26906,0.28571,13; 24; 84; 37; 62; 41; 41; 10; 65; 71
13,28,0.32515,0.46429,59; 13; 28; 36; 39; 28; 24; 26; 9; 25
61,76,0.20914,0.80263,18; 61; 76; 68; 21; 22; 67; 53; 21; 16
26,80,0.28121,0.325,66; 26; 80; 53; 55; 51; 69; 48; 75; 81
14,47,0.2834,0.29787,61; 14; 47; 56; 15; 64; 12; 75; 52; 12
7,24,0.26724,0.29167,80; 7; 24; 49; 10; 23; 66; 10; 22; 21
17,35,0.33375,0.48571,21; 17; 35; 11; 50; 45; 76; 80; 10; 15
6,25,0.22458,0.24,82; 6; 25; 81; 36; 18; 53; 77; 21; 73
8,34,0.23671,0.23529,20; 8; 34; 25; 48; 59; 5; 75; 80; 9
40,71,0.2634,0.56338,69; 40; 71; 64; 67; 51; 18; 11; 58; 68
19,79,0.2396,0.24051,56; 19; 79; 67; 22; 15; 45; 45; 12; 61
30,53,0.33015,0.56604,24; 30; 53; 57; 11; 25; 55; 10; 40; 69
61,77,0.21881,0.79221,32; 61; 77; 80; 42; 58; 54; 22; 5; 72
6,13,0.23423,0.46154,29; 6; 13; 83; 52; 11; 29; 41; 18; 25
9,11,0.27484,0.81818,78; 9; 11; 23; 22; 9; 25; 62; 59; 18
19,69,0.27143,0.27536,28; 19; 69; 77; 85; 7; 73; 85; 74; 82
38,68,0.29512,0.55882,39; 38; 68; 8; 53; 13; 11; 48; 72; 6
13,40,0.29733,0.325,76; 13; 40; 54; 11; 62; 77; 32; 77; 75
8,32,0.24533,0.25,83; 8; 32; 47; 34; 15; 80; 25; 9; 38
19,80,0.23828,0.2375,41; 19; 80; 30; 55; 71; 7; 74; 40; 21
26,52,0.33086,0.5,51; 26; 52; 25; 22; 26; 36; 31; 24; 56
69,80,0.18588,0.8625,61; 69; 80; 47; 68; 68; 21; 70; 7; 71
61,73,0.18802,0.83562,85; 61; 73; 75; 12; 69; 20; 76; 23; 32
26,81,0.26571,0.32099,43; 26; 81; 60; 21; 11; 55; 41; 29; 47
12,41,0.28193,0.29268,31; 12; 41; 63; 57; 85; 54; 40; 5; 58
49,58,0.27093,0.84483,75; 49; 58; 49; 34; 8; 42; 34; 66; 55
23,69,0.29563,0.33333,57; 23; 69; 30; 55; 73; 10; 84; 73; 47
8,33,0.24296,0.24242,10; 8; 33; 68; 81; 26; 11; 18; 25; 63
19,75,0.25442,0.25333,19; 19; 75; 53; 25; 34; 71; 41; 63; 55
18,22,0.34328,0.81818,60; 18; 22; 53; 68; 19; 20; 6; 67; 29
10,34,0.27741,0.29412,22; 10; 34; 25; 80; 75; 26; 43; 66; 84
20,82,0.24278,0.2439,71; 20; 82; 75; 81; 64; 45; 21; 23; 69
30,38,0.33329,0.78947,43; 30; 38; 40; 77; 40; 58; 7; 26; 21
18,22,0.34292,0.81818,29; 18; 22; 79; 39; 17; 25; 48; 72; 39
6,25,0.2347,0.24,74; 6; 25; 56; 48; 64; 84; 78; 34; 26
31,37,0.3394,0.83784,65; 31; 37; 29; 12; 6; 18; 20; 68; 22
18,71,0.25103,0.25352,20; 18; 71; 60; 38; 48; 82; 6; 54; 75
36,74,0.24828,0.48649,66; 36; 74; 44; 27; 72; 72; 58; 63; 13
58,73,0.22937,0.79452,53; 58; 73; 53; 39; 30; 58; 26; 21; 43
47,83,0.21602,0.56627,26; 47; 83; 48; 10; 9; 23; 73; 12; 18
20,70,0.27747,0.28571,47; 20; 70; 24; 59; 58; 12; 37; 31; 60
71,83,0.16507,0.85542,11; 71; 83; 37; 32; 55; 29; 31; 42; 5
8,14,0.2703,0.57143,65; 8; 14; 69; 35; 46; 58; 50; 62; 48
27,83,0.26598,0.3253,13; 27; 83; 47; 20; 77; 74; 57; 31; 49
49,61,0.25985,0.80328,47; 49; 61; 85; 74; 11; 29; 27; 67; 6
19,54,0.30992,0.35185,12; 19; 54; 5; 82; 38; 61; 17; 59; 16
38,82,0.25965,0.46341,28; 38; 82; 85; 28; 41; 15; 16; 68; 67
22,44,0.3329,0.5,76; 22; 44; 30; 83; 82; 83; 82; 14; 76
20,35,0.34023,0.57143,64; 20; 35; 71; 48; 42; 72; 41; 10; 6
33,68,0.28442,0.48529,6; 33; 68; 30; 16; 6; 24; 16; 33; 79
42,84,0.23086,0.5,45; 42; 84; 35; 12; 71; 19; 58; 65; 40
7,23,0.279,0.30435,22; 7; 23; 31; 9; 58; 71; 56; 31; 71
13,51,0.25014,0.2549,63; 13; 51; 6; 53; 33; 32; 42; 6; 37
51,64,0.25925,0.79688,36; 51; 64; 27; 29; 26; 29; 68; 83; 67
35,62,0.31161,0.56452,33; 35; 62; 43; 26; 39; 76; 32; 29; 76
20,72,0.27142,0.27778,23; 20; 72; 20; 29; 51; 78; 41; 52; 38
42,51,0.30397,0.82353,11; 42; 51; 60; 18; 14; 79; 5; 53; 76
33,58,0.30724,0.56897,64; 33; 58; 29; 72; 61; 37; 78; 37; 71
15,60,0.24845,0.25,49; 15; 60; 9; 85; 18; 9; 24; 60; 20
59,69,0.23291,0.85507,21; 59; 69; 68; 14; 69; 78; 42; 35; 62
45,81,0.23064,0.55556,85; 45; 81; 57; 55; 44; 72; 50; 22; 58
26,74,0.28743,0.35135,59; 26; 74; 39; 80; 72; 34; 58; 53; 61
41,84,0.24345,0.4881,25; 41; 84; 76; 79; 70; 73; 63; 24; 44
62,76,0.20654,0.81579,60; 62; 76; 38; 38; 15; 77; 24; 13; 78
41,51,0.30006,0.80392,75; 41; 51; 85; 71; 54; 37; 34; 37; 73
25,79,0.27715,0.31646,43; 25; 79; 51; 36; 63; 69; 57; 75; 81
23,28,0.34608,0.82143,58; 23; 28; 58; 65; 40; 42; 5; 40; 40
6,7,0.17439,0.85714,18; 6; 7; 51; 81; 43; 80; 27; 63; 8
28,61,0.29742,0.45902,52; 28; 61; 65; 64; 21; 72; 20; 23; 13
17,72,0.23455,0.23611,45; 17; 72; 61; 7; 23; 70; 79; 72; 77
30,53,0.32579,0.56604,65; 30; 53; 17; 70; 51; 49; 24; 25; 10
29,78,0.27242,0.37179,12; 29; 78; 52; 48; 72; 78; 75; 33; 35
15,53,0.2778,0.28302,7; 15; 53; 12; 60; 19; 18; 13; 15; 29
18,62,0.27951,0.29032,71; 18; 62; 39; 77; 81; 31; 11; 66; 84
57,72,0.21372,0.79167,50; 57; 72; 55; 59; 30; 49; 69; 59; 55
20,54,0.31633,0.37037,49; 20; 54; 35; 34; 81; 6; 19; 39; 66
8,29,0.26889,0.27586,23; 8; 29; 61; 27; 62; 44; 73; 61; 56
18,22,0.33893,0.81818,64; 18; 22; 83; 44; 14; 14; 68; 23; 51
34,70,0.29892,0.48571,34; 34; 70; 44; 29; 33; 37; 19; 9; 84
17,52,0.29443,0.32692,13; 17; 52; 80; 75; 74; 48; 44; 60; 85
59,74,0.21676,0.7973,30; 59; 74; 48; 67; 16; 25; 20; 39; 50
36,74,0.27218,0.48649,77; 36; 74; 62; 77; 27; 42; 78; 83; 61
27,48,0.33524,0.5625,7; 27; 48; 41; 61; 29; 79; 52; 51; 16
37,47,0.32014,0.78723,76; 37; 47; 56; 84; 76; 56; 72; 65; 5
61,74,0.22201,0.82432,43; 61; 74; 14; 56; 11; 78; 27; 55; 37
16,32,0.33595,0.5,20; 16; 32; 57; 24; 78; 15; 50; 48; 52
10,20,0.31409,0.5,50; 10; 20; 76; 50; 48; 72; 60; 51; 8
15,41,0.31754,0.36585,14; 15; 41; 40; 14; 72; 20; 70; 42; 82
25,82,0.269,0.30488,65; 25; 82; 74; 74; 44; 29; 70; 30; 84
17,51,0.30111,0.33333,16; 17; 51; 56; 71; 79; 59; 53; 55; 22
11,31,0.30738,0.35484,81; 11; 31; 47; 57; 46; 56; 9; 58; 33
21,76,0.27459,0.27632,41; 21; 76; 20; 37; 67; 21; 24; 32; 14
24,75,0.28691,0.32,22; 24; 75; 70; 34; 58; 41; 79; 50; 57
5,20,0.24868,0.25,82; 5; 20; 58; 33; 37; 54; 12; 26; 19
58,71,0.23076,0.8169,6; 58; 71; 27; 13; 36; 81; 70; 13; 8
9,37,0.23698,0.24324,5; 9; 37; 73; 39; 18; 60; 49; 79; 61
50,58,0.2728,0.86207,35; 50; 58; 29; 55; 80; 67; 27; 54; 45
21,85,0.25109,0.24706,34; 21; 85; 8; 32; 50; 28; 38; 14; 38
52,66,0.22651,0.78788,34; 52; 66; 79; 35; 12; 61; 61; 35; 29
25,67,0.30349,0.37313,41; 25; 67; 81; 70; 23; 23; 52; 6; 58
16,54,0.28508,0.2963,69; 16; 54; 7; 76; 5; 47; 66; 29; 14
7,20,0.29516,0.35,52; 7; 20; 30; 78; 19; 33; 81; 79; 19
14,50,0.2749,0.28,12; 14; 50; 26; 66; 28; 37; 40; 80; 63
34,70,0.29303,0.48571,25; 34; 70; 10; 28; 26; 18; 77; 66; 80
18,60,0.28753,0.3,32; 18; 60; 63; 15; 5; 71; 55; 61; 8
18,37,0.34074,0.48649,31; 18; 37; 32; 56; 32; 72; 79; 56; 78
8,16,0.29366,0.5,17; 8; 16; 19; 17; 8; 83; 72; 25; 73
11,37,0.2818,0.2973,41; 11; 37; 34; 43; 44; 47; 59; 49; 33
59,69,0.2111,0.85507,68; 59; 69; 63; 34; 66; 79; 37; 6; 47
22,75,0.28388,0.29333,22; 22; 75; 19; 75; 62; 77; 35; 46; 26
18,65,0.27112,0.27692,41; 18; 65; 72; 59; 61; 19; 72; 58; 7
16,66,0.2391,0.24242,32; 16; 66; 39; 9; 41; 9; 45; 72; 22
13,43,0.28494,0.30233,52; 13; 43; 37; 73; 66; 57; 79; 73; 8
18,64,0.27433,0.28125,54; 18; 64; 59; 41; 6; 7; 13; 42; 7
35,72,0.27765,0.48611,6; 35; 72; 66; 53; 59; 50; 58; 85; 31
5,9,0.20334,0.55556,81; 5; 9; 69; 81; 19; 28; 14; 29; 57
30,54,0.3281,0.55556,33; 30; 54; 47; 42; 52; 83; 15; 82; 18
23,81,0.27284,0.28395,26; 23; 81; 55; 84; 55; 13; 17; 16; 58
10,27,0.30208,0.37037,51; 10; 27; 20; 45; 35; 28; 70; 84; 52
69,84,0.19908,0.82143,19; 69; 84; 64; 47; 65; 60; 45; 74; 30
26,53,0.32733,0.49057,13; 26; 53; 18; 33; 22; 34; 83; 52; 48
30,60,0.31698,0.5,29; 30; 60; 34; 51; 43; 33; 52; 57; 42
43,54,0.29762,0.7963,61; 43; 54; 70; 48; 73; 62; 65; 48; 52
20,41,0.34151,0.4878,65; 20; 41; 14; 83; 24; 48; 73; 75; 69
18,36,0.33501,0.5,63; 18; 36; 28; 75; 28; 59; 46; 28; 13
40,72,0.26188,0.55556,16; 40; 72; 83; 5; 83; 56; 11; 59; 57
38,83,0.24544,0.45783,76; 38; 83; 42; 59; 61; 7; 6; 38; 10
10,40,0.24634,0.25,83; 10; 40; 37; 58; 10; 29; 78; 46; 54
58,69,0.22893,0.84058,16; 58; 69; 77; 14; 5; 46; 55; 68; 36
36,45,0.32279,0.8,28; 36; 45; 48; 18; 38; 22; 64; 63; 68
31,37,0.32683,0.83784,65; 31; 37; 70; 26; 26; 56; 36; 63; 75
19,38,0.33862,0.5,50; 19; 38; 58; 28; 69; 74; 33; 81; 33
17,61,0.26992,0.27869,59; 17; 61; 58; 6; 43; 68; 8; 74; 5
33,67,0.29889,0.49254,84; 33; 67; 39; 63; 83; 38; 76; 58; 14
23,47,0.33521,0.48936,36; 23; 47; 74; 51; 18; 19; 29; 25; 7
42,51,0.30155,0.82353,56; 42; 51; 33; 7; 22; 16; 57; 33; 47
39,78,0.26042,0.5,36; 39; 78; 6; 25; 74; 75; 24; 42; 56
12,41,0.28351,0.29268,33; 12; 41; 45; 65; 21; 57; 59; 20; 16
12,38,0.28832,0.31579,47; 12; 38; 76; 23; 81; 54; 31; 8; 23
7,28,0.24389,0.25,6; 7; 28; 56; 78; 25; 52; 40; 18; 31
23,70,0.29404,0.32857,62; 23; 70; 40; 41; 6; 24; 16; 18; 29
62,74,0.21316,0.83784,50; 62; 74; 30; 58; 31; 46; 72; 79; 65
22,69,0.29453,0.31884,41; 22; 69; 17; 23; 21; 34; 78; 30; 51
26,71,0.28647,0.3662,57; 26; 71; 31; 15; 47; 75; 85; 75; 26
36,63,0.29407,0.57143,17; 36; 63; 57; 25; 13; 39; 26; 39; 74
29,59,0.32014,0.49153,46; 29; 59; 49; 60; 53; 74; 16; 73; 17
16,43,0.31573,0.37209,29; 16; 43; 30; 55; 30; 10; 80; 31; 82
11,14,0.30519,0.78571,6; 11; 14; 45; 5; 41; 71; 14; 71; 19
69,84,0.19785,0.82143,39; 69; 84; 58; 71; 64; 67; 9; 48; 30
31,54,0.3281,0.57407,50; 31; 54; 35; 72; 59; 8; 36; 13; 27
17,56,0.29011,0.30357,46; 17; 56; 61; 56; 21; 12; 6; 83; 54
13,45,0.27812,0.28889,25; 13; 45; 53; 74; 81; 54; 47; 14; 39
19,79,0.23981,0.24051,52; 19; 79; 7; 29; 41; 16; 18; 59; 24
17,49,0.30835,0.34694,46; 17; 49; 49; 51; 16; 56; 42; 56; 13
47,57,0.25988,0.82456,11; 47; 57; 63; 42; 50; 56; 71; 17; 70
34,70,0.25872,0.48571,59; 34; 70; 35; 75; 32; 8; 7; 35; 31
15,59,0.24982,0.25424,64; 15; 59; 24; 74; 78; 40; 68; 63; 24
37,43,0.32601,0.86047,6; 37; 43; 57; 81; 11; 36; 50; 39; 76
59,72,0.21871,0.81944,59; 59; 72; 32; 24; 78; 65; 33; 31; 70
25,79,0.27893,0.31646,67; 25; 79; 37; 18; 58; 15; 27; 73; 84
20,66,0.29255,0.30303,40; 20; 66; 12; 7; 84; 65; 41; 44; 35
59,75,0.20806,0.78667,49; 59; 75; 49; 11; 18; 47; 43; 57; 75
8,23,0.29589,0.34783,77; 8; 23; 17; 64; 54; 82; 63; 14; 55
15,43,0.30779,0.34884,71; 15; 43; 31; 29; 42; 43; 17; 72; 8
18,51,0.31437,0.35294,78; 18; 51; 75; 21; 37; 9; 33; 34; 78
36,45,0.30291,0.8,77; 36; 45; 64; 28; 33; 78; 25; 14; 84
26,70,0.29933,0.37143,5; 26; 70; 34; 80; 18; 50; 56; 38; 39
67,78,0.18977,0.85897,83; 67; 78; 8; 55; 66; 64; 24; 41; 67
60,76,0.21299,0.78947,35; 60; 76; 51; 53; 20; 51; 16; 67; 65
8,32,0.24708,0.25,42; 8; 32; 73; 73; 26; 39; 16; 25; 80
31,39,0.33595,0.79487,28; 31; 39; 45; 53; 21; 47; 14; 70; 37
45,80,0.2135,0.5625,82; 45; 80; 77; 12; 20; 7; 10; 41; 80
5,18,0.26096,0.27778,65; 5; 18; 26; 68; 43; 16; 25; 20; 76
33,71,0.27424,0.46479,82; 33; 71; 76; 69; 33; 49; 35; 62; 37
24,80,0.26563,0.3,78; 24; 80; 55; 69; 28; 82; 81; 31; 69
19,63,0.284,0.30159,20; 19; 63; 16; 41; 37; 71; 27; 24; 84
58,71,0.22489,0.8169,51; 58; 71; 58; 15; 27; 51; 23; 73; 69
12,24,0.3276,0.5,63; 12; 24; 79; 50; 68; 31; 60; 8; 28
54,63,0.25086,0.85714,73; 54; 63; 22; 71; 77; 41; 44; 10; 78
9,38,0.23422,0.23684,25; 9; 38; 72; 51; 60; 65; 84; 45; 53
10,42,0.23584,0.2381,74; 10; 42; 25; 68; 53; 30; 78; 73; 61
26,81,0.2743,0.32099,30; 26; 81; 54; 10; 18; 73; 66; 23; 48
23,77,0.27983,0.2987,11; 23; 77; 23; 77; 33; 7; 58; 83; 61
9,32,0.27013,0.28125,54; 9; 32; 23; 6; 81; 13; 60; 10; 40
14,40,0.30298,0.35,50; 14; 40; 19; 42; 40; 7; 19; 65; 7
9,30,0.28393,0.3,68; 9; 30; 47; 21; 42; 26; 57; 69; 62
31,36,0.34423,0.86111,45; 31; 36; 30; 11; 48; 12; 66; 78; 41
15,30,0.33085,0.5,71; 15; 30; 28; 51; 21; 66; 19; 18; 25
41,52,0.29659,0.78846,8; 41; 52; 27; 12; 20; 53; 69; 26; 78
65,79,0.20618,0.82278,28; 65; 79; 82; 51; 64; 16; 19; 52; 19
5,10,0.18577,0.5,62; 5; 10; 33; 17; 28; 50; 35; 13; 74
25,83,0.25498,0.3012,63; 25; 83; 10; 17; 61; 84; 85; 24; 33
19,69,0.27007,0.27536,23; 19; 69; 38; 65; 29; 37; 22; 5; 68
5,20,0.2548,0.25,5; 5; 20; 69; 22; 49; 41; 12; 29; 51
23,28,0.34011,0.82143,13; 23; 28; 6; 20; 57; 26; 17; 22; 5
69,82,0.19572,0.84146,69; 69; 82; 63; 55; 74; 8; 65; 33; 6
15,60,0.2494,0.25,73; 15; 60; 62; 67; 50; 42; 10; 9; 57
9,16,0.29945,0.5625,40; 9; 16; 71; 40; 42; 46; 19; 72; 48
8,33,0.23928,0.24242,25; 8; 33; 47; 51; 6; 72; 71; 52; 57
27,81,0.27657,0.33333,24; 27; 81; 26; 68; 59; 68; 24; 20; 21
16,67,0.23613,0.23881,26; 16; 67; 47; 42; 29; 70; 82; 43; 70
28,76,0.28528,0.36842,11; 28; 76; 26; 51; 41; 57; 34; 8; 50
31,55,0.32136,0.56364,83; 31; 55; 58; 72; 82; 37; 28; 39; 39
45,57,0.27841,0.78947,5; 45; 57; 69; 19; 79; 10; 16; 70; 54
30,61,0.31761,0.4918,83; 30; 61; 85; 73; 39; 26; 23; 73; 65
12,15,0.31273,0.8,16; 12; 15; 30; 56; 6; 72; 23; 69; 83
21,83,0.2491,0.25301,38; 21; 83; 76; 48; 80; 25; 69; 73; 49
17,48,0.30918,0.35417,63; 17; 48; 51; 55; 64; 63; 83; 84; 13
64,78,0.21125,0.82051,58; 64; 78; 69; 39; 14; 70; 20; 65; 79
22,76,0.2764,0.28947,45; 22; 76; 59; 15; 24; 30; 56; 14; 82
14,42,0.304,0.33333,46; 14; 42; 31; 67; 45; 28; 6; 7; 6
32,69,0.28587,0.46377,32; 32; 69; 82; 63; 76; 6; 21; 32; 55
61,74,0.22065,0.82432,58; 61; 74; 55; 14; 42; 14; 71; 62; 56
42,51,0.29308,0.82353,52; 42; 51; 84; 68; 42; 57; 39; 81; 46
21,69,0.28708,0.30435,83; 21; 69; 55; 63; 56; 55; 70; 43; 19
29,84,0.25648,0.34524,33; 29; 84; 81; 61; 19; 47; 62; 6; 29
28,81,0.27553,0.34568,5; 28; 81; 66; 33; 63; 31; 43; 32; 57
16,28,0.33922,0.57143,77; 16; 28; 63; 80; 47; 29; 40; 34; 74
16,55,0.28142,0.29091,26; 16; 55; 33; 47; 34; 36; 38; 24; 83
18,57,0.2938,0.31579,8; 18; 57; 68; 34; 30; 41; 16; 85; 70
18,22,0.34585,0.81818,46; 18; 22; 54; 80; 81; 68; 32; 60; 30
22,63,0.30586,0.34921,56; 22; 63; 73; 67; 75; 53; 58; 34; 64
42,75,0.25337,0.56,67; 42; 75; 6; 10; 65; 38; 8; 85; 66
9,26,0.29633,0.34615,23; 9; 26; 6; 33; 50; 40; 67; 31; 20
22,66,0.30273,0.33333,62; 22; 66; 76; 64; 84; 56; 34; 57; 25
38,45,0.31761,0.84444,71; 38; 45; 18; 26; 25; 58; 85; 84; 12
28,61,0.30132,0.45902,53; 28; 61; 57; 21; 32; 76; 48; 39; 7
25,83,0.24772,0.3012,62; 25; 83; 49; 76; 24; 78; 13; 15; 22
66,77,0.21127,0.85714,82; 66; 77; 83; 36; 85; 45; 76; 75; 23
18,39,0.33483,0.46154,44; 18; 39; 7; 7; 13; 32; 85; 57; 79
17,56,0.2912,0.30357,48; 17; 56; 8; 67; 20; 47; 39; 71; 46
17,60,0.27416,0.28333,66; 17; 60; 53; 75; 15; 75; 16; 8; 31
30,35,0.34135,0.85714,79; 30; 35; 68; 34; 15; 47; 66; 16; 12
20,68,0.28113,0.29412,78; 20; 68; 27; 43; 52; 68; 12; 7; 15
18,62,0.28074,0.29032,44; 18; 62; 26; 54; 58; 9; 33; 16; 41
51,64,0.26256,0.79688,65; 51; 64; 13; 12; 54; 84; 24; 81; 14
64,74,0.20768,0.86486,69; 64; 74; 57; 56; 70; 26; 85; 9; 34
22,45,0.33883,0.48889,13; 22; 45; 70; 80; 26; 18; 76; 72; 48
64,74,0.21815,0.86486,71; 64; 74; 72; 26; 44; 77; 46; 32; 66
18,37,0.33337,0.48649,47; 18; 37; 58; 40; 60; 56; 52; 45; 29
24,49,0.3355,0.4898,68; 24; 49; 30; 51; 46; 34; 46; 58; 19
43,50,0.303,0.86,84; 43; 50; 52; 85; 32; 38; 28; 11; 26
22,77,0.26962,0.28571,74; 22; 77; 52; 33; 27; 49; 74; 17; 50
10,30,0.29762,0.33333,56; 10; 30; 42; 52; 10; 83; 38; 11; 25
19,39,0.34092,0.48718,48; 19; 39; 60; 8; 46; 64; 47; 65; 39
30,38,0.34175,0.78947,73; 30; 38; 72; 23; 41; 84; 70; 56; 59
44,77,0.23109,0.57143,66; 44; 77; 15; 37; 54; 49; 79; 18; 40
8,32,0.24465,0.25,42; 8; 32; 71; 7; 68; 39; 22; 70; 65
29,59,0.31729,0.49153,58; 29; 59; 7; 78; 50; 51; 85; 50; 50
11,40,0.26713,0.275,56; 11; 40; 11; 32; 77; 68; 11; 46; 16
55,64,0.24308,0.85938,55; 55; 64; 45; 24; 69; 14; 29; 58; 77
7,19,0.29074,0.36842,15; 7; 19; 11; 73; 10; 62; 35; 76; 48
31,55,0.32231,0.56364,25; 31; 55; 11; 84; 65; 74; 34; 21; 41
43,75,0.26873,0.57333,59; 43; 75; 77; 6; 73; 41; 9; 74; 40
14,25,0.33551,0.56,7; 14; 25; 17; 33; 17; 65; 72; 49; 25
25,71,0.29741,0.35211,50; 25; 71; 82; 38; 40; 6; 50; 68; 71
41,72,0.26192,0.56944,76; 41; 72; 32; 24; 22; 68; 9; 35; 48
19,38,0.33916,0.5,63; 19; 38; 77; 14; 19; 28; 67; 62; 82
59,75,0.22238,0.78667,36; 59; 75; 13; 39; 31; 68; 79; 34; 56
8,27,0.27906,0.2963,70; 8; 27; 30; 32; 33; 66; 52; 56; 55
58,71,0.21003,0.8169,84; 58; 71; 59; 6; 32; 85; 74; 80; 5
15,46,0.30184,0.32609,33; 15; 46; 10; 66; 77; 61; 62; 80; 44
45,56,0.27763,0.80357,36; 45; 56; 23; 20; 56; 18; 75; 23; 28
24,73,0.29188,0.32877,17; 24; 73; 30; 62; 44; 6; 37; 52; 54
39,84,0.21229,0.46429,11; 39; 84; 35; 42; 50; 43; 49; 52; 22
23,81,0.2677,0.28395,28; 23; 81; 35; 64; 9; 26; 15; 13; 19
69,80,0.19843,0.8625,25; 69; 80; 32; 47; 46; 18; 25; 13; 63
22,39,0.34137,0.5641,25; 22; 39; 62; 11; 27; 70; 66; 23; 18
14,38,0.31267,0.36842,61; 14; 38; 15; 69; 22; 23; 6; 32; 21
64,80,0.20694,0.8,47; 64; 80; 52; 43; 13; 40; 69; 27; 84
10,20,0.31295,0.5,41; 10; 20; 38; 37; 51; 32; 76; 34; 67
14,57,0.24389,0.24561,68; 14; 57; 80; 23; 20; 40; 52; 49; 44
63,80,0.20972,0.7875,74; 63; 80; 9; 77; 26; 18; 77; 35; 68
41,83,0.2293,0.49398,30; 41; 83; 30; 14; 7; 85; 52; 84; 76
27,59,0.31806,0.45763,40; 27; 59; 26; 39; 76; 63; 75; 15; 71
17,56,0.28984,0.30357,16; 17; 56; 11; 30; 15; 44; 46; 50; 14
56,70,0.23564,0.8,13; 56; 70; 71; 37; 79; 64; 53; 84; 41
18,21,0.34595,0.85714,49; 18; 21; 56; 78; 16; 27; 20; 19; 39
21,71,0.28678,0.29577,7; 21; 71; 69; 59; 27; 60; 18; 84; 35
23,66,0.30595,0.34848,38; 23; 66; 39; 30; 41; 50; 78; 72; 36
32,39,0.33185,0.82051,21; 32; 39; 67; 47; 33; 31; 62; 71; 51
17,57,0.29025,0.29825,10; 17; 57; 45; 84; 65; 59; 13; 13; 82
51,62,0.2681,0.82258,37; 51; 62; 57; 32; 76; 66; 16; 58; 48
48,57,0.27778,0.84211,75; 48; 57; 85; 39; 53; 81; 29; 52; 50
42,74,0.26924,0.56757,75; 42; 74; 46; 63; 54; 32; 46; 77; 24
35,62,0.31423,0.56452,45; 35; 62; 51; 72; 70; 71; 50; 66; 27
31,83,0.26784,0.37349,20; 31; 83; 44; 60; 57; 8; 48; 6; 25
6,20,0.27993,0.3,45; 6; 20; 85; 75; 35; 41; 80; 19; 37
35,72,0.27677,0.48611,62; 35; 72; 69; 72; 81; 24; 14; 39; 16
12,50,0.23806,0.24,41; 12; 50; 71; 37; 49; 38; 28; 16; 44
5,15,0.24906,0.33333,82; 5; 15; 57; 56; 26; 47; 62; 67; 41
36,79,0.25727,0.4557,36; 36; 79; 61; 27; 24; 14; 44; 19; 71
20,41,0.3347,0.4878,52; 20; 41; 82; 59; 17; 22; 32; 73; 40
14,56,0.24706,0.25,24; 14; 56; 26; 72; 14; 54; 70; 5; 56
16,67,0.23523,0.23881,36; 16; 67; 60; 82; 17; 9; 69; 34; 58
30,38,0.33585,0.78947,80; 30; 38; 69; 18; 34; 51; 25; 15; 44
25,82,0.26423,0.30488,26; 25; 82; 70; 24; 68; 33; 16; 22; 56
20,63,0.29501,0.31746,84; 20; 63; 40; 18; 38; 10; 9; 6; 81
17,70,0.2427,0.24286,45; 17; 70; 53; 15; 83; 67; 64; 67; 40
19,63,0.28939,0.30159,28; 19; 63; 32; 46; 19; 11; 31; 32; 57
19,64,0.28638,0.29688,16; 19; 64; 38; 9; 77; 54; 20; 28; 33
18,54,0.30378,0.33333,23; 18; 54; 83; 63; 11; 83; 68; 15; 11
15,60,0.2482,0.25,5; 15; 60; 29; 54; 52; 30; 48; 61; 28
68,83,0.19019,0.81928,15; 68; 83; 35; 64; 48; 74; 44; 14; 58
38,78,0.23245,0.48718,81; 38; 78; 40; 61; 82; 62; 54; 68; 24
27,85,0.24334,0.31765,67; 27; 85; 58; 80; 82; 34; 10; 49; 32
28,76,0.28077,0.36842,29; 28; 76; 79; 40; 85; 74; 74; 21; 65
22,44,0.3424,0.5,55; 22; 44; 70; 30; 58; 18; 75; 41; 47
12,26,0.32634,0.46154,77; 12; 26; 37; 82; 63; 25; 50; 36; 79
25,67,0.30113,0.37313,54; 25; 67; 20; 49; 84; 44; 77; 36; 48
21,43,0.3377,0.48837,66; 21; 43; 45; 61; 24; 33; 39; 33; 81
10,30,0.30207,0.33333,80; 10; 30; 56; 68; 34; 15; 70; 42; 25
34,68,0.28893,0.5,37; 34; 68; 27; 44; 16; 68; 51; 29; 62
22,59,0.31291,0.37288,22; 22; 59; 51; 42; 52; 39; 65; 74; 31
16,58,0.26975,0.27586,73; 16; 58; 27; 42; 60; 14; 32; 76; 56
24,30,0.34431,0.8,27; 24; 30; 57; 71; 67; 65; 40; 67; 70
34,60,0.30364,0.56667,78; 34; 60; 31; 8; 54; 74; 33; 13; 34
65,82,0.19418,0.79268,56; 65; 82; 29; 81; 79; 68; 18; 12; 13
37,81,0.21204,0.45679,76; 37; 81; 47; 36; 60; 38; 67; 29; 36
7,22,0.28799,0.31818,58; 7; 22; 53; 54; 40; 45; 51; 11; 31
21,43,0.33593,0.48837,69; 21; 43; 25; 82; 18; 11; 62; 83; 38
24,28,0.34842,0.85714,19; 24; 28; 63; 14; 52; 67; 35; 58; 75
32,65,0.29113,0.49231,46; 32; 65; 32; 59; 7; 11; 48; 32; 49
16,20,0.34118,0.8,53; 16; 20; 83; 31; 11; 31; 39; 31; 25
33,59,0.30821,0.55932,56; 33; 59; 58; 79; 38; 21; 68; 52; 34
27,34,0.33967,0.79412,42; 27; 34; 81; 44; 55; 73; 35; 17; 19
25,44,0.32492,0.56818,14; 25; 44; 65; 65; 78; 56; 30; 39; 19
31,55,0.32556,0.56364,32; 31; 55; 49; 45; 59; 63; 60; 34; 47
56,70,0.223,0.8,57; 56; 70; 70; 46; 63; 49; 23; 46; 32
40,70,0.2824,0.57143,84; 40; 70; 43; 29; 16; 73; 30; 72; 16
46,58,0.28775,0.7931,26; 46; 58; 81; 23; 30; 17; 61; 83; 63
33,68,0.30367,0.48529,81; 33; 68; 35; 24; 67; 32; 81; 70; 17
71,83,0.19627,0.85542,32; 71; 83; 23; 20; 76; 37; 26; 9; 53
40,50,0.30451,0.8,67; 40; 50; 13; 82; 12; 49; 55; 19; 61
16,57,0.27611,0.2807,32; 16; 57; 50; 61; 27; 83; 78; 18; 85
42,50,0.30191,0.84,59; 42; 50; 13; 17; 39; 52; 78; 59; 13
21,74,0.27427,0.28378,85; 21; 74; 64; 38; 44; 47; 47; 39; 19
66,82,0.21233,0.80488,82; 66; 82; 10; 28; 28; 66; 36; 38; 46
8,16,0.2912,0.5,67; 8; 16; 45; 85; 7; 38; 49; 54; 72
19,67,0.27519,0.28358,45; 19; 67; 47; 61; 20; 37; 20; 52; 65
14,57,0.24139,0.24561,76; 14; 57; 85; 74; 50; 22; 63; 43; 83
12,48,0.24846,0.25,59; 12; 48; 22; 21; 34; 6; 5; 12; 22
30,65,0.30713,0.46154,76; 30; 65; 57; 10; 67; 76; 8; 45; 66
19,59,0.30135,0.32203,29; 19; 59; 74; 84; 42; 75; 57; 47; 55
13,47,0.26756,0.2766,80; 13; 47; 79; 65; 79; 11; 52; 10; 26
22,73,0.2867,0.30137,63; 22; 73; 65; 85; 35; 64; 13; 13; 81
42,75,0.21191,0.56,67; 42; 75; 38; 63; 41; 27; 44; 59; 59
5,10,0.20188,0.5,6; 5; 10; 14; 64; 15; 38; 51; 78; 45
15,43,0.30912,0.34884,58; 15; 43; 14; 83; 23; 11; 25; 8; 54
6,12,0.24134,0.5,34; 6; 12; 41; 41; 9; 28; 32; 10; 9
15,52,0.28108,0.28846,16; 15; 52; 64; 11; 72; 61; 66; 79; 52
20,69,0.27806,0.28986,82; 20; 69; 27; 37; 37; 77; 14; 12; 83
27,54,0.32347,0.5,18; 27; 54; 65; 7; 66; 18; 40; 10; 29
26,53,0.32799,0.49057,67; 26; 53; 73; 12; 6; 16; 38; 55; 69
34,68,0.29428,0.5,20; 34; 68; 28; 40; 84; 27; 12; 77; 10
25,85,0.2606,0.29412,17; 25; 85; 33; 81; 57; 56; 76; 42; 5
43,76,0.25751,0.56579,56; 43; 76; 61; 78; 54; 81; 81; 34; 43
36,43,0.32415,0.83721,79; 36; 43; 6; 48; 73; 67; 57; 79; 20
34,70,0.28171,0.48571,31; 34; 70; 38; 56; 64; 81; 16; 80; 62
37,46,0.30019,0.80435,16; 37; 46; 71; 28; 53; 17; 31; 10; 14
70,85,0.17921,0.82353,62; 70; 85; 44; 18; 40; 12; 12; 41; 83
21,66,0.29825,0.31818,17; 21; 66; 15; 31; 44; 48; 77; 11; 6
67,85,0.20211,0.78824,68; 67; 85; 44; 84; 81; 63; 82; 61; 42
24,83,0.27143,0.28916,6; 24; 83; 30; 19; 33; 69; 53; 83; 28
31,39,0.33342,0.79487,81; 31; 39; 48; 16; 72; 7; 83; 18; 61
45,57,0.27763,0.78947,20; 45; 57; 17; 20; 67; 11; 27; 70; 17
12,48,0.24754,0.25,81; 12; 48; 33; 9; 21; 17; 47; 68; 59
37,66,0.28029,0.56061,11; 37; 66; 67; 35; 50; 11; 25; 66; 74
26,56,0.31816,0.46429,77; 26; 56; 44; 34; 6; 51; 80; 62; 32
23,47,0.33546,0.48936,12; 23; 47; 45; 62; 8; 44; 71; 31; 84
12,14,0.30709,0.85714,50; 12; 14; 38; 41; 5; 22; 26; 42; 64
44,77,0.2404,0.57143,26; 44; 77; 36; 46; 52; 67; 70; 39; 26
9,31,0.27588,0.29032,8; 9; 31; 65; 68; 50; 80; 28; 11; 56
40,70,0.26493,0.57143,73; 40; 70; 32; 45; 55; 82; 40; 60; 83
16,49,0.30455,0.32653,47; 16; 49; 16; 73; 16; 49; 69; 36; 10
51,62,0.2631,0.82258,28; 51; 62; 82; 28; 48; 84; 42; 75; 79
15,62,0.23648,0.24194,51; 15; 62; 64; 61; 77; 24; 84; 64; 78
13,51,0.25068,0.2549,83; 13; 51; 36; 70; 82; 72; 64; 85; 80
17,34,0.33237,0.5,7; 17; 34; 48; 31; 83; 7; 27; 16; 83
10,40,0.24779,0.25,10; 10; 40; 24; 26; 45; 5; 46; 71; 56
24,68,0.2989,0.35294,81; 24; 68; 17; 9; 65; 58; 19; 36; 47
9,11,0.25346,0.81818,62; 9; 11; 34; 9; 38; 26; 74; 31; 38
65,81,0.20115,0.80247,47; 65; 81; 50; 12; 38; 77; 8; 10; 23
17,53,0.3002,0.32075,24; 17; 53; 22; 57; 70; 20; 65; 61; 46
17,35,0.33814,0.48571,62; 17; 35; 50; 51; 83; 45; 26; 9; 19
21,83,0.25533,0.25301,76; 21; 83; 47; 70; 36; 9; 25; 37; 21
13,53,0.24128,0.24528,72; 13; 53; 81; 58; 40; 50; 61; 64; 33
26,52,0.32711,0.5,73; 26; 52; 8; 23; 29; 6; 54; 76; 83
23,78,0.2803,0.29487,50; 23; 78; 30; 35; 76; 45; 26; 71; 25
14,17,0.32853,0.82353,67; 14; 17; 55; 30; 7; 48; 76; 68; 50
64,78,0.2078,0.82051,52; 64; 78; 84; 60; 85; 62; 12; 55; 80
21,42,0.34031,0.5,18; 21; 42; 22; 39; 31; 5; 8; 51; 28
31,62,0.29686,0.5,7; 31; 62; 28; 85; 8; 49; 41; 32; 84
64,80,0.20383,0.8,50; 64; 80; 12; 73; 61; 79; 70; 13; 14
21,60,0.31376,0.35,72; 21; 60; 50; 68; 63; 54; 80; 5; 60
23,69,0.29892,0.33333,56; 23; 69; 71; 18; 11; 43; 5; 58; 71
24,42,0.33801,0.57143,16; 24; 42; 40; 44; 9; 73; 62; 29; 14
61,71,0.21555,0.85915,74; 61; 71; 60; 84; 10; 7; 13; 9; 80
59,72,0.22266,0.81944,49; 59; 72; 69; 15; 44; 44; 58; 49; 68
30,54,0.32923,0.55556,48; 30; 54; 23; 45; 19; 63; 24; 14; 54
9,11,0.26787,0.81818,58; 9; 11; 76; 82; 67; 63; 80; 28; 47
29,83,0.25425,0.3494,52; 29; 83; 53; 37; 56; 41; 19; 8; 62
9,28,0.29128,0.32143,38; 9; 28; 81; 73; 81; 12; 26; 50; 53
59,70,0.20171,0.84286,84; 59; 70; 30; 33; 37; 58; 75; 16; 22
19,34,0.3449,0.55882,44; 19; 34; 41; 17; 73; 41; 61; 31; 19
35,72,0.27844,0.48611,19; 35; 72; 43; 8; 23; 84; 72; 7; 85
49,61,0.26541,0.80328,42; 49; 61; 5; 80; 50; 34; 46; 17; 83
22,80,0.26483,0.275,41; 22; 80; 83; 11; 55; 34; 12; 40; 30
14,43,0.29989,0.32558,62; 14; 43; 60; 14; 50; 50; 70; 78; 79
56,65,0.22523,0.86154,26; 56; 65; 74; 15; 48; 53; 12; 6; 74
62,76,0.19617,0.81579,49; 62; 76; 60; 45; 46; 10; 34; 24; 62
24,81,0.27275,0.2963,57; 24; 81; 61; 52; 29; 32; 41; 23; 83
62,72,0.2244,0.86111,58; 62; 72; 85; 63; 78; 82; 7; 67; 24
13,41,0.29847,0.31707,66; 13; 41; 43; 56; 44; 64; 7; 27; 6
14,46,0.29223,0.30435,31; 14; 46; 12; 44; 40; 57; 47; 80; 85
12,49,0.24206,0.2449,37; 12; 49; 39; 66; 66; 8; 80; 16; 62
13,54,0.23819,0.24074,13; 13; 54; 65; 48; 64; 83; 19; 6; 5
47,83,0.25273,0.56627,16; 47; 83; 27; 20; 76; 56; 20; 68; 53
28,85,0.25621,0.32941,67; 28; 85; 35; 60; 64; 9; 17; 79; 34
9,30,0.28204,0.3,66; 9; 30; 83; 78; 39; 82; 58; 39; 14
7,19,0.28273,0.36842,39; 7; 19; 19; 47; 72; 31; 57; 43; 83
41,72,0.25712,0.56944,20; 41; 72; 55; 69; 74; 61; 7; 66; 83
13,23,0.33023,0.56522,63; 13; 23; 18; 63; 21; 34; 81; 29; 64
18,72,0.24566,0.25,23; 18; 72; 18; 49; 30; 40; 65; 65; 34
59,75,0.21671,0.78667,11; 59; 75; 84; 18; 6; 28; 25; 32; 41
37,80,0.25847,0.4625,25; 37; 80; 64; 62; 9; 85; 11; 68; 29
72,84,0.18856,0.85714,78; 72; 84; 42; 59; 39; 84; 83; 76; 38
29,78,0.27079,0.37179,69; 29; 78; 56; 24; 39; 18; 42; 63; 58
7,29,0.23993,0.24138,52; 7; 29; 57; 22; 85; 61; 52; 48; 12
33,41,0.33392,0.80488,83; 33; 41; 80; 58; 58; 5; 33; 59; 71
9,30,0.28114,0.3,48; 9; 30; 50; 42; 52; 48; 70; 8; 80
27,73,0.28737,0.36986,40; 27; 73; 62; 51; 71; 6; 49; 32; 42
16,19,0.33379,0.84211,15; 16; 19; 83; 32; 76; 23; 30; 17; 31
26,82,0.27113,0.31707,6; 26; 82; 37; 81; 82; 17; 57; 75; 28
53,63,0.25002,0.84127,21; 53; 63; 14; 16; 5; 79; 61; 85; 23
66,82,0.19812,0.80488,48; 66; 82; 63; 80; 71; 45; 21; 10; 56
10,20,0.31646,0.5,39; 10; 20; 10; 39; 68; 28; 20; 77; 62
18,71,0.24884,0.25352,10; 18; 71; 46; 24; 36; 63; 60; 84; 10
38,68,0.28874,0.55882,53; 38; 68; 76; 53; 7; 41; 39; 76; 35
16,53,0.28893,0.30189,9; 16; 53; 39; 60; 80; 71; 84; 81; 77
39,68,0.27496,0.57353,47; 39; 68; 22; 25; 26; 34; 58; 75; 48
47,59,0.26615,0.79661,61; 47; 59; 83; 5; 28; 19; 30; 66; 36
43,75,0.26125,0.57333,35; 43; 75; 25; 7; 21; 79; 18; 36; 28
14,49,0.27608,0.28571,13; 14; 49; 43; 38; 54; 46; 76; 60; 71
39,78,0.27267,0.5,10; 39; 78; 24; 20; 43; 19; 85; 63; 76
12,34,0.30978,0.35294,81; 12; 34; 79; 15; 39; 71; 81; 60; 79
72,84,0.18383,0.85714,20; 72; 84; 85; 40; 17; 44; 30; 23; 41
26,46,0.33851,0.56522,58; 26; 46; 20; 8; 8; 80; 28; 22; 31
21,83,0.25358,0.25301,79; 21; 83; 78; 21; 79; 81; 50; 23; 20
10,42,0.23701,0.2381,12; 10; 42; 76; 16; 68; 55; 50; 59; 57
32,57,0.30559,0.5614,36; 32; 57; 41; 38; 9; 65; 44; 32; 20
35,61,0.30184,0.57377,50; 35; 61; 63; 60; 59; 14; 15; 65; 63
11,38,0.27716,0.28947,69; 11; 38; 77; 82; 67; 66; 65; 13; 45
20,84,0.23606,0.2381,19; 20; 84; 45; 35; 71; 49; 49; 61; 61
49,60,0.26355,0.81667,50; 49; 60; 29; 72; 18; 41; 5; 19; 35
47,57,0.27858,0.82456,24; 47; 57; 67; 74; 76; 42; 52; 21; 64
11,45,0.24426,0.24444,10; 11; 45; 10; 53; 54; 31; 44; 46; 76
31,83,0.27231,0.37349,72; 31; 83; 68; 53; 41; 20; 22; 58; 72
9,18,0.30741,0.5,81; 9; 18; 84; 72; 78; 62; 68; 11; 57
21,42,0.33578,0.5,40; 21; 42; 83; 48; 18; 10; 38; 27; 6
68,85,0.19408,0.8,66; 68; 85; 36; 71; 69; 62; 49; 56; 8
13,23,0.33338,0.56522,59; 13; 23; 84; 35; 78; 73; 8; 79; 35
21,84,0.24755,0.25,66; 21; 84; 32; 55; 77; 10; 52; 42; 81
14,59,0.23508,0.23729,82; 14; 59; 37; 62; 77; 35; 31; 27; 48
18,22,0.34152,0.81818,19; 18; 22; 65; 25; 11; 7; 51; 56; 81
36,74,0.25751,0.48649,84; 36; 74; 46; 51; 21; 68; 31; 19; 29
20,61,0.29386,0.32787,70; 20; 61; 48; 18; 66; 82; 36; 67; 58
39,80,0.25428,0.4875,17; 39; 80; 76; 57; 6; 44; 74; 77; 36
46,82,0.21507,0.56098,55; 46; 82; 30; 24; 49; 60; 47; 9; 11
19,75,0.25232,0.25333,69; 19; 75; 80; 27; 49; 61; 40; 28; 6
54,66,0.25049,0.81818,18; 54; 66; 58; 11; 60; 46; 25; 28; 5
18,39,0.33584,0.46154,75; 18; 39; 34; 35; 22; 19; 17; 19; 55
42,84,0.2543,0.5,67; 42; 84; 23; 82; 53; 36; 80; 61; 66
6,12,0.23216,0.5,9; 6; 12; 44; 5; 46; 13; 77; 65; 77
27,55,0.32687,0.49091,32; 27; 55; 37; 43; 58; 47; 71; 38; 41
32,40,0.32941,0.8,45; 32; 40; 12; 63; 17; 19; 16; 9; 69
24,48,0.33919,0.5,21; 24; 48; 69; 11; 26; 28; 11; 57; 50
56,68,0.23565,0.82353,30; 56; 68; 20; 27; 66; 45; 66; 32; 49
55,67,0.20023,0.8209,20; 55; 67; 19; 14; 40; 9; 11; 82; 78
60,70,0.20641,0.85714,46; 60; 70; 75; 25; 26; 22; 80; 32; 5
27,84,0.27503,0.32143,21; 27; 84; 6; 41; 63; 45; 34; 52; 71
11,34,0.28808,0.32353,85; 11; 34; 17; 80; 74; 70; 54; 6; 18
38,76,0.27391,0.5,36; 38; 76; 35; 13; 46; 69; 69; 66; 7
27,55,0.32281,0.49091,34; 27; 55; 80; 71; 12; 28; 69; 34; 44
63,77,0.20859,0.81818,60; 63; 77; 68; 27; 39; 25; 44; 85; 38
6,13,0.24571,0.46154,62; 6; 13; 40; 53; 48; 58; 30; 37; 84
20,82,0.24732,0.2439,68; 20; 82; 6; 78; 23; 26; 80; 35; 54
23,76,0.27584,0.30263,8; 23; 76; 17; 39; 77; 75; 68; 56; 80
25,84,0.25683,0.29762,77; 25; 84; 28; 40; 52; 34; 36; 28; 52
19,34,0.34384,0.55882,33; 19; 34; 46; 56; 61; 75; 42; 85; 13
15,19,0.33375,0.78947,25; 15; 19; 19; 8; 40; 73; 12; 15; 55
24,68,0.30057,0.35294,58; 24; 68; 67; 27; 81; 85; 33; 62; 59
31,54,0.31319,0.57407,16; 31; 54; 47; 8; 62; 33; 25; 7; 50
28,34,0.34169,0.82353,44; 28; 34; 20; 5; 29; 77; 52; 12; 80
24,65,0.30859,0.36923,7; 24; 65; 35; 32; 24; 41; 64; 29; 28
57,71,0.22282,0.80282,7; 57; 71; 80; 11; 20; 53; 15; 46; 33
25,68,0.29959,0.36765,24; 25; 68; 83; 7; 16; 35; 32; 14; 36
26,79,0.28173,0.32911,84; 26; 79; 35; 30; 42; 33; 77; 47; 82
62,78,0.21782,0.79487,47; 62; 78; 14; 41; 74; 30; 11; 34; 55
49,61,0.26291,0.80328,36; 49; 61; 50; 75; 69; 25; 16; 11; 19
7,25,0.26985,0.28,37; 7; 25; 45; 14; 36; 64; 13; 67; 24
11,30,0.30933,0.36667,20; 11; 30; 82; 50; 44; 59; 42; 17; 5
35,63,0.2988,0.55556,56; 35; 63; 36; 69; 68; 28; 84; 43; 46
48,84,0.23772,0.57143,27; 48; 84; 77; 70; 8; 11; 41; 46; 45
69,82,0.19934,0.84146,59; 69; 82; 49; 57; 44; 5; 64; 35; 22
70,83,0.18303,0.84337,35; 70; 83; 48; 28; 28; 75; 29; 42; 11
11,34,0.29418,0.32353,7; 11; 34; 27; 72; 74; 70; 84; 39; 11
25,77,0.2801,0.32468,60; 25; 77; 21; 73; 77; 81; 35; 17; 52
15,63,0.23595,0.2381,30; 15; 63; 48; 58; 28; 38; 41; 18; 19
69,82,0.20008,0.84146,7; 69; 82; 9; 47; 79; 6; 36; 47; 9
16,49,0.30189,0.32653,9; 16; 49; 31; 64; 5; 73; 78; 17; 72
22,79,0.27167,0.27848,21; 22; 79; 8; 50; 14; 18; 39; 7; 46
53,63,0.25231,0.84127,21; 53; 63; 23; 32; 45; 38; 48; 50; 55
64,78,0.2143,0.82051,69; 64; 78; 35; 22; 60; 63; 69; 25; 27
12,37,0.29814,0.32432,71; 12; 37; 41; 55; 67; 11; 16; 15; 11
48,85,0.22243,0.56471,59; 48; 85; 31; 59; 28; 30; 47; 51; 35
32,38,0.33901,0.84211,36; 32; 38; 72; 28; 31; 64; 16; 34; 30
43,76,0.2504,0.56579,36; 43; 76; 75; 16; 61; 83; 24; 85; 85
42,75,0.26621,0.56,82; 42; 75; 30; 52; 48; 21; 37; 50; 24
21,74,0.276,0.28378,47; 21; 74; 15; 23; 36; 77; 19; 65; 59
25,77,0.28113,0.32468,72; 25; 77; 64; 85; 65; 52; 62; 12; 43
44,56,0.27264,0.78571,67; 44; 56; 9; 54; 70; 7; 25; 38; 8
17,46,0.31672,0.36957,51; 17; 46; 49; 67; 83; 29; 73; 36; 42
13,44,0.28414,0.29545,25; 13; 44; 8; 11; 44; 19; 57; 14; 73
31,84,0.27435,0.36905,34; 31; 84; 10; 68; 17; 80; 7; 48; 68
8,28,0.27739,0.28571,39; 8; 28; 24; 15; 58; 20; 15; 66; 77
19,69,0.26857,0.27536,6; 19; 69; 26; 22; 71; 14; 68; 15; 52
63,80,0.21074,0.7875,85; 63; 80; 31; 5; 64; 7; 34; 32; 64
27,55,0.3205,0.49091,36; 27; 55; 14; 52; 49; 61; 68; 36; 15
18,56,0.29973,0.32143,30; 18; 56; 6; 13; 6; 12; 58; 64; 52
60,76,0.21318,0.78947,11; 60; 76; 41; 70; 39; 21; 31; 17; 39
26,81,0.27239,0.32099,59; 26; 81; 66; 47; 43; 74; 84; 74; 40
24,69,0.29927,0.34783,48; 24; 69; 73; 26; 65; 11; 45; 48; 77
27,54,0.31625,0.5,45; 27; 54; 45; 19; 58; 82; 60; 67; 32
50,58,0.26861,0.86207,69; 50; 58; 58; 65; 20; 69; 42; 70; 75
16,53,0.28967,0.30189,75; 16; 53; 19; 66; 55; 70; 13; 49; 40
17,61,0.27545,0.27869,19; 17; 61; 76; 49; 34; 71; 13; 31; 19
15,62,0.24387,0.24194,38; 15; 62; 62; 12; 18; 45; 7; 27; 31
11,34,0.29569,0.32353,27; 11; 34; 55; 10; 67; 43; 16; 47; 19
10,31,0.29468,0.32258,63; 10; 31; 66; 81; 39; 42; 73; 22; 39
38,78,0.27759,0.48718,60; 38; 78; 37; 17; 64; 67; 63; 61; 83
45,56,0.27924,0.80357,54; 45; 56; 77; 82; 27; 20; 54; 53; 79
50,61,0.27297,0.81967,44; 50; 61; 46; 59; 73; 13; 33; 45; 8
12,51,0.2326,0.23529,29; 12; 51; 74; 31; 12; 55; 56; 34; 13
27,55,0.32381,0.49091,42; 27; 55; 27; 64; 33; 36; 79; 20; 14
65,76,0.20839,0.85526,48; 65; 76; 8; 76; 50; 74; 82; 32; 67
22,78,0.2717,0.28205,35; 22; 78; 66; 30; 83; 7; 73; 39; 79
37,44,0.31993,0.84091,72; 37; 44; 69; 39; 62; 21; 71; 43; 40
17,34,0.34337,0.5,19; 17; 34; 79; 73; 22; 39; 6; 85; 10
43,50,0.30375,0.86,75; 43; 50; 34; 61; 73; 19; 75; 46; 81
13,43,0.28709,0.30233,69; 13; 43; 84; 83; 17; 16; 69; 7; 84
14,38,0.31306,0.36842,53; 14; 38; 23; 70; 38; 8; 18; 59; 38
8,27,0.28053,0.2963,10; 8; 27; 73; 58; 14; 63; 64; 14; 55
28,75,0.27953,0.37333,19; 28; 75; 39; 85; 54; 58; 15; 68; 57
42,74,0.22167,0.56757,26; 42; 74; 48; 38; 40; 15; 15; 56; 82
8,29,0.27008,0.27586,8; 8; 29; 67; 20; 31; 84; 72; 54; 55
41,83,0.24928,0.49398,33; 41; 83; 40; 82; 43; 8; 18; 38; 79
67,78,0.19954,0.85897,52; 67; 78; 73; 85; 48; 8; 26; 59; 23
27,83,0.27785,0.3253,33; 27; 83; 12; 40; 56; 17; 59; 29; 59
17,69,0.24443,0.24638,27; 17; 69; 27; 27; 29; 74; 65; 39; 18
54,64,0.23951,0.84375,67; 54; 64; 70; 32; 49; 40; 27; 37; 67
16,65,0.24382,0.24615,29; 16; 65; 60; 17; 7; 40; 72; 70; 73
16,58,0.26989,0.27586,80; 16; 58; 35; 67; 66; 15; 52; 17; 54
54,68,0.23467,0.79412,17; 54; 68; 5; 54; 65; 23; 35; 85; 10
13,54,0.23867,0.24074,32; 13; 54; 17; 81; 58; 33; 84; 8; 82
58,71,0.2384,0.8169,75; 58; 71; 49; 17; 31; 67; 25; 85; 41
27,78,0.2778,0.34615,11; 27; 78; 53; 37; 36; 56; 41; 12; 50
47,59,0.27354,0.79661,33; 47; 59; 31; 58; 45; 51; 23; 9; 15
24,74,0.28771,0.32432,34; 24; 74; 58; 75; 15; 32; 66; 63; 67
54,63,0.23121,0.85714,14; 54; 63; 15; 10; 78; 70; 46; 30; 7
33,67,0.29791,0.49254,60; 33; 67; 40; 24; 50; 36; 83; 40; 68
15,60,0.25069,0.25,82; 15; 60; 10; 18; 30; 37; 55; 38; 60
12,37,0.29529,0.32432,83; 12; 37; 46; 12; 81; 15; 64; 72; 14
21,64,0.3015,0.32812,40; 21; 64; 31; 37; 69; 50; 72; 18; 72
60,73,0.21455,0.82192,16; 60; 73; 70; 81; 81; 46; 9; 39; 78
59,75,0.22531,0.78667,25; 59; 75; 63; 64; 14; 83; 34; 9; 17
7,14,0.28075,0.5,58; 7; 14; 82; 7; 24; 28; 85; 20; 72
18,65,0.2697,0.27692,11; 18; 65; 34; 28; 65; 18; 68; 80; 71
26,31,0.342,0.83871,47; 26; 31; 78; 57; 42; 21; 42; 20; 11
16,57,0.27496,0.2807,54; 16; 57; 38; 62; 80; 25; 47; 28; 68
39,70,0.28076,0.55714,23; 39; 70; 8; 26; 51; 31; 28; 63; 53
8,24,0.29252,0.33333,19; 8; 24; 61; 83; 85; 15; 29; 58; 73
26,33,0.34956,0.78788,41; 26; 33; 51; 6; 34; 11; 50; 11; 85
51,64,0.26157,0.79688,75; 51; 64; 33; 82; 58; 21; 75; 57; 72
27,48,0.33296,0.5625,43; 27; 48; 51; 24; 67; 16; 9; 66; 10
13,45,0.27851,0.28889,78; 13; 45; 75; 81; 9; 70; 5; 73; 22
26,31,0.34808,0.83871,70; 26; 31; 77; 9; 15; 70; 67; 84; 42
33,59,0.31317,0.55932,37; 33; 59; 10; 82; 63; 73; 26; 47; 43
63,77,0.2146,0.81818,12; 63; 77; 10; 58; 76; 78; 79; 46; 52
58,73,0.22803,0.79452,49; 58; 73; 17; 35; 46; 73; 18; 5; 52
13,37,0.30603,0.35135,12; 13; 37; 37; 44; 22; 65; 11; 19; 50
25,71,0.29086,0.35211,55; 25; 71; 82; 20; 11; 31; 52; 44; 64
18,72,0.24683,0.25,58; 18; 72; 67; 32; 48; 74; 36; 79; 10
5,20,0.2457,0.25,77; 5; 20; 15; 62; 6; 52; 12; 80; 81
46,82,0.23198,0.56098,82; 46; 82; 9; 80; 20; 39; 27; 72; 55
20,67,0.28216,0.29851,57; 20; 67; 49; 38; 23; 31; 33; 76; 29
26,33,0.33923,0.78788,26; 26; 33; 11; 78; 44; 71; 77; 20; 66
7,29,0.23995,0.24138,40; 7; 29; 41; 7; 65; 77; 15; 71; 29
31,62,0.30006,0.5,8; 31; 62; 81; 68; 76; 42; 56; 55; 8
23,81,0.26842,0.28395,43; 23; 81; 67; 53; 25; 70; 43; 44; 48
22,76,0.27316,0.28947,66; 22; 76; 57; 79; 51; 8; 14; 7; 27
28,81,0.28284,0.34568,16; 28; 81; 12; 6; 53; 68; 53; 62; 10
49,57,0.27319,0.85965,23; 49; 57; 71; 77; 66; 77; 18; 47; 9
39,78,0.26712,0.5,38; 39; 78; 36; 16; 51; 61; 65; 8; 53
45,81,0.24335,0.55556,61; 45; 81; 64; 64; 71; 39; 16; 17; 64
46,55,0.28272,0.83636,28; 46; 55; 60; 79; 23; 10; 28; 62; 5
21,85,0.24648,0.24706,48; 21; 85; 67; 39; 84; 81; 15; 79; 69
26,75,0.28767,0.34667,83; 26; 75; 37; 47; 50; 45; 19; 17; 22
20,62,0.30214,0.32258,23; 20; 62; 77; 35; 28; 67; 27; 31; 66
21,46,0.33514,0.45652,34; 21; 46; 58; 63; 10; 16; 32; 47; 56
16,66,0.24529,0.24242,10; 16; 66; 63; 20; 7; 80; 63; 8; 5
31,63,0.30624,0.49206,10; 31; 63; 11; 81; 31; 67; 26; 64; 5
9,31,0.2776,0.29032,31; 9; 31; 39; 71; 14; 47; 39; 44; 57
25,76,0.26867,0.32895,62; 25; 76; 26; 82; 8; 5; 85; 76; 70
27,83,0.26612,0.3253,20; 27; 83; 11; 30; 63; 28; 22; 57; 52
18,39,0.33404,0.46154,43; 18; 39; 17; 52; 17; 45; 17; 70; 37
59,75,0.22508,0.78667,80; 59; 75; 60; 72; 32; 14; 15; 8; 73
64,76,0.21281,0.84211,35; 64; 76; 75; 25; 40; 78; 63; 52; 75
19,75,0.25223,0.25333,53; 19; 75; 26; 36; 74; 75; 10; 11; 48
27,81,0.27153,0.33333,49; 27; 81; 51; 12; 40; 36; 79; 85; 80
17,59,0.27349,0.28814,6; 17; 59; 48; 76; 75; 32; 59; 6; 37
30,81,0.25012,0.37037,26; 30; 81; 6; 49; 61; 43; 76; 65; 80
48,61,0.25834,0.78689,85; 48; 61; 54; 70; 72; 34; 38; 84; 34
57,72,0.22777,0.79167,70; 57; 72; 23; 9; 60; 52; 56; 69; 83
31,39,0.34093,0.79487,70; 31; 39; 51; 52; 41; 51; 14; 30; 54
22,69,0.2942,0.31884,83; 22; 69; 14; 45; 48; 43; 57; 41; 42
20,40,0.33705,0.5,51; 20; 40; 19; 63; 53; 32; 74; 77; 19
30,60,0.32009,0.5,47; 30; 60; 84; 38; 63; 77; 22; 13; 30
41,73,0.25559,0.56164,27; 41; 73; 20; 66; 27; 11; 56; 77; 14
20,69,0.28039,0.28986,15; 20; 69; 19; 32; 46; 21; 82; 34; 9
42,51,0.29246,0.82353,57; 42; 51; 73; 15; 49; 58; 36; 41; 9
65,79,0.20583,0.82278,36; 65; 79; 7; 52; 22; 65; 28; 9; 35
17,56,0.28698,0.30357,83; 17; 56; 32; 64; 60; 80; 74; 77; 71
13,46,0.27167,0.28261,40; 13; 46; 48; 66; 17; 72; 60; 22; 42
14,43,0.30001,0.32558,10; 14; 43; 27; 54; 79; 61; 7; 25; 78
38,45,0.3224,0.84444,33; 38; 45; 33; 31; 32; 75; 20; 73; 48
23,79,0.27617,0.29114,24; 23; 79; 13; 61; 71; 45; 48; 63; 61
27,59,0.31729,0.45763,41; 27; 59; 13; 83; 69; 19; 61; 80; 5
13,28,0.32813,0.46429,47; 13; 28; 83; 49; 11; 26; 27; 13; 84
20,80,0.24487,0.25,15; 20; 80; 82; 39; 17; 33; 35; 6; 44
18,54,0.30006,0.33333,44; 18; 54; 24; 6; 25; 38; 6; 66; 65
17,46,0.31481,0.36957,14; 17; 46; 41; 5; 59; 21; 42; 62; 59
15,43,0.30792,0.34884,29; 15; 43; 8; 27; 37; 28; 34; 55; 15
20,62,0.29993,0.32258,75; 20; 62; 27; 12; 77; 54; 53; 30; 40
15,46,0.29829,0.32609,42; 15; 46; 51; 59; 14; 17; 57; 62; 72
16,56,0.27785,0.28571,39; 16; 56; 65; 19; 40; 63; 29; 16; 72
36,72,0.29165,0.5,30; 36; 72; 12; 52; 20; 79; 33; 46; 74
22,63,0.3072,0.34921,74; 22; 63; 47; 74; 25; 14; 83; 24; 75
19,59,0.29858,0.32203,29; 19; 59; 37; 84; 47; 32; 46; 48; 48
17,56,0.2909,0.30357,19; 17; 56; 52; 74; 15; 15; 56; 64; 80
39,69,0.28003,0.56522,57; 39; 69; 81; 18; 58; 38; 58; 56; 28
25,51,0.33184,0.4902,73; 25; 51; 25; 15; 20; 10; 62; 82; 65
16,28,0.3397,0.57143,81; 16; 28; 43; 9; 25; 39; 23; 15; 12
24,73,0.29099,0.32877,13; 24; 73; 26; 13; 30; 62; 38; 71; 36
23,65,0.30398,0.35385,29; 23; 65; 64; 57; 54; 74; 36; 26; 59
14,58,0.24354,0.24138,80; 14; 58; 51; 5; 80; 50; 64; 65; 57
21,60,0.304,0.35,79; 21; 60; 22; 79; 79; 72; 23; 84; 60
15,43,0.30793,0.34884,55; 15; 43; 65; 58; 26; 62; 6; 42; 53
14,47,0.29023,0.29787,13; 14; 47; 31; 80; 39; 59; 25; 25; 31
18,52,0.3065,0.34615,31; 18; 52; 71; 78; 64; 73; 27; 64; 68
21,72,0.27987,0.29167,5; 21; 72; 78; 39; 13; 85; 63; 33; 24
65,76,0.18722,0.85526,14; 65; 76; 60; 31; 38; 33; 39; 40; 6
60,73,0.22405,0.82192,22; 60; 73; 31; 30; 20; 28; 10; 62; 11
35,76,0.2731,0.46053,47; 35; 76; 79; 16; 22; 19; 63; 8; 8
50,63,0.25568,0.79365,68; 50; 63; 24; 80; 26; 31; 82; 54; 60
22,79,0.2722,0.27848,40; 22; 79; 7; 84; 45; 68; 15; 6; 24
13,54,0.23871,0.24074,28; 13; 54; 16; 13; 6; 19; 11; 9; 37
26,71,0.28461,0.3662,50; 26; 71; 67; 28; 11; 13; 58; 69; 37
7,29,0.23549,0.24138,75; 7; 29; 19; 9; 73; 9; 73; 66; 59
25,45,0.33727,0.55556,74; 25; 45; 43; 47; 34; 18; 72; 27; 46
6,25,0.23853,0.24,19; 6; 25; 64; 68; 5; 51; 31; 56; 38
8,34,0.23729,0.23529,19; 8; 34; 45; 47; 85; 10; 16; 45; 23
35,70,0.29696,0.5,20; 35; 70; 83; 82; 17; 46; 72; 7; 39
21,84,0.25365,0.25,56; 21; 84; 7; 73; 12; 81; 17; 7; 59
17,58,0.28576,0.2931,30; 17; 58; 47; 15; 48; 82; 19; 44; 18
7,28,0.2437,0.25,48; 7; 28; 48; 44; 52; 69; 14; 77; 58
37,80,0.25555,0.4625,24; 37; 80; 64; 19; 67; 27; 20; 12; 83
41,72,0.27268,0.56944,25; 41; 72; 24; 46; 24; 18; 21; 69; 10
47,83,0.20111,0.56627,48; 47; 83; 23; 57; 24; 70; 25; 7; 69
13,35,0.30286,0.37143,8; 13; 35; 63; 46; 22; 72; 21; 52; 25
7,22,0.28831,0.31818,23; 7; 22; 44; 31; 7; 80; 12; 47; 41
65,77,0.19596,0.84416,64; 65; 77; 10; 48; 15; 78; 18; 80; 47
25,45,0.32879,0.55556,44; 25; 45; 29; 8; 80; 84; 77; 37; 48
24,28,0.34675,0.85714,50; 24; 28; 83; 80; 84; 37; 45; 49; 17
17,68,0.24623,0.25,12; 17; 68; 23; 37; 66; 69; 7; 76; 19
26,79,0.27537,0.32911,12; 26; 79; 31; 70; 76; 24; 25; 17; 68
47,56,0.27814,0.83929,7; 47; 56; 17; 26; 70; 53; 30; 21; 61
7,25,0.27419,0.28,59; 7; 25; 26; 56; 66; 62; 11; 26; 71
9,11,0.25594,0.81818,51; 9; 11; 49; 80; 73; 13; 84; 25; 81
18,51,0.31015,0.35294,81; 18; 51; 58; 36; 31; 18; 41; 28; 41
29,59,0.31311,0.49153,72; 29; 59; 46; 32; 83; 74; 51; 78; 73
18,22,0.34423,0.81818,21; 18; 22; 19; 16; 31; 39; 33; 63; 35
22,59,0.30684,0.37288,57; 22; 59; 54; 47; 56; 75; 49; 61; 19
11,45,0.24089,0.24444,45; 11; 45; 44; 52; 28; 31; 85; 72; 7
18,22,0.34032,0.81818,35; 18; 22; 17; 48; 22; 51; 40; 64; 56
40,71,0.27574,0.56338,80; 40; 71; 57; 7; 35; 24; 31; 61; 68
28,49,0.32997,0.57143,62; 28; 49; 9; 63; 16; 42; 8; 85; 9
8,14,0.27032,0.57143,79; 8; 14; 56; 82; 75; 20; 30; 43; 28
23,81,0.27072,0.28395,24; 23; 81; 33; 83; 36; 74; 47; 56; 52
64,74,0.21018,0.86486,67; 64; 74; 65; 37; 12; 37; 42; 48; 53
36,43,0.32547,0.83721,53; 36; 43; 52; 30; 15; 24; 82; 34; 32
35,70,0.2823,0.5,38; 35; 70; 42; 81; 46; 54; 79; 12; 79
22,78,0.2638,0.28205,42; 22; 78; 39; 23; 66; 66; 35; 50; 21
55,64,0.24632,0.85938,17; 55; 64; 46; 19; 5; 70; 10; 84; 19
12,15,0.31261,0.8,24; 12; 15; 8; 19; 14; 6; 42; 45; 38
32,65,0.29284,0.49231,20; 32; 65; 62; 5; 13; 32; 36; 79; 82
61,74,0.21377,0.82432,44; 61; 74; 76; 83; 27; 46; 26; 14; 18
16,46,0.3104,0.34783,18; 16; 46; 74; 67; 33; 40; 49; 39; 76
38,67,0.28286,0.56716,41; 38; 67; 73; 63; 20; 17; 65; 49; 9
54,63,0.24956,0.85714,85; 54; 63; 48; 36; 49; 62; 35; 5; 81
36,73,0.27283,0.49315,71; 36; 73; 83; 54; 15; 76; 62; 39; 82
11,40,0.26887,0.275,31; 11; 40; 59; 17; 34; 84; 57; 67; 65
15,59,0.25171,0.25424,18; 15; 59; 61; 56; 80; 26; 10; 52; 48
20,80,0.2479,0.25,80; 20; 80; 27; 56; 46; 78; 21; 84; 81
41,82,0.23316,0.5,78; 41; 82; 52; 61; 5; 27; 76; 71; 8
40,82,0.23042,0.4878,42; 40; 82; 72; 44; 35; 39; 78; 7; 75
20,70,0.27692,0.28571,82; 20; 70; 39; 74; 51; 51; 58; 8; 83
13,41,0.29597,0.31707,8; 13; 41; 18; 53; 23; 14; 30; 84; 59
23,63,0.3131,0.36508,65; 23; 63; 5; 13; 18; 23; 6; 18; 21
36,78,0.24848,0.46154,31; 36; 78; 85; 9; 40; 58; 31; 43; 11
21,83,0.24944,0.25301,69; 21; 83; 48; 84; 19; 61; 36; 43; 58
41,52,0.29847,0.78846,8; 41; 52; 74; 73; 21; 16; 82; 51; 14
24,76,0.28214,0.31579,34; 24; 76; 60; 55; 5; 68; 32; 56; 78
24,48,0.33416,0.5,42; 24; 48; 84; 17; 54; 43; 51; 6; 39
34,60,0.31544,0.56667,84; 34; 60; 20; 84; 34; 9; 58; 20; 26
29,84,0.26221,0.34524,26; 29; 84; 17; 55; 25; 82; 38; 45; 84
14,28,0.32623,0.5,76; 14; 28; 64; 45; 69; 11; 34; 52; 56
13,47,0.27431,0.2766,28; 13; 47; 31; 78; 31; 24; 43; 53; 85
54,66,0.24511,0.81818,48; 54; 66; 24; 47; 24; 18; 85; 83; 32
21,84,0.25141,0.25,75; 21; 84; 31; 33; 82; 21; 26; 31; 30
63,75,0.21972,0.84,41; 63; 75; 45; 30; 28; 9; 64; 5; 77
10,18,0.30721,0.55556,83; 10; 18; 43; 75; 53; 67; 14; 42; 24
66,83,0.20264,0.79518,16; 66; 83; 80; 34; 45; 18; 83; 26; 22
19,76,0.24753,0.25,63; 19; 76; 83; 8; 68; 23; 73; 29; 12
18,76,0.23451,0.23684,63; 18; 76; 38; 79; 56; 19; 80; 75; 41
59,69,0.23423,0.85507,68; 59; 69; 85; 34; 17; 55; 39; 68; 16
22,39,0.33738,0.5641,49; 22; 39; 23; 36; 71; 19; 65; 17; 73
19,52,0.31888,0.36538,80; 19; 52; 34; 39; 26; 60; 73; 71; 84
38,44,0.31308,0.86364,71; 38; 44; 32; 6; 81; 51; 79; 82; 10
13,53,0.23757,0.24528,16; 13; 53; 58; 72; 55; 13; 19; 64; 55
61,76,0.21466,0.80263,55; 61; 76; 73; 32; 22; 78; 42; 54; 11
11,39,0.27209,0.28205,72; 11; 39; 33; 66; 37; 35; 76; 9; 35
34,69,0.29189,0.49275,15; 34; 69; 61; 7; 70; 22; 81; 63; 22
14,57,0.24096,0.24561,8; 14; 57; 65; 84; 71; 84; 61; 55; 16
16,68,0.23404,0.23529,82; 16; 68; 80; 45; 55; 81; 74; 84; 44
20,67,0.28699,0.29851,45; 20; 67; 57; 21; 23; 48; 68; 31; 82
11,22,0.3212,0.5,58; 11; 22; 58; 19; 81; 65; 52; 65; 25
24,65,0.30598,0.36923,44; 24; 65; 78; 39; 65; 16; 66; 51; 51
32,65,0.29351,0.49231,28; 32; 65; 6; 32; 41; 48; 21; 39; 41
61,71,0.21925,0.85915,6; 61; 71; 55; 47; 43; 20; 32; 32; 21
16,67,0.23986,0.23881,43; 16; 67; 34; 79; 48; 54; 60; 43; 79
27,59,0.32092,0.45763,31; 27; 59; 80; 25; 20; 57; 75; 41; 49
30,82,0.26391,0.36585,15; 30; 82; 30; 65; 26; 68; 9; 38; 53
16,67,0.23909,0.23881,7; 16; 67; 47; 57; 20; 7; 42; 77; 46
25,67,0.30112,0.37313,67; 25; 67; 41; 20; 8; 78; 73; 83; 23
9,37,0.23802,0.24324,13; 9; 37; 61; 36; 59; 64; 55; 77; 85
15,50,0.28871,0.3,28; 15; 50; 46; 32; 79; 65; 80; 77; 77
71,85,0.1867,0.83529,55; 71; 85; 25; 69; 20; 45; 49; 24; 35
16,19,0.32859,0.84211,11; 16; 19; 32; 79; 65; 48; 38; 75; 76
67,78,0.18773,0.85897,53; 67; 78; 40; 76; 61; 72; 38; 79; 63
6,7,0.16722,0.85714,68; 6; 7; 41; 69; 45; 46; 73; 37; 25
61,77,0.21252,0.79221,61; 61; 77; 35; 57; 71; 66; 55; 11; 62
19,54,0.31125,0.35185,85; 19; 54; 33; 69; 38; 85; 5; 79; 15
35,76,0.27668,0.46053,10; 35; 76; 42; 32; 42; 79; 18; 34; 37
19,63,0.28714,0.30159,8; 19; 63; 38; 19; 33; 56; 65; 46; 50
9,26,0.2923,0.34615,7; 9; 26; 72; 76; 21; 72; 40; 34; 36
14,49,0.27575,0.28571,24; 14; 49; 84; 33; 46; 71; 28; 81; 84
48,84,0.23301,0.57143,76; 48; 84; 31; 55; 72; 35; 74; 37; 11
27,82,0.27277,0.32927,46; 27; 82; 26; 78; 58; 50; 29; 32; 68
9,31,0.28051,0.29032,29; 9; 31; 65; 15; 39; 20; 35; 66; 26
34,70,0.28655,0.48571,70; 34; 70; 23; 14; 14; 15; 5; 36; 60
55,69,0.22872,0.7971,81; 55; 69; 40; 85; 10; 13; 60; 17; 83
44,55,0.27252,0.8,63; 44; 55; 38; 60; 71; 47; 34; 41; 44
11,39,0.26646,0.28205,55; 11; 39; 77; 74; 20; 75; 21; 66; 49
38,67,0.28652,0.56716,66; 38; 67; 30; 78; 18; 67; 67; 30; 56
29,59,0.31029,0.49153,80; 29; 59; 81; 8; 32; 9; 78; 7; 83
68,83,0.19873,0.81928,11; 68; 83; 24; 80; 19; 67; 37; 71; 39
11,34,0.29114,0.32353,72; 11; 34; 57; 71; 62; 72; 45; 62; 28
31,83,0.27354,0.37349,35; 31; 83; 64; 45; 51; 11; 6; 58; 8
18,39,0.331,0.46154,44; 18; 39; 33; 64; 71; 14; 23; 43; 77
12,37,0.2954,0.32432,63; 12; 37; 74; 62; 72; 42; 22; 67; 21
19,58,0.30227,0.32759,23; 19; 58; 54; 77; 31; 79; 58; 9; 61
32,37,0.33856,0.86486,64; 32; 37; 70; 31; 47; 29; 75; 64; 30
22,63,0.30894,0.34921,48; 22; 63; 12; 56; 40; 11; 45; 22; 53
62,76,0.21649,0.81579,56; 62; 76; 71; 43; 21; 58; 25; 71; 43
21,66,0.28969,0.31818,37; 21; 66; 80; 32; 21; 76; 39; 76; 83
19,41,0.33036,0.46341,26; 19; 41; 27; 81; 85; 46; 17; 8; 58
12,36,0.30073,0.33333,22; 12; 36; 51; 18; 74; 43; 24; 42; 28
28,79,0.27596,0.35443,72; 28; 79; 76; 51; 18; 46; 58; 25; 54
63,75,0.18791,0.84,10; 63; 75; 31; 41; 45; 39; 69; 6; 31
16,63,0.25268,0.25397,75; 16; 63; 79; 55; 9; 12; 42; 71; 5
34,61,0.30794,0.55738,43; 34; 61; 55; 12; 15; 5; 7; 41; 49
26,70,0.29568,0.37143,8; 26; 70; 37; 39; 83; 52; 35; 35; 59
63,79,0.20888,0.79747,27; 63; 79; 45; 75; 81; 70; 32; 54; 72
17,60,0.27958,0.28333,32; 17; 60; 76; 26; 38; 73; 70; 11; 19
34,61,0.31413,0.55738,65; 34; 61; 5; 83; 33; 67; 14; 75; 70
20,68,0.28512,0.29412,20; 20; 68; 56; 41; 35; 34; 51; 66; 24
14,46,0.29238,0.30435,29; 14; 46; 27; 19; 58; 71; 47; 78; 74
41,49,0.28778,0.83673,71; 41; 49; 51; 24; 28; 33; 42; 35; 7
23,65,0.30649,0.35385,13; 23; 65; 54; 33; 51; 51; 49; 75; 45
18,32,0.346,0.5625,38; 18; 32; 52; 38; 82; 23; 57; 53; 31
38,76,0.26737,0.5,37; 38; 76; 12; 12; 32; 26; 85; 77; 36
11,34,0.29331,0.32353,7; 11; 34; 56; 17; 41; 65; 59; 77; 80
47,84,0.23777,0.55952,23; 47; 84; 62; 72; 69; 55; 27; 66; 61
13,44,0.28443,0.29545,44; 13; 44; 60; 29; 82; 18; 29; 80; 26
18,39,0.33111,0.46154,80; 18; 39; 47; 77; 77; 12; 81; 46; 61
29,63,0.31491,0.46032,65; 29; 63; 49; 59; 58; 78; 66; 40; 57
60,73,0.22222,0.82192,43; 60; 73; 56; 34; 81; 21; 18; 23; 48
21,75,0.27321,0.28,21; 21; 75; 5; 30; 64; 30; 61; 20; 83
19,75,0.2515,0.25333,10; 19; 75; 70; 69; 82; 35; 38; 6; 65
24,74,0.2877,0.32432,45; 24; 74; 37; 83; 15; 64; 78; 76; 14
16,19,0.33423,0.84211,38; 16; 19; 31; 33; 68; 82; 45; 66; 31
7,19,0.29893,0.36842,40; 7; 19; 19; 7; 6; 64; 65; 33; 35
36,79,0.24951,0.4557,38; 36; 79; 78; 77; 63; 48; 7; 26; 43
37,65,0.2959,0.56923,74; 37; 65; 25; 68; 59; 29; 53; 13; 9
62,72,0.22264,0.86111,45; 62; 72; 76; 21; 82; 84; 61; 5; 19
12,41,0.28338,0.29268,80; 12; 41; 85; 71; 84; 33; 74; 30; 25
30,65,0.30297,0.46154,67; 30; 65; 13; 17; 75; 37; 38; 68; 78
43,50,0.30534,0.86,42; 43; 50; 34; 59; 28; 71; 77; 47; 36
26,80,0.28033,0.325,64; 26; 80; 32; 83; 48; 62; 74; 35; 42
69,84,0.20052,0.82143,12; 69; 84; 22; 63; 28; 11; 17; 50; 33
22,45,0.33805,0.48889,56; 22; 45; 81; 50; 63; 66; 25; 37; 57
34,68,0.29808,0.5,45; 34; 68; 39; 10; 58; 27; 62; 74; 24
24,68,0.30353,0.35294,72; 24; 68; 35; 16; 77; 53; 21; 84; 85
10,18,0.31362,0.55556,27; 10; 18; 14; 74; 34; 83; 34; 47; 9
20,35,0.33707,0.57143,72; 20; 35; 85; 63; 42; 81; 78; 60; 56
37,66,0.28664,0.56061,33; 37; 66; 51; 74; 32; 42; 52; 16; 56
5,20,0.24941,0.25,60; 5; 20; 66; 27; 77; 9; 67; 16; 70
19,78,0.24343,0.24359,79; 19; 78; 80; 12; 33; 39; 53; 58; 35
43,76,0.24126,0.56579,67; 43; 76; 31; 48; 82; 26; 83; 32; 52
14,40,0.30262,0.35,42; 14; 40; 20; 79; 83; 28; 21; 34; 23
63,75,0.22519,0.84,29; 63; 75; 29; 33; 8; 33; 72; 20; 73
48,60,0.2562,0.8,20; 48; 60; 17; 52; 34; 76; 23; 68; 50
20,83,0.23666,0.24096,15; 20; 83; 7; 56; 56; 52; 71; 61; 58
14,43,0.29977,0.32558,62; 14; 43; 5; 75; 81; 47; 61; 31; 78
19,75,0.24883,0.25333,37; 19; 75; 78; 62; 53; 29; 71; 5; 5
37,65,0.29504,0.56923,12; 37; 65; 38; 69; 80; 69; 16; 47; 57
11,37,0.27734,0.2973,59; 11; 37; 6; 60; 10; 46; 50; 46; 25
30,61,0.31253,0.4918,34; 30; 61; 57; 62; 10; 45; 28; 26; 13
21,72,0.27857,0.29167,44; 21; 72; 57; 13; 85; 19; 12; 51; 8
23,29,0.34919,0.7931,28; 23; 29; 33; 82; 66; 6; 6; 66; 78
31,68,0.30664,0.45588,43; 31; 68; 46; 25; 19; 47; 50; 84; 53
31,68,0.29313,0.45588,27; 31; 68; 49; 80; 77; 44; 84; 15; 72
60,70,0.21958,0.85714,23; 60; 70; 28; 51; 19; 73; 67; 58; 84
8,10,0.25399,0.8,33; 8; 10; 67; 22; 33; 33; 84; 26; 78
17,58,0.28175,0.2931,46; 17; 58; 77; 48; 17; 60; 58; 55; 65
25,76,0.28414,0.32895,46; 25; 76; 66; 43; 55; 71; 23; 10; 19
14,38,0.31521,0.36842,41; 14; 38; 74; 5; 65; 60; 52; 72; 37
22,77,0.274,0.28571,54; 22; 77; 60; 46; 83; 32; 67; 70; 64
18,21,0.34521,0.85714,22; 18; 21; 53; 60; 37; 59; 6; 70; 79
35,71,0.24618,0.49296,72; 35; 71; 26; 66; 24; 34; 44; 81; 12
14,56,0.24954,0.25,54; 14; 56; 30; 7; 35; 61; 27; 9; 34
22,28,0.34581,0.78571,74; 22; 28; 81; 26; 14; 12; 35; 41; 40
21,76,0.26933,0.27632,15; 21; 76; 58; 26; 54; 12; 64; 66; 20
21,60,0.312,0.35,77; 21; 60; 22; 43; 62; 79; 50; 75; 52
65,81,0.18659,0.80247,76; 65; 81; 61; 71; 80; 75; 29; 67; 28
20,63,0.29478,0.31746,46; 20; 63; 49; 35; 36; 79; 14; 84; 85
67,82,0.18848,0.81707,84; 67; 82; 68; 68; 43; 69; 81; 51; 35
36,79,0.27095,0.4557,43; 36; 79; 48; 43; 60; 27; 50; 81; 79
57,71,0.22416,0.80282,47; 57; 71; 15; 16; 20; 15; 41; 24; 75
38,83,0.24386,0.45783,33; 38; 83; 77; 77; 65; 10; 34; 39; 85
13,47,0.27182,0.2766,46; 13; 47; 29; 6; 29; 38; 41; 38; 39
16,53,0.28842,0.30189,60; 16; 53; 6; 17; 26; 19; 37; 5; 15
23,77,0.2768,0.2987,17; 23; 77; 9; 65; 66; 21; 66; 16; 75
55,69,0.22814,0.7971,75; 55; 69; 71; 71; 17; 74; 63; 69; 54
25,79,0.27432,0.31646,58; 25; 79; 14; 19; 81; 46; 52; 79; 71
25,77,0.2725,0.32468,57; 25; 77; 68; 18; 46; 44; 31; 21; 60
21,70,0.28741,0.3,71; 21; 70; 23; 15; 27; 30; 63; 82; 12
61,77,0.21699,0.79221,23; 61; 77; 26; 54; 76; 78; 12; 77; 70
29,78,0.24504,0.37179,41; 29; 78; 32; 47; 29; 73; 5; 30; 60
54,66,0.23957,0.81818,21; 54; 66; 49; 27; 11; 70; 6; 34; 32
24,84,0.25729,0.28571,6; 24; 84; 14; 53; 7; 80; 31; 52; 16
15,63,0.23661,0.2381,36; 15; 63; 28; 78; 44; 5; 29; 12; 57
5,21,0.24442,0.2381,67; 5; 21; 16; 76; 12; 75; 68; 34; 11
36,63,0.26724,0.57143,59; 36; 63; 43; 20; 41; 53; 23; 32; 37
27,82,0.26973,0.32927,12; 27; 82; 43; 75; 22; 28; 58; 32; 52
20,63,0.29573,0.31746,57; 20; 63; 44; 79; 25; 47; 69; 10; 6
15,60,0.24845,0.25,30; 15; 60; 80; 46; 63; 16; 49; 29; 7
24,65,0.3047,0.36923,6; 24; 65; 32; 58; 60; 15; 41; 53; 69
23,28,0.34457,0.82143,14; 23; 28; 9; 8; 17; 68; 55; 71; 60
22,79,0.26902,0.27848,81; 22; 79; 66; 34; 54; 56; 10; 85; 23
46,81,0.24789,0.5679,73; 46; 81; 83; 80; 76; 30; 10; 51; 9
7,14,0.27773,0.5,32; 7; 14; 57; 13; 52; 23; 48; 8; 48
16,67,0.24039,0.23881,46; 16; 67; 8; 21; 40; 68; 48; 73; 5
26,81,0.26857,0.32099,63; 26; 81; 51; 52; 50; 43; 25; 30; 27
24,82,0.27066,0.29268,11; 24; 82; 32; 84; 18; 31; 20; 37; 72
15,61,0.2435,0.2459,80; 15; 61; 16; 15; 67; 79; 6; 75; 16
40,50,0.30481,0.8,80; 40; 50; 80; 42; 8; 35; 78; 65; 12
18,72,0.24594,0.25,13; 18; 72; 49; 52; 22; 66; 22; 56; 35
44,79,0.20342,0.55696,78; 44; 79; 73; 24; 60; 20; 56; 29; 10
40,72,0.2478,0.55556,11; 40; 72; 28; 8; 36; 6; 36; 35; 14
33,71,0.27317,0.46479,76; 33; 71; 78; 12; 71; 54; 80; 25; 35
8,24,0.29207,0.33333,43; 8; 24; 63; 80; 81; 42; 6; 23; 57
10,31,0.29531,0.32258,28; 10; 31; 26; 46; 60; 67; 44; 84; 24
18,62,0.28354,0.29032,68; 18; 62; 30; 56; 20; 29; 51; 7; 30
23,29,0.34192,0.7931,9; 23; 29; 71; 72; 67; 66; 48; 60; 44
44,77,0.23078,0.57143,85; 44; 77; 68; 36; 28; 49; 69; 22; 81
23,50,0.33363,0.46,13; 23; 50; 82; 83; 72; 73; 25; 32; 49
65,81,0.2017,0.80247,52; 65; 81; 9; 33; 9; 71; 77; 76; 36
20,54,0.31713,0.37037,82; 20; 54; 74; 32; 29; 37; 37; 72; 30
7,20,0.29783,0.35,65; 7; 20; 29; 41; 50; 42; 19; 78; 5
14,56,0.24501,0.25,57; 14; 56; 7; 75; 5; 36; 62; 71; 37
31,39,0.33313,0.79487,5; 31; 39; 35; 68; 35; 80; 32; 58; 55
25,84,0.26043,0.29762,17; 25; 84; 18; 32; 85; 6; 35; 8; 68
24,75,0.28718,0.32,11; 24; 75; 48; 23; 62; 11; 72; 63; 45
12,34,0.2976,0.35294,25; 12; 34; 70; 19; 40; 68; 25; 71; 29
14,48,0.28068,0.29167,56; 14; 48; 6; 60; 34; 68; 28; 36; 48
10,18,0.31529,0.55556,78; 10; 18; 14; 72; 45; 68; 8; 43; 75
25,76,0.28259,0.32895,64; 25; 76; 19; 38; 8; 67; 45; 43; 6
41,52,0.2935,0.78846,16; 41; 52; 36; 73; 61; 47; 40; 17; 29
8,32,0.2462,0.25,24; 8; 32; 36; 49; 5; 81; 34; 35; 9
17,56,0.28902,0.30357,29; 17; 56; 81; 72; 72; 81; 11; 20; 76
67,78,0.20095,0.85897,66; 67; 78; 45; 28; 31; 79; 35; 37; 17
29,63,0.31129,0.46032,72; 29; 63; 43; 61; 66; 39; 79; 62; 10
21,65,0.29954,0.32308,80; 21; 65; 70; 72; 84; 45; 51; 18; 31
34,61,0.30751,0.55738,45; 34; 61; 38; 84; 19; 58; 19; 17; 16
63,80,0.1984,0.7875,39; 63; 80; 66; 29; 59; 80; 72; 44; 38
16,55,0.28162,0.29091,16; 16; 55; 12; 84; 63; 30; 70; 13; 79
62,76,0.21494,0.81579,17; 62; 76; 11; 36; 46; 7; 55; 8; 30
57,72,0.2307,0.79167,25; 57; 72; 45; 43; 84; 9; 27; 46; 27
61,77,0.21309,0.79221,79; 61; 77; 8; 23; 26; 42; 77; 26; 14
46,56,0.28091,0.82143,47; 46; 56; 68; 30; 31; 10; 57; 75; 17
13,28,0.32537,0.46429,22; 13; 28; 41; 10; 34; 48; 30; 40; 20
36,73,0.27522,0.49315,64; 36; 73; 72; 62; 8; 53; 56; 47; 74
14,59,0.23399,0.23729,17; 14; 59; 69; 38; 56; 76; 82; 63; 81
31,84,0.25463,0.36905,65; 31; 84; 55; 66; 59; 35; 64; 15; 56
15,61,0.24681,0.2459,16; 15; 61; 50; 23; 55; 7; 57; 16; 32
56,68,0.22022,0.82353,41; 56; 68; 17; 33; 78; 76; 76; 27; 17
18,54,0.30031,0.33333,15; 18; 54; 80; 58; 83; 16; 19; 67; 6
13,28,0.3252,0.46429,20; 13; 28; 48; 72; 12; 54; 39; 16; 80
16,57,0.27437,0.2807,16; 16; 57; 19; 76; 17; 32; 80; 32; 22
30,35,0.33654,0.85714,56; 30; 35; 27; 83; 32; 78; 27; 30; 85
20,72,0.26948,0.27778,28; 20; 72; 32; 61; 21; 23; 58; 53; 7
29,82,0.2669,0.35366,81; 29; 82; 59; 79; 6; 16; 57; 41; 22
68,81,0.17467,0.83951,58; 68; 81; 22; 46; 63; 66; 6; 74; 25
19,69,0.27168,0.27536,25; 19; 69; 17; 41; 55; 8; 18; 71; 34
19,57,0.3025,0.33333,37; 19; 57; 15; 33; 61; 63; 57; 84; 19
59,69,0.23256,0.85507,58; 59; 69; 66; 54; 20; 24; 56; 27; 44
48,60,0.26336,0.8,51; 48; 60; 30; 31; 8; 45; 63; 34; 20
13,45,0.27721,0.28889,15; 13; 45; 75; 82; 23; 66; 11; 66; 16
7,25,0.26365,0.28,63; 7; 25; 24; 20; 80; 16; 49; 10; 8
25,29,0.34281,0.86207,29; 25; 29; 14; 56; 79; 77; 39; 17; 31
47,82,0.24401,0.57317,16; 47; 82; 35; 35; 58; 68; 43; 33; 84
19,80,0.23613,0.2375,46; 19; 80; 22; 38; 30; 44; 83; 70; 83
18,61,0.28725,0.29508,24; 18; 61; 23; 46; 77; 32; 54; 32; 21
53,67,0.23972,0.79104,15; 53; 67; 6; 5; 14; 20; 79; 56; 21
45,79,0.23338,0.56962,32; 45; 79; 75; 65; 76; 58; 37; 28; 55
6,25,0.23777,0.24,67; 6; 25; 73; 16; 58; 23; 80; 29; 30
34,74,0.27622,0.45946,55; 34; 74; 6; 44; 60; 27; 24; 24; 62
9,16,0.2989,0.5625,46; 9; 16; 25; 80; 35; 37; 75; 34; 32
17,68,0.24677,0.25,67; 17; 68; 63; 80; 85; 80; 46; 46; 67
19,63,0.28841,0.30159,14; 19; 63; 53; 58; 57; 81; 73; 15; 11
20,63,0.29338,0.31746,81; 20; 63; 20; 43; 25; 36; 39; 37; 60
39,84,0.22786,0.46429,77; 39; 84; 16; 62; 70; 50; 32; 32; 41
20,72,0.26857,0.27778,36; 20; 72; 29; 20; 12; 81; 10; 25; 14
17,61,0.27262,0.27869,76; 17; 61; 36; 81; 66; 44; 58; 33; 8
33,41,0.33055,0.80488,16; 33; 41; 32; 59; 85; 52; 15; 14; 53
11,37,0.28108,0.2973,42; 11; 37; 63; 50; 45; 46; 85; 60; 54
69,82,0.19263,0.84146,84; 69; 82; 48; 20; 52; 30; 76; 59; 66
44,77,0.24045,0.57143,49; 44; 77; 75; 24; 17; 5; 50; 28; 10
20,82,0.24401,0.2439,71; 20; 82; 23; 79; 32; 12; 55; 39; 68
53,65,0.22163,0.81538,11; 53; 65; 75; 69; 9; 31; 35; 75; 47
14,58,0.23868,0.24138,73; 14; 58; 39; 8; 46; 13; 62; 14; 79
6,20,0.27438,0.3,23; 6; 20; 32; 79; 63; 68; 59; 50; 59
6,20,0.2606,0.3,8; 6; 20; 85; 77; 26; 14; 39; 68; 83
19,39,0.34147,0.48718,51; 19; 39; 28; 17; 30; 5; 60; 47; 6
25,75,0.28737,0.33333,25; 25; 75; 16; 84; 63; 10; 35; 58; 33
18,74,0.23957,0.24324,13; 18; 74; 24; 67; 36; 54; 38; 56; 40
32,37,0.33461,0.86486,67; 32; 37; 40; 24; 9; 61; 52; 81; 51
17,69,0.24507,0.24638,7; 17; 69; 47; 26; 8; 50; 85; 85; 58
63,75,0.21344,0.84,42; 63; 75; 59; 85; 18; 63; 71; 16; 27
19,79,0.23912,0.24051,41; 19; 79; 63; 62; 32; 30; 43; 40; 12
13,52,0.25096,0.25,78; 13; 52; 38; 55; 26; 38; 46; 9; 40
19,68,0.27522,0.27941,47; 19; 68; 84; 41; 24; 66; 65; 34; 21
27,54,0.31287,0.5,35; 27; 54; 51; 40; 5; 82; 85; 75; 27
18,71,0.25396,0.25352,56; 18; 71; 29; 42; 48; 12; 46; 43; 5
49,62,0.2234,0.79032,76; 49; 62; 68; 29; 82; 35; 71; 70; 36
23,83,0.2658,0.27711,14; 23; 83; 63; 26; 5; 47; 12; 49; 49
6,21,0.27215,0.28571,26; 6; 21; 52; 32; 79; 80; 36; 29; 8
29,83,0.26553,0.3494,28; 29; 83; 74; 8; 16; 47; 14; 61; 20
34,43,0.33055,0.7907,76; 34; 43; 53; 67; 17; 30; 58; 31; 55
39,84,0.25263,0.46429,67; 39; 84; 39; 56; 79; 62; 83; 21; 83
22,74,0.2785,0.2973,72; 22; 74; 83; 77; 20; 9; 5; 46; 33
20,84,0.23762,0.2381,55; 20; 84; 15; 11; 13; 74; 56; 65; 66
35,63,0.30613,0.55556,20; 35; 63; 72; 32; 22; 84; 77; 83; 14
38,77,0.26337,0.49351,57; 38; 77; 38; 35; 40; 13; 30; 22; 57
39,68,0.24543,0.57353,64; 39; 68; 85; 22; 84; 57; 57; 54; 40
63,75,0.21143,0.84,19; 63; 75; 9; 23; 74; 77; 65; 15; 62
63,77,0.21331,0.81818,53; 63; 77; 39; 49; 57; 57; 49; 42; 65
45,55,0.29342,0.81818,58; 45; 55; 60; 20; 57; 15; 73; 67; 5
48,57,0.27221,0.84211,30; 48; 57; 7; 44; 55; 72; 5; 13; 64
39,68,0.28883,0.57353,60; 39; 68; 52; 22; 52; 26; 7; 50; 35
42,85,0.21686,0.49412,34; 42; 85; 27; 75; 70; 33; 41; 65; 7
27,55,0.3103,0.49091,81; 27; 55; 53; 78; 38; 70; 19; 71; 48
24,82,0.25891,0.29268,17; 24; 82; 6; 31; 49; 9; 42; 28; 34
45,55,0.27785,0.81818,44; 45; 55; 20; 83; 66; 6; 39; 42; 9
7,29,0.23488,0.24138,27; 7; 29; 53; 12; 72; 34; 41; 81; 33
20,25,0.34758,0.8,25; 20; 25; 79; 77; 37; 38; 72; 82; 56
36,74,0.2815,0.48649,64; 36; 74; 73; 24; 63; 17; 76; 26; 66
24,85,0.26799,0.28235,36; 24; 85; 76; 32; 45; 63; 22; 73; 72
19,80,0.23527,0.2375,5; 19; 80; 61; 54; 13; 7; 35; 24; 45
20,69,0.28054,0.28986,10; 20; 69; 15; 72; 29; 36; 66; 7; 32
37,80,0.24423,0.4625,71; 37; 80; 78; 49; 76; 23; 52; 66; 18
26,70,0.28689,0.37143,20; 26; 70; 69; 29; 40; 40; 20; 77; 18
47,83,0.243,0.56627,24; 47; 83; 58; 25; 34; 28; 40; 48; 32
24,43,0.34073,0.55814,8; 24; 43; 37; 14; 57; 11; 21; 25; 47
7,28,0.24332,0.25,13; 7; 28; 70; 78; 62; 43; 41; 60; 36
21,46,0.33167,0.45652,15; 21; 46; 25; 52; 50; 74; 7; 50; 79
20,54,0.31929,0.37037,40; 20; 54; 84; 70; 46; 18; 40; 84; 44
35,62,0.30165,0.56452,38; 35; 62; 31; 67; 29; 45; 84; 71; 71
67,80,0.18827,0.8375,49; 67; 80; 52; 19; 29; 45; 8; 63; 82
19,79,0.2385,0.24051,27; 19; 79; 83; 69; 18; 9; 7; 61; 7
25,82,0.26558,0.30488,51; 25; 82; 73; 17; 71; 47; 78; 72; 34
15,52,0.28022,0.28846,61; 15; 52; 26; 11; 6; 39; 10; 64; 59
33,67,0.29674,0.49254,7; 33; 67; 82; 51; 20; 18; 45; 7; 47
24,75,0.28422,0.32,17; 24; 75; 39; 8; 28; 23; 50; 67; 70
42,53,0.26989,0.79245,43; 42; 53; 63; 58; 6; 66; 55; 53; 81
6,17,0.27755,0.35294,55; 6; 17; 66; 16; 77; 71; 24; 49; 82
19,57,0.30589,0.33333,58; 19; 57; 31; 45; 63; 26; 28; 59; 78
40,49,0.3102,0.81633,53; 40; 49; 17; 21; 63; 26; 16; 47; 34
38,77,0.25038,0.49351,51; 38; 77; 44; 9; 77; 78; 72; 68; 27
73,85,0.17652,0.85882,73; 73; 85; 22; 18; 20; 23; 64; 61; 68
26,80,0.27613,0.325,46; 26; 80; 39; 17; 82; 78; 75; 60; 22
22,76,0.27049,0.28947,37; 22; 76; 61; 29; 21; 35; 76; 32; 80
45,81,0.22542,0.55556,36; 45; 81; 9; 26; 20; 51; 49; 44; 62
19,58,0.30278,0.32759,5; 19; 58; 13; 30; 35; 47; 74; 52; 12
18,21,0.34311,0.85714,27; 18; 21; 5; 21; 48; 21; 55; 84; 63
20,67,0.28228,0.29851,6; 20; 67; 51; 9; 36; 23; 75; 44; 85
34,60,0.31171,0.56667,65; 34; 60; 38; 47; 10; 84; 48; 40; 47
29,58,0.32079,0.5,11; 29; 58; 69; 24; 77; 21; 41; 62; 20
50,61,0.26114,0.81967,68; 50; 61; 5; 31; 39; 82; 10; 69; 8
17,35,0.33198,0.48571,83; 17; 35; 70; 19; 76; 65; 81; 84; 70
21,85,0.25033,0.24706,10; 21; 85; 16; 17; 8; 82; 13; 32; 21
59,74,0.2212,0.7973,44; 59; 74; 49; 50; 81; 10; 15; 40; 17
24,49,0.33226,0.4898,16; 24; 49; 39; 29; 68; 34; 77; 52; 75
24,83,0.26753,0.28916,5; 24; 83; 70; 48; 47; 48; 54; 28; 11
36,79,0.25021,0.4557,79; 36; 79; 12; 16; 31; 17; 47; 54; 28
43,50,0.29431,0.86,14; 43; 50; 55; 17; 36; 33; 40; 47; 84
17,59,0.27963,0.28814,21; 17; 59; 79; 62; 80; 31; 74; 65; 69
41,50,0.30617,0.82,17; 41; 50; 44; 16; 19; 81; 52; 84; 55
30,60,0.31689,0.5,52; 30; 60; 67; 39; 6; 12; 52; 69; 64
18,56,0.2972,0.32143,24; 18; 56; 70; 67; 48; 44; 43; 71; 81
37,75,0.25641,0.49333,43; 37; 75; 60; 21; 12; 48; 38; 69; 82
13,47,0.27219,0.2766,32; 13; 47; 36; 43; 15; 35; 21; 21; 40
36,73,0.27063,0.49315,33; 36; 73; 39; 34; 71; 12; 15; 60; 13
6,24,0.24996,0.25,28; 6; 24; 84; 7; 32; 67; 75; 65; 76
39,80,0.25142,0.4875,10; 39; 80; 21; 79; 23; 79; 73; 10; 59
14,46,0.29189,0.30435,8; 14; 46; 51; 68; 83; 51; 5; 56; 19
57,66,0.22475,0.86364,11; 57; 66; 58; 73; 14; 12; 65; 70; 77
10,35,0.2763,0.28571,82; 10; 35; 58; 23; 70; 79; 61; 56; 32
11,14,0.29477,0.78571,20; 11; 14; 11; 62; 18; 53; 28; 83; 83
22,77,0.27594,0.28571,40; 22; 77; 54; 49; 58; 27; 15; 64; 32
37,81,0.24287,0.45679,17; 37; 81; 10; 20; 39; 32; 78; 68; 84
16,28,0.33957,0.57143,17; 16; 28; 64; 13; 30; 30; 71; 48; 35
48,57,0.27748,0.84211,55; 48; 57; 22; 25; 82; 37; 64; 15; 34
37,66,0.28116,0.56061,28; 37; 66; 50; 48; 25; 36; 15; 78; 46
18,52,0.30729,0.34615,37; 18; 52; 23; 77; 78; 54; 5; 60; 26
7,14,0.28285,0.5,6; 7; 14; 59; 65; 17; 59; 23; 49; 49
56,71,0.22578,0.78873,75; 56; 71; 55; 78; 34; 59; 26; 45; 53
68,79,0.18495,0.86076,23; 68; 79; 37; 47; 35; 79; 48; 15; 10
30,38,0.3356,0.78947,47; 30; 38; 34; 81; 50; 7; 53; 48; 66
70,83,0.18686,0.84337,23; 70; 83; 7; 67; 30; 34; 65; 12; 54
7,23,0.28466,0.30435,15; 7; 23; 30; 28; 50; 41; 52; 69; 43
23,76,0.27703,0.30263,78; 23; 76; 48; 62; 26; 44; 58; 49; 79
5,21,0.24312,0.2381,34; 5; 21; 59; 77; 39; 31; 25; 31; 84
16,63,0.2529,0.25397,80; 16; 63; 7; 14; 60; 42; 13; 59; 58
8,14,0.27981,0.57143,12; 8; 14; 84; 77; 83; 46; 84; 37; 36
12,36,0.30009,0.33333,73; 12; 36; 71; 36; 85; 8; 57; 47; 73
17,53,0.29844,0.32075,30; 17; 53; 50; 30; 33; 70; 82; 32; 43
22,78,0.26632,0.28205,44; 22; 78; 75; 49; 30; 32; 71; 37; 69
22,59,0.31945,0.37288,60; 22; 59; 50; 59; 41; 45; 59; 19; 57
7,20,0.29445,0.35,21; 7; 20; 39; 46; 39; 40; 73; 21; 15
25,51,0.32991,0.4902,70; 25; 51; 54; 57; 69; 27; 78; 59; 53
17,46,0.31875,0.36957,18; 17; 46; 58; 53; 29; 73; 13; 34; 77
67,80,0.21082,0.8375,48; 67; 80; 72; 81; 45; 34; 24; 64; 19
54,66,0.23576,0.81818,49; 54; 66; 33; 34; 17; 42; 22; 26; 48
19,63,0.28639,0.30159,49; 19; 63; 72; 28; 78; 81; 29; 54; 35
31,36,0.33784,0.86111,63; 31; 36; 80; 5; 65; 63; 45; 67; 19
65,81,0.19838,0.80247,23; 65; 81; 9; 18; 59; 53; 78; 16; 41
6,24,0.24103,0.25,48; 6; 24; 53; 31; 55; 10; 27; 28; 66
20,69,0.27831,0.28986,43; 20; 69; 61; 22; 70; 10; 15; 52; 44
16,65,0.24232,0.24615,22; 16; 65; 13; 33; 49; 45; 40; 56; 32
15,41,0.31278,0.36585,39; 15; 41; 53; 9; 35; 42; 82; 57; 77
25,51,0.32807,0.4902,70; 25; 51; 25; 67; 5; 64; 38; 83; 71
11,39,0.26715,0.28205,49; 11; 39; 75; 22; 29; 32; 39; 43; 46
31,67,0.30362,0.46269,5; 31; 67; 24; 5; 70; 71; 22; 49; 29
12,36,0.2968,0.33333,38; 12; 36; 12; 26; 62; 46; 60; 81; 56
31,63,0.30859,0.49206,49; 31; 63; 33; 24; 75; 75; 74; 45; 13
18,71,0.24745,0.25352,73; 18; 71; 55; 64; 75; 70; 74; 71; 24
42,53,0.2998,0.79245,32; 42; 53; 8; 71; 31; 40; 41; 36; 6
37,66,0.28183,0.56061,75; 37; 66; 72; 21; 84; 22; 40; 69; 58
19,77,0.24356,0.24675,23; 19; 77; 11; 41; 22; 31; 29; 16; 58
46,80,0.23688,0.575,10; 46; 80; 81; 57; 7; 85; 74; 11; 33
16,55,0.27605,0.29091,18; 16; 55; 36; 76; 55; 83; 70; 46; 39
21,83,0.25347,0.25301,25; 21; 83; 74; 8; 41; 83; 59; 27; 55
63,79,0.19484,0.79747,25; 63; 79; 82; 81; 11; 34; 21; 30; 7
18,57,0.29625,0.31579,79; 18; 57; 35; 56; 85; 57; 56; 54; 54
49,61,0.26109,0.80328,69; 49; 61; 11; 72; 62; 60; 16; 84; 74
22,75,0.28056,0.29333,15; 22; 75; 43; 6; 31; 22; 47; 51; 62
10,20,0.3143,0.5,16; 10; 20; 29; 77; 70; 73; 85; 11; 11
15,30,0.33193,0.5,50; 15; 30; 29; 34; 75; 77; 18; 27; 82
30,85,0.25855,0.35294,66; 30; 85; 76; 10; 39; 6; 61; 7; 20
31,55,0.31624,0.56364,11; 31; 55; 37; 9; 10; 60; 52; 28; 36
24,42,0.33644,0.57143,47; 24; 42; 9; 29; 13; 59; 65; 7; 8
15,41,0.31073,0.36585,70; 15; 41; 69; 6; 16; 40; 68; 21; 28
19,67,0.27742,0.28358,76; 19; 67; 14; 29; 54; 43; 75; 76; 83
27,82,0.2621,0.32927,17; 27; 82; 60; 32; 71; 7; 60; 79; 65
42,74,0.25496,0.56757,43; 42; 74; 84; 43; 25; 41; 80; 7; 79
31,39,0.33639,0.79487,29; 31; 39; 27; 14; 48; 8; 16; 37; 15
24,84,0.23257,0.28571,56; 24; 84; 23; 77; 32; 8; 34; 32; 30
11,14,0.30338,0.78571,52; 11; 14; 54; 31; 20; 30; 10; 30; 79
21,75,0.27104,0.28,54; 21; 75; 38; 41; 53; 62; 35; 55; 66
23,81,0.26801,0.28395,76; 23; 81; 31; 16; 23; 43; 66; 63; 64
45,57,0.28717,0.78947,43; 45; 57; 6; 26; 43; 80; 81; 59; 83
17,51,0.30364,0.33333,65; 17; 51; 14; 36; 35; 30; 7; 76; 82
6,20,0.28025,0.3,53; 6; 20; 34; 25; 54; 53; 74; 44; 53
46,58,0.26562,0.7931,69; 46; 58; 59; 31; 43; 42; 18; 68; 62
23,81,0.27216,0.28395,67; 23; 81; 35; 13; 51; 18; 44; 47; 7
53,65,0.22751,0.81538,32; 53; 65; 40; 6; 43; 15; 69; 27; 38
24,73,0.29432,0.32877,82; 24; 73; 35; 10; 7; 70; 75; 53; 42
23,28,0.35431,0.82143,52; 23; 28; 36; 65; 26; 57; 26; 11; 40
47,59,0.26483,0.79661,56; 47; 59; 26; 30; 42; 51; 9; 62; 82
22,39,0.339,0.5641,67; 22; 39; 52; 66; 50; 71; 20; 9; 60
33,42,0.32191,0.78571,70; 33; 42; 42; 64; 48; 68; 18; 74; 48
19,60,0.29749,0.31667,44; 19; 60; 13; 68; 69; 65; 30; 76; 74
9,32,0.26998,0.28125,46; 9; 32; 51; 5; 50; 13; 28; 74; 76
35,71,0.28166,0.49296,24; 35; 71; 28; 43; 25; 39; 43; 59; 43
36,45,0.32248,0.8,64; 36; 45; 71; 50; 25; 72; 70; 44; 15
47,84,0.2203,0.55952,56; 47; 84; 72; 64; 62; 48; 11; 40; 11
40,82,0.23293,0.4878,7; 40; 82; 37; 78; 53; 10; 60; 61; 54
58,73,0.22772,0.79452,54; 58; 73; 79; 37; 46; 77; 82; 22; 57
33,68,0.28953,0.48529,79; 33; 68; 34; 75; 15; 64; 79; 85; 19
61,74,0.21768,0.82432,13; 61; 74; 85; 60; 26; 21; 82; 35; 18
24,52,0.32543,0.46154,61; 24; 52; 52; 61; 17; 77; 69; 51; 44
16,20,0.33495,0.8,16; 16; 20; 46; 58; 46; 57; 18; 59; 22
15,51,0.28346,0.29412,52; 15; 51; 9; 20; 35; 19; 64; 73; 5
37,81,0.26159,0.45679,58; 37; 81; 64; 54; 58; 47; 75; 57; 71
17,56,0.28733,0.30357,82; 17; 56; 85; 69; 82; 10; 21; 68; 79
24,48,0.32667,0.5,12; 24; 48; 31; 73; 21; 52; 39; 36; 56
10,20,0.32011,0.5,30; 10; 20; 47; 22; 29; 7; 74; 49; 14
42,74,0.24726,0.56757,47; 42; 74; 45; 73; 59; 42; 58; 81; 43
26,71,0.30049,0.3662,80; 26; 71; 65; 18; 35; 21; 78; 64; 30
28,49,0.33509,0.57143,10; 28; 49; 45; 49; 46; 36; 7; 79; 58
8,27,0.28104,0.2963,69; 8; 27; 67; 9; 59; 28; 42; 70; 59
68,85,0.19284,0.8,29; 68; 85; 47; 35; 83; 33; 57; 44; 62
21,65,0.30055,0.32308,5; 21; 65; 48; 31; 37; 66; 83; 72; 52
25,77,0.27861,0.32468,80; 25; 77; 20; 10; 15; 47; 45; 82; 76
33,66,0.29086,0.5,46; 33; 66; 40; 16; 14; 50; 85; 51; 70
30,85,0.26961,0.35294,58; 30; 85; 9; 6; 25; 55; 77; 17; 79
29,59,0.3105,0.49153,36; 29; 59; 33; 46; 65; 57; 43; 47; 58
18,75,0.23836,0.24,31; 18; 75; 23; 76; 23; 46; 31; 55; 78
21,43,0.33807,0.48837,52; 21; 43; 75; 41; 64; 66; 75; 48; 45
16,48,0.30329,0.33333,44; 16; 48; 65; 83; 11; 22; 82; 15; 79
16,54,0.28598,0.2963,37; 16; 54; 7; 47; 37; 51; 64; 47; 38
22,60,0.30997,0.36667,28; 22; 60; 45; 62; 78; 82; 69; 72; 45
17,61,0.27444,0.27869,27; 17; 61; 31; 83; 84; 40; 79; 5; 8
31,39,0.33334,0.79487,18; 31; 39; 61; 68; 55; 54; 29; 33; 20
34,60,0.31177,0.56667,59; 34; 60; 59; 34; 22; 43; 68; 7; 55
10,36,0.27222,0.27778,55; 10; 36; 9; 26; 59; 55; 79; 33; 31
13,23,0.32964,0.56522,12; 13; 23; 34; 38; 72; 77; 56; 18; 44
20,82,0.2457,0.2439,56; 20; 82; 9; 78; 62; 79; 62; 24; 60
13,26,0.33421,0.5,73; 13; 26; 46; 13; 74; 76; 37; 18; 66
21,46,0.33666,0.45652,30; 21; 46; 45; 61; 67; 11; 75; 67; 73
27,84,0.26849,0.32143,9; 27; 84; 71; 43; 35; 41; 33; 6; 32
35,72,0.27539,0.48611,24; 35; 72; 76; 12; 45; 64; 83; 71; 31
30,60,0.31329,0.5,60; 30; 60; 21; 8; 59; 55; 48; 65; 16
29,84,0.25811,0.34524,12; 29; 84; 17; 58; 7; 21; 63; 75; 61
30,54,0.32991,0.55556,51; 30; 54; 56; 70; 71; 73; 32; 15; 9
24,42,0.34222,0.57143,54; 24; 42; 62; 84; 25; 39; 74; 80; 12
19,67,0.27767,0.28358,15; 19; 67; 78; 59; 25; 63; 85; 59; 67
24,82,0.26994,0.29268,82; 24; 82; 67; 16; 5; 6; 63; 41; 32
32,70,0.29075,0.45714,19; 32; 70; 47; 67; 29; 84; 26; 29; 15
9,32,0.26596,0.28125,32; 9; 32; 84; 25; 84; 23; 84; 48; 24
27,55,0.32405,0.49091,76; 27; 55; 22; 60; 85; 82; 26; 73; 54
68,79,0.20047,0.86076,43; 68; 79; 5; 14; 66; 63; 32; 67; 51
67,85,0.17134,0.78824,76; 67; 85; 13; 47; 31; 58; 44; 18; 82
10,33,0.28095,0.30303,38; 10; 33; 82; 31; 35; 36; 81; 79; 36
13,47,0.26986,0.2766,25; 13; 47; 77; 12; 30; 13; 43; 18; 50
13,45,0.2821,0.28889,56; 13; 45; 59; 39; 62; 43; 60; 57; 76
20,35,0.34666,0.57143,27; 20; 35; 18; 27; 47; 83; 53; 24; 8
17,57,0.28658,0.29825,54; 17; 57; 77; 27; 19; 21; 46; 64; 64
16,32,0.33523,0.5,43; 16; 32; 72; 78; 33; 51; 76; 13; 13
44,51,0.29513,0.86275,62; 44; 51; 46; 25; 71; 8; 27; 6; 29
34,43,0.3181,0.7907,37; 34; 43; 31; 50; 64; 20; 69; 51; 20
42,84,0.23866,0.5,25; 42; 84; 64; 63; 45; 36; 21; 85; 46
13,55,0.23366,0.23636,38; 13; 55; 14; 82; 8; 56; 33; 84; 68
22,59,0.31835,0.37288,58; 22; 59; 17; 43; 83; 75; 79; 69; 36
25,78,0.27529,0.32051,11; 25; 78; 41; 75; 45; 36; 26; 71; 55
18,73,0.24412,0.24658,39; 18; 73; 41; 47; 69; 8; 13; 30; 26
20,83,0.24404,0.24096,78; 20; 83; 24; 23; 60; 82; 52; 5; 26
53,67,0.23632,0.79104,74; 53; 67; 43; 11; 73; 18; 35; 39; 50
25,68,0.29259,0.36765,85; 25; 68; 63; 61; 7; 8; 50; 14; 54
19,63,0.28763,0.30159,53; 19; 63; 60; 62; 77; 80; 65; 15; 30
16,68,0.23027,0.23529,74; 16; 68; 46; 9; 70; 33; 21; 72; 85
7,14,0.2475,0.5,41; 7; 14; 53; 45; 44; 5; 26; 17; 34
66,77,0.20685,0.85714,66; 66; 77; 42; 85; 46; 69; 15; 73; 16
11,40,0.26584,0.275,12; 11; 40; 41; 76; 62; 57; 27; 12; 63
18,56,0.2973,0.32143,15; 18; 56; 48; 62; 66; 18; 82; 66; 71
41,73,0.2552,0.56164,61; 41; 73; 11; 60; 19; 45; 32; 38; 58
22,63,0.31214,0.34921,63; 22; 63; 49; 58; 71; 35; 31; 48; 72
38,76,0.26914,0.5,57; 38; 76; 32; 12; 6; 22; 28; 76; 42
60,76,0.21087,0.78947,22; 60; 76; 13; 32; 28; 51; 73; 85; 22
27,84,0.25297,0.32143,53; 27; 84; 42; 69; 57; 5; 36; 21; 12
55,69,0.23139,0.7971,9; 55; 69; 63; 84; 40; 67; 46; 84; 20
18,57,0.29803,0.31579,24; 18; 57; 48; 41; 82; 69; 36; 75; 60
39,49,0.30792,0.79592,75; 39; 49; 77; 81; 69; 85; 19; 27; 5
21,83,0.25289,0.25301,62; 21; 83; 75; 68; 34; 77; 41; 65; 23
12,26,0.32303,0.46154,9; 12; 26; 12; 37; 51; 81; 42; 46; 53
64,76,0.20791,0.84211,59; 64; 76; 14; 22; 69; 37; 65; 55; 43
22,45,0.3366,0.48889,18; 22; 45; 39; 15; 31; 21; 52; 14; 23
18,21,0.34433,0.85714,70; 18; 21; 71; 60; 39; 61; 77; 80; 23
46,55,0.29011,0.83636,40; 46; 55; 64; 8; 52; 38; 22; 21; 13
58,73,0.22752,0.79452,35; 58; 73; 53; 76; 67; 46; 14; 52; 14
13,35,0.31097,0.37143,62; 13; 35; 55; 38; 29; 27; 75; 46; 19
36,79,0.27091,0.4557,6; 36; 79; 20; 70; 66; 33; 20; 11; 41
28,61,0.29289,0.45902,47; 28; 61; 74; 37; 32; 25; 47; 14; 74
50,58,0.23229,0.86207,63; 50; 58; 28; 13; 83; 85; 39; 8; 67
16,58,0.27345,0.27586,50; 16; 58; 63; 63; 32; 51; 35; 38; 70
21,70,0.28867,0.3,63; 21; 70; 41; 74; 80; 36; 66; 33; 69
7,20,0.29491,0.35,79; 7; 20; 71; 9; 60; 47; 56; 43; 82
18,52,0.30769,0.34615,83; 18; 52; 5; 76; 85; 59; 74; 43; 35
49,61,0.25872,0.80328,32; 49; 61; 84; 46; 78; 80; 82; 53; 74
55,64,0.24371,0.85938,58; 55; 64; 57; 64; 9; 14; 38; 75; 40
30,85,0.25053,0.35294,42; 30; 85; 59; 44; 84; 66; 56; 7; 10
42,74,0.24711,0.56757,17; 42; 74; 79; 17; 5; 46; 49; 7; 72
32,69,0.2815,0.46377,81; 32; 69; 29; 58; 30; 56; 42; 18; 52
37,47,0.31966,0.78723,8; 37; 47; 6; 74; 23; 67; 73; 82; 27
29,51,0.33333,0.56863,46; 29; 51; 79; 11; 45; 76; 48; 14; 54
47,57,0.27797,0.82456,48; 47; 57; 51; 13; 83; 77; 28; 9; 75
29,79,0.28453,0.36709,19; 29; 79; 23; 56; 10; 84; 58; 67; 35
40,50,0.29677,0.8,58; 40; 50; 62; 21; 79; 24; 9; 75; 15
6,19,0.28606,0.31579,66; 6; 19; 37; 46; 25; 52; 9; 65; 42
23,46,0.33566,0.5,7; 23; 46; 61; 16; 66; 24; 11; 37; 81
33,58,0.31393,0.56897,24; 33; 58; 67; 8; 68; 56; 66; 62; 63
38,67,0.28358,0.56716,37; 38; 67; 52; 20; 37; 47; 56; 61; 8
63,79,0.21376,0.79747,81; 63; 79; 83; 84; 50; 40; 54; 15; 6
18,75,0.23606,0.24,48; 18; 75; 79; 55; 33; 21; 16; 78; 24
42,49,0.30409,0.85714,18; 42; 49; 42; 44; 11; 16; 69; 7; 23
28,56,0.32076,0.5,38; 28; 56; 55; 33; 39; 50; 25; 21; 31
61,74,0.19804,0.82432,53; 61; 74; 18; 36; 76; 37; 26; 62; 48
15,59,0.25131,0.25424,6; 15; 59; 60; 19; 72; 40; 50; 82; 69
26,75,0.28784,0.34667,19; 26; 75; 68; 52; 14; 54; 41; 76; 14
21,74,0.26888,0.28378,45; 21; 74; 9; 32; 48; 58; 68; 74; 61
5,10,0.18762,0.5,27; 5; 10; 26; 30; 55; 78; 70; 34; 76
13,54,0.24197,0.24074,62; 13; 54; 81; 36; 78; 81; 78; 64; 39
43,50,0.30179,0.86,72; 43; 50; 56; 18; 39; 10; 75; 31; 75
33,59,0.31428,0.55932,48; 33; 59; 61; 68; 85; 26; 27; 51; 14
31,38,0.33311,0.81579,20; 31; 38; 18; 16; 20; 76; 65; 13; 32
22,78,0.27272,0.28205,73; 22; 78; 73; 10; 32; 69; 17; 17; 50
14,40,0.30512,0.35,10; 14; 40; 67; 82; 85; 29; 45; 71; 50
38,68,0.30118,0.55882,61; 38; 68; 40; 32; 29; 48; 34; 43; 64
41,84,0.22977,0.4881,81; 41; 84; 27; 54; 70; 40; 11; 70; 34
41,82,0.23618,0.5,53; 41; 82; 53; 68; 54; 14; 31; 20; 64
56,65,0.21973,0.86154,64; 56; 65; 12; 43; 30; 10; 42; 81; 66
21,69,0.28794,0.30435,30; 21; 69; 75; 53; 29; 77; 6; 74; 53
41,83,0.23412,0.49398,6; 41; 83; 10; 72; 10; 39; 77; 9; 81
7,25,0.27133,0.28,30; 7; 25; 84; 54; 28; 83; 70; 28; 21
56,70,0.23807,0.8,58; 56; 70; 77; 77; 54; 82; 85; 34; 16
42,74,0.26012,0.56757,26; 42; 74; 52; 10; 35; 6; 79; 48; 61
23,82,0.26215,0.28049,34; 23; 82; 24; 13; 68; 10; 79; 76; 64
19,51,0.316,0.37255,55; 19; 51; 59; 70; 46; 43; 74; 84; 46
29,84,0.25762,0.34524,49; 29; 84; 70; 52; 23; 76; 63; 57; 43
39,49,0.31001,0.79592,56; 39; 49; 82; 83; 38; 64; 53; 16; 52
62,72,0.2213,0.86111,59; 62; 72; 66; 52; 66; 15; 24; 85; 31
47,82,0.23213,0.57317,22; 47; 82; 77; 71; 9; 8; 32; 61; 80
26,78,0.28005,0.33333,11; 26; 78; 67; 56; 79; 37; 14; 85; 50
23,41,0.32376,0.56098,9; 23; 41; 27; 62; 34; 27; 55; 26; 77
32,40,0.33255,0.8,55; 32; 40; 54; 38; 41; 42; 62; 73; 75
14,47,0.28554,0.29787,81; 14; 47; 67; 14; 73; 23; 30; 51; 70
8,29,0.26139,0.27586,56; 8; 29; 20; 61; 28; 6; 78; 83; 83
20,54,0.31397,0.37037,61; 20; 54; 69; 33; 5; 23; 24; 17; 13
14,57,0.24624,0.24561,48; 14; 57; 24; 22; 50; 82; 9; 60; 19
19,55,0.30586,0.34545,59; 19; 55; 67; 49; 26; 65; 35; 38; 33
11,34,0.29366,0.32353,17; 11; 34; 70; 21; 60; 82; 20; 8; 85
9,11,0.25936,0.81818,44; 9; 11; 25; 30; 60; 84; 34; 78; 57
29,51,0.32504,0.56863,79; 29; 51; 68; 82; 57; 20; 26; 54; 65
32,40,0.33472,0.8,70; 32; 40; 79; 66; 50; 66; 57; 19; 67
26,70,0.29647,0.37143,52; 26; 70; 54; 71; 5; 52; 67; 82; 33
24,48,0.33451,0.5,5; 24; 48; 27; 38; 24; 7; 51; 67; 62
6,21,0.27609,0.28571,49; 6; 21; 66; 83; 32; 65; 28; 10; 30
18,52,0.30702,0.34615,41; 18; 52; 33; 72; 52; 16; 30; 47; 31
24,42,0.33499,0.57143,61; 24; 42; 75; 69; 68; 12; 84; 43; 13
24,42,0.33977,0.57143,58; 24; 42; 84; 37; 28; 26; 70; 25; 84
34,61,0.30288,0.55738,16; 34; 61; 53; 52; 80; 54; 29; 43; 65
56,70,0.23725,0.8,16; 56; 70; 35; 18; 29; 51; 10; 50; 66
32,65,0.29874,0.49231,73; 32; 65; 63; 12; 67; 44; 73; 33; 52
19,39,0.337,0.48718,32; 19; 39; 65; 70; 52; 19; 55; 46; 78
56,71,0.24439,0.78873,60; 56; 71; 10; 45; 64; 36; 83; 19; 70
73,85,0.18759,0.85882,18; 73; 85; 58; 32; 23; 27; 71; 72; 85
9,18,0.30514,0.5,83; 9; 18; 64; 29; 29; 33; 5; 55; 70
32,56,0.29836,0.57143,57; 32; 56; 68; 64; 46; 22; 80; 43; 37
61,77,0.20776,0.79221,71; 61; 77; 73; 73; 37; 63; 22; 15; 67
8,34,0.23132,0.23529,55; 8; 34; 33; 80; 14; 67; 52; 70; 42
30,61,0.31667,0.4918,47; 30; 61; 56; 9; 35; 40; 34; 28; 8
24,69,0.29713,0.34783,29; 24; 69; 27; 59; 85; 56; 42; 67; 7
44,77,0.21447,0.57143,77; 44; 77; 67; 50; 66; 70; 74; 20; 20
18,74,0.23943,0.24324,42; 18; 74; 68; 27; 71; 66; 57; 50; 39
7,23,0.2819,0.30435,19; 7; 23; 57; 45; 55; 65; 18; 45; 72
43,51,0.29096,0.84314,78; 43; 51; 35; 49; 43; 84; 76; 39; 64
19,52,0.31319,0.36538,9; 19; 52; 79; 72; 70; 54; 20; 57; 72
67,80,0.19026,0.8375,8; 67; 80; 24; 28; 61; 37; 13; 68; 77
12,38,0.29275,0.31579,63; 12; 38; 82; 17; 37; 18; 56; 20; 50
28,80,0.27609,0.35,41; 28; 80; 48; 42; 5; 26; 23; 8; 76
29,58,0.30625,0.5,34; 29; 58; 8; 62; 31; 75; 40; 45; 62
26,33,0.34227,0.78788,31; 26; 33; 41; 13; 71; 73; 25; 82; 64
62,76,0.21625,0.81579,25; 62; 76; 31; 33; 65; 53; 19; 63; 37
47,83,0.23193,0.56627,8; 47; 83; 74; 81; 29; 78; 65; 19; 71
22,39,0.34569,0.5641,51; 22; 39; 80; 8; 27; 13; 50; 19; 46
39,85,0.23802,0.45882,63; 39; 85; 33; 24; 66; 32; 52; 19; 51
19,58,0.30463,0.32759,37; 19; 58; 24; 69; 40; 77; 42; 73; 75
15,59,0.25208,0.25424,36; 15; 59; 69; 63; 8; 53; 50; 59; 59
11,46,0.23516,0.23913,52; 11; 46; 42; 36; 50; 83; 50; 9; 55
14,17,0.322,0.82353,31; 14; 17; 63; 60; 71; 48; 46; 39; 64
36,78,0.27586,0.46154,84; 36; 78; 12; 9; 84; 46; 67; 27; 39
42,75,0.23769,0.56,26; 42; 75; 69; 17; 36; 31; 70; 83; 15
8,23,0.29741,0.34783,51; 8; 23; 64; 38; 29; 12; 57; 14; 57
21,75,0.27246,0.28,48; 21; 75; 77; 21; 41; 61; 80; 72; 61
25,78,0.27818,0.32051,54; 25; 78; 31; 74; 68; 67; 6; 56; 19
28,85,0.25084,0.32941,33; 28; 85; 34; 23; 60; 7; 83; 75; 69
25,68,0.2985,0.36765,48; 25; 68; 57; 68; 80; 24; 67; 24; 46
13,51,0.24801,0.2549,64; 13; 51; 21; 5; 39; 53; 16; 66; 14
8,24,0.2935,0.33333,72; 8; 24; 21; 83; 11; 81; 51; 25; 35
9,32,0.27229,0.28125,61; 9; 32; 14; 81; 31; 57; 61; 6; 14
46,82,0.23663,0.56098,22; 46; 82; 62; 24; 54; 15; 53; 62; 37
8,23,0.29167,0.34783,78; 8; 23; 84; 51; 77; 37; 27; 59; 6
46,55,0.29084,0.83636,54; 46; 55; 11; 79; 7; 63; 27; 82; 66
12,43,0.27026,0.27907,80; 12; 43; 59; 45; 28; 32; 34; 75; 52
17,68,0.24884,0.25,36; 17; 68; 57; 59; 61; 24; 36; 15; 59
10,33,0.28294,0.30303,40; 10; 33; 66; 43; 27; 72; 26; 47; 20
13,35,0.31428,0.37143,17; 13; 35; 25; 37; 52; 82; 73; 38; 74
15,19,0.33248,0.78947,23; 15; 19; 18; 31; 27; 33; 59; 23; 76
14,59,0.23283,0.23729,40; 14; 59; 13; 25; 46; 19; 5; 82; 38
9,26,0.29787,0.34615,57; 9; 26; 65; 17; 45; 5; 54; 24; 62
22,76,0.26227,0.28947,19; 22; 76; 10; 33; 30; 76; 64; 29; 71
19,79,0.23857,0.24051,50; 19; 79; 35; 80; 66; 44; 84; 61; 31
20,63,0.29377,0.31746,30; 20; 63; 52; 31; 38; 46; 16; 76; 81
20,84,0.23896,0.2381,57; 20; 84; 84; 66; 57; 71; 69; 48; 81
18,22,0.34724,0.81818,83; 18; 22; 76; 70; 19; 46; 51; 56; 67
5,21,0.23733,0.2381,29; 5; 21; 77; 77; 74; 75; 24; 55; 72
16,66,0.24083,0.24242,54; 16; 66; 5; 21; 26; 30; 44; 24; 27
24,74,0.28738,0.32432,75; 24; 74; 51; 51; 9; 58; 66; 22; 72
39,84,0.26077,0.46429,55; 39; 84; 31; 61; 72; 46; 66; 49; 14
38,78,0.26336,0.48718,43; 38; 78; 30; 40; 9; 41; 29; 12; 77
50,58,0.26812,0.86207,67; 50; 58; 71; 9; 75; 73; 19; 59; 27
42,84,0.21391,0.5,34; 42; 84; 57; 15; 84; 57; 13; 69; 38
68,83,0.20047,0.81928,17; 68; 83; 70; 12; 43; 14; 45; 69; 22
16,50,0.29673,0.32,23; 16; 50; 10; 63; 18; 12; 47; 84; 12
31,63,0.31396,0.49206,80; 31; 63; 34; 85; 30; 13; 84; 9; 74
27,33,0.34421,0.81818,22; 27; 33; 45; 65; 39; 7; 53; 38; 36
17,30,0.3456,0.56667,83; 17; 30; 66; 29; 62; 83; 27; 47; 45
14,28,0.32917,0.5,17; 14; 28; 69; 82; 12; 43; 25; 8; 72
14,55,0.25206,0.25455,36; 14; 55; 75; 39; 38; 70; 67; 8; 7
24,52,0.32987,0.46154,59; 24; 52; 76; 69; 18; 64; 76; 52; 32
49,57,0.26094,0.85965,50; 49; 57; 59; 51; 17; 69; 66; 53; 26
66,84,0.18787,0.78571,52; 66; 84; 53; 32; 41; 44; 29; 29; 73
16,35,0.32801,0.45714,51; 16; 35; 35; 16; 12; 45; 9; 12; 33
66,83,0.19748,0.79518,80; 66; 83; 38; 24; 31; 19; 54; 40; 15
40,72,0.27366,0.55556,60; 40; 72; 26; 26; 17; 33; 31; 55; 7
15,61,0.24484,0.2459,84; 15; 61; 33; 36; 41; 56; 44; 12; 48
47,57,0.27603,0.82456,16; 47; 57; 50; 54; 55; 35; 61; 16; 5
61,73,0.19643,0.83562,46; 61; 73; 56; 29; 49; 83; 44; 35; 15
5,10,0.19218,0.5,82; 5; 10; 35; 61; 44; 74; 49; 39; 47
19,24,0.34703,0.79167,9; 19; 24; 25; 57; 13; 40; 79; 39; 68
34,61,0.3122,0.55738,81; 34; 61; 12; 22; 14; 23; 56; 5; 64
27,85,0.26072,0.31765,19; 27; 85; 34; 25; 29; 37; 8; 70; 39
12,42,0.27327,0.28571,68; 12; 42; 14; 76; 27; 27; 60; 82; 49
15,19,0.33225,0.78947,56; 15; 19; 39; 22; 57; 22; 26; 42; 64
15,43,0.31202,0.34884,37; 15; 43; 43; 50; 12; 35; 39; 60; 77
66,82,0.20138,0.80488,26; 66; 82; 17; 17; 78; 33; 32; 49; 69
31,84,0.25913,0.36905,71; 31; 84; 14; 53; 11; 49; 61; 57; 64
69,84,0.18365,0.82143,84; 69; 84; 16; 61; 21; 43; 73; 15; 82
17,59,0.28375,0.28814,27; 17; 59; 24; 55; 36; 31; 58; 31; 43
23,40,0.34426,0.575,22; 23; 40; 68; 35; 47; 21; 59; 54; 46
13,26,0.33056,0.5,49; 13; 26; 54; 23; 73; 74; 28; 32; 13
13,26,0.32882,0.5,46; 13; 26; 60; 33; 72; 36; 19; 56; 58
15,46,0.30025,0.32609,45; 15; 46; 22; 51; 74; 25; 66; 56; 49
7,25,0.26924,0.28,48; 7; 25; 49; 32; 41; 20; 48; 5; 79
34,43,0.33303,0.7907,65; 34; 43; 81; 10; 60; 20; 19; 61; 47
19,68,0.27642,0.27941,47; 19; 68; 63; 18; 39; 20; 68; 8; 76
6,12,0.22211,0.5,33; 6; 12; 21; 22; 17; 84; 32; 63; 20
31,68,0.30258,0.45588,80; 31; 68; 83; 63; 54; 22; 71; 60; 49
18,37,0.33485,0.48649,27; 18; 37; 60; 56; 10; 68; 39; 64; 41
61,76,0.21301,0.80263,60; 61; 76; 37; 45; 15; 7; 38; 76; 17
16,57,0.27578,0.2807,72; 16; 57; 57; 54; 31; 27; 66; 13; 70
8,23,0.29729,0.34783,56; 8; 23; 16; 39; 12; 52; 26; 25; 74
59,72,0.22421,0.81944,5; 59; 72; 53; 14; 59; 71; 13; 5; 34
22,79,0.26811,0.27848,77; 22; 79; 30; 75; 10; 24; 62; 39; 66
29,83,0.26771,0.3494,61; 29; 83; 27; 10; 84; 66; 35; 16; 43
15,46,0.30095,0.32609,38; 15; 46; 81; 58; 75; 55; 83; 5; 15
55,69,0.23049,0.7971,67; 55; 69; 66; 49; 25; 6; 42; 82; 14
32,38,0.33058,0.84211,83; 32; 38; 28; 14; 50; 49; 74; 20; 41
25,85,0.24532,0.29412,29; 25; 85; 71; 23; 70; 66; 6; 63; 52
5,17,0.25028,0.29412,71; 5; 17; 26; 27; 49; 14; 65; 62; 62
44,78,0.23944,0.5641,26; 44; 78; 5; 48; 74; 21; 13; 9; 65
13,54,0.23875,0.24074,17; 13; 54; 17; 77; 58; 61; 61; 9; 21
47,57,0.27992,0.82456,85; 47; 57; 57; 59; 67; 51; 69; 53; 80
12,43,0.26842,0.27907,38; 12; 43; 31; 28; 24; 82; 61; 80; 78
16,20,0.33703,0.8,22; 16; 20; 37; 63; 20; 80; 27; 44; 45
5,21,0.23388,0.2381,11; 5; 21; 36; 39; 50; 56; 17; 70; 53
39,85,0.22838,0.45882,14; 39; 85; 49; 23; 17; 74; 81; 16; 5
73,85,0.18844,0.85882,62; 73; 85; 45; 62; 49; 27; 52; 37; 52
24,80,0.25625,0.3,72; 24; 80; 55; 80; 5; 65; 62; 53; 76
17,58,0.28166,0.2931,37; 17; 58; 43; 60; 85; 16; 26; 42; 22
20,62,0.29998,0.32258,7; 20; 62; 46; 79; 44; 57; 23; 25; 10
50,61,0.23417,0.81967,26; 50; 61; 42; 15; 33; 46; 25; 33; 21
15,60,0.25091,0.25,34; 15; 60; 53; 74; 10; 85; 45; 48; 9
6,25,0.23924,0.24,76; 6; 25; 29; 14; 36; 34; 11; 84; 30
34,68,0.2916,0.5,74; 34; 68; 68; 37; 40; 53; 71; 23; 33
33,42,0.32807,0.78571,7; 33; 42; 42; 13; 38; 51; 38; 17; 72
24,69,0.30005,0.34783,83; 24; 69; 10; 62; 65; 52; 32; 16; 74
16,68,0.23198,0.23529,50; 16; 68; 34; 17; 59; 45; 5; 29; 76
14,46,0.28739,0.30435,56; 14; 46; 76; 38; 33; 54; 64; 28; 19
16,35,0.32933,0.45714,43; 16; 35; 32; 70; 75; 9; 59; 36; 68
40,71,0.28109,0.56338,51; 40; 71; 9; 10; 68; 16; 13; 56; 23
34,60,0.30797,0.56667,81; 34; 60; 26; 82; 34; 30; 80; 39; 65
19,24,0.34988,0.79167,10; 19; 24; 51; 80; 55; 61; 48; 5; 12
18,36,0.33682,0.5,42; 18; 36; 21; 39; 78; 23; 73; 22; 28
17,53,0.29646,0.32075,44; 17; 53; 69; 53; 45; 27; 28; 69; 50
22,39,0.34421,0.5641,57; 22; 39; 46; 15; 30; 43; 29; 10; 35
5,20,0.25008,0.25,35; 5; 20; 65; 5; 41; 81; 36; 31; 71
18,75,0.23952,0.24,40; 18; 75; 37; 83; 56; 51; 31; 50; 83
34,68,0.29811,0.5,79; 34; 68; 75; 11; 56; 13; 70; 70; 28
15,60,0.25123,0.25,85; 15; 60; 80; 14; 57; 44; 69; 40; 6
27,48,0.33485,0.5625,14; 27; 48; 18; 44; 67; 41; 26; 85; 73
24,65,0.3081,0.36923,35; 24; 65; 74; 34; 53; 44; 80; 16; 15
7,29,0.23861,0.24138,73; 7; 29; 31; 14; 14; 18; 36; 48; 66
14,58,0.23543,0.24138,67; 14; 58; 7; 58; 36; 30; 77; 38; 20
37,47,0.31437,0.78723,14; 37; 47; 75; 36; 44; 8; 68; 76; 57
5,18,0.26113,0.27778,58; 5; 18; 59; 29; 50; 54; 71; 51; 16
15,61,0.24523,0.2459,24; 15; 61; 47; 18; 53; 28; 12; 65; 78
12,14,0.30146,0.85714,80; 12; 14; 37; 79; 38; 64; 65; 10; 46
27,85,0.27013,0.31765,18; 27; 85; 63; 62; 71; 20; 19; 43; 79
16,35,0.33125,0.45714,28; 16; 35; 14; 26; 34; 20; 61; 36; 7
22,78,0.26872,0.28205,16; 22; 78; 21; 14; 43; 52; 34; 45; 71
27,59,0.32294,0.45763,27; 27; 59; 65; 75; 23; 24; 40; 38; 14
19,65,0.27898,0.29231,75; 19; 65; 70; 50; 22; 23; 60; 5; 56
22,80,0.26762,0.275,54; 22; 80; 77; 44; 18; 41; 31; 40; 67
61,74,0.20607,0.82432,40; 61; 74; 5; 63; 69; 78; 7; 41; 23
17,60,0.27814,0.28333,74; 17; 60; 43; 51; 26; 68; 22; 62; 61
33,41,0.3337,0.80488,30; 33; 41; 39; 80; 16; 59; 24; 63; 25
27,47,0.33095,0.57447,26; 27; 47; 60; 48; 32; 85; 48; 6; 63
62,74,0.2231,0.83784,9; 62; 74; 79; 33; 45; 45; 79; 41; 12
39,84,0.23845,0.46429,35; 39; 84; 51; 45; 58; 29; 74; 31; 11
48,57,0.24774,0.84211,43; 48; 57; 22; 48; 63; 32; 13; 24; 40
38,82,0.24676,0.46341,41; 38; 82; 13; 47; 50; 25; 36; 76; 58
36,78,0.25803,0.46154,44; 36; 78; 43; 37; 45; 7; 13; 12; 22
22,68,0.2924,0.32353,45; 22; 68; 48; 68; 19; 37; 76; 39; 65
14,49,0.27911,0.28571,22; 14; 49; 30; 25; 32; 11; 8; 30; 78
54,64,0.25426,0.84375,39; 54; 64; 34; 38; 68; 63; 21; 8; 13
10,36,0.26517,0.27778,10; 10; 36; 74; 64; 9; 36; 68; 42; 81
14,42,0.30266,0.33333,63; 14; 42; 19; 19; 40; 68; 45; 70; 63
20,36,0.34002,0.55556,19; 20; 36; 37; 28; 32; 38; 15; 14; 85
23,46,0.33547,0.5,12; 23; 46; 42; 6; 59; 46; 66; 16; 52
15,59,0.25217,0.25424,31; 15; 59; 59; 28; 44; 35; 76; 66; 67
24,30,0.34807,0.8,31; 24; 30; 39; 74; 10; 27; 24; 37; 28
54,64,0.24421,0.84375,11; 54; 64; 78; 75; 33; 70; 59; 32; 11
23,40,0.34313,0.575,17; 23; 40; 50; 32; 58; 24; 26; 74; 19
64,74,0.20869,0.86486,27; 64; 74; 59; 77; 55; 25; 27; 47; 35
19,80,0.23707,0.2375,72; 19; 80; 70; 22; 69; 29; 75; 76; 36
21,72,0.27994,0.29167,35; 21; 72; 83; 51; 71; 56; 15; 19; 13
72,84,0.18653,0.85714,5; 72; 84; 12; 73; 34; 30; 60; 13; 27
21,65,0.29437,0.32308,35; 21; 65; 9; 29; 80; 52; 18; 31; 81
47,83,0.24349,0.56627,5; 47; 83; 71; 16; 84; 77; 21; 18; 11
8,34,0.23764,0.23529,56; 8; 34; 68; 80; 69; 9; 79; 73; 38
33,58,0.28022,0.56897,35; 33; 58; 70; 37; 54; 30; 65; 39; 46
35,72,0.27453,0.48611,38; 35; 72; 64; 61; 83; 21; 68; 66; 68
26,78,0.28629,0.33333,37; 26; 78; 54; 49; 27; 67; 55; 73; 78
22,77,0.27687,0.28571,72; 22; 77; 57; 64; 13; 85; 9; 5; 44
21,85,0.24924,0.24706,16; 21; 85; 54; 37; 38; 48; 38; 38; 31
30,81,0.25843,0.37037,37; 30; 81; 10; 10; 8; 55; 10; 18; 43
19,55,0.308,0.34545,53; 19; 55; 15; 6; 41; 63; 57; 38; 24
28,84,0.25071,0.33333,44; 28; 84; 68; 69; 69; 10; 13; 64; 33
15,52,0.28062,0.28846,77; 15; 52; 37; 79; 22; 51; 13; 34; 25
21,85,0.24986,0.24706,47; 21; 85; 63; 24; 74; 47; 20; 34; 50
18,21,0.33911,0.85714,19; 18; 21; 80; 50; 56; 71; 5; 81; 40
40,71,0.26887,0.56338,58; 40; 71; 17; 72; 27; 33; 36; 37; 18
38,67,0.28912,0.56716,24; 38; 67; 18; 63; 48; 30; 44; 14; 31
49,60,0.24919,0.81667,78; 49; 60; 13; 33; 31; 48; 41; 30; 75
18,60,0.29056,0.3,62; 18; 60; 73; 22; 16; 19; 21; 83; 75
22,39,0.34002,0.5641,48; 22; 39; 20; 76; 76; 10; 35; 17; 28
20,35,0.34277,0.57143,59; 20; 35; 30; 16; 36; 18; 12; 21; 68
34,60,0.31626,0.56667,50; 34; 60; 78; 81; 18; 21; 12; 67; 84
11,22,0.3219,0.5,68; 11; 22; 70; 62; 9; 8; 71; 27; 63
16,55,0.28305,0.29091,79; 16; 55; 35; 20; 53; 7; 24; 16; 27
13,44,0.28753,0.29545,25; 13; 44; 24; 56; 43; 45; 73; 82; 68
8,23,0.29567,0.34783,28; 8; 23; 76; 56; 59; 40; 13; 14; 33
16,64,0.24527,0.25,30; 16; 64; 15; 11; 25; 85; 28; 63; 26
51,61,0.26316,0.83607,12; 51; 61; 47; 21; 64; 36; 34; 54; 17
20,70,0.27952,0.28571,79; 20; 70; 14; 68; 80; 46; 16; 79; 10
27,34,0.34165,0.79412,32; 27; 34; 42; 31; 25; 5; 76; 8; 50
19,68,0.27327,0.27941,63; 19; 68; 45; 79; 43; 36; 72; 57; 11
37,74,0.27856,0.5,49; 37; 74; 8; 11; 59; 83; 76; 27; 5
38,44,0.32308,0.86364,44; 38; 44; 78; 71; 44; 15; 63; 29; 16
30,60,0.31913,0.5,76; 30; 60; 43; 54; 53; 80; 20; 43; 55
22,79,0.27194,0.27848,84; 22; 79; 36; 74; 78; 60; 71; 74; 63
7,23,0.28342,0.30435,18; 7; 23; 9; 31; 40; 25; 84; 43; 21
10,31,0.29009,0.32258,56; 10; 31; 36; 81; 45; 61; 12; 9; 50
29,52,0.31847,0.55769,30; 29; 52; 57; 17; 21; 55; 61; 67; 64
18,65,0.27142,0.27692,74; 18; 65; 79; 52; 43; 47; 44; 7; 65
28,35,0.34001,0.8,42; 28; 35; 37; 34; 33; 73; 24; 82; 26
15,27,0.33454,0.55556,45; 15; 27; 75; 77; 26; 36; 13; 51; 60
19,51,0.31694,0.37255,37; 19; 51; 83; 69; 71; 22; 41; 7; 50
72,84,0.17946,0.85714,13; 72; 84; 49; 64; 79; 20; 77; 35; 49
26,74,0.29234,0.35135,8; 26; 74; 35; 27; 52; 57; 12; 22; 7
15,53,0.27743,0.28302,44; 15; 53; 50; 31; 66; 67; 47; 25; 44
19,57,0.30389,0.33333,41; 19; 57; 52; 18; 48; 39; 49; 39; 10
62,76,0.21369,0.81579,58; 62; 76; 19; 22; 44; 19; 15; 82; 60
34,60,0.31053,0.56667,61; 34; 60; 11; 37; 71; 70; 39; 19; 17
23,66,0.30475,0.34848,49; 23; 66; 13; 54; 32; 38; 21; 40; 83
31,38,0.33657,0.81579,32; 31; 38; 28; 71; 70; 71; 5; 61; 35
14,17,0.32953,0.82353,42; 14; 17; 26; 40; 69; 77; 55; 35; 11
22,67,0.30463,0.32836,8; 22; 67; 17; 20; 13; 26; 44; 17; 49
61,74,0.21534,0.82432,44; 61; 74; 61; 84; 71; 45; 66; 56; 5
60,76,0.21552,0.78947,59; 60; 76; 17; 35; 18; 9; 60; 69; 55
10,27,0.30614,0.37037,31; 10; 27; 28; 15; 66; 54; 17; 78; 73
19,55,0.31227,0.34545,28; 19; 55; 6; 14; 32; 59; 59; 40; 9
56,71,0.23581,0.78873,48; 56; 71; 67; 78; 48; 25; 54; 79; 63
16,49,0.30313,0.32653,5; 16; 49; 83; 45; 11; 50; 22; 58; 9
13,39,0.29955,0.33333,74; 13; 39; 18; 23; 71; 13; 51; 66; 51
45,79,0.22307,0.56962,8; 45; 79; 47; 49; 45; 18; 42; 17; 50
24,43,0.34112,0.55814,28; 24; 43; 5; 70; 83; 28; 5; 8; 57
18,55,0.3011,0.32727,72; 18; 55; 30; 69; 25; 11; 84; 82; 16
43,75,0.25594,0.57333,60; 43; 75; 14; 33; 29; 28; 11; 77; 24
37,65,0.2799,0.56923,8; 37; 65; 9; 40; 28; 51; 33; 57; 77
65,77,0.18106,0.84416,85; 65; 77; 50; 77; 8; 52; 44; 57; 77
10,20,0.31566,0.5,72; 10; 20; 76; 76; 26; 23; 5; 41; 41
30,60,0.31703,0.5,6; 30; 60; 36; 11; 70; 83; 71; 20; 34
21,42,0.34082,0.5,76; 21; 42; 37; 35; 14; 29; 34; 83; 19
41,49,0.30605,0.83673,82; 41; 49; 46; 9; 74; 50; 25; 17; 68
9,37,0.24019,0.24324,19; 9; 37; 20; 25; 14; 60; 31; 73; 23
37,44,0.31286,0.84091,70; 37; 44; 28; 26; 53; 82; 64; 80; 65
41,72,0.25605,0.56944,84; 41; 72; 63; 85; 74; 41; 25; 66; 67
36,72,0.2704,0.5,69; 36; 72; 75; 51; 18; 79; 16; 72; 59
19,34,0.33926,0.55882,35; 19; 34; 70; 34; 38; 12; 47; 34; 51
20,71,0.27741,0.28169,49; 20; 71; 76; 63; 50; 14; 58; 73; 15
18,37,0.33537,0.48649,77; 18; 37; 31; 12; 5; 52; 61; 74; 14
58,73,0.22274,0.79452,46; 58; 73; 73; 72; 58; 61; 65; 29; 8
27,73,0.29217,0.36986,66; 27; 73; 20; 10; 54; 71; 28; 70; 81
61,76,0.21351,0.80263,46; 61; 76; 49; 79; 75; 47; 37; 46; 6
14,50,0.27376,0.28,25; 14; 50; 51; 62; 83; 53; 21; 33; 71
45,57,0.27686,0.78947,75; 45; 57; 75; 51; 41; 14; 73; 40; 49
33,71,0.28435,0.46479,49; 33; 71; 84; 23; 56; 55; 12; 30; 33
11,38,0.27805,0.28947,51; 11; 38; 11; 59; 25; 58; 52; 34; 70
13,26,0.33092,0.5,18; 13; 26; 38; 5; 84; 13; 80; 45; 72
41,49,0.29138,0.83673,40; 41; 49; 56; 44; 68; 34; 45; 79; 57
17,71,0.23712,0.23944,67; 17; 71; 17; 38; 75; 71; 33; 65; 29
14,48,0.27979,0.29167,77; 14; 48; 13; 60; 39; 25; 57; 64; 26
8,14,0.27744,0.57143,27; 8; 14; 41; 63; 23; 7; 61; 51; 12
37,47,0.32193,0.78723,59; 37; 47; 69; 43; 12; 52; 41; 81; 9
20,40,0.3388,0.5,66; 20; 40; 63; 69; 75; 44; 24; 29; 51
21,70,0.28875,0.3,65; 21; 70; 38; 77; 82; 69; 17; 29; 10
48,60,0.2726,0.8,11; 48; 60; 71; 33; 37; 34; 76; 44; 75
14,56,0.24789,0.25,72; 14; 56; 44; 30; 63; 83; 76; 41; 36
46,56,0.28356,0.82143,16; 46; 56; 27; 35; 61; 46; 53; 72; 33
21,75,0.27508,0.28,55; 21; 75; 46; 31; 61; 44; 42; 33; 54
12,34,0.30136,0.35294,20; 12; 34; 75; 32; 76; 36; 78; 11; 83
30,38,0.34011,0.78947,58; 30; 38; 9; 19; 39; 50; 63; 28; 63
8,24,0.29122,0.33333,26; 8; 24; 48; 77; 51; 59; 63; 74; 9
34,69,0.28408,0.49275,12; 34; 69; 36; 54; 68; 53; 10; 30; 32
24,81,0.26962,0.2963,51; 24; 81; 74; 36; 64; 62; 67; 82; 85
8,33,0.2396,0.24242,7; 8; 33; 12; 7; 6; 50; 58; 45; 10
40,49,0.31038,0.81633,13; 40; 49; 84; 12; 50; 32; 74; 70; 23
24,74,0.27251,0.32432,19; 24; 74; 42; 54; 63; 41; 58; 26; 13
64,74,0.19841,0.86486,84; 64; 74; 43; 51; 24; 73; 24; 70; 26
41,72,0.25666,0.56944,73; 41; 72; 12; 55; 6; 18; 33; 43; 20
24,80,0.27244,0.3,78; 24; 80; 16; 85; 81; 13; 5; 6; 69
36,63,0.29489,0.57143,51; 36; 63; 24; 50; 58; 23; 59; 7; 6
13,28,0.32545,0.46429,82; 13; 28; 85; 81; 19; 18; 5; 81; 26
54,64,0.24097,0.84375,27; 54; 64; 84; 55; 58; 79; 85; 18; 82
8,23,0.29153,0.34783,52; 8; 23; 71; 74; 78; 74; 32; 80; 77
18,73,0.24506,0.24658,58; 18; 73; 69; 10; 72; 55; 49; 29; 13
19,57,0.30372,0.33333,45; 19; 57; 21; 73; 83; 66; 81; 50; 9
23,83,0.26494,0.27711,35; 23; 83; 76; 59; 77; 59; 42; 10; 53
63,75,0.21691,0.84,24; 63; 75; 29; 23; 16; 60; 32; 82; 5
56,70,0.23143,0.8,61; 56; 70; 84; 83; 45; 83; 75; 18; 65
43,50,0.29834,0.86,29; 43; 50; 27; 31; 57; 84; 19; 13; 69
9,26,0.30112,0.34615,44; 9; 26; 24; 71; 85; 72; 60; 76; 33
23,77,0.27596,0.2987,15; 23; 77; 66; 58; 8; 20; 84; 62; 11
16,35,0.33161,0.45714,67; 16; 35; 45; 65; 11; 46; 22; 16; 16
6,21,0.28061,0.28571,42; 6; 21; 15; 54; 11; 11; 26; 74; 37
12,43,0.27275,0.27907,24; 12; 43; 74; 42; 74; 18; 34; 30; 33
37,80,0.25499,0.4625,35; 37; 80; 34; 54; 6; 61; 39; 80; 52
30,53,0.32333,0.56604,20; 30; 53; 24; 62; 63; 22; 7; 23; 56
24,42,0.33812,0.57143,41; 24; 42; 57; 34; 64; 72; 76; 79; 8
17,58,0.28648,0.2931,18; 17; 58; 10; 36; 6; 7; 67; 20; 77
52,65,0.25093,0.8,80; 52; 65; 83; 68; 44; 27; 35; 51; 23
12,40,0.27948,0.3,23; 12; 40; 50; 11; 42; 55; 63; 5; 7
17,70,0.24113,0.24286,18; 17; 70; 66; 42; 37; 43; 33; 20; 55
18,71,0.24762,0.25352,84; 18; 71; 42; 41; 47; 55; 36; 32; 34
35,76,0.26836,0.46053,47; 35; 76; 85; 58; 14; 51; 28; 32; 65
15,45,0.30188,0.33333,22; 15; 45; 31; 42; 68; 16; 36; 10; 80
67,84,0.19572,0.79762,39; 67; 84; 42; 66; 49; 72; 54; 59; 67
14,47,0.28482,0.29787,39; 14; 47; 26; 78; 17; 34; 54; 85; 48
64,80,0.18947,0.8,58; 64; 80; 8; 48; 22; 83; 47; 31; 25
39,69,0.27506,0.56522,17; 39; 69; 30; 40; 39; 21; 34; 31; 67
55,70,0.24175,0.78571,54; 55; 70; 15; 31; 55; 80; 24; 9; 16
8,33,0.23486,0.24242,40; 8; 33; 59; 50; 27; 42; 43; 59; 76
27,84,0.27445,0.32143,75; 27; 84; 68; 20; 23; 79; 78; 14; 52
25,50,0.33304,0.5,53; 25; 50; 68; 79; 64; 77; 15; 76; 24
33,58,0.30887,0.56897,6; 33; 58; 60; 25; 75; 72; 43; 14; 72
33,72,0.27167,0.45833,70; 33; 72; 19; 46; 61; 73; 51; 75; 52
40,82,0.23959,0.4878,83; 40; 82; 80; 23; 24; 51; 47; 43; 51
21,57,0.31651,0.36842,39; 21; 57; 47; 58; 16; 81; 21; 50; 79
24,85,0.26029,0.28235,49; 24; 85; 85; 12; 57; 53; 27; 25; 72
9,11,0.25585,0.81818,47; 9; 11; 80; 83; 79; 12; 65; 30; 43
37,75,0.2652,0.49333,52; 37; 75; 45; 63; 37; 60; 61; 21; 34
8,23,0.30059,0.34783,30; 8; 23; 70; 11; 69; 18; 58; 20; 70
61,76,0.2147,0.80263,14; 61; 76; 19; 51; 74; 60; 20; 53; 57
23,83,0.26725,0.27711,17; 23; 83; 73; 82; 21; 75; 68; 63; 57
17,56,0.28911,0.30357,85; 17; 56; 43; 42; 43; 81; 78; 54; 54
15,27,0.33678,0.55556,82; 15; 27; 84; 37; 5; 38; 56; 43; 76
8,28,0.27439,0.28571,84; 8; 28; 72; 69; 65; 13; 23; 69; 15
37,81,0.23998,0.45679,65; 37; 81; 25; 28; 78; 54; 32; 5; 61
46,80,0.24668,0.575,8; 46; 80; 70; 81; 27; 41; 36; 31; 8
32,56,0.31561,0.57143,31; 32; 56; 54; 35; 56; 52; 60; 12; 80
23,70,0.29652,0.32857,42; 23; 70; 36; 31; 18; 38; 18; 27; 51
6,12,0.2499,0.5,42; 6; 12; 31; 62; 40; 26; 11; 24; 33
23,62,0.31048,0.37097,8; 23; 62; 69; 77; 68; 68; 33; 37; 76
56,71,0.23473,0.78873,35; 56; 71; 5; 21; 72; 51; 82; 36; 48
26,70,0.3017,0.37143,64; 26; 70; 62; 40; 28; 12; 65; 57; 39
13,44,0.28848,0.29545,81; 13; 44; 77; 36; 65; 59; 30; 9; 33
40,50,0.29078,0.8,39; 40; 50; 59; 74; 54; 44; 48; 69; 63
42,51,0.30101,0.82353,59; 42; 51; 82; 57; 16; 8; 84; 40; 48
42,74,0.25208,0.56757,17; 42; 74; 6; 43; 24; 40; 43; 57; 78
32,39,0.33313,0.82051,78; 32; 39; 78; 61; 31; 26; 68; 71; 39
49,57,0.26708,0.85965,61; 49; 57; 33; 23; 69; 85; 59; 43; 7
36,42,0.32044,0.85714,14; 36; 42; 10; 72; 64; 33; 63; 45; 84
23,73,0.28697,0.31507,29; 23; 73; 68; 38; 73; 35; 8; 38; 19
23,66,0.30822,0.34848,26; 23; 66; 56; 76; 32; 41; 14; 72; 60
15,53,0.27729,0.28302,23; 15; 53; 67; 28; 67; 48; 65; 76; 40
37,44,0.314,0.84091,72; 37; 44; 84; 27; 83; 34; 58; 23; 17
57,68,0.22053,0.83824,63; 57; 68; 47; 15; 10; 47; 14; 72; 32
26,56,0.31555,0.46429,13; 26; 56; 79; 24; 54; 38; 14; 57; 37
20,25,0.34517,0.8,12; 20; 25; 47; 55; 31; 57; 42; 77; 78
14,58,0.23703,0.24138,45; 14; 58; 57; 78; 41; 51; 40; 67; 36
9,37,0.23887,0.24324,57; 9; 37; 49; 9; 60; 35; 25; 12; 34
63,73,0.22051,0.86301,69; 63; 73; 84; 48; 10; 25; 5; 84; 43
20,83,0.23895,0.24096,10; 20; 83; 13; 45; 56; 49; 47; 58; 32
29,83,0.26553,0.3494,10; 29; 83; 11; 56; 66; 39; 82; 68; 48
16,56,0.27926,0.28571,74; 16; 56; 9; 18; 11; 39; 17; 54; 73
38,78,0.27179,0.48718,26; 38; 78; 48; 49; 46; 33; 62; 55; 51
36,43,0.32287,0.83721,76; 36; 43; 71; 37; 73; 78; 7; 19; 72
19,80,0.24023,0.2375,19; 19; 80; 71; 29; 36; 78; 39; 64; 16
20,81,0.24786,0.24691,37; 20; 81; 35; 26; 69; 75; 72; 75; 18
14,50,0.27423,0.28,61; 14; 50; 37; 61; 59; 8; 59; 67; 56
10,40,0.24631,0.25,45; 10; 40; 25; 70; 61; 30; 53; 20; 67
67,85,0.19938,0.78824,79; 67; 85; 77; 15; 16; 26; 72; 68; 35
57,66,0.2366,0.86364,52; 57; 66; 33; 62; 68; 15; 57; 40; 46
40,70,0.2637,0.57143,10; 40; 70; 84; 28; 57; 83; 80; 77; 36
67,82,0.20289,0.81707,84; 67; 82; 34; 30; 8; 54; 48; 44; 61
23,41,0.34457,0.56098,75; 23; 41; 43; 21; 47; 41; 32; 11; 21
35,76,0.24403,0.46053,28; 35; 76; 48; 28; 76; 72; 23; 13; 57
10,27,0.3099,0.37037,21; 10; 27; 60; 61; 13; 74; 12; 9; 18
20,62,0.29608,0.32258,40; 20; 62; 24; 25; 67; 74; 60; 21; 81
21,25,0.34437,0.84,7; 21; 25; 47; 53; 78; 47; 16; 76; 45
10,40,0.25285,0.25,63; 10; 40; 30; 85; 6; 79; 38; 31; 15
39,84,0.23963,0.46429,55; 39; 84; 82; 55; 73; 12; 75; 41; 56
28,35,0.33858,0.8,52; 28; 35; 25; 5; 84; 48; 55; 25; 33
11,38,0.28028,0.28947,53; 11; 38; 78; 23; 74; 14; 50; 78; 81
14,25,0.33096,0.56,63; 14; 25; 67; 35; 51; 77; 15; 85; 29
17,56,0.28562,0.30357,39; 17; 56; 80; 25; 34; 15; 12; 5; 70
59,72,0.21407,0.81944,7; 59; 72; 47; 42; 72; 18; 56; 76; 73
16,19,0.3386,0.84211,79; 16; 19; 78; 64; 64; 40; 10; 40; 17
23,41,0.33892,0.56098,10; 23; 41; 55; 64; 71; 13; 43; 13; 52
24,30,0.34408,0.8,53; 24; 30; 53; 47; 67; 71; 50; 20; 63
19,63,0.28926,0.30159,6; 19; 63; 72; 26; 21; 84; 49; 32; 38
21,46,0.33789,0.45652,17; 21; 46; 85; 28; 41; 32; 65; 51; 72
28,79,0.27195,0.35443,35; 28; 79; 53; 40; 21; 52; 65; 63; 23
22,63,0.3117,0.34921,13; 22; 63; 66; 39; 12; 35; 85; 20; 61
17,71,0.23872,0.23944,14; 17; 71; 11; 62; 20; 72; 15; 25; 85
10,20,0.31472,0.5,52; 10; 20; 64; 67; 34; 61; 37; 14; 49
23,70,0.29942,0.32857,27; 23; 70; 51; 12; 23; 16; 27; 26; 33
11,45,0.24249,0.24444,78; 11; 45; 74; 18; 22; 73; 5; 47; 57
34,69,0.29972,0.49275,24; 34; 69; 37; 75; 76; 36; 17; 43; 27
28,57,0.32427,0.49123,44; 28; 57; 69; 38; 60; 76; 16; 47; 38
7,21,0.29409,0.33333,76; 7; 21; 24; 58; 74; 47; 29; 26; 57
57,68,0.22657,0.83824,40; 57; 68; 17; 9; 33; 62; 18; 21; 22
30,38,0.33549,0.78947,37; 30; 38; 31; 39; 66; 18; 39; 34; 22
36,78,0.26448,0.46154,12; 36; 78; 71; 17; 51; 47; 42; 39; 84
5,21,0.22852,0.2381,14; 5; 21; 74; 32; 17; 46; 50; 83; 35
66,82,0.1977,0.80488,38; 66; 82; 53; 65; 73; 17; 30; 9; 56
37,80,0.25397,0.4625,45; 37; 80; 10; 10; 52; 77; 65; 37; 29
13,23,0.33283,0.56522,12; 13; 23; 69; 56; 31; 70; 66; 7; 69
19,69,0.27201,0.27536,78; 19; 69; 81; 11; 40; 62; 30; 47; 37
21,25,0.34768,0.84,83; 21; 25; 13; 62; 74; 77; 13; 34; 35
10,35,0.2714,0.28571,14; 10; 35; 67; 52; 5; 31; 46; 46; 19
18,64,0.27437,0.28125,62; 18; 64; 66; 29; 27; 62; 28; 48; 20
69,84,0.17589,0.82143,8; 69; 84; 6; 77; 74; 17; 82; 63; 49
25,67,0.30635,0.37313,43; 25; 67; 20; 32; 17; 62; 54; 85; 34
18,21,0.34118,0.85714,5; 18; 21; 10; 11; 52; 64; 51; 38; 67
50,58,0.26893,0.86207,53; 50; 58; 54; 30; 56; 8; 6; 74; 53
21,57,0.32023,0.36842,65; 21; 57; 43; 11; 41; 63; 50; 69; 15
25,67,0.30474,0.37313,41; 25; 67; 61; 47; 84; 83; 44; 54; 27
21,71,0.28424,0.29577,22; 21; 71; 69; 64; 83; 7; 46; 53; 84
24,82,0.2475,0.29268,66; 24; 82; 63; 13; 65; 63; 20; 12; 20
36,74,0.27942,0.48649,84; 36; 74; 39; 44; 69; 67; 59; 71; 80
24,72,0.29271,0.33333,61; 24; 72; 68; 39; 5; 44; 13; 84; 52
13,43,0.28901,0.30233,45; 13; 43; 21; 6; 33; 72; 77; 59; 73
9,16,0.30882,0.5625,59; 9; 16; 30; 75; 66; 17; 29; 42; 53
19,68,0.2724,0.27941,71; 19; 68; 57; 14; 57; 58; 52; 74; 67
27,78,0.27579,0.34615,53; 27; 78; 24; 31; 60; 58; 44; 73; 52
46,80,0.25385,0.575,40; 46; 80; 80; 80; 12; 17; 18; 15; 82
28,81,0.26566,0.34568,18; 28; 81; 22; 58; 49; 52; 25; 83; 14
36,42,0.32712,0.85714,71; 36; 42; 73; 31; 37; 67; 68; 10; 23
10,20,0.31307,0.5,65; 10; 20; 41; 32; 23; 16; 58; 9; 55
25,77,0.28203,0.32468,66; 25; 77; 16; 60; 60; 66; 29; 36; 77
39,85,0.24222,0.45882,80; 39; 85; 56; 70; 49; 74; 46; 22; 30
21,76,0.26523,0.27632,6; 21; 76; 84; 5; 35; 33; 69; 60; 62
14,42,0.30265,0.33333,27; 14; 42; 50; 28; 66; 48; 6; 77; 26
17,34,0.33355,0.5,31; 17; 34; 9; 31; 70; 47; 14; 34; 55
23,79,0.2713,0.29114,40; 23; 79; 24; 29; 12; 71; 36; 18; 69
14,43,0.29794,0.32558,79; 14; 43; 19; 20; 81; 60; 16; 69; 9
13,55,0.23786,0.23636,18; 13; 55; 76; 40; 49; 70; 18; 55; 33
13,54,0.23816,0.24074,23; 13; 54; 38; 12; 71; 13; 44; 45; 26
26,78,0.28235,0.33333,35; 26; 78; 55; 34; 8; 61; 79; 68; 13
23,78,0.27787,0.29487,52; 23; 78; 83; 7; 58; 9; 27; 74; 47
29,78,0.27215,0.37179,17; 29; 78; 19; 58; 55; 66; 36; 83; 79
18,49,0.31539,0.36735,70; 18; 49; 72; 22; 7; 25; 79; 19; 44
67,80,0.20084,0.8375,14; 67; 80; 84; 82; 64; 57; 6; 79; 50
5,18,0.24531,0.27778,64; 5; 18; 32; 38; 61; 72; 40; 34; 16
14,56,0.24589,0.25,76; 14; 56; 81; 84; 69; 12; 17; 71; 67
36,78,0.27278,0.46154,53; 36; 78; 78; 12; 49; 75; 35; 23; 56
30,82,0.26408,0.36585,11; 30; 82; 65; 38; 37; 84; 27; 42; 17
16,66,0.24153,0.24242,84; 16; 66; 17; 29; 14; 61; 13; 29; 79
41,73,0.26825,0.56164,64; 41; 73; 6; 81; 12; 10; 20; 45; 83
24,82,0.26616,0.29268,29; 24; 82; 69; 38; 18; 71; 60; 47; 68
39,79,0.26745,0.49367,23; 39; 79; 41; 79; 29; 32; 79; 10; 58
14,28,0.33063,0.5,48; 14; 28; 40; 82; 15; 54; 66; 74; 24
19,38,0.34102,0.5,41; 19; 38; 24; 82; 25; 50; 41; 56; 75
42,75,0.2683,0.56,76; 42; 75; 28; 18; 74; 12; 24; 54; 59
36,42,0.3291,0.85714,41; 36; 42; 47; 61; 24; 67; 61; 38; 31
55,64,0.24998,0.85938,53; 55; 64; 75; 51; 25; 7; 66; 23; 20
51,62,0.24294,0.82258,65; 51; 62; 11; 44; 73; 80; 73; 36; 27
32,40,0.32886,0.8,10; 32; 40; 39; 50; 8; 13; 79; 80; 20
17,52,0.30204,0.32692,9; 17; 52; 42; 74; 19; 52; 65; 43; 10
22,62,0.31319,0.35484,39; 22; 62; 71; 23; 36; 43; 45; 40; 83
13,54,0.23711,0.24074,67; 13; 54; 54; 31; 71; 8; 46; 45; 8
14,17,0.33265,0.82353,41; 14; 17; 79; 82; 36; 36; 80; 17; 31
42,84,0.22338,0.5,57; 42; 84; 68; 72; 21; 74; 81; 83; 43
18,76,0.23646,0.23684,8; 18; 76; 28; 69; 59; 18; 14; 77; 10
23,65,0.29197,0.35385,24; 23; 65; 53; 35; 66; 59; 5; 8; 49
14,28,0.33153,0.5,14; 14; 28; 43; 11; 40; 8; 56; 9; 18
51,61,0.24473,0.83607,76; 51; 61; 37; 26; 38; 53; 83; 67; 60
37,66,0.29696,0.56061,76; 37; 66; 11; 7; 82; 73; 71; 39; 19
26,81,0.27646,0.32099,57; 26; 81; 41; 64; 24; 43; 85; 47; 35
44,79,0.2245,0.55696,40; 44; 79; 60; 59; 51; 22; 50; 52; 18
44,79,0.24646,0.55696,44; 44; 79; 60; 74; 49; 68; 9; 52; 49
10,18,0.31411,0.55556,21; 10; 18; 29; 63; 47; 7; 54; 35; 45
9,18,0.30977,0.5,44; 9; 18; 85; 58; 8; 80; 75; 12; 7
23,82,0.26511,0.28049,83; 23; 82; 66; 9; 14; 36; 65; 35; 78
20,61,0.29846,0.32787,42; 20; 61; 42; 37; 40; 74; 35; 17; 30
7,22,0.28598,0.31818,10; 7; 22; 33; 9; 7; 72; 59; 55; 56
35,62,0.30854,0.56452,38; 35; 62; 80; 27; 25; 72; 78; 50; 17
23,83,0.26057,0.27711,67; 23; 83; 37; 77; 74; 18; 7; 60; 55
23,28,0.34374,0.82143,65; 23; 28; 73; 26; 60; 43; 11; 37; 53
23,29,0.34553,0.7931,81; 23; 29; 23; 49; 21; 25; 71; 45; 57
29,52,0.32235,0.55769,50; 29; 52; 43; 81; 38; 77; 82; 48; 61
42,85,0.23598,0.49412,5; 42; 85; 56; 65; 17; 52; 73; 12; 54
34,74,0.22585,0.45946,54; 34; 74; 75; 21; 31; 37; 23; 75; 6
28,50,0.33102,0.56,11; 28; 50; 42; 17; 76; 38; 7; 16; 74
15,46,0.29572,0.32609,13; 15; 46; 64; 42; 42; 75; 6; 23; 8
20,70,0.27802,0.28571,64; 20; 70; 13; 81; 37; 17; 65; 20; 63
12,15,0.30794,0.8,24; 12; 15; 43; 29; 45; 24; 18; 32; 18
18,57,0.29524,0.31579,68; 18; 57; 54; 17; 66; 72; 26; 25; 15
10,34,0.28497,0.29412,35; 10; 34; 73; 31; 39; 71; 48; 10; 29
25,78,0.27407,0.32051,51; 25; 78; 80; 12; 61; 14; 48; 13; 74
38,83,0.22912,0.45783,78; 38; 83; 8; 76; 62; 46; 11; 85; 35
14,25,0.32912,0.56,7; 14; 25; 66; 80; 12; 19; 85; 72; 69
19,60,0.29705,0.31667,7; 19; 60; 16; 56; 41; 36; 67; 25; 26
12,50,0.23765,0.24,5; 12; 50; 23; 67; 24; 70; 20; 64; 58
17,61,0.27145,0.27869,44; 17; 61; 16; 58; 20; 59; 83; 84; 8
19,51,0.31284,0.37255,25; 19; 51; 52; 80; 19; 48; 66; 61; 27
41,50,0.29146,0.82,8; 41; 50; 62; 57; 25; 78; 52; 20; 33
36,44,0.3167,0.81818,83; 36; 44; 25; 84; 19; 6; 68; 30; 74
18,52,0.31338,0.34615,65; 18; 52; 22; 53; 8; 51; 18; 43; 71
39,70,0.26333,0.55714,62; 39; 70; 7; 16; 27; 9; 41; 36; 64
17,49,0.30653,0.34694,58; 17; 49; 34; 47; 48; 83; 12; 73; 46
19,66,0.28071,0.28788,6; 19; 66; 62; 55; 52; 39; 5; 36; 19
15,59,0.25255,0.25424,24; 15; 59; 35; 25; 6; 6; 20; 15; 43
13,44,0.28411,0.29545,60; 13; 44; 76; 85; 20; 14; 85; 10; 66
12,15,0.31731,0.8,6; 12; 15; 73; 19; 11; 62; 31; 10; 80
37,46,0.31918,0.80435,52; 37; 46; 67; 46; 47; 37; 48; 11; 65
19,63,0.2872,0.30159,72; 19; 63; 76; 15; 70; 15; 60; 21; 61
10,20,0.31231,0.5,52; 10; 20; 27; 68; 62; 10; 11; 44; 78
39,68,0.2373,0.57353,8; 39; 68; 12; 32; 22; 83; 30; 57; 67
13,23,0.33291,0.56522,9; 13; 23; 20; 67; 21; 17; 74; 52; 36
9,27,0.29898,0.33333,36; 9; 27; 48; 59; 10; 28; 22; 5; 76
22,80,0.2702,0.275,18; 22; 80; 18; 49; 43; 52; 54; 76; 31
70,81,0.20184,0.8642,29; 70; 81; 82; 24; 51; 41; 27; 25; 39
34,70,0.28261,0.48571,85; 34; 70; 9; 18; 25; 63; 36; 28; 27
18,63,0.27622,0.28571,76; 18; 63; 79; 69; 79; 25; 28; 58; 36
29,59,0.32536,0.49153,25; 29; 59; 11; 23; 12; 79; 53; 65; 5
38,83,0.2627,0.45783,32; 38; 83; 32; 7; 66; 55; 40; 80; 73
32,40,0.33204,0.8,48; 32; 40; 37; 67; 75; 53; 30; 33; 9
30,85,0.26016,0.35294,64; 30; 85; 77; 29; 15; 50; 80; 56; 23
18,73,0.24414,0.24658,85; 18; 73; 62; 77; 69; 66; 30; 71; 31
12,21,0.32684,0.57143,32; 12; 21; 31; 54; 7; 30; 24; 61; 53
64,81,0.20246,0.79012,33; 64; 81; 71; 18; 15; 50; 70; 37; 43
24,85,0.23987,0.28235,13; 24; 85; 49; 19; 71; 47; 18; 28; 52
37,66,0.27709,0.56061,56; 37; 66; 61; 56; 48; 34; 35; 18; 44
44,77,0.24431,0.57143,36; 44; 77; 54; 15; 64; 6; 36; 56; 30
12,38,0.29489,0.31579,62; 12; 38; 25; 76; 28; 7; 82; 41; 25
71,85,0.17719,0.83529,11; 71; 85; 55; 35; 56; 60; 41; 85; 64
17,34,0.33883,0.5,26; 17; 34; 9; 78; 35; 35; 35; 61; 23
7,25,0.26896,0.28,75; 7; 25; 73; 61; 40; 9; 26; 20; 74
15,54,0.27526,0.27778,18; 15; 54; 81; 31; 75; 57; 66; 83; 63
14,28,0.33461,0.5,59; 14; 28; 37; 39; 34; 17; 80; 73; 81
54,64,0.22283,0.84375,72; 54; 64; 60; 54; 80; 19; 79; 42; 13
15,41,0.31518,0.36585,18; 15; 41; 34; 65; 82; 5; 45; 45; 36
25,44,0.33892,0.56818,18; 25; 44; 69; 72; 30; 5; 57; 55; 41
23,28,0.34229,0.82143,52; 23; 28; 34; 68; 16; 79; 39; 8; 30
65,77,0.20783,0.84416,61; 65; 77; 50; 13; 72; 44; 49; 43; 13
38,68,0.27176,0.55882,61; 38; 68; 36; 15; 80; 37; 29; 44; 21
20,36,0.33791,0.55556,49; 20; 36; 70; 43; 12; 37; 53; 28; 49
33,67,0.29951,0.49254,18; 33; 67; 60; 54; 40; 40; 50; 81; 65
38,77,0.26441,0.49351,8; 38; 77; 39; 52; 82; 9; 6; 41; 9
15,47,0.2938,0.31915,49; 15; 47; 5; 76; 62; 81; 42; 12; 17
26,81,0.27225,0.32099,47; 26; 81; 39; 27; 81; 39; 65; 31; 62
16,50,0.2973,0.32,7; 16; 50; 18; 33; 46; 20; 6; 63; 71
10,18,0.31358,0.55556,47; 10; 18; 48; 32; 35; 75; 47; 14; 69
15,51,0.28349,0.29412,73; 15; 51; 8; 77; 21; 32; 53; 66; 45
20,40,0.33758,0.5,6; 20; 40; 15; 28; 24; 16; 31; 23; 62
15,61,0.24492,0.2459,29; 15; 61; 28; 9; 39; 63; 34; 84; 52
5,21,0.24245,0.2381,83; 5; 21; 43; 74; 79; 38; 14; 60; 37
6,17,0.28028,0.35294,23; 6; 17; 9; 22; 77; 35; 33; 25; 9
65,82,0.20474,0.79268,73; 65; 82; 5; 55; 9; 41; 84; 41; 64
55,67,0.24327,0.8209,60; 55; 67; 39; 19; 36; 85; 84; 71; 32
16,64,0.24795,0.25,80; 16; 64; 51; 26; 45; 54; 16; 13; 68
41,72,0.26799,0.56944,65; 41; 72; 25; 10; 65; 5; 58; 78; 72
9,16,0.30531,0.5625,17; 9; 16; 46; 84; 39; 69; 12; 25; 5
17,52,0.30213,0.32692,69; 17; 52; 12; 15; 23; 39; 82; 17; 67
18,55,0.30293,0.32727,19; 18; 55; 64; 41; 15; 41; 46; 49; 32
31,36,0.33062,0.86111,51; 31; 36; 57; 83; 81; 69; 52; 52; 39
19,79,0.24323,0.24051,72; 19; 79; 41; 28; 67; 68; 48; 18; 29
44,56,0.28838,0.78571,36; 44; 56; 10; 53; 67; 44; 27; 15; 39
5,10,0.21264,0.5,41; 5; 10; 5; 66; 14; 58; 31; 79; 72
38,76,0.27705,0.5,49; 38; 76; 22; 21; 85; 67; 9; 72; 41
11,40,0.26794,0.275,12; 11; 40; 49; 83; 54; 23; 60; 9; 19
19,55,0.3117,0.34545,68; 19; 55; 38; 36; 61; 51; 53; 5; 42
22,78,0.26747,0.28205,59; 22; 78; 82; 83; 69; 54; 73; 19; 66
18,73,0.24087,0.24658,84; 18; 73; 62; 31; 78; 45; 74; 73; 33
11,33,0.29411,0.33333,76; 11; 33; 54; 76; 57; 73; 32; 7; 7
19,24,0.34087,0.79167,16; 19; 24; 62; 76; 72; 74; 65; 5; 22
22,39,0.33891,0.5641,10; 22; 39; 35; 5; 81; 73; 76; 46; 37
28,76,0.28082,0.36842,21; 28; 76; 34; 76; 8; 83; 65; 67; 35
7,14,0.26703,0.5,80; 7; 14; 80; 36; 42; 63; 51; 5; 84
37,75,0.27222,0.49333,30; 37; 75; 82; 50; 69; 43; 52; 64; 21
7,19,0.29986,0.36842,39; 7; 19; 16; 64; 63; 55; 37; 58; 41
31,83,0.24264,0.37349,69; 31; 83; 5; 9; 18; 6; 64; 22; 6
33,68,0.28982,0.48529,74; 33; 68; 10; 82; 11; 69; 31; 68; 47
44,77,0.22543,0.57143,22; 44; 77; 73; 76; 32; 67; 37; 42; 34
47,56,0.27672,0.83929,33; 47; 56; 43; 53; 25; 41; 12; 45; 76
15,50,0.28997,0.3,74; 15; 50; 62; 37; 7; 7; 57; 47; 67
53,65,0.21786,0.81538,24; 53; 65; 24; 9; 44; 9; 78; 37; 59
37,45,0.3129,0.82222,73; 37; 45; 36; 13; 73; 20; 22; 79; 42
62,76,0.21147,0.81579,31; 62; 76; 13; 12; 7; 38; 27; 73; 34
36,44,0.30605,0.81818,59; 36; 44; 19; 40; 57; 71; 30; 20; 66
60,73,0.22354,0.82192,10; 60; 73; 83; 38; 6; 33; 42; 79; 16
56,70,0.24379,0.8,34; 56; 70; 60; 20; 35; 57; 79; 50; 16
57,72,0.21073,0.79167,23; 57; 72; 55; 10; 15; 21; 83; 83; 35
30,35,0.3384,0.85714,57; 30; 35; 39; 55; 64; 45; 26; 11; 68
23,73,0.28345,0.31507,60; 23; 73; 76; 58; 20; 48; 85; 41; 62
37,75,0.27318,0.49333,27; 37; 75; 41; 69; 70; 65; 57; 46; 51
19,22,0.34342,0.86364,23; 19; 22; 50; 45; 71; 29; 5; 30; 30
23,80,0.26713,0.2875,20; 23; 80; 85; 41; 54; 16; 39; 60; 26
28,75,0.25753,0.37333,45; 28; 75; 43; 24; 63; 6; 47; 17; 37
21,73,0.27591,0.28767,25; 21; 73; 41; 7; 34; 58; 50; 33; 33
13,26,0.32712,0.5,27; 13; 26; 30; 46; 65; 7; 16; 72; 5
12,48,0.24377,0.25,84; 12; 48; 65; 23; 53; 28; 9; 23; 27
14,59,0.23741,0.23729,61; 14; 59; 37; 21; 73; 56; 8; 56; 43
19,75,0.25315,0.25333,43; 19; 75; 30; 58; 75; 61; 59; 77; 49
23,71,0.29605,0.32394,23; 23; 71; 72; 34; 72; 5; 59; 50; 83
21,25,0.34298,0.84,43; 21; 25; 75; 43; 11; 13; 17; 70; 61
16,56,0.28048,0.28571,51; 16; 56; 25; 69; 73; 66; 80; 13; 6
25,79,0.27536,0.31646,26; 25; 79; 61; 79; 21; 18; 82; 37; 85
26,57,0.32643,0.45614,83; 26; 57; 5; 65; 18; 43; 25; 12; 80
17,71,0.23876,0.23944,74; 17; 71; 6; 6; 45; 16; 37; 26; 81
16,20,0.33716,0.8,56; 16; 20; 55; 22; 13; 49; 52; 70; 41
17,68,0.24919,0.25,61; 17; 68; 35; 9; 35; 68; 64; 28; 73
50,63,0.26262,0.79365,85; 50; 63; 34; 33; 73; 28; 34; 60; 71
6,18,0.27502,0.33333,35; 6; 18; 33; 22; 29; 65; 59; 60; 57
37,44,0.31729,0.84091,26; 37; 44; 75; 62; 29; 55; 63; 53; 17
48,56,0.27015,0.85714,6; 48; 56; 37; 17; 6; 30; 43; 23; 7
54,63,0.25133,0.85714,77; 54; 63; 79; 48; 55; 84; 70; 20; 28
23,73,0.2844,0.31507,27; 23; 73; 52; 82; 12; 81; 31; 14; 11
60,75,0.2044,0.8,23; 60; 75; 76; 22; 72; 63; 43; 29; 17
15,47,0.29547,0.31915,20; 15; 47; 78; 64; 46; 15; 50; 43; 29
61,77,0.20216,0.79221,51; 61; 77; 62; 61; 41; 16; 54; 45; 80
17,57,0.28494,0.29825,56; 17; 57; 55; 18; 23; 42; 55; 6; 26
42,51,0.30119,0.82353,59; 42; 51; 42; 57; 11; 68; 26; 14; 29
12,38,0.29341,0.31579,80; 12; 38; 68; 74; 27; 23; 35; 25; 48
25,77,0.27783,0.32468,34; 25; 77; 74; 77; 41; 59; 69; 42; 60
19,76,0.24878,0.25,81; 19; 76; 58; 78; 50; 45; 65; 76; 21
20,35,0.34066,0.57143,19; 20; 35; 32; 62; 29; 32; 32; 85; 75
13,26,0.33105,0.5,74; 13; 26; 71; 18; 23; 57; 57; 38; 57
42,50,0.30301,0.84,29; 42; 50; 38; 10; 83; 36; 31; 8; 54
24,82,0.25361,0.29268,30; 24; 82; 39; 79; 67; 35; 82; 59; 84
66,84,0.1699,0.78571,67; 66; 84; 43; 49; 5; 63; 79; 30; 15
7,23,0.28312,0.30435,19; 7; 23; 83; 23; 6; 59; 70; 7; 82
31,37,0.33716,0.83784,12; 31; 37; 22; 63; 6; 15; 52; 44; 19
27,77,0.27937,0.35065,43; 27; 77; 39; 60; 60; 6; 82; 17; 56
46,58,0.27559,0.7931,13; 46; 58; 47; 46; 50; 25; 8; 13; 49
34,70,0.29327,0.48571,68; 34; 70; 31; 71; 20; 16; 61; 28; 10
22,77,0.27396,0.28571,34; 22; 77; 83; 58; 55; 81; 14; 52; 12
37,74,0.26672,0.5,59; 37; 74; 60; 75; 46; 30; 35; 58; 17
18,62,0.28413,0.29032,70; 18; 62; 82; 25; 18; 74; 52; 76; 59
19,54,0.3086,0.35185,63; 19; 54; 60; 23; 67; 61; 30; 68; 34
51,61,0.26295,0.83607,9; 51; 61; 46; 53; 21; 85; 13; 35; 51
17,46,0.31658,0.36957,57; 17; 46; 59; 35; 7; 17; 24; 42; 11
24,82,0.26973,0.29268,33; 24; 82; 8; 9; 79; 72; 6; 83; 54
8,29,0.26529,0.27586,43; 8; 29; 52; 60; 16; 81; 40; 35; 29
23,83,0.25185,0.27711,50; 23; 83; 43; 33; 47; 79; 57; 80; 16
22,77,0.27468,0.28571,63; 22; 77; 83; 40; 67; 9; 56; 85; 23
45,80,0.23451,0.5625,10; 45; 80; 21; 54; 45; 47; 80; 67; 21
26,78,0.27304,0.33333,75; 26; 78; 26; 73; 37; 11; 70; 41; 12
18,65,0.26966,0.27692,62; 18; 65; 15; 45; 24; 77; 81; 47; 45
53,67,0.21858,0.79104,41; 53; 67; 51; 79; 38; 55; 78; 56; 40
47,56,0.27887,0.83929,25; 47; 56; 23; 42; 56; 60; 36; 69; 75
22,45,0.33782,0.48889,16; 22; 45; 74; 42; 32; 33; 56; 41; 54
8,27,0.28049,0.2963,18; 8; 27; 9; 70; 82; 11; 11; 51; 5
23,40,0.34093,0.575,31; 23; 40; 42; 60; 58; 46; 13; 35; 72
32,56,0.30958,0.57143,35; 32; 56; 62; 78; 36; 5; 69; 63; 52
27,32,0.34306,0.84375,41; 27; 32; 13; 58; 32; 65; 74; 70; 7
19,51,0.31296,0.37255,49; 19; 51; 38; 13; 27; 55; 28; 80; 36
22,69,0.29659,0.31884,17; 22; 69; 23; 33; 82; 58; 7; 22; 51
66,79,0.20375,0.83544,50; 66; 79; 82; 51; 20; 36; 8; 72; 9
22,67,0.29783,0.32836,25; 22; 67; 67; 40; 13; 59; 63; 20; 79
32,57,0.31746,0.5614,43; 32; 57; 57; 32; 76; 47; 12; 72; 46
10,42,0.23398,0.2381,47; 10; 42; 51; 73; 11; 7; 61; 43; 48
31,84,0.2752,0.36905,37; 31; 84; 62; 21; 42; 67; 23; 15; 38
32,57,0.31825,0.5614,82; 32; 57; 9; 16; 17; 43; 11; 45; 47
35,63,0.3068,0.55556,34; 35; 63; 68; 25; 23; 6; 49; 78; 11
20,60,0.30519,0.33333,56; 20; 60; 67; 44; 11; 15; 76; 35; 72
51,59,0.26778,0.86441,14; 51; 59; 40; 76; 49; 73; 28; 19; 73
40,81,0.26294,0.49383,77; 40; 81; 25; 14; 54; 85; 33; 82; 15
27,82,0.26825,0.32927,28; 27; 82; 37; 60; 85; 27; 18; 9; 15
14,55,0.25415,0.25455,38; 14; 55; 56; 39; 58; 53; 52; 43; 65
27,34,0.34831,0.79412,28; 27; 34; 15; 73; 22; 53; 35; 61; 85
30,35,0.33632,0.85714,84; 30; 35; 15; 41; 45; 39; 24; 24; 22
55,69,0.23612,0.7971,36; 55; 69; 68; 41; 26; 15; 78; 39; 35
42,49,0.30034,0.85714,70; 42; 49; 52; 38; 55; 6; 42; 79; 41
16,57,0.27053,0.2807,51; 16; 57; 45; 44; 67; 82; 31; 81; 58
48,57,0.26751,0.84211,29; 48; 57; 64; 51; 54; 10; 19; 42; 35
19,66,0.27928,0.28788,8; 19; 66; 34; 45; 83; 69; 16; 64; 61
28,61,0.31631,0.45902,82; 28; 61; 21; 85; 27; 22; 20; 70; 26
32,64,0.29807,0.5,59; 32; 64; 70; 50; 17; 35; 59; 81; 47
36,78,0.27432,0.46154,15; 36; 78; 62; 7; 68; 12; 80; 44; 39
53,65,0.24884,0.81538,34; 53; 65; 36; 81; 32; 16; 77; 73; 18
23,41,0.34866,0.56098,41; 23; 41; 33; 56; 62; 23; 32; 82; 19
43,54,0.28358,0.7963,13; 43; 54; 52; 23; 12; 78; 18; 67; 43
20,85,0.23916,0.23529,81; 20; 85; 13; 79; 64; 14; 67; 62; 7
49,57,0.27495,0.85965,68; 49; 57; 68; 42; 73; 41; 78; 24; 7
16,55,0.28222,0.29091,53; 16; 55; 9; 8; 48; 75; 69; 66; 67
31,63,0.30973,0.49206,48; 31; 63; 48; 13; 42; 75; 55; 13; 57
26,31,0.34489,0.83871,47; 26; 31; 42; 38; 61; 62; 44; 63; 32
40,82,0.24072,0.4878,38; 40; 82; 11; 64; 79; 68; 45; 45; 35
19,39,0.33896,0.48718,60; 19; 39; 49; 14; 23; 20; 23; 32; 75
19,68,0.27141,0.27941,33; 19; 68; 27; 21; 43; 71; 34; 72; 60
68,79,0.20493,0.86076,10; 68; 79; 26; 82; 26; 16; 27; 85; 50
22,76,0.27617,0.28947,35; 22; 76; 17; 73; 48; 62; 68; 74; 24
39,84,0.22553,0.46429,16; 39; 84; 44; 48; 76; 80; 9; 9; 63
38,82,0.23862,0.46341,48; 38; 82; 71; 55; 42; 79; 76; 75; 25
25,72,0.28924,0.34722,21; 25; 72; 45; 34; 41; 67; 76; 50; 6
17,34,0.33597,0.5,85; 17; 34; 32; 37; 70; 52; 41; 78; 11
13,55,0.23118,0.23636,38; 13; 55; 7; 68; 46; 49; 80; 80; 9
16,66,0.23973,0.24242,64; 16; 66; 47; 42; 78; 25; 59; 47; 18
59,70,0.23009,0.84286,9; 59; 70; 79; 82; 55; 35; 17; 46; 13
49,61,0.26199,0.80328,77; 49; 61; 62; 12; 10; 40; 41; 62; 13
24,30,0.3433,0.8,5; 24; 30; 48; 11; 78; 78; 71; 40; 15
25,83,0.26779,0.3012,38; 25; 83; 81; 32; 13; 52; 43; 12; 19
29,79,0.25568,0.36709,76; 29; 79; 17; 61; 62; 35; 74; 42; 80
7,23,0.28693,0.30435,71; 7; 23; 31; 79; 24; 9; 65; 42; 46
16,66,0.24663,0.24242,69; 16; 66; 38; 63; 35; 11; 75; 17; 11
23,80,0.27183,0.2875,26; 23; 80; 84; 50; 8; 39; 67; 12; 27
17,49,0.30475,0.34694,49; 17; 49; 75; 43; 25; 44; 70; 31; 61
22,60,0.3162,0.36667,51; 22; 60; 26; 23; 77; 67; 71; 77; 16
39,49,0.31049,0.79592,83; 39; 49; 48; 14; 63; 81; 19; 69; 11
35,63,0.30404,0.55556,17; 35; 63; 44; 72; 32; 10; 56; 28; 31
28,81,0.26677,0.34568,47; 28; 81; 41; 38; 33; 22; 52; 9; 41
12,14,0.30781,0.85714,33; 12; 14; 79; 19; 53; 15; 28; 33; 63
19,80,0.2361,0.2375,78; 19; 80; 10; 54; 77; 13; 56; 36; 6
24,75,0.27351,0.32,12; 24; 75; 10; 70; 22; 54; 43; 70; 44
24,83,0.26615,0.28916,74; 24; 83; 73; 17; 15; 61; 43; 74; 11
53,67,0.24882,0.79104,10; 53; 67; 75; 49; 27; 53; 57; 20; 17
18,75,0.24216,0.24,63; 18; 75; 60; 36; 62; 73; 18; 60; 81
47,56,0.28885,0.83929,15; 47; 56; 20; 80; 33; 41; 84; 81; 40
19,60,0.29369,0.31667,84; 19; 60; 31; 74; 63; 24; 25; 46; 36
62,76,0.213,0.81579,27; 62; 76; 46; 11; 46; 32; 51; 76; 20
13,47,0.27063,0.2766,21; 13; 47; 26; 61; 44; 61; 10; 20; 55
16,55,0.27924,0.29091,22; 16; 55; 13; 42; 39; 31; 76; 51; 33
73,85,0.19235,0.85882,82; 73; 85; 56; 18; 46; 75; 33; 49; 27
52,65,0.23939,0.8,67; 52; 65; 57; 37; 9; 21; 84; 47; 6
20,35,0.34321,0.57143,49; 20; 35; 60; 49; 30; 54; 6; 37; 76
27,47,0.33564,0.57447,10; 27; 47; 21; 66; 30; 15; 67; 21; 50
15,60,0.24674,0.25,30; 15; 60; 14; 65; 84; 40; 38; 16; 38
38,44,0.31141,0.86364,35; 38; 44; 49; 52; 77; 32; 21; 41; 30
58,73,0.22801,0.79452,63; 58; 73; 53; 8; 68; 14; 23; 62; 61
27,32,0.34002,0.84375,34; 27; 32; 14; 56; 85; 43; 40; 8; 32
5,17,0.27305,0.29412,49; 5; 17; 56; 68; 66; 51; 43; 57; 33
24,49,0.3299,0.4898,13; 24; 49; 54; 31; 76; 15; 56; 5; 13
36,45,0.32216,0.8,56; 36; 45; 67; 63; 26; 36; 70; 17; 53
52,66,0.25342,0.78788,15; 52; 66; 50; 64; 82; 7; 40; 66; 30
21,83,0.24559,0.25301,13; 21; 83; 50; 49; 6; 32; 83; 60; 5
22,69,0.29358,0.31884,10; 22; 69; 7; 54; 62; 75; 19; 35; 30
18,64,0.27075,0.28125,38; 18; 64; 82; 45; 10; 60; 45; 85; 55
40,71,0.26421,0.56338,9; 40; 71; 5; 16; 28; 56; 50; 59; 84
32,37,0.33318,0.86486,31; 32; 37; 16; 74; 21; 21; 48; 29; 39
69,82,0.18653,0.84146,39; 69; 82; 62; 38; 78; 43; 57; 43; 68
44,55,0.28614,0.8,68; 44; 55; 75; 56; 70; 31; 24; 71; 17
26,52,0.33058,0.5,16; 26; 52; 24; 60; 39; 80; 78; 30; 38
5,10,0.19548,0.5,80; 5; 10; 58; 41; 11; 8; 32; 33; 19
13,39,0.30207,0.33333,72; 13; 39; 36; 78; 68; 55; 57; 52; 36
39,84,0.2443,0.46429,75; 39; 84; 31; 12; 67; 34; 81; 82; 72
13,35,0.30714,0.37143,72; 13; 35; 43; 37; 46; 80; 62; 43; 65
26,75,0.26799,0.34667,6; 26; 75; 5; 28; 78; 14; 62; 23; 61
28,34,0.33822,0.82353,27; 28; 34; 10; 74; 6; 9; 64; 19; 82
40,70,0.2639,0.57143,69; 40; 70; 55; 33; 51; 63; 54; 50; 50
63,79,0.21035,0.79747,56; 63; 79; 27; 35; 75; 39; 25; 81; 74
18,56,0.30019,0.32143,43; 18; 56; 23; 39; 80; 39; 39; 55; 16
35,61,0.30388,0.57377,59; 35; 61; 43; 55; 72; 31; 47; 30; 67
7,21,0.29049,0.33333,85; 7; 21; 56; 18; 25; 79; 75; 46; 52
9,38,0.23377,0.23684,9; 9; 38; 55; 12; 39; 33; 46; 19; 18
31,62,0.31104,0.5,19; 31; 62; 6; 76; 17; 69; 9; 6; 79
23,77,0.27399,0.2987,20; 23; 77; 75; 54; 16; 73; 74; 52; 66
71,85,0.19842,0.83529,10; 71; 85; 46; 66; 71; 70; 13; 68; 50
6,21,0.27098,0.28571,5; 6; 21; 28; 46; 69; 79; 76; 45; 41
52,62,0.25875,0.83871,38; 52; 62; 49; 51; 41; 18; 11; 28; 23
21,83,0.25172,0.25301,32; 21; 83; 68; 64; 55; 27; 23; 16; 17
16,32,0.33247,0.5,38; 16; 32; 49; 62; 38; 80; 73; 42; 85
67,82,0.19972,0.81707,33; 67; 82; 14; 53; 8; 69; 77; 67; 69
6,17,0.26832,0.35294,69; 6; 17; 13; 62; 44; 76; 67; 53; 34
20,61,0.30424,0.32787,14; 20; 61; 62; 65; 49; 21; 55; 11; 49
59,74,0.21482,0.7973,56; 59; 74; 38; 20; 43; 40; 49; 16; 38
11,14,0.29877,0.78571,80; 11; 14; 56; 62; 6; 19; 63; 15; 65
26,71,0.29922,0.3662,7; 26; 71; 70; 5; 79; 12; 31; 71; 21
15,19,0.33689,0.78947,47; 15; 19; 47; 67; 17; 75; 80; 29; 18
6,18,0.28476,0.33333,71; 6; 18; 38; 6; 25; 71; 10; 75; 24
9,18,0.30354,0.5,49; 9; 18; 44; 9; 76; 37; 74; 28; 27
5,21,0.23692,0.2381,42; 5; 21; 30; 82; 73; 69; 84; 66; 59
39,70,0.28602,0.55714,60; 39; 70; 62; 71; 49; 66; 9; 80; 42
40,72,0.23521,0.55556,22; 40; 72; 77; 48; 64; 24; 82; 29; 24
17,30,0.34225,0.56667,83; 17; 30; 26; 44; 83; 12; 42; 74; 32
22,67,0.30047,0.32836,11; 22; 67; 49; 9; 53; 11; 42; 22; 32
17,70,0.23801,0.24286,26; 17; 70; 80; 14; 47; 51; 66; 75; 68
26,81,0.27946,0.32099,44; 26; 81; 22; 38; 57; 45; 23; 66; 78
13,40,0.2963,0.325,80; 13; 40; 73; 11; 42; 66; 26; 64; 31
22,60,0.31062,0.36667,31; 22; 60; 15; 15; 31; 36; 85; 77; 8
35,70,0.28334,0.5,22; 35; 70; 56; 43; 58; 17; 53; 28; 54
21,71,0.28653,0.29577,64; 21; 71; 49; 54; 50; 36; 69; 35; 10
25,45,0.33507,0.55556,32; 25; 45; 38; 22; 64; 53; 27; 5; 74
64,81,0.18,0.79012,7; 64; 81; 36; 22; 62; 20; 30; 28; 51
38,67,0.26939,0.56716,66; 38; 67; 62; 32; 19; 82; 74; 6; 23
26,80,0.27717,0.325,54; 26; 80; 62; 66; 11; 73; 24; 22; 75
60,73,0.2242,0.82192,15; 60; 73; 71; 29; 36; 5; 24; 7; 19
20,81,0.24566,0.24691,15; 20; 81; 55; 50; 43; 47; 46; 55; 77
21,69,0.2888,0.30435,65; 21; 69; 82; 81; 23; 79; 66; 40; 57
20,36,0.34493,0.55556,75; 20; 36; 81; 60; 12; 53; 50; 54; 48
21,57,0.30609,0.36842,83; 21; 57; 81; 67; 13; 78; 82; 69; 17
17,37,0.32944,0.45946,54; 17; 37; 5; 58; 28; 82; 51; 70; 64
50,61,0.25466,0.81967,77; 50; 61; 72; 84; 63; 56; 61; 67; 18
48,57,0.27697,0.84211,28; 48; 57; 66; 38; 60; 59; 35; 75; 8
14,57,0.24413,0.24561,63; 14; 57; 37; 24; 27; 57; 33; 41; 59
6,18,0.2619,0.33333,28; 6; 18; 75; 44; 83; 48; 80; 74; 82
10,27,0.30851,0.37037,15; 10; 27; 10; 47; 10; 41; 66; 49; 72
32,70,0.29931,0.45714,46; 32; 70; 66; 54; 18; 15; 48; 25; 46
36,44,0.32672,0.81818,5; 36; 44; 44; 18; 52; 71; 80; 46; 17
16,32,0.33627,0.5,51; 16; 32; 23; 60; 44; 65; 56; 57; 57
47,57,0.27987,0.82456,26; 47; 57; 83; 48; 59; 27; 9; 6; 26
24,84,0.26419,0.28571,15; 24; 84; 65; 44; 47; 34; 69; 17; 42
62,76,0.21708,0.81579,31; 62; 76; 37; 53; 45; 63; 33; 9; 66
25,50,0.32581,0.5,8; 25; 50; 73; 23; 35; 84; 48; 29; 54
56,68,0.23052,0.82353,71; 56; 68; 16; 40; 36; 22; 46; 53; 83
32,70,0.2949,0.45714,84; 32; 70; 55; 33; 81; 50; 19; 17; 59
12,37,0.29568,0.32432,40; 12; 37; 63; 20; 23; 6; 56; 61; 42
14,58,0.2368,0.24138,81; 14; 58; 9; 72; 45; 81; 83; 65; 13
33,66,0.30401,0.5,22; 33; 66; 26; 43; 71; 67; 63; 56; 68
27,73,0.29344,0.36986,76; 27; 73; 73; 43; 56; 82; 61; 10; 16
19,52,0.31598,0.36538,52; 19; 52; 30; 11; 71; 48; 31; 18; 59
66,82,0.1871,0.80488,22; 66; 82; 36; 25; 68; 32; 36; 10; 13
10,42,0.23581,0.2381,11; 10; 42; 82; 60; 17; 38; 37; 70; 51
58,73,0.23227,0.79452,83; 58; 73; 61; 73; 11; 33; 79; 48; 27
19,64,0.28499,0.29688,74; 19; 64; 71; 59; 79; 14; 79; 70; 8
38,48,0.31428,0.79167,82; 38; 48; 13; 23; 63; 28; 10; 26; 61
11,22,0.31954,0.5,13; 11; 22; 53; 84; 13; 9; 25; 7; 21
19,66,0.27796,0.28788,49; 19; 66; 53; 40; 69; 56; 75; 81; 81
30,61,0.31711,0.4918,34; 30; 61; 27; 12; 44; 63; 11; 54; 50
20,84,0.23966,0.2381,41; 20; 84; 77; 43; 16; 15; 75; 78; 32
71,85,0.19609,0.83529,5; 71; 85; 68; 44; 17; 56; 17; 63; 27
10,40,0.24544,0.25,44; 10; 40; 44; 72; 42; 44; 6; 51; 55
54,64,0.25456,0.84375,22; 54; 64; 8; 44; 23; 13; 84; 44; 13
14,59,0.23578,0.23729,10; 14; 59; 83; 53; 14; 60; 83; 50; 26
12,49,0.24434,0.2449,32; 12; 49; 32; 40; 26; 83; 72; 10; 27
27,59,0.3236,0.45763,66; 27; 59; 66; 53; 73; 27; 10; 13; 9
28,34,0.33941,0.82353,30; 28; 34; 56; 85; 31; 15; 54; 58; 35
38,67,0.28959,0.56716,18; 38; 67; 6; 34; 46; 50; 33; 60; 55
10,40,0.24878,0.25,76; 10; 40; 57; 11; 43; 84; 65; 6; 5
9,31,0.277,0.29032,44; 9; 31; 70; 61; 62; 39; 66; 31; 44
29,84,0.25541,0.34524,73; 29; 84; 25; 27; 23; 79; 11; 68; 26
20,71,0.27678,0.28169,65; 20; 71; 18; 65; 15; 28; 41; 81; 68
10,34,0.28017,0.29412,33; 10; 34; 53; 11; 76; 44; 29; 74; 58
41,49,0.30635,0.83673,7; 41; 49; 36; 62; 11; 35; 23; 31; 56
27,78,0.28837,0.34615,78; 27; 78; 19; 21; 17; 11; 46; 80; 5
37,75,0.25852,0.49333,26; 37; 75; 24; 33; 35; 50; 28; 65; 63
47,82,0.23484,0.57317,14; 47; 82; 84; 7; 45; 61; 13; 40; 5
32,39,0.33581,0.82051,51; 32; 39; 57; 11; 81; 41; 65; 82; 73
19,59,0.29967,0.32203,60; 19; 59; 31; 71; 63; 85; 28; 58; 65
27,85,0.26001,0.31765,51; 27; 85; 56; 69; 14; 45; 30; 69; 61
19,64,0.28719,0.29688,57; 19; 64; 61; 23; 75; 30; 45; 38; 18
14,50,0.27348,0.28,64; 14; 50; 72; 37; 12; 30; 8; 35; 66
11,33,0.29782,0.33333,17; 11; 33; 52; 85; 63; 51; 83; 49; 81
34,60,0.30463,0.56667,72; 34; 60; 65; 82; 21; 71; 49; 71; 82
44,77,0.24573,0.57143,13; 44; 77; 19; 17; 51; 40; 11; 18; 52
7,25,0.27015,0.28,85; 7; 25; 85; 83; 27; 70; 40; 67; 11
16,55,0.28016,0.29091,80; 16; 55; 12; 74; 47; 82; 53; 61; 13
26,53,0.32732,0.49057,18; 26; 53; 73; 27; 14; 25; 25; 20; 63
22,69,0.29449,0.31884,52; 22; 69; 33; 53; 7; 74; 63; 71; 9
20,62,0.29267,0.32258,7; 20; 62; 17; 38; 61; 24; 44; 42; 78
55,70,0.23247,0.78571,66; 55; 70; 24; 39; 31; 75; 39; 25; 77
12,24,0.32489,0.5,80; 12; 24; 51; 29; 40; 55; 76; 11; 37
14,43,0.30011,0.32558,26; 14; 43; 31; 18; 72; 49; 56; 35; 60
27,84,0.27036,0.32143,80; 27; 84; 32; 63; 28; 51; 49; 31; 49
35,72,0.2949,0.48611,81; 35; 72; 64; 82; 36; 72; 47; 32; 17
56,71,0.23645,0.78873,21; 56; 71; 66; 7; 68; 17; 36; 55; 58
44,79,0.23753,0.55696,27; 44; 79; 79; 33; 83; 44; 47; 62; 54
16,20,0.33613,0.8,58; 16; 20; 65; 64; 83; 28; 10; 13; 36
16,35,0.32479,0.45714,66; 16; 35; 16; 52; 42; 77; 5; 66; 57
11,37,0.28414,0.2973,41; 11; 37; 50; 41; 25; 8; 27; 76; 43
9,11,0.25971,0.81818,81; 9; 11; 69; 37; 70; 21; 85; 67; 38
64,74,0.21222,0.86486,34; 64; 74; 66; 30; 45; 35; 24; 65; 73
22,59,0.31896,0.37288,40; 22; 59; 60; 12; 49; 20; 20; 12; 47
55,69,0.24725,0.7971,63; 55; 69; 52; 27; 18; 24; 77; 7; 84
36,63,0.30375,0.57143,83; 36; 63; 64; 32; 58; 54; 68; 14; 60
25,68,0.30175,0.36765,45; 25; 68; 59; 47; 40; 7; 67; 51; 31
49,60,0.2702,0.81667,62; 49; 60; 31; 35; 72; 61; 15; 45; 61
32,56,0.31586,0.57143,6; 32; 56; 31; 72; 61; 23; 67; 76; 66
13,41,0.29523,0.31707,61; 13; 41; 29; 6; 10; 30; 72; 76; 77
52,62,0.242,0.83871,20; 52; 62; 38; 19; 57; 40; 80; 30; 27
42,53,0.29506,0.79245,50; 42; 53; 76; 85; 27; 79; 69; 83; 57
35,70,0.27389,0.5,28; 35; 70; 15; 78; 29; 29; 17; 74; 15
15,19,0.33448,0.78947,79; 15; 19; 21; 35; 60; 83; 74; 79; 16
63,79,0.20882,0.79747,50; 63; 79; 15; 47; 16; 12; 36; 58; 49
12,24,0.32711,0.5,5; 12; 24; 8; 13; 40; 63; 30; 76; 31
36,79,0.27472,0.4557,6; 36; 79; 13; 35; 77; 63; 46; 58; 9
9,38,0.23614,0.23684,40; 9; 38; 85; 51; 84; 55; 27; 35; 44
29,52,0.32578,0.55769,71; 29; 52; 67; 13; 5; 32; 56; 25; 47
11,46,0.23829,0.23913,83; 11; 46; 58; 47; 76; 30; 46; 11; 5
21,85,0.24721,0.24706,58; 21; 85; 28; 11; 35; 12; 70; 42; 84
21,65,0.29508,0.32308,60; 21; 65; 23; 77; 31; 79; 5; 42; 10
59,70,0.21942,0.84286,57; 59; 70; 66; 49; 61; 30; 39; 46; 70
18,32,0.34513,0.5625,64; 18; 32; 58; 21; 45; 26; 59; 60; 77
37,46,0.29837,0.80435,16; 37; 46; 29; 38; 50; 70; 19; 66; 52
18,55,0.30111,0.32727,35; 18; 55; 17; 23; 78; 9; 55; 18; 85
30,53,0.30657,0.56604,23; 30; 53; 74; 5; 51; 53; 33; 74; 57
33,68,0.29219,0.48529,32; 33; 68; 40; 84; 49; 73; 27; 26; 32
23,70,0.29425,0.32857,69; 23; 70; 82; 39; 18; 49; 82; 53; 19
16,63,0.25196,0.25397,77; 16; 63; 18; 29; 6; 32; 81; 24; 36
19,38,0.33657,0.5,24; 19; 38; 66; 24; 67; 56; 24; 23; 82
35,44,0.31617,0.79545,48; 35; 44; 7; 45; 28; 43; 53; 85; 51
5,17,0.25151,0.29412,25; 5; 17; 44; 23; 27; 53; 39; 72; 63
25,85,0.26446,0.29412,60; 25; 85; 25; 82; 73; 19; 35; 75; 75
28,80,0.26633,0.35,63; 28; 80; 40; 51; 48; 20; 66; 83; 25
22,63,0.3092,0.34921,62; 22; 63; 44; 10; 80; 46; 64; 48; 70
13,47,0.27276,0.2766,62; 13; 47; 40; 30; 47; 84; 60; 73; 35
32,56,0.31544,0.57143,54; 32; 56; 23; 22; 20; 64; 38; 69; 21
59,72,0.23024,0.81944,17; 59; 72; 26; 22; 26; 46; 57; 65; 5
13,23,0.33101,0.56522,35; 13; 23; 20; 8; 42; 22; 53; 49; 67
63,73,0.21601,0.86301,22; 63; 73; 34; 8; 52; 48; 44; 29; 24
21,46,0.33519,0.45652,9; 21; 46; 80; 37; 48; 14; 79; 52; 6
46,81,0.24675,0.5679,85; 46; 81; 75; 79; 77; 71; 77; 26; 29
20,41,0.33536,0.4878,23; 20; 41; 7; 34; 43; 38; 22; 25; 71
59,72,0.22652,0.81944,22; 59; 72; 83; 37; 27; 39; 21; 45; 21
24,81,0.27279,0.2963,70; 24; 81; 15; 64; 14; 73; 51; 40; 65
25,71,0.29024,0.35211,51; 25; 71; 50; 10; 66; 21; 66; 44; 62
30,53,0.32525,0.56604,12; 30; 53; 23; 15; 32; 10; 78; 66; 27
63,79,0.21566,0.79747,61; 63; 79; 62; 45; 9; 14; 24; 8; 54
5,21,0.22961,0.2381,46; 5; 21; 47; 17; 36; 20; 83; 28; 83
24,83,0.26433,0.28916,60; 24; 83; 25; 52; 31; 49; 36; 60; 29
23,62,0.31249,0.37097,30; 23; 62; 71; 7; 46; 41; 57; 54; 66
14,43,0.2961,0.32558,50; 14; 43; 80; 25; 20; 75; 27; 5; 13
9,32,0.26698,0.28125,52; 9; 32; 47; 73; 51; 19; 81; 17; 80
11,44,0.24876,0.25,55; 11; 44; 8; 27; 73; 76; 61; 19; 11
11,44,0.24621,0.25,52; 11; 44; 68; 81; 61; 24; 30; 41; 17
29,63,0.3031,0.46032,74; 29; 63; 15; 39; 33; 48; 39; 17; 52
18,76,0.23354,0.23684,34; 18; 76; 8; 25; 82; 71; 65; 70; 17
73,85,0.188,0.85882,31; 73; 85; 15; 31; 57; 17; 53; 10; 14
19,41,0.33331,0.46341,58; 19; 41; 31; 75; 8; 17; 42; 8; 81
28,35,0.34307,0.8,67; 28; 35; 81; 80; 80; 28; 11; 7; 14
23,47,0.33633,0.48936,69; 23; 47; 54; 16; 83; 24; 28; 57; 78
36,74,0.28002,0.48649,19; 36; 74; 82; 48; 17; 11; 54; 66; 12
18,61,0.28364,0.29508,76; 18; 61; 42; 54; 13; 11; 35; 21; 75
65,77,0.20569,0.84416,14; 65; 77; 72; 52; 43; 71; 23; 48; 28
16,57,0.27307,0.2807,16; 16; 57; 44; 30; 64; 81; 12; 20; 83
70,81,0.18935,0.8642,84; 70; 81; 50; 29; 17; 35; 45; 27; 75
6,13,0.24951,0.46154,67; 6; 13; 10; 64; 78; 49; 52; 9; 48
13,43,0.28665,0.30233,16; 13; 43; 29; 46; 53; 64; 10; 57; 13
14,46,0.29226,0.30435,71; 14; 46; 76; 13; 78; 72; 66; 39; 64
22,59,0.31669,0.37288,35; 22; 59; 36; 46; 29; 37; 34; 22; 66
28,49,0.32813,0.57143,14; 28; 49; 29; 82; 19; 83; 10; 83; 39
13,52,0.25052,0.25,57; 13; 52; 40; 17; 16; 74; 30; 66; 12
14,59,0.23399,0.23729,35; 14; 59; 59; 30; 8; 37; 7; 56; 27
12,43,0.27218,0.27907,26; 12; 43; 48; 80; 29; 24; 5; 72; 9
29,78,0.26911,0.37179,19; 29; 78; 66; 34; 58; 53; 21; 45; 22
10,33,0.28491,0.30303,44; 10; 33; 41; 28; 18; 26; 65; 14; 8
23,41,0.34262,0.56098,66; 23; 41; 66; 11; 84; 22; 25; 35; 58
19,55,0.30791,0.34545,56; 19; 55; 81; 60; 40; 83; 66; 24; 69
34,60,0.30708,0.56667,46; 34; 60; 63; 22; 43; 34; 73; 81; 84
29,79,0.27147,0.36709,10; 29; 79; 41; 56; 15; 35; 47; 75; 31
19,69,0.26794,0.27536,45; 19; 69; 83; 10; 37; 25; 39; 69; 10
44,51,0.27818,0.86275,31; 44; 51; 58; 68; 16; 79; 69; 19; 30
20,57,0.3083,0.35088,36; 20; 57; 55; 80; 6; 11; 9; 8; 18
14,28,0.33326,0.5,72; 14; 28; 44; 6; 12; 32; 13; 71; 15
27,83,0.26574,0.3253,81; 27; 83; 50; 23; 37; 58; 39; 8; 46
5,18,0.26384,0.27778,72; 5; 18; 27; 14; 64; 28; 25; 8; 25
12,37,0.29891,0.32432,38; 12; 37; 28; 35; 12; 27; 49; 58; 80
25,76,0.28767,0.32895,49; 25; 76; 49; 29; 41; 70; 31; 83; 15
19,66,0.27912,0.28788,49; 19; 66; 73; 76; 82; 58; 9; 64; 51
23,78,0.27397,0.29487,51; 23; 78; 58; 44; 40; 77; 40; 71; 71
43,50,0.30211,0.86,61; 43; 50; 34; 77; 30; 81; 68; 48; 40
24,52,0.32972,0.46154,82; 24; 52; 36; 52; 19; 57; 27; 35; 46
18,22,0.34609,0.81818,56; 18; 22; 69; 50; 84; 66; 27; 28; 15
18,62,0.27781,0.29032,28; 18; 62; 63; 71; 71; 10; 43; 11; 53
20,54,0.31875,0.37037,38; 20; 54; 7; 70; 84; 84; 45; 50; 72
10,36,0.2683,0.27778,70; 10; 36; 66; 70; 79; 51; 66; 5; 30
32,38,0.34167,0.84211,44; 32; 38; 8; 5; 78; 40; 39; 61; 80
10,42,0.23772,0.2381,36; 10; 42; 33; 77; 18; 29; 32; 8; 23
27,47,0.33139,0.57447,64; 27; 47; 69; 37; 25; 28; 73; 59; 54
15,51,0.28325,0.29412,76; 15; 51; 47; 67; 22; 78; 41; 60; 84
60,73,0.22363,0.82192,82; 60; 73; 32; 80; 33; 27; 65; 81; 40
13,51,0.25163,0.2549,50; 13; 51; 28; 84; 36; 36; 23; 34; 32
21,70,0.28597,0.3,57; 21; 70; 62; 59; 22; 56; 55; 22; 82
12,49,0.24102,0.2449,42; 12; 49; 61; 47; 85; 49; 38; 41; 70
19,51,0.3144,0.37255,76; 19; 51; 51; 50; 51; 8; 51; 84; 63
22,59,0.31594,0.37288,43; 22; 59; 61; 85; 83; 26; 74; 35; 55
10,40,0.24598,0.25,77; 10; 40; 40; 51; 65; 82; 27; 43; 79
66,77,0.20886,0.85714,9; 66; 77; 30; 63; 52; 80; 20; 73; 8
26,31,0.34783,0.83871,24; 26; 31; 75; 19; 74; 13; 37; 55; 59
19,58,0.30286,0.32759,40; 19; 58; 24; 75; 20; 7; 14; 5; 63
19,51,0.31702,0.37255,67; 19; 51; 17; 78; 50; 51; 29; 61; 77
16,64,0.25039,0.25,27; 16; 64; 31; 33; 41; 85; 27; 48; 46
22,73,0.28579,0.30137,68; 22; 73; 51; 82; 13; 6; 34; 18; 61
19,75,0.24833,0.25333,32; 19; 75; 30; 8; 83; 7; 17; 77; 41
9,37,0.23847,0.24324,18; 9; 37; 6; 29; 80; 10; 18; 14; 28
17,51,0.30711,0.33333,18; 17; 51; 77; 42; 65; 43; 61; 13; 11
40,82,0.25562,0.4878,52; 40; 82; 38; 27; 81; 43; 39; 80; 62
42,50,0.30211,0.84,79; 42; 50; 33; 40; 37; 69; 42; 72; 46
13,40,0.29925,0.325,11; 13; 40; 13; 54; 66; 13; 61; 42; 15
20,25,0.3416,0.8,62; 20; 25; 42; 77; 84; 49; 49; 7; 10
18,75,0.23681,0.24,19; 18; 75; 34; 50; 37; 81; 33; 10; 68
13,47,0.27101,0.2766,23; 13; 47; 33; 24; 5; 26; 70; 83; 81
20,71,0.27256,0.28169,18; 20; 71; 84; 19; 33; 84; 24; 14; 30
23,41,0.33876,0.56098,18; 23; 41; 78; 42; 10; 81; 51; 65; 52
53,66,0.25154,0.80303,43; 53; 66; 36; 34; 81; 11; 8; 38; 74
54,66,0.22742,0.81818,5; 54; 66; 65; 52; 22; 5; 50; 5; 54
24,72,0.28107,0.33333,82; 24; 72; 37; 59; 23; 25; 52; 59; 26
28,61,0.31375,0.45902,52; 28; 61; 52; 14; 60; 11; 17; 35; 76
19,24,0.33497,0.79167,84; 19; 24; 19; 15; 84; 53; 68; 67; 57
56,68,0.22336,0.82353,36; 56; 68; 5; 56; 60; 22; 17; 17; 44
18,76,0.23485,0.23684,66; 18; 76; 53; 58; 5; 76; 15; 10; 74
59,74,0.22745,0.7973,41; 59; 74; 51; 53; 16; 65; 40; 79; 66
64,76,0.20722,0.84211,42; 64; 76; 45; 49; 12; 52; 57; 5; 14
65,76,0.21407,0.85526,42; 65; 76; 14; 12; 85; 46; 27; 6; 53
19,57,0.30304,0.33333,36; 19; 57; 66; 37; 62; 56; 68; 22; 7
35,44,0.32681,0.79545,61; 35; 44; 40; 27; 9; 67; 65; 76; 56
31,63,0.31381,0.49206,34; 31; 63; 81; 85; 85; 33; 62; 76; 19
38,44,0.318,0.86364,12; 38; 44; 28; 76; 34; 23; 83; 80; 9
29,51,0.33186,0.56863,41; 29; 51; 50; 24; 70; 51; 60; 45; 67
36,63,0.30037,0.57143,6; 36; 63; 11; 76; 67; 83; 7; 20; 73
42,50,0.30044,0.84,16; 42; 50; 21; 83; 58; 12; 21; 34; 21
25,54,0.32672,0.46296,30; 25; 54; 82; 11; 42; 85; 52; 24; 63
31,38,0.33045,0.81579,60; 31; 38; 34; 58; 31; 65; 50; 72; 83
65,79,0.20815,0.82278,20; 65; 79; 18; 54; 39; 16; 76; 26; 8
19,76,0.25127,0.25,39; 19; 76; 80; 36; 25; 50; 58; 79; 16
6,13,0.26198,0.46154,59; 6; 13; 10; 47; 11; 20; 6; 84; 71
20,35,0.33573,0.57143,62; 20; 35; 73; 80; 75; 50; 38; 80; 9
22,74,0.28442,0.2973,57; 22; 74; 12; 80; 65; 16; 81; 78; 48
8,27,0.27604,0.2963,73; 8; 27; 68; 32; 26; 49; 34; 15; 80
16,58,0.2706,0.27586,68; 16; 58; 30; 83; 63; 25; 82; 14; 39
13,41,0.29544,0.31707,35; 13; 41; 24; 83; 24; 70; 68; 61; 43
5,21,0.24225,0.2381,13; 5; 21; 67; 60; 54; 34; 81; 77; 60
34,43,0.32466,0.7907,68; 34; 43; 80; 56; 60; 73; 14; 48; 6
15,63,0.238,0.2381,37; 15; 63; 39; 54; 12; 74; 40; 42; 50
37,65,0.2926,0.56923,62; 37; 65; 17; 67; 83; 16; 12; 82; 63
64,74,0.21542,0.86486,81; 64; 74; 29; 66; 31; 12; 9; 17; 12
37,44,0.30178,0.84091,77; 37; 44; 51; 84; 27; 22; 83; 38; 25
56,68,0.22976,0.82353,58; 56; 68; 28; 77; 46; 24; 72; 5; 20
17,52,0.29917,0.32692,38; 17; 52; 29; 83; 27; 11; 6; 21; 18
12,24,0.32336,0.5,77; 12; 24; 68; 56; 69; 26; 19; 28; 57
37,65,0.28684,0.56923,73; 37; 65; 43; 50; 70; 73; 36; 81; 28
29,82,0.26116,0.35366,49; 29; 82; 29; 12; 25; 8; 71; 69; 29
37,80,0.25172,0.4625,16; 37; 80; 33; 20; 79; 64; 36; 64; 27
14,57,0.24331,0.24561,74; 14; 57; 51; 23; 85; 49; 29; 13; 26
11,22,0.32005,0.5,34; 11; 22; 54; 34; 6; 74; 49; 57; 83
33,71,0.27714,0.46479,76; 33; 71; 85; 76; 70; 54; 39; 66; 63
41,84,0.23573,0.4881,14; 41; 84; 72; 14; 12; 85; 84; 10; 51
25,54,0.32675,0.46296,37; 25; 54; 81; 64; 28; 56; 58; 34; 63
38,48,0.31223,0.79167,47; 38; 48; 46; 6; 79; 54; 82; 57; 83
21,57,0.31174,0.36842,60; 21; 57; 61; 55; 63; 7; 51; 67; 43
56,70,0.23724,0.8,36; 56; 70; 43; 72; 22; 20; 39; 82; 30
41,84,0.22295,0.4881,68; 41; 84; 10; 61; 79; 35; 25; 81; 59
19,51,0.31857,0.37255,81; 19; 51; 37; 41; 35; 19; 17; 13; 65
59,69,0.23343,0.85507,47; 59; 69; 51; 41; 29; 41; 44; 51; 14
32,38,0.33867,0.84211,67; 32; 38; 56; 59; 54; 76; 15; 47; 41
14,49,0.27587,0.28571,5; 14; 49; 67; 76; 52; 53; 73; 85; 34
23,83,0.26706,0.27711,34; 23; 83; 5; 14; 68; 61; 31; 84; 54
11,22,0.3265,0.5,16; 11; 22; 5; 80; 5; 66; 16; 12; 41
25,68,0.30153,0.36765,28; 25; 68; 15; 17; 32; 56; 49; 50; 14
12,34,0.30565,0.35294,54; 12; 34; 85; 11; 55; 19; 81; 57; 58
24,83,0.26158,0.28916,85; 24; 83; 5; 59; 9; 43; 81; 68; 20
19,69,0.26787,0.27536,38; 19; 69; 56; 14; 20; 40; 84; 11; 49
41,73,0.26839,0.56164,42; 41; 73; 82; 13; 74; 37; 26; 49; 52
16,58,0.27446,0.27586,16; 16; 58; 27; 30; 12; 24; 26; 10; 51
59,74,0.22634,0.7973,61; 59; 74; 62; 85; 37; 62; 23; 30; 57
18,75,0.23896,0.24,63; 18; 75; 56; 79; 8; 48; 68; 29; 45
35,62,0.29472,0.56452,15; 35; 62; 23; 8; 61; 8; 44; 63; 7
24,74,0.28741,0.32432,59; 24; 74; 73; 85; 8; 29; 39; 68; 29
46,55,0.28565,0.83636,38; 46; 55; 41; 40; 34; 49; 30; 61; 81
32,70,0.28535,0.45714,73; 32; 70; 42; 58; 13; 22; 25; 58; 18
44,78,0.24423,0.5641,52; 44; 78; 34; 12; 23; 28; 53; 11; 77
23,79,0.26985,0.29114,30; 23; 79; 70; 41; 71; 52; 21; 32; 5
10,33,0.28755,0.30303,71; 10; 33; 37; 45; 77; 64; 42; 63; 54
19,76,0.24664,0.25,17; 19; 76; 22; 67; 65; 10; 44; 27; 69
17,67,0.25421,0.25373,21; 17; 67; 75; 31; 69; 64; 17; 75; 8
22,28,0.34636,0.78571,17; 22; 28; 79; 44; 52; 14; 26; 11; 6
35,70,0.28425,0.5,10; 35; 70; 5; 57; 59; 57; 68; 5; 59
60,70,0.23043,0.85714,12; 60; 70; 82; 32; 18; 37; 46; 66; 17
57,72,0.21438,0.79167,66; 57; 72; 46; 53; 54; 71; 40; 82; 29
15,51,0.28217,0.29412,50; 15; 51; 22; 51; 64; 32; 51; 40; 27
51,61,0.26747,0.83607,59; 51; 61; 49; 69; 50; 85; 14; 10; 45
42,75,0.25867,0.56,53; 42; 75; 64; 33; 77; 83; 28; 73; 34
23,29,0.34389,0.7931,51; 23; 29; 79; 59; 46; 81; 63; 41; 62
9,27,0.29387,0.33333,47; 9; 27; 77; 21; 48; 33; 59; 31; 79
16,57,0.27803,0.2807,51; 16; 57; 10; 65; 23; 22; 61; 67; 37
38,76,0.27379,0.5,47; 38; 76; 39; 36; 61; 76; 28; 31; 71
11,22,0.32652,0.5,56; 11; 22; 78; 74; 79; 50; 42; 85; 48
13,40,0.29837,0.325,72; 13; 40; 25; 21; 17; 16; 19; 76; 55
25,76,0.28799,0.32895,80; 25; 76; 13; 54; 56; 76; 67; 50; 11
21,69,0.28733,0.30435,11; 21; 69; 76; 75; 45; 18; 12; 31; 14
12,36,0.29843,0.33333,50; 12; 36; 74; 66; 19; 38; 23; 43; 42
19,78,0.24495,0.24359,85; 19; 78; 21; 76; 18; 50; 12; 52; 41
35,76,0.25217,0.46053,84; 35; 76; 51; 18; 22; 10; 76; 5; 53
16,46,0.31065,0.34783,34; 16; 46; 39; 40; 12; 75; 41; 20; 50
26,53,0.32921,0.49057,39; 26; 53; 12; 31; 38; 15; 79; 51; 84
12,34,0.30366,0.35294,79; 12; 34; 71; 81; 83; 21; 21; 50; 60
19,79,0.24137,0.24051,81; 19; 79; 6; 26; 23; 85; 13; 28; 27
9,30,0.28626,0.3,7; 9; 30; 7; 12; 67; 27; 62; 38; 24
61,73,0.2136,0.83562,73; 61; 73; 31; 56; 32; 64; 58; 66; 53
8,14,0.27616,0.57143,68; 8; 14; 7; 55; 58; 51; 61; 36; 85
39,84,0.26166,0.46429,13; 39; 84; 69; 77; 36; 45; 55; 71; 55
8,23,0.29346,0.34783,58; 8; 23; 30; 85; 59; 16; 61; 34; 32
23,71,0.2939,0.32394,34; 23; 71; 33; 60; 30; 35; 36; 31; 35
14,59,0.23407,0.23729,23; 14; 59; 74; 59; 51; 70; 41; 71; 69
14,56,0.24536,0.25,35; 14; 56; 45; 65; 32; 50; 19; 7; 20
22,39,0.34276,0.5641,71; 22; 39; 15; 38; 22; 10; 12; 14; 26
22,74,0.28347,0.2973,59; 22; 74; 8; 69; 84; 56; 56; 72; 80
46,56,0.28067,0.82143,46; 46; 56; 75; 14; 11; 59; 25; 57; 10
68,83,0.18884,0.81928,44; 68; 83; 23; 19; 83; 20; 68; 38; 27
66,82,0.18986,0.80488,73; 66; 82; 22; 15; 18; 82; 20; 38; 49
9,27,0.29429,0.33333,17; 9; 27; 72; 37; 32; 26; 33; 37; 47
28,49,0.32679,0.57143,69; 28; 49; 70; 66; 29; 84; 56; 79; 16
12,37,0.29571,0.32432,49; 12; 37; 79; 35; 6; 38; 35; 18; 60
29,78,0.27731,0.37179,36; 29; 78; 11; 35; 36; 45; 56; 21; 42
16,54,0.28957,0.2963,39; 16; 54; 17; 14; 38; 51; 26; 8; 9
11,34,0.29523,0.32353,35; 11; 34; 7; 35; 19; 17; 46; 19; 21
48,85,0.22058,0.56471,34; 48; 85; 52; 5; 10; 19; 7; 78; 75
45,81,0.22872,0.55556,43; 45; 81; 83; 49; 8; 25; 20; 51; 8
30,35,0.34027,0.85714,58; 30; 35; 21; 9; 30; 83; 26; 55; 18
8,28,0.27747,0.28571,43; 8; 28; 80; 24; 63; 85; 66; 48; 66
15,41,0.31713,0.36585,77; 15; 41; 71; 72; 5; 81; 80; 63; 84
15,41,0.31964,0.36585,77; 15; 41; 13; 63; 15; 22; 77; 9; 25
25,68,0.29666,0.36765,72; 25; 68; 10; 34; 32; 14; 40; 61; 5
31,67,0.27953,0.46269,47; 31; 67; 43; 79; 10; 46; 31; 61; 46
36,78,0.27837,0.46154,7; 36; 78; 35; 80; 5; 82; 46; 29; 6
19,60,0.29566,0.31667,41; 19; 60; 46; 23; 54; 21; 5; 17; 56
53,63,0.24453,0.84127,40; 53; 63; 85; 64; 20; 34; 15; 18; 27
22,67,0.30136,0.32836,78; 22; 67; 47; 59; 9; 17; 20; 10; 25
18,64,0.27414,0.28125,42; 18; 64; 81; 80; 60; 27; 14; 41; 19
43,76,0.23338,0.56579,75; 43; 76; 34; 35; 59; 36; 73; 47; 66
14,50,0.27484,0.28,23; 14; 50; 25; 68; 19; 72; 33; 47; 74
29,58,0.31722,0.5,14; 29; 58; 36; 63; 42; 68; 84; 13; 79
28,76,0.28835,0.36842,38; 28; 76; 38; 27; 27; 82; 59; 6; 61
38,76,0.2349,0.5,10; 38; 76; 34; 64; 45; 60; 62; 74; 62
29,84,0.25772,0.34524,39; 29; 84; 40; 33; 6; 73; 21; 20; 67
15,60,0.24798,0.25,54; 15; 60; 47; 80; 57; 52; 61; 5; 51
5,18,0.25704,0.27778,41; 5; 18; 8; 27; 58; 30; 26; 81; 32
35,76,0.24839,0.46053,19; 35; 76; 51; 48; 13; 51; 39; 65; 62
18,61,0.28195,0.29508,81; 18; 61; 48; 38; 19; 46; 27; 8; 19
13,47,0.2705,0.2766,84; 13; 47; 29; 84; 9; 30; 77; 59; 34
51,64,0.19115,0.79688,64; 51; 64; 57; 83; 20; 77; 55; 75; 77
16,54,0.28204,0.2963,55; 16; 54; 81; 58; 49; 72; 68; 9; 78
30,61,0.31446,0.4918,28; 30; 61; 66; 36; 69; 85; 17; 71; 10
30,61,0.29726,0.4918,61; 30; 61; 49; 73; 47; 7; 78; 9; 35
23,82,0.26943,0.28049,41; 23; 82; 70; 29; 83; 77; 22; 81; 22
26,53,0.31654,0.49057,9; 26; 53; 16; 76; 19; 12; 31; 37; 35
59,72,0.20175,0.81944,55; 59; 72; 18; 58; 44; 75; 79; 78; 6
42,84,0.23707,0.5,57; 42; 84; 42; 68; 30; 13; 56; 8; 53
16,43,0.31686,0.37209,11; 16; 43; 10; 45; 74; 35; 66; 55; 49
17,61,0.27234,0.27869,66; 17; 61; 11; 11; 36; 41; 41; 31; 18
24,80,0.27266,0.3,28; 24; 80; 62; 12; 32; 9; 63; 65; 63
71,83,0.19073,0.85542,34; 71; 83; 5; 17; 51; 70; 72; 51; 68
10,41,0.24685,0.2439,71; 10; 41; 8; 64; 69; 45; 82; 35; 15
60,73,0.22372,0.82192,7; 60; 73; 67; 64; 60; 69; 20; 48; 13
15,19,0.34048,0.78947,57; 15; 19; 84; 79; 70; 25; 5; 12; 66
69,84,0.19586,0.82143,16; 69; 84; 31; 19; 8; 68; 12; 82; 30
19,24,0.3442,0.79167,14; 19; 24; 56; 36; 25; 15; 55; 83; 39
6,20,0.26748,0.3,59; 6; 20; 11; 23; 13; 84; 40; 18; 47
15,51,0.28436,0.29412,42; 15; 51; 51; 51; 24; 47; 34; 15; 73
8,10,0.24445,0.8,82; 8; 10; 29; 33; 39; 6; 25; 60; 50
16,20,0.33587,0.8,60; 16; 20; 57; 56; 49; 73; 71; 85; 15
11,30,0.3046,0.36667,44; 11; 30; 8; 73; 36; 5; 44; 41; 85
11,31,0.30313,0.35484,68; 11; 31; 70; 26; 47; 59; 73; 28; 13
10,34,0.27604,0.29412,82; 10; 34; 67; 50; 48; 48; 65; 33; 64
20,66,0.29061,0.30303,11; 20; 66; 58; 10; 62; 85; 77; 67; 68
29,82,0.26226,0.35366,66; 29; 82; 56; 34; 32; 7; 5; 49; 41
19,64,0.28469,0.29688,29; 19; 64; 51; 72; 49; 75; 77; 27; 83
27,84,0.26761,0.32143,63; 27; 84; 46; 53; 10; 68; 45; 77; 44
20,63,0.29885,0.31746,20; 20; 63; 11; 17; 58; 81; 61; 60; 49
15,63,0.23731,0.2381,12; 15; 63; 35; 31; 42; 55; 14; 46; 13
21,65,0.29866,0.32308,29; 21; 65; 71; 37; 28; 57; 83; 73; 5
15,30,0.33103,0.5,46; 15; 30; 39; 40; 21; 58; 47; 81; 40
24,30,0.34009,0.8,17; 24; 30; 64; 72; 37; 42; 32; 10; 28
16,48,0.30136,0.33333,24; 16; 48; 63; 65; 57; 58; 48; 8; 6
16,65,0.2456,0.24615,20; 16; 65; 32; 46; 33; 57; 50; 69; 10
37,66,0.28766,0.56061,60; 37; 66; 37; 75; 16; 6; 54; 31; 80
55,70,0.23835,0.78571,77; 55; 70; 82; 14; 32; 47; 27; 19; 48
12,42,0.27469,0.28571,55; 12; 42; 47; 67; 84; 80; 80; 46; 23
28,75,0.28883,0.37333,21; 28; 75; 25; 26; 68; 7; 19; 58; 58
25,77,0.28313,0.32468,28; 25; 77; 85; 74; 17; 21; 43; 58; 35
36,64,0.29139,0.5625,35; 36; 64; 24; 26; 44; 28; 18; 66; 27
33,66,0.30612,0.5,23; 33; 66; 53; 75; 38; 72; 9; 57; 16
20,41,0.33604,0.4878,31; 20; 41; 5; 79; 21; 15; 22; 63; 37
9,26,0.29911,0.34615,70; 9; 26; 7; 63; 67; 23; 38; 20; 42
30,65,0.30811,0.46154,19; 30; 65; 9; 20; 17; 39; 33; 52; 38
25,67,0.29083,0.37313,50; 25; 67; 14; 13; 12; 78; 25; 57; 33
20,85,0.23735,0.23529,24; 20; 85; 63; 27; 15; 70; 10; 50; 47
62,78,0.19153,0.79487,22; 62; 78; 19; 71; 30; 73; 17; 53; 46
40,81,0.22552,0.49383,36; 40; 81; 67; 47; 66; 78; 52; 12; 84
24,65,0.30776,0.36923,41; 24; 65; 51; 56; 5; 13; 75; 39; 47
42,84,0.24581,0.5,43; 42; 84; 72; 18; 47; 78; 40; 63; 41
26,70,0.29396,0.37143,41; 26; 70; 75; 20; 55; 13; 84; 72; 8
66,84,0.19989,0.78571,58; 66; 84; 59; 6; 20; 73; 45; 83; 51
19,54,0.30831,0.35185,52; 19; 54; 58; 7; 9; 20; 15; 38; 62
6,25,0.2343,0.24,52; 6; 25; 40; 28; 84; 10; 72; 53; 36
54,64,0.23932,0.84375,42; 54; 64; 42; 23; 30; 84; 58; 14; 29
46,82,0.25252,0.56098,24; 46; 82; 24; 38; 18; 75; 69; 35; 85
14,56,0.24509,0.25,83; 14; 56; 73; 74; 42; 67; 23; 18; 15
21,25,0.3514,0.84,24; 21; 25; 37; 11; 66; 77; 68; 51; 31
26,53,0.31577,0.49057,19; 26; 53; 47; 51; 25; 42; 30; 17; 85
43,51,0.29459,0.84314,32; 43; 51; 24; 18; 31; 39; 80; 47; 10
39,68,0.2882,0.57353,76; 39; 68; 38; 80; 15; 55; 60; 85; 83
47,84,0.20402,0.55952,20; 47; 84; 11; 40; 38; 52; 60; 12; 29
22,80,0.26749,0.275,29; 22; 80; 23; 11; 50; 20; 9; 9; 41
24,43,0.34001,0.55814,36; 24; 43; 42; 60; 32; 26; 60; 60; 8
48,60,0.26732,0.8,40; 48; 60; 20; 44; 17; 31; 60; 17; 71
12,43,0.27109,0.27907,12; 12; 43; 48; 57; 43; 47; 80; 22; 36
34,74,0.28662,0.45946,5; 34; 74; 20; 8; 30; 64; 44; 31; 74
23,46,0.33905,0.5,78; 23; 46; 34; 62; 81; 61; 30; 84; 8
65,81,0.20243,0.80247,77; 65; 81; 26; 13; 59; 61; 65; 6; 60
67,78,0.20589,0.85897,27; 67; 78; 74; 17; 12; 81; 48; 6; 74
23,77,0.27581,0.2987,19; 23; 77; 5; 13; 84; 56; 28; 74; 8
32,39,0.3306,0.82051,39; 32; 39; 36; 71; 6; 37; 59; 18; 26
23,28,0.34782,0.82143,28; 23; 28; 65; 55; 56; 7; 37; 69; 15
26,81,0.27656,0.32099,73; 26; 81; 55; 28; 22; 39; 71; 24; 62
31,62,0.31598,0.5,8; 31; 62; 75; 8; 16; 60; 75; 43; 72
39,69,0.2747,0.56522,56; 39; 69; 52; 38; 15; 48; 65; 72; 54
27,73,0.2925,0.36986,10; 27; 73; 61; 18; 30; 83; 20; 84; 43
34,74,0.2747,0.45946,63; 34; 74; 34; 6; 14; 78; 75; 28; 14
20,36,0.33919,0.55556,67; 20; 36; 55; 41; 34; 17; 39; 72; 79
25,50,0.32953,0.5,46; 25; 50; 49; 24; 83; 56; 49; 37; 77
25,84,0.27037,0.29762,21; 25; 84; 43; 39; 44; 46; 40; 70; 85
41,52,0.29799,0.78846,33; 41; 52; 83; 29; 28; 47; 67; 68; 22
15,59,0.25554,0.25424,18; 15; 59; 78; 81; 81; 84; 37; 65; 14
71,85,0.19246,0.83529,81; 71; 85; 36; 61; 57; 60; 7; 39; 75
28,56,0.31767,0.5,57; 28; 56; 14; 8; 70; 61; 45; 82; 24
27,73,0.28112,0.36986,56; 27; 73; 63; 50; 36; 62; 8; 81; 6
8,32,0.23961,0.25,71; 8; 32; 53; 68; 14; 69; 26; 6; 22
21,46,0.33473,0.45652,21; 21; 46; 22; 40; 48; 37; 85; 43; 63
41,50,0.30131,0.82,72; 41; 50; 66; 60; 34; 49; 75; 29; 18
18,76,0.23497,0.23684,21; 18; 76; 27; 38; 54; 57; 10; 45; 53
37,75,0.26115,0.49333,63; 37; 75; 81; 70; 59; 7; 62; 18; 79
23,28,0.34984,0.82143,63; 23; 28; 27; 60; 32; 47; 76; 47; 75
24,80,0.27317,0.3,75; 24; 80; 8; 46; 80; 25; 59; 79; 13
22,60,0.31662,0.36667,50; 22; 60; 30; 77; 35; 31; 11; 73; 32
13,43,0.28909,0.30233,84; 13; 43; 69; 32; 69; 64; 25; 67; 75
16,57,0.26989,0.2807,46; 16; 57; 19; 38; 39; 41; 72; 17; 40
39,49,0.31456,0.79592,68; 39; 49; 66; 54; 13; 12; 74; 62; 51
24,80,0.27127,0.3,53; 24; 80; 55; 68; 9; 62; 62; 27; 51
67,84,0.19923,0.79762,37; 67; 84; 68; 11; 61; 38; 9; 75; 8
38,67,0.28279,0.56716,47; 38; 67; 9; 80; 42; 84; 39; 73; 47
25,72,0.29617,0.34722,14; 25; 72; 61; 50; 48; 38; 51; 14; 61
16,35,0.33103,0.45714,65; 16; 35; 82; 20; 71; 74; 42; 83; 9
21,84,0.24638,0.25,6; 21; 84; 15; 20; 71; 54; 42; 58; 78
18,37,0.33645,0.48649,65; 18; 37; 85; 33; 53; 15; 23; 31; 14
13,26,0.32734,0.5,10; 13; 26; 62; 59; 8; 11; 85; 50; 37
53,63,0.25143,0.84127,75; 53; 63; 5; 78; 20; 44; 81; 27; 31
14,25,0.33506,0.56,61; 14; 25; 28; 79; 6; 59; 53; 44; 65
14,48,0.28126,0.29167,65; 14; 48; 26; 83; 23; 30; 64; 62; 11
60,75,0.21565,0.8,46; 60; 75; 34; 9; 49; 83; 53; 24; 37
29,58,0.31871,0.5,85; 29; 58; 68; 79; 58; 75; 22; 13; 6
22,62,0.31211,0.35484,81; 22; 62; 73; 35; 75; 30; 48; 55; 40
19,51,0.31798,0.37255,58; 19; 51; 55; 54; 72; 14; 79; 83; 16
9,11,0.26869,0.81818,84; 9; 11; 21; 33; 72; 81; 83; 58; 50
12,41,0.28249,0.29268,47; 12; 41; 72; 42; 9; 57; 19; 76; 54
26,53,0.32884,0.49057,30; 26; 53; 33; 11; 56; 84; 76; 81; 82
7,22,0.2828,0.31818,37; 7; 22; 12; 51; 67; 29; 67; 55; 58
42,49,0.30635,0.85714,56; 42; 49; 58; 8; 58; 63; 21; 81; 23
13,44,0.28368,0.29545,56; 13; 44; 73; 66; 47; 16; 25; 79; 44
21,74,0.27535,0.28378,43; 21; 74; 62; 51; 70; 62; 77; 55; 59
16,20,0.33991,0.8,64; 16; 20; 35; 20; 41; 60; 69; 9; 38
35,76,0.26233,0.46053,42; 35; 76; 84; 53; 21; 67; 68; 21; 52
6,24,0.24225,0.25,61; 6; 24; 85; 59; 8; 82; 33; 20; 70
13,41,0.29568,0.31707,51; 13; 41; 30; 44; 65; 50; 49; 40; 67
17,53,0.29802,0.32075,45; 17; 53; 15; 56; 54; 42; 10; 45; 84
23,70,0.29756,0.32857,32; 23; 70; 22; 13; 38; 41; 34; 8; 44
31,83,0.27532,0.37349,73; 31; 83; 62; 41; 44; 59; 37; 21; 24
18,22,0.34255,0.81818,44; 18; 22; 24; 11; 74; 58; 70; 64; 34
25,45,0.34201,0.55556,24; 25; 45; 18; 30; 81; 37; 53; 77; 57
64,78,0.20533,0.82051,21; 64; 78; 56; 40; 59; 15; 60; 17; 19
39,69,0.27256,0.56522,32; 39; 69; 70; 40; 23; 34; 66; 78; 16
16,56,0.27665,0.28571,10; 16; 56; 40; 8; 82; 10; 73; 45; 44
39,79,0.25577,0.49367,85; 39; 79; 65; 67; 33; 77; 9; 24; 69
39,80,0.26055,0.4875,16; 39; 80; 35; 32; 25; 76; 57; 51; 81
31,63,0.31727,0.49206,62; 31; 63; 27; 8; 10; 28; 45; 16; 38
22,48,0.33496,0.45833,63; 22; 48; 12; 22; 8; 70; 82; 77; 29
36,79,0.2638,0.4557,66; 36; 79; 12; 52; 37; 25; 16; 17; 33
12,40,0.28233,0.3,7; 12; 40; 32; 44; 27; 42; 62; 61; 5
27,82,0.2792,0.32927,27; 27; 82; 29; 69; 83; 8; 6; 5; 40
37,47,0.31772,0.78723,19; 37; 47; 5; 28; 46; 75; 75; 44; 10
17,70,0.23985,0.24286,23; 17; 70; 73; 11; 80; 66; 76; 64; 80
12,14,0.30771,0.85714,17; 12; 14; 27; 60; 68; 76; 52; 82; 22
22,67,0.29912,0.32836,58; 22; 67; 11; 14; 71; 80; 25; 13; 54
19,38,0.33815,0.5,66; 19; 38; 6; 54; 85; 61; 48; 28; 73
6,12,0.23872,0.5,73; 6; 12; 38; 79; 53; 36; 65; 36; 16
71,85,0.19288,0.83529,18; 71; 85; 43; 21; 74; 43; 72; 29; 54
27,82,0.27817,0.32927,68; 27; 82; 78; 77; 59; 48; 59; 28; 61
14,40,0.30767,0.35,59; 14; 40; 5; 31; 29; 38; 44; 25; 63
26,57,0.31806,0.45614,11; 26; 57; 44; 70; 85; 74; 17; 57; 16
23,83,0.25941,0.27711,66; 23; 83; 64; 9; 73; 10; 40; 11; 39
47,57,0.27505,0.82456,71; 47; 57; 68; 27; 5; 41; 48; 33; 63
20,62,0.30181,0.32258,60; 20; 62; 74; 67; 17; 65; 69; 42; 23
40,49,0.30631,0.81633,25; 40; 49; 14; 33; 29; 84; 70; 72; 52
38,45,0.32261,0.84444,79; 38; 45; 66; 44; 72; 27; 21; 40; 61
20,63,0.29773,0.31746,39; 20; 63; 55; 72; 65; 49; 47; 10; 66
23,77,0.27958,0.2987,11; 23; 77; 23; 74; 76; 68; 61; 41; 82
41,73,0.25615,0.56164,14; 41; 73; 16; 64; 54; 11; 16; 53; 22
28,49,0.33406,0.57143,32; 28; 49; 47; 22; 50; 37; 19; 83; 25
16,63,0.25284,0.25397,21; 16; 63; 32; 6; 50; 60; 69; 73; 17
24,74,0.28353,0.32432,58; 24; 74; 58; 40; 39; 82; 82; 31; 40
21,37,0.34269,0.56757,23; 21; 37; 56; 85; 45; 41; 14; 81; 60
30,38,0.33124,0.78947,84; 30; 38; 72; 46; 78; 55; 51; 35; 26
37,46,0.31669,0.80435,61; 37; 46; 69; 68; 76; 15; 31; 84; 54
23,82,0.26862,0.28049,63; 23; 82; 56; 8; 84; 22; 11; 79; 27
19,79,0.24201,0.24051,28; 19; 79; 64; 6; 57; 44; 70; 54; 50
16,43,0.31602,0.37209,61; 16; 43; 7; 31; 18; 66; 55; 33; 30
24,82,0.26655,0.29268,63; 24; 82; 39; 81; 54; 45; 67; 21; 5
14,49,0.28015,0.28571,70; 14; 49; 17; 56; 54; 82; 66; 55; 16
19,79,0.23902,0.24051,48; 19; 79; 32; 55; 25; 27; 78; 27; 60
14,46,0.29323,0.30435,11; 14; 46; 85; 21; 7; 17; 25; 18; 80
43,76,0.25354,0.56579,64; 43; 76; 9; 24; 85; 71; 71; 53; 64
42,51,0.28425,0.82353,82; 42; 51; 19; 19; 31; 85; 10; 74; 14
11,38,0.27727,0.28947,13; 11; 38; 8; 77; 82; 72; 75; 6; 41
30,54,0.32403,0.55556,63; 30; 54; 44; 84; 42; 85; 14; 10; 74
20,85,0.24078,0.23529,69; 20; 85; 22; 16; 26; 78; 21; 25; 61
10,27,0.30626,0.37037,36; 10; 27; 38; 84; 66; 61; 14; 51; 23
18,56,0.29627,0.32143,82; 18; 56; 36; 47; 45; 23; 35; 44; 52
26,70,0.30152,0.37143,73; 26; 70; 45; 23; 40; 16; 66; 72; 79
11,45,0.24413,0.24444,23; 11; 45; 5; 62; 85; 45; 71; 18; 80
10,42,0.23569,0.2381,67; 10; 42; 14; 6; 38; 66; 22; 20; 50
11,31,0.30172,0.35484,69; 11; 31; 84; 80; 40; 66; 51; 42; 73
42,74,0.25124,0.56757,84; 42; 74; 12; 23; 5; 68; 7; 19; 58
72,84,0.18954,0.85714,74; 72; 84; 38; 22; 29; 27; 62; 79; 44
6,21,0.27754,0.28571,71; 6; 21; 17; 11; 56; 81; 14; 83; 7
26,81,0.26689,0.32099,58; 26; 81; 58; 75; 5; 60; 71; 64; 33
22,74,0.28506,0.2973,79; 22; 74; 60; 53; 13; 20; 55; 71; 43
33,71,0.27878,0.46479,19; 33; 71; 77; 32; 55; 30; 24; 56; 16
21,64,0.30247,0.32812,65; 21; 64; 39; 55; 72; 12; 84; 37; 18
65,77,0.20564,0.84416,76; 65; 77; 22; 79; 77; 5; 72; 11; 65
29,82,0.27054,0.35366,11; 29; 82; 84; 76; 79; 46; 58; 82; 78
7,19,0.29654,0.36842,44; 7; 19; 55; 12; 38; 64; 74; 60; 81
14,44,0.29517,0.31818,36; 14; 44; 63; 21; 79; 52; 76; 36; 16
24,48,0.33398,0.5,70; 24; 48; 28; 28; 38; 69; 63; 28; 85
21,60,0.31318,0.35,66; 21; 60; 59; 55; 44; 20; 54; 13; 72
22,44,0.33365,0.5,71; 22; 44; 37; 50; 73; 6; 33; 55; 18
49,57,0.26553,0.85965,68; 49; 57; 56; 51; 28; 44; 12; 61; 6
21,37,0.34538,0.56757,27; 21; 37; 8; 19; 26; 28; 82; 54; 77
36,43,0.32227,0.83721,46; 36; 43; 20; 73; 71; 68; 81; 44; 72
11,22,0.32521,0.5,27; 11; 22; 71; 46; 59; 19; 12; 19; 39
22,80,0.26593,0.275,56; 22; 80; 15; 44; 67; 11; 67; 67; 24
23,70,0.29379,0.32857,85; 23; 70; 82; 65; 64; 49; 44; 29; 27
15,54,0.27676,0.27778,70; 15; 54; 76; 37; 18; 41; 33; 57; 45
10,27,0.30934,0.37037,13; 10; 27; 39; 22; 8; 78; 35; 27; 41
50,61,0.24463,0.81967,15; 50; 61; 64; 49; 64; 42; 35; 5; 43
17,48,0.30776,0.35417,51; 17; 48; 63; 73; 63; 33; 50; 47; 80
51,61,0.26255,0.83607,75; 51; 61; 57; 60; 33; 54; 58; 53; 48
27,55,0.31975,0.49091,35; 27; 55; 59; 46; 70; 33; 78; 67; 52
36,63,0.28496,0.57143,54; 36; 63; 66; 58; 26; 61; 77; 29; 55
22,44,0.33653,0.5,83; 22; 44; 17; 49; 37; 59; 78; 43; 12
12,34,0.30201,0.35294,13; 12; 34; 61; 48; 44; 37; 53; 44; 52
41,83,0.23503,0.49398,58; 41; 83; 44; 32; 13; 16; 42; 61; 47
47,57,0.28761,0.82456,15; 47; 57; 44; 66; 29; 29; 29; 7; 35
37,45,0.29878,0.82222,31; 37; 45; 74; 72; 33; 7; 64; 14; 9
8,28,0.26704,0.28571,38; 8; 28; 45; 26; 15; 67; 27; 51; 35
19,54,0.30876,0.35185,67; 19; 54; 39; 69; 22; 12; 74; 42; 12
17,58,0.28324,0.2931,79; 17; 58; 72; 14; 52; 13; 72; 83; 53
12,50,0.23976,0.24,36; 12; 50; 43; 15; 64; 51; 74; 15; 76
10,40,0.2463,0.25,26; 10; 40; 83; 19; 57; 44; 59; 17; 84
33,68,0.29524,0.48529,72; 33; 68; 36; 52; 83; 39; 79; 61; 8
54,68,0.2394,0.79412,58; 54; 68; 19; 77; 12; 61; 37; 74; 24
39,79,0.26869,0.49367,69; 39; 79; 38; 77; 42; 80; 21; 15; 75
55,70,0.23427,0.78571,8; 55; 70; 42; 62; 77; 28; 11; 53; 45
37,44,0.31748,0.84091,9; 37; 44; 13; 83; 11; 9; 48; 47; 51
25,85,0.23773,0.29412,29; 25; 85; 17; 64; 34; 50; 43; 15; 18
68,79,0.2038,0.86076,51; 68; 79; 17; 26; 42; 63; 59; 57; 31
38,67,0.28817,0.56716,68; 38; 67; 24; 39; 41; 50; 84; 65; 74
22,69,0.29337,0.31884,79; 22; 69; 85; 44; 19; 27; 71; 43; 35
5,21,0.24613,0.2381,30; 5; 21; 10; 64; 60; 82; 70; 70; 15
19,52,0.31475,0.36538,60; 19; 52; 80; 48; 71; 71; 52; 23; 50
14,43,0.30047,0.32558,68; 14; 43; 10; 70; 77; 66; 60; 42; 30
37,80,0.24396,0.4625,81; 37; 80; 81; 21; 45; 10; 57; 79; 57
16,64,0.24791,0.25,28; 16; 64; 36; 5; 17; 26; 8; 65; 77
37,46,0.32272,0.80435,56; 37; 46; 76; 63; 63; 67; 41; 31; 67
41,52,0.29712,0.78846,56; 41; 52; 42; 82; 63; 39; 68; 67; 62
12,49,0.24131,0.2449,55; 12; 49; 9; 45; 59; 61; 48; 74; 39
11,14,0.30199,0.78571,13; 11; 14; 28; 52; 28; 15; 46; 50; 77
44,77,0.22955,0.57143,66; 44; 77; 46; 74; 80; 16; 17; 55; 80
22,45,0.33877,0.48889,44; 22; 45; 8; 34; 52; 19; 74; 25; 38
39,49,0.29983,0.79592,35; 39; 49; 34; 11; 80; 54; 33; 14; 61
11,37,0.28013,0.2973,10; 11; 37; 54; 75; 45; 58; 65; 46; 59
53,65,0.23033,0.81538,31; 53; 65; 37; 74; 31; 50; 33; 81; 56
15,45,0.30262,0.33333,79; 15; 45; 52; 10; 62; 49; 16; 68; 18
20,80,0.24738,0.25,62; 20; 80; 61; 9; 24; 27; 25; 61; 84
47,84,0.22953,0.55952,27; 47; 84; 19; 28; 5; 51; 38; 42; 44
65,79,0.19463,0.82278,75; 65; 79; 67; 59; 10; 49; 25; 51; 14
23,46,0.33784,0.5,53; 23; 46; 78; 38; 6; 24; 6; 7; 28
32,64,0.30839,0.5,77; 32; 64; 34; 44; 84; 7; 37; 39; 62
66,82,0.20195,0.80488,57; 66; 82; 55; 11; 15; 47; 15; 64; 42
34,60,0.31328,0.56667,42; 34; 60; 71; 28; 11; 39; 30; 29; 70
32,70,0.28576,0.45714,79; 32; 70; 63; 59; 66; 29; 5; 39; 47
31,54,0.32126,0.57407,67; 31; 54; 41; 84; 63; 5; 53; 59; 37
24,85,0.2629,0.28235,23; 24; 85; 46; 30; 50; 18; 14; 61; 53
67,85,0.19317,0.78824,47; 67; 85; 28; 42; 8; 27; 79; 79; 22
10,33,0.28388,0.30303,45; 10; 33; 22; 37; 36; 36; 27; 75; 58
21,66,0.29566,0.31818,10; 21; 66; 58; 49; 19; 30; 77; 74; 53
31,39,0.33963,0.79487,33; 31; 39; 15; 36; 14; 8; 36; 77; 28
38,76,0.24105,0.5,52; 38; 76; 54; 32; 13; 73; 35; 59; 16
42,84,0.24582,0.5,22; 42; 84; 12; 40; 63; 16; 72; 18; 74
24,75,0.28729,0.32,68; 24; 75; 41; 24; 71; 74; 81; 8; 35
52,65,0.22325,0.8,25; 52; 65; 26; 75; 11; 70; 31; 32; 78
7,29,0.23485,0.24138,55; 7; 29; 79; 41; 27; 63; 55; 57; 6
10,35,0.275,0.28571,74; 10; 35; 45; 65; 84; 61; 69; 8; 78
21,74,0.27667,0.28378,21; 21; 74; 33; 57; 84; 70; 29; 60; 43
27,55,0.3285,0.49091,55; 27; 55; 74; 14; 72; 76; 62; 69; 49
38,77,0.27557,0.49351,28; 38; 77; 47; 20; 5; 6; 83; 23; 72
19,65,0.28333,0.29231,60; 19; 65; 68; 33; 48; 75; 48; 66; 67
30,38,0.33897,0.78947,25; 30; 38; 74; 22; 73; 81; 69; 81; 63
21,66,0.29932,0.31818,18; 21; 66; 30; 18; 80; 60; 69; 68; 20
18,73,0.24401,0.24658,81; 18; 73; 50; 11; 12; 25; 65; 23; 72
22,39,0.33978,0.5641,22; 22; 39; 70; 46; 75; 66; 51; 31; 72
36,64,0.27707,0.5625,47; 36; 64; 22; 35; 41; 50; 81; 78; 29
19,22,0.34447,0.86364,5; 19; 22; 75; 69; 21; 36; 8; 81; 40
25,50,0.33288,0.5,31; 25; 50; 35; 55; 81; 78; 63; 27; 21
23,62,0.31125,0.37097,45; 23; 62; 71; 54; 20; 53; 52; 74; 67
7,21,0.29098,0.33333,44; 7; 21; 7; 80; 30; 85; 5; 26; 76
12,14,0.30128,0.85714,32; 12; 14; 75; 5; 35; 55; 5; 76; 28
6,18,0.27728,0.33333,12; 6; 18; 37; 19; 10; 65; 75; 62; 78
24,28,0.34327,0.85714,7; 24; 28; 9; 30; 85; 73; 56; 13; 65
15,45,0.30498,0.33333,52; 15; 45; 59; 59; 27; 45; 41; 45; 12
33,68,0.29833,0.48529,32; 33; 68; 39; 28; 74; 68; 33; 78; 78
24,79,0.27769,0.3038,9; 24; 79; 81; 52; 23; 64; 22; 17; 17
22,59,0.31691,0.37288,5; 22; 59; 62; 75; 49; 61; 20; 6; 17
26,31,0.34434,0.83871,27; 26; 31; 70; 55; 65; 56; 31; 77; 20
7,14,0.27555,0.5,57; 7; 14; 53; 27; 57; 13; 28; 11; 67
19,80,0.23803,0.2375,6; 19; 80; 14; 34; 5; 55; 6; 7; 53
20,35,0.34232,0.57143,73; 20; 35; 6; 54; 21; 28; 57; 12; 67
44,77,0.24254,0.57143,57; 44; 77; 73; 27; 58; 59; 45; 84; 52
8,25,0.28444,0.32,26; 8; 25; 22; 74; 41; 51; 69; 19; 66
21,42,0.34136,0.5,85; 21; 42; 22; 71; 64; 59; 77; 75; 15
35,70,0.28291,0.5,81; 35; 70; 13; 70; 69; 18; 9; 63; 64
64,74,0.21207,0.86486,73; 64; 74; 63; 71; 6; 76; 66; 25; 29
57,72,0.22567,0.79167,37; 57; 72; 33; 22; 74; 70; 15; 74; 61
25,54,0.32421,0.46296,24; 25; 54; 44; 54; 51; 85; 77; 26; 9
54,66,0.24101,0.81818,25; 54; 66; 32; 43; 65; 12; 33; 66; 45
21,46,0.3361,0.45652,47; 21; 46; 54; 49; 48; 24; 56; 79; 22
58,73,0.21213,0.79452,15; 58; 73; 69; 80; 78; 78; 54; 82; 38
12,37,0.29311,0.32432,78; 12; 37; 80; 80; 60; 14; 21; 66; 57
17,48,0.31177,0.35417,37; 17; 48; 8; 38; 55; 6; 82; 74; 7
69,84,0.19757,0.82143,77; 69; 84; 27; 32; 33; 17; 68; 53; 46
64,74,0.20551,0.86486,40; 64; 74; 19; 75; 53; 36; 16; 81; 27
8,28,0.27092,0.28571,21; 8; 28; 54; 85; 20; 45; 72; 20; 73
14,43,0.29728,0.32558,70; 14; 43; 11; 84; 54; 28; 40; 19; 53
8,10,0.23724,0.8,50; 8; 10; 54; 71; 14; 85; 11; 41; 41
10,27,0.30567,0.37037,57; 10; 27; 43; 6; 83; 41; 23; 41; 36
25,75,0.28624,0.33333,36; 25; 75; 16; 25; 17; 65; 23; 20; 74
26,56,0.32864,0.46429,19; 26; 56; 80; 21; 34; 32; 60; 25; 56
26,70,0.30228,0.37143,46; 26; 70; 47; 7; 80; 16; 69; 24; 31
25,68,0.29868,0.36765,79; 25; 68; 36; 15; 70; 75; 49; 40; 67
34,43,0.33141,0.7907,7; 34; 43; 46; 55; 80; 78; 13; 57; 13
38,45,0.30905,0.84444,67; 38; 45; 67; 79; 21; 73; 80; 15; 30
41,72,0.26666,0.56944,36; 41; 72; 72; 42; 49; 60; 18; 80; 65
8,27,0.27892,0.2963,48; 8; 27; 82; 16; 23; 52; 81; 6; 34
59,70,0.22758,0.84286,43; 59; 70; 47; 83; 70; 24; 67; 32; 23
59,72,0.22499,0.81944,71; 59; 72; 29; 8; 52; 51; 34; 77; 76
18,74,0.23629,0.24324,27; 18; 74; 52; 54; 50; 81; 28; 78; 31
25,78,0.27879,0.32051,65; 25; 78; 33; 5; 11; 9; 22; 79; 64
41,52,0.29685,0.78846,72; 41; 52; 59; 79; 49; 7; 39; 46; 12
48,60,0.27138,0.8,5; 48; 60; 72; 37; 8; 62; 65; 19; 69
26,52,0.32991,0.5,82; 26; 52; 83; 45; 17; 68; 58; 71; 69
25,68,0.3012,0.36765,34; 25; 68; 72; 35; 19; 47; 83; 46; 49
65,76,0.20735,0.85526,56; 65; 76; 17; 20; 71; 77; 10; 25; 31
36,42,0.33006,0.85714,11; 36; 42; 65; 71; 79; 17; 30; 34; 73
68,79,0.19934,0.86076,74; 68; 79; 79; 18; 28; 75; 9; 31; 44
23,80,0.26624,0.2875,12; 23; 80; 70; 6; 52; 15; 22; 37; 64
15,62,0.24046,0.24194,62; 15; 62; 85; 28; 27; 61; 11; 46; 81
23,80,0.27126,0.2875,63; 23; 80; 35; 83; 81; 17; 48; 20; 34
35,44,0.33032,0.79545,49; 35; 44; 52; 56; 7; 47; 5; 44; 20
6,19,0.28489,0.31579,21; 6; 19; 17; 20; 31; 68; 29; 52; 30
11,22,0.32605,0.5,79; 11; 22; 78; 52; 35; 10; 47; 59; 35
15,63,0.23599,0.2381,38; 15; 63; 17; 70; 72; 71; 43; 64; 38
10,27,0.30586,0.37037,80; 10; 27; 76; 85; 41; 40; 41; 71; 6
21,73,0.27878,0.28767,75; 21; 73; 43; 84; 19; 79; 58; 9; 25
51,64,0.23538,0.79688,60; 51; 64; 64; 65; 13; 26; 39; 55; 55
35,71,0.27279,0.49296,85; 35; 71; 20; 69; 61; 49; 46; 42; 21
12,51,0.23139,0.23529,50; 12; 51; 26; 85; 76; 49; 34; 69; 56
22,62,0.30859,0.35484,45; 22; 62; 83; 59; 71; 33; 18; 8; 32
34,60,0.31414,0.56667,36; 34; 60; 16; 7; 49; 77; 52; 76; 20
27,73,0.28715,0.36986,75; 27; 73; 81; 55; 8; 24; 74; 43; 39
13,41,0.29757,0.31707,27; 13; 41; 61; 72; 36; 69; 14; 33; 69
20,82,0.24123,0.2439,75; 20; 82; 15; 51; 43; 47; 76; 27; 40
37,66,0.28339,0.56061,72; 37; 66; 61; 28; 69; 60; 51; 13; 13
5,20,0.26146,0.25,56; 5; 20; 32; 66; 78; 60; 30; 13; 8
13,51,0.24846,0.2549,37; 13; 51; 75; 10; 81; 79; 56; 34; 81
7,24,0.2739,0.29167,29; 7; 24; 34; 15; 25; 62; 43; 33; 74
14,44,0.29668,0.31818,63; 14; 44; 48; 67; 24; 13; 40; 26; 22
50,63,0.26166,0.79365,7; 50; 63; 52; 74; 27; 15; 45; 12; 23
47,57,0.26235,0.82456,84; 47; 57; 20; 85; 31; 38; 24; 37; 72
25,45,0.3363,0.55556,35; 25; 45; 71; 71; 63; 9; 24; 40; 23
59,75,0.19592,0.78667,76; 59; 75; 31; 57; 51; 14; 13; 79; 47
54,64,0.24936,0.84375,79; 54; 64; 63; 24; 22; 22; 62; 20; 55
20,36,0.34682,0.55556,19; 20; 36; 66; 40; 71; 53; 77; 37; 29
31,83,0.2678,0.37349,22; 31; 83; 31; 65; 11; 75; 19; 9; 35
27,82,0.27687,0.32927,66; 27; 82; 74; 22; 75; 69; 29; 24; 38
21,46,0.33402,0.45652,27; 21; 46; 37; 46; 74; 78; 70; 39; 45
22,67,0.30006,0.32836,78; 22; 67; 17; 55; 59; 13; 22; 28; 58
7,22,0.28672,0.31818,18; 7; 22; 29; 33; 66; 14; 26; 56; 27
26,31,0.3445,0.83871,78; 26; 31; 21; 48; 14; 59; 85; 78; 48
20,35,0.34359,0.57143,26; 20; 35; 40; 60; 6; 37; 77; 78; 63
13,54,0.2376,0.24074,63; 13; 54; 83; 67; 63; 45; 23; 67; 18
48,85,0.23553,0.56471,58; 48; 85; 6; 38; 84; 85; 62; 23; 7
42,84,0.23399,0.5,64; 42; 84; 65; 61; 56; 48; 48; 11; 47
46,80,0.21109,0.575,83; 46; 80; 50; 24; 35; 19; 83; 47; 5
11,44,0.24985,0.25,55; 11; 44; 10; 82; 47; 48; 38; 8; 47
37,65,0.2629,0.56923,74; 37; 65; 21; 21; 69; 66; 79; 33; 80
53,67,0.24561,0.79104,55; 53; 67; 65; 13; 76; 85; 47; 23; 85
12,37,0.29246,0.32432,8; 12; 37; 74; 15; 36; 6; 40; 21; 9
7,25,0.2602,0.28,18; 7; 25; 45; 15; 73; 25; 51; 16; 75
27,47,0.33612,0.57447,29; 27; 47; 69; 15; 9; 23; 72; 27; 25
17,70,0.24073,0.24286,70; 17; 70; 78; 61; 52; 51; 62; 10; 43
8,16,0.29046,0.5,52; 8; 16; 30; 31; 19; 8; 8; 18; 30
22,62,0.31137,0.35484,50; 22; 62; 74; 67; 60; 37; 47; 76; 58
21,43,0.34331,0.48837,42; 21; 43; 58; 44; 18; 78; 48; 59; 40
10,30,0.29486,0.33333,72; 10; 30; 21; 48; 77; 85; 45; 33; 83
32,40,0.32599,0.8,81; 32; 40; 39; 9; 71; 62; 62; 9; 12
24,48,0.33413,0.5,76; 24; 48; 32; 69; 76; 69; 14; 62; 57
24,52,0.32983,0.46154,7; 24; 52; 35; 46; 37; 61; 46; 15; 73
62,76,0.21731,0.81579,74; 62; 76; 12; 57; 78; 74; 32; 33; 51
50,63,0.26622,0.79365,63; 50; 63; 12; 18; 18; 40; 41; 74; 39
13,54,0.23593,0.24074,21; 13; 54; 48; 8; 39; 57; 47; 42; 30
54,63,0.24768,0.85714,78; 54; 63; 37; 82; 35; 38; 33; 63; 39
7,25,0.26846,0.28,38; 7; 25; 34; 8; 45; 73; 8; 79; 35
10,42,0.23768,0.2381,72; 10; 42; 64; 45; 57; 20; 62; 36; 70
42,75,0.22179,0.56,57; 42; 75; 46; 33; 6; 77; 63; 8; 40
7,28,0.24575,0.25,31; 7; 28; 74; 5; 46; 18; 37; 82; 31
56,67,0.24031,0.83582,31; 56; 67; 47; 74; 62; 72; 58; 82; 63
28,80,0.25949,0.35,29; 28; 80; 81; 33; 65; 42; 71; 68; 64
11,39,0.27263,0.28205,30; 11; 39; 11; 29; 11; 25; 32; 12; 37
16,35,0.32799,0.45714,16; 16; 35; 64; 6; 36; 49; 69; 80; 54
69,82,0.18535,0.84146,23; 69; 82; 38; 32; 83; 8; 14; 10; 17
39,49,0.31213,0.79592,56; 39; 49; 44; 77; 77; 49; 80; 21; 58
9,30,0.28071,0.3,36; 9; 30; 50; 60; 30; 6; 40; 10; 18
11,22,0.32016,0.5,78; 11; 22; 50; 40; 50; 76; 66; 22; 48
18,39,0.33238,0.46154,60; 18; 39; 60; 61; 63; 42; 9; 16; 50
42,75,0.249,0.56,82; 42; 75; 18; 27; 55; 35; 63; 67; 60
16,65,0.24791,0.24615,44; 16; 65; 24; 59; 29; 54; 28; 42; 46
62,78,0.20753,0.79487,50; 62; 78; 52; 14; 66; 5; 49; 40; 41
9,30,0.28441,0.3,27; 9; 30; 84; 47; 65; 64; 56; 84; 84
51,59,0.26163,0.86441,26; 51; 59; 13; 60; 42; 12; 57; 57; 60
65,79,0.19406,0.82278,5; 65; 79; 15; 66; 9; 34; 12; 85; 19
22,74,0.28405,0.2973,16; 22; 74; 57; 8; 58; 43; 34; 12; 70
21,76,0.26191,0.27632,18; 21; 76; 26; 71; 70; 79; 67; 22; 52
27,77,0.28996,0.35065,19; 27; 77; 53; 57; 73; 44; 68; 64; 83
68,81,0.20193,0.83951,54; 68; 81; 31; 25; 71; 26; 85; 59; 47
55,67,0.24044,0.8209,31; 55; 67; 23; 12; 23; 60; 48; 21; 11
39,68,0.27389,0.57353,53; 39; 68; 40; 5; 76; 75; 39; 12; 84
32,70,0.29487,0.45714,68; 32; 70; 23; 47; 14; 70; 34; 30; 46
19,52,0.31098,0.36538,66; 19; 52; 70; 63; 9; 46; 58; 20; 35
18,51,0.31288,0.35294,43; 18; 51; 23; 26; 37; 5; 36; 14; 75
18,63,0.27531,0.28571,57; 18; 63; 72; 26; 81; 44; 50; 19; 55
10,40,0.24565,0.25,5; 10; 40; 57; 21; 6; 48; 57; 25; 13
67,80,0.20877,0.8375,27; 67; 80; 18; 35; 47; 80; 63; 73; 64
8,23,0.30045,0.34783,40; 8; 23; 32; 82; 12; 47; 27; 41; 18
23,28,0.34203,0.82143,83; 23; 28; 30; 30; 78; 79; 6; 35; 83
47,57,0.27415,0.82456,31; 47; 57; 18; 26; 76; 5; 50; 34; 31
7,23,0.28376,0.30435,31; 7; 23; 58; 40; 7; 48; 14; 57; 36
23,81,0.27189,0.28395,8; 23; 81; 61; 22; 67; 65; 85; 85; 70
22,78,0.27406,0.28205,32; 22; 78; 74; 8; 67; 68; 37; 78; 11
16,20,0.33232,0.8,69; 16; 20; 82; 85; 71; 16; 68; 85; 78
25,78,0.27377,0.32051,33; 25; 78; 68; 14; 52; 45; 57; 19; 55
14,38,0.31429,0.36842,31; 14; 38; 84; 78; 67; 27; 18; 64; 17
15,59,0.25443,0.25424,54; 15; 59; 26; 6; 58; 39; 5; 78; 39
37,66,0.28724,0.56061,21; 37; 66; 74; 50; 32; 75; 17; 18; 34
11,38,0.27895,0.28947,7; 11; 38; 81; 61; 81; 30; 73; 81; 11
20,36,0.34085,0.55556,37; 20; 36; 62; 84; 83; 13; 21; 9; 28
14,42,0.3072,0.33333,31; 14; 42; 10; 66; 10; 47; 68; 20; 50
19,76,0.24977,0.25,65; 19; 76; 19; 12; 65; 71; 41; 63; 80
21,25,0.35135,0.84,12; 21; 25; 14; 44; 31; 81; 30; 83; 13
16,64,0.24724,0.25,65; 16; 64; 37; 63; 76; 55; 76; 10; 81
29,52,0.325,0.55769,12; 29; 52; 10; 79; 49; 62; 81; 9; 70
20,62,0.30252,0.32258,74; 20; 62; 25; 84; 46; 26; 63; 26; 83
62,78,0.20638,0.79487,27; 62; 78; 40; 17; 67; 50; 61; 76; 33
25,71,0.29717,0.35211,77; 25; 71; 18; 20; 11; 10; 60; 8; 8
12,49,0.24049,0.2449,42; 12; 49; 73; 59; 32; 47; 42; 74; 63
17,58,0.28139,0.2931,44; 17; 58; 11; 10; 11; 27; 35; 72; 74
24,43,0.33849,0.55814,62; 24; 43; 25; 6; 84; 51; 75; 23; 62
5,15,0.26041,0.33333,35; 5; 15; 84; 26; 41; 13; 72; 9; 73
16,32,0.33101,0.5,8; 16; 32; 57; 21; 50; 76; 52; 11; 44
17,70,0.24067,0.24286,37; 17; 70; 70; 11; 62; 26; 67; 63; 71
9,16,0.30749,0.5625,20; 9; 16; 85; 61; 79; 27; 72; 84; 74
7,25,0.2706,0.28,19; 7; 25; 58; 62; 59; 38; 45; 83; 70
14,47,0.28584,0.29787,13; 14; 47; 24; 30; 8; 43; 83; 41; 76
19,76,0.24748,0.25,38; 19; 76; 27; 29; 42; 37; 60; 52; 44
18,51,0.31078,0.35294,59; 18; 51; 44; 74; 32; 84; 55; 22; 53
21,64,0.30311,0.32812,46; 21; 64; 46; 47; 43; 71; 79; 56; 22
23,77,0.28044,0.2987,66; 23; 77; 9; 49; 31; 59; 83; 68; 42
33,59,0.29224,0.55932,61; 33; 59; 23; 75; 48; 52; 40; 34; 64
21,37,0.34389,0.56757,20; 21; 37; 84; 55; 14; 36; 72; 13; 55
32,40,0.33168,0.8,64; 32; 40; 14; 50; 39; 25; 9; 69; 35
23,77,0.27439,0.2987,79; 23; 77; 62; 22; 25; 49; 22; 28; 48
40,81,0.23013,0.49383,14; 40; 81; 72; 26; 22; 83; 27; 18; 72
15,52,0.28185,0.28846,31; 15; 52; 12; 23; 72; 83; 6; 7; 54
25,85,0.26628,0.29412,67; 25; 85; 33; 36; 43; 47; 23; 19; 68
35,44,0.31435,0.79545,17; 35; 44; 60; 8; 8; 38; 79; 45; 77
27,47,0.33494,0.57447,23; 27; 47; 6; 35; 46; 79; 13; 9; 54
29,51,0.3251,0.56863,53; 29; 51; 60; 22; 52; 23; 58; 50; 10
19,63,0.28727,0.30159,32; 19; 63; 9; 83; 28; 82; 18; 21; 65
19,77,0.24746,0.24675,14; 19; 77; 63; 44; 12; 66; 50; 19; 74
30,82,0.26511,0.36585,82; 30; 82; 50; 50; 72; 45; 55; 83; 36
63,75,0.19841,0.84,40; 63; 75; 73; 12; 71; 85; 64; 35; 13
7,22,0.2841,0.31818,8; 7; 22; 81; 27; 35; 59; 41; 62; 50
50,61,0.26419,0.81967,20; 50; 61; 10; 76; 10; 27; 26; 43; 28
40,80,0.24785,0.5,80; 40; 80; 84; 66; 52; 56; 67; 21; 68
20,80,0.24918,0.25,58; 20; 80; 62; 39; 27; 52; 34; 30; 58
29,51,0.32731,0.56863,25; 29; 51; 23; 8; 62; 44; 58; 78; 77
64,76,0.20107,0.84211,52; 64; 76; 49; 59; 25; 28; 66; 71; 56
33,59,0.31519,0.55932,83; 33; 59; 60; 8; 69; 55; 25; 20; 29
21,73,0.27936,0.28767,27; 21; 73; 55; 50; 48; 30; 59; 51; 24
18,37,0.33957,0.48649,26; 18; 37; 28; 81; 59; 37; 44; 57; 52
9,28,0.2903,0.32143,80; 9; 28; 12; 46; 69; 84; 72; 75; 70
32,38,0.33504,0.84211,57; 32; 38; 52; 25; 58; 5; 65; 43; 57
21,60,0.31142,0.35,72; 21; 60; 53; 36; 45; 45; 52; 83; 37
49,61,0.26476,0.80328,43; 49; 61; 84; 32; 59; 6; 44; 6; 65
23,62,0.3112,0.37097,18; 23; 62; 40; 30; 28; 58; 39; 11; 78
18,72,0.24467,0.25,23; 18; 72; 14; 72; 41; 20; 45; 59; 54
11,34,0.29343,0.32353,60; 11; 34; 58; 63; 47; 62; 46; 57; 58
37,44,0.31967,0.84091,78; 37; 44; 26; 50; 53; 23; 43; 34; 25
59,72,0.22061,0.81944,11; 59; 72; 52; 55; 78; 73; 47; 61; 34
20,66,0.29051,0.30303,40; 20; 66; 10; 54; 56; 64; 56; 22; 9
54,68,0.22077,0.79412,83; 54; 68; 73; 69; 13; 34; 70; 18; 29
26,80,0.27545,0.325,46; 26; 80; 59; 7; 5; 51; 61; 20; 85
22,62,0.30851,0.35484,54; 22; 62; 16; 8; 59; 40; 56; 54; 79
17,61,0.27318,0.27869,57; 17; 61; 13; 55; 73; 43; 37; 9; 77
34,60,0.30645,0.56667,25; 34; 60; 38; 66; 13; 6; 54; 44; 79
6,19,0.27717,0.31579,63; 6; 19; 6; 11; 59; 23; 20; 70; 80
23,80,0.26478,0.2875,23; 23; 80; 13; 49; 53; 81; 81; 67; 49
26,70,0.3017,0.37143,61; 26; 70; 73; 10; 81; 18; 12; 70; 57
21,25,0.34888,0.84,41; 21; 25; 43; 16; 78; 47; 26; 24; 18
7,28,0.24409,0.25,48; 7; 28; 13; 82; 38; 73; 35; 39; 17
32,37,0.32945,0.86486,68; 32; 37; 33; 50; 43; 68; 52; 79; 21
36,78,0.27113,0.46154,12; 36; 78; 23; 84; 6; 21; 55; 13; 31
17,57,0.289,0.29825,19; 17; 57; 19; 7; 10; 5; 64; 15; 36
17,68,0.24661,0.25,14; 17; 68; 22; 64; 69; 84; 68; 32; 48
38,67,0.2901,0.56716,12; 38; 67; 68; 80; 63; 65; 31; 6; 53
19,38,0.34229,0.5,11; 19; 38; 32; 8; 19; 10; 29; 79; 16
63,79,0.21276,0.79747,7; 63; 79; 48; 81; 33; 23; 66; 57; 13
63,79,0.20569,0.79747,7; 63; 79; 18; 63; 19; 48; 65; 49; 6
8,25,0.28671,0.32,49; 8; 25; 64; 70; 80; 8; 75; 74; 42
31,54,0.32196,0.57407,68; 31; 54; 31; 52; 21; 33; 5; 33; 63
14,47,0.28371,0.29787,35; 14; 47; 37; 20; 69; 14; 24; 22; 42
25,72,0.29171,0.34722,85; 25; 72; 49; 53; 84; 83; 76; 37; 64
21,42,0.34123,0.5,56; 21; 42; 15; 72; 56; 68; 66; 12; 79
17,53,0.29914,0.32075,32; 17; 53; 36; 46; 71; 63; 42; 75; 83
21,84,0.24938,0.25,17; 21; 84; 73; 31; 47; 67; 55; 73; 35
13,35,0.31229,0.37143,16; 13; 35; 75; 63; 67; 46; 17; 36; 37
29,52,0.32746,0.55769,41; 29; 52; 47; 67; 25; 70; 48; 22; 44
68,83,0.19943,0.81928,49; 68; 83; 48; 34; 39; 56; 35; 30; 82
42,75,0.2669,0.56,80; 42; 75; 69; 38; 22; 80; 59; 18; 74
40,81,0.24771,0.49383,59; 40; 81; 35; 34; 52; 30; 38; 55; 38
32,57,0.31915,0.5614,22; 32; 57; 7; 11; 75; 70; 60; 27; 63
64,76,0.20656,0.84211,43; 64; 76; 28; 48; 50; 19; 76; 65; 31
13,39,0.29868,0.33333,34; 13; 39; 18; 12; 68; 55; 47; 70; 82
70,85,0.20135,0.82353,7; 70; 85; 44; 32; 77; 8; 18; 16; 6
64,76,0.19961,0.84211,51; 64; 76; 84; 53; 63; 35; 45; 69; 17
14,38,0.31252,0.36842,49; 14; 38; 25; 58; 32; 27; 21; 76; 23
37,80,0.24993,0.4625,63; 37; 80; 26; 6; 64; 42; 32; 70; 35
19,77,0.24449,0.24675,59; 19; 77; 77; 12; 81; 83; 43; 38; 80
14,50,0.2754,0.28,43; 14; 50; 81; 14; 20; 82; 68; 51; 54
19,39,0.33923,0.48718,5; 19; 39; 74; 65; 53; 58; 69; 55; 20
16,55,0.28175,0.29091,71; 16; 55; 12; 46; 47; 76; 36; 68; 20
19,68,0.27632,0.27941,65; 19; 68; 34; 17; 50; 28; 28; 14; 50
27,55,0.32831,0.49091,80; 27; 55; 52; 85; 5; 64; 48; 30; 58
22,60,0.31577,0.36667,64; 22; 60; 5; 85; 64; 33; 75; 47; 59
59,70,0.22302,0.84286,21; 59; 70; 38; 45; 70; 50; 38; 69; 23
36,63,0.29739,0.57143,76; 36; 63; 37; 35; 37; 9; 85; 41; 53
40,72,0.27702,0.55556,45; 40; 72; 70; 9; 53; 42; 30; 81; 37
13,41,0.29419,0.31707,17; 13; 41; 65; 47; 68; 8; 80; 18; 55
67,82,0.20279,0.81707,19; 67; 82; 48; 58; 80; 5; 61; 73; 9
17,57,0.28857,0.29825,18; 17; 57; 54; 23; 47; 56; 70; 52; 18
30,82,0.26473,0.36585,12; 30; 82; 62; 66; 35; 13; 43; 22; 71
16,35,0.32934,0.45714,81; 16; 35; 16; 33; 43; 67; 68; 66; 41
19,54,0.30992,0.35185,33; 19; 54; 56; 63; 81; 9; 75; 75; 80
15,53,0.27932,0.28302,33; 15; 53; 36; 70; 71; 34; 74; 54; 39
19,39,0.34146,0.48718,62; 19; 39; 5; 64; 74; 72; 52; 8; 52
24,65,0.30888,0.36923,36; 24; 65; 75; 55; 32; 31; 84; 8; 30
15,59,0.25102,0.25424,32; 15; 59; 43; 78; 66; 53; 48; 22; 25
41,72,0.25633,0.56944,48; 41; 72; 28; 41; 54; 81; 56; 47; 25
12,40,0.28539,0.3,52; 12; 40; 73; 71; 50; 13; 77; 74; 69
52,62,0.25843,0.83871,33; 52; 62; 45; 21; 6; 47; 85; 76; 35
69,82,0.18181,0.84146,79; 69; 82; 20; 28; 32; 24; 67; 5; 33
68,79,0.19957,0.86076,15; 68; 79; 23; 42; 23; 76; 59; 42; 76
7,22,0.28534,0.31818,75; 7; 22; 54; 28; 8; 45; 83; 42; 26
35,70,0.28815,0.5,49; 35; 70; 29; 65; 14; 46; 34; 31; 40
26,33,0.33705,0.78788,21; 26; 33; 16; 60; 44; 53; 46; 19; 16
26,46,0.33638,0.56522,40; 26; 46; 54; 69; 47; 49; 38; 38; 44
16,28,0.33989,0.57143,33; 16; 28; 24; 65; 22; 25; 16; 82; 73
25,84,0.26796,0.29762,23; 25; 84; 41; 70; 37; 5; 39; 60; 6
12,26,0.32578,0.46154,37; 12; 26; 60; 84; 31; 10; 24; 8; 13
8,32,0.24493,0.25,17; 8; 32; 45; 54; 45; 60; 84; 65; 25
16,19,0.33706,0.84211,12; 16; 19; 20; 36; 19; 19; 76; 62; 67
26,78,0.28334,0.33333,45; 26; 78; 41; 7; 14; 54; 12; 33; 76
13,26,0.32618,0.5,40; 13; 26; 15; 69; 64; 58; 33; 56; 61
9,36,0.24398,0.25,23; 9; 36; 49; 44; 42; 68; 41; 74; 72
63,80,0.2134,0.7875,56; 63; 80; 69; 62; 77; 22; 16; 65; 9
37,65,0.29175,0.56923,63; 37; 65; 62; 77; 54; 36; 31; 42; 11
43,75,0.24261,0.57333,8; 43; 75; 41; 61; 71; 53; 63; 15; 13
31,38,0.34093,0.81579,37; 31; 38; 21; 15; 15; 71; 39; 67; 75
15,53,0.27591,0.28302,30; 15; 53; 52; 10; 62; 30; 46; 14; 77
10,31,0.29536,0.32258,47; 10; 31; 5; 50; 27; 76; 34; 6; 24
12,38,0.29189,0.31579,53; 12; 38; 53; 15; 32; 38; 76; 32; 12
19,51,0.31932,0.37255,60; 19; 51; 72; 20; 46; 33; 85; 19; 51
60,76,0.21695,0.78947,13; 60; 76; 78; 73; 61; 38; 53; 48; 13
19,77,0.24873,0.24675,59; 19; 77; 35; 73; 7; 46; 26; 7; 44
38,45,0.30487,0.84444,36; 38; 45; 21; 14; 44; 30; 15; 13; 44
16,28,0.33267,0.57143,76; 16; 28; 9; 10; 58; 63; 16; 42; 39
27,81,0.27757,0.33333,77; 27; 81; 58; 32; 63; 34; 10; 54; 26
12,38,0.29151,0.31579,77; 12; 38; 50; 56; 28; 27; 7; 38; 56
27,59,0.32261,0.45763,34; 27; 59; 46; 41; 16; 62; 6; 31; 21
48,56,0.26671,0.85714,71; 48; 56; 70; 25; 49; 62; 36; 67; 76
18,57,0.29679,0.31579,45; 18; 57; 23; 82; 17; 58; 66; 23; 57
12,14,0.31354,0.85714,83; 12; 14; 29; 42; 13; 59; 74; 33; 21
9,30,0.28436,0.3,30; 9; 30; 51; 76; 36; 17; 10; 75; 7
16,50,0.29426,0.32,40; 16; 50; 72; 61; 84; 38; 36; 79; 80
38,82,0.24967,0.46341,78; 38; 82; 56; 55; 34; 61; 23; 77; 18
24,81,0.27155,0.2963,6; 24; 81; 82; 76; 34; 51; 41; 64; 78
17,71,0.24026,0.23944,80; 17; 71; 8; 50; 6; 5; 54; 23; 11
23,80,0.27244,0.2875,32; 23; 80; 54; 53; 10; 85; 25; 67; 53
61,77,0.20856,0.79221,82; 61; 77; 83; 44; 59; 82; 32; 43; 58
70,83,0.18647,0.84337,22; 70; 83; 42; 43; 31; 9; 76; 34; 7
69,82,0.19785,0.84146,10; 69; 82; 33; 22; 36; 10; 36; 57; 37
23,41,0.34236,0.56098,24; 23; 41; 53; 79; 12; 32; 12; 53; 55
39,78,0.25077,0.5,46; 39; 78; 11; 62; 14; 25; 37; 63; 36
41,51,0.2969,0.80392,80; 41; 51; 47; 12; 63; 34; 44; 37; 43
25,84,0.24619,0.29762,59; 25; 84; 33; 60; 52; 34; 55; 9; 50
16,56,0.27607,0.28571,51; 16; 56; 56; 79; 84; 58; 81; 28; 85
69,82,0.19367,0.84146,74; 69; 82; 79; 81; 70; 59; 62; 50; 57
24,85,0.2626,0.28235,38; 24; 85; 67; 8; 67; 9; 47; 45; 65
25,85,0.25127,0.29412,60; 25; 85; 58; 77; 42; 25; 80; 15; 82
60,73,0.21121,0.82192,70; 60; 73; 40; 12; 7; 44; 71; 83; 11
20,54,0.3146,0.37037,43; 20; 54; 62; 47; 66; 39; 10; 6; 60
19,24,0.35252,0.79167,37; 19; 24; 82; 54; 6; 33; 21; 42; 54
31,67,0.29706,0.46269,27; 31; 67; 71; 72; 77; 81; 80; 25; 63
32,39,0.33577,0.82051,36; 32; 39; 46; 28; 35; 33; 78; 73; 82
31,62,0.31867,0.5,85; 31; 62; 79; 61; 83; 67; 26; 54; 7
27,54,0.32144,0.5,39; 27; 54; 25; 29; 34; 74; 30; 18; 60
12,26,0.32612,0.46154,84; 12; 26; 59; 39; 85; 56; 6; 66; 28
14,55,0.24992,0.25455,73; 14; 55; 44; 73; 68; 19; 60; 29; 30
23,65,0.30638,0.35385,35; 23; 65; 81; 15; 41; 72; 67; 60; 50
67,78,0.20632,0.85897,7; 67; 78; 28; 52; 49; 72; 83; 72; 51
13,47,0.27064,0.2766,26; 13; 47; 15; 69; 24; 82; 46; 58; 35
64,76,0.20767,0.84211,6; 64; 76; 83; 13; 44; 68; 75; 25; 40
5,15,0.23676,0.33333,71; 5; 15; 48; 75; 52; 60; 44; 58; 60
16,20,0.33569,0.8,19; 16; 20; 7; 45; 29; 17; 63; 11; 44
31,54,0.32634,0.57407,9; 31; 54; 13; 46; 81; 9; 45; 79; 26
23,46,0.34059,0.5,25; 23; 46; 42; 73; 39; 36; 52; 51; 24
64,76,0.20461,0.84211,41; 64; 76; 73; 22; 85; 36; 80; 46; 74
38,68,0.2885,0.55882,69; 38; 68; 69; 43; 38; 49; 60; 64; 60
14,48,0.28185,0.29167,16; 14; 48; 59; 29; 47; 67; 43; 66; 45
28,49,0.31962,0.57143,65; 28; 49; 16; 53; 72; 50; 48; 69; 59
41,84,0.24209,0.4881,78; 41; 84; 60; 77; 33; 15; 30; 26; 68
66,82,0.2055,0.80488,19; 66; 82; 58; 48; 9; 46; 20; 33; 83
14,44,0.29599,0.31818,8; 14; 44; 63; 19; 70; 38; 7; 49; 38
25,77,0.27781,0.32468,19; 25; 77; 31; 79; 82; 25; 53; 42; 82
9,27,0.29739,0.33333,44; 9; 27; 22; 63; 39; 19; 65; 23; 57
31,37,0.33492,0.83784,32; 31; 37; 85; 20; 73; 66; 45; 42; 21
19,34,0.34365,0.55882,14; 19; 34; 22; 69; 40; 23; 50; 11; 10
25,51,0.32805,0.4902,20; 25; 51; 51; 81; 42; 68; 59; 10; 64
11,44,0.24743,0.25,40; 11; 44; 27; 9; 13; 9; 44; 73; 36
41,52,0.29584,0.78846,63; 41; 52; 53; 60; 49; 19; 41; 46; 33
31,37,0.33489,0.83784,10; 31; 37; 40; 72; 40; 75; 63; 52; 5
19,51,0.31672,0.37255,18; 19; 51; 18; 83; 33; 39; 60; 8; 42
24,83,0.26825,0.28916,69; 24; 83; 9; 26; 35; 20; 83; 34; 80
50,61,0.23656,0.81967,58; 50; 61; 34; 10; 18; 30; 13; 84; 24
23,41,0.34144,0.56098,71; 23; 41; 5; 67; 63; 12; 76; 35; 52
14,47,0.28498,0.29787,19; 14; 47; 49; 42; 72; 23; 49; 73; 8
52,65,0.2377,0.8,16; 52; 65; 45; 44; 17; 38; 77; 48; 7
38,68,0.27292,0.55882,22; 38; 68; 37; 25; 40; 63; 42; 61; 40
26,78,0.27922,0.33333,28; 26; 78; 52; 41; 30; 80; 53; 31; 63
8,34,0.23292,0.23529,40; 8; 34; 57; 83; 56; 25; 56; 61; 15
21,25,0.34641,0.84,69; 21; 25; 12; 40; 85; 17; 36; 22; 41
9,37,0.23731,0.24324,19; 9; 37; 8; 25; 23; 72; 48; 6; 70
30,61,0.31014,0.4918,15; 30; 61; 36; 34; 82; 75; 60; 78; 74
21,71,0.28454,0.29577,14; 21; 71; 32; 37; 78; 61; 70; 14; 59
35,63,0.29391,0.55556,57; 35; 63; 80; 25; 39; 57; 68; 76; 65
42,50,0.30931,0.84,49; 42; 50; 36; 20; 41; 20; 78; 24; 79
21,43,0.33823,0.48837,5; 21; 43; 8; 65; 83; 25; 72; 8; 62
28,76,0.28139,0.36842,7; 28; 76; 21; 29; 43; 16; 58; 78; 55
20,41,0.33957,0.4878,55; 20; 41; 69; 47; 41; 53; 50; 24; 38
14,28,0.33482,0.5,18; 14; 28; 30; 22; 46; 48; 37; 33; 72
15,47,0.29631,0.31915,73; 15; 47; 27; 80; 38; 32; 31; 22; 5
20,84,0.23918,0.2381,75; 20; 84; 7; 19; 30; 35; 16; 62; 47
16,53,0.28996,0.30189,64; 16; 53; 5; 8; 75; 6; 41; 79; 62
32,38,0.32931,0.84211,73; 32; 38; 32; 59; 17; 12; 19; 54; 26
53,66,0.23382,0.80303,36; 53; 66; 26; 69; 39; 49; 82; 43; 77
22,79,0.27498,0.27848,35; 22; 79; 25; 73; 65; 79; 62; 82; 37
33,71,0.28003,0.46479,57; 33; 71; 37; 13; 83; 8; 62; 57; 13
24,65,0.30846,0.36923,80; 24; 65; 32; 32; 61; 10; 83; 41; 26
10,27,0.3071,0.37037,73; 10; 27; 32; 65; 25; 9; 57; 34; 30
17,57,0.2849,0.29825,5; 17; 57; 72; 52; 11; 63; 62; 67; 65
41,84,0.22787,0.4881,69; 41; 84; 65; 31; 33; 79; 59; 7; 24
42,50,0.30799,0.84,74; 42; 50; 65; 24; 57; 50; 48; 7; 73
32,65,0.29715,0.49231,22; 32; 65; 59; 76; 55; 58; 64; 79; 41
18,75,0.23986,0.24,49; 18; 75; 83; 11; 82; 41; 28; 76; 23
47,82,0.23202,0.57317,58; 47; 82; 80; 7; 57; 38; 80; 7; 66
5,18,0.2548,0.27778,64; 5; 18; 33; 68; 85; 51; 81; 60; 20
24,74,0.2835,0.32432,58; 24; 74; 7; 78; 41; 18; 83; 78; 71
54,64,0.2566,0.84375,28; 54; 64; 60; 84; 82; 45; 14; 6; 24
17,37,0.33427,0.45946,55; 17; 37; 35; 57; 14; 83; 44; 52; 38
17,67,0.25102,0.25373,33; 17; 67; 52; 12; 65; 52; 78; 48; 33
28,80,0.26489,0.35,37; 28; 80; 46; 46; 24; 38; 12; 21; 78
22,78,0.27242,0.28205,61; 22; 78; 12; 71; 21; 67; 23; 43; 54
21,60,0.30723,0.35,70; 21; 60; 67; 25; 70; 13; 75; 58; 45
23,69,0.29467,0.33333,27; 23; 69; 59; 6; 41; 24; 61; 35; 80
6,21,0.27049,0.28571,73; 6; 21; 77; 26; 80; 16; 16; 63; 68
12,42,0.28027,0.28571,54; 12; 42; 66; 57; 52; 34; 16; 65; 25
36,44,0.31709,0.81818,17; 36; 44; 84; 24; 25; 39; 72; 27; 15
28,56,0.31718,0.5,25; 28; 56; 68; 12; 70; 32; 77; 43; 14
56,67,0.2414,0.83582,71; 56; 67; 6; 76; 56; 26; 18; 16; 21
20,25,0.34209,0.8,58; 20; 25; 38; 32; 49; 45; 35; 27; 56
23,28,0.34901,0.82143,65; 23; 28; 39; 28; 81; 79; 23; 79; 57
14,59,0.23725,0.23729,64; 14; 59; 85; 44; 12; 15; 74; 32; 62
46,58,0.28627,0.7931,52; 46; 58; 80; 29; 63; 8; 71; 65; 78
31,54,0.31543,0.57407,48; 31; 54; 37; 14; 50; 71; 9; 84; 47
39,78,0.2608,0.5,13; 39; 78; 78; 64; 6; 78; 10; 34; 50
25,75,0.28684,0.33333,18; 25; 75; 70; 33; 30; 27; 29; 25; 37
21,64,0.30516,0.32812,17; 21; 64; 67; 63; 34; 35; 23; 61; 19
64,78,0.20144,0.82051,70; 64; 78; 76; 55; 40; 41; 45; 73; 66
15,53,0.28139,0.28302,28; 15; 53; 35; 70; 5; 84; 34; 83; 68
24,82,0.26555,0.29268,6; 24; 82; 48; 77; 39; 21; 74; 24; 56
5,21,0.23094,0.2381,82; 5; 21; 33; 59; 83; 52; 20; 63; 82
5,15,0.25353,0.33333,50; 5; 15; 58; 81; 64; 14; 33; 7; 81
6,25,0.23627,0.24,32; 6; 25; 18; 78; 51; 60; 39; 29; 61
20,72,0.27012,0.27778,71; 20; 72; 52; 33; 5; 19; 8; 35; 28
21,70,0.28289,0.3,5; 21; 70; 35; 42; 38; 82; 16; 25; 9
35,62,0.30415,0.56452,33; 35; 62; 66; 11; 46; 68; 55; 51; 19
13,51,0.25048,0.2549,29; 13; 51; 39; 84; 5; 49; 44; 46; 49
23,80,0.26079,0.2875,23; 23; 80; 17; 85; 67; 7; 16; 45; 29
9,38,0.23493,0.23684,22; 9; 38; 59; 20; 23; 57; 19; 77; 65
61,74,0.21422,0.82432,24; 61; 74; 52; 15; 50; 82; 49; 82; 85
9,31,0.27666,0.29032,23; 9; 31; 71; 84; 68; 14; 19; 79; 16
42,49,0.30225,0.85714,46; 42; 49; 27; 54; 19; 82; 59; 20; 19
30,54,0.31927,0.55556,60; 30; 54; 83; 67; 46; 58; 43; 73; 49
34,74,0.27877,0.45946,14; 34; 74; 44; 66; 63; 71; 68; 25; 71
15,63,0.23454,0.2381,77; 15; 63; 55; 34; 81; 37; 28; 25; 18
18,32,0.34018,0.5625,53; 18; 32; 63; 44; 23; 40; 23; 52; 44
52,62,0.24911,0.83871,25; 52; 62; 19; 72; 38; 72; 84; 38; 25
12,15,0.31451,0.8,28; 12; 15; 54; 56; 83; 79; 30; 11; 35
64,81,0.20231,0.79012,72; 64; 81; 43; 35; 33; 28; 18; 7; 19
59,72,0.20094,0.81944,63; 59; 72; 66; 36; 37; 46; 84; 17; 31
19,77,0.24318,0.24675,41; 19; 77; 44; 20; 75; 62; 34; 41; 65
23,83,0.26277,0.27711,51; 23; 83; 35; 17; 85; 34; 50; 84; 42
33,68,0.28439,0.48529,42; 33; 68; 55; 69; 16; 7; 14; 73; 74
15,30,0.33271,0.5,69; 15; 30; 12; 33; 69; 9; 24; 66; 78
23,66,0.30485,0.34848,21; 23; 66; 82; 18; 26; 58; 7; 84; 63
49,57,0.26519,0.85965,37; 49; 57; 74; 18; 76; 85; 43; 8; 56
22,75,0.28077,0.29333,36; 22; 75; 41; 27; 21; 50; 18; 5; 17
18,75,0.23709,0.24,21; 18; 75; 50; 84; 40; 64; 31; 17; 19
14,49,0.27896,0.28571,45; 14; 49; 6; 5; 34; 11; 9; 10; 70
5,17,0.2686,0.29412,39; 5; 17; 7; 47; 60; 66; 78; 18; 19
33,59,0.30576,0.55932,23; 33; 59; 31; 72; 10; 82; 29; 14; 52
29,79,0.26827,0.36709,55; 29; 79; 24; 43; 25; 55; 77; 17; 62
38,48,0.31832,0.79167,16; 38; 48; 29; 38; 20; 18; 19; 48; 82
20,69,0.27996,0.28986,62; 20; 69; 19; 82; 77; 45; 41; 23; 66
6,18,0.2837,0.33333,73; 6; 18; 37; 50; 15; 25; 31; 44; 25
19,63,0.29247,0.30159,26; 19; 63; 20; 56; 56; 12; 27; 14; 75
49,61,0.26156,0.80328,30; 49; 61; 29; 58; 69; 11; 78; 58; 62
10,18,0.31639,0.55556,34; 10; 18; 81; 77; 60; 76; 32; 21; 7
7,21,0.28732,0.33333,85; 7; 21; 59; 41; 73; 44; 6; 84; 53
51,61,0.25774,0.83607,35; 51; 61; 34; 7; 16; 78; 45; 14; 12
12,48,0.24497,0.25,18; 12; 48; 25; 20; 27; 20; 72; 19; 16
13,39,0.30087,0.33333,13; 13; 39; 65; 9; 9; 81; 60; 72; 61
19,77,0.24206,0.24675,51; 19; 77; 70; 61; 31; 22; 32; 33; 59
17,60,0.27414,0.28333,61; 17; 60; 58; 47; 55; 23; 77; 72; 32
30,65,0.3094,0.46154,32; 30; 65; 31; 69; 31; 7; 37; 13; 69
10,20,0.31711,0.5,73; 10; 20; 78; 38; 55; 64; 11; 25; 75
33,42,0.32877,0.78571,40; 33; 42; 60; 13; 21; 23; 85; 17; 53
10,27,0.30508,0.37037,14; 10; 27; 38; 56; 10; 48; 46; 50; 64
31,38,0.33785,0.81579,71; 31; 38; 26; 43; 65; 23; 64; 33; 64
41,84,0.24396,0.4881,17; 41; 84; 67; 28; 15; 15; 67; 53; 85
31,62,0.28644,0.5,66; 31; 62; 76; 48; 81; 72; 17; 67; 54
21,64,0.30043,0.32812,29; 21; 64; 23; 39; 53; 80; 39; 11; 55
12,48,0.24973,0.25,80; 12; 48; 62; 68; 9; 29; 50; 22; 53
8,27,0.27956,0.2963,55; 8; 27; 51; 53; 37; 66; 57; 64; 47
27,34,0.3443,0.79412,71; 27; 34; 83; 31; 59; 23; 66; 31; 33
29,83,0.26326,0.3494,32; 29; 83; 15; 56; 23; 18; 54; 12; 50
19,38,0.33941,0.5,83; 19; 38; 16; 64; 67; 31; 68; 15; 80
17,58,0.28504,0.2931,47; 17; 58; 24; 79; 21; 84; 79; 82; 34
41,49,0.30392,0.83673,44; 41; 49; 57; 74; 41; 66; 67; 52; 47
63,77,0.21739,0.81818,17; 63; 77; 65; 56; 76; 80; 63; 16; 77
44,79,0.24339,0.55696,20; 44; 79; 41; 46; 16; 21; 32; 14; 42
29,52,0.3075,0.55769,11; 29; 52; 83; 21; 31; 20; 30; 64; 65
55,67,0.21037,0.8209,33; 55; 67; 83; 77; 10; 14; 7; 77; 57
56,65,0.23967,0.86154,27; 56; 65; 31; 79; 67; 29; 60; 51; 49
22,68,0.29821,0.32353,85; 22; 68; 17; 69; 77; 22; 79; 54; 59
31,36,0.34318,0.86111,47; 31; 36; 12; 33; 25; 78; 30; 56; 80
38,83,0.26023,0.45783,18; 38; 83; 57; 36; 78; 57; 34; 43; 14
18,71,0.25074,0.25352,7; 18; 71; 69; 80; 71; 78; 54; 65; 65
22,28,0.34292,0.78571,40; 22; 28; 15; 40; 17; 48; 12; 35; 62
19,66,0.27881,0.28788,13; 19; 66; 82; 47; 62; 34; 10; 9; 14
31,36,0.34231,0.86111,50; 31; 36; 70; 16; 53; 52; 49; 43; 81
24,48,0.33345,0.5,84; 24; 48; 34; 5; 74; 9; 50; 29; 36
9,31,0.27878,0.29032,28; 9; 31; 81; 74; 8; 73; 19; 5; 40
29,59,0.30649,0.49153,21; 29; 59; 33; 69; 28; 43; 84; 73; 29
14,58,0.24152,0.24138,80; 14; 58; 81; 23; 58; 35; 58; 70; 60
32,56,0.31303,0.57143,30; 32; 56; 70; 21; 45; 12; 23; 81; 67
22,68,0.29814,0.32353,41; 22; 68; 70; 47; 69; 51; 8; 19; 84
16,48,0.3051,0.33333,48; 16; 48; 23; 38; 75; 60; 43; 22; 63
39,49,0.30939,0.79592,61; 39; 49; 67; 68; 57; 43; 41; 28; 55
16,58,0.2735,0.27586,39; 16; 58; 12; 32; 56; 15; 24; 53; 32
22,69,0.29388,0.31884,53; 22; 69; 80; 36; 28; 34; 15; 13; 36
13,39,0.30302,0.33333,69; 13; 39; 17; 80; 46; 24; 55; 85; 26
55,67,0.24112,0.8209,78; 55; 67; 14; 26; 61; 67; 33; 74; 33
55,69,0.23487,0.7971,32; 55; 69; 15; 39; 19; 40; 71; 85; 11
53,63,0.24735,0.84127,80; 53; 63; 44; 12; 83; 40; 54; 66; 46
33,59,0.31625,0.55932,19; 33; 59; 67; 19; 6; 75; 39; 70; 5
12,42,0.27748,0.28571,64; 12; 42; 82; 7; 18; 41; 53; 47; 25
20,72,0.2723,0.27778,33; 20; 72; 74; 41; 41; 85; 70; 82; 67
23,29,0.35086,0.7931,30; 23; 29; 62; 54; 38; 36; 32; 24; 54
53,67,0.24318,0.79104,84; 53; 67; 46; 59; 21; 46; 6; 42; 68
57,72,0.22645,0.79167,17; 57; 72; 71; 20; 58; 21; 68; 78; 12
18,75,0.23944,0.24,33; 18; 75; 55; 46; 11; 76; 69; 75; 76
38,68,0.27661,0.55882,54; 38; 68; 57; 66; 42; 48; 6; 19; 10
16,43,0.31163,0.37209,77; 16; 43; 49; 62; 13; 74; 71; 45; 20
9,16,0.30252,0.5625,59; 9; 16; 66; 58; 77; 12; 61; 80; 5
31,68,0.29913,0.45588,17; 31; 68; 16; 20; 50; 59; 39; 67; 25
12,24,0.32849,0.5,75; 12; 24; 72; 9; 82; 82; 35; 53; 10
15,54,0.27275,0.27778,50; 15; 54; 53; 63; 85; 8; 19; 24; 40
61,76,0.19955,0.80263,6; 61; 76; 61; 66; 71; 33; 75; 9; 49
58,69,0.2332,0.84058,77; 58; 69; 83; 81; 72; 16; 68; 77; 78
20,70,0.27657,0.28571,61; 20; 70; 60; 29; 17; 70; 71; 53; 21
24,52,0.33142,0.46154,57; 24; 52; 18; 58; 34; 61; 78; 10; 76
27,78,0.28416,0.34615,32; 27; 78; 61; 68; 41; 19; 80; 66; 24
20,69,0.2791,0.28986,26; 20; 69; 38; 39; 82; 24; 32; 75; 36
35,63,0.30348,0.55556,37; 35; 63; 57; 69; 5; 64; 43; 50; 39
64,80,0.19823,0.8,75; 64; 80; 72; 76; 64; 23; 9; 25; 12
29,82,0.26131,0.35366,68; 29; 82; 10; 8; 22; 11; 34; 64; 44
24,72,0.28688,0.33333,29; 24; 72; 69; 70; 52; 33; 28; 22; 32
26,53,0.33328,0.49057,8; 26; 53; 70; 39; 17; 65; 34; 85; 41
20,70,0.27894,0.28571,36; 20; 70; 48; 33; 5; 15; 41; 69; 61
22,66,0.30639,0.33333,19; 22; 66; 14; 9; 27; 75; 21; 62; 24
19,51,0.31928,0.37255,83; 19; 51; 81; 75; 69; 61; 18; 39; 16
5,21,0.24234,0.2381,11; 5; 21; 72; 7; 83; 12; 22; 49; 85
22,75,0.28046,0.29333,33; 22; 75; 38; 64; 15; 7; 76; 50; 68
46,80,0.23436,0.575,38; 46; 80; 31; 39; 40; 56; 64; 37; 83
8,33,0.24079,0.24242,55; 8; 33; 34; 80; 9; 13; 42; 12; 8
27,47,0.33222,0.57447,34; 27; 47; 14; 46; 67; 56; 72; 51; 52
39,70,0.26613,0.55714,22; 39; 70; 68; 45; 46; 24; 44; 35; 9
10,36,0.26826,0.27778,16; 10; 36; 41; 70; 72; 74; 48; 27; 17
9,37,0.23688,0.24324,55; 9; 37; 52; 53; 71; 80; 23; 60; 57
65,81,0.19962,0.80247,68; 65; 81; 74; 37; 47; 22; 70; 47; 78
17,52,0.29996,0.32692,38; 17; 52; 51; 57; 19; 52; 39; 33; 71
15,47,0.29395,0.31915,56; 15; 47; 44; 53; 17; 51; 13; 80; 7
24,69,0.29902,0.34783,62; 24; 69; 82; 75; 16; 7; 71; 5; 24
31,83,0.25892,0.37349,9; 31; 83; 67; 13; 12; 28; 40; 43; 38
16,58,0.27041,0.27586,22; 16; 58; 72; 53; 49; 14; 73; 36; 16
23,81,0.26547,0.28395,36; 23; 81; 58; 41; 48; 71; 70; 17; 38
27,32,0.34246,0.84375,20; 27; 32; 75; 84; 63; 7; 7; 21; 42
55,70,0.24016,0.78571,52; 55; 70; 20; 76; 72; 73; 45; 70; 60
15,60,0.24661,0.25,44; 15; 60; 31; 8; 28; 74; 75; 50; 66
23,63,0.31288,0.36508,23; 23; 63; 27; 13; 77; 47; 67; 61; 42
17,35,0.33542,0.48571,45; 17; 35; 31; 74; 27; 70; 12; 39; 69
22,59,0.32145,0.37288,69; 22; 59; 75; 59; 60; 48; 45; 34; 34
10,34,0.27613,0.29412,10; 10; 34; 56; 73; 26; 64; 79; 64; 11
30,85,0.27746,0.35294,85; 30; 85; 13; 6; 17; 6; 50; 82; 51
24,42,0.33602,0.57143,78; 24; 42; 50; 30; 51; 36; 84; 25; 85
70,81,0.19974,0.8642,44; 70; 81; 72; 48; 43; 75; 50; 38; 85
42,85,0.21831,0.49412,70; 42; 85; 5; 63; 30; 6; 38; 48; 58
31,67,0.29843,0.46269,8; 31; 67; 28; 23; 19; 64; 82; 20; 80
29,79,0.25341,0.36709,59; 29; 79; 33; 39; 30; 52; 17; 50; 81
22,59,0.31599,0.37288,47; 22; 59; 5; 83; 43; 68; 75; 63; 53
15,60,0.24782,0.25,49; 15; 60; 54; 72; 37; 67; 81; 14; 6
47,83,0.24464,0.56627,71; 47; 83; 31; 38; 53; 51; 59; 72; 78
20,57,0.31048,0.35088,36; 20; 57; 47; 14; 73; 31; 18; 80; 64
27,55,0.32334,0.49091,27; 27; 55; 48; 71; 78; 60; 85; 37; 18
15,41,0.31317,0.36585,84; 15; 41; 80; 61; 74; 28; 7; 40; 47
23,77,0.27931,0.2987,49; 23; 77; 75; 80; 30; 13; 24; 22; 12
64,74,0.21646,0.86486,36; 64; 74; 23; 17; 28; 53; 23; 77; 12
15,59,0.24847,0.25424,14; 15; 59; 47; 13; 27; 37; 68; 74; 77
30,61,0.3158,0.4918,65; 30; 61; 42; 28; 9; 71; 11; 83; 62
24,75,0.27783,0.32,47; 24; 75; 82; 23; 39; 48; 20; 24; 52
40,70,0.27063,0.57143,27; 40; 70; 65; 62; 50; 56; 55; 17; 11
14,56,0.24523,0.25,70; 14; 56; 52; 7; 44; 17; 67; 20; 78
25,85,0.25211,0.29412,21; 25; 85; 12; 78; 31; 37; 78; 71; 26
19,69,0.26938,0.27536,59; 19; 69; 8; 73; 6; 36; 69; 41; 65
8,14,0.27923,0.57143,66; 8; 14; 49; 41; 20; 77; 42; 13; 12
22,79,0.26826,0.27848,45; 22; 79; 30; 64; 75; 15; 24; 23; 36
63,73,0.2173,0.86301,6; 63; 73; 75; 85; 78; 42; 10; 52; 21
51,64,0.25068,0.79688,48; 51; 64; 49; 68; 32; 70; 33; 67; 21
39,80,0.26745,0.4875,14; 39; 80; 13; 8; 23; 54; 70; 45; 41
51,61,0.25775,0.83607,29; 51; 61; 79; 12; 51; 58; 22; 53; 9
18,63,0.27567,0.28571,13; 18; 63; 19; 8; 66; 84; 9; 54; 5
27,59,0.31885,0.45763,77; 27; 59; 52; 54; 20; 19; 23; 55; 26
17,61,0.2746,0.27869,18; 17; 61; 33; 55; 83; 34; 31; 22; 17
18,76,0.23333,0.23684,34; 18; 76; 30; 78; 42; 26; 83; 52; 6
41,72,0.27019,0.56944,28; 41; 72; 5; 37; 30; 79; 77; 31; 65
62,76,0.22264,0.81579,19; 62; 76; 35; 12; 71; 31; 27; 24; 81
29,59,0.31409,0.49153,18; 29; 59; 60; 79; 76; 84; 12; 48; 54
24,48,0.33394,0.5,59; 24; 48; 34; 52; 55; 81; 61; 29; 31
16,50,0.29523,0.32,14; 16; 50; 62; 55; 38; 31; 84; 20; 21
18,36,0.33399,0.5,14; 18; 36; 23; 58; 29; 60; 35; 10; 37
19,34,0.34352,0.55882,79; 19; 34; 74; 14; 10; 8; 34; 72; 75
27,81,0.26809,0.33333,7; 27; 81; 12; 78; 21; 59; 45; 69; 67
18,39,0.33533,0.46154,63; 18; 39; 79; 77; 23; 44; 11; 53; 78
19,69,0.27267,0.27536,30; 19; 69; 54; 34; 45; 37; 52; 53; 64
46,80,0.25239,0.575,53; 46; 80; 66; 17; 54; 85; 39; 34; 36
17,61,0.27447,0.27869,78; 17; 61; 43; 73; 59; 6; 73; 43; 85
24,49,0.33286,0.4898,46; 24; 49; 45; 56; 80; 23; 56; 50; 7
23,72,0.29393,0.31944,26; 23; 72; 84; 74; 54; 75; 59; 10; 58
10,27,0.3032,0.37037,26; 10; 27; 48; 9; 45; 54; 40; 7; 58
11,45,0.24245,0.24444,40; 11; 45; 79; 36; 66; 69; 76; 61; 56
22,39,0.33992,0.5641,41; 22; 39; 55; 49; 84; 27; 13; 21; 85
25,79,0.26091,0.31646,84; 25; 79; 33; 60; 76; 27; 69; 24; 60
14,44,0.2965,0.31818,74; 14; 44; 80; 46; 73; 71; 70; 71; 72
23,65,0.3051,0.35385,42; 23; 65; 23; 69; 68; 7; 30; 84; 10
32,70,0.28821,0.45714,65; 32; 70; 85; 14; 66; 37; 32; 80; 57
27,84,0.25908,0.32143,56; 27; 84; 80; 59; 32; 76; 36; 38; 47
27,77,0.27613,0.35065,38; 27; 77; 39; 46; 58; 50; 32; 28; 56
17,49,0.30722,0.34694,10; 17; 49; 26; 60; 11; 22; 72; 71; 65
67,78,0.18482,0.85897,28; 67; 78; 59; 12; 60; 21; 34; 72; 29
58,69,0.23709,0.84058,22; 58; 69; 32; 68; 47; 77; 55; 27; 19
22,80,0.26927,0.275,60; 22; 80; 62; 15; 82; 83; 8; 52; 48
30,81,0.27797,0.37037,19; 30; 81; 51; 46; 12; 42; 41; 24; 28
15,53,0.27542,0.28302,16; 15; 53; 56; 39; 24; 47; 81; 19; 48
8,33,0.23778,0.24242,71; 8; 33; 43; 8; 14; 17; 34; 39; 28
21,85,0.24836,0.24706,5; 21; 85; 25; 11; 40; 70; 10; 36; 37
36,64,0.30085,0.5625,33; 36; 64; 76; 67; 68; 83; 53; 72; 70
47,84,0.22317,0.55952,63; 47; 84; 79; 21; 22; 39; 20; 46; 46
47,82,0.20485,0.57317,77; 47; 82; 75; 21; 36; 26; 52; 10; 5
46,56,0.28539,0.82143,12; 46; 56; 79; 19; 42; 41; 56; 13; 48
47,59,0.27026,0.79661,21; 47; 59; 47; 55; 78; 27; 84; 81; 84
19,80,0.24108,0.2375,51; 19; 80; 77; 82; 36; 75; 19; 26; 42
24,82,0.26578,0.29268,67; 24; 82; 18; 25; 44; 7; 25; 46; 23
10,27,0.30759,0.37037,18; 10; 27; 36; 24; 44; 47; 70; 10; 42
71,83,0.16731,0.85542,18; 71; 83; 58; 76; 83; 6; 71; 57; 6
30,53,0.32936,0.56604,24; 30; 53; 52; 58; 43; 76; 49; 74; 68
41,50,0.30279,0.82,19; 41; 50; 36; 23; 82; 46; 40; 58; 14
13,40,0.30084,0.325,17; 13; 40; 9; 47; 33; 64; 11; 31; 40
43,54,0.28186,0.7963,5; 43; 54; 28; 85; 27; 22; 12; 13; 42
8,27,0.27696,0.2963,78; 8; 27; 64; 65; 45; 55; 80; 84; 68
20,85,0.23445,0.23529,40; 20; 85; 79; 47; 76; 33; 50; 71; 29
15,41,0.31154,0.36585,70; 15; 41; 54; 30; 29; 38; 57; 62; 34
54,64,0.25453,0.84375,85; 54; 64; 41; 58; 21; 51; 82; 51; 55
10,41,0.24576,0.2439,13; 10; 41; 54; 15; 23; 40; 47; 75; 75
20,36,0.34206,0.55556,5; 20; 36; 57; 82; 49; 6; 6; 9; 69
14,17,0.32521,0.82353,40; 14; 17; 14; 39; 15; 74; 18; 28; 16
26,31,0.34507,0.83871,45; 26; 31; 81; 71; 15; 49; 39; 78; 33
20,81,0.24815,0.24691,51; 20; 81; 76; 73; 46; 59; 64; 24; 66
30,82,0.2788,0.36585,59; 30; 82; 20; 47; 73; 47; 5; 19; 25
8,33,0.23568,0.24242,22; 8; 33; 46; 71; 54; 22; 52; 25; 50
20,82,0.24291,0.2439,67; 20; 82; 77; 82; 67; 35; 34; 32; 64
41,50,0.27147,0.82,62; 41; 50; 6; 72; 14; 62; 70; 80; 21
20,40,0.339,0.5,54; 20; 40; 51; 37; 29; 15; 81; 30; 61
9,27,0.29579,0.33333,85; 9; 27; 69; 81; 84; 80; 30; 15; 34
19,41,0.33631,0.46341,64; 19; 41; 78; 20; 32; 41; 80; 48; 34
23,40,0.33733,0.575,56; 23; 40; 55; 27; 19; 66; 33; 83; 58
39,85,0.23981,0.45882,37; 39; 85; 62; 7; 41; 50; 8; 37; 43
26,46,0.3389,0.56522,78; 26; 46; 52; 54; 60; 10; 46; 23; 50
19,65,0.28192,0.29231,54; 19; 65; 81; 33; 6; 38; 75; 81; 61
23,76,0.27676,0.30263,31; 23; 76; 40; 17; 18; 12; 25; 81; 53
36,63,0.30416,0.57143,50; 36; 63; 36; 75; 33; 23; 23; 47; 10
23,40,0.34233,0.575,27; 23; 40; 56; 71; 28; 80; 83; 15; 38
16,43,0.3151,0.37209,76; 16; 43; 52; 70; 40; 84; 54; 43; 29
55,64,0.24532,0.85938,25; 55; 64; 79; 22; 68; 12; 13; 76; 24
20,63,0.29873,0.31746,39; 20; 63; 38; 68; 23; 20; 74; 55; 10
32,39,0.32571,0.82051,19; 32; 39; 72; 14; 67; 42; 21; 12; 65
35,61,0.30252,0.57377,31; 35; 61; 54; 23; 34; 39; 67; 30; 71
16,54,0.2845,0.2963,42; 16; 54; 85; 24; 34; 58; 34; 79; 80
29,82,0.25005,0.35366,75; 29; 82; 42; 35; 66; 61; 77; 58; 62
71,83,0.1786,0.85542,39; 71; 83; 77; 32; 44; 35; 62; 63; 23
32,57,0.31483,0.5614,55; 32; 57; 22; 72; 9; 18; 66; 79; 66
48,57,0.27539,0.84211,83; 48; 57; 75; 61; 65; 21; 53; 82; 60
14,40,0.30871,0.35,53; 14; 40; 62; 40; 36; 46; 55; 21; 48
30,54,0.33233,0.55556,39; 30; 54; 78; 9; 39; 41; 69; 54; 38
18,51,0.30984,0.35294,48; 18; 51; 47; 52; 16; 11; 81; 18; 39
17,68,0.24953,0.25,55; 17; 68; 53; 22; 19; 63; 14; 9; 28
8,14,0.26431,0.57143,49; 8; 14; 11; 77; 10; 55; 27; 15; 76
61,77,0.2041,0.79221,29; 61; 77; 61; 75; 9; 69; 63; 41; 14
26,33,0.34412,0.78788,37; 26; 33; 80; 80; 35; 54; 41; 83; 38
43,77,0.24829,0.55844,79; 43; 77; 47; 24; 56; 63; 32; 49; 35
59,69,0.23575,0.85507,33; 59; 69; 46; 76; 43; 34; 30; 10; 36
18,21,0.34302,0.85714,66; 18; 21; 7; 58; 31; 64; 41; 54; 48
29,79,0.27402,0.36709,72; 29; 79; 13; 41; 37; 49; 54; 8; 9
15,43,0.30867,0.34884,43; 15; 43; 48; 69; 43; 66; 78; 19; 18
67,78,0.19488,0.85897,85; 67; 78; 17; 41; 51; 65; 30; 10; 63
21,57,0.31365,0.36842,25; 21; 57; 20; 6; 35; 60; 67; 73; 48
40,70,0.26253,0.57143,8; 40; 70; 53; 73; 52; 72; 65; 57; 5
69,80,0.19674,0.8625,85; 69; 80; 29; 13; 47; 58; 40; 83; 34
22,79,0.26811,0.27848,11; 22; 79; 76; 79; 85; 31; 40; 67; 47
58,71,0.22272,0.8169,73; 58; 71; 11; 5; 72; 74; 42; 64; 76
19,41,0.33203,0.46341,46; 19; 41; 11; 77; 63; 58; 80; 68; 10
7,21,0.29164,0.33333,66; 7; 21; 41; 71; 83; 63; 37; 28; 28
14,48,0.28453,0.29167,11; 14; 48; 77; 35; 61; 63; 11; 8; 43
20,36,0.34001,0.55556,54; 20; 36; 66; 14; 50; 45; 53; 14; 24
29,51,0.30358,0.56863,59; 29; 51; 49; 66; 55; 51; 65; 84; 65
61,73,0.18073,0.83562,8; 61; 73; 81; 64; 66; 22; 70; 9; 16
66,84,0.2039,0.78571,53; 66; 84; 9; 30; 12; 81; 58; 6; 45
44,55,0.28568,0.8,6; 44; 55; 46; 41; 30; 26; 77; 34; 84
73,85,0.19166,0.85882,22; 73; 85; 26; 84; 81; 67; 51; 42; 64
5,18,0.2611,0.27778,69; 5; 18; 5; 58; 58; 70; 25; 45; 75
20,72,0.27178,0.27778,17; 20; 72; 50; 56; 31; 53; 50; 15; 80
56,71,0.23971,0.78873,42; 56; 71; 62; 26; 27; 84; 72; 62; 9
14,42,0.29912,0.33333,46; 14; 42; 60; 5; 18; 85; 46; 52; 19
44,56,0.27652,0.78571,17; 44; 56; 75; 25; 51; 53; 15; 65; 44
22,39,0.34085,0.5641,25; 22; 39; 53; 57; 32; 82; 25; 64; 30
20,63,0.29699,0.31746,54; 20; 63; 20; 43; 13; 19; 49; 73; 5
41,83,0.23894,0.49398,75; 41; 83; 52; 32; 62; 41; 49; 20; 28
24,74,0.28949,0.32432,23; 24; 74; 61; 21; 75; 52; 11; 16; 50
69,80,0.18283,0.8625,42; 69; 80; 18; 74; 62; 81; 48; 77; 5
36,72,0.2777,0.5,23; 36; 72; 77; 57; 63; 81; 76; 83; 20
12,24,0.3258,0.5,68; 12; 24; 46; 11; 40; 48; 47; 67; 30
7,25,0.2686,0.28,16; 7; 25; 38; 47; 50; 60; 15; 27; 58
9,16,0.30343,0.5625,79; 9; 16; 44; 26; 11; 53; 83; 21; 64
18,76,0.2322,0.23684,25; 18; 76; 79; 53; 42; 76; 70; 38; 35
19,64,0.28399,0.29688,18; 19; 64; 67; 59; 46; 30; 35; 48; 41
24,80,0.27305,0.3,76; 24; 80; 29; 27; 15; 55; 37; 11; 16
71,85,0.19516,0.83529,49; 71; 85; 19; 32; 49; 35; 37; 18; 44
63,80,0.20171,0.7875,28; 63; 80; 62; 9; 51; 65; 51; 73; 80
41,50,0.30187,0.82,72; 41; 50; 59; 28; 10; 16; 85; 38; 61
11,46,0.23995,0.23913,60; 11; 46; 19; 59; 7; 24; 59; 83; 68
39,70,0.27486,0.55714,10; 39; 70; 56; 63; 52; 82; 41; 30; 30
8,29,0.27247,0.27586,45; 8; 29; 28; 16; 48; 25; 46; 66; 44
28,80,0.26515,0.35,67; 28; 80; 71; 67; 54; 82; 15; 37; 77
49,58,0.27121,0.84483,55; 49; 58; 28; 30; 9; 62; 57; 12; 25
60,73,0.21314,0.82192,29; 60; 73; 78; 61; 30; 33; 67; 34; 27
13,54,0.23675,0.24074,68; 13; 54; 22; 73; 50; 29; 26; 65; 57
13,28,0.32795,0.46429,27; 13; 28; 29; 50; 61; 68; 44; 38; 42
23,83,0.26821,0.27711,18; 23; 83; 85; 32; 78; 60; 62; 43; 8
33,71,0.27636,0.46479,46; 33; 71; 55; 59; 81; 43; 19; 25; 49
67,78,0.1937,0.85897,45; 67; 78; 73; 73; 56; 79; 36; 21; 37
21,60,0.31501,0.35,32; 21; 60; 5; 67; 21; 63; 29; 85; 40
33,72,0.28279,0.45833,11; 33; 72; 10; 61; 67; 38; 65; 54; 84
33,59,0.29456,0.55932,28; 33; 59; 34; 64; 82; 60; 35; 56; 43
25,84,0.25938,0.29762,84; 25; 84; 23; 7; 82; 31; 64; 80; 34
27,32,0.34077,0.84375,5; 27; 32; 21; 74; 38; 44; 39; 39; 42
41,82,0.23752,0.5,37; 41; 82; 37; 20; 68; 7; 20; 12; 41
17,34,0.3396,0.5,35; 17; 34; 30; 63; 59; 33; 26; 82; 28
44,55,0.28592,0.8,59; 44; 55; 63; 57; 78; 71; 5; 37; 27
28,81,0.27792,0.34568,18; 28; 81; 10; 75; 44; 13; 37; 47; 77
41,51,0.30095,0.80392,35; 41; 51; 44; 53; 8; 16; 16; 13; 22
56,68,0.24081,0.82353,82; 56; 68; 85; 43; 52; 53; 81; 52; 23
43,77,0.22254,0.55844,70; 43; 77; 32; 76; 11; 73; 52; 59; 44
26,80,0.27322,0.325,38; 26; 80; 9; 7; 73; 51; 30; 52; 14
22,67,0.29721,0.32836,14; 22; 67; 68; 77; 73; 49; 64; 50; 82
22,60,0.31463,0.36667,82; 22; 60; 9; 11; 6; 39; 15; 41; 12
9,36,0.24763,0.25,19; 9; 36; 6; 81; 20; 68; 45; 72; 33
15,52,0.27893,0.28846,52; 15; 52; 13; 34; 36; 22; 73; 44; 78
20,66,0.2872,0.30303,62; 20; 66; 64; 13; 64; 67; 46; 80; 28
59,75,0.22172,0.78667,13; 59; 75; 79; 10; 42; 47; 29; 49; 33
29,58,0.31421,0.5,77; 29; 58; 15; 58; 73; 22; 24; 23; 42
23,82,0.26635,0.28049,81; 23; 82; 77; 58; 45; 47; 12; 40; 38
35,62,0.30168,0.56452,48; 35; 62; 12; 69; 44; 64; 85; 27; 52
31,63,0.311,0.49206,24; 31; 63; 83; 32; 43; 29; 66; 64; 75
43,54,0.29246,0.7963,68; 43; 54; 85; 71; 46; 75; 71; 17; 39
19,38,0.34056,0.5,53; 19; 38; 30; 30; 5; 8; 82; 14; 36
13,53,0.24052,0.24528,76; 13; 53; 73; 31; 21; 84; 31; 17; 29
22,28,0.34227,0.78571,30; 22; 28; 20; 42; 85; 25; 6; 81; 66
15,45,0.30273,0.33333,16; 15; 45; 7; 28; 55; 38; 47; 11; 20
17,68,0.24646,0.25,17; 17; 68; 67; 10; 54; 20; 24; 37; 79
44,78,0.24792,0.5641,69; 44; 78; 8; 30; 20; 58; 25; 81; 20
19,67,0.28063,0.28358,39; 19; 67; 8; 39; 24; 37; 72; 67; 75
31,36,0.3381,0.86111,85; 31; 36; 69; 76; 85; 20; 29; 60; 58
41,72,0.27228,0.56944,71; 41; 72; 28; 76; 55; 76; 54; 43; 5
36,78,0.2722,0.46154,75; 36; 78; 62; 33; 48; 27; 24; 83; 74
33,58,0.30483,0.56897,36; 33; 58; 70; 16; 34; 10; 13; 15; 30
39,78,0.25154,0.5,73; 39; 78; 71; 19; 19; 17; 30; 75; 13
20,83,0.24319,0.24096,37; 20; 83; 67; 13; 40; 74; 50; 68; 34
33,67,0.29184,0.49254,46; 33; 67; 17; 64; 83; 57; 12; 21; 61
19,77,0.24724,0.24675,21; 19; 77; 27; 17; 15; 69; 34; 54; 78
31,37,0.34038,0.83784,44; 31; 37; 47; 84; 50; 71; 21; 54; 6
26,31,0.34563,0.83871,37; 26; 31; 41; 24; 57; 31; 47; 64; 75
18,54,0.3021,0.33333,31; 18; 54; 53; 81; 36; 11; 83; 72; 68
71,85,0.19249,0.83529,60; 71; 85; 68; 22; 52; 13; 67; 13; 85
18,21,0.3425,0.85714,75; 18; 21; 49; 57; 78; 82; 66; 16; 50
27,73,0.28757,0.36986,19; 27; 73; 75; 64; 72; 27; 35; 18; 50
28,49,0.33064,0.57143,52; 28; 49; 19; 65; 31; 24; 78; 33; 40
33,58,0.31079,0.56897,72; 33; 58; 60; 5; 52; 66; 21; 58; 66
25,75,0.27224,0.33333,66; 25; 75; 35; 50; 32; 27; 75; 34; 57
16,66,0.24331,0.24242,36; 16; 66; 23; 30; 50; 29; 78; 35; 27
30,61,0.31949,0.4918,41; 30; 61; 72; 14; 11; 19; 18; 69; 18
29,84,0.26926,0.34524,33; 29; 84; 67; 62; 70; 75; 46; 7; 75
10,42,0.23845,0.2381,60; 10; 42; 16; 84; 17; 5; 74; 76; 30
38,82,0.25863,0.46341,61; 38; 82; 63; 74; 18; 53; 53; 58; 39
16,46,0.30815,0.34783,78; 16; 46; 62; 69; 21; 82; 34; 79; 40
13,51,0.24794,0.2549,63; 13; 51; 79; 39; 60; 62; 12; 35; 76
18,76,0.23634,0.23684,30; 18; 76; 58; 31; 7; 22; 21; 62; 20
39,79,0.26844,0.49367,30; 39; 79; 37; 18; 21; 68; 7; 83; 67
23,40,0.34577,0.575,64; 23; 40; 47; 11; 16; 46; 23; 30; 78
9,32,0.27054,0.28125,82; 9; 32; 33; 52; 55; 35; 41; 12; 57
15,46,0.30244,0.32609,40; 15; 46; 62; 66; 78; 71; 34; 56; 85
45,55,0.28926,0.81818,45; 45; 55; 40; 54; 47; 29; 9; 72; 73
6,25,0.22931,0.24,39; 6; 25; 17; 46; 60; 16; 83; 52; 8
51,62,0.26543,0.82258,52; 51; 62; 44; 58; 64; 82; 37; 24; 10
47,56,0.2692,0.83929,66; 47; 56; 71; 84; 80; 26; 30; 6; 25
30,81,0.27086,0.37037,20; 30; 81; 29; 57; 23; 38; 71; 37; 22
28,85,0.26864,0.32941,23; 28; 85; 60; 52; 38; 14; 44; 18; 69
23,71,0.29739,0.32394,80; 23; 71; 62; 20; 64; 46; 24; 72; 62
32,38,0.33497,0.84211,55; 32; 38; 27; 24; 77; 50; 63; 59; 43
24,82,0.26997,0.29268,78; 24; 82; 41; 46; 52; 36; 52; 33; 8
46,82,0.23446,0.56098,59; 46; 82; 22; 85; 83; 83; 65; 25; 32
24,65,0.30823,0.36923,42; 24; 65; 71; 78; 13; 66; 73; 72; 82
28,79,0.27843,0.35443,20; 28; 79; 39; 47; 13; 26; 59; 80; 34
38,77,0.25873,0.49351,14; 38; 77; 62; 51; 83; 12; 42; 5; 67
70,85,0.18826,0.82353,30; 70; 85; 6; 66; 36; 8; 44; 35; 59
28,56,0.31258,0.5,21; 28; 56; 64; 76; 72; 71; 25; 11; 73
44,79,0.24716,0.55696,9; 44; 79; 65; 23; 33; 78; 7; 67; 52
61,73,0.22413,0.83562,63; 61; 73; 85; 70; 76; 21; 31; 54; 54
15,54,0.27328,0.27778,81; 15; 54; 45; 60; 84; 13; 47; 30; 34
27,47,0.33407,0.57447,85; 27; 47; 67; 77; 82; 47; 85; 8; 6
50,58,0.27229,0.86207,57; 50; 58; 50; 50; 50; 27; 65; 21; 80
16,67,0.2379,0.23881,37; 16; 67; 22; 17; 14; 54; 30; 10; 67
21,43,0.3393,0.48837,60; 21; 43; 19; 82; 80; 60; 84; 21; 18
71,83,0.19018,0.85542,57; 71; 83; 63; 40; 18; 30; 38; 73; 36
33,67,0.3015,0.49254,13; 33; 67; 5; 65; 47; 18; 26; 52; 63
21,84,0.24742,0.25,14; 21; 84; 35; 45; 66; 11; 30; 64; 30
12,43,0.27341,0.27907,47; 12; 43; 76; 33; 21; 36; 69; 49; 29
6,25,0.23649,0.24,80; 6; 25; 43; 19; 75; 19; 21; 22; 17
15,61,0.24455,0.2459,59; 15; 61; 10; 38; 42; 49; 71; 37; 62
38,76,0.25548,0.5,83; 38; 76; 54; 22; 63; 24; 75; 12; 73
15,63,0.23615,0.2381,14; 15; 63; 67; 11; 18; 30; 79; 28; 44
13,44,0.2828,0.29545,23; 13; 44; 24; 40; 26; 80; 19; 17; 58
31,36,0.33612,0.86111,55; 31; 36; 29; 38; 77; 64; 30; 20; 78
7,20,0.29795,0.35,55; 7; 20; 72; 6; 64; 18; 14; 27; 16
24,81,0.25713,0.2963,41; 24; 81; 83; 8; 11; 44; 22; 17; 21
38,83,0.26511,0.45783,51; 38; 83; 58; 16; 64; 12; 22; 62; 71
19,41,0.33267,0.46341,78; 19; 41; 30; 15; 14; 75; 33; 57; 14
32,38,0.33304,0.84211,76; 32; 38; 5; 17; 44; 54; 57; 22; 71
58,73,0.22703,0.79452,39; 58; 73; 58; 57; 50; 30; 81; 64; 31
25,67,0.30052,0.37313,78; 25; 67; 76; 85; 81; 36; 42; 5; 72
25,79,0.28092,0.31646,52; 25; 79; 35; 52; 60; 6; 72; 13; 12
36,64,0.29911,0.5625,73; 36; 64; 64; 72; 81; 76; 37; 6; 49
28,75,0.28803,0.37333,59; 28; 75; 14; 59; 25; 12; 14; 39; 39
27,73,0.28216,0.36986,36; 27; 73; 9; 10; 27; 59; 53; 12; 53
19,38,0.33606,0.5,51; 19; 38; 77; 50; 17; 5; 67; 26; 14
12,14,0.30282,0.85714,47; 12; 14; 71; 46; 45; 22; 72; 80; 79
62,74,0.21506,0.83784,24; 62; 74; 9; 67; 8; 23; 68; 64; 36
49,60,0.26763,0.81667,37; 49; 60; 25; 76; 24; 5; 64; 28; 10
19,78,0.24387,0.24359,81; 19; 78; 23; 32; 60; 67; 71; 30; 33
16,66,0.24276,0.24242,23; 16; 66; 78; 47; 15; 63; 56; 22; 55
30,53,0.32317,0.56604,79; 30; 53; 5; 16; 64; 9; 42; 32; 51
57,68,0.20689,0.83824,57; 57; 68; 26; 48; 15; 30; 41; 83; 10
15,43,0.30686,0.34884,47; 15; 43; 61; 39; 62; 72; 41; 14; 78
31,37,0.33742,0.83784,21; 31; 37; 32; 51; 21; 57; 45; 25; 67
58,71,0.22643,0.8169,53; 58; 71; 15; 67; 77; 68; 76; 68; 56
6,7,0.17706,0.85714,37; 6; 7; 10; 82; 31; 64; 70; 73; 46
11,24,0.32017,0.45833,67; 11; 24; 26; 57; 62; 73; 41; 56; 25
34,74,0.27426,0.45946,22; 34; 74; 62; 45; 47; 37; 84; 66; 8
39,80,0.21652,0.4875,30; 39; 80; 64; 8; 85; 47; 79; 80; 7
11,39,0.27427,0.28205,11; 11; 39; 44; 71; 79; 21; 27; 13; 20
49,61,0.26692,0.80328,24; 49; 61; 23; 7; 47; 39; 27; 71; 49
54,66,0.24456,0.81818,12; 54; 66; 58; 39; 38; 58; 39; 23; 77
56,68,0.22937,0.82353,13; 56; 68; 81; 68; 35; 63; 12; 24; 53
16,48,0.30342,0.33333,14; 16; 48; 24; 42; 10; 28; 18; 6; 63
32,70,0.28513,0.45714,41; 32; 70; 71; 23; 64; 69; 23; 11; 44
32,37,0.32954,0.86486,81; 32; 37; 50; 76; 85; 79; 69; 33; 80
46,81,0.24485,0.5679,21; 46; 81; 23; 17; 70; 60; 6; 82; 65
36,72,0.25422,0.5,12; 36; 72; 9; 38; 66; 81; 22; 38; 23
34,69,0.30066,0.49275,65; 34; 69; 13; 20; 32; 71; 77; 65; 16
38,78,0.25938,0.48718,85; 38; 78; 32; 57; 32; 83; 56; 7; 77
20,41,0.33719,0.4878,49; 20; 41; 59; 35; 31; 53; 13; 25; 32
34,68,0.30151,0.5,10; 34; 68; 76; 84; 48; 76; 78; 30; 15
10,27,0.30851,0.37037,19; 10; 27; 5; 71; 75; 5; 68; 68; 43
14,47,0.28514,0.29787,50; 14; 47; 38; 8; 74; 73; 47; 28; 57
32,70,0.29707,0.45714,48; 32; 70; 51; 81; 12; 53; 41; 59; 30
26,81,0.26501,0.32099,83; 26; 81; 21; 71; 8; 32; 74; 58; 29
40,82,0.24494,0.4878,43; 40; 82; 59; 53; 48; 14; 75; 25; 53
8,16,0.28223,0.5,16; 8; 16; 72; 56; 7; 49; 27; 26; 32
27,55,0.32762,0.49091,47; 27; 55; 76; 6; 30; 62; 83; 11; 23
29,84,0.26845,0.34524,58; 29; 84; 19; 57; 67; 75; 43; 29; 21
21,37,0.34185,0.56757,60; 21; 37; 43; 77; 38; 37; 21; 24; 50
58,71,0.22159,0.8169,11; 58; 71; 9; 62; 11; 8; 20; 33; 43
13,28,0.32856,0.46429,62; 13; 28; 42; 57; 82; 8; 80; 37; 56
19,34,0.33792,0.55882,29; 19; 34; 69; 66; 64; 75; 48; 66; 72
63,73,0.20678,0.86301,79; 63; 73; 22; 62; 85; 39; 71; 5; 84
23,28,0.34972,0.82143,51; 23; 28; 75; 47; 24; 19; 17; 17; 18
15,60,0.24682,0.25,27; 15; 60; 13; 39; 36; 41; 15; 25; 18
15,63,0.23579,0.2381,56; 15; 63; 67; 78; 81; 15; 28; 59; 10
47,59,0.26328,0.79661,31; 47; 59; 75; 46; 24; 11; 52; 27; 63
54,63,0.25472,0.85714,56; 54; 63; 28; 39; 5; 31; 14; 15; 22
59,72,0.22942,0.81944,77; 59; 72; 17; 74; 46; 84; 52; 58; 25
40,81,0.23699,0.49383,31; 40; 81; 9; 37; 45; 13; 52; 33; 24
51,59,0.26669,0.86441,33; 51; 59; 50; 36; 56; 11; 81; 81; 65
40,70,0.26577,0.57143,5; 40; 70; 85; 49; 19; 28; 76; 74; 41
29,82,0.26132,0.35366,57; 29; 82; 24; 23; 53; 60; 15; 22; 39
10,40,0.24847,0.25,78; 10; 40; 33; 61; 77; 58; 24; 40; 53
36,74,0.26974,0.48649,22; 36; 74; 67; 10; 80; 73; 23; 82; 78
46,80,0.24327,0.575,17; 46; 80; 62; 39; 29; 34; 24; 40; 9
40,71,0.2659,0.56338,40; 40; 71; 64; 24; 70; 45; 81; 37; 20
28,84,0.25202,0.33333,72; 28; 84; 27; 15; 45; 77; 40; 14; 38
17,48,0.30429,0.35417,79; 17; 48; 30; 10; 75; 53; 16; 34; 19
36,45,0.32076,0.8,20; 36; 45; 19; 11; 10; 59; 79; 15; 29
9,26,0.29706,0.34615,7; 9; 26; 54; 14; 63; 72; 33; 19; 55
40,50,0.30204,0.8,33; 40; 50; 49; 55; 17; 14; 64; 55; 79
38,44,0.32455,0.86364,74; 38; 44; 64; 28; 29; 13; 14; 51; 58
16,54,0.28624,0.2963,28; 16; 54; 78; 9; 9; 54; 74; 45; 13
69,82,0.19939,0.84146,22; 69; 82; 25; 48; 15; 69; 18; 48; 83
45,57,0.27786,0.78947,61; 45; 57; 16; 69; 29; 80; 16; 7; 7
9,28,0.28751,0.32143,6; 9; 28; 43; 83; 23; 72; 46; 56; 74
17,30,0.34051,0.56667,17; 17; 30; 28; 41; 54; 79; 28; 12; 8
60,75,0.22197,0.8,14; 60; 75; 65; 23; 79; 36; 43; 62; 58
19,65,0.27911,0.29231,7; 19; 65; 40; 50; 66; 43; 27; 68; 49
13,40,0.29983,0.325,72; 13; 40; 55; 23; 49; 34; 41; 48; 45
27,59,0.31968,0.45763,44; 27; 59; 18; 5; 29; 79; 27; 45; 6
28,49,0.33132,0.57143,54; 28; 49; 80; 41; 61; 9; 45; 66; 51
7,19,0.28652,0.36842,35; 7; 19; 81; 16; 81; 81; 66; 16; 26
49,57,0.22619,0.85965,28; 49; 57; 70; 20; 22; 21; 9; 49; 55
17,37,0.3329,0.45946,7; 17; 37; 56; 39; 59; 61; 35; 7; 38
13,44,0.28783,0.29545,72; 13; 44; 24; 10; 67; 11; 18; 30; 24
43,77,0.24596,0.55844,26; 43; 77; 47; 70; 34; 37; 70; 76; 71
15,59,0.24973,0.25424,69; 15; 59; 39; 74; 54; 43; 26; 62; 78
31,36,0.33577,0.86111,25; 31; 36; 8; 62; 49; 51; 23; 42; 60
7,29,0.24118,0.24138,8; 7; 29; 61; 14; 32; 17; 16; 83; 11
11,37,0.28108,0.2973,80; 11; 37; 54; 14; 85; 74; 63; 59; 29
46,80,0.2494,0.575,6; 46; 80; 62; 55; 18; 25; 54; 42; 39
15,53,0.27569,0.28302,55; 15; 53; 84; 25; 54; 84; 14; 18; 63
14,55,0.25054,0.25455,21; 14; 55; 25; 39; 17; 58; 10; 13; 8
27,54,0.32759,0.5,58; 27; 54; 39; 84; 17; 66; 26; 40; 9
46,56,0.28455,0.82143,21; 46; 56; 13; 82; 22; 22; 54; 30; 22
21,76,0.2719,0.27632,32; 21; 76; 7; 74; 42; 34; 45; 77; 6
8,29,0.26467,0.27586,14; 8; 29; 79; 72; 47; 33; 69; 32; 10
37,65,0.28732,0.56923,66; 37; 65; 77; 37; 30; 40; 17; 47; 49
28,79,0.28338,0.35443,7; 28; 79; 11; 29; 51; 22; 81; 38; 9
70,85,0.15696,0.82353,71; 70; 85; 82; 52; 44; 60; 61; 19; 74
37,74,0.26241,0.5,60; 37; 74; 78; 34; 9; 10; 21; 37; 51
11,45,0.24158,0.24444,10; 11; 45; 72; 34; 8; 51; 75; 23; 27
40,50,0.28855,0.8,58; 40; 50; 65; 64; 65; 26; 78; 41; 14
28,57,0.31715,0.49123,54; 28; 57; 66; 15; 63; 14; 40; 21; 77
24,79,0.27546,0.3038,50; 24; 79; 33; 34; 9; 64; 34; 57; 85
64,74,0.21021,0.86486,77; 64; 74; 14; 80; 7; 28; 45; 42; 65
36,63,0.30207,0.57143,32; 36; 63; 35; 78; 12; 41; 85; 76; 23
19,51,0.31566,0.37255,6; 19; 51; 62; 57; 83; 36; 16; 42; 10
31,83,0.2686,0.37349,35; 31; 83; 47; 52; 47; 49; 18; 74; 65
59,70,0.21443,0.84286,31; 59; 70; 83; 11; 77; 82; 66; 83; 41
13,35,0.31031,0.37143,33; 13; 35; 7; 60; 57; 26; 40; 28; 77
54,68,0.24216,0.79412,48; 54; 68; 76; 85; 8; 64; 33; 7; 19
16,65,0.2454,0.24615,16; 16; 65; 67; 82; 24; 73; 45; 59; 83
21,65,0.29803,0.32308,37; 21; 65; 32; 36; 36; 27; 72; 69; 13
12,41,0.28039,0.29268,63; 12; 41; 73; 41; 42; 65; 11; 37; 37
19,76,0.24727,0.25,49; 19; 76; 47; 50; 19; 62; 54; 45; 31
52,62,0.26508,0.83871,63; 52; 62; 10; 9; 13; 84; 84; 41; 64
8,32,0.23935,0.25,13; 8; 32; 56; 79; 70; 36; 69; 35; 19
44,78,0.24443,0.5641,63; 44; 78; 57; 41; 65; 29; 73; 19; 80
29,78,0.26747,0.37179,24; 29; 78; 17; 65; 28; 39; 79; 23; 68
31,54,0.32233,0.57407,82; 31; 54; 67; 30; 55; 84; 50; 76; 25
61,74,0.22035,0.82432,64; 61; 74; 9; 74; 24; 24; 80; 70; 44
26,71,0.29468,0.3662,85; 26; 71; 42; 54; 42; 48; 75; 16; 80
10,30,0.30005,0.33333,77; 10; 30; 7; 25; 49; 14; 29; 17; 56
34,43,0.32989,0.7907,61; 34; 43; 79; 49; 32; 43; 30; 78; 27
21,73,0.27922,0.28767,83; 21; 73; 69; 39; 60; 39; 17; 40; 34
11,14,0.29829,0.78571,69; 11; 14; 27; 45; 70; 19; 74; 61; 37
19,55,0.30793,0.34545,66; 19; 55; 79; 77; 51; 59; 32; 17; 16
33,58,0.31183,0.56897,58; 33; 58; 28; 36; 73; 9; 36; 10; 13
22,77,0.27971,0.28571,24; 22; 77; 72; 45; 13; 20; 49; 15; 22
12,26,0.32483,0.46154,30; 12; 26; 21; 16; 71; 21; 78; 53; 36
56,67,0.24189,0.83582,57; 56; 67; 57; 67; 83; 56; 44; 27; 53
11,38,0.28117,0.28947,23; 11; 38; 76; 81; 28; 27; 80; 53; 41
18,37,0.33511,0.48649,35; 18; 37; 75; 37; 75; 14; 75; 69; 58
47,59,0.28465,0.79661,63; 47; 59; 55; 45; 51; 20; 11; 20; 45
21,72,0.28122,0.29167,18; 21; 72; 32; 6; 62; 19; 31; 74; 63
28,79,0.27405,0.35443,27; 28; 79; 73; 53; 66; 25; 10; 7; 55
28,84,0.25535,0.33333,85; 28; 84; 17; 24; 73; 25; 83; 32; 39
12,40,0.2813,0.3,50; 12; 40; 33; 84; 77; 14; 26; 5; 64
71,83,0.19743,0.85542,32; 71; 83; 58; 76; 43; 22; 81; 41; 63
16,68,0.23414,0.23529,79; 16; 68; 14; 81; 28; 81; 11; 59; 62
36,72,0.27004,0.5,74; 36; 72; 22; 64; 29; 84; 36; 63; 55
64,81,0.19905,0.79012,7; 64; 81; 40; 84; 61; 7; 85; 69; 42
21,83,0.24688,0.25301,38; 21; 83; 76; 21; 7; 32; 42; 11; 73
27,82,0.26159,0.32927,6; 27; 82; 36; 19; 25; 30; 75; 43; 27
28,35,0.33459,0.8,20; 28; 35; 59; 42; 5; 17; 75; 32; 53
37,46,0.32127,0.80435,53; 37; 46; 10; 28; 73; 37; 40; 15; 58
38,68,0.28938,0.55882,70; 38; 68; 34; 52; 80; 18; 34; 11; 44
5,9,0.19569,0.55556,18; 5; 9; 60; 48; 69; 16; 46; 84; 82
56,67,0.23413,0.83582,84; 56; 67; 72; 51; 9; 31; 13; 62; 52
18,60,0.28593,0.3,49; 18; 60; 24; 31; 71; 72; 51; 54; 44
32,57,0.30955,0.5614,74; 32; 57; 64; 51; 35; 67; 6; 85; 52
25,71,0.29605,0.35211,84; 25; 71; 60; 45; 52; 48; 57; 44; 22
63,80,0.18364,0.7875,48; 63; 80; 73; 23; 22; 11; 36; 51; 38
25,71,0.29011,0.35211,83; 25; 71; 35; 5; 29; 21; 62; 64; 85
20,66,0.28968,0.30303,22; 20; 66; 74; 18; 51; 44; 65; 52; 19
37,65,0.29227,0.56923,80; 37; 65; 5; 15; 9; 20; 36; 15; 41
26,78,0.28286,0.33333,47; 26; 78; 48; 17; 65; 30; 27; 10; 70
58,69,0.23085,0.84058,68; 58; 69; 23; 33; 23; 50; 49; 42; 9
13,37,0.30758,0.35135,84; 13; 37; 49; 80; 61; 56; 81; 62; 8
28,49,0.32407,0.57143,5; 28; 49; 32; 28; 58; 62; 38; 31; 74
7,28,0.24408,0.25,11; 7; 28; 21; 63; 36; 36; 17; 8; 78
37,65,0.27735,0.56923,26; 37; 65; 21; 71; 58; 69; 40; 72; 64
47,83,0.23076,0.56627,75; 47; 83; 82; 57; 20; 65; 29; 67; 66
24,28,0.34477,0.85714,7; 24; 28; 76; 44; 54; 60; 22; 71; 53
7,24,0.27801,0.29167,62; 7; 24; 28; 23; 5; 72; 23; 25; 39
39,84,0.25394,0.46429,65; 39; 84; 57; 25; 32; 44; 8; 78; 60
30,38,0.32367,0.78947,11; 30; 38; 75; 51; 40; 67; 30; 5; 72
46,81,0.22371,0.5679,17; 46; 81; 84; 42; 83; 71; 36; 63; 16
18,39,0.33862,0.46154,48; 18; 39; 39; 10; 56; 82; 79; 17; 35
20,62,0.30258,0.32258,24; 20; 62; 81; 48; 62; 79; 8; 22; 9
6,18,0.27905,0.33333,14; 6; 18; 54; 36; 35; 16; 68; 54; 55
24,84,0.25717,0.28571,38; 24; 84; 14; 66; 21; 5; 13; 6; 80
67,80,0.19715,0.8375,14; 67; 80; 51; 17; 54; 56; 31; 78; 62
12,40,0.28466,0.3,23; 12; 40; 5; 14; 63; 65; 44; 74; 71
26,71,0.29585,0.3662,49; 26; 71; 17; 11; 62; 64; 62; 17; 70
17,71,0.24144,0.23944,13; 17; 71; 59; 80; 36; 76; 79; 69; 33
12,14,0.31195,0.85714,32; 12; 14; 54; 50; 24; 45; 74; 13; 28
37,65,0.27066,0.56923,81; 37; 65; 25; 24; 10; 36; 20; 32; 83
15,54,0.27495,0.27778,74; 15; 54; 54; 19; 72; 41; 53; 19; 61
64,80,0.20736,0.8,15; 64; 80; 81; 12; 68; 77; 42; 27; 34
6,20,0.28306,0.3,8; 6; 20; 84; 31; 78; 50; 65; 14; 65
20,81,0.25115,0.24691,67; 20; 81; 40; 22; 21; 51; 22; 18; 65
26,70,0.30095,0.37143,45; 26; 70; 33; 35; 61; 51; 81; 15; 50
13,40,0.29434,0.325,70; 13; 40; 22; 42; 10; 85; 32; 83; 75
13,47,0.27115,0.2766,41; 13; 47; 80; 34; 13; 77; 83; 50; 35
35,62,0.30164,0.56452,62; 35; 62; 27; 41; 21; 24; 42; 55; 81
19,52,0.31491,0.36538,40; 19; 52; 69; 75; 81; 22; 6; 60; 64
15,27,0.33855,0.55556,13; 15; 27; 61; 22; 49; 14; 10; 60; 52
62,76,0.22145,0.81579,29; 62; 76; 27; 56; 78; 43; 26; 36; 38
23,73,0.2729,0.31507,18; 23; 73; 24; 77; 16; 63; 62; 80; 16
23,78,0.27715,0.29487,67; 23; 78; 30; 53; 44; 56; 70; 63; 60
19,52,0.3126,0.36538,27; 19; 52; 74; 40; 53; 54; 52; 70; 20
23,46,0.33611,0.5,67; 23; 46; 60; 15; 22; 45; 66; 7; 68
31,84,0.25761,0.36905,56; 31; 84; 55; 30; 25; 50; 41; 70; 38
10,42,0.23664,0.2381,63; 10; 42; 26; 77; 14; 19; 78; 82; 56
13,37,0.30618,0.35135,52; 13; 37; 62; 54; 5; 34; 63; 53; 24
8,34,0.23373,0.23529,14; 8; 34; 13; 16; 72; 47; 12; 73; 36
14,48,0.28263,0.29167,58; 14; 48; 43; 36; 60; 23; 9; 25; 25
20,79,0.2538,0.25316,34; 20; 79; 41; 52; 21; 36; 44; 29; 13
25,78,0.28078,0.32051,37; 25; 78; 77; 14; 56; 5; 8; 84; 7
22,28,0.34381,0.78571,38; 22; 28; 29; 20; 54; 15; 12; 82; 19
22,63,0.30647,0.34921,58; 22; 63; 50; 34; 51; 47; 80; 22; 46
65,82,0.19662,0.79268,32; 65; 82; 78; 59; 61; 77; 25; 36; 20
30,65,0.30487,0.46154,6; 30; 65; 46; 42; 5; 30; 40; 36; 6
62,78,0.21853,0.79487,84; 62; 78; 19; 36; 63; 80; 32; 57; 42
22,62,0.31402,0.35484,71; 22; 62; 70; 53; 55; 55; 85; 21; 40
17,37,0.33023,0.45946,13; 17; 37; 55; 33; 74; 34; 27; 36; 64
6,13,0.23726,0.46154,64; 6; 13; 73; 45; 37; 8; 16; 58; 62
34,43,0.33065,0.7907,69; 34; 43; 57; 65; 52; 31; 5; 47; 49
22,74,0.28046,0.2973,21; 22; 74; 83; 43; 66; 39; 52; 56; 30
22,62,0.31345,0.35484,18; 22; 62; 24; 47; 65; 70; 23; 81; 19
45,55,0.28443,0.81818,81; 45; 55; 72; 64; 25; 57; 44; 35; 41
13,51,0.24878,0.2549,83; 13; 51; 12; 36; 81; 38; 57; 7; 58
51,62,0.26424,0.82258,28; 51; 62; 28; 33; 61; 19; 44; 6; 16
36,45,0.31145,0.8,65; 36; 45; 85; 73; 37; 61; 22; 60; 17
8,25,0.28664,0.32,72; 8; 25; 15; 14; 8; 65; 42; 63; 40
17,53,0.29556,0.32075,78; 17; 53; 35; 37; 63; 25; 39; 79; 10
23,81,0.25389,0.28395,17; 23; 81; 42; 24; 23; 66; 71; 38; 72
23,63,0.31221,0.36508,21; 23; 63; 69; 59; 43; 26; 54; 51; 67
34,61,0.30893,0.55738,66; 34; 61; 60; 49; 22; 31; 26; 51; 44
33,68,0.28494,0.48529,38; 33; 68; 32; 39; 56; 47; 40; 18; 63
24,69,0.30302,0.34783,73; 24; 69; 74; 71; 65; 63; 74; 32; 72
21,69,0.28692,0.30435,45; 21; 69; 39; 40; 71; 71; 45; 66; 59
14,56,0.24451,0.25,81; 14; 56; 63; 83; 42; 33; 84; 49; 70
67,85,0.17838,0.78824,53; 67; 85; 35; 24; 47; 17; 83; 53; 27
18,49,0.31556,0.36735,19; 18; 49; 35; 68; 72; 83; 48; 77; 56
23,79,0.27007,0.29114,45; 23; 79; 60; 22; 64; 33; 20; 15; 85
19,60,0.2954,0.31667,41; 19; 60; 73; 75; 7; 46; 67; 23; 34
27,54,0.3222,0.5,60; 27; 54; 73; 43; 76; 49; 71; 41; 74
44,51,0.2952,0.86275,28; 44; 51; 66; 45; 30; 12; 18; 46; 40
14,47,0.28372,0.29787,14; 14; 47; 26; 74; 27; 77; 51; 43; 70
46,55,0.26239,0.83636,43; 46; 55; 11; 85; 60; 32; 14; 25; 85
19,64,0.28742,0.29688,45; 19; 64; 80; 84; 11; 17; 71; 77; 66
11,38,0.27973,0.28947,73; 11; 38; 11; 83; 44; 62; 79; 81; 6
20,84,0.24038,0.2381,34; 20; 84; 12; 66; 44; 76; 64; 9; 73
28,57,0.30916,0.49123,80; 28; 57; 54; 35; 70; 22; 67; 43; 17
37,75,0.26645,0.49333,76; 37; 75; 30; 83; 41; 66; 33; 11; 61
42,50,0.299,0.84,10; 42; 50; 77; 61; 84; 74; 78; 49; 34
22,28,0.34904,0.78571,15; 22; 28; 55; 58; 51; 57; 31; 9; 16
14,57,0.24283,0.24561,24; 14; 57; 79; 24; 83; 67; 57; 5; 20
44,79,0.2505,0.55696,7; 44; 79; 79; 19; 19; 56; 44; 7; 39
17,69,0.24579,0.24638,37; 17; 69; 51; 49; 12; 6; 80; 18; 42
58,69,0.23547,0.84058,52; 58; 69; 85; 63; 58; 9; 82; 34; 71
23,78,0.27574,0.29487,35; 23; 78; 18; 38; 34; 65; 67; 50; 16
25,68,0.29228,0.36765,80; 25; 68; 19; 7; 36; 67; 38; 77; 5
24,65,0.30978,0.36923,15; 24; 65; 43; 55; 65; 16; 22; 59; 27
22,63,0.30776,0.34921,33; 22; 63; 51; 49; 58; 66; 43; 21; 61
12,48,0.24811,0.25,61; 12; 48; 36; 52; 85; 55; 78; 47; 17
26,46,0.33319,0.56522,18; 26; 46; 76; 25; 34; 43; 73; 78; 51
15,46,0.30331,0.32609,61; 15; 46; 83; 32; 20; 38; 12; 19; 5
11,22,0.3238,0.5,37; 11; 22; 69; 31; 82; 55; 84; 33; 52
37,75,0.25829,0.49333,19; 37; 75; 65; 65; 53; 47; 73; 71; 28
37,80,0.25276,0.4625,36; 37; 80; 32; 11; 27; 42; 48; 67; 33
23,81,0.27109,0.28395,53; 23; 81; 63; 5; 12; 40; 35; 47; 51
20,85,0.23719,0.23529,25; 20; 85; 73; 57; 37; 58; 61; 54; 28
6,7,0.16054,0.85714,56; 6; 7; 32; 54; 71; 62; 14; 76; 45
18,60,0.28985,0.3,61; 18; 60; 50; 47; 11; 30; 56; 12; 20
13,28,0.32556,0.46429,35; 13; 28; 46; 70; 81; 25; 38; 25; 36
36,72,0.25376,0.5,75; 36; 72; 66; 77; 66; 37; 53; 78; 42
5,15,0.26278,0.33333,54; 5; 15; 25; 57; 10; 40; 51; 31; 76
36,45,0.32585,0.8,20; 36; 45; 17; 60; 17; 82; 49; 22; 25
17,57,0.28626,0.29825,60; 17; 57; 21; 13; 33; 16; 10; 29; 20
62,72,0.22653,0.86111,25; 62; 72; 51; 25; 82; 25; 85; 44; 36
66,83,0.20449,0.79518,71; 66; 83; 37; 13; 41; 55; 68; 33; 32
6,24,0.2397,0.25,17; 6; 24; 57; 18; 65; 6; 74; 38; 82
21,83,0.25376,0.25301,9; 21; 83; 8; 19; 43; 29; 33; 16; 54
16,63,0.25722,0.25397,64; 16; 63; 44; 40; 72; 39; 54; 42; 69
15,47,0.29757,0.31915,59; 15; 47; 82; 64; 11; 37; 54; 81; 74
64,81,0.1916,0.79012,23; 64; 81; 15; 63; 38; 27; 17; 60; 53
35,63,0.30406,0.55556,65; 35; 63; 46; 78; 65; 45; 36; 83; 22
8,29,0.27056,0.27586,33; 8; 29; 67; 55; 80; 7; 47; 61; 22
35,71,0.29302,0.49296,85; 35; 71; 26; 72; 80; 23; 46; 52; 76
24,72,0.29007,0.33333,8; 24; 72; 7; 83; 32; 61; 85; 73; 25
48,84,0.22766,0.57143,75; 48; 84; 39; 48; 40; 24; 24; 53; 13
18,57,0.29937,0.31579,56; 18; 57; 47; 13; 56; 23; 68; 25; 38
26,57,0.32301,0.45614,43; 26; 57; 28; 47; 55; 29; 82; 57; 17
21,72,0.28179,0.29167,83; 21; 72; 20; 24; 56; 10; 72; 42; 11
13,44,0.28232,0.29545,53; 13; 44; 52; 46; 8; 55; 17; 28; 8
61,71,0.22309,0.85915,46; 61; 71; 78; 79; 71; 66; 46; 54; 83
68,81,0.19569,0.83951,64; 68; 81; 35; 78; 19; 11; 33; 26; 85
11,45,0.24186,0.24444,64; 11; 45; 76; 5; 59; 44; 84; 25; 68
49,62,0.2566,0.79032,35; 49; 62; 16; 78; 19; 43; 73; 35; 77
19,51,0.31859,0.37255,77; 19; 51; 32; 64; 61; 59; 67; 31; 41
21,72,0.2813,0.29167,77; 21; 72; 39; 52; 51; 32; 69; 8; 24
8,24,0.29648,0.33333,36; 8; 24; 85; 24; 65; 10; 55; 28; 52
19,69,0.27036,0.27536,50; 19; 69; 78; 44; 46; 22; 13; 38; 61
20,68,0.28218,0.29412,57; 20; 68; 67; 76; 8; 14; 36; 78; 65
12,24,0.32375,0.5,21; 12; 24; 66; 83; 51; 39; 9; 45; 48
16,49,0.30001,0.32653,59; 16; 49; 83; 63; 47; 52; 77; 39; 56
56,71,0.23148,0.78873,64; 56; 71; 41; 49; 67; 30; 45; 52; 60
20,69,0.27707,0.28986,61; 20; 69; 5; 23; 25; 51; 73; 63; 12
39,84,0.24114,0.46429,39; 39; 84; 82; 44; 52; 21; 32; 39; 77
22,80,0.26685,0.275,38; 22; 80; 16; 40; 41; 17; 18; 72; 69
30,82,0.26385,0.36585,6; 30; 82; 44; 20; 9; 17; 74; 81; 24
25,71,0.29833,0.35211,9; 25; 71; 51; 29; 44; 53; 22; 75; 34
39,78,0.23746,0.5,45; 39; 78; 48; 81; 50; 47; 54; 9; 31
16,43,0.31762,0.37209,30; 16; 43; 71; 76; 52; 12; 85; 12; 82
51,64,0.25081,0.79688,54; 51; 64; 50; 82; 61; 49; 20; 47; 50
27,85,0.26423,0.31765,56; 27; 85; 53; 72; 83; 71; 36; 28; 60
10,31,0.29503,0.32258,62; 10; 31; 21; 69; 17; 34; 50; 13; 52
10,36,0.2676,0.27778,24; 10; 36; 48; 20; 76; 80; 17; 55; 80
9,11,0.26561,0.81818,80; 9; 11; 45; 49; 18; 21; 74; 41; 66
16,54,0.28194,0.2963,60; 16; 54; 14; 80; 38; 67; 81; 60; 57
19,68,0.27823,0.27941,19; 19; 68; 16; 34; 49; 55; 62; 55; 8
6,20,0.27961,0.3,83; 6; 20; 68; 79; 46; 39; 80; 38; 22
17,34,0.33354,0.5,58; 17; 34; 45; 42; 34; 70; 61; 65; 33
25,50,0.32598,0.5,10; 25; 50; 42; 76; 10; 21; 54; 64; 56
17,71,0.23938,0.23944,57; 17; 71; 26; 77; 10; 75; 36; 85; 21
61,74,0.20839,0.82432,49; 61; 74; 80; 19; 9; 78; 35; 32; 37
10,35,0.27436,0.28571,47; 10; 35; 8; 34; 63; 37; 33; 84; 65
54,66,0.24319,0.81818,40; 54; 66; 45; 27; 17; 25; 51; 31; 15
6,18,0.28128,0.33333,39; 6; 18; 32; 23; 24; 68; 73; 30; 19
33,68,0.27814,0.48529,80; 33; 68; 47; 28; 52; 67; 27; 18; 50
50,61,0.26403,0.81967,63; 50; 61; 48; 14; 18; 39; 77; 32; 74
21,63,0.30516,0.33333,26; 21; 63; 8; 53; 40; 55; 56; 84; 6
39,84,0.23084,0.46429,27; 39; 84; 10; 5; 52; 56; 42; 36; 32
37,66,0.28659,0.56061,23; 37; 66; 69; 60; 35; 27; 48; 29; 30
25,29,0.34604,0.86207,22; 25; 29; 54; 56; 29; 63; 83; 31; 45
22,75,0.28115,0.29333,24; 22; 75; 76; 61; 64; 45; 84; 63; 42
48,56,0.27138,0.85714,32; 48; 56; 38; 10; 76; 76; 64; 17; 36
32,39,0.33229,0.82051,17; 32; 39; 34; 55; 19; 68; 78; 33; 44
15,53,0.27626,0.28302,15; 15; 53; 58; 59; 13; 29; 75; 77; 58
56,70,0.22853,0.8,59; 56; 70; 19; 32; 36; 25; 32; 65; 50
25,44,0.34087,0.56818,18; 25; 44; 68; 28; 39; 85; 16; 28; 34
15,41,0.31405,0.36585,58; 15; 41; 47; 79; 58; 78; 12; 35; 85
33,59,0.30879,0.55932,18; 33; 59; 80; 69; 9; 28; 52; 69; 17
9,16,0.2934,0.5625,32; 9; 16; 29; 72; 63; 36; 80; 25; 28
12,34,0.29848,0.35294,43; 12; 34; 68; 83; 29; 40; 81; 64; 13
10,42,0.23564,0.2381,29; 10; 42; 73; 58; 60; 20; 58; 21; 85
28,49,0.32422,0.57143,14; 28; 49; 61; 62; 68; 15; 78; 43; 73
13,37,0.30522,0.35135,32; 13; 37; 81; 33; 26; 18; 69; 23; 24
16,56,0.27808,0.28571,30; 16; 56; 60; 7; 38; 40; 32; 81; 38
68,85,0.18148,0.8,85; 68; 85; 33; 81; 25; 8; 44; 76; 41
69,84,0.19878,0.82143,43; 69; 84; 15; 26; 82; 21; 29; 41; 62
26,46,0.33944,0.56522,19; 26; 46; 23; 57; 25; 36; 35; 53; 10
22,60,0.31571,0.36667,46; 22; 60; 23; 6; 77; 33; 63; 44; 69
25,76,0.28178,0.32895,46; 25; 76; 10; 26; 35; 29; 54; 32; 30
9,31,0.28139,0.29032,23; 9; 31; 15; 64; 65; 17; 74; 40; 76
32,39,0.32966,0.82051,60; 32; 39; 59; 60; 67; 51; 53; 53; 49
16,46,0.31007,0.34783,41; 16; 46; 60; 74; 32; 55; 19; 22; 15
22,60,0.31362,0.36667,55; 22; 60; 43; 18; 40; 38; 12; 55; 71
46,58,0.28506,0.7931,16; 46; 58; 40; 43; 39; 24; 56; 53; 23
14,42,0.30359,0.33333,12; 14; 42; 29; 32; 22; 77; 25; 14; 16
27,33,0.34236,0.81818,5; 27; 33; 65; 77; 16; 19; 30; 74; 68
35,72,0.27465,0.48611,18; 35; 72; 67; 70; 15; 28; 66; 45; 76
24,84,0.24999,0.28571,24; 24; 84; 75; 18; 75; 31; 76; 8; 81
28,57,0.31713,0.49123,15; 28; 57; 47; 70; 45; 49; 26; 20; 24
13,55,0.23251,0.23636,47; 13; 55; 24; 37; 81; 62; 49; 61; 43
34,69,0.28355,0.49275,61; 34; 69; 13; 23; 21; 51; 23; 26; 39
10,34,0.27715,0.29412,56; 10; 34; 29; 7; 22; 68; 16; 50; 71
67,80,0.19669,0.8375,85; 67; 80; 75; 22; 71; 49; 51; 59; 42
19,34,0.34028,0.55882,12; 19; 34; 38; 73; 25; 71; 63; 85; 19
13,37,0.30659,0.35135,65; 13; 37; 57; 15; 55; 71; 69; 77; 62
46,56,0.28777,0.82143,41; 46; 56; 6; 55; 15; 63; 25; 11; 68
16,20,0.33677,0.8,26; 16; 20; 71; 82; 51; 79; 12; 78; 83
62,74,0.20047,0.83784,21; 62; 74; 77; 18; 57; 17; 9; 62; 13
13,44,0.28238,0.29545,65; 13; 44; 15; 55; 32; 52; 56; 26; 81
19,67,0.27622,0.28358,58; 19; 67; 35; 74; 40; 85; 79; 82; 57
24,83,0.27069,0.28916,24; 24; 83; 70; 55; 61; 22; 5; 10; 75
23,78,0.27722,0.29487,11; 23; 78; 5; 38; 40; 25; 74; 32; 22
18,51,0.31133,0.35294,56; 18; 51; 6; 37; 84; 28; 22; 62; 36
28,85,0.26041,0.32941,55; 28; 85; 73; 56; 70; 75; 20; 30; 25
15,54,0.2763,0.27778,11; 15; 54; 55; 76; 51; 19; 21; 56; 58
38,44,0.31637,0.86364,13; 38; 44; 25; 22; 75; 25; 75; 68; 54
17,48,0.31204,0.35417,57; 17; 48; 28; 53; 20; 44; 18; 60; 10
12,38,0.29239,0.31579,37; 12; 38; 65; 22; 52; 68; 26; 55; 73
36,44,0.32281,0.81818,62; 36; 44; 75; 57; 58; 22; 82; 80; 12
21,71,0.27638,0.29577,45; 21; 71; 77; 52; 79; 77; 18; 48; 7
29,79,0.26927,0.36709,40; 29; 79; 15; 66; 67; 83; 21; 67; 78
9,30,0.27998,0.3,36; 9; 30; 32; 55; 52; 57; 73; 65; 81
15,61,0.24243,0.2459,55; 15; 61; 20; 16; 37; 76; 44; 55; 51
60,73,0.22485,0.82192,5; 60; 73; 73; 25; 22; 23; 33; 82; 53
41,49,0.30624,0.83673,62; 41; 49; 58; 25; 33; 76; 64; 59; 55
11,46,0.23828,0.23913,81; 11; 46; 13; 74; 67; 74; 21; 78; 75
25,50,0.3319,0.5,81; 25; 50; 58; 31; 46; 6; 46; 79; 72
54,64,0.25357,0.84375,34; 54; 64; 22; 67; 21; 32; 72; 82; 21
24,28,0.34625,0.85714,68; 24; 28; 74; 41; 20; 72; 34; 49; 36
6,25,0.23218,0.24,29; 6; 25; 19; 19; 35; 7; 5; 6; 82
50,58,0.26459,0.86207,8; 50; 58; 40; 61; 41; 79; 82; 20; 49
17,72,0.23485,0.23611,51; 17; 72; 40; 68; 29; 54; 28; 46; 53
11,44,0.24701,0.25,75; 11; 44; 53; 21; 35; 80; 84; 40; 80
7,23,0.27603,0.30435,14; 7; 23; 74; 13; 56; 49; 18; 68; 40
24,73,0.2899,0.32877,29; 24; 73; 51; 67; 26; 51; 67; 46; 19
9,18,0.30868,0.5,57; 9; 18; 44; 41; 14; 85; 13; 83; 55
20,84,0.23727,0.2381,19; 20; 84; 75; 76; 35; 32; 42; 70; 84
8,25,0.28605,0.32,11; 8; 25; 44; 60; 15; 20; 67; 47; 66
16,35,0.32818,0.45714,40; 16; 35; 27; 48; 73; 12; 46; 44; 45
37,74,0.2605,0.5,65; 37; 74; 68; 42; 15; 23; 77; 24; 53
27,81,0.27681,0.33333,23; 27; 81; 60; 36; 36; 40; 9; 30; 23
12,37,0.29416,0.32432,53; 12; 37; 28; 52; 21; 19; 15; 25; 30
21,83,0.25438,0.25301,68; 21; 83; 22; 82; 15; 58; 71; 29; 82
33,72,0.27619,0.45833,73; 33; 72; 82; 60; 57; 69; 64; 30; 79
8,29,0.26967,0.27586,8; 8; 29; 54; 5; 72; 20; 58; 78; 62
26,53,0.32805,0.49057,42; 26; 53; 68; 40; 52; 41; 79; 73; 20
38,45,0.31405,0.84444,54; 38; 45; 83; 84; 64; 60; 36; 41; 74
18,51,0.30958,0.35294,31; 18; 51; 29; 29; 82; 34; 74; 49; 65
62,78,0.21173,0.79487,64; 62; 78; 14; 66; 33; 85; 18; 82; 24
36,64,0.30165,0.5625,22; 36; 64; 5; 8; 72; 58; 63; 70; 30
24,68,0.29387,0.35294,58; 24; 68; 11; 68; 12; 11; 25; 46; 8
65,79,0.19988,0.82278,15; 65; 79; 19; 5; 49; 55; 5; 9; 80
18,36,0.33556,0.5,7; 18; 36; 24; 76; 7; 27; 63; 12; 85
60,73,0.21945,0.82192,67; 60; 73; 37; 48; 18; 45; 84; 58; 46
24,49,0.32898,0.4898,64; 24; 49; 15; 45; 22; 13; 69; 73; 73
32,57,0.3185,0.5614,30; 32; 57; 34; 50; 8; 75; 53; 21; 21
15,61,0.24397,0.2459,28; 15; 61; 63; 76; 63; 48; 29; 10; 80
30,85,0.27083,0.35294,83; 30; 85; 41; 23; 22; 53; 76; 5; 83
18,74,0.23731,0.24324,35; 18; 74; 47; 71; 15; 85; 77; 45; 24
41,51,0.30132,0.80392,62; 41; 51; 50; 8; 5; 51; 47; 5; 56
13,44,0.28516,0.29545,84; 13; 44; 9; 24; 11; 32; 10; 39; 32
9,32,0.27029,0.28125,5; 9; 32; 45; 66; 41; 9; 40; 78; 67
12,43,0.27073,0.27907,82; 12; 43; 79; 51; 21; 80; 42; 74; 55
27,84,0.27268,0.32143,39; 27; 84; 11; 24; 50; 71; 51; 75; 83
11,31,0.30404,0.35484,30; 11; 31; 78; 27; 16; 84; 33; 9; 51
23,62,0.31231,0.37097,65; 23; 62; 57; 19; 26; 56; 26; 74; 66
43,50,0.30113,0.86,61; 43; 50; 71; 6; 14; 65; 32; 71; 71
46,58,0.26937,0.7931,25; 46; 58; 8; 6; 71; 71; 9; 85; 77
32,69,0.29032,0.46377,63; 32; 69; 39; 67; 69; 63; 40; 66; 61
51,59,0.26281,0.86441,74; 51; 59; 22; 40; 39; 42; 56; 73; 53
17,35,0.33438,0.48571,21; 17; 35; 34; 83; 7; 53; 51; 27; 82
42,51,0.30237,0.82353,14; 42; 51; 67; 78; 8; 24; 24; 32; 17
68,81,0.19473,0.83951,71; 68; 81; 39; 39; 66; 32; 10; 9; 5
36,74,0.2672,0.48649,11; 36; 74; 61; 5; 44; 39; 22; 51; 57
22,77,0.27507,0.28571,18; 22; 77; 45; 67; 27; 50; 60; 46; 12
23,46,0.33736,0.5,75; 23; 46; 53; 21; 47; 53; 37; 82; 7
58,69,0.2318,0.84058,84; 58; 69; 81; 9; 19; 43; 7; 68; 82
65,81,0.20159,0.80247,43; 65; 81; 8; 54; 71; 66; 36; 62; 48
34,43,0.32399,0.7907,37; 34; 43; 54; 43; 11; 72; 17; 46; 67
24,84,0.26671,0.28571,45; 24; 84; 33; 30; 29; 67; 50; 35; 50
32,40,0.3342,0.8,7; 32; 40; 19; 14; 57; 60; 74; 13; 13
18,37,0.33401,0.48649,57; 18; 37; 5; 37; 7; 46; 28; 70; 41
19,78,0.24768,0.24359,71; 19; 78; 21; 44; 44; 25; 47; 31; 42
31,62,0.30469,0.5,84; 31; 62; 16; 31; 28; 16; 43; 35; 73
66,79,0.2049,0.83544,80; 66; 79; 53; 59; 48; 44; 35; 62; 25
12,34,0.30333,0.35294,79; 12; 34; 16; 51; 38; 51; 66; 29; 11
41,49,0.30876,0.83673,33; 41; 49; 23; 72; 45; 68; 84; 22; 62
42,50,0.30217,0.84,8; 42; 50; 45; 42; 53; 8; 30; 21; 56
25,79,0.2694,0.31646,55; 25; 79; 66; 50; 18; 68; 58; 30; 39
22,78,0.26873,0.28205,25; 22; 78; 85; 28; 32; 63; 37; 76; 66
39,68,0.27137,0.57353,35; 39; 68; 29; 18; 75; 41; 29; 38; 31
44,56,0.29175,0.78571,42; 44; 56; 58; 62; 23; 26; 64; 36; 57
68,83,0.19116,0.81928,68; 68; 83; 52; 43; 53; 61; 36; 25; 8
42,75,0.25009,0.56,58; 42; 75; 13; 68; 21; 60; 39; 28; 41
23,28,0.34357,0.82143,75; 23; 28; 16; 25; 50; 53; 11; 44; 6
19,75,0.25153,0.25333,57; 19; 75; 20; 68; 5; 85; 72; 22; 6
18,63,0.27767,0.28571,24; 18; 63; 39; 60; 59; 70; 43; 55; 80
10,27,0.30442,0.37037,77; 10; 27; 27; 40; 33; 37; 42; 49; 68
15,41,0.31385,0.36585,15; 15; 41; 32; 27; 43; 25; 84; 61; 40
11,39,0.27492,0.28205,57; 11; 39; 67; 52; 21; 15; 15; 30; 51
7,29,0.23963,0.24138,29; 7; 29; 13; 30; 66; 15; 17; 54; 45
26,57,0.32643,0.45614,11; 26; 57; 54; 34; 75; 63; 47; 63; 21
24,43,0.33939,0.55814,29; 24; 43; 15; 35; 60; 73; 78; 59; 59
15,59,0.25111,0.25424,59; 15; 59; 46; 46; 62; 45; 81; 51; 33
22,68,0.29907,0.32353,21; 22; 68; 18; 49; 51; 58; 42; 73; 43
21,42,0.34535,0.5,20; 21; 42; 57; 52; 61; 73; 53; 85; 59
27,77,0.27007,0.35065,11; 27; 77; 71; 18; 80; 16; 75; 7; 54
63,73,0.21126,0.86301,74; 63; 73; 20; 8; 18; 40; 32; 63; 25
41,72,0.25916,0.56944,85; 41; 72; 44; 79; 72; 39; 33; 62; 54
44,78,0.24298,0.5641,53; 44; 78; 80; 81; 27; 59; 56; 76; 17
30,65,0.29904,0.46154,8; 30; 65; 65; 84; 21; 45; 73; 76; 78
16,53,0.28888,0.30189,81; 16; 53; 36; 22; 34; 15; 13; 46; 25
71,85,0.18213,0.83529,58; 71; 85; 73; 55; 38; 45; 23; 78; 51
27,55,0.32923,0.49091,19; 27; 55; 57; 82; 48; 29; 53; 26; 72
36,63,0.29782,0.57143,7; 36; 63; 9; 16; 51; 84; 74; 35; 37
71,83,0.18838,0.85542,41; 71; 83; 6; 52; 39; 28; 13; 11; 38
21,75,0.27336,0.28,77; 21; 75; 73; 60; 61; 47; 69; 60; 11
47,57,0.28261,0.82456,82; 47; 57; 69; 47; 30; 58; 53; 50; 38
8,23,0.29945,0.34783,37; 8; 23; 20; 84; 56; 19; 40; 9; 52
37,65,0.29205,0.56923,62; 37; 65; 65; 83; 25; 33; 54; 51; 79
17,58,0.28464,0.2931,73; 17; 58; 21; 55; 30; 85; 25; 73; 31
29,82,0.25636,0.35366,27; 29; 82; 57; 75; 42; 58; 60; 32; 33
6,19,0.28161,0.31579,74; 6; 19; 80; 60; 67; 64; 82; 81; 68
12,14,0.3112,0.85714,21; 12; 14; 23; 58; 72; 58; 43; 64; 35
28,49,0.33395,0.57143,75; 28; 49; 82; 12; 79; 47; 40; 9; 46
18,63,0.27968,0.28571,51; 18; 63; 64; 85; 25; 45; 11; 23; 85
16,53,0.29053,0.30189,79; 16; 53; 35; 72; 6; 55; 5; 21; 56
36,42,0.3236,0.85714,42; 36; 42; 80; 6; 52; 61; 28; 36; 60
17,30,0.34269,0.56667,40; 17; 30; 23; 65; 34; 47; 68; 24; 66
12,24,0.32535,0.5,85; 12; 24; 36; 72; 53; 75; 11; 67; 61
40,80,0.24221,0.5,12; 40; 80; 56; 10; 57; 53; 76; 45; 78
61,71,0.21311,0.85915,38; 61; 71; 58; 30; 9; 26; 17; 50; 71
70,83,0.19512,0.84337,12; 70; 83; 49; 14; 40; 84; 8; 69; 42
15,53,0.27341,0.28302,58; 15; 53; 55; 73; 71; 51; 64; 33; 16
15,50,0.28753,0.3,29; 15; 50; 52; 59; 59; 50; 63; 84; 41
58,71,0.21146,0.8169,10; 58; 71; 66; 23; 36; 60; 77; 77; 19
11,37,0.27992,0.2973,61; 11; 37; 23; 43; 31; 19; 50; 38; 50
25,29,0.34254,0.86207,27; 25; 29; 35; 77; 62; 32; 30; 26; 51
13,52,0.24581,0.25,9; 13; 52; 85; 70; 66; 76; 23; 45; 32
65,77,0.19427,0.84416,23; 65; 77; 50; 84; 43; 13; 44; 25; 9
13,45,0.2763,0.28889,5; 13; 45; 58; 11; 81; 13; 53; 73; 59
9,26,0.30086,0.34615,59; 9; 26; 65; 60; 46; 78; 24; 55; 85
37,47,0.2981,0.78723,45; 37; 47; 33; 71; 72; 28; 46; 9; 11
20,67,0.28449,0.29851,74; 20; 67; 70; 26; 83; 59; 65; 39; 21
48,56,0.27635,0.85714,53; 48; 56; 59; 31; 29; 24; 15; 7; 7
19,22,0.3451,0.86364,34; 19; 22; 31; 29; 55; 53; 85; 65; 44
35,61,0.3141,0.57377,21; 35; 61; 81; 84; 82; 19; 76; 35; 65
11,46,0.23673,0.23913,51; 11; 46; 27; 36; 40; 82; 20; 67; 59
13,44,0.27908,0.29545,31; 13; 44; 58; 44; 31; 76; 77; 16; 28
20,72,0.26975,0.27778,58; 20; 72; 40; 17; 53; 56; 41; 59; 56
11,44,0.24944,0.25,35; 11; 44; 42; 71; 41; 29; 5; 9; 31
31,55,0.32349,0.56364,82; 31; 55; 34; 19; 80; 35; 62; 38; 79
25,84,0.26137,0.29762,9; 25; 84; 9; 9; 58; 85; 33; 26; 26
15,53,0.278,0.28302,40; 15; 53; 84; 80; 19; 57; 55; 68; 65
33,58,0.31472,0.56897,18; 33; 58; 62; 52; 61; 50; 44; 69; 72
25,84,0.26828,0.29762,79; 25; 84; 56; 63; 71; 5; 63; 70; 82
66,82,0.19862,0.80488,80; 66; 82; 42; 42; 58; 39; 57; 23; 78
22,60,0.31758,0.36667,47; 22; 60; 33; 59; 44; 74; 43; 20; 77
17,58,0.28242,0.2931,70; 17; 58; 76; 77; 57; 9; 54; 48; 77
9,28,0.29357,0.32143,79; 9; 28; 43; 28; 85; 63; 57; 16; 68
25,75,0.27859,0.33333,78; 25; 75; 51; 71; 82; 22; 59; 58; 22
67,82,0.2052,0.81707,55; 67; 82; 71; 53; 35; 39; 13; 55; 57
8,25,0.28972,0.32,21; 8; 25; 39; 10; 48; 40; 50; 66; 78
68,83,0.18742,0.81928,47; 68; 83; 82; 15; 64; 73; 36; 18; 52
16,68,0.23592,0.23529,15; 16; 68; 22; 48; 72; 67; 7; 53; 44
16,68,0.23564,0.23529,60; 16; 68; 60; 70; 20; 22; 67; 79; 69
11,14,0.29913,0.78571,29; 11; 14; 41; 35; 82; 60; 77; 39; 81
72,84,0.19316,0.85714,31; 72; 84; 32; 66; 29; 64; 53; 11; 67
11,14,0.30474,0.78571,55; 11; 14; 8; 62; 12; 40; 51; 14; 9
45,81,0.25192,0.55556,70; 45; 81; 66; 24; 43; 14; 21; 78; 11
43,54,0.28998,0.7963,53; 43; 54; 51; 71; 48; 82; 55; 64; 11
21,75,0.27357,0.28,16; 21; 75; 8; 36; 35; 26; 46; 72; 67
29,78,0.28108,0.37179,15; 29; 78; 73; 67; 10; 15; 64; 49; 82
29,78,0.27156,0.37179,69; 29; 78; 58; 53; 32; 64; 46; 65; 16
12,50,0.23897,0.24,80; 12; 50; 83; 68; 37; 45; 22; 8; 48
18,60,0.28824,0.3,40; 18; 60; 31; 9; 47; 23; 54; 80; 67
24,83,0.25788,0.28916,39; 24; 83; 70; 57; 74; 67; 13; 29; 43
68,83,0.19778,0.81928,28; 68; 83; 81; 16; 47; 21; 31; 48; 37
17,57,0.28917,0.29825,19; 17; 57; 40; 69; 8; 30; 76; 14; 43
13,51,0.25033,0.2549,20; 13; 51; 23; 9; 59; 53; 46; 45; 19
15,59,0.24942,0.25424,71; 15; 59; 45; 51; 42; 39; 33; 63; 67
19,66,0.2821,0.28788,33; 19; 66; 57; 12; 78; 27; 65; 67; 46
67,78,0.20326,0.85897,69; 67; 78; 54; 79; 16; 73; 41; 14; 29
8,28,0.2727,0.28571,68; 8; 28; 67; 57; 83; 79; 40; 78; 16
33,66,0.2884,0.5,50; 33; 66; 36; 17; 19; 69; 5; 46; 81
13,54,0.23614,0.24074,50; 13; 54; 78; 77; 21; 74; 52; 34; 56
40,49,0.30857,0.81633,41; 40; 49; 12; 75; 9; 41; 72; 74; 51
21,46,0.33735,0.45652,63; 21; 46; 11; 32; 5; 36; 61; 60; 77
14,50,0.27762,0.28,61; 14; 50; 16; 33; 24; 56; 37; 42; 48
29,51,0.33161,0.56863,15; 29; 51; 14; 31; 37; 70; 31; 56; 48
6,12,0.23937,0.5,14; 6; 12; 30; 60; 75; 33; 47; 59; 38
55,70,0.24291,0.78571,18; 55; 70; 54; 45; 45; 64; 50; 33; 8
17,58,0.28033,0.2931,13; 17; 58; 18; 34; 79; 37; 77; 73; 66
56,67,0.23167,0.83582,43; 56; 67; 61; 76; 71; 20; 18; 56; 66
22,67,0.30481,0.32836,8; 22; 67; 19; 22; 8; 15; 70; 76; 49
40,82,0.21796,0.4878,54; 40; 82; 21; 78; 79; 85; 5; 20; 37
26,70,0.302,0.37143,12; 26; 70; 56; 45; 30; 29; 84; 24; 16
7,14,0.25799,0.5,38; 7; 14; 17; 53; 47; 72; 28; 33; 33
62,72,0.22215,0.86111,6; 62; 72; 80; 42; 36; 24; 50; 73; 69
24,76,0.28003,0.31579,5; 24; 76; 56; 22; 65; 36; 41; 16; 6
10,31,0.29321,0.32258,23; 10; 31; 65; 75; 57; 14; 13; 39; 67
22,67,0.30147,0.32836,74; 22; 67; 24; 59; 67; 19; 56; 60; 82
18,49,0.31641,0.36735,45; 18; 49; 45; 38; 45; 22; 46; 47; 30
15,61,0.24399,0.2459,47; 15; 61; 83; 44; 40; 85; 75; 56; 8
31,38,0.33426,0.81579,66; 31; 38; 76; 60; 23; 12; 41; 35; 60
18,39,0.33401,0.46154,70; 18; 39; 28; 82; 25; 37; 27; 8; 24
35,44,0.329,0.79545,76; 35; 44; 77; 50; 43; 82; 42; 9; 45
15,60,0.24633,0.25,73; 15; 60; 37; 54; 75; 44; 31; 52; 72
14,43,0.29979,0.32558,42; 14; 43; 37; 26; 48; 41; 83; 51; 64
15,52,0.27844,0.28846,16; 15; 52; 68; 9; 74; 48; 37; 75; 31
65,79,0.20864,0.82278,36; 65; 79; 61; 66; 44; 9; 30; 67; 29
14,49,0.27811,0.28571,60; 14; 49; 65; 84; 45; 71; 82; 73; 21
16,67,0.24113,0.23881,44; 16; 67; 15; 70; 23; 69; 76; 20; 21
30,60,0.31717,0.5,75; 30; 60; 65; 34; 28; 19; 78; 18; 28
41,72,0.26671,0.56944,61; 41; 72; 85; 21; 46; 58; 61; 53; 16
20,84,0.23787,0.2381,44; 20; 84; 80; 24; 28; 20; 9; 77; 37
36,43,0.32712,0.83721,10; 36; 43; 34; 49; 54; 14; 40; 10; 30
24,79,0.27654,0.3038,53; 24; 79; 82; 15; 37; 82; 76; 43; 10
43,51,0.29515,0.84314,47; 43; 51; 19; 72; 34; 27; 46; 9; 51
44,55,0.28039,0.8,30; 44; 55; 33; 78; 85; 76; 19; 8; 54
5,20,0.25511,0.25,26; 5; 20; 49; 67; 21; 83; 45; 83; 40
27,83,0.26435,0.3253,44; 27; 83; 61; 70; 68; 47; 27; 54; 69
12,42,0.27736,0.28571,65; 12; 42; 22; 17; 47; 55; 73; 56; 69
24,48,0.33328,0.5,76; 24; 48; 75; 10; 42; 72; 58; 77; 10
25,67,0.29815,0.37313,65; 25; 67; 25; 27; 75; 69; 8; 29; 26
64,78,0.20541,0.82051,76; 64; 78; 71; 41; 16; 43; 74; 26; 8
20,85,0.23958,0.23529,38; 20; 85; 77; 84; 49; 33; 74; 53; 20
38,83,0.24609,0.45783,21; 38; 83; 80; 82; 36; 57; 13; 77; 85
9,37,0.23881,0.24324,53; 9; 37; 8; 46; 69; 29; 18; 57; 57
18,52,0.30701,0.34615,25; 18; 52; 48; 59; 63; 39; 73; 53; 55
46,81,0.21967,0.5679,9; 46; 81; 68; 65; 81; 48; 78; 21; 9
11,45,0.23855,0.24444,63; 11; 45; 48; 19; 37; 47; 8; 38; 61
39,85,0.22823,0.45882,79; 39; 85; 20; 39; 24; 45; 33; 41; 79
22,39,0.34309,0.5641,55; 22; 39; 69; 19; 8; 48; 73; 45; 63
8,16,0.29352,0.5,42; 8; 16; 55; 49; 39; 35; 23; 70; 52
50,58,0.26895,0.86207,18; 50; 58; 53; 24; 31; 35; 81; 30; 39
16,57,0.27142,0.2807,15; 16; 57; 60; 62; 61; 81; 52; 17; 12
32,56,0.31683,0.57143,36; 32; 56; 25; 20; 53; 48; 64; 70; 30
22,39,0.34056,0.5641,50; 22; 39; 49; 74; 84; 58; 60; 23; 79
22,39,0.34656,0.5641,67; 22; 39; 47; 42; 18; 47; 57; 27; 59
26,31,0.3439,0.83871,68; 26; 31; 30; 74; 72; 36; 73; 19; 45
26,78,0.2787,0.33333,47; 26; 78; 48; 40; 39; 23; 80; 61; 59
31,55,0.31908,0.56364,50; 31; 55; 26; 27; 16; 66; 19; 65; 84
16,48,0.30135,0.33333,46; 16; 48; 59; 81; 12; 56; 21; 32; 22
15,53,0.28045,0.28302,79; 15; 53; 72; 45; 67; 58; 74; 45; 85
22,74,0.28491,0.2973,78; 22; 74; 24; 60; 80; 59; 60; 29; 8
20,36,0.341,0.55556,54; 20; 36; 83; 13; 45; 46; 18; 19; 59
21,63,0.30536,0.33333,28; 21; 63; 57; 35; 31; 34; 85; 33; 41
29,51,0.3261,0.56863,60; 29; 51; 84; 35; 82; 64; 64; 83; 85
49,57,0.26811,0.85965,41; 49; 57; 85; 38; 83; 14; 70; 10; 33
22,69,0.29476,0.31884,22; 22; 69; 15; 15; 53; 56; 14; 50; 62
22,39,0.33939,0.5641,58; 22; 39; 7; 74; 34; 48; 74; 31; 26
29,78,0.27459,0.37179,34; 29; 78; 9; 47; 74; 37; 9; 46; 51
39,68,0.28442,0.57353,61; 39; 68; 80; 69; 5; 57; 41; 59; 73
8,32,0.24976,0.25,83; 8; 32; 79; 28; 33; 75; 76; 31; 50
26,82,0.26595,0.31707,82; 26; 82; 12; 78; 80; 43; 57; 54; 56
38,82,0.24475,0.46341,51; 38; 82; 67; 45; 57; 48; 31; 73; 41
24,84,0.26249,0.28571,32; 24; 84; 71; 21; 47; 68; 17; 23; 34
29,79,0.28286,0.36709,73; 29; 79; 9; 20; 17; 83; 57; 76; 76
51,59,0.25965,0.86441,78; 51; 59; 82; 80; 57; 60; 70; 78; 11
10,31,0.29348,0.32258,9; 10; 31; 62; 63; 15; 19; 37; 49; 16
26,82,0.26183,0.31707,58; 26; 82; 8; 62; 27; 41; 84; 85; 29
67,80,0.19177,0.8375,63; 67; 80; 16; 20; 35; 40; 40; 10; 77
66,79,0.2137,0.83544,67; 66; 79; 66; 55; 33; 80; 39; 56; 29
8,16,0.29124,0.5,84; 8; 16; 71; 61; 38; 56; 15; 85; 27
12,36,0.29351,0.33333,67; 12; 36; 53; 38; 49; 68; 14; 34; 17
43,76,0.25919,0.56579,69; 43; 76; 59; 39; 36; 71; 68; 75; 84
41,52,0.29922,0.78846,63; 41; 52; 34; 31; 31; 33; 49; 22; 32
61,73,0.22123,0.83562,64; 61; 73; 26; 50; 40; 31; 41; 30; 45
41,52,0.30306,0.78846,66; 41; 52; 82; 14; 40; 20; 75; 24; 20
6,24,0.25093,0.25,81; 6; 24; 19; 48; 17; 57; 54; 53; 69
67,85,0.19949,0.78824,61; 67; 85; 19; 63; 6; 59; 66; 6; 13
20,85,0.23994,0.23529,38; 20; 85; 51; 63; 31; 41; 35; 60; 80
13,55,0.23284,0.23636,65; 13; 55; 24; 73; 62; 51; 34; 68; 38
15,51,0.28759,0.29412,61; 15; 51; 20; 85; 70; 60; 63; 17; 49
16,28,0.34032,0.57143,83; 16; 28; 51; 20; 43; 9; 82; 27; 74
41,83,0.22557,0.49398,59; 41; 83; 5; 69; 11; 75; 50; 33; 83
19,52,0.32078,0.36538,62; 19; 52; 67; 43; 23; 67; 70; 24; 19
24,84,0.26289,0.28571,10; 24; 84; 63; 46; 85; 47; 38; 83; 60
43,77,0.20321,0.55844,10; 43; 77; 19; 84; 59; 58; 44; 69; 30
28,57,0.31685,0.49123,77; 28; 57; 39; 52; 68; 33; 73; 84; 42
10,41,0.23894,0.2439,29; 10; 41; 49; 75; 44; 44; 41; 76; 23
41,73,0.25248,0.56164,58; 41; 73; 80; 21; 28; 54; 41; 57; 83
28,79,0.27066,0.35443,29; 28; 79; 9; 73; 9; 5; 56; 76; 21
48,85,0.21354,0.56471,28; 48; 85; 71; 65; 32; 23; 74; 52; 55
27,54,0.32704,0.5,37; 27; 54; 13; 46; 50; 68; 19; 30; 16
8,24,0.29174,0.33333,32; 8; 24; 43; 72; 63; 44; 13; 35; 73
24,65,0.29361,0.36923,59; 24; 65; 10; 59; 76; 61; 74; 56; 18
28,84,0.25447,0.33333,80; 28; 84; 18; 27; 71; 69; 42; 49; 83
45,56,0.28842,0.80357,41; 45; 56; 85; 7; 60; 34; 29; 42; 39
8,28,0.27527,0.28571,12; 8; 28; 57; 23; 67; 21; 5; 74; 81
39,85,0.24336,0.45882,65; 39; 85; 85; 53; 41; 13; 82; 62; 34
26,52,0.32921,0.5,82; 26; 52; 23; 30; 71; 17; 37; 58; 13
59,70,0.22205,0.84286,49; 59; 70; 78; 85; 72; 69; 67; 79; 25
29,63,0.30413,0.46032,22; 29; 63; 6; 25; 62; 30; 49; 45; 67
39,49,0.30916,0.79592,32; 39; 49; 53; 41; 8; 6; 78; 53; 68
56,68,0.22545,0.82353,70; 56; 68; 57; 36; 66; 30; 72; 77; 62
5,10,0.18749,0.5,63; 5; 10; 53; 33; 29; 16; 64; 77; 67
25,67,0.29447,0.37313,30; 25; 67; 33; 14; 63; 56; 82; 31; 40
24,65,0.3037,0.36923,69; 24; 65; 15; 16; 44; 28; 65; 12; 76
7,19,0.29764,0.36842,47; 7; 19; 35; 29; 65; 41; 85; 51; 57
64,76,0.20234,0.84211,15; 64; 76; 80; 64; 27; 26; 16; 17; 82
19,41,0.33666,0.46341,6; 19; 41; 59; 66; 79; 83; 29; 37; 45
7,19,0.296,0.36842,11; 7; 19; 45; 40; 33; 8; 55; 71; 48
25,67,0.30327,0.37313,27; 25; 67; 20; 47; 74; 12; 78; 31; 31
10,27,0.3093,0.37037,73; 10; 27; 6; 55; 10; 53; 84; 5; 70
9,28,0.29138,0.32143,10; 9; 28; 49; 36; 20; 22; 32; 33; 60
24,85,0.25695,0.28235,49; 24; 85; 63; 23; 60; 63; 26; 45; 84
24,49,0.33492,0.4898,84; 24; 49; 76; 79; 74; 7; 26; 16; 46
66,79,0.20573,0.83544,68; 66; 79; 69; 33; 41; 66; 84; 35; 23
32,64,0.31198,0.5,32; 32; 64; 84; 40; 48; 17; 77; 36; 59
23,65,0.30132,0.35385,78; 23; 65; 69; 67; 26; 85; 20; 8; 66
22,74,0.28172,0.2973,47; 22; 74; 61; 44; 28; 52; 19; 83; 49
72,84,0.18915,0.85714,66; 72; 84; 19; 40; 79; 57; 84; 66; 76
67,82,0.19469,0.81707,47; 67; 82; 85; 73; 58; 36; 31; 30; 20
28,76,0.28049,0.36842,28; 28; 76; 53; 40; 63; 13; 80; 71; 52
67,78,0.20058,0.85897,48; 67; 78; 21; 26; 81; 75; 35; 38; 45
20,61,0.30146,0.32787,70; 20; 61; 50; 8; 68; 81; 39; 14; 62
53,66,0.25232,0.80303,6; 53; 66; 22; 61; 28; 81; 67; 62; 57
66,82,0.20174,0.80488,84; 66; 82; 40; 48; 34; 25; 23; 77; 34
17,69,0.24472,0.24638,75; 17; 69; 80; 67; 36; 69; 35; 69; 33
38,77,0.27521,0.49351,78; 38; 77; 30; 55; 28; 78; 42; 57; 26
57,71,0.23121,0.80282,47; 57; 71; 51; 58; 48; 41; 60; 74; 59
38,67,0.28052,0.56716,31; 38; 67; 82; 5; 78; 29; 42; 78; 73
29,63,0.30925,0.46032,13; 29; 63; 58; 55; 5; 20; 83; 17; 71
9,32,0.26923,0.28125,25; 9; 32; 6; 42; 11; 12; 25; 5; 58
20,68,0.28337,0.29412,25; 20; 68; 25; 37; 47; 55; 64; 79; 74
13,43,0.28484,0.30233,9; 13; 43; 57; 59; 81; 21; 64; 63; 7
60,76,0.21277,0.78947,53; 60; 76; 36; 10; 75; 58; 85; 10; 62
68,79,0.18092,0.86076,53; 68; 79; 18; 17; 84; 44; 68; 27; 82
36,79,0.26524,0.4557,18; 36; 79; 53; 25; 79; 28; 14; 70; 47
29,58,0.31551,0.5,33; 29; 58; 55; 18; 11; 23; 58; 26; 63
64,78,0.20919,0.82051,30; 64; 78; 14; 57; 19; 27; 15; 52; 53
26,78,0.28511,0.33333,47; 26; 78; 83; 55; 6; 49; 43; 52; 51
33,41,0.331,0.80488,44; 33; 41; 77; 84; 79; 55; 55; 75; 39
21,71,0.28669,0.29577,40; 21; 71; 17; 31; 22; 84; 69; 65; 39
64,74,0.21687,0.86486,25; 64; 74; 78; 39; 43; 33; 39; 27; 8
22,66,0.29942,0.33333,40; 22; 66; 30; 21; 21; 46; 84; 57; 43
35,61,0.28922,0.57377,79; 35; 61; 37; 14; 17; 74; 70; 46; 73
24,79,0.27395,0.3038,30; 24; 79; 34; 53; 47; 13; 57; 42; 50
27,83,0.27877,0.3253,67; 27; 83; 40; 60; 74; 8; 7; 17; 12
23,66,0.30577,0.34848,26; 23; 66; 76; 34; 37; 47; 18; 43; 57
18,62,0.27853,0.29032,61; 18; 62; 53; 52; 78; 71; 75; 72; 74
8,10,0.24121,0.8,69; 8; 10; 76; 35; 49; 32; 54; 55; 45
18,51,0.30929,0.35294,69; 18; 51; 11; 71; 45; 78; 13; 38; 62
18,60,0.28709,0.3,28; 18; 60; 37; 6; 20; 72; 80; 83; 47
27,47,0.33585,0.57447,44; 27; 47; 22; 81; 61; 8; 58; 82; 49
28,76,0.27898,0.36842,23; 28; 76; 15; 55; 47; 18; 66; 47; 29
15,46,0.29824,0.32609,15; 15; 46; 59; 67; 34; 17; 49; 13; 51
23,69,0.2988,0.33333,11; 23; 69; 64; 25; 78; 63; 51; 38; 71
20,83,0.23809,0.24096,10; 20; 83; 9; 52; 25; 61; 18; 65; 12
61,76,0.21492,0.80263,46; 61; 76; 66; 31; 80; 31; 20; 24; 79
43,77,0.25747,0.55844,9; 43; 77; 47; 32; 20; 60; 83; 55; 19
49,60,0.26421,0.81667,44; 49; 60; 21; 79; 49; 48; 5; 73; 66
11,31,0.30832,0.35484,6; 11; 31; 67; 37; 43; 71; 83; 46; 8
18,74,0.23765,0.24324,60; 18; 74; 71; 26; 41; 68; 5; 62; 36
24,28,0.34455,0.85714,50; 24; 28; 25; 83; 69; 41; 43; 25; 70
25,79,0.26754,0.31646,72; 25; 79; 52; 15; 38; 61; 60; 56; 79
12,42,0.27995,0.28571,57; 12; 42; 26; 74; 54; 81; 35; 31; 57
28,75,0.29164,0.37333,23; 28; 75; 83; 81; 33; 69; 44; 80; 55
16,43,0.31686,0.37209,47; 16; 43; 84; 40; 55; 81; 19; 39; 37
25,78,0.27492,0.32051,14; 25; 78; 48; 24; 34; 19; 76; 83; 11
38,48,0.3161,0.79167,46; 38; 48; 5; 44; 57; 82; 34; 41; 50
18,62,0.28508,0.29032,31; 18; 62; 9; 34; 62; 61; 51; 79; 42
63,77,0.21778,0.81818,76; 63; 77; 60; 20; 5; 55; 61; 85; 34
68,85,0.19582,0.8,42; 68; 85; 49; 25; 65; 54; 28; 72; 39
18,54,0.30383,0.33333,73; 18; 54; 79; 63; 56; 22; 58; 75; 79
66,82,0.19944,0.80488,70; 66; 82; 24; 60; 68; 25; 67; 55; 56
30,81,0.27562,0.37037,63; 30; 81; 57; 29; 9; 77; 81; 12; 47
21,74,0.27518,0.28378,72; 21; 74; 82; 51; 31; 48; 42; 76; 35
7,29,0.24345,0.24138,79; 7; 29; 72; 35; 24; 46; 45; 19; 44
31,83,0.26279,0.37349,67; 31; 83; 8; 45; 36; 48; 74; 9; 11
10,36,0.26912,0.27778,7; 10; 36; 54; 11; 5; 53; 78; 35; 49
18,49,0.3147,0.36735,6; 18; 49; 14; 33; 49; 6; 72; 34; 38
44,56,0.28874,0.78571,55; 44; 56; 66; 79; 61; 31; 49; 19; 78
20,80,0.2488,0.25,76; 20; 80; 46; 52; 79; 35; 53; 83; 42
22,80,0.26522,0.275,7; 22; 80; 16; 45; 16; 45; 72; 64; 15
12,24,0.32377,0.5,9; 12; 24; 25; 72; 13; 76; 22; 27; 62
64,78,0.20896,0.82051,23; 64; 78; 24; 23; 82; 24; 26; 9; 44
43,54,0.30218,0.7963,36; 43; 54; 40; 14; 32; 49; 64; 30; 43
23,65,0.29233,0.35385,32; 23; 65; 26; 50; 27; 34; 55; 52; 37
19,77,0.24819,0.24675,12; 19; 77; 55; 79; 33; 19; 36; 40; 27
57,71,0.2272,0.80282,60; 57; 71; 61; 22; 84; 52; 11; 71; 85
66,79,0.20039,0.83544,85; 66; 79; 17; 12; 11; 24; 31; 69; 15
43,51,0.30052,0.84314,16; 43; 51; 57; 57; 50; 58; 51; 51; 5
8,33,0.23928,0.24242,47; 8; 33; 46; 34; 54; 52; 40; 15; 16
10,40,0.24537,0.25,35; 10; 40; 69; 32; 49; 11; 14; 8; 42
10,31,0.29201,0.32258,25; 10; 31; 12; 80; 65; 48; 62; 72; 29
18,60,0.28306,0.3,63; 18; 60; 48; 17; 62; 82; 47; 83; 33
62,78,0.22151,0.79487,70; 62; 78; 48; 58; 8; 6; 75; 23; 16
27,78,0.27469,0.34615,22; 27; 78; 28; 65; 32; 45; 10; 42; 17
15,53,0.27633,0.28302,79; 15; 53; 39; 29; 37; 55; 16; 53; 72
58,71,0.23166,0.8169,6; 58; 71; 81; 12; 39; 43; 43; 37; 10
9,26,0.29637,0.34615,78; 9; 26; 52; 57; 42; 9; 12; 27; 46
7,21,0.28525,0.33333,15; 7; 21; 26; 18; 59; 54; 21; 9; 85
49,62,0.25343,0.79032,37; 49; 62; 54; 27; 51; 38; 62; 44; 34
12,51,0.23382,0.23529,60; 12; 51; 76; 46; 23; 72; 78; 34; 76
49,62,0.25528,0.79032,17; 49; 62; 36; 25; 61; 5; 82; 49; 7
63,79,0.21472,0.79747,77; 63; 79; 73; 39; 25; 29; 10; 24; 34
45,56,0.26083,0.80357,14; 45; 56; 27; 61; 53; 26; 30; 33; 42
25,54,0.32501,0.46296,21; 25; 54; 81; 84; 53; 67; 16; 82; 40
11,34,0.29697,0.32353,60; 11; 34; 58; 42; 6; 12; 5; 27; 37
59,75,0.22332,0.78667,39; 59; 75; 35; 61; 34; 26; 73; 18; 78
27,48,0.33526,0.5625,22; 27; 48; 18; 23; 68; 84; 77; 76; 61
50,58,0.25288,0.86207,16; 50; 58; 6; 22; 27; 71; 82; 55; 83
14,58,0.24084,0.24138,60; 14; 58; 26; 44; 35; 11; 46; 66; 83
49,60,0.26828,0.81667,62; 49; 60; 71; 48; 26; 31; 12; 23; 48
22,79,0.26665,0.27848,46; 22; 79; 75; 5; 69; 18; 23; 65; 59
16,67,0.24268,0.23881,60; 16; 67; 35; 67; 59; 29; 31; 36; 71
43,54,0.28682,0.7963,69; 43; 54; 34; 36; 78; 53; 70; 12; 80
16,54,0.28641,0.2963,42; 16; 54; 31; 85; 22; 53; 33; 61; 40
17,34,0.33561,0.5,50; 17; 34; 24; 21; 31; 84; 54; 40; 14
11,22,0.32126,0.5,52; 11; 22; 40; 12; 58; 66; 12; 55; 49
6,21,0.27531,0.28571,33; 6; 21; 24; 42; 69; 57; 49; 68; 10
58,71,0.22746,0.8169,19; 58; 71; 32; 41; 78; 45; 64; 64; 45
38,44,0.31648,0.86364,80; 38; 44; 54; 41; 22; 82; 8; 33; 45
15,47,0.2982,0.31915,57; 15; 47; 5; 56; 39; 22; 85; 34; 75
38,83,0.25769,0.45783,21; 38; 83; 82; 35; 57; 35; 30; 14; 75
13,44,0.28378,0.29545,30; 13; 44; 11; 76; 64; 44; 78; 57; 35
15,45,0.30421,0.33333,7; 15; 45; 38; 12; 65; 27; 9; 70; 77
25,51,0.3287,0.4902,51; 25; 51; 77; 60; 45; 68; 83; 39; 53
5,17,0.2506,0.29412,50; 5; 17; 7; 31; 80; 7; 30; 25; 57
55,67,0.23808,0.8209,51; 55; 67; 9; 49; 21; 46; 80; 30; 55
52,66,0.23314,0.78788,40; 52; 66; 27; 80; 19; 43; 57; 30; 84
33,42,0.3307,0.78571,21; 33; 42; 18; 5; 80; 48; 52; 75; 70
17,69,0.24788,0.24638,62; 17; 69; 45; 49; 75; 6; 28; 82; 29
30,65,0.31502,0.46154,11; 30; 65; 85; 36; 62; 53; 13; 53; 22
43,77,0.24145,0.55844,78; 43; 77; 42; 72; 70; 18; 79; 76; 8
14,38,0.31261,0.36842,82; 14; 38; 35; 50; 19; 37; 26; 72; 80
12,37,0.29496,0.32432,80; 12; 37; 34; 45; 6; 13; 28; 46; 84
24,81,0.26478,0.2963,68; 24; 81; 37; 5; 66; 60; 16; 31; 85
29,78,0.2627,0.37179,50; 29; 78; 81; 29; 79; 28; 85; 55; 22
15,52,0.28119,0.28846,50; 15; 52; 49; 48; 12; 11; 81; 47; 43
26,71,0.30073,0.3662,17; 26; 71; 21; 41; 38; 43; 7; 26; 49
18,60,0.28721,0.3,78; 18; 60; 81; 20; 58; 22; 64; 70; 68
21,76,0.26822,0.27632,67; 21; 76; 29; 14; 41; 61; 43; 52; 63
46,55,0.28743,0.83636,46; 46; 55; 37; 52; 61; 31; 79; 47; 76
15,59,0.25388,0.25424,14; 15; 59; 40; 41; 19; 56; 30; 16; 21
21,83,0.2515,0.25301,11; 21; 83; 73; 65; 46; 31; 72; 27; 48
50,58,0.25359,0.86207,12; 50; 58; 21; 57; 40; 75; 32; 77; 15
51,61,0.26291,0.83607,27; 51; 61; 5; 62; 37; 80; 63; 10; 16
27,73,0.28882,0.36986,77; 27; 73; 50; 23; 13; 33; 24; 82; 16
50,58,0.27631,0.86207,34; 50; 58; 50; 82; 9; 25; 27; 68; 25
5,9,0.16525,0.55556,33; 5; 9; 56; 28; 32; 42; 27; 41; 31
48,60,0.26034,0.8,84; 48; 60; 5; 79; 25; 77; 25; 56; 74
39,79,0.24863,0.49367,7; 39; 79; 45; 19; 45; 38; 9; 79; 37
35,61,0.3097,0.57377,38; 35; 61; 13; 59; 63; 78; 9; 17; 58
20,81,0.24742,0.24691,78; 20; 81; 13; 6; 34; 75; 11; 31; 28
17,57,0.28665,0.29825,63; 17; 57; 39; 28; 55; 67; 41; 64; 79
22,78,0.27147,0.28205,63; 22; 78; 54; 40; 8; 53; 62; 31; 54
22,44,0.33958,0.5,15; 22; 44; 39; 70; 32; 8; 77; 15; 73
15,41,0.31286,0.36585,34; 15; 41; 68; 29; 25; 23; 80; 79; 21
13,55,0.2317,0.23636,50; 13; 55; 50; 70; 13; 60; 33; 36; 37
21,76,0.27228,0.27632,30; 21; 76; 69; 73; 32; 33; 27; 43; 54
13,51,0.25284,0.2549,19; 13; 51; 13; 49; 31; 23; 33; 55; 83
25,72,0.29308,0.34722,17; 25; 72; 34; 78; 9; 16; 22; 17; 23
61,77,0.22147,0.79221,20; 61; 77; 56; 53; 45; 17; 36; 35; 68
8,23,0.29581,0.34783,31; 8; 23; 84; 60; 81; 34; 36; 6; 31
11,24,0.31951,0.45833,57; 11; 24; 36; 52; 7; 31; 53; 73; 57
15,30,0.33354,0.5,44; 15; 30; 9; 20; 31; 23; 45; 74; 70
10,18,0.31517,0.55556,79; 10; 18; 61; 13; 70; 70; 74; 18; 53
15,47,0.29678,0.31915,21; 15; 47; 78; 27; 75; 9; 51; 20; 77
16,58,0.27283,0.27586,27; 16; 58; 19; 27; 55; 39; 63; 9; 58
5,17,0.26404,0.29412,38; 5; 17; 8; 50; 64; 22; 36; 56; 85
8,25,0.28708,0.32,71; 8; 25; 69; 49; 60; 42; 13; 77; 75
6,7,0.16712,0.85714,58; 6; 7; 59; 12; 59; 15; 12; 19; 45
22,73,0.28544,0.30137,64; 22; 73; 58; 46; 22; 13; 49; 12; 40
33,71,0.29475,0.46479,69; 33; 71; 82; 71; 55; 21; 29; 85; 63
27,32,0.34626,0.84375,69; 27; 32; 34; 76; 63; 65; 44; 63; 64
18,65,0.27257,0.27692,76; 18; 65; 71; 54; 28; 50; 55; 70; 82
55,64,0.24037,0.85938,55; 55; 64; 74; 49; 56; 14; 71; 42; 75
68,81,0.19438,0.83951,67; 68; 81; 44; 6; 70; 5; 15; 72; 59
20,54,0.314,0.37037,58; 20; 54; 83; 12; 60; 19; 48; 12; 62
14,50,0.27606,0.28,6; 14; 50; 30; 55; 39; 83; 39; 6; 59
18,64,0.27584,0.28125,64; 18; 64; 11; 62; 77; 43; 69; 57; 70
25,76,0.28417,0.32895,29; 25; 76; 53; 54; 82; 45; 14; 23; 57
14,46,0.29178,0.30435,53; 14; 46; 13; 53; 29; 47; 83; 55; 45
17,58,0.28319,0.2931,50; 17; 58; 62; 19; 46; 25; 24; 48; 77
34,68,0.2978,0.5,71; 34; 68; 31; 85; 28; 39; 59; 81; 15
5,10,0.18922,0.5,79; 5; 10; 57; 57; 18; 43; 45; 23; 10
18,55,0.29955,0.32727,67; 18; 55; 24; 62; 40; 47; 72; 16; 46
7,19,0.29153,0.36842,16; 7; 19; 40; 52; 20; 72; 36; 17; 17
60,70,0.21671,0.85714,31; 60; 70; 18; 74; 23; 83; 5; 7; 52
17,35,0.33199,0.48571,63; 17; 35; 23; 37; 29; 65; 33; 68; 52
11,31,0.30561,0.35484,50; 11; 31; 23; 73; 74; 19; 10; 18; 16
17,58,0.28234,0.2931,11; 17; 58; 48; 30; 59; 55; 62; 80; 65
55,64,0.23524,0.85938,37; 55; 64; 41; 20; 55; 42; 21; 79; 72
41,52,0.29353,0.78846,34; 41; 52; 34; 65; 19; 57; 31; 7; 83
15,62,0.24073,0.24194,24; 15; 62; 27; 27; 78; 9; 55; 42; 32
22,78,0.27721,0.28205,43; 22; 78; 84; 85; 51; 73; 29; 48; 54
16,20,0.33838,0.8,24; 16; 20; 70; 73; 43; 23; 68; 76; 43
47,82,0.24744,0.57317,58; 47; 82; 38; 65; 10; 85; 45; 52; 40
34,60,0.31083,0.56667,52; 34; 60; 81; 24; 65; 61; 42; 85; 64
18,49,0.31296,0.36735,26; 18; 49; 83; 62; 54; 49; 83; 53; 13
24,76,0.28147,0.31579,13; 24; 76; 5; 29; 57; 57; 41; 81; 11
65,79,0.18708,0.82278,46; 65; 79; 77; 13; 50; 23; 12; 50; 26
12,24,0.32467,0.5,78; 12; 24; 10; 10; 10; 58; 27; 85; 49
59,70,0.22672,0.84286,7; 59; 70; 60; 74; 8; 13; 50; 30; 66
22,73,0.2865,0.30137,59; 22; 73; 36; 33; 67; 76; 11; 78; 26
9,31,0.27395,0.29032,25; 9; 31; 65; 28; 5; 20; 64; 22; 21
39,78,0.24899,0.5,35; 39; 78; 69; 51; 68; 7; 75; 11; 15
62,76,0.2194,0.81579,77; 62; 76; 80; 18; 12; 69; 70; 10; 13
34,70,0.28607,0.48571,48; 34; 70; 47; 16; 21; 72; 6; 31; 71
31,83,0.23461,0.37349,21; 31; 83; 80; 10; 36; 9; 41; 40; 70
9,28,0.29027,0.32143,63; 9; 28; 39; 56; 44; 18; 41; 55; 78
6,18,0.28275,0.33333,35; 6; 18; 22; 37; 70; 68; 33; 22; 81
19,75,0.25114,0.25333,47; 19; 75; 46; 83; 21; 15; 78; 55; 9
18,32,0.34066,0.5625,28; 18; 32; 9; 46; 26; 11; 42; 56; 39
23,63,0.30277,0.36508,72; 23; 63; 60; 57; 38; 80; 34; 29; 11
64,76,0.20677,0.84211,36; 64; 76; 15; 80; 44; 64; 30; 5; 84
9,11,0.25843,0.81818,67; 9; 11; 20; 43; 85; 21; 18; 20; 13
17,67,0.2517,0.25373,83; 17; 67; 59; 36; 35; 71; 78; 51; 78
16,66,0.2397,0.24242,8; 16; 66; 22; 16; 51; 20; 11; 9; 17
24,69,0.30262,0.34783,35; 24; 69; 47; 12; 71; 65; 33; 84; 39
31,38,0.33352,0.81579,67; 31; 38; 58; 78; 45; 81; 22; 59; 12
64,80,0.16202,0.8,57; 64; 80; 71; 22; 32; 6; 46; 49; 24
19,22,0.34341,0.86364,70; 19; 22; 15; 47; 32; 13; 15; 58; 24
23,47,0.33891,0.48936,24; 23; 47; 46; 80; 84; 64; 85; 69; 80
13,47,0.26677,0.2766,83; 13; 47; 57; 65; 60; 26; 57; 22; 78
23,62,0.31013,0.37097,31; 23; 62; 19; 21; 5; 18; 41; 20; 61
13,35,0.30899,0.37143,63; 13; 35; 31; 26; 83; 78; 66; 56; 23
13,39,0.30254,0.33333,11; 13; 39; 46; 57; 40; 38; 48; 45; 20
8,25,0.28485,0.32,73; 8; 25; 66; 44; 14; 79; 22; 79; 75
12,14,0.30898,0.85714,19; 12; 14; 67; 39; 78; 65; 31; 83; 70
7,29,0.2364,0.24138,20; 7; 29; 40; 52; 58; 57; 76; 55; 34
23,83,0.26134,0.27711,20; 23; 83; 66; 26; 26; 19; 53; 67; 48
47,57,0.27598,0.82456,11; 47; 57; 10; 14; 33; 60; 40; 72; 84
16,63,0.25138,0.25397,47; 16; 63; 63; 70; 64; 63; 35; 58; 29
28,34,0.34144,0.82353,37; 28; 34; 75; 48; 60; 58; 15; 34; 20
48,61,0.26984,0.78689,50; 48; 61; 14; 28; 9; 15; 82; 67; 8
19,24,0.34156,0.79167,5; 19; 24; 26; 36; 29; 34; 52; 59; 50
24,73,0.28301,0.32877,32; 24; 73; 34; 54; 45; 36; 18; 60; 43
28,49,0.32782,0.57143,12; 28; 49; 24; 29; 64; 50; 83; 16; 20
35,71,0.27919,0.49296,53; 35; 71; 12; 43; 85; 76; 80; 48; 77
67,85,0.18631,0.78824,81; 67; 85; 13; 26; 37; 12; 44; 48; 69
20,80,0.2501,0.25,33; 20; 80; 31; 54; 57; 20; 51; 52; 14
34,43,0.32232,0.7907,34; 34; 43; 71; 23; 32; 71; 85; 78; 76
42,49,0.30113,0.85714,65; 42; 49; 72; 31; 85; 33; 20; 28; 45
64,80,0.18704,0.8,81; 64; 80; 58; 66; 11; 81; 26; 44; 54
20,68,0.28133,0.29412,8; 20; 68; 19; 73; 28; 74; 76; 81; 16
12,38,0.29078,0.31579,52; 12; 38; 37; 53; 8; 51; 57; 42; 73
15,27,0.33161,0.55556,29; 15; 27; 84; 21; 70; 74; 55; 22; 6
16,46,0.31,0.34783,83; 16; 46; 7; 57; 16; 46; 44; 83; 37
34,69,0.29601,0.49275,45; 34; 69; 81; 80; 8; 43; 48; 8; 51
13,47,0.2694,0.2766,17; 13; 47; 24; 52; 62; 84; 76; 26; 16
36,78,0.24535,0.46154,11; 36; 78; 72; 29; 55; 30; 62; 15; 55
16,65,0.24468,0.24615,10; 16; 65; 54; 41; 58; 12; 16; 12; 78
57,72,0.22895,0.79167,75; 57; 72; 24; 25; 56; 29; 35; 42; 41
19,51,0.31768,0.37255,32; 19; 51; 19; 80; 64; 31; 48; 66; 46
31,67,0.30042,0.46269,66; 31; 67; 71; 36; 16; 54; 18; 51; 81
9,27,0.29534,0.33333,48; 9; 27; 71; 17; 58; 40; 25; 23; 76
57,68,0.19219,0.83824,27; 57; 68; 50; 19; 27; 16; 29; 41; 61
60,70,0.21743,0.85714,26; 60; 70; 47; 17; 79; 72; 59; 23; 64
37,65,0.29533,0.56923,79; 37; 65; 60; 7; 15; 72; 25; 70; 18
12,48,0.24558,0.25,9; 12; 48; 46; 63; 82; 65; 40; 55; 75
26,53,0.32773,0.49057,24; 26; 53; 13; 67; 71; 79; 19; 67; 27
45,57,0.28369,0.78947,38; 45; 57; 35; 43; 45; 80; 77; 17; 75
44,79,0.23269,0.55696,64; 44; 79; 62; 43; 21; 54; 31; 30; 13
64,81,0.18248,0.79012,64; 64; 81; 32; 11; 26; 74; 84; 77; 79
35,70,0.28251,0.5,45; 35; 70; 67; 40; 22; 45; 37; 83; 55
17,60,0.27569,0.28333,20; 17; 60; 59; 10; 25; 75; 5; 45; 73
7,19,0.29427,0.36842,15; 7; 19; 32; 20; 80; 14; 52; 70; 77
11,30,0.30295,0.36667,71; 11; 30; 63; 65; 42; 22; 23; 28; 39
11,39,0.27078,0.28205,21; 11; 39; 45; 20; 62; 15; 60; 52; 80
8,23,0.29542,0.34783,79; 8; 23; 44; 42; 80; 20; 15; 70; 78
19,59,0.30157,0.32203,84; 19; 59; 81; 72; 35; 16; 21; 42; 53
59,72,0.21313,0.81944,20; 59; 72; 35; 13; 73; 75; 84; 44; 46
13,53,0.24336,0.24528,73; 13; 53; 80; 52; 36; 83; 23; 6; 36
15,54,0.27082,0.27778,28; 15; 54; 79; 30; 30; 29; 27; 65; 57
23,77,0.27994,0.2987,11; 23; 77; 56; 20; 60; 78; 49; 64; 61
12,49,0.24314,0.2449,83; 12; 49; 72; 33; 7; 50; 69; 67; 67
32,69,0.28988,0.46377,24; 32; 69; 57; 6; 50; 69; 32; 71; 26
27,73,0.2892,0.36986,27; 27; 73; 11; 31; 57; 17; 60; 22; 75
40,70,0.25499,0.57143,77; 40; 70; 44; 33; 41; 31; 13; 29; 62
15,61,0.24336,0.2459,36; 15; 61; 33; 78; 68; 44; 56; 12; 62
6,21,0.27173,0.28571,65; 6; 21; 82; 23; 15; 35; 20; 9; 71
12,36,0.2941,0.33333,58; 12; 36; 64; 24; 66; 76; 10; 28; 36
5,17,0.26233,0.29412,70; 5; 17; 75; 15; 24; 74; 57; 20; 17
21,85,0.24736,0.24706,79; 21; 85; 39; 14; 78; 61; 33; 18; 44
12,26,0.32556,0.46154,42; 12; 26; 19; 51; 7; 53; 50; 17; 25
39,79,0.27005,0.49367,22; 39; 79; 69; 80; 78; 47; 27; 65; 73
15,19,0.33667,0.78947,36; 15; 19; 38; 28; 67; 79; 12; 85; 24
17,46,0.31327,0.36957,61; 17; 46; 24; 9; 79; 81; 38; 6; 6
15,30,0.33028,0.5,7; 15; 30; 61; 15; 57; 44; 57; 31; 51
16,49,0.29841,0.32653,81; 16; 49; 12; 52; 52; 14; 56; 56; 78
41,72,0.2472,0.56944,36; 41; 72; 30; 28; 41; 26; 51; 5; 13
11,38,0.28037,0.28947,25; 11; 38; 66; 84; 36; 82; 56; 28; 37
48,60,0.25802,0.8,78; 48; 60; 61; 36; 8; 26; 10; 24; 13
22,76,0.27834,0.28947,75; 22; 76; 17; 31; 15; 81; 76; 60; 11
26,53,0.3288,0.49057,47; 26; 53; 63; 12; 20; 14; 49; 67; 15
27,77,0.27094,0.35065,7; 27; 77; 15; 58; 23; 76; 14; 46; 73
38,48,0.30928,0.79167,45; 38; 48; 49; 17; 24; 32; 48; 74; 84
8,32,0.24589,0.25,35; 8; 32; 84; 28; 47; 51; 78; 45; 25
16,68,0.23675,0.23529,48; 16; 68; 33; 44; 65; 27; 67; 77; 53
70,83,0.16674,0.84337,56; 70; 83; 17; 39; 55; 80; 13; 28; 15
15,52,0.27902,0.28846,78; 15; 52; 21; 46; 76; 71; 15; 13; 15
27,47,0.33414,0.57447,15; 27; 47; 16; 34; 75; 70; 54; 32; 60
16,35,0.33063,0.45714,24; 16; 35; 14; 49; 69; 48; 54; 14; 61
7,22,0.29256,0.31818,35; 7; 22; 43; 46; 23; 78; 36; 6; 82
8,33,0.2413,0.24242,32; 8; 33; 22; 21; 6; 55; 6; 58; 52
17,67,0.25338,0.25373,31; 17; 67; 32; 60; 55; 23; 34; 61; 29
13,46,0.27142,0.28261,15; 13; 46; 34; 31; 20; 67; 25; 71; 64
67,80,0.20267,0.8375,78; 67; 80; 72; 34; 5; 31; 60; 46; 64
40,71,0.26247,0.56338,20; 40; 71; 59; 22; 39; 41; 56; 71; 41
24,72,0.2857,0.33333,45; 24; 72; 77; 27; 9; 41; 19; 29; 10
5,10,0.18531,0.5,71; 5; 10; 39; 20; 70; 33; 53; 69; 53
8,23,0.29624,0.34783,84; 8; 23; 63; 68; 14; 58; 54; 9; 71
14,49,0.28019,0.28571,25; 14; 49; 12; 29; 61; 75; 78; 6; 18
37,75,0.26471,0.49333,62; 37; 75; 14; 33; 61; 40; 10; 57; 41
33,59,0.30979,0.55932,79; 33; 59; 66; 79; 67; 72; 64; 63; 65
25,79,0.27733,0.31646,19; 25; 79; 25; 58; 66; 28; 21; 35; 36
43,76,0.26104,0.56579,82; 43; 76; 55; 61; 71; 10; 42; 6; 46
7,14,0.26489,0.5,34; 7; 14; 80; 70; 9; 21; 27; 49; 19
8,10,0.23706,0.8,59; 8; 10; 23; 79; 49; 44; 81; 59; 15
11,44,0.24157,0.25,41; 11; 44; 76; 32; 25; 69; 73; 68; 16
45,81,0.2465,0.55556,70; 45; 81; 61; 56; 44; 6; 31; 76; 53
21,71,0.28435,0.29577,68; 21; 71; 67; 83; 27; 10; 71; 41; 38
22,69,0.29744,0.31884,70; 22; 69; 49; 25; 81; 26; 47; 74; 51
71,83,0.19363,0.85542,83; 71; 83; 53; 49; 68; 36; 25; 65; 14
11,24,0.31887,0.45833,36; 11; 24; 49; 71; 83; 85; 44; 76; 25
6,20,0.27759,0.3,85; 6; 20; 14; 83; 19; 78; 45; 14; 39
17,67,0.25361,0.25373,25; 17; 67; 82; 19; 25; 33; 77; 40; 68
21,60,0.30436,0.35,80; 21; 60; 58; 52; 74; 11; 35; 9; 30
16,54,0.28793,0.2963,51; 16; 54; 17; 5; 49; 66; 42; 12; 5
38,68,0.28479,0.55882,73; 38; 68; 40; 33; 41; 9; 76; 8; 34
51,59,0.26898,0.86441,60; 51; 59; 37; 64; 54; 25; 8; 9; 45
19,66,0.28013,0.28788,32; 19; 66; 15; 7; 7; 53; 16; 33; 33
18,51,0.31213,0.35294,45; 18; 51; 57; 12; 80; 29; 9; 33; 8
6,18,0.28382,0.33333,12; 6; 18; 26; 31; 8; 57; 38; 8; 45
16,65,0.24431,0.24615,53; 16; 65; 29; 6; 9; 19; 74; 52; 34
53,67,0.24698,0.79104,24; 53; 67; 23; 9; 27; 24; 22; 35; 63
21,37,0.34856,0.56757,30; 21; 37; 6; 54; 14; 8; 23; 7; 43
68,83,0.19086,0.81928,67; 68; 83; 19; 27; 64; 9; 10; 68; 34
21,84,0.25008,0.25,8; 21; 84; 27; 62; 71; 83; 7; 63; 79
17,60,0.27854,0.28333,8; 17; 60; 14; 21; 27; 13; 75; 6; 12
36,42,0.32157,0.85714,46; 36; 42; 78; 66; 78; 47; 83; 41; 66
24,85,0.25814,0.28235,28; 24; 85; 33; 10; 26; 56; 25; 48; 81
43,54,0.29309,0.7963,42; 43; 54; 50; 25; 80; 84; 70; 14; 26
24,84,0.26573,0.28571,24; 24; 84; 54; 48; 51; 39; 84; 32; 20
23,82,0.26829,0.28049,81; 23; 82; 38; 18; 60; 32; 38; 26; 5
12,38,0.2929,0.31579,45; 12; 38; 33; 75; 59; 13; 43; 17; 54
27,84,0.26631,0.32143,74; 27; 84; 8; 79; 37; 73; 69; 49; 38
12,34,0.30562,0.35294,76; 12; 34; 29; 33; 60; 31; 10; 75; 24
29,58,0.31919,0.5,11; 29; 58; 30; 56; 50; 38; 21; 52; 5
22,48,0.33495,0.45833,57; 22; 48; 12; 85; 77; 28; 55; 13; 60
15,62,0.24635,0.24194,76; 15; 62; 18; 33; 50; 32; 54; 47; 47
63,79,0.21754,0.79747,17; 63; 79; 39; 71; 59; 36; 79; 66; 81
13,46,0.27757,0.28261,63; 13; 46; 11; 9; 29; 20; 5; 75; 59
37,46,0.31603,0.80435,49; 37; 46; 74; 28; 20; 20; 15; 14; 34
29,63,0.31054,0.46032,64; 29; 63; 38; 56; 80; 34; 15; 14; 30
12,24,0.32396,0.5,19; 12; 24; 33; 73; 71; 67; 17; 68; 29
33,67,0.30345,0.49254,69; 33; 67; 75; 56; 20; 56; 24; 15; 64
65,79,0.20908,0.82278,38; 65; 79; 66; 71; 23; 33; 15; 82; 75
6,7,0.1601,0.85714,50; 6; 7; 8; 48; 12; 74; 31; 56; 36
11,44,0.24703,0.25,8; 11; 44; 50; 12; 73; 38; 6; 66; 84
30,60,0.31803,0.5,49; 30; 60; 52; 15; 75; 34; 50; 65; 26
44,78,0.24925,0.5641,52; 44; 78; 41; 19; 71; 80; 22; 34; 44
25,78,0.27968,0.32051,15; 25; 78; 41; 82; 41; 48; 59; 20; 79
21,43,0.3415,0.48837,78; 21; 43; 52; 31; 49; 85; 31; 24; 47
25,78,0.27017,0.32051,75; 25; 78; 6; 13; 40; 70; 58; 79; 58
9,31,0.28061,0.29032,46; 9; 31; 33; 74; 47; 34; 27; 59; 48
23,77,0.27711,0.2987,46; 23; 77; 76; 13; 14; 61; 77; 24; 67
59,70,0.22757,0.84286,49; 59; 70; 69; 47; 50; 40; 21; 32; 84
21,76,0.27236,0.27632,24; 21; 76; 54; 48; 17; 42; 71; 23; 25
23,82,0.26861,0.28049,52; 23; 82; 23; 11; 20; 51; 14; 56; 46
34,70,0.29345,0.48571,36; 34; 70; 80; 56; 62; 31; 23; 73; 39
72,84,0.19185,0.85714,21; 72; 84; 53; 64; 43; 67; 29; 31; 55
15,61,0.24331,0.2459,36; 15; 61; 33; 57; 13; 66; 65; 10; 19
12,21,0.33145,0.57143,18; 12; 21; 85; 35; 74; 58; 78; 7; 70
28,85,0.26619,0.32941,46; 28; 85; 68; 42; 62; 11; 59; 63; 46
16,57,0.27442,0.2807,46; 16; 57; 15; 11; 39; 78; 52; 7; 14
52,65,0.25122,0.8,20; 52; 65; 17; 56; 66; 60; 79; 41; 68
24,74,0.28668,0.32432,68; 24; 74; 6; 31; 11; 68; 13; 58; 65
23,76,0.28067,0.30263,23; 23; 76; 63; 42; 39; 20; 62; 54; 21
23,29,0.3436,0.7931,69; 23; 29; 42; 56; 52; 37; 61; 16; 51
21,69,0.2909,0.30435,32; 21; 69; 50; 75; 49; 68; 39; 9; 14
22,73,0.28904,0.30137,50; 22; 73; 6; 26; 43; 31; 7; 6; 49
13,51,0.25238,0.2549,42; 13; 51; 44; 13; 76; 73; 77; 14; 24
24,49,0.32961,0.4898,42; 24; 49; 39; 11; 51; 44; 51; 39; 83
44,79,0.23035,0.55696,28; 44; 79; 40; 51; 44; 52; 66; 76; 5
27,59,0.32242,0.45763,45; 27; 59; 74; 11; 47; 74; 22; 79; 10
29,78,0.27731,0.37179,24; 29; 78; 63; 58; 72; 67; 68; 54; 84
14,46,0.29266,0.30435,11; 14; 46; 54; 74; 20; 9; 77; 20; 60
7,28,0.24542,0.25,15; 7; 28; 69; 5; 70; 70; 40; 6; 11
20,85,0.23651,0.23529,78; 20; 85; 75; 63; 28; 57; 13; 20; 37
44,56,0.29774,0.78571,52; 44; 56; 45; 23; 17; 38; 22; 10; 72
21,65,0.30135,0.32308,60; 21; 65; 42; 85; 47; 17; 56; 13; 29
7,20,0.29238,0.35,82; 7; 20; 57; 40; 34; 84; 56; 32; 14
6,13,0.2351,0.46154,82; 6; 13; 19; 7; 27; 19; 73; 8; 25
21,42,0.33106,0.5,71; 21; 42; 80; 64; 78; 23; 28; 63; 29
31,63,0.31362,0.49206,35; 31; 63; 11; 80; 72; 47; 83; 49; 62
9,38,0.23607,0.23684,77; 9; 38; 18; 39; 5; 26; 77; 41; 48
20,61,0.30197,0.32787,31; 20; 61; 83; 26; 38; 78; 38; 65; 8
26,71,0.27656,0.3662,78; 26; 71; 55; 70; 44; 9; 66; 22; 81
31,84,0.26659,0.36905,29; 31; 84; 75; 68; 50; 59; 67; 81; 8
27,83,0.26492,0.3253,25; 27; 83; 25; 64; 61; 34; 18; 11; 68
59,69,0.23274,0.85507,85; 59; 69; 13; 76; 23; 48; 84; 77; 23
21,43,0.34151,0.48837,64; 21; 43; 73; 82; 78; 59; 46; 10; 62
30,85,0.25965,0.35294,49; 30; 85; 12; 51; 44; 51; 77; 18; 43
28,81,0.2759,0.34568,25; 28; 81; 69; 38; 40; 20; 75; 83; 32
27,83,0.26715,0.3253,13; 27; 83; 71; 5; 6; 68; 27; 79; 71
16,57,0.27549,0.2807,83; 16; 57; 15; 25; 53; 79; 61; 53; 58
25,68,0.30102,0.36765,28; 25; 68; 28; 25; 75; 81; 5; 25; 40
6,24,0.24832,0.25,47; 6; 24; 43; 80; 13; 5; 40; 11; 17
26,82,0.26666,0.31707,42; 26; 82; 71; 26; 75; 71; 37; 39; 65
18,63,0.27854,0.28571,56; 18; 63; 14; 84; 59; 21; 23; 82; 49
14,47,0.28616,0.29787,23; 14; 47; 13; 77; 65; 85; 19; 59; 20
41,72,0.25566,0.56944,31; 41; 72; 8; 28; 55; 5; 51; 38; 51
37,75,0.2778,0.49333,11; 37; 75; 19; 62; 68; 71; 68; 7; 57
22,62,0.31443,0.35484,28; 22; 62; 77; 41; 15; 38; 30; 77; 47
15,51,0.28367,0.29412,49; 15; 51; 10; 58; 81; 83; 10; 42; 68
12,14,0.29976,0.85714,81; 12; 14; 11; 6; 30; 26; 72; 43; 33
24,49,0.3348,0.4898,21; 24; 49; 63; 23; 12; 83; 74; 23; 71
27,82,0.25543,0.32927,78; 27; 82; 44; 51; 22; 45; 79; 17; 25
25,51,0.32637,0.4902,26; 25; 51; 47; 43; 48; 70; 8; 59; 7
24,48,0.32938,0.5,30; 24; 48; 38; 63; 74; 53; 80; 68; 29
36,72,0.2808,0.5,34; 36; 72; 83; 7; 51; 12; 57; 51; 14
14,50,0.27514,0.28,84; 14; 50; 13; 84; 77; 26; 12; 6; 37
6,18,0.28882,0.33333,57; 6; 18; 77; 7; 64; 66; 25; 71; 71
59,69,0.22831,0.85507,5; 59; 69; 56; 69; 68; 80; 60; 70; 46
15,47,0.30139,0.31915,84; 15; 47; 71; 50; 56; 10; 10; 46; 13
10,18,0.30563,0.55556,22; 10; 18; 20; 6; 44; 70; 49; 54; 67
30,82,0.26318,0.36585,85; 30; 82; 8; 53; 57; 23; 54; 17; 65
23,71,0.28632,0.32394,73; 23; 71; 46; 84; 83; 43; 43; 80; 60
10,34,0.28167,0.29412,30; 10; 34; 18; 25; 74; 67; 41; 55; 50
69,84,0.19545,0.82143,81; 69; 84; 60; 18; 85; 41; 76; 30; 63
20,84,0.23655,0.2381,46; 20; 84; 36; 77; 55; 69; 71; 43; 49
20,69,0.27918,0.28986,17; 20; 69; 62; 82; 66; 39; 84; 22; 21
6,17,0.27839,0.35294,34; 6; 17; 46; 22; 38; 8; 34; 71; 71
47,57,0.27748,0.82456,65; 47; 57; 26; 39; 5; 13; 68; 28; 54
40,50,0.30711,0.8,31; 40; 50; 40; 63; 53; 22; 49; 20; 22
28,81,0.27121,0.34568,54; 28; 81; 77; 6; 56; 33; 72; 76; 37
64,74,0.21391,0.86486,24; 64; 74; 84; 64; 29; 61; 5; 61; 83
68,85,0.19174,0.8,73; 68; 85; 10; 82; 81; 68; 5; 52; 77
52,62,0.26377,0.83871,47; 52; 62; 51; 27; 82; 52; 63; 14; 8
22,75,0.27836,0.29333,44; 22; 75; 44; 6; 40; 64; 29; 67; 34
57,68,0.20009,0.83824,17; 57; 68; 26; 14; 30; 38; 39; 83; 17
43,76,0.26122,0.56579,68; 43; 76; 7; 81; 59; 18; 76; 63; 30
32,56,0.31853,0.57143,72; 32; 56; 60; 25; 43; 30; 17; 42; 39
19,51,0.32054,0.37255,78; 19; 51; 73; 21; 44; 15; 6; 37; 51
25,83,0.26757,0.3012,83; 25; 83; 14; 19; 58; 14; 26; 56; 63
64,74,0.19704,0.86486,28; 64; 74; 22; 8; 28; 37; 81; 78; 10
59,72,0.22848,0.81944,19; 59; 72; 26; 71; 9; 13; 17; 24; 61
25,84,0.26696,0.29762,83; 25; 84; 31; 67; 28; 61; 52; 32; 48
26,75,0.25937,0.34667,73; 26; 75; 33; 41; 6; 11; 31; 41; 9
62,78,0.21293,0.79487,83; 62; 78; 79; 28; 17; 85; 44; 68; 15
36,42,0.32203,0.85714,59; 36; 42; 66; 64; 12; 25; 22; 60; 29
23,40,0.33996,0.575,60; 23; 40; 67; 74; 17; 72; 6; 45; 58
11,37,0.27533,0.2973,33; 11; 37; 22; 69; 84; 61; 78; 32; 13
62,72,0.21183,0.86111,75; 62; 72; 45; 52; 17; 43; 62; 31; 12
22,44,0.34337,0.5,33; 22; 44; 62; 21; 21; 24; 33; 71; 73
39,79,0.25134,0.49367,42; 39; 79; 83; 52; 15; 34; 53; 81; 23
34,43,0.3279,0.7907,29; 34; 43; 45; 33; 26; 40; 29; 18; 22
67,82,0.19955,0.81707,50; 67; 82; 56; 12; 63; 79; 26; 20; 64
10,31,0.29273,0.32258,9; 10; 31; 43; 44; 70; 59; 25; 72; 52
7,22,0.2892,0.31818,28; 7; 22; 78; 25; 73; 85; 83; 41; 64
14,57,0.24435,0.24561,32; 14; 57; 79; 71; 44; 84; 14; 81; 25
39,85,0.23443,0.45882,41; 39; 85; 66; 82; 6; 15; 42; 72; 61
18,61,0.28676,0.29508,15; 18; 61; 69; 29; 72; 79; 72; 81; 62
45,55,0.28665,0.81818,72; 45; 55; 16; 34; 75; 19; 7; 28; 81
65,77,0.20798,0.84416,84; 65; 77; 8; 51; 35; 74; 30; 83; 29
19,65,0.28244,0.29231,32; 19; 65; 24; 27; 27; 28; 72; 20; 78
6,7,0.17313,0.85714,31; 6; 7; 64; 84; 8; 28; 76; 6; 61
7,23,0.28137,0.30435,55; 7; 23; 60; 37; 56; 49; 84; 14; 57
19,80,0.23717,0.2375,33; 19; 80; 50; 36; 61; 51; 35; 76; 62
23,82,0.26691,0.28049,20; 23; 82; 14; 84; 53; 23; 45; 38; 79
22,62,0.31171,0.35484,26; 22; 62; 75; 60; 44; 32; 51; 32; 35
65,77,0.2054,0.84416,42; 65; 77; 42; 11; 45; 75; 52; 36; 53
17,51,0.30278,0.33333,18; 17; 51; 20; 81; 62; 49; 79; 15; 77
28,50,0.32708,0.56,67; 28; 50; 83; 17; 84; 39; 61; 74; 54
22,66,0.30415,0.33333,81; 22; 66; 82; 82; 67; 35; 41; 14; 5
49,57,0.26109,0.85965,50; 49; 57; 30; 21; 5; 70; 69; 11; 57
27,85,0.26412,0.31765,22; 27; 85; 31; 41; 57; 27; 6; 76; 78
18,60,0.2854,0.3,15; 18; 60; 51; 48; 67; 55; 60; 84; 65
19,64,0.28557,0.29688,77; 19; 64; 14; 76; 21; 57; 70; 63; 70
37,43,0.32189,0.86047,7; 37; 43; 75; 7; 31; 32; 41; 62; 63
19,78,0.24545,0.24359,12; 19; 78; 23; 7; 63; 69; 55; 69; 19
37,44,0.31166,0.84091,41; 37; 44; 11; 45; 52; 7; 8; 45; 85
18,56,0.29827,0.32143,20; 18; 56; 76; 16; 61; 21; 52; 12; 12
20,80,0.24584,0.25,19; 20; 80; 70; 80; 24; 16; 41; 36; 17
52,62,0.2583,0.83871,38; 52; 62; 72; 20; 19; 80; 80; 14; 10
56,65,0.23385,0.86154,7; 56; 65; 73; 42; 9; 23; 78; 76; 69
31,62,0.31236,0.5,51; 31; 62; 63; 36; 17; 19; 5; 35; 55
17,71,0.23854,0.23944,83; 17; 71; 71; 26; 62; 49; 44; 17; 29
68,83,0.19668,0.81928,44; 68; 83; 35; 67; 5; 74; 25; 51; 42
21,74,0.28068,0.28378,59; 21; 74; 23; 8; 49; 31; 41; 32; 15
42,75,0.25757,0.56,24; 42; 75; 32; 41; 53; 44; 60; 28; 61
23,62,0.31342,0.37097,77; 23; 62; 34; 79; 64; 10; 42; 64; 58
34,60,0.30336,0.56667,29; 34; 60; 31; 65; 60; 79; 34; 50; 62
62,74,0.22761,0.83784,65; 62; 74; 37; 56; 43; 43; 51; 22; 73
44,77,0.24943,0.57143,11; 44; 77; 59; 25; 83; 27; 52; 45; 34
22,60,0.31692,0.36667,31; 22; 60; 10; 44; 45; 79; 31; 31; 79
17,37,0.33186,0.45946,62; 17; 37; 20; 57; 85; 40; 5; 13; 44
14,43,0.30118,0.32558,45; 14; 43; 38; 65; 84; 47; 33; 25; 49
20,57,0.30794,0.35088,81; 20; 57; 38; 33; 64; 15; 21; 7; 71
13,45,0.27734,0.28889,63; 13; 45; 57; 17; 51; 74; 84; 36; 82
49,61,0.26032,0.80328,80; 49; 61; 31; 23; 78; 75; 81; 80; 69
21,75,0.26935,0.28,10; 21; 75; 55; 44; 40; 66; 51; 66; 54
30,60,0.31338,0.5,72; 30; 60; 70; 75; 54; 53; 68; 20; 11
49,58,0.25865,0.84483,40; 49; 58; 36; 56; 45; 27; 62; 50; 44
14,46,0.29398,0.30435,57; 14; 46; 43; 29; 43; 73; 26; 64; 61
14,40,0.30539,0.35,26; 14; 40; 24; 48; 73; 27; 9; 33; 18
19,66,0.2799,0.28788,28; 19; 66; 77; 62; 83; 20; 81; 48; 82
30,53,0.32712,0.56604,36; 30; 53; 15; 62; 17; 24; 16; 19; 12
27,47,0.33516,0.57447,12; 27; 47; 44; 51; 35; 51; 28; 15; 64
14,17,0.32671,0.82353,64; 14; 17; 63; 26; 10; 9; 7; 23; 7
24,82,0.24223,0.29268,71; 24; 82; 7; 74; 46; 74; 6; 23; 38
40,81,0.22099,0.49383,27; 40; 81; 27; 34; 81; 60; 49; 22; 71
25,54,0.32457,0.46296,62; 25; 54; 66; 80; 44; 35; 16; 53; 73
13,26,0.33031,0.5,83; 13; 26; 9; 43; 73; 22; 7; 7; 26
42,51,0.29549,0.82353,42; 42; 51; 37; 13; 5; 33; 71; 39; 14
20,62,0.30045,0.32258,39; 20; 62; 70; 5; 8; 56; 26; 29; 44
61,71,0.2138,0.85915,55; 61; 71; 10; 38; 11; 9; 77; 23; 35
15,54,0.27209,0.27778,63; 15; 54; 27; 8; 24; 80; 25; 74; 27
7,25,0.26523,0.28,66; 7; 25; 7; 39; 70; 67; 10; 43; 59
44,78,0.22675,0.5641,80; 44; 78; 30; 19; 83; 74; 77; 18; 12
21,74,0.27629,0.28378,52; 21; 74; 25; 83; 14; 29; 82; 16; 15
18,21,0.34406,0.85714,64; 18; 21; 80; 50; 25; 85; 25; 68; 56
17,30,0.34408,0.56667,29; 17; 30; 40; 78; 65; 29; 24; 71; 31
21,65,0.29878,0.32308,70; 21; 65; 85; 59; 16; 9; 53; 26; 31
50,61,0.25491,0.81967,14; 50; 61; 82; 21; 6; 45; 28; 6; 23
42,51,0.30055,0.82353,5; 42; 51; 38; 69; 32; 24; 58; 33; 71
22,78,0.27323,0.28205,33; 22; 78; 9; 13; 19; 68; 44; 74; 17
33,67,0.29009,0.49254,70; 33; 67; 32; 5; 75; 79; 47; 30; 13
18,57,0.29611,0.31579,67; 18; 57; 25; 52; 71; 29; 35; 15; 82
17,48,0.31005,0.35417,85; 17; 48; 30; 75; 41; 76; 36; 44; 69
22,75,0.2819,0.29333,84; 22; 75; 77; 11; 66; 28; 41; 46; 27
5,21,0.22605,0.2381,80; 5; 21; 35; 27; 8; 9; 55; 45; 72
35,71,0.2844,0.49296,15; 35; 71; 83; 15; 24; 30; 28; 50; 45
37,80,0.26978,0.4625,33; 37; 80; 14; 61; 71; 20; 79; 66; 76
33,41,0.31947,0.80488,49; 33; 41; 48; 79; 31; 49; 60; 37; 7
67,82,0.19282,0.81707,70; 67; 82; 11; 55; 71; 82; 34; 7; 47
61,73,0.21402,0.83562,41; 61; 73; 77; 5; 77; 28; 77; 5; 9
5,15,0.26175,0.33333,42; 5; 15; 34; 59; 45; 59; 42; 57; 6
22,75,0.28271,0.29333,34; 22; 75; 39; 41; 68; 30; 83; 78; 77
21,66,0.29738,0.31818,21; 21; 66; 67; 64; 48; 78; 77; 16; 75
20,66,0.29061,0.30303,47; 20; 66; 63; 26; 64; 40; 5; 57; 80
13,55,0.23162,0.23636,31; 13; 55; 13; 70; 12; 55; 5; 46; 31
26,33,0.33403,0.78788,36; 26; 33; 45; 28; 60; 45; 15; 55; 52
28,81,0.2426,0.34568,5; 28; 81; 74; 9; 61; 74; 28; 35; 77
26,79,0.26335,0.32911,66; 26; 79; 76; 45; 10; 7; 70; 84; 78
19,68,0.27193,0.27941,12; 19; 68; 21; 38; 15; 62; 74; 6; 32
11,37,0.28242,0.2973,25; 11; 37; 74; 72; 51; 12; 41; 81; 12
7,20,0.28309,0.35,55; 7; 20; 27; 36; 79; 59; 46; 13; 84
27,73,0.2817,0.36986,26; 27; 73; 79; 55; 5; 7; 25; 7; 23
25,54,0.31897,0.46296,58; 25; 54; 19; 70; 68; 80; 76; 20; 21
7,14,0.26089,0.5,13; 7; 14; 23; 85; 78; 34; 71; 83; 13
30,65,0.31718,0.46154,41; 30; 65; 27; 65; 36; 39; 23; 37; 46
6,21,0.2717,0.28571,22; 6; 21; 85; 45; 48; 77; 49; 78; 40
57,66,0.23463,0.86364,67; 57; 66; 19; 52; 24; 79; 44; 11; 41
6,12,0.21607,0.5,41; 6; 12; 59; 20; 28; 20; 47; 51; 26
20,72,0.274,0.27778,46; 20; 72; 73; 56; 10; 37; 41; 31; 25
20,71,0.2749,0.28169,20; 20; 71; 26; 58; 83; 79; 69; 21; 32
49,61,0.25636,0.80328,56; 49; 61; 66; 69; 17; 19; 30; 21; 62
46,80,0.2304,0.575,11; 46; 80; 35; 62; 71; 43; 69; 13; 46
8,33,0.23776,0.24242,12; 8; 33; 24; 21; 42; 83; 63; 59; 48
25,77,0.28354,0.32468,33; 25; 77; 35; 72; 25; 25; 68; 70; 6
20,81,0.24576,0.24691,84; 20; 81; 7; 41; 51; 75; 37; 24; 54
18,55,0.30198,0.32727,9; 18; 55; 29; 69; 59; 31; 21; 75; 17
59,75,0.21045,0.78667,58; 59; 75; 25; 11; 14; 15; 53; 37; 9
14,47,0.28999,0.29787,64; 14; 47; 7; 29; 27; 30; 72; 21; 54
64,81,0.20633,0.79012,8; 64; 81; 47; 13; 78; 78; 19; 85; 53
36,44,0.31371,0.81818,64; 36; 44; 33; 15; 18; 39; 15; 38; 80
5,10,0.21291,0.5,52; 5; 10; 22; 75; 59; 49; 61; 80; 69
44,79,0.20436,0.55696,17; 44; 79; 70; 69; 55; 14; 34; 70; 52
23,47,0.33597,0.48936,7; 23; 47; 24; 58; 11; 23; 51; 75; 81
23,47,0.33487,0.48936,55; 23; 47; 77; 52; 32; 72; 55; 72; 36
32,56,0.32202,0.57143,47; 32; 56; 19; 84; 22; 83; 76; 15; 46
23,28,0.34438,0.82143,17; 23; 28; 75; 13; 64; 47; 31; 22; 81
17,57,0.28747,0.29825,35; 17; 57; 21; 79; 30; 38; 30; 43; 53
40,49,0.30957,0.81633,8; 40; 49; 8; 37; 32; 18; 70; 19; 45
27,55,0.32349,0.49091,17; 27; 55; 20; 57; 72; 71; 60; 40; 41
13,51,0.24933,0.2549,15; 13; 51; 42; 78; 80; 11; 49; 15; 20
39,79,0.25083,0.49367,40; 39; 79; 19; 62; 74; 70; 69; 17; 39
62,72,0.21544,0.86111,37; 62; 72; 60; 31; 24; 80; 70; 22; 65
64,80,0.20689,0.8,8; 64; 80; 81; 76; 29; 39; 74; 28; 44
44,55,0.2806,0.8,21; 44; 55; 53; 42; 42; 41; 60; 85; 57
6,19,0.28411,0.31579,36; 6; 19; 22; 62; 57; 51; 52; 40; 49
45,79,0.23211,0.56962,81; 45; 79; 74; 41; 10; 21; 63; 49; 14
65,77,0.20356,0.84416,76; 65; 77; 38; 52; 45; 15; 67; 60; 71
51,59,0.26233,0.86441,46; 51; 59; 7; 58; 11; 69; 27; 7; 26
32,70,0.2881,0.45714,40; 32; 70; 20; 47; 58; 9; 39; 18; 45
20,82,0.24375,0.2439,28; 20; 82; 76; 80; 24; 44; 46; 73; 83
23,83,0.26626,0.27711,78; 23; 83; 72; 16; 31; 11; 21; 16; 5
20,81,0.24748,0.24691,42; 20; 81; 22; 64; 59; 40; 68; 67; 56
44,77,0.25527,0.57143,27; 44; 77; 17; 44; 51; 69; 17; 6; 45
23,29,0.34652,0.7931,61; 23; 29; 68; 78; 9; 14; 17; 57; 27
35,71,0.27576,0.49296,57; 35; 71; 34; 6; 19; 13; 62; 73; 35
13,23,0.33214,0.56522,9; 13; 23; 13; 43; 47; 80; 85; 11; 7
7,22,0.28763,0.31818,28; 7; 22; 40; 35; 43; 32; 54; 78; 40
29,82,0.25543,0.35366,15; 29; 82; 79; 43; 16; 31; 69; 65; 13
56,68,0.22659,0.82353,78; 56; 68; 57; 74; 34; 60; 36; 80; 62
24,49,0.32442,0.4898,58; 24; 49; 14; 55; 19; 56; 16; 10; 59
17,48,0.31122,0.35417,23; 17; 48; 27; 19; 56; 68; 58; 8; 49
7,28,0.2441,0.25,81; 7; 28; 35; 65; 71; 85; 38; 35; 35
20,84,0.23537,0.2381,45; 20; 84; 84; 55; 67; 10; 85; 72; 13
24,43,0.33775,0.55814,46; 24; 43; 57; 28; 7; 39; 51; 17; 70
16,32,0.33217,0.5,9; 16; 32; 76; 49; 19; 47; 24; 82; 85
35,70,0.27844,0.5,71; 35; 70; 66; 77; 27; 8; 8; 31; 76
53,63,0.25249,0.84127,84; 53; 63; 14; 63; 30; 64; 39; 29; 46
52,62,0.25523,0.83871,75; 52; 62; 47; 45; 70; 83; 30; 80; 82
32,40,0.32786,0.8,6; 32; 40; 21; 29; 59; 67; 57; 79; 28
13,44,0.28137,0.29545,84; 13; 44; 70; 25; 22; 44; 65; 44; 21
33,66,0.29602,0.5,71; 33; 66; 30; 85; 85; 34; 35; 50; 60
37,75,0.26774,0.49333,26; 37; 75; 78; 70; 35; 46; 64; 36; 50
9,16,0.30441,0.5625,42; 9; 16; 5; 47; 47; 77; 22; 25; 78
27,81,0.27461,0.33333,44; 27; 81; 40; 60; 15; 36; 55; 13; 53
62,72,0.21202,0.86111,36; 62; 72; 14; 32; 72; 34; 60; 57; 35
19,66,0.28353,0.28788,35; 19; 66; 9; 72; 28; 76; 23; 58; 21
15,19,0.33248,0.78947,63; 15; 19; 29; 61; 48; 35; 82; 46; 62
21,84,0.2449,0.25,14; 21; 84; 60; 62; 49; 24; 81; 67; 45
23,80,0.273,0.2875,34; 23; 80; 14; 41; 53; 52; 19; 75; 74
16,65,0.24588,0.24615,37; 16; 65; 47; 13; 6; 17; 56; 17; 58
6,25,0.23322,0.24,14; 6; 25; 67; 75; 57; 19; 74; 34; 42
10,30,0.29622,0.33333,21; 10; 30; 16; 74; 32; 61; 83; 55; 80
41,83,0.2116,0.49398,16; 41; 83; 23; 53; 74; 45; 39; 18; 24
25,71,0.29148,0.35211,29; 25; 71; 78; 83; 38; 49; 5; 22; 9
57,66,0.22382,0.86364,38; 57; 66; 61; 57; 28; 75; 59; 33; 72
26,46,0.33822,0.56522,57; 26; 46; 47; 46; 69; 22; 31; 63; 42
10,42,0.23644,0.2381,60; 10; 42; 63; 39; 17; 12; 85; 50; 70
27,77,0.26295,0.35065,25; 27; 77; 75; 38; 77; 30; 55; 50; 85
21,46,0.33054,0.45652,32; 21; 46; 17; 11; 70; 42; 39; 52; 12
40,82,0.24643,0.4878,8; 40; 82; 47; 32; 20; 42; 42; 15; 31
41,52,0.28926,0.78846,65; 41; 52; 82; 75; 6; 30; 30; 16; 46
39,69,0.27573,0.56522,19; 39; 69; 12; 70; 19; 72; 80; 39; 82
13,39,0.30128,0.33333,35; 13; 39; 76; 59; 50; 61; 71; 37; 64
19,65,0.27961,0.29231,43; 19; 65; 17; 82; 43; 34; 21; 75; 21
45,80,0.24759,0.5625,51; 45; 80; 66; 17; 66; 53; 23; 81; 82
7,24,0.271,0.29167,22; 7; 24; 76; 14; 28; 66; 77; 39; 39
27,73,0.28182,0.36986,35; 27; 73; 45; 9; 26; 39; 58; 49; 73
43,51,0.29913,0.84314,12; 43; 51; 84; 50; 25; 60; 30; 55; 70
23,63,0.30909,0.36508,61; 23; 63; 11; 74; 53; 64; 68; 18; 53
15,62,0.24043,0.24194,32; 15; 62; 32; 6; 21; 75; 10; 48; 69
43,76,0.25088,0.56579,44; 43; 76; 70; 45; 49; 77; 32; 51; 62
22,69,0.29736,0.31884,34; 22; 69; 43; 69; 72; 77; 9; 50; 36
45,57,0.26918,0.78947,63; 45; 57; 9; 23; 44; 36; 70; 5; 38
29,83,0.27009,0.3494,84; 29; 83; 67; 30; 27; 56; 67; 23; 38
31,38,0.33593,0.81579,57; 31; 38; 84; 68; 44; 19; 75; 63; 60
31,39,0.3361,0.79487,52; 31; 39; 49; 29; 25; 23; 81; 60; 54
56,67,0.24867,0.83582,36; 56; 67; 51; 11; 12; 68; 67; 41; 58
9,16,0.30186,0.5625,5; 9; 16; 37; 32; 52; 39; 67; 58; 38
57,68,0.19898,0.83824,52; 57; 68; 5; 72; 21; 16; 74; 49; 31
17,59,0.28118,0.28814,60; 17; 59; 48; 24; 62; 49; 28; 27; 69
17,56,0.2882,0.30357,70; 17; 56; 73; 39; 70; 63; 9; 9; 55
47,82,0.2041,0.57317,37; 47; 82; 60; 27; 37; 24; 77; 42; 59
24,80,0.27041,0.3,6; 24; 80; 65; 42; 61; 33; 42; 51; 9
21,84,0.24434,0.25,79; 21; 84; 72; 75; 58; 80; 60; 31; 78
39,69,0.27874,0.56522,81; 39; 69; 47; 72; 58; 71; 39; 32; 45
69,80,0.19341,0.8625,82; 69; 80; 36; 7; 16; 20; 25; 83; 24
48,56,0.26721,0.85714,37; 48; 56; 32; 85; 23; 25; 20; 53; 24
13,28,0.32663,0.46429,32; 13; 28; 69; 42; 5; 15; 72; 83; 55
5,20,0.25717,0.25,85; 5; 20; 20; 35; 9; 65; 55; 85; 15
24,69,0.29935,0.34783,54; 24; 69; 67; 27; 45; 69; 26; 81; 74
24,81,0.27005,0.2963,55; 24; 81; 80; 55; 9; 28; 45; 69; 64
60,76,0.2128,0.78947,42; 60; 76; 67; 25; 73; 66; 55; 67; 53
46,58,0.2862,0.7931,57; 46; 58; 66; 74; 85; 81; 70; 65; 21
19,51,0.31584,0.37255,47; 19; 51; 6; 37; 22; 79; 10; 77; 74
55,69,0.2395,0.7971,8; 55; 69; 77; 26; 54; 45; 25; 6; 7
53,63,0.24702,0.84127,33; 53; 63; 7; 7; 12; 80; 43; 26; 22
6,25,0.23817,0.24,36; 6; 25; 83; 65; 25; 49; 49; 33; 23
27,85,0.25876,0.31765,14; 27; 85; 6; 60; 27; 58; 5; 20; 74
65,76,0.19969,0.85526,46; 65; 76; 54; 67; 29; 25; 65; 29; 62
16,58,0.27044,0.27586,34; 16; 58; 76; 33; 81; 31; 57; 57; 82
56,70,0.23915,0.8,8; 56; 70; 5; 28; 49; 46; 28; 12; 46
40,82,0.21298,0.4878,64; 40; 82; 12; 57; 51; 48; 70; 15; 7
8,27,0.2774,0.2963,83; 8; 27; 33; 23; 69; 29; 54; 31; 78
17,59,0.2817,0.28814,29; 17; 59; 7; 60; 64; 40; 51; 47; 31
10,20,0.32,0.5,38; 10; 20; 62; 64; 14; 62; 29; 56; 60
25,71,0.29313,0.35211,79; 25; 71; 62; 73; 7; 9; 40; 9; 30
39,68,0.27812,0.57353,29; 39; 68; 11; 71; 70; 75; 18; 71; 11
19,58,0.30385,0.32759,45; 19; 58; 37; 49; 51; 69; 34; 71; 71
22,45,0.33823,0.48889,54; 22; 45; 58; 76; 10; 7; 7; 18; 84
42,85,0.23712,0.49412,20; 42; 85; 36; 35; 48; 65; 68; 40; 70
32,57,0.30987,0.5614,40; 32; 57; 45; 41; 74; 58; 53; 42; 23
14,43,0.29667,0.32558,85; 14; 43; 41; 48; 40; 34; 61; 21; 25
29,51,0.32854,0.56863,20; 29; 51; 64; 28; 51; 60; 18; 60; 22
70,83,0.19773,0.84337,64; 70; 83; 22; 19; 68; 62; 70; 26; 30
40,49,0.30548,0.81633,28; 40; 49; 82; 75; 10; 39; 12; 53; 36
31,37,0.32981,0.83784,72; 31; 37; 54; 7; 51; 30; 13; 25; 56
69,84,0.1973,0.82143,57; 69; 84; 30; 44; 9; 78; 28; 60; 46
15,27,0.3351,0.55556,46; 15; 27; 41; 83; 36; 63; 72; 25; 24
29,51,0.33169,0.56863,31; 29; 51; 11; 72; 29; 57; 66; 44; 14
13,40,0.2964,0.325,43; 13; 40; 70; 62; 29; 78; 72; 52; 52
16,28,0.33303,0.57143,11; 16; 28; 58; 45; 61; 7; 59; 74; 46
24,74,0.28252,0.32432,64; 24; 74; 57; 69; 85; 28; 74; 58; 15
27,73,0.28871,0.36986,74; 27; 73; 42; 26; 45; 46; 21; 85; 56
20,80,0.23783,0.25,84; 20; 80; 53; 78; 52; 14; 60; 63; 13
54,68,0.22873,0.79412,16; 54; 68; 32; 10; 33; 74; 61; 29; 68
20,83,0.24028,0.24096,52; 20; 83; 59; 72; 34; 62; 66; 28; 54
54,66,0.23794,0.81818,46; 54; 66; 76; 17; 44; 56; 64; 77; 16
16,50,0.29463,0.32,19; 16; 50; 54; 67; 71; 47; 20; 16; 45
25,77,0.28023,0.32468,63; 25; 77; 47; 52; 47; 23; 62; 71; 72
10,34,0.28048,0.29412,13; 10; 34; 72; 80; 21; 85; 20; 49; 38
27,33,0.33927,0.81818,45; 27; 33; 85; 26; 61; 19; 34; 50; 47
22,45,0.34113,0.48889,44; 22; 45; 56; 6; 56; 15; 8; 82; 61
21,74,0.27403,0.28378,25; 21; 74; 40; 51; 23; 61; 6; 76; 51
28,35,0.34036,0.8,71; 28; 35; 25; 66; 5; 45; 56; 83; 83
54,64,0.25066,0.84375,74; 54; 64; 21; 5; 63; 78; 67; 26; 20
15,59,0.255,0.25424,47; 15; 59; 51; 25; 7; 39; 77; 61; 33
36,73,0.28026,0.49315,20; 36; 73; 52; 66; 22; 47; 18; 55; 43
38,48,0.31476,0.79167,17; 38; 48; 12; 68; 36; 45; 68; 48; 24
12,34,0.30593,0.35294,31; 12; 34; 31; 78; 63; 22; 77; 75; 16
17,59,0.27603,0.28814,37; 17; 59; 64; 12; 48; 49; 76; 37; 27
43,77,0.24071,0.55844,54; 43; 77; 26; 50; 36; 7; 45; 81; 10
18,64,0.27304,0.28125,28; 18; 64; 9; 29; 30; 81; 65; 54; 20
6,7,0.17859,0.85714,79; 6; 7; 53; 53; 59; 12; 79; 63; 33
24,30,0.34211,0.8,84; 24; 30; 79; 59; 64; 40; 54; 75; 58
33,68,0.27882,0.48529,23; 33; 68; 49; 69; 44; 7; 57; 10; 64
38,82,0.26446,0.46341,42; 38; 82; 46; 83; 69; 34; 56; 16; 15
13,44,0.28459,0.29545,74; 13; 44; 18; 60; 62; 37; 53; 50; 60
13,54,0.23912,0.24074,79; 13; 54; 44; 26; 73; 20; 79; 46; 19
41,83,0.23053,0.49398,6; 41; 83; 44; 42; 21; 52; 60; 17; 65
13,46,0.2814,0.28261,84; 13; 46; 27; 67; 24; 79; 51; 75; 32
23,82,0.26444,0.28049,29; 23; 82; 19; 14; 59; 21; 85; 20; 48
49,62,0.26092,0.79032,34; 49; 62; 5; 69; 67; 51; 82; 15; 44
65,81,0.20073,0.80247,64; 65; 81; 82; 41; 49; 39; 12; 10; 13
29,83,0.2621,0.3494,48; 29; 83; 13; 74; 42; 9; 43; 31; 53
69,84,0.18059,0.82143,85; 69; 84; 68; 47; 10; 71; 34; 6; 10
20,40,0.33746,0.5,44; 20; 40; 36; 77; 61; 62; 12; 13; 21
17,34,0.33733,0.5,40; 17; 34; 60; 24; 49; 43; 38; 38; 35
25,71,0.29671,0.35211,14; 25; 71; 54; 58; 39; 20; 35; 71; 84
38,45,0.30446,0.84444,35; 38; 45; 52; 16; 63; 26; 27; 47; 32
5,10,0.21469,0.5,54; 5; 10; 32; 38; 13; 74; 6; 60; 75
21,69,0.2873,0.30435,11; 21; 69; 63; 55; 62; 19; 8; 12; 64
11,14,0.29937,0.78571,33; 11; 14; 69; 85; 54; 7; 34; 47; 49
22,63,0.31104,0.34921,25; 22; 63; 68; 25; 9; 45; 53; 13; 8
42,75,0.25437,0.56,26; 42; 75; 51; 68; 44; 44; 14; 37; 42
43,76,0.26009,0.56579,46; 43; 76; 40; 80; 75; 81; 24; 69; 57
8,25,0.28563,0.32,84; 8; 25; 68; 15; 84; 45; 30; 29; 18
13,51,0.24823,0.2549,77; 13; 51; 78; 85; 72; 44; 48; 23; 62
13,28,0.32456,0.46429,73; 13; 28; 65; 85; 73; 63; 19; 35; 25
13,39,0.29995,0.33333,42; 13; 39; 52; 7; 84; 45; 6; 52; 83
6,7,0.18011,0.85714,11; 6; 7; 16; 55; 41; 50; 53; 19; 11
12,14,0.30571,0.85714,8; 12; 14; 14; 22; 23; 27; 52; 6; 58
14,55,0.25187,0.25455,61; 14; 55; 64; 74; 48; 63; 56; 65; 80
15,59,0.25016,0.25424,43; 15; 59; 54; 74; 11; 29; 72; 49; 76
16,56,0.282,0.28571,15; 16; 56; 24; 70; 18; 62; 53; 59; 22
12,15,0.30347,0.8,37; 12; 15; 27; 70; 45; 19; 31; 33; 53
60,70,0.20301,0.85714,23; 60; 70; 38; 34; 67; 27; 70; 44; 69
30,82,0.27109,0.36585,8; 30; 82; 82; 39; 26; 81; 38; 76; 20
22,79,0.26846,0.27848,61; 22; 79; 9; 49; 50; 59; 16; 55; 22
35,44,0.32254,0.79545,56; 35; 44; 60; 13; 48; 66; 14; 58; 7
42,84,0.19201,0.5,26; 42; 84; 7; 32; 14; 72; 76; 12; 66
21,75,0.27424,0.28,22; 21; 75; 29; 74; 51; 15; 67; 72; 9
19,66,0.28085,0.28788,63; 19; 66; 38; 21; 7; 53; 5; 58; 39
13,23,0.33688,0.56522,34; 13; 23; 39; 69; 18; 8; 39; 19; 13
22,77,0.27427,0.28571,19; 22; 77; 31; 6; 44; 42; 8; 47; 59
28,49,0.33139,0.57143,61; 28; 49; 81; 79; 83; 20; 78; 49; 34
21,84,0.25093,0.25,50; 21; 84; 18; 15; 64; 84; 75; 28; 20
20,84,0.24058,0.2381,70; 20; 84; 34; 78; 28; 69; 41; 35; 44
39,79,0.27211,0.49367,74; 39; 79; 24; 9; 65; 24; 62; 48; 50
46,80,0.25109,0.575,80; 46; 80; 56; 73; 52; 84; 5; 73; 43
5,20,0.25003,0.25,72; 5; 20; 34; 85; 78; 35; 75; 29; 40
9,36,0.24509,0.25,32; 9; 36; 50; 28; 83; 52; 9; 72; 75
25,71,0.29214,0.35211,11; 25; 71; 63; 66; 25; 31; 69; 39; 6
13,53,0.23962,0.24528,37; 13; 53; 62; 74; 78; 72; 59; 80; 61
66,77,0.19803,0.85714,73; 66; 77; 63; 24; 54; 84; 80; 43; 73
14,49,0.27583,0.28571,21; 14; 49; 49; 48; 67; 62; 35; 69; 78
20,79,0.25128,0.25316,59; 20; 79; 43; 69; 41; 17; 24; 16; 30
58,71,0.21905,0.8169,40; 58; 71; 42; 19; 14; 57; 29; 22; 21
17,46,0.31692,0.36957,82; 17; 46; 47; 46; 83; 13; 43; 60; 15
30,61,0.31956,0.4918,76; 30; 61; 7; 34; 85; 11; 71; 81; 45
11,24,0.32431,0.45833,13; 11; 24; 75; 29; 43; 30; 66; 47; 11
20,60,0.30404,0.33333,48; 20; 60; 46; 9; 64; 74; 53; 66; 28
12,50,0.2361,0.24,34; 12; 50; 10; 49; 65; 60; 40; 71; 80
45,56,0.28061,0.80357,43; 45; 56; 21; 83; 70; 8; 32; 72; 83
24,76,0.28567,0.31579,67; 24; 76; 38; 57; 11; 59; 30; 44; 22
41,52,0.29683,0.78846,37; 41; 52; 54; 17; 85; 10; 70; 10; 16
42,74,0.27128,0.56757,61; 42; 74; 51; 53; 49; 12; 82; 51; 34
25,79,0.2738,0.31646,8; 25; 79; 31; 43; 30; 26; 40; 84; 82
11,30,0.30829,0.36667,62; 11; 30; 24; 72; 85; 11; 79; 19; 15
21,63,0.30586,0.33333,44; 21; 63; 84; 36; 67; 5; 75; 24; 56
19,39,0.33263,0.48718,39; 19; 39; 9; 15; 78; 73; 56; 79; 83
15,52,0.27628,0.28846,55; 15; 52; 40; 33; 57; 72; 64; 17; 56
32,64,0.29293,0.5,61; 32; 64; 85; 17; 40; 38; 66; 9; 61
11,34,0.29629,0.32353,18; 11; 34; 34; 19; 77; 56; 48; 62; 51
25,29,0.34229,0.86207,49; 25; 29; 70; 6; 44; 70; 20; 65; 61
18,62,0.28293,0.29032,19; 18; 62; 23; 66; 33; 62; 61; 16; 41
27,54,0.32377,0.5,5; 27; 54; 64; 38; 65; 81; 56; 9; 47
18,75,0.23683,0.24,85; 18; 75; 18; 7; 56; 78; 6; 45; 32
21,69,0.28986,0.30435,7; 21; 69; 68; 33; 13; 22; 71; 32; 26
20,83,0.24132,0.24096,74; 20; 83; 62; 74; 72; 83; 20; 67; 34
49,60,0.25597,0.81667,65; 49; 60; 38; 18; 60; 42; 42; 8; 68
28,81,0.27783,0.34568,55; 28; 81; 42; 12; 44; 84; 39; 76; 57
18,62,0.28061,0.29032,57; 18; 62; 5; 33; 55; 18; 16; 67; 81
20,84,0.23902,0.2381,21; 20; 84; 13; 54; 42; 43; 34; 72; 20
18,76,0.23659,0.23684,36; 18; 76; 27; 31; 52; 17; 63; 83; 70
16,56,0.27801,0.28571,5; 16; 56; 30; 32; 25; 28; 81; 41; 12
18,32,0.33812,0.5625,67; 18; 32; 27; 27; 24; 62; 76; 60; 80
28,84,0.26616,0.33333,19; 28; 84; 45; 21; 62; 80; 57; 81; 12
7,22,0.28787,0.31818,42; 7; 22; 20; 51; 85; 29; 47; 41; 19
65,82,0.19162,0.79268,43; 65; 82; 11; 82; 14; 68; 84; 57; 45
36,42,0.32422,0.85714,38; 36; 42; 76; 49; 8; 41; 61; 52; 59
21,66,0.29704,0.31818,75; 21; 66; 39; 23; 73; 78; 52; 32; 59
60,70,0.22802,0.85714,13; 60; 70; 10; 43; 6; 21; 85; 60; 27
22,80,0.27059,0.275,83; 22; 80; 15; 65; 46; 68; 81; 33; 36
35,62,0.30708,0.56452,14; 35; 62; 39; 85; 36; 75; 20; 16; 11
18,52,0.31032,0.34615,51; 18; 52; 23; 84; 20; 59; 77; 80; 7
14,38,0.31616,0.36842,21; 14; 38; 33; 73; 31; 54; 14; 41; 28
67,85,0.19869,0.78824,50; 67; 85; 63; 62; 54; 65; 68; 85; 48
23,65,0.30727,0.35385,49; 23; 65; 85; 62; 37; 9; 7; 45; 60
16,53,0.29343,0.30189,72; 16; 53; 85; 79; 75; 28; 11; 17; 85
50,58,0.26859,0.86207,5; 50; 58; 29; 62; 25; 73; 32; 63; 39
24,68,0.30372,0.35294,55; 24; 68; 24; 8; 67; 18; 57; 52; 61
49,61,0.26972,0.80328,69; 49; 61; 63; 75; 29; 78; 72; 21; 47
26,56,0.3242,0.46429,43; 26; 56; 16; 80; 69; 67; 45; 70; 58
19,52,0.31385,0.36538,10; 19; 52; 69; 58; 74; 23; 22; 56; 72
15,62,0.23962,0.24194,70; 15; 62; 58; 13; 22; 65; 43; 18; 7
23,73,0.28632,0.31507,15; 23; 73; 52; 49; 5; 9; 52; 56; 61
14,44,0.29844,0.31818,67; 14; 44; 9; 36; 59; 53; 7; 16; 42
51,62,0.2444,0.82258,46; 51; 62; 23; 47; 28; 9; 13; 34; 43
12,26,0.32384,0.46154,43; 12; 26; 35; 15; 58; 79; 48; 23; 9
33,41,0.32572,0.80488,77; 33; 41; 42; 41; 39; 22; 24; 72; 58
45,57,0.27978,0.78947,7; 45; 57; 67; 65; 50; 39; 40; 38; 76
35,72,0.2752,0.48611,55; 35; 72; 6; 9; 14; 70; 78; 79; 64
69,84,0.1877,0.82143,64; 69; 84; 21; 23; 61; 36; 26; 35; 28
14,28,0.32967,0.5,6; 14; 28; 77; 67; 61; 70; 14; 16; 35
21,73,0.27532,0.28767,28; 21; 73; 32; 43; 69; 55; 7; 35; 60
25,82,0.26417,0.30488,67; 25; 82; 13; 27; 49; 36; 56; 27; 35
10,36,0.26637,0.27778,63; 10; 36; 10; 13; 32; 78; 12; 19; 31
22,63,0.31076,0.34921,63; 22; 63; 9; 60; 54; 60; 79; 36; 25
32,69,0.28492,0.46377,25; 32; 69; 75; 84; 65; 17; 40; 26; 67
11,46,0.23672,0.23913,45; 11; 46; 59; 39; 64; 41; 79; 59; 63
22,74,0.28023,0.2973,19; 22; 74; 32; 11; 16; 32; 7; 6; 56
10,40,0.24597,0.25,78; 10; 40; 66; 38; 64; 20; 46; 47; 25
19,39,0.33906,0.48718,79; 19; 39; 58; 78; 36; 65; 60; 41; 84
17,72,0.2328,0.23611,69; 17; 72; 59; 25; 55; 41; 73; 25; 73
26,33,0.34362,0.78788,17; 26; 33; 26; 16; 46; 16; 56; 63; 77
16,66,0.24245,0.24242,79; 16; 66; 26; 43; 34; 83; 64; 16; 62
66,77,0.19281,0.85714,17; 66; 77; 57; 62; 39; 56; 36; 48; 78
37,81,0.23751,0.45679,69; 37; 81; 74; 41; 54; 72; 27; 57; 54
62,72,0.2149,0.86111,46; 62; 72; 11; 82; 69; 55; 64; 40; 57
11,22,0.32292,0.5,63; 11; 22; 9; 12; 14; 83; 59; 62; 73
22,48,0.33399,0.45833,19; 22; 48; 21; 73; 42; 25; 44; 59; 69
25,84,0.26457,0.29762,56; 25; 84; 15; 40; 38; 75; 56; 59; 57
32,69,0.30065,0.46377,73; 32; 69; 47; 39; 20; 48; 19; 80; 15
23,62,0.31058,0.37097,70; 23; 62; 60; 10; 58; 34; 50; 74; 67
31,63,0.31285,0.49206,37; 31; 63; 31; 73; 34; 5; 85; 71; 51
32,70,0.29353,0.45714,22; 32; 70; 15; 73; 46; 56; 85; 67; 41
27,33,0.3434,0.81818,74; 27; 33; 44; 40; 30; 68; 76; 78; 30
14,57,0.24604,0.24561,66; 14; 57; 84; 64; 76; 21; 43; 7; 68
19,79,0.23884,0.24051,34; 19; 79; 39; 60; 35; 7; 15; 42; 39
19,65,0.28148,0.29231,78; 19; 65; 82; 61; 16; 12; 73; 69; 61
26,71,0.29455,0.3662,15; 26; 71; 65; 9; 83; 81; 64; 69; 73
41,49,0.30529,0.83673,23; 41; 49; 49; 67; 85; 22; 40; 77; 22
35,44,0.32568,0.79545,58; 35; 44; 82; 84; 24; 37; 69; 58; 45
20,36,0.33979,0.55556,26; 20; 36; 44; 58; 42; 12; 53; 5; 30
64,78,0.18362,0.82051,77; 64; 78; 22; 28; 22; 10; 46; 10; 56
69,84,0.19061,0.82143,61; 69; 84; 52; 63; 50; 37; 67; 54; 21
47,59,0.2819,0.79661,56; 47; 59; 30; 15; 74; 73; 38; 38; 24
25,72,0.29328,0.34722,19; 25; 72; 51; 15; 77; 41; 10; 32; 75
15,50,0.28665,0.3,80; 15; 50; 36; 46; 20; 40; 65; 14; 68
28,50,0.32631,0.56,65; 28; 50; 17; 33; 35; 45; 7; 45; 84
23,46,0.33797,0.5,56; 23; 46; 32; 42; 34; 81; 53; 22; 36
38,76,0.27066,0.5,69; 38; 76; 16; 82; 53; 61; 66; 28; 75
56,71,0.23102,0.78873,44; 56; 71; 13; 67; 27; 38; 8; 65; 71
25,68,0.30547,0.36765,21; 25; 68; 43; 45; 20; 70; 78; 16; 46
26,31,0.34267,0.83871,80; 26; 31; 49; 20; 8; 21; 25; 83; 52
11,14,0.29301,0.78571,24; 11; 14; 76; 21; 64; 24; 57; 18; 74
9,30,0.28589,0.3,58; 9; 30; 24; 39; 10; 85; 37; 10; 62
18,32,0.33739,0.5625,64; 18; 32; 77; 66; 29; 23; 40; 77; 66
34,74,0.27361,0.45946,35; 34; 74; 17; 50; 60; 47; 40; 62; 62
12,48,0.24648,0.25,57; 12; 48; 19; 60; 26; 46; 5; 6; 10
9,32,0.26948,0.28125,77; 9; 32; 83; 84; 18; 33; 43; 79; 13
64,81,0.20654,0.79012,16; 64; 81; 6; 39; 55; 7; 84; 81; 83
33,58,0.30836,0.56897,50; 33; 58; 39; 69; 69; 75; 22; 14; 30
23,76,0.28063,0.30263,24; 23; 76; 13; 45; 12; 14; 74; 26; 81
41,83,0.23135,0.49398,71; 41; 83; 63; 56; 13; 27; 31; 15; 84
41,50,0.30372,0.82,64; 41; 50; 23; 48; 77; 5; 44; 34; 26
37,81,0.24312,0.45679,22; 37; 81; 57; 64; 33; 23; 21; 69; 28
19,79,0.23841,0.24051,70; 19; 79; 23; 47; 21; 51; 32; 28; 33
15,41,0.31238,0.36585,74; 15; 41; 47; 67; 47; 36; 44; 29; 43
37,74,0.24982,0.5,13; 37; 74; 11; 28; 71; 58; 44; 21; 48
21,72,0.2807,0.29167,31; 21; 72; 64; 64; 79; 30; 17; 50; 72
26,52,0.33041,0.5,19; 26; 52; 64; 81; 7; 38; 55; 71; 62
54,64,0.23711,0.84375,41; 54; 64; 20; 9; 67; 38; 73; 71; 31
7,25,0.26731,0.28,82; 7; 25; 54; 39; 6; 29; 26; 76; 84
21,85,0.24772,0.24706,38; 21; 85; 60; 51; 38; 25; 82; 31; 82
26,57,0.32409,0.45614,64; 26; 57; 40; 30; 73; 32; 60; 58; 73
27,73,0.29058,0.36986,19; 27; 73; 72; 33; 67; 74; 76; 80; 18
29,82,0.26011,0.35366,85; 29; 82; 84; 8; 9; 73; 46; 52; 29
16,57,0.27526,0.2807,67; 16; 57; 80; 84; 14; 29; 74; 51; 34
23,28,0.34586,0.82143,14; 23; 28; 6; 31; 18; 64; 49; 83; 68
70,85,0.18369,0.82353,24; 70; 85; 81; 84; 39; 57; 59; 12; 25
40,80,0.21656,0.5,34; 40; 80; 77; 68; 50; 46; 22; 44; 8
57,68,0.22511,0.83824,67; 57; 68; 21; 84; 14; 46; 70; 62; 14
31,36,0.31686,0.86111,17; 31; 36; 7; 83; 9; 23; 84; 60; 55
10,40,0.24275,0.25,30; 10; 40; 59; 27; 6; 65; 49; 64; 56
27,78,0.27887,0.34615,74; 27; 78; 23; 68; 53; 40; 18; 47; 62
67,84,0.19503,0.79762,84; 67; 84; 12; 13; 26; 20; 81; 5; 13
18,32,0.34005,0.5625,7; 18; 32; 10; 9; 36; 80; 68; 61; 52
45,55,0.28226,0.81818,14; 45; 55; 50; 32; 75; 60; 81; 55; 19
22,77,0.27374,0.28571,84; 22; 77; 31; 82; 40; 31; 46; 61; 8
21,75,0.27472,0.28,26; 21; 75; 43; 23; 61; 70; 73; 78; 50
47,59,0.27875,0.79661,47; 47; 59; 46; 32; 47; 66; 13; 56; 51
48,60,0.27165,0.8,59; 48; 60; 58; 6; 59; 83; 37; 39; 44
35,62,0.29814,0.56452,16; 35; 62; 8; 17; 22; 25; 34; 28; 19
44,56,0.28143,0.78571,64; 44; 56; 67; 62; 21; 69; 33; 16; 20
20,63,0.29727,0.31746,85; 20; 63; 77; 77; 67; 58; 11; 58; 10
18,64,0.27134,0.28125,20; 18; 64; 49; 71; 53; 78; 6; 71; 34
16,53,0.28637,0.30189,7; 16; 53; 36; 50; 66; 58; 30; 27; 46
44,77,0.20537,0.57143,39; 44; 77; 14; 59; 74; 60; 31; 29; 63
21,76,0.2631,0.27632,69; 21; 76; 49; 40; 9; 47; 7; 68; 71
61,71,0.22325,0.85915,17; 61; 71; 31; 70; 20; 34; 85; 63; 79
62,76,0.21929,0.81579,27; 62; 76; 66; 71; 82; 32; 41; 72; 73
55,70,0.22665,0.78571,55; 55; 70; 58; 34; 38; 54; 55; 18; 32
47,56,0.28221,0.83929,84; 47; 56; 78; 23; 14; 5; 16; 70; 27
59,75,0.22187,0.78667,30; 59; 75; 14; 47; 77; 61; 39; 9; 69
34,60,0.27704,0.56667,56; 34; 60; 82; 48; 79; 10; 30; 85; 56
5,10,0.18896,0.5,22; 5; 10; 35; 6; 66; 68; 46; 36; 70
26,78,0.26957,0.33333,22; 26; 78; 25; 82; 57; 74; 37; 74; 35
27,73,0.27628,0.36986,70; 27; 73; 77; 70; 84; 19; 70; 76; 56
43,51,0.29633,0.84314,43; 43; 51; 22; 33; 66; 79; 56; 81; 19
10,42,0.23562,0.2381,41; 10; 42; 59; 43; 17; 13; 14; 32; 30
65,79,0.19631,0.82278,36; 65; 79; 77; 9; 72; 46; 5; 84; 23
28,35,0.32658,0.8,7; 28; 35; 47; 24; 42; 36; 17; 56; 83
48,57,0.27701,0.84211,23; 48; 57; 35; 61; 78; 25; 21; 22; 58
19,69,0.2691,0.27536,17; 19; 69; 11; 19; 45; 53; 18; 29; 34
44,79,0.21762,0.55696,40; 44; 79; 80; 10; 75; 25; 14; 60; 44
21,63,0.29947,0.33333,85; 21; 63; 63; 69; 15; 38; 50; 55; 72
20,40,0.33298,0.5,55; 20; 40; 42; 54; 61; 14; 38; 72; 14
8,24,0.28733,0.33333,75; 8; 24; 74; 71; 43; 31; 22; 67; 51
51,61,0.26408,0.83607,64; 51; 61; 32; 67; 17; 49; 75; 24; 41
17,30,0.34032,0.56667,83; 17; 30; 23; 39; 61; 35; 11; 71; 73
16,46,0.30787,0.34783,20; 16; 46; 76; 26; 77; 24; 67; 54; 38
14,55,0.25231,0.25455,43; 14; 55; 58; 25; 64; 40; 53; 27; 43
19,79,0.24402,0.24051,67; 19; 79; 73; 17; 17; 28; 84; 11; 33
46,81,0.25004,0.5679,40; 46; 81; 82; 26; 84; 83; 30; 54; 73
35,63,0.26605,0.55556,43; 35; 63; 71; 24; 21; 74; 40; 13; 26
17,34,0.33773,0.5,70; 17; 34; 41; 73; 77; 76; 50; 6; 12
22,45,0.33754,0.48889,53; 22; 45; 20; 53; 22; 83; 79; 48; 29
7,24,0.2733,0.29167,74; 7; 24; 54; 84; 52; 66; 76; 18; 50
35,62,0.30961,0.56452,35; 35; 62; 5; 77; 85; 16; 27; 52; 9
14,56,0.25015,0.25,15; 14; 56; 41; 69; 36; 78; 30; 52; 42
40,72,0.26665,0.55556,79; 40; 72; 62; 46; 80; 36; 26; 32; 35
41,83,0.23592,0.49398,17; 41; 83; 70; 58; 32; 76; 27; 5; 31
65,77,0.20706,0.84416,8; 65; 77; 54; 7; 28; 48; 41; 18; 81
32,37,0.33114,0.86486,84; 32; 37; 60; 76; 13; 75; 16; 63; 29
28,35,0.33946,0.8,36; 28; 35; 36; 76; 54; 9; 9; 53; 16
14,48,0.27982,0.29167,14; 14; 48; 38; 53; 65; 67; 44; 38; 79
13,51,0.25396,0.2549,13; 13; 51; 53; 67; 79; 6; 21; 40; 38
18,39,0.33227,0.46154,70; 18; 39; 9; 83; 36; 35; 54; 44; 50
60,76,0.19802,0.78947,55; 60; 76; 10; 64; 75; 9; 64; 28; 84
39,85,0.23124,0.45882,54; 39; 85; 80; 19; 33; 81; 74; 49; 46
23,41,0.34283,0.56098,7; 23; 41; 65; 24; 53; 46; 36; 55; 69
12,38,0.29096,0.31579,83; 12; 38; 47; 59; 79; 55; 44; 22; 15
36,45,0.32803,0.8,85; 36; 45; 72; 49; 11; 74; 59; 78; 30
10,27,0.30531,0.37037,55; 10; 27; 44; 26; 49; 30; 61; 26; 74
26,80,0.27919,0.325,13; 26; 80; 7; 15; 57; 15; 56; 26; 48
37,80,0.24936,0.4625,81; 37; 80; 18; 29; 7; 24; 71; 48; 43
17,67,0.25169,0.25373,78; 17; 67; 26; 22; 16; 12; 37; 35; 77
26,70,0.30214,0.37143,13; 26; 70; 75; 45; 24; 5; 23; 47; 47
24,42,0.34003,0.57143,57; 24; 42; 68; 29; 27; 32; 60; 51; 18
13,26,0.33578,0.5,52; 13; 26; 35; 60; 28; 25; 17; 43; 19
27,33,0.33859,0.81818,16; 27; 33; 51; 44; 44; 60; 14; 20; 28
43,51,0.28591,0.84314,43; 43; 51; 22; 24; 35; 13; 54; 45; 70
38,76,0.27737,0.5,72; 38; 76; 40; 67; 21; 17; 85; 54; 52
19,63,0.28705,0.30159,84; 19; 63; 34; 52; 83; 58; 61; 42; 56
22,28,0.34911,0.78571,84; 22; 28; 20; 69; 28; 60; 10; 26; 58
23,29,0.34469,0.7931,84; 23; 29; 77; 79; 13; 25; 74; 63; 12
17,71,0.24,0.23944,67; 17; 71; 44; 68; 65; 78; 6; 71; 77
8,34,0.2315,0.23529,70; 8; 34; 74; 41; 47; 81; 10; 5; 73
64,74,0.18986,0.86486,15; 64; 74; 23; 34; 44; 58; 39; 68; 7
28,61,0.31321,0.45902,59; 28; 61; 80; 62; 85; 8; 13; 76; 45
20,81,0.24363,0.24691,74; 20; 81; 56; 60; 17; 58; 67; 56; 74
16,65,0.2477,0.24615,52; 16; 65; 84; 43; 12; 10; 34; 48; 72
45,80,0.24122,0.5625,38; 45; 80; 74; 25; 33; 63; 51; 8; 38
27,54,0.33097,0.5,55; 27; 54; 14; 64; 37; 84; 52; 54; 31
32,57,0.31819,0.5614,70; 32; 57; 55; 66; 12; 40; 58; 73; 7
45,81,0.21674,0.55556,57; 45; 81; 72; 70; 43; 68; 60; 74; 71
24,28,0.34248,0.85714,82; 24; 28; 53; 71; 80; 84; 7; 5; 24
26,79,0.27152,0.32911,15; 26; 79; 7; 28; 52; 27; 56; 28; 45
65,81,0.18943,0.80247,31; 65; 81; 71; 81; 26; 68; 20; 12; 82
29,78,0.28254,0.37179,57; 29; 78; 26; 71; 19; 83; 53; 38; 50
17,53,0.29829,0.32075,57; 17; 53; 14; 23; 14; 27; 18; 13; 78
63,77,0.21918,0.81818,52; 63; 77; 29; 47; 30; 33; 33; 29; 53
41,83,0.23727,0.49398,65; 41; 83; 16; 26; 42; 54; 78; 52; 79
18,22,0.33882,0.81818,19; 18; 22; 38; 11; 57; 76; 9; 30; 80
18,56,0.30144,0.32143,55; 18; 56; 57; 74; 62; 17; 81; 80; 30
32,37,0.33127,0.86486,73; 32; 37; 64; 5; 26; 26; 55; 16; 59
32,56,0.31479,0.57143,76; 32; 56; 34; 82; 72; 68; 40; 69; 82
40,50,0.30841,0.8,73; 40; 50; 50; 73; 47; 9; 68; 74; 29
41,84,0.24881,0.4881,77; 41; 84; 71; 11; 60; 24; 37; 82; 80
33,41,0.33575,0.80488,54; 33; 41; 24; 48; 36; 83; 51; 68; 50
17,37,0.32706,0.45946,51; 17; 37; 53; 20; 67; 13; 66; 75; 42
51,62,0.25565,0.82258,48; 51; 62; 23; 85; 32; 42; 79; 22; 20
23,63,0.31147,0.36508,20; 23; 63; 57; 29; 59; 68; 22; 11; 31
11,22,0.31654,0.5,81; 11; 22; 50; 83; 67; 51; 74; 33; 48
53,63,0.24769,0.84127,72; 53; 63; 49; 55; 82; 58; 65; 5; 74
36,43,0.32253,0.83721,68; 36; 43; 26; 49; 79; 32; 79; 52; 59
45,56,0.28411,0.80357,44; 45; 56; 41; 38; 79; 20; 28; 57; 33
23,41,0.33848,0.56098,10; 23; 41; 85; 6; 50; 14; 20; 47; 40
20,71,0.27435,0.28169,56; 20; 71; 15; 5; 16; 61; 76; 27; 7
26,75,0.27765,0.34667,71; 26; 75; 57; 49; 48; 63; 12; 74; 42
12,41,0.28159,0.29268,21; 12; 41; 38; 17; 81; 22; 60; 77; 63
33,68,0.29994,0.48529,25; 33; 68; 71; 16; 69; 18; 75; 81; 79
20,66,0.28455,0.30303,67; 20; 66; 76; 21; 26; 56; 34; 35; 10
17,59,0.28242,0.28814,71; 17; 59; 73; 28; 42; 20; 58; 6; 56
33,67,0.28304,0.49254,82; 33; 67; 43; 23; 46; 38; 74; 43; 23
23,78,0.27632,0.29487,45; 23; 78; 8; 69; 54; 5; 60; 74; 13
22,73,0.28417,0.30137,8; 22; 73; 8; 40; 79; 16; 77; 84; 16
20,36,0.33589,0.55556,46; 20; 36; 21; 81; 84; 52; 80; 54; 13
20,61,0.3006,0.32787,23; 20; 61; 9; 59; 43; 36; 70; 66; 49
13,53,0.24081,0.24528,47; 13; 53; 59; 50; 65; 40; 50; 33; 36
23,40,0.34124,0.575,24; 23; 40; 9; 77; 13; 60; 47; 18; 35
48,57,0.27641,0.84211,68; 48; 57; 22; 39; 61; 27; 13; 85; 56
14,42,0.30418,0.33333,78; 14; 42; 8; 21; 82; 48; 69; 72; 13
23,71,0.29426,0.32394,8; 23; 71; 30; 70; 84; 76; 50; 42; 8
23,82,0.26252,0.28049,83; 23; 82; 30; 16; 9; 29; 19; 33; 45
19,58,0.30273,0.32759,9; 19; 58; 53; 16; 73; 30; 71; 30; 48
20,84,0.23882,0.2381,51; 20; 84; 67; 29; 71; 74; 34; 11; 62
19,59,0.29918,0.32203,39; 19; 59; 35; 39; 35; 44; 46; 74; 20
24,52,0.3274,0.46154,49; 24; 52; 68; 82; 11; 72; 22; 71; 29
19,51,0.31773,0.37255,30; 19; 51; 45; 41; 75; 45; 10; 26; 17
19,66,0.28005,0.28788,73; 19; 66; 10; 71; 50; 28; 58; 55; 20
33,72,0.29241,0.45833,39; 33; 72; 53; 38; 48; 56; 18; 71; 68
15,30,0.33327,0.5,73; 15; 30; 57; 48; 13; 75; 18; 21; 43
17,35,0.33432,0.48571,68; 17; 35; 5; 40; 60; 11; 76; 12; 12
21,83,0.24985,0.25301,12; 21; 83; 18; 20; 64; 30; 5; 15; 5
23,28,0.3425,0.82143,29; 23; 28; 21; 63; 71; 75; 84; 42; 29
10,33,0.28056,0.30303,45; 10; 33; 71; 65; 60; 72; 74; 21; 41
60,73,0.22464,0.82192,81; 60; 73; 51; 28; 74; 50; 32; 9; 36
48,61,0.25946,0.78689,82; 48; 61; 62; 47; 24; 85; 72; 27; 43
6,24,0.24517,0.25,6; 6; 24; 49; 40; 69; 13; 13; 35; 24
8,29,0.26846,0.27586,41; 8; 29; 8; 25; 9; 46; 77; 14; 13
10,27,0.30614,0.37037,83; 10; 27; 77; 27; 52; 12; 34; 59; 8
43,51,0.29758,0.84314,20; 43; 51; 40; 76; 60; 9; 75; 74; 24
68,83,0.19131,0.81928,67; 68; 83; 62; 41; 48; 58; 27; 30; 15
33,67,0.29288,0.49254,5; 33; 67; 78; 72; 53; 39; 27; 51; 44
40,49,0.30462,0.81633,75; 40; 49; 60; 34; 43; 78; 70; 23; 74
34,74,0.271,0.45946,29; 34; 74; 21; 10; 62; 77; 18; 17; 37
16,35,0.33061,0.45714,36; 16; 35; 33; 68; 12; 35; 78; 6; 53
11,24,0.31984,0.45833,64; 11; 24; 77; 29; 56; 7; 50; 43; 79
20,67,0.28621,0.29851,10; 20; 67; 85; 21; 29; 51; 81; 36; 11
17,60,0.27637,0.28333,76; 17; 60; 73; 38; 13; 21; 79; 65; 8
21,46,0.33784,0.45652,61; 21; 46; 67; 70; 81; 23; 57; 66; 78
17,69,0.24369,0.24638,60; 17; 69; 44; 14; 30; 21; 56; 73; 15
10,31,0.29032,0.32258,48; 10; 31; 49; 64; 23; 62; 81; 77; 18
65,77,0.21047,0.84416,71; 65; 77; 57; 41; 37; 33; 54; 7; 48
68,81,0.2014,0.83951,44; 68; 81; 79; 65; 22; 71; 26; 79; 24
13,47,0.27105,0.2766,72; 13; 47; 82; 61; 51; 13; 46; 36; 12
26,80,0.27336,0.325,48; 26; 80; 41; 78; 49; 61; 31; 71; 13
43,76,0.26356,0.56579,48; 43; 76; 23; 9; 10; 14; 14; 52; 31
24,48,0.33154,0.5,45; 24; 48; 18; 68; 39; 71; 23; 80; 82
30,81,0.27614,0.37037,42; 30; 81; 81; 36; 12; 72; 6; 26; 45
12,26,0.31783,0.46154,84; 12; 26; 19; 55; 30; 69; 34; 85; 21
42,51,0.30238,0.82353,31; 42; 51; 25; 66; 63; 11; 51; 49; 60
10,36,0.27068,0.27778,24; 10; 36; 47; 31; 73; 83; 16; 81; 71
26,75,0.28797,0.34667,35; 26; 75; 66; 74; 52; 33; 35; 36; 56
26,31,0.34601,0.83871,39; 26; 31; 26; 56; 40; 9; 47; 43; 74
21,60,0.30832,0.35,35; 21; 60; 74; 11; 68; 46; 14; 48; 46
24,84,0.25856,0.28571,81; 24; 84; 55; 20; 18; 69; 26; 50; 79
50,61,0.25204,0.81967,36; 50; 61; 49; 74; 61; 12; 53; 75; 34
25,50,0.32368,0.5,79; 25; 50; 11; 5; 77; 55; 51; 64; 23
15,50,0.28643,0.3,30; 15; 50; 75; 16; 6; 25; 77; 73; 19
29,83,0.24675,0.3494,50; 29; 83; 49; 36; 54; 47; 8; 70; 41
7,21,0.29169,0.33333,6; 7; 21; 8; 37; 31; 45; 33; 27; 69
19,65,0.28136,0.29231,58; 19; 65; 56; 65; 11; 15; 13; 36; 16
31,39,0.33622,0.79487,44; 31; 39; 16; 41; 66; 5; 74; 84; 19
17,68,0.25,0.25,11; 17; 68; 75; 40; 41; 31; 78; 80; 68
43,77,0.22473,0.55844,37; 43; 77; 31; 33; 80; 80; 72; 64; 13
13,35,0.30917,0.37143,79; 13; 35; 23; 58; 41; 37; 85; 36; 59
49,62,0.21919,0.79032,66; 49; 62; 64; 33; 20; 83; 20; 28; 41
26,53,0.32399,0.49057,84; 26; 53; 27; 60; 14; 61; 5; 58; 56
42,75,0.26286,0.56,45; 42; 75; 74; 12; 40; 39; 82; 35; 61
10,20,0.30994,0.5,44; 10; 20; 5; 29; 25; 70; 9; 34; 17
19,76,0.25249,0.25,61; 19; 76; 84; 53; 15; 47; 6; 18; 42
34,74,0.27203,0.45946,49; 34; 74; 54; 50; 59; 29; 66; 55; 65
24,43,0.33974,0.55814,19; 24; 43; 19; 8; 74; 31; 49; 10; 33
25,72,0.28986,0.34722,16; 25; 72; 70; 6; 53; 20; 79; 59; 79
58,69,0.23381,0.84058,52; 58; 69; 55; 26; 55; 71; 34; 45; 83
23,62,0.31675,0.37097,65; 23; 62; 41; 16; 69; 9; 8; 57; 50
5,18,0.25796,0.27778,28; 5; 18; 45; 52; 60; 23; 21; 36; 51
47,56,0.2731,0.83929,40; 47; 56; 25; 84; 30; 47; 27; 46; 54
29,83,0.26783,0.3494,58; 29; 83; 71; 47; 59; 8; 27; 28; 24
44,79,0.25804,0.55696,73; 44; 79; 46; 37; 84; 34; 42; 43; 6
41,83,0.24201,0.49398,56; 41; 83; 52; 55; 29; 11; 81; 7; 22
30,54,0.32743,0.55556,73; 30; 54; 80; 36; 38; 20; 33; 6; 6
19,65,0.28548,0.29231,68; 19; 65; 64; 30; 13; 47; 62; 43; 63
60,70,0.22915,0.85714,20; 60; 70; 56; 46; 84; 67; 36; 50; 72
23,78,0.27601,0.29487,44; 23; 78; 73; 32; 74; 35; 33; 77; 58
63,73,0.21289,0.86301,63; 63; 73; 21; 57; 74; 19; 60; 28; 62
25,29,0.34908,0.86207,26; 25; 29; 25; 27; 72; 83; 83; 29; 58
55,70,0.23768,0.78571,54; 55; 70; 33; 46; 42; 29; 26; 68; 49
18,32,0.33687,0.5625,57; 18; 32; 36; 29; 76; 14; 80; 40; 71
20,68,0.2817,0.29412,15; 20; 68; 67; 21; 11; 35; 63; 28; 49
13,52,0.24401,0.25,40; 13; 52; 36; 46; 65; 71; 76; 66; 15
30,61,0.31694,0.4918,45; 30; 61; 33; 56; 12; 34; 76; 71; 47
36,43,0.32112,0.83721,57; 36; 43; 6; 54; 35; 77; 56; 65; 40
8,27,0.27595,0.2963,34; 8; 27; 37; 48; 69; 47; 68; 63; 80
42,50,0.29096,0.84,55; 42; 50; 31; 52; 8; 61; 57; 22; 54
64,78,0.18794,0.82051,35; 64; 78; 80; 80; 34; 83; 34; 61; 15
61,73,0.21628,0.83562,66; 61; 73; 62; 79; 54; 74; 38; 38; 42
25,72,0.29207,0.34722,33; 25; 72; 50; 21; 79; 49; 72; 63; 44
30,82,0.25829,0.36585,40; 30; 82; 44; 36; 82; 45; 75; 48; 58
35,44,0.32613,0.79545,55; 35; 44; 12; 80; 36; 65; 49; 29; 43
24,82,0.27069,0.29268,9; 24; 82; 75; 34; 23; 85; 53; 57; 81
19,55,0.3075,0.34545,60; 19; 55; 15; 60; 13; 52; 48; 53; 85
13,40,0.29926,0.325,31; 13; 40; 64; 40; 63; 57; 41; 41; 74
24,81,0.25918,0.2963,20; 24; 81; 14; 26; 24; 83; 19; 65; 13
26,81,0.26275,0.32099,30; 26; 81; 81; 80; 14; 85; 19; 23; 61
19,66,0.2811,0.28788,17; 19; 66; 40; 5; 27; 39; 70; 84; 8
17,57,0.2869,0.29825,30; 17; 57; 69; 18; 34; 22; 83; 11; 11
44,55,0.28874,0.8,66; 44; 55; 51; 70; 33; 36; 39; 36; 51
20,71,0.27486,0.28169,22; 20; 71; 30; 55; 75; 85; 47; 74; 49
6,25,0.23548,0.24,10; 6; 25; 57; 42; 21; 70; 64; 37; 5
35,62,0.30629,0.56452,11; 35; 62; 54; 6; 69; 40; 53; 60; 40
61,74,0.21386,0.82432,17; 61; 74; 71; 42; 57; 56; 18; 18; 63
18,75,0.23797,0.24,27; 18; 75; 12; 54; 29; 74; 57; 69; 12
17,49,0.30768,0.34694,5; 17; 49; 52; 34; 47; 17; 26; 51; 12
52,62,0.23182,0.83871,83; 52; 62; 42; 13; 6; 10; 28; 47; 67
25,78,0.2728,0.32051,53; 25; 78; 40; 7; 25; 52; 8; 23; 22
17,46,0.31661,0.36957,26; 17; 46; 36; 46; 56; 45; 75; 46; 63
24,83,0.26589,0.28916,41; 24; 83; 67; 18; 31; 5; 74; 35; 39
41,84,0.25195,0.4881,70; 41; 84; 37; 64; 17; 8; 66; 64; 76
25,68,0.29987,0.36765,82; 25; 68; 45; 37; 15; 42; 28; 33; 49
35,44,0.32865,0.79545,39; 35; 44; 21; 83; 28; 76; 82; 74; 71
16,64,0.25288,0.25,43; 16; 64; 74; 72; 42; 22; 26; 11; 24
22,59,0.31925,0.37288,40; 22; 59; 7; 71; 14; 16; 42; 24; 16
63,80,0.21092,0.7875,75; 63; 80; 6; 46; 44; 46; 16; 40; 20
20,72,0.27111,0.27778,49; 20; 72; 78; 85; 55; 78; 30; 9; 53
37,65,0.29204,0.56923,64; 37; 65; 25; 78; 22; 60; 61; 24; 39
18,72,0.24673,0.25,36; 18; 72; 24; 77; 74; 78; 14; 22; 15
24,82,0.27224,0.29268,54; 24; 82; 80; 70; 78; 40; 42; 36; 77
16,20,0.34225,0.8,60; 16; 20; 80; 34; 37; 69; 82; 67; 73
68,85,0.19946,0.8,70; 68; 85; 47; 42; 28; 50; 61; 54; 66
13,37,0.30434,0.35135,31; 13; 37; 19; 28; 17; 51; 70; 36; 9
22,59,0.31458,0.37288,40; 22; 59; 47; 6; 32; 40; 64; 83; 81
20,71,0.27667,0.28169,75; 20; 71; 69; 31; 43; 74; 54; 73; 68
8,25,0.28631,0.32,16; 8; 25; 35; 59; 45; 67; 32; 26; 75
65,82,0.18571,0.79268,46; 65; 82; 10; 29; 5; 61; 56; 32; 9
25,45,0.33804,0.55556,79; 25; 45; 53; 46; 76; 25; 50; 77; 28
45,79,0.23426,0.56962,17; 45; 79; 65; 80; 67; 74; 22; 27; 83
19,51,0.31801,0.37255,71; 19; 51; 67; 56; 53; 70; 32; 21; 69
10,27,0.30712,0.37037,32; 10; 27; 37; 48; 31; 68; 36; 81; 84
26,52,0.327,0.5,54; 26; 52; 76; 37; 46; 46; 28; 29; 8
23,62,0.31058,0.37097,36; 23; 62; 85; 55; 20; 30; 47; 29; 18
21,85,0.24846,0.24706,9; 21; 85; 38; 10; 85; 46; 11; 6; 29
23,70,0.2897,0.32857,11; 23; 70; 10; 10; 62; 41; 82; 61; 14
37,44,0.3188,0.84091,20; 37; 44; 11; 36; 70; 15; 8; 18; 57
24,42,0.34237,0.57143,31; 24; 42; 41; 7; 75; 85; 60; 62; 84
53,63,0.2555,0.84127,77; 53; 63; 13; 72; 29; 22; 80; 21; 58
33,42,0.32859,0.78571,22; 33; 42; 26; 55; 6; 47; 68; 69; 57
24,65,0.30545,0.36923,23; 24; 65; 37; 50; 31; 64; 69; 38; 77
50,63,0.26216,0.79365,62; 50; 63; 46; 64; 83; 31; 17; 38; 46
36,74,0.25002,0.48649,70; 36; 74; 85; 42; 64; 32; 52; 68; 26
24,75,0.27659,0.32,5; 24; 75; 5; 9; 13; 14; 23; 45; 81
24,79,0.27462,0.3038,50; 24; 79; 45; 48; 21; 52; 27; 59; 53
15,52,0.28184,0.28846,67; 15; 52; 13; 78; 54; 17; 37; 62; 31
41,49,0.3082,0.83673,50; 41; 49; 23; 70; 65; 55; 43; 8; 61
39,49,0.31083,0.79592,69; 39; 49; 53; 73; 72; 43; 23; 70; 77
20,82,0.24392,0.2439,43; 20; 82; 40; 5; 13; 80; 21; 61; 25
15,47,0.29799,0.31915,49; 15; 47; 49; 36; 16; 8; 57; 60; 35
30,85,0.25533,0.35294,54; 30; 85; 31; 6; 67; 54; 8; 31; 40
61,77,0.20894,0.79221,30; 61; 77; 5; 27; 70; 21; 68; 85; 73
30,65,0.30436,0.46154,26; 30; 65; 48; 79; 81; 47; 37; 39; 34
24,28,0.34475,0.85714,35; 24; 28; 18; 25; 23; 32; 12; 9; 48
33,68,0.2947,0.48529,34; 33; 68; 84; 61; 12; 37; 55; 64; 41
23,40,0.34107,0.575,84; 23; 40; 28; 77; 26; 13; 49; 62; 58
17,35,0.33086,0.48571,37; 17; 35; 32; 82; 23; 50; 19; 81; 43
22,28,0.34952,0.78571,41; 22; 28; 76; 56; 19; 33; 79; 82; 72
39,84,0.2575,0.46429,33; 39; 84; 56; 39; 58; 41; 32; 72; 7
40,72,0.26996,0.55556,12; 40; 72; 34; 29; 57; 78; 67; 16; 61
26,57,0.32815,0.45614,31; 26; 57; 50; 21; 10; 73; 82; 29; 63
18,36,0.33423,0.5,32; 18; 36; 22; 17; 40; 16; 50; 85; 38
64,80,0.20924,0.8,61; 64; 80; 62; 85; 79; 42; 78; 39; 76
10,31,0.29448,0.32258,22; 10; 31; 66; 52; 52; 33; 71; 71; 46
33,72,0.28309,0.45833,83; 33; 72; 64; 82; 35; 76; 29; 31; 19
17,34,0.33827,0.5,72; 17; 34; 63; 11; 6; 58; 81; 49; 33
65,77,0.20691,0.84416,11; 65; 77; 13; 74; 54; 78; 73; 44; 85
18,52,0.31244,0.34615,65; 18; 52; 74; 30; 78; 17; 80; 39; 54
10,27,0.30656,0.37037,29; 10; 27; 11; 14; 18; 82; 33; 29; 14
35,76,0.26438,0.46053,27; 35; 76; 59; 13; 47; 57; 18; 47; 76
18,61,0.2845,0.29508,22; 18; 61; 50; 76; 62; 22; 23; 74; 10
22,67,0.30025,0.32836,34; 22; 67; 9; 6; 27; 70; 33; 62; 51
13,23,0.33519,0.56522,40; 13; 23; 43; 22; 84; 73; 28; 47; 22
15,51,0.28567,0.29412,12; 15; 51; 13; 65; 69; 50; 49; 13; 64
60,75,0.19502,0.8,50; 60; 75; 7; 71; 15; 73; 45; 56; 45
31,84,0.27316,0.36905,34; 31; 84; 48; 66; 49; 49; 50; 60; 78
23,83,0.26682,0.27711,29; 23; 83; 61; 72; 25; 81; 70; 18; 30
27,59,0.31969,0.45763,67; 27; 59; 44; 53; 15; 42; 33; 26; 42
62,74,0.21246,0.83784,10; 62; 74; 40; 9; 79; 59; 46; 77; 61
60,70,0.21884,0.85714,35; 60; 70; 35; 31; 22; 26; 50; 24; 12
14,48,0.28238,0.29167,77; 14; 48; 50; 65; 7; 49; 37; 27; 32
20,41,0.33411,0.4878,68; 20; 41; 22; 23; 39; 37; 36; 76; 16
37,76,0.26688,0.48684,15; 37; 76; 12; 77; 78; 26; 67; 32; 10
22,60,0.31564,0.36667,27; 22; 60; 72; 12; 16; 19; 75; 5; 8
14,49,0.28049,0.28571,36; 14; 49; 10; 81; 59; 34; 82; 32; 42
51,64,0.25782,0.79688,12; 51; 64; 9; 28; 68; 82; 85; 22; 30
24,80,0.27654,0.3,42; 24; 80; 77; 71; 22; 71; 53; 24; 13
10,42,0.23448,0.2381,14; 10; 42; 84; 19; 27; 32; 14; 71; 62
30,35,0.33779,0.85714,67; 30; 35; 43; 51; 83; 74; 34; 81; 30
47,59,0.27294,0.79661,82; 47; 59; 9; 81; 59; 31; 51; 67; 64
42,50,0.29057,0.84,74; 42; 50; 15; 37; 13; 65; 36; 11; 13
26,78,0.25674,0.33333,46; 26; 78; 58; 83; 65; 50; 45; 46; 21
31,84,0.26348,0.36905,22; 31; 84; 75; 73; 21; 74; 68; 83; 41
12,48,0.24574,0.25,51; 12; 48; 11; 54; 47; 25; 48; 81; 69
11,30,0.30877,0.36667,57; 11; 30; 15; 48; 73; 62; 11; 28; 81
66,82,0.19546,0.80488,34; 66; 82; 85; 80; 36; 54; 82; 26; 58
39,84,0.23828,0.46429,47; 39; 84; 51; 5; 9; 13; 26; 74; 71
20,62,0.29936,0.32258,5; 20; 62; 71; 32; 12; 7; 72; 76; 69
45,79,0.22295,0.56962,39; 45; 79; 32; 22; 18; 77; 80; 78; 26
47,56,0.27607,0.83929,47; 47; 56; 7; 27; 51; 76; 70; 24; 62
17,68,0.2488,0.25,51; 17; 68; 63; 8; 31; 47; 44; 74; 29
38,77,0.27821,0.49351,74; 38; 77; 67; 38; 51; 37; 12; 51; 48
40,80,0.24511,0.5,60; 40; 80; 21; 69; 22; 61; 27; 6; 64
65,76,0.20631,0.85526,76; 65; 76; 41; 15; 71; 23; 56; 22; 75
40,50,0.3018,0.8,29; 40; 50; 29; 38; 43; 77; 59; 18; 79
19,55,0.31365,0.34545,16; 19; 55; 14; 7; 50; 57; 7; 72; 58
17,68,0.2495,0.25,5; 17; 68; 18; 33; 75; 72; 73; 52; 67
9,36,0.24602,0.25,37; 9; 36; 25; 65; 14; 8; 10; 54; 81
39,68,0.27518,0.57353,27; 39; 68; 57; 40; 48; 69; 12; 74; 44
34,68,0.30116,0.5,64; 34; 68; 35; 21; 23; 59; 6; 9; 33
46,82,0.2197,0.56098,55; 46; 82; 70; 27; 55; 54; 6; 39; 39
24,79,0.26414,0.3038,81; 24; 79; 23; 64; 16; 72; 28; 33; 62
48,60,0.26408,0.8,43; 48; 60; 71; 54; 55; 81; 59; 55; 48
8,23,0.29814,0.34783,51; 8; 23; 55; 7; 28; 29; 82; 31; 13
48,60,0.26437,0.8,5; 48; 60; 48; 41; 81; 79; 77; 32; 60
25,78,0.28065,0.32051,49; 25; 78; 24; 14; 36; 70; 30; 21; 19
59,69,0.21457,0.85507,76; 59; 69; 83; 32; 9; 24; 51; 78; 24
18,61,0.28682,0.29508,83; 18; 61; 53; 15; 77; 59; 72; 85; 64
32,39,0.33029,0.82051,75; 32; 39; 55; 28; 24; 23; 74; 25; 29
23,62,0.31022,0.37097,36; 23; 62; 30; 9; 69; 63; 32; 68; 13
19,39,0.34318,0.48718,34; 19; 39; 6; 82; 32; 13; 14; 13; 48
41,52,0.29309,0.78846,49; 41; 52; 52; 75; 24; 29; 49; 38; 77
26,82,0.27,0.31707,46; 26; 82; 10; 56; 32; 29; 21; 30; 51
14,50,0.27591,0.28,46; 14; 50; 71; 71; 73; 36; 67; 71; 57
27,73,0.28235,0.36986,63; 27; 73; 47; 60; 45; 57; 60; 59; 31
48,84,0.22603,0.57143,16; 48; 84; 38; 29; 17; 82; 60; 57; 62
34,70,0.29159,0.48571,51; 34; 70; 58; 18; 79; 50; 50; 81; 26
23,41,0.33902,0.56098,36; 23; 41; 51; 25; 23; 63; 68; 52; 60
46,58,0.28325,0.7931,55; 46; 58; 73; 76; 69; 34; 13; 54; 47
48,84,0.22638,0.57143,81; 48; 84; 43; 81; 53; 51; 17; 80; 75
22,78,0.27108,0.28205,68; 22; 78; 13; 35; 50; 80; 6; 18; 62
6,21,0.27787,0.28571,62; 6; 21; 5; 54; 18; 5; 29; 64; 68
40,70,0.26191,0.57143,23; 40; 70; 36; 5; 73; 25; 58; 13; 14
8,25,0.28701,0.32,17; 8; 25; 18; 17; 72; 80; 39; 37; 16
27,33,0.34322,0.81818,47; 27; 33; 57; 55; 29; 79; 21; 39; 30
44,77,0.26225,0.57143,79; 44; 77; 79; 29; 37; 55; 52; 39; 73
22,60,0.31559,0.36667,82; 22; 60; 36; 68; 52; 49; 59; 19; 84
55,64,0.24528,0.85938,25; 55; 64; 22; 17; 46; 25; 35; 48; 14
19,59,0.30021,0.32203,48; 19; 59; 19; 34; 9; 17; 28; 35; 81
12,37,0.29271,0.32432,69; 12; 37; 52; 60; 83; 52; 13; 48; 21
5,18,0.25263,0.27778,7; 5; 18; 63; 57; 71; 74; 61; 51; 76
20,70,0.2788,0.28571,85; 20; 70; 33; 34; 62; 14; 29; 26; 44
24,30,0.3398,0.8,83; 24; 30; 35; 76; 64; 46; 74; 11; 68
11,37,0.28374,0.2973,53; 11; 37; 24; 38; 61; 38; 60; 29; 38
54,64,0.25182,0.84375,23; 54; 64; 20; 8; 18; 69; 11; 46; 6
16,49,0.30232,0.32653,5; 16; 49; 45; 5; 58; 82; 7; 23; 19
19,51,0.3177,0.37255,69; 19; 51; 57; 13; 84; 29; 20; 80; 15
6,7,0.17212,0.85714,81; 6; 7; 58; 74; 14; 21; 51; 22; 53
42,85,0.21631,0.49412,29; 42; 85; 84; 46; 72; 85; 71; 24; 82
21,64,0.30475,0.32812,33; 21; 64; 84; 54; 62; 78; 25; 21; 15
22,73,0.28462,0.30137,39; 22; 73; 38; 26; 84; 37; 81; 19; 83
41,84,0.2383,0.4881,28; 41; 84; 30; 5; 50; 55; 41; 13; 60
18,39,0.32995,0.46154,27; 18; 39; 32; 14; 78; 60; 14; 42; 80
21,73,0.27627,0.28767,7; 21; 73; 35; 68; 23; 23; 7; 34; 36
22,68,0.30003,0.32353,9; 22; 68; 72; 8; 56; 8; 46; 70; 29
13,51,0.2549,0.2549,49; 13; 51; 85; 74; 58; 5; 64; 76; 68
23,73,0.28825,0.31507,17; 23; 73; 41; 60; 70; 37; 61; 85; 67
19,55,0.30718,0.34545,43; 19; 55; 61; 51; 66; 25; 55; 66; 33
43,75,0.2621,0.57333,58; 43; 75; 60; 84; 49; 51; 7; 53; 38
72,84,0.17221,0.85714,60; 72; 84; 6; 68; 40; 85; 6; 20; 85
59,72,0.22455,0.81944,42; 59; 72; 23; 28; 5; 78; 26; 70; 16
13,47,0.27035,0.2766,81; 13; 47; 53; 18; 56; 8; 34; 61; 26
14,58,0.24247,0.24138,61; 14; 58; 44; 61; 72; 78; 77; 44; 64
14,46,0.29102,0.30435,17; 14; 46; 39; 29; 85; 80; 60; 67; 46
19,65,0.28053,0.29231,66; 19; 65; 80; 60; 47; 77; 43; 46; 77
15,52,0.28464,0.28846,8; 15; 52; 65; 56; 75; 8; 61; 63; 63
28,57,0.30939,0.49123,53; 28; 57; 80; 84; 15; 11; 22; 81; 8
9,18,0.31069,0.5,44; 9; 18; 73; 24; 40; 55; 72; 41; 29
26,81,0.26892,0.32099,75; 26; 81; 54; 13; 58; 74; 32; 38; 48
63,73,0.19765,0.86301,63; 63; 73; 40; 82; 85; 12; 76; 51; 81
38,77,0.27072,0.49351,14; 38; 77; 32; 39; 81; 48; 9; 32; 53
38,82,0.23026,0.46341,35; 38; 82; 25; 36; 46; 45; 49; 70; 11
23,83,0.26693,0.27711,16; 23; 83; 6; 28; 53; 76; 77; 6; 11
40,71,0.2478,0.56338,41; 40; 71; 21; 5; 65; 31; 19; 67; 50
17,68,0.24976,0.25,8; 17; 68; 20; 73; 83; 32; 41; 78; 82
6,20,0.27798,0.3,64; 6; 20; 85; 6; 22; 80; 13; 60; 5
29,82,0.25874,0.35366,6; 29; 82; 15; 20; 24; 22; 32; 41; 19
48,84,0.23627,0.57143,16; 48; 84; 53; 58; 40; 63; 70; 12; 72
32,39,0.33177,0.82051,48; 32; 39; 38; 52; 23; 7; 50; 84; 74
28,34,0.34179,0.82353,8; 28; 34; 47; 31; 37; 47; 76; 56; 24
7,20,0.28284,0.35,10; 7; 20; 8; 77; 7; 47; 46; 52; 27
20,63,0.2932,0.31746,63; 20; 63; 60; 23; 53; 26; 22; 80; 82
24,74,0.28853,0.32432,66; 24; 74; 35; 80; 75; 67; 48; 14; 25
33,42,0.33001,0.78571,73; 33; 42; 36; 47; 51; 51; 15; 51; 40
41,49,0.30696,0.83673,48; 41; 49; 60; 52; 63; 10; 17; 49; 80
17,56,0.2914,0.30357,77; 17; 56; 7; 31; 80; 54; 21; 52; 82
30,60,0.31369,0.5,8; 30; 60; 45; 18; 73; 55; 39; 18; 53
14,56,0.24712,0.25,16; 14; 56; 20; 47; 79; 11; 68; 21; 26
6,19,0.26971,0.31579,53; 6; 19; 54; 7; 64; 81; 49; 5; 78
37,43,0.32175,0.86047,17; 37; 43; 75; 40; 33; 16; 21; 83; 53
21,75,0.27308,0.28,43; 21; 75; 55; 83; 60; 45; 17; 46; 42
16,54,0.28358,0.2963,64; 16; 54; 6; 82; 12; 8; 11; 39; 54
8,28,0.27467,0.28571,69; 8; 28; 70; 34; 38; 36; 57; 78; 30
19,66,0.28224,0.28788,49; 19; 66; 44; 46; 11; 45; 69; 52; 6
47,83,0.2339,0.56627,13; 47; 83; 52; 83; 35; 40; 63; 10; 12
37,75,0.23848,0.49333,51; 37; 75; 27; 29; 41; 19; 45; 14; 12
12,41,0.28578,0.29268,61; 12; 41; 33; 71; 68; 21; 41; 35; 32
12,48,0.25179,0.25,58; 12; 48; 27; 65; 61; 29; 83; 35; 81
49,57,0.2637,0.85965,56; 49; 57; 24; 56; 57; 7; 72; 59; 82
46,55,0.28557,0.83636,71; 46; 55; 5; 54; 52; 31; 28; 13; 68
34,68,0.29295,0.5,16; 34; 68; 55; 63; 83; 18; 45; 20; 45
55,67,0.24389,0.8209,17; 55; 67; 66; 61; 20; 22; 32; 20; 62
7,20,0.28269,0.35,7; 7; 20; 48; 53; 42; 65; 14; 55; 28
23,79,0.27275,0.29114,30; 23; 79; 36; 68; 82; 71; 37; 82; 77
8,27,0.2794,0.2963,50; 8; 27; 28; 69; 47; 12; 16; 11; 10
6,20,0.27864,0.3,28; 6; 20; 40; 42; 77; 71; 25; 44; 43
55,69,0.22324,0.7971,79; 55; 69; 81; 30; 41; 72; 13; 41; 32
15,60,0.2459,0.25,31; 15; 60; 24; 14; 64; 70; 20; 32; 13
26,56,0.32605,0.46429,12; 26; 56; 73; 24; 53; 63; 31; 48; 78
22,62,0.31151,0.35484,77; 22; 62; 47; 53; 7; 35; 35; 42; 52
23,66,0.30473,0.34848,75; 23; 66; 57; 47; 68; 57; 16; 18; 39
49,61,0.25706,0.80328,8; 49; 61; 74; 83; 75; 28; 44; 10; 13
37,46,0.31396,0.80435,7; 37; 46; 25; 49; 72; 68; 10; 16; 63
47,59,0.27557,0.79661,84; 47; 59; 23; 69; 9; 80; 43; 20; 40
19,66,0.28426,0.28788,72; 19; 66; 70; 59; 33; 36; 28; 77; 10
20,70,0.27607,0.28571,44; 20; 70; 22; 79; 32; 7; 79; 54; 16
42,84,0.23645,0.5,38; 42; 84; 27; 68; 45; 25; 69; 85; 33
16,57,0.27804,0.2807,61; 16; 57; 34; 49; 76; 10; 84; 40; 47
45,79,0.24565,0.56962,36; 45; 79; 18; 27; 41; 14; 56; 66; 59
8,25,0.28959,0.32,39; 8; 25; 45; 71; 8; 16; 26; 56; 42
27,73,0.28574,0.36986,75; 27; 73; 41; 7; 54; 40; 47; 16; 54
63,79,0.21354,0.79747,76; 63; 79; 51; 44; 73; 74; 84; 84; 46
29,59,0.31465,0.49153,58; 29; 59; 47; 23; 40; 79; 29; 53; 21
68,83,0.19747,0.81928,79; 68; 83; 50; 75; 37; 60; 22; 51; 33
23,76,0.2772,0.30263,13; 23; 76; 74; 41; 18; 62; 69; 29; 69
47,82,0.19464,0.57317,52; 47; 82; 17; 58; 68; 55; 34; 84; 14
16,43,0.31786,0.37209,9; 16; 43; 85; 29; 43; 26; 78; 23; 58
19,52,0.31492,0.36538,51; 19; 52; 6; 67; 70; 12; 25; 84; 21
26,46,0.33632,0.56522,61; 26; 46; 61; 65; 73; 39; 67; 13; 25
17,70,0.24551,0.24286,73; 17; 70; 8; 76; 74; 14; 67; 9; 10
52,65,0.24887,0.8,76; 52; 65; 49; 7; 19; 41; 18; 24; 14
12,51,0.23325,0.23529,19; 12; 51; 45; 41; 5; 64; 63; 83; 62
12,49,0.2427,0.2449,58; 12; 49; 24; 55; 9; 9; 67; 41; 34
19,65,0.286,0.29231,40; 19; 65; 37; 17; 62; 30; 66; 64; 64
19,39,0.33898,0.48718,48; 19; 39; 81; 66; 73; 53; 51; 64; 31
26,81,0.27338,0.32099,33; 26; 81; 56; 8; 56; 35; 5; 7; 68
17,35,0.33428,0.48571,79; 17; 35; 20; 64; 78; 76; 50; 32; 67
33,58,0.31417,0.56897,67; 33; 58; 64; 60; 48; 35; 25; 73; 65
38,77,0.24285,0.49351,68; 38; 77; 84; 31; 38; 14; 13; 24; 24
67,84,0.19638,0.79762,32; 67; 84; 29; 75; 36; 14; 48; 25; 41
15,54,0.27302,0.27778,24; 15; 54; 49; 72; 39; 55; 6; 9; 55
27,32,0.34346,0.84375,65; 27; 32; 21; 6; 7; 37; 23; 39; 23
11,37,0.28404,0.2973,12; 11; 37; 73; 32; 84; 31; 85; 49; 33
14,44,0.2996,0.31818,66; 14; 44; 52; 80; 39; 48; 28; 12; 69
12,40,0.28842,0.3,29; 12; 40; 16; 85; 51; 64; 83; 44; 85
21,42,0.33715,0.5,35; 21; 42; 49; 9; 21; 64; 40; 16; 82
16,43,0.31461,0.37209,7; 16; 43; 46; 23; 34; 31; 27; 28; 30
22,79,0.27237,0.27848,39; 22; 79; 31; 80; 80; 72; 69; 47; 58
51,62,0.2463,0.82258,49; 51; 62; 50; 37; 38; 65; 82; 8; 63
26,71,0.28056,0.3662,40; 26; 71; 61; 44; 60; 23; 21; 49; 63
24,52,0.32892,0.46154,23; 24; 52; 45; 66; 55; 82; 9; 50; 36
38,45,0.31984,0.84444,32; 38; 45; 41; 47; 14; 82; 61; 35; 83
60,70,0.22505,0.85714,35; 60; 70; 43; 40; 18; 15; 77; 28; 81
13,23,0.33276,0.56522,34; 13; 23; 64; 80; 74; 25; 59; 14; 82
62,72,0.21083,0.86111,8; 62; 72; 51; 59; 7; 36; 43; 54; 57
34,68,0.29956,0.5,46; 34; 68; 85; 33; 47; 27; 33; 15; 77
5,10,0.18106,0.5,83; 5; 10; 79; 18; 30; 47; 73; 70; 36
30,61,0.31275,0.4918,70; 30; 61; 62; 41; 33; 73; 21; 12; 62
63,77,0.20182,0.81818,77; 63; 77; 78; 25; 23; 57; 69; 54; 24
65,77,0.20276,0.84416,15; 65; 77; 26; 32; 26; 61; 5; 65; 13
17,72,0.23574,0.23611,46; 17; 72; 71; 52; 56; 56; 49; 15; 16
19,59,0.30105,0.32203,18; 19; 59; 70; 43; 48; 67; 69; 41; 80
30,81,0.2552,0.37037,74; 30; 81; 74; 13; 23; 85; 53; 23; 10
28,35,0.33712,0.8,69; 28; 35; 81; 54; 27; 38; 52; 54; 7
18,63,0.27568,0.28571,49; 18; 63; 22; 13; 46; 47; 15; 85; 58
39,70,0.28363,0.55714,22; 39; 70; 6; 42; 37; 66; 8; 12; 6
10,27,0.30996,0.37037,19; 10; 27; 53; 66; 83; 7; 22; 61; 58
36,45,0.30433,0.8,10; 36; 45; 73; 24; 32; 18; 37; 45; 68
13,41,0.29443,0.31707,8; 13; 41; 9; 8; 34; 13; 57; 39; 76
16,54,0.285,0.2963,32; 16; 54; 29; 58; 83; 24; 28; 45; 32
19,78,0.24759,0.24359,22; 19; 78; 54; 59; 71; 58; 6; 53; 18
60,73,0.21157,0.82192,35; 60; 73; 41; 73; 75; 47; 53; 74; 43
27,33,0.33573,0.81818,7; 27; 33; 85; 51; 56; 54; 44; 52; 74
58,69,0.22212,0.84058,78; 58; 69; 83; 15; 38; 36; 19; 52; 83
30,53,0.3278,0.56604,75; 30; 53; 24; 49; 38; 9; 42; 67; 75
19,68,0.27093,0.27941,39; 19; 68; 15; 21; 12; 23; 22; 33; 17
28,57,0.32132,0.49123,26; 28; 57; 71; 7; 63; 7; 28; 18; 8
18,22,0.34098,0.81818,83; 18; 22; 51; 85; 65; 63; 20; 62; 14
17,48,0.31024,0.35417,54; 17; 48; 77; 11; 21; 81; 40; 48; 60
28,61,0.31435,0.45902,68; 28; 61; 30; 15; 17; 78; 21; 74; 38
18,57,0.30016,0.31579,64; 18; 57; 16; 15; 21; 18; 61; 17; 69
42,84,0.23215,0.5,12; 42; 84; 11; 19; 63; 60; 74; 23; 32
52,62,0.24757,0.83871,83; 52; 62; 35; 85; 31; 73; 59; 76; 28
35,72,0.26782,0.48611,59; 35; 72; 83; 76; 72; 65; 64; 22; 38
66,84,0.19541,0.78571,39; 66; 84; 43; 83; 14; 39; 17; 82; 33
18,63,0.2793,0.28571,53; 18; 63; 78; 35; 35; 11; 8; 48; 19
32,65,0.28403,0.49231,40; 32; 65; 46; 5; 76; 44; 26; 79; 25
35,76,0.25907,0.46053,8; 35; 76; 32; 23; 8; 57; 7; 38; 51
20,54,0.31304,0.37037,66; 20; 54; 48; 22; 61; 14; 20; 6; 71
13,53,0.24328,0.24528,73; 13; 53; 35; 48; 62; 46; 40; 81; 38
24,65,0.30164,0.36923,9; 24; 65; 18; 15; 63; 36; 56; 64; 72
21,43,0.33829,0.48837,34; 21; 43; 23; 10; 64; 54; 57; 60; 72
33,68,0.2896,0.48529,16; 33; 68; 19; 50; 71; 36; 41; 65; 59
21,64,0.30345,0.32812,32; 21; 64; 83; 62; 54; 81; 84; 61; 47
17,72,0.23163,0.23611,24; 17; 72; 35; 84; 19; 30; 18; 58; 16
11,30,0.30649,0.36667,71; 11; 30; 18; 12; 5; 71; 58; 18; 29
26,78,0.28062,0.33333,27; 26; 78; 58; 25; 39; 70; 45; 70; 77
62,78,0.20704,0.79487,46; 62; 78; 11; 31; 19; 23; 65; 17; 23
5,21,0.24316,0.2381,49; 5; 21; 76; 6; 40; 11; 51; 28; 67
28,57,0.32104,0.49123,28; 28; 57; 8; 16; 68; 72; 52; 12; 5
16,53,0.29086,0.30189,6; 16; 53; 48; 56; 39; 77; 53; 51; 42
61,77,0.21804,0.79221,28; 61; 77; 67; 36; 30; 13; 72; 45; 40
13,43,0.28695,0.30233,29; 13; 43; 24; 79; 51; 25; 61; 56; 40
44,79,0.2362,0.55696,26; 44; 79; 73; 22; 45; 60; 44; 69; 51
12,21,0.32716,0.57143,19; 12; 21; 19; 59; 41; 5; 68; 73; 40
24,30,0.3448,0.8,10; 24; 30; 36; 28; 75; 33; 48; 57; 23
23,73,0.28784,0.31507,56; 23; 73; 56; 29; 38; 41; 55; 7; 82
43,50,0.30278,0.86,58; 43; 50; 14; 21; 62; 44; 34; 58; 60
17,46,0.31569,0.36957,83; 17; 46; 30; 19; 21; 9; 18; 76; 11
29,52,0.31658,0.55769,76; 29; 52; 31; 70; 69; 34; 84; 32; 41
19,41,0.33544,0.46341,37; 19; 41; 75; 21; 37; 6; 37; 78; 55
15,62,0.23929,0.24194,76; 15; 62; 60; 20; 55; 23; 26; 9; 16
17,37,0.33069,0.45946,80; 17; 37; 8; 80; 41; 55; 67; 78; 45
16,66,0.24094,0.24242,60; 16; 66; 37; 73; 46; 21; 38; 30; 59
63,80,0.20854,0.7875,14; 63; 80; 50; 76; 64; 13; 72; 27; 14
18,22,0.34364,0.81818,47; 18; 22; 12; 79; 58; 32; 82; 49; 11
19,80,0.24469,0.2375,14; 19; 80; 40; 78; 6; 41; 28; 40; 23
49,62,0.26065,0.79032,14; 49; 62; 64; 85; 58; 31; 81; 42; 51
21,73,0.27688,0.28767,49; 21; 73; 12; 42; 57; 63; 14; 53; 18
38,44,0.31682,0.86364,50; 38; 44; 9; 10; 47; 8; 20; 61; 76
15,47,0.29826,0.31915,22; 15; 47; 33; 64; 45; 61; 82; 85; 11
44,56,0.29016,0.78571,17; 44; 56; 11; 50; 79; 28; 12; 69; 55
7,25,0.27004,0.28,82; 7; 25; 85; 38; 62; 46; 20; 79; 23
20,57,0.3157,0.35088,58; 20; 57; 32; 80; 48; 12; 32; 38; 68
25,44,0.33685,0.56818,49; 25; 44; 67; 67; 52; 83; 36; 60; 37
23,82,0.26455,0.28049,31; 23; 82; 16; 19; 74; 58; 33; 73; 65
12,38,0.29277,0.31579,15; 12; 38; 38; 66; 78; 10; 39; 37; 54
8,29,0.26767,0.27586,53; 8; 29; 22; 32; 51; 82; 51; 50; 54
28,80,0.25573,0.35,21; 28; 80; 19; 8; 18; 49; 32; 29; 32
31,84,0.25871,0.36905,10; 31; 84; 38; 36; 22; 7; 57; 10; 16
33,72,0.27551,0.45833,77; 33; 72; 77; 53; 77; 66; 14; 10; 24
26,57,0.32249,0.45614,5; 26; 57; 13; 81; 38; 38; 37; 41; 63
6,19,0.28359,0.31579,39; 6; 19; 51; 67; 22; 5; 75; 25; 43
56,68,0.23964,0.82353,83; 56; 68; 26; 63; 57; 64; 47; 8; 63
22,78,0.2718,0.28205,23; 22; 78; 33; 32; 5; 66; 85; 35; 21
38,77,0.25994,0.49351,9; 38; 77; 28; 65; 46; 6; 82; 55; 68
16,32,0.3326,0.5,22; 16; 32; 51; 61; 15; 16; 69; 31; 66
23,77,0.27578,0.2987,76; 23; 77; 68; 44; 58; 53; 55; 59; 38
17,56,0.28862,0.30357,10; 17; 56; 26; 12; 12; 63; 85; 56; 34
16,19,0.34222,0.84211,53; 16; 19; 15; 40; 65; 5; 8; 85; 59
11,44,0.2474,0.25,49; 11; 44; 44; 47; 46; 65; 68; 25; 22
18,54,0.30225,0.33333,9; 18; 54; 42; 38; 61; 61; 83; 34; 34
59,70,0.23008,0.84286,81; 59; 70; 26; 53; 7; 60; 7; 57; 85
66,82,0.20438,0.80488,43; 66; 82; 6; 36; 6; 53; 14; 71; 58
8,24,0.29585,0.33333,23; 8; 24; 21; 31; 53; 39; 78; 79; 73
23,40,0.33764,0.575,20; 23; 40; 49; 48; 41; 70; 85; 43; 33
26,33,0.3408,0.78788,5; 26; 33; 40; 25; 19; 78; 73; 58; 29
45,57,0.26599,0.78947,28; 45; 57; 77; 11; 48; 50; 67; 67; 15
33,42,0.32863,0.78571,8; 33; 42; 68; 15; 55; 64; 69; 21; 32
8,27,0.27896,0.2963,51; 8; 27; 10; 55; 15; 84; 80; 55; 32
33,59,0.30708,0.55932,6; 33; 59; 29; 35; 53; 68; 37; 48; 68
8,10,0.22543,0.8,33; 8; 10; 17; 55; 54; 58; 31; 32; 72
16,53,0.28611,0.30189,51; 16; 53; 62; 80; 59; 76; 85; 19; 36
9,26,0.30142,0.34615,69; 9; 26; 56; 59; 25; 6; 17; 64; 80
28,57,0.32089,0.49123,52; 28; 57; 30; 64; 27; 55; 56; 38; 21
15,53,0.27753,0.28302,49; 15; 53; 7; 31; 30; 80; 61; 78; 84
13,55,0.23161,0.23636,61; 13; 55; 58; 55; 84; 64; 79; 33; 54
22,39,0.34487,0.5641,85; 22; 39; 24; 40; 34; 64; 11; 11; 7
18,37,0.33782,0.48649,79; 18; 37; 18; 69; 44; 52; 43; 57; 26
37,81,0.25813,0.45679,46; 37; 81; 10; 43; 44; 76; 13; 7; 59
16,35,0.33172,0.45714,21; 16; 35; 54; 58; 6; 35; 63; 28; 50
24,68,0.29885,0.35294,56; 24; 68; 21; 57; 51; 17; 24; 51; 83
25,67,0.30218,0.37313,79; 25; 67; 41; 22; 44; 47; 45; 31; 29
18,74,0.24035,0.24324,20; 18; 74; 65; 26; 39; 60; 64; 20; 46
58,69,0.2389,0.84058,73; 58; 69; 32; 20; 76; 84; 38; 67; 19
59,75,0.21774,0.78667,35; 59; 75; 10; 58; 79; 44; 17; 70; 42
23,46,0.34023,0.5,41; 23; 46; 27; 48; 39; 76; 19; 75; 27
20,72,0.27169,0.27778,47; 20; 72; 85; 6; 26; 12; 60; 64; 63
15,43,0.30814,0.34884,30; 15; 43; 34; 41; 37; 35; 26; 81; 84
35,44,0.32819,0.79545,10; 35; 44; 32; 54; 48; 49; 47; 58; 42
22,77,0.26821,0.28571,26; 22; 77; 61; 49; 48; 59; 81; 40; 10
41,83,0.25076,0.49398,36; 41; 83; 16; 56; 39; 19; 77; 53; 13
30,60,0.31929,0.5,42; 30; 60; 17; 29; 11; 82; 47; 53; 11
31,37,0.34157,0.83784,27; 31; 37; 43; 11; 82; 58; 55; 22; 20
20,81,0.24626,0.24691,51; 20; 81; 18; 44; 8; 79; 20; 42; 55
15,46,0.3016,0.32609,18; 15; 46; 15; 63; 84; 46; 18; 29; 67
46,56,0.26567,0.82143,40; 46; 56; 29; 17; 21; 47; 18; 53; 29
30,81,0.27364,0.37037,76; 30; 81; 14; 55; 37; 71; 77; 53; 20
29,83,0.25836,0.3494,70; 29; 83; 20; 18; 13; 20; 62; 10; 32
23,78,0.27074,0.29487,84; 23; 78; 77; 63; 75; 30; 64; 48; 54
45,79,0.23187,0.56962,8; 45; 79; 64; 83; 10; 79; 29; 6; 54
12,51,0.23353,0.23529,6; 12; 51; 20; 32; 7; 71; 58; 65; 19
70,81,0.18177,0.8642,75; 70; 81; 61; 26; 63; 47; 15; 30; 69
16,19,0.33423,0.84211,10; 16; 19; 15; 16; 67; 20; 69; 40; 21
38,76,0.2631,0.5,61; 38; 76; 30; 14; 50; 80; 10; 21; 12
20,83,0.24073,0.24096,83; 20; 83; 26; 17; 51; 52; 35; 70; 11
17,34,0.32981,0.5,24; 17; 34; 62; 41; 26; 44; 41; 42; 19
71,85,0.18625,0.83529,82; 71; 85; 84; 15; 23; 16; 51; 51; 41
24,52,0.32787,0.46154,53; 24; 52; 60; 54; 74; 27; 34; 19; 50
17,51,0.3045,0.33333,39; 17; 51; 67; 75; 43; 40; 84; 42; 12
50,58,0.2561,0.86207,6; 50; 58; 81; 43; 56; 82; 68; 39; 33
18,51,0.31475,0.35294,49; 18; 51; 52; 27; 53; 55; 76; 51; 41
32,37,0.33413,0.86486,39; 32; 37; 50; 8; 7; 48; 12; 10; 68
13,23,0.33224,0.56522,30; 13; 23; 68; 37; 44; 78; 12; 12; 18
22,69,0.29589,0.31884,64; 22; 69; 65; 20; 23; 33; 39; 33; 84
14,47,0.28576,0.29787,65; 14; 47; 44; 56; 28; 72; 33; 24; 78
31,55,0.3231,0.56364,17; 31; 55; 75; 36; 36; 45; 56; 34; 53
24,43,0.33548,0.55814,45; 24; 43; 61; 75; 25; 77; 74; 6; 11
32,39,0.32736,0.82051,54; 32; 39; 64; 83; 27; 13; 85; 42; 63
27,81,0.27746,0.33333,62; 27; 81; 23; 70; 32; 68; 84; 25; 61
21,73,0.27475,0.28767,62; 21; 73; 30; 65; 23; 5; 73; 56; 57
30,53,0.32316,0.56604,56; 30; 53; 63; 47; 46; 9; 77; 56; 10
18,73,0.24688,0.24658,16; 18; 73; 38; 76; 67; 71; 68; 25; 9
47,57,0.28003,0.82456,6; 47; 57; 5; 66; 26; 81; 80; 65; 7
13,47,0.27098,0.2766,62; 13; 47; 79; 66; 58; 33; 50; 78; 70
22,74,0.27846,0.2973,24; 22; 74; 49; 45; 13; 19; 15; 38; 62
16,50,0.29727,0.32,68; 16; 50; 76; 39; 26; 62; 5; 25; 44
45,80,0.25263,0.5625,18; 45; 80; 31; 19; 14; 5; 7; 76; 49
33,67,0.28646,0.49254,54; 33; 67; 67; 35; 14; 13; 22; 26; 59
22,77,0.27839,0.28571,16; 22; 77; 60; 80; 53; 8; 64; 67; 43
13,51,0.25247,0.2549,9; 13; 51; 66; 55; 68; 5; 5; 7; 47
14,28,0.32918,0.5,7; 14; 28; 43; 64; 17; 68; 34; 19; 55
20,70,0.28328,0.28571,61; 20; 70; 76; 40; 60; 7; 28; 36; 27
22,28,0.34661,0.78571,29; 22; 28; 81; 43; 8; 29; 11; 25; 10
18,60,0.28321,0.3,45; 18; 60; 25; 11; 14; 59; 45; 28; 32
37,44,0.32044,0.84091,85; 37; 44; 52; 8; 68; 55; 82; 40; 17
57,71,0.22758,0.80282,25; 57; 71; 74; 49; 44; 52; 36; 33; 47
34,61,0.30813,0.55738,6; 34; 61; 42; 78; 60; 47; 21; 76; 15
56,70,0.23974,0.8,9; 56; 70; 15; 44; 43; 77; 77; 55; 5
9,11,0.25218,0.81818,43; 9; 11; 22; 12; 49; 49; 63; 31; 38
31,36,0.33901,0.86111,33; 31; 36; 5; 42; 54; 34; 82; 19; 19
26,81,0.27622,0.32099,32; 26; 81; 9; 34; 76; 44; 33; 9; 44
37,66,0.28244,0.56061,36; 37; 66; 20; 21; 16; 20; 17; 59; 25
12,48,0.2463,0.25,18; 12; 48; 73; 19; 71; 42; 81; 75; 44
36,45,0.31814,0.8,14; 36; 45; 64; 67; 64; 46; 36; 11; 68
22,62,0.30916,0.35484,67; 22; 62; 70; 10; 57; 78; 82; 83; 64
21,57,0.31488,0.36842,16; 21; 57; 82; 21; 77; 43; 85; 62; 24
16,54,0.28529,0.2963,73; 16; 54; 81; 69; 57; 26; 14; 63; 69
8,23,0.2967,0.34783,37; 8; 23; 70; 8; 78; 27; 20; 41; 71
19,59,0.30034,0.32203,21; 19; 59; 56; 50; 20; 23; 41; 80; 68
22,68,0.29875,0.32353,11; 22; 68; 62; 40; 53; 84; 40; 73; 25
7,24,0.27225,0.29167,84; 7; 24; 28; 44; 24; 56; 9; 81; 47
28,79,0.26911,0.35443,20; 28; 79; 60; 43; 61; 38; 19; 33; 58
20,84,0.23704,0.2381,20; 20; 84; 56; 40; 78; 54; 84; 15; 66
25,77,0.28217,0.32468,57; 25; 77; 71; 25; 55; 65; 51; 14; 62
18,55,0.30084,0.32727,27; 18; 55; 19; 70; 51; 20; 65; 64; 8
34,74,0.27634,0.45946,72; 34; 74; 67; 11; 75; 17; 45; 83; 73
68,79,0.19805,0.86076,64; 68; 79; 82; 20; 30; 62; 47; 16; 85
20,54,0.3148,0.37037,24; 20; 54; 43; 77; 5; 49; 25; 69; 59
40,72,0.26066,0.55556,72; 40; 72; 83; 43; 83; 59; 74; 59; 84
20,66,0.28868,0.30303,36; 20; 66; 74; 84; 22; 20; 19; 57; 42
29,59,0.31593,0.49153,15; 29; 59; 82; 19; 79; 33; 76; 26; 41
15,52,0.28072,0.28846,27; 15; 52; 14; 19; 16; 31; 44; 79; 33
28,84,0.25598,0.33333,78; 28; 84; 72; 43; 77; 81; 55; 11; 38
8,33,0.24166,0.24242,18; 8; 33; 84; 12; 34; 17; 38; 30; 47
22,74,0.27773,0.2973,15; 22; 74; 25; 66; 11; 13; 85; 41; 83
5,18,0.25201,0.27778,66; 5; 18; 80; 65; 36; 52; 51; 43; 55
27,48,0.33127,0.5625,45; 27; 48; 10; 71; 84; 73; 77; 58; 76
8,27,0.27907,0.2963,18; 8; 27; 82; 61; 25; 47; 69; 84; 21
12,38,0.29538,0.31579,55; 12; 38; 60; 74; 61; 43; 52; 53; 7
22,44,0.3402,0.5,17; 22; 44; 42; 19; 84; 62; 45; 39; 76
37,47,0.32033,0.78723,59; 37; 47; 30; 28; 69; 67; 54; 27; 28
16,35,0.33343,0.45714,79; 16; 35; 9; 62; 23; 81; 29; 84; 77
63,73,0.21016,0.86301,63; 63; 73; 38; 7; 62; 71; 44; 9; 69
49,57,0.27173,0.85965,24; 49; 57; 79; 70; 15; 20; 49; 17; 31
7,19,0.29608,0.36842,57; 7; 19; 41; 31; 30; 43; 79; 65; 74
35,71,0.29277,0.49296,63; 35; 71; 49; 55; 57; 61; 6; 75; 69
47,57,0.27523,0.82456,31; 47; 57; 6; 31; 56; 59; 17; 79; 68
20,57,0.31037,0.35088,62; 20; 57; 26; 16; 78; 84; 69; 78; 58
25,79,0.27797,0.31646,75; 25; 79; 74; 25; 31; 24; 34; 31; 17
26,78,0.28079,0.33333,81; 26; 78; 48; 42; 74; 71; 55; 13; 39
45,57,0.27965,0.78947,28; 45; 57; 24; 20; 33; 37; 23; 44; 33
23,77,0.28442,0.2987,62; 23; 77; 33; 72; 42; 68; 22; 15; 13
20,82,0.2423,0.2439,25; 20; 82; 34; 63; 77; 71; 81; 35; 19
41,52,0.2984,0.78846,63; 41; 52; 30; 19; 60; 36; 40; 74; 26
28,57,0.32215,0.49123,19; 28; 57; 15; 66; 81; 43; 7; 45; 46
23,65,0.30613,0.35385,84; 23; 65; 15; 45; 43; 46; 56; 48; 85
15,61,0.24607,0.2459,79; 15; 61; 41; 52; 11; 71; 20; 79; 41
25,75,0.28299,0.33333,46; 25; 75; 76; 55; 18; 30; 17; 5; 76
64,74,0.21489,0.86486,18; 64; 74; 52; 31; 62; 71; 81; 62; 68
47,82,0.23071,0.57317,5; 47; 82; 72; 75; 9; 72; 57; 39; 48
23,65,0.31096,0.35385,10; 23; 65; 49; 50; 20; 16; 70; 42; 85
40,71,0.25426,0.56338,16; 40; 71; 57; 24; 12; 9; 41; 50; 59
56,67,0.23925,0.83582,25; 56; 67; 50; 49; 70; 25; 56; 84; 68
13,40,0.29292,0.325,37; 13; 40; 37; 12; 23; 75; 69; 59; 41
32,40,0.3267,0.8,35; 32; 40; 29; 5; 23; 76; 36; 73; 77
39,79,0.24584,0.49367,30; 39; 79; 9; 54; 35; 34; 58; 78; 8
35,76,0.25659,0.46053,79; 35; 76; 17; 51; 25; 54; 81; 30; 49
54,64,0.24358,0.84375,19; 54; 64; 20; 66; 66; 77; 23; 13; 18
37,46,0.31841,0.80435,60; 37; 46; 64; 76; 51; 75; 70; 74; 14
22,78,0.26963,0.28205,64; 22; 78; 18; 38; 62; 77; 53; 36; 46
40,80,0.25032,0.5,22; 40; 80; 59; 12; 65; 18; 14; 9; 58
26,74,0.28165,0.35135,12; 26; 74; 43; 46; 33; 48; 18; 44; 66
18,36,0.3347,0.5,33; 18; 36; 58; 23; 40; 17; 42; 73; 31
20,70,0.2763,0.28571,55; 20; 70; 61; 12; 64; 5; 31; 14; 34
30,60,0.31855,0.5,7; 30; 60; 68; 20; 54; 19; 21; 23; 70
16,54,0.28672,0.2963,64; 16; 54; 56; 82; 19; 30; 60; 79; 33
16,57,0.2768,0.2807,52; 16; 57; 18; 44; 77; 77; 21; 38; 39
19,54,0.31261,0.35185,55; 19; 54; 25; 47; 13; 40; 29; 30; 15
24,74,0.28372,0.32432,54; 24; 74; 28; 47; 76; 57; 66; 58; 14
13,43,0.28793,0.30233,19; 13; 43; 19; 16; 21; 10; 8; 76; 56
68,85,0.19123,0.8,21; 68; 85; 60; 8; 79; 85; 35; 79; 59
39,49,0.3034,0.79592,46; 39; 49; 30; 46; 78; 10; 61; 50; 67
19,68,0.27326,0.27941,39; 19; 68; 44; 36; 67; 71; 62; 32; 25
19,52,0.316,0.36538,19; 19; 52; 57; 5; 69; 71; 11; 82; 11
23,28,0.34555,0.82143,46; 23; 28; 77; 29; 85; 59; 13; 25; 28
21,74,0.27373,0.28378,57; 21; 74; 54; 11; 55; 47; 72; 55; 43
28,84,0.26538,0.33333,22; 28; 84; 81; 67; 26; 67; 85; 18; 53
30,81,0.26374,0.37037,64; 30; 81; 51; 39; 71; 15; 46; 45; 41
20,81,0.24456,0.24691,82; 20; 81; 85; 50; 29; 64; 23; 7; 37
59,69,0.20909,0.85507,11; 59; 69; 44; 67; 83; 73; 83; 31; 35
20,54,0.32085,0.37037,55; 20; 54; 63; 28; 40; 73; 36; 80; 23
9,27,0.29727,0.33333,41; 9; 27; 60; 69; 35; 8; 28; 33; 63
41,84,0.22171,0.4881,66; 41; 84; 19; 32; 57; 82; 74; 16; 53
30,35,0.33964,0.85714,74; 30; 35; 15; 10; 25; 62; 51; 54; 32
16,64,0.25078,0.25,52; 16; 64; 21; 61; 77; 54; 47; 27; 20
12,43,0.26783,0.27907,11; 12; 43; 22; 13; 18; 72; 53; 33; 28
23,63,0.31094,0.36508,45; 23; 63; 75; 29; 19; 85; 6; 37; 55
17,30,0.34159,0.56667,60; 17; 30; 62; 45; 65; 47; 42; 5; 60
71,85,0.19703,0.83529,46; 71; 85; 9; 60; 50; 51; 52; 34; 47
11,44,0.24527,0.25,19; 11; 44; 8; 10; 67; 43; 47; 59; 43
27,32,0.34364,0.84375,19; 27; 32; 55; 57; 5; 55; 21; 53; 80
7,29,0.23553,0.24138,79; 7; 29; 56; 31; 19; 15; 33; 23; 17
37,75,0.25296,0.49333,72; 37; 75; 22; 75; 31; 26; 68; 80; 62
17,56,0.28947,0.30357,32; 17; 56; 56; 54; 33; 71; 77; 51; 52
20,81,0.24948,0.24691,26; 20; 81; 68; 11; 57; 43; 58; 53; 43
28,49,0.32967,0.57143,32; 28; 49; 80; 79; 36; 39; 15; 55; 79
24,82,0.27193,0.29268,17; 24; 82; 66; 81; 82; 66; 9; 81; 48
35,62,0.30751,0.56452,60; 35; 62; 56; 9; 66; 32; 15; 11; 8
45,57,0.25181,0.78947,21; 45; 57; 11; 66; 78; 40; 69; 16; 40
8,16,0.2889,0.5,59; 8; 16; 70; 64; 41; 62; 49; 19; 45
67,82,0.19808,0.81707,36; 67; 82; 34; 29; 65; 12; 32; 56; 17
17,70,0.24078,0.24286,63; 17; 70; 12; 65; 24; 77; 36; 51; 85
24,75,0.28866,0.32,56; 24; 75; 58; 49; 85; 11; 26; 37; 33
6,18,0.28052,0.33333,73; 6; 18; 57; 42; 7; 53; 45; 17; 44
18,71,0.24918,0.25352,50; 18; 71; 37; 31; 54; 82; 60; 71; 75
15,60,0.24882,0.25,51; 15; 60; 79; 53; 5; 71; 22; 51; 28
11,22,0.32535,0.5,37; 11; 22; 59; 35; 81; 79; 47; 23; 56
39,69,0.28871,0.56522,75; 39; 69; 45; 72; 78; 42; 39; 37; 76
21,85,0.24686,0.24706,85; 21; 85; 66; 59; 34; 70; 75; 36; 27
31,83,0.21595,0.37349,79; 31; 83; 62; 48; 41; 75; 60; 9; 42
14,25,0.33281,0.56,24; 14; 25; 52; 13; 15; 37; 56; 39; 45
19,68,0.2761,0.27941,17; 19; 68; 80; 8; 63; 59; 19; 54; 47
39,78,0.25243,0.5,77; 39; 78; 55; 43; 41; 70; 12; 26; 6
35,63,0.29444,0.55556,40; 35; 63; 34; 65; 17; 35; 47; 43; 82
34,68,0.28029,0.5,20; 34; 68; 51; 76; 62; 38; 71; 63; 70
17,56,0.29108,0.30357,53; 17; 56; 59; 76; 43; 44; 58; 55; 43
21,69,0.28892,0.30435,43; 21; 69; 35; 40; 24; 85; 44; 39; 34
5,18,0.25191,0.27778,21; 5; 18; 32; 9; 19; 81; 85; 40; 81
18,60,0.28956,0.3,34; 18; 60; 16; 85; 41; 63; 44; 32; 6
33,72,0.27912,0.45833,41; 33; 72; 61; 25; 6; 33; 9; 82; 14
64,81,0.2098,0.79012,69; 64; 81; 23; 59; 52; 74; 66; 64; 84
19,69,0.27306,0.27536,46; 19; 69; 16; 36; 40; 18; 85; 77; 18
49,62,0.27028,0.79032,84; 49; 62; 75; 11; 28; 59; 76; 65; 77
6,24,0.24578,0.25,53; 6; 24; 37; 55; 60; 56; 58; 31; 62
22,74,0.28332,0.2973,33; 22; 74; 51; 43; 16; 57; 54; 38; 38
12,24,0.32539,0.5,37; 12; 24; 54; 49; 18; 44; 68; 47; 47
9,31,0.27718,0.29032,43; 9; 31; 6; 19; 9; 8; 38; 63; 69
9,18,0.30164,0.5,85; 9; 18; 29; 37; 75; 72; 71; 44; 38
5,10,0.21507,0.5,35; 5; 10; 82; 55; 80; 16; 17; 10; 61
23,40,0.34417,0.575,25; 23; 40; 46; 63; 30; 67; 15; 6; 48
25,72,0.29041,0.34722,26; 25; 72; 56; 24; 45; 38; 80; 23; 66
9,18,0.30523,0.5,13; 9; 18; 41; 36; 36; 69; 71; 57; 59
28,79,0.28134,0.35443,79; 28; 79; 59; 85; 58; 50; 70; 59; 27
21,66,0.29754,0.31818,56; 21; 66; 8; 8; 50; 36; 6; 43; 70
38,77,0.27892,0.49351,61; 38; 77; 20; 80; 55; 32; 68; 84; 83
67,85,0.1991,0.78824,6; 67; 85; 80; 29; 37; 75; 24; 48; 47
18,73,0.24555,0.24658,6; 18; 73; 64; 21; 72; 8; 12; 31; 32
18,32,0.3381,0.5625,16; 18; 32; 71; 33; 57; 54; 49; 30; 65
14,57,0.24215,0.24561,48; 14; 57; 46; 6; 76; 10; 48; 51; 79
58,69,0.21891,0.84058,74; 58; 69; 63; 62; 34; 43; 73; 35; 32
10,27,0.30664,0.37037,21; 10; 27; 11; 38; 48; 72; 38; 15; 9
47,82,0.19431,0.57317,65; 47; 82; 59; 83; 35; 53; 9; 83; 46
6,13,0.24501,0.46154,36; 6; 13; 33; 84; 6; 84; 37; 42; 70
15,59,0.25231,0.25424,61; 15; 59; 77; 23; 45; 9; 54; 85; 84
8,10,0.23738,0.8,32; 8; 10; 54; 28; 20; 48; 68; 47; 49
39,69,0.28218,0.56522,41; 39; 69; 54; 71; 79; 74; 28; 5; 38
39,70,0.2695,0.55714,39; 39; 70; 14; 82; 34; 5; 74; 52; 15
41,72,0.25662,0.56944,79; 41; 72; 27; 51; 77; 81; 33; 22; 77
15,61,0.24464,0.2459,36; 15; 61; 61; 28; 75; 70; 16; 15; 50
16,55,0.28185,0.29091,25; 16; 55; 25; 16; 32; 32; 11; 21; 70
5,20,0.25137,0.25,67; 5; 20; 51; 24; 85; 18; 12; 50; 50
20,81,0.24399,0.24691,36; 20; 81; 16; 7; 69; 74; 83; 19; 21
33,72,0.27121,0.45833,27; 33; 72; 25; 79; 62; 39; 12; 82; 10
22,62,0.31024,0.35484,71; 22; 62; 10; 35; 31; 71; 47; 7; 69
20,35,0.34867,0.57143,49; 20; 35; 16; 28; 29; 36; 8; 73; 16
16,53,0.2888,0.30189,58; 16; 53; 75; 70; 84; 61; 47; 37; 77
33,41,0.32593,0.80488,58; 33; 41; 62; 76; 49; 24; 33; 59; 47
33,71,0.2816,0.46479,69; 33; 71; 53; 53; 31; 77; 17; 85; 21
12,34,0.30059,0.35294,84; 12; 34; 30; 52; 44; 11; 84; 59; 84
11,37,0.2827,0.2973,53; 11; 37; 16; 71; 7; 28; 8; 60; 49
35,44,0.31899,0.79545,51; 35; 44; 84; 50; 39; 45; 8; 37; 27
7,14,0.27247,0.5,29; 7; 14; 71; 84; 7; 63; 73; 51; 53
11,46,0.23751,0.23913,42; 11; 46; 44; 9; 57; 78; 30; 74; 37
18,39,0.33185,0.46154,80; 18; 39; 78; 9; 34; 27; 64; 66; 17
23,76,0.28032,0.30263,66; 23; 76; 23; 26; 15; 16; 33; 52; 57
17,58,0.28445,0.2931,44; 17; 58; 8; 23; 7; 35; 83; 50; 81
44,77,0.26415,0.57143,67; 44; 77; 83; 52; 66; 27; 83; 42; 82
11,14,0.30409,0.78571,9; 11; 14; 9; 83; 52; 28; 73; 15; 10
22,44,0.34024,0.5,51; 22; 44; 54; 65; 79; 22; 5; 10; 81
18,36,0.33655,0.5,76; 18; 36; 10; 81; 66; 9; 5; 28; 56
13,37,0.3027,0.35135,78; 13; 37; 36; 73; 41; 78; 74; 49; 80
25,78,0.27143,0.32051,13; 25; 78; 34; 25; 39; 15; 8; 9; 25
20,85,0.2369,0.23529,80; 20; 85; 34; 82; 77; 47; 59; 77; 44
65,76,0.21254,0.85526,32; 65; 76; 81; 54; 48; 31; 8; 51; 44
9,27,0.29703,0.33333,36; 9; 27; 15; 77; 80; 68; 18; 61; 74
40,72,0.27828,0.55556,24; 40; 72; 10; 73; 69; 33; 31; 68; 19
31,83,0.27405,0.37349,6; 31; 83; 66; 68; 22; 61; 50; 24; 29
16,57,0.27577,0.2807,77; 16; 57; 6; 9; 67; 22; 67; 71; 60
40,70,0.26823,0.57143,10; 40; 70; 65; 39; 67; 45; 44; 81; 35
48,84,0.23238,0.57143,38; 48; 84; 80; 53; 60; 75; 73; 27; 83
23,71,0.29611,0.32394,18; 23; 71; 37; 5; 75; 37; 45; 43; 18
28,50,0.32644,0.56,5; 28; 50; 27; 34; 77; 70; 57; 56; 12
25,79,0.26636,0.31646,38; 25; 79; 7; 20; 67; 60; 66; 68; 30
21,37,0.33919,0.56757,45; 21; 37; 51; 55; 6; 77; 32; 47; 68
38,48,0.31446,0.79167,22; 38; 48; 35; 54; 59; 74; 67; 16; 25
59,74,0.22732,0.7973,14; 59; 74; 11; 68; 6; 59; 18; 9; 23
29,84,0.25349,0.34524,64; 29; 84; 8; 23; 20; 7; 18; 51; 78
40,82,0.23958,0.4878,75; 40; 82; 63; 23; 10; 47; 66; 82; 80
45,79,0.23824,0.56962,39; 45; 79; 8; 58; 50; 27; 60; 74; 44
64,81,0.20313,0.79012,59; 64; 81; 70; 48; 26; 50; 83; 23; 38
21,60,0.31233,0.35,74; 21; 60; 74; 10; 61; 78; 11; 52; 61
13,26,0.33085,0.5,71; 13; 26; 67; 32; 55; 64; 53; 5; 41
27,73,0.286,0.36986,39; 27; 73; 26; 38; 52; 13; 54; 6; 62
51,62,0.26073,0.82258,24; 51; 62; 50; 68; 64; 30; 38; 16; 71
32,69,0.25747,0.46377,13; 32; 69; 6; 22; 72; 78; 79; 43; 28
22,62,0.30968,0.35484,78; 22; 62; 85; 58; 27; 85; 20; 61; 58
59,75,0.20726,0.78667,34; 59; 75; 42; 53; 49; 63; 46; 23; 16
11,22,0.32589,0.5,59; 11; 22; 77; 6; 59; 24; 58; 40; 35
27,32,0.33634,0.84375,14; 27; 32; 73; 80; 35; 19; 9; 24; 36
33,72,0.27447,0.45833,22; 33; 72; 83; 22; 14; 30; 48; 63; 67
13,54,0.24041,0.24074,43; 13; 54; 53; 73; 66; 65; 66; 50; 67
12,37,0.29294,0.32432,36; 12; 37; 47; 50; 45; 15; 50; 29; 62
41,83,0.21185,0.49398,20; 41; 83; 55; 78; 23; 59; 61; 39; 47
53,65,0.2494,0.81538,52; 53; 65; 36; 48; 47; 29; 58; 84; 9
10,36,0.27274,0.27778,65; 10; 36; 50; 58; 79; 58; 54; 29; 26
10,20,0.31451,0.5,26; 10; 20; 14; 72; 20; 73; 36; 79; 47
36,44,0.31762,0.81818,80; 36; 44; 82; 70; 54; 59; 12; 23; 14
27,77,0.27438,0.35065,55; 27; 77; 47; 14; 11; 44; 25; 30; 22
25,85,0.26628,0.29412,8; 25; 85; 35; 53; 5; 60; 78; 67; 55
26,79,0.2743,0.32911,80; 26; 79; 76; 20; 15; 13; 7; 42; 55
42,84,0.22145,0.5,65; 42; 84; 57; 9; 71; 17; 40; 34; 35
26,56,0.3249,0.46429,28; 26; 56; 13; 18; 71; 59; 75; 85; 14
16,48,0.30568,0.33333,12; 16; 48; 55; 54; 63; 13; 67; 37; 47
17,60,0.27527,0.28333,27; 17; 60; 14; 79; 76; 20; 78; 21; 41
23,66,0.30505,0.34848,31; 23; 66; 36; 13; 22; 73; 79; 9; 22
13,53,0.2429,0.24528,21; 13; 53; 67; 11; 16; 59; 70; 36; 27
11,14,0.28644,0.78571,43; 11; 14; 79; 68; 32; 74; 43; 40; 15
18,37,0.33831,0.48649,61; 18; 37; 56; 25; 61; 75; 66; 5; 22
67,80,0.19982,0.8375,41; 67; 80; 59; 32; 60; 52; 80; 50; 17
38,82,0.26931,0.46341,11; 38; 82; 26; 82; 5; 5; 37; 57; 70
41,84,0.22589,0.4881,82; 41; 84; 65; 75; 55; 39; 33; 56; 18
55,70,0.22197,0.78571,5; 55; 70; 46; 32; 36; 73; 71; 43; 49
6,7,0.16257,0.85714,54; 6; 7; 9; 30; 72; 83; 15; 81; 33
8,27,0.27989,0.2963,25; 8; 27; 50; 66; 6; 35; 39; 26; 9
61,76,0.21454,0.80263,33; 61; 76; 54; 25; 45; 83; 59; 83; 58
19,78,0.24379,0.24359,73; 19; 78; 9; 7; 13; 11; 30; 81; 15
10,20,0.32308,0.5,48; 10; 20; 77; 22; 54; 14; 57; 43; 71
25,51,0.33182,0.4902,30; 25; 51; 27; 27; 72; 25; 17; 52; 43
42,49,0.30504,0.85714,59; 42; 49; 15; 77; 42; 24; 10; 26; 36
43,75,0.26384,0.57333,8; 43; 75; 17; 30; 81; 73; 14; 24; 41
68,85,0.1838,0.8,84; 68; 85; 12; 76; 59; 73; 5; 23; 41
18,74,0.23866,0.24324,63; 18; 74; 38; 60; 10; 44; 50; 25; 29
53,63,0.25492,0.84127,9; 53; 63; 67; 78; 38; 61; 76; 21; 15
40,81,0.24646,0.49383,55; 40; 81; 55; 62; 33; 5; 57; 54; 28
20,80,0.25021,0.25,34; 20; 80; 53; 60; 59; 32; 63; 35; 61
56,65,0.24609,0.86154,76; 56; 65; 13; 81; 61; 42; 68; 58; 64
33,42,0.32352,0.78571,19; 33; 42; 38; 31; 66; 29; 13; 52; 82
60,75,0.20376,0.8,9; 60; 75; 9; 69; 27; 25; 47; 69; 49
25,29,0.34218,0.86207,42; 25; 29; 10; 12; 79; 69; 20; 22; 60
25,68,0.30393,0.36765,75; 25; 68; 53; 53; 69; 35; 66; 31; 35
71,83,0.18337,0.85542,50; 71; 83; 85; 19; 74; 55; 11; 51; 28
11,39,0.27204,0.28205,12; 11; 39; 44; 66; 8; 75; 38; 42; 21
14,57,0.2471,0.24561,62; 14; 57; 77; 26; 53; 40; 60; 63; 31
18,57,0.29506,0.31579,28; 18; 57; 10; 30; 55; 56; 74; 44; 63
50,63,0.25551,0.79365,35; 50; 63; 69; 57; 74; 83; 77; 66; 10
24,72,0.29284,0.33333,56; 24; 72; 83; 69; 45; 32; 15; 56; 13
24,76,0.28305,0.31579,83; 24; 76; 22; 10; 40; 28; 35; 55; 84
7,20,0.29111,0.35,36; 7; 20; 85; 41; 16; 41; 63; 70; 18
15,51,0.28471,0.29412,47; 15; 51; 47; 32; 21; 26; 24; 45; 54
32,64,0.30481,0.5,68; 32; 64; 85; 58; 60; 34; 71; 63; 72
34,43,0.33006,0.7907,44; 34; 43; 83; 38; 40; 59; 52; 84; 40
10,42,0.23806,0.2381,6; 10; 42; 17; 24; 48; 76; 73; 60; 64
9,26,0.29999,0.34615,72; 9; 26; 69; 55; 15; 78; 76; 60; 12
25,71,0.28165,0.35211,47; 25; 71; 27; 17; 61; 56; 80; 57; 25
23,73,0.27422,0.31507,63; 23; 73; 7; 27; 15; 11; 51; 59; 84
49,62,0.26458,0.79032,38; 49; 62; 78; 12; 74; 59; 42; 72; 38
39,70,0.2808,0.55714,21; 39; 70; 37; 32; 70; 16; 70; 57; 59
55,67,0.24529,0.8209,84; 55; 67; 10; 57; 36; 34; 39; 21; 10
39,70,0.27231,0.55714,71; 39; 70; 80; 62; 39; 15; 44; 57; 45
7,25,0.26908,0.28,28; 7; 25; 63; 67; 43; 41; 18; 43; 29
21,65,0.30021,0.32308,58; 21; 65; 72; 79; 80; 54; 82; 9; 14
44,77,0.24052,0.57143,24; 44; 77; 32; 57; 37; 7; 39; 18; 76
27,78,0.27616,0.34615,19; 27; 78; 9; 55; 80; 71; 77; 26; 46
16,32,0.33604,0.5,68; 16; 32; 29; 52; 45; 72; 15; 38; 38
31,36,0.3396,0.86111,71; 31; 36; 9; 59; 12; 19; 49; 69; 79
13,39,0.30147,0.33333,72; 13; 39; 32; 80; 56; 59; 75; 43; 45
18,75,0.23642,0.24,49; 18; 75; 75; 35; 54; 67; 73; 78; 81
30,81,0.27095,0.37037,13; 30; 81; 47; 53; 27; 56; 5; 30; 33
25,51,0.32869,0.4902,41; 25; 51; 51; 14; 62; 45; 52; 5; 14
17,30,0.34006,0.56667,78; 17; 30; 45; 65; 11; 31; 75; 44; 31
10,42,0.23748,0.2381,18; 10; 42; 21; 10; 33; 52; 5; 18; 27
35,63,0.29997,0.55556,5; 35; 63; 68; 37; 73; 67; 49; 29; 67
21,76,0.27285,0.27632,56; 21; 76; 55; 5; 84; 82; 66; 59; 56
71,85,0.19445,0.83529,8; 71; 85; 16; 9; 6; 22; 58; 67; 42
7,24,0.27511,0.29167,7; 7; 24; 25; 33; 74; 33; 67; 50; 74
46,56,0.28409,0.82143,65; 46; 56; 5; 48; 26; 16; 55; 19; 85
49,57,0.2721,0.85965,6; 49; 57; 69; 83; 40; 29; 20; 68; 78
35,72,0.27511,0.48611,34; 35; 72; 13; 63; 8; 32; 81; 63; 49
16,20,0.33762,0.8,45; 16; 20; 6; 59; 62; 80; 84; 59; 21
71,83,0.17862,0.85542,21; 71; 83; 73; 68; 26; 59; 47; 7; 26
27,77,0.26298,0.35065,68; 27; 77; 7; 55; 70; 43; 61; 59; 23
41,51,0.26812,0.80392,14; 41; 51; 33; 10; 63; 73; 82; 11; 79
36,44,0.32086,0.81818,26; 36; 44; 28; 69; 41; 63; 60; 9; 66
39,70,0.28381,0.55714,29; 39; 70; 15; 71; 80; 69; 24; 16; 34
42,75,0.26464,0.56,10; 42; 75; 83; 13; 23; 70; 62; 5; 82
17,69,0.24246,0.24638,16; 17; 69; 75; 29; 7; 74; 5; 25; 57
27,84,0.26266,0.32143,55; 27; 84; 14; 16; 7; 48; 58; 26; 13
29,78,0.26689,0.37179,8; 29; 78; 11; 41; 43; 33; 32; 41; 68
17,34,0.33393,0.5,62; 17; 34; 38; 15; 47; 64; 66; 5; 65
17,46,0.31601,0.36957,41; 17; 46; 64; 73; 41; 12; 37; 44; 21
61,76,0.21374,0.80263,10; 61; 76; 74; 9; 27; 12; 54; 6; 56
19,65,0.2847,0.29231,18; 19; 65; 62; 85; 58; 77; 10; 54; 29
12,26,0.32146,0.46154,61; 12; 26; 17; 82; 71; 61; 31; 36; 68
32,70,0.27569,0.45714,36; 32; 70; 10; 61; 54; 34; 14; 7; 11
56,65,0.23199,0.86154,81; 56; 65; 68; 24; 23; 7; 42; 83; 66
21,60,0.31027,0.35,41; 21; 60; 75; 31; 10; 14; 16; 82; 17
65,81,0.19518,0.80247,60; 65; 81; 39; 82; 43; 52; 73; 51; 29
26,56,0.32145,0.46429,8; 26; 56; 10; 82; 43; 44; 84; 46; 85
21,69,0.28943,0.30435,51; 21; 69; 39; 13; 81; 8; 63; 76; 29
43,54,0.29275,0.7963,10; 43; 54; 9; 25; 80; 20; 73; 55; 29
38,76,0.26966,0.5,65; 38; 76; 40; 84; 25; 39; 79; 30; 29
24,81,0.26633,0.2963,40; 24; 81; 67; 42; 37; 73; 37; 61; 12
67,80,0.19636,0.8375,80; 67; 80; 43; 68; 51; 81; 27; 65; 43
56,67,0.2232,0.83582,50; 56; 67; 39; 59; 64; 80; 27; 14; 76
14,17,0.32879,0.82353,32; 14; 17; 13; 73; 22; 12; 50; 26; 66
5,10,0.20423,0.5,46; 5; 10; 76; 30; 26; 6; 15; 27; 7
59,69,0.22197,0.85507,48; 59; 69; 13; 15; 83; 45; 35; 67; 65
20,85,0.23624,0.23529,58; 20; 85; 18; 72; 9; 16; 19; 56; 71
41,83,0.25293,0.49398,15; 41; 83; 48; 10; 64; 22; 73; 55; 10
57,66,0.21101,0.86364,62; 57; 66; 13; 73; 63; 57; 54; 5; 73
19,54,0.31322,0.35185,14; 19; 54; 79; 75; 37; 35; 9; 5; 20
11,30,0.30852,0.36667,23; 11; 30; 78; 36; 29; 23; 58; 66; 16
36,74,0.25582,0.48649,55; 36; 74; 13; 17; 15; 66; 69; 31; 18
10,20,0.31732,0.5,57; 10; 20; 67; 17; 47; 44; 48; 75; 42
19,66,0.27752,0.28788,59; 19; 66; 18; 24; 31; 15; 37; 10; 65
32,38,0.33559,0.84211,79; 32; 38; 13; 84; 7; 5; 72; 74; 15
18,64,0.27518,0.28125,37; 18; 64; 61; 57; 82; 10; 62; 62; 26
16,28,0.33831,0.57143,77; 16; 28; 34; 30; 56; 56; 7; 69; 58
26,57,0.32453,0.45614,8; 26; 57; 36; 55; 48; 81; 83; 15; 20
32,69,0.28671,0.46377,11; 32; 69; 41; 15; 19; 56; 15; 65; 26
15,19,0.33703,0.78947,12; 15; 19; 13; 72; 54; 34; 54; 50; 27
69,84,0.19971,0.82143,9; 69; 84; 26; 25; 17; 44; 56; 84; 53
26,80,0.27762,0.325,66; 26; 80; 75; 17; 73; 71; 47; 50; 59
18,74,0.24553,0.24324,62; 18; 74; 29; 60; 40; 67; 60; 31; 56
48,60,0.26446,0.8,5; 48; 60; 26; 81; 44; 16; 70; 18; 18
16,55,0.28294,0.29091,40; 16; 55; 27; 46; 7; 68; 47; 66; 52
32,38,0.33016,0.84211,52; 32; 38; 6; 7; 30; 84; 62; 20; 15
27,77,0.27837,0.35065,43; 27; 77; 28; 50; 77; 46; 81; 53; 18
6,7,0.17228,0.85714,79; 6; 7; 46; 28; 49; 56; 79; 17; 36
21,37,0.34342,0.56757,83; 21; 37; 61; 29; 35; 27; 41; 59; 50
15,53,0.27471,0.28302,14; 15; 53; 25; 36; 17; 11; 48; 60; 16
20,68,0.28141,0.29412,55; 20; 68; 57; 62; 32; 58; 77; 6; 44
66,83,0.19419,0.79518,33; 66; 83; 30; 66; 32; 42; 27; 25; 42
43,77,0.24312,0.55844,45; 43; 77; 83; 66; 50; 76; 10; 10; 85
22,78,0.27035,0.28205,14; 22; 78; 77; 13; 68; 59; 5; 59; 20
33,41,0.33604,0.80488,62; 33; 41; 45; 78; 34; 33; 34; 45; 40
47,84,0.2248,0.55952,30; 47; 84; 72; 66; 7; 65; 37; 13; 82
42,74,0.22492,0.56757,64; 42; 74; 84; 40; 17; 5; 8; 62; 42
14,17,0.32124,0.82353,54; 14; 17; 79; 14; 30; 29; 5; 10; 62
11,45,0.24569,0.24444,69; 11; 45; 57; 60; 72; 10; 25; 62; 12
7,20,0.30056,0.35,80; 7; 20; 31; 9; 42; 25; 32; 29; 42
14,59,0.23636,0.23729,53; 14; 59; 18; 34; 71; 14; 9; 60; 57
26,53,0.32513,0.49057,22; 26; 53; 63; 84; 46; 63; 10; 79; 15
21,64,0.29825,0.32812,25; 21; 64; 32; 47; 18; 15; 46; 8; 60
5,15,0.23711,0.33333,82; 5; 15; 65; 61; 47; 33; 48; 22; 68
41,49,0.29406,0.83673,16; 41; 49; 71; 9; 64; 50; 25; 36; 50
38,67,0.28578,0.56716,5; 38; 67; 85; 53; 68; 29; 27; 64; 59
53,63,0.24586,0.84127,39; 53; 63; 22; 47; 62; 6; 83; 32; 78
35,71,0.2787,0.49296,81; 35; 71; 67; 84; 66; 14; 22; 49; 47
28,50,0.33028,0.56,39; 28; 50; 76; 30; 72; 84; 84; 26; 38
12,26,0.32954,0.46154,23; 12; 26; 58; 59; 76; 49; 7; 47; 15
24,79,0.27596,0.3038,53; 24; 79; 36; 25; 67; 12; 24; 33; 10
51,59,0.25468,0.86441,38; 51; 59; 74; 66; 28; 65; 13; 12; 84
22,62,0.31491,0.35484,5; 22; 62; 35; 68; 54; 61; 71; 35; 46
13,47,0.27123,0.2766,8; 13; 47; 59; 63; 79; 32; 21; 15; 18
42,75,0.26431,0.56,68; 42; 75; 81; 62; 76; 49; 48; 7; 12
12,36,0.29313,0.33333,19; 12; 36; 66; 41; 77; 81; 81; 65; 65
20,80,0.25147,0.25,27; 20; 80; 51; 55; 63; 23; 54; 42; 48
69,82,0.1951,0.84146,63; 69; 82; 11; 18; 82; 45; 5; 23; 69
47,84,0.21927,0.55952,6; 47; 84; 7; 65; 38; 80; 41; 14; 51
18,57,0.29828,0.31579,72; 18; 57; 55; 57; 69; 61; 80; 52; 36
13,23,0.3312,0.56522,76; 13; 23; 53; 7; 80; 36; 14; 17; 75
13,43,0.28645,0.30233,12; 13; 43; 65; 83; 16; 66; 41; 31; 63
35,72,0.26306,0.48611,5; 35; 72; 85; 8; 45; 33; 22; 15; 84
46,82,0.25469,0.56098,8; 46; 82; 38; 33; 80; 68; 40; 57; 77
23,81,0.26957,0.28395,38; 23; 81; 72; 52; 47; 41; 49; 78; 53
12,41,0.27885,0.29268,59; 12; 41; 23; 5; 22; 73; 50; 32; 35
13,23,0.3352,0.56522,41; 13; 23; 83; 63; 31; 19; 61; 50; 32
27,55,0.32513,0.49091,56; 27; 55; 31; 76; 14; 34; 13; 13; 21
30,53,0.32266,0.56604,44; 30; 53; 47; 21; 17; 19; 43; 32; 79
45,80,0.23579,0.5625,31; 45; 80; 63; 33; 7; 44; 27; 65; 83
24,43,0.34033,0.55814,56; 24; 43; 9; 47; 13; 20; 57; 49; 48
12,14,0.30538,0.85714,38; 12; 14; 50; 53; 45; 15; 53; 18; 44
24,82,0.25798,0.29268,76; 24; 82; 85; 64; 26; 82; 14; 85; 32
10,36,0.26776,0.27778,76; 10; 36; 65; 83; 84; 10; 77; 52; 77
8,34,0.23491,0.23529,6; 8; 34; 55; 28; 11; 85; 70; 57; 67
36,63,0.30142,0.57143,81; 36; 63; 14; 9; 45; 70; 61; 38; 45
40,71,0.28013,0.56338,69; 40; 71; 71; 30; 43; 66; 49; 41; 63
33,66,0.28863,0.5,28; 33; 66; 6; 27; 49; 73; 5; 49; 21
46,58,0.2852,0.7931,73; 46; 58; 34; 46; 69; 37; 12; 67; 46
18,61,0.28261,0.29508,28; 18; 61; 19; 53; 23; 16; 67; 54; 69
13,46,0.27562,0.28261,26; 13; 46; 24; 55; 78; 20; 5; 22; 42
8,25,0.29105,0.32,24; 8; 25; 43; 29; 42; 26; 79; 45; 61
32,70,0.29635,0.45714,48; 32; 70; 52; 11; 54; 81; 84; 18; 59
5,18,0.25987,0.27778,20; 5; 18; 84; 18; 9; 79; 50; 81; 80
18,49,0.31639,0.36735,77; 18; 49; 84; 37; 16; 77; 74; 45; 31
34,69,0.28831,0.49275,65; 34; 69; 65; 28; 66; 69; 77; 46; 12
7,14,0.28021,0.5,63; 7; 14; 48; 85; 17; 73; 66; 48; 39
20,40,0.342,0.5,19; 20; 40; 72; 85; 22; 42; 31; 46; 22
56,67,0.23077,0.83582,31; 56; 67; 51; 25; 81; 58; 83; 37; 6
22,69,0.30065,0.31884,58; 22; 69; 69; 36; 69; 79; 11; 30; 73
16,35,0.32691,0.45714,10; 16; 35; 67; 19; 60; 58; 63; 63; 20
58,69,0.23249,0.84058,44; 58; 69; 74; 59; 67; 83; 33; 68; 55
33,72,0.29658,0.45833,35; 33; 72; 21; 31; 9; 83; 47; 53; 75
42,51,0.27335,0.82353,25; 42; 51; 35; 52; 71; 50; 50; 58; 19
21,46,0.33581,0.45652,10; 21; 46; 17; 47; 32; 35; 65; 84; 34
13,40,0.29637,0.325,70; 13; 40; 79; 27; 50; 76; 85; 34; 17
71,85,0.18719,0.83529,34; 71; 85; 47; 83; 72; 75; 9; 40; 10
64,76,0.2096,0.84211,82; 64; 76; 85; 81; 33; 19; 82; 67; 58
50,61,0.25861,0.81967,73; 50; 61; 20; 26; 75; 66; 78; 70; 62
42,49,0.3061,0.85714,67; 42; 49; 74; 63; 27; 12; 13; 12; 29
43,51,0.30417,0.84314,80; 43; 51; 38; 71; 19; 57; 85; 47; 33
12,36,0.29788,0.33333,15; 12; 36; 19; 48; 84; 22; 52; 49; 8
19,78,0.24067,0.24359,77; 19; 78; 16; 24; 73; 15; 63; 22; 50
25,45,0.33663,0.55556,28; 25; 45; 60; 26; 53; 68; 38; 58; 30
68,79,0.19605,0.86076,51; 68; 79; 47; 6; 16; 82; 77; 78; 20
23,76,0.27967,0.30263,37; 23; 76; 6; 51; 72; 63; 57; 27; 79
12,24,0.3329,0.5,53; 12; 24; 41; 58; 14; 36; 19; 31; 69
17,60,0.27577,0.28333,5; 17; 60; 36; 13; 29; 17; 83; 48; 82
12,42,0.2744,0.28571,81; 12; 42; 32; 30; 17; 57; 13; 11; 47
21,76,0.26831,0.27632,37; 21; 76; 28; 14; 25; 70; 37; 69; 12
20,81,0.24875,0.24691,66; 20; 81; 73; 17; 26; 26; 53; 38; 29
33,72,0.29197,0.45833,62; 33; 72; 79; 51; 77; 9; 83; 55; 9
45,80,0.20195,0.5625,12; 45; 80; 80; 59; 12; 18; 40; 62; 34
13,45,0.27723,0.28889,63; 13; 45; 33; 52; 6; 41; 20; 50; 38
28,75,0.28412,0.37333,16; 28; 75; 43; 38; 29; 71; 67; 60; 78
11,45,0.23947,0.24444,42; 11; 45; 67; 29; 18; 8; 68; 26; 72
13,46,0.27725,0.28261,34; 13; 46; 76; 15; 85; 31; 84; 62; 79
44,51,0.29768,0.86275,21; 44; 51; 53; 8; 58; 57; 80; 40; 26
46,82,0.23118,0.56098,51; 46; 82; 63; 17; 36; 44; 65; 38; 47
16,68,0.23509,0.23529,67; 16; 68; 51; 12; 8; 41; 74; 28; 58
13,44,0.28079,0.29545,19; 13; 44; 30; 54; 20; 19; 27; 63; 12
36,64,0.29506,0.5625,80; 36; 64; 77; 23; 44; 43; 46; 79; 53
54,68,0.21075,0.79412,69; 54; 68; 7; 85; 24; 53; 10; 25; 85
67,80,0.18692,0.8375,9; 67; 80; 6; 29; 43; 32; 44; 62; 68
29,82,0.26382,0.35366,76; 29; 82; 73; 61; 24; 75; 26; 65; 60
41,51,0.29724,0.80392,75; 41; 51; 31; 13; 80; 78; 85; 80; 72
25,44,0.33793,0.56818,30; 25; 44; 71; 43; 65; 15; 40; 17; 58
8,33,0.24071,0.24242,73; 8; 33; 51; 50; 18; 10; 13; 65; 17
24,69,0.29719,0.34783,47; 24; 69; 65; 70; 46; 67; 84; 10; 39
27,84,0.25096,0.32143,85; 27; 84; 48; 71; 33; 26; 47; 60; 48
20,70,0.27688,0.28571,14; 20; 70; 49; 39; 67; 8; 50; 16; 57
61,73,0.2147,0.83562,48; 61; 73; 57; 47; 44; 29; 11; 70; 22
18,64,0.27304,0.28125,16; 18; 64; 85; 56; 84; 59; 17; 18; 58
49,61,0.26473,0.80328,85; 49; 61; 50; 64; 39; 30; 17; 75; 12
57,72,0.23262,0.79167,81; 57; 72; 64; 8; 51; 14; 46; 70; 84
10,42,0.23554,0.2381,28; 10; 42; 33; 13; 43; 46; 48; 41; 78
11,31,0.30027,0.35484,81; 11; 31; 84; 28; 27; 79; 57; 29; 58
15,62,0.24219,0.24194,63; 15; 62; 32; 42; 5; 56; 83; 67; 57
41,50,0.3062,0.82,11; 41; 50; 10; 71; 13; 32; 62; 43; 21
42,51,0.30044,0.82353,53; 42; 51; 42; 32; 47; 29; 37; 12; 21
43,50,0.29565,0.86,10; 43; 50; 65; 34; 57; 73; 30; 66; 61
52,65,0.24074,0.8,59; 52; 65; 75; 52; 57; 11; 28; 25; 85
24,81,0.27309,0.2963,30; 24; 81; 59; 66; 28; 47; 75; 12; 50
49,61,0.26487,0.80328,76; 49; 61; 5; 76; 52; 54; 57; 45; 18
42,74,0.25134,0.56757,68; 42; 74; 67; 25; 7; 14; 39; 29; 14
27,85,0.25965,0.31765,79; 27; 85; 80; 18; 18; 73; 41; 70; 31
16,54,0.28535,0.2963,64; 16; 54; 52; 79; 34; 21; 14; 37; 83
25,29,0.34424,0.86207,17; 25; 29; 54; 71; 60; 72; 38; 26; 8
14,58,0.23903,0.24138,69; 14; 58; 43; 66; 67; 56; 73; 85; 32
27,59,0.32191,0.45763,23; 27; 59; 25; 42; 6; 21; 38; 43; 44
31,39,0.33447,0.79487,29; 31; 39; 78; 8; 37; 27; 38; 13; 19
24,76,0.2832,0.31579,40; 24; 76; 46; 53; 30; 85; 45; 84; 46
43,77,0.24765,0.55844,51; 43; 77; 37; 48; 44; 78; 24; 19; 61
25,84,0.25616,0.29762,78; 25; 84; 53; 55; 5; 85; 23; 28; 20
26,53,0.32971,0.49057,38; 26; 53; 41; 11; 81; 76; 68; 24; 74
38,67,0.2815,0.56716,8; 38; 67; 33; 71; 18; 28; 76; 22; 51
29,58,0.31808,0.5,74; 29; 58; 34; 80; 55; 24; 58; 39; 10
14,38,0.31286,0.36842,23; 14; 38; 18; 38; 18; 48; 21; 70; 20
26,71,0.29825,0.3662,29; 26; 71; 26; 27; 28; 82; 50; 37; 63
31,62,0.30776,0.5,20; 31; 62; 54; 18; 46; 14; 80; 50; 81
51,61,0.26096,0.83607,61; 51; 61; 58; 40; 17; 82; 27; 8; 5
17,61,0.27262,0.27869,77; 17; 61; 35; 57; 82; 13; 57; 22; 10
27,77,0.28265,0.35065,31; 27; 77; 72; 69; 74; 40; 48; 78; 46
43,77,0.24603,0.55844,68; 43; 77; 31; 55; 51; 7; 69; 58; 6
67,80,0.20194,0.8375,37; 67; 80; 42; 31; 35; 35; 45; 78; 26
31,36,0.33545,0.86111,54; 31; 36; 76; 28; 45; 41; 59; 29; 13
6,17,0.27646,0.35294,5; 6; 17; 35; 43; 16; 46; 83; 79; 83
21,76,0.26368,0.27632,51; 21; 76; 37; 19; 67; 21; 43; 68; 71
21,84,0.25072,0.25,73; 21; 84; 85; 21; 6; 9; 13; 73; 30
24,30,0.35062,0.8,33; 24; 30; 85; 57; 76; 76; 15; 40; 38
21,63,0.30258,0.33333,19; 21; 63; 8; 47; 42; 77; 15; 20; 62
10,40,0.2478,0.25,51; 10; 40; 43; 7; 43; 61; 23; 46; 50
43,75,0.21443,0.57333,36; 43; 75; 27; 33; 49; 26; 48; 9; 71
43,50,0.29483,0.86,80; 43; 50; 8; 76; 77; 51; 25; 21; 19
28,56,0.32382,0.5,25; 28; 56; 65; 84; 67; 23; 63; 69; 12
33,41,0.33036,0.80488,6; 33; 41; 14; 61; 55; 13; 60; 6; 25
28,56,0.32372,0.5,18; 28; 56; 47; 79; 77; 69; 80; 83; 48
16,56,0.27714,0.28571,48; 16; 56; 51; 50; 14; 82; 52; 16; 76
54,66,0.21529,0.81818,48; 54; 66; 17; 60; 57; 27; 58; 57; 37
35,61,0.30587,0.57377,32; 35; 61; 24; 65; 58; 78; 24; 22; 41
23,40,0.34242,0.575,50; 23; 40; 82; 41; 48; 59; 54; 64; 21
26,52,0.32644,0.5,57; 26; 52; 25; 42; 5; 50; 22; 43; 28
35,61,0.29741,0.57377,83; 35; 61; 60; 47; 68; 85; 63; 67; 55
63,75,0.22364,0.84,56; 63; 75; 37; 50; 9; 48; 39; 80; 32
18,36,0.33667,0.5,12; 18; 36; 35; 14; 37; 40; 20; 13; 74
51,59,0.26329,0.86441,59; 51; 59; 81; 31; 47; 74; 47; 62; 85
38,48,0.31809,0.79167,83; 38; 48; 8; 72; 61; 69; 47; 34; 28
59,72,0.21117,0.81944,47; 59; 72; 5; 48; 27; 22; 63; 75; 48
15,50,0.28858,0.3,24; 15; 50; 82; 45; 17; 15; 24; 45; 26
62,72,0.19774,0.86111,54; 62; 72; 42; 13; 21; 85; 26; 49; 20
41,52,0.29909,0.78846,15; 41; 52; 84; 77; 32; 53; 63; 78; 36
68,83,0.18035,0.81928,7; 68; 83; 16; 6; 51; 21; 30; 70; 9
56,67,0.23472,0.83582,9; 56; 67; 53; 27; 55; 76; 83; 79; 22
40,82,0.23328,0.4878,82; 40; 82; 66; 55; 50; 67; 50; 63; 58
53,65,0.24879,0.81538,83; 53; 65; 5; 71; 84; 10; 75; 53; 84
20,66,0.28978,0.30303,70; 20; 66; 39; 43; 60; 85; 5; 47; 81
19,41,0.33581,0.46341,18; 19; 41; 74; 29; 63; 56; 9; 63; 77
46,81,0.22267,0.5679,57; 46; 81; 40; 24; 32; 14; 70; 77; 71
28,79,0.27488,0.35443,15; 28; 79; 62; 49; 5; 73; 75; 46; 25
36,64,0.29342,0.5625,6; 36; 64; 84; 76; 7; 70; 78; 34; 20
13,46,0.27517,0.28261,75; 13; 46; 51; 50; 38; 82; 72; 48; 71
65,81,0.2035,0.80247,13; 65; 81; 52; 20; 60; 62; 61; 14; 7
63,80,0.20418,0.7875,60; 63; 80; 76; 26; 76; 83; 68; 25; 41
56,67,0.24054,0.83582,84; 56; 67; 39; 22; 18; 34; 8; 52; 36
30,61,0.31645,0.4918,53; 30; 61; 71; 35; 68; 38; 34; 23; 19
23,80,0.26887,0.2875,44; 23; 80; 30; 56; 20; 12; 36; 17; 47
32,39,0.33138,0.82051,34; 32; 39; 20; 77; 75; 65; 38; 26; 33
45,55,0.27862,0.81818,31; 45; 55; 47; 5; 22; 26; 29; 25; 48
35,61,0.3013,0.57377,48; 35; 61; 22; 17; 23; 80; 81; 60; 8
57,66,0.22822,0.86364,73; 57; 66; 19; 49; 60; 5; 22; 24; 25
6,19,0.28444,0.31579,5; 6; 19; 24; 15; 64; 79; 33; 76; 40
8,27,0.27491,0.2963,58; 8; 27; 60; 19; 21; 63; 10; 64; 38
16,68,0.23495,0.23529,33; 16; 68; 24; 51; 7; 50; 15; 29; 26
21,83,0.24901,0.25301,23; 21; 83; 5; 8; 79; 65; 15; 11; 60
23,46,0.34251,0.5,80; 23; 46; 55; 65; 78; 11; 23; 17; 59
37,46,0.31824,0.80435,63; 37; 46; 65; 52; 64; 82; 25; 29; 61
22,45,0.33635,0.48889,85; 22; 45; 58; 52; 38; 55; 62; 79; 32
25,82,0.2617,0.30488,57; 25; 82; 62; 49; 42; 6; 40; 52; 83
15,30,0.33381,0.5,31; 15; 30; 42; 27; 72; 69; 68; 26; 27
23,63,0.31166,0.36508,45; 23; 63; 7; 74; 14; 70; 65; 79; 26
34,69,0.28321,0.49275,37; 34; 69; 26; 18; 15; 6; 66; 69; 65
56,68,0.23093,0.82353,83; 56; 68; 55; 10; 13; 46; 7; 82; 69
23,63,0.31261,0.36508,36; 23; 63; 81; 29; 68; 24; 13; 17; 72
31,84,0.27127,0.36905,52; 31; 84; 32; 70; 37; 59; 15; 30; 82
19,52,0.3179,0.36538,35; 19; 52; 62; 77; 10; 31; 40; 46; 31
8,23,0.29967,0.34783,81; 8; 23; 6; 10; 46; 70; 67; 58; 68
34,74,0.2835,0.45946,40; 34; 74; 11; 25; 62; 52; 84; 12; 37
63,80,0.21446,0.7875,53; 63; 80; 73; 29; 65; 24; 84; 9; 70
36,43,0.32826,0.83721,60; 36; 43; 21; 9; 19; 12; 66; 56; 67
8,32,0.24732,0.25,58; 8; 32; 68; 30; 67; 55; 53; 64; 57
53,66,0.21648,0.80303,85; 53; 66; 62; 25; 68; 7; 35; 37; 8
20,81,0.24958,0.24691,73; 20; 81; 35; 55; 43; 18; 44; 13; 38
27,47,0.33012,0.57447,43; 27; 47; 27; 13; 57; 22; 78; 45; 24
19,24,0.34079,0.79167,85; 19; 24; 48; 68; 37; 52; 31; 40; 71
53,66,0.24648,0.80303,65; 53; 66; 29; 51; 26; 64; 62; 74; 82
58,71,0.20985,0.8169,26; 58; 71; 78; 66; 11; 7; 27; 15; 11
15,61,0.24273,0.2459,39; 15; 61; 66; 81; 40; 82; 18; 71; 65
61,76,0.21361,0.80263,71; 61; 76; 6; 61; 56; 12; 67; 60; 28
19,60,0.29442,0.31667,68; 19; 60; 66; 9; 40; 40; 45; 32; 85
45,81,0.21177,0.55556,72; 45; 81; 8; 58; 31; 61; 74; 83; 84
67,78,0.20512,0.85897,51; 67; 78; 76; 33; 42; 75; 21; 12; 43
27,47,0.33721,0.57447,20; 27; 47; 30; 69; 27; 22; 18; 65; 23
59,70,0.22809,0.84286,41; 59; 70; 8; 85; 82; 65; 28; 85; 61
36,78,0.2476,0.46154,36; 36; 78; 37; 60; 53; 78; 67; 25; 65
5,17,0.26429,0.29412,73; 5; 17; 85; 6; 48; 80; 85; 78; 8
48,85,0.21562,0.56471,37; 48; 85; 24; 64; 64; 75; 7; 62; 12
24,75,0.28449,0.32,6; 24; 75; 37; 46; 21; 63; 36; 60; 64
23,29,0.35128,0.7931,42; 23; 29; 19; 52; 39; 81; 13; 34; 16
55,64,0.24165,0.85938,66; 55; 64; 58; 81; 9; 42; 20; 63; 29
8,23,0.29398,0.34783,10; 8; 23; 39; 23; 25; 7; 77; 83; 80
66,82,0.20513,0.80488,65; 66; 82; 25; 7; 54; 21; 27; 43; 50
17,49,0.31028,0.34694,25; 17; 49; 34; 45; 61; 78; 28; 77; 38
35,70,0.2769,0.5,49; 35; 70; 59; 57; 66; 5; 32; 80; 6
46,55,0.28366,0.83636,84; 46; 55; 82; 62; 52; 14; 70; 51; 76
10,36,0.26918,0.27778,21; 10; 36; 85; 68; 6; 62; 9; 77; 19
18,64,0.2742,0.28125,60; 18; 64; 61; 61; 54; 67; 56; 27; 46
6,7,0.18354,0.85714,26; 6; 7; 30; 37; 6; 47; 78; 35; 16
14,56,0.24763,0.25,17; 14; 56; 14; 37; 49; 39; 40; 62; 75
18,64,0.27548,0.28125,24; 18; 64; 68; 65; 15; 26; 28; 65; 85
38,67,0.28217,0.56716,77; 38; 67; 20; 8; 84; 69; 25; 34; 79
24,68,0.30119,0.35294,61; 24; 68; 67; 55; 79; 58; 37; 44; 21
27,73,0.29686,0.36986,61; 27; 73; 65; 34; 16; 27; 47; 25; 42
40,80,0.25029,0.5,28; 40; 80; 28; 85; 83; 27; 26; 76; 63
67,82,0.19977,0.81707,47; 67; 82; 17; 83; 69; 16; 71; 85; 25
27,84,0.26393,0.32143,13; 27; 84; 21; 37; 7; 22; 55; 17; 14
12,37,0.29548,0.32432,71; 12; 37; 76; 27; 18; 66; 39; 37; 77
64,78,0.21283,0.82051,27; 64; 78; 68; 29; 17; 77; 70; 52; 24
10,34,0.27234,0.29412,72; 10; 34; 27; 31; 39; 50; 49; 42; 64
37,46,0.31932,0.80435,7; 37; 46; 17; 82; 10; 67; 72; 38; 46
16,57,0.27519,0.2807,45; 16; 57; 81; 60; 68; 23; 9; 68; 41
41,84,0.23482,0.4881,24; 41; 84; 50; 5; 7; 48; 23; 46; 34
61,71,0.22023,0.85915,67; 61; 71; 60; 73; 68; 6; 52; 5; 28
48,56,0.27851,0.85714,56; 48; 56; 34; 80; 19; 45; 18; 55; 41
11,37,0.28306,0.2973,65; 11; 37; 25; 26; 56; 69; 15; 5; 44
15,47,0.29846,0.31915,67; 15; 47; 73; 24; 36; 81; 73; 71; 40
37,43,0.30543,0.86047,42; 37; 43; 71; 28; 15; 83; 75; 66; 77
25,82,0.26499,0.30488,12; 25; 82; 37; 40; 45; 74; 68; 47; 38
22,66,0.30528,0.33333,52; 22; 66; 12; 18; 68; 25; 7; 48; 44
20,69,0.2718,0.28986,31; 20; 69; 22; 85; 26; 77; 5; 26; 59
59,70,0.21429,0.84286,71; 59; 70; 54; 60; 17; 63; 74; 67; 30
15,62,0.24233,0.24194,53; 15; 62; 36; 37; 67; 42; 84; 28; 54
21,84,0.24874,0.25,61; 21; 84; 40; 40; 13; 61; 55; 10; 59
8,33,0.23856,0.24242,31; 8; 33; 11; 55; 53; 10; 29; 40; 79
12,49,0.24504,0.2449,52; 12; 49; 19; 63; 54; 80; 51; 44; 33
31,39,0.32962,0.79487,24; 31; 39; 53; 51; 74; 47; 47; 54; 29
6,20,0.27208,0.3,25; 6; 20; 39; 52; 36; 16; 36; 23; 59
19,79,0.24052,0.24051,34; 19; 79; 55; 77; 27; 33; 10; 31; 76
35,44,0.31649,0.79545,54; 35; 44; 77; 83; 83; 43; 44; 45; 69
33,66,0.29014,0.5,30; 33; 66; 85; 34; 32; 30; 17; 62; 40
62,78,0.21263,0.79487,38; 62; 78; 84; 10; 81; 30; 41; 10; 70
12,26,0.32154,0.46154,37; 12; 26; 37; 23; 67; 74; 54; 51; 20
15,59,0.25047,0.25424,9; 15; 59; 74; 45; 44; 35; 72; 48; 71
30,53,0.33042,0.56604,46; 30; 53; 35; 40; 74; 26; 46; 8; 65
19,22,0.34437,0.86364,70; 19; 22; 80; 63; 72; 53; 8; 73; 7
16,68,0.23389,0.23529,6; 16; 68; 36; 54; 48; 58; 47; 20; 60
19,52,0.31534,0.36538,58; 19; 52; 80; 70; 75; 67; 34; 6; 15
40,81,0.25421,0.49383,19; 40; 81; 54; 81; 62; 12; 31; 41; 55
66,82,0.2058,0.80488,56; 66; 82; 22; 19; 81; 6; 54; 37; 28
17,71,0.23418,0.23944,63; 17; 71; 84; 28; 26; 75; 41; 20; 64
16,57,0.27413,0.2807,82; 16; 57; 83; 27; 23; 39; 40; 42; 15
18,64,0.27353,0.28125,58; 18; 64; 9; 42; 30; 51; 25; 23; 42
7,28,0.24711,0.25,6; 7; 28; 37; 82; 42; 35; 63; 50; 15
38,78,0.26914,0.48718,33; 38; 78; 38; 40; 6; 42; 55; 82; 84
37,66,0.2888,0.56061,6; 37; 66; 75; 73; 83; 37; 53; 25; 16
22,78,0.27662,0.28205,9; 22; 78; 55; 43; 37; 26; 13; 24; 62
19,34,0.33872,0.55882,50; 19; 34; 56; 12; 41; 56; 70; 61; 41
28,81,0.26825,0.34568,9; 28; 81; 81; 68; 32; 43; 47; 17; 61
27,73,0.2878,0.36986,5; 27; 73; 81; 13; 17; 53; 50; 65; 18
31,83,0.22927,0.37349,77; 31; 83; 59; 18; 61; 23; 80; 22; 67
62,74,0.2175,0.83784,25; 62; 74; 45; 60; 43; 51; 40; 42; 47
12,49,0.23987,0.2449,25; 12; 49; 5; 70; 75; 26; 24; 38; 63
37,74,0.2648,0.5,84; 37; 74; 56; 22; 69; 23; 17; 24; 31
16,28,0.33782,0.57143,80; 16; 28; 5; 52; 84; 39; 76; 33; 29
21,60,0.31254,0.35,55; 21; 60; 64; 18; 31; 63; 83; 13; 66
19,41,0.33403,0.46341,66; 19; 41; 77; 46; 53; 35; 71; 56; 20
27,81,0.26582,0.33333,41; 27; 81; 42; 28; 73; 66; 65; 36; 82
24,68,0.29957,0.35294,28; 24; 68; 51; 33; 18; 70; 36; 63; 42
43,54,0.29241,0.7963,11; 43; 54; 8; 80; 26; 85; 49; 50; 68
11,37,0.27823,0.2973,29; 11; 37; 58; 42; 59; 61; 84; 40; 8
18,72,0.24536,0.25,58; 18; 72; 24; 67; 53; 69; 10; 28; 39
34,43,0.32212,0.7907,7; 34; 43; 53; 38; 19; 72; 55; 69; 68
34,68,0.30243,0.5,49; 34; 68; 81; 72; 33; 72; 34; 37; 47
28,35,0.34206,0.8,74; 28; 35; 19; 21; 29; 19; 83; 61; 25
16,58,0.27212,0.27586,6; 16; 58; 72; 5; 44; 18; 14; 24; 82
40,50,0.3014,0.8,74; 40; 50; 28; 42; 34; 21; 67; 34; 37
38,76,0.27029,0.5,26; 38; 76; 84; 28; 68; 21; 26; 66; 58
28,49,0.3263,0.57143,82; 28; 49; 54; 71; 83; 74; 24; 65; 66
19,38,0.33356,0.5,21; 19; 38; 26; 9; 15; 24; 48; 77; 41
9,11,0.26387,0.81818,18; 9; 11; 5; 5; 9; 24; 55; 22; 55
25,75,0.28202,0.33333,12; 25; 75; 16; 42; 77; 5; 21; 46; 31
34,68,0.29239,0.5,78; 34; 68; 30; 60; 31; 56; 76; 36; 76
5,21,0.24108,0.2381,28; 5; 21; 24; 85; 23; 11; 60; 10; 26
25,72,0.29649,0.34722,81; 25; 72; 37; 69; 83; 62; 29; 9; 81
37,66,0.28193,0.56061,81; 37; 66; 26; 79; 70; 48; 10; 33; 42
25,51,0.32869,0.4902,39; 25; 51; 68; 79; 7; 22; 49; 64; 65
36,43,0.31484,0.83721,40; 36; 43; 68; 68; 77; 41; 52; 66; 13
39,79,0.24857,0.49367,16; 39; 79; 13; 39; 6; 61; 63; 14; 57
53,67,0.19649,0.79104,21; 53; 67; 25; 80; 23; 27; 42; 80; 59
29,58,0.31317,0.5,29; 29; 58; 6; 61; 51; 64; 24; 44; 12
16,50,0.29622,0.32,74; 16; 50; 12; 35; 31; 61; 48; 56; 49
32,40,0.32594,0.8,85; 32; 40; 36; 74; 41; 58; 53; 58; 84
56,65,0.24168,0.86154,27; 56; 65; 60; 74; 64; 72; 28; 62; 52
19,34,0.3404,0.55882,22; 19; 34; 62; 85; 73; 63; 21; 26; 23
17,72,0.23332,0.23611,81; 17; 72; 73; 5; 6; 46; 12; 85; 6
23,78,0.27535,0.29487,45; 23; 78; 75; 43; 84; 20; 45; 24; 78
25,79,0.27303,0.31646,20; 25; 79; 29; 68; 33; 37; 7; 25; 76
48,60,0.24921,0.8,25; 48; 60; 52; 58; 12; 68; 76; 83; 56
47,59,0.27277,0.79661,15; 47; 59; 54; 71; 10; 43; 9; 17; 30
37,45,0.31647,0.82222,30; 37; 45; 44; 23; 24; 74; 29; 64; 50
20,25,0.34561,0.8,37; 20; 25; 58; 33; 64; 15; 31; 18; 80
7,23,0.27918,0.30435,78; 7; 23; 59; 53; 73; 40; 18; 62; 13
20,62,0.29946,0.32258,37; 20; 62; 27; 51; 29; 13; 47; 23; 85
19,52,0.31379,0.36538,82; 19; 52; 80; 9; 72; 25; 77; 12; 9
38,48,0.31428,0.79167,60; 38; 48; 75; 28; 80; 9; 23; 50; 67
21,42,0.34021,0.5,33; 21; 42; 28; 68; 8; 81; 80; 79; 47
66,82,0.17632,0.80488,29; 66; 82; 11; 80; 45; 84; 58; 7; 44
52,66,0.24855,0.78788,70; 52; 66; 82; 47; 23; 80; 24; 54; 28
65,82,0.20309,0.79268,24; 65; 82; 21; 62; 36; 37; 70; 67; 75
6,25,0.23951,0.24,57; 6; 25; 33; 70; 14; 19; 54; 38; 78
12,43,0.27451,0.27907,5; 12; 43; 29; 62; 85; 12; 83; 50; 17
24,28,0.34623,0.85714,28; 24; 28; 10; 45; 66; 47; 70; 61; 69
50,61,0.27166,0.81967,71; 50; 61; 33; 18; 29; 35; 47; 78; 7
43,77,0.26167,0.55844,69; 43; 77; 21; 27; 80; 33; 63; 40; 17
65,77,0.19806,0.84416,32; 65; 77; 11; 39; 44; 11; 85; 85; 20
28,61,0.31232,0.45902,22; 28; 61; 65; 38; 8; 78; 75; 20; 47
59,72,0.23123,0.81944,53; 59; 72; 13; 84; 12; 24; 23; 58; 79
33,58,0.3177,0.56897,65; 33; 58; 64; 39; 36; 73; 81; 19; 32
52,66,0.23419,0.78788,6; 52; 66; 43; 85; 30; 71; 63; 80; 48
20,60,0.30306,0.33333,53; 20; 60; 72; 44; 9; 72; 37; 11; 45
6,18,0.27767,0.33333,82; 6; 18; 21; 30; 77; 78; 52; 58; 20
27,59,0.32178,0.45763,12; 27; 59; 14; 8; 41; 53; 44; 7; 29
15,30,0.33294,0.5,12; 15; 30; 13; 51; 80; 9; 46; 13; 39
39,68,0.27583,0.57353,28; 39; 68; 65; 65; 69; 50; 26; 20; 77
19,66,0.28102,0.28788,15; 19; 66; 29; 37; 46; 6; 77; 43; 13
33,71,0.29639,0.46479,70; 33; 71; 73; 33; 67; 43; 39; 21; 35
7,23,0.28349,0.30435,8; 7; 23; 77; 51; 19; 56; 25; 66; 19
13,54,0.23738,0.24074,63; 13; 54; 69; 35; 18; 46; 55; 53; 79
39,84,0.23638,0.46429,81; 39; 84; 31; 69; 71; 24; 6; 29; 37
55,64,0.25138,0.85938,31; 55; 64; 52; 58; 20; 54; 46; 62; 20
17,68,0.25168,0.25,78; 17; 68; 46; 10; 28; 79; 84; 16; 6
20,81,0.24916,0.24691,79; 20; 81; 81; 5; 32; 23; 55; 66; 81
21,66,0.29569,0.31818,40; 21; 66; 35; 72; 16; 22; 49; 11; 13
24,75,0.28135,0.32,40; 24; 75; 75; 75; 71; 82; 68; 13; 19
7,24,0.27446,0.29167,7; 7; 24; 22; 71; 62; 75; 67; 9; 51
25,84,0.2673,0.29762,11; 25; 84; 38; 22; 23; 74; 20; 13; 60
23,69,0.30074,0.33333,10; 23; 69; 47; 63; 60; 47; 39; 7; 31
42,50,0.30357,0.84,64; 42; 50; 13; 61; 29; 82; 51; 55; 31
14,50,0.27085,0.28,70; 14; 50; 16; 67; 66; 81; 29; 12; 27
19,80,0.24269,0.2375,12; 19; 80; 81; 37; 63; 18; 52; 24; 27
26,78,0.28521,0.33333,8; 26; 78; 39; 37; 16; 73; 60; 7; 24
15,47,0.29543,0.31915,10; 15; 47; 57; 58; 27; 11; 9; 62; 19
46,58,0.27786,0.7931,58; 46; 58; 59; 14; 20; 46; 32; 81; 47
16,55,0.2834,0.29091,17; 16; 55; 72; 66; 76; 18; 52; 50; 80
29,51,0.32886,0.56863,16; 29; 51; 7; 20; 23; 43; 48; 19; 26
46,55,0.26192,0.83636,31; 46; 55; 14; 8; 74; 27; 20; 71; 44
22,67,0.30137,0.32836,45; 22; 67; 33; 19; 84; 32; 43; 19; 22
23,41,0.34024,0.56098,52; 23; 41; 75; 36; 47; 31; 7; 61; 65
37,43,0.32244,0.86047,7; 37; 43; 79; 74; 52; 81; 36; 74; 10
13,53,0.24292,0.24528,51; 13; 53; 9; 18; 63; 85; 76; 75; 16
40,71,0.26345,0.56338,46; 40; 71; 20; 51; 70; 14; 12; 63; 14
43,76,0.26239,0.56579,26; 43; 76; 75; 17; 62; 18; 18; 15; 75
37,65,0.28155,0.56923,61; 37; 65; 26; 33; 16; 34; 49; 69; 68
11,46,0.23368,0.23913,5; 11; 46; 59; 24; 76; 19; 26; 66; 71
18,71,0.25434,0.25352,24; 18; 71; 43; 63; 83; 33; 8; 61; 7
17,46,0.31511,0.36957,47; 17; 46; 84; 64; 7; 61; 53; 32; 22
22,44,0.3393,0.5,72; 22; 44; 33; 15; 57; 51; 45; 51; 62
16,32,0.33468,0.5,43; 16; 32; 7; 30; 15; 60; 61; 64; 49
43,76,0.24901,0.56579,41; 43; 76; 55; 19; 58; 7; 30; 41; 64
54,64,0.23132,0.84375,13; 54; 64; 63; 35; 48; 13; 58; 20; 77
35,62,0.29627,0.56452,51; 35; 62; 12; 81; 66; 40; 66; 62; 29
5,9,0.1869,0.55556,85; 5; 9; 39; 33; 57; 18; 33; 18; 83
70,83,0.19292,0.84337,8; 70; 83; 53; 85; 84; 51; 37; 27; 25
41,84,0.23119,0.4881,40; 41; 84; 53; 57; 50; 8; 83; 80; 26
9,31,0.27879,0.29032,37; 9; 31; 30; 69; 13; 71; 16; 13; 56
23,81,0.27069,0.28395,73; 23; 81; 51; 61; 66; 82; 72; 28; 83
56,67,0.24209,0.83582,14; 56; 67; 14; 27; 72; 46; 66; 68; 63
35,71,0.29131,0.49296,62; 35; 71; 34; 36; 43; 71; 14; 40; 34
18,37,0.33448,0.48649,12; 18; 37; 37; 11; 23; 20; 64; 30; 59
39,79,0.25694,0.49367,13; 39; 79; 62; 69; 38; 11; 53; 76; 30
28,76,0.27863,0.36842,58; 28; 76; 72; 33; 42; 8; 35; 64; 85
63,73,0.22191,0.86301,31; 63; 73; 28; 36; 68; 78; 10; 27; 46
36,79,0.26319,0.4557,12; 36; 79; 39; 85; 61; 40; 8; 63; 29
21,25,0.34723,0.84,79; 21; 25; 63; 5; 80; 69; 38; 64; 69
30,65,0.30925,0.46154,54; 30; 65; 53; 45; 30; 18; 17; 30; 26
46,82,0.23248,0.56098,40; 46; 82; 13; 40; 67; 38; 26; 63; 49
16,49,0.3007,0.32653,15; 16; 49; 54; 66; 47; 17; 65; 59; 45
11,24,0.32053,0.45833,18; 11; 24; 70; 65; 84; 14; 5; 67; 58
11,40,0.26827,0.275,61; 11; 40; 22; 48; 41; 41; 37; 29; 19
16,66,0.24372,0.24242,16; 16; 66; 19; 62; 63; 83; 43; 40; 52
7,28,0.24823,0.25,70; 7; 28; 56; 85; 18; 75; 23; 10; 24
68,79,0.1932,0.86076,82; 68; 79; 45; 5; 57; 74; 64; 31; 28
17,34,0.33612,0.5,39; 17; 34; 66; 22; 22; 76; 66; 46; 35
21,74,0.27025,0.28378,44; 21; 74; 20; 82; 57; 52; 84; 41; 23
13,55,0.23225,0.23636,49; 13; 55; 15; 60; 32; 26; 56; 23; 59
36,45,0.32236,0.8,56; 36; 45; 78; 10; 83; 70; 49; 17; 29
37,81,0.26446,0.45679,65; 37; 81; 17; 8; 48; 13; 45; 54; 6
38,45,0.32121,0.84444,25; 38; 45; 68; 81; 71; 17; 66; 84; 48
5,10,0.1984,0.5,9; 5; 10; 60; 57; 63; 5; 48; 59; 61
39,78,0.25895,0.5,8; 39; 78; 77; 14; 41; 8; 16; 40; 30
53,63,0.24216,0.84127,15; 53; 63; 55; 79; 35; 54; 21; 53; 70
50,63,0.25243,0.79365,12; 50; 63; 40; 12; 58; 61; 21; 22; 62
7,24,0.27543,0.29167,31; 7; 24; 34; 20; 40; 22; 71; 33; 10
20,41,0.33767,0.4878,77; 20; 41; 24; 14; 49; 21; 82; 66; 34
23,63,0.30769,0.36508,58; 23; 63; 38; 35; 62; 82; 22; 51; 71
24,65,0.30634,0.36923,73; 24; 65; 20; 18; 64; 30; 54; 58; 37
45,79,0.23419,0.56962,23; 45; 79; 82; 10; 56; 13; 42; 67; 71
10,40,0.2486,0.25,74; 10; 40; 71; 8; 12; 14; 58; 62; 43
21,74,0.27572,0.28378,21; 21; 74; 79; 60; 30; 38; 45; 29; 25
22,48,0.33972,0.45833,65; 22; 48; 14; 46; 6; 44; 8; 71; 76
27,81,0.27755,0.33333,41; 27; 81; 7; 52; 20; 53; 41; 56; 28
38,67,0.28622,0.56716,19; 38; 67; 65; 32; 36; 47; 59; 28; 49
23,83,0.26217,0.27711,41; 23; 83; 84; 6; 42; 69; 53; 80; 36
41,51,0.29821,0.80392,47; 41; 51; 73; 6; 66; 42; 64; 51; 82
18,76,0.23713,0.23684,85; 18; 76; 70; 63; 23; 85; 43; 53; 25
23,47,0.33335,0.48936,42; 23; 47; 18; 61; 30; 44; 26; 80; 77
37,81,0.2292,0.45679,62; 37; 81; 82; 12; 5; 20; 12; 83; 69
39,85,0.23355,0.45882,31; 39; 85; 63; 70; 22; 81; 49; 17; 81
44,55,0.28568,0.8,5; 44; 55; 36; 19; 6; 42; 52; 39; 29
23,81,0.26995,0.28395,44; 23; 81; 81; 27; 21; 40; 31; 24; 79
62,76,0.2208,0.81579,43; 62; 76; 48; 57; 41; 77; 24; 43; 15
23,70,0.29687,0.32857,81; 23; 70; 10; 79; 56; 71; 50; 82; 22
33,42,0.3312,0.78571,73; 33; 42; 14; 34; 66; 46; 36; 40; 55
21,57,0.31463,0.36842,7; 21; 57; 10; 30; 15; 16; 30; 62; 33
28,76,0.29026,0.36842,45; 28; 76; 57; 66; 9; 79; 8; 64; 55
28,49,0.32753,0.57143,59; 28; 49; 43; 12; 58; 81; 64; 27; 21
54,66,0.23818,0.81818,11; 54; 66; 8; 80; 36; 53; 31; 38; 30
21,57,0.31795,0.36842,64; 21; 57; 23; 70; 53; 34; 46; 70; 70
19,52,0.31739,0.36538,19; 19; 52; 15; 21; 84; 23; 50; 53; 9
17,35,0.33398,0.48571,77; 17; 35; 80; 59; 43; 8; 15; 57; 14
28,80,0.26803,0.35,74; 28; 80; 55; 79; 67; 18; 63; 65; 47
11,46,0.23819,0.23913,34; 11; 46; 65; 33; 17; 50; 64; 8; 41
21,37,0.3487,0.56757,49; 21; 37; 46; 51; 76; 77; 81; 81; 73
34,74,0.27806,0.45946,77; 34; 74; 64; 70; 42; 14; 30; 58; 7
28,61,0.31482,0.45902,17; 28; 61; 11; 20; 68; 28; 10; 58; 80
15,54,0.27144,0.27778,51; 15; 54; 34; 50; 52; 15; 46; 72; 53
55,69,0.24253,0.7971,19; 55; 69; 9; 19; 77; 13; 63; 9; 57
20,36,0.33773,0.55556,49; 20; 36; 83; 85; 14; 57; 77; 14; 61
26,71,0.2966,0.3662,31; 26; 71; 65; 47; 76; 76; 7; 80; 46
26,70,0.28236,0.37143,13; 26; 70; 24; 41; 35; 7; 9; 51; 30
24,83,0.26481,0.28916,44; 24; 83; 77; 78; 17; 44; 84; 43; 61
12,49,0.24217,0.2449,55; 12; 49; 63; 48; 13; 23; 66; 40; 45
11,33,0.29178,0.33333,9; 11; 33; 30; 14; 81; 44; 32; 80; 32
12,24,0.32018,0.5,60; 12; 24; 50; 33; 15; 65; 59; 5; 59
27,55,0.31956,0.49091,78; 27; 55; 15; 61; 44; 54; 32; 43; 65
16,19,0.34155,0.84211,50; 16; 19; 22; 59; 16; 41; 56; 16; 20
28,76,0.28452,0.36842,59; 28; 76; 25; 50; 58; 11; 20; 24; 65
26,31,0.34366,0.83871,30; 26; 31; 14; 50; 20; 77; 27; 48; 84
26,82,0.2674,0.31707,7; 26; 82; 83; 53; 58; 73; 22; 71; 34
20,72,0.26842,0.27778,52; 20; 72; 67; 43; 79; 32; 62; 64; 25
44,55,0.26943,0.8,25; 44; 55; 18; 83; 45; 80; 76; 35; 74
30,81,0.26963,0.37037,65; 30; 81; 38; 23; 37; 9; 56; 13; 29
23,63,0.31278,0.36508,76; 23; 63; 66; 80; 38; 73; 32; 39; 13
25,78,0.27704,0.32051,6; 25; 78; 42; 72; 81; 43; 82; 47; 66
31,68,0.30322,0.45588,10; 31; 68; 46; 78; 84; 70; 40; 28; 47
30,81,0.27839,0.37037,77; 30; 81; 73; 49; 36; 39; 67; 85; 52
19,24,0.34751,0.79167,56; 19; 24; 61; 33; 71; 20; 85; 13; 72
23,78,0.27678,0.29487,29; 23; 78; 80; 57; 42; 24; 82; 60; 55
17,59,0.27695,0.28814,18; 17; 59; 81; 49; 23; 53; 20; 38; 56
28,84,0.25897,0.33333,76; 28; 84; 51; 63; 35; 43; 10; 79; 20
13,54,0.2376,0.24074,67; 13; 54; 13; 6; 79; 61; 38; 21; 34
24,83,0.26268,0.28916,19; 24; 83; 6; 82; 77; 41; 73; 44; 28
57,66,0.22939,0.86364,63; 57; 66; 18; 55; 39; 20; 37; 63; 75
56,70,0.23494,0.8,66; 56; 70; 43; 52; 83; 70; 84; 76; 43
28,49,0.33375,0.57143,55; 28; 49; 30; 33; 48; 17; 39; 34; 54
28,56,0.32332,0.5,41; 28; 56; 5; 82; 76; 7; 37; 14; 83
38,45,0.31402,0.84444,46; 38; 45; 65; 71; 82; 42; 19; 68; 54
20,67,0.28587,0.29851,53; 20; 67; 25; 81; 71; 55; 38; 19; 50
39,69,0.28202,0.56522,55; 39; 69; 18; 33; 31; 64; 53; 33; 78
67,78,0.18873,0.85897,53; 67; 78; 7; 73; 60; 57; 15; 74; 68
41,84,0.23715,0.4881,39; 41; 84; 60; 77; 43; 53; 7; 32; 44
17,52,0.30321,0.32692,60; 17; 52; 85; 21; 9; 67; 51; 34; 62
20,69,0.28214,0.28986,70; 20; 69; 33; 59; 58; 58; 32; 30; 7
27,33,0.33947,0.81818,23; 27; 33; 58; 61; 35; 64; 52; 31; 78
23,28,0.34552,0.82143,31; 23; 28; 47; 66; 60; 47; 29; 73; 40
38,44,0.31863,0.86364,78; 38; 44; 18; 60; 53; 63; 38; 36; 48
68,81,0.1989,0.83951,33; 68; 81; 83; 11; 14; 51; 19; 39; 74
8,14,0.26962,0.57143,63; 8; 14; 22; 31; 13; 46; 30; 8; 67
23,62,0.31337,0.37097,15; 23; 62; 79; 50; 51; 36; 63; 72; 63
22,39,0.34096,0.5641,68; 22; 39; 43; 53; 72; 82; 46; 24; 35
5,21,0.23295,0.2381,52; 5; 21; 37; 26; 48; 15; 7; 30; 23
61,73,0.21816,0.83562,84; 61; 73; 33; 38; 25; 35; 24; 71; 20
7,25,0.26803,0.28,37; 7; 25; 83; 39; 71; 70; 9; 48; 67
28,34,0.34398,0.82353,18; 28; 34; 9; 32; 44; 34; 8; 53; 47
18,54,0.30594,0.33333,20; 18; 54; 52; 49; 52; 67; 16; 35; 62
13,47,0.26989,0.2766,60; 13; 47; 69; 78; 79; 19; 30; 81; 28
27,73,0.28762,0.36986,44; 27; 73; 14; 68; 57; 46; 6; 75; 20
27,77,0.28841,0.35065,62; 27; 77; 62; 84; 64; 26; 62; 6; 55
28,34,0.34403,0.82353,51; 28; 34; 46; 57; 19; 74; 45; 25; 15
23,46,0.3358,0.5,42; 23; 46; 17; 33; 23; 30; 70; 21; 82
33,66,0.29545,0.5,63; 33; 66; 48; 40; 35; 5; 57; 49; 38
22,60,0.31262,0.36667,74; 22; 60; 20; 59; 64; 51; 43; 20; 15
39,85,0.24293,0.45882,6; 39; 85; 53; 45; 72; 81; 17; 14; 59
30,61,0.3204,0.4918,55; 30; 61; 47; 36; 15; 9; 41; 18; 24
11,34,0.29268,0.32353,17; 11; 34; 14; 54; 84; 50; 51; 17; 78
44,55,0.29075,0.8,41; 44; 55; 23; 53; 61; 27; 78; 35; 66
7,19,0.29464,0.36842,68; 7; 19; 21; 81; 78; 7; 21; 47; 54
18,64,0.2712,0.28125,20; 18; 64; 7; 31; 43; 29; 51; 44; 20
20,79,0.25164,0.25316,65; 20; 79; 8; 79; 62; 28; 11; 33; 18
46,58,0.28999,0.7931,38; 46; 58; 53; 82; 33; 16; 55; 76; 70
20,82,0.24847,0.2439,51; 20; 82; 57; 20; 8; 48; 83; 6; 47
26,56,0.32572,0.46429,16; 26; 56; 82; 75; 6; 49; 11; 17; 40
23,73,0.29055,0.31507,15; 23; 73; 24; 70; 81; 15; 59; 78; 41
34,60,0.31302,0.56667,28; 34; 60; 25; 37; 9; 21; 79; 66; 21
20,70,0.27816,0.28571,26; 20; 70; 10; 10; 41; 78; 61; 28; 34
5,18,0.24201,0.27778,71; 5; 18; 51; 35; 78; 44; 26; 35; 40
35,71,0.26649,0.49296,74; 35; 71; 30; 76; 30; 47; 44; 80; 67
13,51,0.25015,0.2549,70; 13; 51; 69; 36; 36; 54; 11; 76; 49
14,48,0.2857,0.29167,25; 14; 48; 61; 5; 6; 21; 65; 68; 78
13,55,0.23459,0.23636,30; 13; 55; 77; 38; 22; 18; 41; 9; 58
39,85,0.21687,0.45882,27; 39; 85; 17; 70; 9; 18; 21; 64; 63
28,81,0.27593,0.34568,12; 28; 81; 28; 43; 6; 64; 41; 70; 80
15,54,0.27653,0.27778,41; 15; 54; 27; 13; 36; 65; 71; 72; 21
33,67,0.2846,0.49254,80; 33; 67; 78; 57; 26; 51; 9; 55; 74
59,70,0.23266,0.84286,75; 59; 70; 13; 57; 10; 13; 11; 49; 16
17,58,0.28613,0.2931,79; 17; 58; 58; 73; 16; 20; 19; 25; 76
66,84,0.19435,0.78571,52; 66; 84; 54; 70; 58; 52; 78; 18; 55
43,51,0.26422,0.84314,66; 43; 51; 47; 74; 76; 47; 24; 16; 30
66,84,0.19889,0.78571,20; 66; 84; 24; 17; 37; 73; 72; 53; 68
69,82,0.19498,0.84146,16; 69; 82; 68; 68; 79; 48; 9; 55; 78
12,38,0.28985,0.31579,6; 12; 38; 37; 40; 66; 39; 67; 85; 73
41,49,0.29833,0.83673,27; 41; 49; 39; 85; 51; 75; 65; 75; 12
40,80,0.25323,0.5,73; 40; 80; 39; 8; 25; 43; 35; 12; 74
27,34,0.34414,0.79412,13; 27; 34; 23; 10; 60; 28; 20; 38; 61
8,14,0.25842,0.57143,49; 8; 14; 55; 46; 12; 41; 70; 80; 36
19,60,0.29799,0.31667,37; 19; 60; 13; 30; 84; 75; 66; 68; 27
9,27,0.29794,0.33333,69; 9; 27; 20; 17; 74; 75; 75; 53; 31
40,82,0.26012,0.4878,32; 40; 82; 37; 55; 76; 56; 28; 5; 77
35,62,0.29947,0.56452,62; 35; 62; 30; 15; 16; 57; 23; 76; 8
54,66,0.21457,0.81818,66; 54; 66; 9; 44; 77; 53; 20; 69; 56
56,70,0.23477,0.8,68; 56; 70; 42; 41; 54; 41; 32; 23; 70
19,67,0.27745,0.28358,61; 19; 67; 35; 23; 46; 34; 63; 59; 22
30,65,0.30216,0.46154,81; 30; 65; 55; 37; 26; 15; 7; 44; 66
21,66,0.29786,0.31818,64; 21; 66; 76; 75; 5; 34; 31; 38; 38
15,53,0.27689,0.28302,50; 15; 53; 45; 56; 41; 35; 50; 50; 47
71,83,0.18697,0.85542,75; 71; 83; 83; 21; 42; 38; 57; 28; 69
22,80,0.26789,0.275,30; 22; 80; 37; 14; 38; 8; 62; 32; 69
19,55,0.31134,0.34545,32; 19; 55; 17; 51; 73; 80; 18; 35; 50
54,63,0.21705,0.85714,60; 54; 63; 33; 35; 27; 53; 13; 41; 19
39,78,0.27079,0.5,36; 39; 78; 10; 35; 59; 22; 62; 56; 42
24,74,0.28527,0.32432,72; 24; 74; 29; 12; 52; 48; 11; 51; 65
43,75,0.26183,0.57333,17; 43; 75; 25; 34; 82; 35; 6; 52; 54
32,38,0.32997,0.84211,80; 32; 38; 27; 55; 6; 58; 6; 78; 37
36,79,0.26252,0.4557,77; 36; 79; 40; 34; 81; 22; 19; 67; 37
22,76,0.27586,0.28947,60; 22; 76; 51; 58; 70; 84; 20; 63; 69
11,22,0.32691,0.5,49; 11; 22; 19; 25; 33; 58; 45; 53; 54
42,50,0.2974,0.84,63; 42; 50; 73; 34; 30; 43; 52; 36; 61
18,71,0.24878,0.25352,81; 18; 71; 40; 28; 15; 62; 12; 78; 8
26,33,0.34233,0.78788,71; 26; 33; 45; 54; 80; 67; 14; 34; 85
17,49,0.31073,0.34694,29; 17; 49; 40; 71; 14; 21; 68; 24; 55
27,77,0.28012,0.35065,34; 27; 77; 12; 57; 64; 39; 46; 20; 7
8,32,0.24289,0.25,19; 8; 32; 45; 69; 15; 73; 32; 78; 70
36,45,0.3179,0.8,44; 36; 45; 50; 29; 26; 48; 22; 65; 72
64,78,0.21168,0.82051,37; 64; 78; 28; 15; 25; 35; 72; 64; 49
30,81,0.26437,0.37037,40; 30; 81; 21; 12; 8; 63; 48; 79; 28
11,46,0.23889,0.23913,59; 11; 46; 77; 24; 63; 27; 11; 41; 52
15,43,0.30638,0.34884,80; 15; 43; 6; 74; 6; 79; 22; 75; 39
15,62,0.23984,0.24194,9; 15; 62; 38; 20; 9; 54; 49; 35; 83
36,73,0.281,0.49315,23; 36; 73; 30; 71; 10; 20; 80; 34; 31
18,54,0.30012,0.33333,14; 18; 54; 63; 8; 20; 71; 49; 27; 27
34,69,0.293,0.49275,24; 34; 69; 40; 35; 42; 79; 64; 33; 56
22,68,0.29792,0.32353,22; 22; 68; 57; 15; 7; 46; 74; 20; 28
16,68,0.23732,0.23529,77; 16; 68; 74; 82; 39; 76; 69; 50; 79
22,67,0.30018,0.32836,60; 22; 67; 55; 7; 58; 64; 84; 25; 21
40,72,0.25696,0.55556,21; 40; 72; 53; 36; 73; 40; 11; 33; 69
15,43,0.31104,0.34884,61; 15; 43; 46; 50; 66; 80; 19; 78; 39
19,55,0.3096,0.34545,59; 19; 55; 45; 81; 58; 33; 59; 58; 57
33,71,0.28603,0.46479,40; 33; 71; 76; 8; 64; 22; 58; 42; 39
40,70,0.24599,0.57143,63; 40; 70; 70; 40; 19; 68; 7; 42; 34
11,37,0.28365,0.2973,36; 11; 37; 53; 37; 50; 82; 57; 39; 38
13,45,0.28044,0.28889,8; 13; 45; 73; 63; 8; 7; 58; 8; 37
18,32,0.33525,0.5625,66; 18; 32; 61; 58; 78; 7; 24; 12; 9
28,84,0.26114,0.33333,29; 28; 84; 53; 59; 42; 67; 22; 31; 15
34,69,0.28678,0.49275,22; 34; 69; 44; 33; 65; 7; 59; 5; 33
32,37,0.3359,0.86486,12; 32; 37; 38; 32; 15; 81; 50; 12; 72
7,19,0.2912,0.36842,67; 7; 19; 10; 19; 68; 40; 76; 59; 15
54,68,0.24521,0.79412,67; 54; 68; 56; 25; 46; 44; 79; 19; 45
44,79,0.25281,0.55696,27; 44; 79; 69; 33; 76; 41; 27; 76; 80
7,23,0.28739,0.30435,10; 7; 23; 26; 30; 33; 5; 64; 42; 11
21,37,0.34365,0.56757,40; 21; 37; 23; 68; 62; 32; 7; 38; 20
24,49,0.33583,0.4898,72; 24; 49; 16; 23; 79; 65; 39; 46; 12
38,44,0.31979,0.86364,31; 38; 44; 78; 56; 44; 27; 52; 12; 59
27,48,0.33268,0.5625,49; 27; 48; 13; 21; 54; 12; 63; 16; 7
17,68,0.25047,0.25,20; 17; 68; 36; 24; 64; 81; 76; 38; 58
24,81,0.27166,0.2963,40; 24; 81; 28; 30; 60; 63; 33; 25; 81
34,70,0.29812,0.48571,17; 34; 70; 60; 83; 33; 65; 28; 46; 46
18,61,0.28155,0.29508,75; 18; 61; 6; 71; 69; 61; 29; 14; 52
21,74,0.27488,0.28378,82; 21; 74; 82; 62; 58; 26; 71; 85; 5
71,85,0.16767,0.83529,10; 71; 85; 46; 22; 43; 43; 76; 85; 39
18,72,0.24764,0.25,18; 18; 72; 18; 44; 24; 12; 48; 85; 26
23,80,0.2718,0.2875,39; 23; 80; 60; 76; 69; 11; 54; 20; 10
15,47,0.29725,0.31915,41; 15; 47; 74; 84; 65; 50; 24; 60; 82
16,35,0.32864,0.45714,56; 16; 35; 19; 81; 45; 51; 58; 44; 26
23,69,0.29923,0.33333,67; 23; 69; 24; 51; 71; 11; 73; 42; 14
8,29,0.26174,0.27586,65; 8; 29; 45; 26; 45; 31; 64; 39; 72
57,68,0.22429,0.83824,37; 57; 68; 36; 31; 30; 80; 24; 40; 79
56,67,0.24209,0.83582,45; 56; 67; 45; 16; 17; 33; 50; 56; 30
49,62,0.26054,0.79032,32; 49; 62; 67; 81; 54; 72; 62; 45; 9
46,80,0.25241,0.575,54; 46; 80; 9; 8; 27; 85; 10; 27; 52
8,32,0.24523,0.25,57; 8; 32; 54; 52; 18; 68; 81; 23; 65
18,37,0.33431,0.48649,28; 18; 37; 13; 31; 23; 56; 21; 13; 9
16,54,0.28662,0.2963,42; 16; 54; 13; 72; 66; 70; 16; 21; 77
10,35,0.27482,0.28571,31; 10; 35; 20; 53; 85; 13; 41; 39; 62
20,63,0.30118,0.31746,77; 20; 63; 19; 39; 80; 62; 31; 19; 14
42,49,0.30057,0.85714,9; 42; 49; 75; 80; 24; 28; 55; 50; 6
19,34,0.33908,0.55882,38; 19; 34; 38; 11; 32; 76; 38; 67; 76
16,63,0.24937,0.25397,85; 16; 63; 27; 15; 78; 33; 74; 82; 41
39,79,0.24977,0.49367,46; 39; 79; 77; 18; 30; 20; 80; 58; 5
24,74,0.28502,0.32432,6; 24; 74; 25; 64; 61; 13; 81; 33; 16
16,64,0.24756,0.25,48; 16; 64; 29; 35; 36; 65; 15; 65; 68
12,49,0.24212,0.2449,34; 12; 49; 55; 43; 6; 81; 33; 49; 11
31,38,0.33811,0.81579,60; 31; 38; 58; 13; 32; 10; 55; 31; 78
7,21,0.2926,0.33333,5; 7; 21; 78; 32; 25; 59; 45; 35; 28
12,24,0.32243,0.5,8; 12; 24; 15; 47; 30; 76; 60; 10; 19
30,82,0.25895,0.36585,28; 30; 82; 84; 74; 62; 78; 58; 38; 80
12,49,0.2441,0.2449,31; 12; 49; 65; 17; 54; 79; 22; 54; 81
14,46,0.29272,0.30435,50; 14; 46; 18; 6; 40; 51; 67; 81; 40
33,66,0.29096,0.5,9; 33; 66; 27; 25; 39; 82; 11; 20; 13
18,73,0.24217,0.24658,34; 18; 73; 59; 66; 69; 56; 32; 85; 21
14,47,0.28779,0.29787,64; 14; 47; 28; 42; 85; 26; 51; 68; 85
26,74,0.28694,0.35135,40; 26; 74; 51; 13; 39; 75; 10; 55; 85
23,65,0.30652,0.35385,47; 23; 65; 15; 53; 38; 23; 31; 42; 18
16,56,0.27686,0.28571,76; 16; 56; 58; 18; 16; 59; 53; 16; 36
11,46,0.23266,0.23913,21; 11; 46; 10; 48; 27; 50; 80; 46; 51
52,62,0.25154,0.83871,58; 52; 62; 71; 74; 62; 83; 81; 65; 78
19,57,0.30158,0.33333,56; 19; 57; 73; 16; 53; 71; 25; 78; 31
39,78,0.24717,0.5,10; 39; 78; 47; 5; 85; 33; 73; 54; 75
19,69,0.27712,0.27536,52; 19; 69; 39; 27; 48; 85; 69; 29; 15
48,57,0.26639,0.84211,12; 48; 57; 64; 15; 12; 41; 25; 58; 11
28,61,0.31892,0.45902,50; 28; 61; 81; 60; 25; 27; 70; 71; 26
21,66,0.29621,0.31818,55; 21; 66; 51; 81; 77; 83; 29; 67; 17
25,44,0.32797,0.56818,36; 25; 44; 82; 67; 42; 62; 84; 40; 8
6,12,0.25093,0.5,44; 6; 12; 68; 63; 40; 50; 28; 29; 23
39,69,0.27488,0.56522,15; 39; 69; 66; 31; 66; 14; 66; 20; 57
26,71,0.29331,0.3662,46; 26; 71; 78; 74; 20; 51; 60; 57; 70
19,60,0.29925,0.31667,40; 19; 60; 34; 18; 79; 79; 19; 49; 75
44,51,0.29636,0.86275,82; 44; 51; 74; 61; 69; 21; 26; 21; 6
19,38,0.33725,0.5,38; 19; 38; 71; 26; 5; 51; 84; 83; 35
14,59,0.23206,0.23729,81; 14; 59; 40; 50; 49; 63; 73; 18; 57
31,55,0.32319,0.56364,51; 31; 55; 27; 51; 53; 57; 22; 48; 21
19,67,0.27963,0.28358,21; 19; 67; 59; 15; 64; 51; 63; 64; 85
6,20,0.2809,0.3,55; 6; 20; 23; 8; 52; 76; 32; 6; 75
49,62,0.2633,0.79032,63; 49; 62; 5; 13; 44; 36; 10; 11; 46
30,81,0.25435,0.37037,13; 30; 81; 78; 80; 53; 81; 20; 47; 38
26,81,0.26736,0.32099,81; 26; 81; 83; 85; 44; 75; 6; 81; 34
69,80,0.20388,0.8625,24; 69; 80; 41; 32; 54; 78; 80; 54; 72
5,18,0.25932,0.27778,20; 5; 18; 53; 17; 27; 48; 33; 18; 55
16,35,0.33087,0.45714,76; 16; 35; 69; 43; 71; 32; 72; 82; 29
12,50,0.23839,0.24,66; 12; 50; 36; 37; 10; 22; 55; 40; 78
57,71,0.22552,0.80282,53; 57; 71; 50; 49; 81; 69; 45; 26; 54
24,81,0.27151,0.2963,54; 24; 81; 44; 71; 51; 25; 73; 80; 64
16,54,0.28394,0.2963,69; 16; 54; 83; 55; 8; 59; 83; 18; 34
11,31,0.30306,0.35484,15; 11; 31; 72; 29; 7; 27; 30; 17; 85
21,25,0.34866,0.84,72; 21; 25; 73; 7; 69; 72; 27; 82; 39
49,62,0.26477,0.79032,74; 49; 62; 14; 71; 68; 73; 54; 22; 11
29,59,0.29364,0.49153,22; 29; 59; 27; 6; 71; 12; 76; 13; 83
33,72,0.28478,0.45833,70; 33; 72; 24; 54; 17; 23; 38; 46; 80
43,75,0.25385,0.57333,44; 43; 75; 39; 38; 5; 8; 12; 45; 10
35,44,0.31373,0.79545,9; 35; 44; 66; 13; 10; 53; 70; 33; 72
16,54,0.2849,0.2963,35; 16; 54; 52; 21; 66; 29; 33; 56; 5
27,47,0.33455,0.57447,12; 27; 47; 77; 76; 61; 54; 12; 45; 34
29,79,0.26542,0.36709,82; 29; 79; 34; 33; 80; 28; 19; 62; 14
39,69,0.28885,0.56522,38; 39; 69; 36; 39; 78; 79; 22; 31; 11
44,56,0.28377,0.78571,43; 44; 56; 19; 21; 22; 52; 28; 9; 52
35,61,0.31396,0.57377,84; 35; 61; 26; 67; 9; 34; 85; 69; 41
44,55,0.28789,0.8,14; 44; 55; 43; 40; 45; 30; 51; 57; 33
40,72,0.25426,0.55556,23; 40; 72; 39; 78; 24; 29; 16; 29; 72
63,80,0.21428,0.7875,83; 63; 80; 25; 73; 59; 12; 79; 32; 38
32,40,0.33225,0.8,8; 32; 40; 46; 57; 81; 11; 58; 21; 44
55,70,0.23492,0.78571,69; 55; 70; 9; 60; 51; 38; 37; 81; 33
12,14,0.30782,0.85714,66; 12; 14; 22; 28; 43; 14; 33; 61; 24
30,65,0.30939,0.46154,77; 30; 65; 11; 82; 63; 51; 60; 76; 36
33,59,0.30138,0.55932,31; 33; 59; 10; 85; 38; 69; 54; 53; 20
25,79,0.26935,0.31646,48; 25; 79; 64; 22; 39; 77; 36; 45; 83
36,72,0.26426,0.5,66; 36; 72; 37; 56; 35; 85; 85; 27; 76
14,25,0.33533,0.56,47; 14; 25; 83; 36; 52; 58; 5; 52; 55
44,78,0.25241,0.5641,28; 44; 78; 51; 28; 68; 73; 41; 80; 38
39,68,0.277,0.57353,37; 39; 68; 65; 78; 59; 54; 59; 83; 75
17,68,0.25056,0.25,16; 17; 68; 44; 27; 42; 78; 63; 69; 16
55,64,0.24758,0.85938,25; 55; 64; 57; 54; 20; 39; 68; 12; 36
33,72,0.2861,0.45833,12; 33; 72; 85; 25; 65; 32; 17; 77; 69
22,66,0.29906,0.33333,79; 22; 66; 52; 31; 52; 31; 29; 47; 20
42,49,0.28593,0.85714,37; 42; 49; 18; 54; 18; 21; 28; 33; 16
19,41,0.33839,0.46341,30; 19; 41; 59; 50; 39; 62; 23; 5; 41
61,71,0.2257,0.85915,76; 61; 71; 29; 18; 80; 47; 58; 85; 78
20,72,0.27012,0.27778,29; 20; 72; 13; 72; 54; 38; 32; 25; 67
25,77,0.2795,0.32468,57; 25; 77; 15; 15; 24; 6; 70; 19; 79
46,56,0.28207,0.82143,51; 46; 56; 58; 76; 62; 13; 36; 77; 50
6,12,0.24613,0.5,19; 6; 12; 59; 20; 8; 85; 84; 28; 42
21,64,0.29978,0.32812,33; 21; 64; 30; 29; 40; 55; 54; 62; 76
29,82,0.2455,0.35366,61; 29; 82; 49; 70; 44; 62; 20; 66; 76
7,28,0.24307,0.25,51; 7; 28; 5; 72; 27; 45; 10; 53; 47
9,32,0.26661,0.28125,75; 9; 32; 83; 7; 78; 10; 67; 40; 72
26,31,0.35002,0.83871,57; 26; 31; 50; 5; 77; 42; 16; 73; 82
48,56,0.27076,0.85714,74; 48; 56; 40; 39; 79; 85; 74; 10; 69
25,50,0.32845,0.5,22; 25; 50; 28; 50; 10; 14; 55; 76; 40
29,78,0.27267,0.37179,24; 29; 78; 79; 77; 27; 58; 53; 48; 75
59,70,0.23442,0.84286,19; 59; 70; 18; 13; 48; 76; 63; 40; 77
30,65,0.3126,0.46154,59; 30; 65; 19; 17; 12; 73; 55; 28; 79
17,46,0.3192,0.36957,62; 17; 46; 51; 16; 18; 64; 43; 76; 5
26,46,0.33046,0.56522,46; 26; 46; 39; 82; 24; 29; 12; 35; 5
17,58,0.28703,0.2931,20; 17; 58; 45; 43; 79; 23; 32; 13; 14
32,64,0.28731,0.5,44; 32; 64; 64; 48; 28; 69; 63; 66; 84
48,85,0.21784,0.56471,50; 48; 85; 16; 15; 78; 48; 18; 61; 25
44,79,0.25632,0.55696,30; 44; 79; 20; 59; 20; 55; 74; 43; 62
33,58,0.31379,0.56897,62; 33; 58; 52; 60; 18; 81; 52; 44; 22
17,69,0.24684,0.24638,85; 17; 69; 60; 35; 24; 34; 52; 68; 56
26,75,0.28773,0.34667,21; 26; 75; 37; 10; 20; 59; 44; 60; 17
39,84,0.24833,0.46429,40; 39; 84; 53; 85; 17; 42; 20; 42; 78
20,25,0.34245,0.8,76; 20; 25; 85; 76; 54; 73; 49; 46; 50
15,51,0.28347,0.29412,39; 15; 51; 60; 18; 43; 20; 54; 22; 12
61,71,0.22468,0.85915,21; 61; 71; 12; 8; 29; 46; 40; 72; 31
22,28,0.34697,0.78571,24; 22; 28; 50; 32; 20; 16; 43; 57; 60
16,58,0.2722,0.27586,57; 16; 58; 44; 82; 19; 8; 56; 84; 34
22,59,0.31728,0.37288,81; 22; 59; 83; 5; 80; 6; 69; 29; 19
13,53,0.24344,0.24528,14; 13; 53; 21; 51; 61; 58; 54; 80; 75
24,83,0.24887,0.28916,81; 24; 83; 66; 63; 52; 29; 55; 14; 79
29,83,0.26318,0.3494,84; 29; 83; 85; 64; 28; 62; 84; 61; 57
45,81,0.24983,0.55556,41; 45; 81; 19; 13; 85; 11; 53; 14; 8
18,62,0.28015,0.29032,83; 18; 62; 60; 33; 15; 34; 38; 64; 65
23,46,0.33771,0.5,19; 23; 46; 70; 16; 5; 85; 21; 42; 79
67,84,0.19096,0.79762,38; 67; 84; 60; 74; 33; 29; 23; 47; 63
16,28,0.334,0.57143,21; 16; 28; 53; 17; 53; 71; 52; 61; 28
8,14,0.26653,0.57143,56; 8; 14; 36; 28; 11; 21; 78; 70; 58
62,76,0.21797,0.81579,20; 62; 76; 28; 38; 30; 50; 36; 9; 69
25,82,0.26848,0.30488,37; 25; 82; 17; 47; 45; 74; 22; 10; 60
29,52,0.32911,0.55769,31; 29; 52; 77; 56; 13; 44; 20; 67; 80
18,71,0.25368,0.25352,23; 18; 71; 44; 51; 12; 26; 9; 67; 37
31,68,0.30797,0.45588,10; 31; 68; 75; 26; 76; 39; 10; 60; 68
25,54,0.32528,0.46296,59; 25; 54; 78; 67; 20; 70; 52; 42; 25
20,62,0.30055,0.32258,32; 20; 62; 8; 12; 77; 54; 84; 83; 28
39,49,0.31733,0.79592,11; 39; 49; 10; 7; 67; 10; 24; 70; 14
19,59,0.29964,0.32203,64; 19; 59; 28; 81; 17; 32; 50; 25; 57
22,66,0.30005,0.33333,82; 22; 66; 64; 84; 63; 22; 35; 62; 52
9,30,0.28014,0.3,41; 9; 30; 6; 10; 47; 32; 36; 20; 26
17,56,0.28495,0.30357,74; 17; 56; 45; 33; 71; 74; 62; 79; 32
64,76,0.1972,0.84211,54; 64; 76; 56; 39; 8; 83; 30; 66; 78
31,54,0.32637,0.57407,48; 31; 54; 76; 10; 14; 34; 57; 51; 9
16,28,0.33747,0.57143,80; 16; 28; 49; 52; 31; 74; 21; 69; 74
36,43,0.32741,0.83721,44; 36; 43; 23; 23; 24; 64; 84; 42; 17
41,72,0.25392,0.56944,18; 41; 72; 45; 82; 11; 78; 26; 29; 54
46,82,0.23708,0.56098,27; 46; 82; 53; 14; 79; 58; 79; 11; 5
14,25,0.3418,0.56,73; 14; 25; 25; 79; 77; 66; 72; 18; 9
69,84,0.19818,0.82143,47; 69; 84; 75; 44; 18; 38; 79; 64; 16
25,67,0.30021,0.37313,23; 25; 67; 7; 17; 57; 50; 37; 81; 15
7,28,0.24395,0.25,70; 7; 28; 6; 13; 35; 81; 59; 11; 10
40,82,0.23887,0.4878,17; 40; 82; 54; 22; 52; 59; 80; 85; 12
24,68,0.30267,0.35294,12; 24; 68; 45; 25; 50; 50; 43; 68; 59
19,66,0.27901,0.28788,46; 19; 66; 45; 23; 32; 60; 34; 54; 81
40,82,0.21843,0.4878,52; 40; 82; 27; 22; 50; 49; 26; 66; 75
25,67,0.30264,0.37313,45; 25; 67; 65; 67; 61; 83; 63; 21; 28
16,50,0.30077,0.32,59; 16; 50; 39; 19; 5; 33; 15; 29; 21
42,53,0.2986,0.79245,84; 42; 53; 38; 53; 40; 55; 74; 54; 67
19,51,0.31688,0.37255,15; 19; 51; 60; 66; 8; 45; 62; 47; 49
14,55,0.25324,0.25455,84; 14; 55; 67; 46; 55; 36; 64; 66; 55
47,57,0.27373,0.82456,15; 47; 57; 85; 43; 55; 72; 11; 80; 73
10,42,0.23739,0.2381,29; 10; 42; 63; 14; 74; 45; 10; 6; 14
20,63,0.29648,0.31746,33; 20; 63; 68; 7; 44; 67; 77; 75; 47
38,83,0.2439,0.45783,85; 38; 83; 52; 42; 11; 69; 7; 31; 20
12,41,0.27986,0.29268,78; 12; 41; 30; 8; 39; 7; 40; 58; 8
28,35,0.34043,0.8,56; 28; 35; 37; 34; 43; 20; 62; 22; 65
71,85,0.19383,0.83529,43; 71; 85; 29; 79; 70; 40; 62; 68; 47
48,85,0.23676,0.56471,85; 48; 85; 42; 84; 44; 76; 74; 54; 76
16,43,0.31727,0.37209,8; 16; 43; 23; 63; 40; 20; 5; 45; 65
22,45,0.3381,0.48889,55; 22; 45; 56; 21; 71; 76; 12; 50; 49
16,54,0.28599,0.2963,39; 16; 54; 30; 22; 76; 8; 85; 69; 15
17,52,0.30248,0.32692,36; 17; 52; 7; 27; 12; 10; 30; 62; 57
11,30,0.30583,0.36667,32; 11; 30; 48; 79; 53; 28; 78; 7; 37
21,74,0.27126,0.28378,40; 21; 74; 13; 19; 11; 79; 73; 66; 72
28,35,0.33869,0.8,23; 28; 35; 71; 20; 64; 20; 7; 32; 57
29,59,0.31645,0.49153,45; 29; 59; 23; 21; 71; 79; 34; 64; 78
54,68,0.24683,0.79412,75; 54; 68; 82; 65; 40; 80; 35; 82; 48
31,54,0.32789,0.57407,52; 31; 54; 79; 47; 39; 41; 18; 39; 55
16,49,0.30243,0.32653,40; 16; 49; 13; 42; 61; 40; 51; 50; 17
7,28,0.2471,0.25,57; 7; 28; 34; 49; 56; 59; 45; 14; 36
48,56,0.26596,0.85714,43; 48; 56; 35; 42; 54; 75; 74; 57; 61
23,78,0.27793,0.29487,13; 23; 78; 73; 29; 69; 57; 64; 74; 31
19,66,0.27746,0.28788,24; 19; 66; 74; 75; 23; 29; 72; 70; 9
51,62,0.24997,0.82258,19; 51; 62; 81; 76; 30; 24; 31; 73; 11
37,46,0.3171,0.80435,26; 37; 46; 47; 9; 53; 32; 62; 69; 65
49,60,0.25433,0.81667,14; 49; 60; 66; 19; 15; 67; 25; 75; 34
61,73,0.22352,0.83562,66; 61; 73; 61; 60; 56; 21; 27; 54; 62
22,79,0.27214,0.27848,10; 22; 79; 76; 9; 30; 51; 60; 71; 17
70,81,0.19532,0.8642,38; 70; 81; 50; 79; 42; 76; 32; 37; 25
61,73,0.21708,0.83562,37; 61; 73; 54; 81; 49; 36; 39; 79; 66
27,33,0.34579,0.81818,10; 27; 33; 32; 59; 56; 52; 72; 27; 17
10,20,0.31636,0.5,68; 10; 20; 39; 14; 8; 29; 21; 46; 83
18,37,0.33711,0.48649,40; 18; 37; 41; 18; 6; 83; 85; 34; 66
16,58,0.27426,0.27586,39; 16; 58; 36; 85; 19; 12; 29; 39; 75
25,82,0.27089,0.30488,46; 25; 82; 71; 5; 28; 57; 20; 78; 37
70,81,0.19949,0.8642,66; 70; 81; 61; 34; 81; 11; 70; 72; 42
40,82,0.25392,0.4878,11; 40; 82; 34; 18; 8; 80; 29; 63; 64
18,56,0.30008,0.32143,43; 18; 56; 29; 73; 36; 17; 52; 49; 78
34,68,0.28485,0.5,40; 34; 68; 38; 17; 43; 51; 65; 39; 32
44,51,0.29883,0.86275,15; 44; 51; 74; 37; 35; 61; 79; 25; 51
35,71,0.25661,0.49296,74; 35; 71; 5; 8; 33; 45; 81; 46; 30
16,65,0.24413,0.24615,27; 16; 65; 44; 50; 18; 84; 52; 85; 59
5,9,0.18689,0.55556,48; 5; 9; 14; 56; 7; 42; 9; 73; 26
33,67,0.29321,0.49254,35; 33; 67; 70; 51; 50; 65; 6; 27; 67
31,38,0.33905,0.81579,45; 31; 38; 68; 59; 73; 39; 83; 9; 54
24,76,0.28377,0.31579,21; 24; 76; 57; 22; 46; 20; 53; 61; 42
45,79,0.22747,0.56962,33; 45; 79; 74; 68; 74; 69; 71; 84; 68
22,79,0.27064,0.27848,56; 22; 79; 21; 21; 5; 27; 74; 23; 6
18,55,0.30231,0.32727,17; 18; 55; 43; 80; 30; 54; 79; 23; 50
68,81,0.19125,0.83951,84; 68; 81; 22; 39; 55; 31; 28; 64; 67
27,82,0.26122,0.32927,48; 27; 82; 19; 46; 49; 9; 17; 70; 38
25,44,0.34361,0.56818,80; 25; 44; 56; 67; 7; 22; 61; 66; 59
38,77,0.26998,0.49351,38; 38; 77; 14; 66; 83; 75; 63; 84; 64
51,61,0.26761,0.83607,19; 51; 61; 21; 37; 52; 51; 15; 10; 77
16,50,0.29442,0.32,50; 16; 50; 35; 16; 41; 72; 60; 76; 33
18,65,0.2699,0.27692,52; 18; 65; 44; 48; 7; 63; 33; 60; 80
31,83,0.25792,0.37349,50; 31; 83; 82; 76; 48; 55; 80; 39; 22
16,48,0.30353,0.33333,57; 16; 48; 76; 35; 32; 33; 31; 31; 62
7,22,0.28242,0.31818,21; 7; 22; 54; 29; 73; 18; 54; 64; 18
5,9,0.1634,0.55556,58; 5; 9; 61; 22; 33; 59; 37; 64; 58
58,69,0.23334,0.84058,57; 58; 69; 46; 37; 69; 77; 72; 10; 29
50,58,0.26356,0.86207,35; 50; 58; 11; 19; 19; 76; 23; 13; 46
36,63,0.29494,0.57143,85; 36; 63; 85; 32; 64; 35; 17; 78; 67
59,74,0.21489,0.7973,71; 59; 74; 70; 35; 61; 38; 67; 25; 13
60,70,0.21459,0.85714,54; 60; 70; 20; 54; 63; 66; 79; 53; 41
58,69,0.22631,0.84058,72; 58; 69; 40; 48; 72; 11; 30; 18; 76
31,54,0.3115,0.57407,49; 31; 54; 16; 77; 39; 58; 5; 46; 61
11,34,0.29854,0.32353,58; 11; 34; 70; 44; 30; 20; 82; 42; 77
16,48,0.30277,0.33333,36; 16; 48; 85; 71; 66; 67; 80; 74; 29
19,75,0.2516,0.25333,46; 19; 75; 34; 49; 26; 25; 8; 13; 85
42,53,0.30028,0.79245,64; 42; 53; 42; 68; 77; 42; 76; 5; 62
5,18,0.25252,0.27778,53; 5; 18; 33; 13; 76; 29; 69; 11; 30
11,40,0.26417,0.275,67; 11; 40; 54; 20; 82; 16; 66; 73; 28
48,85,0.21231,0.56471,34; 48; 85; 76; 29; 28; 28; 70; 25; 65
49,61,0.26373,0.80328,61; 49; 61; 11; 74; 68; 58; 64; 58; 54
30,82,0.26159,0.36585,34; 30; 82; 17; 70; 29; 27; 50; 60; 77
32,65,0.30483,0.49231,33; 32; 65; 76; 60; 55; 34; 44; 81; 50
64,76,0.20962,0.84211,26; 64; 76; 30; 56; 78; 18; 67; 13; 41
44,55,0.28102,0.8,25; 44; 55; 41; 9; 9; 56; 65; 42; 84
20,66,0.29102,0.30303,12; 20; 66; 72; 8; 38; 42; 75; 12; 55
40,81,0.24722,0.49383,71; 40; 81; 44; 53; 77; 57; 68; 80; 30
37,74,0.2796,0.5,46; 37; 74; 66; 77; 79; 12; 33; 78; 61
20,67,0.28547,0.29851,20; 20; 67; 62; 63; 81; 55; 78; 38; 55
8,32,0.2479,0.25,72; 8; 32; 49; 21; 17; 50; 80; 64; 72
38,48,0.31614,0.79167,7; 38; 48; 17; 10; 59; 26; 53; 11; 8
38,76,0.26566,0.5,25; 38; 76; 61; 43; 42; 50; 5; 56; 8
27,55,0.3078,0.49091,39; 27; 55; 18; 34; 85; 18; 51; 19; 25
33,59,0.31019,0.55932,75; 33; 59; 13; 67; 38; 59; 43; 65; 30
41,52,0.29482,0.78846,35; 41; 52; 32; 40; 55; 78; 7; 29; 37
11,38,0.27479,0.28947,8; 11; 38; 28; 71; 16; 66; 23; 27; 67
19,79,0.23895,0.24051,85; 19; 79; 80; 18; 28; 72; 39; 34; 70
43,51,0.2951,0.84314,69; 43; 51; 31; 13; 54; 85; 76; 79; 83
34,61,0.30538,0.55738,30; 34; 61; 14; 11; 70; 68; 36; 46; 58
21,42,0.33913,0.5,80; 21; 42; 48; 83; 7; 74; 63; 46; 62
20,54,0.31727,0.37037,43; 20; 54; 57; 83; 67; 37; 39; 82; 60
18,76,0.23155,0.23684,49; 18; 76; 79; 8; 9; 23; 59; 83; 43
20,36,0.34075,0.55556,29; 20; 36; 19; 57; 8; 42; 53; 84; 84
13,28,0.32507,0.46429,67; 13; 28; 17; 83; 39; 41; 38; 18; 9
10,18,0.31616,0.55556,19; 10; 18; 25; 6; 24; 84; 11; 35; 32
17,60,0.27972,0.28333,79; 17; 60; 83; 50; 64; 43; 72; 24; 66
43,77,0.24514,0.55844,41; 43; 77; 61; 56; 79; 84; 24; 81; 9
20,41,0.33989,0.4878,8; 20; 41; 8; 58; 11; 45; 68; 85; 39
53,66,0.23361,0.80303,22; 53; 66; 68; 8; 29; 9; 20; 53; 28
40,49,0.28477,0.81633,37; 40; 49; 83; 41; 27; 41; 5; 84; 8
27,47,0.33316,0.57447,70; 27; 47; 85; 23; 15; 65; 52; 37; 41
67,84,0.19939,0.79762,78; 67; 84; 17; 28; 7; 71; 63; 52; 51
21,71,0.27828,0.29577,5; 21; 71; 18; 26; 42; 35; 7; 15; 16
17,46,0.31171,0.36957,58; 17; 46; 58; 72; 15; 63; 12; 32; 75
20,84,0.24113,0.2381,84; 20; 84; 5; 45; 7; 49; 58; 21; 40
6,19,0.28136,0.31579,18; 6; 19; 21; 26; 53; 59; 24; 68; 50
15,27,0.33572,0.55556,84; 15; 27; 67; 36; 45; 82; 38; 57; 56
9,11,0.26225,0.81818,61; 9; 11; 76; 64; 72; 16; 9; 26; 49
49,60,0.25375,0.81667,78; 49; 60; 39; 19; 63; 30; 49; 51; 81
6,24,0.24653,0.25,71; 6; 24; 54; 55; 80; 44; 37; 35; 85
24,65,0.29045,0.36923,68; 24; 65; 21; 49; 17; 48; 15; 39; 33
16,68,0.23332,0.23529,56; 16; 68; 24; 65; 63; 25; 22; 62; 68
69,82,0.20053,0.84146,75; 69; 82; 57; 36; 47; 65; 46; 77; 20
22,39,0.34124,0.5641,20; 22; 39; 82; 19; 44; 60; 24; 67; 76
42,75,0.23991,0.56,59; 42; 75; 80; 70; 27; 27; 84; 17; 8
43,76,0.26248,0.56579,10; 43; 76; 48; 57; 12; 72; 24; 37; 65
23,73,0.28429,0.31507,44; 23; 73; 37; 66; 22; 11; 14; 68; 51
38,83,0.25702,0.45783,72; 38; 83; 47; 51; 61; 11; 81; 70; 44
20,61,0.30019,0.32787,71; 20; 61; 39; 46; 38; 16; 61; 73; 61
24,48,0.33379,0.5,56; 24; 48; 79; 25; 29; 39; 31; 49; 57
31,63,0.29455,0.49206,68; 31; 63; 29; 46; 30; 31; 84; 44; 52
12,21,0.32774,0.57143,83; 12; 21; 21; 19; 50; 9; 25; 5; 66
13,53,0.24128,0.24528,34; 13; 53; 79; 28; 56; 30; 80; 76; 51
28,81,0.25261,0.34568,84; 28; 81; 8; 23; 21; 43; 38; 39; 9
15,54,0.27557,0.27778,12; 15; 54; 56; 16; 64; 80; 44; 23; 28
10,40,0.24767,0.25,67; 10; 40; 70; 9; 23; 85; 10; 48; 32
12,26,0.32376,0.46154,41; 12; 26; 75; 42; 62; 32; 33; 76; 84
14,28,0.32874,0.5,17; 14; 28; 54; 74; 37; 63; 27; 6; 62
14,49,0.27806,0.28571,23; 14; 49; 50; 22; 47; 67; 77; 6; 85
41,52,0.30226,0.78846,62; 41; 52; 64; 8; 17; 83; 66; 37; 15
6,12,0.24027,0.5,10; 6; 12; 70; 73; 24; 14; 52; 21; 78
55,64,0.23677,0.85938,62; 55; 64; 28; 16; 85; 42; 30; 30; 11
9,32,0.26875,0.28125,54; 9; 32; 59; 36; 47; 49; 80; 40; 46
18,64,0.27193,0.28125,84; 18; 64; 29; 20; 53; 38; 38; 8; 81
63,79,0.2004,0.79747,22; 63; 79; 59; 49; 13; 12; 42; 40; 23
22,28,0.34687,0.78571,13; 22; 28; 78; 24; 37; 74; 82; 37; 83
56,68,0.23859,0.82353,25; 56; 68; 55; 59; 15; 82; 79; 83; 29
56,71,0.23046,0.78873,40; 56; 71; 39; 83; 51; 66; 19; 43; 13
20,40,0.34053,0.5,38; 20; 40; 13; 66; 10; 37; 68; 85; 55
63,77,0.20119,0.81818,72; 63; 77; 29; 37; 32; 34; 64; 63; 40
5,18,0.25995,0.27778,7; 5; 18; 11; 34; 21; 63; 50; 60; 32
18,61,0.28942,0.29508,14; 18; 61; 76; 66; 12; 31; 12; 59; 40
8,24,0.29143,0.33333,73; 8; 24; 30; 85; 29; 37; 51; 84; 59
27,77,0.28376,0.35065,81; 27; 77; 21; 82; 60; 31; 84; 63; 70
28,61,0.31255,0.45902,81; 28; 61; 43; 75; 32; 32; 30; 8; 52
51,59,0.263,0.86441,55; 51; 59; 61; 68; 25; 66; 46; 46; 32
28,56,0.32329,0.5,84; 28; 56; 78; 37; 17; 40; 6; 74; 28
18,75,0.23725,0.24,7; 18; 75; 15; 30; 46; 50; 39; 79; 7
40,81,0.18679,0.49383,80; 40; 81; 85; 32; 32; 51; 40; 24; 40
35,62,0.30914,0.56452,70; 35; 62; 85; 63; 18; 25; 75; 72; 83
36,78,0.25932,0.46154,9; 36; 78; 19; 16; 48; 5; 55; 22; 44
26,56,0.32431,0.46429,74; 26; 56; 16; 47; 69; 69; 55; 35; 61
15,47,0.29348,0.31915,31; 15; 47; 11; 12; 34; 20; 65; 59; 28
19,22,0.34299,0.86364,24; 19; 22; 84; 48; 20; 77; 21; 48; 5
9,38,0.23049,0.23684,10; 9; 38; 85; 79; 7; 19; 37; 64; 47
37,80,0.25187,0.4625,6; 37; 80; 61; 46; 48; 74; 20; 57; 84
25,50,0.31887,0.5,20; 25; 50; 84; 84; 83; 8; 47; 76; 44
7,28,0.24403,0.25,42; 7; 28; 56; 7; 48; 27; 53; 53; 39
40,80,0.22778,0.5,12; 40; 80; 38; 8; 26; 54; 50; 52; 10
36,42,0.32813,0.85714,26; 36; 42; 74; 10; 24; 65; 35; 28; 24
20,60,0.30482,0.33333,19; 20; 60; 36; 52; 44; 9; 79; 30; 55
10,31,0.29125,0.32258,6; 10; 31; 7; 54; 67; 42; 63; 59; 36
17,51,0.30191,0.33333,18; 17; 51; 62; 21; 49; 20; 70; 18; 83
33,66,0.29571,0.5,43; 33; 66; 63; 70; 78; 46; 16; 69; 5
22,28,0.34447,0.78571,68; 22; 28; 76; 41; 22; 45; 20; 72; 67
35,62,0.30027,0.56452,67; 35; 62; 43; 65; 84; 28; 79; 14; 9
24,81,0.27004,0.2963,45; 24; 81; 70; 31; 79; 65; 53; 67; 46
31,63,0.31413,0.49206,43; 31; 63; 46; 38; 43; 24; 36; 26; 35
30,38,0.34198,0.78947,54; 30; 38; 28; 84; 7; 81; 83; 49; 6
8,10,0.24187,0.8,11; 8; 10; 81; 14; 24; 76; 35; 60; 74
22,63,0.3074,0.34921,49; 22; 63; 67; 75; 73; 56; 75; 38; 15
12,21,0.32658,0.57143,54; 12; 21; 78; 80; 13; 25; 19; 6; 14
12,50,0.24011,0.24,51; 12; 50; 24; 57; 43; 75; 18; 51; 18
15,30,0.33306,0.5,44; 15; 30; 69; 22; 46; 14; 39; 76; 29
7,14,0.26993,0.5,44; 7; 14; 27; 70; 25; 75; 79; 30; 14
52,62,0.25737,0.83871,5; 52; 62; 70; 24; 34; 53; 35; 69; 78
22,44,0.33778,0.5,43; 22; 44; 28; 72; 7; 84; 9; 45; 44
18,62,0.28237,0.29032,22; 18; 62; 62; 76; 77; 73; 9; 61; 12
28,49,0.32357,0.57143,79; 28; 49; 30; 77; 47; 50; 65; 64; 65
51,59,0.27004,0.86441,85; 51; 59; 51; 47; 67; 77; 43; 46; 64
13,52,0.24474,0.25,66; 13; 52; 74; 76; 20; 74; 69; 7; 74
24,85,0.26187,0.28235,66; 24; 85; 71; 66; 82; 69; 75; 81; 10
34,70,0.26902,0.48571,22; 34; 70; 81; 58; 44; 21; 84; 15; 31
12,14,0.30337,0.85714,24; 12; 14; 42; 27; 71; 62; 30; 79; 79
20,80,0.24996,0.25,73; 20; 80; 64; 85; 78; 11; 28; 85; 29
20,40,0.33818,0.5,72; 20; 40; 6; 11; 47; 13; 13; 81; 37
16,43,0.31748,0.37209,8; 16; 43; 61; 70; 26; 26; 21; 19; 60
12,40,0.28632,0.3,27; 12; 40; 52; 82; 64; 14; 15; 12; 17
66,77,0.21129,0.85714,5; 66; 77; 73; 35; 61; 71; 27; 43; 7
18,57,0.29897,0.31579,54; 18; 57; 14; 13; 46; 71; 52; 10; 85
22,44,0.33646,0.5,62; 22; 44; 43; 28; 23; 14; 59; 20; 62
25,77,0.27027,0.32468,51; 25; 77; 48; 33; 22; 55; 46; 76; 35
60,73,0.21764,0.82192,83; 60; 73; 6; 62; 64; 19; 58; 21; 56
32,57,0.31548,0.5614,5; 32; 57; 59; 22; 32; 16; 65; 24; 16
23,62,0.3087,0.37097,81; 23; 62; 48; 35; 84; 51; 44; 39; 68
66,79,0.1951,0.83544,43; 66; 79; 27; 33; 26; 31; 11; 56; 82
30,65,0.29699,0.46154,13; 30; 65; 61; 45; 50; 51; 77; 66; 71
11,38,0.27921,0.28947,43; 11; 38; 12; 37; 53; 79; 38; 35; 9
62,78,0.20012,0.79487,17; 62; 78; 24; 58; 71; 84; 12; 64; 77
25,45,0.33826,0.55556,78; 25; 45; 16; 9; 57; 26; 83; 19; 39
43,54,0.29268,0.7963,71; 43; 54; 18; 44; 83; 39; 74; 36; 84
65,79,0.20721,0.82278,56; 65; 79; 66; 68; 37; 81; 66; 17; 17
19,75,0.25086,0.25333,25; 19; 75; 35; 11; 62; 73; 19; 58; 46
12,49,0.24394,0.2449,34; 12; 49; 51; 19; 49; 77; 19; 51; 76
31,55,0.31856,0.56364,29; 31; 55; 16; 68; 23; 63; 33; 7; 84
24,76,0.2755,0.31579,45; 24; 76; 12; 39; 59; 83; 83; 54; 78
28,50,0.32354,0.56,37; 28; 50; 50; 13; 18; 75; 72; 75; 63
44,77,0.25786,0.57143,66; 44; 77; 30; 16; 39; 62; 82; 70; 45
67,78,0.20518,0.85897,27; 67; 78; 50; 48; 60; 48; 20; 74; 56
19,67,0.27847,0.28358,40; 19; 67; 35; 9; 16; 65; 22; 37; 15
11,45,0.2411,0.24444,83; 11; 45; 33; 61; 47; 61; 33; 25; 29
14,55,0.25116,0.25455,13; 14; 55; 50; 47; 8; 34; 26; 49; 46
6,17,0.28457,0.35294,7; 6; 17; 62; 27; 29; 46; 18; 65; 10
6,20,0.26096,0.3,82; 6; 20; 65; 46; 75; 23; 28; 34; 14
35,70,0.28263,0.5,41; 35; 70; 58; 41; 61; 31; 69; 40; 5
14,28,0.33423,0.5,63; 14; 28; 48; 20; 51; 61; 21; 17; 72
20,41,0.33852,0.4878,8; 20; 41; 50; 34; 14; 43; 67; 80; 21
15,53,0.2759,0.28302,18; 15; 53; 66; 63; 7; 63; 25; 6; 35
18,22,0.3442,0.81818,82; 18; 22; 11; 64; 69; 27; 17; 59; 73
23,65,0.30536,0.35385,17; 23; 65; 30; 43; 28; 47; 27; 17; 17
26,71,0.28738,0.3662,82; 26; 71; 68; 43; 42; 60; 12; 5; 53
21,57,0.31384,0.36842,51; 21; 57; 58; 70; 57; 28; 18; 22; 63
17,30,0.33957,0.56667,47; 17; 30; 73; 13; 36; 66; 64; 16; 66
22,78,0.26909,0.28205,22; 22; 78; 59; 79; 85; 28; 38; 69; 59
21,25,0.34538,0.84,17; 21; 25; 43; 75; 46; 63; 79; 6; 13
15,63,0.23738,0.2381,21; 15; 63; 24; 23; 62; 9; 74; 61; 16
29,52,0.32186,0.55769,56; 29; 52; 9; 79; 61; 46; 44; 34; 32
7,14,0.27449,0.5,78; 7; 14; 28; 16; 10; 23; 17; 51; 71
21,76,0.26856,0.27632,65; 21; 76; 6; 45; 50; 36; 62; 61; 78
28,49,0.32422,0.57143,73; 28; 49; 50; 19; 55; 19; 37; 68; 72
34,60,0.31302,0.56667,15; 34; 60; 71; 16; 52; 39; 73; 72; 65
16,63,0.25101,0.25397,21; 16; 63; 66; 51; 47; 60; 55; 35; 68
54,64,0.25346,0.84375,59; 54; 64; 23; 57; 55; 14; 55; 75; 55
12,43,0.2691,0.27907,72; 12; 43; 84; 77; 57; 66; 30; 67; 83
10,18,0.31227,0.55556,78; 10; 18; 37; 21; 45; 47; 74; 12; 14
6,13,0.26026,0.46154,74; 6; 13; 58; 69; 63; 10; 9; 40; 79
44,79,0.24417,0.55696,49; 44; 79; 62; 19; 36; 34; 22; 25; 23
43,51,0.29661,0.84314,79; 43; 51; 48; 31; 74; 55; 80; 83; 35
28,34,0.33591,0.82353,45; 28; 34; 9; 53; 20; 25; 66; 45; 72
19,34,0.34131,0.55882,8; 19; 34; 43; 71; 63; 34; 9; 20; 47
67,85,0.19502,0.78824,75; 67; 85; 69; 42; 19; 62; 15; 22; 82
19,34,0.33725,0.55882,12; 19; 34; 79; 36; 41; 14; 33; 11; 7
7,24,0.27837,0.29167,23; 7; 24; 83; 79; 72; 74; 40; 31; 21
14,38,0.31445,0.36842,48; 14; 38; 19; 19; 7; 58; 48; 45; 49
61,71,0.18809,0.85915,31; 61; 71; 54; 78; 73; 85; 82; 81; 32
42,75,0.2519,0.56,51; 42; 75; 80; 11; 84; 11; 83; 36; 68
31,36,0.34196,0.86111,37; 31; 36; 70; 76; 13; 21; 53; 40; 10
71,85,0.19487,0.83529,18; 71; 85; 64; 50; 76; 23; 22; 47; 42
23,29,0.3449,0.7931,52; 23; 29; 72; 34; 37; 65; 34; 37; 71
27,84,0.24989,0.32143,14; 27; 84; 85; 11; 47; 66; 44; 13; 17
46,56,0.27942,0.82143,76; 46; 56; 26; 5; 21; 84; 32; 64; 32
23,47,0.33686,0.48936,36; 23; 47; 69; 50; 32; 74; 16; 39; 47
19,78,0.24516,0.24359,5; 19; 78; 14; 75; 10; 7; 55; 6; 6
20,41,0.33925,0.4878,67; 20; 41; 16; 17; 40; 42; 37; 58; 82
59,75,0.22583,0.78667,16; 59; 75; 15; 58; 14; 36; 79; 61; 13
32,56,0.31714,0.57143,5; 32; 56; 69; 69; 75; 66; 80; 39; 76
48,57,0.27747,0.84211,14; 48; 57; 71; 57; 46; 54; 27; 9; 11
12,26,0.32586,0.46154,21; 12; 26; 50; 83; 16; 74; 20; 79; 54
26,33,0.3395,0.78788,64; 26; 33; 62; 59; 25; 72; 33; 11; 36
14,43,0.29626,0.32558,47; 14; 43; 28; 20; 72; 22; 81; 74; 15
25,67,0.3041,0.37313,78; 25; 67; 54; 54; 22; 15; 69; 39; 76
27,85,0.26009,0.31765,55; 27; 85; 47; 65; 77; 23; 11; 73; 33
6,12,0.24723,0.5,84; 6; 12; 55; 66; 45; 66; 19; 18; 7
21,25,0.34591,0.84,62; 21; 25; 75; 17; 77; 43; 58; 51; 53
19,51,0.31677,0.37255,75; 19; 51; 36; 16; 52; 70; 26; 38; 61
38,44,0.31562,0.86364,57; 38; 44; 65; 9; 37; 30; 57; 37; 13
66,83,0.20435,0.79518,18; 66; 83; 78; 77; 26; 16; 41; 28; 16
43,75,0.25086,0.57333,76; 43; 75; 69; 35; 84; 85; 57; 48; 7
42,53,0.26767,0.79245,11; 42; 53; 29; 71; 46; 70; 60; 65; 76
10,41,0.24631,0.2439,38; 10; 41; 51; 63; 26; 83; 31; 20; 34
33,66,0.28259,0.5,34; 33; 66; 9; 17; 5; 59; 70; 81; 6
32,56,0.30817,0.57143,11; 32; 56; 25; 61; 44; 84; 70; 33; 29
6,24,0.24664,0.25,15; 6; 24; 75; 7; 68; 69; 71; 54; 71
43,75,0.2599,0.57333,72; 43; 75; 6; 23; 73; 33; 29; 58; 69
35,70,0.29143,0.5,81; 35; 70; 54; 32; 12; 68; 79; 5; 23
11,14,0.30225,0.78571,57; 11; 14; 28; 59; 9; 62; 53; 33; 78
25,77,0.28165,0.32468,69; 25; 77; 51; 28; 12; 50; 13; 46; 59
65,77,0.1996,0.84416,21; 65; 77; 75; 38; 50; 70; 35; 82; 39
7,29,0.236,0.24138,23; 7; 29; 39; 73; 84; 25; 35; 28; 73
9,31,0.27455,0.29032,21; 9; 31; 79; 40; 27; 13; 77; 18; 35
49,57,0.26553,0.85965,48; 49; 57; 37; 36; 46; 47; 80; 32; 45
10,34,0.28142,0.29412,67; 10; 34; 44; 22; 42; 46; 80; 63; 69
25,85,0.25125,0.29412,11; 25; 85; 69; 38; 63; 60; 9; 79; 29
60,70,0.20046,0.85714,10; 60; 70; 38; 39; 9; 57; 72; 36; 65
42,49,0.3082,0.85714,15; 42; 49; 46; 21; 72; 42; 7; 30; 10
27,78,0.2762,0.34615,25; 27; 78; 45; 11; 29; 45; 32; 76; 44
29,78,0.26477,0.37179,14; 29; 78; 45; 37; 40; 18; 65; 19; 72
9,38,0.23233,0.23684,31; 9; 38; 6; 29; 11; 16; 37; 70; 77
25,75,0.28392,0.33333,42; 25; 75; 59; 18; 6; 27; 43; 21; 32
23,70,0.29234,0.32857,59; 23; 70; 80; 72; 48; 81; 12; 70; 29
16,67,0.23738,0.23881,43; 16; 67; 47; 74; 8; 14; 38; 48; 64
22,74,0.2823,0.2973,5; 22; 74; 64; 31; 19; 29; 71; 18; 42
11,45,0.24246,0.24444,32; 11; 45; 83; 45; 73; 75; 31; 36; 81
25,78,0.263,0.32051,37; 25; 78; 72; 34; 66; 79; 60; 77; 36
33,72,0.27653,0.45833,39; 33; 72; 43; 56; 56; 26; 72; 18; 9
47,82,0.24478,0.57317,20; 47; 82; 79; 28; 7; 70; 33; 6; 54
48,61,0.27898,0.78689,19; 48; 61; 53; 59; 27; 56; 54; 9; 45
8,32,0.24371,0.25,31; 8; 32; 13; 14; 44; 45; 78; 41; 11
36,79,0.26568,0.4557,24; 36; 79; 14; 71; 35; 66; 65; 41; 82
13,23,0.33481,0.56522,64; 13; 23; 27; 22; 83; 60; 5; 15; 28
12,38,0.29584,0.31579,75; 12; 38; 42; 84; 25; 28; 85; 32; 54
35,44,0.32194,0.79545,20; 35; 44; 76; 64; 29; 69; 41; 58; 39
42,84,0.22482,0.5,71; 42; 84; 22; 42; 15; 18; 27; 71; 84
30,81,0.27656,0.37037,44; 30; 81; 84; 44; 53; 23; 7; 47; 75
41,72,0.27931,0.56944,18; 41; 72; 32; 59; 84; 18; 41; 76; 79
26,75,0.28759,0.34667,54; 26; 75; 44; 27; 85; 42; 41; 47; 19
33,67,0.2981,0.49254,60; 33; 67; 54; 18; 41; 8; 31; 30; 30
39,69,0.28255,0.56522,23; 39; 69; 8; 29; 52; 10; 46; 50; 12
6,21,0.25091,0.28571,27; 6; 21; 60; 32; 27; 26; 34; 68; 34
25,85,0.26414,0.29412,7; 25; 85; 56; 66; 62; 84; 61; 39; 83
24,69,0.30045,0.34783,36; 24; 69; 79; 59; 15; 60; 51; 15; 51
37,74,0.27491,0.5,64; 37; 74; 14; 27; 73; 82; 84; 74; 71
21,71,0.28002,0.29577,18; 21; 71; 65; 33; 48; 14; 10; 62; 27
38,77,0.26067,0.49351,16; 38; 77; 59; 27; 74; 37; 45; 70; 13
28,84,0.25908,0.33333,48; 28; 84; 21; 37; 82; 46; 83; 13; 25
20,70,0.27655,0.28571,77; 20; 70; 54; 76; 16; 75; 65; 56; 59
50,61,0.25707,0.81967,33; 50; 61; 40; 68; 69; 23; 82; 9; 38
15,52,0.28069,0.28846,60; 15; 52; 29; 22; 66; 36; 26; 36; 11
41,49,0.30133,0.83673,82; 41; 49; 30; 12; 44; 7; 79; 67; 6
46,58,0.24376,0.7931,39; 46; 58; 42; 21; 22; 38; 19; 54; 28
13,43,0.2854,0.30233,30; 13; 43; 71; 23; 34; 84; 82; 8; 85
19,52,0.31538,0.36538,40; 19; 52; 77; 74; 57; 66; 15; 72; 53
8,23,0.29549,0.34783,51; 8; 23; 18; 76; 81; 67; 81; 84; 69
21,83,0.25528,0.25301,81; 21; 83; 37; 21; 15; 50; 70; 27; 76
16,68,0.23725,0.23529,30; 16; 68; 75; 72; 80; 34; 69; 21; 35
39,49,0.3119,0.79592,72; 39; 49; 34; 17; 41; 33; 49; 5; 31
34,61,0.30374,0.55738,26; 34; 61; 63; 33; 76; 47; 12; 44; 75
22,66,0.30209,0.33333,31; 22; 66; 8; 41; 46; 78; 34; 54; 13
59,72,0.21094,0.81944,76; 59; 72; 81; 50; 5; 34; 46; 15; 79
44,51,0.29761,0.86275,74; 44; 51; 38; 40; 37; 64; 84; 10; 18
25,68,0.30412,0.36765,38; 25; 68; 62; 80; 74; 77; 66; 6; 81
22,67,0.29727,0.32836,80; 22; 67; 79; 84; 77; 45; 78; 60; 68
28,50,0.32869,0.56,6; 28; 50; 55; 49; 75; 85; 32; 47; 40
42,85,0.23372,0.49412,74; 42; 85; 34; 6; 84; 71; 7; 47; 36
9,31,0.27211,0.29032,64; 9; 31; 8; 14; 84; 51; 71; 40; 29
36,79,0.26482,0.4557,53; 36; 79; 14; 72; 20; 71; 39; 74; 65
17,71,0.23692,0.23944,26; 17; 71; 9; 57; 32; 19; 79; 39; 18
37,76,0.25953,0.48684,52; 37; 76; 68; 42; 85; 26; 79; 69; 19
43,54,0.29145,0.7963,8; 43; 54; 78; 72; 16; 32; 48; 42; 46
25,77,0.28181,0.32468,59; 25; 77; 39; 9; 83; 10; 72; 6; 46
68,85,0.1896,0.8,21; 68; 85; 35; 66; 80; 41; 71; 26; 33
31,83,0.25077,0.37349,57; 31; 83; 60; 78; 9; 55; 48; 19; 40
44,77,0.21881,0.57143,62; 44; 77; 46; 11; 27; 11; 14; 83; 32
33,68,0.28955,0.48529,18; 33; 68; 65; 13; 25; 63; 52; 6; 10
13,40,0.29688,0.325,7; 13; 40; 31; 73; 36; 37; 62; 67; 26
18,72,0.24662,0.25,71; 18; 72; 80; 41; 65; 64; 6; 38; 72
21,75,0.27382,0.28,29; 21; 75; 35; 81; 70; 27; 42; 41; 51
18,60,0.28549,0.3,47; 18; 60; 76; 20; 9; 56; 34; 49; 35
46,81,0.24817,0.5679,52; 46; 81; 25; 84; 39; 54; 38; 39; 64
30,61,0.31571,0.4918,18; 30; 61; 78; 49; 26; 27; 15; 76; 72
57,68,0.22609,0.83824,66; 57; 68; 36; 9; 84; 30; 60; 52; 75
22,63,0.3114,0.34921,24; 22; 63; 41; 28; 40; 22; 31; 31; 38
11,46,0.2334,0.23913,77; 11; 46; 20; 72; 34; 49; 15; 84; 82
31,67,0.31006,0.46269,33; 31; 67; 52; 17; 17; 32; 27; 62; 73
66,84,0.20413,0.78571,45; 66; 84; 58; 52; 41; 43; 60; 24; 36
48,56,0.27903,0.85714,42; 48; 56; 30; 16; 75; 78; 81; 51; 31
67,78,0.20468,0.85897,50; 67; 78; 42; 36; 13; 42; 71; 81; 52
39,80,0.24184,0.4875,38; 39; 80; 38; 43; 64; 27; 76; 45; 73
10,31,0.29234,0.32258,26; 10; 31; 38; 79; 15; 13; 34; 28; 35
14,56,0.24708,0.25,13; 14; 56; 70; 51; 79; 27; 25; 71; 51
42,49,0.2973,0.85714,58; 42; 49; 41; 10; 74; 45; 42; 63; 41
7,19,0.29851,0.36842,51; 7; 19; 77; 40; 15; 7; 25; 79; 54
19,57,0.30335,0.33333,37; 19; 57; 30; 63; 25; 24; 56; 31; 66
69,82,0.19302,0.84146,70; 69; 82; 83; 41; 28; 50; 41; 25; 26
22,45,0.34111,0.48889,85; 22; 45; 66; 68; 50; 30; 31; 63; 76
17,56,0.28652,0.30357,39; 17; 56; 49; 75; 63; 57; 41; 61; 10
27,81,0.27814,0.33333,40; 27; 81; 58; 48; 76; 52; 56; 63; 74
17,56,0.29256,0.30357,52; 17; 56; 30; 10; 7; 70; 56; 30; 60
38,48,0.31445,0.79167,70; 38; 48; 27; 26; 71; 29; 74; 69; 77
31,67,0.28474,0.46269,49; 31; 67; 60; 44; 33; 65; 59; 36; 44
42,51,0.29824,0.82353,22; 42; 51; 65; 26; 5; 67; 8; 85; 34
18,61,0.28062,0.29508,50; 18; 61; 68; 15; 70; 56; 28; 57; 57
48,61,0.26649,0.78689,80; 48; 61; 58; 45; 40; 46; 10; 72; 57
36,63,0.30674,0.57143,28; 36; 63; 56; 61; 13; 22; 7; 46; 29
27,77,0.27914,0.35065,63; 27; 77; 84; 68; 58; 44; 46; 46; 73
12,43,0.26736,0.27907,32; 12; 43; 47; 54; 14; 70; 50; 52; 24
11,40,0.263,0.275,51; 11; 40; 38; 78; 13; 36; 54; 61; 68
40,80,0.24811,0.5,73; 40; 80; 10; 76; 17; 17; 79; 82; 76
17,49,0.3111,0.34694,34; 17; 49; 32; 25; 77; 43; 30; 5; 82
5,17,0.2676,0.29412,7; 5; 17; 65; 83; 62; 72; 27; 64; 27
37,76,0.26707,0.48684,39; 37; 76; 23; 18; 15; 41; 80; 19; 76
18,76,0.23588,0.23684,11; 18; 76; 19; 57; 61; 47; 58; 51; 82
22,78,0.2648,0.28205,69; 22; 78; 33; 42; 57; 71; 15; 53; 29
25,54,0.32467,0.46296,41; 25; 54; 63; 27; 80; 12; 62; 34; 44
26,31,0.34829,0.83871,68; 26; 31; 35; 12; 13; 41; 77; 44; 76
23,82,0.2623,0.28049,82; 23; 82; 61; 23; 38; 35; 42; 63; 10
14,43,0.29753,0.32558,22; 14; 43; 70; 62; 40; 31; 63; 25; 74
19,68,0.26843,0.27941,17; 19; 68; 37; 24; 39; 34; 85; 74; 15
23,77,0.27711,0.2987,60; 23; 77; 71; 44; 77; 41; 10; 16; 71
9,11,0.27171,0.81818,27; 9; 11; 27; 31; 76; 35; 21; 19; 60
17,59,0.28081,0.28814,12; 17; 59; 5; 84; 49; 27; 71; 51; 30
18,73,0.24373,0.24658,48; 18; 73; 59; 70; 5; 56; 45; 18; 39
37,46,0.31112,0.80435,77; 37; 46; 84; 38; 56; 24; 52; 81; 43
23,79,0.26532,0.29114,64; 23; 79; 61; 22; 83; 84; 83; 80; 52
36,78,0.24361,0.46154,15; 36; 78; 33; 72; 43; 17; 36; 32; 30
28,80,0.27171,0.35,5; 28; 80; 37; 84; 36; 52; 55; 72; 72
16,48,0.30555,0.33333,58; 16; 48; 12; 32; 56; 50; 23; 71; 46
70,83,0.18989,0.84337,57; 70; 83; 21; 78; 53; 6; 14; 22; 83
64,80,0.18826,0.8,43; 64; 80; 42; 31; 67; 79; 71; 77; 69
18,55,0.29616,0.32727,35; 18; 55; 71; 62; 16; 28; 85; 40; 48
20,71,0.27451,0.28169,51; 20; 71; 25; 61; 49; 27; 7; 15; 36
12,51,0.22655,0.23529,64; 12; 51; 51; 21; 73; 54; 13; 33; 24
39,69,0.26616,0.56522,14; 39; 69; 12; 78; 47; 51; 41; 48; 31
19,68,0.27183,0.27941,38; 19; 68; 12; 30; 81; 34; 8; 73; 5
22,66,0.29626,0.33333,25; 22; 66; 54; 45; 49; 76; 21; 19; 14
12,51,0.2364,0.23529,18; 12; 51; 29; 64; 34; 6; 40; 83; 11
19,65,0.28026,0.29231,31; 19; 65; 32; 41; 15; 31; 63; 33; 33
63,79,0.20522,0.79747,10; 63; 79; 27; 25; 22; 38; 25; 61; 54
45,57,0.28433,0.78947,66; 45; 57; 31; 71; 26; 47; 34; 66; 5
39,79,0.25291,0.49367,69; 39; 79; 53; 80; 45; 63; 83; 64; 79
50,61,0.26844,0.81967,24; 50; 61; 24; 81; 11; 44; 8; 19; 30
25,77,0.27241,0.32468,24; 25; 77; 22; 34; 63; 75; 20; 81; 75
20,83,0.24439,0.24096,29; 20; 83; 26; 33; 46; 11; 5; 29; 8
5,15,0.23696,0.33333,45; 5; 15; 33; 49; 80; 62; 29; 72; 45
37,47,0.31845,0.78723,60; 37; 47; 47; 71; 21; 21; 42; 62; 69
36,73,0.23349,0.49315,78; 36; 73; 82; 79; 38; 38; 57; 42; 31
22,79,0.2765,0.27848,72; 22; 79; 82; 52; 13; 59; 25; 45; 39
6,20,0.26547,0.3,79; 6; 20; 76; 58; 10; 76; 41; 83; 29
13,53,0.23891,0.24528,35; 13; 53; 43; 83; 69; 79; 20; 33; 13
17,61,0.26968,0.27869,16; 17; 61; 80; 17; 78; 38; 80; 85; 59
23,65,0.307,0.35385,10; 23; 65; 55; 40; 78; 65; 11; 16; 18
40,70,0.25837,0.57143,48; 40; 70; 78; 41; 65; 71; 63; 50; 47
21,25,0.34793,0.84,19; 21; 25; 52; 84; 58; 9; 15; 29; 30
20,35,0.34182,0.57143,54; 20; 35; 45; 48; 20; 78; 62; 64; 58
58,69,0.23342,0.84058,84; 58; 69; 70; 10; 22; 73; 34; 23; 17
41,83,0.23514,0.49398,16; 41; 83; 77; 82; 56; 72; 45; 6; 56
61,77,0.19561,0.79221,17; 61; 77; 47; 75; 78; 57; 12; 58; 75
67,84,0.18034,0.79762,56; 67; 84; 52; 65; 54; 55; 66; 10; 6
14,40,0.3058,0.35,27; 14; 40; 13; 63; 23; 39; 18; 77; 71
55,70,0.23838,0.78571,15; 55; 70; 28; 26; 48; 50; 76; 81; 55
21,46,0.33207,0.45652,79; 21; 46; 12; 29; 23; 68; 56; 44; 34
54,63,0.25512,0.85714,40; 54; 63; 35; 11; 5; 81; 42; 52; 40
25,44,0.34163,0.56818,23; 25; 44; 46; 34; 71; 8; 9; 68; 26
18,57,0.29548,0.31579,79; 18; 57; 56; 18; 68; 46; 54; 65; 53
28,61,0.31351,0.45902,39; 28; 61; 85; 74; 75; 12; 12; 76; 83
22,80,0.26354,0.275,42; 22; 80; 71; 70; 7; 37; 44; 16; 17
28,80,0.26844,0.35,15; 28; 80; 66; 64; 44; 60; 48; 47; 30
23,41,0.34021,0.56098,68; 23; 41; 80; 78; 15; 56; 25; 47; 52
19,55,0.30659,0.34545,46; 19; 55; 36; 58; 44; 12; 63; 70; 35
18,71,0.25012,0.25352,49; 18; 71; 39; 40; 69; 30; 37; 15; 49
17,72,0.23287,0.23611,18; 17; 72; 77; 84; 56; 38; 14; 67; 79
16,50,0.29719,0.32,44; 16; 50; 24; 47; 62; 26; 60; 58; 33
30,61,0.31628,0.4918,77; 30; 61; 69; 29; 81; 42; 63; 62; 75
66,83,0.20566,0.79518,25; 66; 83; 85; 26; 53; 80; 29; 7; 85
39,70,0.28282,0.55714,84; 39; 70; 54; 70; 77; 75; 47; 22; 81
18,36,0.33842,0.5,56; 18; 36; 79; 9; 12; 68; 54; 75; 79
17,61,0.27139,0.27869,44; 17; 61; 45; 55; 27; 54; 78; 19; 13
36,79,0.25597,0.4557,18; 36; 79; 27; 11; 79; 31; 15; 21; 42
37,80,0.25689,0.4625,53; 37; 80; 40; 77; 83; 34; 32; 9; 82
41,82,0.2374,0.5,16; 41; 82; 15; 20; 51; 36; 31; 83; 76
17,58,0.28123,0.2931,74; 17; 58; 45; 79; 52; 52; 41; 17; 42
19,65,0.28161,0.29231,60; 19; 65; 46; 59; 46; 84; 51; 52; 48
29,78,0.26437,0.37179,44; 29; 78; 81; 49; 60; 77; 45; 78; 33
37,43,0.32147,0.86047,22; 37; 43; 66; 55; 25; 33; 8; 25; 82
16,64,0.24682,0.25,44; 16; 64; 18; 38; 59; 67; 28; 13; 8
8,28,0.27686,0.28571,37; 8; 28; 70; 78; 68; 59; 7; 48; 5
12,48,0.24625,0.25,19; 12; 48; 51; 42; 63; 41; 76; 62; 37
17,71,0.24285,0.23944,85; 17; 71; 27; 29; 74; 22; 82; 13; 9
16,19,0.33811,0.84211,16; 16; 19; 85; 44; 83; 83; 83; 81; 56
27,84,0.27114,0.32143,55; 27; 84; 68; 9; 34; 56; 13; 29; 42
58,71,0.20612,0.8169,28; 58; 71; 67; 39; 71; 54; 40; 50; 11
14,49,0.27862,0.28571,14; 14; 49; 19; 71; 40; 34; 23; 75; 30
61,73,0.20477,0.83562,55; 61; 73; 75; 82; 16; 82; 69; 18; 58
22,76,0.27632,0.28947,64; 22; 76; 19; 52; 24; 35; 34; 68; 25
30,81,0.25603,0.37037,9; 30; 81; 83; 62; 69; 76; 59; 53; 85
6,12,0.23118,0.5,17; 6; 12; 75; 58; 33; 23; 32; 24; 6
44,79,0.22661,0.55696,55; 44; 79; 53; 76; 11; 5; 7; 60; 67
68,83,0.19337,0.81928,55; 68; 83; 17; 6; 71; 31; 28; 22; 20
34,61,0.3046,0.55738,20; 34; 61; 63; 60; 61; 17; 53; 30; 69
9,28,0.29349,0.32143,79; 9; 28; 75; 83; 73; 65; 82; 81; 85
17,67,0.25045,0.25373,24; 17; 67; 77; 30; 55; 31; 52; 41; 37
9,18,0.30781,0.5,69; 9; 18; 32; 19; 82; 48; 11; 5; 46
21,43,0.33123,0.48837,54; 21; 43; 76; 10; 32; 76; 35; 42; 8
14,55,0.25498,0.25455,44; 14; 55; 64; 81; 37; 34; 33; 84; 72
55,67,0.23457,0.8209,15; 55; 67; 20; 53; 82; 71; 11; 60; 57
14,38,0.31088,0.36842,52; 14; 38; 79; 5; 47; 15; 30; 70; 30
10,41,0.24684,0.2439,32; 10; 41; 35; 46; 33; 81; 34; 81; 32
21,70,0.28909,0.3,17; 21; 70; 73; 65; 52; 73; 74; 5; 74
50,58,0.26635,0.86207,20; 50; 58; 43; 33; 37; 23; 51; 23; 16
57,72,0.22429,0.79167,19; 57; 72; 13; 56; 54; 30; 60; 58; 49
46,81,0.25338,0.5679,30; 46; 81; 77; 48; 33; 59; 62; 74; 66
73,85,0.19024,0.85882,14; 73; 85; 57; 40; 9; 20; 48; 50; 10
22,44,0.33813,0.5,26; 22; 44; 23; 38; 27; 34; 81; 40; 7
42,74,0.2692,0.56757,6; 42; 74; 59; 46; 60; 51; 17; 33; 8
45,81,0.25052,0.55556,5; 45; 81; 13; 29; 22; 63; 12; 43; 25
12,37,0.29662,0.32432,12; 12; 37; 28; 27; 35; 65; 28; 49; 68
38,82,0.24257,0.46341,53; 38; 82; 7; 33; 80; 49; 52; 35; 50
20,69,0.28053,0.28986,28; 20; 69; 51; 42; 75; 65; 43; 38; 22
14,55,0.24922,0.25455,83; 14; 55; 67; 10; 81; 45; 59; 74; 34
21,42,0.34436,0.5,73; 21; 42; 82; 82; 53; 69; 55; 62; 52
30,53,0.32126,0.56604,63; 30; 53; 43; 55; 77; 77; 78; 72; 68
16,57,0.27445,0.2807,44; 16; 57; 51; 31; 36; 5; 80; 67; 36
14,46,0.29313,0.30435,26; 14; 46; 9; 66; 6; 15; 59; 82; 17
22,69,0.29067,0.31884,47; 22; 69; 13; 74; 54; 61; 48; 26; 85
51,64,0.2578,0.79688,71; 51; 64; 48; 36; 80; 59; 8; 45; 37
20,25,0.34651,0.8,15; 20; 25; 77; 69; 5; 20; 42; 31; 41
45,55,0.25993,0.81818,9; 45; 55; 15; 46; 60; 63; 82; 59; 45
22,44,0.32892,0.5,42; 22; 44; 41; 51; 78; 44; 52; 73; 74
24,28,0.34296,0.85714,39; 24; 28; 5; 74; 15; 7; 21; 15; 45
28,80,0.26732,0.35,28; 28; 80; 67; 81; 20; 60; 21; 66; 62
17,34,0.33794,0.5,65; 17; 34; 21; 71; 70; 60; 34; 26; 63
25,68,0.29976,0.36765,21; 25; 68; 78; 12; 74; 73; 48; 10; 34
7,24,0.27275,0.29167,41; 7; 24; 31; 56; 27; 34; 57; 60; 63
18,65,0.27164,0.27692,71; 18; 65; 48; 75; 60; 36; 11; 55; 62
35,72,0.28161,0.48611,71; 35; 72; 40; 50; 77; 72; 66; 65; 82
64,80,0.20439,0.8,49; 64; 80; 42; 29; 62; 66; 39; 64; 23
33,71,0.28056,0.46479,54; 33; 71; 26; 60; 34; 84; 66; 21; 70
20,83,0.24198,0.24096,48; 20; 83; 77; 60; 84; 15; 25; 59; 53
19,76,0.24823,0.25,36; 19; 76; 48; 74; 39; 65; 5; 5; 42
30,38,0.33862,0.78947,15; 30; 38; 31; 60; 39; 50; 22; 41; 72
17,37,0.33063,0.45946,73; 17; 37; 12; 70; 20; 12; 68; 35; 17
38,67,0.28103,0.56716,25; 38; 67; 66; 41; 57; 6; 65; 78; 75
21,42,0.34032,0.5,5; 21; 42; 28; 50; 41; 34; 8; 18; 10
43,51,0.3026,0.84314,13; 43; 51; 13; 8; 19; 27; 81; 62; 33
23,29,0.34504,0.7931,37; 23; 29; 67; 75; 54; 9; 76; 21; 22
15,46,0.30056,0.32609,48; 15; 46; 47; 39; 62; 65; 74; 40; 73
14,46,0.29186,0.30435,13; 14; 46; 16; 11; 41; 85; 52; 75; 10
25,51,0.33111,0.4902,70; 25; 51; 47; 43; 57; 10; 38; 43; 51
30,82,0.26648,0.36585,51; 30; 82; 54; 45; 69; 69; 77; 14; 68
13,55,0.23306,0.23636,42; 13; 55; 79; 41; 13; 64; 81; 12; 84
8,33,0.23887,0.24242,65; 8; 33; 60; 46; 79; 85; 82; 9; 46
7,25,0.26622,0.28,17; 7; 25; 81; 79; 78; 47; 85; 68; 53
23,81,0.27152,0.28395,26; 23; 81; 62; 59; 42; 72; 8; 31; 67
16,19,0.33799,0.84211,31; 16; 19; 17; 70; 55; 14; 14; 13; 75
31,68,0.30546,0.45588,82; 31; 68; 11; 49; 20; 43; 39; 84; 68
43,51,0.29898,0.84314,79; 43; 51; 39; 75; 67; 50; 80; 13; 45
29,82,0.26177,0.35366,55; 29; 82; 63; 63; 75; 43; 63; 18; 39
13,47,0.27187,0.2766,37; 13; 47; 62; 18; 79; 70; 42; 78; 83
57,68,0.22856,0.83824,82; 57; 68; 28; 76; 82; 54; 77; 60; 48
13,53,0.23771,0.24528,5; 13; 53; 23; 33; 22; 32; 83; 8; 54
56,68,0.20787,0.82353,24; 56; 68; 70; 81; 79; 55; 39; 36; 25
20,82,0.24972,0.2439,54; 20; 82; 69; 72; 23; 71; 83; 9; 34
61,73,0.20112,0.83562,64; 61; 73; 34; 63; 51; 32; 76; 51; 16
33,67,0.2813,0.49254,7; 33; 67; 79; 68; 30; 47; 44; 83; 40
69,82,0.19072,0.84146,76; 69; 82; 51; 54; 33; 77; 31; 37; 16
36,73,0.2671,0.49315,31; 36; 73; 29; 65; 51; 72; 24; 37; 16
45,57,0.27408,0.78947,76; 45; 57; 45; 78; 43; 42; 48; 57; 60
40,49,0.30301,0.81633,12; 40; 49; 84; 50; 56; 17; 68; 41; 36
40,80,0.23911,0.5,54; 40; 80; 20; 40; 60; 52; 19; 38; 8
16,43,0.31552,0.37209,25; 16; 43; 63; 58; 56; 53; 19; 63; 11
10,41,0.24149,0.2439,59; 10; 41; 65; 31; 42; 40; 71; 8; 37
11,46,0.23547,0.23913,13; 11; 46; 82; 9; 78; 67; 84; 50; 55
21,72,0.27866,0.29167,25; 21; 72; 58; 82; 69; 55; 83; 35; 68
21,64,0.30243,0.32812,81; 21; 64; 81; 67; 45; 36; 39; 19; 80
39,85,0.22019,0.45882,49; 39; 85; 10; 19; 59; 72; 17; 10; 62
7,25,0.26565,0.28,29; 7; 25; 18; 60; 44; 24; 54; 44; 26
6,25,0.23805,0.24,75; 6; 25; 12; 85; 37; 35; 59; 57; 24
16,43,0.31887,0.37209,51; 16; 43; 58; 48; 75; 63; 67; 68; 64
27,59,0.32165,0.45763,28; 27; 59; 44; 83; 11; 54; 79; 84; 58
23,29,0.34691,0.7931,23; 23; 29; 19; 71; 25; 18; 10; 65; 24
23,47,0.33728,0.48936,8; 23; 47; 17; 15; 38; 41; 44; 81; 79
51,61,0.26048,0.83607,42; 51; 61; 60; 46; 26; 17; 9; 6; 16
21,76,0.27114,0.27632,43; 21; 76; 70; 33; 59; 56; 42; 32; 33
12,26,0.31788,0.46154,30; 12; 26; 42; 20; 77; 50; 21; 39; 20
44,77,0.24467,0.57143,72; 44; 77; 76; 58; 53; 59; 75; 63; 29
31,68,0.30354,0.45588,12; 31; 68; 65; 55; 75; 6; 19; 56; 83
13,40,0.30301,0.325,13; 13; 40; 30; 76; 62; 28; 26; 85; 34
39,68,0.23302,0.57353,42; 39; 68; 10; 60; 7; 55; 84; 55; 20
19,60,0.29352,0.31667,37; 19; 60; 76; 31; 24; 11; 21; 41; 46
35,63,0.29039,0.55556,53; 35; 63; 8; 22; 75; 63; 42; 14; 46
27,59,0.32154,0.45763,23; 27; 59; 37; 65; 45; 55; 63; 13; 25
7,22,0.29181,0.31818,60; 7; 22; 84; 30; 73; 22; 69; 46; 68
29,58,0.31978,0.5,61; 29; 58; 14; 52; 29; 70; 19; 71; 65
26,70,0.29747,0.37143,70; 26; 70; 6; 31; 17; 24; 61; 76; 43
66,79,0.18737,0.83544,64; 66; 79; 7; 16; 84; 57; 27; 17; 26
31,68,0.29242,0.45588,44; 31; 68; 45; 16; 30; 73; 62; 63; 68
10,33,0.28336,0.30303,47; 10; 33; 72; 42; 53; 36; 39; 83; 14
10,18,0.31229,0.55556,32; 10; 18; 84; 10; 47; 60; 25; 5; 7
46,58,0.26475,0.7931,65; 46; 58; 38; 26; 18; 24; 15; 44; 31
12,24,0.32764,0.5,39; 12; 24; 82; 10; 26; 8; 80; 55; 69
13,46,0.27575,0.28261,28; 13; 46; 15; 72; 81; 80; 66; 31; 5
39,78,0.25318,0.5,76; 39; 78; 80; 41; 61; 35; 58; 71; 64
7,20,0.29564,0.35,71; 7; 20; 19; 71; 72; 31; 38; 80; 67
18,62,0.28021,0.29032,75; 18; 62; 23; 14; 83; 10; 84; 38; 31
20,71,0.27017,0.28169,10; 20; 71; 47; 85; 14; 31; 64; 26; 27
29,83,0.25951,0.3494,21; 29; 83; 76; 80; 66; 80; 5; 13; 16
33,66,0.28508,0.5,10; 33; 66; 59; 77; 41; 84; 55; 8; 16
60,73,0.21407,0.82192,39; 60; 73; 73; 42; 42; 68; 47; 60; 6
38,76,0.25398,0.5,15; 38; 76; 23; 47; 83; 40; 5; 16; 21
49,58,0.2738,0.84483,52; 49; 58; 59; 52; 76; 42; 76; 78; 28
31,84,0.25488,0.36905,69; 31; 84; 66; 67; 23; 47; 57; 23; 76
66,83,0.20946,0.79518,27; 66; 83; 78; 22; 18; 15; 31; 45; 68
37,80,0.24994,0.4625,40; 37; 80; 75; 69; 47; 74; 12; 7; 11
20,63,0.29775,0.31746,76; 20; 63; 36; 21; 42; 23; 40; 78; 5
71,83,0.18806,0.85542,76; 71; 83; 39; 82; 81; 48; 16; 50; 74
63,80,0.20114,0.7875,79; 63; 80; 5; 28; 6; 55; 12; 43; 15
22,62,0.31064,0.35484,23; 22; 62; 26; 32; 75; 40; 62; 36; 75
10,31,0.29554,0.32258,81; 10; 31; 28; 52; 18; 44; 84; 37; 80
6,7,0.16377,0.85714,14; 6; 7; 70; 8; 69; 61; 51; 71; 84
43,50,0.27172,0.86,63; 43; 50; 12; 76; 73; 27; 42; 68; 14
12,36,0.29938,0.33333,20; 12; 36; 36; 68; 81; 80; 23; 68; 78
18,72,0.24909,0.25,79; 18; 72; 43; 76; 76; 77; 74; 59; 73
18,22,0.34,0.81818,41; 18; 22; 46; 46; 78; 9; 9; 12; 47
11,38,0.28237,0.28947,58; 11; 38; 45; 81; 49; 47; 84; 46; 30
31,63,0.30686,0.49206,33; 31; 63; 39; 66; 41; 47; 56; 33; 19
26,57,0.32635,0.45614,73; 26; 57; 59; 54; 22; 13; 41; 28; 45
21,84,0.24803,0.25,41; 21; 84; 39; 9; 14; 30; 15; 53; 56
22,62,0.30987,0.35484,45; 22; 62; 41; 77; 55; 82; 23; 64; 21
14,17,0.33,0.82353,67; 14; 17; 76; 18; 44; 74; 49; 76; 60
59,72,0.22154,0.81944,45; 59; 72; 84; 46; 84; 12; 16; 60; 55
17,53,0.30144,0.32075,38; 17; 53; 62; 33; 30; 75; 11; 84; 5
65,79,0.20708,0.82278,20; 65; 79; 78; 35; 29; 15; 19; 15; 77
24,79,0.27523,0.3038,74; 24; 79; 33; 35; 15; 28; 11; 55; 17
18,32,0.33663,0.5625,16; 18; 32; 17; 77; 17; 81; 53; 37; 14
7,19,0.28916,0.36842,28; 7; 19; 76; 34; 28; 75; 81; 6; 25
22,45,0.33949,0.48889,71; 22; 45; 6; 48; 49; 22; 68; 45; 59
17,61,0.27358,0.27869,15; 17; 61; 23; 82; 49; 15; 51; 57; 32
22,68,0.29681,0.32353,23; 22; 68; 56; 58; 54; 59; 74; 31; 41
23,82,0.26954,0.28049,9; 23; 82; 74; 34; 48; 26; 70; 70; 83
18,52,0.30582,0.34615,54; 18; 52; 15; 6; 26; 71; 69; 74; 10
24,68,0.29791,0.35294,82; 24; 68; 37; 57; 85; 51; 51; 67; 74
30,38,0.34212,0.78947,50; 30; 38; 31; 25; 65; 26; 8; 8; 12
54,66,0.24136,0.81818,35; 54; 66; 79; 61; 49; 24; 55; 60; 24
9,30,0.28359,0.3,54; 9; 30; 52; 10; 73; 8; 85; 45; 19
38,45,0.30844,0.84444,47; 38; 45; 48; 45; 9; 81; 33; 32; 83
19,75,0.25098,0.25333,74; 19; 75; 7; 22; 79; 83; 36; 76; 6
19,38,0.33755,0.5,62; 19; 38; 10; 42; 27; 5; 78; 64; 47
39,68,0.26935,0.57353,72; 39; 68; 68; 22; 33; 37; 16; 81; 25
18,32,0.33625,0.5625,42; 18; 32; 19; 76; 15; 68; 79; 74; 27
19,54,0.30981,0.35185,37; 19; 54; 14; 46; 76; 51; 37; 38; 82
20,62,0.29947,0.32258,34; 20; 62; 26; 21; 47; 25; 67; 61; 26
5,17,0.24795,0.29412,73; 5; 17; 32; 63; 51; 68; 49; 8; 48
36,45,0.3216,0.8,15; 36; 45; 76; 67; 74; 20; 42; 7; 77
21,70,0.28687,0.3,64; 21; 70; 69; 38; 69; 12; 39; 78; 43
27,82,0.25512,0.32927,24; 27; 82; 8; 52; 17; 61; 27; 39; 84
26,81,0.28107,0.32099,28; 26; 81; 38; 66; 36; 5; 14; 66; 70
18,39,0.33085,0.46154,46; 18; 39; 58; 23; 61; 71; 47; 35; 53
6,13,0.26753,0.46154,8; 6; 13; 53; 9; 80; 12; 43; 53; 77
19,67,0.27445,0.28358,63; 19; 67; 18; 6; 50; 39; 7; 61; 67
25,72,0.2771,0.34722,27; 25; 72; 84; 23; 9; 16; 32; 50; 9
14,43,0.3026,0.32558,37; 14; 43; 51; 29; 22; 20; 79; 75; 40
10,27,0.30722,0.37037,16; 10; 27; 76; 23; 26; 19; 21; 30; 46
14,56,0.24747,0.25,65; 14; 56; 46; 35; 81; 71; 26; 43; 29
7,14,0.26971,0.5,83; 7; 14; 71; 25; 51; 66; 37; 66; 16
22,48,0.33308,0.45833,26; 22; 48; 77; 40; 20; 13; 47; 30; 33
37,66,0.27882,0.56061,13; 37; 66; 22; 8; 18; 76; 62; 7; 8
29,52,0.32638,0.55769,28; 29; 52; 26; 34; 46; 68; 73; 18; 32
54,64,0.24589,0.84375,54; 54; 64; 61; 18; 32; 77; 11; 53; 51
31,37,0.34146,0.83784,14; 31; 37; 10; 6; 32; 76; 39; 37; 67
11,34,0.29567,0.32353,57; 11; 34; 37; 7; 25; 39; 61; 59; 46
48,60,0.27198,0.8,9; 48; 60; 57; 77; 22; 47; 58; 26; 17
15,51,0.28087,0.29412,40; 15; 51; 57; 85; 57; 73; 23; 22; 38
15,19,0.33903,0.78947,6; 15; 19; 35; 36; 50; 23; 80; 42; 54
34,60,0.31659,0.56667,21; 34; 60; 13; 72; 28; 41; 45; 41; 27
53,65,0.24664,0.81538,55; 53; 65; 20; 63; 78; 47; 72; 77; 81
11,38,0.27283,0.28947,75; 11; 38; 78; 53; 74; 22; 6; 66; 52
10,30,0.29811,0.33333,6; 10; 30; 28; 13; 54; 31; 68; 73; 71
24,80,0.26918,0.3,44; 24; 80; 76; 28; 75; 68; 69; 49; 69
43,50,0.2983,0.86,56; 43; 50; 10; 14; 51; 74; 81; 31; 67
20,54,0.31735,0.37037,19; 20; 54; 32; 35; 61; 42; 58; 19; 78
59,70,0.23361,0.84286,7; 59; 70; 39; 17; 77; 79; 82; 9; 76
28,57,0.32234,0.49123,70; 28; 57; 48; 15; 50; 44; 76; 38; 54
26,46,0.33249,0.56522,28; 26; 46; 21; 46; 26; 22; 9; 10; 81
24,76,0.2776,0.31579,80; 24; 76; 46; 31; 65; 21; 26; 77; 54
16,64,0.247,0.25,19; 16; 64; 68; 61; 46; 27; 44; 19; 81
49,60,0.26913,0.81667,27; 49; 60; 53; 35; 63; 48; 71; 21; 78
18,56,0.29983,0.32143,85; 18; 56; 27; 5; 62; 42; 62; 73; 36
5,17,0.25142,0.29412,20; 5; 17; 74; 19; 65; 81; 20; 79; 22
56,67,0.23393,0.83582,79; 56; 67; 83; 39; 74; 74; 14; 39; 26
21,43,0.33693,0.48837,7; 21; 43; 13; 42; 38; 9; 45; 44; 53
42,75,0.27016,0.56,72; 42; 75; 37; 51; 18; 54; 10; 81; 6
31,38,0.34007,0.81579,53; 31; 38; 80; 60; 70; 9; 24; 73; 55
28,57,0.3245,0.49123,82; 28; 57; 49; 70; 68; 62; 21; 70; 13
35,72,0.29413,0.48611,62; 35; 72; 60; 34; 22; 80; 12; 64; 34
22,63,0.30531,0.34921,48; 22; 63; 49; 30; 43; 65; 35; 11; 69
30,60,0.3038,0.5,54; 30; 60; 8; 21; 59; 36; 83; 75; 12
24,42,0.34043,0.57143,24; 24; 42; 56; 67; 50; 37; 64; 76; 51
53,65,0.24035,0.81538,79; 53; 65; 53; 14; 6; 45; 50; 11; 69
12,24,0.32853,0.5,9; 12; 24; 56; 54; 68; 62; 69; 42; 53
20,83,0.23651,0.24096,51; 20; 83; 76; 24; 47; 53; 48; 42; 12
23,82,0.26519,0.28049,29; 23; 82; 47; 74; 59; 20; 62; 73; 85
37,80,0.2471,0.4625,18; 37; 80; 77; 9; 70; 31; 73; 66; 83
13,54,0.23777,0.24074,85; 13; 54; 11; 75; 13; 22; 42; 15; 57
32,39,0.33246,0.82051,31; 32; 39; 40; 68; 69; 53; 12; 42; 43
24,72,0.29062,0.33333,62; 24; 72; 40; 12; 14; 69; 63; 30; 37
18,74,0.24297,0.24324,74; 18; 74; 24; 34; 81; 73; 83; 35; 78
21,43,0.34169,0.48837,5; 21; 43; 49; 22; 13; 17; 41; 11; 72
28,81,0.2675,0.34568,12; 28; 81; 42; 70; 71; 59; 81; 69; 51
26,81,0.27188,0.32099,38; 26; 81; 16; 24; 76; 50; 79; 75; 33
19,64,0.28829,0.29688,50; 19; 64; 70; 42; 14; 47; 32; 60; 9
53,65,0.24524,0.81538,41; 53; 65; 57; 48; 46; 36; 59; 15; 12
20,72,0.27147,0.27778,15; 20; 72; 51; 32; 5; 81; 31; 36; 35
28,49,0.33466,0.57143,41; 28; 49; 24; 55; 46; 39; 30; 12; 67
28,35,0.34316,0.8,69; 28; 35; 39; 56; 84; 52; 9; 26; 79
18,56,0.29613,0.32143,6; 18; 56; 15; 77; 60; 80; 7; 85; 11
41,82,0.23841,0.5,23; 41; 82; 21; 79; 9; 10; 70; 76; 57
68,83,0.1938,0.81928,56; 68; 83; 19; 52; 12; 6; 77; 21; 83
35,70,0.27377,0.5,51; 35; 70; 25; 23; 38; 61; 21; 13; 53
60,73,0.22621,0.82192,57; 60; 73; 67; 84; 47; 32; 38; 53; 34
18,39,0.33754,0.46154,82; 18; 39; 10; 17; 45; 55; 13; 6; 60
71,83,0.18812,0.85542,18; 71; 83; 53; 55; 52; 26; 10; 26; 45
14,44,0.29478,0.31818,24; 14; 44; 42; 46; 43; 38; 5; 43; 43
20,54,0.32121,0.37037,37; 20; 54; 33; 82; 28; 43; 55; 9; 77
16,28,0.33671,0.57143,78; 16; 28; 79; 79; 33; 60; 59; 5; 47
38,76,0.28113,0.5,65; 38; 76; 35; 68; 50; 40; 19; 76; 81
26,56,0.32542,0.46429,23; 26; 56; 53; 65; 69; 80; 56; 11; 58
22,66,0.30333,0.33333,29; 22; 66; 6; 23; 65; 79; 63; 64; 81
26,46,0.33727,0.56522,17; 26; 46; 26; 34; 10; 8; 71; 41; 10
21,25,0.3461,0.84,5; 21; 25; 42; 41; 28; 25; 49; 59; 14
40,71,0.25651,0.56338,35; 40; 71; 7; 48; 65; 14; 53; 30; 14
25,51,0.33115,0.4902,68; 25; 51; 24; 10; 42; 36; 62; 76; 14
55,64,0.24886,0.85938,31; 55; 64; 10; 19; 25; 34; 54; 65; 52
21,60,0.30917,0.35,65; 21; 60; 63; 17; 11; 17; 9; 80; 35
31,37,0.33735,0.83784,19; 31; 37; 35; 72; 80; 73; 29; 71; 35
20,82,0.24369,0.2439,55; 20; 82; 83; 67; 51; 21; 9; 8; 16
18,72,0.24726,0.25,74; 18; 72; 44; 72; 69; 52; 68; 84; 18
26,71,0.29053,0.3662,41; 26; 71; 59; 63; 18; 24; 79; 53; 72
18,73,0.24419,0.24658,77; 18; 73; 38; 6; 23; 73; 29; 50; 39
18,75,0.23698,0.24,50; 18; 75; 72; 41; 37; 22; 54; 21; 22
27,85,0.26923,0.31765,25; 27; 85; 20; 79; 58; 63; 30; 84; 70
24,68,0.29875,0.35294,27; 24; 68; 27; 53; 72; 80; 28; 6; 37
23,76,0.27466,0.30263,16; 23; 76; 32; 58; 59; 44; 38; 5; 55
22,45,0.33943,0.48889,81; 22; 45; 65; 69; 74; 80; 17; 63; 15
29,82,0.27174,0.35366,11; 29; 82; 8; 60; 40; 10; 59; 61; 27
66,79,0.19785,0.83544,35; 66; 79; 77; 9; 61; 7; 54; 8; 40
29,84,0.26709,0.34524,5; 29; 84; 58; 35; 74; 78; 45; 61; 7
29,79,0.26911,0.36709,6; 29; 79; 70; 12; 45; 5; 78; 25; 10
14,28,0.32996,0.5,83; 14; 28; 39; 23; 68; 42; 40; 63; 84
17,37,0.33189,0.45946,71; 17; 37; 14; 24; 69; 31; 53; 47; 44
64,74,0.20944,0.86486,21; 64; 74; 82; 8; 53; 19; 20; 47; 56
16,43,0.31445,0.37209,45; 16; 43; 62; 28; 70; 57; 74; 83; 48
15,46,0.30117,0.32609,52; 15; 46; 12; 85; 71; 39; 25; 22; 37
10,40,0.24993,0.25,83; 10; 40; 29; 36; 38; 83; 68; 16; 29
49,58,0.26739,0.84483,34; 49; 58; 32; 63; 75; 53; 43; 80; 6
16,19,0.33728,0.84211,52; 16; 19; 84; 58; 47; 9; 32; 68; 6
37,65,0.29229,0.56923,33; 37; 65; 68; 22; 79; 20; 22; 56; 12
7,25,0.27065,0.28,34; 7; 25; 14; 24; 25; 40; 55; 54; 45
49,57,0.27063,0.85965,10; 49; 57; 17; 82; 27; 19; 53; 38; 54
24,75,0.28528,0.32,24; 24; 75; 77; 36; 60; 76; 32; 37; 34
39,79,0.24609,0.49367,73; 39; 79; 36; 14; 9; 46; 9; 80; 31
39,79,0.25659,0.49367,65; 39; 79; 37; 54; 75; 46; 17; 43; 18
16,67,0.23604,0.23881,66; 16; 67; 68; 71; 68; 55; 40; 17; 36
66,77,0.2072,0.85714,81; 66; 77; 61; 8; 32; 43; 39; 54; 81
20,67,0.28644,0.29851,60; 20; 67; 75; 66; 40; 22; 75; 51; 14
63,80,0.1903,0.7875,78; 63; 80; 22; 71; 81; 38; 20; 33; 44
19,67,0.27675,0.28358,44; 19; 67; 82; 33; 70; 6; 24; 71; 42
16,48,0.30034,0.33333,53; 16; 48; 81; 10; 62; 67; 83; 23; 75
21,74,0.27536,0.28378,27; 21; 74; 20; 16; 11; 74; 47; 24; 45
26,74,0.2927,0.35135,73; 26; 74; 36; 81; 25; 12; 79; 69; 34
58,69,0.23303,0.84058,74; 58; 69; 72; 65; 23; 36; 46; 12; 45
17,30,0.3335,0.56667,26; 17; 30; 36; 40; 43; 25; 19; 54; 75
31,67,0.29105,0.46269,45; 31; 67; 47; 34; 51; 11; 43; 62; 79
28,85,0.24801,0.32941,62; 28; 85; 26; 36; 48; 11; 12; 35; 28
24,74,0.28879,0.32432,68; 24; 74; 68; 52; 81; 30; 37; 60; 37
21,83,0.25279,0.25301,57; 21; 83; 79; 30; 69; 85; 76; 63; 43
10,35,0.27088,0.28571,66; 10; 35; 71; 75; 49; 30; 43; 57; 48
23,65,0.30665,0.35385,19; 23; 65; 84; 32; 57; 72; 55; 11; 46
25,29,0.34342,0.86207,13; 25; 29; 60; 66; 12; 46; 67; 71; 52
19,78,0.2399,0.24359,76; 19; 78; 58; 29; 74; 17; 14; 84; 33
14,56,0.24846,0.25,9; 14; 56; 37; 52; 49; 44; 17; 58; 42
36,42,0.32458,0.85714,77; 36; 42; 47; 15; 50; 14; 45; 85; 78
39,78,0.24065,0.5,52; 39; 78; 69; 11; 48; 78; 20; 19; 76
28,75,0.29028,0.37333,51; 28; 75; 10; 20; 45; 23; 44; 41; 30
12,36,0.29479,0.33333,14; 12; 36; 39; 74; 84; 5; 48; 11; 73
58,71,0.21536,0.8169,70; 58; 71; 62; 25; 39; 38; 72; 60; 13
9,16,0.28908,0.5625,66; 9; 16; 18; 27; 52; 26; 35; 10; 21
15,46,0.30245,0.32609,42; 15; 46; 5; 62; 79; 69; 45; 36; 69
10,27,0.30606,0.37037,25; 10; 27; 9; 32; 68; 59; 18; 7; 49
25,79,0.26947,0.31646,42; 25; 79; 13; 51; 19; 67; 28; 18; 43
42,74,0.25404,0.56757,58; 42; 74; 11; 6; 58; 43; 67; 72; 24
33,67,0.29788,0.49254,27; 33; 67; 76; 59; 7; 58; 21; 31; 57
20,25,0.34566,0.8,58; 20; 25; 66; 83; 61; 46; 22; 10; 10
23,80,0.27095,0.2875,28; 23; 80; 46; 13; 31; 16; 25; 28; 7
5,10,0.17737,0.5,22; 5; 10; 62; 76; 48; 44; 16; 32; 8
24,42,0.33916,0.57143,66; 24; 42; 33; 71; 59; 47; 40; 11; 75
34,68,0.28516,0.5,19; 34; 68; 27; 11; 65; 61; 61; 16; 82
13,52,0.24509,0.25,20; 13; 52; 81; 8; 70; 36; 50; 61; 72
29,83,0.2749,0.3494,7; 29; 83; 40; 27; 67; 64; 18; 16; 48
65,79,0.20476,0.82278,41; 65; 79; 30; 81; 72; 70; 69; 67; 71
71,83,0.18583,0.85542,48; 71; 83; 32; 71; 77; 70; 77; 74; 73
17,72,0.23546,0.23611,13; 17; 72; 14; 53; 37; 23; 52; 35; 82
43,77,0.25712,0.55844,7; 43; 77; 66; 8; 30; 40; 23; 9; 78
38,83,0.26738,0.45783,38; 38; 83; 8; 63; 48; 60; 85; 44; 59
31,39,0.33663,0.79487,74; 31; 39; 68; 6; 5; 25; 71; 52; 10
11,46,0.23683,0.23913,67; 11; 46; 29; 51; 46; 34; 10; 23; 39
10,41,0.23999,0.2439,84; 10; 41; 77; 22; 66; 76; 64; 14; 30
12,37,0.2981,0.32432,29; 12; 37; 77; 43; 14; 24; 18; 82; 43
20,82,0.24548,0.2439,65; 20; 82; 40; 42; 47; 20; 34; 37; 78
30,35,0.33819,0.85714,42; 30; 35; 5; 85; 26; 46; 14; 33; 52
20,82,0.24157,0.2439,74; 20; 82; 61; 52; 60; 65; 53; 20; 79
6,12,0.23217,0.5,65; 6; 12; 38; 31; 58; 20; 21; 76; 46
17,58,0.28539,0.2931,15; 17; 58; 78; 83; 61; 17; 65; 8; 71
10,36,0.26993,0.27778,51; 10; 36; 12; 47; 63; 54; 80; 9; 54
39,69,0.28345,0.56522,66; 39; 69; 24; 46; 22; 46; 23; 12; 34
18,39,0.33327,0.46154,10; 18; 39; 58; 38; 47; 57; 78; 75; 13
18,65,0.27158,0.27692,6; 18; 65; 67; 48; 46; 69; 42; 42; 5
30,38,0.34022,0.78947,27; 30; 38; 13; 45; 14; 15; 39; 16; 35
18,22,0.34261,0.81818,70; 18; 22; 5; 60; 65; 7; 17; 18; 77
28,35,0.33658,0.8,66; 28; 35; 38; 57; 41; 84; 80; 74; 36
33,58,0.29556,0.56897,64; 33; 58; 63; 63; 58; 49; 16; 26; 68
20,80,0.24741,0.25,65; 20; 80; 53; 31; 80; 62; 31; 71; 72
48,84,0.23033,0.57143,11; 48; 84; 38; 48; 10; 78; 20; 11; 78
18,36,0.34073,0.5,69; 18; 36; 17; 33; 23; 38; 16; 81; 42
28,56,0.32185,0.5,78; 28; 56; 29; 82; 52; 53; 37; 72; 25
25,75,0.27942,0.33333,77; 25; 75; 27; 81; 17; 74; 71; 67; 8
39,85,0.23883,0.45882,83; 39; 85; 15; 29; 53; 57; 59; 34; 40
16,53,0.29284,0.30189,69; 16; 53; 56; 64; 77; 57; 12; 10; 73
16,53,0.28699,0.30189,55; 16; 53; 39; 54; 85; 50; 19; 41; 35
15,41,0.31099,0.36585,85; 15; 41; 72; 58; 10; 30; 64; 81; 63
22,73,0.28544,0.30137,65; 22; 73; 85; 6; 34; 44; 80; 47; 47
11,44,0.24778,0.25,11; 11; 44; 14; 29; 32; 74; 75; 67; 75
67,78,0.18802,0.85897,75; 67; 78; 38; 73; 74; 18; 52; 42; 45
24,43,0.3395,0.55814,45; 24; 43; 41; 12; 51; 85; 24; 30; 10
19,78,0.24222,0.24359,9; 19; 78; 30; 10; 5; 78; 58; 78; 57
23,66,0.30413,0.34848,74; 23; 66; 68; 14; 22; 55; 12; 56; 42
13,41,0.29379,0.31707,20; 13; 41; 79; 39; 37; 33; 83; 7; 42
23,29,0.34778,0.7931,5; 23; 29; 73; 68; 40; 57; 26; 23; 55
12,24,0.32579,0.5,46; 12; 24; 66; 34; 50; 61; 7; 64; 55
69,82,0.19523,0.84146,10; 69; 82; 28; 73; 8; 10; 32; 62; 15
18,57,0.29084,0.31579,46; 18; 57; 32; 59; 85; 79; 7; 77; 46
15,52,0.28051,0.28846,9; 15; 52; 42; 20; 11; 5; 57; 48; 54
42,84,0.24634,0.5,76; 42; 84; 53; 75; 40; 12; 11; 11; 37
37,81,0.2694,0.45679,19; 37; 81; 38; 32; 21; 81; 69; 40; 82
35,71,0.26203,0.49296,33; 35; 71; 12; 60; 5; 41; 55; 27; 70
9,18,0.31083,0.5,22; 9; 18; 66; 53; 24; 63; 51; 69; 44
22,80,0.26615,0.275,69; 22; 80; 65; 12; 28; 10; 54; 81; 73
19,51,0.31448,0.37255,58; 19; 51; 54; 76; 59; 58; 25; 44; 8
18,75,0.23496,0.24,18; 18; 75; 14; 15; 64; 73; 53; 55; 36
56,71,0.22009,0.78873,81; 56; 71; 82; 20; 85; 73; 42; 60; 51
15,53,0.27646,0.28302,74; 15; 53; 24; 72; 19; 36; 40; 40; 62
35,71,0.29123,0.49296,41; 35; 71; 13; 20; 13; 7; 79; 43; 71
22,45,0.33672,0.48889,25; 22; 45; 37; 61; 33; 51; 58; 53; 84
35,61,0.29648,0.57377,31; 35; 61; 83; 46; 9; 28; 77; 68; 60
17,52,0.30112,0.32692,39; 17; 52; 26; 15; 57; 74; 37; 56; 64
65,77,0.21418,0.84416,20; 65; 77; 48; 10; 59; 12; 72; 16; 32
11,14,0.30313,0.78571,84; 11; 14; 42; 62; 77; 11; 48; 30; 67
17,46,0.31493,0.36957,10; 17; 46; 85; 81; 50; 62; 32; 38; 38
29,51,0.32021,0.56863,41; 29; 51; 35; 39; 15; 19; 66; 13; 84
19,63,0.28905,0.30159,77; 19; 63; 61; 77; 31; 40; 51; 47; 25
18,75,0.23693,0.24,74; 18; 75; 45; 64; 70; 62; 43; 38; 66
9,37,0.23827,0.24324,43; 9; 37; 70; 64; 79; 46; 27; 7; 49
26,33,0.34677,0.78788,13; 26; 33; 46; 67; 58; 23; 6; 61; 80
50,58,0.2642,0.86207,13; 50; 58; 75; 47; 10; 22; 79; 15; 61
11,22,0.32488,0.5,69; 11; 22; 8; 23; 36; 61; 69; 5; 7
18,73,0.24308,0.24658,16; 18; 73; 31; 36; 28; 8; 10; 19; 80
43,77,0.26547,0.55844,75; 43; 77; 51; 24; 10; 24; 79; 43; 52
24,84,0.26311,0.28571,50; 24; 84; 27; 80; 79; 8; 7; 6; 17
15,43,0.31077,0.34884,55; 15; 43; 17; 27; 18; 81; 7; 83; 39
66,82,0.19835,0.80488,37; 66; 82; 70; 15; 82; 6; 64; 16; 42
23,63,0.31406,0.36508,21; 23; 63; 80; 82; 37; 40; 13; 52; 72
34,61,0.30529,0.55738,74; 34; 61; 39; 35; 79; 61; 52; 72; 83
15,41,0.31134,0.36585,66; 15; 41; 20; 19; 80; 62; 65; 11; 63
34,68,0.28879,0.5,60; 34; 68; 18; 29; 49; 23; 48; 72; 19
12,24,0.32731,0.5,75; 12; 24; 67; 53; 67; 28; 83; 45; 10
16,46,0.3102,0.34783,51; 16; 46; 68; 52; 66; 76; 35; 65; 33
45,80,0.24888,0.5625,35; 45; 80; 27; 54; 42; 61; 19; 53; 31
14,42,0.30635,0.33333,36; 14; 42; 84; 51; 79; 53; 23; 45; 8
12,26,0.32254,0.46154,8; 12; 26; 79; 58; 34; 80; 55; 56; 11
19,76,0.24889,0.25,80; 19; 76; 9; 6; 10; 70; 59; 30; 64
20,81,0.24742,0.24691,39; 20; 81; 14; 34; 37; 78; 49; 74; 50
29,59,0.31607,0.49153,25; 29; 59; 33; 54; 63; 17; 75; 6; 17
7,24,0.27625,0.29167,62; 7; 24; 38; 35; 68; 21; 37; 9; 26
29,51,0.32486,0.56863,11; 29; 51; 72; 62; 60; 7; 22; 78; 70
14,17,0.32472,0.82353,44; 14; 17; 83; 71; 71; 62; 16; 58; 77
20,81,0.24672,0.24691,77; 20; 81; 6; 27; 60; 38; 49; 68; 48
13,53,0.24305,0.24528,63; 13; 53; 22; 61; 45; 23; 17; 12; 80
26,33,0.34171,0.78788,63; 26; 33; 71; 20; 74; 9; 22; 64; 22
37,75,0.26343,0.49333,66; 37; 75; 30; 22; 22; 32; 25; 85; 7
12,26,0.32558,0.46154,18; 12; 26; 50; 38; 78; 50; 25; 32; 79
42,53,0.29984,0.79245,54; 42; 53; 10; 64; 42; 83; 56; 78; 20
14,40,0.30498,0.35,65; 14; 40; 75; 73; 75; 84; 59; 81; 82
8,24,0.28552,0.33333,33; 8; 24; 49; 39; 32; 69; 71; 33; 22
20,70,0.2773,0.28571,47; 20; 70; 82; 43; 36; 61; 36; 53; 71
47,82,0.22613,0.57317,81; 47; 82; 72; 35; 11; 53; 27; 24; 66
18,39,0.33101,0.46154,16; 18; 39; 75; 5; 14; 83; 43; 29; 33
18,37,0.33266,0.48649,5; 18; 37; 83; 77; 81; 25; 58; 27; 77
65,77,0.21591,0.84416,5; 65; 77; 75; 72; 85; 51; 65; 74; 13
31,68,0.3062,0.45588,12; 31; 68; 85; 51; 50; 22; 78; 41; 71
55,69,0.23671,0.7971,29; 55; 69; 32; 56; 40; 72; 16; 28; 44
14,46,0.29309,0.30435,51; 14; 46; 17; 22; 27; 5; 82; 45; 31
8,10,0.24481,0.8,69; 8; 10; 53; 56; 26; 5; 12; 39; 15
9,31,0.2766,0.29032,22; 9; 31; 50; 85; 79; 12; 77; 27; 73
25,54,0.32293,0.46296,68; 25; 54; 30; 44; 25; 36; 76; 33; 48
19,24,0.34476,0.79167,17; 19; 24; 59; 13; 36; 16; 51; 55; 74
10,27,0.30557,0.37037,60; 10; 27; 10; 76; 51; 10; 70; 78; 80
53,63,0.25477,0.84127,10; 53; 63; 85; 73; 50; 19; 64; 24; 39
19,63,0.28559,0.30159,10; 19; 63; 41; 15; 70; 22; 60; 78; 69
12,41,0.28387,0.29268,11; 12; 41; 19; 64; 31; 54; 22; 23; 43
36,79,0.23693,0.4557,36; 36; 79; 6; 63; 9; 27; 19; 15; 48
17,68,0.24475,0.25,5; 17; 68; 82; 18; 50; 5; 46; 75; 65
12,48,0.24362,0.25,71; 12; 48; 51; 69; 30; 76; 54; 78; 29
55,67,0.21155,0.8209,72; 55; 67; 11; 78; 70; 51; 56; 66; 42
51,59,0.26542,0.86441,77; 51; 59; 45; 59; 33; 50; 11; 82; 50
13,35,0.31471,0.37143,24; 13; 35; 52; 71; 57; 42; 81; 8; 11
27,55,0.32256,0.49091,84; 27; 55; 13; 25; 77; 82; 37; 84; 31
65,77,0.2043,0.84416,40; 65; 77; 55; 19; 39; 67; 25; 24; 19
19,66,0.27903,0.28788,84; 19; 66; 43; 22; 68; 76; 78; 44; 68
16,58,0.27195,0.27586,49; 16; 58; 19; 14; 47; 34; 35; 42; 78
13,54,0.23563,0.24074,14; 13; 54; 44; 32; 11; 70; 26; 7; 79
36,73,0.27982,0.49315,57; 36; 73; 85; 18; 41; 13; 24; 65; 57
11,31,0.30891,0.35484,11; 11; 31; 37; 22; 71; 50; 74; 30; 25
9,26,0.29841,0.34615,80; 9; 26; 12; 29; 9; 58; 67; 79; 59
67,78,0.18816,0.85897,31; 67; 78; 69; 11; 71; 40; 15; 28; 18
25,76,0.27378,0.32895,33; 25; 76; 63; 67; 6; 23; 31; 16; 84
48,57,0.26049,0.84211,36; 48; 57; 40; 42; 33; 35; 80; 57; 32
12,21,0.33006,0.57143,11; 12; 21; 70; 20; 49; 60; 39; 61; 54
19,51,0.316,0.37255,26; 19; 51; 38; 74; 80; 37; 68; 6; 58
30,53,0.32204,0.56604,71; 30; 53; 49; 40; 20; 85; 46; 13; 44
36,44,0.30269,0.81818,10; 36; 44; 12; 48; 27; 73; 37; 42; 24
19,80,0.23599,0.2375,19; 19; 80; 48; 50; 16; 52; 45; 73; 41
6,12,0.23915,0.5,54; 6; 12; 17; 78; 18; 24; 76; 65; 19
16,43,0.31814,0.37209,78; 16; 43; 71; 58; 30; 21; 32; 22; 43
69,84,0.18611,0.82143,57; 69; 84; 20; 41; 65; 22; 50; 20; 83
37,80,0.26098,0.4625,26; 37; 80; 10; 25; 80; 8; 72; 8; 55
20,36,0.33954,0.55556,34; 20; 36; 52; 63; 40; 71; 70; 61; 40
11,39,0.27596,0.28205,20; 11; 39; 56; 6; 36; 79; 44; 76; 13
12,38,0.28837,0.31579,40; 12; 38; 63; 13; 16; 56; 61; 80; 9
10,34,0.28008,0.29412,39; 10; 34; 42; 57; 33; 57; 25; 41; 32
25,45,0.33525,0.55556,18; 25; 45; 81; 50; 71; 7; 82; 60; 39
72,84,0.18408,0.85714,30; 72; 84; 42; 35; 13; 42; 48; 78; 12
16,32,0.33478,0.5,70; 16; 32; 58; 37; 55; 73; 79; 61; 49
42,53,0.29602,0.79245,53; 42; 53; 6; 54; 36; 44; 12; 43; 53
22,60,0.3159,0.36667,67; 22; 60; 63; 31; 70; 52; 41; 15; 6
65,81,0.19878,0.80247,41; 65; 81; 7; 14; 74; 20; 38; 76; 80
39,68,0.27902,0.57353,72; 39; 68; 24; 66; 7; 66; 11; 60; 81
30,38,0.33648,0.78947,47; 30; 38; 28; 18; 24; 73; 44; 65; 50
50,58,0.2747,0.86207,81; 50; 58; 80; 16; 38; 52; 9; 14; 45
25,77,0.27507,0.32468,56; 25; 77; 80; 36; 53; 43; 16; 21; 15
6,21,0.2727,0.28571,46; 6; 21; 44; 13; 55; 15; 68; 28; 76
13,46,0.27803,0.28261,29; 13; 46; 59; 77; 83; 63; 15; 26; 66
41,51,0.30618,0.80392,76; 41; 51; 42; 54; 57; 81; 19; 77; 63
25,85,0.26149,0.29412,21; 25; 85; 8; 56; 54; 7; 72; 41; 65
15,51,0.28423,0.29412,11; 15; 51; 35; 55; 8; 18; 40; 7; 30
8,16,0.29471,0.5,28; 8; 16; 70; 73; 63; 82; 73; 75; 11
18,65,0.2715,0.27692,62; 18; 65; 23; 70; 29; 77; 69; 13; 9
7,29,0.24358,0.24138,47; 7; 29; 64; 36; 41; 56; 50; 60; 74
23,77,0.27779,0.2987,79; 23; 77; 45; 43; 64; 59; 54; 59; 39
36,64,0.30096,0.5625,44; 36; 64; 85; 14; 85; 69; 59; 11; 54
65,81,0.20228,0.80247,54; 65; 81; 70; 39; 42; 19; 79; 72; 78
29,79,0.28357,0.36709,76; 29; 79; 40; 41; 46; 58; 40; 40; 69
22,74,0.28274,0.2973,63; 22; 74; 65; 75; 73; 65; 84; 73; 54
17,46,0.31611,0.36957,30; 17; 46; 43; 50; 33; 9; 46; 74; 21
32,56,0.31333,0.57143,53; 32; 56; 53; 21; 48; 26; 52; 58; 73
40,72,0.27008,0.55556,8; 40; 72; 83; 48; 53; 11; 83; 34; 14
22,60,0.30739,0.36667,42; 22; 60; 17; 37; 45; 81; 26; 43; 78
42,74,0.26059,0.56757,23; 42; 74; 25; 37; 29; 36; 35; 36; 84
53,63,0.25342,0.84127,51; 53; 63; 35; 53; 34; 85; 34; 55; 8
23,71,0.29209,0.32394,25; 23; 71; 38; 33; 61; 30; 81; 74; 18
19,68,0.27388,0.27941,16; 19; 68; 7; 61; 68; 16; 69; 76; 29
41,83,0.2258,0.49398,26; 41; 83; 29; 30; 33; 58; 6; 10; 19
24,84,0.26443,0.28571,23; 24; 84; 50; 60; 21; 58; 78; 5; 51
19,51,0.31641,0.37255,58; 19; 51; 10; 34; 65; 73; 78; 62; 47
60,76,0.21896,0.78947,67; 60; 76; 85; 84; 51; 37; 43; 12; 81
22,77,0.27847,0.28571,8; 22; 77; 32; 19; 8; 29; 68; 58; 74
7,28,0.24212,0.25,61; 7; 28; 81; 34; 5; 28; 42; 37; 11
24,43,0.34008,0.55814,63; 24; 43; 26; 34; 17; 64; 22; 19; 38
8,10,0.24776,0.8,20; 8; 10; 12; 42; 17; 57; 62; 49; 74
27,59,0.32024,0.45763,65; 27; 59; 28; 25; 58; 18; 84; 34; 65
19,24,0.34377,0.79167,19; 19; 24; 15; 29; 61; 82; 24; 78; 54
21,65,0.29841,0.32308,21; 21; 65; 64; 35; 12; 47; 73; 10; 42
12,51,0.22797,0.23529,5; 12; 51; 69; 13; 44; 50; 32; 73; 63
10,42,0.24022,0.2381,20; 10; 42; 6; 46; 67; 66; 36; 84; 27
23,65,0.31056,0.35385,24; 23; 65; 35; 85; 74; 37; 82; 42; 38
21,70,0.28685,0.3,26; 21; 70; 12; 44; 32; 57; 68; 31; 74
62,76,0.20592,0.81579,81; 62; 76; 33; 38; 45; 40; 57; 17; 11
36,64,0.29142,0.5625,55; 36; 64; 8; 38; 79; 55; 48; 59; 8
8,16,0.29105,0.5,77; 8; 16; 27; 70; 7; 51; 71; 49; 85
23,78,0.2741,0.29487,19; 23; 78; 34; 78; 31; 70; 32; 75; 34
24,83,0.25854,0.28916,9; 24; 83; 20; 7; 42; 15; 37; 70; 16
26,80,0.26906,0.325,24; 26; 80; 81; 32; 37; 70; 47; 38; 83
25,54,0.32644,0.46296,67; 25; 54; 70; 46; 49; 60; 9; 73; 7
19,51,0.31701,0.37255,76; 19; 51; 79; 22; 69; 32; 31; 76; 43
34,43,0.32142,0.7907,76; 34; 43; 25; 46; 79; 35; 43; 43; 22
20,70,0.27683,0.28571,33; 20; 70; 22; 14; 17; 46; 31; 81; 68
33,66,0.29508,0.5,7; 33; 66; 56; 35; 52; 58; 24; 41; 44
20,68,0.28223,0.29412,70; 20; 68; 12; 28; 83; 42; 10; 39; 42
24,76,0.27853,0.31579,19; 24; 76; 12; 12; 29; 81; 79; 13; 58
8,27,0.28353,0.2963,28; 8; 27; 13; 64; 78; 13; 52; 57; 59
19,64,0.2831,0.29688,12; 19; 64; 7; 32; 36; 22; 31; 62; 28
42,85,0.24964,0.49412,17; 42; 85; 25; 85; 11; 42; 41; 76; 31
70,85,0.19595,0.82353,8; 70; 85; 43; 46; 62; 13; 27; 32; 52
17,37,0.3323,0.45946,78; 17; 37; 31; 5; 30; 18; 41; 33; 22
35,76,0.27992,0.46053,39; 35; 76; 70; 77; 75; 53; 61; 37; 9
28,35,0.34584,0.8,44; 28; 35; 59; 80; 36; 59; 39; 26; 20
32,38,0.33138,0.84211,41; 32; 38; 38; 64; 34; 14; 30; 18; 64
5,15,0.24235,0.33333,71; 5; 15; 24; 61; 45; 64; 27; 59; 31
5,10,0.19233,0.5,22; 5; 10; 9; 34; 33; 58; 46; 39; 63
11,14,0.30201,0.78571,71; 11; 14; 51; 35; 56; 53; 31; 7; 68
15,41,0.31371,0.36585,21; 15; 41; 81; 44; 52; 74; 19; 32; 76
28,49,0.33037,0.57143,66; 28; 49; 16; 60; 63; 24; 79; 71; 49
28,57,0.32183,0.49123,60; 28; 57; 11; 15; 85; 32; 24; 25; 7
35,76,0.27558,0.46053,25; 35; 76; 44; 47; 12; 73; 67; 49; 66
59,72,0.21658,0.81944,70; 59; 72; 27; 64; 14; 74; 64; 65; 37
39,70,0.27463,0.55714,33; 39; 70; 8; 14; 20; 6; 64; 38; 10
25,84,0.2585,0.29762,79; 25; 84; 28; 68; 8; 60; 59; 43; 47
5,10,0.21475,0.5,52; 5; 10; 61; 79; 64; 46; 55; 22; 19
10,42,0.23508,0.2381,26; 10; 42; 38; 41; 44; 51; 62; 31; 69
8,32,0.24944,0.25,42; 8; 32; 6; 61; 34; 57; 71; 31; 68
16,58,0.27107,0.27586,36; 16; 58; 24; 55; 40; 19; 46; 81; 82
56,70,0.20009,0.8,11; 56; 70; 11; 21; 53; 15; 76; 36; 39
27,84,0.26905,0.32143,72; 27; 84; 8; 7; 69; 8; 72; 33; 76
9,18,0.30654,0.5,18; 9; 18; 67; 62; 28; 65; 6; 38; 57
69,84,0.18094,0.82143,13; 69; 84; 5; 17; 36; 16; 58; 34; 83
70,83,0.18511,0.84337,11; 70; 83; 79; 65; 62; 83; 24; 51; 41
23,69,0.29652,0.33333,10; 23; 69; 34; 13; 64; 77; 19; 83; 6
44,77,0.26179,0.57143,47; 44; 77; 54; 9; 62; 24; 73; 39; 32
41,84,0.2317,0.4881,43; 41; 84; 84; 16; 53; 52; 47; 73; 11
6,17,0.2838,0.35294,47; 6; 17; 79; 63; 31; 74; 49; 85; 39
38,83,0.26734,0.45783,23; 38; 83; 51; 74; 22; 81; 14; 83; 24
15,53,0.27914,0.28302,58; 15; 53; 66; 35; 18; 79; 51; 18; 63
9,11,0.27373,0.81818,67; 9; 11; 75; 15; 78; 20; 85; 28; 55
29,63,0.31362,0.46032,15; 29; 63; 83; 67; 73; 67; 64; 20; 10
18,65,0.2715,0.27692,26; 18; 65; 28; 80; 31; 63; 83; 21; 13
18,32,0.3419,0.5625,60; 18; 32; 81; 32; 81; 43; 66; 34; 9
23,71,0.29496,0.32394,6; 23; 71; 49; 59; 49; 22; 29; 7; 10
17,34,0.33662,0.5,25; 17; 34; 57; 61; 26; 58; 68; 20; 75
19,54,0.31261,0.35185,9; 19; 54; 58; 66; 23; 65; 10; 34; 43
10,31,0.29268,0.32258,43; 10; 31; 71; 48; 85; 81; 15; 46; 59
23,77,0.28057,0.2987,24; 23; 77; 51; 66; 12; 8; 61; 17; 72
68,81,0.20052,0.83951,54; 68; 81; 80; 19; 48; 84; 23; 17; 48
19,79,0.2388,0.24051,74; 19; 79; 66; 55; 80; 75; 11; 72; 14
54,66,0.23963,0.81818,22; 54; 66; 48; 6; 71; 37; 66; 36; 85
26,81,0.27746,0.32099,40; 26; 81; 25; 56; 59; 18; 51; 59; 51
16,35,0.32823,0.45714,22; 16; 35; 63; 60; 33; 48; 46; 72; 67
18,51,0.31256,0.35294,53; 18; 51; 60; 48; 37; 29; 54; 20; 70
9,18,0.3019,0.5,54; 9; 18; 29; 59; 34; 37; 5; 74; 73
16,66,0.24084,0.24242,76; 16; 66; 53; 59; 45; 62; 18; 67; 74
14,17,0.32382,0.82353,42; 14; 17; 39; 20; 23; 84; 70; 21; 77
22,63,0.30379,0.34921,6; 22; 63; 7; 34; 10; 46; 24; 63; 16
73,85,0.19022,0.85882,33; 73; 85; 16; 72; 66; 58; 22; 11; 59
16,20,0.33937,0.8,60; 16; 20; 64; 15; 7; 44; 51; 36; 80
47,59,0.25443,0.79661,78; 47; 59; 51; 51; 57; 53; 20; 32; 27
7,24,0.26983,0.29167,79; 7; 24; 59; 65; 51; 67; 9; 28; 85
20,70,0.27875,0.28571,31; 20; 70; 85; 19; 37; 57; 35; 84; 37
10,34,0.28171,0.29412,81; 10; 34; 40; 82; 56; 38; 68; 33; 76
60,75,0.2123,0.8,45; 60; 75; 46; 59; 29; 59; 23; 32; 76
23,73,0.28092,0.31507,83; 23; 73; 34; 85; 48; 32; 29; 21; 76
16,20,0.33755,0.8,83; 16; 20; 6; 16; 8; 19; 19; 13; 8
19,24,0.34452,0.79167,56; 19; 24; 18; 46; 17; 11; 36; 73; 67
44,51,0.26819,0.86275,46; 44; 51; 48; 35; 66; 40; 46; 77; 41
39,70,0.27394,0.55714,18; 39; 70; 15; 62; 69; 47; 42; 63; 58
46,58,0.28061,0.7931,62; 46; 58; 18; 67; 72; 54; 72; 19; 32
18,61,0.28657,0.29508,25; 18; 61; 61; 26; 62; 52; 38; 72; 31
23,81,0.26896,0.28395,20; 23; 81; 49; 59; 45; 34; 45; 60; 37
19,51,0.31582,0.37255,22; 19; 51; 41; 55; 69; 57; 83; 30; 35
66,83,0.17369,0.79518,39; 66; 83; 79; 18; 32; 28; 16; 17; 44
25,79,0.27663,0.31646,62; 25; 79; 6; 79; 78; 49; 81; 72; 43
31,62,0.3109,0.5,22; 31; 62; 77; 75; 21; 16; 33; 68; 46
6,20,0.28157,0.3,11; 6; 20; 12; 77; 73; 28; 77; 81; 60
22,63,0.30675,0.34921,51; 22; 63; 52; 56; 7; 76; 26; 8; 73
23,70,0.29853,0.32857,45; 23; 70; 20; 79; 66; 67; 44; 45; 72
21,84,0.25187,0.25,60; 21; 84; 21; 71; 55; 46; 30; 56; 83
16,49,0.30083,0.32653,51; 16; 49; 83; 46; 38; 54; 79; 53; 14
17,51,0.30364,0.33333,16; 17; 51; 20; 27; 36; 30; 68; 36; 7
14,46,0.28928,0.30435,53; 14; 46; 22; 17; 32; 43; 64; 58; 62
27,73,0.2907,0.36986,55; 27; 73; 30; 49; 49; 73; 69; 26; 83
22,69,0.2978,0.31884,71; 22; 69; 29; 71; 80; 6; 71; 36; 37
16,56,0.28292,0.28571,26; 16; 56; 59; 30; 39; 45; 12; 75; 32
8,10,0.23955,0.8,42; 8; 10; 53; 17; 13; 47; 76; 44; 69
6,25,0.22985,0.24,27; 6; 25; 53; 44; 42; 46; 39; 9; 26
28,57,0.31832,0.49123,62; 28; 57; 18; 23; 72; 67; 33; 63; 72
19,41,0.33762,0.46341,14; 19; 41; 18; 26; 5; 72; 23; 31; 5
31,68,0.29938,0.45588,82; 31; 68; 43; 73; 59; 40; 64; 74; 74
8,25,0.28739,0.32,52; 8; 25; 61; 85; 40; 60; 58; 45; 56
21,66,0.28885,0.31818,49; 21; 66; 40; 23; 7; 82; 30; 8; 31
5,21,0.23937,0.2381,30; 5; 21; 13; 85; 22; 62; 16; 72; 54
24,48,0.33256,0.5,23; 24; 48; 20; 28; 34; 73; 70; 69; 61
17,71,0.23458,0.23944,33; 17; 71; 46; 56; 6; 40; 35; 38; 45
14,55,0.2485,0.25455,74; 14; 55; 7; 55; 57; 39; 67; 20; 33
12,14,0.30488,0.85714,60; 12; 14; 29; 15; 45; 67; 63; 70; 16
44,55,0.28358,0.8,37; 44; 55; 71; 70; 40; 14; 43; 36; 28
31,38,0.33802,0.81579,71; 31; 38; 52; 58; 20; 51; 48; 47; 17
18,39,0.3359,0.46154,46; 18; 39; 8; 26; 52; 85; 60; 80; 36
31,62,0.31359,0.5,10; 31; 62; 44; 27; 41; 32; 64; 39; 55
14,57,0.24058,0.24561,55; 14; 57; 22; 43; 7; 31; 37; 28; 57
38,44,0.31822,0.86364,6; 38; 44; 44; 7; 25; 10; 62; 67; 57
13,26,0.33072,0.5,42; 13; 26; 10; 17; 23; 26; 69; 60; 83
16,46,0.30673,0.34783,55; 16; 46; 39; 57; 65; 34; 56; 15; 32
24,28,0.34466,0.85714,61; 24; 28; 79; 6; 77; 29; 7; 16; 30
27,78,0.27279,0.34615,67; 27; 78; 11; 33; 18; 20; 52; 11; 8
13,37,0.30522,0.35135,46; 13; 37; 15; 65; 82; 18; 79; 19; 58
18,63,0.2774,0.28571,26; 18; 63; 28; 43; 8; 49; 46; 18; 36
37,76,0.24647,0.48684,78; 37; 76; 64; 12; 85; 64; 18; 35; 47
48,56,0.27284,0.85714,63; 48; 56; 84; 18; 80; 24; 48; 61; 30
32,65,0.29754,0.49231,54; 32; 65; 41; 79; 46; 81; 34; 83; 34
41,82,0.23569,0.5,44; 41; 82; 71; 12; 35; 79; 68; 6; 77
6,20,0.27172,0.3,70; 6; 20; 39; 28; 5; 40; 44; 12; 81
27,77,0.28223,0.35065,45; 27; 77; 36; 66; 83; 61; 22; 68; 5
16,20,0.33599,0.8,23; 16; 20; 67; 66; 61; 34; 30; 34; 11
23,46,0.33524,0.5,32; 23; 46; 48; 69; 75; 52; 12; 30; 63
40,49,0.30607,0.81633,12; 40; 49; 55; 54; 85; 65; 11; 38; 45
26,46,0.32323,0.56522,68; 26; 46; 49; 24; 30; 69; 16; 31; 37
60,70,0.22275,0.85714,48; 60; 70; 30; 40; 6; 61; 27; 45; 7
36,78,0.25874,0.46154,74; 36; 78; 81; 18; 85; 27; 78; 74; 71
18,62,0.2805,0.29032,13; 18; 62; 60; 21; 45; 72; 5; 23; 54
17,68,0.24973,0.25,77; 17; 68; 77; 11; 23; 35; 64; 82; 14
25,51,0.33065,0.4902,79; 25; 51; 79; 78; 18; 42; 13; 81; 46
17,59,0.27654,0.28814,19; 17; 59; 40; 25; 81; 12; 84; 38; 23
23,71,0.29311,0.32394,13; 23; 71; 81; 5; 63; 77; 59; 60; 48
42,75,0.25673,0.56,40; 42; 75; 43; 19; 67; 15; 58; 28; 43
25,68,0.2957,0.36765,22; 25; 68; 31; 5; 52; 62; 68; 77; 19
32,65,0.30589,0.49231,51; 32; 65; 48; 13; 35; 71; 78; 10; 30
20,60,0.30492,0.33333,7; 20; 60; 17; 59; 11; 82; 12; 45; 48
59,74,0.21298,0.7973,12; 59; 74; 76; 69; 31; 19; 22; 84; 25
52,66,0.25243,0.78788,36; 52; 66; 30; 59; 81; 11; 45; 17; 63
20,35,0.34507,0.57143,83; 20; 35; 14; 61; 26; 61; 73; 82; 33
19,58,0.30876,0.32759,70; 19; 58; 74; 63; 5; 65; 78; 40; 78
28,79,0.27197,0.35443,21; 28; 79; 68; 64; 78; 84; 31; 68; 84
8,23,0.29421,0.34783,73; 8; 23; 72; 66; 25; 42; 27; 33; 34
18,49,0.31668,0.36735,21; 18; 49; 27; 9; 16; 30; 79; 81; 58
16,54,0.2868,0.2963,18; 16; 54; 80; 16; 24; 13; 18; 63; 40
30,54,0.32896,0.55556,39; 30; 54; 34; 37; 69; 44; 29; 16; 24
31,54,0.32446,0.57407,57; 31; 54; 23; 74; 17; 13; 83; 24; 65
16,54,0.28791,0.2963,43; 16; 54; 49; 45; 65; 67; 29; 64; 18
49,62,0.26964,0.79032,31; 49; 62; 57; 10; 41; 79; 76; 35; 17
26,56,0.32743,0.46429,63; 26; 56; 34; 40; 5; 39; 78; 84; 28
67,85,0.18792,0.78824,49; 67; 85; 18; 8; 39; 53; 14; 36; 8
39,68,0.27825,0.57353,53; 39; 68; 64; 81; 68; 7; 54; 14; 54
32,37,0.32816,0.86486,63; 32; 37; 70; 22; 51; 51; 36; 45; 71
10,20,0.31833,0.5,85; 10; 20; 38; 18; 23; 71; 85; 5; 55
26,70,0.29762,0.37143,26; 26; 70; 70; 63; 79; 16; 34; 74; 36
24,75,0.2844,0.32,19; 24; 75; 53; 65; 50; 36; 27; 36; 43
19,22,0.34773,0.86364,31; 19; 22; 5; 37; 78; 74; 47; 72; 30
15,19,0.33484,0.78947,39; 15; 19; 10; 40; 49; 58; 38; 13; 63
40,49,0.30808,0.81633,79; 40; 49; 84; 8; 37; 66; 71; 27; 64
25,72,0.29503,0.34722,41; 25; 72; 28; 77; 75; 8; 84; 78; 53
63,80,0.21283,0.7875,11; 63; 80; 16; 64; 29; 16; 13; 26; 43
40,80,0.23644,0.5,8; 40; 80; 48; 18; 70; 22; 43; 41; 75
26,79,0.27815,0.32911,51; 26; 79; 9; 21; 17; 63; 69; 82; 46
8,34,0.23267,0.23529,24; 8; 34; 75; 13; 44; 44; 36; 29; 61
16,57,0.27577,0.2807,74; 16; 57; 12; 64; 24; 11; 61; 79; 43
64,80,0.20747,0.8,62; 64; 80; 9; 45; 79; 28; 55; 59; 44
13,28,0.32674,0.46429,81; 13; 28; 42; 15; 27; 61; 40; 19; 37
20,85,0.2426,0.23529,73; 20; 85; 76; 67; 15; 85; 8; 85; 43
11,33,0.29597,0.33333,47; 11; 33; 33; 39; 78; 12; 27; 79; 15
21,66,0.29332,0.31818,26; 21; 66; 13; 15; 65; 74; 80; 31; 43
43,50,0.3049,0.86,19; 43; 50; 39; 57; 15; 25; 83; 55; 79
51,62,0.26473,0.82258,80; 51; 62; 84; 6; 34; 32; 19; 36; 43
65,82,0.20589,0.79268,81; 65; 82; 60; 58; 68; 64; 54; 65; 25
11,33,0.29732,0.33333,25; 11; 33; 82; 59; 11; 70; 62; 6; 16
24,79,0.27456,0.3038,27; 24; 79; 32; 59; 83; 64; 6; 56; 28
28,49,0.3314,0.57143,45; 28; 49; 19; 85; 43; 53; 74; 45; 62
23,78,0.27579,0.29487,59; 23; 78; 57; 66; 14; 70; 56; 77; 33
32,38,0.33598,0.84211,33; 32; 38; 42; 18; 85; 11; 34; 36; 24
23,40,0.34253,0.575,7; 23; 40; 57; 80; 60; 53; 23; 61; 9
22,62,0.3079,0.35484,65; 22; 62; 15; 35; 82; 59; 70; 17; 17
35,44,0.32227,0.79545,80; 35; 44; 50; 46; 68; 83; 51; 27; 82
33,68,0.28564,0.48529,36; 33; 68; 74; 6; 18; 10; 39; 64; 36
15,52,0.28079,0.28846,64; 15; 52; 42; 43; 23; 41; 33; 37; 60
59,74,0.21561,0.7973,48; 59; 74; 20; 68; 47; 40; 38; 49; 82
70,85,0.1944,0.82353,76; 70; 85; 66; 12; 16; 38; 20; 16; 76
14,44,0.29447,0.31818,15; 14; 44; 11; 22; 82; 48; 78; 6; 6
40,70,0.26832,0.57143,77; 40; 70; 78; 76; 5; 18; 70; 75; 72
15,45,0.30205,0.33333,13; 15; 45; 43; 25; 7; 6; 38; 74; 53
18,49,0.31408,0.36735,36; 18; 49; 30; 42; 77; 53; 80; 60; 6
11,33,0.29991,0.33333,49; 11; 33; 77; 18; 46; 37; 53; 8; 58
28,85,0.26931,0.32941,39; 28; 85; 50; 19; 38; 49; 73; 27; 44
41,82,0.23943,0.5,74; 41; 82; 17; 32; 63; 71; 55; 27; 49
27,59,0.32052,0.45763,68; 27; 59; 6; 62; 22; 22; 44; 85; 79
19,80,0.23569,0.2375,36; 19; 80; 78; 47; 21; 58; 41; 20; 54
16,65,0.24316,0.24615,11; 16; 65; 11; 25; 66; 65; 8; 22; 44
14,56,0.2503,0.25,27; 14; 56; 73; 38; 67; 38; 72; 33; 27
21,76,0.27118,0.27632,46; 21; 76; 60; 29; 43; 17; 41; 54; 51
17,69,0.24105,0.24638,39; 17; 69; 48; 79; 14; 59; 36; 23; 8
7,29,0.23359,0.24138,83; 7; 29; 62; 49; 36; 44; 7; 66; 5
15,27,0.33533,0.55556,21; 15; 27; 82; 45; 27; 55; 80; 22; 46
20,67,0.28529,0.29851,39; 20; 67; 63; 73; 62; 31; 27; 82; 35
19,58,0.30388,0.32759,14; 19; 58; 8; 17; 19; 70; 34; 56; 23
48,61,0.26959,0.78689,68; 48; 61; 50; 53; 8; 24; 27; 62; 9
34,60,0.30764,0.56667,5; 34; 60; 51; 79; 46; 73; 39; 24; 85
38,78,0.27468,0.48718,33; 38; 78; 10; 63; 85; 39; 39; 45; 40
10,41,0.24006,0.2439,79; 10; 41; 47; 39; 80; 69; 19; 36; 82
52,65,0.23921,0.8,58; 52; 65; 36; 57; 6; 51; 65; 12; 59
57,72,0.22654,0.79167,15; 57; 72; 69; 7; 23; 22; 34; 46; 33
61,77,0.21855,0.79221,7; 61; 77; 58; 60; 7; 69; 69; 41; 18
38,78,0.27445,0.48718,54; 38; 78; 5; 48; 6; 80; 29; 62; 34
16,63,0.25404,0.25397,63; 16; 63; 81; 82; 44; 27; 26; 51; 76
29,63,0.31239,0.46032,79; 29; 63; 47; 59; 17; 51; 34; 73; 11
18,37,0.33025,0.48649,53; 18; 37; 27; 60; 82; 10; 75; 72; 16
25,85,0.25475,0.29412,20; 25; 85; 17; 27; 72; 71; 70; 51; 78
27,34,0.34474,0.79412,53; 27; 34; 27; 59; 22; 29; 62; 59; 62
55,64,0.24555,0.85938,48; 55; 64; 48; 70; 10; 9; 57; 25; 13
19,58,0.30099,0.32759,84; 19; 58; 56; 17; 75; 17; 50; 41; 33
21,43,0.34212,0.48837,45; 21; 43; 33; 85; 84; 25; 78; 67; 17
17,34,0.33553,0.5,63; 17; 34; 43; 31; 71; 69; 31; 23; 57
23,63,0.3124,0.36508,84; 23; 63; 54; 80; 8; 66; 16; 18; 48
43,50,0.29502,0.86,17; 43; 50; 67; 63; 20; 64; 39; 34; 10
15,50,0.28885,0.3,56; 15; 50; 49; 18; 62; 58; 7; 76; 39
19,76,0.24697,0.25,33; 19; 76; 57; 24; 38; 43; 51; 33; 83
26,79,0.28007,0.32911,28; 26; 79; 48; 37; 50; 85; 52; 22; 44
26,82,0.27102,0.31707,14; 26; 82; 19; 44; 40; 65; 82; 36; 38
16,55,0.28247,0.29091,79; 16; 55; 19; 61; 59; 21; 60; 12; 63
63,79,0.19698,0.79747,15; 63; 79; 10; 61; 12; 21; 51; 38; 39
14,43,0.29785,0.32558,62; 14; 43; 49; 36; 22; 57; 12; 5; 73
6,24,0.24161,0.25,33; 6; 24; 63; 49; 27; 21; 69; 39; 19
65,77,0.20414,0.84416,19; 65; 77; 76; 38; 46; 42; 81; 65; 51
49,61,0.25205,0.80328,85; 49; 61; 78; 25; 40; 42; 81; 29; 76
69,84,0.18262,0.82143,16; 69; 84; 22; 70; 83; 23; 30; 68; 30
22,79,0.26944,0.27848,22; 22; 79; 70; 39; 81; 17; 11; 28; 12
35,70,0.28739,0.5,65; 35; 70; 18; 47; 24; 14; 9; 13; 37
38,67,0.28239,0.56716,55; 38; 67; 9; 70; 13; 7; 71; 82; 72
36,73,0.28413,0.49315,43; 36; 73; 56; 21; 53; 61; 70; 81; 26
14,25,0.33071,0.56,24; 14; 25; 37; 17; 42; 25; 82; 33; 46
55,70,0.23807,0.78571,53; 55; 70; 11; 64; 51; 62; 17; 44; 11
18,36,0.33576,0.5,70; 18; 36; 19; 15; 35; 34; 44; 42; 7
45,81,0.23209,0.55556,23; 45; 81; 71; 73; 30; 23; 82; 15; 28
64,81,0.20522,0.79012,44; 64; 81; 17; 28; 43; 70; 14; 78; 24
25,51,0.33005,0.4902,42; 25; 51; 19; 22; 73; 74; 50; 22; 85
71,85,0.1875,0.83529,72; 71; 85; 70; 47; 5; 82; 85; 58; 34
18,73,0.2452,0.24658,53; 18; 73; 77; 9; 49; 36; 84; 63; 71
16,53,0.28844,0.30189,34; 16; 53; 7; 17; 27; 47; 64; 61; 81
21,42,0.33499,0.5,47; 21; 42; 20; 26; 28; 51; 66; 7; 7
23,82,0.26682,0.28049,31; 23; 82; 41; 73; 12; 62; 62; 74; 78
18,72,0.24219,0.25,66; 18; 72; 83; 12; 36; 14; 42; 37; 41
48,57,0.26074,0.84211,61; 48; 57; 55; 11; 59; 71; 24; 56; 31
29,79,0.28219,0.36709,27; 29; 79; 59; 67; 30; 57; 14; 55; 21
19,57,0.30113,0.33333,14; 19; 57; 83; 79; 85; 55; 23; 83; 27
5,18,0.25287,0.27778,24; 5; 18; 52; 29; 63; 54; 24; 18; 45
33,67,0.30399,0.49254,32; 33; 67; 71; 24; 77; 68; 75; 69; 23
11,30,0.3121,0.36667,10; 11; 30; 76; 18; 77; 8; 8; 47; 73
6,25,0.22864,0.24,68; 6; 25; 29; 18; 83; 45; 85; 40; 69
27,78,0.28669,0.34615,73; 27; 78; 65; 29; 52; 51; 83; 13; 45
16,19,0.33664,0.84211,53; 16; 19; 35; 42; 35; 76; 37; 23; 6
6,19,0.28347,0.31579,81; 6; 19; 74; 18; 42; 60; 67; 38; 65
44,79,0.22995,0.55696,73; 44; 79; 57; 19; 85; 20; 25; 47; 7
20,66,0.28973,0.30303,16; 20; 66; 69; 12; 74; 64; 23; 37; 72
48,56,0.26163,0.85714,80; 48; 56; 44; 13; 65; 31; 46; 52; 71
6,12,0.21226,0.5,77; 6; 12; 12; 71; 37; 57; 72; 8; 17
13,53,0.23909,0.24528,81; 13; 53; 62; 33; 65; 55; 70; 23; 81
40,71,0.22205,0.56338,54; 40; 71; 39; 33; 64; 78; 14; 23; 69
5,21,0.24682,0.2381,63; 5; 21; 32; 13; 14; 57; 18; 30; 33
18,57,0.29617,0.31579,21; 18; 57; 24; 51; 5; 58; 81; 31; 23
16,43,0.31836,0.37209,18; 16; 43; 19; 73; 38; 12; 54; 53; 19
12,48,0.24842,0.25,27; 12; 48; 33; 73; 66; 83; 7; 39; 37
66,84,0.20275,0.78571,15; 66; 84; 28; 62; 14; 34; 72; 27; 71
7,22,0.29043,0.31818,7; 7; 22; 34; 26; 66; 36; 11; 11; 8
26,80,0.27336,0.325,55; 26; 80; 52; 56; 77; 54; 43; 65; 10
38,82,0.24828,0.46341,69; 38; 82; 61; 50; 9; 19; 29; 6; 37
20,84,0.23915,0.2381,69; 20; 84; 48; 8; 70; 67; 72; 61; 23
24,80,0.27339,0.3,11; 24; 80; 20; 72; 71; 82; 39; 79; 12
11,40,0.27124,0.275,64; 11; 40; 42; 63; 49; 72; 73; 28; 83
22,39,0.34677,0.5641,69; 22; 39; 6; 62; 25; 47; 7; 39; 16
56,65,0.23923,0.86154,64; 56; 65; 71; 54; 58; 22; 39; 5; 71
26,56,0.32739,0.46429,23; 26; 56; 61; 54; 76; 57; 40; 49; 38
64,76,0.21924,0.84211,63; 64; 76; 84; 21; 17; 69; 85; 40; 85
23,65,0.29505,0.35385,19; 23; 65; 83; 52; 40; 18; 29; 13; 42
65,82,0.20187,0.79268,80; 65; 82; 18; 9; 72; 66; 72; 69; 30
22,45,0.3365,0.48889,65; 22; 45; 34; 49; 31; 42; 53; 19; 21
31,37,0.3357,0.83784,45; 31; 37; 32; 34; 11; 69; 71; 12; 51
9,30,0.27493,0.3,45; 9; 30; 49; 42; 31; 61; 43; 69; 56
57,68,0.22315,0.83824,77; 57; 68; 48; 64; 44; 84; 75; 42; 47
65,82,0.19802,0.79268,35; 65; 82; 18; 32; 13; 10; 10; 80; 25
26,53,0.31951,0.49057,44; 26; 53; 6; 82; 53; 77; 76; 25; 73
50,61,0.23563,0.81967,77; 50; 61; 69; 51; 82; 80; 23; 22; 62
44,78,0.25444,0.5641,79; 44; 78; 42; 50; 31; 22; 30; 5; 35
37,44,0.32132,0.84091,9; 37; 44; 84; 13; 82; 78; 44; 83; 72
19,78,0.24002,0.24359,35; 19; 78; 80; 9; 55; 10; 66; 32; 64
26,81,0.27614,0.32099,17; 26; 81; 54; 65; 38; 25; 77; 49; 73
28,80,0.2652,0.35,37; 28; 80; 74; 73; 10; 6; 43; 64; 79
15,63,0.23779,0.2381,46; 15; 63; 63; 62; 16; 50; 44; 36; 67
18,39,0.33238,0.46154,9; 18; 39; 45; 17; 39; 38; 84; 43; 31
62,78,0.21003,0.79487,18; 62; 78; 20; 74; 57; 78; 59; 78; 63
22,66,0.30023,0.33333,54; 22; 66; 36; 63; 65; 10; 50; 76; 5
10,18,0.31357,0.55556,22; 10; 18; 21; 24; 13; 10; 40; 37; 58
10,20,0.3132,0.5,27; 10; 20; 61; 56; 32; 8; 30; 15; 67
15,19,0.33504,0.78947,64; 15; 19; 17; 72; 10; 66; 62; 18; 69
18,75,0.23662,0.24,31; 18; 75; 81; 45; 37; 34; 28; 13; 48
13,39,0.30327,0.33333,39; 13; 39; 70; 15; 21; 6; 7; 60; 28
51,64,0.25266,0.79688,15; 51; 64; 70; 78; 10; 64; 30; 58; 17
32,65,0.29463,0.49231,62; 32; 65; 68; 61; 69; 10; 33; 74; 72
66,77,0.20889,0.85714,77; 66; 77; 51; 64; 54; 33; 5; 56; 47
17,57,0.2843,0.29825,14; 17; 57; 53; 28; 69; 52; 75; 81; 29
35,44,0.3231,0.79545,15; 35; 44; 80; 65; 23; 11; 7; 31; 12
28,50,0.33102,0.56,21; 28; 50; 70; 43; 85; 27; 15; 75; 75
35,61,0.30065,0.57377,17; 35; 61; 47; 70; 68; 82; 81; 45; 47
22,69,0.28975,0.31884,38; 22; 69; 79; 77; 57; 70; 66; 15; 84
19,78,0.24423,0.24359,27; 19; 78; 26; 35; 64; 35; 35; 67; 15
60,76,0.22248,0.78947,55; 60; 76; 34; 14; 62; 61; 45; 19; 47
9,30,0.2841,0.3,34; 9; 30; 29; 8; 32; 58; 43; 10; 34
27,81,0.27911,0.33333,39; 27; 81; 52; 33; 11; 30; 79; 54; 27
27,84,0.26765,0.32143,10; 27; 84; 36; 43; 17; 11; 29; 54; 43
23,29,0.34558,0.7931,24; 23; 29; 62; 44; 73; 24; 19; 51; 31
19,68,0.27576,0.27941,43; 19; 68; 27; 60; 28; 29; 71; 29; 28
13,26,0.32912,0.5,35; 13; 26; 61; 21; 48; 19; 33; 39; 24
64,81,0.19939,0.79012,77; 64; 81; 85; 43; 40; 85; 56; 83; 82
34,60,0.30434,0.56667,38; 34; 60; 34; 66; 45; 43; 38; 71; 76
18,39,0.33429,0.46154,13; 18; 39; 37; 20; 67; 44; 60; 22; 24
25,45,0.34038,0.55556,73; 25; 45; 38; 69; 56; 18; 18; 71; 64
30,53,0.32581,0.56604,73; 30; 53; 25; 67; 22; 51; 72; 48; 78
18,56,0.30146,0.32143,60; 18; 56; 44; 83; 74; 38; 13; 81; 14
15,50,0.28508,0.3,13; 15; 50; 8; 18; 56; 6; 84; 57; 65
24,49,0.33149,0.4898,38; 24; 49; 25; 9; 15; 13; 29; 37; 55
45,55,0.28506,0.81818,74; 45; 55; 26; 15; 54; 66; 19; 46; 52
53,66,0.23957,0.80303,20; 53; 66; 18; 47; 25; 48; 71; 71; 27
41,51,0.30598,0.80392,78; 41; 51; 63; 16; 10; 70; 71; 19; 36
15,43,0.30945,0.34884,12; 15; 43; 39; 52; 67; 83; 69; 77; 55
16,49,0.29824,0.32653,10; 16; 49; 32; 59; 16; 47; 39; 66; 30
57,71,0.23513,0.80282,12; 57; 71; 18; 24; 82; 82; 9; 84; 63
16,43,0.31839,0.37209,29; 16; 43; 58; 61; 81; 5; 25; 83; 55
22,59,0.31589,0.37288,24; 22; 59; 85; 8; 34; 64; 65; 37; 15
17,49,0.30858,0.34694,49; 17; 49; 54; 83; 30; 82; 48; 15; 17
27,47,0.32995,0.57447,69; 27; 47; 65; 6; 65; 57; 29; 37; 74
15,60,0.25056,0.25,33; 15; 60; 48; 14; 8; 12; 32; 7; 75
20,36,0.3389,0.55556,21; 20; 36; 7; 38; 74; 61; 7; 29; 78
14,58,0.24343,0.24138,19; 14; 58; 23; 68; 15; 44; 57; 17; 6
23,73,0.29306,0.31507,7; 23; 73; 81; 68; 16; 9; 34; 20; 10
5,10,0.17779,0.5,82; 5; 10; 61; 70; 72; 20; 67; 67; 63
26,52,0.32965,0.5,66; 26; 52; 63; 10; 68; 45; 49; 5; 22
49,60,0.26755,0.81667,57; 49; 60; 12; 84; 58; 16; 41; 72; 55
33,42,0.33201,0.78571,60; 33; 42; 5; 62; 43; 19; 62; 74; 75
7,19,0.29615,0.36842,17; 7; 19; 51; 18; 13; 20; 60; 37; 18
12,24,0.32676,0.5,57; 12; 24; 52; 30; 37; 50; 53; 80; 36
16,68,0.23466,0.23529,51; 16; 68; 82; 20; 80; 6; 69; 52; 66
25,79,0.27653,0.31646,12; 25; 79; 24; 60; 66; 24; 42; 38; 72
34,69,0.282,0.49275,70; 34; 69; 60; 8; 19; 29; 17; 68; 52
25,51,0.32923,0.4902,64; 25; 51; 34; 47; 54; 15; 69; 68; 37
24,76,0.28301,0.31579,68; 24; 76; 9; 24; 45; 7; 82; 11; 5
31,68,0.30542,0.45588,71; 31; 68; 35; 54; 50; 48; 84; 61; 53
25,68,0.30352,0.36765,35; 25; 68; 55; 12; 20; 82; 25; 39; 65
17,48,0.31069,0.35417,68; 17; 48; 56; 39; 5; 11; 85; 79; 7
20,25,0.34609,0.8,36; 20; 25; 36; 26; 17; 11; 23; 73; 53
31,67,0.29856,0.46269,6; 31; 67; 80; 9; 39; 60; 18; 53; 57
26,57,0.32402,0.45614,61; 26; 57; 41; 48; 64; 85; 8; 69; 19
30,53,0.32458,0.56604,26; 30; 53; 50; 12; 47; 35; 76; 67; 58
32,40,0.32261,0.8,10; 32; 40; 19; 65; 48; 41; 79; 26; 18
26,70,0.30031,0.37143,61; 26; 70; 67; 23; 38; 19; 11; 53; 83
9,36,0.24486,0.25,82; 9; 36; 79; 80; 71; 8; 38; 66; 37
5,18,0.25432,0.27778,47; 5; 18; 8; 50; 13; 82; 37; 22; 33
55,67,0.24266,0.8209,58; 55; 67; 41; 29; 80; 28; 83; 57; 10
42,49,0.31068,0.85714,46; 42; 49; 78; 35; 70; 80; 6; 52; 76
26,82,0.26767,0.31707,71; 26; 82; 67; 48; 53; 46; 80; 42; 5
61,71,0.21996,0.85915,84; 61; 71; 69; 84; 35; 69; 25; 37; 14
25,85,0.23449,0.29412,47; 25; 85; 65; 52; 15; 33; 60; 84; 61
5,21,0.23505,0.2381,64; 5; 21; 57; 27; 55; 41; 14; 46; 79
19,39,0.33611,0.48718,62; 19; 39; 11; 22; 81; 58; 32; 8; 47
45,56,0.27574,0.80357,82; 45; 56; 65; 55; 49; 78; 74; 30; 48
23,72,0.29594,0.31944,30; 23; 72; 63; 5; 49; 58; 46; 50; 54
43,76,0.2629,0.56579,21; 43; 76; 36; 7; 41; 56; 75; 52; 54
25,51,0.32693,0.4902,35; 25; 51; 48; 73; 68; 44; 83; 52; 41
19,69,0.26855,0.27536,7; 19; 69; 37; 39; 62; 77; 41; 80; 49
12,26,0.3246,0.46154,22; 12; 26; 40; 37; 84; 70; 64; 14; 43
32,56,0.31944,0.57143,36; 32; 56; 79; 19; 67; 49; 32; 74; 83
16,58,0.27118,0.27586,9; 16; 58; 27; 41; 66; 34; 83; 80; 70
18,64,0.27438,0.28125,14; 18; 64; 15; 10; 64; 33; 32; 6; 36
21,76,0.27023,0.27632,74; 21; 76; 57; 74; 60; 25; 21; 25; 75
30,81,0.27934,0.37037,48; 30; 81; 53; 17; 49; 73; 50; 17; 25
32,56,0.31492,0.57143,74; 32; 56; 78; 63; 62; 45; 26; 81; 9
11,33,0.30001,0.33333,11; 11; 33; 24; 35; 52; 73; 68; 13; 25
27,81,0.25988,0.33333,55; 27; 81; 6; 47; 73; 64; 84; 76; 7
22,76,0.27819,0.28947,61; 22; 76; 9; 68; 27; 10; 66; 21; 7
9,38,0.23244,0.23684,61; 9; 38; 83; 48; 20; 39; 67; 27; 61
21,65,0.29861,0.32308,22; 21; 65; 18; 45; 61; 41; 47; 21; 29
26,71,0.30272,0.3662,27; 26; 71; 40; 17; 62; 16; 10; 47; 46
22,44,0.33671,0.5,6; 22; 44; 74; 43; 25; 19; 31; 22; 56
22,74,0.28107,0.2973,67; 22; 74; 43; 84; 18; 35; 77; 64; 73
28,75,0.28662,0.37333,43; 28; 75; 15; 84; 45; 20; 13; 24; 79
20,63,0.29893,0.31746,22; 20; 63; 59; 48; 76; 48; 33; 76; 23
38,77,0.25611,0.49351,25; 38; 77; 10; 5; 8; 38; 73; 28; 7
20,60,0.30319,0.33333,39; 20; 60; 6; 45; 29; 73; 24; 27; 51
20,63,0.29607,0.31746,47; 20; 63; 56; 59; 29; 44; 14; 8; 84
10,30,0.29286,0.33333,77; 10; 30; 13; 38; 5; 64; 40; 16; 33
35,76,0.27684,0.46053,52; 35; 76; 57; 17; 32; 77; 76; 14; 32
20,36,0.34028,0.55556,70; 20; 36; 71; 74; 59; 11; 7; 79; 21
23,82,0.27051,0.28049,41; 23; 82; 65; 25; 46; 75; 85; 19; 28
14,28,0.33574,0.5,7; 14; 28; 26; 40; 67; 58; 64; 72; 43
70,85,0.1994,0.82353,50; 70; 85; 44; 14; 59; 54; 58; 36; 17
9,32,0.27302,0.28125,44; 9; 32; 51; 77; 73; 77; 24; 31; 14
11,31,0.30282,0.35484,76; 11; 31; 48; 85; 62; 71; 54; 22; 33
24,85,0.24681,0.28235,29; 24; 85; 31; 39; 38; 26; 11; 7; 49
21,72,0.2831,0.29167,46; 21; 72; 32; 61; 18; 24; 80; 48; 13
52,66,0.23972,0.78788,43; 52; 66; 50; 37; 30; 71; 16; 59; 66
41,52,0.29411,0.78846,24; 41; 52; 56; 66; 43; 24; 41; 30; 26
72,84,0.18565,0.85714,75; 72; 84; 64; 47; 14; 78; 65; 38; 52
32,38,0.3336,0.84211,72; 32; 38; 13; 48; 69; 25; 35; 22; 57
48,57,0.27858,0.84211,23; 48; 57; 73; 42; 16; 21; 25; 23; 22
13,28,0.32495,0.46429,74; 13; 28; 72; 58; 34; 10; 15; 40; 57
16,46,0.31075,0.34783,23; 16; 46; 30; 15; 20; 61; 80; 70; 85
20,68,0.28192,0.29412,18; 20; 68; 14; 15; 11; 47; 34; 62; 23
38,78,0.28191,0.48718,42; 38; 78; 75; 25; 51; 27; 20; 15; 83
54,64,0.24909,0.84375,46; 54; 64; 65; 17; 52; 34; 43; 68; 72
17,69,0.24462,0.24638,35; 17; 69; 63; 54; 57; 51; 79; 65; 60
37,74,0.27898,0.5,55; 37; 74; 46; 65; 27; 79; 80; 6; 10
15,46,0.2986,0.32609,16; 15; 46; 55; 79; 30; 10; 37; 22; 67
22,68,0.29915,0.32353,77; 22; 68; 80; 47; 76; 13; 23; 33; 24
20,35,0.33737,0.57143,64; 20; 35; 42; 25; 21; 7; 64; 56; 11
68,83,0.19774,0.81928,12; 68; 83; 66; 8; 25; 44; 7; 49; 12
10,42,0.24036,0.2381,60; 10; 42; 37; 81; 65; 69; 85; 10; 28
41,73,0.25703,0.56164,52; 41; 73; 26; 38; 58; 52; 81; 42; 55
21,46,0.33336,0.45652,37; 21; 46; 57; 15; 84; 5; 65; 22; 46
18,61,0.28478,0.29508,26; 18; 61; 64; 68; 79; 64; 65; 37; 50
43,51,0.28913,0.84314,76; 43; 51; 83; 37; 64; 48; 40; 44; 71
21,85,0.24624,0.24706,45; 21; 85; 66; 68; 77; 28; 40; 38; 11
14,38,0.31195,0.36842,58; 14; 38; 66; 19; 29; 71; 51; 12; 20
13,39,0.30296,0.33333,14; 13; 39; 76; 30; 77; 50; 17; 58; 53
19,79,0.24195,0.24051,58; 19; 79; 34; 48; 63; 51; 18; 13; 63
21,63,0.30221,0.33333,76; 21; 63; 31; 15; 81; 31; 45; 28; 85
17,37,0.33223,0.45946,12; 17; 37; 30; 5; 85; 61; 11; 60; 61
18,49,0.31267,0.36735,8; 18; 49; 60; 58; 44; 38; 15; 26; 74
22,69,0.29565,0.31884,55; 22; 69; 43; 29; 69; 62; 75; 21; 67
19,68,0.27398,0.27941,54; 19; 68; 26; 5; 76; 78; 84; 82; 73
12,14,0.30216,0.85714,10; 12; 14; 27; 40; 33; 45; 53; 84; 32
16,28,0.33429,0.57143,27; 16; 28; 75; 65; 5; 56; 51; 17; 85
12,21,0.32646,0.57143,23; 12; 21; 29; 52; 9; 59; 43; 15; 36
27,47,0.33854,0.57447,73; 27; 47; 46; 12; 30; 49; 13; 42; 52
14,49,0.28025,0.28571,10; 14; 49; 22; 78; 79; 34; 84; 66; 7
48,61,0.26177,0.78689,19; 48; 61; 53; 10; 33; 38; 58; 24; 60
28,57,0.31372,0.49123,25; 28; 57; 64; 41; 25; 33; 9; 67; 83
21,60,0.30879,0.35,40; 21; 60; 16; 9; 82; 60; 18; 75; 75
22,79,0.26834,0.27848,18; 22; 79; 63; 43; 64; 66; 54; 42; 19
62,78,0.21324,0.79487,67; 62; 78; 73; 37; 9; 37; 15; 57; 43
27,81,0.27219,0.33333,50; 27; 81; 43; 48; 69; 64; 55; 20; 17
33,41,0.33216,0.80488,49; 33; 41; 62; 71; 58; 76; 9; 8; 51
70,81,0.20431,0.8642,12; 70; 81; 12; 39; 67; 58; 73; 8; 74
68,85,0.20258,0.8,61; 68; 85; 27; 33; 41; 75; 38; 71; 70
64,81,0.2055,0.79012,50; 64; 81; 50; 8; 70; 8; 11; 54; 33
19,78,0.24404,0.24359,55; 19; 78; 19; 22; 28; 21; 16; 80; 48
17,61,0.27636,0.27869,84; 17; 61; 24; 76; 67; 13; 34; 42; 54
30,54,0.32609,0.55556,82; 30; 54; 14; 14; 54; 59; 57; 34; 36
24,49,0.33094,0.4898,47; 24; 49; 59; 75; 78; 62; 19; 44; 82
10,41,0.24203,0.2439,42; 10; 41; 50; 40; 31; 48; 85; 75; 84
16,58,0.27091,0.27586,53; 16; 58; 8; 58; 41; 14; 8; 47; 63
27,55,0.32877,0.49091,17; 27; 55; 43; 47; 74; 19; 22; 20; 16
16,46,0.30822,0.34783,63; 16; 46; 59; 30; 50; 8; 36; 24; 71
20,85,0.23515,0.23529,29; 20; 85; 15; 26; 71; 16; 65; 32; 66
22,59,0.31327,0.37288,26; 22; 59; 66; 32; 52; 76; 60; 24; 22
45,55,0.27188,0.81818,69; 45; 55; 31; 64; 84; 12; 22; 74; 43
69,84,0.19653,0.82143,73; 69; 84; 16; 33; 77; 7; 65; 8; 67
7,19,0.30265,0.36842,25; 7; 19; 50; 73; 38; 54; 31; 75; 68
6,25,0.2359,0.24,67; 6; 25; 55; 56; 76; 76; 35; 35; 77
68,83,0.19403,0.81928,72; 68; 83; 5; 15; 9; 50; 80; 52; 40
30,65,0.30469,0.46154,56; 30; 65; 32; 29; 75; 70; 48; 69; 77
18,36,0.33906,0.5,43; 18; 36; 40; 36; 68; 13; 15; 31; 43
53,63,0.24722,0.84127,82; 53; 63; 17; 42; 72; 46; 53; 77; 33
7,29,0.23856,0.24138,15; 7; 29; 72; 30; 50; 35; 61; 16; 30
22,69,0.29689,0.31884,71; 22; 69; 47; 44; 76; 74; 79; 56; 8
55,64,0.24377,0.85938,52; 55; 64; 21; 82; 5; 54; 7; 5; 6
17,68,0.25333,0.25,69; 17; 68; 37; 54; 61; 58; 61; 11; 5
60,76,0.2147,0.78947,10; 60; 76; 52; 13; 38; 63; 58; 31; 25
64,80,0.20961,0.8,20; 64; 80; 31; 47; 31; 35; 20; 5; 57
30,54,0.32552,0.55556,38; 30; 54; 34; 53; 76; 6; 81; 84; 51
14,46,0.28827,0.30435,28; 14; 46; 41; 68; 59; 70; 56; 56; 56
22,77,0.27487,0.28571,33; 22; 77; 77; 41; 41; 44; 64; 49; 59
41,49,0.29962,0.83673,14; 41; 49; 5; 67; 50; 73; 52; 63; 51
36,42,0.32329,0.85714,36; 36; 42; 55; 49; 61; 9; 52; 38; 52
65,77,0.20865,0.84416,53; 65; 77; 69; 15; 9; 15; 71; 10; 37
18,62,0.28315,0.29032,59; 18; 62; 32; 41; 12; 53; 44; 15; 25
25,45,0.33984,0.55556,18; 25; 45; 8; 31; 24; 23; 23; 23; 33
21,64,0.30052,0.32812,59; 21; 64; 10; 83; 28; 70; 74; 44; 44
37,45,0.32401,0.82222,50; 37; 45; 37; 52; 13; 60; 64; 59; 13
6,19,0.28275,0.31579,32; 6; 19; 6; 21; 35; 80; 73; 34; 77
65,81,0.20065,0.80247,59; 65; 81; 63; 76; 64; 61; 85; 77; 79
13,23,0.33276,0.56522,39; 13; 23; 60; 47; 40; 61; 43; 22; 43
16,46,0.30641,0.34783,84; 16; 46; 74; 37; 64; 61; 44; 12; 79
32,69,0.2933,0.46377,78; 32; 69; 69; 40; 76; 5; 29; 54; 69
46,56,0.28405,0.82143,16; 46; 56; 75; 40; 22; 80; 82; 46; 75
16,32,0.33916,0.5,8; 16; 32; 72; 20; 65; 52; 63; 85; 79
51,61,0.26023,0.83607,16; 51; 61; 21; 70; 8; 8; 76; 67; 64
69,80,0.20529,0.8625,62; 69; 80; 76; 62; 74; 31; 83; 34; 9
36,74,0.26987,0.48649,20; 36; 74; 8; 36; 81; 25; 41; 5; 25
20,62,0.29833,0.32258,68; 20; 62; 80; 67; 19; 40; 47; 64; 58
57,72,0.22529,0.79167,84; 57; 72; 45; 23; 78; 79; 77; 28; 81
40,80,0.25907,0.5,75; 40; 80; 49; 42; 12; 47; 69; 58; 65
11,39,0.27323,0.28205,12; 11; 39; 20; 37; 65; 11; 16; 42; 16
20,63,0.2983,0.31746,34; 20; 63; 29; 13; 77; 38; 24; 35; 59
5,18,0.26241,0.27778,6; 5; 18; 71; 52; 67; 50; 65; 24; 32
13,39,0.30107,0.33333,15; 13; 39; 48; 36; 39; 21; 12; 72; 20
14,28,0.32925,0.5,51; 14; 28; 46; 43; 53; 29; 75; 22; 22
20,82,0.24415,0.2439,61; 20; 82; 25; 32; 84; 73; 55; 57; 42
28,56,0.31816,0.5,85; 28; 56; 31; 51; 13; 58; 51; 68; 28
20,66,0.28799,0.30303,74; 20; 66; 74; 19; 23; 19; 70; 64; 46
20,66,0.29149,0.30303,28; 20; 66; 81; 22; 17; 24; 50; 51; 40
42,75,0.25574,0.56,53; 42; 75; 33; 49; 6; 10; 38; 10; 56
20,60,0.30587,0.33333,46; 20; 60; 76; 51; 69; 41; 40; 66; 54
17,69,0.24167,0.24638,16; 17; 69; 77; 56; 26; 69; 14; 84; 33
16,56,0.27817,0.28571,39; 16; 56; 62; 12; 11; 6; 9; 23; 11
63,75,0.20987,0.84,14; 63; 75; 9; 31; 24; 10; 15; 37; 41
30,82,0.27829,0.36585,62; 30; 82; 24; 75; 17; 42; 47; 76; 30
14,25,0.33448,0.56,42; 14; 25; 57; 16; 83; 79; 53; 47; 60
14,50,0.2745,0.28,56; 14; 50; 62; 79; 51; 71; 69; 8; 45
10,30,0.29759,0.33333,81; 10; 30; 63; 46; 10; 85; 63; 56; 66
30,85,0.25554,0.35294,66; 30; 85; 44; 16; 52; 81; 58; 81; 81
19,54,0.30445,0.35185,57; 19; 54; 83; 40; 17; 81; 41; 10; 61
37,75,0.25806,0.49333,55; 37; 75; 11; 11; 46; 26; 21; 61; 27
63,79,0.21197,0.79747,54; 63; 79; 32; 15; 24; 6; 7; 10; 13
33,72,0.2778,0.45833,50; 33; 72; 83; 11; 60; 36; 83; 16; 16
16,49,0.29989,0.32653,68; 16; 49; 38; 79; 36; 57; 8; 64; 52
27,85,0.2581,0.31765,30; 27; 85; 10; 19; 72; 5; 31; 27; 85
44,78,0.23412,0.5641,15; 44; 78; 58; 16; 85; 15; 50; 17; 26
37,45,0.31985,0.82222,53; 37; 45; 36; 10; 43; 45; 30; 52; 10
38,78,0.262,0.48718,53; 38; 78; 61; 26; 35; 71; 84; 57; 38
23,77,0.27659,0.2987,61; 23; 77; 9; 10; 57; 31; 6; 39; 74
23,76,0.28071,0.30263,84; 23; 76; 30; 53; 81; 41; 13; 22; 8
48,60,0.27079,0.8,15; 48; 60; 12; 83; 67; 46; 78; 45; 22
15,54,0.2736,0.27778,22; 15; 54; 5; 52; 69; 35; 33; 38; 15
12,51,0.23448,0.23529,40; 12; 51; 81; 82; 55; 54; 77; 30; 37
7,25,0.2679,0.28,71; 7; 25; 26; 49; 69; 24; 52; 85; 62
73,85,0.18687,0.85882,74; 73; 85; 63; 36; 73; 64; 55; 83; 49
41,72,0.25916,0.56944,66; 41; 72; 29; 15; 67; 73; 46; 83; 17
22,74,0.28282,0.2973,81; 22; 74; 53; 46; 45; 15; 24; 79; 31
7,22,0.28481,0.31818,25; 7; 22; 52; 66; 25; 22; 21; 60; 84
19,52,0.31414,0.36538,68; 19; 52; 28; 39; 73; 46; 72; 42; 35
8,32,0.23968,0.25,39; 8; 32; 14; 12; 39; 14; 47; 84; 34
14,59,0.23641,0.23729,18; 14; 59; 7; 76; 74; 65; 34; 64; 12
26,46,0.33531,0.56522,13; 26; 46; 10; 55; 14; 32; 35; 12; 8
25,71,0.29169,0.35211,41; 25; 71; 41; 77; 77; 31; 18; 44; 15
15,63,0.23189,0.2381,79; 15; 63; 11; 77; 75; 41; 39; 68; 64
12,49,0.24128,0.2449,30; 12; 49; 52; 55; 40; 43; 49; 33; 55
28,84,0.25734,0.33333,20; 28; 84; 74; 11; 82; 44; 33; 32; 25
25,54,0.32769,0.46296,58; 25; 54; 69; 19; 6; 82; 60; 71; 68
15,60,0.24462,0.25,53; 15; 60; 54; 72; 27; 71; 79; 60; 11
26,31,0.34341,0.83871,42; 26; 31; 66; 62; 65; 76; 71; 82; 64
14,49,0.27609,0.28571,23; 14; 49; 74; 84; 73; 48; 85; 57; 41
17,48,0.3119,0.35417,56; 17; 48; 26; 31; 72; 63; 12; 61; 14
5,10,0.19085,0.5,64; 5; 10; 9; 53; 47; 46; 43; 53; 75
23,29,0.34897,0.7931,56; 23; 29; 83; 30; 53; 41; 12; 53; 17
14,17,0.32346,0.82353,57; 14; 17; 71; 23; 30; 39; 35; 44; 37
53,66,0.23733,0.80303,64; 53; 66; 65; 34; 53; 27; 74; 28; 84
19,79,0.24012,0.24051,75; 19; 79; 64; 66; 62; 78; 13; 27; 85
39,80,0.25898,0.4875,71; 39; 80; 50; 16; 41; 15; 30; 64; 76
28,56,0.32187,0.5,46; 28; 56; 39; 59; 80; 58; 32; 49; 54
14,47,0.29091,0.29787,51; 14; 47; 31; 75; 44; 27; 71; 78; 55
37,44,0.31556,0.84091,84; 37; 44; 57; 39; 10; 55; 28; 23; 73
61,76,0.21124,0.80263,78; 61; 76; 73; 62; 61; 41; 76; 8; 23
27,55,0.33025,0.49091,44; 27; 55; 68; 61; 25; 9; 37; 25; 25
68,81,0.19715,0.83951,82; 68; 81; 71; 80; 82; 67; 16; 10; 56
25,29,0.3428,0.86207,68; 25; 29; 45; 41; 19; 43; 70; 51; 62
65,79,0.20902,0.82278,44; 65; 79; 50; 54; 63; 37; 21; 67; 19
23,71,0.29291,0.32394,57; 23; 71; 19; 29; 8; 14; 27; 8; 67
25,76,0.28631,0.32895,18; 25; 76; 43; 79; 6; 78; 15; 83; 70
18,49,0.31218,0.36735,30; 18; 49; 5; 56; 66; 84; 14; 51; 78
60,73,0.22137,0.82192,52; 60; 73; 30; 47; 82; 54; 62; 64; 61
9,16,0.29972,0.5625,12; 9; 16; 38; 15; 49; 84; 44; 85; 55
35,70,0.28217,0.5,72; 35; 70; 13; 12; 41; 81; 13; 85; 48
25,44,0.33893,0.56818,62; 25; 44; 47; 23; 29; 73; 50; 63; 46
66,79,0.2028,0.83544,74; 66; 79; 39; 44; 32; 75; 80; 51; 13
28,85,0.27036,0.32941,57; 28; 85; 68; 72; 73; 79; 76; 65; 49
42,74,0.2648,0.56757,47; 42; 74; 16; 38; 29; 28; 32; 19; 70
26,70,0.28579,0.37143,54; 26; 70; 50; 20; 32; 83; 70; 5; 81
19,63,0.28885,0.30159,68; 19; 63; 67; 46; 74; 59; 67; 66; 53
8,28,0.27655,0.28571,66; 8; 28; 32; 67; 9; 35; 5; 6; 27
55,67,0.2422,0.8209,21; 55; 67; 23; 19; 17; 30; 58; 56; 26
66,84,0.19553,0.78571,28; 66; 84; 62; 70; 36; 49; 11; 85; 57
27,59,0.32071,0.45763,48; 27; 59; 20; 14; 38; 85; 23; 58; 17
53,63,0.2485,0.84127,81; 53; 63; 25; 77; 55; 57; 66; 35; 55
42,75,0.26553,0.56,50; 42; 75; 40; 48; 80; 18; 11; 37; 20
22,77,0.27288,0.28571,79; 22; 77; 22; 76; 64; 83; 26; 60; 70
53,65,0.25167,0.81538,21; 53; 65; 38; 6; 44; 77; 15; 60; 56
40,49,0.30979,0.81633,67; 40; 49; 39; 66; 38; 27; 10; 84; 15
51,59,0.25714,0.86441,20; 51; 59; 47; 7; 8; 39; 73; 73; 13
26,57,0.32365,0.45614,85; 26; 57; 52; 30; 73; 12; 83; 14; 72
24,84,0.25943,0.28571,79; 24; 84; 84; 8; 24; 58; 35; 66; 16
24,49,0.33698,0.4898,56; 24; 49; 61; 23; 76; 7; 26; 19; 62
27,82,0.27638,0.32927,74; 27; 82; 14; 38; 78; 54; 78; 5; 49
17,69,0.24402,0.24638,61; 17; 69; 10; 37; 9; 17; 75; 72; 57
22,74,0.27767,0.2973,37; 22; 74; 68; 77; 19; 54; 39; 6; 28
12,26,0.32513,0.46154,60; 12; 26; 75; 68; 38; 48; 66; 8; 26
12,26,0.32407,0.46154,47; 12; 26; 65; 26; 83; 31; 70; 75; 19
58,71,0.23133,0.8169,23; 58; 71; 67; 71; 53; 64; 52; 24; 16
26,82,0.26947,0.31707,11; 26; 82; 75; 27; 60; 33; 77; 67; 84
5,9,0.17025,0.55556,67; 5; 9; 11; 18; 77; 26; 8; 5; 84
13,37,0.30203,0.35135,16; 13; 37; 35; 79; 48; 57; 8; 11; 6
65,76,0.20872,0.85526,24; 65; 76; 29; 32; 31; 36; 24; 68; 50
8,16,0.2947,0.5,14; 8; 16; 74; 5; 80; 73; 17; 81; 60
18,61,0.28339,0.29508,37; 18; 61; 28; 80; 12; 55; 26; 60; 21
5,18,0.24919,0.27778,48; 5; 18; 12; 32; 41; 46; 85; 16; 20
47,84,0.22611,0.55952,16; 47; 84; 65; 32; 30; 10; 57; 57; 55
45,80,0.23563,0.5625,65; 45; 80; 42; 52; 15; 46; 83; 74; 19
12,38,0.29441,0.31579,64; 12; 38; 19; 51; 79; 34; 12; 37; 19
25,72,0.27164,0.34722,5; 25; 72; 38; 59; 78; 28; 79; 26; 60
37,80,0.24949,0.4625,42; 37; 80; 5; 40; 32; 29; 10; 41; 22
10,31,0.28862,0.32258,68; 10; 31; 37; 6; 82; 53; 41; 59; 33
54,66,0.25091,0.81818,23; 54; 66; 48; 46; 20; 66; 51; 58; 47
18,71,0.25231,0.25352,28; 18; 71; 39; 29; 27; 64; 60; 28; 47
54,63,0.24706,0.85714,62; 54; 63; 71; 27; 30; 70; 11; 62; 70
15,50,0.28731,0.3,20; 15; 50; 40; 39; 57; 69; 10; 22; 57
40,49,0.24931,0.81633,84; 40; 49; 37; 40; 80; 45; 69; 18; 7
22,62,0.31072,0.35484,43; 22; 62; 13; 7; 37; 69; 10; 84; 55
27,33,0.34144,0.81818,70; 27; 33; 14; 47; 54; 47; 21; 73; 79
14,55,0.2548,0.25455,68; 14; 55; 46; 72; 25; 62; 29; 13; 53
22,59,0.31917,0.37288,61; 22; 59; 58; 60; 14; 74; 74; 51; 26
27,48,0.33275,0.5625,52; 27; 48; 45; 46; 52; 20; 54; 7; 11
49,57,0.27304,0.85965,64; 49; 57; 71; 24; 40; 37; 76; 48; 17
21,43,0.34425,0.48837,67; 21; 43; 21; 38; 36; 82; 51; 81; 78
31,62,0.31314,0.5,37; 31; 62; 24; 81; 19; 49; 6; 11; 42
15,60,0.24659,0.25,51; 15; 60; 73; 82; 46; 10; 18; 36; 6
16,32,0.33088,0.5,37; 16; 32; 6; 15; 80; 67; 60; 34; 82
13,41,0.29733,0.31707,42; 13; 41; 37; 53; 6; 72; 25; 50; 21
36,42,0.32711,0.85714,9; 36; 42; 18; 80; 29; 79; 10; 44; 43
41,83,0.23331,0.49398,18; 41; 83; 76; 51; 62; 31; 75; 42; 83
41,52,0.27365,0.78846,48; 41; 52; 23; 82; 63; 27; 27; 18; 7
37,43,0.31229,0.86047,65; 37; 43; 66; 31; 69; 47; 56; 20; 85
35,63,0.30073,0.55556,63; 35; 63; 23; 69; 33; 68; 6; 66; 48
11,22,0.32102,0.5,54; 11; 22; 16; 33; 70; 81; 82; 33; 26
72,84,0.18988,0.85714,76; 72; 84; 60; 22; 57; 60; 34; 80; 73
20,57,0.30957,0.35088,30; 20; 57; 57; 55; 63; 66; 22; 61; 74
25,72,0.2904,0.34722,31; 25; 72; 62; 66; 18; 22; 60; 20; 27
14,48,0.28451,0.29167,68; 14; 48; 66; 18; 8; 57; 66; 6; 82
68,85,0.19737,0.8,84; 68; 85; 51; 58; 52; 55; 45; 26; 38
6,12,0.22688,0.5,81; 6; 12; 52; 8; 57; 56; 59; 61; 84
9,32,0.26883,0.28125,74; 9; 32; 46; 49; 10; 25; 55; 76; 47
30,85,0.24874,0.35294,39; 30; 85; 21; 65; 79; 52; 13; 6; 31
10,31,0.28883,0.32258,23; 10; 31; 22; 16; 52; 66; 24; 13; 78
9,30,0.28249,0.3,58; 9; 30; 16; 61; 35; 9; 62; 77; 61
26,33,0.33774,0.78788,39; 26; 33; 24; 9; 25; 81; 5; 28; 21
46,82,0.22961,0.56098,35; 46; 82; 42; 83; 25; 52; 13; 38; 43
20,72,0.26877,0.27778,31; 20; 72; 54; 63; 65; 61; 83; 74; 44
36,79,0.2637,0.4557,32; 36; 79; 48; 52; 62; 67; 83; 53; 13
16,64,0.25043,0.25,53; 16; 64; 51; 36; 25; 68; 84; 62; 63
14,38,0.30805,0.36842,21; 14; 38; 7; 83; 58; 8; 66; 78; 38
15,19,0.33402,0.78947,40; 15; 19; 75; 63; 81; 69; 42; 59; 79
28,76,0.28637,0.36842,65; 28; 76; 79; 39; 44; 7; 13; 72; 6
29,51,0.32515,0.56863,10; 29; 51; 66; 40; 58; 9; 74; 20; 80
59,75,0.21776,0.78667,57; 59; 75; 28; 76; 31; 41; 24; 64; 19
23,40,0.34,0.575,35; 23; 40; 7; 81; 84; 49; 37; 22; 55
20,66,0.29151,0.30303,61; 20; 66; 5; 35; 30; 33; 10; 79; 76
16,35,0.33571,0.45714,52; 16; 35; 59; 18; 58; 36; 79; 24; 81
13,26,0.32803,0.5,8; 13; 26; 11; 54; 33; 75; 81; 19; 27
48,56,0.25251,0.85714,84; 48; 56; 43; 75; 77; 6; 35; 19; 9
56,70,0.22738,0.8,61; 56; 70; 7; 10; 25; 38; 58; 85; 36
66,79,0.20024,0.83544,63; 66; 79; 54; 60; 11; 27; 47; 30; 47
10,40,0.25028,0.25,16; 10; 40; 10; 63; 74; 83; 9; 33; 44
28,61,0.31122,0.45902,8; 28; 61; 15; 30; 58; 26; 21; 74; 27
10,34,0.27956,0.29412,77; 10; 34; 78; 38; 21; 51; 16; 25; 61
24,28,0.34878,0.85714,58; 24; 28; 37; 46; 19; 10; 82; 85; 41
24,84,0.2586,0.28571,71; 24; 84; 10; 54; 9; 15; 36; 69; 10
32,64,0.29833,0.5,19; 32; 64; 49; 31; 65; 24; 79; 53; 18
26,75,0.28761,0.34667,46; 26; 75; 39; 23; 56; 81; 11; 73; 8
5,15,0.22862,0.33333,71; 5; 15; 18; 46; 82; 28; 82; 6; 51
18,39,0.33267,0.46154,48; 18; 39; 42; 67; 35; 10; 69; 23; 78
22,66,0.30526,0.33333,6; 22; 66; 57; 70; 65; 54; 46; 50; 52
20,35,0.34108,0.57143,85; 20; 35; 31; 9; 29; 25; 13; 76; 71
40,81,0.23309,0.49383,70; 40; 81; 84; 16; 33; 48; 23; 16; 72
33,72,0.27609,0.45833,40; 33; 72; 66; 31; 51; 12; 28; 10; 42
31,68,0.2996,0.45588,34; 31; 68; 23; 76; 58; 6; 8; 15; 13
29,51,0.3282,0.56863,76; 29; 51; 78; 26; 13; 12; 71; 12; 85
36,42,0.32601,0.85714,43; 36; 42; 21; 10; 66; 42; 10; 54; 26
10,31,0.29467,0.32258,19; 10; 31; 34; 52; 42; 54; 65; 22; 50
60,75,0.21639,0.8,65; 60; 75; 75; 56; 61; 16; 11; 15; 61
26,53,0.31546,0.49057,17; 26; 53; 52; 75; 75; 76; 14; 68; 78
14,50,0.27619,0.28,62; 14; 50; 11; 9; 37; 47; 65; 69; 15
16,56,0.27819,0.28571,13; 16; 56; 84; 76; 41; 53; 42; 36; 34
30,53,0.32074,0.56604,79; 30; 53; 45; 84; 11; 9; 82; 65; 24
18,21,0.34216,0.85714,6; 18; 21; 64; 60; 71; 85; 12; 68; 53
23,82,0.26848,0.28049,24; 23; 82; 35; 10; 72; 52; 71; 27; 59
34,70,0.27687,0.48571,53; 34; 70; 20; 10; 14; 85; 59; 58; 62
48,61,0.26019,0.78689,42; 48; 61; 18; 78; 62; 24; 58; 40; 60
56,65,0.23021,0.86154,7; 56; 65; 28; 52; 33; 32; 36; 54; 46
69,84,0.17265,0.82143,84; 69; 84; 14; 63; 14; 29; 65; 53; 44
5,17,0.26051,0.29412,52; 5; 17; 36; 85; 79; 39; 73; 60; 77
55,69,0.22588,0.7971,83; 55; 69; 74; 84; 78; 82; 46; 13; 42
30,54,0.32683,0.55556,51; 30; 54; 59; 18; 59; 45; 85; 69; 57
36,78,0.27626,0.46154,26; 36; 78; 25; 9; 85; 48; 8; 40; 83
36,72,0.28551,0.5,35; 36; 72; 85; 61; 73; 32; 13; 64; 26
31,68,0.29528,0.45588,34; 31; 68; 39; 67; 69; 43; 59; 63; 74
25,78,0.27629,0.32051,17; 25; 78; 52; 8; 71; 79; 14; 33; 46
41,84,0.23973,0.4881,65; 41; 84; 34; 81; 75; 53; 73; 20; 65
26,82,0.26922,0.31707,7; 26; 82; 59; 26; 6; 40; 37; 46; 16
38,78,0.22373,0.48718,68; 38; 78; 82; 67; 19; 39; 69; 43; 71
23,41,0.34415,0.56098,83; 23; 41; 34; 47; 48; 73; 19; 33; 43
26,46,0.32967,0.56522,35; 26; 46; 43; 84; 85; 79; 42; 7; 62
31,55,0.32247,0.56364,62; 31; 55; 42; 34; 63; 73; 9; 73; 57
60,75,0.21411,0.8,73; 60; 75; 42; 75; 11; 26; 13; 12; 80
50,58,0.26649,0.86207,43; 50; 58; 34; 49; 67; 60; 55; 10; 40
16,55,0.28005,0.29091,6; 16; 55; 81; 81; 30; 58; 20; 74; 68
73,85,0.18512,0.85882,80; 73; 85; 19; 78; 24; 48; 24; 59; 51
41,72,0.25509,0.56944,61; 41; 72; 38; 66; 32; 25; 75; 31; 58
14,17,0.32893,0.82353,65; 14; 17; 63; 42; 14; 56; 11; 74; 71
46,81,0.23374,0.5679,30; 46; 81; 76; 60; 25; 24; 76; 53; 7
33,41,0.33091,0.80488,59; 33; 41; 14; 85; 51; 48; 20; 24; 66
25,50,0.33729,0.5,51; 25; 50; 57; 56; 60; 38; 79; 14; 64
26,31,0.34199,0.83871,10; 26; 31; 34; 60; 22; 47; 34; 31; 27
6,13,0.24155,0.46154,6; 6; 13; 31; 67; 19; 69; 70; 66; 48
8,23,0.29744,0.34783,38; 8; 23; 46; 59; 24; 18; 38; 60; 26
43,50,0.295,0.86,83; 43; 50; 52; 25; 55; 84; 15; 16; 74
10,18,0.31182,0.55556,57; 10; 18; 5; 39; 28; 71; 48; 24; 31
37,47,0.3209,0.78723,51; 37; 47; 22; 24; 39; 25; 8; 14; 39
14,58,0.24111,0.24138,80; 14; 58; 64; 10; 51; 30; 28; 36; 79
20,72,0.26778,0.27778,9; 20; 72; 54; 34; 16; 38; 40; 74; 45
5,9,0.19609,0.55556,12; 5; 9; 40; 23; 32; 52; 80; 66; 14
61,77,0.21604,0.79221,63; 61; 77; 56; 40; 38; 30; 24; 36; 26
45,80,0.24908,0.5625,21; 45; 80; 9; 23; 71; 7; 32; 68; 16
37,47,0.31042,0.78723,49; 37; 47; 29; 61; 66; 68; 63; 26; 40
23,66,0.30779,0.34848,54; 23; 66; 36; 30; 46; 62; 80; 13; 33
12,42,0.27442,0.28571,39; 12; 42; 75; 33; 27; 7; 32; 66; 32
59,74,0.22379,0.7973,18; 59; 74; 46; 71; 56; 18; 43; 39; 42
22,80,0.26848,0.275,8; 22; 80; 30; 51; 66; 33; 27; 13; 12
19,39,0.33864,0.48718,58; 19; 39; 43; 72; 31; 20; 51; 17; 55
34,60,0.30583,0.56667,24; 34; 60; 61; 51; 21; 56; 72; 28; 31
14,50,0.27514,0.28,37; 14; 50; 52; 23; 70; 20; 65; 79; 47
19,54,0.30959,0.35185,27; 19; 54; 39; 13; 61; 65; 37; 8; 64
18,72,0.24391,0.25,12; 18; 72; 32; 26; 16; 58; 59; 19; 12
38,82,0.23583,0.46341,42; 38; 82; 79; 50; 65; 73; 18; 77; 9
52,62,0.25588,0.83871,22; 52; 62; 39; 69; 27; 65; 15; 82; 78
36,42,0.32529,0.85714,66; 36; 42; 51; 38; 49; 43; 48; 58; 54
25,44,0.33583,0.56818,74; 25; 44; 77; 24; 66; 51; 5; 66; 73
32,64,0.29943,0.5,72; 32; 64; 22; 6; 55; 55; 36; 46; 32
46,55,0.28564,0.83636,22; 46; 55; 66; 6; 37; 33; 74; 9; 42
14,48,0.28398,0.29167,63; 14; 48; 65; 11; 74; 44; 72; 10; 61
16,68,0.23373,0.23529,75; 16; 68; 44; 43; 51; 35; 13; 53; 50
69,84,0.20032,0.82143,46; 69; 84; 77; 81; 41; 36; 16; 80; 51
52,66,0.25312,0.78788,12; 52; 66; 84; 17; 38; 21; 70; 30; 77
20,69,0.27961,0.28986,11; 20; 69; 7; 71; 43; 56; 13; 11; 39
31,38,0.33301,0.81579,82; 31; 38; 78; 15; 36; 50; 15; 47; 6
19,57,0.30584,0.33333,24; 19; 57; 69; 12; 16; 64; 85; 46; 32
20,61,0.30418,0.32787,7; 20; 61; 9; 77; 75; 83; 61; 17; 76
12,50,0.23638,0.24,65; 12; 50; 54; 75; 7; 69; 78; 65; 30
23,65,0.30666,0.35385,82; 23; 65; 19; 10; 54; 85; 78; 34; 24
41,73,0.22942,0.56164,18; 41; 73; 70; 41; 67; 24; 15; 51; 31
17,60,0.27506,0.28333,79; 17; 60; 74; 71; 50; 77; 82; 33; 41
9,32,0.26936,0.28125,59; 9; 32; 31; 9; 37; 8; 44; 26; 67
8,34,0.23551,0.23529,63; 8; 34; 36; 77; 52; 21; 9; 42; 36
66,83,0.20386,0.79518,53; 66; 83; 40; 39; 8; 47; 51; 22; 31
17,46,0.31621,0.36957,56; 17; 46; 7; 36; 10; 29; 31; 54; 12
22,74,0.28485,0.2973,14; 22; 74; 47; 9; 52; 29; 19; 65; 84
18,63,0.27682,0.28571,42; 18; 63; 52; 12; 55; 30; 84; 48; 17
24,52,0.32954,0.46154,9; 24; 52; 44; 43; 53; 49; 55; 61; 75
12,41,0.28184,0.29268,41; 12; 41; 76; 73; 82; 39; 23; 47; 43
28,57,0.32109,0.49123,21; 28; 57; 70; 29; 49; 40; 82; 70; 46
27,84,0.26426,0.32143,29; 27; 84; 41; 54; 33; 49; 64; 53; 58
28,75,0.28568,0.37333,21; 28; 75; 36; 78; 43; 13; 66; 47; 40
13,47,0.27366,0.2766,14; 13; 47; 45; 38; 63; 48; 74; 46; 29
26,79,0.27802,0.32911,33; 26; 79; 5; 67; 7; 22; 32; 71; 80
41,83,0.21603,0.49398,46; 41; 83; 44; 5; 22; 27; 37; 70; 34
20,41,0.33479,0.4878,22; 20; 41; 80; 6; 64; 45; 70; 60; 47
16,55,0.28375,0.29091,38; 16; 55; 79; 53; 56; 5; 78; 74; 31
43,75,0.25815,0.57333,23; 43; 75; 78; 68; 9; 71; 16; 24; 37
52,65,0.2535,0.8,16; 52; 65; 82; 14; 61; 32; 31; 56; 11
24,80,0.27093,0.3,36; 24; 80; 21; 35; 65; 52; 33; 7; 31
68,85,0.1861,0.8,38; 68; 85; 38; 43; 23; 42; 12; 84; 43
41,82,0.23612,0.5,23; 41; 82; 83; 61; 66; 22; 44; 43; 81
25,29,0.33833,0.86207,77; 25; 29; 76; 28; 22; 61; 15; 28; 44
11,39,0.2747,0.28205,82; 11; 39; 79; 78; 57; 48; 64; 7; 24
19,79,0.24016,0.24051,31; 19; 79; 13; 53; 53; 69; 64; 62; 11
31,39,0.32907,0.79487,10; 31; 39; 46; 79; 49; 39; 57; 33; 12
23,28,0.34625,0.82143,45; 23; 28; 77; 57; 22; 80; 40; 49; 63
17,35,0.3353,0.48571,62; 17; 35; 56; 49; 55; 30; 47; 50; 7
21,73,0.27729,0.28767,58; 21; 73; 66; 17; 38; 83; 82; 84; 55
20,81,0.2478,0.24691,10; 20; 81; 77; 42; 71; 26; 45; 44; 80
11,24,0.31984,0.45833,52; 11; 24; 74; 28; 7; 71; 67; 58; 14
42,84,0.23026,0.5,53; 42; 84; 31; 44; 5; 48; 54; 31; 69
23,47,0.33111,0.48936,85; 23; 47; 52; 79; 18; 49; 28; 75; 62
52,62,0.2502,0.83871,14; 52; 62; 46; 8; 84; 61; 47; 67; 33
25,76,0.28027,0.32895,72; 25; 76; 43; 58; 12; 15; 84; 12; 67
8,34,0.23222,0.23529,43; 8; 34; 60; 80; 11; 42; 81; 17; 77
8,27,0.27844,0.2963,19; 8; 27; 46; 46; 21; 41; 25; 52; 37
17,51,0.30546,0.33333,41; 17; 51; 44; 55; 13; 63; 17; 37; 39
32,39,0.33657,0.82051,51; 32; 39; 50; 20; 9; 67; 40; 54; 7
65,76,0.18583,0.85526,36; 65; 76; 83; 81; 18; 12; 16; 11; 66
16,32,0.33283,0.5,7; 16; 32; 37; 81; 49; 33; 13; 45; 21
49,61,0.26565,0.80328,70; 49; 61; 8; 18; 12; 36; 59; 16; 23
25,68,0.29639,0.36765,48; 25; 68; 66; 54; 36; 19; 48; 66; 42
49,60,0.23257,0.81667,39; 49; 60; 26; 25; 51; 29; 69; 61; 24
20,80,0.24824,0.25,78; 20; 80; 54; 77; 66; 8; 64; 13; 45
11,38,0.27686,0.28947,35; 11; 38; 67; 65; 33; 50; 11; 80; 48
15,63,0.23998,0.2381,42; 15; 63; 7; 38; 42; 17; 63; 14; 42
66,77,0.20403,0.85714,10; 66; 77; 31; 48; 30; 41; 26; 40; 44
62,76,0.21486,0.81579,57; 62; 76; 83; 21; 74; 33; 31; 10; 78
21,63,0.30165,0.33333,69; 21; 63; 71; 55; 8; 73; 20; 81; 9
10,18,0.31195,0.55556,35; 10; 18; 75; 56; 85; 7; 80; 69; 80
27,84,0.27236,0.32143,30; 27; 84; 81; 42; 23; 6; 54; 68; 65
36,73,0.28586,0.49315,83; 36; 73; 47; 30; 66; 59; 18; 71; 37
15,50,0.28507,0.3,38; 15; 50; 10; 51; 50; 33; 18; 17; 76
22,62,0.30688,0.35484,24; 22; 62; 25; 55; 42; 61; 28; 85; 54
16,43,0.31692,0.37209,63; 16; 43; 9; 25; 52; 83; 73; 56; 59
17,60,0.27473,0.28333,27; 17; 60; 8; 18; 74; 47; 7; 31; 85
17,30,0.33751,0.56667,67; 17; 30; 42; 56; 70; 68; 29; 73; 83
61,73,0.21077,0.83562,47; 61; 73; 70; 75; 8; 69; 66; 59; 81
23,41,0.34025,0.56098,60; 23; 41; 69; 22; 52; 35; 38; 29; 50
20,57,0.31428,0.35088,30; 20; 57; 9; 42; 52; 61; 24; 46; 15
23,81,0.27024,0.28395,70; 23; 81; 23; 36; 62; 40; 31; 83; 22
36,72,0.26747,0.5,44; 36; 72; 25; 46; 37; 68; 49; 41; 38
19,58,0.29989,0.32759,76; 19; 58; 79; 50; 21; 9; 9; 57; 65
41,82,0.25099,0.5,53; 41; 82; 12; 17; 79; 11; 70; 11; 7
25,72,0.29412,0.34722,45; 25; 72; 66; 59; 45; 55; 44; 70; 77
11,30,0.30816,0.36667,84; 11; 30; 39; 50; 16; 84; 50; 44; 42
19,79,0.23926,0.24051,51; 19; 79; 70; 40; 15; 72; 14; 65; 27
25,82,0.26604,0.30488,14; 25; 82; 32; 27; 75; 30; 83; 84; 20
19,58,0.30083,0.32759,83; 19; 58; 85; 61; 35; 57; 52; 17; 23
30,35,0.34214,0.85714,7; 30; 35; 32; 78; 30; 8; 70; 22; 29
37,81,0.24605,0.45679,67; 37; 81; 66; 38; 15; 78; 71; 55; 82
47,82,0.22211,0.57317,38; 47; 82; 27; 49; 37; 13; 55; 71; 13
23,29,0.34447,0.7931,5; 23; 29; 80; 12; 20; 22; 55; 33; 69
38,83,0.24597,0.45783,33; 38; 83; 61; 66; 17; 52; 63; 49; 34
66,77,0.21067,0.85714,49; 66; 77; 48; 46; 56; 75; 39; 39; 24
18,71,0.2468,0.25352,26; 18; 71; 60; 16; 12; 52; 57; 69; 40
25,85,0.26112,0.29412,79; 25; 85; 77; 69; 54; 47; 72; 39; 66
29,82,0.27182,0.35366,82; 29; 82; 61; 76; 56; 68; 49; 23; 50
14,28,0.33176,0.5,16; 14; 28; 5; 70; 66; 14; 55; 43; 58
23,47,0.33415,0.48936,60; 23; 47; 37; 47; 77; 45; 9; 32; 17
14,47,0.28216,0.29787,19; 14; 47; 41; 59; 73; 42; 78; 5; 76
37,46,0.32462,0.80435,55; 37; 46; 34; 57; 39; 46; 53; 56; 80
32,65,0.30699,0.49231,58; 32; 65; 69; 72; 25; 46; 23; 27; 13
8,10,0.261,0.8,8; 8; 10; 54; 11; 33; 69; 82; 73; 70
18,22,0.33704,0.81818,31; 18; 22; 19; 68; 60; 37; 53; 23; 75
11,24,0.32045,0.45833,17; 11; 24; 82; 50; 68; 64; 59; 31; 50
19,38,0.33773,0.5,57; 19; 38; 8; 85; 52; 7; 53; 76; 8
30,60,0.32438,0.5,53; 30; 60; 33; 50; 16; 76; 67; 57; 67
66,83,0.20908,0.79518,14; 66; 83; 68; 61; 40; 29; 46; 72; 41
32,65,0.30808,0.49231,69; 32; 65; 49; 8; 82; 76; 34; 34; 27
31,68,0.29656,0.45588,75; 31; 68; 51; 69; 5; 17; 65; 78; 56
48,60,0.27142,0.8,7; 48; 60; 69; 7; 21; 70; 28; 50; 38
42,85,0.23579,0.49412,9; 42; 85; 81; 31; 18; 56; 61; 8; 56
11,46,0.23722,0.23913,19; 11; 46; 45; 25; 46; 47; 44; 65; 59
64,78,0.21278,0.82051,18; 64; 78; 22; 42; 85; 47; 26; 33; 13
7,21,0.29567,0.33333,46; 7; 21; 69; 8; 76; 69; 9; 84; 26
41,49,0.30448,0.83673,39; 41; 49; 71; 77; 52; 50; 74; 35; 20
27,81,0.26923,0.33333,40; 27; 81; 66; 15; 72; 15; 57; 28; 13
9,26,0.29582,0.34615,53; 9; 26; 77; 41; 67; 70; 56; 22; 9
19,57,0.29892,0.33333,14; 19; 57; 51; 11; 48; 61; 6; 23; 67
18,32,0.3371,0.5625,8; 18; 32; 17; 43; 25; 58; 74; 55; 29
22,78,0.27211,0.28205,30; 22; 78; 23; 73; 57; 49; 38; 49; 74
17,71,0.23756,0.23944,26; 17; 71; 84; 36; 24; 38; 39; 14; 16
16,46,0.30997,0.34783,28; 16; 46; 47; 65; 37; 60; 36; 40; 13
16,63,0.25734,0.25397,25; 16; 63; 81; 48; 39; 9; 71; 27; 41
23,72,0.29188,0.31944,35; 23; 72; 14; 19; 54; 5; 9; 78; 82
22,62,0.31182,0.35484,45; 22; 62; 6; 15; 29; 40; 85; 25; 8
66,77,0.20711,0.85714,42; 66; 77; 55; 33; 53; 35; 70; 78; 57
19,68,0.27432,0.27941,65; 19; 68; 39; 35; 79; 54; 63; 30; 57
32,70,0.27589,0.45714,52; 32; 70; 24; 30; 72; 64; 36; 21; 74
39,84,0.23822,0.46429,34; 39; 84; 9; 44; 81; 84; 60; 15; 52
26,31,0.35022,0.83871,28; 26; 31; 72; 85; 83; 72; 31; 17; 50
21,70,0.28388,0.3,39; 21; 70; 55; 6; 14; 62; 77; 26; 8
34,68,0.2902,0.5,27; 34; 68; 52; 28; 57; 16; 80; 36; 67
11,40,0.25991,0.275,43; 11; 40; 11; 58; 25; 65; 53; 72; 23
17,61,0.2714,0.27869,36; 17; 61; 37; 5; 12; 81; 35; 42; 22
12,26,0.32423,0.46154,74; 12; 26; 36; 78; 63; 38; 36; 10; 64
66,79,0.20406,0.83544,38; 66; 79; 8; 46; 60; 45; 81; 41; 8
27,77,0.27831,0.35065,33; 27; 77; 22; 17; 17; 85; 42; 43; 49
17,46,0.31731,0.36957,12; 17; 46; 68; 64; 55; 57; 32; 18; 39
27,81,0.27454,0.33333,46; 27; 81; 47; 31; 45; 16; 21; 43; 77
9,11,0.26346,0.81818,9; 9; 11; 61; 15; 63; 37; 23; 71; 10
13,40,0.30127,0.325,51; 13; 40; 56; 58; 77; 37; 50; 78; 33
28,79,0.27692,0.35443,9; 28; 79; 14; 65; 71; 19; 37; 82; 67
33,41,0.33039,0.80488,29; 33; 41; 41; 68; 41; 74; 34; 48; 43
41,83,0.25088,0.49398,61; 41; 83; 74; 72; 62; 71; 11; 28; 60
10,27,0.30383,0.37037,28; 10; 27; 70; 24; 42; 34; 47; 30; 29
21,72,0.2813,0.29167,72; 21; 72; 46; 59; 45; 11; 27; 19; 75
26,53,0.33249,0.49057,38; 26; 53; 13; 26; 49; 30; 46; 75; 11
59,75,0.21592,0.78667,13; 59; 75; 83; 14; 8; 31; 14; 9; 59
23,65,0.31075,0.35385,84; 23; 65; 6; 59; 23; 46; 20; 76; 85
6,20,0.28008,0.3,32; 6; 20; 34; 24; 12; 70; 11; 52; 43
71,85,0.18889,0.83529,63; 71; 85; 29; 35; 33; 19; 80; 43; 28
19,64,0.28651,0.29688,33; 19; 64; 37; 9; 28; 34; 27; 11; 10
33,41,0.32887,0.80488,42; 33; 41; 46; 46; 8; 45; 45; 8; 18
63,80,0.19377,0.7875,13; 63; 80; 24; 23; 45; 25; 52; 26; 22
16,35,0.3311,0.45714,79; 16; 35; 64; 67; 17; 6; 48; 43; 75
26,74,0.28991,0.35135,61; 26; 74; 46; 16; 44; 15; 27; 54; 25
15,41,0.31357,0.36585,77; 15; 41; 57; 85; 62; 65; 35; 73; 56
41,51,0.29667,0.80392,46; 41; 51; 36; 30; 43; 49; 84; 43; 55
18,65,0.27125,0.27692,72; 18; 65; 21; 39; 20; 15; 41; 33; 43
26,75,0.29047,0.34667,21; 26; 75; 42; 35; 15; 65; 16; 25; 41
45,81,0.2473,0.55556,8; 45; 81; 84; 41; 16; 40; 26; 37; 62
69,82,0.19103,0.84146,33; 69; 82; 16; 44; 16; 83; 40; 64; 21
42,49,0.30539,0.85714,14; 42; 49; 57; 40; 37; 44; 35; 40; 30
23,82,0.2702,0.28049,75; 23; 82; 51; 64; 85; 32; 57; 50; 75
16,53,0.2882,0.30189,80; 16; 53; 81; 54; 83; 47; 9; 78; 55
20,60,0.30504,0.33333,29; 20; 60; 21; 84; 8; 36; 18; 75; 64
71,83,0.19491,0.85542,61; 71; 83; 10; 84; 54; 74; 15; 14; 60
14,58,0.23952,0.24138,6; 14; 58; 66; 46; 68; 69; 7; 21; 69
23,69,0.29771,0.33333,11; 23; 69; 27; 27; 55; 60; 19; 11; 10
12,40,0.28823,0.3,38; 12; 40; 61; 32; 65; 42; 59; 20; 12
9,18,0.30471,0.5,84; 9; 18; 63; 14; 72; 59; 53; 32; 19
19,77,0.24555,0.24675,35; 19; 77; 40; 65; 18; 75; 43; 19; 77
19,39,0.33669,0.48718,25; 19; 39; 61; 47; 74; 85; 27; 50; 14
27,84,0.27039,0.32143,53; 27; 84; 20; 25; 33; 16; 33; 14; 66
24,76,0.2832,0.31579,39; 24; 76; 78; 25; 15; 55; 72; 30; 23
46,58,0.28659,0.7931,31; 46; 58; 64; 69; 48; 37; 50; 7; 73
15,54,0.27096,0.27778,51; 15; 54; 55; 40; 37; 8; 30; 72; 79
36,72,0.27498,0.5,38; 36; 72; 13; 22; 79; 57; 37; 83; 72
23,69,0.30163,0.33333,83; 23; 69; 49; 42; 58; 80; 79; 38; 12
29,83,0.26756,0.3494,15; 29; 83; 34; 73; 25; 68; 46; 24; 61
9,11,0.27404,0.81818,76; 9; 11; 80; 27; 55; 9; 7; 46; 27
24,79,0.27735,0.3038,48; 24; 79; 38; 33; 24; 63; 81; 18; 36
19,51,0.31663,0.37255,76; 19; 51; 58; 50; 68; 67; 37; 8; 72
18,61,0.28499,0.29508,72; 18; 61; 40; 22; 15; 11; 59; 54; 15
10,18,0.31149,0.55556,57; 10; 18; 9; 11; 45; 46; 75; 84; 80
58,69,0.23621,0.84058,8; 58; 69; 66; 64; 62; 61; 6; 43; 48
51,62,0.26089,0.82258,50; 51; 62; 70; 37; 64; 82; 17; 37; 81
56,71,0.22737,0.78873,73; 56; 71; 65; 42; 6; 7; 67; 76; 23
16,20,0.33518,0.8,9; 16; 20; 51; 58; 35; 64; 56; 15; 37
45,55,0.27303,0.81818,28; 45; 55; 66; 26; 68; 22; 35; 85; 31
36,73,0.28149,0.49315,26; 36; 73; 29; 25; 81; 79; 51; 63; 54
12,43,0.27216,0.27907,66; 12; 43; 50; 41; 15; 27; 66; 22; 44
17,37,0.33102,0.45946,23; 17; 37; 76; 10; 45; 68; 85; 37; 67
16,54,0.28446,0.2963,37; 16; 54; 18; 43; 40; 12; 69; 7; 7
47,84,0.21041,0.55952,59; 47; 84; 44; 75; 39; 85; 5; 8; 58
38,48,0.30086,0.79167,70; 38; 48; 37; 40; 39; 66; 10; 25; 38
22,59,0.31366,0.37288,18; 22; 59; 24; 13; 80; 42; 58; 77; 29
17,53,0.29775,0.32075,83; 17; 53; 43; 74; 25; 71; 25; 24; 44
12,36,0.29841,0.33333,53; 12; 36; 63; 43; 27; 10; 73; 65; 6
32,70,0.28344,0.45714,68; 32; 70; 54; 45; 30; 35; 82; 11; 22
23,41,0.34347,0.56098,49; 23; 41; 32; 20; 36; 23; 50; 39; 32
32,57,0.31131,0.5614,64; 32; 57; 39; 83; 69; 58; 36; 81; 63
18,71,0.25093,0.25352,26; 18; 71; 35; 17; 48; 70; 47; 25; 38
26,82,0.2627,0.31707,79; 26; 82; 56; 19; 7; 79; 23; 33; 59
40,80,0.2461,0.5,18; 40; 80; 70; 47; 49; 9; 26; 65; 35
11,31,0.30093,0.35484,12; 11; 31; 12; 15; 8; 16; 9; 52; 16
19,68,0.27608,0.27941,67; 19; 68; 30; 52; 85; 30; 66; 50; 41
10,20,0.31377,0.5,45; 10; 20; 11; 23; 41; 71; 44; 23; 27
19,55,0.30992,0.34545,55; 19; 55; 16; 84; 50; 20; 10; 61; 57
21,57,0.315,0.36842,71; 21; 57; 24; 46; 39; 84; 39; 50; 41
63,73,0.20461,0.86301,71; 63; 73; 12; 23; 18; 7; 44; 49; 62
31,62,0.30939,0.5,73; 31; 62; 23; 12; 13; 21; 26; 58; 24
28,75,0.28163,0.37333,41; 28; 75; 54; 54; 72; 7; 18; 29; 69
7,22,0.28814,0.31818,68; 7; 22; 50; 7; 47; 56; 19; 21; 79
20,36,0.33937,0.55556,31; 20; 36; 7; 11; 30; 30; 34; 11; 5
6,21,0.27229,0.28571,24; 6; 21; 10; 51; 23; 42; 78; 15; 60
6,18,0.28001,0.33333,16; 6; 18; 36; 78; 9; 62; 57; 22; 38
53,67,0.24666,0.79104,35; 53; 67; 76; 50; 13; 62; 41; 24; 33
14,55,0.25261,0.25455,35; 14; 55; 46; 34; 39; 80; 77; 60; 51
30,54,0.31212,0.55556,58; 30; 54; 80; 22; 26; 22; 85; 16; 75
16,63,0.25039,0.25397,81; 16; 63; 45; 83; 57; 32; 84; 29; 84
22,48,0.33122,0.45833,40; 22; 48; 34; 82; 16; 85; 75; 62; 85
17,35,0.33362,0.48571,76; 17; 35; 12; 64; 53; 64; 27; 82; 45
24,48,0.3352,0.5,21; 24; 48; 51; 44; 23; 12; 13; 85; 24
68,79,0.2028,0.86076,39; 68; 79; 54; 67; 37; 48; 13; 62; 56
7,20,0.29798,0.35,30; 7; 20; 26; 27; 41; 47; 82; 46; 57
31,54,0.31851,0.57407,53; 31; 54; 63; 38; 27; 47; 83; 57; 57
38,76,0.26408,0.5,5; 38; 76; 10; 37; 75; 27; 83; 46; 49
7,25,0.26712,0.28,77; 7; 25; 70; 54; 70; 28; 78; 75; 60
51,64,0.25862,0.79688,18; 51; 64; 12; 10; 7; 84; 23; 39; 35
24,84,0.26024,0.28571,17; 24; 84; 64; 82; 23; 43; 73; 50; 49
64,81,0.20676,0.79012,13; 64; 81; 65; 42; 66; 16; 18; 12; 33
29,82,0.27206,0.35366,21; 29; 82; 9; 15; 11; 66; 38; 24; 47
11,22,0.32568,0.5,70; 11; 22; 41; 74; 9; 67; 13; 52; 48
18,60,0.28791,0.3,44; 18; 60; 78; 32; 81; 9; 29; 56; 80
56,71,0.22187,0.78873,14; 56; 71; 27; 44; 69; 46; 33; 13; 38
30,60,0.30247,0.5,50; 30; 60; 78; 68; 7; 15; 53; 43; 77
15,43,0.30423,0.34884,50; 15; 43; 20; 6; 62; 19; 23; 63; 16
47,83,0.24655,0.56627,60; 47; 83; 84; 20; 55; 15; 32; 36; 25
14,48,0.28289,0.29167,35; 14; 48; 62; 71; 8; 66; 57; 7; 46
18,21,0.34481,0.85714,35; 18; 21; 59; 5; 65; 32; 36; 49; 48
19,68,0.27312,0.27941,69; 19; 68; 15; 11; 50; 65; 65; 79; 17
9,32,0.26487,0.28125,15; 9; 32; 7; 40; 26; 21; 71; 31; 41
14,25,0.33291,0.56,62; 14; 25; 65; 54; 52; 7; 15; 81; 73
13,40,0.29769,0.325,42; 13; 40; 47; 74; 6; 8; 38; 27; 29
23,69,0.27778,0.33333,58; 23; 69; 16; 53; 26; 50; 73; 24; 67
21,85,0.23879,0.24706,19; 21; 85; 75; 28; 15; 68; 66; 61; 63
40,71,0.25965,0.56338,72; 40; 71; 38; 5; 43; 11; 80; 12; 30
13,44,0.2823,0.29545,46; 13; 44; 83; 72; 72; 16; 16; 10; 78
11,44,0.24794,0.25,42; 11; 44; 82; 19; 66; 71; 25; 5; 29
10,36,0.26873,0.27778,40; 10; 36; 27; 38; 43; 27; 20; 5; 61
38,82,0.245,0.46341,39; 38; 82; 44; 72; 48; 68; 73; 21; 15
29,84,0.26559,0.34524,65; 29; 84; 24; 84; 54; 18; 77; 64; 25
48,61,0.26962,0.78689,24; 48; 61; 84; 18; 44; 70; 52; 22; 62
44,55,0.28725,0.8,61; 44; 55; 82; 71; 58; 83; 9; 27; 64
29,59,0.31414,0.49153,19; 29; 59; 22; 27; 7; 66; 24; 41; 34
17,60,0.27829,0.28333,27; 17; 60; 32; 67; 49; 15; 12; 25; 81
16,49,0.30167,0.32653,84; 16; 49; 80; 30; 28; 12; 21; 30; 46
41,83,0.23849,0.49398,54; 41; 83; 68; 42; 82; 13; 5; 40; 72
24,85,0.25931,0.28235,46; 24; 85; 27; 70; 49; 68; 74; 76; 82
8,32,0.24606,0.25,75; 8; 32; 17; 75; 13; 8; 76; 7; 81
16,49,0.29996,0.32653,67; 16; 49; 11; 84; 62; 28; 75; 17; 85
9,36,0.24162,0.25,29; 9; 36; 68; 78; 74; 14; 51; 24; 40
27,83,0.27169,0.3253,85; 27; 83; 35; 29; 73; 11; 52; 77; 50
8,14,0.28143,0.57143,63; 8; 14; 5; 83; 55; 64; 59; 62; 10
45,56,0.28247,0.80357,52; 45; 56; 70; 67; 84; 65; 63; 68; 28
20,85,0.24097,0.23529,30; 20; 85; 9; 20; 74; 18; 37; 68; 58
59,72,0.21825,0.81944,14; 59; 72; 29; 11; 32; 53; 62; 55; 19
52,62,0.26037,0.83871,46; 52; 62; 44; 7; 69; 31; 30; 6; 37
25,75,0.28011,0.33333,24; 25; 75; 27; 40; 53; 83; 84; 74; 7
24,85,0.24804,0.28235,60; 24; 85; 65; 8; 82; 76; 83; 26; 43
28,80,0.25136,0.35,22; 28; 80; 24; 25; 73; 62; 31; 60; 54
38,83,0.26848,0.45783,67; 38; 83; 41; 39; 48; 14; 47; 44; 13
10,31,0.29148,0.32258,13; 10; 31; 5; 26; 22; 20; 65; 69; 41
24,28,0.34402,0.85714,33; 24; 28; 11; 16; 44; 20; 76; 61; 79
31,83,0.25896,0.37349,26; 31; 83; 31; 82; 17; 66; 72; 29; 60
45,57,0.2756,0.78947,5; 45; 57; 74; 6; 80; 79; 74; 43; 31
19,55,0.30658,0.34545,34; 19; 55; 49; 26; 69; 8; 49; 85; 83
43,51,0.29916,0.84314,34; 43; 51; 23; 41; 25; 85; 53; 34; 25
23,66,0.30627,0.34848,50; 23; 66; 18; 23; 23; 66; 68; 37; 78
19,67,0.27641,0.28358,28; 19; 67; 22; 49; 51; 32; 29; 85; 60
12,34,0.30392,0.35294,5; 12; 34; 53; 76; 46; 49; 13; 80; 34
27,84,0.27032,0.32143,69; 27; 84; 67; 41; 62; 83; 45; 77; 22
18,36,0.33458,0.5,46; 18; 36; 23; 78; 36; 39; 19; 67; 77
59,75,0.2137,0.78667,17; 59; 75; 52; 51; 11; 45; 70; 44; 56
20,82,0.2449,0.2439,12; 20; 82; 8; 16; 39; 29; 20; 74; 55
10,33,0.28698,0.30303,41; 10; 33; 45; 50; 28; 84; 46; 22; 62
22,74,0.28342,0.2973,22; 22; 74; 7; 28; 29; 52; 55; 80; 61
16,53,0.28897,0.30189,27; 16; 53; 22; 71; 52; 74; 46; 82; 28
12,49,0.24587,0.2449,63; 12; 49; 39; 22; 11; 6; 16; 77; 8
14,25,0.33793,0.56,8; 14; 25; 14; 49; 85; 70; 5; 63; 28
12,41,0.28221,0.29268,16; 12; 41; 19; 22; 80; 61; 21; 81; 8
16,55,0.28669,0.29091,53; 16; 55; 30; 32; 57; 8; 84; 40; 61
20,71,0.27527,0.28169,50; 20; 71; 67; 81; 6; 46; 67; 58; 7
22,74,0.28283,0.2973,61; 22; 74; 15; 70; 41; 59; 32; 41; 84
7,23,0.28374,0.30435,19; 7; 23; 10; 50; 28; 30; 52; 66; 60
44,51,0.29578,0.86275,12; 44; 51; 84; 10; 19; 19; 83; 32; 34
18,32,0.34319,0.5625,48; 18; 32; 20; 46; 38; 61; 7; 29; 54
22,68,0.2964,0.32353,32; 22; 68; 28; 42; 79; 53; 75; 76; 32
15,41,0.31099,0.36585,77; 15; 41; 12; 13; 74; 40; 78; 64; 80
51,62,0.26182,0.82258,32; 51; 62; 44; 75; 81; 28; 50; 20; 62
60,73,0.21211,0.82192,38; 60; 73; 73; 74; 24; 55; 72; 37; 75
37,74,0.28176,0.5,39; 37; 74; 74; 62; 43; 79; 67; 47; 57
17,53,0.29962,0.32075,24; 17; 53; 69; 39; 78; 34; 14; 14; 5
16,48,0.30505,0.33333,37; 16; 48; 75; 84; 24; 45; 38; 65; 15
19,69,0.27255,0.27536,56; 19; 69; 51; 43; 34; 8; 84; 71; 9
8,10,0.25197,0.8,9; 8; 10; 27; 20; 69; 57; 36; 10; 10
39,69,0.28336,0.56522,39; 39; 69; 82; 67; 54; 63; 62; 59; 11
58,71,0.21078,0.8169,50; 58; 71; 65; 18; 22; 15; 19; 57; 35
9,36,0.24533,0.25,72; 9; 36; 83; 15; 49; 51; 48; 55; 56
25,85,0.26956,0.29412,22; 25; 85; 8; 10; 76; 72; 30; 41; 76
19,63,0.28828,0.30159,15; 19; 63; 61; 21; 80; 82; 41; 61; 36
17,46,0.31502,0.36957,81; 17; 46; 83; 13; 47; 73; 31; 15; 64
19,51,0.31996,0.37255,62; 19; 51; 73; 43; 34; 78; 73; 75; 18
47,83,0.20045,0.56627,5; 47; 83; 18; 75; 42; 64; 46; 46; 58
45,57,0.28224,0.78947,68; 45; 57; 55; 63; 29; 51; 9; 75; 57
18,74,0.24116,0.24324,79; 18; 74; 12; 57; 9; 16; 64; 43; 80
63,77,0.21271,0.81818,47; 63; 77; 52; 48; 34; 10; 72; 66; 54
17,49,0.30637,0.34694,64; 17; 49; 14; 34; 52; 53; 28; 84; 75
33,58,0.31262,0.56897,5; 33; 58; 14; 19; 64; 29; 34; 33; 32
12,41,0.28127,0.29268,33; 12; 41; 70; 6; 39; 82; 70; 7; 30
19,51,0.31624,0.37255,81; 19; 51; 82; 41; 62; 22; 27; 5; 49
19,75,0.25127,0.25333,65; 19; 75; 31; 31; 32; 55; 24; 47; 69
48,84,0.22137,0.57143,75; 48; 84; 34; 7; 54; 62; 83; 65; 37
9,28,0.28979,0.32143,62; 9; 28; 74; 47; 75; 68; 25; 37; 8
14,58,0.23572,0.24138,35; 14; 58; 54; 51; 21; 75; 32; 25; 80
37,80,0.25975,0.4625,41; 37; 80; 28; 9; 83; 13; 17; 30; 59
34,74,0.27554,0.45946,8; 34; 74; 39; 73; 83; 50; 60; 38; 8
21,43,0.335,0.48837,83; 21; 43; 50; 67; 66; 46; 81; 19; 56
24,43,0.33736,0.55814,12; 24; 43; 58; 75; 57; 6; 63; 33; 80
31,67,0.29988,0.46269,45; 31; 67; 67; 14; 62; 63; 10; 80; 43
20,82,0.24112,0.2439,40; 20; 82; 11; 26; 6; 85; 65; 76; 7
39,79,0.25468,0.49367,10; 39; 79; 62; 50; 76; 8; 79; 18; 77
15,19,0.33052,0.78947,15; 15; 19; 80; 58; 43; 16; 51; 45; 58
16,49,0.30064,0.32653,83; 16; 49; 83; 9; 38; 24; 34; 31; 22
14,49,0.27878,0.28571,70; 14; 49; 13; 37; 14; 54; 82; 30; 64
37,76,0.24738,0.48684,85; 37; 76; 23; 45; 23; 35; 55; 21; 82
12,24,0.32313,0.5,63; 12; 24; 37; 85; 16; 68; 73; 76; 61
23,66,0.30642,0.34848,65; 23; 66; 55; 5; 22; 75; 18; 36; 53
26,82,0.27569,0.31707,58; 26; 82; 30; 18; 19; 72; 44; 9; 25
17,37,0.33329,0.45946,77; 17; 37; 81; 41; 51; 72; 54; 52; 39
24,69,0.29967,0.34783,31; 24; 69; 45; 58; 67; 16; 31; 7; 77
22,79,0.27036,0.27848,28; 22; 79; 84; 68; 12; 74; 7; 74; 22
13,46,0.27653,0.28261,16; 13; 46; 17; 57; 55; 49; 78; 62; 74
44,79,0.23458,0.55696,37; 44; 79; 52; 5; 46; 22; 19; 8; 24
30,65,0.30293,0.46154,38; 30; 65; 12; 33; 14; 17; 48; 27; 49
26,75,0.28813,0.34667,72; 26; 75; 30; 11; 44; 48; 45; 59; 82
41,51,0.29875,0.80392,49; 41; 51; 63; 51; 37; 55; 64; 22; 84
9,28,0.28958,0.32143,80; 9; 28; 44; 53; 60; 50; 82; 76; 25
23,66,0.3056,0.34848,61; 23; 66; 57; 30; 73; 54; 64; 9; 65
21,70,0.28497,0.3,65; 21; 70; 9; 22; 75; 38; 34; 16; 8
18,56,0.2976,0.32143,33; 18; 56; 35; 32; 34; 28; 57; 29; 16
26,33,0.34448,0.78788,37; 26; 33; 40; 11; 42; 82; 6; 33; 69
16,58,0.27428,0.27586,54; 16; 58; 44; 11; 85; 18; 26; 65; 28
20,84,0.24108,0.2381,44; 20; 84; 67; 58; 32; 48; 66; 57; 45
16,49,0.3,0.32653,58; 16; 49; 71; 55; 50; 32; 21; 76; 79
6,7,0.20279,0.85714,81; 6; 7; 18; 40; 82; 83; 85; 40; 8
28,76,0.28454,0.36842,35; 28; 76; 65; 58; 37; 42; 52; 15; 75
32,69,0.28654,0.46377,78; 32; 69; 72; 76; 9; 75; 5; 78; 37
32,39,0.33353,0.82051,85; 32; 39; 55; 28; 42; 13; 17; 73; 69
45,56,0.28147,0.80357,85; 45; 56; 81; 42; 71; 79; 24; 34; 47
17,68,0.24615,0.25,73; 17; 68; 75; 37; 50; 8; 13; 58; 17
6,7,0.17184,0.85714,53; 6; 7; 41; 7; 7; 77; 20; 31; 13
43,51,0.29747,0.84314,39; 43; 51; 38; 82; 52; 69; 14; 74; 31
24,79,0.27509,0.3038,31; 24; 79; 38; 41; 50; 28; 33; 22; 49
61,76,0.2171,0.80263,54; 61; 76; 13; 15; 29; 29; 6; 18; 28
26,71,0.29621,0.3662,73; 26; 71; 17; 19; 36; 17; 72; 77; 25
10,36,0.27074,0.27778,18; 10; 36; 84; 25; 31; 68; 52; 50; 23
38,77,0.25549,0.49351,29; 38; 77; 26; 63; 11; 12; 75; 13; 55
65,77,0.20265,0.84416,20; 65; 77; 23; 58; 9; 10; 20; 19; 14
26,33,0.34463,0.78788,65; 26; 33; 82; 41; 57; 36; 37; 80; 46
61,77,0.21903,0.79221,41; 61; 77; 58; 64; 50; 63; 77; 52; 54
67,82,0.1777,0.81707,7; 67; 82; 85; 26; 44; 42; 85; 73; 71
38,45,0.32054,0.84444,11; 38; 45; 63; 9; 55; 50; 53; 81; 42
46,58,0.28527,0.7931,20; 46; 58; 6; 64; 64; 80; 85; 81; 76
28,75,0.28065,0.37333,55; 28; 75; 84; 37; 35; 37; 49; 60; 26
17,46,0.31795,0.36957,36; 17; 46; 79; 57; 37; 20; 78; 62; 25
28,79,0.25584,0.35443,62; 28; 79; 11; 66; 34; 48; 45; 60; 23
38,44,0.32082,0.86364,55; 38; 44; 32; 81; 31; 15; 56; 36; 74
52,62,0.23817,0.83871,52; 52; 62; 27; 6; 53; 69; 21; 16; 80
6,20,0.26959,0.3,8; 6; 20; 32; 13; 53; 13; 9; 48; 52
21,75,0.26944,0.28,36; 21; 75; 79; 28; 57; 9; 60; 77; 30
29,83,0.26328,0.3494,64; 29; 83; 18; 8; 44; 71; 49; 81; 64
13,28,0.32826,0.46429,39; 13; 28; 80; 29; 30; 55; 12; 74; 85
10,36,0.27015,0.27778,22; 10; 36; 85; 30; 25; 50; 10; 58; 40
61,73,0.22482,0.83562,37; 61; 73; 50; 9; 57; 6; 46; 72; 22
42,50,0.30471,0.84,24; 42; 50; 44; 41; 26; 54; 48; 67; 9
51,59,0.25687,0.86441,71; 51; 59; 5; 14; 76; 71; 56; 25; 82
39,78,0.27179,0.5,60; 39; 78; 8; 26; 57; 83; 52; 55; 44
18,60,0.28722,0.3,49; 18; 60; 68; 8; 51; 16; 73; 71; 15
22,45,0.34065,0.48889,61; 22; 45; 26; 26; 47; 53; 15; 5; 41
24,83,0.26857,0.28916,69; 24; 83; 28; 82; 47; 40; 53; 8; 21
17,51,0.30065,0.33333,18; 17; 51; 74; 49; 75; 52; 11; 44; 61
25,79,0.26943,0.31646,51; 25; 79; 16; 45; 39; 13; 19; 81; 63
62,72,0.2242,0.86111,47; 62; 72; 15; 56; 84; 75; 50; 81; 31
36,74,0.28393,0.48649,35; 36; 74; 56; 5; 58; 22; 38; 47; 16
19,67,0.27841,0.28358,85; 19; 67; 29; 53; 58; 48; 14; 65; 33
12,15,0.31368,0.8,23; 12; 15; 17; 31; 73; 77; 52; 15; 14
56,70,0.21427,0.8,76; 56; 70; 40; 17; 36; 71; 66; 8; 17
66,79,0.20586,0.83544,58; 66; 79; 60; 40; 70; 5; 67; 29; 72
37,75,0.23743,0.49333,49; 37; 75; 76; 8; 35; 72; 78; 22; 78
10,20,0.31663,0.5,26; 10; 20; 25; 9; 79; 17; 56; 42; 16
27,48,0.33314,0.5625,29; 27; 48; 82; 73; 60; 77; 70; 11; 43
20,61,0.29969,0.32787,36; 20; 61; 9; 25; 25; 52; 65; 47; 75
21,71,0.28345,0.29577,10; 21; 71; 76; 45; 69; 10; 58; 49; 27
34,60,0.29486,0.56667,79; 34; 60; 81; 63; 8; 52; 10; 66; 25
12,40,0.28361,0.3,81; 12; 40; 64; 13; 65; 7; 16; 11; 50
13,26,0.33382,0.5,85; 13; 26; 24; 26; 9; 56; 24; 53; 31
27,32,0.33864,0.84375,56; 27; 32; 74; 22; 45; 53; 76; 56; 12
24,52,0.32782,0.46154,9; 24; 52; 40; 25; 60; 46; 32; 68; 14
19,34,0.34199,0.55882,72; 19; 34; 70; 54; 58; 29; 38; 50; 68
24,83,0.2681,0.28916,82; 24; 83; 51; 50; 43; 70; 16; 84; 53
41,84,0.23285,0.4881,46; 41; 84; 80; 57; 61; 62; 27; 28; 77
29,59,0.32041,0.49153,64; 29; 59; 31; 83; 74; 71; 8; 12; 8
13,54,0.24158,0.24074,22; 13; 54; 5; 67; 13; 17; 40; 28; 7
51,61,0.26276,0.83607,44; 51; 61; 65; 65; 18; 65; 74; 41; 16
7,22,0.28602,0.31818,16; 7; 22; 67; 30; 50; 34; 10; 30; 76
11,37,0.27941,0.2973,19; 11; 37; 54; 10; 83; 53; 17; 36; 61
19,24,0.3501,0.79167,34; 19; 24; 44; 39; 20; 7; 52; 15; 81
40,81,0.23922,0.49383,65; 40; 81; 52; 60; 26; 41; 29; 72; 26
28,79,0.27437,0.35443,63; 28; 79; 70; 69; 5; 62; 9; 70; 24
37,46,0.32523,0.80435,52; 37; 46; 35; 65; 29; 29; 18; 40; 15
55,70,0.23101,0.78571,59; 55; 70; 66; 85; 66; 84; 41; 34; 80
30,38,0.33483,0.78947,55; 30; 38; 70; 31; 6; 84; 9; 39; 64
12,24,0.32344,0.5,38; 12; 24; 16; 53; 26; 16; 67; 69; 81
44,55,0.26522,0.8,39; 44; 55; 69; 57; 66; 40; 80; 60; 58
14,55,0.2506,0.25455,53; 14; 55; 7; 29; 29; 14; 64; 26; 8
35,72,0.29275,0.48611,50; 35; 72; 71; 28; 71; 64; 48; 25; 51
13,23,0.33139,0.56522,84; 13; 23; 44; 8; 16; 55; 82; 58; 79
30,60,0.31771,0.5,21; 30; 60; 13; 72; 60; 79; 18; 78; 61
20,66,0.2909,0.30303,45; 20; 66; 6; 49; 58; 77; 38; 63; 65
66,79,0.20215,0.83544,18; 66; 79; 73; 14; 79; 60; 52; 70; 72
17,35,0.33097,0.48571,73; 17; 35; 24; 42; 40; 52; 11; 68; 8
54,63,0.25088,0.85714,43; 54; 63; 74; 38; 84; 69; 36; 11; 7
29,58,0.30892,0.5,6; 29; 58; 7; 67; 81; 71; 43; 41; 44
23,80,0.27451,0.2875,52; 23; 80; 31; 29; 42; 63; 45; 66; 70
28,34,0.3406,0.82353,83; 28; 34; 19; 38; 75; 22; 52; 58; 35
15,52,0.27953,0.28846,83; 15; 52; 10; 58; 54; 56; 31; 71; 51
11,33,0.29527,0.33333,77; 11; 33; 17; 36; 51; 69; 29; 47; 28
15,51,0.28306,0.29412,40; 15; 51; 43; 46; 18; 73; 51; 45; 58
13,53,0.24809,0.24528,24; 13; 53; 11; 32; 25; 36; 54; 46; 36
21,57,0.31842,0.36842,5; 21; 57; 9; 44; 71; 16; 64; 81; 71
34,74,0.27959,0.45946,11; 34; 74; 29; 65; 60; 53; 53; 20; 13
43,76,0.26207,0.56579,57; 43; 76; 71; 53; 19; 80; 5; 72; 53
54,68,0.24829,0.79412,20; 54; 68; 39; 8; 50; 28; 74; 43; 61
17,35,0.33576,0.48571,16; 17; 35; 41; 85; 61; 60; 65; 69; 53
16,19,0.33663,0.84211,76; 16; 19; 78; 67; 80; 7; 12; 25; 11
21,74,0.27478,0.28378,20; 21; 74; 78; 32; 54; 33; 50; 57; 70
25,29,0.34368,0.86207,73; 25; 29; 72; 12; 26; 22; 10; 35; 30
34,69,0.29325,0.49275,34; 34; 69; 76; 64; 79; 39; 10; 73; 34
20,54,0.32175,0.37037,47; 20; 54; 72; 65; 29; 14; 5; 73; 42
28,81,0.26605,0.34568,79; 28; 81; 23; 54; 40; 15; 73; 82; 75
24,48,0.33119,0.5,80; 24; 48; 80; 52; 71; 85; 56; 13; 67
22,79,0.26949,0.27848,68; 22; 79; 41; 12; 36; 18; 26; 45; 47
47,82,0.20911,0.57317,12; 47; 82; 82; 34; 43; 84; 30; 32; 6
19,52,0.31839,0.36538,50; 19; 52; 67; 19; 50; 30; 13; 41; 51
55,69,0.23048,0.7971,85; 55; 69; 58; 13; 9; 42; 66; 19; 81
63,75,0.2119,0.84,41; 63; 75; 66; 66; 21; 13; 47; 65; 31
45,55,0.28818,0.81818,34; 45; 55; 35; 43; 57; 7; 85; 39; 32
55,64,0.24718,0.85938,7; 55; 64; 39; 74; 66; 76; 21; 59; 38
32,56,0.29431,0.57143,75; 32; 56; 68; 77; 32; 51; 76; 46; 50
36,79,0.25386,0.4557,27; 36; 79; 46; 41; 10; 56; 19; 46; 18
68,81,0.19324,0.83951,37; 68; 81; 5; 80; 47; 23; 52; 68; 55
67,85,0.19332,0.78824,70; 67; 85; 40; 73; 39; 71; 37; 84; 13
20,54,0.31398,0.37037,47; 20; 54; 46; 50; 55; 52; 63; 34; 28
56,65,0.24291,0.86154,63; 56; 65; 68; 34; 47; 38; 75; 54; 9
49,58,0.26723,0.84483,62; 49; 58; 76; 81; 45; 16; 80; 32; 13
25,67,0.30054,0.37313,59; 25; 67; 18; 23; 34; 80; 42; 57; 60
65,82,0.20672,0.79268,24; 65; 82; 80; 35; 13; 70; 45; 9; 41
22,69,0.29586,0.31884,26; 22; 69; 74; 74; 51; 45; 69; 64; 23
21,75,0.27437,0.28,46; 21; 75; 30; 18; 7; 68; 51; 57; 68
16,48,0.30252,0.33333,26; 16; 48; 55; 17; 83; 49; 60; 58; 14
59,75,0.21335,0.78667,26; 59; 75; 26; 52; 10; 81; 66; 5; 63
47,59,0.27303,0.79661,40; 47; 59; 27; 79; 81; 76; 45; 51; 58
26,52,0.32872,0.5,61; 26; 52; 11; 22; 13; 66; 10; 47; 9
6,12,0.24337,0.5,57; 6; 12; 75; 73; 33; 52; 10; 41; 51
14,48,0.28151,0.29167,51; 14; 48; 56; 56; 63; 62; 13; 75; 54
27,73,0.28902,0.36986,84; 27; 73; 50; 76; 28; 32; 19; 76; 46
17,30,0.33967,0.56667,5; 17; 30; 63; 66; 19; 35; 69; 15; 25
46,81,0.2428,0.5679,55; 46; 81; 13; 44; 36; 47; 51; 49; 65
17,67,0.2534,0.25373,69; 17; 67; 48; 28; 37; 34; 76; 80; 52
24,68,0.30098,0.35294,7; 24; 68; 13; 25; 80; 12; 29; 80; 69
28,80,0.27325,0.35,46; 28; 80; 80; 14; 77; 32; 35; 39; 55
28,57,0.32258,0.49123,22; 28; 57; 67; 47; 66; 27; 39; 81; 30
40,81,0.25913,0.49383,23; 40; 81; 7; 52; 9; 54; 66; 85; 57
37,45,0.31906,0.82222,61; 37; 45; 50; 18; 45; 29; 64; 21; 73
15,63,0.23616,0.2381,22; 15; 63; 44; 8; 43; 42; 14; 46; 81
30,81,0.2669,0.37037,28; 30; 81; 38; 40; 11; 83; 49; 38; 83
49,57,0.27401,0.85965,54; 49; 57; 17; 59; 68; 56; 6; 22; 28
26,52,0.32784,0.5,49; 26; 52; 72; 69; 79; 29; 8; 49; 17
19,24,0.34793,0.79167,55; 19; 24; 74; 20; 58; 68; 22; 6; 49
39,49,0.30529,0.79592,68; 39; 49; 34; 42; 71; 13; 21; 36; 43
23,29,0.33895,0.7931,23; 23; 29; 6; 12; 71; 59; 28; 63; 57
38,67,0.28284,0.56716,55; 38; 67; 66; 29; 65; 49; 12; 37; 83
48,56,0.2781,0.85714,64; 48; 56; 47; 51; 55; 43; 52; 40; 6
47,84,0.19723,0.55952,20; 47; 84; 13; 45; 76; 76; 75; 85; 38
13,35,0.31006,0.37143,41; 13; 35; 51; 63; 74; 29; 59; 5; 61
18,56,0.30063,0.32143,15; 18; 56; 79; 48; 7; 42; 47; 66; 24
27,84,0.2628,0.32143,65; 27; 84; 33; 20; 45; 36; 82; 76; 12
38,68,0.29059,0.55882,51; 38; 68; 13; 78; 50; 54; 84; 77; 45
16,55,0.28256,0.29091,26; 16; 55; 61; 65; 48; 34; 22; 20; 83
6,18,0.28332,0.33333,32; 6; 18; 15; 32; 13; 31; 44; 76; 44
16,28,0.33819,0.57143,40; 16; 28; 69; 72; 50; 57; 72; 85; 25
44,55,0.29057,0.8,6; 44; 55; 47; 25; 36; 80; 75; 20; 35
17,49,0.30745,0.34694,33; 17; 49; 34; 27; 63; 32; 62; 81; 5
22,76,0.27206,0.28947,57; 22; 76; 67; 14; 11; 64; 50; 15; 75
33,41,0.33181,0.80488,36; 33; 41; 28; 57; 47; 44; 65; 77; 20
13,55,0.23552,0.23636,79; 13; 55; 70; 30; 45; 25; 35; 78; 81
68,81,0.20349,0.83951,53; 68; 81; 81; 74; 24; 11; 28; 33; 81
35,70,0.29362,0.5,9; 35; 70; 85; 5; 47; 51; 70; 75; 80
14,57,0.24218,0.24561,9; 14; 57; 60; 20; 66; 50; 31; 25; 62
17,52,0.29757,0.32692,40; 17; 52; 51; 15; 73; 76; 50; 30; 30
52,62,0.244,0.83871,68; 52; 62; 5; 73; 47; 34; 30; 15; 8
13,28,0.32641,0.46429,12; 13; 28; 14; 73; 72; 72; 38; 24; 30
17,37,0.33269,0.45946,53; 17; 37; 30; 83; 5; 56; 18; 12; 81
15,46,0.29984,0.32609,78; 15; 46; 49; 61; 17; 82; 34; 60; 84
27,83,0.26343,0.3253,62; 27; 83; 65; 59; 22; 64; 44; 26; 14
35,62,0.30748,0.56452,48; 35; 62; 83; 70; 73; 39; 82; 80; 59
24,84,0.26159,0.28571,79; 24; 84; 84; 29; 57; 69; 44; 38; 82
22,44,0.33708,0.5,78; 22; 44; 13; 80; 42; 78; 71; 42; 56
23,40,0.3395,0.575,10; 23; 40; 51; 20; 70; 42; 50; 83; 56
23,47,0.3337,0.48936,80; 23; 47; 27; 68; 5; 41; 21; 27; 55
13,45,0.28218,0.28889,84; 13; 45; 27; 79; 72; 39; 45; 69; 37
25,82,0.26607,0.30488,84; 25; 82; 35; 74; 28; 84; 56; 14; 17
17,34,0.33679,0.5,9; 17; 34; 9; 21; 56; 21; 57; 74; 30
55,67,0.24809,0.8209,28; 55; 67; 57; 65; 40; 62; 11; 13; 61
34,69,0.28724,0.49275,34; 34; 69; 52; 17; 47; 77; 69; 26; 16
37,44,0.30158,0.84091,65; 37; 44; 38; 82; 84; 62; 27; 30; 81
42,51,0.29869,0.82353,5; 42; 51; 40; 59; 24; 69; 66; 82; 51
24,85,0.26318,0.28235,36; 24; 85; 55; 14; 84; 71; 60; 38; 80
66,83,0.20255,0.79518,21; 66; 83; 47; 55; 67; 78; 11; 59; 80
21,70,0.28737,0.3,81; 21; 70; 5; 18; 15; 80; 53; 40; 26
21,25,0.34601,0.84,47; 21; 25; 72; 57; 61; 54; 6; 51; 74
59,75,0.20864,0.78667,36; 59; 75; 62; 17; 10; 30; 64; 79; 27
8,33,0.24366,0.24242,16; 8; 33; 17; 65; 76; 59; 50; 76; 22
17,35,0.33293,0.48571,37; 17; 35; 84; 22; 5; 40; 43; 5; 51
28,35,0.32956,0.8,80; 28; 35; 36; 5; 67; 77; 39; 34; 43
39,80,0.25081,0.4875,59; 39; 80; 48; 74; 38; 82; 46; 79; 32
37,81,0.2423,0.45679,33; 37; 81; 68; 17; 55; 18; 58; 49; 57
42,49,0.30333,0.85714,77; 42; 49; 83; 52; 67; 81; 72; 43; 8
24,65,0.31028,0.36923,33; 24; 65; 47; 79; 64; 66; 76; 62; 8
30,38,0.33578,0.78947,23; 30; 38; 7; 64; 13; 66; 59; 24; 16
39,69,0.28762,0.56522,81; 39; 69; 13; 29; 47; 66; 84; 46; 10
61,71,0.19642,0.85915,27; 61; 71; 17; 51; 7; 15; 14; 62; 67
37,80,0.21098,0.4625,58; 37; 80; 35; 11; 19; 24; 69; 26; 16
12,34,0.30468,0.35294,62; 12; 34; 14; 5; 29; 81; 71; 68; 31
21,25,0.35079,0.84,27; 21; 25; 26; 60; 49; 9; 46; 5; 33
60,76,0.21642,0.78947,7; 60; 76; 83; 58; 46; 36; 42; 16; 54
46,58,0.25761,0.7931,43; 46; 58; 40; 79; 66; 72; 80; 26; 10
27,34,0.34307,0.79412,66; 27; 34; 18; 37; 46; 50; 35; 43; 21
14,44,0.29669,0.31818,79; 14; 44; 11; 40; 75; 79; 68; 33; 58
20,62,0.30425,0.32258,11; 20; 62; 55; 30; 31; 26; 15; 12; 81
60,75,0.19412,0.8,75; 60; 75; 81; 26; 50; 51; 33; 72; 65
37,80,0.23966,0.4625,48; 37; 80; 19; 5; 67; 34; 53; 10; 37
35,63,0.30319,0.55556,24; 35; 63; 37; 35; 67; 53; 30; 79; 67
24,76,0.2849,0.31579,31; 24; 76; 52; 12; 53; 52; 12; 13; 64
19,24,0.34476,0.79167,39; 19; 24; 71; 79; 65; 41; 85; 27; 66
53,66,0.24087,0.80303,38; 53; 66; 49; 55; 30; 5; 28; 32; 10
13,51,0.25375,0.2549,50; 13; 51; 37; 85; 35; 65; 64; 74; 67
18,22,0.33722,0.81818,76; 18; 22; 28; 63; 37; 74; 48; 50; 68
25,67,0.30613,0.37313,60; 25; 67; 8; 83; 53; 13; 15; 10; 25
21,46,0.33607,0.45652,47; 21; 46; 47; 21; 75; 35; 85; 78; 41
59,74,0.21308,0.7973,29; 59; 74; 10; 23; 5; 45; 76; 39; 42
16,48,0.30194,0.33333,55; 16; 48; 23; 16; 17; 42; 19; 57; 75
41,52,0.27084,0.78846,81; 41; 52; 13; 60; 35; 76; 13; 75; 52
6,25,0.23581,0.24,73; 6; 25; 85; 74; 63; 15; 41; 23; 9
66,77,0.20137,0.85714,11; 66; 77; 16; 9; 35; 12; 57; 41; 31
21,66,0.29434,0.31818,61; 21; 66; 35; 52; 47; 7; 61; 70; 19
26,82,0.26505,0.31707,5; 26; 82; 51; 42; 64; 26; 83; 71; 53
13,53,0.24265,0.24528,60; 13; 53; 32; 28; 82; 54; 85; 74; 52
18,22,0.34008,0.81818,6; 18; 22; 69; 78; 24; 84; 15; 77; 32
18,64,0.27236,0.28125,22; 18; 64; 80; 20; 36; 49; 29; 54; 70
64,80,0.19189,0.8,79; 64; 80; 83; 78; 21; 44; 73; 38; 67
48,56,0.2694,0.85714,6; 48; 56; 45; 76; 80; 28; 52; 22; 20
8,27,0.28001,0.2963,76; 8; 27; 79; 35; 36; 17; 45; 39; 18
43,50,0.29583,0.86,56; 43; 50; 81; 48; 62; 49; 64; 60; 67
8,32,0.24542,0.25,15; 8; 32; 25; 64; 24; 6; 38; 45; 54
21,63,0.30598,0.33333,66; 21; 63; 12; 61; 84; 8; 10; 34; 22
65,77,0.21444,0.84416,6; 65; 77; 37; 33; 74; 36; 58; 53; 62
30,61,0.31444,0.4918,15; 30; 61; 14; 71; 63; 55; 79; 44; 38
31,54,0.31933,0.57407,75; 31; 54; 29; 68; 12; 52; 30; 67; 85
35,61,0.30139,0.57377,74; 35; 61; 37; 71; 35; 55; 52; 44; 38
16,20,0.34009,0.8,10; 16; 20; 78; 68; 76; 70; 68; 54; 57
16,55,0.28257,0.29091,48; 16; 55; 18; 60; 5; 29; 34; 39; 16
45,79,0.25315,0.56962,63; 45; 79; 30; 53; 34; 23; 42; 43; 9
43,51,0.29857,0.84314,59; 43; 51; 38; 15; 63; 41; 78; 71; 31
27,73,0.28442,0.36986,67; 27; 73; 79; 55; 38; 59; 5; 12; 65
29,83,0.26995,0.3494,23; 29; 83; 20; 39; 64; 78; 34; 46; 29
23,50,0.33412,0.46,35; 23; 50; 71; 43; 83; 47; 34; 82; 28
16,43,0.31576,0.37209,25; 16; 43; 48; 49; 70; 48; 37; 79; 64
11,30,0.30716,0.36667,79; 11; 30; 48; 68; 54; 30; 71; 34; 35
15,45,0.30143,0.33333,68; 15; 45; 64; 58; 55; 61; 21; 8; 21
45,79,0.22538,0.56962,40; 45; 79; 47; 22; 85; 26; 73; 58; 44
20,69,0.27798,0.28986,57; 20; 69; 83; 81; 10; 52; 75; 47; 77
26,57,0.32546,0.45614,8; 26; 57; 6; 38; 19; 72; 67; 53; 72
18,52,0.30797,0.34615,66; 18; 52; 36; 29; 17; 29; 68; 48; 71
13,46,0.27572,0.28261,72; 13; 46; 59; 62; 14; 13; 31; 13; 39
39,79,0.27531,0.49367,60; 39; 79; 85; 47; 71; 61; 83; 53; 32
27,33,0.34556,0.81818,17; 27; 33; 49; 33; 26; 55; 25; 55; 38
36,78,0.25805,0.46154,61; 36; 78; 33; 27; 39; 74; 56; 56; 8
68,81,0.19921,0.83951,80; 68; 81; 27; 7; 31; 52; 57; 34; 53
21,74,0.27367,0.28378,57; 21; 74; 7; 8; 17; 73; 83; 65; 85
24,68,0.29935,0.35294,59; 24; 68; 64; 39; 68; 10; 15; 64; 22
16,55,0.28174,0.29091,46; 16; 55; 33; 44; 85; 38; 49; 24; 31
23,77,0.27543,0.2987,8; 23; 77; 47; 74; 17; 76; 24; 44; 21
44,77,0.24698,0.57143,80; 44; 77; 15; 50; 85; 37; 18; 77; 82
30,60,0.31949,0.5,63; 30; 60; 42; 40; 34; 15; 65; 16; 38
65,82,0.17573,0.79268,67; 65; 82; 47; 40; 84; 43; 83; 38; 29
22,73,0.2853,0.30137,74; 22; 73; 44; 53; 75; 48; 61; 25; 40
15,62,0.23995,0.24194,48; 15; 62; 29; 82; 38; 20; 16; 62; 68
20,71,0.27349,0.28169,65; 20; 71; 83; 11; 55; 58; 46; 8; 7
14,46,0.29109,0.30435,51; 14; 46; 24; 69; 54; 30; 56; 20; 64
11,38,0.2806,0.28947,15; 11; 38; 79; 81; 5; 15; 17; 16; 36
66,77,0.20979,0.85714,69; 66; 77; 84; 57; 16; 29; 8; 63; 66
16,63,0.25066,0.25397,53; 16; 63; 71; 61; 30; 74; 20; 31; 5
29,82,0.2558,0.35366,74; 29; 82; 73; 67; 73; 25; 47; 11; 28
10,36,0.26766,0.27778,15; 10; 36; 71; 11; 51; 37; 74; 14; 77
16,19,0.33898,0.84211,17; 16; 19; 74; 85; 16; 53; 29; 82; 57
24,48,0.32931,0.5,32; 24; 48; 33; 45; 44; 78; 35; 16; 37
9,31,0.27643,0.29032,56; 9; 31; 72; 22; 61; 17; 62; 14; 22
16,58,0.27223,0.27586,14; 16; 58; 23; 44; 9; 65; 10; 9; 70
41,51,0.2984,0.80392,8; 41; 51; 57; 72; 81; 84; 65; 69; 83
27,59,0.31718,0.45763,24; 27; 59; 23; 53; 25; 64; 23; 39; 6
29,52,0.32981,0.55769,5; 29; 52; 65; 29; 35; 53; 26; 58; 83
65,81,0.19071,0.80247,45; 65; 81; 46; 22; 24; 23; 10; 81; 44
16,50,0.29855,0.32,62; 16; 50; 41; 69; 83; 44; 30; 68; 60
66,77,0.20106,0.85714,77; 66; 77; 59; 56; 51; 44; 80; 45; 71
15,60,0.25168,0.25,52; 15; 60; 74; 44; 73; 10; 18; 46; 23
19,64,0.28692,0.29688,83; 19; 64; 33; 83; 7; 51; 12; 56; 72
21,71,0.27733,0.29577,82; 21; 71; 26; 8; 7; 39; 53; 23; 18
22,39,0.34693,0.5641,25; 22; 39; 54; 75; 67; 15; 83; 49; 40
18,64,0.27868,0.28125,25; 18; 64; 85; 23; 47; 62; 70; 22; 78
23,71,0.29489,0.32394,34; 23; 71; 63; 20; 55; 50; 16; 19; 17
59,72,0.22166,0.81944,39; 59; 72; 64; 7; 23; 78; 16; 85; 32
45,81,0.21982,0.55556,66; 45; 81; 84; 40; 23; 44; 21; 57; 5
23,72,0.28826,0.31944,33; 23; 72; 84; 62; 54; 83; 56; 79; 45
13,28,0.32518,0.46429,45; 13; 28; 60; 59; 10; 19; 74; 63; 54
6,25,0.238,0.24,42; 6; 25; 65; 69; 27; 27; 72; 20; 57
16,35,0.33359,0.45714,24; 16; 35; 9; 54; 42; 50; 10; 18; 82
42,49,0.3074,0.85714,64; 42; 49; 74; 75; 28; 44; 58; 59; 50
17,51,0.30612,0.33333,13; 17; 51; 60; 5; 31; 52; 28; 66; 16
20,25,0.34293,0.8,71; 20; 25; 36; 15; 35; 43; 29; 53; 66
26,79,0.27938,0.32911,71; 26; 79; 37; 31; 48; 30; 12; 50; 79
19,78,0.24366,0.24359,66; 19; 78; 25; 16; 42; 18; 20; 25; 51
16,66,0.24163,0.24242,58; 16; 66; 25; 5; 49; 28; 59; 30; 21
17,57,0.28855,0.29825,15; 17; 57; 85; 69; 71; 45; 16; 10; 58
38,45,0.32364,0.84444,73; 38; 45; 8; 28; 35; 26; 70; 8; 83
17,53,0.29924,0.32075,60; 17; 53; 38; 34; 67; 13; 72; 39; 57
14,38,0.31327,0.36842,84; 14; 38; 18; 45; 26; 12; 75; 83; 12
12,41,0.27858,0.29268,41; 12; 41; 53; 38; 44; 7; 23; 41; 53
21,72,0.28125,0.29167,15; 21; 72; 48; 56; 32; 58; 77; 41; 63
26,33,0.33978,0.78788,65; 26; 33; 41; 75; 37; 19; 55; 24; 9
23,78,0.27651,0.29487,73; 23; 78; 58; 41; 30; 69; 46; 66; 27
66,82,0.19654,0.80488,7; 66; 82; 13; 6; 55; 7; 16; 29; 24
58,71,0.22729,0.8169,52; 58; 71; 22; 73; 73; 5; 81; 38; 30
12,40,0.28402,0.3,65; 12; 40; 67; 71; 17; 26; 56; 29; 39
32,64,0.29743,0.5,83; 32; 64; 40; 9; 43; 72; 19; 70; 75
7,29,0.24139,0.24138,50; 7; 29; 71; 6; 65; 40; 55; 13; 22
42,50,0.30715,0.84,51; 42; 50; 36; 21; 9; 57; 29; 22; 26
16,28,0.33675,0.57143,18; 16; 28; 60; 5; 36; 79; 48; 81; 35
14,42,0.30017,0.33333,72; 14; 42; 23; 46; 67; 48; 68; 77; 34
30,54,0.32187,0.55556,66; 30; 54; 85; 31; 79; 11; 39; 19; 42
5,17,0.24469,0.29412,22; 5; 17; 5; 55; 45; 14; 77; 60; 51
18,52,0.30725,0.34615,28; 18; 52; 26; 37; 8; 11; 13; 36; 33
25,83,0.26385,0.3012,35; 25; 83; 77; 61; 14; 50; 36; 82; 34
70,81,0.19826,0.8642,9; 70; 81; 31; 45; 49; 36; 46; 51; 30
18,73,0.24945,0.24658,53; 18; 73; 31; 84; 47; 9; 79; 60; 33
36,63,0.29753,0.57143,10; 36; 63; 61; 56; 10; 24; 47; 13; 66
23,82,0.27056,0.28049,34; 23; 82; 24; 78; 64; 15; 29; 18; 67
10,41,0.24109,0.2439,49; 10; 41; 55; 66; 65; 56; 63; 83; 52
16,53,0.28956,0.30189,12; 16; 53; 71; 80; 50; 82; 42; 39; 59
29,83,0.25457,0.3494,84; 29; 83; 34; 75; 7; 34; 57; 20; 11
18,71,0.25251,0.25352,50; 18; 71; 78; 19; 11; 57; 51; 44; 41
17,34,0.33316,0.5,83; 17; 34; 73; 16; 42; 67; 34; 55; 70
12,15,0.31063,0.8,58; 12; 15; 17; 38; 74; 49; 54; 38; 63
21,63,0.30151,0.33333,11; 21; 63; 20; 79; 65; 26; 63; 57; 74
26,46,0.33966,0.56522,8; 26; 46; 24; 50; 59; 71; 64; 83; 47
11,44,0.24757,0.25,53; 11; 44; 34; 33; 31; 23; 34; 84; 26
19,78,0.24236,0.24359,14; 19; 78; 42; 34; 65; 16; 49; 76; 10
17,59,0.28099,0.28814,67; 17; 59; 48; 54; 79; 6; 11; 33; 53
21,37,0.34504,0.56757,53; 21; 37; 77; 49; 23; 80; 50; 71; 43
22,67,0.30272,0.32836,66; 22; 67; 82; 83; 79; 18; 68; 50; 69
63,77,0.21193,0.81818,50; 63; 77; 19; 69; 76; 14; 8; 75; 24
34,61,0.30896,0.55738,68; 34; 61; 73; 22; 58; 55; 58; 27; 84
42,74,0.25038,0.56757,9; 42; 74; 80; 77; 75; 8; 9; 45; 9
57,68,0.2204,0.83824,26; 57; 68; 18; 49; 33; 63; 60; 31; 61
28,34,0.34677,0.82353,75; 28; 34; 26; 57; 13; 11; 22; 75; 20
23,50,0.32908,0.46,36; 23; 50; 11; 78; 50; 45; 53; 22; 31
33,41,0.32774,0.80488,77; 33; 41; 19; 23; 79; 23; 59; 14; 20
59,69,0.22975,0.85507,43; 59; 69; 67; 84; 42; 21; 35; 57; 41
14,44,0.29609,0.31818,78; 14; 44; 47; 77; 46; 23; 43; 81; 78
22,28,0.34439,0.78571,31; 22; 28; 82; 38; 9; 68; 37; 11; 20
21,25,0.352,0.84,52; 21; 25; 34; 26; 41; 69; 40; 66; 54
45,56,0.27393,0.80357,39; 45; 56; 21; 60; 59; 52; 44; 35; 72
59,75,0.22013,0.78667,66; 59; 75; 75; 19; 22; 76; 55; 53; 78
47,83,0.22396,0.56627,37; 47; 83; 30; 68; 43; 43; 66; 43; 12
47,57,0.2821,0.82456,22; 47; 57; 49; 60; 71; 63; 13; 28; 53
60,70,0.22553,0.85714,65; 60; 70; 29; 22; 71; 54; 6; 5; 57
11,38,0.27619,0.28947,6; 11; 38; 62; 80; 30; 8; 67; 57; 79
26,46,0.33869,0.56522,52; 26; 46; 79; 11; 46; 77; 10; 30; 37
23,62,0.31525,0.37097,66; 23; 62; 33; 30; 51; 75; 5; 51; 66
54,63,0.23589,0.85714,64; 54; 63; 16; 6; 49; 24; 14; 24; 46
9,30,0.28774,0.3,70; 9; 30; 52; 52; 55; 7; 68; 84; 9
55,67,0.25473,0.8209,18; 55; 67; 68; 49; 73; 28; 83; 39; 40
21,25,0.34568,0.84,28; 21; 25; 67; 65; 7; 44; 81; 13; 16
8,34,0.23348,0.23529,76; 8; 34; 80; 10; 85; 57; 47; 43; 7
49,60,0.26894,0.81667,17; 49; 60; 38; 9; 64; 26; 48; 24; 71
42,49,0.29519,0.85714,43; 42; 49; 40; 7; 25; 53; 25; 30; 6
26,33,0.34704,0.78788,81; 26; 33; 83; 44; 65; 80; 80; 38; 49
19,55,0.31089,0.34545,14; 19; 55; 84; 23; 20; 84; 78; 17; 42
44,77,0.23964,0.57143,31; 44; 77; 62; 84; 14; 68; 75; 36; 7
20,35,0.34438,0.57143,47; 20; 35; 74; 7; 76; 14; 11; 59; 40
11,44,0.24971,0.25,69; 11; 44; 28; 51; 51; 76; 13; 30; 21
13,46,0.27919,0.28261,12; 13; 46; 25; 66; 25; 37; 79; 31; 10
33,59,0.30898,0.55932,53; 33; 59; 47; 57; 22; 29; 59; 73; 40
53,63,0.25293,0.84127,39; 53; 63; 52; 40; 75; 58; 76; 14; 35
15,27,0.33816,0.55556,51; 15; 27; 22; 33; 16; 35; 81; 84; 23
31,63,0.31221,0.49206,64; 31; 63; 28; 30; 59; 69; 83; 7; 22
19,64,0.28146,0.29688,21; 19; 64; 69; 11; 14; 85; 39; 71; 65
40,70,0.27601,0.57143,46; 40; 70; 70; 73; 72; 54; 73; 80; 62
28,79,0.2803,0.35443,52; 28; 79; 52; 75; 70; 38; 54; 50; 26
27,78,0.28417,0.34615,31; 27; 78; 25; 41; 10; 6; 43; 11; 44
13,41,0.2957,0.31707,36; 13; 41; 80; 31; 44; 33; 32; 7; 9
20,84,0.23824,0.2381,83; 20; 84; 44; 55; 9; 24; 22; 23; 63
14,44,0.29823,0.31818,57; 14; 44; 31; 85; 55; 29; 54; 15; 80
35,61,0.30143,0.57377,33; 35; 61; 67; 46; 13; 59; 59; 65; 44
18,72,0.24665,0.25,73; 18; 72; 81; 30; 19; 39; 10; 43; 75
30,53,0.32433,0.56604,17; 30; 53; 10; 42; 34; 10; 43; 75; 9
19,77,0.24632,0.24675,7; 19; 77; 10; 73; 69; 56; 81; 63; 35
35,63,0.29703,0.55556,85; 35; 63; 58; 72; 21; 37; 61; 24; 56
40,50,0.29589,0.8,6; 40; 50; 67; 82; 48; 53; 17; 47; 71
32,39,0.34033,0.82051,85; 32; 39; 7; 66; 21; 18; 17; 24; 12
15,47,0.29862,0.31915,84; 15; 47; 76; 51; 20; 75; 73; 12; 35
28,79,0.26672,0.35443,36; 28; 79; 34; 5; 23; 73; 33; 18; 26
9,32,0.27324,0.28125,27; 9; 32; 85; 51; 49; 34; 8; 31; 14
13,35,0.30631,0.37143,32; 13; 35; 30; 8; 41; 70; 15; 40; 42
45,81,0.24975,0.55556,42; 45; 81; 7; 71; 34; 48; 5; 76; 71
13,45,0.27899,0.28889,14; 13; 45; 6; 70; 53; 24; 69; 7; 27
25,44,0.34027,0.56818,53; 25; 44; 50; 46; 24; 15; 70; 69; 70
19,68,0.27496,0.27941,59; 19; 68; 64; 25; 15; 48; 68; 31; 78
17,67,0.24963,0.25373,71; 17; 67; 40; 64; 22; 19; 61; 71; 83
19,24,0.34318,0.79167,47; 19; 24; 32; 62; 59; 80; 71; 15; 46
10,18,0.31567,0.55556,47; 10; 18; 40; 65; 59; 27; 61; 45; 71
33,41,0.33091,0.80488,23; 33; 41; 23; 79; 49; 18; 63; 21; 26
18,60,0.28697,0.3,54; 18; 60; 28; 19; 39; 38; 82; 37; 74
11,34,0.29369,0.32353,82; 11; 34; 75; 78; 20; 77; 63; 75; 47
42,85,0.22028,0.49412,41; 42; 85; 15; 67; 20; 64; 20; 77; 37
57,71,0.23134,0.80282,9; 57; 71; 39; 50; 69; 70; 31; 60; 56
23,28,0.34843,0.82143,22; 23; 28; 65; 72; 68; 31; 45; 16; 19
26,79,0.2778,0.32911,85; 26; 79; 11; 79; 55; 62; 61; 74; 80
7,20,0.29281,0.35,44; 7; 20; 29; 48; 56; 73; 71; 11; 5
57,66,0.22991,0.86364,83; 57; 66; 34; 20; 11; 22; 25; 71; 55
13,53,0.24223,0.24528,22; 13; 53; 29; 32; 19; 15; 25; 73; 76
8,28,0.27782,0.28571,82; 8; 28; 36; 54; 33; 8; 30; 78; 25
29,58,0.29531,0.5,85; 29; 58; 60; 11; 5; 7; 39; 18; 59
12,38,0.29216,0.31579,77; 12; 38; 35; 65; 14; 53; 65; 61; 36
25,71,0.28646,0.35211,83; 25; 71; 10; 40; 43; 80; 13; 31; 44
18,51,0.30966,0.35294,82; 18; 51; 81; 56; 15; 47; 75; 58; 25
6,18,0.28087,0.33333,25; 6; 18; 43; 74; 10; 73; 55; 42; 35
19,41,0.3356,0.46341,71; 19; 41; 23; 22; 55; 71; 44; 20; 64
11,46,0.2341,0.23913,21; 11; 46; 13; 73; 66; 62; 7; 28; 14
68,81,0.20252,0.83951,25; 68; 81; 46; 59; 48; 77; 65; 7; 27
19,78,0.24278,0.24359,63; 19; 78; 77; 40; 29; 46; 57; 37; 82
22,48,0.33564,0.45833,11; 22; 48; 36; 73; 68; 66; 21; 7; 17
13,45,0.28009,0.28889,8; 13; 45; 57; 11; 85; 30; 38; 30; 79
31,63,0.30474,0.49206,24; 31; 63; 81; 23; 56; 22; 17; 26; 69
10,31,0.29336,0.32258,29; 10; 31; 32; 51; 43; 63; 73; 80; 53
17,37,0.32724,0.45946,84; 17; 37; 30; 37; 72; 83; 13; 64; 46
12,34,0.30491,0.35294,53; 12; 34; 43; 84; 57; 35; 31; 54; 54
7,21,0.29455,0.33333,28; 7; 21; 38; 79; 83; 75; 63; 71; 82
13,55,0.23735,0.23636,27; 13; 55; 53; 74; 53; 33; 77; 33; 70
11,22,0.32122,0.5,13; 11; 22; 65; 10; 32; 36; 67; 67; 41
9,18,0.31365,0.5,24; 9; 18; 35; 81; 30; 59; 10; 30; 41
42,74,0.24989,0.56757,11; 42; 74; 53; 25; 45; 53; 44; 22; 43
28,49,0.33483,0.57143,32; 28; 49; 74; 35; 55; 12; 11; 8; 67
17,69,0.24166,0.24638,81; 17; 69; 43; 77; 20; 33; 52; 16; 24
26,82,0.2712,0.31707,17; 26; 82; 38; 34; 19; 6; 82; 45; 13
36,73,0.28359,0.49315,11; 36; 73; 19; 11; 36; 65; 47; 67; 11
24,69,0.29858,0.34783,11; 24; 69; 62; 5; 47; 59; 36; 63; 44
11,39,0.2738,0.28205,61; 11; 39; 75; 25; 19; 42; 84; 10; 66
23,29,0.34721,0.7931,72; 23; 29; 35; 53; 78; 43; 13; 78; 40
16,58,0.27062,0.27586,26; 16; 58; 56; 14; 45; 49; 51; 7; 63
26,56,0.31593,0.46429,50; 26; 56; 30; 44; 84; 33; 12; 46; 52
54,63,0.22693,0.85714,54; 54; 63; 15; 32; 24; 25; 49; 5; 50
73,85,0.19039,0.85882,68; 73; 85; 76; 51; 9; 28; 6; 25; 52
24,30,0.34639,0.8,33; 24; 30; 55; 53; 56; 21; 81; 19; 71
42,51,0.29434,0.82353,15; 42; 51; 79; 53; 36; 70; 51; 77; 55
10,41,0.23988,0.2439,34; 10; 41; 54; 41; 5; 9; 9; 49; 5
49,57,0.26694,0.85965,47; 49; 57; 11; 28; 73; 79; 10; 44; 51
26,57,0.32839,0.45614,47; 26; 57; 58; 44; 64; 11; 14; 34; 21
54,66,0.24302,0.81818,9; 54; 66; 42; 36; 20; 10; 52; 22; 51
7,23,0.27913,0.30435,62; 7; 23; 26; 40; 18; 72; 14; 54; 13
9,28,0.28903,0.32143,62; 9; 28; 63; 16; 35; 18; 42; 57; 70
18,62,0.28095,0.29032,27; 18; 62; 31; 83; 29; 8; 56; 34; 45
19,38,0.33874,0.5,51; 19; 38; 53; 46; 81; 20; 75; 12; 59
15,62,0.2387,0.24194,22; 15; 62; 30; 55; 26; 69; 49; 49; 63
16,54,0.2886,0.2963,46; 16; 54; 31; 29; 55; 42; 45; 48; 23
13,53,0.23999,0.24528,43; 13; 53; 39; 84; 38; 22; 12; 84; 73
36,64,0.29352,0.5625,59; 36; 64; 50; 52; 48; 58; 57; 70; 27
73,85,0.19567,0.85882,55; 73; 85; 59; 38; 32; 79; 28; 46; 41
59,74,0.22417,0.7973,8; 59; 74; 29; 70; 48; 11; 34; 74; 53
6,24,0.24593,0.25,31; 6; 24; 30; 73; 7; 84; 67; 63; 27
5,21,0.24373,0.2381,24; 5; 21; 10; 28; 36; 26; 65; 9; 41
35,44,0.32302,0.79545,61; 35; 44; 42; 54; 49; 28; 51; 32; 25
27,54,0.33177,0.5,55; 27; 54; 23; 70; 21; 25; 27; 63; 26
10,20,0.30819,0.5,19; 10; 20; 13; 76; 43; 39; 24; 55; 50
6,17,0.27689,0.35294,77; 6; 17; 22; 41; 57; 85; 60; 77; 74
24,49,0.33868,0.4898,41; 24; 49; 6; 41; 65; 34; 75; 17; 5
22,75,0.28044,0.29333,10; 22; 75; 12; 39; 52; 9; 26; 54; 71
24,49,0.32928,0.4898,23; 24; 49; 71; 17; 16; 59; 44; 78; 13
33,41,0.3262,0.80488,82; 33; 41; 56; 58; 28; 19; 12; 31; 41
51,62,0.2574,0.82258,68; 51; 62; 75; 54; 41; 26; 25; 32; 60
10,18,0.31334,0.55556,65; 10; 18; 23; 24; 43; 21; 34; 36; 8
36,79,0.23918,0.4557,76; 36; 79; 7; 5; 5; 9; 27; 77; 19
18,64,0.27471,0.28125,17; 18; 64; 66; 23; 55; 70; 50; 26; 78
59,74,0.23035,0.7973,24; 59; 74; 33; 39; 20; 28; 39; 30; 71
55,67,0.23194,0.8209,55; 55; 67; 63; 70; 57; 29; 80; 83; 24
12,37,0.29413,0.32432,46; 12; 37; 44; 28; 33; 66; 35; 84; 82
29,79,0.26821,0.36709,40; 29; 79; 77; 53; 44; 15; 48; 62; 61
56,68,0.21674,0.82353,70; 56; 68; 15; 30; 82; 71; 70; 70; 36
23,46,0.33613,0.5,73; 23; 46; 41; 35; 17; 53; 45; 59; 8
37,66,0.27383,0.56061,20; 37; 66; 70; 19; 16; 65; 33; 30; 75
19,24,0.34081,0.79167,64; 19; 24; 22; 7; 79; 84; 46; 42; 79
11,44,0.24731,0.25,74; 11; 44; 69; 73; 43; 61; 79; 13; 30
29,63,0.30488,0.46032,59; 29; 63; 79; 8; 5; 35; 45; 29; 64
49,58,0.262,0.84483,68; 49; 58; 77; 24; 76; 66; 44; 73; 65
10,27,0.30846,0.37037,76; 10; 27; 81; 70; 55; 80; 56; 76; 70
61,71,0.21517,0.85915,75; 61; 71; 11; 64; 30; 75; 28; 76; 49
14,17,0.33171,0.82353,10; 14; 17; 28; 18; 51; 49; 25; 68; 81
40,50,0.30959,0.8,66; 40; 50; 25; 42; 22; 31; 71; 58; 31
23,71,0.28963,0.32394,30; 23; 71; 69; 12; 15; 58; 21; 67; 82
54,63,0.24189,0.85714,10; 54; 63; 27; 28; 16; 8; 20; 8; 63
29,78,0.27133,0.37179,21; 29; 78; 59; 37; 52; 70; 59; 23; 78
25,68,0.30319,0.36765,27; 25; 68; 40; 14; 51; 29; 25; 78; 36
36,78,0.26989,0.46154,22; 36; 78; 84; 64; 46; 6; 63; 71; 40
44,78,0.21995,0.5641,10; 44; 78; 43; 8; 23; 6; 74; 64; 74
67,85,0.19553,0.78824,64; 67; 85; 66; 49; 43; 38; 25; 78; 43
29,79,0.27156,0.36709,71; 29; 79; 71; 49; 27; 56; 52; 23; 51
9,37,0.24339,0.24324,72; 9; 37; 53; 57; 49; 54; 20; 62; 13
25,82,0.27701,0.30488,30; 25; 82; 60; 82; 42; 81; 72; 17; 24
31,67,0.3045,0.46269,55; 31; 67; 24; 10; 57; 27; 6; 10; 52
27,32,0.34212,0.84375,23; 27; 32; 8; 80; 57; 36; 75; 62; 46
15,54,0.27287,0.27778,26; 15; 54; 50; 17; 70; 38; 67; 42; 62
16,65,0.24567,0.24615,82; 16; 65; 85; 25; 23; 9; 11; 57; 10
26,53,0.32645,0.49057,41; 26; 53; 85; 49; 67; 74; 71; 24; 8
27,85,0.25896,0.31765,9; 27; 85; 23; 81; 66; 11; 9; 11; 15
14,40,0.30578,0.35,81; 14; 40; 19; 38; 58; 64; 35; 78; 82
38,76,0.23452,0.5,49; 38; 76; 69; 56; 77; 67; 16; 58; 68
41,51,0.30245,0.80392,68; 41; 51; 82; 75; 80; 14; 76; 16; 57
57,68,0.23538,0.83824,41; 57; 68; 71; 32; 11; 41; 30; 9; 66
11,44,0.2501,0.25,73; 11; 44; 68; 42; 77; 71; 39; 46; 15
24,83,0.26707,0.28916,47; 24; 83; 22; 48; 64; 26; 33; 63; 72
33,58,0.31049,0.56897,25; 33; 58; 53; 20; 26; 26; 65; 18; 40
20,66,0.28984,0.30303,71; 20; 66; 66; 13; 57; 55; 35; 83; 10
19,80,0.24121,0.2375,60; 19; 80; 10; 29; 20; 49; 14; 75; 50
18,39,0.33384,0.46154,66; 18; 39; 14; 48; 77; 23; 45; 78; 82
10,40,0.24908,0.25,47; 10; 40; 59; 77; 57; 35; 13; 14; 50
23,40,0.33904,0.575,81; 23; 40; 8; 17; 67; 83; 36; 81; 6
19,69,0.27277,0.27536,12; 19; 69; 78; 15; 27; 85; 57; 35; 77
31,36,0.33875,0.86111,54; 31; 36; 63; 13; 46; 40; 27; 50; 82
31,54,0.32211,0.57407,29; 31; 54; 26; 49; 27; 53; 22; 5; 80
20,80,0.25225,0.25,85; 20; 80; 53; 58; 39; 74; 39; 59; 51
32,40,0.3266,0.8,26; 32; 40; 66; 44; 67; 37; 36; 80; 38
24,42,0.33948,0.57143,15; 24; 42; 67; 70; 43; 46; 9; 28; 36
18,54,0.30145,0.33333,33; 18; 54; 84; 17; 62; 41; 38; 50; 61
22,80,0.26838,0.275,46; 22; 80; 21; 67; 29; 73; 80; 64; 66
20,25,0.34514,0.8,61; 20; 25; 76; 74; 13; 16; 64; 30; 33
15,45,0.3044,0.33333,55; 15; 45; 64; 58; 72; 22; 6; 59; 60
6,25,0.23865,0.24,32; 6; 25; 66; 81; 83; 38; 28; 27; 30
40,80,0.24494,0.5,9; 40; 80; 12; 44; 54; 50; 21; 43; 27
29,51,0.32778,0.56863,74; 29; 51; 58; 70; 77; 73; 9; 5; 63
33,41,0.32983,0.80488,76; 33; 41; 56; 8; 19; 20; 13; 37; 78
6,24,0.24024,0.25,43; 6; 24; 72; 40; 61; 72; 16; 13; 62
27,34,0.34355,0.79412,22; 27; 34; 85; 50; 5; 70; 28; 5; 44
30,38,0.33657,0.78947,10; 30; 38; 34; 81; 71; 63; 39; 25; 23
21,85,0.24523,0.24706,39; 21; 85; 6; 31; 78; 77; 35; 43; 22
54,64,0.24924,0.84375,26; 54; 64; 11; 19; 84; 24; 56; 46; 14
22,66,0.30037,0.33333,9; 22; 66; 15; 16; 51; 22; 63; 20; 47
39,49,0.29308,0.79592,66; 39; 49; 57; 70; 62; 49; 83; 50; 64
7,23,0.27768,0.30435,12; 7; 23; 64; 13; 72; 63; 52; 26; 40
57,72,0.2251,0.79167,37; 57; 72; 33; 53; 85; 11; 22; 60; 19
8,34,0.22998,0.23529,46; 8; 34; 30; 40; 58; 84; 19; 44; 23
24,48,0.33088,0.5,70; 24; 48; 18; 32; 67; 7; 37; 80; 17
56,67,0.23522,0.83582,49; 56; 67; 20; 7; 67; 31; 24; 32; 56
30,82,0.26822,0.36585,44; 30; 82; 69; 78; 81; 37; 10; 64; 47
20,41,0.34391,0.4878,53; 20; 41; 36; 25; 6; 52; 83; 12; 62
25,77,0.27653,0.32468,67; 25; 77; 14; 35; 16; 63; 34; 77; 68
11,37,0.28369,0.2973,72; 11; 37; 10; 9; 55; 44; 42; 14; 45
6,19,0.28263,0.31579,80; 6; 19; 71; 55; 11; 48; 37; 38; 65
7,20,0.29859,0.35,37; 7; 20; 60; 61; 49; 12; 85; 71; 7
24,42,0.34045,0.57143,56; 24; 42; 15; 75; 74; 38; 39; 67; 26
22,63,0.30969,0.34921,38; 22; 63; 36; 52; 63; 69; 58; 61; 16
22,78,0.27246,0.28205,37; 22; 78; 82; 56; 71; 28; 15; 64; 40
17,61,0.27572,0.27869,37; 17; 61; 53; 35; 80; 66; 23; 79; 61
47,82,0.22395,0.57317,61; 47; 82; 78; 36; 29; 10; 54; 7; 62
21,75,0.27554,0.28,59; 21; 75; 11; 14; 55; 71; 25; 78; 68
16,54,0.28797,0.2963,16; 16; 54; 31; 49; 38; 8; 80; 34; 36
25,82,0.25809,0.30488,15; 25; 82; 42; 56; 29; 62; 70; 39; 11
11,34,0.29602,0.32353,47; 11; 34; 70; 42; 25; 34; 11; 61; 72
17,56,0.2867,0.30357,45; 17; 56; 49; 62; 65; 54; 75; 85; 60
23,80,0.26957,0.2875,80; 23; 80; 36; 55; 47; 60; 18; 32; 22
15,53,0.27695,0.28302,9; 15; 53; 58; 19; 85; 7; 10; 78; 24
17,37,0.32869,0.45946,35; 17; 37; 50; 46; 34; 21; 74; 35; 79
21,63,0.30595,0.33333,64; 21; 63; 23; 67; 35; 16; 74; 31; 38
23,66,0.30542,0.34848,69; 23; 66; 7; 15; 38; 57; 78; 9; 77
14,46,0.28588,0.30435,64; 14; 46; 10; 16; 54; 53; 28; 44; 76
48,60,0.24099,0.8,77; 48; 60; 82; 33; 34; 34; 72; 65; 33
26,75,0.28854,0.34667,20; 26; 75; 23; 74; 25; 19; 53; 11; 83
33,67,0.30138,0.49254,42; 33; 67; 34; 68; 69; 77; 49; 18; 58
9,16,0.28986,0.5625,6; 9; 16; 42; 40; 85; 41; 20; 70; 39
32,70,0.2955,0.45714,46; 32; 70; 63; 74; 20; 19; 49; 75; 5
40,49,0.30803,0.81633,8; 40; 49; 63; 82; 13; 51; 51; 70; 36
12,38,0.292,0.31579,55; 12; 38; 32; 61; 20; 23; 8; 44; 76
32,38,0.33302,0.84211,76; 32; 38; 79; 75; 49; 14; 7; 42; 28
9,26,0.30221,0.34615,70; 9; 26; 36; 22; 33; 43; 27; 61; 81
38,44,0.31789,0.86364,82; 38; 44; 55; 22; 32; 39; 74; 63; 45
15,45,0.30289,0.33333,43; 15; 45; 18; 34; 41; 6; 41; 32; 12
27,73,0.28781,0.36986,15; 27; 73; 71; 29; 28; 75; 32; 71; 76
34,61,0.30338,0.55738,76; 34; 61; 69; 72; 22; 85; 49; 73; 16
68,81,0.19448,0.83951,29; 68; 81; 70; 85; 38; 47; 22; 55; 22
23,50,0.33044,0.46,50; 23; 50; 53; 77; 80; 34; 22; 37; 57
36,43,0.32149,0.83721,46; 36; 43; 6; 69; 54; 60; 51; 32; 39
19,75,0.25279,0.25333,46; 19; 75; 24; 49; 84; 16; 81; 27; 42
47,84,0.22723,0.55952,11; 47; 84; 16; 26; 21; 17; 71; 26; 55
10,35,0.27552,0.28571,7; 10; 35; 85; 66; 53; 67; 36; 21; 69
61,73,0.21268,0.83562,17; 61; 73; 25; 68; 27; 34; 66; 5; 54
43,54,0.29521,0.7963,77; 43; 54; 64; 61; 72; 52; 26; 75; 40
55,69,0.1993,0.7971,41; 55; 69; 31; 16; 57; 57; 71; 15; 80
14,40,0.30608,0.35,81; 14; 40; 19; 16; 24; 19; 20; 45; 45
41,83,0.24718,0.49398,37; 41; 83; 36; 7; 31; 17; 17; 22; 17
16,43,0.3149,0.37209,82; 16; 43; 54; 30; 33; 38; 47; 29; 18
65,82,0.19496,0.79268,35; 65; 82; 31; 14; 30; 35; 13; 70; 6
31,84,0.25548,0.36905,71; 31; 84; 79; 33; 35; 43; 76; 54; 26
6,17,0.27937,0.35294,43; 6; 17; 34; 6; 48; 8; 14; 49; 64
6,13,0.24017,0.46154,16; 6; 13; 9; 17; 59; 17; 60; 60; 27
40,50,0.30469,0.8,10; 40; 50; 10; 70; 45; 22; 48; 75; 46
17,48,0.3121,0.35417,78; 17; 48; 25; 39; 24; 45; 63; 20; 11
15,43,0.30888,0.34884,9; 15; 43; 5; 32; 15; 45; 21; 55; 85
16,32,0.33439,0.5,59; 16; 32; 18; 7; 26; 6; 47; 47; 6
26,74,0.28692,0.35135,61; 26; 74; 26; 28; 5; 7; 8; 35; 62
9,11,0.26048,0.81818,65; 9; 11; 74; 43; 77; 80; 83; 26; 77
12,24,0.3257,0.5,45; 12; 24; 59; 14; 69; 26; 75; 48; 24
14,38,0.31716,0.36842,59; 14; 38; 24; 27; 52; 50; 70; 6; 77
28,35,0.33783,0.8,67; 28; 35; 58; 52; 45; 27; 6; 12; 54
44,51,0.28327,0.86275,38; 44; 51; 17; 66; 77; 11; 47; 18; 15
37,43,0.31852,0.86047,43; 37; 43; 69; 35; 70; 43; 31; 7; 83
67,78,0.20384,0.85897,81; 67; 78; 78; 15; 72; 50; 6; 73; 53
32,64,0.30286,0.5,50; 32; 64; 63; 11; 77; 28; 55; 30; 19
16,65,0.24153,0.24615,10; 16; 65; 5; 26; 73; 74; 58; 67; 14
21,76,0.26809,0.27632,8; 21; 76; 81; 64; 42; 59; 59; 18; 50
29,83,0.25276,0.3494,52; 29; 83; 5; 11; 79; 32; 57; 20; 19
69,84,0.18085,0.82143,31; 69; 84; 51; 78; 56; 76; 61; 46; 62
31,39,0.3321,0.79487,67; 31; 39; 84; 61; 54; 56; 69; 81; 10
23,80,0.27038,0.2875,52; 23; 80; 78; 39; 45; 78; 37; 41; 23
48,56,0.25296,0.85714,56; 48; 56; 29; 32; 61; 15; 49; 51; 73
15,52,0.27761,0.28846,50; 15; 52; 48; 24; 37; 13; 23; 58; 62
34,43,0.32284,0.7907,83; 34; 43; 24; 26; 36; 70; 82; 82; 46
44,56,0.28444,0.78571,41; 44; 56; 71; 12; 42; 68; 85; 28; 27
23,65,0.30693,0.35385,61; 23; 65; 80; 74; 29; 41; 66; 24; 21
20,82,0.24194,0.2439,51; 20; 82; 38; 36; 80; 24; 28; 38; 25
48,57,0.285,0.84211,54; 48; 57; 80; 43; 7; 78; 64; 36; 24
52,62,0.25567,0.83871,14; 52; 62; 74; 22; 69; 13; 17; 9; 22
21,64,0.30002,0.32812,35; 21; 64; 61; 23; 51; 34; 44; 48; 7
53,67,0.2476,0.79104,44; 53; 67; 30; 63; 13; 79; 48; 84; 72
27,83,0.27055,0.3253,32; 27; 83; 53; 47; 84; 26; 26; 46; 59
24,28,0.34807,0.85714,79; 24; 28; 6; 32; 45; 42; 26; 49; 25
18,54,0.30334,0.33333,29; 18; 54; 17; 39; 81; 45; 30; 47; 43
39,69,0.25755,0.56522,50; 39; 69; 39; 12; 22; 49; 66; 13; 34
9,30,0.27969,0.3,34; 9; 30; 48; 29; 19; 37; 75; 41; 79
37,46,0.32264,0.80435,68; 37; 46; 66; 26; 68; 80; 27; 38; 34
36,78,0.25505,0.46154,6; 36; 78; 80; 63; 72; 81; 57; 38; 77
15,53,0.27654,0.28302,52; 15; 53; 32; 81; 14; 18; 54; 47; 5
23,50,0.33212,0.46,41; 23; 50; 23; 67; 20; 70; 67; 79; 48
39,84,0.25225,0.46429,65; 39; 84; 45; 16; 20; 76; 69; 40; 27
14,42,0.30225,0.33333,80; 14; 42; 63; 20; 64; 69; 68; 73; 83
7,23,0.27588,0.30435,11; 7; 23; 19; 21; 19; 8; 26; 52; 53
27,83,0.26446,0.3253,20; 27; 83; 80; 67; 39; 48; 23; 6; 29
10,40,0.245,0.25,85; 10; 40; 25; 12; 33; 60; 84; 62; 15
20,35,0.34339,0.57143,62; 20; 35; 44; 29; 69; 45; 23; 62; 83
30,35,0.34295,0.85714,38; 30; 35; 82; 64; 17; 24; 43; 28; 84
19,78,0.24459,0.24359,83; 19; 78; 58; 45; 8; 66; 31; 65; 45
24,72,0.29455,0.33333,44; 24; 72; 54; 31; 22; 24; 41; 29; 83
40,72,0.26497,0.55556,25; 40; 72; 74; 54; 35; 54; 5; 52; 85
5,10,0.18974,0.5,71; 5; 10; 62; 63; 32; 52; 23; 78; 79
29,82,0.2755,0.35366,14; 29; 82; 46; 62; 5; 69; 71; 7; 5
13,28,0.32761,0.46429,10; 13; 28; 55; 31; 12; 64; 14; 12; 78
24,83,0.26995,0.28916,52; 24; 83; 57; 9; 36; 29; 79; 12; 58
46,82,0.24141,0.56098,33; 46; 82; 84; 23; 11; 28; 43; 22; 10
27,33,0.34799,0.81818,23; 27; 33; 56; 81; 15; 49; 38; 31; 51
67,82,0.20271,0.81707,70; 67; 82; 16; 51; 79; 68; 21; 66; 41
48,57,0.26862,0.84211,43; 48; 57; 11; 14; 19; 77; 77; 27; 37
18,63,0.27687,0.28571,85; 18; 63; 28; 26; 41; 14; 62; 28; 74
5,21,0.23266,0.2381,11; 5; 21; 39; 34; 63; 85; 74; 15; 61
39,79,0.27207,0.49367,85; 39; 79; 19; 24; 78; 53; 79; 62; 40
12,49,0.24018,0.2449,35; 12; 49; 84; 46; 29; 77; 82; 29; 37
20,70,0.27898,0.28571,61; 20; 70; 61; 14; 7; 34; 25; 38; 8
41,82,0.22447,0.5,19; 41; 82; 82; 80; 81; 26; 27; 38; 36
42,51,0.30146,0.82353,62; 42; 51; 85; 38; 82; 18; 28; 49; 23
12,26,0.32326,0.46154,62; 12; 26; 70; 73; 79; 66; 79; 74; 61
17,49,0.31015,0.34694,5; 17; 49; 23; 80; 17; 68; 83; 9; 58
18,61,0.28176,0.29508,55; 18; 61; 50; 48; 35; 26; 23; 23; 42
21,57,0.31237,0.36842,11; 21; 57; 23; 13; 21; 85; 30; 73; 35
18,61,0.28171,0.29508,75; 18; 61; 75; 50; 37; 75; 40; 77; 20
58,69,0.21521,0.84058,35; 58; 69; 58; 47; 14; 19; 7; 77; 66
15,30,0.33148,0.5,16; 15; 30; 60; 79; 83; 78; 30; 20; 18
20,40,0.33326,0.5,6; 20; 40; 67; 51; 27; 61; 84; 13; 61
28,57,0.32581,0.49123,32; 28; 57; 10; 34; 59; 76; 38; 50; 24
11,40,0.26863,0.275,31; 11; 40; 80; 29; 35; 67; 69; 8; 57
19,57,0.30506,0.33333,50; 19; 57; 76; 57; 83; 52; 43; 35; 29
13,35,0.31084,0.37143,66; 13; 35; 46; 6; 47; 40; 14; 14; 41
21,25,0.34585,0.84,79; 21; 25; 19; 53; 61; 35; 85; 35; 21
30,82,0.25792,0.36585,42; 30; 82; 25; 57; 83; 28; 30; 69; 44
60,76,0.2205,0.78947,46; 60; 76; 51; 68; 75; 37; 51; 70; 29
25,84,0.26217,0.29762,71; 25; 84; 53; 5; 19; 13; 17; 34; 65
21,85,0.24878,0.24706,84; 21; 85; 6; 11; 78; 68; 63; 10; 42
15,45,0.30435,0.33333,69; 15; 45; 29; 50; 51; 75; 80; 56; 6
17,52,0.2964,0.32692,45; 17; 52; 35; 56; 30; 14; 59; 20; 37
30,65,0.31401,0.46154,6; 30; 65; 32; 32; 76; 42; 69; 38; 55
22,60,0.31617,0.36667,46; 22; 60; 70; 78; 76; 56; 31; 5; 5
61,76,0.2149,0.80263,46; 61; 76; 30; 61; 8; 11; 36; 52; 71
33,67,0.29567,0.49254,34; 33; 67; 20; 71; 11; 70; 33; 81; 37
14,17,0.3275,0.82353,52; 14; 17; 16; 32; 12; 59; 34; 41; 21
20,79,0.24647,0.25316,8; 20; 79; 7; 30; 8; 85; 23; 68; 31
68,85,0.19332,0.8,14; 68; 85; 74; 42; 78; 45; 21; 77; 30
37,76,0.27808,0.48684,70; 37; 76; 42; 36; 31; 65; 42; 49; 58
48,57,0.26502,0.84211,17; 48; 57; 60; 72; 15; 7; 33; 57; 49
23,40,0.3444,0.575,67; 23; 40; 16; 73; 26; 23; 38; 22; 44
31,62,0.30626,0.5,62; 31; 62; 33; 34; 9; 19; 5; 5; 35
13,41,0.2933,0.31707,58; 13; 41; 17; 42; 27; 76; 21; 64; 14
26,31,0.3357,0.83871,16; 26; 31; 6; 60; 84; 82; 84; 64; 64
37,65,0.26743,0.56923,50; 37; 65; 53; 58; 78; 37; 27; 8; 39
27,47,0.33146,0.57447,29; 27; 47; 52; 73; 66; 32; 18; 50; 71
40,70,0.2664,0.57143,42; 40; 70; 11; 25; 40; 75; 51; 82; 34
21,83,0.25426,0.25301,57; 21; 83; 31; 49; 30; 30; 81; 45; 82
34,70,0.28178,0.48571,41; 34; 70; 85; 25; 35; 43; 75; 60; 8
25,83,0.26212,0.3012,25; 25; 83; 61; 72; 13; 33; 79; 85; 50
12,51,0.23166,0.23529,83; 12; 51; 57; 82; 45; 17; 19; 66; 21
39,85,0.20378,0.45882,49; 39; 85; 9; 83; 58; 60; 13; 36; 66
32,57,0.31024,0.5614,24; 32; 57; 34; 46; 34; 52; 67; 13; 6
14,46,0.2934,0.30435,26; 14; 46; 65; 9; 44; 20; 40; 84; 9
37,66,0.27127,0.56061,58; 37; 66; 63; 42; 21; 41; 82; 85; 17
16,63,0.25057,0.25397,56; 16; 63; 42; 44; 6; 34; 30; 52; 48
65,79,0.20312,0.82278,18; 65; 79; 64; 56; 81; 76; 37; 10; 52
24,49,0.3296,0.4898,39; 24; 49; 36; 28; 20; 52; 17; 32; 24
12,14,0.30774,0.85714,65; 12; 14; 42; 17; 74; 8; 73; 12; 36
13,47,0.27441,0.2766,77; 13; 47; 13; 62; 25; 18; 23; 15; 26
24,76,0.27883,0.31579,43; 24; 76; 25; 81; 40; 72; 70; 55; 40
19,69,0.27004,0.27536,55; 19; 69; 56; 42; 16; 36; 68; 85; 82
23,81,0.2633,0.28395,54; 23; 81; 81; 72; 5; 44; 12; 63; 49
12,21,0.33005,0.57143,36; 12; 21; 63; 72; 5; 32; 9; 37; 42
48,60,0.26535,0.8,39; 48; 60; 82; 12; 45; 80; 64; 65; 70
22,79,0.26984,0.27848,77; 22; 79; 39; 8; 66; 47; 25; 40; 13
11,45,0.2391,0.24444,45; 11; 45; 21; 75; 71; 41; 31; 46; 30
61,76,0.21615,0.80263,66; 61; 76; 76; 18; 42; 72; 55; 85; 49
37,80,0.265,0.4625,59; 37; 80; 41; 34; 10; 18; 36; 9; 41
47,56,0.26925,0.83929,79; 47; 56; 49; 63; 76; 62; 22; 21; 26
10,33,0.28543,0.30303,6; 10; 33; 54; 9; 10; 17; 79; 41; 9
20,57,0.30871,0.35088,79; 20; 57; 53; 70; 26; 16; 82; 55; 74
35,61,0.30362,0.57377,47; 35; 61; 29; 68; 40; 23; 39; 46; 75
39,84,0.26545,0.46429,71; 39; 84; 11; 36; 28; 16; 69; 85; 35
16,63,0.25392,0.25397,68; 16; 63; 19; 58; 71; 80; 44; 35; 72
48,61,0.26775,0.78689,27; 48; 61; 69; 13; 61; 66; 74; 22; 80
24,28,0.34175,0.85714,23; 24; 28; 8; 57; 62; 33; 60; 6; 53
24,43,0.33422,0.55814,71; 24; 43; 72; 67; 60; 12; 84; 69; 63
25,83,0.27136,0.3012,47; 25; 83; 50; 65; 70; 70; 64; 41; 78
14,28,0.32993,0.5,43; 14; 28; 17; 82; 12; 65; 58; 31; 12
15,62,0.24051,0.24194,65; 15; 62; 17; 62; 14; 46; 48; 47; 6
28,35,0.34104,0.8,76; 28; 35; 76; 85; 49; 80; 23; 13; 77
69,82,0.18582,0.84146,5; 69; 82; 26; 44; 16; 52; 7; 44; 52
18,71,0.25662,0.25352,28; 18; 71; 27; 57; 8; 14; 63; 62; 42
24,52,0.31858,0.46154,79; 24; 52; 76; 62; 50; 13; 67; 51; 33
11,40,0.26711,0.275,40; 11; 40; 68; 40; 51; 44; 36; 61; 9
15,53,0.27633,0.28302,74; 15; 53; 9; 52; 28; 32; 43; 14; 5
30,60,0.31796,0.5,83; 30; 60; 19; 10; 40; 82; 68; 71; 7
23,50,0.33359,0.46,10; 23; 50; 12; 54; 85; 12; 61; 14; 21
25,83,0.26814,0.3012,20; 25; 83; 68; 66; 20; 44; 6; 42; 40
32,69,0.2907,0.46377,81; 32; 69; 64; 60; 58; 15; 78; 57; 21
7,29,0.24158,0.24138,84; 7; 29; 35; 69; 76; 41; 15; 56; 70
21,66,0.2975,0.31818,6; 21; 66; 29; 60; 54; 82; 20; 41; 75
19,41,0.33517,0.46341,53; 19; 41; 74; 17; 30; 48; 53; 22; 61
27,73,0.28792,0.36986,84; 27; 73; 9; 51; 49; 81; 28; 60; 14
21,37,0.34505,0.56757,34; 21; 37; 45; 61; 24; 13; 39; 6; 37
34,74,0.26604,0.45946,45; 34; 74; 32; 52; 62; 81; 44; 34; 85
19,59,0.29796,0.32203,73; 19; 59; 61; 57; 78; 36; 59; 33; 53
50,63,0.267,0.79365,21; 50; 63; 75; 40; 5; 58; 70; 44; 19
26,53,0.32999,0.49057,18; 26; 53; 41; 19; 11; 29; 35; 28; 58
44,51,0.29339,0.86275,74; 44; 51; 48; 69; 79; 21; 69; 52; 31
21,63,0.30425,0.33333,57; 21; 63; 74; 71; 76; 45; 84; 76; 32
17,53,0.30081,0.32075,14; 17; 53; 32; 60; 61; 38; 13; 34; 64
35,71,0.29217,0.49296,20; 35; 71; 65; 47; 5; 27; 51; 67; 25
13,54,0.23702,0.24074,61; 13; 54; 70; 62; 48; 35; 32; 19; 65
20,57,0.31059,0.35088,84; 20; 57; 32; 26; 39; 45; 47; 25; 50
60,73,0.22295,0.82192,77; 60; 73; 76; 85; 78; 77; 79; 38; 73
45,80,0.24552,0.5625,47; 45; 80; 21; 45; 72; 74; 5; 57; 7
11,14,0.30684,0.78571,35; 11; 14; 42; 8; 28; 59; 77; 82; 50
37,46,0.32194,0.80435,47; 37; 46; 67; 58; 60; 43; 42; 51; 62
18,32,0.33544,0.5625,22; 18; 32; 59; 50; 83; 60; 28; 69; 24
38,82,0.20136,0.46341,85; 38; 82; 47; 73; 70; 71; 83; 33; 36
22,68,0.29724,0.32353,53; 22; 68; 71; 15; 5; 59; 76; 74; 9
38,78,0.26052,0.48718,70; 38; 78; 72; 8; 38; 26; 69; 21; 44
31,39,0.33363,0.79487,47; 31; 39; 43; 35; 63; 11; 80; 41; 55
16,65,0.24572,0.24615,42; 16; 65; 17; 72; 24; 75; 23; 78; 11
12,14,0.3064,0.85714,38; 12; 14; 79; 55; 49; 30; 19; 17; 11
14,50,0.27518,0.28,48; 14; 50; 43; 42; 8; 13; 38; 47; 21
8,10,0.26787,0.8,84; 8; 10; 24; 48; 74; 35; 81; 33; 65
39,68,0.276,0.57353,5; 39; 68; 23; 30; 47; 25; 19; 29; 45
39,49,0.3061,0.79592,59; 39; 49; 53; 38; 85; 22; 31; 23; 21
12,34,0.30399,0.35294,68; 12; 34; 66; 26; 15; 67; 17; 80; 15
12,50,0.23733,0.24,69; 12; 50; 42; 11; 55; 11; 45; 60; 41
37,74,0.26814,0.5,71; 37; 74; 46; 58; 52; 51; 11; 13; 18
6,21,0.27504,0.28571,51; 6; 21; 70; 62; 24; 46; 21; 15; 49
18,22,0.34596,0.81818,79; 18; 22; 12; 29; 50; 23; 34; 61; 17
18,51,0.30979,0.35294,50; 18; 51; 68; 68; 46; 67; 30; 44; 6
21,66,0.29585,0.31818,15; 21; 66; 81; 27; 16; 85; 16; 77; 48
16,43,0.31734,0.37209,83; 16; 43; 12; 45; 81; 34; 45; 83; 64
17,68,0.24766,0.25,45; 17; 68; 22; 77; 78; 78; 70; 78; 7
6,19,0.28604,0.31579,19; 6; 19; 44; 41; 67; 56; 27; 41; 50
47,56,0.26968,0.83929,51; 47; 56; 60; 36; 54; 44; 69; 46; 52
20,41,0.33308,0.4878,43; 20; 41; 34; 56; 40; 56; 17; 54; 66
64,76,0.21734,0.84211,64; 64; 76; 25; 60; 71; 54; 39; 59; 31
34,70,0.297,0.48571,36; 34; 70; 84; 25; 69; 79; 79; 13; 24
21,42,0.33838,0.5,67; 21; 42; 75; 16; 12; 48; 39; 22; 62
26,57,0.32167,0.45614,49; 26; 57; 74; 30; 48; 17; 28; 34; 37
18,64,0.27332,0.28125,71; 18; 64; 60; 80; 61; 83; 73; 43; 42
39,80,0.27113,0.4875,54; 39; 80; 78; 71; 13; 71; 85; 77; 85
53,67,0.22273,0.79104,28; 53; 67; 27; 18; 82; 51; 33; 32; 47
18,39,0.33302,0.46154,81; 18; 39; 21; 34; 7; 37; 26; 33; 30
17,51,0.30187,0.33333,75; 17; 51; 40; 49; 40; 37; 45; 73; 37
55,70,0.23203,0.78571,36; 55; 70; 68; 53; 66; 18; 74; 73; 79
10,41,0.2412,0.2439,79; 10; 41; 18; 31; 79; 68; 74; 14; 72
28,81,0.26386,0.34568,23; 28; 81; 62; 19; 49; 25; 19; 25; 9
16,20,0.33687,0.8,32; 16; 20; 64; 17; 32; 64; 23; 16; 21
12,21,0.3313,0.57143,57; 12; 21; 14; 46; 56; 72; 39; 11; 69
45,79,0.25337,0.56962,81; 45; 79; 81; 54; 69; 43; 62; 20; 81
10,42,0.23387,0.2381,61; 10; 42; 37; 81; 80; 85; 78; 12; 54
47,56,0.27921,0.83929,53; 47; 56; 36; 44; 33; 50; 43; 29; 53
29,82,0.26474,0.35366,48; 29; 82; 62; 64; 14; 47; 56; 35; 49
23,78,0.26909,0.29487,68; 23; 78; 68; 46; 83; 25; 83; 83; 12
42,85,0.24934,0.49412,31; 42; 85; 71; 37; 49; 58; 17; 61; 59
27,34,0.34451,0.79412,31; 27; 34; 26; 74; 80; 29; 66; 73; 42
31,68,0.30371,0.45588,54; 31; 68; 26; 72; 8; 37; 41; 63; 81
22,74,0.28411,0.2973,43; 22; 74; 77; 14; 21; 7; 43; 7; 12
28,57,0.32057,0.49123,59; 28; 57; 24; 84; 78; 70; 62; 15; 79
18,39,0.33786,0.46154,21; 18; 39; 62; 35; 74; 37; 45; 55; 6
7,23,0.28213,0.30435,23; 7; 23; 67; 41; 37; 36; 71; 13; 70
28,75,0.28971,0.37333,14; 28; 75; 85; 21; 27; 78; 12; 30; 48
20,25,0.34316,0.8,10; 20; 25; 57; 44; 28; 15; 14; 51; 29
14,48,0.28241,0.29167,50; 14; 48; 10; 40; 33; 41; 7; 40; 35
11,34,0.28917,0.32353,39; 11; 34; 48; 19; 16; 30; 14; 69; 82
26,33,0.3457,0.78788,52; 26; 33; 60; 26; 66; 12; 36; 46; 10
44,79,0.23912,0.55696,31; 44; 79; 13; 54; 74; 11; 48; 40; 20
25,75,0.28903,0.33333,46; 25; 75; 8; 66; 82; 39; 13; 78; 42
31,84,0.26064,0.36905,9; 31; 84; 50; 15; 40; 61; 75; 27; 76
22,48,0.33149,0.45833,82; 22; 48; 19; 37; 67; 67; 74; 7; 80
11,24,0.31905,0.45833,14; 11; 24; 20; 73; 71; 72; 17; 67; 26
13,23,0.33469,0.56522,75; 13; 23; 83; 46; 34; 32; 66; 8; 78
12,50,0.24064,0.24,51; 12; 50; 38; 75; 39; 32; 45; 13; 48
25,71,0.2741,0.35211,25; 25; 71; 24; 51; 84; 83; 59; 39; 62
7,23,0.28217,0.30435,10; 7; 23; 81; 34; 22; 24; 44; 56; 33
27,54,0.32802,0.5,52; 27; 54; 67; 85; 62; 73; 85; 14; 54
56,71,0.22123,0.78873,20; 56; 71; 51; 53; 41; 16; 54; 81; 53
23,70,0.29687,0.32857,15; 23; 70; 30; 65; 20; 19; 17; 61; 68
35,71,0.2959,0.49296,40; 35; 71; 76; 39; 63; 25; 56; 69; 77
36,72,0.28022,0.5,44; 36; 72; 78; 81; 85; 76; 7; 81; 37
14,40,0.30643,0.35,70; 14; 40; 11; 56; 83; 34; 37; 49; 53
36,42,0.32596,0.85714,77; 36; 42; 64; 19; 54; 25; 6; 11; 11
20,61,0.30107,0.32787,25; 20; 61; 24; 67; 78; 27; 62; 41; 84
41,50,0.29975,0.82,29; 41; 50; 68; 62; 49; 22; 23; 66; 79
18,75,0.2383,0.24,31; 18; 75; 32; 27; 53; 54; 74; 53; 60
15,59,0.24987,0.25424,23; 15; 59; 50; 78; 74; 21; 84; 37; 56
15,43,0.31328,0.34884,11; 15; 43; 41; 68; 24; 67; 85; 20; 6
65,81,0.19964,0.80247,84; 65; 81; 36; 12; 55; 60; 73; 14; 68
21,71,0.28223,0.29577,59; 21; 71; 29; 35; 10; 65; 13; 60; 30
23,47,0.33736,0.48936,42; 23; 47; 69; 39; 24; 36; 51; 80; 18
43,54,0.28882,0.7963,44; 43; 54; 35; 23; 41; 23; 21; 68; 56
16,58,0.27249,0.27586,42; 16; 58; 79; 48; 17; 52; 66; 40; 75
38,82,0.24416,0.46341,62; 38; 82; 66; 21; 46; 48; 80; 15; 76
47,84,0.21908,0.55952,30; 47; 84; 62; 40; 82; 37; 55; 21; 6
15,45,0.30606,0.33333,37; 15; 45; 57; 36; 57; 6; 54; 37; 49
20,80,0.25068,0.25,33; 20; 80; 82; 14; 25; 43; 27; 81; 29
47,56,0.28473,0.83929,21; 47; 56; 17; 75; 32; 9; 84; 77; 20
45,55,0.28249,0.81818,44; 45; 55; 41; 76; 69; 30; 69; 18; 57
10,40,0.24892,0.25,62; 10; 40; 27; 79; 59; 61; 9; 9; 57
54,66,0.23546,0.81818,51; 54; 66; 23; 17; 63; 10; 72; 63; 15
60,70,0.22843,0.85714,70; 60; 70; 76; 72; 64; 69; 20; 78; 83
55,67,0.24412,0.8209,7; 55; 67; 46; 68; 46; 66; 54; 66; 82
39,78,0.2575,0.5,81; 39; 78; 85; 22; 76; 25; 34; 7; 64
46,55,0.29082,0.83636,31; 46; 55; 69; 65; 17; 24; 76; 72; 34
10,31,0.28949,0.32258,49; 10; 31; 61; 59; 21; 29; 28; 17; 14
62,72,0.22969,0.86111,8; 62; 72; 66; 51; 13; 55; 16; 67; 70
18,39,0.33567,0.46154,70; 18; 39; 27; 68; 65; 64; 33; 55; 15
19,39,0.33298,0.48718,23; 19; 39; 42; 8; 63; 74; 57; 20; 68
17,49,0.31313,0.34694,37; 17; 49; 41; 28; 16; 36; 36; 11; 32
13,43,0.28908,0.30233,30; 13; 43; 21; 22; 35; 57; 59; 55; 71
22,76,0.27581,0.28947,16; 22; 76; 65; 20; 69; 42; 43; 64; 22
26,31,0.35019,0.83871,79; 26; 31; 59; 70; 12; 77; 67; 56; 70
69,82,0.17524,0.84146,71; 69; 82; 72; 56; 80; 79; 75; 22; 45
37,66,0.2914,0.56061,14; 37; 66; 54; 12; 68; 18; 19; 30; 73
60,70,0.22276,0.85714,74; 60; 70; 41; 32; 24; 68; 10; 8; 38
38,77,0.28172,0.49351,61; 38; 77; 65; 47; 39; 40; 67; 82; 21
31,83,0.26742,0.37349,78; 31; 83; 24; 53; 34; 41; 12; 18; 8
16,48,0.30233,0.33333,43; 16; 48; 72; 79; 19; 58; 38; 78; 76
55,70,0.22653,0.78571,52; 55; 70; 45; 44; 42; 42; 34; 56; 69
24,84,0.26441,0.28571,32; 24; 84; 50; 15; 45; 84; 60; 24; 85
36,72,0.27793,0.5,72; 36; 72; 22; 17; 58; 35; 72; 75; 51
18,64,0.27283,0.28125,55; 18; 64; 57; 18; 70; 46; 7; 21; 14
15,60,0.2509,0.25,46; 15; 60; 69; 38; 38; 18; 24; 49; 44
28,56,0.31891,0.5,43; 28; 56; 81; 7; 82; 17; 27; 26; 47
68,79,0.1988,0.86076,82; 68; 79; 33; 29; 61; 83; 17; 24; 38
32,37,0.32546,0.86486,17; 32; 37; 6; 63; 9; 28; 12; 65; 14
18,54,0.30386,0.33333,18; 18; 54; 41; 50; 56; 56; 26; 51; 67
8,34,0.23411,0.23529,24; 8; 34; 39; 49; 37; 15; 69; 34; 30
53,66,0.23469,0.80303,42; 53; 66; 25; 5; 5; 70; 40; 79; 42
19,64,0.28258,0.29688,54; 19; 64; 23; 40; 85; 72; 32; 51; 12
20,61,0.30113,0.32787,24; 20; 61; 44; 63; 67; 21; 55; 24; 56
20,71,0.27522,0.28169,74; 20; 71; 83; 77; 41; 7; 79; 19; 9
12,15,0.31282,0.8,54; 12; 15; 7; 60; 80; 20; 25; 29; 6
25,67,0.29989,0.37313,70; 25; 67; 69; 55; 20; 19; 58; 58; 18
16,19,0.34172,0.84211,19; 16; 19; 29; 29; 35; 65; 19; 44; 9
47,59,0.28165,0.79661,71; 47; 59; 25; 59; 40; 30; 80; 41; 71
26,70,0.29308,0.37143,32; 26; 70; 25; 11; 29; 20; 59; 18; 75
18,65,0.27044,0.27692,61; 18; 65; 28; 11; 19; 54; 83; 53; 23
33,42,0.32576,0.78571,84; 33; 42; 66; 83; 16; 23; 45; 37; 22
28,49,0.32688,0.57143,37; 28; 49; 78; 28; 54; 46; 84; 66; 29
14,28,0.33059,0.5,79; 14; 28; 11; 45; 44; 19; 82; 75; 76
20,85,0.24147,0.23529,84; 20; 85; 53; 39; 70; 26; 71; 46; 6
22,44,0.33876,0.5,29; 22; 44; 48; 45; 13; 9; 25; 79; 82
12,42,0.27572,0.28571,63; 12; 42; 71; 20; 9; 59; 30; 62; 53
29,51,0.32027,0.56863,57; 29; 51; 22; 78; 53; 67; 23; 80; 47
38,77,0.27013,0.49351,28; 38; 77; 85; 72; 29; 56; 77; 31; 58
40,82,0.24154,0.4878,56; 40; 82; 78; 6; 48; 65; 44; 43; 35
59,75,0.20463,0.78667,26; 59; 75; 43; 71; 79; 81; 12; 23; 47
30,82,0.26448,0.36585,83; 30; 82; 50; 32; 8; 78; 84; 41; 20
21,57,0.3195,0.36842,9; 21; 57; 39; 61; 31; 55; 27; 75; 28
37,44,0.31093,0.84091,65; 37; 44; 47; 8; 65; 51; 73; 53; 20
26,70,0.27964,0.37143,48; 26; 70; 6; 50; 30; 84; 74; 81; 68
20,63,0.30148,0.31746,59; 20; 63; 8; 70; 84; 78; 59; 11; 82
61,77,0.21721,0.79221,16; 61; 77; 85; 84; 83; 68; 36; 26; 83
28,56,0.32257,0.5,80; 28; 56; 39; 39; 64; 79; 38; 52; 83
5,21,0.23514,0.2381,12; 5; 21; 12; 6; 48; 37; 57; 69; 56
31,36,0.33642,0.86111,51; 31; 36; 5; 58; 19; 74; 77; 84; 34
23,63,0.30954,0.36508,75; 23; 63; 51; 64; 82; 85; 84; 40; 44
42,85,0.23091,0.49412,75; 42; 85; 73; 42; 30; 27; 8; 25; 49
20,68,0.28149,0.29412,59; 20; 68; 74; 36; 48; 36; 84; 14; 85
19,24,0.34337,0.79167,41; 19; 24; 59; 72; 17; 67; 29; 56; 59
20,79,0.25056,0.25316,69; 20; 79; 11; 7; 27; 16; 9; 44; 15
51,59,0.27148,0.86441,51; 51; 59; 68; 18; 18; 52; 45; 33; 67
32,38,0.33609,0.84211,35; 32; 38; 62; 21; 28; 74; 20; 52; 11
11,45,0.24091,0.24444,44; 11; 45; 36; 36; 39; 21; 83; 15; 34
20,85,0.23803,0.23529,20; 20; 85; 37; 83; 36; 15; 64; 68; 47
32,69,0.28433,0.46377,61; 32; 69; 48; 50; 70; 17; 28; 67; 72
31,55,0.32502,0.56364,66; 31; 55; 48; 31; 17; 67; 85; 63; 41
7,20,0.29565,0.35,83; 7; 20; 8; 33; 42; 77; 15; 84; 33
32,38,0.33825,0.84211,7; 32; 38; 21; 54; 30; 17; 56; 79; 61
37,81,0.24924,0.45679,44; 37; 81; 43; 25; 39; 13; 78; 66; 72
14,48,0.28058,0.29167,58; 14; 48; 7; 5; 50; 49; 54; 45; 43
66,77,0.20299,0.85714,23; 66; 77; 46; 73; 67; 69; 70; 45; 61
20,80,0.24824,0.25,6; 20; 80; 55; 13; 40; 24; 26; 13; 81
32,69,0.29653,0.46377,65; 32; 69; 7; 16; 74; 12; 78; 15; 11
24,84,0.25181,0.28571,34; 24; 84; 76; 16; 85; 47; 28; 29; 59
63,77,0.21717,0.81818,39; 63; 77; 71; 66; 19; 53; 76; 59; 34
59,72,0.20714,0.81944,12; 59; 72; 56; 15; 61; 68; 77; 12; 47
17,67,0.24815,0.25373,13; 17; 67; 69; 48; 68; 45; 23; 45; 45
68,81,0.17951,0.83951,31; 68; 81; 13; 85; 35; 59; 27; 66; 16
14,44,0.29375,0.31818,6; 14; 44; 30; 14; 70; 38; 22; 51; 6
15,59,0.25301,0.25424,55; 15; 59; 54; 72; 44; 65; 29; 42; 16
23,83,0.25799,0.27711,51; 23; 83; 60; 61; 35; 43; 66; 14; 12
10,34,0.28256,0.29412,64; 10; 34; 15; 53; 32; 18; 83; 12; 55
18,60,0.28557,0.3,70; 18; 60; 11; 61; 45; 72; 28; 40; 74
35,63,0.31172,0.55556,42; 35; 63; 77; 59; 63; 29; 81; 43; 63
22,73,0.28571,0.30137,16; 22; 73; 6; 15; 23; 70; 47; 66; 60
10,30,0.28485,0.33333,40; 10; 30; 81; 41; 18; 13; 42; 22; 75
28,35,0.34043,0.8,17; 28; 35; 77; 29; 41; 75; 24; 43; 60
18,60,0.28895,0.3,12; 18; 60; 12; 8; 16; 18; 59; 49; 14
17,30,0.33996,0.56667,16; 17; 30; 17; 19; 68; 66; 21; 76; 68
23,77,0.27135,0.2987,26; 23; 77; 75; 49; 83; 15; 78; 35; 50
11,22,0.32092,0.5,64; 11; 22; 84; 6; 23; 78; 47; 19; 78
18,64,0.27259,0.28125,35; 18; 64; 33; 70; 64; 55; 5; 80; 34
18,36,0.33228,0.5,80; 18; 36; 69; 33; 31; 68; 81; 38; 50
36,72,0.26372,0.5,46; 36; 72; 25; 55; 50; 21; 13; 35; 69
17,60,0.27896,0.28333,70; 17; 60; 49; 80; 20; 21; 53; 75; 48
17,71,0.23723,0.23944,44; 17; 71; 69; 61; 65; 80; 78; 14; 13
19,41,0.33421,0.46341,27; 19; 41; 55; 20; 18; 66; 69; 10; 70
23,73,0.29122,0.31507,37; 23; 73; 44; 13; 84; 12; 49; 13; 36
6,21,0.26661,0.28571,55; 6; 21; 81; 48; 46; 62; 33; 53; 51
41,52,0.29517,0.78846,46; 41; 52; 24; 33; 41; 77; 66; 30; 64
20,62,0.29618,0.32258,47; 20; 62; 9; 65; 17; 76; 24; 23; 31
10,36,0.27076,0.27778,63; 10; 36; 60; 79; 75; 84; 40; 33; 23
23,81,0.26755,0.28395,84; 23; 81; 56; 48; 79; 36; 8; 27; 37
16,32,0.33385,0.5,52; 16; 32; 16; 15; 47; 74; 44; 55; 77
36,79,0.25954,0.4557,12; 36; 79; 24; 46; 59; 36; 21; 18; 57
19,67,0.27589,0.28358,26; 19; 67; 27; 64; 85; 70; 79; 48; 13
24,79,0.26328,0.3038,10; 24; 79; 40; 57; 48; 30; 48; 27; 21
29,59,0.31926,0.49153,37; 29; 59; 10; 47; 56; 43; 66; 78; 39
21,85,0.24788,0.24706,79; 21; 85; 48; 39; 65; 50; 61; 72; 20
34,74,0.28813,0.45946,68; 34; 74; 80; 11; 30; 77; 78; 13; 28
9,36,0.24668,0.25,72; 9; 36; 72; 83; 75; 44; 53; 73; 31
63,77,0.21416,0.81818,68; 63; 77; 50; 39; 81; 16; 9; 18; 59
19,79,0.23941,0.24051,35; 19; 79; 84; 29; 16; 55; 41; 39; 44
34,60,0.3094,0.56667,24; 34; 60; 47; 8; 40; 13; 44; 71; 46
7,19,0.2993,0.36842,64; 7; 19; 7; 82; 13; 5; 22; 34; 13
22,68,0.29784,0.32353,6; 22; 68; 75; 44; 83; 27; 30; 49; 72
61,76,0.19268,0.80263,6; 61; 76; 18; 51; 54; 34; 72; 11; 61
34,69,0.29563,0.49275,17; 34; 69; 19; 59; 57; 44; 9; 26; 10
32,57,0.30471,0.5614,5; 32; 57; 30; 44; 26; 30; 82; 62; 11
13,23,0.33515,0.56522,7; 13; 23; 65; 66; 34; 63; 9; 35; 37
10,31,0.28776,0.32258,10; 10; 31; 70; 47; 57; 73; 38; 11; 5
17,69,0.24712,0.24638,64; 17; 69; 25; 41; 69; 53; 37; 83; 79
23,28,0.34749,0.82143,25; 23; 28; 23; 27; 35; 81; 82; 37; 7
13,54,0.23761,0.24074,74; 13; 54; 15; 8; 41; 75; 80; 21; 34
19,24,0.34418,0.79167,72; 19; 24; 76; 12; 54; 47; 83; 8; 35
9,27,0.29362,0.33333,7; 9; 27; 83; 25; 39; 58; 69; 66; 84
30,61,0.32257,0.4918,48; 30; 61; 11; 32; 10; 28; 38; 35; 23
20,82,0.24781,0.2439,21; 20; 82; 45; 6; 9; 46; 37; 68; 11
27,59,0.31819,0.45763,22; 27; 59; 52; 52; 44; 41; 50; 37; 19
32,37,0.32751,0.86486,82; 32; 37; 22; 9; 30; 14; 65; 32; 53
35,76,0.26997,0.46053,61; 35; 76; 39; 40; 18; 14; 22; 59; 28
10,34,0.2774,0.29412,51; 10; 34; 53; 56; 32; 18; 82; 28; 50
52,66,0.2338,0.78788,71; 52; 66; 24; 60; 84; 42; 11; 42; 10
48,60,0.25478,0.8,47; 48; 60; 77; 64; 6; 9; 62; 62; 48
16,58,0.27125,0.27586,69; 16; 58; 66; 55; 79; 69; 53; 35; 50
14,46,0.29109,0.30435,81; 14; 46; 83; 47; 45; 52; 21; 5; 24
40,49,0.30906,0.81633,24; 40; 49; 11; 80; 76; 83; 74; 72; 76
8,24,0.28819,0.33333,20; 8; 24; 28; 80; 33; 32; 65; 81; 66
27,73,0.28357,0.36986,54; 27; 73; 27; 15; 32; 62; 32; 79; 80
36,79,0.26991,0.4557,51; 36; 79; 7; 57; 81; 78; 62; 34; 81
20,62,0.29735,0.32258,8; 20; 62; 63; 79; 61; 78; 33; 26; 72
28,49,0.33,0.57143,43; 28; 49; 14; 64; 20; 46; 32; 68; 31
31,63,0.31312,0.49206,46; 31; 63; 39; 60; 6; 48; 24; 68; 82
60,73,0.21346,0.82192,77; 60; 73; 80; 5; 29; 38; 54; 69; 74
38,78,0.26618,0.48718,34; 38; 78; 59; 6; 81; 54; 5; 35; 23
24,85,0.26276,0.28235,34; 24; 85; 27; 48; 15; 7; 73; 36; 30
21,74,0.27726,0.28378,69; 21; 74; 70; 45; 31; 85; 75; 80; 66
53,65,0.22478,0.81538,25; 53; 65; 37; 16; 38; 44; 12; 12; 16
19,52,0.3121,0.36538,27; 19; 52; 32; 55; 59; 33; 15; 13; 22
54,68,0.24064,0.79412,69; 54; 68; 32; 63; 37; 47; 58; 50; 12
61,76,0.21774,0.80263,19; 61; 76; 49; 47; 32; 46; 49; 25; 83
22,45,0.33804,0.48889,8; 22; 45; 58; 80; 33; 31; 57; 55; 55
16,64,0.2493,0.25,27; 16; 64; 68; 16; 45; 38; 60; 36; 65
23,69,0.30057,0.33333,16; 23; 69; 75; 10; 24; 30; 9; 39; 10
7,24,0.2734,0.29167,83; 7; 24; 25; 64; 31; 75; 42; 77; 5
31,68,0.30623,0.45588,33; 31; 68; 30; 19; 50; 78; 15; 43; 34
14,25,0.33651,0.56,65; 14; 25; 12; 10; 56; 45; 65; 45; 46
31,37,0.33542,0.83784,72; 31; 37; 40; 26; 78; 54; 61; 38; 36
32,70,0.28427,0.45714,24; 32; 70; 62; 72; 8; 14; 11; 54; 71
12,36,0.29768,0.33333,63; 12; 36; 26; 18; 17; 40; 79; 83; 79
10,33,0.28559,0.30303,50; 10; 33; 48; 56; 61; 78; 43; 73; 25
32,40,0.32791,0.8,77; 32; 40; 68; 45; 25; 32; 60; 7; 29
65,82,0.20106,0.79268,47; 65; 82; 24; 33; 52; 77; 60; 66; 25
10,30,0.29765,0.33333,9; 10; 30; 16; 58; 56; 18; 43; 77; 45
59,74,0.21369,0.7973,53; 59; 74; 42; 23; 6; 22; 21; 70; 14
27,55,0.32595,0.49091,79; 27; 55; 85; 52; 56; 30; 25; 12; 10
14,40,0.31032,0.35,45; 14; 40; 42; 41; 41; 5; 68; 82; 39
32,39,0.33929,0.82051,17; 32; 39; 14; 17; 24; 41; 48; 49; 50
54,68,0.23246,0.79412,59; 54; 68; 29; 78; 53; 63; 56; 75; 43
13,46,0.27805,0.28261,73; 13; 46; 37; 52; 60; 5; 80; 56; 6
16,35,0.32984,0.45714,61; 16; 35; 71; 32; 9; 22; 50; 6; 13
36,43,0.30944,0.83721,15; 36; 43; 66; 82; 51; 33; 81; 63; 32
13,28,0.32852,0.46429,48; 13; 28; 6; 63; 41; 29; 71; 14; 48
5,15,0.23238,0.33333,9; 5; 15; 57; 74; 34; 44; 48; 26; 73
20,83,0.2442,0.24096,13; 20; 83; 7; 61; 50; 5; 39; 59; 29
18,32,0.33788,0.5625,81; 18; 32; 11; 8; 15; 35; 31; 71; 70
45,80,0.2512,0.5625,82; 45; 80; 69; 37; 81; 16; 47; 44; 24
43,50,0.28705,0.86,81; 43; 50; 12; 72; 16; 45; 62; 13; 50
44,78,0.24709,0.5641,39; 44; 78; 34; 37; 71; 54; 39; 60; 63
43,54,0.28535,0.7963,55; 43; 54; 40; 54; 10; 38; 58; 24; 54
57,72,0.21881,0.79167,30; 57; 72; 25; 73; 83; 77; 47; 6; 6
47,83,0.24054,0.56627,28; 47; 83; 61; 26; 21; 20; 53; 82; 41
49,58,0.27475,0.84483,20; 49; 58; 34; 72; 19; 35; 43; 23; 41
26,74,0.28794,0.35135,61; 26; 74; 75; 54; 63; 33; 84; 15; 40
47,59,0.27901,0.79661,35; 47; 59; 21; 25; 9; 25; 58; 19; 69
24,68,0.30426,0.35294,21; 24; 68; 44; 29; 33; 48; 14; 36; 67
17,68,0.24254,0.25,33; 17; 68; 77; 68; 78; 28; 33; 32; 23
19,64,0.28476,0.29688,68; 19; 64; 42; 49; 47; 35; 10; 61; 15
22,76,0.27782,0.28947,14; 22; 76; 28; 44; 85; 69; 20; 29; 34
39,70,0.23452,0.55714,28; 39; 70; 67; 40; 43; 40; 69; 18; 34
69,84,0.19658,0.82143,57; 69; 84; 76; 7; 16; 15; 69; 17; 72
8,16,0.29071,0.5,43; 8; 16; 37; 32; 34; 76; 16; 70; 26
22,77,0.27685,0.28571,84; 22; 77; 76; 33; 49; 76; 50; 28; 23
20,35,0.34277,0.57143,76; 20; 35; 38; 82; 27; 78; 17; 43; 67
28,57,0.31437,0.49123,85; 28; 57; 38; 15; 80; 45; 12; 18; 14
63,80,0.21403,0.7875,54; 63; 80; 41; 40; 47; 59; 50; 71; 45
8,27,0.27788,0.2963,7; 8; 27; 46; 44; 13; 60; 24; 81; 70
40,81,0.24819,0.49383,42; 40; 81; 44; 19; 27; 13; 25; 17; 78
36,44,0.31537,0.81818,73; 36; 44; 48; 14; 7; 29; 65; 42; 9
18,71,0.25679,0.25352,24; 18; 71; 7; 25; 81; 28; 74; 12; 23
23,73,0.28735,0.31507,48; 23; 73; 68; 77; 42; 34; 48; 29; 53
21,25,0.34634,0.84,15; 21; 25; 10; 31; 7; 7; 47; 70; 77
36,63,0.30567,0.57143,82; 36; 63; 58; 21; 46; 60; 73; 59; 83
9,32,0.26759,0.28125,78; 9; 32; 32; 55; 70; 69; 50; 59; 43
8,14,0.27763,0.57143,34; 8; 14; 72; 13; 23; 20; 34; 53; 27
11,37,0.28322,0.2973,83; 11; 37; 23; 31; 77; 18; 75; 57; 72
51,61,0.26334,0.83607,69; 51; 61; 7; 23; 14; 72; 69; 26; 19
57,72,0.22881,0.79167,51; 57; 72; 72; 23; 39; 35; 61; 38; 23
13,35,0.30922,0.37143,11; 13; 35; 23; 17; 47; 53; 81; 72; 49
26,79,0.26498,0.32911,16; 26; 79; 74; 80; 85; 16; 22; 85; 19
48,57,0.27269,0.84211,42; 48; 57; 15; 10; 42; 24; 74; 29; 50
56,68,0.22658,0.82353,84; 56; 68; 32; 8; 74; 40; 7; 58; 56
23,83,0.2608,0.27711,19; 23; 83; 60; 26; 57; 40; 29; 15; 23
14,49,0.27731,0.28571,48; 14; 49; 33; 33; 26; 74; 31; 25; 57
19,24,0.34297,0.79167,38; 19; 24; 45; 21; 80; 26; 33; 84; 76
28,57,0.32484,0.49123,60; 28; 57; 72; 45; 14; 56; 33; 80; 62
14,28,0.33312,0.5,52; 14; 28; 57; 47; 70; 24; 19; 56; 43
24,83,0.2622,0.28916,27; 24; 83; 35; 71; 66; 38; 56; 80; 56
22,80,0.26972,0.275,54; 22; 80; 21; 35; 56; 22; 46; 73; 30
18,65,0.26941,0.27692,83; 18; 65; 21; 58; 64; 52; 60; 44; 53
18,37,0.3327,0.48649,44; 18; 37; 55; 12; 58; 59; 69; 15; 56
31,83,0.25522,0.37349,84; 31; 83; 37; 43; 81; 40; 49; 40; 34
11,45,0.24173,0.24444,71; 11; 45; 7; 29; 62; 84; 75; 38; 6
21,76,0.26367,0.27632,33; 21; 76; 10; 10; 40; 38; 63; 39; 10
30,53,0.32417,0.56604,48; 30; 53; 50; 35; 37; 72; 61; 36; 6
56,67,0.23774,0.83582,11; 56; 67; 28; 48; 48; 37; 24; 21; 78
36,45,0.32201,0.8,56; 36; 45; 12; 6; 20; 15; 78; 83; 83
23,62,0.31804,0.37097,21; 23; 62; 58; 45; 27; 36; 25; 53; 60
69,80,0.18316,0.8625,13; 69; 80; 9; 73; 55; 18; 51; 58; 67
31,67,0.2936,0.46269,31; 31; 67; 65; 30; 9; 27; 50; 52; 84
8,33,0.23523,0.24242,74; 8; 33; 32; 8; 29; 27; 6; 32; 6
67,80,0.20394,0.8375,44; 67; 80; 24; 62; 65; 44; 17; 43; 54
50,58,0.26639,0.86207,84; 50; 58; 11; 80; 67; 21; 15; 31; 37
53,63,0.25338,0.84127,21; 53; 63; 64; 66; 84; 8; 16; 39; 47
27,73,0.29469,0.36986,33; 27; 73; 44; 57; 16; 84; 22; 76; 59
43,77,0.24273,0.55844,85; 43; 77; 11; 6; 63; 66; 31; 82; 29
12,37,0.28579,0.32432,73; 12; 37; 6; 69; 17; 5; 57; 19; 28
50,58,0.2691,0.86207,69; 50; 58; 9; 32; 71; 12; 17; 31; 25
30,82,0.26942,0.36585,25; 30; 82; 61; 14; 16; 5; 25; 80; 5
21,73,0.27939,0.28767,26; 21; 73; 79; 57; 64; 66; 85; 39; 11
37,81,0.23069,0.45679,30; 37; 81; 49; 49; 51; 77; 60; 6; 79
45,79,0.24221,0.56962,39; 45; 79; 12; 64; 10; 39; 36; 34; 72
67,78,0.18196,0.85897,17; 67; 78; 63; 80; 10; 11; 33; 59; 60
21,73,0.27714,0.28767,14; 21; 73; 25; 66; 34; 83; 43; 33; 57
24,69,0.28589,0.34783,25; 24; 69; 37; 72; 20; 29; 27; 72; 5
23,70,0.29541,0.32857,31; 23; 70; 54; 83; 84; 30; 13; 48; 68
13,26,0.33018,0.5,64; 13; 26; 84; 49; 24; 50; 64; 24; 43
23,79,0.27754,0.29114,12; 23; 79; 28; 14; 70; 78; 31; 45; 85
31,67,0.29097,0.46269,31; 31; 67; 25; 38; 84; 14; 69; 60; 48
66,79,0.20482,0.83544,58; 66; 79; 59; 11; 66; 6; 15; 51; 40
36,44,0.32077,0.81818,35; 36; 44; 27; 49; 50; 79; 28; 22; 40
20,25,0.34584,0.8,45; 20; 25; 67; 28; 20; 82; 83; 70; 18
66,77,0.19757,0.85714,36; 66; 77; 72; 49; 51; 8; 81; 26; 40
20,71,0.27437,0.28169,74; 20; 71; 85; 33; 59; 71; 31; 52; 82
68,85,0.19097,0.8,19; 68; 85; 20; 52; 58; 79; 15; 46; 47
60,73,0.19895,0.82192,25; 60; 73; 39; 47; 62; 63; 43; 20; 34
27,48,0.33573,0.5625,18; 27; 48; 32; 64; 45; 69; 16; 67; 62
24,48,0.33809,0.5,51; 24; 48; 32; 76; 72; 9; 61; 7; 83
59,75,0.21893,0.78667,60; 59; 75; 16; 10; 35; 79; 19; 85; 78
51,64,0.22064,0.79688,61; 51; 64; 67; 6; 60; 44; 60; 27; 42
18,64,0.27412,0.28125,15; 18; 64; 28; 80; 68; 48; 23; 85; 74
20,60,0.3054,0.33333,13; 20; 60; 74; 68; 75; 62; 33; 32; 36
34,70,0.28404,0.48571,21; 34; 70; 40; 38; 77; 64; 85; 32; 55
17,30,0.34012,0.56667,58; 17; 30; 54; 25; 26; 6; 57; 27; 60
16,66,0.2369,0.24242,21; 16; 66; 51; 33; 35; 5; 29; 71; 72
28,57,0.32247,0.49123,58; 28; 57; 84; 41; 13; 65; 26; 42; 80
30,65,0.30485,0.46154,32; 30; 65; 33; 6; 14; 28; 30; 57; 71
9,27,0.2957,0.33333,17; 9; 27; 70; 81; 84; 10; 21; 44; 82
10,31,0.29332,0.32258,32; 10; 31; 15; 8; 82; 65; 22; 72; 71
36,43,0.31934,0.83721,29; 36; 43; 29; 84; 37; 75; 17; 73; 42
55,67,0.24507,0.8209,37; 55; 67; 19; 69; 13; 54; 12; 68; 63
31,36,0.33678,0.86111,7; 31; 36; 84; 74; 79; 74; 81; 35; 64
20,25,0.34584,0.8,58; 20; 25; 17; 83; 73; 80; 67; 43; 43
40,49,0.30439,0.81633,66; 40; 49; 50; 13; 70; 81; 15; 13; 6
12,51,0.23642,0.23529,26; 12; 51; 56; 85; 73; 68; 9; 65; 50
31,67,0.29325,0.46269,15; 31; 67; 12; 13; 17; 39; 77; 60; 57
20,62,0.29983,0.32258,6; 20; 62; 63; 28; 50; 19; 62; 51; 8
28,84,0.26492,0.33333,14; 28; 84; 44; 68; 16; 35; 21; 73; 31
16,65,0.2453,0.24615,58; 16; 65; 37; 18; 80; 35; 38; 27; 67
29,84,0.25735,0.34524,47; 29; 84; 34; 82; 71; 41; 8; 84; 10
26,71,0.29398,0.3662,84; 26; 71; 33; 20; 70; 80; 69; 35; 79
67,82,0.19763,0.81707,40; 67; 82; 18; 10; 56; 56; 38; 17; 42
30,65,0.30715,0.46154,52; 30; 65; 85; 51; 62; 7; 28; 48; 84
24,73,0.29026,0.32877,40; 24; 73; 40; 64; 36; 49; 69; 69; 83
8,27,0.27759,0.2963,36; 8; 27; 55; 85; 11; 5; 11; 52; 8
23,40,0.34145,0.575,57; 23; 40; 67; 52; 20; 28; 8; 31; 9
53,65,0.2426,0.81538,18; 53; 65; 36; 57; 35; 17; 59; 52; 47
26,46,0.33767,0.56522,40; 26; 46; 70; 9; 43; 82; 48; 67; 24
23,46,0.33455,0.5,53; 23; 46; 36; 6; 32; 29; 57; 66; 30
41,52,0.30048,0.78846,5; 41; 52; 53; 61; 85; 48; 14; 82; 24
44,56,0.2873,0.78571,46; 44; 56; 16; 24; 69; 26; 84; 31; 23
23,72,0.28983,0.31944,54; 23; 72; 39; 20; 10; 64; 16; 26; 43
40,50,0.30317,0.8,76; 40; 50; 43; 44; 20; 8; 72; 62; 6
47,57,0.28078,0.82456,63; 47; 57; 68; 26; 44; 68; 30; 80; 25
36,73,0.28363,0.49315,54; 36; 73; 52; 11; 35; 26; 70; 36; 20
9,26,0.3018,0.34615,13; 9; 26; 75; 33; 83; 85; 8; 48; 10
67,78,0.20141,0.85897,8; 67; 78; 8; 72; 64; 67; 39; 15; 22
14,43,0.29792,0.32558,81; 14; 43; 48; 81; 50; 56; 58; 17; 45
43,51,0.29073,0.84314,74; 43; 51; 5; 78; 59; 53; 78; 5; 5
5,15,0.23177,0.33333,15; 5; 15; 42; 70; 73; 81; 6; 9; 61
72,84,0.1916,0.85714,48; 72; 84; 52; 27; 65; 8; 50; 69; 45
13,28,0.32059,0.46429,84; 13; 28; 15; 15; 30; 40; 73; 75; 6
40,82,0.24949,0.4878,36; 40; 82; 29; 20; 74; 42; 81; 42; 37
13,52,0.24808,0.25,55; 13; 52; 49; 63; 11; 18; 8; 85; 42
13,41,0.29516,0.31707,17; 13; 41; 29; 59; 70; 23; 77; 82; 28
15,51,0.28016,0.29412,77; 15; 51; 77; 74; 8; 42; 79; 37; 36
28,35,0.3447,0.8,64; 28; 35; 32; 83; 32; 64; 9; 85; 57
13,41,0.29834,0.31707,78; 13; 41; 61; 74; 78; 23; 42; 67; 45
25,75,0.28038,0.33333,41; 25; 75; 45; 78; 65; 39; 49; 15; 76
28,34,0.34564,0.82353,57; 28; 34; 14; 78; 62; 48; 34; 42; 66
18,49,0.31716,0.36735,52; 18; 49; 13; 46; 65; 14; 25; 82; 69
21,25,0.34841,0.84,75; 21; 25; 24; 40; 49; 34; 39; 46; 65
34,70,0.27862,0.48571,51; 34; 70; 48; 27; 17; 48; 24; 47; 44
33,41,0.33082,0.80488,42; 33; 41; 64; 75; 60; 46; 17; 28; 5
15,53,0.2761,0.28302,54; 15; 53; 36; 79; 35; 26; 58; 21; 52
6,19,0.281,0.31579,33; 6; 19; 63; 85; 57; 8; 69; 33; 59
6,25,0.23356,0.24,32; 6; 25; 85; 77; 22; 37; 56; 48; 84
39,85,0.2223,0.45882,53; 39; 85; 5; 29; 63; 28; 60; 48; 59
18,71,0.24746,0.25352,35; 18; 71; 10; 44; 22; 37; 58; 58; 75
26,56,0.31801,0.46429,50; 26; 56; 26; 48; 58; 25; 84; 73; 39
71,85,0.19885,0.83529,40; 71; 85; 8; 33; 47; 73; 15; 76; 34
12,36,0.30147,0.33333,85; 12; 36; 41; 76; 72; 46; 11; 31; 9
11,34,0.28724,0.32353,30; 11; 34; 58; 24; 46; 20; 75; 9; 31
28,50,0.32935,0.56,36; 28; 50; 59; 31; 5; 59; 50; 81; 9
17,72,0.23195,0.23611,60; 17; 72; 42; 45; 14; 17; 5; 58; 20
42,84,0.24639,0.5,57; 42; 84; 59; 67; 72; 79; 81; 53; 81
16,68,0.23531,0.23529,77; 16; 68; 41; 68; 24; 56; 36; 45; 41
20,67,0.28605,0.29851,11; 20; 67; 35; 80; 75; 25; 38; 10; 46
17,56,0.2861,0.30357,48; 17; 56; 46; 49; 12; 33; 68; 81; 49
53,67,0.24349,0.79104,10; 53; 67; 7; 68; 47; 9; 13; 51; 17
21,37,0.34079,0.56757,27; 21; 37; 43; 82; 49; 84; 77; 29; 53
57,68,0.22527,0.83824,80; 57; 68; 27; 67; 52; 6; 77; 25; 76
60,75,0.22066,0.8,58; 60; 75; 84; 80; 35; 57; 41; 5; 28
26,57,0.31575,0.45614,49; 26; 57; 44; 42; 19; 53; 81; 8; 78
21,85,0.25094,0.24706,79; 21; 85; 22; 55; 84; 32; 85; 19; 52
66,77,0.19622,0.85714,62; 66; 77; 27; 51; 33; 66; 54; 48; 66
25,67,0.304,0.37313,68; 25; 67; 35; 19; 43; 76; 71; 83; 22
27,82,0.25501,0.32927,84; 27; 82; 57; 45; 32; 76; 5; 40; 72
45,80,0.24914,0.5625,64; 45; 80; 48; 70; 66; 82; 72; 85; 71
9,11,0.27138,0.81818,55; 9; 11; 32; 85; 35; 48; 20; 61; 73
16,58,0.27005,0.27586,72; 16; 58; 25; 78; 15; 26; 72; 83; 33
61,71,0.21245,0.85915,52; 61; 71; 9; 47; 46; 25; 15; 38; 78
5,21,0.24055,0.2381,47; 5; 21; 71; 84; 40; 21; 35; 31; 77
7,29,0.24063,0.24138,58; 7; 29; 77; 67; 81; 59; 30; 44; 26
21,76,0.27138,0.27632,25; 21; 76; 10; 5; 30; 39; 74; 37; 57
24,30,0.34803,0.8,73; 24; 30; 19; 54; 31; 62; 48; 23; 19
6,17,0.27479,0.35294,31; 6; 17; 44; 52; 75; 21; 5; 10; 56
41,83,0.22751,0.49398,36; 41; 83; 52; 70; 43; 25; 43; 46; 24
15,47,0.29581,0.31915,17; 15; 47; 31; 8; 49; 26; 48; 55; 30
33,66,0.29038,0.5,79; 33; 66; 35; 62; 39; 8; 62; 48; 21
29,84,0.26882,0.34524,85; 29; 84; 61; 61; 19; 66; 70; 85; 32
8,25,0.28858,0.32,51; 8; 25; 21; 22; 25; 26; 14; 56; 32
7,29,0.23884,0.24138,9; 7; 29; 77; 56; 20; 35; 48; 9; 10
11,38,0.27973,0.28947,25; 11; 38; 13; 33; 74; 34; 38; 31; 57
19,63,0.28778,0.30159,14; 19; 63; 43; 83; 14; 51; 24; 56; 38
16,50,0.29729,0.32,8; 16; 50; 11; 28; 24; 84; 35; 18; 25
41,50,0.29731,0.82,56; 41; 50; 79; 73; 78; 19; 53; 12; 61
39,79,0.22758,0.49367,68; 39; 79; 17; 18; 63; 21; 12; 66; 82
56,65,0.24155,0.86154,44; 56; 65; 6; 34; 52; 28; 26; 57; 44
55,64,0.21803,0.85938,31; 55; 64; 41; 45; 30; 48; 73; 48; 21
15,61,0.24468,0.2459,82; 15; 61; 68; 60; 50; 83; 25; 60; 66
24,75,0.25961,0.32,66; 24; 75; 38; 77; 29; 69; 8; 82; 56
33,71,0.28213,0.46479,61; 33; 71; 56; 9; 36; 9; 50; 61; 62
20,25,0.34442,0.8,82; 20; 25; 69; 83; 41; 44; 28; 55; 30
24,30,0.34404,0.8,76; 24; 30; 77; 7; 14; 5; 31; 51; 33
39,78,0.24239,0.5,74; 39; 78; 32; 20; 83; 56; 74; 61; 40
32,64,0.30634,0.5,20; 32; 64; 64; 77; 80; 22; 77; 36; 64
29,84,0.26351,0.34524,43; 29; 84; 6; 20; 58; 50; 79; 12; 20
31,63,0.29673,0.49206,14; 31; 63; 69; 71; 5; 15; 23; 48; 83
20,72,0.27428,0.27778,43; 20; 72; 56; 62; 76; 10; 28; 69; 11
51,59,0.25602,0.86441,70; 51; 59; 9; 34; 76; 26; 73; 57; 58
21,60,0.30746,0.35,74; 21; 60; 51; 65; 75; 81; 10; 43; 39
10,34,0.27884,0.29412,8; 10; 34; 10; 15; 29; 60; 58; 22; 33
38,77,0.25744,0.49351,41; 38; 77; 11; 69; 23; 39; 29; 40; 33
29,58,0.32019,0.5,85; 29; 58; 76; 59; 26; 51; 6; 36; 50
7,29,0.23643,0.24138,27; 7; 29; 29; 83; 5; 46; 8; 49; 39
17,70,0.24367,0.24286,5; 17; 70; 50; 61; 41; 12; 21; 20; 15
19,38,0.33644,0.5,37; 19; 38; 5; 73; 48; 65; 63; 10; 71
20,54,0.31593,0.37037,12; 20; 54; 51; 61; 44; 31; 24; 76; 54
18,73,0.24339,0.24658,83; 18; 73; 79; 21; 9; 30; 11; 23; 36
14,56,0.24607,0.25,16; 14; 56; 61; 65; 16; 60; 66; 67; 39
18,56,0.29973,0.32143,65; 18; 56; 30; 51; 38; 6; 84; 33; 6
19,68,0.27471,0.27941,13; 19; 68; 74; 40; 33; 39; 36; 79; 14
15,47,0.30007,0.31915,20; 15; 47; 60; 19; 61; 45; 61; 31; 29
14,47,0.28904,0.29787,18; 14; 47; 58; 70; 29; 49; 68; 53; 29
24,52,0.32688,0.46154,44; 24; 52; 59; 53; 71; 66; 40; 40; 72
25,83,0.24968,0.3012,35; 25; 83; 83; 5; 66; 57; 26; 21; 77
8,29,0.27037,0.27586,72; 8; 29; 36; 81; 50; 84; 78; 21; 15
21,84,0.2517,0.25,42; 21; 84; 6; 23; 12; 73; 7; 5; 53
36,79,0.27201,0.4557,81; 36; 79; 22; 46; 47; 80; 62; 67; 64
17,72,0.23324,0.23611,61; 17; 72; 70; 51; 66; 62; 76; 17; 24
24,79,0.27517,0.3038,40; 24; 79; 55; 63; 16; 8; 62; 22; 60
33,42,0.32844,0.78571,40; 33; 42; 59; 33; 83; 26; 15; 56; 11
66,84,0.20704,0.78571,9; 66; 84; 84; 47; 11; 22; 52; 33; 17
36,79,0.27618,0.4557,42; 36; 79; 75; 32; 36; 42; 30; 69; 49
26,71,0.29626,0.3662,82; 26; 71; 78; 62; 41; 52; 13; 23; 65
5,18,0.2568,0.27778,37; 5; 18; 12; 11; 35; 39; 13; 84; 85
19,78,0.24213,0.24359,83; 19; 78; 19; 40; 46; 65; 77; 23; 82
15,46,0.29972,0.32609,5; 15; 46; 22; 65; 81; 77; 50; 68; 10
52,66,0.24065,0.78788,37; 52; 66; 61; 80; 78; 81; 39; 32; 31
45,81,0.2387,0.55556,42; 45; 81; 59; 45; 82; 16; 35; 36; 52
63,75,0.21008,0.84,59; 63; 75; 11; 58; 65; 38; 84; 41; 70
6,7,0.18494,0.85714,68; 6; 7; 76; 69; 53; 20; 6; 77; 77
8,25,0.29126,0.32,62; 8; 25; 35; 55; 24; 73; 47; 26; 30
42,85,0.23883,0.49412,24; 42; 85; 54; 14; 55; 8; 80; 82; 73
13,23,0.32475,0.56522,47; 13; 23; 12; 61; 7; 56; 16; 49; 35
15,54,0.273,0.27778,9; 15; 54; 75; 28; 51; 70; 27; 58; 76
45,57,0.28095,0.78947,49; 45; 57; 57; 61; 57; 46; 76; 10; 24
60,75,0.22443,0.8,29; 60; 75; 70; 7; 12; 33; 84; 12; 85
27,85,0.26248,0.31765,48; 27; 85; 48; 9; 54; 72; 81; 37; 66
46,58,0.28332,0.7931,61; 46; 58; 52; 24; 54; 20; 36; 39; 68
10,34,0.27971,0.29412,20; 10; 34; 76; 50; 56; 16; 58; 23; 25
12,36,0.29865,0.33333,23; 12; 36; 15; 44; 68; 46; 41; 76; 50
18,71,0.24792,0.25352,28; 18; 71; 63; 82; 44; 48; 75; 56; 8
8,32,0.24316,0.25,24; 8; 32; 43; 12; 46; 79; 12; 20; 9
51,61,0.26383,0.83607,11; 51; 61; 61; 72; 11; 58; 43; 79; 8
50,58,0.27118,0.86207,76; 50; 58; 79; 36; 29; 19; 5; 32; 66
6,21,0.28074,0.28571,31; 6; 21; 60; 75; 37; 6; 82; 28; 25
35,44,0.32928,0.79545,76; 35; 44; 57; 79; 34; 53; 55; 81; 20
54,68,0.23318,0.79412,60; 54; 68; 68; 54; 10; 81; 20; 26; 74
45,80,0.23274,0.5625,42; 45; 80; 38; 81; 23; 79; 51; 12; 41
28,56,0.32249,0.5,38; 28; 56; 12; 61; 21; 19; 14; 78; 71
35,72,0.27587,0.48611,72; 35; 72; 67; 41; 47; 16; 32; 45; 46
45,80,0.25045,0.5625,56; 45; 80; 38; 26; 28; 72; 37; 59; 34
27,34,0.34735,0.79412,39; 27; 34; 76; 41; 44; 30; 53; 79; 69
23,81,0.26356,0.28395,47; 23; 81; 18; 39; 31; 47; 37; 16; 35
36,78,0.2757,0.46154,66; 36; 78; 63; 66; 54; 58; 58; 26; 83
14,49,0.2793,0.28571,54; 14; 49; 5; 44; 61; 31; 28; 58; 33
29,59,0.31791,0.49153,12; 29; 59; 6; 6; 12; 17; 6; 56; 73
37,74,0.26758,0.5,57; 37; 74; 77; 6; 84; 59; 51; 33; 73
24,80,0.27417,0.3,52; 24; 80; 56; 42; 76; 65; 77; 75; 32
57,66,0.23459,0.86364,33; 57; 66; 29; 81; 81; 7; 18; 71; 19
21,74,0.27522,0.28378,26; 21; 74; 72; 78; 84; 22; 31; 71; 76
27,33,0.34622,0.81818,41; 27; 33; 60; 48; 25; 24; 75; 20; 29
58,71,0.23274,0.8169,80; 58; 71; 9; 59; 34; 75; 44; 38; 33
62,78,0.20538,0.79487,84; 62; 78; 39; 15; 80; 19; 6; 66; 56
27,81,0.27322,0.33333,64; 27; 81; 47; 26; 51; 21; 41; 39; 19
67,85,0.18131,0.78824,81; 67; 85; 26; 53; 79; 63; 79; 62; 37
64,74,0.21057,0.86486,10; 64; 74; 46; 33; 54; 8; 7; 41; 35
20,57,0.31083,0.35088,28; 20; 57; 26; 23; 46; 9; 63; 44; 34
65,79,0.20682,0.82278,15; 65; 79; 81; 5; 28; 25; 11; 45; 37
33,72,0.27689,0.45833,39; 33; 72; 41; 63; 48; 50; 79; 55; 79
15,60,0.25101,0.25,25; 15; 60; 17; 84; 18; 57; 52; 29; 22
25,71,0.28356,0.35211,39; 25; 71; 68; 38; 52; 76; 80; 24; 80
35,72,0.274,0.48611,21; 35; 72; 23; 18; 59; 84; 29; 64; 39
28,81,0.25733,0.34568,11; 28; 81; 52; 39; 38; 53; 74; 11; 64
40,71,0.26633,0.56338,29; 40; 71; 48; 43; 19; 27; 66; 25; 40
55,69,0.2377,0.7971,15; 55; 69; 68; 36; 51; 40; 35; 81; 39
14,25,0.33323,0.56,15; 14; 25; 18; 8; 43; 61; 8; 31; 27
41,83,0.22313,0.49398,15; 41; 83; 19; 44; 45; 12; 68; 58; 78
39,84,0.23089,0.46429,30; 39; 84; 26; 79; 46; 66; 26; 82; 69
8,16,0.28162,0.5,76; 8; 16; 56; 58; 75; 78; 36; 50; 8
52,66,0.24929,0.78788,49; 52; 66; 36; 12; 35; 68; 46; 45; 79
25,44,0.33922,0.56818,74; 25; 44; 72; 27; 31; 84; 75; 58; 51
6,13,0.22623,0.46154,46; 6; 13; 20; 26; 76; 39; 25; 71; 62
18,72,0.25023,0.25,43; 18; 72; 77; 9; 39; 27; 47; 16; 17
19,76,0.24817,0.25,22; 19; 76; 35; 55; 65; 54; 7; 20; 5
42,85,0.19722,0.49412,35; 42; 85; 49; 17; 37; 38; 60; 12; 81
11,33,0.29556,0.33333,45; 11; 33; 5; 81; 31; 57; 47; 50; 24
68,81,0.19715,0.83951,39; 68; 81; 41; 12; 50; 21; 13; 74; 73
34,60,0.30761,0.56667,43; 34; 60; 13; 73; 55; 56; 85; 78; 22
20,84,0.2376,0.2381,32; 20; 84; 38; 64; 34; 39; 72; 38; 19
9,11,0.2682,0.81818,46; 9; 11; 43; 12; 64; 66; 11; 54; 79
59,72,0.22185,0.81944,61; 59; 72; 30; 71; 31; 67; 68; 50; 85
32,57,0.32182,0.5614,65; 32; 57; 57; 59; 50; 32; 72; 73; 12
20,81,0.24385,0.24691,61; 20; 81; 65; 55; 49; 69; 41; 55; 55
15,62,0.23872,0.24194,53; 15; 62; 37; 72; 32; 31; 70; 15; 33
17,59,0.28099,0.28814,14; 17; 59; 18; 9; 21; 22; 27; 63; 23
25,77,0.27933,0.32468,48; 25; 77; 66; 10; 13; 15; 77; 27; 5
13,35,0.31195,0.37143,57; 13; 35; 28; 84; 68; 82; 56; 62; 8
10,40,0.24951,0.25,49; 10; 40; 51; 58; 83; 44; 30; 9; 65
13,55,0.23182,0.23636,44; 13; 55; 19; 40; 69; 45; 68; 34; 65
22,45,0.33874,0.48889,16; 22; 45; 22; 72; 52; 27; 21; 39; 75
41,49,0.28044,0.83673,39; 41; 49; 17; 79; 82; 55; 14; 55; 62
14,42,0.30486,0.33333,78; 14; 42; 72; 16; 15; 76; 46; 71; 77
20,40,0.3378,0.5,34; 20; 40; 65; 82; 65; 79; 70; 76; 53
14,59,0.23349,0.23729,35; 14; 59; 38; 52; 69; 32; 76; 48; 18
15,60,0.24449,0.25,47; 15; 60; 36; 9; 76; 81; 75; 48; 53
29,82,0.26457,0.35366,60; 29; 82; 36; 68; 18; 69; 13; 14; 53
57,72,0.22585,0.79167,84; 57; 72; 50; 78; 53; 50; 72; 6; 22
43,50,0.30179,0.86,72; 43; 50; 25; 42; 7; 23; 55; 57; 65
39,68,0.28651,0.57353,46; 39; 68; 66; 36; 33; 21; 84; 77; 43
17,70,0.23978,0.24286,42; 17; 70; 11; 35; 14; 63; 11; 40; 33
14,49,0.27857,0.28571,82; 14; 49; 41; 69; 11; 41; 14; 25; 66
40,72,0.28007,0.55556,66; 40; 72; 5; 45; 48; 23; 57; 57; 84
9,16,0.30172,0.5625,31; 9; 16; 25; 36; 36; 57; 72; 38; 60
12,24,0.3193,0.5,21; 12; 24; 6; 61; 30; 13; 8; 30; 44
41,51,0.2993,0.80392,36; 41; 51; 23; 10; 34; 73; 65; 43; 29
29,58,0.32252,0.5,15; 29; 58; 68; 59; 77; 5; 78; 25; 75
60,75,0.22021,0.8,77; 60; 75; 42; 55; 16; 79; 13; 80; 68
36,72,0.27846,0.5,81; 36; 72; 67; 51; 46; 58; 74; 52; 33
14,44,0.29548,0.31818,50; 14; 44; 76; 75; 63; 53; 33; 33; 63
19,78,0.2441,0.24359,72; 19; 78; 50; 68; 29; 53; 40; 12; 6
13,54,0.23972,0.24074,27; 13; 54; 63; 54; 28; 37; 43; 49; 14
5,15,0.26095,0.33333,42; 5; 15; 32; 82; 21; 59; 70; 57; 57
22,45,0.34007,0.48889,23; 22; 45; 79; 55; 44; 70; 54; 48; 24
15,60,0.24826,0.25,82; 15; 60; 33; 27; 32; 75; 15; 76; 60
30,65,0.29277,0.46154,26; 30; 65; 30; 73; 31; 51; 16; 28; 72
33,68,0.29669,0.48529,69; 33; 68; 66; 79; 63; 72; 70; 62; 22
60,76,0.21531,0.78947,25; 60; 76; 49; 42; 70; 36; 12; 46; 16
30,54,0.32646,0.55556,75; 30; 54; 16; 58; 75; 60; 50; 8; 73
6,21,0.27206,0.28571,49; 6; 21; 83; 84; 44; 15; 38; 48; 20
42,50,0.30189,0.84,73; 42; 50; 30; 16; 63; 62; 52; 5; 79
14,43,0.30025,0.32558,22; 14; 43; 29; 53; 82; 74; 28; 12; 48
11,45,0.24116,0.24444,75; 11; 45; 6; 5; 75; 72; 54; 49; 66
33,71,0.28571,0.46479,8; 33; 71; 72; 66; 63; 82; 46; 62; 69
29,59,0.31407,0.49153,50; 29; 59; 45; 38; 39; 36; 21; 63; 49
21,83,0.25212,0.25301,78; 21; 83; 45; 9; 31; 42; 57; 84; 9
34,69,0.28592,0.49275,15; 34; 69; 33; 33; 78; 23; 17; 35; 7
20,68,0.2807,0.29412,42; 20; 68; 20; 68; 57; 48; 52; 22; 54
38,45,0.31443,0.84444,68; 38; 45; 34; 9; 44; 14; 23; 39; 32
21,66,0.29828,0.31818,38; 21; 66; 13; 51; 35; 36; 36; 6; 13
22,48,0.33307,0.45833,9; 22; 48; 41; 42; 57; 47; 27; 14; 82
34,43,0.32313,0.7907,77; 34; 43; 25; 80; 76; 50; 74; 52; 79
24,48,0.33772,0.5,81; 24; 48; 85; 51; 40; 74; 67; 18; 69
7,28,0.24443,0.25,42; 7; 28; 51; 84; 13; 29; 23; 18; 55
69,82,0.18064,0.84146,60; 69; 82; 57; 61; 65; 31; 26; 56; 56
18,57,0.29594,0.31579,53; 18; 57; 61; 5; 17; 82; 13; 34; 12
41,72,0.24777,0.56944,29; 41; 72; 34; 75; 46; 23; 22; 55; 69
20,54,0.3167,0.37037,68; 20; 54; 84; 21; 9; 11; 54; 70; 72
20,70,0.27628,0.28571,38; 20; 70; 22; 79; 46; 29; 82; 51; 34
42,75,0.26821,0.56,25; 42; 75; 70; 24; 49; 52; 11; 24; 62
5,15,0.25915,0.33333,74; 5; 15; 40; 23; 50; 66; 16; 5; 54
57,66,0.24077,0.86364,7; 57; 66; 33; 23; 81; 16; 29; 28; 80
25,75,0.27469,0.33333,5; 25; 75; 44; 51; 31; 64; 18; 39; 59
14,56,0.24854,0.25,75; 14; 56; 47; 29; 70; 19; 26; 78; 66
27,48,0.33449,0.5625,60; 27; 48; 39; 18; 53; 20; 63; 24; 31
16,32,0.3313,0.5,69; 16; 32; 70; 40; 49; 40; 41; 52; 59
16,53,0.28588,0.30189,62; 16; 53; 30; 8; 17; 72; 67; 63; 42
37,65,0.29655,0.56923,29; 37; 65; 38; 74; 73; 75; 11; 70; 60
37,81,0.24902,0.45679,39; 37; 81; 54; 13; 51; 79; 85; 74; 71
21,71,0.28516,0.29577,63; 21; 71; 79; 36; 37; 5; 8; 56; 67
17,59,0.28529,0.28814,39; 17; 59; 47; 8; 49; 83; 53; 67; 10
32,39,0.32335,0.82051,34; 32; 39; 48; 18; 47; 77; 15; 22; 53
6,19,0.27661,0.31579,10; 6; 19; 30; 68; 7; 30; 81; 75; 85
71,83,0.19392,0.85542,10; 71; 83; 40; 15; 17; 27; 41; 78; 9
17,72,0.23565,0.23611,25; 17; 72; 12; 66; 53; 70; 52; 68; 81
17,46,0.31775,0.36957,80; 17; 46; 22; 45; 51; 64; 9; 69; 51
23,29,0.34434,0.7931,49; 23; 29; 81; 79; 62; 27; 83; 5; 80
5,20,0.24342,0.25,7; 5; 20; 85; 26; 13; 15; 64; 53; 58
7,19,0.29907,0.36842,33; 7; 19; 67; 33; 73; 73; 39; 29; 44
29,83,0.26429,0.3494,79; 29; 83; 73; 63; 30; 54; 75; 31; 32
26,33,0.34635,0.78788,27; 26; 33; 77; 43; 47; 20; 45; 62; 78
15,62,0.23975,0.24194,83; 15; 62; 30; 25; 72; 82; 82; 11; 70
16,57,0.27506,0.2807,50; 16; 57; 59; 67; 32; 16; 44; 54; 20
42,51,0.29525,0.82353,12; 42; 51; 30; 62; 12; 60; 48; 76; 59
64,74,0.20122,0.86486,28; 64; 74; 16; 35; 38; 80; 16; 31; 20
25,50,0.33092,0.5,13; 25; 50; 53; 29; 52; 21; 11; 46; 77
19,60,0.29477,0.31667,18; 19; 60; 50; 68; 69; 23; 9; 16; 39
32,70,0.29443,0.45714,7; 32; 70; 57; 78; 27; 56; 29; 10; 50
16,43,0.31679,0.37209,5; 16; 43; 75; 55; 11; 48; 19; 31; 10
68,83,0.1897,0.81928,80; 68; 83; 74; 13; 83; 9; 50; 34; 21
31,62,0.30753,0.5,6; 31; 62; 7; 66; 9; 43; 63; 78; 74
35,72,0.29087,0.48611,67; 35; 72; 37; 55; 67; 48; 13; 49; 67
29,52,0.32644,0.55769,51; 29; 52; 10; 12; 83; 79; 82; 77; 64
67,85,0.17573,0.78824,13; 67; 85; 42; 16; 79; 61; 82; 77; 66
45,57,0.28591,0.78947,82; 45; 57; 36; 7; 41; 69; 35; 48; 58
12,40,0.28258,0.3,64; 12; 40; 31; 84; 76; 34; 72; 42; 29
28,75,0.28621,0.37333,61; 28; 75; 40; 72; 52; 81; 72; 21; 32
16,57,0.27772,0.2807,80; 16; 57; 13; 24; 18; 64; 23; 53; 36
25,68,0.30103,0.36765,19; 25; 68; 84; 70; 85; 50; 57; 18; 23
9,32,0.26873,0.28125,36; 9; 32; 59; 63; 71; 40; 71; 74; 75
7,22,0.28229,0.31818,32; 7; 22; 83; 29; 72; 66; 85; 18; 43
17,61,0.27444,0.27869,26; 17; 61; 29; 36; 56; 11; 19; 63; 84
21,65,0.29833,0.32308,48; 21; 65; 64; 11; 45; 85; 16; 26; 5
23,65,0.3026,0.35385,62; 23; 65; 16; 78; 61; 58; 20; 29; 75
49,58,0.23109,0.84483,30; 49; 58; 31; 13; 56; 25; 37; 81; 20
62,78,0.21406,0.79487,14; 62; 78; 71; 55; 80; 60; 17; 23; 74
53,67,0.22384,0.79104,63; 53; 67; 61; 82; 26; 6; 10; 42; 49
12,49,0.24137,0.2449,71; 12; 49; 37; 34; 18; 55; 20; 25; 45
11,30,0.30564,0.36667,72; 11; 30; 62; 83; 84; 72; 45; 58; 83
35,70,0.28157,0.5,62; 35; 70; 8; 37; 84; 38; 27; 73; 60
13,37,0.30379,0.35135,32; 13; 37; 49; 34; 83; 42; 46; 33; 23
59,69,0.22824,0.85507,11; 59; 69; 59; 23; 61; 58; 65; 36; 68
16,67,0.23513,0.23881,5; 16; 67; 21; 69; 7; 49; 34; 57; 72
33,66,0.30239,0.5,33; 33; 66; 37; 53; 79; 72; 50; 11; 76
11,38,0.27861,0.28947,34; 11; 38; 36; 23; 75; 45; 78; 47; 33
18,63,0.2794,0.28571,66; 18; 63; 25; 82; 27; 46; 29; 14; 76
18,74,0.24227,0.24324,60; 18; 74; 46; 40; 42; 53; 9; 72; 61
30,60,0.31361,0.5,16; 30; 60; 53; 23; 58; 41; 34; 79; 29
69,82,0.17436,0.84146,69; 69; 82; 19; 82; 57; 55; 35; 67; 5
22,75,0.28059,0.29333,43; 22; 75; 56; 16; 72; 66; 61; 14; 19
61,76,0.21095,0.80263,75; 61; 76; 36; 63; 45; 18; 80; 32; 52
24,81,0.27155,0.2963,48; 24; 81; 10; 49; 35; 76; 37; 81; 65
33,58,0.30936,0.56897,20; 33; 58; 21; 75; 28; 32; 28; 37; 24
30,65,0.31036,0.46154,79; 30; 65; 69; 28; 8; 12; 53; 35; 36
26,46,0.31372,0.56522,75; 26; 46; 46; 38; 36; 9; 31; 78; 80
16,66,0.24115,0.24242,56; 16; 66; 12; 17; 74; 74; 27; 38; 39
11,22,0.32422,0.5,73; 11; 22; 40; 76; 28; 59; 78; 56; 69
14,47,0.29128,0.29787,79; 14; 47; 58; 37; 63; 5; 79; 25; 36
17,57,0.28574,0.29825,7; 17; 57; 69; 21; 39; 28; 47; 61; 76
21,42,0.34172,0.5,72; 21; 42; 69; 21; 15; 35; 36; 37; 55
55,64,0.24756,0.85938,67; 55; 64; 37; 11; 83; 17; 63; 45; 15
21,60,0.3123,0.35,77; 21; 60; 30; 23; 52; 18; 77; 30; 24
18,32,0.33995,0.5625,18; 18; 32; 22; 24; 24; 36; 24; 33; 47
25,71,0.28341,0.35211,64; 25; 71; 12; 15; 15; 61; 14; 20; 35
37,45,0.31921,0.82222,11; 37; 45; 41; 25; 46; 11; 33; 78; 74
10,35,0.27238,0.28571,38; 10; 35; 38; 11; 26; 78; 47; 5; 19
27,77,0.27905,0.35065,30; 27; 77; 75; 32; 18; 74; 77; 30; 57
14,38,0.31611,0.36842,27; 14; 38; 63; 40; 82; 68; 36; 23; 79
41,84,0.22679,0.4881,59; 41; 84; 44; 25; 83; 46; 45; 85; 5
20,69,0.28001,0.28986,52; 20; 69; 35; 48; 37; 74; 52; 7; 35
44,55,0.28505,0.8,57; 44; 55; 45; 69; 67; 31; 35; 63; 26
24,43,0.33721,0.55814,29; 24; 43; 80; 85; 63; 27; 79; 53; 73
49,60,0.26777,0.81667,52; 49; 60; 59; 18; 79; 52; 11; 57; 17
23,72,0.2871,0.31944,48; 23; 72; 76; 64; 77; 46; 9; 48; 6
23,63,0.30838,0.36508,7; 23; 63; 32; 53; 44; 60; 10; 47; 12
25,71,0.27333,0.35211,45; 25; 71; 54; 52; 34; 15; 57; 6; 67
19,24,0.34305,0.79167,84; 19; 24; 51; 46; 85; 81; 64; 30; 75
18,61,0.28935,0.29508,84; 18; 61; 9; 32; 34; 41; 24; 70; 46
36,78,0.26802,0.46154,70; 36; 78; 79; 9; 20; 27; 20; 12; 85
23,63,0.30817,0.36508,36; 23; 63; 8; 13; 47; 65; 60; 80; 64
8,10,0.24727,0.8,73; 8; 10; 14; 29; 57; 16; 8; 67; 33
43,76,0.26203,0.56579,82; 43; 76; 40; 74; 55; 65; 27; 66; 53
60,76,0.21767,0.78947,68; 60; 76; 72; 67; 21; 50; 56; 56; 60
33,66,0.30441,0.5,78; 33; 66; 57; 71; 40; 41; 54; 37; 78
34,74,0.27348,0.45946,19; 34; 74; 55; 23; 41; 50; 63; 9; 16
45,80,0.23526,0.5625,61; 45; 80; 10; 78; 17; 55; 12; 64; 61
19,59,0.3024,0.32203,17; 19; 59; 82; 23; 72; 81; 68; 20; 31
20,67,0.28375,0.29851,44; 20; 67; 57; 19; 55; 78; 49; 24; 27
23,73,0.28068,0.31507,43; 23; 73; 62; 64; 18; 10; 34; 36; 34
19,75,0.25148,0.25333,64; 19; 75; 38; 35; 62; 7; 8; 31; 44
24,79,0.27782,0.3038,11; 24; 79; 71; 16; 11; 34; 28; 40; 78
38,68,0.2883,0.55882,32; 38; 68; 55; 63; 59; 58; 29; 38; 41
56,68,0.23744,0.82353,19; 56; 68; 85; 85; 66; 20; 30; 19; 75
67,84,0.2058,0.79762,64; 67; 84; 70; 82; 69; 67; 9; 6; 27
25,29,0.35143,0.86207,84; 25; 29; 81; 26; 45; 30; 59; 59; 38
24,83,0.27142,0.28916,7; 24; 83; 49; 76; 40; 84; 40; 37; 69
65,82,0.2029,0.79268,44; 65; 82; 23; 32; 70; 8; 41; 17; 11
63,80,0.20055,0.7875,41; 63; 80; 76; 34; 33; 78; 54; 68; 62
22,63,0.30868,0.34921,51; 22; 63; 81; 35; 22; 85; 11; 84; 34
16,48,0.30198,0.33333,7; 16; 48; 51; 71; 44; 40; 14; 47; 39
42,53,0.28047,0.79245,74; 42; 53; 61; 36; 51; 53; 51; 31; 63
37,75,0.26514,0.49333,14; 37; 75; 35; 32; 32; 36; 34; 22; 36
29,52,0.32579,0.55769,35; 29; 52; 83; 69; 31; 23; 77; 75; 18
43,76,0.26427,0.56579,18; 43; 76; 18; 79; 71; 64; 39; 47; 59
20,79,0.24771,0.25316,66; 20; 79; 23; 14; 49; 69; 6; 79; 73
15,47,0.29831,0.31915,20; 15; 47; 77; 68; 48; 52; 33; 24; 80
11,24,0.31866,0.45833,64; 11; 24; 80; 31; 42; 21; 21; 24; 66
23,63,0.31429,0.36508,31; 23; 63; 29; 40; 44; 51; 21; 41; 70
20,66,0.29419,0.30303,29; 20; 66; 27; 16; 78; 75; 29; 75; 83
26,81,0.2783,0.32099,28; 26; 81; 80; 71; 70; 17; 14; 11; 10
32,38,0.33643,0.84211,43; 32; 38; 63; 67; 16; 22; 40; 18; 11
7,19,0.28916,0.36842,25; 7; 19; 24; 36; 35; 20; 30; 65; 35
37,80,0.24528,0.4625,16; 37; 80; 75; 18; 20; 56; 54; 80; 10
29,84,0.25538,0.34524,21; 29; 84; 40; 61; 36; 5; 54; 13; 48
16,65,0.24423,0.24615,49; 16; 65; 22; 11; 37; 24; 73; 57; 68
27,34,0.34215,0.79412,6; 27; 34; 78; 59; 67; 60; 28; 36; 85
19,76,0.25128,0.25,34; 19; 76; 8; 81; 31; 49; 12; 70; 59
23,83,0.26771,0.27711,66; 23; 83; 78; 41; 16; 14; 54; 63; 45
48,60,0.27198,0.8,33; 48; 60; 80; 66; 25; 18; 32; 62; 48
17,46,0.31391,0.36957,21; 17; 46; 74; 28; 41; 15; 17; 66; 41
16,49,0.2997,0.32653,42; 16; 49; 52; 27; 31; 82; 28; 6; 42
21,63,0.30436,0.33333,48; 21; 63; 83; 55; 56; 51; 35; 34; 49
20,36,0.3432,0.55556,75; 20; 36; 50; 11; 26; 37; 16; 24; 27
37,43,0.32167,0.86047,82; 37; 43; 50; 73; 41; 79; 81; 46; 38
11,44,0.24607,0.25,84; 11; 44; 40; 31; 69; 76; 80; 52; 32
11,34,0.29634,0.32353,49; 11; 34; 61; 67; 11; 17; 76; 9; 66
19,64,0.28487,0.29688,20; 19; 64; 76; 40; 41; 34; 39; 16; 30
23,70,0.2967,0.32857,13; 23; 70; 75; 19; 6; 27; 85; 57; 82
15,53,0.2787,0.28302,76; 15; 53; 65; 30; 32; 61; 12; 8; 47
50,58,0.27351,0.86207,21; 50; 58; 72; 41; 39; 10; 74; 85; 55
27,34,0.34171,0.79412,85; 27; 34; 43; 9; 28; 36; 82; 67; 40
68,81,0.1817,0.83951,32; 68; 81; 78; 39; 50; 41; 48; 26; 63
16,54,0.28772,0.2963,44; 16; 54; 50; 76; 16; 5; 24; 22; 18
42,49,0.30565,0.85714,11; 42; 49; 56; 30; 54; 21; 7; 71; 37
9,30,0.28381,0.3,66; 9; 30; 16; 13; 7; 84; 61; 27; 15
11,14,0.29965,0.78571,78; 11; 14; 76; 44; 85; 64; 54; 38; 69
21,42,0.33813,0.5,26; 21; 42; 16; 55; 30; 15; 23; 26; 73
19,41,0.33194,0.46341,27; 19; 41; 11; 73; 66; 69; 18; 53; 54
17,30,0.3408,0.56667,62; 17; 30; 13; 61; 68; 41; 58; 59; 26
19,68,0.27657,0.27941,44; 19; 68; 78; 35; 21; 34; 34; 27; 85
20,41,0.33937,0.4878,30; 20; 41; 9; 71; 74; 84; 30; 28; 77
61,73,0.21709,0.83562,76; 61; 73; 61; 34; 83; 68; 60; 18; 29
57,66,0.21987,0.86364,32; 57; 66; 73; 64; 68; 5; 65; 27; 18
61,77,0.21677,0.79221,24; 61; 77; 23; 71; 27; 30; 43; 59; 45
23,65,0.3022,0.35385,84; 23; 65; 10; 66; 48; 14; 79; 62; 78
14,25,0.33433,0.56,72; 14; 25; 82; 34; 10; 69; 75; 65; 82
11,24,0.31788,0.45833,45; 11; 24; 28; 67; 85; 16; 41; 70; 84
32,70,0.29494,0.45714,69; 32; 70; 71; 79; 80; 39; 38; 36; 5
14,48,0.27846,0.29167,82; 14; 48; 78; 13; 31; 57; 36; 38; 69
14,28,0.33219,0.5,8; 14; 28; 44; 54; 41; 60; 46; 47; 38
9,30,0.27616,0.3,73; 9; 30; 8; 12; 13; 70; 74; 44; 58
32,57,0.3181,0.5614,59; 32; 57; 42; 44; 13; 61; 78; 33; 9
26,70,0.29095,0.37143,55; 26; 70; 83; 52; 83; 79; 40; 83; 72
20,62,0.29495,0.32258,73; 20; 62; 69; 83; 71; 38; 22; 14; 77
25,68,0.30462,0.36765,25; 25; 68; 82; 47; 62; 29; 13; 24; 26
37,81,0.26135,0.45679,83; 37; 81; 39; 82; 27; 71; 85; 34; 45
24,85,0.25468,0.28235,10; 24; 85; 50; 13; 79; 7; 15; 74; 33
27,34,0.34204,0.79412,27; 27; 34; 21; 13; 35; 13; 59; 22; 14
19,77,0.24653,0.24675,13; 19; 77; 10; 78; 29; 10; 23; 45; 42
18,71,0.24991,0.25352,71; 18; 71; 84; 66; 46; 50; 80; 66; 45
21,69,0.28718,0.30435,17; 21; 69; 14; 46; 77; 18; 16; 43; 53
28,76,0.28606,0.36842,8; 28; 76; 61; 26; 55; 9; 29; 19; 70
20,82,0.24558,0.2439,59; 20; 82; 79; 23; 73; 22; 19; 39; 42
19,64,0.28848,0.29688,66; 19; 64; 30; 5; 7; 5; 72; 33; 12
30,54,0.31661,0.55556,67; 30; 54; 16; 60; 34; 49; 66; 61; 10
42,84,0.2295,0.5,36; 42; 84; 58; 19; 32; 64; 46; 8; 75
14,49,0.27666,0.28571,66; 14; 49; 67; 50; 74; 82; 50; 50; 67
12,36,0.29772,0.33333,18; 12; 36; 54; 52; 83; 78; 20; 54; 6
63,80,0.18949,0.7875,63; 63; 80; 45; 31; 55; 49; 75; 22; 39
15,59,0.25969,0.25424,36; 15; 59; 85; 58; 64; 78; 78; 34; 66
48,60,0.27075,0.8,21; 48; 60; 29; 34; 16; 57; 36; 62; 84
19,69,0.27455,0.27536,54; 19; 69; 66; 49; 49; 73; 72; 28; 64
26,71,0.29712,0.3662,46; 26; 71; 62; 82; 21; 33; 50; 85; 59
24,76,0.27975,0.31579,82; 24; 76; 24; 24; 34; 85; 58; 65; 12
60,70,0.2252,0.85714,57; 60; 70; 29; 27; 47; 78; 9; 71; 77
5,10,0.1879,0.5,50; 5; 10; 35; 18; 15; 27; 28; 27; 9
23,71,0.29068,0.32394,32; 23; 71; 30; 76; 50; 81; 82; 59; 66
53,65,0.25512,0.81538,66; 53; 65; 72; 71; 13; 67; 14; 21; 23
46,58,0.28776,0.7931,43; 46; 58; 18; 78; 70; 13; 83; 64; 72
12,24,0.32659,0.5,23; 12; 24; 15; 45; 25; 40; 7; 17; 85
37,75,0.2677,0.49333,38; 37; 75; 76; 53; 83; 61; 60; 14; 74
65,79,0.20489,0.82278,33; 65; 79; 64; 33; 41; 57; 22; 30; 30
25,79,0.27033,0.31646,62; 25; 79; 40; 46; 67; 71; 81; 50; 41
53,65,0.24912,0.81538,67; 53; 65; 18; 73; 14; 12; 7; 64; 19
6,21,0.27797,0.28571,41; 6; 21; 74; 28; 76; 13; 37; 20; 11
14,56,0.24684,0.25,58; 14; 56; 72; 46; 85; 23; 29; 43; 67
45,55,0.28951,0.81818,56; 45; 55; 35; 13; 47; 54; 56; 53; 54
19,54,0.31496,0.35185,64; 19; 54; 82; 9; 29; 58; 43; 63; 66
20,25,0.34961,0.8,5; 20; 25; 40; 51; 25; 72; 59; 38; 30
25,82,0.25869,0.30488,35; 25; 82; 33; 67; 25; 82; 73; 54; 53
39,68,0.28572,0.57353,71; 39; 68; 25; 68; 73; 37; 22; 51; 28
28,35,0.33948,0.8,32; 28; 35; 58; 81; 8; 45; 24; 44; 66
14,47,0.28629,0.29787,52; 14; 47; 17; 79; 84; 53; 60; 39; 78
46,82,0.21892,0.56098,66; 46; 82; 53; 80; 60; 46; 45; 12; 21
7,14,0.2742,0.5,40; 7; 14; 21; 19; 44; 27; 58; 79; 13
37,43,0.32232,0.86047,62; 37; 43; 81; 41; 28; 34; 61; 71; 26
63,77,0.19759,0.81818,51; 63; 77; 65; 81; 47; 51; 14; 81; 72
31,67,0.30093,0.46269,76; 31; 67; 33; 73; 12; 41; 22; 23; 60
46,80,0.22927,0.575,33; 46; 80; 29; 61; 55; 31; 21; 31; 74
30,65,0.30772,0.46154,44; 30; 65; 80; 71; 46; 82; 44; 35; 35
12,51,0.23391,0.23529,12; 12; 51; 41; 12; 20; 39; 46; 53; 21
17,49,0.308,0.34694,11; 17; 49; 40; 31; 82; 84; 75; 84; 73
24,48,0.32744,0.5,61; 24; 48; 13; 68; 38; 62; 39; 47; 44
62,72,0.22108,0.86111,56; 62; 72; 61; 51; 34; 58; 26; 28; 55
25,29,0.34396,0.86207,75; 25; 29; 63; 35; 37; 15; 30; 18; 39
18,74,0.23755,0.24324,29; 18; 74; 56; 38; 34; 85; 40; 23; 9
37,46,0.32039,0.80435,38; 37; 46; 40; 56; 72; 31; 30; 43; 53
27,34,0.3427,0.79412,15; 27; 34; 50; 74; 73; 59; 49; 71; 28
15,51,0.28689,0.29412,72; 15; 51; 16; 69; 57; 43; 23; 33; 21
63,79,0.21608,0.79747,17; 63; 79; 63; 45; 16; 41; 56; 8; 26
27,34,0.34016,0.79412,38; 27; 34; 82; 56; 74; 43; 83; 11; 21
38,48,0.30711,0.79167,67; 38; 48; 60; 83; 41; 65; 69; 25; 71
40,70,0.25685,0.57143,15; 40; 70; 38; 24; 10; 19; 32; 30; 12
5,10,0.20258,0.5,80; 5; 10; 62; 53; 40; 36; 76; 80; 13
26,80,0.2813,0.325,63; 26; 80; 39; 43; 27; 58; 38; 47; 59
39,80,0.2446,0.4875,71; 39; 80; 57; 10; 43; 47; 27; 44; 48
50,58,0.27753,0.86207,56; 50; 58; 24; 79; 76; 20; 22; 49; 51
22,69,0.29522,0.31884,42; 22; 69; 6; 68; 81; 30; 38; 54; 77
18,32,0.34107,0.5625,45; 18; 32; 58; 67; 44; 16; 6; 12; 72
18,51,0.31087,0.35294,71; 18; 51; 8; 14; 20; 23; 63; 79; 73
31,63,0.31556,0.49206,44; 31; 63; 43; 35; 29; 41; 83; 65; 84
56,65,0.22326,0.86154,56; 56; 65; 9; 35; 13; 41; 21; 31; 39
6,13,0.26378,0.46154,11; 6; 13; 19; 33; 28; 64; 72; 58; 32
18,22,0.3452,0.81818,10; 18; 22; 79; 18; 42; 47; 37; 48; 53
23,70,0.29521,0.32857,34; 23; 70; 25; 24; 47; 76; 77; 73; 61
19,59,0.29654,0.32203,14; 19; 59; 47; 36; 20; 41; 41; 66; 46
65,76,0.20593,0.85526,44; 65; 76; 8; 29; 56; 82; 65; 18; 20
16,46,0.30634,0.34783,25; 16; 46; 32; 56; 44; 24; 24; 18; 64
62,76,0.21012,0.81579,6; 62; 76; 40; 43; 74; 72; 24; 41; 80
66,79,0.20054,0.83544,10; 66; 79; 47; 70; 43; 54; 9; 59; 82
23,82,0.26449,0.28049,24; 23; 82; 54; 33; 72; 77; 54; 67; 10
38,78,0.2412,0.48718,80; 38; 78; 21; 10; 49; 55; 63; 81; 81
27,77,0.28238,0.35065,39; 27; 77; 70; 49; 11; 40; 50; 44; 43
13,44,0.28554,0.29545,15; 13; 44; 23; 39; 23; 27; 73; 21; 65
23,80,0.2721,0.2875,49; 23; 80; 60; 73; 71; 67; 27; 81; 27
51,59,0.26592,0.86441,72; 51; 59; 65; 8; 26; 73; 21; 82; 85
16,43,0.31348,0.37209,9; 16; 43; 60; 56; 31; 42; 71; 24; 34
13,44,0.28363,0.29545,63; 13; 44; 53; 47; 62; 40; 79; 26; 18
36,72,0.27288,0.5,40; 36; 72; 61; 21; 66; 59; 55; 57; 29
28,56,0.32584,0.5,66; 28; 56; 46; 20; 77; 65; 30; 18; 70
25,45,0.33767,0.55556,57; 25; 45; 53; 11; 81; 45; 70; 14; 68
35,62,0.2769,0.56452,15; 35; 62; 22; 61; 38; 11; 66; 66; 18
62,72,0.18152,0.86111,49; 62; 72; 35; 27; 11; 72; 81; 78; 52
20,41,0.3386,0.4878,22; 20; 41; 6; 52; 70; 75; 18; 84; 18
42,53,0.30277,0.79245,5; 42; 53; 15; 52; 58; 39; 56; 48; 72
23,71,0.28781,0.32394,27; 23; 71; 54; 61; 37; 74; 49; 6; 71
18,71,0.25058,0.25352,35; 18; 71; 21; 85; 52; 15; 56; 63; 85
16,50,0.29749,0.32,36; 16; 50; 33; 26; 43; 27; 14; 38; 72
16,50,0.29484,0.32,58; 16; 50; 50; 24; 35; 61; 44; 80; 32
49,62,0.27304,0.79032,72; 49; 62; 50; 60; 36; 61; 25; 40; 83
50,63,0.26294,0.79365,49; 50; 63; 85; 79; 45; 59; 55; 34; 28
14,42,0.30564,0.33333,19; 14; 42; 55; 64; 70; 8; 65; 71; 41
22,48,0.33632,0.45833,44; 22; 48; 74; 60; 73; 26; 69; 38; 69
18,65,0.26634,0.27692,20; 18; 65; 48; 44; 62; 23; 45; 25; 76
67,85,0.19119,0.78824,61; 67; 85; 33; 71; 75; 27; 52; 71; 77
24,28,0.34248,0.85714,41; 24; 28; 78; 77; 36; 7; 63; 39; 14
37,65,0.29269,0.56923,40; 37; 65; 70; 43; 72; 54; 28; 18; 42
26,70,0.2906,0.37143,82; 26; 70; 85; 45; 53; 39; 82; 73; 53
33,58,0.31006,0.56897,25; 33; 58; 30; 25; 71; 72; 41; 59; 26
68,85,0.1894,0.8,73; 68; 85; 12; 66; 36; 30; 29; 85; 50
54,63,0.25054,0.85714,32; 54; 63; 39; 36; 21; 13; 52; 77; 15
40,82,0.24121,0.4878,60; 40; 82; 21; 55; 41; 49; 53; 65; 41
36,42,0.32688,0.85714,38; 36; 42; 32; 18; 42; 30; 60; 57; 14
12,49,0.2391,0.2449,81; 12; 49; 22; 32; 58; 55; 22; 13; 46
37,65,0.28327,0.56923,9; 37; 65; 45; 23; 53; 14; 14; 6; 14
20,82,0.24484,0.2439,37; 20; 82; 55; 12; 85; 82; 47; 32; 65
23,50,0.33571,0.46,51; 23; 50; 85; 38; 45; 39; 71; 14; 32
21,63,0.30269,0.33333,41; 21; 63; 72; 31; 67; 15; 84; 48; 55
42,74,0.26177,0.56757,39; 42; 74; 55; 57; 73; 41; 84; 26; 77
43,54,0.29951,0.7963,60; 43; 54; 58; 25; 45; 22; 38; 21; 73
11,30,0.30704,0.36667,30; 11; 30; 68; 57; 30; 16; 21; 28; 71
17,72,0.23466,0.23611,48; 17; 72; 68; 50; 8; 46; 77; 58; 17
34,70,0.28223,0.48571,46; 34; 70; 51; 16; 48; 64; 28; 85; 72
14,48,0.27956,0.29167,77; 14; 48; 12; 29; 28; 80; 68; 80; 70
16,68,0.23331,0.23529,49; 16; 68; 31; 50; 13; 40; 33; 34; 51
44,56,0.29122,0.78571,58; 44; 56; 63; 16; 27; 6; 58; 61; 23
44,55,0.29212,0.8,28; 44; 55; 62; 65; 71; 49; 40; 79; 45
34,70,0.28743,0.48571,54; 34; 70; 57; 53; 46; 32; 10; 34; 85
34,70,0.27216,0.48571,24; 34; 70; 62; 11; 85; 64; 32; 42; 21
15,45,0.30495,0.33333,26; 15; 45; 26; 6; 67; 48; 20; 13; 23
24,83,0.26295,0.28916,73; 24; 83; 29; 81; 30; 81; 51; 57; 28
29,84,0.26846,0.34524,23; 29; 84; 79; 44; 60; 67; 83; 11; 65
27,47,0.33908,0.57447,16; 27; 47; 49; 77; 36; 64; 10; 79; 23
19,39,0.34355,0.48718,73; 19; 39; 18; 85; 25; 54; 58; 44; 46
8,28,0.26912,0.28571,27; 8; 28; 49; 27; 50; 16; 80; 54; 5
9,37,0.23974,0.24324,66; 9; 37; 19; 18; 44; 82; 37; 17; 32
21,63,0.30371,0.33333,45; 21; 63; 42; 11; 36; 60; 24; 78; 31
54,64,0.23968,0.84375,73; 54; 64; 22; 42; 48; 11; 79; 23; 34
19,22,0.34967,0.86364,9; 19; 22; 20; 29; 56; 16; 28; 46; 20
12,14,0.30524,0.85714,70; 12; 14; 81; 37; 36; 12; 33; 62; 29
32,38,0.33068,0.84211,75; 32; 38; 72; 46; 34; 53; 67; 28; 63
20,83,0.24002,0.24096,32; 20; 83; 79; 55; 41; 80; 48; 42; 23
28,57,0.31957,0.49123,28; 28; 57; 65; 72; 39; 28; 7; 34; 61
14,58,0.24123,0.24138,28; 14; 58; 71; 71; 41; 38; 45; 42; 60
19,75,0.24703,0.25333,65; 19; 75; 6; 52; 43; 75; 27; 17; 77
20,67,0.28492,0.29851,20; 20; 67; 13; 73; 58; 54; 19; 31; 68
20,35,0.33975,0.57143,5; 20; 35; 9; 76; 71; 72; 66; 29; 79
38,68,0.28149,0.55882,22; 38; 68; 46; 66; 57; 42; 47; 30; 10
26,80,0.27646,0.325,18; 26; 80; 29; 78; 47; 28; 44; 22; 57
67,84,0.20152,0.79762,31; 67; 84; 52; 84; 32; 84; 38; 82; 41
20,57,0.30972,0.35088,50; 20; 57; 37; 75; 19; 13; 16; 47; 21
29,52,0.32675,0.55769,85; 29; 52; 72; 69; 14; 70; 50; 84; 14
21,84,0.24995,0.25,51; 21; 84; 18; 34; 47; 22; 80; 18; 71
14,57,0.2445,0.24561,76; 14; 57; 70; 77; 30; 22; 10; 57; 62
16,58,0.27108,0.27586,15; 16; 58; 53; 62; 37; 75; 23; 6; 34
21,65,0.29953,0.32308,82; 21; 65; 40; 68; 67; 84; 12; 73; 59
37,65,0.2949,0.56923,23; 37; 65; 76; 50; 83; 84; 31; 82; 5
37,66,0.29688,0.56061,29; 37; 66; 6; 50; 33; 10; 79; 45; 10
30,81,0.25142,0.37037,24; 30; 81; 8; 13; 13; 9; 8; 80; 5
5,20,0.25663,0.25,24; 5; 20; 10; 14; 35; 28; 68; 41; 80
32,69,0.29737,0.46377,25; 32; 69; 69; 64; 77; 9; 68; 40; 51
19,63,0.28963,0.30159,54; 19; 63; 5; 83; 39; 69; 26; 68; 45
23,83,0.26019,0.27711,18; 23; 83; 65; 36; 70; 60; 8; 38; 43
16,48,0.29805,0.33333,78; 16; 48; 44; 79; 65; 67; 51; 14; 75
27,33,0.34269,0.81818,17; 27; 33; 9; 85; 76; 81; 51; 82; 66
6,18,0.2775,0.33333,39; 6; 18; 48; 69; 8; 22; 37; 47; 33
23,81,0.27169,0.28395,37; 23; 81; 40; 80; 85; 60; 39; 5; 14
60,75,0.2203,0.8,8; 60; 75; 82; 7; 33; 57; 11; 66; 32
30,82,0.26062,0.36585,65; 30; 82; 43; 22; 10; 74; 68; 85; 79
26,31,0.35346,0.83871,34; 26; 31; 68; 63; 75; 46; 26; 34; 51
23,81,0.26354,0.28395,36; 23; 81; 59; 61; 9; 18; 42; 23; 40
7,29,0.23924,0.24138,58; 7; 29; 61; 47; 5; 18; 55; 45; 54
18,65,0.27133,0.27692,13; 18; 65; 60; 58; 16; 71; 17; 57; 61
23,70,0.29003,0.32857,47; 23; 70; 76; 14; 30; 10; 51; 32; 49
44,77,0.24224,0.57143,29; 44; 77; 5; 73; 22; 28; 74; 40; 25
70,83,0.17872,0.84337,19; 70; 83; 13; 10; 14; 81; 83; 22; 56
19,63,0.28427,0.30159,46; 19; 63; 27; 19; 18; 43; 77; 8; 75
41,73,0.2493,0.56164,77; 41; 73; 7; 27; 5; 40; 71; 68; 51
24,30,0.34309,0.8,7; 24; 30; 81; 31; 70; 38; 13; 82; 31
11,14,0.30269,0.78571,70; 11; 14; 35; 15; 76; 75; 75; 49; 75
13,55,0.2358,0.23636,43; 13; 55; 83; 54; 30; 8; 52; 80; 85
12,15,0.3078,0.8,46; 12; 15; 40; 71; 63; 41; 59; 34; 38
22,77,0.27507,0.28571,64; 22; 77; 28; 81; 20; 59; 61; 46; 81
19,57,0.30129,0.33333,31; 19; 57; 73; 74; 18; 18; 30; 8; 11
23,76,0.28473,0.30263,81; 23; 76; 5; 69; 84; 13; 40; 48; 36
12,21,0.32818,0.57143,66; 12; 21; 57; 8; 7; 8; 9; 12; 9
16,28,0.33867,0.57143,30; 16; 28; 37; 72; 35; 22; 83; 40; 54
8,27,0.26955,0.2963,9; 8; 27; 18; 69; 9; 64; 72; 50; 9
17,53,0.298,0.32075,40; 17; 53; 30; 56; 73; 30; 76; 14; 32
24,74,0.29008,0.32432,25; 24; 74; 11; 35; 5; 80; 53; 77; 42
44,56,0.27269,0.78571,53; 44; 56; 74; 8; 17; 34; 12; 60; 27
21,63,0.30397,0.33333,52; 21; 63; 42; 49; 20; 66; 61; 33; 12
31,62,0.30481,0.5,55; 31; 62; 32; 7; 17; 8; 6; 77; 41
24,43,0.33621,0.55814,70; 24; 43; 9; 22; 33; 59; 15; 54; 84
30,61,0.3061,0.4918,81; 30; 61; 67; 44; 60; 37; 18; 50; 22
13,52,0.24723,0.25,8; 13; 52; 52; 53; 36; 62; 70; 78; 85
20,41,0.34223,0.4878,80; 20; 41; 68; 42; 22; 69; 57; 27; 70
25,68,0.29877,0.36765,66; 25; 68; 14; 62; 44; 54; 32; 70; 72
13,28,0.32171,0.46429,10; 13; 28; 73; 75; 11; 57; 68; 23; 66
21,70,0.2848,0.3,41; 21; 70; 27; 73; 40; 19; 75; 43; 72
62,76,0.2176,0.81579,53; 62; 76; 77; 41; 81; 80; 80; 12; 83
31,37,0.33716,0.83784,6; 31; 37; 76; 63; 71; 65; 84; 16; 72
19,78,0.24487,0.24359,44; 19; 78; 31; 31; 64; 79; 17; 21; 8
42,51,0.30386,0.82353,58; 42; 51; 29; 33; 38; 80; 48; 54; 44
32,64,0.28714,0.5,17; 32; 64; 23; 51; 49; 54; 77; 78; 30
20,67,0.28652,0.29851,35; 20; 67; 48; 8; 33; 50; 81; 25; 39
45,56,0.28253,0.80357,83; 45; 56; 44; 66; 56; 76; 21; 72; 31
7,20,0.29749,0.35,24; 7; 20; 81; 80; 6; 83; 24; 47; 31
43,51,0.2958,0.84314,61; 43; 51; 11; 81; 75; 60; 26; 81; 28
12,49,0.24088,0.2449,78; 12; 49; 23; 35; 48; 32; 44; 15; 63
21,74,0.2727,0.28378,42; 21; 74; 51; 73; 75; 25; 32; 38; 13
67,84,0.20421,0.79762,14; 67; 84; 18; 21; 45; 26; 14; 14; 10
26,80,0.27355,0.325,82; 26; 80; 75; 30; 70; 38; 76; 32; 85
28,84,0.24666,0.33333,12; 28; 84; 50; 61; 19; 70; 27; 52; 5
27,59,0.31719,0.45763,73; 27; 59; 59; 67; 55; 72; 72; 5; 69
14,59,0.23524,0.23729,52; 14; 59; 26; 16; 77; 75; 39; 12; 23
22,39,0.34286,0.5641,22; 22; 39; 7; 31; 13; 22; 52; 67; 85
27,55,0.32738,0.49091,20; 27; 55; 44; 6; 37; 55; 45; 70; 8
25,71,0.29432,0.35211,48; 25; 71; 80; 28; 48; 41; 17; 47; 48
69,82,0.20157,0.84146,76; 69; 82; 23; 27; 25; 49; 76; 6; 62
23,79,0.27352,0.29114,34; 23; 79; 44; 76; 24; 56; 25; 57; 66
26,82,0.26796,0.31707,81; 26; 82; 78; 67; 46; 26; 49; 35; 41
36,78,0.26882,0.46154,50; 36; 78; 79; 23; 29; 22; 48; 51; 29
23,79,0.27488,0.29114,47; 23; 79; 49; 21; 23; 9; 38; 53; 67
21,70,0.28452,0.3,69; 21; 70; 44; 81; 81; 6; 32; 56; 29
9,36,0.24846,0.25,26; 9; 36; 82; 27; 11; 40; 75; 28; 19
43,75,0.26174,0.57333,61; 43; 75; 16; 5; 68; 17; 56; 80; 46
23,65,0.3004,0.35385,29; 23; 65; 69; 50; 38; 52; 29; 30; 37
34,61,0.31161,0.55738,65; 34; 61; 46; 69; 49; 16; 79; 24; 19
32,37,0.33653,0.86486,9; 32; 37; 51; 52; 50; 6; 26; 7; 39
6,20,0.27406,0.3,80; 6; 20; 80; 13; 57; 48; 16; 55; 72
11,44,0.24516,0.25,66; 11; 44; 54; 51; 52; 65; 82; 15; 22
30,60,0.31016,0.5,76; 30; 60; 46; 18; 5; 28; 18; 52; 56
26,46,0.343,0.56522,6; 26; 46; 55; 62; 68; 27; 39; 33; 50
12,21,0.32761,0.57143,15; 12; 21; 45; 81; 48; 13; 52; 38; 34
48,56,0.27658,0.85714,72; 48; 56; 42; 52; 58; 65; 8; 72; 71
22,28,0.34385,0.78571,45; 22; 28; 46; 32; 18; 19; 60; 73; 23
32,65,0.2951,0.49231,10; 32; 65; 73; 37; 21; 63; 23; 19; 31
21,85,0.24739,0.24706,57; 21; 85; 7; 18; 62; 56; 37; 15; 74
16,46,0.30868,0.34783,51; 16; 46; 27; 64; 32; 68; 64; 82; 17
16,64,0.24931,0.25,53; 16; 64; 70; 11; 19; 48; 10; 62; 82
55,70,0.22836,0.78571,11; 55; 70; 10; 81; 24; 46; 40; 61; 34
24,82,0.2683,0.29268,66; 24; 82; 56; 7; 12; 69; 13; 42; 61
18,32,0.33976,0.5625,34; 18; 32; 8; 57; 33; 21; 82; 71; 55
27,47,0.33682,0.57447,53; 27; 47; 76; 5; 5; 51; 74; 24; 13
16,49,0.30019,0.32653,46; 16; 49; 50; 84; 34; 64; 83; 52; 12
14,46,0.2888,0.30435,80; 14; 46; 16; 46; 8; 68; 19; 26; 8
53,63,0.24993,0.84127,78; 53; 63; 52; 79; 26; 17; 21; 9; 82
61,74,0.22072,0.82432,31; 61; 74; 19; 22; 53; 72; 18; 70; 6
12,41,0.28189,0.29268,49; 12; 41; 78; 9; 11; 83; 12; 42; 13
24,68,0.29685,0.35294,10; 24; 68; 42; 20; 23; 66; 22; 34; 60
36,73,0.26884,0.49315,38; 36; 73; 35; 53; 77; 81; 59; 68; 61
22,66,0.30092,0.33333,36; 22; 66; 42; 58; 76; 23; 49; 71; 85
17,70,0.23972,0.24286,16; 17; 70; 80; 17; 15; 69; 68; 5; 70
53,63,0.25287,0.84127,34; 53; 63; 13; 81; 42; 66; 26; 58; 55
8,32,0.24477,0.25,68; 8; 32; 32; 64; 71; 40; 6; 64; 13
17,34,0.33257,0.5,52; 17; 34; 54; 78; 52; 58; 41; 67; 66
29,59,0.31601,0.49153,65; 29; 59; 20; 6; 22; 59; 62; 40; 48
27,83,0.26944,0.3253,23; 27; 83; 55; 58; 73; 10; 61; 65; 71
36,74,0.24842,0.48649,63; 36; 74; 49; 73; 33; 16; 73; 31; 39
40,50,0.31111,0.8,14; 40; 50; 74; 39; 11; 68; 44; 38; 42
64,80,0.20719,0.8,44; 64; 80; 43; 74; 47; 40; 57; 33; 30
33,72,0.2744,0.45833,42; 33; 72; 73; 44; 80; 31; 74; 51; 44
31,54,0.32579,0.57407,16; 31; 54; 42; 69; 52; 43; 40; 82; 25
14,47,0.28697,0.29787,78; 14; 47; 44; 40; 19; 44; 44; 68; 42
40,50,0.30145,0.8,67; 40; 50; 20; 82; 35; 79; 61; 80; 37
13,44,0.28546,0.29545,65; 13; 44; 12; 7; 23; 17; 6; 62; 6
24,69,0.301,0.34783,75; 24; 69; 53; 55; 26; 9; 27; 67; 83
6,21,0.2663,0.28571,24; 6; 21; 25; 59; 50; 48; 58; 62; 74
53,66,0.25121,0.80303,18; 53; 66; 41; 25; 49; 22; 53; 78; 34
50,58,0.2745,0.86207,17; 50; 58; 18; 45; 81; 29; 18; 32; 55
9,30,0.28613,0.3,35; 9; 30; 72; 13; 12; 29; 73; 10; 37
5,18,0.26239,0.27778,30; 5; 18; 30; 38; 74; 58; 38; 12; 49
48,56,0.27835,0.85714,35; 48; 56; 29; 33; 56; 27; 55; 51; 65
28,56,0.32692,0.5,72; 28; 56; 84; 62; 56; 58; 16; 78; 22
19,69,0.27253,0.27536,57; 19; 69; 37; 49; 77; 84; 48; 31; 56
49,58,0.26823,0.84483,19; 49; 58; 78; 23; 77; 80; 72; 40; 53
20,25,0.34434,0.8,45; 20; 25; 36; 32; 75; 74; 21; 16; 6
15,19,0.33433,0.78947,80; 15; 19; 41; 46; 37; 16; 55; 85; 28
36,63,0.29366,0.57143,44; 36; 63; 49; 51; 76; 76; 5; 30; 64
17,72,0.23502,0.23611,45; 17; 72; 6; 76; 55; 28; 57; 39; 54
10,36,0.27354,0.27778,79; 10; 36; 33; 71; 76; 81; 23; 16; 55
27,83,0.27862,0.3253,82; 27; 83; 58; 74; 38; 61; 5; 44; 44
40,49,0.30617,0.81633,74; 40; 49; 37; 13; 69; 8; 16; 67; 64
31,37,0.34085,0.83784,31; 31; 37; 35; 15; 60; 36; 22; 36; 16
53,67,0.23855,0.79104,28; 53; 67; 6; 43; 51; 22; 30; 79; 72
15,52,0.28378,0.28846,71; 15; 52; 12; 53; 49; 63; 16; 49; 16
35,61,0.29093,0.57377,33; 35; 61; 66; 22; 83; 56; 39; 69; 38
42,74,0.26169,0.56757,8; 42; 74; 68; 38; 69; 69; 65; 29; 64
16,19,0.34141,0.84211,75; 16; 19; 64; 58; 18; 29; 34; 61; 16
17,67,0.25268,0.25373,48; 17; 67; 5; 72; 28; 64; 47; 11; 83
19,68,0.27426,0.27941,79; 19; 68; 7; 7; 60; 42; 57; 51; 25
39,78,0.25187,0.5,41; 39; 78; 52; 46; 41; 76; 39; 53; 14
15,61,0.24498,0.2459,65; 15; 61; 53; 51; 23; 21; 41; 59; 17
25,83,0.26832,0.3012,62; 25; 83; 61; 16; 9; 27; 6; 61; 20
20,60,0.30669,0.33333,45; 20; 60; 48; 19; 77; 25; 67; 76; 69
9,18,0.31446,0.5,63; 9; 18; 76; 5; 85; 48; 21; 35; 31
28,61,0.30806,0.45902,75; 28; 61; 9; 32; 23; 36; 44; 82; 21
71,83,0.19241,0.85542,75; 71; 83; 69; 9; 78; 60; 30; 78; 34
53,67,0.23387,0.79104,85; 53; 67; 59; 78; 77; 7; 16; 41; 39
28,81,0.26029,0.34568,54; 28; 81; 46; 73; 76; 45; 43; 48; 13
31,36,0.34045,0.86111,69; 31; 36; 31; 64; 55; 55; 43; 8; 17
18,72,0.24976,0.25,28; 18; 72; 21; 85; 25; 40; 67; 67; 63
47,56,0.28605,0.83929,58; 47; 56; 51; 44; 48; 58; 46; 67; 56
20,67,0.28183,0.29851,24; 20; 67; 9; 82; 50; 34; 75; 50; 21
19,54,0.30892,0.35185,74; 19; 54; 21; 18; 54; 72; 44; 10; 32
20,63,0.29675,0.31746,36; 20; 63; 73; 53; 58; 17; 67; 73; 29
45,80,0.24541,0.5625,62; 45; 80; 10; 50; 29; 61; 10; 69; 69
18,76,0.23557,0.23684,78; 18; 76; 46; 8; 36; 13; 65; 24; 48
19,55,0.30811,0.34545,46; 19; 55; 11; 73; 36; 15; 35; 39; 59
33,71,0.29592,0.46479,35; 33; 71; 79; 20; 33; 83; 77; 83; 65
35,76,0.24626,0.46053,51; 35; 76; 46; 64; 18; 27; 78; 54; 66
17,56,0.29292,0.30357,13; 17; 56; 31; 17; 10; 57; 68; 34; 60
26,46,0.33884,0.56522,79; 26; 46; 60; 61; 60; 30; 8; 21; 13
19,59,0.29801,0.32203,38; 19; 59; 20; 52; 78; 52; 83; 78; 24
37,47,0.3221,0.78723,83; 37; 47; 49; 25; 15; 59; 63; 6; 46
10,31,0.29072,0.32258,19; 10; 31; 27; 80; 25; 54; 68; 64; 42
27,84,0.26845,0.32143,18; 27; 84; 46; 84; 69; 24; 36; 17; 9
6,19,0.28838,0.31579,43; 6; 19; 22; 42; 61; 67; 21; 82; 47
44,78,0.24859,0.5641,55; 44; 78; 78; 52; 38; 50; 63; 49; 53
70,83,0.18514,0.84337,51; 70; 83; 78; 45; 12; 72; 80; 75; 83
47,83,0.23898,0.56627,70; 47; 83; 82; 25; 75; 9; 76; 70; 62
23,28,0.34313,0.82143,6; 23; 28; 24; 68; 51; 51; 46; 66; 41
26,52,0.33222,0.5,56; 26; 52; 46; 73; 49; 43; 75; 8; 68
25,79,0.27155,0.31646,49; 25; 79; 25; 5; 37; 16; 28; 9; 8
69,84,0.19567,0.82143,46; 69; 84; 72; 19; 32; 6; 77; 81; 44
24,49,0.33122,0.4898,13; 24; 49; 82; 78; 65; 48; 34; 61; 60
38,77,0.22112,0.49351,34; 38; 77; 64; 27; 63; 39; 60; 62; 80
21,75,0.27255,0.28,5; 21; 75; 66; 23; 32; 37; 18; 50; 65
15,47,0.29699,0.31915,17; 15; 47; 16; 68; 43; 26; 73; 12; 82
19,65,0.28284,0.29231,83; 19; 65; 55; 56; 39; 71; 47; 15; 71
42,84,0.25016,0.5,33; 42; 84; 55; 28; 39; 42; 51; 34; 68
17,68,0.2467,0.25,5; 17; 68; 18; 37; 53; 65; 70; 82; 84
37,47,0.31867,0.78723,34; 37; 47; 82; 64; 64; 10; 28; 63; 26
31,67,0.30464,0.46269,49; 31; 67; 23; 15; 78; 41; 65; 7; 36
28,56,0.32551,0.5,33; 28; 56; 20; 12; 65; 21; 44; 37; 79
42,53,0.30107,0.79245,53; 42; 53; 69; 83; 42; 39; 60; 47; 40
19,63,0.28488,0.30159,17; 19; 63; 79; 43; 71; 63; 54; 60; 46
39,80,0.2632,0.4875,7; 39; 80; 75; 61; 82; 37; 81; 7; 20
7,23,0.28214,0.30435,69; 7; 23; 75; 28; 62; 54; 81; 74; 42
19,67,0.27715,0.28358,72; 19; 67; 33; 10; 15; 55; 54; 53; 49
18,76,0.23094,0.23684,48; 18; 76; 78; 9; 39; 30; 19; 66; 14
31,62,0.31978,0.5,48; 31; 62; 27; 24; 47; 84; 58; 10; 7
26,78,0.2845,0.33333,80; 26; 78; 70; 19; 29; 32; 45; 20; 46
32,64,0.29783,0.5,81; 32; 64; 74; 21; 48; 31; 6; 35; 82
38,48,0.31489,0.79167,54; 38; 48; 81; 15; 53; 65; 29; 5; 8
18,75,0.23887,0.24,63; 18; 75; 76; 41; 72; 27; 50; 54; 38
28,56,0.3175,0.5,78; 28; 56; 72; 68; 6; 28; 69; 73; 74
38,77,0.26528,0.49351,80; 38; 77; 73; 52; 28; 31; 22; 16; 85
13,26,0.33017,0.5,29; 13; 26; 6; 25; 44; 28; 82; 30; 41
31,68,0.28866,0.45588,37; 31; 68; 15; 12; 66; 84; 12; 57; 31
18,72,0.24822,0.25,37; 18; 72; 53; 45; 18; 78; 75; 65; 43
22,59,0.31675,0.37288,22; 22; 59; 5; 20; 25; 11; 13; 30; 75
43,51,0.29488,0.84314,69; 43; 51; 74; 48; 6; 74; 37; 35; 57
20,25,0.34118,0.8,71; 20; 25; 44; 29; 19; 20; 46; 7; 60
72,84,0.18544,0.85714,40; 72; 84; 12; 27; 70; 29; 32; 29; 73
38,45,0.32117,0.84444,19; 38; 45; 26; 84; 38; 82; 60; 80; 74
21,75,0.27564,0.28,16; 21; 75; 35; 62; 9; 46; 15; 55; 67
16,63,0.24982,0.25397,13; 16; 63; 85; 43; 65; 74; 84; 47; 74
29,82,0.27412,0.35366,69; 29; 82; 77; 5; 59; 75; 29; 7; 71
21,37,0.34069,0.56757,54; 21; 37; 44; 5; 24; 11; 35; 27; 62
18,49,0.31584,0.36735,57; 18; 49; 51; 77; 48; 73; 85; 83; 40
42,84,0.20985,0.5,25; 42; 84; 6; 13; 52; 60; 28; 21; 26
32,56,0.29168,0.57143,35; 32; 56; 5; 39; 36; 70; 56; 28; 12
21,69,0.28638,0.30435,20; 21; 69; 35; 82; 27; 81; 35; 81; 73
7,20,0.29869,0.35,77; 7; 20; 47; 44; 28; 32; 69; 15; 13
47,57,0.28723,0.82456,64; 47; 57; 55; 18; 12; 80; 51; 67; 82
28,56,0.32218,0.5,20; 28; 56; 43; 57; 34; 20; 65; 70; 58
19,39,0.33494,0.48718,67; 19; 39; 61; 12; 47; 60; 50; 52; 13
31,68,0.29993,0.45588,64; 31; 68; 41; 39; 71; 17; 78; 33; 13
46,56,0.26475,0.82143,13; 46; 56; 25; 8; 50; 73; 28; 33; 12
63,80,0.20925,0.7875,20; 63; 80; 29; 53; 59; 40; 16; 65; 66
17,67,0.25584,0.25373,71; 17; 67; 7; 33; 46; 85; 76; 58; 84
27,32,0.34469,0.84375,7; 27; 32; 33; 70; 69; 83; 41; 83; 33
15,53,0.27375,0.28302,52; 15; 53; 54; 14; 84; 28; 31; 13; 84
24,84,0.26092,0.28571,10; 24; 84; 49; 8; 46; 52; 30; 10; 50
22,80,0.27017,0.275,66; 22; 80; 5; 11; 78; 17; 41; 73; 27
45,56,0.28744,0.80357,54; 45; 56; 26; 23; 62; 76; 71; 12; 25
26,80,0.27503,0.325,11; 26; 80; 48; 67; 83; 68; 69; 8; 49
5,21,0.24237,0.2381,71; 5; 21; 71; 79; 60; 41; 11; 65; 48
32,70,0.2883,0.45714,43; 32; 70; 16; 6; 57; 76; 21; 38; 29
39,69,0.25411,0.56522,8; 39; 69; 29; 46; 12; 11; 83; 74; 24
23,78,0.28008,0.29487,74; 23; 78; 71; 11; 54; 56; 28; 78; 50
40,82,0.20315,0.4878,7; 40; 82; 30; 49; 14; 83; 82; 75; 39
31,83,0.25692,0.37349,46; 31; 83; 19; 24; 67; 75; 53; 17; 10
7,23,0.28488,0.30435,18; 7; 23; 27; 77; 50; 45; 7; 45; 52
64,74,0.20892,0.86486,51; 64; 74; 73; 54; 10; 37; 84; 7; 44
40,80,0.21166,0.5,36; 40; 80; 25; 24; 51; 53; 13; 19; 53
14,44,0.29795,0.31818,72; 14; 44; 60; 21; 21; 59; 28; 41; 17
27,83,0.27511,0.3253,14; 27; 83; 52; 84; 53; 79; 7; 69; 30
16,67,0.23289,0.23881,27; 16; 67; 80; 63; 9; 83; 14; 28; 16
64,80,0.17766,0.8,70; 64; 80; 72; 80; 27; 29; 8; 7; 52
64,76,0.21579,0.84211,58; 64; 76; 52; 79; 21; 18; 33; 82; 49
13,40,0.29763,0.325,16; 13; 40; 63; 81; 11; 22; 20; 59; 45
15,46,0.30265,0.32609,25; 15; 46; 45; 83; 27; 28; 50; 35; 23
8,28,0.26739,0.28571,32; 8; 28; 45; 78; 27; 19; 54; 29; 24
36,42,0.319,0.85714,6; 36; 42; 60; 72; 40; 62; 38; 82; 45
21,73,0.27457,0.28767,59; 21; 73; 39; 27; 22; 64; 16; 47; 17
21,46,0.33339,0.45652,27; 21; 46; 37; 58; 20; 45; 73; 35; 33
9,38,0.23556,0.23684,43; 9; 38; 44; 28; 63; 36; 9; 25; 16
42,53,0.29868,0.79245,19; 42; 53; 38; 27; 44; 33; 29; 46; 58
26,52,0.33015,0.5,31; 26; 52; 54; 84; 62; 46; 68; 65; 43
15,46,0.30399,0.32609,69; 15; 46; 76; 52; 49; 42; 14; 21; 79
19,52,0.31424,0.36538,60; 19; 52; 41; 49; 53; 83; 45; 18; 74
59,69,0.23689,0.85507,13; 59; 69; 52; 37; 6; 13; 64; 45; 72
27,73,0.28134,0.36986,35; 27; 73; 8; 19; 77; 50; 78; 18; 39
23,40,0.34414,0.575,15; 23; 40; 44; 80; 17; 36; 54; 22; 48
16,65,0.24672,0.24615,29; 16; 65; 39; 66; 45; 83; 12; 39; 28
16,63,0.25257,0.25397,24; 16; 63; 29; 47; 19; 85; 66; 83; 47
19,77,0.2464,0.24675,15; 19; 77; 50; 83; 65; 29; 57; 21; 72
21,71,0.2833,0.29577,57; 21; 71; 42; 39; 51; 31; 48; 64; 79
23,47,0.33667,0.48936,21; 23; 47; 14; 71; 9; 78; 19; 5; 59
22,39,0.33843,0.5641,43; 22; 39; 63; 14; 11; 54; 55; 13; 7
42,84,0.22901,0.5,71; 42; 84; 24; 32; 47; 34; 60; 32; 85
14,59,0.23573,0.23729,26; 14; 59; 24; 6; 8; 75; 62; 60; 20
24,84,0.26608,0.28571,7; 24; 84; 79; 34; 42; 35; 25; 20; 32
11,44,0.24409,0.25,71; 11; 44; 15; 70; 27; 65; 51; 79; 15
44,55,0.28939,0.8,20; 44; 55; 23; 73; 64; 67; 74; 41; 68
13,55,0.23695,0.23636,19; 13; 55; 56; 13; 53; 29; 62; 43; 7
16,54,0.28578,0.2963,64; 16; 54; 21; 7; 30; 18; 82; 54; 77
28,56,0.32252,0.5,37; 28; 56; 10; 33; 52; 8; 73; 51; 29
24,30,0.34004,0.8,42; 24; 30; 39; 50; 74; 10; 16; 38; 44
11,33,0.29754,0.33333,51; 11; 33; 56; 32; 66; 12; 66; 75; 15
45,55,0.27825,0.81818,52; 45; 55; 45; 9; 79; 48; 46; 53; 62
36,64,0.27855,0.5625,5; 36; 64; 37; 37; 44; 28; 29; 51; 81
22,68,0.29786,0.32353,64; 22; 68; 40; 50; 47; 17; 8; 48; 28
51,59,0.26475,0.86441,68; 51; 59; 25; 37; 67; 39; 10; 70; 53
17,70,0.23994,0.24286,21; 17; 70; 82; 35; 64; 45; 30; 17; 69
22,60,0.3122,0.36667,71; 22; 60; 45; 12; 41; 71; 11; 27; 32
33,67,0.28376,0.49254,77; 33; 67; 52; 65; 70; 35; 38; 24; 78
38,67,0.29641,0.56716,15; 38; 67; 12; 84; 59; 36; 12; 53; 69
23,70,0.29762,0.32857,5; 23; 70; 83; 27; 33; 33; 38; 53; 20
40,80,0.23085,0.5,46; 40; 80; 85; 62; 18; 35; 11; 59; 82
71,85,0.20085,0.83529,23; 71; 85; 45; 25; 67; 72; 47; 54; 29
23,46,0.34049,0.5,70; 23; 46; 39; 46; 7; 26; 28; 61; 51
19,24,0.34267,0.79167,39; 19; 24; 75; 40; 27; 30; 74; 58; 64
19,60,0.29719,0.31667,71; 19; 60; 65; 32; 22; 59; 69; 53; 43
18,64,0.27811,0.28125,57; 18; 64; 19; 22; 29; 24; 77; 31; 24
22,77,0.27713,0.28571,67; 22; 77; 57; 7; 85; 70; 21; 21; 13
7,20,0.29307,0.35,73; 7; 20; 15; 37; 75; 5; 85; 82; 8
33,68,0.29254,0.48529,35; 33; 68; 65; 85; 74; 44; 16; 5; 23
23,79,0.27613,0.29114,29; 23; 79; 50; 65; 73; 25; 51; 79; 38
12,49,0.24276,0.2449,17; 12; 49; 66; 66; 81; 19; 61; 20; 70
19,80,0.23772,0.2375,21; 19; 80; 21; 63; 39; 8; 79; 42; 15
28,34,0.34133,0.82353,5; 28; 34; 84; 74; 84; 49; 42; 67; 54
12,51,0.22865,0.23529,67; 12; 51; 59; 67; 52; 57; 16; 34; 79
27,73,0.28978,0.36986,69; 27; 73; 20; 48; 78; 78; 11; 25; 46
14,40,0.30612,0.35,55; 14; 40; 17; 48; 74; 47; 45; 51; 65
19,66,0.27975,0.28788,21; 19; 66; 13; 79; 18; 72; 16; 11; 47
9,32,0.2685,0.28125,82; 9; 32; 63; 42; 21; 15; 39; 11; 67
11,38,0.27563,0.28947,70; 11; 38; 47; 39; 22; 73; 37; 6; 59
27,48,0.32604,0.5625,15; 27; 48; 41; 36; 21; 69; 78; 32; 82
38,44,0.31643,0.86364,34; 38; 44; 25; 58; 84; 70; 59; 36; 25
20,63,0.29488,0.31746,22; 20; 63; 59; 13; 56; 29; 18; 60; 46
21,37,0.34514,0.56757,71; 21; 37; 26; 50; 45; 37; 57; 22; 65
39,78,0.25646,0.5,54; 39; 78; 20; 73; 56; 71; 13; 11; 40
19,66,0.27952,0.28788,56; 19; 66; 75; 46; 74; 61; 85; 72; 70
38,45,0.32028,0.84444,25; 38; 45; 76; 30; 60; 58; 41; 30; 34
22,74,0.2817,0.2973,53; 22; 74; 80; 40; 73; 22; 42; 60; 8
31,55,0.31153,0.56364,8; 31; 55; 34; 50; 69; 31; 76; 73; 56
66,83,0.20493,0.79518,59; 66; 83; 44; 39; 36; 8; 63; 55; 41
23,69,0.30329,0.33333,45; 23; 69; 54; 42; 75; 70; 42; 61; 74
52,66,0.25027,0.78788,15; 52; 66; 21; 72; 29; 34; 64; 14; 15
15,43,0.30902,0.34884,67; 15; 43; 74; 14; 71; 15; 76; 48; 23
10,41,0.2419,0.2439,36; 10; 41; 40; 63; 33; 67; 29; 30; 74
26,78,0.27734,0.33333,74; 26; 78; 84; 41; 66; 67; 32; 30; 20
64,78,0.21603,0.82051,29; 64; 78; 42; 19; 26; 63; 47; 43; 82
19,54,0.31184,0.35185,49; 19; 54; 77; 57; 57; 13; 19; 62; 48
45,57,0.24975,0.78947,11; 45; 57; 66; 28; 79; 56; 60; 56; 7
16,63,0.25245,0.25397,13; 16; 63; 32; 18; 48; 64; 81; 51; 35
48,56,0.25502,0.85714,18; 48; 56; 21; 82; 54; 39; 77; 63; 65
29,51,0.32815,0.56863,76; 29; 51; 17; 73; 85; 8; 63; 56; 75
34,68,0.2951,0.5,11; 34; 68; 67; 27; 83; 37; 15; 7; 77
14,17,0.32702,0.82353,73; 14; 17; 69; 37; 62; 75; 83; 75; 45
17,68,0.24986,0.25,34; 17; 68; 44; 9; 28; 44; 42; 31; 6
21,76,0.26666,0.27632,51; 21; 76; 33; 18; 46; 18; 39; 18; 75
9,26,0.29829,0.34615,64; 9; 26; 65; 42; 60; 80; 18; 81; 13
8,29,0.26545,0.27586,50; 8; 29; 77; 69; 85; 25; 53; 44; 58
28,81,0.26902,0.34568,10; 28; 81; 45; 29; 61; 35; 20; 27; 81
40,49,0.30891,0.81633,21; 40; 49; 70; 10; 41; 61; 58; 66; 45
37,65,0.25418,0.56923,49; 37; 65; 5; 6; 64; 63; 50; 43; 17
9,36,0.25086,0.25,83; 9; 36; 6; 63; 46; 69; 13; 48; 78
24,74,0.28124,0.32432,73; 24; 74; 21; 70; 45; 24; 34; 38; 14
28,81,0.27472,0.34568,24; 28; 81; 48; 66; 64; 20; 62; 5; 33
19,58,0.30243,0.32759,56; 19; 58; 5; 25; 9; 20; 41; 37; 7
45,81,0.22008,0.55556,50; 45; 81; 8; 12; 37; 33; 36; 63; 59
28,50,0.32023,0.56,73; 28; 50; 84; 60; 47; 70; 69; 15; 28
68,81,0.18985,0.83951,76; 68; 81; 50; 73; 12; 64; 69; 75; 26
25,75,0.273,0.33333,18; 25; 75; 12; 55; 22; 8; 60; 66; 85
6,19,0.28351,0.31579,51; 6; 19; 42; 60; 40; 49; 8; 39; 31
28,57,0.32205,0.49123,65; 28; 57; 19; 83; 8; 19; 68; 74; 17
14,17,0.32786,0.82353,70; 14; 17; 64; 83; 73; 13; 60; 40; 21
12,40,0.28549,0.3,17; 12; 40; 23; 48; 14; 83; 42; 84; 71
47,57,0.2581,0.82456,49; 47; 57; 52; 80; 65; 9; 85; 24; 74
36,78,0.26385,0.46154,63; 36; 78; 45; 8; 76; 49; 45; 48; 30
65,76,0.20063,0.85526,76; 65; 76; 51; 11; 83; 25; 33; 62; 35
10,27,0.30614,0.37037,8; 10; 27; 69; 55; 7; 38; 67; 6; 82
54,64,0.23799,0.84375,31; 54; 64; 25; 23; 54; 44; 6; 16; 19
70,85,0.19507,0.82353,64; 70; 85; 18; 82; 28; 63; 12; 75; 34
30,61,0.31672,0.4918,36; 30; 61; 10; 73; 18; 66; 52; 32; 31
10,33,0.27776,0.30303,44; 10; 33; 68; 10; 43; 51; 11; 71; 60
10,42,0.23189,0.2381,5; 10; 42; 62; 15; 41; 27; 53; 74; 5
34,61,0.31072,0.55738,69; 34; 61; 50; 83; 21; 43; 38; 13; 39
28,85,0.26031,0.32941,10; 28; 85; 50; 30; 78; 40; 81; 14; 74
22,44,0.33729,0.5,20; 22; 44; 62; 26; 26; 19; 46; 53; 24
14,40,0.30835,0.35,58; 14; 40; 82; 39; 85; 27; 22; 35; 10
20,62,0.28003,0.32258,55; 20; 62; 80; 24; 43; 10; 35; 57; 54
7,28,0.24677,0.25,29; 7; 28; 33; 69; 13; 37; 33; 67; 76
39,78,0.24063,0.5,11; 39; 78; 56; 43; 28; 19; 43; 10; 18
18,52,0.30953,0.34615,33; 18; 52; 75; 18; 77; 54; 11; 11; 47
56,68,0.22856,0.82353,36; 56; 68; 85; 43; 85; 59; 16; 45; 56
18,62,0.28567,0.29032,69; 18; 62; 51; 37; 49; 49; 39; 36; 27
51,64,0.25522,0.79688,44; 51; 64; 25; 26; 18; 64; 18; 67; 43
16,65,0.24262,0.24615,6; 16; 65; 28; 8; 84; 54; 56; 23; 68
25,54,0.32185,0.46296,42; 25; 54; 17; 75; 21; 74; 72; 49; 24
13,43,0.28666,0.30233,81; 13; 43; 16; 26; 70; 74; 77; 30; 33
32,64,0.30185,0.5,57; 32; 64; 33; 8; 33; 63; 41; 69; 17
21,71,0.28218,0.29577,20; 21; 71; 29; 75; 13; 51; 52; 64; 50
11,37,0.27653,0.2973,68; 11; 37; 6; 58; 43; 34; 35; 64; 18
20,57,0.31091,0.35088,35; 20; 57; 63; 28; 38; 75; 62; 66; 65
7,25,0.26642,0.28,76; 7; 25; 11; 65; 83; 57; 45; 15; 19
16,43,0.31427,0.37209,84; 16; 43; 8; 21; 69; 79; 37; 11; 83
31,55,0.31653,0.56364,36; 31; 55; 15; 37; 29; 11; 70; 27; 39
33,68,0.29201,0.48529,20; 33; 68; 10; 41; 24; 61; 38; 77; 58
16,66,0.24192,0.24242,7; 16; 66; 59; 71; 47; 22; 43; 59; 34
27,84,0.24049,0.32143,71; 27; 84; 76; 80; 29; 43; 54; 48; 6
19,22,0.34577,0.86364,83; 19; 22; 51; 66; 60; 16; 49; 17; 66
64,81,0.20272,0.79012,53; 64; 81; 83; 83; 32; 18; 82; 82; 62
68,85,0.17951,0.8,84; 68; 85; 36; 59; 19; 9; 38; 56; 8
22,80,0.27032,0.275,68; 22; 80; 82; 55; 61; 37; 68; 75; 46
38,45,0.31645,0.84444,71; 38; 45; 37; 19; 11; 34; 8; 76; 8
18,32,0.33897,0.5625,25; 18; 32; 19; 63; 85; 68; 11; 78; 29
15,61,0.24848,0.2459,28; 15; 61; 67; 53; 41; 27; 34; 41; 28
15,47,0.29874,0.31915,26; 15; 47; 37; 43; 50; 72; 78; 44; 23
24,48,0.33133,0.5,65; 24; 48; 25; 52; 40; 22; 22; 19; 66
36,45,0.32214,0.8,40; 36; 45; 44; 37; 79; 31; 67; 61; 66
19,63,0.2923,0.30159,10; 19; 63; 17; 67; 34; 5; 45; 35; 31
22,28,0.3482,0.78571,13; 22; 28; 38; 26; 19; 68; 75; 24; 25
27,48,0.33384,0.5625,60; 27; 48; 7; 20; 54; 11; 35; 7; 40
36,43,0.32135,0.83721,66; 36; 43; 85; 14; 51; 18; 39; 32; 41
28,75,0.27169,0.37333,84; 28; 75; 57; 16; 57; 80; 7; 24; 36
6,19,0.28243,0.31579,59; 6; 19; 58; 9; 8; 10; 78; 85; 24
8,23,0.29492,0.34783,24; 8; 23; 47; 8; 36; 43; 14; 42; 23
68,81,0.20493,0.83951,68; 68; 81; 34; 15; 30; 83; 33; 85; 85
12,15,0.31468,0.8,73; 12; 15; 73; 82; 20; 66; 80; 67; 61
33,71,0.28705,0.46479,82; 33; 71; 19; 68; 76; 19; 20; 72; 82
28,35,0.34155,0.8,15; 28; 35; 10; 73; 73; 13; 25; 81; 37
61,74,0.21421,0.82432,65; 61; 74; 24; 69; 78; 10; 9; 14; 7
26,31,0.34945,0.83871,16; 26; 31; 57; 39; 79; 57; 78; 14; 71
27,32,0.34142,0.84375,16; 27; 32; 69; 80; 83; 9; 36; 55; 8
31,55,0.32379,0.56364,68; 31; 55; 36; 57; 52; 17; 62; 58; 39
27,32,0.34146,0.84375,76; 27; 32; 24; 8; 82; 23; 5; 68; 22
23,63,0.31262,0.36508,85; 23; 63; 15; 67; 70; 21; 18; 6; 77
16,49,0.2991,0.32653,65; 16; 49; 48; 66; 45; 38; 13; 41; 60
24,74,0.27941,0.32432,66; 24; 74; 72; 83; 47; 24; 57; 10; 10
14,42,0.30233,0.33333,50; 14; 42; 42; 64; 27; 82; 48; 38; 68
32,56,0.27032,0.57143,70; 32; 56; 55; 80; 80; 8; 68; 76; 20
7,22,0.28819,0.31818,76; 7; 22; 71; 9; 45; 8; 85; 54; 77
8,27,0.27848,0.2963,51; 8; 27; 53; 16; 66; 25; 85; 27; 42
5,21,0.2337,0.2381,37; 5; 21; 80; 62; 69; 47; 83; 53; 8
24,49,0.32974,0.4898,22; 24; 49; 39; 17; 81; 66; 51; 71; 80
31,55,0.31739,0.56364,15; 31; 55; 31; 27; 40; 67; 50; 34; 68
18,60,0.28756,0.3,68; 18; 60; 49; 30; 33; 19; 17; 17; 25
20,66,0.2937,0.30303,47; 20; 66; 82; 39; 8; 82; 44; 33; 80
18,55,0.30195,0.32727,43; 18; 55; 83; 9; 22; 65; 81; 49; 12
61,74,0.215,0.82432,48; 61; 74; 48; 85; 62; 51; 83; 56; 56
46,58,0.28377,0.7931,63; 46; 58; 11; 5; 63; 77; 37; 10; 30
26,53,0.32609,0.49057,74; 26; 53; 63; 75; 84; 82; 85; 77; 52
29,79,0.27775,0.36709,84; 29; 79; 38; 84; 31; 39; 69; 28; 24
37,65,0.29146,0.56923,63; 37; 65; 79; 26; 67; 75; 76; 53; 6
37,47,0.31991,0.78723,11; 37; 47; 82; 67; 11; 23; 73; 56; 25
19,60,0.29636,0.31667,55; 19; 60; 71; 68; 84; 85; 7; 16; 30
21,60,0.31369,0.35,85; 21; 60; 41; 23; 44; 74; 25; 23; 6
27,32,0.34858,0.84375,18; 27; 32; 43; 49; 16; 20; 27; 28; 50
63,73,0.21315,0.86301,66; 63; 73; 83; 19; 75; 64; 63; 8; 84
15,47,0.29195,0.31915,70; 15; 47; 34; 11; 72; 40; 32; 32; 46
32,64,0.30255,0.5,71; 32; 64; 70; 67; 56; 40; 44; 78; 30
21,70,0.28334,0.3,62; 21; 70; 16; 78; 76; 21; 50; 14; 52
32,37,0.33558,0.86486,71; 32; 37; 69; 27; 63; 22; 41; 61; 21
24,79,0.27311,0.3038,34; 24; 79; 76; 60; 75; 41; 32; 59; 77
10,40,0.24875,0.25,48; 10; 40; 69; 53; 43; 30; 12; 20; 24
17,59,0.27606,0.28814,33; 17; 59; 62; 42; 37; 34; 15; 35; 8
15,61,0.24467,0.2459,11; 15; 61; 69; 58; 37; 21; 63; 26; 20
37,76,0.25665,0.48684,8; 37; 76; 54; 29; 13; 7; 6; 43; 46
22,63,0.31141,0.34921,74; 22; 63; 64; 53; 51; 12; 21; 35; 38
7,24,0.27631,0.29167,53; 7; 24; 22; 68; 18; 77; 11; 60; 8
19,52,0.31219,0.36538,50; 19; 52; 23; 65; 75; 48; 40; 31; 80
13,46,0.27645,0.28261,84; 13; 46; 26; 23; 48; 47; 14; 53; 78
32,64,0.30758,0.5,52; 32; 64; 5; 85; 13; 5; 13; 64; 84
35,44,0.31752,0.79545,68; 35; 44; 17; 64; 55; 81; 57; 25; 59
16,20,0.33968,0.8,81; 16; 20; 27; 65; 51; 62; 42; 47; 5
61,73,0.22142,0.83562,36; 61; 73; 37; 66; 65; 67; 85; 16; 22
19,58,0.30514,0.32759,11; 19; 58; 56; 14; 61; 29; 60; 68; 56
14,57,0.2409,0.24561,79; 14; 57; 84; 33; 78; 23; 68; 70; 40
46,80,0.23959,0.575,80; 46; 80; 57; 6; 41; 36; 64; 7; 84
20,72,0.27192,0.27778,57; 20; 72; 73; 11; 72; 31; 69; 73; 14
25,72,0.29741,0.34722,21; 25; 72; 37; 34; 65; 26; 35; 25; 16
14,25,0.33731,0.56,30; 14; 25; 23; 70; 15; 48; 73; 5; 56
17,69,0.24355,0.24638,29; 17; 69; 51; 46; 48; 15; 82; 52; 10
20,72,0.27009,0.27778,33; 20; 72; 69; 19; 75; 9; 55; 72; 82
10,41,0.238,0.2439,47; 10; 41; 33; 20; 38; 69; 84; 72; 25
23,41,0.34554,0.56098,32; 23; 41; 32; 84; 81; 51; 18; 52; 62
12,51,0.23169,0.23529,64; 12; 51; 77; 42; 50; 6; 49; 22; 77
19,55,0.30817,0.34545,77; 19; 55; 61; 5; 6; 67; 48; 56; 39
45,80,0.22395,0.5625,14; 45; 80; 39; 37; 73; 59; 55; 54; 55
7,28,0.24888,0.25,8; 7; 28; 72; 16; 57; 39; 48; 39; 37
26,82,0.2527,0.31707,22; 26; 82; 8; 70; 75; 14; 57; 84; 75
24,52,0.32893,0.46154,23; 24; 52; 84; 26; 72; 79; 21; 71; 85
27,32,0.34514,0.84375,49; 27; 32; 23; 26; 55; 37; 12; 43; 11
44,79,0.2535,0.55696,58; 44; 79; 9; 76; 12; 73; 37; 5; 74
48,61,0.26509,0.78689,36; 48; 61; 38; 8; 66; 8; 17; 20; 61
21,60,0.31338,0.35,72; 21; 60; 70; 24; 66; 22; 37; 26; 20
39,79,0.24384,0.49367,32; 39; 79; 74; 44; 75; 74; 13; 69; 54
33,72,0.27765,0.45833,19; 33; 72; 60; 56; 68; 67; 22; 39; 39
26,75,0.28391,0.34667,33; 26; 75; 34; 56; 46; 15; 40; 11; 73
9,11,0.27063,0.81818,46; 9; 11; 45; 81; 31; 33; 43; 76; 60
21,74,0.27409,0.28378,72; 21; 74; 44; 20; 58; 34; 60; 14; 20
41,50,0.30076,0.82,50; 41; 50; 58; 68; 80; 31; 66; 33; 19
29,52,0.32613,0.55769,47; 29; 52; 65; 72; 35; 73; 40; 56; 82
44,78,0.25267,0.5641,15; 44; 78; 46; 45; 42; 60; 69; 59; 10
11,46,0.23849,0.23913,50; 11; 46; 41; 37; 57; 39; 49; 83; 55
18,62,0.27981,0.29032,69; 18; 62; 54; 13; 43; 59; 44; 29; 8
6,12,0.24601,0.5,53; 6; 12; 81; 45; 72; 74; 60; 50; 63
9,36,0.24643,0.25,55; 9; 36; 15; 23; 50; 67; 55; 68; 8
15,63,0.23767,0.2381,12; 15; 63; 18; 28; 36; 48; 14; 30; 39
23,28,0.34359,0.82143,77; 23; 28; 42; 70; 30; 8; 8; 13; 70
22,79,0.26995,0.27848,62; 22; 79; 36; 63; 69; 69; 64; 41; 84
25,44,0.33289,0.56818,66; 25; 44; 68; 45; 54; 73; 81; 75; 37
18,56,0.29966,0.32143,27; 18; 56; 83; 50; 12; 41; 39; 74; 11
25,85,0.25673,0.29412,63; 25; 85; 18; 77; 6; 46; 7; 55; 25
49,61,0.26255,0.80328,81; 49; 61; 47; 8; 72; 14; 51; 69; 68
67,80,0.20094,0.8375,54; 67; 80; 23; 30; 84; 67; 54; 75; 52
67,80,0.18957,0.8375,49; 67; 80; 13; 7; 42; 37; 48; 7; 75
25,79,0.27426,0.31646,26; 25; 79; 66; 17; 15; 76; 6; 81; 36
9,27,0.29124,0.33333,8; 9; 27; 70; 6; 7; 7; 73; 59; 68
28,81,0.27571,0.34568,43; 28; 81; 82; 24; 50; 37; 61; 27; 55
26,71,0.29949,0.3662,49; 26; 71; 27; 60; 10; 44; 72; 54; 53
21,46,0.33019,0.45652,56; 21; 46; 6; 61; 77; 81; 56; 6; 28
21,60,0.31177,0.35,41; 21; 60; 52; 66; 45; 85; 75; 14; 70
19,58,0.3037,0.32759,45; 19; 58; 52; 69; 17; 15; 10; 39; 59
51,62,0.23826,0.82258,70; 51; 62; 48; 84; 23; 60; 13; 10; 25
26,52,0.32737,0.5,59; 26; 52; 13; 33; 76; 18; 72; 76; 55
16,64,0.24763,0.25,29; 16; 64; 19; 81; 9; 73; 81; 18; 25
48,84,0.24279,0.57143,52; 48; 84; 13; 16; 58; 65; 76; 9; 72
70,85,0.18617,0.82353,84; 70; 85; 81; 66; 59; 62; 27; 33; 29
19,66,0.27479,0.28788,45; 19; 66; 58; 8; 85; 8; 15; 45; 73
10,27,0.304,0.37037,18; 10; 27; 38; 41; 50; 26; 82; 81; 26
13,28,0.32604,0.46429,8; 13; 28; 55; 60; 74; 12; 73; 46; 47
10,42,0.23392,0.2381,39; 10; 42; 70; 59; 19; 47; 84; 78; 76
18,60,0.2875,0.3,49; 18; 60; 37; 42; 47; 12; 69; 58; 84
57,72,0.22569,0.79167,80; 57; 72; 65; 48; 16; 16; 48; 30; 39
24,65,0.30536,0.36923,80; 24; 65; 9; 25; 41; 63; 63; 76; 46
25,85,0.24862,0.29412,13; 25; 85; 51; 75; 33; 70; 39; 34; 18
8,32,0.24787,0.25,73; 8; 32; 45; 81; 13; 36; 80; 12; 35
9,16,0.29353,0.5625,60; 9; 16; 42; 14; 30; 82; 47; 65; 64
42,49,0.30182,0.85714,75; 42; 49; 27; 11; 74; 32; 16; 78; 11
42,75,0.23917,0.56,20; 42; 75; 49; 55; 53; 32; 30; 63; 84
22,78,0.2719,0.28205,24; 22; 78; 5; 57; 59; 50; 74; 43; 64
63,73,0.22035,0.86301,5; 63; 73; 64; 42; 27; 62; 17; 11; 57
60,70,0.22224,0.85714,56; 60; 70; 32; 51; 83; 55; 29; 51; 45
59,69,0.2301,0.85507,73; 59; 69; 47; 74; 35; 76; 79; 19; 82
28,80,0.26755,0.35,43; 28; 80; 53; 34; 69; 52; 43; 15; 76
9,28,0.29355,0.32143,33; 9; 28; 70; 66; 56; 57; 50; 69; 59
36,73,0.28488,0.49315,71; 36; 73; 69; 81; 8; 19; 62; 77; 71
28,84,0.24714,0.33333,30; 28; 84; 23; 65; 47; 41; 43; 51; 14
49,57,0.26507,0.85965,46; 49; 57; 25; 85; 85; 56; 22; 44; 82
36,44,0.32436,0.81818,56; 36; 44; 61; 56; 72; 68; 28; 23; 47
16,67,0.23705,0.23881,59; 16; 67; 14; 43; 55; 6; 48; 6; 60
18,52,0.30633,0.34615,76; 18; 52; 57; 41; 76; 54; 60; 14; 27
36,78,0.24757,0.46154,25; 36; 78; 35; 69; 60; 61; 38; 83; 15
58,71,0.22573,0.8169,84; 58; 71; 73; 81; 6; 11; 66; 6; 34
29,83,0.23711,0.3494,52; 29; 83; 53; 40; 65; 66; 60; 24; 32
34,68,0.29073,0.5,63; 34; 68; 42; 82; 25; 54; 83; 36; 31
34,61,0.29776,0.55738,23; 34; 61; 15; 66; 27; 42; 30; 74; 20
67,84,0.19574,0.79762,25; 67; 84; 41; 19; 48; 15; 65; 67; 54
52,65,0.25002,0.8,64; 52; 65; 24; 6; 18; 43; 70; 14; 77
21,43,0.34161,0.48837,7; 21; 43; 43; 6; 50; 61; 84; 20; 65
63,79,0.21513,0.79747,34; 63; 79; 38; 72; 79; 35; 42; 15; 15
32,69,0.3013,0.46377,45; 32; 69; 76; 15; 72; 64; 31; 72; 29
49,57,0.24911,0.85965,43; 49; 57; 52; 62; 67; 49; 38; 81; 82
37,80,0.25232,0.4625,14; 37; 80; 13; 12; 65; 41; 18; 43; 59
38,77,0.24076,0.49351,58; 38; 77; 32; 34; 9; 43; 33; 66; 80
27,84,0.26329,0.32143,20; 27; 84; 19; 42; 41; 42; 40; 34; 59
23,47,0.33358,0.48936,11; 23; 47; 19; 60; 37; 84; 19; 20; 40
32,64,0.29106,0.5,28; 32; 64; 56; 67; 34; 67; 69; 59; 78
17,68,0.24846,0.25,68; 17; 68; 22; 82; 80; 17; 56; 85; 43
36,63,0.2996,0.57143,6; 36; 63; 28; 36; 75; 41; 71; 41; 28
25,82,0.26856,0.30488,15; 25; 82; 33; 11; 10; 38; 77; 59; 8
23,80,0.27318,0.2875,26; 23; 80; 55; 60; 47; 66; 21; 60; 61
15,61,0.24397,0.2459,66; 15; 61; 39; 49; 84; 6; 16; 58; 16
25,51,0.32469,0.4902,67; 25; 51; 71; 20; 23; 13; 60; 53; 66
11,39,0.27107,0.28205,73; 11; 39; 66; 52; 16; 32; 39; 63; 19
18,51,0.31067,0.35294,24; 18; 51; 83; 57; 39; 32; 55; 63; 58
30,85,0.26093,0.35294,68; 30; 85; 5; 16; 81; 36; 28; 81; 8
25,79,0.27784,0.31646,74; 25; 79; 49; 6; 27; 26; 34; 51; 19
26,80,0.27791,0.325,71; 26; 80; 11; 79; 72; 19; 81; 42; 14
38,82,0.26947,0.46341,45; 38; 82; 20; 79; 19; 36; 8; 33; 36
46,82,0.22839,0.56098,73; 46; 82; 70; 59; 44; 32; 5; 79; 51
6,20,0.28029,0.3,10; 6; 20; 75; 9; 63; 36; 34; 64; 76
13,40,0.29691,0.325,11; 13; 40; 25; 53; 82; 50; 15; 40; 37
56,70,0.19887,0.8,13; 56; 70; 43; 54; 47; 75; 26; 16; 36
44,51,0.29429,0.86275,53; 44; 51; 54; 45; 81; 25; 77; 11; 20
11,14,0.29522,0.78571,58; 11; 14; 11; 16; 83; 46; 12; 39; 76
65,82,0.19744,0.79268,64; 65; 82; 21; 11; 27; 81; 41; 12; 76
7,29,0.23955,0.24138,81; 7; 29; 7; 31; 8; 59; 85; 48; 17
6,20,0.28281,0.3,36; 6; 20; 47; 59; 76; 18; 70; 23; 30
9,30,0.2728,0.3,38; 9; 30; 37; 37; 22; 31; 17; 62; 46
14,49,0.27667,0.28571,48; 14; 49; 33; 18; 22; 75; 66; 19; 83
42,51,0.27689,0.82353,30; 42; 51; 22; 18; 76; 45; 57; 58; 42
61,74,0.21346,0.82432,57; 61; 74; 14; 43; 23; 24; 27; 51; 46
8,29,0.26424,0.27586,31; 8; 29; 63; 42; 35; 60; 51; 36; 11
31,63,0.30447,0.49206,80; 31; 63; 60; 76; 67; 39; 51; 70; 82
37,65,0.28311,0.56923,57; 37; 65; 35; 47; 12; 47; 23; 27; 22
33,41,0.3352,0.80488,78; 33; 41; 85; 29; 78; 66; 20; 61; 48
27,54,0.31791,0.5,71; 27; 54; 71; 24; 37; 63; 24; 71; 22
18,49,0.31397,0.36735,84; 18; 49; 7; 14; 83; 63; 76; 21; 65
18,36,0.33929,0.5,45; 18; 36; 35; 25; 40; 47; 71; 76; 15
38,78,0.25966,0.48718,15; 38; 78; 26; 35; 64; 62; 80; 12; 80
18,62,0.28175,0.29032,5; 18; 62; 32; 26; 42; 5; 48; 56; 11
25,29,0.34315,0.86207,12; 25; 29; 43; 18; 38; 30; 76; 71; 65
11,22,0.3226,0.5,41; 11; 22; 50; 45; 32; 21; 28; 63; 66
61,76,0.21569,0.80263,36; 61; 76; 15; 80; 28; 34; 66; 77; 43
20,25,0.34481,0.8,25; 20; 25; 33; 40; 75; 60; 42; 58; 48
17,70,0.2402,0.24286,77; 17; 70; 5; 54; 18; 31; 12; 73; 17
53,67,0.23429,0.79104,83; 53; 67; 30; 47; 69; 53; 13; 18; 83
25,77,0.27473,0.32468,13; 25; 77; 41; 31; 53; 60; 22; 39; 60
26,80,0.27739,0.325,70; 26; 80; 80; 78; 67; 27; 7; 64; 74
19,24,0.34225,0.79167,21; 19; 24; 22; 62; 50; 78; 52; 59; 67
18,71,0.2529,0.25352,83; 18; 71; 34; 76; 32; 40; 19; 34; 83
66,79,0.20701,0.83544,81; 66; 79; 53; 76; 13; 15; 56; 23; 46
21,25,0.35105,0.84,44; 21; 25; 82; 54; 32; 28; 56; 23; 57
7,29,0.23927,0.24138,70; 7; 29; 56; 59; 67; 15; 75; 80; 46
17,69,0.24316,0.24638,42; 17; 69; 68; 19; 18; 46; 30; 22; 42
70,85,0.19668,0.82353,32; 70; 85; 16; 67; 31; 45; 70; 45; 52
27,78,0.27794,0.34615,41; 27; 78; 15; 69; 35; 81; 63; 18; 56
31,84,0.26091,0.36905,43; 31; 84; 80; 5; 47; 63; 85; 32; 82
20,85,0.23717,0.23529,22; 20; 85; 43; 66; 13; 28; 75; 7; 11
23,78,0.27876,0.29487,9; 23; 78; 29; 26; 16; 54; 9; 9; 73
36,72,0.26676,0.5,81; 36; 72; 32; 12; 13; 26; 82; 33; 67
10,27,0.30512,0.37037,70; 10; 27; 80; 15; 26; 67; 74; 80; 9
59,70,0.23742,0.84286,42; 59; 70; 83; 20; 17; 52; 76; 12; 41
19,57,0.30616,0.33333,32; 19; 57; 19; 40; 13; 12; 27; 6; 18
50,63,0.26165,0.79365,29; 50; 63; 12; 20; 51; 41; 10; 9; 55
13,55,0.23538,0.23636,60; 13; 55; 63; 17; 74; 45; 36; 19; 33
31,67,0.30252,0.46269,28; 31; 67; 34; 16; 41; 5; 9; 65; 20
27,48,0.32966,0.5625,82; 27; 48; 82; 33; 8; 64; 80; 48; 82
25,68,0.2942,0.36765,27; 25; 68; 52; 63; 65; 77; 85; 7; 43
32,65,0.29419,0.49231,82; 32; 65; 18; 70; 8; 20; 80; 69; 37
50,63,0.26188,0.79365,6; 50; 63; 46; 64; 47; 18; 24; 15; 55
43,54,0.29841,0.7963,55; 43; 54; 64; 47; 78; 71; 78; 65; 40
36,45,0.32261,0.8,21; 36; 45; 85; 52; 85; 84; 82; 75; 18
13,41,0.29931,0.31707,7; 13; 41; 59; 37; 70; 23; 52; 64; 80
19,24,0.33445,0.79167,16; 19; 24; 39; 45; 26; 13; 11; 26; 17
18,73,0.24033,0.24658,68; 18; 73; 61; 43; 56; 8; 43; 46; 32
13,55,0.2351,0.23636,47; 13; 55; 66; 45; 39; 18; 44; 60; 5
32,64,0.30597,0.5,5; 32; 64; 22; 30; 26; 48; 76; 69; 37
68,85,0.19718,0.8,44; 68; 85; 46; 65; 39; 76; 50; 52; 36
11,45,0.2435,0.24444,25; 11; 45; 83; 13; 15; 62; 46; 62; 79
35,61,0.29612,0.57377,12; 35; 61; 29; 83; 79; 16; 37; 41; 73
59,69,0.20065,0.85507,50; 59; 69; 56; 62; 49; 27; 19; 30; 42
51,62,0.25683,0.82258,13; 51; 62; 55; 78; 54; 26; 58; 58; 74
36,74,0.27047,0.48649,41; 36; 74; 31; 74; 16; 85; 75; 31; 25
21,42,0.34101,0.5,40; 21; 42; 12; 32; 52; 72; 80; 21; 11
44,55,0.28514,0.8,70; 44; 55; 58; 21; 28; 32; 41; 73; 42
32,70,0.29363,0.45714,60; 32; 70; 40; 47; 81; 44; 42; 10; 42
28,85,0.26253,0.32941,50; 28; 85; 21; 28; 50; 61; 62; 47; 80
60,70,0.22187,0.85714,5; 60; 70; 76; 49; 6; 11; 43; 59; 59
46,55,0.2716,0.83636,80; 46; 55; 71; 56; 6; 29; 34; 22; 57
29,82,0.27893,0.35366,19; 29; 82; 55; 23; 34; 82; 48; 72; 79
36,78,0.2593,0.46154,72; 36; 78; 24; 18; 27; 32; 17; 7; 44
13,28,0.32482,0.46429,24; 13; 28; 35; 60; 57; 38; 52; 53; 79
36,43,0.31567,0.83721,18; 36; 43; 59; 55; 64; 25; 25; 47; 6
23,81,0.26908,0.28395,16; 23; 81; 77; 75; 68; 14; 75; 70; 8
60,76,0.21606,0.78947,48; 60; 76; 84; 47; 7; 52; 72; 70; 16
42,75,0.24483,0.56,66; 42; 75; 71; 63; 81; 39; 54; 16; 10
22,59,0.32221,0.37288,56; 22; 59; 34; 69; 33; 45; 34; 22; 32
29,84,0.26572,0.34524,57; 29; 84; 44; 53; 66; 82; 16; 58; 39
64,74,0.2118,0.86486,76; 64; 74; 13; 45; 45; 17; 26; 5; 76
62,72,0.21319,0.86111,52; 62; 72; 22; 14; 26; 8; 46; 84; 17
12,41,0.28025,0.29268,65; 12; 41; 9; 69; 31; 28; 81; 65; 12
44,55,0.28895,0.8,10; 44; 55; 49; 61; 52; 45; 61; 8; 60
51,64,0.23549,0.79688,82; 51; 64; 66; 12; 30; 68; 14; 58; 44
61,77,0.20408,0.79221,85; 61; 77; 16; 45; 46; 65; 43; 69; 66
13,41,0.29532,0.31707,83; 13; 41; 26; 51; 53; 54; 6; 52; 85
46,82,0.23189,0.56098,8; 46; 82; 68; 78; 27; 79; 25; 53; 55
9,11,0.26623,0.81818,53; 9; 11; 18; 51; 72; 33; 60; 33; 31
39,84,0.23589,0.46429,74; 39; 84; 83; 20; 18; 70; 26; 32; 22
18,72,0.25105,0.25,52; 18; 72; 50; 19; 61; 18; 32; 71; 61
12,51,0.23244,0.23529,82; 12; 51; 57; 29; 6; 41; 70; 47; 62
35,61,0.31333,0.57377,74; 35; 61; 57; 46; 26; 77; 25; 56; 55
9,26,0.29966,0.34615,52; 9; 26; 62; 6; 70; 72; 83; 39; 48
10,35,0.27828,0.28571,56; 10; 35; 30; 23; 40; 25; 77; 10; 84
14,17,0.32807,0.82353,55; 14; 17; 61; 7; 85; 45; 33; 30; 40
16,46,0.30995,0.34783,81; 16; 46; 76; 79; 55; 11; 20; 51; 85
13,43,0.28826,0.30233,79; 13; 43; 84; 82; 71; 44; 21; 67; 25
43,54,0.29784,0.7963,70; 43; 54; 36; 14; 26; 81; 28; 78; 29
27,32,0.34565,0.84375,25; 27; 32; 19; 29; 16; 10; 78; 75; 18
20,35,0.34294,0.57143,35; 20; 35; 52; 12; 31; 5; 77; 12; 23
39,84,0.21444,0.46429,61; 39; 84; 46; 8; 19; 52; 32; 23; 44
42,85,0.22481,0.49412,71; 42; 85; 65; 20; 5; 72; 55; 5; 9
39,69,0.2765,0.56522,24; 39; 69; 8; 13; 47; 7; 37; 9; 47
18,76,0.2386,0.23684,11; 18; 76; 82; 56; 53; 83; 19; 42; 37
8,32,0.24086,0.25,27; 8; 32; 18; 65; 13; 46; 50; 45; 83
30,61,0.31316,0.4918,80; 30; 61; 12; 57; 21; 5; 9; 83; 64
63,79,0.21624,0.79747,45; 63; 79; 9; 8; 65; 50; 20; 56; 80
12,38,0.29549,0.31579,60; 12; 38; 72; 27; 34; 36; 61; 79; 46
50,58,0.27423,0.86207,31; 50; 58; 12; 31; 70; 22; 59; 49; 48
21,66,0.29597,0.31818,65; 21; 66; 47; 46; 47; 9; 35; 25; 38
17,70,0.23764,0.24286,36; 17; 70; 55; 51; 13; 56; 61; 21; 29
43,50,0.30253,0.86,60; 43; 50; 68; 6; 43; 68; 44; 36; 35
13,45,0.27754,0.28889,7; 13; 45; 82; 35; 5; 85; 77; 67; 47
10,31,0.29142,0.32258,34; 10; 31; 51; 85; 79; 65; 80; 38; 31
23,50,0.33566,0.46,8; 23; 50; 63; 47; 68; 12; 36; 25; 29
61,76,0.21372,0.80263,17; 61; 76; 72; 61; 18; 19; 65; 42; 25
24,28,0.3443,0.85714,29; 24; 28; 84; 23; 77; 52; 60; 37; 25
36,42,0.32443,0.85714,12; 36; 42; 54; 74; 6; 16; 75; 30; 24
18,55,0.29935,0.32727,63; 18; 55; 13; 65; 56; 80; 16; 80; 5
31,55,0.3229,0.56364,22; 31; 55; 81; 43; 36; 39; 85; 21; 35
36,73,0.26721,0.49315,16; 36; 73; 23; 74; 20; 10; 8; 61; 82
18,56,0.29562,0.32143,39; 18; 56; 22; 81; 41; 13; 79; 43; 38
42,75,0.26511,0.56,46; 42; 75; 45; 11; 70; 62; 54; 36; 66
20,40,0.33626,0.5,10; 20; 40; 11; 75; 51; 49; 66; 50; 13
20,41,0.3415,0.4878,64; 20; 41; 35; 65; 74; 16; 26; 38; 58
29,83,0.2709,0.3494,14; 29; 83; 29; 57; 19; 65; 68; 66; 10
40,71,0.26938,0.56338,72; 40; 71; 7; 33; 67; 14; 84; 5; 83
19,24,0.34449,0.79167,40; 19; 24; 74; 37; 71; 64; 44; 49; 31
16,63,0.25385,0.25397,83; 16; 63; 21; 24; 85; 19; 76; 56; 63
46,58,0.27508,0.7931,42; 46; 58; 6; 46; 18; 58; 23; 55; 55
44,79,0.24078,0.55696,80; 44; 79; 22; 85; 20; 20; 33; 64; 24
26,80,0.27618,0.325,20; 26; 80; 26; 47; 39; 16; 65; 56; 68
27,48,0.33006,0.5625,62; 27; 48; 84; 7; 57; 82; 11; 71; 27
26,79,0.26872,0.32911,16; 26; 79; 56; 29; 46; 15; 40; 85; 41
29,52,0.32213,0.55769,25; 29; 52; 76; 27; 69; 42; 21; 13; 53
17,30,0.33815,0.56667,23; 17; 30; 26; 26; 34; 36; 6; 61; 36
38,76,0.23647,0.5,62; 38; 76; 28; 43; 14; 5; 9; 77; 34
22,76,0.2739,0.28947,60; 22; 76; 50; 41; 10; 14; 30; 16; 69
32,40,0.33056,0.8,78; 32; 40; 36; 32; 55; 75; 45; 15; 7
69,80,0.19824,0.8625,8; 69; 80; 59; 47; 36; 80; 38; 41; 80
63,75,0.21288,0.84,27; 63; 75; 7; 55; 54; 74; 50; 44; 33
26,46,0.33251,0.56522,23; 26; 46; 81; 50; 85; 45; 73; 62; 51
23,66,0.29872,0.34848,61; 23; 66; 19; 18; 52; 49; 85; 74; 67
36,42,0.32296,0.85714,52; 36; 42; 40; 53; 22; 14; 63; 17; 12
47,57,0.27403,0.82456,44; 47; 57; 41; 85; 12; 20; 82; 28; 46
16,50,0.29753,0.32,20; 16; 50; 25; 80; 23; 50; 82; 28; 26
18,55,0.3034,0.32727,62; 18; 55; 49; 5; 34; 6; 83; 38; 9
6,17,0.27409,0.35294,81; 6; 17; 9; 10; 24; 22; 77; 48; 53
10,40,0.2411,0.25,11; 10; 40; 11; 20; 16; 34; 74; 74; 45
24,73,0.28934,0.32877,46; 24; 73; 27; 80; 16; 30; 67; 61; 49
40,71,0.26703,0.56338,65; 40; 71; 7; 58; 9; 65; 50; 48; 41
13,44,0.28307,0.29545,71; 13; 44; 68; 51; 24; 81; 19; 52; 80
24,82,0.268,0.29268,50; 24; 82; 85; 60; 85; 52; 49; 21; 75
22,73,0.28464,0.30137,33; 22; 73; 77; 43; 52; 63; 40; 38; 41
13,46,0.27596,0.28261,35; 13; 46; 84; 55; 63; 35; 24; 56; 60
50,58,0.26706,0.86207,44; 50; 58; 57; 14; 62; 71; 73; 27; 39
9,18,0.30691,0.5,26; 9; 18; 40; 17; 47; 70; 82; 77; 40
28,35,0.34535,0.8,27; 28; 35; 41; 38; 58; 77; 53; 73; 36
39,78,0.25648,0.5,77; 39; 78; 68; 78; 37; 46; 61; 85; 39
39,78,0.25052,0.5,67; 39; 78; 72; 7; 31; 11; 49; 33; 81
18,61,0.28629,0.29508,75; 18; 61; 60; 16; 28; 50; 78; 7; 85
39,78,0.27227,0.5,23; 39; 78; 72; 42; 61; 18; 34; 27; 69
19,79,0.24087,0.24051,14; 19; 79; 33; 9; 21; 46; 11; 38; 75
20,25,0.33947,0.8,28; 20; 25; 29; 28; 55; 48; 54; 62; 36
21,57,0.31163,0.36842,39; 21; 57; 36; 58; 79; 43; 81; 20; 46
22,48,0.33069,0.45833,82; 22; 48; 66; 73; 35; 26; 69; 80; 60
16,32,0.3317,0.5,70; 16; 32; 46; 56; 34; 84; 68; 40; 79
21,75,0.27205,0.28,27; 21; 75; 59; 7; 78; 30; 26; 15; 15
29,83,0.26435,0.3494,34; 29; 83; 10; 10; 63; 27; 38; 71; 31
26,53,0.3324,0.49057,54; 26; 53; 31; 7; 71; 18; 32; 71; 75
16,64,0.24777,0.25,31; 16; 64; 27; 70; 21; 83; 50; 23; 27
25,84,0.24678,0.29762,76; 25; 84; 31; 14; 78; 56; 32; 74; 55
6,21,0.2678,0.28571,74; 6; 21; 23; 64; 39; 65; 13; 48; 61
17,72,0.23674,0.23611,41; 17; 72; 77; 14; 79; 35; 23; 13; 78
33,41,0.32469,0.80488,63; 33; 41; 85; 22; 53; 20; 66; 76; 14
8,28,0.27218,0.28571,27; 8; 28; 19; 62; 46; 26; 51; 46; 16
61,74,0.19538,0.82432,19; 61; 74; 27; 62; 48; 52; 48; 29; 15
10,20,0.31497,0.5,48; 10; 20; 44; 57; 61; 34; 31; 55; 21
20,57,0.30724,0.35088,39; 20; 57; 21; 74; 17; 39; 70; 53; 70
29,52,0.32868,0.55769,53; 29; 52; 26; 85; 76; 65; 22; 49; 49
47,83,0.24208,0.56627,58; 47; 83; 56; 40; 73; 38; 65; 21; 61
25,75,0.28672,0.33333,5; 25; 75; 58; 46; 79; 23; 12; 81; 71
61,76,0.21502,0.80263,51; 61; 76; 42; 45; 22; 80; 80; 55; 14
63,77,0.20633,0.81818,18; 63; 77; 10; 5; 43; 38; 22; 35; 76
27,73,0.28865,0.36986,63; 27; 73; 64; 51; 60; 41; 73; 56; 26
27,73,0.2909,0.36986,12; 27; 73; 13; 50; 50; 75; 69; 48; 22
19,80,0.23642,0.2375,81; 19; 80; 16; 79; 75; 28; 54; 11; 47
26,81,0.27618,0.32099,82; 26; 81; 67; 35; 82; 30; 54; 83; 13
8,34,0.23272,0.23529,33; 8; 34; 69; 63; 30; 12; 69; 73; 83
28,81,0.26974,0.34568,60; 28; 81; 80; 70; 62; 72; 66; 15; 26
14,40,0.31236,0.35,34; 14; 40; 46; 38; 75; 83; 28; 26; 7
24,68,0.30158,0.35294,68; 24; 68; 65; 77; 70; 65; 74; 72; 36
5,10,0.1764,0.5,40; 5; 10; 49; 85; 15; 80; 5; 52; 72
33,71,0.27845,0.46479,76; 33; 71; 20; 38; 42; 71; 18; 15; 31
16,46,0.30969,0.34783,73; 16; 46; 61; 68; 23; 12; 80; 80; 55
9,26,0.29914,0.34615,72; 9; 26; 84; 60; 57; 73; 65; 45; 43
17,70,0.241,0.24286,75; 17; 70; 37; 22; 73; 55; 9; 54; 54
12,41,0.28278,0.29268,84; 12; 41; 63; 50; 54; 58; 40; 41; 65
20,85,0.23787,0.23529,61; 20; 85; 78; 44; 83; 15; 68; 43; 85
25,77,0.27747,0.32468,75; 25; 77; 22; 5; 43; 50; 34; 45; 20
21,74,0.27543,0.28378,21; 21; 74; 61; 29; 44; 18; 83; 68; 56
22,60,0.31654,0.36667,64; 22; 60; 49; 44; 64; 52; 57; 76; 45
10,42,0.23389,0.2381,7; 10; 42; 13; 43; 25; 6; 39; 27; 5
39,79,0.24652,0.49367,51; 39; 79; 20; 21; 61; 62; 59; 46; 59
16,43,0.31563,0.37209,71; 16; 43; 85; 59; 52; 34; 51; 45; 19
6,17,0.2763,0.35294,17; 6; 17; 11; 81; 63; 53; 13; 53; 57
66,83,0.19715,0.79518,74; 66; 83; 63; 56; 61; 19; 77; 38; 18
69,82,0.18902,0.84146,39; 69; 82; 60; 36; 24; 82; 81; 6; 7
26,56,0.3128,0.46429,77; 26; 56; 32; 28; 6; 70; 42; 24; 76
27,77,0.26809,0.35065,66; 27; 77; 12; 43; 23; 58; 61; 24; 65
37,47,0.30602,0.78723,73; 37; 47; 65; 85; 47; 61; 30; 9; 52
19,38,0.33942,0.5,51; 19; 38; 49; 19; 30; 71; 45; 6; 5
31,39,0.34036,0.79487,82; 31; 39; 73; 28; 9; 18; 13; 12; 11
26,80,0.26949,0.325,30; 26; 80; 29; 44; 15; 71; 77; 68; 77
7,28,0.2515,0.25,47; 7; 28; 44; 80; 23; 64; 27; 8; 36
52,65,0.23506,0.8,22; 52; 65; 39; 64; 11; 74; 62; 33; 27
18,49,0.31837,0.36735,47; 18; 49; 76; 56; 75; 47; 51; 36; 19
20,68,0.2824,0.29412,68; 20; 68; 74; 11; 32; 67; 34; 7; 18
29,51,0.32702,0.56863,49; 29; 51; 19; 55; 41; 6; 54; 71; 6
16,63,0.25227,0.25397,15; 16; 63; 47; 63; 42; 60; 18; 69; 35
14,49,0.27783,0.28571,82; 14; 49; 78; 29; 25; 9; 18; 44; 28
7,19,0.29793,0.36842,60; 7; 19; 44; 44; 71; 77; 40; 21; 58
71,83,0.19692,0.85542,49; 71; 83; 25; 77; 57; 44; 27; 11; 41
24,82,0.24773,0.29268,83; 24; 82; 13; 78; 57; 42; 7; 65; 31
18,52,0.30817,0.34615,74; 18; 52; 45; 43; 9; 61; 78; 29; 5
20,40,0.32916,0.5,69; 20; 40; 44; 26; 72; 61; 17; 82; 50
7,23,0.2767,0.30435,21; 7; 23; 20; 12; 66; 69; 38; 49; 47
23,41,0.3385,0.56098,74; 23; 41; 5; 69; 14; 52; 58; 23; 61
66,77,0.20862,0.85714,41; 66; 77; 33; 65; 49; 76; 84; 44; 69
44,51,0.29834,0.86275,59; 44; 51; 71; 5; 35; 28; 18; 83; 5
21,43,0.33571,0.48837,13; 21; 43; 11; 80; 26; 67; 71; 47; 8
39,84,0.24302,0.46429,13; 39; 84; 39; 59; 70; 19; 9; 19; 34
29,78,0.27793,0.37179,8; 29; 78; 39; 57; 72; 7; 31; 53; 20
19,66,0.27954,0.28788,78; 19; 66; 28; 23; 58; 6; 54; 13; 16
30,38,0.33583,0.78947,8; 30; 38; 69; 72; 6; 63; 49; 70; 46
22,28,0.34371,0.78571,15; 22; 28; 65; 12; 45; 76; 21; 66; 36
9,30,0.28596,0.3,74; 9; 30; 18; 36; 83; 82; 30; 31; 26
18,74,0.2381,0.24324,20; 18; 74; 61; 85; 39; 54; 51; 75; 34
19,58,0.30413,0.32759,24; 19; 58; 19; 63; 73; 63; 8; 35; 16
25,85,0.25047,0.29412,67; 25; 85; 84; 79; 55; 85; 32; 52; 15
5,15,0.23802,0.33333,39; 5; 15; 63; 75; 68; 44; 81; 66; 57
20,25,0.34699,0.8,59; 20; 25; 72; 33; 43; 79; 20; 64; 74
52,66,0.25306,0.78788,33; 52; 66; 5; 61; 32; 26; 38; 67; 42
64,80,0.2058,0.8,54; 64; 80; 39; 67; 53; 30; 19; 19; 50
50,58,0.26782,0.86207,61; 50; 58; 75; 83; 27; 21; 25; 59; 24
40,81,0.24477,0.49383,47; 40; 81; 73; 33; 64; 13; 50; 83; 11
23,81,0.27196,0.28395,29; 23; 81; 75; 79; 12; 19; 45; 85; 35
21,83,0.24996,0.25301,64; 21; 83; 50; 33; 17; 53; 56; 46; 19
22,45,0.33373,0.48889,54; 22; 45; 48; 21; 38; 52; 19; 65; 74
16,53,0.2869,0.30189,12; 16; 53; 56; 11; 25; 5; 56; 66; 81
15,47,0.29617,0.31915,20; 15; 47; 50; 59; 50; 42; 84; 38; 70
24,76,0.28354,0.31579,64; 24; 76; 42; 8; 42; 41; 79; 7; 67
45,56,0.28584,0.80357,23; 45; 56; 23; 49; 6; 39; 58; 43; 27
68,81,0.19698,0.83951,17; 68; 81; 26; 74; 11; 82; 43; 8; 10
19,67,0.27533,0.28358,17; 19; 67; 25; 65; 52; 28; 49; 12; 67
21,43,0.34364,0.48837,59; 21; 43; 21; 51; 80; 51; 84; 48; 64
14,48,0.283,0.29167,46; 14; 48; 76; 6; 39; 49; 7; 17; 18
64,76,0.19305,0.84211,63; 64; 76; 73; 85; 73; 53; 85; 30; 72
52,66,0.23056,0.78788,79; 52; 66; 37; 12; 12; 73; 7; 26; 66
11,22,0.32101,0.5,63; 11; 22; 72; 28; 55; 51; 37; 82; 44
18,49,0.31912,0.36735,71; 18; 49; 44; 69; 85; 25; 47; 69; 21
44,77,0.24544,0.57143,68; 44; 77; 32; 23; 21; 27; 24; 60; 67
15,30,0.33337,0.5,82; 15; 30; 21; 11; 45; 84; 66; 77; 66
15,50,0.28677,0.3,47; 15; 50; 24; 14; 10; 36; 56; 46; 49
29,51,0.32562,0.56863,69; 29; 51; 55; 66; 35; 23; 67; 44; 18
31,62,0.29959,0.5,39; 31; 62; 34; 56; 74; 27; 16; 14; 65
34,61,0.29978,0.55738,11; 34; 61; 70; 64; 16; 13; 31; 55; 51
16,49,0.30036,0.32653,42; 16; 49; 15; 78; 81; 40; 58; 25; 45
12,42,0.27826,0.28571,16; 12; 42; 9; 29; 82; 64; 23; 81; 33
23,62,0.31042,0.37097,47; 23; 62; 5; 54; 17; 43; 35; 56; 84
11,34,0.29397,0.32353,62; 11; 34; 60; 74; 23; 57; 30; 23; 17
24,65,0.3074,0.36923,54; 24; 65; 6; 28; 18; 10; 5; 5; 47
35,44,0.32281,0.79545,65; 35; 44; 40; 37; 31; 43; 23; 69; 38
15,19,0.33423,0.78947,82; 15; 19; 69; 33; 9; 65; 72; 29; 34
10,36,0.26753,0.27778,47; 10; 36; 15; 14; 26; 24; 58; 72; 61
6,20,0.28058,0.3,14; 6; 20; 59; 51; 74; 9; 45; 50; 6
42,84,0.23856,0.5,11; 42; 84; 32; 16; 76; 67; 20; 56; 30
23,66,0.30814,0.34848,33; 23; 66; 39; 30; 73; 11; 62; 16; 67
37,46,0.32414,0.80435,62; 37; 46; 70; 40; 31; 67; 17; 76; 44
22,80,0.26947,0.275,83; 22; 80; 48; 83; 68; 44; 19; 22; 28
24,76,0.28544,0.31579,65; 24; 76; 47; 13; 51; 50; 75; 11; 33
47,82,0.22294,0.57317,57; 47; 82; 15; 41; 36; 80; 43; 23; 35
15,41,0.31214,0.36585,64; 15; 41; 59; 71; 64; 16; 59; 43; 68
61,74,0.2134,0.82432,73; 61; 74; 43; 34; 36; 51; 5; 7; 62
20,82,0.23773,0.2439,49; 20; 82; 74; 36; 69; 69; 5; 36; 40
26,33,0.34745,0.78788,11; 26; 33; 66; 75; 11; 10; 68; 33; 40
6,17,0.26693,0.35294,47; 6; 17; 71; 9; 35; 47; 37; 26; 67
23,50,0.32584,0.46,28; 23; 50; 63; 33; 60; 81; 73; 40; 75
6,18,0.27485,0.33333,61; 6; 18; 22; 64; 67; 27; 38; 69; 24
19,68,0.27596,0.27941,46; 19; 68; 20; 53; 39; 61; 71; 62; 29
31,62,0.30962,0.5,48; 31; 62; 25; 14; 23; 14; 48; 44; 32
40,49,0.30854,0.81633,54; 40; 49; 40; 53; 34; 76; 63; 18; 7
70,83,0.19501,0.84337,19; 70; 83; 82; 6; 5; 19; 36; 27; 31
67,84,0.18977,0.79762,13; 67; 84; 28; 31; 8; 25; 80; 29; 61
22,44,0.34029,0.5,80; 22; 44; 82; 31; 58; 42; 55; 74; 44
14,56,0.24492,0.25,76; 14; 56; 5; 43; 72; 14; 71; 67; 10
20,66,0.28838,0.30303,32; 20; 66; 5; 49; 70; 50; 61; 63; 49
19,38,0.33806,0.5,78; 19; 38; 67; 27; 65; 48; 26; 69; 13
18,76,0.23848,0.23684,79; 18; 76; 12; 23; 14; 13; 18; 26; 34
39,68,0.28798,0.57353,43; 39; 68; 61; 85; 38; 25; 76; 65; 73
16,46,0.31163,0.34783,79; 16; 46; 60; 32; 53; 36; 28; 66; 85
17,30,0.33786,0.56667,12; 17; 30; 16; 47; 54; 14; 68; 46; 53
16,28,0.3392,0.57143,36; 16; 28; 20; 8; 11; 68; 13; 77; 32
24,49,0.33043,0.4898,45; 24; 49; 5; 50; 13; 80; 55; 77; 32
36,64,0.26576,0.5625,18; 36; 64; 12; 8; 59; 66; 67; 82; 37
58,69,0.23432,0.84058,76; 58; 69; 66; 71; 60; 49; 38; 82; 31
18,65,0.27031,0.27692,60; 18; 65; 26; 47; 58; 75; 9; 33; 81
56,65,0.22943,0.86154,79; 56; 65; 9; 50; 7; 56; 28; 76; 12
27,82,0.26124,0.32927,84; 27; 82; 43; 73; 47; 70; 76; 23; 23
63,80,0.21451,0.7875,79; 63; 80; 42; 77; 13; 39; 38; 19; 72
66,82,0.20475,0.80488,28; 66; 82; 58; 78; 70; 72; 46; 62; 44
18,52,0.30366,0.34615,81; 18; 52; 42; 17; 32; 61; 66; 71; 41
64,76,0.21486,0.84211,33; 64; 76; 48; 35; 10; 46; 17; 49; 68
43,77,0.2492,0.55844,27; 43; 77; 82; 84; 47; 58; 79; 82; 8
9,27,0.29577,0.33333,68; 9; 27; 33; 15; 19; 69; 22; 14; 18
30,61,0.31334,0.4918,85; 30; 61; 45; 71; 43; 7; 70; 71; 79
46,80,0.23606,0.575,65; 46; 80; 61; 41; 27; 79; 83; 12; 45
41,72,0.25987,0.56944,38; 41; 72; 27; 48; 31; 6; 71; 12; 66
21,43,0.34089,0.48837,24; 21; 43; 57; 81; 43; 45; 28; 11; 53
29,84,0.25741,0.34524,14; 29; 84; 78; 6; 62; 34; 63; 46; 22
26,53,0.32746,0.49057,68; 26; 53; 29; 48; 19; 33; 66; 63; 6
13,45,0.28137,0.28889,65; 13; 45; 63; 11; 61; 66; 45; 27; 30
64,80,0.2005,0.8,23; 64; 80; 7; 53; 62; 11; 61; 10; 46
15,53,0.27867,0.28302,9; 15; 53; 34; 40; 53; 37; 48; 26; 16
16,58,0.27259,0.27586,52; 16; 58; 44; 49; 73; 74; 64; 37; 58
50,63,0.26401,0.79365,37; 50; 63; 84; 71; 81; 13; 42; 27; 72
21,46,0.33764,0.45652,69; 21; 46; 63; 67; 10; 23; 60; 19; 17
32,57,0.31194,0.5614,38; 32; 57; 19; 6; 21; 27; 24; 18; 77
25,68,0.30237,0.36765,28; 25; 68; 85; 84; 67; 70; 40; 74; 79
15,30,0.33445,0.5,46; 15; 30; 52; 61; 59; 31; 23; 57; 7
36,79,0.25858,0.4557,6; 36; 79; 52; 40; 14; 45; 68; 7; 52
25,72,0.29475,0.34722,66; 25; 72; 17; 38; 33; 32; 8; 83; 7
16,54,0.28515,0.2963,76; 16; 54; 34; 47; 16; 27; 80; 65; 30
10,33,0.28353,0.30303,36; 10; 33; 25; 58; 81; 25; 39; 28; 85
18,74,0.246,0.24324,54; 18; 74; 83; 43; 68; 6; 28; 60; 49
13,54,0.23853,0.24074,46; 13; 54; 85; 55; 11; 65; 8; 61; 50
18,57,0.29747,0.31579,72; 18; 57; 85; 74; 6; 82; 68; 75; 57
15,47,0.29752,0.31915,52; 15; 47; 60; 66; 11; 68; 33; 70; 47
41,72,0.23989,0.56944,20; 41; 72; 60; 5; 56; 81; 67; 47; 26
24,49,0.33322,0.4898,66; 24; 49; 84; 12; 6; 80; 69; 83; 20
64,80,0.20432,0.8,11; 64; 80; 32; 48; 50; 6; 73; 48; 78
53,65,0.24213,0.81538,56; 53; 65; 83; 47; 5; 11; 85; 5; 60
60,75,0.20337,0.8,30; 60; 75; 36; 49; 15; 29; 23; 82; 38
29,58,0.32055,0.5,7; 29; 58; 24; 74; 34; 57; 64; 33; 45
10,27,0.30787,0.37037,53; 10; 27; 25; 55; 13; 52; 33; 46; 22
47,84,0.21231,0.55952,47; 47; 84; 79; 37; 64; 74; 16; 37; 12
28,80,0.27164,0.35,85; 28; 80; 26; 15; 53; 7; 60; 53; 51
21,65,0.29935,0.32308,39; 21; 65; 42; 37; 44; 31; 84; 55; 72
25,82,0.26917,0.30488,13; 25; 82; 58; 21; 64; 5; 44; 52; 5
19,66,0.28651,0.28788,54; 19; 66; 41; 55; 67; 22; 30; 21; 44
60,70,0.21955,0.85714,23; 60; 70; 70; 49; 80; 6; 14; 77; 81
37,74,0.26671,0.5,47; 37; 74; 77; 33; 64; 16; 73; 20; 65
41,52,0.27083,0.78846,55; 41; 52; 18; 56; 52; 6; 19; 55; 68
37,74,0.27317,0.5,36; 37; 74; 51; 30; 14; 85; 41; 20; 83
37,47,0.31903,0.78723,44; 37; 47; 69; 10; 41; 25; 30; 65; 50
24,69,0.30092,0.34783,19; 24; 69; 80; 65; 35; 85; 31; 59; 70
11,24,0.3206,0.45833,50; 11; 24; 47; 28; 6; 23; 68; 14; 18
12,38,0.29371,0.31579,55; 12; 38; 21; 7; 80; 43; 46; 53; 80
28,49,0.33356,0.57143,26; 28; 49; 66; 70; 43; 65; 78; 81; 40
26,71,0.29856,0.3662,58; 26; 71; 47; 20; 43; 84; 23; 57; 23
66,82,0.19795,0.80488,64; 66; 82; 34; 56; 21; 70; 64; 79; 40
17,51,0.30162,0.33333,75; 17; 51; 29; 72; 42; 34; 24; 53; 30
9,30,0.28165,0.3,9; 9; 30; 72; 42; 28; 35; 63; 24; 6
13,39,0.30245,0.33333,76; 13; 39; 51; 43; 67; 42; 44; 49; 59
18,63,0.2763,0.28571,56; 18; 63; 71; 31; 27; 64; 66; 40; 26
28,75,0.28418,0.37333,12; 28; 75; 53; 10; 58; 46; 75; 35; 39
14,42,0.30017,0.33333,23; 14; 42; 40; 65; 24; 13; 20; 76; 45
17,49,0.30429,0.34694,50; 17; 49; 20; 53; 66; 62; 64; 54; 37
40,80,0.24495,0.5,85; 40; 80; 40; 57; 64; 22; 33; 45; 65
5,18,0.25252,0.27778,18; 5; 18; 19; 47; 67; 29; 55; 75; 15
24,30,0.3463,0.8,71; 24; 30; 37; 62; 29; 12; 79; 40; 16
33,59,0.31249,0.55932,59; 33; 59; 19; 52; 73; 36; 84; 38; 16
60,70,0.22655,0.85714,17; 60; 70; 54; 31; 35; 47; 21; 68; 36
64,76,0.21803,0.84211,27; 64; 76; 22; 81; 25; 23; 50; 83; 19
69,84,0.18704,0.82143,47; 69; 84; 18; 20; 80; 44; 40; 80; 68
9,37,0.24465,0.24324,84; 9; 37; 5; 56; 45; 85; 28; 34; 31
41,83,0.23192,0.49398,74; 41; 83; 15; 11; 9; 76; 8; 52; 69
8,14,0.26819,0.57143,41; 8; 14; 69; 72; 59; 27; 15; 15; 74
16,56,0.27872,0.28571,12; 16; 56; 38; 15; 58; 54; 37; 8; 26
9,11,0.25432,0.81818,70; 9; 11; 65; 10; 61; 47; 68; 69; 51
13,37,0.30365,0.35135,58; 13; 37; 65; 9; 74; 8; 60; 25; 31
15,52,0.28208,0.28846,54; 15; 52; 31; 45; 64; 60; 14; 19; 35
22,74,0.28148,0.2973,7; 22; 74; 59; 74; 48; 54; 20; 8; 9
57,66,0.23875,0.86364,28; 57; 66; 77; 30; 76; 9; 74; 72; 80
12,43,0.2751,0.27907,16; 12; 43; 62; 5; 41; 15; 26; 7; 23
12,14,0.31379,0.85714,58; 12; 14; 71; 27; 61; 40; 24; 26; 53
9,26,0.30045,0.34615,42; 9; 26; 36; 37; 29; 69; 69; 69; 32
20,62,0.29888,0.32258,65; 20; 62; 60; 83; 35; 57; 36; 85; 69
25,51,0.33325,0.4902,9; 25; 51; 51; 27; 82; 73; 50; 42; 55
68,85,0.19384,0.8,77; 68; 85; 71; 13; 65; 62; 73; 52; 50
8,10,0.22489,0.8,46; 8; 10; 24; 25; 15; 11; 80; 73; 41
24,85,0.26102,0.28235,30; 24; 85; 85; 72; 79; 50; 61; 21; 28
19,69,0.26799,0.27536,8; 19; 69; 27; 70; 68; 31; 76; 77; 7
40,71,0.23452,0.56338,6; 40; 71; 45; 31; 72; 75; 76; 46; 73
25,83,0.26824,0.3012,45; 25; 83; 22; 28; 9; 48; 76; 75; 85
35,44,0.32478,0.79545,68; 35; 44; 70; 21; 30; 64; 24; 45; 10
64,76,0.20877,0.84211,82; 64; 76; 70; 27; 31; 12; 5; 38; 26
18,55,0.30125,0.32727,9; 18; 55; 28; 12; 68; 83; 66; 70; 23
18,54,0.30513,0.33333,18; 18; 54; 61; 19; 17; 19; 66; 25; 61
32,69,0.29736,0.46377,25; 32; 69; 79; 59; 13; 56; 74; 64; 18
30,35,0.3391,0.85714,67; 30; 35; 52; 73; 31; 80; 71; 59; 64
12,42,0.27507,0.28571,15; 12; 42; 80; 56; 31; 28; 68; 41; 30
36,42,0.31449,0.85714,28; 36; 42; 84; 5; 70; 53; 7; 43; 20
41,72,0.27413,0.56944,59; 41; 72; 62; 55; 63; 47; 23; 76; 38
8,32,0.24386,0.25,82; 8; 32; 72; 61; 13; 21; 5; 51; 81
36,63,0.29051,0.57143,80; 36; 63; 43; 37; 46; 53; 60; 30; 58
57,66,0.23813,0.86364,70; 57; 66; 45; 55; 31; 13; 9; 8; 26
35,72,0.28171,0.48611,74; 35; 72; 80; 22; 6; 72; 7; 35; 42
26,57,0.3231,0.45614,62; 26; 57; 73; 45; 63; 85; 67; 45; 11
28,75,0.27891,0.37333,85; 28; 75; 41; 71; 63; 33; 13; 75; 34
18,64,0.27381,0.28125,63; 18; 64; 45; 67; 43; 19; 12; 37; 53
12,14,0.30926,0.85714,35; 12; 14; 35; 65; 16; 52; 48; 71; 10
21,69,0.28965,0.30435,85; 21; 69; 20; 33; 42; 68; 31; 23; 34
33,59,0.30447,0.55932,12; 33; 59; 18; 60; 52; 77; 59; 44; 78
14,38,0.31537,0.36842,39; 14; 38; 29; 57; 66; 46; 38; 6; 12
17,34,0.3351,0.5,21; 17; 34; 14; 37; 51; 57; 15; 21; 31
16,65,0.24246,0.24615,52; 16; 65; 38; 66; 25; 47; 85; 56; 50
35,71,0.29084,0.49296,57; 35; 71; 52; 12; 77; 49; 46; 56; 39
18,37,0.33467,0.48649,79; 18; 37; 29; 14; 65; 42; 48; 41; 40
43,51,0.29837,0.84314,50; 43; 51; 84; 55; 15; 7; 41; 69; 85
48,60,0.2727,0.8,40; 48; 60; 77; 67; 5; 70; 67; 51; 52
48,60,0.26895,0.8,42; 48; 60; 32; 21; 66; 85; 69; 56; 80
27,82,0.27485,0.32927,63; 27; 82; 19; 19; 56; 46; 75; 72; 52
24,28,0.34859,0.85714,61; 24; 28; 83; 57; 72; 24; 73; 25; 58
22,44,0.34254,0.5,35; 22; 44; 57; 57; 56; 19; 46; 76; 14
14,59,0.2371,0.23729,17; 14; 59; 51; 72; 66; 38; 67; 49; 21
19,59,0.29935,0.32203,54; 19; 59; 9; 82; 7; 43; 49; 48; 63
68,83,0.20085,0.81928,10; 68; 83; 42; 37; 31; 37; 32; 60; 16
12,34,0.30455,0.35294,29; 12; 34; 27; 19; 83; 29; 34; 21; 75
18,76,0.23373,0.23684,29; 18; 76; 42; 65; 11; 57; 78; 22; 77
29,79,0.2667,0.36709,45; 29; 79; 34; 6; 21; 35; 40; 26; 37
9,11,0.25629,0.81818,8; 9; 11; 41; 35; 6; 75; 11; 17; 27
12,37,0.29382,0.32432,37; 12; 37; 19; 17; 63; 57; 58; 12; 5
12,14,0.30666,0.85714,70; 12; 14; 44; 54; 84; 38; 52; 31; 18
26,70,0.29506,0.37143,16; 26; 70; 63; 37; 59; 57; 18; 46; 56
22,44,0.34249,0.5,72; 22; 44; 63; 63; 7; 6; 39; 39; 40
64,76,0.20922,0.84211,63; 64; 76; 81; 44; 75; 28; 64; 37; 21
7,25,0.26388,0.28,51; 7; 25; 70; 27; 78; 59; 47; 53; 77
24,69,0.29035,0.34783,65; 24; 69; 49; 52; 53; 69; 57; 37; 76
19,65,0.28148,0.29231,16; 19; 65; 53; 22; 39; 59; 71; 42; 46
11,30,0.30836,0.36667,14; 11; 30; 35; 80; 82; 9; 83; 76; 60
12,24,0.32727,0.5,39; 12; 24; 61; 69; 66; 55; 48; 70; 79
8,14,0.2821,0.57143,17; 8; 14; 44; 80; 35; 55; 72; 83; 25
9,36,0.24696,0.25,51; 9; 36; 13; 37; 54; 73; 19; 22; 41
31,68,0.29346,0.45588,54; 31; 68; 73; 24; 48; 56; 21; 23; 61
21,72,0.28004,0.29167,55; 21; 72; 11; 28; 19; 24; 9; 36; 19
31,68,0.29979,0.45588,33; 31; 68; 81; 15; 29; 62; 16; 37; 70
17,68,0.24773,0.25,34; 17; 68; 42; 26; 56; 42; 64; 66; 10
17,53,0.29472,0.32075,14; 17; 53; 63; 34; 70; 51; 40; 19; 48
64,74,0.2008,0.86486,30; 64; 74; 63; 12; 8; 62; 56; 33; 53
37,45,0.31855,0.82222,47; 37; 45; 13; 46; 20; 68; 48; 41; 5
21,43,0.34157,0.48837,85; 21; 43; 79; 40; 38; 44; 83; 19; 29
56,67,0.23663,0.83582,84; 56; 67; 30; 23; 63; 5; 20; 79; 84
19,60,0.29571,0.31667,49; 19; 60; 38; 85; 53; 7; 15; 54; 16
41,51,0.29327,0.80392,45; 41; 51; 85; 84; 16; 58; 57; 39; 10
64,81,0.20149,0.79012,58; 64; 81; 35; 46; 16; 11; 39; 70; 32
31,36,0.32988,0.86111,37; 31; 36; 17; 31; 11; 41; 12; 59; 14
20,79,0.25202,0.25316,47; 20; 79; 34; 74; 6; 23; 69; 54; 21
38,48,0.31206,0.79167,28; 38; 48; 30; 43; 85; 59; 79; 64; 33
24,48,0.3273,0.5,83; 24; 48; 20; 38; 26; 33; 35; 27; 46
52,65,0.25131,0.8,85; 52; 65; 62; 34; 83; 44; 56; 70; 9
20,81,0.24735,0.24691,83; 20; 81; 81; 20; 25; 81; 48; 34; 7
19,22,0.34813,0.86364,61; 19; 22; 11; 56; 40; 41; 85; 20; 14
23,69,0.29724,0.33333,28; 23; 69; 45; 19; 57; 67; 33; 75; 43
22,75,0.2781,0.29333,10; 22; 75; 28; 47; 43; 58; 7; 5; 83
22,74,0.28329,0.2973,70; 22; 74; 29; 18; 21; 24; 21; 48; 60
13,37,0.30237,0.35135,19; 13; 37; 71; 40; 52; 8; 46; 64; 49
19,57,0.30509,0.33333,5; 19; 57; 59; 68; 10; 28; 20; 71; 17
29,51,0.32683,0.56863,73; 29; 51; 13; 72; 30; 55; 80; 44; 33
26,70,0.30088,0.37143,49; 26; 70; 35; 8; 14; 53; 53; 19; 33
50,61,0.25947,0.81967,36; 50; 61; 11; 75; 52; 32; 20; 44; 43
23,71,0.29573,0.32394,67; 23; 71; 18; 64; 51; 60; 55; 78; 35
23,47,0.33414,0.48936,38; 23; 47; 68; 79; 74; 59; 72; 8; 50
67,78,0.2047,0.85897,28; 67; 78; 68; 56; 74; 57; 42; 79; 25
7,23,0.28243,0.30435,41; 7; 23; 34; 85; 48; 21; 67; 68; 72
21,43,0.34279,0.48837,53; 21; 43; 48; 82; 22; 13; 15; 39; 13
30,85,0.27105,0.35294,43; 30; 85; 79; 40; 58; 13; 47; 82; 23
5,17,0.26147,0.29412,50; 5; 17; 80; 50; 10; 30; 64; 26; 32
40,72,0.25705,0.55556,58; 40; 72; 42; 23; 76; 77; 44; 44; 42
31,68,0.28751,0.45588,6; 31; 68; 68; 5; 66; 62; 6; 6; 56
17,68,0.24639,0.25,7; 17; 68; 83; 11; 29; 19; 24; 55; 50
36,79,0.24431,0.4557,74; 36; 79; 30; 78; 52; 81; 23; 37; 72
22,73,0.28282,0.30137,70; 22; 73; 78; 75; 50; 65; 79; 13; 79
24,72,0.28516,0.33333,33; 24; 72; 73; 51; 57; 19; 31; 62; 84
10,31,0.2938,0.32258,57; 10; 31; 73; 71; 83; 57; 54; 69; 49
16,63,0.25176,0.25397,56; 16; 63; 36; 13; 33; 46; 76; 20; 19
12,38,0.29018,0.31579,46; 12; 38; 26; 43; 10; 56; 85; 73; 30
14,55,0.25475,0.25455,80; 14; 55; 15; 38; 71; 55; 28; 40; 15
23,77,0.26833,0.2987,10; 23; 77; 22; 34; 65; 70; 79; 29; 50
50,61,0.26531,0.81967,11; 50; 61; 30; 30; 31; 16; 72; 63; 52
17,69,0.24697,0.24638,63; 17; 69; 13; 45; 22; 67; 13; 51; 22
14,49,0.27495,0.28571,43; 14; 49; 77; 58; 35; 28; 83; 38; 83
17,69,0.24135,0.24638,29; 17; 69; 23; 32; 25; 75; 73; 27; 83
19,76,0.24774,0.25,12; 19; 76; 42; 32; 60; 37; 34; 72; 55
13,40,0.29379,0.325,21; 13; 40; 66; 42; 36; 34; 56; 25; 81
38,67,0.28523,0.56716,44; 38; 67; 7; 5; 66; 29; 79; 55; 14
24,83,0.25531,0.28916,37; 24; 83; 14; 80; 59; 47; 69; 12; 30
31,62,0.30849,0.5,5; 31; 62; 78; 44; 21; 55; 37; 83; 59
30,61,0.31448,0.4918,63; 30; 61; 83; 38; 5; 56; 14; 33; 18
22,75,0.27322,0.29333,14; 22; 75; 51; 73; 10; 69; 72; 11; 10
44,55,0.25821,0.8,12; 44; 55; 49; 29; 59; 28; 23; 28; 73
17,56,0.29015,0.30357,23; 17; 56; 28; 49; 61; 12; 32; 61; 21
7,29,0.23913,0.24138,13; 7; 29; 85; 13; 72; 67; 65; 68; 44
45,80,0.21397,0.5625,35; 45; 80; 49; 52; 66; 56; 41; 50; 34
67,80,0.20775,0.8375,17; 67; 80; 74; 11; 66; 13; 6; 36; 70
14,57,0.24408,0.24561,32; 14; 57; 50; 22; 49; 64; 6; 24; 31
26,46,0.33989,0.56522,8; 26; 46; 62; 14; 49; 31; 51; 84; 85
45,80,0.24603,0.5625,76; 45; 80; 51; 34; 38; 28; 60; 42; 11
17,34,0.34196,0.5,50; 17; 34; 79; 10; 58; 46; 18; 20; 65
41,84,0.23873,0.4881,53; 41; 84; 12; 12; 26; 20; 11; 62; 45
50,63,0.24874,0.79365,44; 50; 63; 34; 50; 62; 19; 7; 62; 30
59,69,0.22922,0.85507,72; 59; 69; 45; 22; 72; 13; 81; 35; 55
31,68,0.2965,0.45588,38; 31; 68; 17; 74; 75; 8; 77; 48; 55
68,85,0.20169,0.8,76; 68; 85; 10; 44; 13; 16; 57; 65; 56
17,67,0.24946,0.25373,52; 17; 67; 45; 33; 82; 5; 52; 47; 67
9,11,0.27097,0.81818,22; 9; 11; 54; 43; 47; 61; 31; 29; 22
23,82,0.26712,0.28049,65; 23; 82; 80; 53; 59; 24; 43; 59; 30
40,49,0.31125,0.81633,69; 40; 49; 46; 35; 29; 81; 66; 12; 70
20,81,0.25041,0.24691,44; 20; 81; 40; 57; 54; 80; 85; 40; 73
11,14,0.30088,0.78571,20; 11; 14; 61; 83; 74; 34; 32; 42; 20
26,57,0.3235,0.45614,52; 26; 57; 10; 45; 54; 83; 29; 73; 10
23,66,0.30483,0.34848,63; 23; 66; 83; 55; 13; 24; 65; 22; 25
5,18,0.26057,0.27778,53; 5; 18; 69; 21; 29; 12; 23; 72; 63
17,51,0.30075,0.33333,60; 17; 51; 44; 47; 80; 10; 50; 76; 16
69,80,0.19015,0.8625,43; 69; 80; 83; 57; 72; 13; 35; 80; 12
26,80,0.27683,0.325,7; 26; 80; 30; 67; 67; 15; 70; 52; 70
37,75,0.23115,0.49333,66; 37; 75; 29; 36; 69; 66; 13; 6; 68
43,76,0.24143,0.56579,42; 43; 76; 28; 74; 48; 43; 56; 25; 19
23,73,0.28936,0.31507,30; 23; 73; 65; 58; 75; 57; 54; 79; 52
61,73,0.217,0.83562,20; 61; 73; 42; 21; 69; 84; 13; 14; 55
18,72,0.24627,0.25,35; 18; 72; 39; 44; 7; 50; 54; 25; 9
19,77,0.2495,0.24675,76; 19; 77; 9; 10; 31; 59; 42; 20; 70
7,29,0.23969,0.24138,55; 7; 29; 84; 66; 16; 66; 10; 82; 43
68,81,0.19067,0.83951,18; 68; 81; 48; 46; 75; 18; 43; 38; 73
69,80,0.20192,0.8625,38; 69; 80; 40; 20; 7; 30; 84; 60; 78
20,25,0.34687,0.8,43; 20; 25; 73; 63; 49; 71; 14; 6; 43
50,58,0.27417,0.86207,39; 50; 58; 72; 12; 6; 20; 83; 54; 8
21,71,0.28427,0.29577,17; 21; 71; 68; 53; 53; 39; 31; 11; 45
17,35,0.33491,0.48571,85; 17; 35; 49; 58; 34; 72; 13; 50; 57
12,43,0.26916,0.27907,43; 12; 43; 28; 56; 76; 75; 78; 19; 69
23,62,0.31347,0.37097,64; 23; 62; 58; 26; 42; 44; 41; 40; 47
18,57,0.29719,0.31579,30; 18; 57; 73; 67; 51; 33; 48; 17; 9
41,82,0.22576,0.5,65; 41; 82; 70; 17; 58; 35; 82; 68; 50
31,63,0.31613,0.49206,75; 31; 63; 76; 20; 23; 47; 75; 32; 49
25,85,0.26004,0.29412,50; 25; 85; 78; 25; 66; 50; 44; 32; 45
9,26,0.30238,0.34615,12; 9; 26; 72; 13; 71; 17; 47; 55; 80
20,81,0.24569,0.24691,80; 20; 81; 62; 42; 20; 6; 55; 14; 79
28,35,0.33237,0.8,50; 28; 35; 23; 28; 37; 28; 23; 67; 64
40,80,0.24772,0.5,9; 40; 80; 70; 54; 7; 44; 61; 72; 40
68,81,0.19065,0.83951,26; 68; 81; 61; 31; 50; 11; 78; 16; 82
16,56,0.27893,0.28571,51; 16; 56; 83; 27; 60; 11; 55; 83; 31
42,49,0.30433,0.85714,12; 42; 49; 83; 41; 26; 24; 16; 39; 14
10,30,0.29518,0.33333,22; 10; 30; 7; 38; 68; 23; 54; 42; 59
15,45,0.3049,0.33333,18; 15; 45; 52; 28; 23; 48; 62; 16; 25
68,83,0.19815,0.81928,80; 68; 83; 18; 60; 23; 80; 46; 26; 5
65,79,0.20435,0.82278,81; 65; 79; 52; 83; 27; 19; 13; 18; 34
66,83,0.20265,0.79518,49; 66; 83; 63; 76; 60; 28; 39; 47; 43
22,39,0.34548,0.5641,52; 22; 39; 51; 23; 59; 74; 71; 33; 43
33,66,0.2954,0.5,15; 33; 66; 19; 41; 59; 25; 43; 37; 72
22,48,0.33272,0.45833,47; 22; 48; 32; 59; 73; 81; 50; 57; 79
16,65,0.24339,0.24615,69; 16; 65; 30; 16; 22; 56; 10; 36; 39
21,37,0.34379,0.56757,27; 21; 37; 76; 76; 24; 34; 30; 76; 72
14,57,0.23981,0.24561,81; 14; 57; 14; 68; 32; 73; 35; 43; 62
14,56,0.24869,0.25,78; 14; 56; 34; 11; 72; 80; 39; 35; 8
27,84,0.26821,0.32143,27; 27; 84; 81; 17; 43; 79; 6; 56; 78
20,67,0.28454,0.29851,78; 20; 67; 47; 10; 9; 51; 27; 51; 85
23,66,0.30345,0.34848,14; 23; 66; 45; 67; 34; 70; 31; 26; 30
67,80,0.19882,0.8375,39; 67; 80; 45; 34; 81; 50; 76; 26; 26
31,36,0.32914,0.86111,52; 31; 36; 52; 67; 15; 52; 7; 49; 41
32,65,0.30594,0.49231,15; 32; 65; 43; 84; 36; 65; 74; 58; 8
25,84,0.25132,0.29762,5; 25; 84; 61; 47; 84; 9; 15; 51; 68
41,73,0.24612,0.56164,58; 41; 73; 23; 41; 37; 11; 18; 81; 66
23,65,0.30334,0.35385,23; 23; 65; 59; 37; 23; 10; 7; 16; 67
36,44,0.32132,0.81818,63; 36; 44; 78; 35; 53; 5; 74; 48; 78
39,49,0.2964,0.79592,26; 39; 49; 14; 77; 34; 36; 29; 82; 58
36,64,0.29985,0.5625,50; 36; 64; 65; 36; 41; 65; 19; 65; 71
24,42,0.34264,0.57143,31; 24; 42; 9; 81; 34; 19; 31; 36; 73
12,40,0.28369,0.3,45; 12; 40; 57; 21; 55; 67; 19; 44; 53
18,57,0.29636,0.31579,77; 18; 57; 64; 39; 58; 59; 25; 6; 65
12,34,0.30631,0.35294,19; 12; 34; 12; 48; 39; 48; 53; 74; 57
23,73,0.28766,0.31507,75; 23; 73; 63; 33; 18; 67; 56; 80; 18
34,43,0.33063,0.7907,11; 34; 43; 51; 26; 39; 18; 46; 28; 69
30,53,0.32004,0.56604,78; 30; 53; 40; 8; 47; 68; 5; 79; 66
29,83,0.27221,0.3494,42; 29; 83; 57; 51; 68; 34; 78; 54; 32
22,76,0.27626,0.28947,8; 22; 76; 24; 42; 20; 74; 27; 25; 49
13,41,0.29199,0.31707,41; 13; 41; 8; 41; 74; 30; 18; 24; 30
26,71,0.29983,0.3662,43; 26; 71; 37; 41; 11; 20; 10; 28; 68
37,76,0.25306,0.48684,41; 37; 76; 67; 69; 80; 45; 41; 35; 41
21,25,0.34647,0.84,6; 21; 25; 8; 5; 54; 13; 25; 74; 77
54,64,0.25158,0.84375,21; 54; 64; 20; 75; 5; 63; 33; 62; 24
10,18,0.31259,0.55556,61; 10; 18; 30; 58; 20; 76; 82; 67; 62
34,74,0.24059,0.45946,22; 34; 74; 57; 36; 61; 81; 58; 53; 26
32,70,0.28956,0.45714,58; 32; 70; 47; 72; 64; 16; 70; 50; 7
41,84,0.23999,0.4881,79; 41; 84; 72; 61; 60; 82; 36; 63; 70
24,79,0.27117,0.3038,50; 24; 79; 52; 17; 67; 15; 73; 38; 25
24,85,0.25978,0.28235,71; 24; 85; 70; 45; 65; 73; 6; 14; 17
13,39,0.30009,0.33333,71; 13; 39; 66; 54; 23; 82; 55; 25; 11
51,61,0.25786,0.83607,18; 51; 61; 59; 38; 76; 67; 65; 30; 36
44,55,0.29487,0.8,7; 44; 55; 41; 74; 55; 17; 84; 16; 80
47,83,0.22705,0.56627,26; 47; 83; 62; 32; 77; 42; 70; 34; 81
27,54,0.32389,0.5,14; 27; 54; 39; 75; 31; 5; 35; 8; 77
60,76,0.21662,0.78947,34; 60; 76; 13; 74; 35; 19; 84; 19; 36
18,52,0.30899,0.34615,45; 18; 52; 12; 47; 14; 54; 13; 64; 11
35,61,0.30471,0.57377,67; 35; 61; 75; 57; 85; 61; 41; 65; 15
8,27,0.28223,0.2963,65; 8; 27; 65; 71; 77; 78; 16; 21; 41
21,71,0.28167,0.29577,72; 21; 71; 22; 60; 31; 7; 85; 81; 70
7,25,0.26835,0.28,65; 7; 25; 24; 67; 62; 41; 71; 56; 79
46,56,0.27008,0.82143,24; 46; 56; 63; 23; 6; 12; 35; 38; 21
16,65,0.24419,0.24615,19; 16; 65; 16; 83; 5; 51; 81; 80; 81
16,57,0.27226,0.2807,57; 16; 57; 8; 17; 25; 63; 8; 66; 47
19,39,0.33465,0.48718,68; 19; 39; 58; 34; 28; 70; 54; 29; 69
8,28,0.27628,0.28571,72; 8; 28; 83; 51; 74; 7; 40; 7; 67
33,59,0.31091,0.55932,29; 33; 59; 35; 35; 73; 56; 75; 24; 11
48,56,0.2726,0.85714,62; 48; 56; 46; 32; 54; 6; 82; 63; 65
29,63,0.30667,0.46032,76; 29; 63; 42; 72; 37; 46; 59; 52; 9
71,85,0.2037,0.83529,56; 71; 85; 11; 23; 30; 82; 56; 48; 49
16,65,0.24705,0.24615,85; 16; 65; 58; 47; 19; 25; 47; 70; 32
52,65,0.24585,0.8,45; 52; 65; 49; 74; 8; 21; 7; 38; 73
14,49,0.27798,0.28571,32; 14; 49; 65; 58; 25; 30; 44; 79; 80
8,28,0.27059,0.28571,83; 8; 28; 64; 27; 6; 61; 46; 55; 34
48,56,0.27119,0.85714,26; 48; 56; 44; 71; 36; 82; 7; 78; 82
20,79,0.24975,0.25316,67; 20; 79; 24; 7; 85; 40; 18; 46; 56
66,77,0.19689,0.85714,66; 66; 77; 63; 80; 9; 36; 11; 57; 36
8,25,0.29216,0.32,56; 8; 25; 77; 65; 21; 12; 61; 11; 7
38,45,0.32048,0.84444,69; 38; 45; 26; 76; 46; 40; 33; 12; 30
69,82,0.19331,0.84146,73; 69; 82; 62; 44; 23; 72; 40; 5; 44
9,18,0.3061,0.5,27; 9; 18; 36; 85; 59; 73; 5; 26; 6
47,83,0.21475,0.56627,17; 47; 83; 11; 42; 27; 32; 18; 10; 42
32,40,0.32976,0.8,65; 32; 40; 5; 70; 14; 5; 58; 21; 24
16,46,0.31092,0.34783,52; 16; 46; 63; 34; 74; 23; 42; 12; 71
30,53,0.31559,0.56604,28; 30; 53; 79; 50; 10; 54; 21; 75; 84
33,41,0.32512,0.80488,44; 33; 41; 66; 56; 10; 38; 17; 66; 6
12,24,0.32701,0.5,77; 12; 24; 38; 18; 77; 47; 31; 79; 84
24,79,0.27629,0.3038,83; 24; 79; 59; 35; 8; 17; 77; 82; 84
8,16,0.29318,0.5,14; 8; 16; 15; 37; 9; 55; 36; 67; 14
71,85,0.18772,0.83529,73; 71; 85; 40; 65; 13; 10; 41; 43; 5
20,66,0.28994,0.30303,37; 20; 66; 33; 35; 52; 30; 40; 77; 49
29,84,0.25922,0.34524,77; 29; 84; 69; 16; 20; 45; 24; 63; 12
16,48,0.30286,0.33333,19; 16; 48; 52; 14; 83; 51; 64; 44; 29
14,17,0.32648,0.82353,23; 14; 17; 31; 18; 25; 6; 13; 82; 56
36,45,0.31852,0.8,76; 36; 45; 17; 10; 18; 54; 10; 17; 78
20,36,0.34128,0.55556,30; 20; 36; 34; 71; 60; 18; 11; 34; 72
21,65,0.29836,0.32308,24; 21; 65; 52; 32; 83; 48; 73; 61; 32
43,75,0.24997,0.57333,12; 43; 75; 11; 27; 63; 8; 72; 66; 40
38,67,0.29537,0.56716,85; 38; 67; 65; 84; 62; 34; 34; 21; 48
16,55,0.28505,0.29091,62; 16; 55; 9; 78; 33; 71; 16; 52; 8
29,79,0.23894,0.36709,47; 29; 79; 76; 55; 48; 19; 33; 15; 51
27,73,0.28224,0.36986,53; 27; 73; 47; 65; 7; 21; 27; 78; 79
61,76,0.21319,0.80263,80; 61; 76; 79; 32; 24; 36; 18; 44; 21
62,78,0.20967,0.79487,83; 62; 78; 42; 69; 33; 68; 36; 7; 29
59,74,0.21008,0.7973,78; 59; 74; 41; 48; 65; 41; 53; 32; 71
63,79,0.21143,0.79747,79; 63; 79; 7; 84; 17; 23; 7; 10; 77
24,75,0.28198,0.32,11; 24; 75; 46; 13; 5; 53; 10; 70; 58
7,23,0.28048,0.30435,83; 7; 23; 64; 31; 69; 65; 21; 36; 41
25,82,0.25768,0.30488,24; 25; 82; 50; 42; 35; 72; 29; 84; 25
20,40,0.33813,0.5,70; 20; 40; 22; 52; 70; 15; 43; 15; 15
54,68,0.23877,0.79412,23; 54; 68; 67; 36; 45; 62; 84; 33; 51
28,80,0.2643,0.35,38; 28; 80; 67; 6; 7; 43; 73; 65; 7
71,85,0.19708,0.83529,66; 71; 85; 9; 54; 51; 57; 53; 55; 21
67,85,0.19491,0.78824,8; 67; 85; 30; 39; 16; 51; 53; 41; 37
11,30,0.30566,0.36667,46; 11; 30; 53; 26; 9; 65; 15; 53; 6
60,76,0.21966,0.78947,43; 60; 76; 41; 35; 71; 81; 67; 8; 42
33,42,0.3293,0.78571,76; 33; 42; 5; 60; 54; 38; 51; 40; 64
38,76,0.25995,0.5,74; 38; 76; 55; 69; 72; 20; 41; 71; 72
34,60,0.31082,0.56667,48; 34; 60; 48; 20; 71; 83; 78; 58; 71
15,30,0.33315,0.5,83; 15; 30; 27; 62; 27; 82; 80; 76; 63
21,76,0.26221,0.27632,9; 21; 76; 32; 62; 33; 53; 55; 29; 50
16,20,0.33539,0.8,52; 16; 20; 60; 81; 6; 33; 66; 54; 11
19,24,0.34023,0.79167,40; 19; 24; 22; 8; 47; 63; 5; 51; 35
9,30,0.28104,0.3,80; 9; 30; 73; 58; 45; 80; 50; 9; 84
15,47,0.29889,0.31915,24; 15; 47; 27; 82; 20; 15; 26; 61; 17
6,13,0.24407,0.46154,35; 6; 13; 18; 17; 33; 35; 79; 51; 52
20,85,0.23493,0.23529,72; 20; 85; 39; 6; 27; 43; 9; 65; 5
5,15,0.26059,0.33333,7; 5; 15; 37; 22; 48; 65; 52; 71; 15
32,57,0.3182,0.5614,79; 32; 57; 37; 48; 75; 83; 77; 39; 9
36,74,0.27058,0.48649,82; 36; 74; 19; 15; 72; 22; 71; 41; 56
28,81,0.27252,0.34568,63; 28; 81; 75; 35; 11; 31; 74; 43; 5
40,49,0.30707,0.81633,21; 40; 49; 27; 76; 13; 6; 33; 49; 10
28,81,0.2693,0.34568,51; 28; 81; 65; 46; 24; 67; 40; 65; 56
8,25,0.28977,0.32,40; 8; 25; 17; 25; 59; 35; 14; 76; 19
17,70,0.24353,0.24286,80; 17; 70; 70; 52; 53; 74; 23; 38; 6
8,34,0.23466,0.23529,47; 8; 34; 67; 62; 41; 85; 6; 15; 72
15,30,0.33188,0.5,13; 15; 30; 56; 52; 56; 49; 18; 74; 41
21,37,0.34175,0.56757,26; 21; 37; 79; 77; 59; 72; 85; 33; 39
58,71,0.22797,0.8169,45; 58; 71; 5; 30; 32; 63; 73; 54; 51
17,37,0.33341,0.45946,80; 17; 37; 54; 41; 77; 61; 69; 72; 19
22,39,0.33956,0.5641,12; 22; 39; 52; 12; 65; 56; 68; 45; 26
27,34,0.34497,0.79412,73; 27; 34; 38; 28; 59; 66; 22; 15; 41
29,52,0.31327,0.55769,80; 29; 52; 29; 6; 23; 64; 40; 17; 73
20,84,0.23538,0.2381,64; 20; 84; 50; 41; 77; 19; 43; 64; 6
20,36,0.34518,0.55556,63; 20; 36; 16; 39; 26; 31; 46; 65; 13
63,80,0.19227,0.7875,61; 63; 80; 38; 65; 65; 69; 58; 6; 41
30,65,0.30823,0.46154,9; 30; 65; 84; 11; 6; 51; 36; 24; 67
14,49,0.27719,0.28571,43; 14; 49; 35; 20; 9; 67; 62; 5; 83
15,62,0.23911,0.24194,38; 15; 62; 83; 48; 20; 64; 75; 32; 21
48,61,0.25853,0.78689,61; 48; 61; 46; 60; 8; 60; 29; 16; 62
7,21,0.29147,0.33333,16; 7; 21; 67; 12; 22; 32; 56; 12; 54
18,32,0.33672,0.5625,7; 18; 32; 17; 64; 71; 78; 74; 81; 38
32,40,0.32714,0.8,12; 32; 40; 59; 27; 85; 16; 10; 24; 14
24,48,0.32887,0.5,70; 24; 48; 31; 73; 61; 46; 59; 73; 10
11,44,0.24598,0.25,43; 11; 44; 67; 53; 38; 43; 26; 49; 7
32,64,0.3018,0.5,52; 32; 64; 23; 13; 67; 60; 26; 39; 39
17,51,0.30298,0.33333,62; 17; 51; 67; 83; 46; 42; 75; 54; 49
6,20,0.27774,0.3,26; 6; 20; 68; 53; 48; 48; 26; 13; 69
13,23,0.33137,0.56522,79; 13; 23; 21; 59; 59; 61; 11; 41; 27
52,65,0.25269,0.8,74; 52; 65; 60; 68; 49; 62; 65; 47; 17
48,61,0.26285,0.78689,35; 48; 61; 69; 46; 36; 51; 39; 31; 70
18,75,0.23634,0.24,56; 18; 75; 36; 20; 76; 57; 34; 49; 23
23,62,0.31658,0.37097,68; 23; 62; 21; 9; 79; 74; 25; 72; 50
24,83,0.24741,0.28916,85; 24; 83; 35; 38; 23; 17; 22; 80; 32
7,20,0.29702,0.35,27; 7; 20; 61; 46; 31; 81; 42; 77; 19
18,49,0.31543,0.36735,16; 18; 49; 44; 75; 71; 27; 35; 25; 43
51,61,0.25732,0.83607,6; 51; 61; 82; 50; 71; 10; 60; 69; 85
22,79,0.27081,0.27848,79; 22; 79; 20; 18; 31; 22; 50; 32; 7
66,84,0.18658,0.78571,32; 66; 84; 12; 15; 65; 19; 23; 71; 45
52,66,0.24645,0.78788,84; 52; 66; 78; 47; 29; 78; 80; 80; 62
9,27,0.29613,0.33333,26; 9; 27; 81; 43; 38; 59; 83; 41; 19
22,59,0.31453,0.37288,16; 22; 59; 73; 5; 16; 46; 82; 15; 14
6,24,0.24545,0.25,33; 6; 24; 80; 72; 22; 78; 47; 82; 66
25,72,0.28618,0.34722,14; 25; 72; 6; 36; 11; 73; 79; 50; 82
6,24,0.24306,0.25,24; 6; 24; 11; 41; 73; 60; 40; 70; 49
22,69,0.28885,0.31884,68; 22; 69; 80; 79; 61; 40; 14; 42; 81
54,63,0.23881,0.85714,5; 54; 63; 34; 84; 23; 8; 36; 24; 10
7,19,0.29486,0.36842,40; 7; 19; 29; 56; 52; 75; 22; 63; 7
60,73,0.22401,0.82192,33; 60; 73; 22; 77; 54; 59; 5; 31; 27
24,83,0.26779,0.28916,52; 24; 83; 14; 73; 72; 39; 28; 20; 49
29,82,0.24701,0.35366,79; 29; 82; 79; 52; 41; 8; 15; 35; 6
27,85,0.27048,0.31765,71; 27; 85; 81; 61; 21; 35; 36; 64; 16
37,75,0.28376,0.49333,14; 37; 75; 73; 80; 8; 72; 59; 35; 19
19,79,0.24625,0.24051,55; 19; 79; 70; 28; 41; 51; 38; 66; 62
42,85,0.24505,0.49412,22; 42; 85; 35; 48; 22; 63; 24; 40; 82
50,63,0.24354,0.79365,80; 50; 63; 7; 63; 71; 43; 72; 49; 34
20,67,0.28873,0.29851,55; 20; 67; 12; 52; 30; 27; 28; 47; 13
23,47,0.33557,0.48936,9; 23; 47; 85; 74; 7; 35; 37; 41; 32
18,74,0.24204,0.24324,13; 18; 74; 33; 53; 51; 19; 67; 29; 60
26,79,0.25542,0.32911,35; 26; 79; 39; 62; 17; 74; 43; 74; 57
30,85,0.24825,0.35294,7; 30; 85; 53; 10; 46; 81; 56; 40; 23
30,65,0.31229,0.46154,48; 30; 65; 37; 9; 17; 29; 53; 73; 78
37,76,0.27742,0.48684,40; 37; 76; 34; 78; 43; 44; 42; 77; 23
25,78,0.28351,0.32051,52; 25; 78; 12; 23; 43; 50; 11; 34; 61
64,76,0.18191,0.84211,30; 64; 76; 44; 38; 74; 29; 11; 15; 52
61,77,0.20125,0.79221,27; 61; 77; 34; 47; 44; 6; 81; 79; 30
5,17,0.25598,0.29412,51; 5; 17; 13; 32; 83; 52; 70; 61; 52
56,70,0.22163,0.8,48; 56; 70; 8; 13; 73; 16; 76; 70; 70
21,46,0.33495,0.45652,33; 21; 46; 25; 39; 67; 45; 76; 16; 30
10,31,0.29325,0.32258,64; 10; 31; 10; 16; 67; 22; 71; 29; 30
16,53,0.28551,0.30189,34; 16; 53; 6; 11; 58; 7; 11; 61; 16
70,81,0.20225,0.8642,27; 70; 81; 76; 10; 26; 31; 51; 9; 44
17,35,0.33252,0.48571,80; 17; 35; 25; 31; 19; 38; 28; 55; 14
45,80,0.23093,0.5625,12; 45; 80; 64; 33; 36; 60; 50; 50; 7
47,59,0.27038,0.79661,30; 47; 59; 56; 81; 74; 25; 68; 31; 67
21,72,0.27706,0.29167,62; 21; 72; 47; 19; 13; 62; 10; 52; 12
61,77,0.20913,0.79221,75; 61; 77; 69; 71; 10; 20; 34; 54; 21
37,46,0.32293,0.80435,21; 37; 46; 31; 78; 19; 15; 9; 19; 50
37,66,0.26523,0.56061,69; 37; 66; 51; 76; 63; 66; 13; 33; 8
45,80,0.23323,0.5625,36; 45; 80; 58; 37; 53; 35; 55; 53; 19
14,59,0.23516,0.23729,69; 14; 59; 26; 5; 41; 54; 82; 83; 9
28,79,0.28101,0.35443,66; 28; 79; 16; 17; 44; 77; 19; 61; 82
41,83,0.23077,0.49398,12; 41; 83; 38; 28; 71; 21; 44; 72; 33
39,79,0.23544,0.49367,20; 39; 79; 13; 26; 16; 78; 62; 18; 54
28,76,0.28748,0.36842,40; 28; 76; 13; 40; 6; 81; 9; 23; 43
17,53,0.29716,0.32075,7; 17; 53; 75; 57; 50; 27; 22; 32; 70
49,60,0.26434,0.81667,18; 49; 60; 74; 38; 28; 48; 79; 19; 78
6,12,0.23545,0.5,72; 6; 12; 23; 37; 68; 83; 49; 81; 78
31,62,0.31326,0.5,76; 31; 62; 34; 64; 8; 43; 16; 77; 70
31,68,0.30748,0.45588,8; 31; 68; 9; 18; 37; 35; 6; 8; 27
45,80,0.22686,0.5625,73; 45; 80; 83; 35; 66; 35; 45; 78; 26
65,81,0.18968,0.80247,30; 65; 81; 62; 66; 7; 42; 67; 50; 84
36,64,0.29605,0.5625,75; 36; 64; 12; 21; 65; 36; 32; 8; 59
61,73,0.22333,0.83562,30; 61; 73; 57; 47; 40; 7; 48; 51; 53
65,79,0.20584,0.82278,60; 65; 79; 21; 81; 30; 58; 28; 14; 83
5,18,0.25416,0.27778,5; 5; 18; 58; 37; 40; 8; 77; 85; 23
10,42,0.23388,0.2381,83; 10; 42; 26; 61; 67; 58; 28; 5; 46
23,78,0.27689,0.29487,61; 23; 78; 47; 34; 46; 34; 48; 84; 34
22,63,0.30965,0.34921,46; 22; 63; 51; 37; 64; 79; 82; 18; 11
24,82,0.25418,0.29268,56; 24; 82; 48; 84; 56; 71; 27; 21; 80
24,65,0.30541,0.36923,49; 24; 65; 41; 36; 64; 72; 73; 53; 8
8,16,0.28994,0.5,13; 8; 16; 65; 82; 14; 51; 81; 85; 67
21,70,0.28403,0.3,30; 21; 70; 32; 26; 41; 38; 44; 46; 6
22,76,0.27844,0.28947,5; 22; 76; 14; 24; 6; 13; 31; 37; 6
9,11,0.26246,0.81818,45; 9; 11; 17; 13; 37; 59; 35; 7; 22
16,49,0.30305,0.32653,62; 16; 49; 24; 82; 53; 9; 10; 23; 85
45,80,0.253,0.5625,21; 45; 80; 15; 63; 15; 21; 67; 34; 81
18,75,0.23886,0.24,83; 18; 75; 34; 54; 25; 38; 12; 45; 51
60,76,0.21549,0.78947,22; 60; 76; 9; 76; 79; 68; 57; 78; 18
38,68,0.28798,0.55882,35; 38; 68; 17; 65; 58; 33; 80; 32; 60
18,39,0.3377,0.46154,76; 18; 39; 10; 12; 78; 38; 59; 25; 18
7,24,0.27889,0.29167,47; 7; 24; 56; 20; 15; 44; 60; 23; 21
19,67,0.27816,0.28358,44; 19; 67; 52; 50; 83; 57; 21; 65; 24
19,80,0.23741,0.2375,59; 19; 80; 65; 30; 78; 43; 53; 40; 22
53,67,0.23364,0.79104,13; 53; 67; 26; 14; 23; 25; 9; 49; 67
8,10,0.25401,0.8,43; 8; 10; 76; 49; 80; 6; 47; 42; 46
48,61,0.26377,0.78689,75; 48; 61; 52; 80; 84; 58; 82; 62; 81
64,76,0.21366,0.84211,81; 64; 76; 80; 73; 83; 78; 55; 52; 6
53,66,0.21945,0.80303,64; 53; 66; 34; 10; 5; 25; 36; 11; 24
37,43,0.3144,0.86047,28; 37; 43; 46; 66; 47; 68; 56; 19; 49
17,67,0.25197,0.25373,14; 17; 67; 16; 82; 47; 28; 56; 75; 16
19,51,0.3187,0.37255,19; 19; 51; 77; 22; 68; 65; 82; 78; 15
29,83,0.25544,0.3494,42; 29; 83; 60; 58; 53; 7; 23; 16; 59
14,40,0.309,0.35,44; 14; 40; 24; 8; 52; 17; 16; 84; 43
22,28,0.34742,0.78571,10; 22; 28; 53; 27; 18; 13; 52; 63; 70
16,66,0.24306,0.24242,28; 16; 66; 22; 38; 21; 47; 49; 21; 71
17,51,0.3036,0.33333,72; 17; 51; 80; 31; 73; 62; 51; 33; 60
12,50,0.23709,0.24,37; 12; 50; 20; 24; 39; 43; 65; 70; 33
72,84,0.17867,0.85714,32; 72; 84; 22; 11; 30; 63; 31; 35; 85
45,80,0.24942,0.5625,14; 45; 80; 63; 48; 70; 31; 28; 43; 59
38,83,0.24878,0.45783,12; 38; 83; 72; 57; 75; 70; 62; 29; 71
17,72,0.23518,0.23611,50; 17; 72; 8; 51; 37; 50; 68; 16; 62
23,77,0.27349,0.2987,60; 23; 77; 50; 52; 31; 58; 85; 26; 38
25,50,0.33011,0.5,20; 25; 50; 42; 50; 71; 16; 16; 37; 42
57,68,0.23623,0.83824,61; 57; 68; 30; 42; 85; 8; 52; 14; 19
18,55,0.3005,0.32727,55; 18; 55; 5; 49; 83; 79; 19; 34; 62
21,46,0.33417,0.45652,24; 21; 46; 50; 28; 33; 65; 30; 36; 55
23,82,0.26891,0.28049,72; 23; 82; 24; 45; 44; 7; 80; 39; 32
6,18,0.28331,0.33333,79; 6; 18; 24; 7; 32; 34; 26; 6; 16
65,76,0.19993,0.85526,13; 65; 76; 21; 42; 10; 74; 30; 75; 82
27,84,0.2619,0.32143,38; 27; 84; 51; 31; 15; 57; 7; 61; 56
20,71,0.27216,0.28169,44; 20; 71; 25; 84; 74; 36; 52; 19; 46
17,37,0.33362,0.45946,32; 17; 37; 14; 66; 22; 68; 20; 71; 59
44,78,0.25806,0.5641,39; 44; 78; 75; 6; 60; 47; 31; 68; 85
40,49,0.29927,0.81633,68; 40; 49; 84; 84; 42; 80; 82; 46; 15
19,60,0.29704,0.31667,15; 19; 60; 84; 8; 13; 29; 84; 72; 77
17,69,0.24598,0.24638,67; 17; 69; 62; 73; 19; 36; 29; 51; 76
44,55,0.28965,0.8,40; 44; 55; 6; 27; 47; 81; 43; 15; 13
20,68,0.28053,0.29412,31; 20; 68; 84; 59; 36; 36; 28; 80; 48
37,46,0.31876,0.80435,71; 37; 46; 5; 40; 5; 68; 42; 51; 5
37,45,0.32359,0.82222,17; 37; 45; 7; 48; 60; 27; 76; 61; 61
32,69,0.2952,0.46377,75; 32; 69; 72; 23; 19; 26; 40; 69; 75
19,64,0.28616,0.29688,62; 19; 64; 71; 76; 82; 10; 13; 70; 82
29,52,0.32139,0.55769,5; 29; 52; 74; 75; 54; 42; 46; 82; 34
44,51,0.29492,0.86275,74; 44; 51; 59; 39; 45; 36; 37; 23; 51
23,78,0.26653,0.29487,12; 23; 78; 18; 59; 27; 65; 9; 69; 71
37,45,0.31666,0.82222,17; 37; 45; 66; 79; 14; 16; 5; 51; 8
11,14,0.29672,0.78571,68; 11; 14; 28; 6; 9; 11; 46; 52; 84
16,20,0.33622,0.8,78; 16; 20; 43; 71; 74; 56; 56; 60; 37
55,67,0.24526,0.8209,69; 55; 67; 28; 60; 6; 69; 39; 43; 21
61,74,0.20716,0.82432,79; 61; 74; 31; 41; 64; 69; 62; 80; 21
17,61,0.27358,0.27869,52; 17; 61; 17; 84; 51; 65; 79; 55; 15
27,33,0.34108,0.81818,49; 27; 33; 73; 49; 9; 21; 54; 75; 47
26,75,0.29353,0.34667,65; 26; 75; 85; 68; 83; 45; 74; 12; 33
20,60,0.30322,0.33333,11; 20; 60; 82; 15; 51; 34; 37; 63; 76
11,14,0.30894,0.78571,9; 11; 14; 66; 60; 61; 66; 17; 20; 76
24,43,0.34172,0.55814,52; 24; 43; 35; 50; 30; 59; 11; 74; 74
7,14,0.27202,0.5,77; 7; 14; 56; 47; 9; 5; 55; 21; 38
19,57,0.30625,0.33333,58; 19; 57; 11; 6; 72; 75; 17; 44; 41
24,42,0.3416,0.57143,15; 24; 42; 59; 80; 80; 22; 40; 11; 85
36,73,0.2402,0.49315,37; 36; 73; 43; 28; 20; 50; 23; 43; 76
23,83,0.26577,0.27711,13; 23; 83; 84; 54; 84; 48; 37; 66; 80
11,45,0.23968,0.24444,30; 11; 45; 18; 22; 62; 75; 80; 75; 31
22,60,0.31725,0.36667,69; 22; 60; 26; 66; 60; 45; 34; 64; 7
15,41,0.31138,0.36585,56; 15; 41; 43; 38; 78; 26; 9; 26; 58
22,67,0.29747,0.32836,31; 22; 67; 14; 21; 59; 7; 59; 58; 14
17,46,0.31792,0.36957,83; 17; 46; 64; 51; 30; 21; 47; 49; 15
47,56,0.27674,0.83929,35; 47; 56; 82; 83; 24; 18; 57; 74; 82
67,82,0.19981,0.81707,20; 67; 82; 35; 33; 10; 75; 78; 26; 71
40,70,0.26705,0.57143,46; 40; 70; 66; 44; 9; 17; 44; 70; 31
48,61,0.26568,0.78689,73; 48; 61; 62; 16; 67; 5; 14; 76; 70
37,74,0.27811,0.5,27; 37; 74; 60; 33; 21; 17; 20; 9; 16
18,54,0.30335,0.33333,66; 18; 54; 49; 57; 83; 11; 50; 10; 46
26,82,0.26453,0.31707,42; 26; 82; 80; 52; 17; 26; 65; 51; 28
52,65,0.23801,0.8,17; 52; 65; 23; 12; 65; 48; 78; 34; 47
41,84,0.23415,0.4881,21; 41; 84; 24; 42; 69; 46; 78; 13; 54
17,53,0.29721,0.32075,20; 17; 53; 34; 47; 5; 11; 64; 83; 61
36,78,0.27182,0.46154,71; 36; 78; 11; 62; 77; 19; 82; 60; 47
14,57,0.24183,0.24561,11; 14; 57; 62; 46; 23; 74; 78; 33; 10
5,15,0.25949,0.33333,59; 5; 15; 47; 14; 58; 15; 12; 40; 79
65,81,0.20781,0.80247,12; 65; 81; 48; 43; 25; 61; 5; 37; 11
15,60,0.24564,0.25,70; 15; 60; 38; 81; 34; 78; 72; 52; 13
18,76,0.2354,0.23684,7; 18; 76; 13; 37; 45; 66; 54; 76; 66
26,52,0.32617,0.5,41; 26; 52; 21; 68; 82; 40; 29; 22; 64
20,67,0.28139,0.29851,66; 20; 67; 44; 23; 7; 9; 25; 85; 80
25,68,0.30007,0.36765,24; 25; 68; 9; 31; 55; 36; 42; 40; 48
41,73,0.26677,0.56164,17; 41; 73; 83; 23; 29; 22; 9; 57; 29
35,44,0.32572,0.79545,44; 35; 44; 10; 62; 38; 75; 12; 85; 79
31,39,0.32949,0.79487,37; 31; 39; 48; 9; 53; 16; 64; 17; 10
9,26,0.30046,0.34615,49; 9; 26; 65; 22; 16; 21; 40; 42; 65
23,50,0.33487,0.46,28; 23; 50; 9; 79; 8; 55; 62; 32; 34
16,65,0.25183,0.24615,15; 16; 65; 15; 19; 52; 81; 58; 50; 65
24,80,0.27491,0.3,52; 24; 80; 68; 32; 36; 83; 20; 21; 24
6,25,0.23681,0.24,21; 6; 25; 14; 7; 32; 35; 24; 69; 71
12,15,0.31588,0.8,61; 12; 15; 68; 85; 80; 28; 45; 41; 11
71,85,0.16703,0.83529,68; 71; 85; 58; 80; 7; 17; 61; 9; 15
15,51,0.28351,0.29412,13; 15; 51; 47; 24; 10; 24; 47; 55; 83
46,80,0.2504,0.575,51; 46; 80; 58; 78; 63; 77; 8; 35; 8
28,57,0.32096,0.49123,60; 28; 57; 20; 61; 39; 83; 35; 37; 71
14,56,0.24776,0.25,63; 14; 56; 59; 48; 6; 8; 41; 57; 28
7,29,0.23991,0.24138,85; 7; 29; 32; 17; 19; 74; 59; 53; 40
11,31,0.30523,0.35484,85; 11; 31; 51; 22; 81; 41; 37; 45; 55
21,74,0.27375,0.28378,67; 21; 74; 76; 74; 16; 73; 59; 47; 47
21,37,0.34338,0.56757,60; 21; 37; 51; 59; 23; 36; 32; 39; 79
16,58,0.27285,0.27586,44; 16; 58; 38; 42; 55; 74; 21; 42; 49
37,43,0.31913,0.86047,21; 37; 43; 16; 18; 40; 64; 83; 65; 85
27,84,0.26192,0.32143,54; 27; 84; 14; 23; 28; 57; 34; 70; 34
40,81,0.23827,0.49383,85; 40; 81; 29; 23; 20; 63; 38; 80; 10
22,69,0.2946,0.31884,59; 22; 69; 64; 73; 37; 52; 28; 39; 16
20,40,0.34013,0.5,68; 20; 40; 65; 64; 35; 39; 56; 52; 18
41,50,0.30354,0.82,57; 41; 50; 18; 19; 69; 75; 62; 21; 71
10,20,0.31805,0.5,30; 10; 20; 67; 80; 38; 45; 67; 47; 30
16,28,0.33934,0.57143,63; 16; 28; 65; 43; 81; 78; 24; 49; 47
5,18,0.25855,0.27778,10; 5; 18; 31; 73; 68; 45; 48; 49; 42
26,71,0.29396,0.3662,23; 26; 71; 56; 76; 59; 36; 30; 80; 42
20,72,0.27308,0.27778,36; 20; 72; 79; 64; 77; 37; 20; 57; 64
35,44,0.32631,0.79545,34; 35; 44; 36; 78; 84; 13; 67; 83; 58
33,68,0.28768,0.48529,36; 33; 68; 47; 75; 47; 36; 14; 49; 36
23,63,0.30953,0.36508,71; 23; 63; 16; 74; 47; 45; 9; 40; 25
11,24,0.31875,0.45833,30; 11; 24; 6; 22; 53; 71; 30; 62; 85
15,45,0.30392,0.33333,32; 15; 45; 10; 79; 25; 48; 61; 76; 6
26,46,0.33386,0.56522,51; 26; 46; 13; 19; 58; 85; 49; 24; 56
36,64,0.28681,0.5625,74; 36; 64; 56; 36; 72; 19; 13; 42; 63
13,55,0.23243,0.23636,28; 13; 55; 80; 12; 7; 72; 16; 82; 70
25,72,0.28486,0.34722,26; 25; 72; 42; 51; 57; 18; 61; 75; 20
66,79,0.19465,0.83544,63; 66; 79; 65; 42; 18; 15; 71; 64; 11
59,70,0.22686,0.84286,33; 59; 70; 30; 15; 47; 39; 19; 79; 12
24,49,0.33218,0.4898,51; 24; 49; 38; 71; 10; 13; 53; 32; 50
24,73,0.28816,0.32877,45; 24; 73; 84; 74; 26; 72; 21; 35; 9
43,75,0.24262,0.57333,41; 43; 75; 15; 23; 70; 82; 55; 42; 53
15,45,0.30371,0.33333,75; 15; 45; 8; 54; 85; 62; 54; 24; 9
20,72,0.27024,0.27778,30; 20; 72; 59; 71; 42; 74; 82; 25; 62
41,83,0.2411,0.49398,17; 41; 83; 70; 23; 67; 43; 61; 24; 72
17,59,0.28015,0.28814,55; 17; 59; 70; 41; 36; 82; 68; 29; 12
16,35,0.32935,0.45714,41; 16; 35; 39; 66; 45; 28; 23; 81; 19
68,79,0.16617,0.86076,85; 68; 79; 63; 51; 25; 28; 55; 11; 64
29,58,0.31454,0.5,28; 29; 58; 72; 67; 19; 6; 69; 50; 44
6,13,0.23848,0.46154,46; 6; 13; 75; 15; 20; 11; 6; 31; 61
5,15,0.23774,0.33333,18; 5; 15; 69; 29; 80; 47; 22; 65; 80
46,55,0.28908,0.83636,67; 46; 55; 44; 64; 79; 11; 78; 73; 82
26,52,0.33281,0.5,69; 26; 52; 30; 37; 21; 24; 72; 70; 30
18,72,0.24779,0.25,20; 18; 72; 84; 84; 31; 23; 50; 11; 33
34,60,0.30776,0.56667,21; 34; 60; 75; 71; 18; 67; 46; 34; 84
24,83,0.26928,0.28916,83; 24; 83; 26; 45; 70; 76; 75; 30; 5
25,71,0.29282,0.35211,65; 25; 71; 18; 77; 83; 47; 10; 68; 68
8,10,0.2482,0.8,7; 8; 10; 85; 31; 9; 75; 21; 24; 71
23,62,0.31523,0.37097,7; 23; 62; 54; 17; 66; 34; 70; 63; 28
41,83,0.23106,0.49398,12; 41; 83; 62; 34; 75; 72; 26; 74; 54
66,82,0.20757,0.80488,84; 66; 82; 34; 44; 82; 35; 23; 11; 62
6,19,0.2814,0.31579,55; 6; 19; 40; 32; 28; 82; 49; 33; 11
35,63,0.30392,0.55556,12; 35; 63; 72; 10; 55; 42; 79; 35; 79
33,68,0.29277,0.48529,11; 33; 68; 19; 5; 22; 46; 49; 63; 39
32,39,0.33145,0.82051,65; 32; 39; 39; 25; 16; 19; 68; 25; 52
19,38,0.33827,0.5,82; 19; 38; 37; 26; 59; 8; 26; 74; 80
19,38,0.33803,0.5,77; 19; 38; 28; 46; 34; 20; 35; 59; 81
5,15,0.23866,0.33333,77; 5; 15; 77; 82; 40; 33; 16; 38; 54
22,78,0.27409,0.28205,60; 22; 78; 72; 32; 76; 49; 20; 63; 79
23,46,0.33603,0.5,83; 23; 46; 35; 57; 22; 67; 35; 35; 53
7,19,0.29706,0.36842,63; 7; 19; 6; 72; 70; 79; 50; 13; 80
40,70,0.27829,0.57143,35; 40; 70; 80; 41; 69; 40; 45; 5; 20
8,24,0.29351,0.33333,61; 8; 24; 24; 37; 29; 28; 37; 24; 85
21,75,0.27548,0.28,56; 21; 75; 24; 68; 8; 81; 78; 64; 45
27,84,0.26867,0.32143,13; 27; 84; 81; 56; 17; 79; 78; 29; 26
61,74,0.21371,0.82432,57; 61; 74; 79; 33; 36; 10; 73; 35; 21
35,72,0.2774,0.48611,75; 35; 72; 50; 26; 35; 42; 48; 28; 27
52,62,0.24489,0.83871,82; 52; 62; 80; 6; 50; 44; 72; 59; 84
23,47,0.3355,0.48936,55; 23; 47; 76; 57; 67; 43; 77; 56; 48
21,73,0.27723,0.28767,15; 21; 73; 66; 83; 67; 81; 74; 26; 18
12,14,0.30209,0.85714,6; 12; 14; 32; 51; 5; 45; 46; 58; 41
7,19,0.29407,0.36842,30; 7; 19; 55; 51; 79; 76; 27; 56; 56
17,67,0.25088,0.25373,26; 17; 67; 63; 55; 52; 85; 80; 50; 79
27,54,0.31932,0.5,65; 27; 54; 29; 50; 16; 51; 40; 36; 26
21,65,0.30059,0.32308,72; 21; 65; 15; 37; 83; 64; 68; 44; 71
60,73,0.22736,0.82192,46; 60; 73; 72; 83; 37; 64; 44; 55; 84
19,60,0.29604,0.31667,7; 19; 60; 76; 76; 40; 82; 14; 65; 82
23,78,0.27417,0.29487,42; 23; 78; 80; 9; 16; 74; 56; 27; 35
9,36,0.24882,0.25,52; 9; 36; 56; 47; 10; 63; 84; 83; 23
23,76,0.28606,0.30263,22; 23; 76; 25; 57; 57; 46; 82; 60; 5
16,58,0.27113,0.27586,21; 16; 58; 8; 16; 43; 75; 34; 80; 38
8,28,0.27587,0.28571,10; 8; 28; 50; 74; 84; 64; 11; 27; 68
24,81,0.26029,0.2963,76; 24; 81; 40; 84; 70; 77; 38; 65; 24
65,82,0.20849,0.79268,6; 65; 82; 69; 79; 14; 14; 14; 73; 22
55,70,0.23226,0.78571,85; 55; 70; 70; 85; 64; 80; 46; 67; 28
64,76,0.18,0.84211,63; 64; 76; 74; 30; 60; 80; 44; 22; 32
14,25,0.3348,0.56,42; 14; 25; 16; 39; 24; 29; 33; 63; 24
19,22,0.35207,0.86364,77; 19; 22; 76; 61; 37; 43; 37; 47; 50
29,51,0.32618,0.56863,74; 29; 51; 52; 63; 52; 80; 25; 21; 27
40,70,0.27633,0.57143,52; 40; 70; 40; 8; 7; 82; 70; 16; 81
31,84,0.25727,0.36905,79; 31; 84; 35; 13; 37; 27; 77; 38; 73
29,82,0.2685,0.35366,12; 29; 82; 72; 46; 63; 12; 27; 83; 5
21,83,0.25295,0.25301,52; 21; 83; 13; 71; 58; 30; 19; 47; 53
15,53,0.27382,0.28302,78; 15; 53; 15; 49; 80; 49; 9; 62; 80
19,79,0.23923,0.24051,29; 19; 79; 55; 51; 81; 61; 42; 36; 5
15,27,0.33443,0.55556,64; 15; 27; 55; 45; 13; 45; 16; 10; 49
23,71,0.29369,0.32394,67; 23; 71; 6; 38; 5; 82; 72; 61; 6
17,59,0.28177,0.28814,24; 17; 59; 57; 16; 20; 68; 39; 39; 53
48,60,0.2632,0.8,51; 48; 60; 63; 36; 67; 46; 23; 15; 64
25,72,0.28542,0.34722,44; 25; 72; 55; 61; 73; 64; 66; 54; 45
28,80,0.26342,0.35,10; 28; 80; 9; 40; 11; 68; 82; 17; 17
32,64,0.30587,0.5,32; 32; 64; 22; 14; 68; 29; 30; 70; 81
52,65,0.25509,0.8,78; 52; 65; 28; 69; 61; 82; 52; 34; 40
20,41,0.33753,0.4878,29; 20; 41; 81; 49; 64; 30; 74; 11; 43
22,77,0.2726,0.28571,13; 22; 77; 54; 60; 69; 45; 32; 19; 14
66,82,0.18965,0.80488,85; 66; 82; 52; 35; 43; 74; 55; 55; 51
41,84,0.23023,0.4881,55; 41; 84; 61; 42; 13; 56; 78; 16; 50
7,21,0.29383,0.33333,64; 7; 21; 7; 74; 63; 41; 17; 70; 56
18,52,0.30378,0.34615,37; 18; 52; 80; 44; 26; 59; 36; 17; 45
7,23,0.27862,0.30435,17; 7; 23; 83; 55; 73; 64; 54; 46; 15
67,85,0.19726,0.78824,59; 67; 85; 53; 22; 65; 39; 28; 82; 63
25,76,0.27955,0.32895,85; 25; 76; 84; 19; 73; 69; 13; 19; 34
24,84,0.26066,0.28571,44; 24; 84; 84; 11; 17; 18; 34; 37; 63
15,50,0.28763,0.3,36; 15; 50; 81; 17; 59; 40; 57; 71; 33
41,72,0.26914,0.56944,70; 41; 72; 54; 30; 6; 12; 84; 41; 71
13,51,0.25046,0.2549,42; 13; 51; 19; 51; 35; 48; 78; 41; 62
43,77,0.26511,0.55844,63; 43; 77; 46; 49; 51; 31; 50; 42; 76
17,48,0.3105,0.35417,8; 17; 48; 77; 19; 42; 19; 66; 10; 16
41,49,0.29891,0.83673,12; 41; 49; 57; 73; 39; 51; 54; 62; 45
27,82,0.2707,0.32927,72; 27; 82; 25; 19; 32; 85; 48; 83; 57
18,52,0.30509,0.34615,76; 18; 52; 58; 34; 7; 75; 64; 20; 14
15,63,0.23663,0.2381,80; 15; 63; 28; 21; 14; 58; 10; 18; 20
18,36,0.33658,0.5,50; 18; 36; 33; 36; 52; 38; 8; 34; 9
24,72,0.29162,0.33333,59; 24; 72; 65; 85; 63; 23; 18; 61; 79
43,51,0.30078,0.84314,62; 43; 51; 21; 46; 45; 26; 9; 41; 26
39,80,0.24085,0.4875,79; 39; 80; 29; 12; 20; 29; 34; 9; 23
14,55,0.24895,0.25455,34; 14; 55; 29; 44; 28; 74; 14; 34; 29
30,82,0.26769,0.36585,44; 30; 82; 81; 69; 53; 37; 34; 49; 58
28,35,0.33707,0.8,59; 28; 35; 32; 21; 69; 77; 72; 12; 41
24,30,0.34334,0.8,43; 24; 30; 50; 80; 85; 75; 9; 45; 61
56,65,0.24244,0.86154,69; 56; 65; 31; 68; 83; 72; 77; 62; 19
29,79,0.27728,0.36709,51; 29; 79; 10; 23; 75; 50; 50; 10; 7
55,67,0.24608,0.8209,46; 55; 67; 60; 22; 28; 39; 63; 63; 82
16,20,0.33422,0.8,61; 16; 20; 65; 73; 21; 76; 13; 35; 36
41,73,0.25478,0.56164,80; 41; 73; 35; 46; 73; 5; 27; 81; 22
8,23,0.29457,0.34783,13; 8; 23; 41; 40; 8; 46; 20; 17; 29
30,65,0.31198,0.46154,63; 30; 65; 10; 32; 5; 22; 63; 13; 57
19,58,0.30489,0.32759,33; 19; 58; 7; 38; 34; 46; 49; 19; 53
10,36,0.26845,0.27778,79; 10; 36; 14; 11; 52; 34; 80; 72; 54
17,34,0.3368,0.5,40; 17; 34; 5; 60; 70; 21; 49; 55; 24
18,72,0.24517,0.25,62; 18; 72; 42; 44; 43; 34; 73; 51; 13
8,32,0.24712,0.25,67; 8; 32; 76; 54; 29; 49; 53; 8; 78
34,60,0.30146,0.56667,70; 34; 60; 19; 85; 7; 30; 80; 41; 39
17,56,0.28796,0.30357,33; 17; 56; 18; 51; 52; 38; 71; 79; 14
46,55,0.29491,0.83636,38; 46; 55; 77; 25; 62; 25; 75; 26; 18
44,78,0.2576,0.5641,9; 44; 78; 80; 32; 66; 27; 59; 39; 70
16,49,0.29911,0.32653,12; 16; 49; 35; 72; 43; 39; 71; 85; 82
17,57,0.28714,0.29825,15; 17; 57; 63; 59; 12; 50; 34; 5; 26
69,80,0.1993,0.8625,81; 69; 80; 74; 58; 49; 45; 83; 85; 26
28,79,0.27368,0.35443,28; 28; 79; 14; 78; 44; 55; 43; 68; 63
63,79,0.21047,0.79747,61; 63; 79; 78; 37; 36; 43; 71; 55; 23
57,71,0.21983,0.80282,65; 57; 71; 56; 84; 53; 40; 54; 68; 65
29,84,0.25773,0.34524,20; 29; 84; 61; 29; 65; 10; 82; 15; 42
61,76,0.21543,0.80263,60; 61; 76; 37; 26; 55; 80; 32; 33; 9
21,64,0.30189,0.32812,58; 21; 64; 55; 48; 54; 64; 29; 15; 55
38,67,0.28435,0.56716,61; 38; 67; 12; 13; 26; 60; 8; 74; 81
23,29,0.34789,0.7931,10; 23; 29; 29; 25; 77; 66; 51; 10; 64
29,84,0.25544,0.34524,25; 29; 84; 68; 79; 38; 75; 60; 65; 78
21,43,0.3356,0.48837,58; 21; 43; 36; 18; 80; 45; 85; 73; 74
45,56,0.28572,0.80357,25; 45; 56; 42; 15; 84; 8; 51; 62; 56
12,36,0.29953,0.33333,81; 12; 36; 49; 30; 79; 13; 10; 24; 74
13,52,0.24778,0.25,64; 13; 52; 9; 51; 17; 41; 16; 78; 21
19,64,0.28628,0.29688,47; 19; 64; 62; 26; 15; 11; 42; 14; 70
14,48,0.28258,0.29167,60; 14; 48; 60; 73; 57; 41; 47; 56; 39
15,62,0.24224,0.24194,83; 15; 62; 61; 6; 40; 29; 52; 23; 12
37,81,0.23906,0.45679,15; 37; 81; 49; 29; 32; 10; 40; 56; 57
30,38,0.33562,0.78947,23; 30; 38; 63; 42; 15; 38; 38; 18; 85
12,24,0.32564,0.5,66; 12; 24; 41; 19; 72; 66; 17; 12; 49
27,81,0.27951,0.33333,46; 27; 81; 38; 25; 21; 31; 8; 56; 23
5,18,0.2512,0.27778,25; 5; 18; 18; 22; 41; 28; 15; 53; 42
9,18,0.30822,0.5,7; 9; 18; 25; 17; 18; 34; 76; 37; 58
33,72,0.2796,0.45833,34; 33; 72; 46; 68; 60; 65; 73; 22; 41
32,70,0.29503,0.45714,62; 32; 70; 25; 14; 59; 70; 48; 13; 64
12,50,0.24063,0.24,28; 12; 50; 77; 58; 25; 23; 15; 73; 19
41,72,0.25743,0.56944,27; 41; 72; 34; 72; 37; 81; 82; 40; 17
20,85,0.23557,0.23529,39; 20; 85; 84; 35; 69; 71; 13; 59; 46
35,44,0.31908,0.79545,28; 35; 44; 57; 37; 75; 85; 18; 28; 44
48,84,0.22226,0.57143,37; 48; 84; 22; 50; 25; 59; 50; 59; 61
20,62,0.29591,0.32258,63; 20; 62; 34; 75; 12; 24; 50; 60; 75
46,80,0.23849,0.575,12; 46; 80; 58; 47; 84; 80; 79; 58; 6
27,48,0.33336,0.5625,62; 27; 48; 28; 56; 17; 10; 9; 82; 48
24,48,0.32763,0.5,69; 24; 48; 42; 22; 34; 84; 53; 51; 61
9,26,0.29414,0.34615,21; 9; 26; 53; 17; 82; 26; 60; 35; 67
16,63,0.25525,0.25397,9; 16; 63; 52; 12; 79; 25; 70; 75; 5
42,51,0.29804,0.82353,37; 42; 51; 85; 43; 36; 18; 63; 54; 19
31,37,0.33878,0.83784,5; 31; 37; 59; 5; 82; 70; 52; 17; 36
13,26,0.32921,0.5,11; 13; 26; 19; 64; 40; 33; 29; 68; 7
18,21,0.34375,0.85714,17; 18; 21; 23; 33; 45; 12; 21; 58; 56
8,29,0.26744,0.27586,66; 8; 29; 76; 34; 9; 84; 50; 32; 51
52,62,0.24805,0.83871,73; 52; 62; 30; 7; 64; 30; 15; 84; 51
8,27,0.28115,0.2963,36; 8; 27; 12; 41; 10; 17; 23; 75; 38
22,69,0.29227,0.31884,73; 22; 69; 32; 49; 45; 68; 13; 23; 15
7,22,0.28913,0.31818,37; 7; 22; 34; 82; 41; 46; 79; 20; 6
16,46,0.30879,0.34783,82; 16; 46; 61; 34; 56; 52; 60; 59; 59
20,57,0.30928,0.35088,26; 20; 57; 49; 28; 41; 9; 14; 25; 85
60,76,0.21611,0.78947,69; 60; 76; 11; 50; 74; 23; 64; 63; 42
21,70,0.28661,0.3,70; 21; 70; 43; 53; 70; 71; 14; 39; 25
15,63,0.24156,0.2381,12; 15; 63; 61; 84; 10; 42; 63; 84; 23
43,54,0.29068,0.7963,7; 43; 54; 22; 62; 24; 84; 44; 12; 59
43,75,0.24242,0.57333,85; 43; 75; 22; 36; 70; 46; 27; 12; 77
31,36,0.3417,0.86111,26; 31; 36; 18; 53; 85; 47; 34; 51; 10
17,59,0.27821,0.28814,67; 17; 59; 42; 10; 82; 72; 85; 62; 56
19,79,0.2377,0.24051,26; 19; 79; 77; 42; 22; 7; 53; 33; 28
20,84,0.23993,0.2381,36; 20; 84; 73; 18; 27; 71; 29; 27; 64
54,64,0.23778,0.84375,8; 54; 64; 12; 71; 85; 47; 18; 43; 10
17,59,0.27751,0.28814,28; 17; 59; 28; 49; 39; 75; 79; 18; 23
39,85,0.24416,0.45882,20; 39; 85; 71; 56; 19; 37; 66; 83; 61
55,64,0.24733,0.85938,51; 55; 64; 52; 80; 10; 20; 79; 44; 32
31,63,0.31625,0.49206,64; 31; 63; 71; 19; 66; 41; 81; 66; 59
48,57,0.27497,0.84211,28; 48; 57; 41; 81; 27; 10; 37; 81; 36
18,74,0.24329,0.24324,21; 18; 74; 36; 23; 76; 73; 81; 21; 67
30,82,0.24606,0.36585,56; 30; 82; 38; 73; 21; 50; 78; 79; 7
48,85,0.21216,0.56471,62; 48; 85; 58; 58; 76; 22; 74; 61; 9
23,47,0.3344,0.48936,38; 23; 47; 31; 40; 70; 79; 73; 68; 30
43,76,0.24254,0.56579,77; 43; 76; 35; 12; 18; 66; 24; 34; 63
19,39,0.33766,0.48718,62; 19; 39; 39; 26; 29; 13; 44; 21; 22
21,63,0.30373,0.33333,57; 21; 63; 16; 57; 27; 59; 41; 34; 54
38,82,0.27187,0.46341,81; 38; 82; 46; 17; 64; 77; 12; 31; 31
11,33,0.29914,0.33333,32; 11; 33; 81; 81; 20; 38; 66; 26; 35
8,24,0.2978,0.33333,8; 8; 24; 34; 27; 75; 85; 65; 39; 72
19,39,0.33231,0.48718,21; 19; 39; 48; 33; 9; 51; 45; 30; 25
49,61,0.25775,0.80328,16; 49; 61; 20; 50; 47; 16; 26; 7; 52
28,57,0.32178,0.49123,81; 28; 57; 51; 58; 85; 25; 30; 15; 81
31,37,0.33458,0.83784,69; 31; 37; 65; 66; 62; 21; 62; 69; 34
19,57,0.30194,0.33333,36; 19; 57; 32; 82; 26; 7; 30; 70; 75
6,18,0.27577,0.33333,15; 6; 18; 34; 7; 63; 54; 62; 27; 34
66,77,0.20646,0.85714,13; 66; 77; 60; 17; 65; 8; 34; 7; 81
15,59,0.25592,0.25424,51; 15; 59; 13; 61; 19; 85; 21; 20; 5
47,56,0.27982,0.83929,47; 47; 56; 67; 39; 59; 80; 57; 71; 25
37,43,0.32303,0.86047,55; 37; 43; 68; 14; 31; 76; 76; 62; 61
18,71,0.25204,0.25352,55; 18; 71; 49; 54; 7; 68; 10; 77; 35
36,78,0.26087,0.46154,50; 36; 78; 69; 26; 39; 51; 37; 66; 7
23,82,0.26522,0.28049,17; 23; 82; 27; 15; 25; 11; 55; 34; 48
20,82,0.24424,0.2439,76; 20; 82; 42; 64; 66; 19; 14; 76; 28
53,67,0.2341,0.79104,76; 53; 67; 53; 56; 39; 74; 61; 33; 34
8,27,0.27753,0.2963,54; 8; 27; 77; 62; 51; 13; 22; 73; 66
61,73,0.22095,0.83562,60; 61; 73; 32; 54; 81; 39; 22; 5; 26
54,66,0.23991,0.81818,31; 54; 66; 19; 59; 57; 77; 29; 46; 50
21,83,0.25472,0.25301,81; 21; 83; 82; 24; 85; 19; 60; 66; 81
25,45,0.3383,0.55556,78; 25; 45; 54; 18; 78; 74; 69; 83; 64
8,29,0.26896,0.27586,13; 8; 29; 74; 49; 54; 25; 16; 36; 15
31,84,0.26358,0.36905,29; 31; 84; 50; 52; 30; 30; 67; 50; 58
23,73,0.28736,0.31507,67; 23; 73; 10; 62; 71; 45; 81; 46; 7
42,74,0.26153,0.56757,79; 42; 74; 59; 85; 17; 24; 24; 10; 70
26,71,0.28933,0.3662,52; 26; 71; 68; 19; 26; 74; 58; 85; 5
14,44,0.29606,0.31818,73; 14; 44; 64; 25; 41; 8; 6; 39; 47
55,70,0.23022,0.78571,79; 55; 70; 21; 75; 54; 85; 34; 61; 37
18,60,0.28736,0.3,43; 18; 60; 41; 42; 28; 81; 43; 17; 11
19,78,0.24334,0.24359,31; 19; 78; 10; 16; 54; 62; 19; 47; 38
6,19,0.27924,0.31579,55; 6; 19; 25; 42; 59; 51; 36; 84; 39
47,57,0.27558,0.82456,62; 47; 57; 52; 43; 16; 18; 52; 84; 30
52,65,0.2418,0.8,36; 52; 65; 13; 31; 63; 81; 31; 37; 34
23,28,0.34432,0.82143,16; 23; 28; 50; 23; 58; 44; 18; 69; 29
60,70,0.21973,0.85714,16; 60; 70; 36; 84; 11; 15; 42; 65; 50
5,9,0.19159,0.55556,5; 5; 9; 36; 38; 72; 47; 18; 68; 7
32,65,0.29319,0.49231,71; 32; 65; 82; 73; 53; 19; 59; 74; 13
16,54,0.28614,0.2963,45; 16; 54; 49; 73; 32; 61; 27; 64; 54
15,45,0.30081,0.33333,48; 15; 45; 10; 32; 28; 67; 10; 71; 80
25,76,0.27613,0.32895,74; 25; 76; 28; 82; 25; 52; 54; 14; 25
23,76,0.27596,0.30263,85; 23; 76; 65; 50; 49; 66; 51; 25; 57
45,80,0.21414,0.5625,13; 45; 80; 59; 11; 71; 85; 54; 60; 35
34,68,0.28686,0.5,62; 34; 68; 55; 49; 85; 60; 28; 49; 82
43,75,0.26014,0.57333,47; 43; 75; 36; 76; 22; 9; 14; 76; 6
21,75,0.26516,0.28,43; 21; 75; 74; 68; 25; 37; 75; 40; 15
32,64,0.29624,0.5,13; 32; 64; 29; 54; 30; 77; 71; 8; 33
32,56,0.31894,0.57143,44; 32; 56; 24; 36; 70; 17; 14; 37; 6
26,53,0.32634,0.49057,50; 26; 53; 53; 83; 62; 75; 74; 80; 29
60,73,0.22244,0.82192,13; 60; 73; 56; 49; 25; 8; 35; 40; 10
25,79,0.27056,0.31646,79; 25; 79; 28; 58; 10; 72; 46; 33; 73
27,82,0.27274,0.32927,62; 27; 82; 33; 22; 61; 7; 81; 40; 37
38,83,0.24351,0.45783,67; 38; 83; 10; 56; 8; 7; 81; 41; 59
26,80,0.27289,0.325,26; 26; 80; 24; 33; 57; 72; 61; 83; 38
20,57,0.31514,0.35088,24; 20; 57; 57; 68; 52; 61; 30; 69; 31
13,55,0.23167,0.23636,26; 13; 55; 67; 29; 59; 25; 6; 14; 40
41,82,0.24667,0.5,47; 41; 82; 24; 75; 78; 39; 20; 10; 59
18,39,0.33302,0.46154,58; 18; 39; 15; 76; 81; 77; 35; 79; 56
26,74,0.29596,0.35135,45; 26; 74; 53; 63; 82; 43; 80; 29; 31
54,66,0.23101,0.81818,46; 54; 66; 85; 31; 50; 34; 6; 37; 64
17,71,0.23865,0.23944,59; 17; 71; 16; 33; 69; 30; 77; 22; 20
19,69,0.26626,0.27536,29; 19; 69; 29; 68; 17; 39; 10; 48; 15
35,62,0.29705,0.56452,31; 35; 62; 22; 28; 64; 10; 10; 57; 57
12,21,0.32619,0.57143,10; 12; 21; 74; 49; 42; 74; 75; 37; 64
42,49,0.30834,0.85714,30; 42; 49; 12; 68; 14; 31; 18; 43; 15
23,77,0.2716,0.2987,11; 23; 77; 35; 78; 59; 61; 67; 59; 30
19,63,0.28776,0.30159,60; 19; 63; 37; 32; 39; 20; 40; 82; 74
33,71,0.27548,0.46479,63; 33; 71; 15; 54; 23; 18; 58; 11; 51
11,46,0.23651,0.23913,46; 11; 46; 59; 61; 36; 75; 85; 46; 35
24,72,0.29335,0.33333,82; 24; 72; 43; 36; 40; 46; 49; 11; 38
44,55,0.28602,0.8,24; 44; 55; 29; 42; 25; 74; 26; 80; 72
14,56,0.24734,0.25,77; 14; 56; 84; 41; 45; 48; 52; 55; 68
19,38,0.33863,0.5,51; 19; 38; 63; 76; 81; 59; 32; 6; 64
30,65,0.30225,0.46154,77; 30; 65; 74; 29; 55; 14; 69; 6; 67
23,41,0.338,0.56098,66; 23; 41; 15; 62; 33; 44; 35; 9; 17
5,10,0.18719,0.5,11; 5; 10; 42; 65; 14; 85; 45; 84; 73
12,26,0.32204,0.46154,13; 12; 26; 15; 19; 9; 74; 66; 63; 72
63,80,0.21166,0.7875,35; 63; 80; 47; 65; 45; 32; 43; 49; 51
55,69,0.2446,0.7971,51; 55; 69; 46; 58; 73; 84; 51; 58; 53
64,74,0.21146,0.86486,75; 64; 74; 82; 23; 15; 17; 32; 15; 85
20,57,0.31159,0.35088,16; 20; 57; 51; 69; 27; 78; 26; 85; 27
49,61,0.2577,0.80328,30; 49; 61; 49; 30; 12; 70; 30; 21; 22
29,83,0.25858,0.3494,82; 29; 83; 70; 29; 37; 78; 74; 85; 75
8,10,0.25864,0.8,55; 8; 10; 75; 46; 65; 18; 39; 27; 77
39,69,0.2871,0.56522,69; 39; 69; 79; 32; 35; 78; 69; 65; 39
21,25,0.34855,0.84,41; 21; 25; 42; 36; 75; 74; 70; 71; 8
23,78,0.28008,0.29487,29; 23; 78; 60; 84; 12; 68; 9; 63; 69
12,21,0.32615,0.57143,16; 12; 21; 10; 31; 40; 70; 35; 7; 79
19,54,0.31357,0.35185,49; 19; 54; 32; 50; 83; 69; 46; 73; 67
48,85,0.22858,0.56471,51; 48; 85; 55; 48; 59; 65; 36; 23; 37
24,81,0.27205,0.2963,70; 24; 81; 13; 10; 8; 41; 76; 15; 50
19,52,0.31246,0.36538,35; 19; 52; 13; 6; 68; 61; 60; 52; 46
23,41,0.34156,0.56098,51; 23; 41; 19; 39; 75; 19; 15; 11; 74
23,82,0.26001,0.28049,23; 23; 82; 8; 11; 44; 68; 71; 66; 51
21,46,0.33595,0.45652,28; 21; 46; 23; 41; 19; 7; 32; 63; 37
10,34,0.27973,0.29412,84; 10; 34; 11; 51; 64; 77; 72; 85; 46
17,52,0.30215,0.32692,77; 17; 52; 44; 26; 48; 73; 28; 28; 55
24,85,0.26337,0.28235,35; 24; 85; 45; 65; 20; 84; 13; 43; 27
20,79,0.2531,0.25316,74; 20; 79; 63; 81; 68; 43; 73; 37; 80
18,73,0.24542,0.24658,80; 18; 73; 42; 69; 67; 46; 37; 10; 62
6,19,0.28037,0.31579,54; 6; 19; 76; 57; 9; 36; 82; 66; 75
18,74,0.24002,0.24324,82; 18; 74; 77; 35; 70; 42; 79; 54; 12
38,67,0.28359,0.56716,82; 38; 67; 44; 41; 15; 57; 15; 27; 11
54,63,0.24006,0.85714,77; 54; 63; 32; 77; 65; 72; 53; 57; 9
13,46,0.27175,0.28261,61; 13; 46; 11; 17; 83; 7; 64; 14; 56
34,43,0.31757,0.7907,33; 34; 43; 57; 59; 66; 28; 27; 65; 69
66,79,0.20792,0.83544,16; 66; 79; 27; 25; 66; 74; 84; 30; 8
68,79,0.19822,0.86076,8; 68; 79; 77; 82; 19; 50; 16; 23; 26
6,18,0.27435,0.33333,26; 6; 18; 81; 45; 6; 72; 9; 64; 14
11,46,0.23677,0.23913,9; 11; 46; 6; 29; 13; 81; 80; 58; 11
34,68,0.28347,0.5,65; 34; 68; 14; 17; 47; 14; 38; 69; 57
8,29,0.26607,0.27586,5; 8; 29; 42; 39; 28; 62; 50; 13; 76
36,45,0.32198,0.8,64; 36; 45; 39; 62; 23; 54; 8; 35; 14
16,19,0.33474,0.84211,42; 16; 19; 80; 12; 49; 81; 7; 76; 7
14,49,0.28134,0.28571,34; 14; 49; 84; 10; 85; 53; 16; 23; 64
17,34,0.33961,0.5,33; 17; 34; 84; 61; 33; 31; 36; 32; 32
32,38,0.33866,0.84211,50; 32; 38; 19; 47; 24; 24; 50; 77; 63
28,80,0.25464,0.35,65; 28; 80; 42; 36; 27; 63; 5; 25; 75
35,62,0.30789,0.56452,47; 35; 62; 69; 44; 25; 37; 49; 44; 28
66,82,0.19878,0.80488,44; 66; 82; 60; 46; 24; 16; 23; 45; 5
18,74,0.24154,0.24324,12; 18; 74; 15; 53; 47; 17; 78; 31; 33
18,76,0.235,0.23684,16; 18; 76; 57; 79; 10; 16; 80; 12; 57
18,73,0.24357,0.24658,85; 18; 73; 44; 9; 9; 84; 71; 78; 58
23,28,0.34543,0.82143,75; 23; 28; 7; 17; 84; 75; 85; 40; 5
19,79,0.23989,0.24051,14; 19; 79; 20; 52; 19; 62; 51; 47; 42
36,45,0.31043,0.8,37; 36; 45; 56; 29; 66; 11; 70; 20; 50
16,67,0.23747,0.23881,69; 16; 67; 72; 28; 21; 35; 28; 39; 83
60,76,0.21708,0.78947,25; 60; 76; 65; 41; 75; 13; 45; 5; 76
20,36,0.3405,0.55556,61; 20; 36; 30; 70; 23; 53; 12; 36; 54
49,62,0.26442,0.79032,63; 49; 62; 85; 23; 73; 52; 22; 25; 29
6,21,0.27277,0.28571,79; 6; 21; 68; 29; 58; 46; 74; 53; 46
7,21,0.2846,0.33333,45; 7; 21; 27; 81; 80; 79; 81; 22; 27
13,51,0.24741,0.2549,66; 13; 51; 53; 10; 40; 29; 66; 9; 84
32,57,0.31696,0.5614,72; 32; 57; 35; 48; 37; 72; 79; 81; 50
46,81,0.24114,0.5679,7; 46; 81; 52; 30; 73; 11; 48; 38; 68
16,28,0.33842,0.57143,30; 16; 28; 46; 78; 78; 65; 41; 36; 66
11,37,0.28361,0.2973,75; 11; 37; 74; 36; 47; 60; 57; 84; 48
15,41,0.31181,0.36585,70; 15; 41; 81; 33; 40; 80; 53; 52; 16
32,69,0.28687,0.46377,58; 32; 69; 8; 9; 77; 48; 27; 11; 70
66,79,0.20869,0.83544,35; 66; 79; 77; 7; 63; 34; 13; 83; 81
25,29,0.34718,0.86207,59; 25; 29; 39; 5; 85; 71; 43; 32; 11
21,72,0.28074,0.29167,13; 21; 72; 36; 24; 69; 19; 42; 77; 34
20,84,0.24225,0.2381,60; 20; 84; 81; 12; 33; 6; 59; 28; 20
25,54,0.32142,0.46296,42; 25; 54; 45; 52; 65; 47; 6; 13; 56
39,69,0.24686,0.56522,47; 39; 69; 64; 28; 11; 77; 22; 75; 18
14,46,0.2911,0.30435,79; 14; 46; 66; 33; 17; 67; 70; 27; 42
25,67,0.29258,0.37313,81; 25; 67; 73; 83; 21; 81; 71; 60; 78
33,68,0.29401,0.48529,35; 33; 68; 72; 45; 77; 63; 67; 39; 21
41,50,0.30705,0.82,41; 41; 50; 43; 81; 36; 41; 9; 56; 69
36,72,0.27816,0.5,23; 36; 72; 44; 69; 67; 77; 32; 46; 8
33,71,0.28843,0.46479,65; 33; 71; 41; 11; 9; 10; 56; 63; 58
31,54,0.32681,0.57407,45; 31; 54; 19; 8; 52; 82; 42; 61; 16
10,36,0.26892,0.27778,36; 10; 36; 81; 23; 29; 25; 42; 51; 32
64,74,0.18567,0.86486,77; 64; 74; 58; 36; 17; 55; 21; 29; 58
67,80,0.20605,0.8375,41; 67; 80; 17; 71; 21; 16; 24; 41; 77
19,79,0.23649,0.24051,28; 19; 79; 27; 29; 47; 28; 67; 77; 8
29,59,0.31854,0.49153,51; 29; 59; 34; 66; 55; 36; 82; 39; 77
34,74,0.27659,0.45946,78; 34; 74; 13; 7; 62; 32; 58; 45; 38
19,65,0.28055,0.29231,48; 19; 65; 18; 83; 78; 34; 62; 56; 56
17,35,0.32935,0.48571,33; 17; 35; 68; 29; 50; 80; 63; 64; 9
55,69,0.24023,0.7971,10; 55; 69; 80; 74; 82; 63; 38; 31; 13
47,59,0.28111,0.79661,44; 47; 59; 78; 48; 76; 15; 28; 85; 8
11,33,0.29805,0.33333,64; 11; 33; 78; 67; 55; 59; 19; 51; 15
9,37,0.243,0.24324,51; 9; 37; 13; 66; 12; 39; 20; 18; 50
33,42,0.32839,0.78571,80; 33; 42; 31; 17; 82; 19; 59; 81; 27
29,78,0.27674,0.37179,25; 29; 78; 6; 44; 48; 71; 47; 41; 37
69,84,0.19441,0.82143,6; 69; 84; 59; 41; 50; 27; 10; 49; 12
23,71,0.29532,0.32394,39; 23; 71; 25; 50; 84; 20; 72; 64; 56
19,22,0.34796,0.86364,68; 19; 22; 85; 61; 15; 64; 84; 56; 55
48,61,0.27197,0.78689,18; 48; 61; 41; 21; 27; 58; 27; 61; 84
24,30,0.34511,0.8,22; 24; 30; 84; 71; 39; 73; 38; 72; 47
26,33,0.34394,0.78788,24; 26; 33; 27; 46; 19; 73; 83; 26; 85
33,58,0.30305,0.56897,36; 33; 58; 57; 54; 77; 19; 43; 85; 28
68,85,0.15613,0.8,49; 68; 85; 54; 48; 60; 71; 52; 78; 28
7,25,0.26878,0.28,40; 7; 25; 17; 16; 33; 71; 16; 20; 63
15,47,0.29618,0.31915,8; 15; 47; 20; 17; 52; 71; 20; 72; 71
32,38,0.33838,0.84211,37; 32; 38; 45; 61; 62; 48; 23; 59; 64
30,82,0.27145,0.36585,56; 30; 82; 60; 39; 78; 31; 28; 30; 52
17,34,0.33317,0.5,29; 17; 34; 39; 60; 55; 23; 38; 60; 82
16,32,0.33227,0.5,32; 16; 32; 50; 45; 34; 21; 25; 49; 27
23,62,0.31444,0.37097,23; 23; 62; 80; 40; 84; 68; 67; 19; 57
17,68,0.24554,0.25,33; 17; 68; 81; 22; 19; 12; 35; 59; 49
11,40,0.26943,0.275,17; 11; 40; 57; 24; 20; 79; 44; 24; 26
24,69,0.29962,0.34783,78; 24; 69; 26; 60; 6; 9; 8; 11; 60
54,64,0.24816,0.84375,21; 54; 64; 83; 5; 83; 24; 75; 13; 83
68,83,0.19545,0.81928,51; 68; 83; 57; 68; 74; 15; 24; 8; 74
19,54,0.31499,0.35185,29; 19; 54; 30; 70; 38; 55; 58; 52; 47
40,71,0.27916,0.56338,73; 40; 71; 58; 38; 51; 56; 39; 10; 57
20,72,0.27431,0.27778,19; 20; 72; 15; 34; 48; 12; 61; 9; 30
60,73,0.22025,0.82192,43; 60; 73; 61; 63; 83; 45; 63; 67; 46
26,52,0.32893,0.5,41; 26; 52; 6; 11; 61; 29; 33; 14; 13
14,58,0.24063,0.24138,22; 14; 58; 66; 29; 47; 51; 20; 19; 11
42,51,0.30086,0.82353,37; 42; 51; 57; 80; 38; 83; 74; 67; 25
25,82,0.27158,0.30488,36; 25; 82; 52; 54; 54; 82; 56; 79; 59
12,40,0.28669,0.3,64; 12; 40; 7; 14; 85; 84; 61; 62; 81
22,74,0.28634,0.2973,74; 22; 74; 51; 51; 40; 35; 34; 71; 27
24,83,0.26587,0.28916,32; 24; 83; 63; 5; 45; 16; 46; 74; 31
20,57,0.3081,0.35088,60; 20; 57; 44; 79; 51; 34; 30; 76; 41
28,61,0.31402,0.45902,21; 28; 61; 12; 32; 64; 84; 44; 36; 49
20,79,0.25297,0.25316,25; 20; 79; 20; 84; 69; 28; 24; 47; 70
6,13,0.24659,0.46154,74; 6; 13; 58; 71; 42; 71; 76; 32; 22
48,56,0.27692,0.85714,26; 48; 56; 15; 26; 33; 45; 16; 48; 28
21,65,0.29688,0.32308,15; 21; 65; 64; 35; 24; 84; 31; 60; 47
14,57,0.2396,0.24561,32; 14; 57; 46; 11; 15; 61; 10; 78; 19
14,55,0.24996,0.25455,62; 14; 55; 14; 51; 67; 82; 70; 38; 66
45,56,0.27178,0.80357,27; 45; 56; 19; 73; 17; 50; 41; 27; 9
25,82,0.25926,0.30488,56; 25; 82; 68; 47; 11; 67; 42; 49; 30
36,72,0.28643,0.5,64; 36; 72; 32; 51; 26; 68; 19; 22; 42
31,36,0.33904,0.86111,26; 31; 36; 17; 25; 6; 60; 73; 24; 29
66,82,0.20458,0.80488,62; 66; 82; 40; 5; 44; 41; 11; 33; 27
18,51,0.31112,0.35294,57; 18; 51; 39; 82; 72; 82; 84; 75; 83
54,63,0.25009,0.85714,71; 54; 63; 61; 39; 55; 6; 63; 69; 41
27,59,0.31506,0.45763,56; 27; 59; 48; 48; 34; 44; 27; 14; 85
14,28,0.3271,0.5,48; 14; 28; 31; 62; 13; 79; 53; 76; 27
18,52,0.3101,0.34615,58; 18; 52; 61; 78; 31; 13; 43; 58; 50
19,76,0.25064,0.25,52; 19; 76; 50; 51; 8; 53; 18; 26; 54
13,37,0.30761,0.35135,56; 13; 37; 17; 74; 25; 30; 23; 12; 31
26,31,0.34275,0.83871,37; 26; 31; 7; 24; 34; 44; 78; 48; 72
42,85,0.22484,0.49412,34; 42; 85; 31; 30; 29; 62; 29; 13; 47
22,60,0.31297,0.36667,37; 22; 60; 81; 13; 71; 74; 66; 56; 22
40,49,0.30633,0.81633,36; 40; 49; 14; 74; 58; 54; 20; 67; 55
12,48,0.24559,0.25,46; 12; 48; 52; 79; 53; 21; 62; 73; 33
65,76,0.20816,0.85526,18; 65; 76; 21; 6; 79; 15; 65; 79; 28
25,72,0.28248,0.34722,71; 25; 72; 21; 49; 43; 45; 59; 78; 63
22,79,0.27122,0.27848,60; 22; 79; 49; 22; 69; 19; 17; 72; 5
14,48,0.28225,0.29167,55; 14; 48; 46; 29; 85; 34; 82; 23; 28
26,53,0.33269,0.49057,60; 26; 53; 53; 82; 31; 73; 58; 69; 10
20,54,0.315,0.37037,30; 20; 54; 84; 70; 17; 24; 6; 42; 50
26,33,0.34185,0.78788,57; 26; 33; 76; 80; 76; 34; 50; 22; 65
42,50,0.30036,0.84,61; 42; 50; 36; 55; 76; 77; 14; 12; 50
24,65,0.30746,0.36923,11; 24; 65; 79; 49; 16; 62; 41; 39; 34
47,82,0.23123,0.57317,21; 47; 82; 78; 56; 23; 32; 77; 36; 39
18,37,0.33448,0.48649,9; 18; 37; 45; 29; 73; 40; 61; 63; 25
7,23,0.28247,0.30435,58; 7; 23; 38; 18; 34; 68; 68; 17; 39
38,68,0.29367,0.55882,14; 38; 68; 42; 59; 76; 77; 52; 32; 69
56,65,0.23086,0.86154,69; 56; 65; 56; 46; 42; 65; 24; 79; 83
21,65,0.29994,0.32308,21; 21; 65; 64; 65; 67; 60; 23; 67; 73
25,76,0.28505,0.32895,16; 25; 76; 30; 72; 55; 13; 19; 25; 38
41,84,0.25068,0.4881,27; 41; 84; 49; 64; 53; 29; 39; 23; 22
42,53,0.30028,0.79245,80; 42; 53; 62; 28; 44; 20; 57; 25; 29
16,66,0.24352,0.24242,56; 16; 66; 43; 13; 69; 62; 45; 58; 48
67,85,0.19012,0.78824,46; 67; 85; 27; 77; 43; 61; 58; 6; 42
21,64,0.30127,0.32812,57; 21; 64; 18; 55; 73; 55; 34; 65; 19
40,80,0.23613,0.5,41; 40; 80; 7; 37; 16; 10; 61; 32; 26
68,81,0.19081,0.83951,65; 68; 81; 57; 67; 44; 7; 33; 81; 40
22,60,0.31351,0.36667,38; 22; 60; 71; 22; 7; 18; 60; 36; 8
31,55,0.32668,0.56364,65; 31; 55; 5; 83; 51; 13; 10; 50; 34
21,70,0.28196,0.3,13; 21; 70; 66; 50; 5; 68; 41; 82; 54
34,68,0.30334,0.5,42; 34; 68; 16; 14; 28; 32; 85; 45; 61
5,9,0.20264,0.55556,76; 5; 9; 10; 11; 59; 50; 47; 39; 30
38,77,0.22015,0.49351,78; 38; 77; 83; 56; 76; 64; 75; 68; 15
21,75,0.27207,0.28,26; 21; 75; 14; 29; 83; 75; 22; 17; 39
67,80,0.19555,0.8375,44; 67; 80; 84; 46; 81; 74; 20; 58; 85
35,76,0.27988,0.46053,67; 35; 76; 32; 54; 30; 43; 12; 8; 74
20,25,0.34002,0.8,70; 20; 25; 83; 75; 68; 32; 73; 10; 65
10,33,0.28454,0.30303,11; 10; 33; 69; 78; 6; 12; 76; 55; 25
48,56,0.27088,0.85714,67; 48; 56; 68; 19; 63; 14; 37; 83; 10
49,61,0.26783,0.80328,31; 49; 61; 13; 79; 79; 15; 83; 80; 40
36,72,0.26322,0.5,55; 36; 72; 81; 6; 82; 30; 49; 34; 58
35,76,0.25458,0.46053,16; 35; 76; 30; 28; 75; 81; 47; 74; 5
36,63,0.29496,0.57143,17; 36; 63; 37; 42; 60; 68; 58; 33; 72
69,84,0.17242,0.82143,27; 69; 84; 44; 54; 25; 51; 40; 27; 31
40,71,0.27736,0.56338,44; 40; 71; 11; 44; 30; 57; 40; 53; 24
16,48,0.30301,0.33333,21; 16; 48; 14; 11; 73; 83; 37; 28; 16
12,51,0.22948,0.23529,69; 12; 51; 30; 67; 75; 32; 84; 79; 24
25,44,0.3378,0.56818,75; 25; 44; 29; 45; 83; 69; 26; 42; 52
19,54,0.30939,0.35185,39; 19; 54; 78; 39; 77; 24; 75; 34; 77
44,77,0.25768,0.57143,38; 44; 77; 18; 22; 20; 13; 44; 29; 68
14,58,0.23717,0.24138,70; 14; 58; 16; 61; 22; 46; 60; 33; 83
12,26,0.32749,0.46154,33; 12; 26; 5; 46; 47; 50; 66; 44; 85
15,60,0.24863,0.25,30; 15; 60; 82; 43; 59; 15; 44; 25; 29
57,68,0.22421,0.83824,52; 57; 68; 77; 37; 41; 54; 11; 60; 34
17,35,0.33254,0.48571,21; 17; 35; 50; 34; 29; 66; 75; 83; 27
18,62,0.27876,0.29032,10; 18; 62; 82; 19; 56; 48; 9; 56; 63
12,38,0.29195,0.31579,84; 12; 38; 33; 8; 39; 55; 73; 13; 14
67,78,0.19614,0.85897,81; 67; 78; 45; 38; 78; 34; 33; 16; 56
8,33,0.24058,0.24242,24; 8; 33; 60; 30; 44; 7; 15; 15; 83
26,75,0.28403,0.34667,53; 26; 75; 79; 82; 9; 50; 50; 56; 23
7,20,0.2862,0.35,21; 7; 20; 41; 22; 55; 83; 84; 85; 75
23,71,0.29483,0.32394,44; 23; 71; 55; 42; 11; 47; 53; 51; 77
40,81,0.23948,0.49383,7; 40; 81; 20; 85; 27; 41; 56; 38; 26
9,30,0.28254,0.3,15; 9; 30; 83; 6; 21; 27; 46; 26; 61
41,84,0.22674,0.4881,62; 41; 84; 76; 15; 71; 5; 29; 49; 64
22,44,0.34135,0.5,29; 22; 44; 12; 61; 71; 45; 75; 84; 41
22,60,0.31829,0.36667,11; 22; 60; 34; 49; 26; 51; 61; 17; 55
36,63,0.28644,0.57143,15; 36; 63; 23; 53; 29; 7; 46; 21; 34
19,58,0.30234,0.32759,23; 19; 58; 36; 80; 9; 80; 48; 67; 70
24,65,0.30365,0.36923,62; 24; 65; 78; 71; 30; 18; 79; 18; 16
13,52,0.25042,0.25,44; 13; 52; 24; 74; 59; 49; 29; 43; 54
26,74,0.28804,0.35135,58; 26; 74; 82; 80; 14; 13; 75; 39; 7
12,48,0.24393,0.25,84; 12; 48; 22; 84; 31; 45; 5; 38; 50
6,18,0.28467,0.33333,6; 6; 18; 85; 22; 83; 77; 37; 74; 23
23,28,0.34492,0.82143,18; 23; 28; 15; 12; 60; 44; 40; 78; 35
22,45,0.33589,0.48889,59; 22; 45; 66; 70; 68; 26; 41; 18; 26
42,53,0.3001,0.79245,66; 42; 53; 60; 12; 72; 54; 69; 13; 32
18,37,0.33259,0.48649,17; 18; 37; 6; 45; 77; 59; 54; 85; 44
58,71,0.21724,0.8169,11; 58; 71; 79; 38; 53; 37; 73; 82; 44
19,39,0.33827,0.48718,41; 19; 39; 22; 23; 27; 31; 19; 12; 29
34,69,0.30022,0.49275,6; 34; 69; 77; 24; 37; 78; 28; 23; 23
48,57,0.27181,0.84211,31; 48; 57; 84; 74; 55; 21; 18; 29; 23
19,52,0.31436,0.36538,79; 19; 52; 57; 8; 7; 31; 36; 41; 41
35,62,0.31022,0.56452,5; 35; 62; 21; 34; 26; 51; 24; 51; 33
28,79,0.26967,0.35443,48; 28; 79; 65; 52; 74; 55; 33; 55; 38
18,22,0.34632,0.81818,82; 18; 22; 11; 21; 46; 15; 74; 29; 64
17,67,0.25197,0.25373,76; 17; 67; 56; 50; 45; 57; 51; 15; 80
14,59,0.23587,0.23729,84; 14; 59; 41; 27; 40; 55; 33; 9; 16
49,61,0.26794,0.80328,37; 49; 61; 67; 84; 50; 53; 57; 52; 80
23,62,0.31113,0.37097,27; 23; 62; 82; 49; 12; 58; 18; 22; 84
62,72,0.20906,0.86111,6; 62; 72; 61; 15; 8; 37; 41; 43; 71
52,65,0.25089,0.8,46; 52; 65; 10; 55; 17; 81; 65; 46; 6
9,31,0.27791,0.29032,33; 9; 31; 59; 74; 78; 12; 52; 62; 23
20,70,0.27951,0.28571,9; 20; 70; 71; 48; 52; 7; 66; 37; 42
9,38,0.23727,0.23684,72; 9; 38; 23; 32; 68; 43; 36; 17; 27
44,78,0.23225,0.5641,47; 44; 78; 83; 85; 10; 63; 56; 36; 28
19,22,0.3436,0.86364,58; 19; 22; 82; 25; 43; 26; 69; 51; 19
28,75,0.2806,0.37333,34; 28; 75; 76; 13; 56; 81; 53; 80; 70
21,74,0.27715,0.28378,50; 21; 74; 71; 23; 47; 65; 84; 13; 47
13,52,0.25022,0.25,43; 13; 52; 17; 75; 69; 18; 29; 72; 13
20,67,0.28828,0.29851,32; 20; 67; 9; 6; 20; 51; 53; 54; 65
11,37,0.28402,0.2973,77; 11; 37; 32; 63; 12; 40; 85; 6; 33
17,60,0.27647,0.28333,56; 17; 60; 44; 18; 9; 81; 13; 45; 63
17,58,0.2828,0.2931,75; 17; 58; 42; 15; 20; 11; 21; 37; 23
18,65,0.27307,0.27692,35; 18; 65; 44; 18; 66; 66; 54; 79; 65
59,72,0.2224,0.81944,36; 59; 72; 36; 7; 53; 26; 76; 37; 24
19,63,0.29002,0.30159,29; 19; 63; 56; 52; 57; 15; 36; 18; 10
6,18,0.28293,0.33333,68; 6; 18; 5; 5; 50; 74; 31; 15; 10
20,81,0.24556,0.24691,59; 20; 81; 61; 52; 46; 49; 49; 24; 77
27,85,0.25719,0.31765,46; 27; 85; 73; 82; 27; 49; 10; 41; 61
21,84,0.24971,0.25,25; 21; 84; 29; 64; 39; 70; 44; 77; 43
15,27,0.33803,0.55556,84; 15; 27; 74; 68; 46; 52; 52; 47; 11
25,83,0.26641,0.3012,13; 25; 83; 47; 44; 34; 41; 27; 45; 63
9,27,0.29809,0.33333,21; 9; 27; 7; 56; 76; 37; 73; 10; 74
23,82,0.25914,0.28049,83; 23; 82; 82; 11; 48; 12; 75; 85; 19
39,79,0.26105,0.49367,8; 39; 79; 24; 50; 77; 84; 47; 18; 16
43,54,0.29196,0.7963,6; 43; 54; 24; 53; 57; 80; 55; 38; 43
19,79,0.24051,0.24051,37; 19; 79; 31; 25; 49; 15; 60; 37; 49
24,30,0.34611,0.8,68; 24; 30; 60; 79; 42; 62; 84; 10; 19
20,79,0.24994,0.25316,64; 20; 79; 18; 57; 61; 79; 25; 6; 28
27,77,0.2814,0.35065,23; 27; 77; 49; 15; 29; 77; 54; 31; 9
9,32,0.27502,0.28125,72; 9; 32; 72; 9; 11; 10; 46; 27; 5
46,82,0.22215,0.56098,80; 46; 82; 13; 18; 10; 45; 23; 68; 53
16,55,0.28305,0.29091,24; 16; 55; 80; 45; 70; 52; 25; 64; 33
53,65,0.24434,0.81538,30; 53; 65; 42; 55; 72; 36; 65; 66; 79
18,60,0.28937,0.3,77; 18; 60; 55; 23; 69; 22; 24; 40; 70
23,65,0.30715,0.35385,60; 23; 65; 47; 64; 81; 81; 38; 76; 59
31,37,0.33862,0.83784,58; 31; 37; 41; 13; 5; 34; 23; 18; 48
31,38,0.33729,0.81579,12; 31; 38; 36; 50; 60; 79; 57; 13; 78
23,82,0.25802,0.28049,41; 23; 82; 7; 55; 24; 82; 40; 55; 26
35,76,0.24958,0.46053,52; 35; 76; 36; 51; 9; 80; 63; 13; 63
40,72,0.27582,0.55556,23; 40; 72; 19; 15; 84; 82; 47; 65; 52
14,50,0.27437,0.28,66; 14; 50; 81; 76; 58; 46; 84; 72; 63
11,39,0.27195,0.28205,17; 11; 39; 59; 46; 23; 56; 27; 83; 57
19,38,0.33821,0.5,28; 19; 38; 72; 25; 67; 51; 67; 74; 17
10,36,0.27279,0.27778,35; 10; 36; 36; 35; 47; 38; 34; 27; 37
10,33,0.28479,0.30303,84; 10; 33; 63; 64; 30; 81; 57; 45; 73
24,81,0.26946,0.2963,82; 24; 81; 6; 9; 74; 48; 46; 46; 29
25,45,0.33817,0.55556,7; 25; 45; 36; 70; 64; 79; 81; 26; 72
8,16,0.29185,0.5,85; 8; 16; 8; 48; 67; 65; 14; 41; 51
32,69,0.28857,0.46377,21; 32; 69; 54; 22; 57; 58; 83; 63; 34
65,76,0.2088,0.85526,15; 65; 76; 30; 23; 68; 51; 73; 12; 84
23,69,0.301,0.33333,9; 23; 69; 64; 80; 61; 82; 79; 36; 35
16,56,0.27624,0.28571,60; 16; 56; 52; 39; 27; 17; 16; 55; 5
13,39,0.29594,0.33333,83; 13; 39; 84; 76; 17; 14; 24; 23; 64
13,37,0.3035,0.35135,77; 13; 37; 48; 19; 33; 77; 78; 54; 16
25,77,0.2808,0.32468,45; 25; 77; 51; 49; 37; 71; 14; 26; 23
8,14,0.27733,0.57143,25; 8; 14; 24; 53; 25; 83; 43; 19; 85
16,32,0.33737,0.5,63; 16; 32; 64; 55; 70; 24; 15; 30; 73
61,71,0.22249,0.85915,22; 61; 71; 11; 42; 39; 39; 23; 29; 74
40,80,0.25704,0.5,80; 40; 80; 38; 80; 40; 38; 33; 9; 19
7,19,0.29435,0.36842,47; 7; 19; 52; 24; 23; 74; 57; 74; 13
24,68,0.30538,0.35294,71; 24; 68; 65; 68; 10; 74; 32; 53; 8
30,60,0.32307,0.5,14; 30; 60; 80; 5; 62; 26; 45; 21; 74
16,53,0.28805,0.30189,53; 16; 53; 68; 34; 50; 21; 81; 9; 84
28,76,0.28552,0.36842,22; 28; 76; 47; 38; 26; 63; 39; 31; 45
27,73,0.28897,0.36986,83; 27; 73; 53; 27; 78; 32; 48; 9; 47
17,48,0.31317,0.35417,35; 17; 48; 49; 81; 52; 66; 70; 61; 78
65,77,0.20701,0.84416,42; 65; 77; 20; 46; 50; 13; 45; 32; 48
6,13,0.26379,0.46154,13; 6; 13; 6; 11; 41; 46; 32; 24; 53
24,30,0.34478,0.8,50; 24; 30; 23; 53; 49; 65; 19; 44; 50
9,11,0.27213,0.81818,18; 9; 11; 28; 42; 22; 23; 73; 9; 15
17,60,0.28028,0.28333,63; 17; 60; 35; 67; 38; 63; 21; 36; 80
64,76,0.20698,0.84211,53; 64; 76; 25; 16; 18; 38; 71; 14; 17
16,56,0.27966,0.28571,33; 16; 56; 15; 15; 5; 82; 41; 62; 60
8,33,0.23722,0.24242,14; 8; 33; 82; 64; 51; 82; 42; 52; 9
45,55,0.2873,0.81818,71; 45; 55; 70; 68; 83; 38; 69; 12; 71
42,74,0.23822,0.56757,14; 42; 74; 47; 69; 84; 20; 63; 51; 62
31,62,0.29667,0.5,21; 31; 62; 73; 36; 53; 79; 52; 11; 40
10,27,0.30663,0.37037,77; 10; 27; 21; 64; 63; 8; 51; 5; 39
55,64,0.24698,0.85938,57; 55; 64; 84; 48; 79; 24; 48; 31; 19
20,84,0.24109,0.2381,18; 20; 84; 18; 10; 37; 33; 77; 18; 82
38,68,0.28248,0.55882,58; 38; 68; 13; 43; 35; 70; 85; 80; 52
39,78,0.25784,0.5,21; 39; 78; 6; 21; 79; 44; 60; 16; 37
55,64,0.21114,0.85938,16; 55; 64; 56; 21; 65; 35; 85; 29; 18
49,57,0.2585,0.85965,32; 49; 57; 69; 48; 22; 27; 43; 29; 56
64,78,0.20658,0.82051,34; 64; 78; 17; 25; 78; 56; 73; 85; 37
29,58,0.31186,0.5,10; 29; 58; 5; 5; 79; 27; 36; 55; 73
11,45,0.2447,0.24444,42; 11; 45; 11; 12; 38; 42; 25; 43; 79
18,51,0.31015,0.35294,69; 18; 51; 51; 30; 42; 56; 50; 68; 80
37,80,0.26441,0.4625,11; 37; 80; 36; 78; 18; 62; 10; 65; 68
24,48,0.33369,0.5,48; 24; 48; 10; 43; 71; 9; 25; 85; 58
29,79,0.28154,0.36709,56; 29; 79; 51; 7; 61; 21; 12; 74; 23
23,72,0.29169,0.31944,58; 23; 72; 71; 13; 74; 83; 28; 47; 80
26,81,0.27217,0.32099,50; 26; 81; 60; 11; 32; 84; 27; 69; 13
63,80,0.20663,0.7875,47; 63; 80; 37; 65; 20; 52; 53; 47; 79
10,33,0.28482,0.30303,41; 10; 33; 80; 17; 66; 43; 71; 69; 31
42,85,0.23223,0.49412,47; 42; 85; 65; 39; 35; 17; 63; 28; 24
20,60,0.30563,0.33333,17; 20; 60; 60; 9; 36; 60; 65; 31; 74
15,45,0.30174,0.33333,76; 15; 45; 8; 7; 7; 74; 31; 23; 48
29,52,0.32206,0.55769,82; 29; 52; 15; 14; 83; 83; 82; 57; 60
16,56,0.27924,0.28571,81; 16; 56; 54; 80; 31; 66; 70; 56; 81
17,46,0.31512,0.36957,35; 17; 46; 30; 7; 52; 78; 52; 73; 73
16,66,0.24125,0.24242,83; 16; 66; 85; 13; 25; 79; 48; 40; 10
16,55,0.28163,0.29091,16; 16; 55; 49; 65; 52; 38; 72; 10; 45
28,76,0.27891,0.36842,51; 28; 76; 54; 49; 68; 62; 72; 25; 44
24,49,0.33153,0.4898,11; 24; 49; 8; 80; 65; 8; 27; 34; 15
20,84,0.23949,0.2381,48; 20; 84; 80; 43; 37; 75; 52; 14; 17
26,79,0.2712,0.32911,72; 26; 79; 34; 33; 57; 25; 7; 74; 85
37,43,0.32127,0.86047,18; 37; 43; 14; 11; 42; 51; 36; 51; 83
16,28,0.33457,0.57143,72; 16; 28; 52; 25; 24; 70; 37; 68; 8
32,57,0.31246,0.5614,66; 32; 57; 53; 67; 85; 11; 52; 24; 19
50,58,0.26898,0.86207,75; 50; 58; 6; 31; 62; 60; 23; 29; 49
67,84,0.20594,0.79762,69; 67; 84; 35; 12; 58; 27; 63; 22; 20
55,70,0.24204,0.78571,46; 55; 70; 39; 40; 8; 61; 65; 64; 55
22,62,0.31402,0.35484,34; 22; 62; 35; 65; 41; 30; 49; 46; 47
8,24,0.29947,0.33333,47; 8; 24; 5; 82; 14; 61; 20; 12; 20
17,52,0.30144,0.32692,43; 17; 52; 19; 44; 46; 84; 18; 71; 80
18,51,0.31039,0.35294,30; 18; 51; 64; 64; 18; 10; 26; 31; 69
43,51,0.26982,0.84314,50; 43; 51; 35; 27; 33; 61; 20; 14; 48
38,83,0.26124,0.45783,38; 38; 83; 74; 70; 28; 26; 19; 54; 29
66,79,0.19985,0.83544,26; 66; 79; 84; 78; 22; 7; 62; 63; 64
22,60,0.31106,0.36667,38; 22; 60; 16; 59; 73; 6; 10; 83; 61
19,80,0.23638,0.2375,67; 19; 80; 50; 62; 54; 29; 17; 49; 58
7,24,0.275,0.29167,9; 7; 24; 77; 7; 66; 82; 79; 11; 45
68,79,0.20048,0.86076,16; 68; 79; 50; 60; 40; 23; 23; 78; 31
28,81,0.27078,0.34568,8; 28; 81; 40; 32; 13; 24; 31; 23; 81
57,66,0.24031,0.86364,58; 57; 66; 84; 46; 78; 39; 10; 24; 12
18,74,0.24184,0.24324,19; 18; 74; 82; 70; 65; 85; 35; 27; 44
26,78,0.28181,0.33333,50; 26; 78; 74; 23; 9; 20; 9; 60; 59
27,85,0.2736,0.31765,79; 27; 85; 42; 22; 38; 73; 80; 75; 73
17,34,0.33774,0.5,20; 17; 34; 42; 73; 18; 41; 61; 12; 31
12,21,0.32817,0.57143,61; 12; 21; 84; 50; 71; 60; 73; 65; 8
29,59,0.3172,0.49153,55; 29; 59; 82; 59; 85; 9; 31; 33; 10
28,75,0.27962,0.37333,84; 28; 75; 31; 43; 35; 75; 43; 30; 20
8,25,0.29082,0.32,8; 8; 25; 14; 59; 31; 62; 79; 55; 51
20,63,0.29852,0.31746,42; 20; 63; 46; 44; 51; 42; 38; 45; 30
20,80,0.2467,0.25,59; 20; 80; 82; 31; 84; 6; 17; 68; 27
41,84,0.23292,0.4881,82; 41; 84; 37; 38; 44; 35; 76; 34; 63
19,57,0.30335,0.33333,35; 19; 57; 72; 7; 65; 83; 38; 39; 16
53,65,0.25045,0.81538,7; 53; 65; 48; 37; 35; 15; 54; 8; 32
22,79,0.27021,0.27848,63; 22; 79; 62; 31; 6; 62; 52; 81; 50
22,60,0.31299,0.36667,81; 22; 60; 25; 20; 35; 62; 23; 34; 12
70,81,0.19626,0.8642,25; 70; 81; 54; 59; 69; 20; 43; 60; 41
49,58,0.26847,0.84483,16; 49; 58; 80; 31; 44; 44; 36; 13; 46
17,67,0.25189,0.25373,42; 17; 67; 55; 23; 44; 34; 41; 69; 74
44,51,0.29086,0.86275,9; 44; 51; 67; 45; 41; 80; 78; 14; 30
10,34,0.28395,0.29412,16; 10; 34; 43; 69; 65; 74; 46; 44; 52
44,55,0.28875,0.8,55; 44; 55; 28; 62; 85; 78; 13; 26; 18
18,22,0.34407,0.81818,43; 18; 22; 70; 58; 30; 82; 57; 69; 38
28,84,0.2485,0.33333,57; 28; 84; 10; 81; 53; 46; 74; 67; 54
31,55,0.32484,0.56364,67; 31; 55; 16; 6; 57; 9; 39; 27; 8
24,80,0.274,0.3,10; 24; 80; 84; 13; 21; 51; 17; 12; 50
17,52,0.29588,0.32692,75; 17; 52; 57; 23; 46; 11; 9; 75; 16
25,75,0.28162,0.33333,5; 25; 75; 12; 72; 27; 41; 9; 23; 42
12,14,0.30537,0.85714,68; 12; 14; 16; 63; 75; 36; 61; 22; 15
26,33,0.34834,0.78788,57; 26; 33; 32; 40; 19; 76; 19; 70; 69
33,66,0.26773,0.5,47; 33; 66; 26; 51; 31; 42; 39; 55; 45
24,84,0.26672,0.28571,81; 24; 84; 78; 37; 72; 67; 73; 31; 42
11,30,0.3055,0.36667,36; 11; 30; 16; 49; 21; 54; 64; 79; 53
16,46,0.30832,0.34783,12; 16; 46; 46; 30; 24; 29; 10; 27; 69
26,31,0.34323,0.83871,62; 26; 31; 22; 8; 61; 48; 82; 43; 20
69,82,0.20084,0.84146,50; 69; 82; 64; 64; 59; 36; 65; 38; 63
18,49,0.31757,0.36735,84; 18; 49; 66; 69; 47; 33; 8; 22; 29
11,22,0.32499,0.5,67; 11; 22; 77; 33; 9; 45; 81; 42; 7
30,35,0.34052,0.85714,61; 30; 35; 33; 43; 14; 43; 60; 51; 66
22,60,0.31581,0.36667,26; 22; 60; 44; 64; 65; 55; 19; 21; 48
20,40,0.34032,0.5,58; 20; 40; 62; 36; 40; 53; 13; 69; 81
39,79,0.24882,0.49367,31; 39; 79; 39; 38; 30; 15; 70; 41; 73
21,25,0.34601,0.84,8; 21; 25; 68; 19; 26; 65; 69; 37; 29
16,64,0.2451,0.25,74; 16; 64; 76; 47; 10; 53; 31; 36; 59
39,78,0.25223,0.5,65; 39; 78; 37; 56; 48; 82; 85; 20; 59
57,66,0.2417,0.86364,55; 57; 66; 19; 20; 57; 22; 74; 29; 17
29,84,0.2528,0.34524,32; 29; 84; 35; 16; 56; 80; 25; 77; 27
27,84,0.26251,0.32143,69; 27; 84; 85; 46; 74; 24; 43; 13; 66
6,12,0.23689,0.5,34; 6; 12; 37; 69; 33; 85; 11; 67; 58
9,32,0.26678,0.28125,24; 9; 32; 72; 43; 56; 46; 40; 12; 78
28,35,0.34151,0.8,53; 28; 35; 74; 21; 53; 61; 17; 84; 21
47,56,0.24792,0.83929,48; 47; 56; 31; 49; 74; 84; 5; 80; 42
24,48,0.33246,0.5,48; 24; 48; 63; 26; 19; 56; 41; 64; 46
19,22,0.34272,0.86364,50; 19; 22; 12; 14; 58; 16; 61; 32; 24
13,55,0.23362,0.23636,45; 13; 55; 21; 5; 34; 30; 12; 9; 65
9,31,0.27856,0.29032,26; 9; 31; 42; 12; 41; 42; 46; 12; 10
36,43,0.31618,0.83721,7; 36; 43; 15; 17; 36; 32; 18; 6; 24
70,85,0.19992,0.82353,66; 70; 85; 38; 43; 85; 68; 61; 69; 59
31,83,0.27636,0.37349,79; 31; 83; 64; 43; 30; 57; 46; 60; 69
24,48,0.33195,0.5,60; 24; 48; 11; 69; 9; 27; 24; 19; 29
19,38,0.33808,0.5,46; 19; 38; 49; 14; 51; 41; 81; 25; 53
17,34,0.33721,0.5,43; 17; 34; 32; 18; 7; 12; 9; 64; 53
15,41,0.3164,0.36585,49; 15; 41; 72; 85; 57; 83; 29; 62; 55
28,76,0.27345,0.36842,28; 28; 76; 20; 27; 48; 62; 76; 53; 60
23,76,0.28806,0.30263,76; 23; 76; 56; 68; 82; 9; 63; 11; 29
33,58,0.30421,0.56897,51; 33; 58; 16; 44; 50; 63; 47; 66; 30
52,65,0.2537,0.8,34; 52; 65; 42; 50; 15; 21; 32; 41; 67
42,75,0.25752,0.56,36; 42; 75; 50; 18; 48; 64; 75; 21; 44
26,71,0.2971,0.3662,77; 26; 71; 30; 20; 40; 30; 45; 62; 12
16,64,0.24802,0.25,52; 16; 64; 28; 72; 42; 85; 33; 69; 38
66,82,0.20651,0.80488,47; 66; 82; 80; 8; 83; 47; 54; 14; 79
22,48,0.33147,0.45833,32; 22; 48; 76; 66; 36; 23; 55; 40; 31
39,80,0.23198,0.4875,14; 39; 80; 49; 38; 62; 33; 26; 85; 54
12,43,0.27455,0.27907,45; 12; 43; 36; 22; 50; 25; 6; 32; 38
43,77,0.2455,0.55844,50; 43; 77; 85; 5; 28; 65; 21; 61; 79
14,42,0.29691,0.33333,75; 14; 42; 54; 53; 23; 42; 25; 47; 76
19,68,0.27511,0.27941,68; 19; 68; 5; 15; 28; 5; 12; 24; 36
39,78,0.24747,0.5,7; 39; 78; 11; 65; 85; 23; 61; 53; 9
26,81,0.25787,0.32099,34; 26; 81; 78; 54; 80; 6; 68; 22; 35
64,74,0.21728,0.86486,84; 64; 74; 83; 53; 45; 17; 5; 62; 48
46,56,0.27543,0.82143,15; 46; 56; 57; 11; 15; 7; 82; 30; 40
23,28,0.34265,0.82143,5; 23; 28; 6; 41; 57; 11; 69; 82; 53
42,84,0.24861,0.5,78; 42; 84; 72; 51; 67; 70; 70; 79; 76
6,20,0.26684,0.3,68; 6; 20; 80; 16; 75; 54; 81; 58; 50
24,48,0.32664,0.5,43; 24; 48; 72; 53; 64; 25; 44; 68; 16
21,46,0.33583,0.45652,57; 21; 46; 36; 69; 38; 11; 25; 47; 60
36,42,0.32765,0.85714,56; 36; 42; 32; 27; 73; 64; 51; 85; 38
32,70,0.23239,0.45714,57; 32; 70; 38; 27; 30; 69; 63; 49; 11
63,75,0.20756,0.84,8; 63; 75; 13; 17; 85; 43; 19; 6; 70
32,65,0.29475,0.49231,44; 32; 65; 54; 43; 32; 60; 53; 18; 52
18,57,0.29346,0.31579,85; 18; 57; 38; 74; 9; 67; 37; 77; 55
26,57,0.31831,0.45614,10; 26; 57; 28; 67; 80; 18; 14; 55; 60
13,26,0.33243,0.5,55; 13; 26; 11; 72; 51; 75; 13; 14; 22
42,50,0.28339,0.84,79; 42; 50; 24; 21; 56; 5; 70; 53; 69
9,38,0.22956,0.23684,40; 9; 38; 78; 38; 43; 23; 57; 80; 84
17,71,0.23732,0.23944,41; 17; 71; 34; 32; 46; 33; 45; 59; 44
57,68,0.23354,0.83824,83; 57; 68; 78; 65; 38; 9; 23; 54; 61
13,46,0.27059,0.28261,18; 13; 46; 31; 64; 39; 59; 20; 57; 78
54,63,0.22827,0.85714,20; 54; 63; 30; 47; 7; 43; 33; 6; 11
9,31,0.27698,0.29032,72; 9; 31; 74; 84; 20; 28; 44; 14; 20
38,77,0.27258,0.49351,78; 38; 77; 50; 66; 34; 27; 38; 36; 52
24,80,0.26993,0.3,84; 24; 80; 10; 19; 60; 17; 83; 61; 51
12,36,0.30114,0.33333,34; 12; 36; 73; 30; 37; 23; 18; 42; 15
25,54,0.32411,0.46296,64; 25; 54; 33; 17; 36; 57; 29; 12; 45
19,24,0.34177,0.79167,31; 19; 24; 40; 36; 10; 77; 80; 56; 66
13,37,0.3061,0.35135,8; 13; 37; 24; 30; 76; 47; 82; 68; 5
23,79,0.27616,0.29114,72; 23; 79; 19; 7; 50; 42; 71; 8; 5
18,55,0.3007,0.32727,20; 18; 55; 80; 10; 70; 41; 55; 58; 50
64,74,0.21864,0.86486,58; 64; 74; 57; 15; 55; 23; 69; 85; 7
20,85,0.23636,0.23529,65; 20; 85; 12; 56; 30; 69; 66; 39; 83
42,74,0.25351,0.56757,59; 42; 74; 24; 22; 12; 22; 85; 47; 68
16,50,0.29843,0.32,30; 16; 50; 45; 17; 32; 56; 48; 13; 29
40,70,0.28025,0.57143,48; 40; 70; 81; 46; 61; 80; 73; 6; 72
21,73,0.27402,0.28767,65; 21; 73; 45; 62; 59; 8; 56; 78; 64
67,85,0.18581,0.78824,10; 67; 85; 8; 37; 26; 44; 30; 18; 71
20,35,0.33902,0.57143,45; 20; 35; 36; 22; 39; 83; 35; 48; 25
34,43,0.3238,0.7907,16; 34; 43; 55; 55; 64; 69; 62; 45; 30
23,29,0.34751,0.7931,78; 23; 29; 31; 5; 72; 25; 59; 34; 27
20,79,0.25398,0.25316,83; 20; 79; 15; 56; 21; 10; 12; 80; 26
49,57,0.27554,0.85965,54; 49; 57; 31; 12; 69; 28; 43; 28; 43
46,58,0.28557,0.7931,37; 46; 58; 76; 28; 42; 34; 9; 61; 32
30,85,0.25367,0.35294,13; 30; 85; 85; 33; 35; 69; 85; 61; 54
64,74,0.21585,0.86486,31; 64; 74; 16; 27; 55; 64; 46; 63; 76
14,47,0.28717,0.29787,14; 14; 47; 15; 68; 51; 85; 31; 43; 65
19,65,0.28159,0.29231,66; 19; 65; 49; 33; 5; 35; 21; 71; 21
23,77,0.28225,0.2987,56; 23; 77; 5; 80; 10; 81; 13; 49; 50
43,51,0.28929,0.84314,81; 43; 51; 17; 35; 70; 27; 32; 74; 37
10,41,0.24222,0.2439,84; 10; 41; 45; 30; 41; 26; 26; 39; 83
18,64,0.27426,0.28125,19; 18; 64; 23; 74; 36; 24; 51; 68; 65
15,60,0.2488,0.25,52; 15; 60; 56; 45; 46; 66; 42; 10; 72
44,77,0.22126,0.57143,39; 44; 77; 75; 80; 19; 69; 75; 38; 6
14,43,0.2969,0.32558,23; 14; 43; 28; 52; 6; 15; 39; 83; 44
65,77,0.20654,0.84416,7; 65; 77; 69; 54; 17; 32; 51; 55; 47
11,46,0.23589,0.23913,74; 11; 46; 24; 74; 71; 30; 45; 75; 69
15,59,0.25369,0.25424,35; 15; 59; 84; 29; 26; 53; 16; 59; 20
70,85,0.18599,0.82353,83; 70; 85; 50; 52; 62; 15; 68; 27; 77
23,70,0.29587,0.32857,20; 23; 70; 20; 84; 74; 75; 54; 22; 80
24,84,0.25942,0.28571,75; 24; 84; 29; 9; 56; 13; 54; 48; 10
24,81,0.26989,0.2963,32; 24; 81; 44; 54; 48; 57; 59; 63; 64
12,15,0.31582,0.8,31; 12; 15; 63; 39; 29; 20; 27; 59; 27
31,63,0.29484,0.49206,14; 31; 63; 73; 43; 44; 57; 26; 34; 44
16,64,0.25034,0.25,43; 16; 64; 80; 27; 71; 36; 39; 70; 7
20,67,0.2897,0.29851,85; 20; 67; 50; 32; 54; 7; 58; 24; 35
59,69,0.23263,0.85507,18; 59; 69; 11; 55; 57; 8; 62; 43; 41
65,79,0.18195,0.82278,15; 65; 79; 8; 31; 34; 59; 77; 53; 85
40,72,0.25836,0.55556,11; 40; 72; 12; 12; 61; 46; 81; 59; 51
30,35,0.34012,0.85714,11; 30; 35; 61; 54; 77; 9; 59; 15; 22
16,55,0.28455,0.29091,10; 16; 55; 21; 36; 43; 20; 66; 62; 16
23,76,0.28713,0.30263,66; 23; 76; 12; 50; 42; 35; 57; 22; 65
25,68,0.30177,0.36765,21; 25; 68; 23; 54; 26; 76; 30; 11; 60
56,68,0.2411,0.82353,67; 56; 68; 20; 65; 44; 14; 74; 48; 20
37,74,0.28272,0.5,60; 37; 74; 81; 22; 24; 65; 7; 59; 78
51,62,0.24154,0.82258,82; 51; 62; 43; 60; 75; 80; 53; 63; 77
17,57,0.28712,0.29825,59; 17; 57; 82; 30; 56; 39; 41; 29; 8
63,73,0.19677,0.86301,5; 63; 73; 82; 53; 36; 77; 82; 83; 35
14,44,0.29842,0.31818,67; 14; 44; 44; 56; 21; 69; 41; 44; 42
19,66,0.28002,0.28788,69; 19; 66; 38; 68; 9; 12; 49; 68; 27
47,57,0.27982,0.82456,19; 47; 57; 52; 12; 28; 53; 26; 29; 12
44,56,0.28663,0.78571,70; 44; 56; 54; 19; 61; 70; 82; 74; 63
8,32,0.2525,0.25,11; 8; 32; 78; 50; 51; 75; 16; 64; 39
21,84,0.24241,0.25,24; 21; 84; 39; 70; 32; 14; 45; 77; 38
61,76,0.2143,0.80263,23; 61; 76; 49; 85; 84; 44; 28; 79; 43
18,21,0.34344,0.85714,19; 18; 21; 33; 66; 70; 76; 9; 12; 29
31,54,0.31433,0.57407,50; 31; 54; 72; 16; 41; 53; 19; 36; 77
15,41,0.31263,0.36585,27; 15; 41; 6; 80; 80; 74; 56; 65; 25
63,80,0.19444,0.7875,6; 63; 80; 66; 16; 68; 12; 27; 23; 48
39,84,0.23567,0.46429,12; 39; 84; 59; 20; 23; 57; 61; 14; 75
39,78,0.25622,0.5,77; 39; 78; 58; 10; 66; 77; 16; 77; 75
12,50,0.2389,0.24,28; 12; 50; 38; 50; 82; 74; 11; 14; 60
20,82,0.24448,0.2439,65; 20; 82; 14; 53; 78; 22; 46; 22; 60
42,53,0.29668,0.79245,24; 42; 53; 59; 28; 55; 44; 60; 15; 24
32,69,0.28492,0.46377,33; 32; 69; 58; 60; 60; 10; 13; 83; 73
19,57,0.30348,0.33333,58; 19; 57; 34; 35; 31; 66; 69; 50; 44
5,18,0.26151,0.27778,26; 5; 18; 82; 65; 48; 59; 34; 14; 45
13,23,0.32978,0.56522,8; 13; 23; 85; 51; 21; 50; 40; 32; 29
36,78,0.27155,0.46154,41; 36; 78; 34; 68; 83; 59; 24; 24; 14
17,68,0.24991,0.25,82; 17; 68; 72; 30; 39; 47; 55; 23; 55
40,50,0.30513,0.8,12; 40; 50; 62; 29; 6; 13; 54; 35; 74
17,49,0.30942,0.34694,45; 17; 49; 82; 67; 52; 23; 71; 54; 5
12,51,0.23437,0.23529,36; 12; 51; 56; 61; 55; 67; 6; 39; 54
31,37,0.32811,0.83784,60; 31; 37; 68; 43; 66; 65; 79; 49; 9
52,66,0.24467,0.78788,30; 52; 66; 38; 63; 84; 85; 20; 15; 80
46,56,0.28158,0.82143,7; 46; 56; 27; 75; 14; 55; 62; 83; 66
6,21,0.27346,0.28571,54; 6; 21; 57; 45; 12; 53; 77; 60; 30
12,24,0.32647,0.5,62; 12; 24; 10; 10; 25; 7; 7; 38; 75
64,78,0.19337,0.82051,79; 64; 78; 18; 32; 8; 20; 21; 21; 57
52,66,0.25169,0.78788,83; 52; 66; 16; 26; 61; 60; 11; 47; 61
17,35,0.33287,0.48571,23; 17; 35; 34; 58; 47; 79; 39; 84; 64
38,77,0.27334,0.49351,11; 38; 77; 7; 45; 34; 16; 12; 14; 71
31,68,0.29438,0.45588,34; 31; 68; 13; 41; 53; 33; 44; 32; 11
16,32,0.32991,0.5,25; 16; 32; 12; 68; 9; 60; 22; 8; 47
13,55,0.23294,0.23636,79; 13; 55; 84; 55; 9; 52; 52; 37; 82
22,62,0.31125,0.35484,54; 22; 62; 44; 7; 6; 31; 59; 8; 74
15,30,0.33267,0.5,15; 15; 30; 26; 66; 63; 16; 5; 47; 61
16,66,0.23808,0.24242,34; 16; 66; 80; 62; 71; 8; 47; 58; 67
31,68,0.30881,0.45588,65; 31; 68; 34; 18; 75; 58; 71; 16; 82
21,43,0.33606,0.48837,8; 21; 43; 69; 13; 12; 14; 69; 58; 8
16,67,0.23589,0.23881,23; 16; 67; 51; 81; 43; 33; 9; 30; 54
6,13,0.24832,0.46154,28; 6; 13; 66; 23; 48; 14; 7; 10; 16
31,67,0.30388,0.46269,41; 31; 67; 19; 36; 38; 69; 29; 63; 34
70,83,0.19092,0.84337,52; 70; 83; 54; 48; 33; 18; 11; 53; 74
13,46,0.27137,0.28261,70; 13; 46; 45; 13; 17; 18; 12; 55; 36
51,61,0.24817,0.83607,7; 51; 61; 45; 44; 9; 58; 72; 23; 63
16,19,0.33719,0.84211,16; 16; 19; 50; 74; 72; 35; 23; 10; 51
21,73,0.27909,0.28767,77; 21; 73; 34; 55; 62; 46; 55; 83; 21
23,80,0.26642,0.2875,36; 23; 80; 85; 6; 64; 75; 62; 23; 8
6,12,0.23903,0.5,67; 6; 12; 68; 17; 42; 30; 14; 29; 48
22,69,0.29642,0.31884,50; 22; 69; 43; 9; 8; 62; 22; 19; 10
22,60,0.31199,0.36667,61; 22; 60; 55; 59; 68; 74; 37; 55; 24
45,81,0.24675,0.55556,33; 45; 81; 68; 79; 79; 49; 40; 43; 80
20,70,0.28085,0.28571,22; 20; 70; 83; 58; 49; 5; 50; 81; 31
44,56,0.28833,0.78571,18; 44; 56; 14; 80; 59; 79; 84; 74; 54
19,55,0.30791,0.34545,50; 19; 55; 8; 19; 26; 45; 52; 39; 22
25,54,0.32603,0.46296,57; 25; 54; 18; 67; 36; 21; 20; 82; 39
37,47,0.30942,0.78723,27; 37; 47; 40; 75; 31; 16; 7; 13; 46
19,60,0.29973,0.31667,15; 19; 60; 68; 39; 42; 50; 8; 42; 64
20,63,0.29723,0.31746,77; 20; 63; 17; 10; 47; 16; 56; 83; 26
40,82,0.23583,0.4878,54; 40; 82; 51; 80; 17; 28; 54; 49; 71
37,75,0.28132,0.49333,45; 37; 75; 53; 6; 69; 48; 18; 33; 60
15,19,0.33115,0.78947,47; 15; 19; 8; 13; 23; 25; 30; 70; 31
41,52,0.2966,0.78846,62; 41; 52; 49; 30; 17; 9; 21; 81; 73
39,70,0.28009,0.55714,70; 39; 70; 64; 37; 73; 52; 38; 61; 51
71,83,0.19545,0.85542,65; 71; 83; 69; 29; 23; 72; 6; 70; 75
41,50,0.29413,0.82,34; 41; 50; 6; 75; 58; 82; 48; 70; 81
48,85,0.2074,0.56471,8; 48; 85; 51; 55; 18; 59; 27; 83; 84
40,81,0.25406,0.49383,73; 40; 81; 6; 17; 71; 35; 28; 36; 72
63,79,0.20138,0.79747,65; 63; 79; 48; 6; 25; 55; 35; 41; 47
14,59,0.23606,0.23729,58; 14; 59; 42; 82; 49; 73; 42; 42; 32
24,82,0.27015,0.29268,36; 24; 82; 28; 48; 39; 73; 22; 23; 45
28,85,0.26016,0.32941,44; 28; 85; 83; 15; 41; 34; 61; 84; 12
65,79,0.205,0.82278,77; 65; 79; 32; 49; 18; 53; 64; 50; 38
62,78,0.20484,0.79487,38; 62; 78; 60; 80; 32; 69; 48; 53; 55
24,80,0.27135,0.3,60; 24; 80; 69; 47; 69; 79; 9; 55; 36
38,78,0.27266,0.48718,56; 38; 78; 79; 67; 54; 70; 33; 44; 20
7,25,0.27073,0.28,21; 7; 25; 16; 46; 31; 13; 28; 25; 40
64,81,0.20626,0.79012,81; 64; 81; 15; 43; 37; 65; 70; 18; 8
23,71,0.29706,0.32394,82; 23; 71; 25; 31; 26; 62; 10; 34; 15
11,33,0.29647,0.33333,14; 11; 33; 82; 32; 46; 72; 82; 19; 32
10,42,0.23692,0.2381,48; 10; 42; 80; 28; 47; 61; 81; 23; 45
30,53,0.31985,0.56604,40; 30; 53; 82; 16; 72; 44; 38; 55; 24
10,31,0.29401,0.32258,38; 10; 31; 78; 61; 66; 84; 51; 31; 69
38,83,0.25681,0.45783,26; 38; 83; 70; 28; 23; 23; 60; 75; 54
17,56,0.29021,0.30357,27; 17; 56; 34; 5; 68; 60; 56; 18; 48
10,31,0.29139,0.32258,81; 10; 31; 84; 71; 83; 14; 49; 34; 27
20,54,0.31697,0.37037,8; 20; 54; 78; 57; 82; 14; 6; 78; 44
34,70,0.28799,0.48571,32; 34; 70; 14; 8; 85; 39; 84; 7; 12
71,85,0.17962,0.83529,79; 71; 85; 45; 44; 40; 31; 18; 75; 23
34,69,0.26923,0.49275,10; 34; 69; 79; 51; 69; 59; 60; 69; 30
16,66,0.24242,0.24242,56; 16; 66; 40; 76; 49; 75; 9; 84; 35
19,34,0.3437,0.55882,77; 19; 34; 25; 72; 13; 43; 37; 16; 53
64,80,0.20253,0.8,76; 64; 80; 51; 72; 85; 48; 8; 39; 46
33,42,0.32363,0.78571,74; 33; 42; 41; 67; 55; 15; 40; 34; 40
50,63,0.25907,0.79365,50; 50; 63; 40; 18; 85; 27; 62; 68; 36
19,60,0.29599,0.31667,52; 19; 60; 48; 25; 27; 68; 51; 18; 35
23,83,0.26346,0.27711,25; 23; 83; 61; 60; 70; 61; 85; 85; 51
19,60,0.29599,0.31667,78; 19; 60; 6; 30; 53; 16; 60; 39; 33
64,81,0.20776,0.79012,11; 64; 81; 27; 81; 59; 23; 76; 83; 5
25,82,0.26482,0.30488,77; 25; 82; 15; 63; 60; 6; 26; 10; 81
41,52,0.29473,0.78846,67; 41; 52; 48; 24; 47; 65; 62; 8; 56
23,72,0.28576,0.31944,67; 23; 72; 85; 6; 72; 19; 34; 14; 82
39,85,0.23598,0.45882,10; 39; 85; 53; 26; 21; 39; 48; 23; 17
14,47,0.28521,0.29787,49; 14; 47; 33; 77; 61; 45; 80; 49; 26
15,46,0.30089,0.32609,5; 15; 46; 46; 80; 78; 71; 16; 54; 26
15,50,0.28751,0.3,85; 15; 50; 11; 50; 34; 5; 54; 66; 42
43,51,0.29115,0.84314,29; 43; 51; 52; 78; 29; 65; 57; 77; 32
22,73,0.28709,0.30137,27; 22; 73; 13; 79; 25; 55; 48; 22; 55
33,68,0.29602,0.48529,85; 33; 68; 62; 47; 59; 18; 52; 40; 33
54,64,0.25246,0.84375,36; 54; 64; 15; 14; 40; 76; 12; 17; 31
36,74,0.27336,0.48649,41; 36; 74; 57; 19; 10; 85; 81; 35; 38
26,56,0.32215,0.46429,18; 26; 56; 14; 8; 58; 70; 70; 75; 46
70,85,0.19645,0.82353,58; 70; 85; 78; 68; 49; 42; 58; 15; 85
18,64,0.27685,0.28125,75; 18; 64; 41; 20; 5; 63; 23; 76; 57
36,64,0.29256,0.5625,73; 36; 64; 56; 46; 66; 7; 29; 71; 78
38,68,0.29076,0.55882,41; 38; 68; 31; 21; 40; 39; 58; 37; 78
37,43,0.31955,0.86047,84; 37; 43; 23; 14; 26; 43; 43; 45; 34
22,59,0.31252,0.37288,17; 22; 59; 74; 5; 74; 68; 83; 38; 72
65,82,0.1987,0.79268,59; 65; 82; 42; 20; 9; 7; 5; 71; 78
50,63,0.25912,0.79365,44; 50; 63; 55; 21; 44; 6; 60; 19; 78
57,72,0.22144,0.79167,65; 57; 72; 67; 20; 66; 63; 59; 35; 38
36,44,0.30876,0.81818,25; 36; 44; 30; 70; 85; 35; 74; 63; 21
29,63,0.30811,0.46032,31; 29; 63; 74; 38; 85; 78; 39; 74; 42
20,67,0.28463,0.29851,58; 20; 67; 32; 85; 67; 9; 82; 37; 29
11,31,0.29786,0.35484,22; 11; 31; 56; 62; 55; 76; 46; 77; 68
25,54,0.3267,0.46296,50; 25; 54; 57; 7; 21; 75; 81; 78; 60
13,52,0.24714,0.25,33; 13; 52; 74; 6; 62; 46; 24; 42; 46
62,78,0.21224,0.79487,84; 62; 78; 11; 61; 25; 15; 29; 7; 77
69,84,0.18336,0.82143,18; 69; 84; 31; 74; 41; 41; 45; 48; 70
63,77,0.20899,0.81818,61; 63; 77; 36; 15; 45; 27; 65; 80; 32
29,84,0.25767,0.34524,47; 29; 84; 39; 44; 12; 46; 41; 31; 40
13,43,0.28466,0.30233,28; 13; 43; 71; 68; 21; 65; 83; 29; 27
25,51,0.33106,0.4902,67; 25; 51; 37; 23; 61; 57; 13; 59; 44
46,80,0.22286,0.575,33; 46; 80; 59; 50; 42; 45; 42; 23; 82
16,46,0.30933,0.34783,54; 16; 46; 30; 48; 11; 39; 66; 7; 20
47,82,0.19515,0.57317,15; 47; 82; 44; 43; 85; 33; 70; 35; 47
62,72,0.21239,0.86111,81; 62; 72; 84; 11; 43; 57; 64; 20; 78
28,61,0.31537,0.45902,78; 28; 61; 53; 51; 22; 83; 6; 15; 80
53,65,0.25114,0.81538,9; 53; 65; 43; 18; 61; 65; 70; 69; 18
9,26,0.29873,0.34615,62; 9; 26; 27; 58; 46; 26; 74; 50; 16
59,74,0.21893,0.7973,19; 59; 74; 6; 51; 39; 85; 28; 30; 83
22,66,0.29689,0.33333,50; 22; 66; 61; 27; 18; 65; 52; 39; 21
29,79,0.27763,0.36709,47; 29; 79; 58; 15; 16; 81; 14; 17; 79
25,72,0.27952,0.34722,65; 25; 72; 6; 77; 65; 35; 30; 74; 45
21,84,0.24179,0.25,9; 21; 84; 41; 5; 76; 56; 7; 32; 7
7,23,0.28117,0.30435,73; 7; 23; 77; 8; 15; 45; 10; 22; 65
53,67,0.23299,0.79104,64; 53; 67; 36; 76; 48; 82; 57; 56; 25
28,61,0.31432,0.45902,17; 28; 61; 32; 37; 66; 22; 55; 10; 45
23,78,0.27625,0.29487,53; 23; 78; 10; 31; 65; 34; 77; 26; 28
39,70,0.28332,0.55714,37; 39; 70; 38; 77; 53; 85; 16; 72; 44
12,42,0.27314,0.28571,13; 12; 42; 35; 81; 80; 66; 67; 33; 75
35,76,0.28401,0.46053,22; 35; 76; 46; 81; 18; 27; 11; 26; 66
20,40,0.3411,0.5,19; 20; 40; 74; 29; 26; 48; 85; 25; 45
13,47,0.27061,0.2766,15; 13; 47; 8; 17; 81; 12; 78; 28; 50
30,38,0.33497,0.78947,56; 30; 38; 80; 60; 13; 58; 55; 53; 30
14,40,0.30825,0.35,12; 14; 40; 48; 12; 17; 78; 57; 82; 28
14,42,0.30448,0.33333,47; 14; 42; 42; 14; 78; 55; 79; 41; 37
12,42,0.27971,0.28571,12; 12; 42; 55; 31; 81; 67; 71; 60; 26
29,82,0.27854,0.35366,44; 29; 82; 29; 65; 79; 72; 80; 83; 5
29,52,0.32276,0.55769,22; 29; 52; 57; 49; 55; 52; 10; 66; 60
31,67,0.30321,0.46269,47; 31; 67; 18; 62; 22; 12; 58; 79; 50
39,70,0.27606,0.55714,42; 39; 70; 17; 9; 40; 41; 48; 58; 36
12,48,0.2465,0.25,39; 12; 48; 64; 53; 41; 62; 84; 79; 75
55,67,0.21544,0.8209,11; 55; 67; 49; 49; 20; 50; 14; 12; 70
23,83,0.25491,0.27711,53; 23; 83; 79; 53; 54; 26; 63; 8; 43
46,55,0.28251,0.83636,65; 46; 55; 36; 41; 84; 54; 81; 51; 36
61,73,0.21343,0.83562,31; 61; 73; 18; 55; 11; 5; 53; 30; 23
18,51,0.31039,0.35294,11; 18; 51; 29; 70; 56; 48; 35; 26; 66
16,49,0.30153,0.32653,37; 16; 49; 37; 81; 82; 45; 82; 53; 71
55,69,0.24177,0.7971,9; 55; 69; 31; 24; 57; 41; 52; 13; 11
15,59,0.25388,0.25424,82; 15; 59; 76; 50; 55; 79; 54; 37; 73
33,68,0.28859,0.48529,72; 33; 68; 76; 57; 46; 35; 63; 42; 67
43,54,0.29398,0.7963,78; 43; 54; 75; 61; 45; 82; 13; 50; 67
68,85,0.20282,0.8,14; 68; 85; 61; 64; 33; 10; 45; 68; 45
50,61,0.25304,0.81967,45; 50; 61; 80; 27; 11; 23; 57; 36; 44
47,82,0.24674,0.57317,5; 47; 82; 30; 74; 78; 58; 22; 43; 41
12,14,0.30496,0.85714,55; 12; 14; 80; 73; 19; 65; 21; 42; 37
64,78,0.19063,0.82051,40; 64; 78; 18; 71; 42; 56; 25; 11; 64
48,85,0.22376,0.56471,59; 48; 85; 6; 35; 81; 55; 28; 48; 60
11,40,0.26718,0.275,51; 11; 40; 48; 71; 15; 39; 32; 57; 30
62,78,0.21177,0.79487,23; 62; 78; 30; 65; 45; 80; 25; 63; 39
55,69,0.23147,0.7971,70; 55; 69; 20; 42; 66; 63; 33; 37; 46
32,37,0.33396,0.86486,26; 32; 37; 26; 63; 81; 61; 42; 9; 39
45,56,0.27203,0.80357,20; 45; 56; 71; 62; 35; 47; 52; 64; 37
21,76,0.2693,0.27632,38; 21; 76; 28; 30; 32; 9; 72; 43; 16
25,83,0.26867,0.3012,14; 25; 83; 56; 15; 19; 65; 37; 14; 58
15,46,0.30212,0.32609,32; 15; 46; 77; 20; 41; 28; 20; 59; 62
61,77,0.2102,0.79221,8; 61; 77; 58; 71; 39; 48; 82; 29; 63
26,80,0.27284,0.325,38; 26; 80; 36; 78; 38; 40; 35; 39; 66
20,81,0.24681,0.24691,65; 20; 81; 22; 36; 36; 5; 59; 83; 28
14,42,0.3045,0.33333,58; 14; 42; 29; 50; 40; 54; 70; 16; 71
47,83,0.23814,0.56627,63; 47; 83; 83; 50; 40; 76; 11; 82; 66
36,45,0.31417,0.8,73; 36; 45; 58; 52; 45; 34; 34; 31; 70
53,66,0.23971,0.80303,80; 53; 66; 75; 60; 11; 68; 24; 59; 64
16,55,0.28354,0.29091,80; 16; 55; 12; 26; 60; 21; 74; 26; 23
46,81,0.25121,0.5679,24; 46; 81; 41; 49; 8; 23; 43; 44; 6
45,56,0.26317,0.80357,13; 45; 56; 20; 11; 18; 59; 43; 41; 56
17,49,0.30775,0.34694,37; 17; 49; 13; 38; 74; 43; 22; 64; 28
56,71,0.22433,0.78873,80; 56; 71; 50; 63; 22; 66; 57; 15; 29
67,85,0.17838,0.78824,42; 67; 85; 78; 34; 9; 45; 82; 36; 51
24,69,0.30201,0.34783,56; 24; 69; 15; 75; 19; 41; 26; 75; 59
14,57,0.24249,0.24561,64; 14; 57; 26; 51; 37; 68; 81; 25; 17
9,28,0.29476,0.32143,20; 9; 28; 20; 38; 67; 39; 32; 28; 22
22,79,0.27107,0.27848,44; 22; 79; 10; 15; 65; 9; 81; 64; 80
60,73,0.22442,0.82192,39; 60; 73; 49; 30; 12; 7; 20; 29; 61
10,41,0.24337,0.2439,9; 10; 41; 70; 47; 23; 49; 53; 33; 85
19,75,0.2515,0.25333,8; 19; 75; 71; 64; 33; 74; 8; 37; 65
26,79,0.27538,0.32911,44; 26; 79; 62; 25; 64; 46; 76; 75; 78
23,46,0.33551,0.5,30; 23; 46; 61; 44; 14; 46; 19; 67; 33
14,38,0.31367,0.36842,67; 14; 38; 63; 27; 69; 47; 83; 19; 11
19,65,0.28452,0.29231,11; 19; 65; 81; 84; 43; 32; 15; 10; 45
35,70,0.29515,0.5,72; 35; 70; 35; 23; 84; 38; 26; 47; 25
58,71,0.22617,0.8169,76; 58; 71; 34; 65; 71; 60; 31; 16; 16
19,38,0.34129,0.5,9; 19; 38; 79; 66; 79; 17; 19; 82; 43
33,67,0.28499,0.49254,26; 33; 67; 40; 76; 78; 19; 78; 78; 84
42,74,0.25273,0.56757,58; 42; 74; 11; 73; 63; 76; 64; 23; 20
21,70,0.2887,0.3,42; 21; 70; 59; 79; 27; 21; 53; 47; 79
68,85,0.19164,0.8,46; 68; 85; 73; 80; 55; 35; 74; 82; 57
34,60,0.30571,0.56667,18; 34; 60; 48; 40; 43; 81; 79; 44; 28
12,41,0.27897,0.29268,36; 12; 41; 11; 10; 39; 70; 9; 77; 51
19,80,0.24079,0.2375,40; 19; 80; 66; 66; 43; 47; 74; 20; 46
58,69,0.21587,0.84058,60; 58; 69; 69; 56; 68; 84; 29; 44; 47
20,63,0.29626,0.31746,35; 20; 63; 38; 44; 74; 74; 14; 10; 68
59,72,0.22503,0.81944,9; 59; 72; 66; 48; 81; 43; 58; 85; 21
57,71,0.21592,0.80282,61; 57; 71; 61; 53; 34; 19; 8; 36; 26
33,42,0.3292,0.78571,45; 33; 42; 85; 8; 40; 59; 76; 79; 34
55,69,0.24694,0.7971,74; 55; 69; 57; 61; 37; 56; 64; 55; 13
36,43,0.32079,0.83721,46; 36; 43; 74; 56; 60; 58; 73; 62; 59
13,47,0.27011,0.2766,35; 13; 47; 16; 8; 24; 17; 46; 73; 60
18,76,0.23415,0.23684,13; 18; 76; 27; 44; 76; 17; 78; 36; 78
55,67,0.24596,0.8209,69; 55; 67; 31; 51; 63; 31; 78; 44; 62
19,24,0.34007,0.79167,76; 19; 24; 84; 9; 80; 66; 38; 53; 84
39,68,0.29116,0.57353,67; 39; 68; 12; 16; 71; 53; 73; 45; 67
29,79,0.26615,0.36709,19; 29; 79; 49; 69; 71; 7; 58; 33; 76
21,46,0.33229,0.45652,79; 21; 46; 55; 43; 39; 69; 17; 17; 22
43,50,0.30247,0.86,78; 43; 50; 19; 84; 21; 40; 71; 32; 56
33,68,0.29668,0.48529,50; 33; 68; 12; 59; 17; 72; 75; 79; 69
66,77,0.21201,0.85714,13; 66; 77; 65; 58; 64; 41; 29; 21; 30
44,77,0.23601,0.57143,46; 44; 77; 75; 53; 61; 35; 77; 61; 57
10,27,0.3072,0.37037,11; 10; 27; 7; 75; 60; 19; 85; 54; 56
43,76,0.26751,0.56579,62; 43; 76; 55; 48; 69; 33; 5; 6; 47
16,53,0.28802,0.30189,17; 16; 53; 63; 46; 26; 78; 85; 83; 50
29,79,0.27926,0.36709,78; 29; 79; 59; 15; 39; 55; 69; 62; 62
7,23,0.28523,0.30435,28; 7; 23; 39; 19; 30; 61; 10; 71; 74
30,82,0.2707,0.36585,17; 30; 82; 54; 20; 76; 74; 63; 51; 54
14,56,0.25206,0.25,33; 14; 56; 74; 68; 62; 6; 25; 28; 35
35,76,0.26243,0.46053,34; 35; 76; 21; 48; 51; 45; 76; 28; 40
68,79,0.20281,0.86076,17; 68; 79; 72; 28; 66; 17; 14; 31; 65
42,50,0.302,0.84,69; 42; 50; 52; 34; 57; 20; 23; 21; 61
21,70,0.29011,0.3,40; 21; 70; 59; 75; 83; 5; 38; 41; 71
44,77,0.25569,0.57143,13; 44; 77; 76; 77; 38; 5; 21; 58; 76
15,41,0.31537,0.36585,44; 15; 41; 33; 37; 43; 19; 8; 64; 5
10,36,0.26341,0.27778,47; 10; 36; 29; 82; 9; 79; 25; 62; 14
34,69,0.28901,0.49275,32; 34; 69; 62; 65; 77; 34; 36; 55; 15
23,65,0.30959,0.35385,52; 23; 65; 23; 23; 64; 42; 16; 74; 85
21,42,0.33718,0.5,44; 21; 42; 69; 10; 70; 50; 50; 11; 23
26,75,0.28388,0.34667,25; 26; 75; 28; 32; 65; 29; 23; 55; 69
64,80,0.2049,0.8,78; 64; 80; 58; 58; 78; 36; 39; 80; 39
26,74,0.28637,0.35135,42; 26; 74; 27; 46; 49; 66; 55; 52; 50
64,78,0.20025,0.82051,12; 64; 78; 56; 49; 7; 26; 77; 11; 57
63,73,0.2149,0.86301,11; 63; 73; 32; 33; 15; 80; 62; 37; 7
16,46,0.31151,0.34783,79; 16; 46; 6; 47; 85; 16; 40; 54; 62
39,85,0.24109,0.45882,49; 39; 85; 12; 35; 54; 17; 15; 20; 15
59,72,0.21984,0.81944,16; 59; 72; 67; 66; 26; 28; 17; 21; 36
56,65,0.21953,0.86154,64; 56; 65; 76; 20; 70; 18; 62; 59; 28
21,76,0.26971,0.27632,6; 21; 76; 84; 55; 11; 14; 29; 14; 83
20,84,0.23889,0.2381,23; 20; 84; 63; 18; 20; 79; 27; 73; 47
23,40,0.33981,0.575,85; 23; 40; 54; 85; 52; 37; 68; 65; 36
38,82,0.23688,0.46341,66; 38; 82; 81; 34; 20; 66; 39; 5; 58
39,68,0.27224,0.57353,75; 39; 68; 38; 73; 21; 48; 29; 55; 29
25,79,0.2701,0.31646,34; 25; 79; 30; 6; 18; 58; 80; 24; 35
18,55,0.30039,0.32727,42; 18; 55; 65; 82; 7; 25; 54; 83; 56
18,21,0.3427,0.85714,10; 18; 21; 12; 64; 15; 80; 17; 17; 62
25,29,0.34664,0.86207,62; 25; 29; 6; 8; 16; 51; 25; 83; 74
40,71,0.266,0.56338,56; 40; 71; 26; 65; 58; 68; 7; 30; 13
20,40,0.33939,0.5,68; 20; 40; 58; 71; 52; 29; 68; 75; 49
35,71,0.28675,0.49296,19; 35; 71; 60; 54; 31; 69; 65; 60; 74
18,37,0.33374,0.48649,30; 18; 37; 42; 75; 48; 66; 40; 40; 12
20,82,0.24684,0.2439,10; 20; 82; 26; 44; 32; 71; 26; 64; 79
16,58,0.27262,0.27586,67; 16; 58; 71; 74; 26; 82; 58; 82; 27
22,44,0.34257,0.5,71; 22; 44; 85; 37; 43; 16; 47; 85; 82
42,84,0.23808,0.5,36; 42; 84; 70; 79; 53; 59; 70; 28; 29
42,53,0.28996,0.79245,62; 42; 53; 69; 75; 26; 14; 57; 28; 30
24,79,0.26609,0.3038,11; 24; 79; 11; 50; 52; 14; 76; 54; 47
10,42,0.23688,0.2381,38; 10; 42; 25; 39; 85; 41; 66; 34; 9
10,36,0.26775,0.27778,82; 10; 36; 21; 31; 10; 81; 20; 13; 71
57,72,0.23083,0.79167,30; 57; 72; 32; 69; 77; 36; 38; 7; 27
38,78,0.24618,0.48718,75; 38; 78; 80; 56; 65; 67; 69; 74; 85
53,66,0.2401,0.80303,67; 53; 66; 63; 40; 8; 5; 73; 46; 47
25,67,0.29971,0.37313,11; 25; 67; 22; 66; 48; 31; 48; 79; 38
24,76,0.28316,0.31579,31; 24; 76; 45; 51; 72; 31; 56; 75; 45
13,39,0.30206,0.33333,24; 13; 39; 56; 22; 8; 35; 49; 6; 47
47,56,0.2812,0.83929,49; 47; 56; 50; 70; 40; 74; 54; 50; 65
7,25,0.27003,0.28,63; 7; 25; 69; 54; 13; 17; 72; 17; 36
63,73,0.21695,0.86301,57; 63; 73; 48; 31; 64; 61; 81; 83; 8
5,15,0.24126,0.33333,32; 5; 15; 17; 43; 66; 84; 16; 30; 42
13,40,0.2964,0.325,38; 13; 40; 46; 38; 26; 82; 84; 62; 71
68,83,0.20141,0.81928,36; 68; 83; 68; 81; 13; 48; 37; 63; 82
34,69,0.29595,0.49275,83; 34; 69; 13; 49; 64; 80; 82; 58; 21
17,35,0.33533,0.48571,45; 17; 35; 23; 32; 34; 61; 60; 56; 54
8,34,0.23076,0.23529,46; 8; 34; 7; 24; 58; 30; 31; 63; 71
44,55,0.27276,0.8,61; 44; 55; 62; 56; 66; 62; 61; 46; 81
66,79,0.19911,0.83544,6; 66; 79; 71; 45; 75; 30; 74; 22; 19
18,63,0.27496,0.28571,37; 18; 63; 85; 19; 83; 44; 49; 71; 39
21,60,0.30866,0.35,40; 21; 60; 19; 43; 14; 65; 55; 62; 17
46,81,0.22134,0.5679,52; 46; 81; 28; 26; 18; 23; 55; 63; 68
20,84,0.23763,0.2381,10; 20; 84; 57; 82; 24; 76; 19; 20; 78
9,18,0.30918,0.5,7; 9; 18; 56; 75; 84; 30; 62; 75; 41
23,65,0.30714,0.35385,28; 23; 65; 7; 70; 6; 43; 12; 28; 74
15,45,0.30117,0.33333,83; 15; 45; 59; 61; 23; 61; 46; 34; 53
18,52,0.30678,0.34615,9; 18; 52; 81; 78; 83; 85; 10; 18; 78
14,44,0.29825,0.31818,82; 14; 44; 11; 6; 69; 21; 21; 10; 10
25,45,0.33598,0.55556,46; 25; 45; 48; 37; 41; 39; 29; 67; 18
21,70,0.28717,0.3,50; 21; 70; 69; 52; 36; 54; 47; 12; 13
18,37,0.33321,0.48649,57; 18; 37; 13; 78; 11; 7; 66; 70; 55
35,72,0.28047,0.48611,26; 35; 72; 31; 68; 56; 68; 54; 47; 72
31,63,0.30552,0.49206,29; 31; 63; 27; 83; 32; 81; 6; 6; 35
34,68,0.2943,0.5,64; 34; 68; 30; 81; 77; 41; 27; 45; 36
25,78,0.27476,0.32051,55; 25; 78; 56; 58; 32; 55; 32; 9; 32
38,45,0.30595,0.84444,35; 38; 45; 49; 12; 11; 9; 83; 44; 51
38,45,0.3244,0.84444,28; 38; 45; 49; 49; 46; 15; 80; 63; 25
22,59,0.32089,0.37288,85; 22; 59; 47; 65; 53; 11; 82; 34; 18
13,35,0.31349,0.37143,11; 13; 35; 70; 52; 66; 35; 18; 26; 52
23,66,0.30161,0.34848,9; 23; 66; 35; 18; 84; 78; 75; 36; 44
28,80,0.27153,0.35,59; 28; 80; 83; 63; 39; 40; 17; 64; 32
32,57,0.31297,0.5614,39; 32; 57; 29; 78; 17; 74; 41; 58; 45
44,55,0.29239,0.8,72; 44; 55; 62; 6; 16; 61; 70; 25; 48
28,49,0.33083,0.57143,74; 28; 49; 42; 24; 6; 64; 78; 51; 65
22,74,0.28216,0.2973,27; 22; 74; 41; 45; 8; 26; 24; 83; 74
47,59,0.25276,0.79661,61; 47; 59; 45; 40; 61; 81; 6; 72; 14
32,57,0.31529,0.5614,65; 32; 57; 31; 50; 41; 65; 22; 28; 14
30,38,0.32493,0.78947,45; 30; 38; 41; 19; 14; 83; 52; 7; 57
22,45,0.33544,0.48889,16; 22; 45; 17; 8; 22; 62; 56; 62; 55
18,64,0.27372,0.28125,20; 18; 64; 30; 5; 84; 82; 50; 70; 15
21,74,0.27133,0.28378,42; 21; 74; 13; 34; 46; 5; 21; 41; 54
23,69,0.3001,0.33333,69; 23; 69; 51; 47; 83; 54; 62; 24; 52
64,76,0.21255,0.84211,64; 64; 76; 22; 41; 57; 11; 29; 41; 69
32,56,0.31459,0.57143,19; 32; 56; 65; 32; 76; 44; 40; 42; 60
21,42,0.33999,0.5,13; 21; 42; 63; 30; 23; 10; 31; 35; 45
22,77,0.27624,0.28571,22; 22; 77; 8; 6; 21; 67; 17; 8; 26
45,55,0.28998,0.81818,36; 45; 55; 45; 85; 72; 73; 74; 46; 82
24,75,0.28449,0.32,21; 24; 75; 5; 45; 72; 10; 44; 10; 63
60,75,0.2233,0.8,77; 60; 75; 56; 38; 60; 71; 11; 31; 73
47,84,0.22417,0.55952,14; 47; 84; 25; 25; 64; 64; 66; 11; 82
7,20,0.29659,0.35,84; 7; 20; 50; 23; 55; 64; 11; 33; 21
64,81,0.20763,0.79012,79; 64; 81; 68; 65; 56; 51; 6; 11; 10
45,55,0.25452,0.81818,60; 45; 55; 49; 45; 65; 43; 8; 15; 36
12,21,0.32657,0.57143,10; 12; 21; 14; 15; 29; 70; 40; 12; 61
16,63,0.25064,0.25397,55; 16; 63; 50; 20; 15; 28; 77; 18; 28
41,52,0.29196,0.78846,51; 41; 52; 22; 55; 54; 48; 78; 79; 69
36,42,0.32869,0.85714,54; 36; 42; 31; 18; 57; 40; 66; 53; 80
19,76,0.25216,0.25,72; 19; 76; 74; 83; 8; 10; 43; 8; 32
40,80,0.24364,0.5,31; 40; 80; 5; 81; 61; 81; 19; 6; 9
37,75,0.27755,0.49333,34; 37; 75; 40; 44; 52; 63; 64; 35; 72
26,56,0.32218,0.46429,45; 26; 56; 43; 41; 32; 54; 42; 24; 79
27,83,0.26116,0.3253,57; 27; 83; 39; 39; 16; 16; 58; 82; 33
46,81,0.22579,0.5679,8; 46; 81; 79; 16; 25; 33; 20; 50; 42
49,60,0.26089,0.81667,6; 49; 60; 24; 48; 56; 77; 65; 25; 18
16,68,0.23221,0.23529,50; 16; 68; 41; 5; 72; 33; 75; 53; 79
29,79,0.27189,0.36709,26; 29; 79; 26; 9; 77; 6; 21; 54; 69
19,76,0.25019,0.25,39; 19; 76; 52; 34; 60; 22; 50; 9; 23
24,82,0.26491,0.29268,52; 24; 82; 79; 80; 20; 33; 61; 70; 71
31,38,0.33464,0.81579,43; 31; 38; 35; 36; 43; 74; 81; 68; 23
19,51,0.31765,0.37255,10; 19; 51; 54; 78; 78; 71; 15; 36; 11
33,42,0.32229,0.78571,55; 33; 42; 17; 46; 68; 17; 46; 10; 79
27,78,0.28069,0.34615,28; 27; 78; 80; 49; 64; 54; 60; 39; 5
20,41,0.33759,0.4878,72; 20; 41; 26; 25; 57; 80; 74; 72; 36
13,45,0.27932,0.28889,53; 13; 45; 12; 85; 45; 63; 23; 8; 33
48,61,0.27647,0.78689,51; 48; 61; 33; 58; 42; 81; 16; 41; 64
38,76,0.20965,0.5,72; 38; 76; 58; 63; 41; 75; 9; 76; 77
18,61,0.28083,0.29508,5; 18; 61; 38; 11; 32; 81; 84; 66; 48
16,58,0.27233,0.27586,56; 16; 58; 7; 49; 9; 62; 6; 62; 79
17,67,0.25034,0.25373,40; 17; 67; 85; 25; 43; 83; 38; 39; 50
13,47,0.27208,0.2766,14; 13; 47; 22; 40; 27; 31; 83; 6; 51
24,75,0.28588,0.32,76; 24; 75; 49; 61; 21; 45; 38; 28; 78
49,57,0.26913,0.85965,15; 49; 57; 71; 82; 18; 40; 79; 43; 44
27,73,0.28948,0.36986,50; 27; 73; 60; 47; 38; 35; 13; 77; 14
13,52,0.24747,0.25,55; 13; 52; 79; 25; 55; 75; 9; 60; 44
53,66,0.23987,0.80303,37; 53; 66; 19; 5; 51; 47; 50; 8; 47
13,41,0.29551,0.31707,5; 13; 41; 44; 38; 24; 40; 28; 24; 36
42,51,0.29912,0.82353,34; 42; 51; 23; 32; 40; 66; 80; 20; 12
21,73,0.27636,0.28767,38; 21; 73; 36; 25; 53; 72; 47; 82; 76
16,63,0.25513,0.25397,71; 16; 63; 56; 85; 11; 37; 66; 61; 83
30,82,0.26485,0.36585,59; 30; 82; 25; 20; 63; 85; 71; 14; 39
45,57,0.2839,0.78947,74; 45; 57; 41; 65; 29; 52; 66; 55; 84
13,45,0.28058,0.28889,60; 13; 45; 46; 19; 73; 61; 7; 48; 60
38,82,0.25233,0.46341,65; 38; 82; 75; 23; 8; 70; 69; 75; 20
9,32,0.26973,0.28125,30; 9; 32; 39; 32; 76; 9; 71; 7; 63
21,75,0.27029,0.28,63; 21; 75; 61; 37; 56; 19; 9; 55; 33
42,85,0.244,0.49412,69; 42; 85; 61; 28; 72; 70; 68; 79; 24
17,48,0.31021,0.35417,70; 17; 48; 33; 42; 48; 46; 48; 13; 72
25,78,0.27618,0.32051,40; 25; 78; 52; 51; 21; 52; 6; 14; 57
26,70,0.30005,0.37143,9; 26; 70; 69; 19; 81; 77; 74; 83; 52
17,35,0.32832,0.48571,24; 17; 35; 6; 84; 18; 60; 72; 11; 74
18,37,0.33514,0.48649,78; 18; 37; 47; 69; 13; 18; 45; 61; 26
6,17,0.27665,0.35294,84; 6; 17; 25; 5; 77; 57; 49; 67; 12
27,32,0.34258,0.84375,37; 27; 32; 63; 28; 59; 29; 39; 21; 83
32,38,0.32549,0.84211,79; 32; 38; 55; 62; 80; 31; 46; 53; 20
27,78,0.27659,0.34615,61; 27; 78; 64; 11; 17; 65; 29; 25; 48
14,59,0.2373,0.23729,83; 14; 59; 19; 77; 64; 47; 48; 5; 60
25,75,0.28356,0.33333,25; 25; 75; 31; 80; 28; 18; 81; 26; 11
16,58,0.27327,0.27586,45; 16; 58; 69; 16; 50; 52; 34; 76; 36
37,47,0.31764,0.78723,79; 37; 47; 40; 64; 76; 42; 78; 71; 74
66,84,0.1974,0.78571,50; 66; 84; 49; 72; 77; 83; 16; 76; 62
42,75,0.26668,0.56,49; 42; 75; 84; 52; 85; 42; 14; 29; 52
27,84,0.25227,0.32143,11; 27; 84; 82; 82; 7; 8; 78; 22; 7
23,46,0.33446,0.5,77; 23; 46; 74; 14; 60; 85; 62; 35; 52
20,63,0.29905,0.31746,59; 20; 63; 16; 57; 43; 62; 21; 27; 83
43,76,0.2362,0.56579,57; 43; 76; 18; 76; 47; 36; 68; 57; 63
17,70,0.24119,0.24286,59; 17; 70; 5; 19; 50; 20; 60; 65; 17
40,50,0.30369,0.8,48; 40; 50; 34; 50; 17; 64; 65; 29; 45
19,24,0.34221,0.79167,35; 19; 24; 16; 62; 37; 17; 64; 79; 39
10,33,0.28165,0.30303,32; 10; 33; 37; 28; 82; 84; 63; 7; 36
63,80,0.20596,0.7875,42; 63; 80; 21; 14; 15; 28; 77; 82; 42
60,70,0.22936,0.85714,48; 60; 70; 6; 62; 48; 69; 54; 21; 38
17,60,0.27905,0.28333,38; 17; 60; 56; 56; 13; 63; 58; 63; 47
11,31,0.30392,0.35484,67; 11; 31; 71; 27; 11; 37; 29; 46; 77
35,61,0.31245,0.57377,45; 35; 61; 26; 57; 23; 84; 11; 9; 6
22,69,0.29444,0.31884,71; 22; 69; 81; 65; 65; 38; 21; 83; 25
22,44,0.33944,0.5,34; 22; 44; 83; 79; 83; 18; 37; 70; 22
25,29,0.34284,0.86207,27; 25; 29; 82; 25; 47; 27; 57; 76; 81
22,79,0.26703,0.27848,33; 22; 79; 42; 44; 50; 59; 28; 53; 19
53,65,0.24846,0.81538,34; 53; 65; 41; 57; 43; 38; 11; 46; 40
13,51,0.25221,0.2549,55; 13; 51; 55; 53; 30; 47; 73; 39; 57
16,67,0.23732,0.23881,25; 16; 67; 61; 68; 60; 62; 28; 80; 63
22,39,0.34165,0.5641,79; 22; 39; 48; 11; 60; 69; 15; 66; 27
27,32,0.3418,0.84375,69; 27; 32; 9; 59; 46; 37; 56; 52; 28
29,63,0.30915,0.46032,24; 29; 63; 46; 48; 78; 36; 13; 6; 73
9,16,0.29333,0.5625,13; 9; 16; 36; 22; 66; 82; 83; 58; 49
20,41,0.33669,0.4878,72; 20; 41; 72; 78; 43; 51; 79; 43; 20
19,57,0.30615,0.33333,39; 19; 57; 64; 37; 70; 41; 51; 73; 25
59,74,0.19327,0.7973,9; 59; 74; 64; 13; 30; 46; 75; 22; 15
19,63,0.28539,0.30159,82; 19; 63; 34; 52; 64; 71; 31; 42; 61
47,84,0.24675,0.55952,10; 47; 84; 36; 36; 52; 58; 46; 35; 39
22,66,0.30045,0.33333,15; 22; 66; 12; 20; 64; 47; 38; 40; 40
54,68,0.24734,0.79412,28; 54; 68; 18; 8; 42; 68; 16; 73; 12
22,69,0.29722,0.31884,67; 22; 69; 43; 75; 36; 26; 77; 22; 21
12,21,0.32989,0.57143,14; 12; 21; 55; 39; 11; 77; 40; 64; 82
12,51,0.23339,0.23529,59; 12; 51; 34; 27; 36; 73; 24; 56; 84
22,28,0.34657,0.78571,54; 22; 28; 79; 47; 31; 75; 49; 67; 18
38,82,0.24898,0.46341,75; 38; 82; 7; 84; 42; 66; 83; 64; 23
22,44,0.33878,0.5,11; 22; 44; 76; 64; 22; 42; 28; 49; 73
21,43,0.3406,0.48837,13; 21; 43; 23; 13; 52; 31; 40; 66; 18
58,73,0.19848,0.79452,54; 58; 73; 67; 58; 79; 59; 80; 67; 75
6,20,0.27524,0.3,53; 6; 20; 18; 39; 64; 64; 10; 49; 46
24,76,0.28452,0.31579,18; 24; 76; 76; 59; 53; 73; 6; 76; 20
25,84,0.2629,0.29762,49; 25; 84; 84; 14; 18; 23; 13; 62; 82
16,67,0.24004,0.23881,11; 16; 67; 28; 33; 76; 74; 42; 34; 17
27,77,0.28407,0.35065,73; 27; 77; 47; 80; 66; 39; 28; 66; 53
37,81,0.25678,0.45679,27; 37; 81; 15; 47; 26; 67; 9; 15; 25
68,81,0.19297,0.83951,32; 68; 81; 32; 50; 43; 78; 14; 19; 46
15,45,0.30283,0.33333,80; 15; 45; 12; 51; 10; 85; 84; 70; 58
61,74,0.19917,0.82432,75; 61; 74; 67; 71; 78; 49; 83; 29; 84
41,73,0.24931,0.56164,48; 41; 73; 74; 12; 71; 19; 22; 34; 44
16,65,0.24442,0.24615,10; 16; 65; 77; 62; 41; 62; 40; 40; 51
26,82,0.26705,0.31707,33; 26; 82; 25; 30; 15; 36; 68; 51; 79
57,68,0.23198,0.83824,41; 57; 68; 53; 25; 76; 80; 50; 47; 34
49,58,0.26187,0.84483,31; 49; 58; 16; 14; 67; 76; 78; 82; 18
14,46,0.2896,0.30435,33; 14; 46; 11; 7; 6; 15; 58; 43; 47
49,58,0.27184,0.84483,37; 49; 58; 47; 31; 59; 25; 58; 24; 56
37,46,0.30423,0.80435,34; 37; 46; 11; 58; 46; 18; 54; 6; 43
47,56,0.2779,0.83929,23; 47; 56; 53; 65; 67; 40; 35; 24; 20
28,57,0.32288,0.49123,24; 28; 57; 42; 69; 6; 34; 71; 21; 70
56,70,0.22944,0.8,24; 56; 70; 65; 35; 60; 80; 26; 57; 22
18,21,0.3405,0.85714,36; 18; 21; 63; 81; 56; 69; 70; 40; 75
28,80,0.26978,0.35,65; 28; 80; 44; 50; 72; 11; 32; 46; 14
23,62,0.31429,0.37097,48; 23; 62; 63; 32; 35; 79; 16; 38; 49
20,72,0.27272,0.27778,49; 20; 72; 29; 56; 71; 34; 54; 84; 73
69,84,0.18661,0.82143,14; 69; 84; 9; 19; 72; 25; 61; 27; 42
63,75,0.21709,0.84,80; 63; 75; 25; 60; 41; 37; 76; 44; 62
40,81,0.22887,0.49383,46; 40; 81; 64; 13; 78; 67; 54; 6; 84
32,40,0.32953,0.8,60; 32; 40; 34; 52; 57; 21; 38; 41; 66
5,18,0.24913,0.27778,23; 5; 18; 19; 27; 81; 70; 71; 51; 6
52,66,0.25288,0.78788,68; 52; 66; 14; 45; 11; 19; 72; 11; 40
6,12,0.22444,0.5,61; 6; 12; 44; 26; 22; 37; 14; 59; 80
13,46,0.27771,0.28261,38; 13; 46; 23; 19; 41; 9; 50; 8; 19
22,60,0.31379,0.36667,49; 22; 60; 19; 38; 50; 17; 78; 13; 18
45,81,0.2383,0.55556,11; 45; 81; 50; 68; 44; 55; 17; 49; 57
23,77,0.27134,0.2987,80; 23; 77; 72; 73; 49; 13; 26; 78; 38
15,60,0.24863,0.25,45; 15; 60; 27; 31; 6; 37; 50; 21; 61
6,13,0.26166,0.46154,36; 6; 13; 13; 79; 81; 27; 70; 18; 40
37,66,0.28049,0.56061,30; 37; 66; 73; 52; 51; 23; 18; 7; 10
21,63,0.30397,0.33333,22; 21; 63; 52; 54; 28; 39; 72; 60; 35
29,83,0.27197,0.3494,15; 29; 83; 41; 46; 14; 80; 38; 61; 65
16,57,0.27671,0.2807,25; 16; 57; 32; 60; 54; 42; 6; 38; 27
38,82,0.25168,0.46341,5; 38; 82; 16; 18; 18; 55; 61; 26; 82
43,50,0.30475,0.86,54; 43; 50; 50; 73; 42; 82; 82; 30; 70
8,23,0.29521,0.34783,58; 8; 23; 49; 71; 69; 15; 84; 78; 83
18,52,0.30598,0.34615,17; 18; 52; 75; 67; 71; 14; 31; 54; 60
52,66,0.25464,0.78788,45; 52; 66; 36; 32; 7; 74; 11; 36; 65
18,57,0.29609,0.31579,33; 18; 57; 50; 26; 60; 22; 62; 43; 84
45,56,0.26661,0.80357,58; 45; 56; 61; 67; 83; 42; 28; 19; 24
67,82,0.19326,0.81707,47; 67; 82; 16; 25; 37; 54; 27; 48; 71
41,73,0.26342,0.56164,84; 41; 73; 59; 37; 28; 77; 29; 26; 35
39,69,0.2679,0.56522,80; 39; 69; 69; 84; 33; 35; 53; 18; 44
35,61,0.30103,0.57377,26; 35; 61; 79; 75; 73; 9; 16; 32; 32
15,62,0.23829,0.24194,69; 15; 62; 27; 15; 31; 35; 68; 83; 18
37,47,0.31004,0.78723,33; 37; 47; 36; 21; 78; 10; 69; 19; 39
24,43,0.34358,0.55814,49; 24; 43; 17; 25; 72; 72; 15; 51; 5
19,58,0.30641,0.32759,65; 19; 58; 37; 44; 32; 71; 38; 49; 63
27,83,0.27286,0.3253,72; 27; 83; 67; 80; 15; 16; 14; 64; 60
55,69,0.24091,0.7971,41; 55; 69; 16; 37; 42; 41; 68; 85; 81
19,54,0.31278,0.35185,40; 19; 54; 66; 10; 49; 11; 10; 78; 23
7,28,0.24867,0.25,40; 7; 28; 11; 16; 76; 67; 11; 39; 53
67,78,0.20237,0.85897,69; 67; 78; 45; 35; 55; 58; 80; 28; 16
17,68,0.25211,0.25,21; 17; 68; 26; 53; 65; 80; 20; 70; 56
42,51,0.30371,0.82353,12; 42; 51; 42; 12; 67; 25; 19; 5; 47
6,25,0.23793,0.24,13; 6; 25; 72; 23; 17; 28; 7; 21; 75
21,46,0.33408,0.45652,17; 21; 46; 22; 49; 80; 44; 7; 7; 63
34,61,0.31033,0.55738,37; 34; 61; 18; 74; 48; 52; 54; 52; 43
30,54,0.32522,0.55556,70; 30; 54; 62; 44; 67; 8; 8; 82; 61
67,78,0.18323,0.85897,29; 67; 78; 10; 74; 35; 78; 81; 29; 60
8,33,0.23567,0.24242,23; 8; 33; 43; 15; 8; 10; 31; 9; 7
22,74,0.28134,0.2973,30; 22; 74; 5; 11; 55; 63; 70; 75; 50
6,12,0.22103,0.5,74; 6; 12; 68; 35; 57; 58; 78; 12; 28
64,76,0.2075,0.84211,40; 64; 76; 46; 21; 24; 6; 60; 39; 10
42,85,0.1969,0.49412,12; 42; 85; 32; 78; 7; 63; 43; 31; 26
35,62,0.30281,0.56452,23; 35; 62; 22; 31; 31; 39; 64; 42; 10
8,27,0.27926,0.2963,63; 8; 27; 78; 61; 85; 36; 5; 7; 56
39,80,0.26315,0.4875,85; 39; 80; 79; 26; 28; 39; 55; 54; 14
49,58,0.2712,0.84483,5; 49; 58; 70; 19; 84; 71; 55; 46; 5
41,51,0.2966,0.80392,21; 41; 51; 17; 44; 51; 6; 25; 49; 38
22,76,0.27528,0.28947,36; 22; 76; 57; 38; 56; 7; 84; 53; 80
54,68,0.23995,0.79412,36; 54; 68; 73; 54; 22; 20; 19; 76; 23
28,80,0.26929,0.35,14; 28; 80; 61; 73; 12; 39; 6; 76; 18
73,85,0.18888,0.85882,14; 73; 85; 79; 32; 79; 85; 11; 22; 51
46,58,0.27626,0.7931,71; 46; 58; 73; 14; 75; 68; 7; 82; 21
12,36,0.29478,0.33333,65; 12; 36; 58; 64; 78; 85; 30; 60; 73
22,28,0.34535,0.78571,24; 22; 28; 44; 81; 27; 51; 44; 85; 24
18,36,0.33975,0.5,17; 18; 36; 27; 11; 30; 16; 65; 8; 73
36,63,0.2502,0.57143,75; 36; 63; 70; 16; 6; 47; 55; 67; 66
26,52,0.32553,0.5,34; 26; 52; 73; 84; 31; 36; 65; 43; 39
43,51,0.30322,0.84314,46; 43; 51; 39; 50; 84; 37; 75; 84; 64
11,45,0.24028,0.24444,52; 11; 45; 64; 11; 69; 63; 80; 35; 22
14,28,0.33285,0.5,63; 14; 28; 76; 55; 74; 79; 11; 10; 78
58,69,0.23104,0.84058,71; 58; 69; 75; 11; 67; 31; 84; 40; 42
13,41,0.29775,0.31707,54; 13; 41; 36; 66; 24; 32; 52; 69; 9
21,73,0.27737,0.28767,76; 21; 73; 67; 10; 46; 8; 61; 20; 67
12,15,0.31209,0.8,61; 12; 15; 41; 11; 63; 34; 19; 72; 27
51,62,0.22583,0.82258,58; 51; 62; 29; 58; 37; 77; 7; 38; 58
70,85,0.20052,0.82353,30; 70; 85; 62; 10; 35; 83; 49; 14; 79
21,57,0.31265,0.36842,66; 21; 57; 8; 16; 68; 27; 32; 65; 42
42,51,0.30076,0.82353,23; 42; 51; 26; 16; 48; 81; 70; 5; 54
22,68,0.30005,0.32353,19; 22; 68; 32; 44; 5; 75; 72; 56; 66
64,78,0.19831,0.82051,77; 64; 78; 55; 50; 53; 30; 13; 30; 84
15,63,0.24021,0.2381,56; 15; 63; 23; 17; 12; 6; 79; 50; 64
32,56,0.31269,0.57143,45; 32; 56; 84; 52; 15; 65; 68; 39; 71
21,37,0.34665,0.56757,75; 21; 37; 7; 45; 36; 74; 27; 30; 50
52,66,0.24484,0.78788,7; 52; 66; 12; 7; 41; 27; 35; 83; 10
17,46,0.317,0.36957,25; 17; 46; 55; 80; 27; 23; 37; 47; 39
21,66,0.29903,0.31818,68; 21; 66; 74; 83; 17; 37; 77; 39; 17
27,73,0.29,0.36986,43; 27; 73; 49; 29; 83; 26; 17; 40; 56
70,83,0.19822,0.84337,46; 70; 83; 66; 78; 24; 24; 5; 66; 6
18,52,0.30622,0.34615,35; 18; 52; 30; 42; 70; 42; 36; 36; 21
26,56,0.32037,0.46429,58; 26; 56; 11; 71; 42; 55; 5; 74; 32
49,58,0.26536,0.84483,12; 49; 58; 37; 64; 17; 6; 84; 65; 84
14,55,0.25114,0.25455,33; 14; 55; 77; 55; 42; 13; 73; 23; 21
20,25,0.34248,0.8,16; 20; 25; 33; 27; 36; 34; 16; 36; 53
11,33,0.29706,0.33333,24; 11; 33; 12; 50; 80; 18; 48; 60; 73
20,66,0.28963,0.30303,14; 20; 66; 59; 62; 33; 37; 47; 61; 68
27,82,0.27501,0.32927,17; 27; 82; 18; 65; 42; 78; 35; 18; 19
9,32,0.26936,0.28125,59; 9; 32; 61; 29; 30; 49; 24; 31; 69
6,13,0.2536,0.46154,21; 6; 13; 13; 85; 14; 47; 36; 69; 36
20,83,0.24069,0.24096,70; 20; 83; 70; 44; 33; 54; 51; 73; 65
27,84,0.27545,0.32143,57; 27; 84; 16; 32; 39; 25; 48; 22; 64
16,53,0.28869,0.30189,7; 16; 53; 20; 6; 18; 78; 83; 77; 75
45,81,0.22666,0.55556,31; 45; 81; 18; 18; 55; 55; 50; 55; 74
9,38,0.23362,0.23684,66; 9; 38; 46; 27; 79; 79; 5; 26; 56
50,61,0.21414,0.81967,23; 50; 61; 28; 26; 50; 38; 19; 65; 24
41,51,0.30201,0.80392,17; 41; 51; 26; 36; 72; 57; 55; 41; 23
47,57,0.27292,0.82456,23; 47; 57; 50; 8; 51; 76; 63; 10; 83
11,30,0.30723,0.36667,17; 11; 30; 6; 61; 7; 20; 68; 5; 42
29,63,0.31179,0.46032,18; 29; 63; 55; 42; 85; 73; 19; 73; 48
17,34,0.33492,0.5,5; 17; 34; 54; 31; 74; 63; 31; 72; 85
14,38,0.31364,0.36842,6; 14; 38; 66; 61; 58; 11; 51; 40; 33
67,82,0.20043,0.81707,20; 67; 82; 77; 65; 48; 15; 49; 82; 34
23,46,0.34352,0.5,80; 23; 46; 63; 71; 70; 29; 32; 85; 38
49,60,0.26275,0.81667,8; 49; 60; 31; 46; 49; 73; 19; 74; 49
13,35,0.30932,0.37143,55; 13; 35; 80; 64; 36; 76; 17; 50; 6
17,72,0.23116,0.23611,57; 17; 72; 41; 65; 25; 27; 40; 14; 25
15,53,0.27636,0.28302,49; 15; 53; 66; 14; 68; 13; 71; 63; 81
20,79,0.24993,0.25316,9; 20; 79; 64; 19; 69; 18; 7; 80; 32
17,59,0.27837,0.28814,56; 17; 59; 33; 64; 67; 66; 59; 19; 76
30,82,0.26979,0.36585,15; 30; 82; 62; 83; 34; 54; 37; 59; 76
59,70,0.2313,0.84286,68; 59; 70; 60; 29; 43; 35; 64; 72; 36
33,59,0.2923,0.55932,33; 33; 59; 36; 9; 78; 29; 45; 84; 79
62,74,0.21401,0.83784,39; 62; 74; 6; 6; 67; 36; 18; 61; 49
18,61,0.28001,0.29508,23; 18; 61; 30; 53; 78; 22; 24; 26; 26
28,56,0.32553,0.5,68; 28; 56; 18; 25; 23; 70; 52; 70; 11
8,32,0.24967,0.25,40; 8; 32; 5; 73; 5; 45; 81; 82; 82
35,44,0.31926,0.79545,31; 35; 44; 55; 51; 50; 6; 26; 33; 82
28,81,0.25851,0.34568,13; 28; 81; 77; 8; 37; 52; 67; 11; 15
25,45,0.3374,0.55556,71; 25; 45; 36; 73; 19; 6; 7; 55; 62
73,85,0.17916,0.85882,21; 73; 85; 40; 18; 67; 40; 52; 62; 48
34,61,0.29917,0.55738,17; 34; 61; 59; 70; 56; 48; 78; 14; 55
44,55,0.29052,0.8,12; 44; 55; 71; 62; 42; 12; 68; 71; 36
40,81,0.25397,0.49383,29; 40; 81; 58; 23; 28; 36; 82; 41; 16
26,53,0.3325,0.49057,53; 26; 53; 48; 11; 80; 52; 50; 68; 34
39,69,0.2676,0.56522,59; 39; 69; 29; 71; 12; 22; 70; 70; 14
22,62,0.31256,0.35484,57; 22; 62; 65; 41; 56; 36; 71; 15; 70
42,53,0.30036,0.79245,79; 42; 53; 44; 5; 63; 8; 33; 15; 58
20,72,0.27374,0.27778,56; 20; 72; 63; 45; 83; 50; 45; 52; 15
15,63,0.23613,0.2381,32; 15; 63; 44; 11; 78; 19; 37; 37; 5
40,70,0.28258,0.57143,22; 40; 70; 44; 55; 84; 31; 46; 31; 58
38,48,0.31622,0.79167,68; 38; 48; 32; 46; 74; 45; 27; 76; 47
9,11,0.26199,0.81818,63; 9; 11; 71; 9; 9; 30; 20; 52; 78
26,57,0.32164,0.45614,59; 26; 57; 26; 20; 53; 22; 8; 44; 18
33,68,0.28575,0.48529,67; 33; 68; 48; 36; 31; 5; 55; 80; 11
22,77,0.27216,0.28571,26; 22; 77; 47; 84; 54; 5; 40; 16; 56
20,84,0.24206,0.2381,52; 20; 84; 67; 44; 74; 60; 77; 64; 64
16,19,0.33399,0.84211,57; 16; 19; 40; 9; 7; 81; 39; 71; 61
38,48,0.31469,0.79167,59; 38; 48; 45; 67; 75; 12; 50; 57; 78
11,31,0.30503,0.35484,45; 11; 31; 37; 65; 39; 53; 47; 36; 63
22,59,0.31996,0.37288,77; 22; 59; 42; 31; 84; 42; 64; 72; 38
14,46,0.28814,0.30435,26; 14; 46; 22; 44; 31; 7; 67; 35; 83
16,35,0.32837,0.45714,55; 16; 35; 45; 81; 40; 37; 56; 60; 36
39,85,0.21357,0.45882,34; 39; 85; 8; 38; 18; 39; 46; 64; 20
17,72,0.23702,0.23611,56; 17; 72; 55; 11; 44; 27; 6; 37; 69
41,52,0.29245,0.78846,85; 41; 52; 30; 20; 56; 22; 25; 63; 43
21,73,0.28107,0.28767,60; 21; 73; 75; 23; 62; 51; 43; 52; 80
31,83,0.23247,0.37349,79; 31; 83; 59; 70; 19; 71; 72; 73; 69
37,45,0.31435,0.82222,27; 37; 45; 28; 19; 38; 52; 68; 85; 32
22,79,0.26865,0.27848,30; 22; 79; 37; 9; 16; 7; 71; 6; 18
9,11,0.27398,0.81818,61; 9; 11; 60; 18; 69; 63; 18; 20; 8
31,37,0.33781,0.83784,58; 31; 37; 23; 52; 62; 23; 29; 78; 56
67,84,0.19237,0.79762,60; 67; 84; 65; 5; 30; 75; 21; 73; 7
15,61,0.24206,0.2459,60; 15; 61; 15; 41; 45; 69; 65; 48; 10
9,18,0.30885,0.5,34; 9; 18; 7; 83; 63; 68; 81; 85; 16
13,43,0.28526,0.30233,80; 13; 43; 63; 45; 76; 7; 21; 34; 80
64,78,0.20848,0.82051,25; 64; 78; 38; 6; 29; 18; 36; 6; 13
71,83,0.20179,0.85542,67; 71; 83; 5; 54; 31; 11; 38; 83; 73
12,14,0.30957,0.85714,47; 12; 14; 12; 22; 55; 74; 13; 48; 42
25,78,0.27693,0.32051,28; 25; 78; 49; 64; 17; 34; 40; 25; 44
28,35,0.34377,0.8,67; 28; 35; 37; 39; 43; 53; 46; 11; 21
21,25,0.34873,0.84,47; 21; 25; 53; 79; 15; 54; 69; 27; 52
38,48,0.31913,0.79167,81; 38; 48; 83; 26; 7; 70; 38; 23; 84
38,45,0.31842,0.84444,57; 38; 45; 24; 12; 42; 46; 35; 53; 53
66,83,0.19959,0.79518,57; 66; 83; 28; 20; 19; 60; 18; 8; 68
10,41,0.24105,0.2439,17; 10; 41; 63; 41; 22; 64; 20; 67; 25
54,66,0.20589,0.81818,80; 54; 66; 54; 47; 78; 40; 31; 74; 25
22,66,0.30382,0.33333,75; 22; 66; 80; 30; 43; 53; 62; 71; 48
25,76,0.25691,0.32895,77; 25; 76; 24; 33; 29; 61; 40; 81; 54
41,50,0.30195,0.82,58; 41; 50; 75; 62; 13; 76; 57; 6; 62
21,63,0.30303,0.33333,28; 21; 63; 58; 19; 42; 54; 48; 54; 51
18,75,0.24087,0.24,73; 18; 75; 8; 64; 85; 67; 70; 48; 6
35,72,0.27632,0.48611,63; 35; 72; 57; 61; 61; 36; 62; 34; 39
16,67,0.2403,0.23881,28; 16; 67; 54; 71; 12; 70; 56; 59; 66
27,78,0.28281,0.34615,67; 27; 78; 55; 75; 22; 7; 44; 74; 52
24,83,0.26361,0.28916,56; 24; 83; 13; 12; 14; 21; 85; 80; 8
6,17,0.27078,0.35294,42; 6; 17; 46; 17; 78; 38; 53; 32; 26
32,57,0.31623,0.5614,34; 32; 57; 43; 5; 29; 32; 5; 69; 44
8,27,0.28318,0.2963,54; 8; 27; 78; 18; 46; 31; 43; 48; 62
23,65,0.30423,0.35385,7; 23; 65; 12; 77; 68; 22; 17; 11; 62
20,61,0.30111,0.32787,61; 20; 61; 83; 73; 5; 63; 25; 29; 28
35,63,0.2981,0.55556,49; 35; 63; 11; 15; 45; 23; 84; 74; 21
28,75,0.2661,0.37333,71; 28; 75; 13; 59; 19; 7; 34; 25; 68
28,85,0.25339,0.32941,25; 28; 85; 51; 6; 72; 15; 8; 20; 78
19,54,0.30989,0.35185,28; 19; 54; 49; 50; 77; 33; 6; 38; 79
17,53,0.29859,0.32075,67; 17; 53; 79; 58; 43; 17; 76; 35; 25
47,84,0.22955,0.55952,83; 47; 84; 21; 43; 7; 71; 15; 73; 53
11,46,0.23715,0.23913,10; 11; 46; 31; 19; 56; 62; 63; 71; 9
42,74,0.24886,0.56757,5; 42; 74; 25; 57; 72; 74; 51; 33; 38
23,40,0.34575,0.575,81; 23; 40; 57; 51; 68; 22; 17; 70; 76
39,84,0.24951,0.46429,71; 39; 84; 22; 14; 56; 45; 19; 7; 25
24,73,0.28835,0.32877,37; 24; 73; 9; 37; 61; 37; 24; 83; 67
59,69,0.2301,0.85507,56; 59; 69; 36; 66; 22; 21; 79; 78; 33
12,38,0.29337,0.31579,28; 12; 38; 12; 28; 55; 63; 25; 42; 50
6,7,0.18437,0.85714,25; 6; 7; 43; 34; 13; 77; 74; 40; 85
24,28,0.34938,0.85714,43; 24; 28; 28; 64; 84; 11; 26; 17; 25
48,57,0.27282,0.84211,68; 48; 57; 36; 66; 38; 71; 37; 53; 12
21,65,0.29933,0.32308,11; 21; 65; 24; 56; 19; 40; 29; 44; 66
23,29,0.34923,0.7931,22; 23; 29; 41; 8; 33; 84; 64; 40; 44
52,66,0.24538,0.78788,79; 52; 66; 19; 16; 58; 42; 54; 39; 35
17,48,0.31413,0.35417,34; 17; 48; 8; 55; 39; 78; 58; 60; 56
15,63,0.23625,0.2381,85; 15; 63; 60; 82; 52; 64; 14; 63; 77
41,73,0.26469,0.56164,27; 41; 73; 16; 46; 10; 15; 55; 61; 57
25,84,0.26045,0.29762,39; 25; 84; 63; 83; 71; 17; 8; 12; 10
27,77,0.28744,0.35065,83; 27; 77; 68; 14; 7; 53; 41; 21; 45
49,58,0.26648,0.84483,31; 49; 58; 59; 55; 55; 84; 6; 77; 53
51,59,0.26108,0.86441,19; 51; 59; 9; 73; 84; 37; 82; 18; 85
13,52,0.24613,0.25,49; 13; 52; 47; 75; 40; 11; 76; 34; 23
22,77,0.27601,0.28571,76; 22; 77; 79; 39; 14; 9; 36; 73; 20
53,66,0.23323,0.80303,66; 53; 66; 52; 56; 35; 42; 19; 46; 16
22,44,0.34149,0.5,37; 22; 44; 8; 6; 48; 59; 80; 59; 6
25,76,0.28259,0.32895,67; 25; 76; 26; 50; 82; 42; 46; 85; 20
21,43,0.33551,0.48837,51; 21; 43; 69; 77; 55; 46; 10; 41; 57
11,30,0.30776,0.36667,30; 11; 30; 16; 68; 59; 79; 50; 10; 51
26,75,0.2874,0.34667,35; 26; 75; 9; 38; 84; 84; 79; 7; 74
22,60,0.31873,0.36667,72; 22; 60; 33; 69; 52; 6; 59; 79; 19
57,66,0.24009,0.86364,36; 57; 66; 34; 67; 39; 48; 29; 71; 10
29,58,0.31897,0.5,21; 29; 58; 14; 79; 58; 34; 6; 80; 37
30,38,0.33968,0.78947,16; 30; 38; 9; 71; 19; 23; 10; 66; 49
31,36,0.3353,0.86111,85; 31; 36; 55; 49; 29; 29; 20; 24; 42
18,39,0.33262,0.46154,12; 18; 39; 53; 29; 57; 83; 85; 47; 13
17,68,0.24941,0.25,65; 17; 68; 40; 45; 60; 59; 41; 58; 64
47,82,0.2288,0.57317,49; 47; 82; 33; 59; 39; 84; 83; 14; 67
36,73,0.27295,0.49315,29; 36; 73; 19; 20; 46; 72; 64; 70; 6
63,73,0.21258,0.86301,9; 63; 73; 57; 35; 21; 60; 64; 25; 22
45,55,0.28128,0.81818,75; 45; 55; 13; 5; 81; 49; 57; 21; 60
51,64,0.23878,0.79688,52; 51; 64; 20; 21; 36; 65; 84; 60; 21
13,23,0.33067,0.56522,39; 13; 23; 23; 80; 13; 18; 37; 61; 39
15,51,0.28422,0.29412,70; 15; 51; 15; 56; 28; 79; 45; 28; 64
26,46,0.3383,0.56522,29; 26; 46; 77; 24; 11; 23; 75; 63; 74
25,75,0.2895,0.33333,12; 25; 75; 30; 83; 45; 60; 34; 25; 23
18,73,0.24006,0.24658,71; 18; 73; 36; 39; 48; 82; 17; 70; 62
10,36,0.26896,0.27778,44; 10; 36; 76; 38; 5; 34; 32; 36; 83
8,34,0.23285,0.23529,19; 8; 34; 11; 63; 60; 83; 68; 74; 64
29,83,0.27081,0.3494,61; 29; 83; 51; 78; 58; 24; 43; 16; 17
24,79,0.275,0.3038,63; 24; 79; 62; 83; 50; 71; 25; 8; 81
14,59,0.2348,0.23729,26; 14; 59; 7; 17; 43; 28; 66; 21; 38
8,23,0.29574,0.34783,21; 8; 23; 36; 59; 23; 58; 59; 49; 6
24,72,0.29799,0.33333,16; 24; 72; 30; 35; 51; 39; 57; 6; 69
32,39,0.32563,0.82051,73; 32; 39; 59; 71; 78; 19; 75; 5; 76
62,74,0.22098,0.83784,69; 62; 74; 76; 52; 64; 40; 84; 69; 62
26,75,0.29146,0.34667,28; 26; 75; 81; 40; 78; 56; 79; 35; 15
11,39,0.27265,0.28205,19; 11; 39; 12; 7; 28; 83; 18; 72; 47
9,16,0.30858,0.5625,21; 9; 16; 48; 60; 66; 10; 75; 42; 31
28,79,0.27423,0.35443,76; 28; 79; 82; 21; 55; 41; 11; 53; 38
17,59,0.28029,0.28814,43; 17; 59; 32; 22; 13; 41; 34; 25; 36
10,35,0.26967,0.28571,67; 10; 35; 8; 20; 76; 13; 38; 30; 45
56,65,0.2451,0.86154,46; 56; 65; 82; 83; 85; 56; 17; 74; 78
46,82,0.24607,0.56098,27; 46; 82; 11; 28; 29; 51; 36; 41; 54
63,79,0.1992,0.79747,50; 63; 79; 32; 32; 55; 50; 43; 34; 17
58,73,0.21698,0.79452,30; 58; 73; 40; 31; 8; 33; 6; 53; 22
46,58,0.25074,0.7931,83; 46; 58; 25; 47; 29; 41; 85; 13; 39
13,51,0.25079,0.2549,57; 13; 51; 83; 59; 80; 33; 56; 30; 70
10,34,0.28067,0.29412,31; 10; 34; 78; 65; 63; 62; 56; 74; 15
61,76,0.2123,0.80263,55; 61; 76; 22; 53; 24; 28; 83; 7; 24
7,25,0.26697,0.28,11; 7; 25; 63; 61; 81; 14; 10; 69; 74
30,85,0.25762,0.35294,53; 30; 85; 19; 76; 41; 50; 71; 76; 81
52,66,0.25273,0.78788,41; 52; 66; 46; 53; 7; 15; 21; 52; 57
16,53,0.29004,0.30189,31; 16; 53; 82; 14; 67; 20; 48; 58; 10
8,28,0.27481,0.28571,10; 8; 28; 83; 38; 14; 30; 79; 13; 7
12,41,0.28303,0.29268,28; 12; 41; 74; 14; 50; 40; 25; 35; 42
59,74,0.21794,0.7973,43; 59; 74; 33; 20; 26; 13; 70; 57; 48
14,25,0.33315,0.56,56; 14; 25; 74; 56; 25; 8; 46; 85; 13
39,70,0.27264,0.55714,32; 39; 70; 14; 14; 8; 81; 71; 17; 38
24,65,0.31317,0.36923,8; 24; 65; 48; 64; 72; 33; 33; 75; 43
10,31,0.29325,0.32258,74; 10; 31; 10; 21; 18; 68; 23; 20; 50
9,28,0.28843,0.32143,43; 9; 28; 59; 75; 9; 48; 76; 71; 69
10,31,0.29326,0.32258,36; 10; 31; 20; 81; 38; 11; 58; 29; 27
61,71,0.21457,0.85915,72; 61; 71; 75; 20; 45; 30; 31; 8; 56
28,61,0.31289,0.45902,60; 28; 61; 47; 43; 44; 36; 7; 27; 37
20,80,0.24852,0.25,29; 20; 80; 12; 61; 13; 61; 68; 81; 12
13,39,0.30109,0.33333,48; 13; 39; 44; 65; 84; 43; 50; 82; 61
49,57,0.25066,0.85965,67; 49; 57; 53; 41; 5; 56; 7; 40; 42
15,41,0.31393,0.36585,63; 15; 41; 56; 44; 63; 34; 55; 53; 34
65,77,0.17026,0.84416,38; 65; 77; 64; 35; 36; 75; 29; 48; 61
18,71,0.24868,0.25352,18; 18; 71; 81; 71; 76; 77; 83; 53; 49
12,43,0.27297,0.27907,51; 12; 43; 13; 12; 28; 38; 60; 54; 85
46,80,0.25193,0.575,44; 46; 80; 26; 7; 25; 70; 34; 69; 46
44,78,0.22856,0.5641,84; 44; 78; 47; 48; 81; 64; 24; 81; 24
26,56,0.32349,0.46429,53; 26; 56; 79; 64; 85; 69; 5; 54; 7
48,84,0.21947,0.57143,33; 48; 84; 46; 8; 76; 77; 52; 21; 82
18,75,0.23965,0.24,5; 18; 75; 63; 16; 48; 77; 75; 13; 14
12,15,0.30993,0.8,17; 12; 15; 52; 59; 49; 26; 11; 13; 14
14,48,0.28249,0.29167,43; 14; 48; 26; 6; 22; 53; 66; 11; 80
45,80,0.25053,0.5625,6; 45; 80; 30; 8; 61; 66; 80; 32; 5
5,9,0.17038,0.55556,60; 5; 9; 53; 35; 5; 66; 70; 25; 43
19,22,0.34422,0.86364,29; 19; 22; 27; 49; 40; 72; 53; 35; 44
11,44,0.2462,0.25,27; 11; 44; 29; 38; 63; 75; 32; 66; 22
7,28,0.24449,0.25,12; 7; 28; 29; 5; 57; 56; 35; 16; 28
16,54,0.28726,0.2963,84; 16; 54; 48; 66; 53; 49; 7; 39; 40
12,42,0.27668,0.28571,59; 12; 42; 57; 44; 49; 11; 83; 47; 84
25,79,0.27315,0.31646,5; 25; 79; 20; 24; 64; 16; 83; 18; 29
20,25,0.34317,0.8,76; 20; 25; 67; 49; 61; 44; 41; 15; 7
33,72,0.28479,0.45833,52; 33; 72; 23; 30; 30; 47; 80; 75; 9
30,85,0.25651,0.35294,54; 30; 85; 31; 70; 28; 27; 14; 9; 6
9,38,0.23645,0.23684,71; 9; 38; 23; 53; 20; 80; 24; 9; 66
63,80,0.19503,0.7875,61; 63; 80; 55; 7; 21; 65; 21; 30; 40
69,82,0.18967,0.84146,61; 69; 82; 55; 70; 41; 68; 23; 50; 79
16,66,0.24158,0.24242,23; 16; 66; 51; 56; 15; 50; 49; 58; 51
63,73,0.21857,0.86301,80; 63; 73; 48; 38; 6; 18; 63; 15; 53
15,46,0.30041,0.32609,37; 15; 46; 37; 7; 48; 56; 60; 5; 23
24,75,0.28605,0.32,45; 24; 75; 84; 71; 24; 32; 61; 9; 6
33,66,0.29621,0.5,66; 33; 66; 10; 42; 12; 37; 66; 26; 66
14,59,0.23321,0.23729,7; 14; 59; 60; 33; 25; 64; 66; 78; 22
22,76,0.2782,0.28947,59; 22; 76; 28; 48; 52; 28; 46; 61; 15
20,35,0.34473,0.57143,79; 20; 35; 7; 6; 82; 12; 15; 11; 34
23,69,0.29562,0.33333,8; 23; 69; 51; 68; 7; 31; 19; 64; 28
12,50,0.23766,0.24,69; 12; 50; 84; 53; 42; 53; 80; 61; 31
7,22,0.28895,0.31818,85; 7; 22; 76; 41; 48; 78; 33; 29; 67
67,80,0.19615,0.8375,45; 67; 80; 36; 44; 74; 18; 33; 43; 42
5,21,0.23788,0.2381,37; 5; 21; 16; 37; 69; 10; 57; 51; 73
33,41,0.33101,0.80488,30; 33; 41; 47; 83; 11; 39; 60; 48; 61
9,28,0.28858,0.32143,68; 9; 28; 16; 68; 42; 14; 23; 56; 6
25,79,0.27443,0.31646,80; 25; 79; 41; 50; 65; 60; 68; 52; 58
16,35,0.32946,0.45714,33; 16; 35; 39; 28; 10; 13; 21; 81; 15
19,59,0.29557,0.32203,51; 19; 59; 44; 81; 75; 21; 57; 47; 81
52,65,0.21829,0.8,14; 52; 65; 37; 16; 81; 84; 39; 79; 56
23,62,0.31294,0.37097,73; 23; 62; 12; 83; 28; 12; 75; 63; 34
5,20,0.24899,0.25,10; 5; 20; 59; 19; 68; 85; 64; 26; 76
26,70,0.29932,0.37143,21; 26; 70; 25; 49; 50; 85; 78; 34; 19
19,66,0.27871,0.28788,60; 19; 66; 51; 58; 57; 54; 83; 15; 13
49,57,0.2741,0.85965,58; 49; 57; 69; 61; 83; 28; 80; 12; 69
58,69,0.22621,0.84058,33; 58; 69; 32; 28; 51; 54; 35; 33; 41
28,49,0.33135,0.57143,71; 28; 49; 21; 55; 81; 76; 61; 59; 44
34,60,0.30674,0.56667,48; 34; 60; 29; 55; 54; 56; 6; 6; 52
38,67,0.28623,0.56716,56; 38; 67; 49; 49; 46; 58; 66; 56; 47
32,40,0.33127,0.8,16; 32; 40; 36; 52; 82; 71; 68; 17; 65
40,82,0.24146,0.4878,63; 40; 82; 21; 28; 31; 50; 46; 43; 30
19,77,0.24557,0.24675,49; 19; 77; 59; 37; 27; 23; 27; 76; 38
30,35,0.33549,0.85714,75; 30; 35; 66; 56; 46; 46; 57; 76; 28
25,72,0.28845,0.34722,37; 25; 72; 9; 68; 35; 5; 28; 77; 55
26,52,0.32992,0.5,9; 26; 52; 74; 72; 74; 23; 12; 56; 64
25,29,0.34647,0.86207,74; 25; 29; 73; 70; 69; 84; 36; 31; 36
34,70,0.25344,0.48571,34; 34; 70; 26; 73; 7; 13; 23; 82; 13
34,61,0.29781,0.55738,39; 34; 61; 58; 65; 29; 29; 79; 12; 43
16,63,0.25033,0.25397,39; 16; 63; 56; 29; 27; 25; 51; 39; 20
16,28,0.33686,0.57143,8; 16; 28; 55; 47; 6; 47; 73; 46; 74
13,46,0.27783,0.28261,30; 13; 46; 15; 6; 82; 19; 36; 82; 29
16,19,0.33708,0.84211,8; 16; 19; 30; 17; 76; 72; 49; 56; 47
30,53,0.32561,0.56604,24; 30; 53; 31; 63; 81; 41; 44; 56; 56
21,25,0.34615,0.84,77; 21; 25; 19; 45; 73; 23; 44; 53; 9
18,54,0.30124,0.33333,16; 18; 54; 53; 48; 47; 46; 68; 22; 30
23,79,0.27713,0.29114,31; 23; 79; 83; 49; 53; 79; 59; 51; 30
23,71,0.29615,0.32394,58; 23; 71; 66; 66; 42; 77; 44; 33; 7
26,53,0.33125,0.49057,72; 26; 53; 23; 16; 25; 46; 76; 26; 12
33,71,0.28151,0.46479,73; 33; 71; 50; 57; 78; 71; 12; 36; 9
55,67,0.21678,0.8209,43; 55; 67; 41; 69; 34; 46; 27; 76; 7
19,58,0.30325,0.32759,49; 19; 58; 75; 7; 6; 63; 55; 19; 20
40,71,0.25966,0.56338,74; 40; 71; 53; 32; 68; 38; 69; 79; 66
36,45,0.32257,0.8,63; 36; 45; 34; 73; 26; 69; 27; 81; 8
21,25,0.35025,0.84,60; 21; 25; 54; 48; 30; 63; 70; 68; 65
25,51,0.33335,0.4902,68; 25; 51; 53; 50; 15; 31; 17; 49; 14
33,58,0.28289,0.56897,36; 33; 58; 47; 25; 11; 11; 83; 8; 5
34,60,0.3049,0.56667,7; 34; 60; 59; 5; 7; 29; 68; 58; 19
28,85,0.26253,0.32941,6; 28; 85; 85; 42; 78; 47; 53; 8; 69
22,78,0.27311,0.28205,14; 22; 78; 56; 9; 8; 56; 14; 23; 17
10,20,0.32019,0.5,83; 10; 20; 11; 25; 36; 78; 55; 81; 30
8,23,0.29593,0.34783,39; 8; 23; 46; 37; 44; 29; 24; 13; 54
18,51,0.3106,0.35294,54; 18; 51; 38; 78; 85; 53; 40; 60; 18
35,70,0.28427,0.5,80; 35; 70; 44; 14; 56; 61; 22; 56; 12
29,63,0.31148,0.46032,36; 29; 63; 17; 79; 79; 81; 81; 16; 18
13,47,0.27154,0.2766,76; 13; 47; 70; 7; 15; 41; 66; 83; 52
30,53,0.32563,0.56604,84; 30; 53; 85; 52; 55; 53; 33; 34; 37
54,66,0.25202,0.81818,17; 54; 66; 76; 49; 64; 80; 9; 7; 20
24,75,0.28372,0.32,82; 24; 75; 5; 49; 37; 5; 25; 54; 78
24,85,0.2568,0.28235,14; 24; 85; 66; 31; 23; 26; 55; 63; 17
31,39,0.33337,0.79487,46; 31; 39; 30; 71; 42; 55; 13; 77; 48
9,28,0.2934,0.32143,30; 9; 28; 17; 81; 31; 41; 58; 22; 33
26,57,0.32001,0.45614,81; 26; 57; 73; 14; 54; 31; 69; 67; 74
59,74,0.21716,0.7973,8; 59; 74; 58; 19; 26; 8; 77; 85; 20
49,57,0.27226,0.85965,42; 49; 57; 34; 52; 14; 7; 42; 52; 12
14,40,0.30671,0.35,6; 14; 40; 71; 23; 58; 70; 56; 66; 64
26,56,0.32816,0.46429,30; 26; 56; 57; 52; 52; 13; 58; 14; 21
14,47,0.28324,0.29787,83; 14; 47; 67; 10; 64; 52; 45; 17; 84
19,54,0.31009,0.35185,63; 19; 54; 69; 44; 27; 13; 20; 37; 47
43,76,0.26911,0.56579,56; 43; 76; 53; 78; 14; 33; 34; 13; 79
24,74,0.29067,0.32432,35; 24; 74; 56; 18; 8; 39; 51; 29; 18
29,78,0.27864,0.37179,74; 29; 78; 10; 40; 6; 83; 60; 11; 48
26,70,0.2995,0.37143,45; 26; 70; 15; 78; 83; 59; 18; 71; 29
14,56,0.2473,0.25,26; 14; 56; 60; 36; 13; 59; 15; 35; 7
20,63,0.29994,0.31746,10; 20; 63; 61; 73; 23; 19; 66; 48; 60
19,60,0.29728,0.31667,36; 19; 60; 56; 85; 63; 10; 67; 25; 78
12,36,0.29938,0.33333,31; 12; 36; 69; 20; 72; 42; 12; 31; 50
21,37,0.34037,0.56757,5; 21; 37; 7; 47; 78; 48; 7; 71; 9
23,82,0.26233,0.28049,64; 23; 82; 76; 14; 10; 83; 63; 44; 46
16,58,0.27103,0.27586,56; 16; 58; 31; 56; 26; 57; 19; 70; 44
39,70,0.26731,0.55714,9; 39; 70; 60; 73; 71; 57; 70; 60; 29
33,72,0.28157,0.45833,27; 33; 72; 39; 46; 78; 54; 33; 64; 19
13,46,0.27765,0.28261,48; 13; 46; 27; 49; 23; 57; 20; 84; 39
67,80,0.19634,0.8375,48; 67; 80; 10; 75; 33; 45; 53; 16; 53
27,32,0.34467,0.84375,53; 27; 32; 47; 82; 29; 44; 5; 22; 57
23,73,0.2823,0.31507,81; 23; 73; 17; 44; 63; 50; 34; 77; 80
13,47,0.27295,0.2766,49; 13; 47; 73; 14; 83; 41; 81; 40; 47
11,44,0.24997,0.25,74; 11; 44; 5; 15; 76; 38; 45; 21; 47
26,52,0.32374,0.5,13; 26; 52; 56; 46; 47; 14; 42; 73; 41
31,68,0.30117,0.45588,27; 31; 68; 46; 7; 14; 50; 60; 46; 82
21,60,0.31116,0.35,49; 21; 60; 32; 35; 52; 40; 23; 19; 67
63,77,0.20605,0.81818,85; 63; 77; 73; 57; 71; 45; 5; 29; 72
24,83,0.26624,0.28916,16; 24; 83; 17; 57; 51; 38; 17; 25; 51
58,71,0.21788,0.8169,76; 58; 71; 67; 17; 53; 64; 48; 65; 48
18,52,0.30931,0.34615,54; 18; 52; 19; 45; 73; 46; 12; 50; 56
43,75,0.26061,0.57333,68; 43; 75; 6; 22; 69; 71; 66; 37; 41
41,83,0.23627,0.49398,81; 41; 83; 34; 8; 42; 54; 7; 77; 48
11,44,0.24764,0.25,31; 11; 44; 32; 56; 22; 47; 64; 17; 6
63,80,0.19669,0.7875,42; 63; 80; 13; 19; 49; 61; 43; 22; 74
68,81,0.1912,0.83951,20; 68; 81; 32; 29; 66; 32; 76; 14; 45
24,75,0.28367,0.32,33; 24; 75; 55; 50; 59; 39; 23; 33; 77
13,44,0.28589,0.29545,37; 13; 44; 64; 37; 68; 26; 9; 12; 51
29,52,0.32326,0.55769,8; 29; 52; 85; 30; 75; 46; 18; 16; 8
28,49,0.32746,0.57143,32; 28; 49; 45; 46; 11; 61; 61; 59; 17
20,63,0.29574,0.31746,28; 20; 63; 65; 74; 30; 71; 8; 47; 39
14,28,0.3349,0.5,61; 14; 28; 36; 19; 49; 56; 28; 74; 67
52,65,0.2542,0.8,14; 52; 65; 83; 85; 29; 42; 16; 68; 46
18,62,0.27905,0.29032,44; 18; 62; 9; 14; 31; 48; 8; 42; 62
23,40,0.33452,0.575,40; 23; 40; 55; 79; 79; 21; 36; 50; 33
39,84,0.23083,0.46429,9; 39; 84; 8; 26; 82; 22; 31; 34; 31
36,63,0.29405,0.57143,21; 36; 63; 13; 82; 69; 53; 20; 29; 78
21,71,0.2828,0.29577,23; 21; 71; 37; 10; 71; 20; 36; 13; 33
40,81,0.22605,0.49383,84; 40; 81; 22; 53; 74; 44; 17; 48; 80
25,44,0.34015,0.56818,69; 25; 44; 66; 82; 70; 17; 77; 77; 76
54,66,0.213,0.81818,8; 54; 66; 58; 18; 83; 73; 7; 32; 60
27,83,0.26583,0.3253,5; 27; 83; 39; 23; 58; 76; 18; 11; 12
16,67,0.239,0.23881,83; 16; 67; 5; 45; 31; 10; 73; 64; 10
32,65,0.29159,0.49231,53; 32; 65; 15; 7; 50; 37; 11; 43; 74
9,30,0.28285,0.3,13; 9; 30; 57; 80; 85; 29; 68; 30; 35
22,68,0.29709,0.32353,30; 22; 68; 60; 65; 73; 24; 26; 40; 22
22,79,0.26516,0.27848,52; 22; 79; 18; 79; 22; 15; 65; 15; 31
20,82,0.24588,0.2439,63; 20; 82; 58; 43; 13; 68; 17; 43; 16
16,66,0.2407,0.24242,85; 16; 66; 18; 16; 16; 55; 58; 48; 70
29,51,0.32875,0.56863,85; 29; 51; 21; 62; 44; 40; 5; 33; 42
29,78,0.28279,0.37179,20; 29; 78; 28; 28; 19; 71; 85; 81; 80
18,76,0.23595,0.23684,10; 18; 76; 22; 24; 59; 79; 79; 67; 44
6,19,0.28089,0.31579,77; 6; 19; 62; 81; 48; 55; 37; 76; 5
68,81,0.20125,0.83951,53; 68; 81; 12; 34; 57; 53; 16; 29; 67
48,60,0.27429,0.8,30; 48; 60; 57; 23; 24; 44; 51; 20; 77
9,38,0.23467,0.23684,83; 9; 38; 19; 68; 67; 76; 70; 57; 35
8,23,0.29749,0.34783,80; 8; 23; 17; 83; 60; 61; 18; 67; 8
16,50,0.30248,0.32,73; 16; 50; 17; 69; 69; 25; 64; 74; 60
41,82,0.23294,0.5,83; 41; 82; 8; 34; 42; 7; 56; 17; 44
13,37,0.30543,0.35135,45; 13; 37; 9; 19; 35; 68; 51; 70; 20
18,49,0.313,0.36735,35; 18; 49; 84; 84; 69; 29; 69; 41; 70
65,76,0.19849,0.85526,68; 65; 76; 59; 69; 9; 55; 79; 50; 41
35,61,0.29609,0.57377,21; 35; 61; 50; 15; 9; 14; 17; 32; 33
34,70,0.2782,0.48571,56; 34; 70; 56; 61; 37; 38; 76; 63; 69
30,54,0.32305,0.55556,25; 30; 54; 52; 33; 32; 52; 30; 63; 11
51,62,0.24161,0.82258,64; 51; 62; 34; 21; 18; 75; 52; 48; 72
10,35,0.27175,0.28571,14; 10; 35; 64; 20; 30; 31; 51; 27; 30
7,23,0.28271,0.30435,62; 7; 23; 12; 19; 29; 71; 76; 41; 11
23,76,0.27286,0.30263,18; 23; 76; 19; 24; 83; 77; 63; 56; 38
17,71,0.23902,0.23944,81; 17; 71; 73; 64; 74; 42; 45; 18; 57
65,77,0.21095,0.84416,24; 65; 77; 79; 72; 12; 62; 70; 23; 15
22,60,0.31415,0.36667,66; 22; 60; 68; 80; 36; 10; 63; 71; 69
17,51,0.30356,0.33333,15; 17; 51; 28; 50; 80; 46; 48; 67; 18
53,67,0.24785,0.79104,64; 53; 67; 34; 85; 81; 48; 37; 83; 71
11,46,0.23614,0.23913,36; 11; 46; 73; 59; 62; 27; 68; 25; 14
16,19,0.33649,0.84211,58; 16; 19; 85; 57; 30; 71; 32; 55; 26
32,37,0.33543,0.86486,84; 32; 37; 21; 39; 53; 18; 71; 38; 9
47,59,0.25466,0.79661,8; 47; 59; 60; 62; 7; 38; 57; 35; 44
27,82,0.27683,0.32927,49; 27; 82; 66; 35; 72; 43; 12; 17; 9
13,39,0.29773,0.33333,14; 13; 39; 28; 81; 55; 47; 12; 51; 41
27,85,0.25627,0.31765,13; 27; 85; 46; 65; 75; 80; 79; 30; 23
49,57,0.27097,0.85965,63; 49; 57; 82; 66; 71; 45; 6; 52; 23
24,28,0.34648,0.85714,15; 24; 28; 43; 27; 42; 7; 56; 41; 16
37,66,0.29135,0.56061,60; 37; 66; 30; 53; 72; 6; 81; 60; 28
33,41,0.32832,0.80488,72; 33; 41; 12; 26; 18; 14; 51; 54; 13
40,70,0.27569,0.57143,19; 40; 70; 77; 15; 25; 60; 72; 80; 59
22,39,0.34322,0.5641,27; 22; 39; 17; 45; 33; 6; 66; 21; 23
14,56,0.24975,0.25,37; 14; 56; 35; 19; 10; 58; 10; 28; 74
31,83,0.27302,0.37349,62; 31; 83; 61; 38; 72; 58; 30; 79; 37
17,71,0.23842,0.23944,59; 17; 71; 23; 52; 76; 77; 17; 52; 47
18,61,0.28238,0.29508,23; 18; 61; 36; 40; 61; 60; 67; 5; 14
5,17,0.26357,0.29412,84; 5; 17; 8; 23; 73; 79; 39; 39; 71
13,45,0.28047,0.28889,50; 13; 45; 80; 32; 51; 29; 56; 21; 48
7,21,0.29155,0.33333,77; 7; 21; 10; 45; 30; 45; 73; 66; 7
22,48,0.3322,0.45833,63; 22; 48; 27; 14; 58; 22; 69; 37; 11
42,74,0.2338,0.56757,81; 42; 74; 65; 44; 56; 18; 52; 47; 18
16,20,0.33507,0.8,13; 16; 20; 23; 23; 11; 51; 76; 41; 33
13,41,0.29218,0.31707,11; 13; 41; 36; 69; 39; 76; 67; 21; 48
58,69,0.21855,0.84058,71; 58; 69; 39; 52; 10; 11; 18; 71; 47
25,44,0.32635,0.56818,43; 25; 44; 30; 27; 23; 24; 52; 66; 58
42,50,0.28014,0.84,40; 42; 50; 52; 50; 55; 18; 64; 58; 8
67,85,0.19799,0.78824,5; 67; 85; 34; 79; 13; 19; 6; 64; 71
8,14,0.28237,0.57143,52; 8; 14; 32; 64; 54; 31; 68; 69; 47
21,46,0.33467,0.45652,40; 21; 46; 39; 17; 11; 83; 5; 18; 40
16,55,0.28539,0.29091,6; 16; 55; 15; 41; 65; 59; 62; 58; 41
18,21,0.34203,0.85714,9; 18; 21; 49; 13; 11; 79; 15; 63; 44
41,82,0.23569,0.5,8; 41; 82; 45; 50; 62; 50; 46; 11; 9
13,35,0.31094,0.37143,13; 13; 35; 67; 24; 33; 84; 34; 7; 56
60,73,0.21509,0.82192,33; 60; 73; 5; 46; 11; 80; 77; 20; 9
19,77,0.24647,0.24675,33; 19; 77; 43; 31; 7; 42; 76; 16; 13
17,30,0.33573,0.56667,71; 17; 30; 46; 20; 35; 22; 74; 67; 20
18,39,0.33354,0.46154,56; 18; 39; 54; 5; 49; 31; 51; 31; 19
30,38,0.34029,0.78947,33; 30; 38; 8; 84; 58; 35; 11; 8; 22
23,80,0.27372,0.2875,67; 23; 80; 26; 66; 11; 16; 54; 80; 24
24,80,0.27147,0.3,39; 24; 80; 47; 62; 80; 74; 60; 51; 55
6,17,0.2744,0.35294,14; 6; 17; 81; 21; 53; 44; 7; 71; 5
57,66,0.22528,0.86364,52; 57; 66; 71; 81; 19; 42; 70; 61; 14
26,46,0.33906,0.56522,41; 26; 46; 60; 28; 31; 72; 63; 53; 29
21,69,0.28566,0.30435,73; 21; 69; 37; 36; 34; 42; 79; 37; 78
7,21,0.29065,0.33333,48; 7; 21; 9; 37; 47; 35; 60; 52; 21
10,41,0.24251,0.2439,6; 10; 41; 10; 35; 80; 38; 83; 7; 46
43,75,0.26701,0.57333,31; 43; 75; 10; 79; 61; 20; 70; 43; 31
38,78,0.2684,0.48718,40; 38; 78; 60; 32; 73; 9; 55; 80; 20
22,59,0.31675,0.37288,73; 22; 59; 69; 22; 19; 80; 75; 44; 29
23,50,0.33139,0.46,22; 23; 50; 8; 50; 62; 12; 73; 79; 72
24,65,0.30516,0.36923,66; 24; 65; 44; 7; 8; 53; 16; 27; 60
42,50,0.28723,0.84,18; 42; 50; 20; 24; 84; 43; 8; 45; 45
62,74,0.21423,0.83784,38; 62; 74; 40; 31; 82; 58; 48; 24; 65
18,71,0.25411,0.25352,18; 18; 71; 37; 50; 49; 61; 50; 29; 14
13,54,0.24016,0.24074,63; 13; 54; 44; 34; 37; 41; 6; 7; 19
11,30,0.30747,0.36667,35; 11; 30; 5; 52; 76; 48; 67; 84; 35
33,41,0.32708,0.80488,56; 33; 41; 10; 37; 8; 81; 62; 57; 13
66,82,0.20743,0.80488,45; 66; 82; 80; 33; 80; 65; 12; 63; 15
12,40,0.28379,0.3,6; 12; 40; 28; 64; 22; 56; 38; 69; 47
8,16,0.29118,0.5,53; 8; 16; 36; 40; 79; 52; 26; 18; 28
9,38,0.24079,0.23684,24; 9; 38; 20; 59; 11; 43; 36; 57; 48
31,37,0.33973,0.83784,27; 31; 37; 42; 64; 20; 37; 32; 72; 74
23,80,0.27104,0.2875,58; 23; 80; 85; 83; 45; 47; 55; 70; 53
10,36,0.26847,0.27778,29; 10; 36; 66; 39; 45; 26; 19; 76; 62
64,76,0.2082,0.84211,21; 64; 76; 40; 35; 70; 21; 76; 30; 43
33,41,0.31765,0.80488,19; 33; 41; 24; 51; 63; 39; 72; 35; 41
27,73,0.27186,0.36986,68; 27; 73; 12; 22; 16; 42; 67; 69; 25
17,58,0.28239,0.2931,68; 17; 58; 30; 47; 73; 81; 85; 70; 7
24,48,0.33504,0.5,39; 24; 48; 62; 27; 25; 82; 41; 70; 39
12,42,0.27647,0.28571,50; 12; 42; 83; 30; 35; 22; 80; 31; 59
18,49,0.31548,0.36735,10; 18; 49; 64; 49; 57; 35; 46; 67; 43
60,70,0.21997,0.85714,43; 60; 70; 78; 59; 58; 83; 59; 58; 16
16,65,0.24265,0.24615,80; 16; 65; 25; 27; 33; 24; 10; 12; 5
58,69,0.23425,0.84058,9; 58; 69; 81; 53; 78; 71; 41; 52; 6
19,79,0.24004,0.24051,70; 19; 79; 30; 11; 7; 49; 73; 49; 58
29,83,0.2705,0.3494,79; 29; 83; 63; 15; 49; 52; 6; 85; 19
21,60,0.30947,0.35,13; 21; 60; 78; 30; 50; 80; 74; 21; 61
12,48,0.24648,0.25,62; 12; 48; 70; 33; 54; 57; 7; 52; 54
23,73,0.28145,0.31507,74; 23; 73; 14; 26; 62; 25; 28; 12; 66
29,83,0.27499,0.3494,40; 29; 83; 7; 28; 36; 46; 67; 28; 5
8,25,0.28794,0.32,58; 8; 25; 42; 37; 28; 62; 16; 12; 57
68,79,0.2016,0.86076,52; 68; 79; 69; 33; 54; 25; 75; 12; 6
12,43,0.27483,0.27907,36; 12; 43; 37; 21; 71; 14; 57; 70; 12
43,76,0.22481,0.56579,5; 43; 76; 72; 44; 69; 41; 30; 64; 42
34,68,0.28831,0.5,80; 34; 68; 37; 39; 26; 38; 43; 67; 74
18,32,0.33775,0.5625,48; 18; 32; 23; 39; 22; 46; 25; 12; 71
13,54,0.2433,0.24074,24; 13; 54; 42; 81; 23; 82; 47; 70; 5
19,52,0.30781,0.36538,14; 19; 52; 15; 51; 76; 54; 60; 60; 66
27,73,0.28876,0.36986,84; 27; 73; 78; 22; 34; 40; 5; 11; 23
34,74,0.28785,0.45946,61; 34; 74; 67; 85; 20; 62; 69; 78; 79
27,54,0.32694,0.5,57; 27; 54; 82; 33; 16; 5; 55; 77; 53
41,50,0.30338,0.82,9; 41; 50; 14; 11; 20; 64; 37; 24; 40
19,51,0.31191,0.37255,20; 19; 51; 81; 36; 17; 82; 39; 25; 32
19,60,0.29872,0.31667,58; 19; 60; 61; 10; 76; 73; 8; 37; 8
26,33,0.34159,0.78788,43; 26; 33; 53; 61; 9; 39; 10; 53; 73
32,39,0.33253,0.82051,15; 32; 39; 24; 10; 51; 84; 33; 74; 42
15,61,0.24505,0.2459,6; 15; 61; 52; 74; 78; 49; 54; 26; 46
17,69,0.24466,0.24638,28; 17; 69; 50; 73; 82; 49; 67; 52; 23
19,68,0.2722,0.27941,34; 19; 68; 82; 22; 29; 40; 55; 20; 30
14,57,0.24297,0.24561,79; 14; 57; 28; 65; 14; 18; 66; 46; 80
9,30,0.28301,0.3,44; 9; 30; 55; 32; 40; 74; 68; 32; 19
24,73,0.29398,0.32877,77; 24; 73; 54; 52; 81; 29; 15; 85; 41
16,55,0.28297,0.29091,56; 16; 55; 36; 69; 61; 39; 18; 7; 83
12,36,0.29565,0.33333,24; 12; 36; 34; 71; 21; 82; 70; 20; 52
49,62,0.24626,0.79032,45; 49; 62; 11; 22; 39; 34; 9; 55; 33
14,49,0.27677,0.28571,39; 14; 49; 35; 19; 59; 75; 22; 66; 28
63,73,0.21043,0.86301,44; 63; 73; 84; 55; 21; 37; 82; 17; 32
19,77,0.24665,0.24675,18; 19; 77; 9; 28; 65; 73; 56; 57; 20
25,67,0.29934,0.37313,65; 25; 67; 26; 82; 37; 28; 84; 25; 11
5,10,0.17799,0.5,85; 5; 10; 7; 9; 41; 8; 54; 13; 37
18,71,0.24885,0.25352,58; 18; 71; 73; 25; 37; 40; 75; 74; 72
59,72,0.22729,0.81944,40; 59; 72; 83; 40; 11; 50; 7; 39; 85
57,66,0.23418,0.86364,49; 57; 66; 76; 11; 85; 18; 25; 54; 67
48,57,0.2765,0.84211,19; 48; 57; 19; 52; 82; 38; 85; 63; 61
8,16,0.2984,0.5,33; 8; 16; 31; 45; 16; 81; 40; 50; 33
16,67,0.23497,0.23881,53; 16; 67; 16; 25; 11; 7; 68; 20; 25
46,55,0.2721,0.83636,18; 46; 55; 55; 47; 24; 49; 16; 6; 13
14,43,0.29821,0.32558,52; 14; 43; 62; 70; 46; 41; 72; 17; 74
17,48,0.3091,0.35417,72; 17; 48; 44; 71; 81; 72; 64; 8; 71
23,73,0.28768,0.31507,52; 23; 73; 75; 44; 61; 32; 76; 30; 35
20,70,0.27805,0.28571,45; 20; 70; 17; 75; 36; 29; 76; 32; 26
36,63,0.28652,0.57143,28; 36; 63; 45; 21; 59; 61; 28; 53; 41
25,84,0.25982,0.29762,24; 25; 84; 16; 12; 9; 35; 84; 85; 67
22,28,0.34252,0.78571,12; 22; 28; 18; 9; 62; 74; 15; 36; 71
14,50,0.27523,0.28,15; 14; 50; 58; 25; 69; 18; 16; 83; 39
23,29,0.3505,0.7931,12; 23; 29; 9; 50; 59; 24; 47; 75; 76
19,66,0.27892,0.28788,83; 19; 66; 29; 60; 40; 22; 49; 70; 28
29,59,0.31499,0.49153,36; 29; 59; 68; 82; 72; 35; 84; 64; 55
61,74,0.22111,0.82432,36; 61; 74; 84; 73; 37; 13; 76; 37; 17
22,28,0.3444,0.78571,16; 22; 28; 78; 21; 79; 78; 66; 75; 40
10,42,0.23389,0.2381,74; 10; 42; 44; 51; 12; 47; 51; 79; 83
15,19,0.33683,0.78947,33; 15; 19; 57; 20; 41; 27; 62; 53; 62
13,55,0.23534,0.23636,21; 13; 55; 17; 40; 62; 46; 42; 9; 16
37,76,0.27531,0.48684,69; 37; 76; 51; 48; 62; 85; 9; 24; 82
20,79,0.2478,0.25316,44; 20; 79; 36; 51; 10; 28; 52; 75; 60
46,58,0.27359,0.7931,52; 46; 58; 32; 19; 24; 16; 54; 61; 35
27,84,0.27239,0.32143,36; 27; 84; 70; 52; 64; 43; 74; 52; 59
49,62,0.25885,0.79032,45; 49; 62; 67; 68; 67; 24; 56; 65; 46
25,77,0.28461,0.32468,76; 25; 77; 63; 63; 32; 24; 65; 33; 18
10,31,0.28725,0.32258,23; 10; 31; 60; 32; 47; 29; 48; 82; 37
45,55,0.29068,0.81818,20; 45; 55; 27; 11; 10; 28; 54; 6; 72
25,67,0.30545,0.37313,51; 25; 67; 9; 25; 61; 33; 24; 26; 72
19,79,0.23746,0.24051,30; 19; 79; 25; 17; 16; 62; 25; 24; 48
32,37,0.33028,0.86486,56; 32; 37; 10; 46; 54; 20; 32; 50; 29
17,67,0.25493,0.25373,46; 17; 67; 66; 49; 74; 35; 69; 62; 29
52,62,0.24345,0.83871,49; 52; 62; 46; 26; 22; 73; 56; 85; 44
49,60,0.26144,0.81667,20; 49; 60; 37; 67; 50; 55; 6; 73; 12
32,56,0.3166,0.57143,60; 32; 56; 63; 15; 56; 53; 51; 29; 55
37,80,0.25124,0.4625,76; 37; 80; 58; 56; 55; 70; 32; 54; 85
61,74,0.20417,0.82432,28; 61; 74; 77; 85; 60; 9; 84; 38; 27
18,32,0.34067,0.5625,71; 18; 32; 30; 73; 85; 66; 23; 17; 8
26,53,0.32968,0.49057,25; 26; 53; 26; 39; 27; 45; 52; 47; 35
25,51,0.32798,0.4902,70; 25; 51; 42; 57; 6; 61; 5; 84; 47
11,22,0.32115,0.5,63; 11; 22; 25; 58; 51; 81; 48; 5; 85
39,70,0.28277,0.55714,51; 39; 70; 47; 69; 65; 19; 83; 44; 73
18,74,0.23702,0.24324,54; 18; 74; 65; 20; 54; 33; 15; 21; 49
65,81,0.20101,0.80247,39; 65; 81; 20; 50; 38; 78; 20; 65; 6
22,66,0.30123,0.33333,21; 22; 66; 76; 32; 77; 62; 11; 77; 83
48,84,0.22141,0.57143,24; 48; 84; 38; 21; 15; 32; 78; 39; 70
8,29,0.25937,0.27586,82; 8; 29; 24; 5; 47; 75; 12; 63; 33
36,43,0.32687,0.83721,76; 36; 43; 80; 54; 44; 13; 70; 40; 7
42,75,0.25329,0.56,48; 42; 75; 29; 65; 72; 9; 77; 6; 45
35,44,0.32056,0.79545,83; 35; 44; 35; 16; 33; 22; 63; 8; 69
21,76,0.26976,0.27632,24; 21; 76; 70; 39; 38; 45; 65; 7; 50
25,68,0.29564,0.36765,31; 25; 68; 51; 49; 9; 76; 41; 85; 19
19,67,0.27627,0.28358,11; 19; 67; 48; 22; 30; 21; 77; 37; 38
43,77,0.25793,0.55844,51; 43; 77; 28; 10; 74; 24; 39; 36; 68
32,40,0.33001,0.8,69; 32; 40; 27; 13; 12; 17; 25; 29; 49
38,76,0.24663,0.5,18; 38; 76; 83; 38; 47; 61; 83; 22; 25
13,40,0.29994,0.325,58; 13; 40; 83; 81; 61; 35; 33; 66; 68
12,15,0.30572,0.8,67; 12; 15; 68; 51; 37; 6; 22; 60; 81
59,75,0.21622,0.78667,55; 59; 75; 83; 68; 76; 37; 25; 64; 79
21,72,0.28266,0.29167,27; 21; 72; 29; 21; 9; 39; 51; 23; 77
23,80,0.27003,0.2875,59; 23; 80; 74; 79; 82; 39; 5; 72; 73
37,47,0.31922,0.78723,11; 37; 47; 28; 8; 20; 27; 53; 75; 84
42,50,0.30258,0.84,78; 42; 50; 30; 30; 49; 67; 59; 17; 66
10,20,0.31807,0.5,12; 10; 20; 78; 32; 66; 35; 41; 83; 74
9,32,0.2705,0.28125,84; 9; 32; 5; 76; 16; 17; 49; 65; 17
25,50,0.33322,0.5,32; 25; 50; 70; 75; 54; 70; 26; 85; 82
27,84,0.26632,0.32143,48; 27; 84; 33; 21; 51; 52; 20; 44; 54
5,10,0.18541,0.5,73; 5; 10; 39; 42; 71; 60; 24; 83; 58
28,85,0.25253,0.32941,69; 28; 85; 31; 13; 52; 34; 22; 29; 68
55,69,0.23028,0.7971,43; 55; 69; 7; 12; 13; 48; 18; 83; 80
6,20,0.2757,0.3,70; 6; 20; 83; 46; 76; 14; 53; 84; 37
17,67,0.25101,0.25373,70; 17; 67; 78; 85; 56; 49; 22; 51; 30
20,61,0.30361,0.32787,16; 20; 61; 26; 13; 41; 10; 33; 37; 72
52,65,0.24621,0.8,17; 52; 65; 28; 80; 62; 49; 46; 74; 60
55,67,0.23165,0.8209,24; 55; 67; 32; 8; 13; 6; 30; 58; 64
68,79,0.18686,0.86076,85; 68; 79; 44; 48; 44; 69; 17; 82; 5
27,55,0.3246,0.49091,54; 27; 55; 80; 35; 72; 68; 45; 77; 46
47,59,0.27607,0.79661,20; 47; 59; 76; 38; 6; 19; 57; 67; 22
19,67,0.27697,0.28358,54; 19; 67; 7; 57; 48; 55; 38; 85; 63
15,41,0.31205,0.36585,80; 15; 41; 6; 44; 76; 27; 15; 47; 13
64,74,0.21474,0.86486,77; 64; 74; 69; 29; 23; 23; 29; 77; 66
5,18,0.26511,0.27778,39; 5; 18; 10; 45; 49; 52; 67; 78; 82
48,85,0.21637,0.56471,80; 48; 85; 45; 5; 33; 14; 66; 37; 59
23,70,0.29104,0.32857,7; 23; 70; 56; 13; 29; 34; 76; 80; 84
37,75,0.26541,0.49333,17; 37; 75; 60; 65; 9; 19; 63; 10; 70
41,73,0.25238,0.56164,13; 41; 73; 69; 29; 21; 56; 73; 74; 17
29,52,0.32548,0.55769,52; 29; 52; 34; 68; 21; 61; 59; 14; 50
18,39,0.33627,0.46154,15; 18; 39; 61; 32; 77; 50; 16; 18; 73
16,53,0.28791,0.30189,16; 16; 53; 7; 10; 77; 42; 13; 20; 70
5,15,0.25858,0.33333,23; 5; 15; 45; 79; 40; 25; 47; 27; 70
23,77,0.27064,0.2987,32; 23; 77; 68; 24; 25; 56; 32; 60; 9
19,22,0.34348,0.86364,22; 19; 22; 15; 58; 81; 24; 51; 64; 84
19,55,0.31145,0.34545,20; 19; 55; 19; 43; 68; 46; 29; 54; 18
12,36,0.29733,0.33333,42; 12; 36; 67; 67; 16; 54; 12; 39; 84
55,69,0.2373,0.7971,80; 55; 69; 46; 44; 26; 77; 15; 28; 61
27,81,0.27164,0.33333,61; 27; 81; 17; 66; 25; 80; 71; 10; 80
16,46,0.3066,0.34783,30; 16; 46; 36; 37; 43; 51; 8; 53; 5
65,79,0.20356,0.82278,57; 65; 79; 63; 40; 78; 71; 21; 74; 31
38,78,0.25041,0.48718,42; 38; 78; 50; 33; 47; 50; 45; 39; 27
20,81,0.24731,0.24691,63; 20; 81; 64; 67; 35; 8; 61; 20; 61
24,80,0.26618,0.3,52; 24; 80; 60; 57; 47; 41; 56; 54; 41
40,81,0.25654,0.49383,76; 40; 81; 28; 30; 21; 74; 49; 85; 79
33,58,0.30337,0.56897,81; 33; 58; 25; 62; 61; 73; 28; 66; 28
16,57,0.27391,0.2807,40; 16; 57; 35; 59; 26; 22; 43; 32; 33
65,76,0.20772,0.85526,9; 65; 76; 65; 31; 69; 34; 63; 50; 58
17,34,0.33647,0.5,10; 17; 34; 40; 47; 7; 55; 10; 80; 53
15,51,0.282,0.29412,58; 15; 51; 43; 79; 77; 46; 17; 43; 64
17,49,0.30742,0.34694,62; 17; 49; 34; 70; 60; 67; 43; 84; 36
21,43,0.33675,0.48837,29; 21; 43; 32; 71; 57; 73; 70; 72; 60
23,77,0.27935,0.2987,19; 23; 77; 58; 37; 44; 55; 77; 38; 73
12,42,0.27398,0.28571,75; 12; 42; 40; 63; 77; 15; 35; 7; 36
20,40,0.33897,0.5,48; 20; 40; 53; 70; 7; 73; 23; 14; 74
22,68,0.29813,0.32353,52; 22; 68; 69; 80; 50; 13; 32; 26; 8
18,63,0.27847,0.28571,58; 18; 63; 42; 62; 52; 58; 34; 19; 32
67,84,0.19501,0.79762,15; 67; 84; 25; 7; 8; 6; 66; 79; 19
16,19,0.33573,0.84211,28; 16; 19; 72; 47; 51; 30; 38; 35; 42
49,61,0.26304,0.80328,7; 49; 61; 57; 6; 16; 61; 35; 42; 56
11,44,0.24627,0.25,68; 11; 44; 24; 23; 8; 80; 70; 49; 69
32,64,0.29838,0.5,24; 32; 64; 73; 79; 80; 37; 40; 81; 19
43,54,0.28615,0.7963,22; 43; 54; 22; 68; 36; 22; 7; 77; 13
14,17,0.32791,0.82353,71; 14; 17; 14; 51; 60; 58; 83; 43; 23
24,81,0.27203,0.2963,45; 24; 81; 47; 61; 59; 22; 75; 19; 64
28,61,0.31466,0.45902,68; 28; 61; 49; 68; 17; 66; 39; 58; 63
19,41,0.3309,0.46341,37; 19; 41; 61; 57; 77; 28; 51; 54; 13
57,72,0.21635,0.79167,39; 57; 72; 6; 58; 45; 57; 84; 40; 70
12,48,0.24405,0.25,45; 12; 48; 13; 76; 75; 12; 27; 26; 44
12,36,0.2963,0.33333,23; 12; 36; 19; 18; 46; 69; 61; 30; 61
6,20,0.28373,0.3,9; 6; 20; 27; 53; 74; 46; 18; 56; 50
12,34,0.30424,0.35294,75; 12; 34; 55; 12; 83; 65; 30; 81; 59
14,46,0.28573,0.30435,63; 14; 46; 79; 7; 40; 54; 70; 39; 81
22,67,0.30013,0.32836,30; 22; 67; 76; 77; 85; 5; 78; 49; 82
19,58,0.30384,0.32759,80; 19; 58; 48; 60; 44; 78; 30; 48; 37
7,28,0.24515,0.25,61; 7; 28; 51; 72; 9; 48; 77; 64; 21
32,38,0.32745,0.84211,78; 32; 38; 36; 71; 61; 53; 47; 27; 50
26,46,0.33483,0.56522,36; 26; 46; 38; 57; 44; 9; 50; 34; 34
59,70,0.21158,0.84286,49; 59; 70; 85; 51; 6; 77; 52; 65; 46
17,56,0.28793,0.30357,65; 17; 56; 76; 66; 57; 53; 76; 69; 35
26,78,0.27494,0.33333,67; 26; 78; 75; 64; 76; 32; 16; 73; 82
19,66,0.27984,0.28788,37; 19; 66; 38; 34; 31; 37; 72; 52; 28
18,63,0.27873,0.28571,71; 18; 63; 12; 15; 22; 25; 10; 18; 44
23,62,0.31646,0.37097,52; 23; 62; 26; 21; 57; 59; 67; 68; 64
18,57,0.29706,0.31579,74; 18; 57; 59; 58; 40; 15; 78; 49; 10
6,13,0.2535,0.46154,60; 6; 13; 66; 17; 44; 11; 24; 17; 38
15,51,0.28278,0.29412,5; 15; 51; 31; 54; 58; 84; 72; 31; 27
21,70,0.27869,0.3,33; 21; 70; 52; 33; 39; 53; 48; 14; 19
37,43,0.3212,0.86047,45; 37; 43; 81; 28; 81; 59; 46; 83; 48
36,64,0.30308,0.5625,32; 36; 64; 42; 82; 17; 55; 51; 42; 51
22,77,0.27311,0.28571,9; 22; 77; 73; 63; 78; 50; 53; 44; 72
10,30,0.29683,0.33333,62; 10; 30; 44; 80; 8; 66; 23; 12; 40
19,24,0.34088,0.79167,65; 19; 24; 45; 11; 61; 22; 78; 82; 26
18,61,0.28546,0.29508,68; 18; 61; 77; 80; 54; 72; 7; 35; 84
34,69,0.29724,0.49275,53; 34; 69; 59; 30; 38; 76; 69; 51; 20
34,61,0.3012,0.55738,8; 34; 61; 54; 13; 70; 22; 19; 47; 45
11,14,0.30483,0.78571,22; 11; 14; 15; 44; 7; 61; 28; 52; 66
32,37,0.33733,0.86486,33; 32; 37; 78; 30; 52; 62; 58; 33; 28
66,82,0.19425,0.80488,62; 66; 82; 83; 51; 34; 72; 41; 17; 7
29,82,0.25941,0.35366,72; 29; 82; 27; 47; 16; 76; 56; 77; 36
16,19,0.33692,0.84211,83; 16; 19; 42; 71; 37; 71; 67; 72; 77
15,60,0.24471,0.25,11; 15; 60; 72; 20; 35; 41; 28; 65; 57
8,25,0.28629,0.32,34; 8; 25; 62; 37; 5; 80; 22; 38; 81
60,70,0.20938,0.85714,79; 60; 70; 45; 62; 20; 48; 6; 13; 13
6,13,0.25836,0.46154,6; 6; 13; 50; 33; 49; 38; 33; 56; 53
11,30,0.31072,0.36667,43; 11; 30; 22; 40; 33; 33; 53; 76; 41
44,78,0.21895,0.5641,11; 44; 78; 16; 26; 82; 79; 23; 69; 21
20,67,0.28677,0.29851,49; 20; 67; 62; 52; 67; 85; 9; 14; 38
21,69,0.28834,0.30435,11; 21; 69; 17; 81; 47; 29; 77; 72; 59
8,14,0.27738,0.57143,29; 8; 14; 75; 14; 8; 29; 66; 54; 58
16,66,0.24228,0.24242,56; 16; 66; 65; 40; 43; 71; 54; 77; 72
30,65,0.31209,0.46154,55; 30; 65; 55; 75; 77; 42; 60; 56; 19
17,37,0.33215,0.45946,15; 17; 37; 72; 37; 47; 15; 79; 70; 36
16,32,0.33297,0.5,78; 16; 32; 31; 65; 16; 71; 32; 76; 54
19,78,0.2467,0.24359,35; 19; 78; 61; 74; 51; 9; 83; 17; 16
30,82,0.26381,0.36585,66; 30; 82; 40; 69; 64; 72; 8; 65; 75
13,54,0.23679,0.24074,81; 13; 54; 27; 10; 69; 59; 55; 35; 56
10,36,0.26923,0.27778,70; 10; 36; 22; 7; 45; 71; 58; 15; 57
24,82,0.2647,0.29268,24; 24; 82; 66; 35; 85; 38; 84; 74; 33
22,62,0.31084,0.35484,76; 22; 62; 47; 60; 42; 53; 83; 28; 79
17,70,0.24309,0.24286,31; 17; 70; 28; 23; 12; 5; 70; 79; 23
5,9,0.18121,0.55556,53; 5; 9; 45; 38; 77; 79; 21; 41; 71
10,33,0.28874,0.30303,16; 10; 33; 57; 23; 63; 41; 56; 71; 28
13,26,0.32999,0.5,61; 13; 26; 75; 43; 36; 54; 25; 49; 55
18,64,0.27461,0.28125,49; 18; 64; 48; 25; 71; 43; 49; 16; 12
17,59,0.27857,0.28814,84; 17; 59; 13; 54; 27; 72; 36; 36; 49
36,64,0.2948,0.5625,53; 36; 64; 24; 28; 42; 26; 76; 44; 39
22,62,0.30884,0.35484,76; 22; 62; 58; 27; 30; 43; 5; 26; 14
21,75,0.27443,0.28,45; 21; 75; 37; 8; 25; 49; 41; 40; 14
32,64,0.30127,0.5,51; 32; 64; 69; 42; 5; 6; 38; 63; 41
32,70,0.2855,0.45714,19; 32; 70; 17; 11; 80; 59; 14; 44; 42
30,38,0.33687,0.78947,62; 30; 38; 54; 19; 43; 6; 15; 82; 20
29,63,0.30542,0.46032,48; 29; 63; 38; 60; 61; 41; 43; 16; 14
29,59,0.31309,0.49153,12; 29; 59; 39; 68; 25; 26; 32; 49; 19
18,61,0.28381,0.29508,8; 18; 61; 82; 34; 40; 39; 14; 69; 18
38,77,0.25776,0.49351,20; 38; 77; 73; 53; 32; 7; 79; 58; 75
69,84,0.19722,0.82143,11; 69; 84; 37; 55; 36; 82; 11; 31; 65
26,71,0.29951,0.3662,77; 26; 71; 18; 22; 25; 53; 71; 48; 57
18,60,0.2833,0.3,72; 18; 60; 10; 39; 11; 13; 13; 38; 63
36,44,0.31376,0.81818,34; 36; 44; 65; 32; 12; 66; 13; 31; 9
18,57,0.29445,0.31579,81; 18; 57; 23; 8; 81; 42; 25; 45; 85
16,32,0.33259,0.5,69; 16; 32; 46; 42; 76; 45; 81; 47; 76
63,77,0.19668,0.81818,58; 63; 77; 8; 44; 17; 74; 81; 36; 64
20,41,0.33682,0.4878,69; 20; 41; 49; 33; 34; 13; 58; 50; 70
25,44,0.33706,0.56818,22; 25; 44; 18; 52; 18; 75; 20; 37; 84
20,81,0.24455,0.24691,19; 20; 81; 55; 8; 44; 22; 68; 27; 10
18,74,0.23791,0.24324,65; 18; 74; 84; 46; 52; 48; 51; 60; 13
68,85,0.18802,0.8,83; 68; 85; 42; 60; 30; 70; 46; 77; 76
66,84,0.19224,0.78571,19; 66; 84; 74; 49; 50; 54; 23; 52; 49
41,73,0.25283,0.56164,64; 41; 73; 77; 85; 82; 72; 45; 76; 76
16,43,0.31225,0.37209,51; 16; 43; 54; 27; 9; 24; 85; 67; 42
23,41,0.34408,0.56098,82; 23; 41; 9; 65; 26; 72; 6; 57; 66
38,68,0.27662,0.55882,51; 38; 68; 57; 74; 36; 12; 21; 17; 25
27,47,0.33494,0.57447,9; 27; 47; 30; 80; 29; 51; 61; 63; 9
61,74,0.21681,0.82432,72; 61; 74; 57; 63; 70; 82; 61; 33; 15
47,84,0.24692,0.55952,18; 47; 84; 49; 49; 19; 11; 18; 28; 32
8,28,0.27462,0.28571,43; 8; 28; 34; 22; 83; 42; 20; 74; 82
12,40,0.28574,0.3,38; 12; 40; 48; 82; 58; 12; 19; 60; 43
17,52,0.3028,0.32692,64; 17; 52; 65; 22; 11; 53; 62; 21; 62
8,33,0.24091,0.24242,66; 8; 33; 32; 29; 6; 24; 38; 9; 51
31,39,0.3393,0.79487,69; 31; 39; 9; 23; 70; 69; 69; 68; 59
37,80,0.26936,0.4625,53; 37; 80; 29; 42; 42; 20; 12; 13; 42
6,24,0.24392,0.25,53; 6; 24; 64; 47; 50; 38; 73; 35; 51
24,28,0.3486,0.85714,6; 24; 28; 69; 83; 82; 68; 70; 53; 22
54,64,0.23669,0.84375,27; 54; 64; 20; 38; 69; 71; 79; 65; 32
41,84,0.22723,0.4881,57; 41; 84; 35; 80; 36; 16; 52; 85; 73
10,34,0.27972,0.29412,67; 10; 34; 48; 83; 51; 51; 57; 14; 68
59,72,0.209,0.81944,29; 59; 72; 18; 20; 60; 19; 59; 9; 71
15,54,0.27228,0.27778,76; 15; 54; 7; 19; 34; 6; 54; 50; 9
8,23,0.29754,0.34783,75; 8; 23; 31; 27; 40; 20; 8; 72; 25
18,73,0.23966,0.24658,20; 18; 73; 53; 74; 41; 40; 35; 69; 43
22,80,0.26129,0.275,61; 22; 80; 81; 79; 39; 41; 82; 66; 79
21,85,0.25149,0.24706,81; 21; 85; 42; 28; 39; 76; 60; 6; 64
29,82,0.27419,0.35366,64; 29; 82; 43; 33; 54; 18; 21; 23; 30
27,34,0.33813,0.79412,8; 27; 34; 53; 39; 70; 18; 25; 22; 43
19,67,0.2751,0.28358,36; 19; 67; 50; 7; 64; 11; 79; 54; 19
31,84,0.26319,0.36905,49; 31; 84; 10; 41; 79; 30; 65; 41; 70
17,58,0.28417,0.2931,81; 17; 58; 66; 58; 43; 5; 14; 21; 20
45,81,0.21438,0.55556,49; 45; 81; 24; 59; 23; 26; 33; 39; 58
42,51,0.30041,0.82353,33; 42; 51; 68; 52; 18; 32; 32; 19; 14
27,78,0.28227,0.34615,84; 27; 78; 19; 23; 16; 18; 60; 79; 44
34,68,0.29229,0.5,54; 34; 68; 8; 30; 66; 9; 24; 52; 76
8,27,0.2794,0.2963,41; 8; 27; 52; 34; 43; 8; 77; 6; 8
43,76,0.24455,0.56579,85; 43; 76; 75; 64; 55; 85; 11; 60; 13
24,84,0.26177,0.28571,13; 24; 84; 36; 64; 10; 69; 26; 62; 12
32,65,0.31045,0.49231,78; 32; 65; 25; 83; 58; 67; 26; 56; 25
15,53,0.27592,0.28302,45; 15; 53; 10; 42; 72; 85; 66; 72; 54
38,76,0.26492,0.5,84; 38; 76; 64; 39; 64; 23; 12; 12; 60
26,56,0.31925,0.46429,60; 26; 56; 43; 61; 81; 33; 57; 58; 54
9,30,0.28133,0.3,67; 9; 30; 34; 7; 37; 68; 49; 83; 38
36,43,0.31315,0.83721,24; 36; 43; 62; 26; 44; 13; 82; 69; 78
10,18,0.30678,0.55556,66; 10; 18; 80; 31; 57; 30; 59; 23; 39
19,65,0.28283,0.29231,28; 19; 65; 56; 62; 16; 59; 67; 23; 26
16,20,0.33678,0.8,50; 16; 20; 65; 47; 45; 47; 80; 73; 39
19,59,0.29722,0.32203,14; 19; 59; 48; 20; 39; 70; 57; 8; 10
9,18,0.30445,0.5,53; 9; 18; 22; 72; 80; 6; 8; 53; 37
60,70,0.22997,0.85714,20; 60; 70; 61; 50; 30; 16; 15; 83; 69
23,29,0.34793,0.7931,18; 23; 29; 42; 70; 74; 18; 54; 11; 36
47,57,0.27988,0.82456,48; 47; 57; 80; 85; 73; 9; 45; 7; 62
26,52,0.33002,0.5,57; 26; 52; 57; 54; 38; 78; 67; 41; 20
37,44,0.31213,0.84091,20; 37; 44; 84; 29; 18; 26; 34; 56; 74
24,76,0.27424,0.31579,51; 24; 76; 15; 85; 49; 23; 21; 7; 57
45,79,0.226,0.56962,12; 45; 79; 83; 42; 73; 68; 76; 25; 43
56,65,0.23832,0.86154,43; 56; 65; 49; 34; 56; 27; 12; 66; 41
23,81,0.26753,0.28395,38; 23; 81; 66; 43; 5; 8; 24; 67; 62
28,57,0.30391,0.49123,27; 28; 57; 52; 10; 32; 60; 28; 58; 75
65,81,0.20864,0.80247,29; 65; 81; 58; 38; 85; 41; 9; 17; 77
19,54,0.31214,0.35185,38; 19; 54; 18; 14; 38; 37; 44; 9; 71
22,60,0.31746,0.36667,62; 22; 60; 29; 16; 11; 54; 22; 63; 84
21,60,0.31561,0.35,43; 21; 60; 75; 5; 77; 39; 47; 73; 65
34,61,0.29897,0.55738,61; 34; 61; 13; 18; 66; 15; 7; 7; 59
11,39,0.27012,0.28205,7; 11; 39; 38; 7; 18; 11; 23; 72; 38
22,45,0.339,0.48889,79; 22; 45; 55; 39; 43; 82; 55; 25; 10
22,45,0.33693,0.48889,35; 22; 45; 63; 80; 64; 32; 39; 60; 53
17,61,0.27406,0.27869,34; 17; 61; 18; 6; 48; 16; 77; 8; 40
24,79,0.27024,0.3038,77; 24; 79; 9; 56; 62; 27; 62; 40; 41
7,21,0.2938,0.33333,23; 7; 21; 35; 15; 8; 64; 75; 33; 55
39,80,0.24612,0.4875,47; 39; 80; 28; 47; 26; 25; 50; 30; 32
17,69,0.24591,0.24638,19; 17; 69; 77; 12; 41; 21; 83; 50; 31
20,68,0.28402,0.29412,71; 20; 68; 41; 85; 63; 60; 55; 47; 14
22,63,0.30909,0.34921,36; 22; 63; 20; 52; 5; 84; 48; 73; 45
66,84,0.20477,0.78571,50; 66; 84; 16; 19; 23; 50; 12; 79; 19
16,56,0.27842,0.28571,48; 16; 56; 52; 22; 75; 40; 50; 23; 84
20,82,0.24533,0.2439,56; 20; 82; 57; 9; 38; 68; 47; 58; 61
9,37,0.23959,0.24324,48; 9; 37; 45; 52; 63; 65; 44; 70; 24
48,60,0.27194,0.8,41; 48; 60; 80; 30; 52; 57; 73; 17; 8
18,52,0.30854,0.34615,45; 18; 52; 31; 23; 17; 81; 5; 51; 78
20,68,0.28485,0.29412,9; 20; 68; 79; 51; 12; 50; 15; 51; 29
59,75,0.20241,0.78667,75; 59; 75; 19; 63; 20; 80; 56; 31; 76
20,40,0.3389,0.5,36; 20; 40; 16; 10; 32; 54; 30; 19; 56
64,80,0.18903,0.8,27; 64; 80; 23; 64; 28; 85; 83; 8; 60
42,85,0.24708,0.49412,84; 42; 85; 64; 54; 35; 15; 73; 33; 75
24,76,0.28363,0.31579,75; 24; 76; 12; 24; 31; 11; 27; 71; 85
30,53,0.32072,0.56604,18; 30; 53; 78; 24; 54; 14; 68; 34; 16
48,57,0.27313,0.84211,37; 48; 57; 80; 85; 64; 65; 18; 19; 9
19,52,0.31472,0.36538,35; 19; 52; 61; 14; 55; 12; 13; 45; 47
8,14,0.27456,0.57143,38; 8; 14; 61; 18; 42; 68; 57; 81; 83
20,68,0.28582,0.29412,80; 20; 68; 6; 48; 40; 24; 69; 57; 57
37,45,0.32066,0.82222,44; 37; 45; 81; 76; 76; 76; 64; 38; 19
25,68,0.30061,0.36765,77; 25; 68; 56; 74; 9; 37; 10; 5; 38
54,68,0.24166,0.79412,8; 54; 68; 33; 5; 77; 84; 79; 46; 69
12,51,0.23713,0.23529,79; 12; 51; 27; 10; 72; 46; 30; 28; 84
22,79,0.27253,0.27848,13; 22; 79; 83; 10; 60; 17; 23; 22; 35
29,84,0.27027,0.34524,79; 29; 84; 7; 31; 40; 36; 18; 72; 44
46,58,0.27695,0.7931,81; 46; 58; 33; 27; 30; 85; 15; 55; 52
30,35,0.34137,0.85714,28; 30; 35; 60; 31; 79; 20; 64; 78; 15
16,35,0.32774,0.45714,73; 16; 35; 40; 9; 40; 6; 37; 36; 64
22,45,0.33516,0.48889,84; 22; 45; 42; 32; 30; 62; 24; 84; 64
9,32,0.27154,0.28125,24; 9; 32; 69; 76; 20; 21; 11; 12; 68
9,28,0.29268,0.32143,22; 9; 28; 19; 77; 29; 60; 29; 69; 8
7,14,0.27371,0.5,28; 7; 14; 61; 19; 39; 49; 49; 15; 71
30,82,0.28282,0.36585,83; 30; 82; 7; 13; 82; 85; 74; 52; 47
21,74,0.27551,0.28378,6; 21; 74; 60; 57; 29; 34; 9; 5; 82
21,83,0.25329,0.25301,34; 21; 83; 30; 85; 12; 43; 42; 26; 77
53,66,0.23095,0.80303,33; 53; 66; 51; 29; 7; 70; 70; 29; 71
36,73,0.26289,0.49315,19; 36; 73; 57; 78; 47; 39; 42; 59; 17
14,46,0.29232,0.30435,73; 14; 46; 35; 43; 14; 47; 75; 9; 73
26,74,0.28171,0.35135,64; 26; 74; 7; 41; 52; 50; 74; 10; 81
72,84,0.19285,0.85714,44; 72; 84; 62; 40; 51; 63; 17; 61; 70
19,39,0.3374,0.48718,38; 19; 39; 47; 6; 46; 19; 81; 74; 58
27,78,0.28193,0.34615,7; 27; 78; 51; 51; 36; 67; 80; 12; 68
38,83,0.24853,0.45783,32; 38; 83; 40; 47; 16; 22; 14; 58; 18
30,38,0.34017,0.78947,11; 30; 38; 31; 30; 51; 85; 55; 64; 75
22,44,0.33874,0.5,33; 22; 44; 15; 40; 68; 80; 61; 17; 21
56,65,0.24262,0.86154,52; 56; 65; 7; 84; 8; 43; 14; 52; 84
64,76,0.21668,0.84211,64; 64; 76; 12; 35; 15; 67; 23; 31; 68
46,82,0.23375,0.56098,82; 46; 82; 10; 47; 8; 49; 82; 42; 57
31,83,0.26218,0.37349,24; 31; 83; 57; 24; 82; 35; 57; 51; 31
38,77,0.26199,0.49351,18; 38; 77; 18; 64; 5; 18; 53; 76; 41
34,61,0.30504,0.55738,11; 34; 61; 48; 69; 82; 82; 32; 45; 53
18,54,0.30032,0.33333,37; 18; 54; 7; 58; 61; 41; 71; 13; 80
21,71,0.28273,0.29577,78; 21; 71; 78; 25; 15; 20; 58; 35; 77
53,67,0.2445,0.79104,69; 53; 67; 10; 7; 57; 19; 41; 69; 72
10,18,0.3142,0.55556,48; 10; 18; 80; 62; 35; 36; 6; 43; 36
8,27,0.28034,0.2963,18; 8; 27; 20; 30; 15; 45; 19; 25; 18
16,68,0.23264,0.23529,40; 16; 68; 59; 68; 66; 31; 39; 77; 41
20,41,0.33803,0.4878,81; 20; 41; 59; 44; 68; 57; 79; 55; 36
17,30,0.33743,0.56667,45; 17; 30; 85; 56; 49; 66; 35; 22; 55
21,83,0.24903,0.25301,22; 21; 83; 65; 58; 53; 50; 49; 70; 61
14,25,0.33859,0.56,9; 14; 25; 32; 48; 33; 73; 53; 11; 83
21,70,0.2851,0.3,70; 21; 70; 14; 35; 38; 76; 84; 55; 36
6,24,0.24398,0.25,31; 6; 24; 38; 12; 10; 69; 25; 82; 42
57,66,0.24205,0.86364,26; 57; 66; 39; 73; 73; 54; 79; 49; 83
17,71,0.23893,0.23944,14; 17; 71; 58; 47; 73; 57; 15; 73; 80
53,65,0.20571,0.81538,69; 53; 65; 12; 12; 34; 82; 7; 36; 40
16,48,0.30488,0.33333,85; 16; 48; 62; 71; 74; 41; 79; 75; 78
10,40,0.24745,0.25,52; 10; 40; 75; 18; 35; 22; 68; 47; 59
68,79,0.20497,0.86076,16; 68; 79; 22; 44; 30; 41; 30; 50; 70
11,44,0.24679,0.25,78; 11; 44; 42; 52; 84; 61; 50; 12; 22
24,79,0.27678,0.3038,47; 24; 79; 61; 65; 25; 43; 74; 72; 11
17,57,0.28887,0.29825,16; 17; 57; 42; 46; 30; 19; 71; 29; 31
27,34,0.33672,0.79412,17; 27; 34; 17; 73; 37; 36; 35; 27; 28
6,12,0.22565,0.5,14; 6; 12; 10; 44; 12; 78; 69; 45; 83
14,55,0.25161,0.25455,42; 14; 55; 85; 80; 67; 62; 59; 14; 15
5,17,0.24725,0.29412,74; 5; 17; 84; 25; 60; 61; 39; 34; 16
32,64,0.30198,0.5,5; 32; 64; 16; 31; 65; 75; 21; 60; 7
26,57,0.32134,0.45614,59; 26; 57; 34; 6; 83; 18; 12; 39; 69
21,70,0.28641,0.3,40; 21; 70; 42; 14; 5; 66; 74; 43; 27
45,79,0.22488,0.56962,25; 45; 79; 39; 13; 40; 80; 7; 6; 78
22,28,0.3484,0.78571,10; 22; 28; 20; 22; 74; 44; 8; 75; 11
19,80,0.23597,0.2375,31; 19; 80; 26; 29; 47; 78; 42; 29; 19
16,56,0.27913,0.28571,38; 16; 56; 30; 21; 55; 30; 7; 72; 42
31,62,0.31299,0.5,52; 31; 62; 27; 22; 9; 60; 47; 14; 66
46,81,0.22433,0.5679,67; 46; 81; 7; 83; 35; 79; 69; 77; 31
18,52,0.30924,0.34615,82; 18; 52; 23; 44; 11; 65; 11; 64; 5
5,10,0.19784,0.5,75; 5; 10; 57; 26; 68; 63; 84; 46; 48
20,71,0.27262,0.28169,51; 20; 71; 59; 30; 24; 49; 46; 21; 14
68,83,0.20553,0.81928,14; 68; 83; 20; 65; 32; 16; 74; 61; 48
36,43,0.3248,0.83721,20; 36; 43; 13; 21; 80; 70; 84; 62; 63
17,37,0.3336,0.45946,15; 17; 37; 16; 75; 42; 36; 55; 5; 34
6,24,0.24571,0.25,65; 6; 24; 12; 54; 65; 41; 70; 74; 16
37,74,0.26543,0.5,77; 37; 74; 7; 51; 39; 81; 39; 40; 13
10,31,0.29351,0.32258,28; 10; 31; 35; 29; 12; 70; 54; 79; 13
20,41,0.3359,0.4878,63; 20; 41; 6; 14; 28; 79; 23; 32; 6
39,84,0.2614,0.46429,67; 39; 84; 51; 73; 40; 6; 70; 24; 14
23,62,0.31694,0.37097,40; 23; 62; 71; 48; 18; 69; 19; 76; 73
41,84,0.24714,0.4881,81; 41; 84; 49; 22; 52; 79; 78; 38; 15
24,81,0.26987,0.2963,31; 24; 81; 29; 82; 55; 72; 38; 62; 30
23,78,0.2739,0.29487,36; 23; 78; 50; 40; 44; 23; 44; 34; 43
55,67,0.24968,0.8209,71; 55; 67; 45; 50; 14; 6; 43; 7; 56
7,28,0.24478,0.25,11; 7; 28; 52; 39; 21; 66; 36; 82; 34
37,65,0.28573,0.56923,73; 37; 65; 43; 69; 14; 77; 10; 70; 55
23,46,0.33661,0.5,46; 23; 46; 8; 81; 17; 11; 84; 12; 69
20,40,0.3385,0.5,9; 20; 40; 67; 32; 75; 25; 78; 20; 13
16,64,0.24912,0.25,40; 16; 64; 61; 16; 72; 40; 38; 63; 18
20,63,0.29928,0.31746,66; 20; 63; 45; 49; 36; 37; 17; 74; 61
5,20,0.24905,0.25,57; 5; 20; 17; 58; 59; 7; 70; 67; 82
64,81,0.21176,0.79012,23; 64; 81; 68; 24; 36; 42; 49; 57; 31
13,54,0.23608,0.24074,27; 13; 54; 5; 67; 63; 14; 45; 15; 45
56,68,0.23627,0.82353,31; 56; 68; 53; 31; 20; 64; 6; 16; 63
39,70,0.28539,0.55714,26; 39; 70; 40; 29; 15; 32; 59; 80; 10
8,23,0.29401,0.34783,24; 8; 23; 15; 42; 67; 51; 69; 11; 44
19,24,0.34173,0.79167,9; 19; 24; 20; 47; 34; 75; 36; 46; 24
28,61,0.31513,0.45902,81; 28; 61; 20; 7; 76; 20; 36; 49; 76
40,70,0.27999,0.57143,48; 40; 70; 40; 57; 8; 15; 32; 74; 34
43,76,0.26556,0.56579,32; 43; 76; 21; 28; 73; 12; 65; 8; 35
20,61,0.30178,0.32787,70; 20; 61; 23; 23; 6; 52; 14; 69; 70
22,62,0.31384,0.35484,18; 22; 62; 67; 7; 40; 32; 8; 46; 27
39,68,0.28387,0.57353,28; 39; 68; 63; 7; 40; 76; 20; 42; 8
19,34,0.34061,0.55882,7; 19; 34; 9; 70; 20; 9; 46; 68; 36
55,70,0.24515,0.78571,65; 55; 70; 22; 55; 83; 12; 69; 58; 61
17,48,0.31363,0.35417,24; 17; 48; 27; 59; 61; 24; 85; 30; 6
8,28,0.2719,0.28571,14; 8; 28; 20; 6; 40; 17; 81; 35; 43
28,76,0.27461,0.36842,57; 28; 76; 51; 81; 79; 85; 70; 28; 49
50,58,0.27163,0.86207,69; 50; 58; 23; 9; 20; 51; 15; 6; 24
24,76,0.2812,0.31579,9; 24; 76; 5; 46; 75; 50; 15; 71; 24
35,71,0.28838,0.49296,85; 35; 71; 19; 7; 29; 67; 39; 30; 38
16,67,0.23454,0.23881,5; 16; 67; 47; 49; 47; 38; 16; 24; 6
34,69,0.29096,0.49275,10; 34; 69; 42; 22; 51; 33; 69; 53; 34
25,51,0.33079,0.4902,21; 25; 51; 16; 21; 53; 59; 73; 17; 85
57,71,0.23015,0.80282,71; 57; 71; 16; 82; 18; 84; 67; 66; 74
25,67,0.29991,0.37313,67; 25; 67; 19; 33; 6; 16; 81; 54; 23
20,68,0.28042,0.29412,62; 20; 68; 62; 20; 15; 24; 65; 20; 85
30,53,0.32562,0.56604,60; 30; 53; 11; 32; 50; 49; 57; 57; 20
18,60,0.28816,0.3,27; 18; 60; 20; 39; 33; 7; 83; 67; 47
15,59,0.248,0.25424,40; 15; 59; 25; 24; 84; 76; 36; 53; 30
33,41,0.31992,0.80488,36; 33; 41; 69; 72; 51; 75; 79; 46; 7
25,54,0.32503,0.46296,71; 25; 54; 37; 49; 36; 57; 68; 83; 17
20,57,0.3122,0.35088,5; 20; 57; 66; 47; 36; 41; 35; 74; 69
19,57,0.30335,0.33333,5; 19; 57; 74; 25; 12; 41; 36; 17; 25
16,66,0.24051,0.24242,69; 16; 66; 33; 63; 56; 65; 56; 65; 70
31,83,0.26963,0.37349,58; 31; 83; 33; 26; 16; 38; 64; 77; 61
12,51,0.23302,0.23529,80; 12; 51; 25; 66; 32; 62; 72; 75; 45
12,14,0.31264,0.85714,53; 12; 14; 85; 68; 55; 8; 76; 77; 64
9,16,0.30071,0.5625,78; 9; 16; 75; 14; 39; 51; 10; 80; 54
26,74,0.29371,0.35135,47; 26; 74; 46; 59; 40; 75; 80; 29; 58
70,85,0.195,0.82353,85; 70; 85; 12; 51; 39; 66; 17; 55; 54
45,55,0.28675,0.81818,16; 45; 55; 65; 67; 72; 52; 71; 17; 57
33,41,0.32733,0.80488,51; 33; 41; 80; 56; 84; 20; 27; 78; 31
32,57,0.31082,0.5614,45; 32; 57; 34; 60; 53; 55; 45; 70; 17
19,63,0.29075,0.30159,21; 19; 63; 8; 51; 42; 46; 21; 63; 44
50,61,0.23993,0.81967,30; 50; 61; 19; 16; 51; 81; 18; 21; 31
12,50,0.23432,0.24,7; 12; 50; 67; 74; 59; 50; 56; 19; 80
19,76,0.24498,0.25,65; 19; 76; 18; 42; 47; 53; 67; 20; 6
12,48,0.2462,0.25,7; 12; 48; 49; 12; 19; 34; 5; 82; 71
26,82,0.25666,0.31707,63; 26; 82; 73; 59; 12; 82; 38; 25; 84
24,49,0.33157,0.4898,11; 24; 49; 83; 23; 79; 27; 65; 18; 15
17,49,0.30464,0.34694,74; 17; 49; 22; 21; 73; 34; 66; 59; 75
13,52,0.24643,0.25,34; 13; 52; 9; 64; 56; 5; 34; 26; 5
9,36,0.24207,0.25,15; 9; 36; 56; 80; 85; 19; 31; 30; 63
10,33,0.28069,0.30303,20; 10; 33; 70; 72; 53; 43; 30; 82; 64
29,79,0.27047,0.36709,53; 29; 79; 79; 22; 67; 9; 78; 14; 21
27,73,0.29572,0.36986,15; 27; 73; 63; 84; 51; 54; 13; 6; 16
8,27,0.28139,0.2963,25; 8; 27; 34; 6; 40; 70; 22; 23; 25
41,82,0.2056,0.5,44; 41; 82; 9; 13; 11; 23; 29; 24; 81
13,54,0.23723,0.24074,20; 13; 54; 62; 22; 57; 29; 23; 5; 84
29,52,0.32837,0.55769,60; 29; 52; 59; 16; 56; 75; 43; 83; 82
29,51,0.32418,0.56863,22; 29; 51; 18; 60; 17; 43; 28; 45; 13
7,21,0.29024,0.33333,20; 7; 21; 83; 62; 30; 61; 75; 63; 68
23,63,0.30875,0.36508,81; 23; 63; 82; 53; 84; 35; 20; 63; 56
17,49,0.30762,0.34694,24; 17; 49; 76; 82; 73; 10; 85; 13; 18
25,45,0.33065,0.55556,77; 25; 45; 54; 61; 71; 13; 84; 81; 74
20,83,0.24169,0.24096,40; 20; 83; 38; 83; 66; 78; 65; 70; 40
67,84,0.18699,0.79762,82; 67; 84; 50; 34; 33; 21; 58; 55; 79
23,82,0.26706,0.28049,66; 23; 82; 47; 49; 44; 46; 84; 77; 36
24,30,0.34359,0.8,43; 24; 30; 15; 8; 19; 34; 58; 24; 21
13,54,0.23545,0.24074,71; 13; 54; 53; 30; 84; 22; 21; 38; 50
13,37,0.30783,0.35135,7; 13; 37; 79; 59; 9; 23; 78; 43; 10
27,33,0.34093,0.81818,47; 27; 33; 5; 28; 22; 56; 72; 60; 54
28,76,0.28174,0.36842,29; 28; 76; 40; 42; 6; 19; 47; 71; 60
16,55,0.28338,0.29091,71; 16; 55; 24; 83; 54; 69; 33; 32; 67
38,68,0.27054,0.55882,61; 38; 68; 29; 43; 32; 57; 44; 6; 51
34,70,0.29261,0.48571,76; 34; 70; 36; 74; 24; 45; 62; 10; 45
21,25,0.34596,0.84,73; 21; 25; 19; 76; 28; 13; 34; 30; 38
11,31,0.30561,0.35484,75; 11; 31; 69; 58; 41; 74; 44; 7; 19
38,44,0.31934,0.86364,29; 38; 44; 81; 23; 61; 51; 58; 63; 32
14,25,0.33327,0.56,34; 14; 25; 16; 74; 71; 37; 47; 66; 50
20,54,0.31712,0.37037,46; 20; 54; 82; 9; 30; 28; 22; 47; 56
8,32,0.25022,0.25,25; 8; 32; 31; 63; 35; 59; 61; 54; 83
19,54,0.31058,0.35185,73; 19; 54; 43; 83; 33; 49; 47; 15; 61
22,68,0.29764,0.32353,13; 22; 68; 13; 11; 13; 67; 47; 61; 26
27,81,0.2785,0.33333,28; 27; 81; 48; 81; 40; 72; 66; 57; 39
9,31,0.27452,0.29032,68; 9; 31; 5; 82; 85; 58; 20; 19; 16
18,56,0.29861,0.32143,60; 18; 56; 48; 42; 19; 65; 68; 12; 17
69,80,0.18759,0.8625,11; 69; 80; 10; 42; 29; 62; 28; 76; 66
36,74,0.28723,0.48649,14; 36; 74; 20; 83; 25; 8; 63; 57; 44
26,79,0.26913,0.32911,30; 26; 79; 80; 83; 65; 52; 48; 31; 12
19,55,0.30739,0.34545,24; 19; 55; 64; 60; 44; 48; 46; 21; 64
44,77,0.24414,0.57143,67; 44; 77; 40; 57; 19; 29; 16; 17; 72
24,79,0.27554,0.3038,49; 24; 79; 29; 19; 57; 42; 12; 17; 64
19,64,0.28413,0.29688,42; 19; 64; 50; 50; 81; 53; 56; 57; 54
5,18,0.25361,0.27778,67; 5; 18; 56; 35; 29; 73; 18; 33; 58
49,62,0.26453,0.79032,67; 49; 62; 29; 77; 39; 32; 25; 22; 50
10,30,0.30104,0.33333,43; 10; 30; 27; 79; 13; 14; 34; 9; 11
12,42,0.27808,0.28571,54; 12; 42; 53; 77; 20; 67; 7; 16; 39
29,59,0.31829,0.49153,77; 29; 59; 46; 66; 41; 45; 17; 64; 6
13,46,0.27359,0.28261,59; 13; 46; 77; 62; 25; 50; 32; 33; 74
64,80,0.20654,0.8,80; 64; 80; 25; 31; 28; 62; 70; 27; 59
65,79,0.2027,0.82278,54; 65; 79; 39; 58; 32; 70; 74; 60; 49
18,57,0.2982,0.31579,77; 18; 57; 9; 38; 26; 5; 22; 22; 80
36,43,0.32904,0.83721,25; 36; 43; 77; 22; 6; 59; 83; 31; 17
32,70,0.30129,0.45714,47; 32; 70; 46; 53; 29; 54; 42; 54; 62
16,50,0.29698,0.32,11; 16; 50; 32; 74; 47; 35; 33; 72; 33
44,78,0.24129,0.5641,59; 44; 78; 18; 42; 77; 74; 14; 78; 48
38,77,0.2455,0.49351,27; 38; 77; 46; 83; 70; 26; 32; 80; 46
14,42,0.30603,0.33333,78; 14; 42; 27; 10; 33; 25; 85; 19; 53
32,64,0.29932,0.5,77; 32; 64; 11; 37; 79; 35; 47; 39; 36
65,82,0.20078,0.79268,54; 65; 82; 85; 27; 58; 31; 81; 52; 59
19,24,0.33592,0.79167,71; 19; 24; 44; 71; 37; 11; 73; 60; 19
15,63,0.23551,0.2381,50; 15; 63; 70; 84; 74; 8; 43; 78; 17
22,60,0.31327,0.36667,11; 22; 60; 11; 11; 48; 68; 78; 38; 60
33,58,0.30922,0.56897,28; 33; 58; 20; 37; 62; 57; 79; 21; 76
39,78,0.27771,0.5,16; 39; 78; 40; 74; 28; 47; 10; 34; 19
27,84,0.26315,0.32143,63; 27; 84; 41; 10; 75; 5; 15; 85; 39
10,41,0.24322,0.2439,54; 10; 41; 53; 14; 41; 83; 50; 7; 58
29,59,0.31384,0.49153,36; 29; 59; 40; 81; 34; 55; 74; 45; 85
9,37,0.23653,0.24324,63; 9; 37; 64; 23; 39; 23; 37; 56; 65
34,69,0.29517,0.49275,12; 34; 69; 9; 9; 52; 45; 53; 32; 76
17,53,0.2964,0.32075,16; 17; 53; 45; 65; 28; 15; 58; 54; 54
69,82,0.19012,0.84146,38; 69; 82; 59; 44; 12; 79; 65; 23; 37
24,52,0.32116,0.46154,64; 24; 52; 7; 46; 81; 68; 74; 47; 7
55,70,0.23797,0.78571,59; 55; 70; 35; 48; 46; 75; 32; 14; 84
19,60,0.29304,0.31667,63; 19; 60; 39; 84; 39; 42; 75; 26; 50
47,82,0.23915,0.57317,34; 47; 82; 15; 71; 58; 81; 8; 59; 59
11,24,0.31684,0.45833,83; 11; 24; 59; 35; 35; 62; 8; 12; 17
15,19,0.33024,0.78947,66; 15; 19; 51; 62; 41; 40; 47; 67; 29
18,55,0.30113,0.32727,49; 18; 55; 13; 32; 44; 45; 18; 63; 47
14,17,0.32702,0.82353,42; 14; 17; 30; 17; 16; 78; 59; 35; 11
13,55,0.23009,0.23636,54; 13; 55; 76; 65; 25; 34; 43; 29; 37
32,37,0.3397,0.86486,74; 32; 37; 22; 67; 48; 23; 63; 7; 25
42,84,0.22353,0.5,52; 42; 84; 10; 8; 13; 11; 47; 11; 79
17,51,0.30227,0.33333,61; 17; 51; 42; 26; 61; 43; 62; 55; 68
23,62,0.31474,0.37097,7; 23; 62; 80; 27; 13; 61; 46; 5; 37
11,33,0.29406,0.33333,29; 11; 33; 48; 56; 81; 56; 52; 58; 39
63,75,0.20844,0.84,7; 63; 75; 13; 33; 8; 23; 68; 55; 50
28,85,0.27323,0.32941,5; 28; 85; 49; 5; 67; 51; 78; 82; 47
7,23,0.28456,0.30435,32; 7; 23; 61; 41; 38; 36; 36; 77; 8
16,54,0.28591,0.2963,35; 16; 54; 72; 5; 18; 71; 38; 16; 27
20,25,0.34475,0.8,27; 20; 25; 8; 81; 59; 40; 85; 5; 25
13,43,0.28578,0.30233,72; 13; 43; 39; 39; 26; 32; 31; 17; 47
60,70,0.22138,0.85714,42; 60; 70; 67; 77; 59; 80; 76; 15; 78
16,54,0.28684,0.2963,56; 16; 54; 60; 80; 54; 58; 48; 10; 82
12,26,0.32003,0.46154,20; 12; 26; 27; 66; 54; 78; 13; 44; 10
23,71,0.29129,0.32394,31; 23; 71; 64; 62; 22; 67; 64; 9; 47
15,50,0.28949,0.3,70; 15; 50; 7; 85; 26; 49; 69; 58; 39
26,75,0.29066,0.34667,42; 26; 75; 12; 17; 77; 30; 10; 40; 52
23,40,0.34218,0.575,65; 23; 40; 40; 32; 64; 40; 65; 77; 32
8,32,0.24635,0.25,72; 8; 32; 20; 25; 40; 59; 68; 5; 77
35,71,0.2835,0.49296,31; 35; 71; 80; 12; 8; 20; 51; 27; 60
42,85,0.24876,0.49412,61; 42; 85; 70; 69; 51; 56; 7; 41; 18
27,33,0.34396,0.81818,55; 27; 33; 72; 55; 83; 54; 66; 77; 14
12,38,0.2943,0.31579,43; 12; 38; 82; 61; 20; 83; 84; 70; 75
24,74,0.28778,0.32432,61; 24; 74; 68; 78; 10; 61; 47; 85; 20
37,66,0.28264,0.56061,35; 37; 66; 21; 20; 27; 65; 43; 48; 81
24,76,0.26712,0.31579,77; 24; 76; 38; 29; 46; 68; 41; 85; 55
18,60,0.28736,0.3,32; 18; 60; 23; 83; 14; 74; 29; 34; 28
16,65,0.2464,0.24615,78; 16; 65; 79; 67; 34; 72; 10; 29; 47
26,46,0.34025,0.56522,41; 26; 46; 17; 38; 14; 85; 62; 68; 59
17,52,0.29976,0.32692,68; 17; 52; 46; 69; 24; 8; 23; 40; 82
37,65,0.27453,0.56923,60; 37; 65; 15; 27; 27; 52; 33; 7; 82
71,83,0.19528,0.85542,74; 71; 83; 53; 55; 23; 82; 22; 42; 59
18,63,0.27554,0.28571,59; 18; 63; 59; 30; 5; 31; 9; 35; 32
14,25,0.33303,0.56,15; 14; 25; 24; 19; 55; 30; 72; 38; 31
42,75,0.25377,0.56,79; 42; 75; 21; 33; 62; 57; 27; 51; 51
23,79,0.27567,0.29114,82; 23; 79; 29; 35; 34; 76; 70; 18; 24
19,34,0.33742,0.55882,10; 19; 34; 64; 29; 84; 23; 55; 18; 37
42,50,0.29324,0.84,14; 42; 50; 21; 73; 42; 71; 47; 49; 55
13,41,0.29455,0.31707,49; 13; 41; 25; 39; 73; 26; 17; 51; 38
22,69,0.29569,0.31884,20; 22; 69; 43; 82; 5; 37; 11; 11; 16
19,66,0.28446,0.28788,51; 19; 66; 14; 71; 47; 11; 82; 72; 37
17,60,0.27816,0.28333,77; 17; 60; 49; 23; 26; 24; 53; 55; 41
16,63,0.25366,0.25397,76; 16; 63; 8; 14; 32; 85; 41; 85; 5
32,69,0.3018,0.46377,60; 32; 69; 11; 70; 74; 82; 76; 60; 17
69,84,0.19715,0.82143,64; 69; 84; 47; 29; 26; 47; 26; 27; 13
8,27,0.28078,0.2963,22; 8; 27; 65; 21; 75; 70; 60; 8; 33
17,52,0.29878,0.32692,55; 17; 52; 20; 35; 13; 25; 78; 12; 27
21,84,0.25276,0.25,63; 21; 84; 68; 19; 31; 47; 8; 57; 32
14,50,0.27535,0.28,39; 14; 50; 57; 47; 28; 18; 64; 38; 34
21,57,0.31312,0.36842,66; 21; 57; 51; 67; 13; 63; 15; 26; 37
24,76,0.27754,0.31579,8; 24; 76; 22; 8; 54; 17; 46; 50; 55
36,44,0.32568,0.81818,43; 36; 44; 13; 67; 76; 63; 55; 18; 14
17,69,0.2448,0.24638,61; 17; 69; 67; 27; 70; 41; 48; 70; 42
17,30,0.33725,0.56667,53; 17; 30; 57; 51; 23; 26; 38; 6; 75
37,65,0.29257,0.56923,45; 37; 65; 65; 66; 75; 35; 6; 79; 59
20,57,0.30862,0.35088,9; 20; 57; 85; 11; 38; 22; 19; 23; 34
23,80,0.26909,0.2875,51; 23; 80; 61; 61; 6; 9; 58; 19; 39
27,85,0.27058,0.31765,58; 27; 85; 58; 58; 32; 26; 24; 16; 71
13,47,0.27209,0.2766,54; 13; 47; 54; 22; 66; 16; 67; 70; 69
23,41,0.34274,0.56098,27; 23; 41; 24; 82; 60; 16; 29; 20; 9
61,71,0.22237,0.85915,62; 61; 71; 27; 76; 75; 27; 85; 61; 43
31,63,0.30684,0.49206,24; 31; 63; 36; 29; 19; 9; 30; 71; 68
36,73,0.28137,0.49315,52; 36; 73; 50; 38; 31; 83; 46; 45; 21
37,75,0.26584,0.49333,25; 37; 75; 63; 79; 82; 23; 80; 33; 80
16,55,0.2813,0.29091,30; 16; 55; 22; 62; 32; 78; 26; 7; 40
14,42,0.30707,0.33333,49; 14; 42; 27; 77; 15; 60; 5; 34; 67
11,34,0.29246,0.32353,67; 11; 34; 7; 22; 25; 67; 61; 82; 62
23,80,0.27328,0.2875,76; 23; 80; 18; 10; 14; 80; 75; 66; 22
12,49,0.24048,0.2449,35; 12; 49; 62; 16; 72; 58; 49; 61; 62
16,35,0.33142,0.45714,27; 16; 35; 18; 43; 53; 67; 74; 76; 46
28,56,0.31132,0.5,51; 28; 56; 61; 60; 54; 61; 36; 23; 9
13,44,0.28101,0.29545,49; 13; 44; 67; 65; 74; 41; 84; 69; 72
65,79,0.20926,0.82278,30; 65; 79; 41; 57; 22; 55; 26; 13; 85
19,69,0.27148,0.27536,21; 19; 69; 52; 33; 56; 20; 7; 63; 70
51,59,0.25637,0.86441,23; 51; 59; 58; 76; 61; 6; 79; 23; 39
62,76,0.21633,0.81579,18; 62; 76; 62; 46; 77; 84; 48; 76; 40
14,28,0.33144,0.5,5; 14; 28; 24; 13; 57; 52; 50; 53; 33
31,68,0.29429,0.45588,70; 31; 68; 7; 15; 82; 38; 81; 31; 18
48,85,0.23422,0.56471,72; 48; 85; 72; 71; 44; 24; 9; 31; 26
5,18,0.25279,0.27778,40; 5; 18; 63; 13; 46; 11; 33; 81; 21
28,84,0.26487,0.33333,40; 28; 84; 49; 15; 39; 44; 16; 50; 11
7,25,0.27117,0.28,16; 7; 25; 38; 73; 72; 77; 37; 7; 22
11,33,0.29773,0.33333,53; 11; 33; 28; 38; 9; 40; 31; 82; 54
23,81,0.26974,0.28395,10; 23; 81; 25; 26; 84; 77; 17; 6; 5
64,76,0.1981,0.84211,36; 64; 76; 11; 16; 78; 5; 14; 28; 59
59,72,0.21948,0.81944,53; 59; 72; 38; 46; 59; 50; 49; 7; 36
23,50,0.33171,0.46,17; 23; 50; 30; 78; 52; 50; 9; 44; 36
13,26,0.32998,0.5,20; 13; 26; 75; 65; 36; 68; 30; 10; 68
17,57,0.28934,0.29825,27; 17; 57; 24; 73; 32; 7; 83; 21; 26
55,69,0.23363,0.7971,16; 55; 69; 18; 80; 71; 76; 77; 11; 25
13,44,0.28133,0.29545,12; 13; 44; 13; 49; 53; 46; 28; 52; 76
35,72,0.27482,0.48611,6; 35; 72; 68; 66; 52; 39; 52; 24; 79
10,18,0.31736,0.55556,37; 10; 18; 12; 39; 84; 24; 15; 58; 58
21,42,0.33781,0.5,13; 21; 42; 53; 57; 73; 71; 35; 76; 79
24,74,0.28666,0.32432,37; 24; 74; 35; 29; 61; 7; 19; 13; 5
23,63,0.30782,0.36508,12; 23; 63; 34; 17; 28; 83; 49; 69; 45
29,78,0.27457,0.37179,70; 29; 78; 61; 57; 9; 16; 13; 20; 7
33,42,0.32685,0.78571,76; 33; 42; 67; 12; 70; 43; 31; 53; 76
17,46,0.31508,0.36957,42; 17; 46; 21; 5; 53; 7; 56; 29; 8
31,37,0.33456,0.83784,78; 31; 37; 81; 11; 70; 48; 39; 54; 76
26,53,0.32689,0.49057,31; 26; 53; 6; 45; 24; 43; 71; 39; 34
45,79,0.23455,0.56962,66; 45; 79; 51; 51; 30; 33; 23; 84; 39
17,56,0.2877,0.30357,21; 17; 56; 31; 10; 27; 74; 54; 7; 47
17,59,0.28128,0.28814,30; 17; 59; 12; 48; 18; 16; 11; 48; 13
37,47,0.31852,0.78723,73; 37; 47; 26; 19; 37; 46; 47; 15; 78
17,35,0.3361,0.48571,49; 17; 35; 35; 68; 18; 23; 85; 58; 16
18,32,0.33832,0.5625,64; 18; 32; 16; 49; 30; 44; 8; 80; 79
36,42,0.3151,0.85714,11; 36; 42; 55; 84; 65; 18; 63; 67; 27
21,72,0.27799,0.29167,34; 21; 72; 6; 58; 30; 56; 74; 57; 16
52,66,0.22644,0.78788,34; 52; 66; 83; 11; 70; 81; 12; 18; 29
26,82,0.26074,0.31707,67; 26; 82; 84; 14; 41; 44; 12; 35; 48
20,71,0.27565,0.28169,71; 20; 71; 75; 76; 44; 11; 13; 46; 58
12,15,0.31244,0.8,68; 12; 15; 44; 78; 5; 81; 8; 26; 80
19,79,0.23695,0.24051,33; 19; 79; 32; 49; 34; 61; 65; 56; 47
25,71,0.29326,0.35211,11; 25; 71; 42; 40; 71; 42; 62; 45; 21
22,28,0.34771,0.78571,20; 22; 28; 85; 29; 28; 36; 64; 43; 58
35,70,0.28517,0.5,18; 35; 70; 9; 75; 79; 81; 83; 52; 18
36,42,0.32443,0.85714,32; 36; 42; 58; 50; 6; 21; 80; 40; 34
26,82,0.26818,0.31707,45; 26; 82; 5; 65; 70; 24; 71; 9; 61
23,82,0.26591,0.28049,58; 23; 82; 75; 21; 38; 56; 21; 80; 32
35,61,0.30441,0.57377,12; 35; 61; 9; 60; 7; 68; 30; 13; 60
11,46,0.23866,0.23913,12; 11; 46; 35; 56; 37; 78; 75; 70; 9
19,69,0.2701,0.27536,37; 19; 69; 66; 26; 79; 57; 7; 25; 44
22,69,0.29458,0.31884,12; 22; 69; 36; 28; 79; 5; 65; 11; 54
19,66,0.28429,0.28788,5; 19; 66; 34; 31; 27; 23; 59; 48; 48
64,76,0.1978,0.84211,8; 64; 76; 55; 37; 15; 74; 82; 60; 65
19,22,0.35127,0.86364,20; 19; 22; 44; 23; 15; 79; 30; 77; 19
57,68,0.2272,0.83824,45; 57; 68; 28; 80; 11; 48; 48; 70; 63
10,33,0.28615,0.30303,64; 10; 33; 82; 29; 32; 75; 45; 49; 83
26,78,0.28253,0.33333,40; 26; 78; 46; 72; 74; 58; 30; 18; 7
61,76,0.21131,0.80263,72; 61; 76; 16; 65; 5; 49; 47; 44; 37
9,32,0.27546,0.28125,78; 9; 32; 49; 69; 67; 35; 55; 79; 74
22,79,0.27113,0.27848,9; 22; 79; 54; 25; 19; 42; 64; 51; 51
22,74,0.28661,0.2973,11; 22; 74; 41; 15; 70; 37; 51; 13; 10
49,57,0.26776,0.85965,56; 49; 57; 58; 71; 10; 42; 83; 53; 23
59,75,0.22149,0.78667,49; 59; 75; 24; 78; 48; 80; 27; 22; 45
5,20,0.2537,0.25,74; 5; 20; 45; 12; 34; 30; 43; 57; 81
21,66,0.29698,0.31818,82; 21; 66; 22; 7; 19; 83; 43; 63; 82
17,34,0.33095,0.5,5; 17; 34; 14; 78; 18; 41; 58; 62; 36
20,68,0.2843,0.29412,39; 20; 68; 79; 34; 50; 49; 82; 43; 7
55,67,0.24359,0.8209,60; 55; 67; 75; 20; 36; 10; 28; 23; 67
37,47,0.31571,0.78723,52; 37; 47; 15; 84; 29; 54; 40; 49; 64
55,69,0.23692,0.7971,13; 55; 69; 7; 36; 62; 5; 32; 22; 43
24,69,0.30242,0.34783,60; 24; 69; 77; 74; 11; 24; 74; 63; 47
54,64,0.22003,0.84375,73; 54; 64; 65; 13; 40; 50; 65; 51; 19
34,61,0.30281,0.55738,66; 34; 61; 39; 61; 45; 22; 56; 12; 41
31,37,0.33689,0.83784,49; 31; 37; 23; 56; 69; 54; 39; 77; 65
30,61,0.3188,0.4918,59; 30; 61; 81; 52; 50; 29; 14; 13; 72
28,50,0.33124,0.56,76; 28; 50; 45; 19; 74; 12; 42; 46; 36
19,65,0.2851,0.29231,30; 19; 65; 45; 80; 14; 37; 67; 60; 82
22,79,0.26786,0.27848,63; 22; 79; 43; 70; 9; 43; 50; 69; 83
13,44,0.28515,0.29545,49; 13; 44; 43; 62; 76; 73; 54; 15; 7
7,28,0.24663,0.25,8; 7; 28; 55; 12; 6; 11; 8; 43; 13
30,38,0.33992,0.78947,52; 30; 38; 49; 24; 20; 63; 53; 56; 27
63,80,0.21186,0.7875,9; 63; 80; 36; 72; 40; 52; 55; 85; 49
11,45,0.24238,0.24444,79; 11; 45; 84; 32; 37; 79; 38; 61; 75
71,85,0.19312,0.83529,15; 71; 85; 41; 20; 47; 85; 81; 50; 78
29,79,0.28893,0.36709,27; 29; 79; 43; 62; 76; 56; 80; 6; 29
16,43,0.31424,0.37209,57; 16; 43; 16; 72; 19; 9; 52; 21; 69
51,59,0.25461,0.86441,11; 51; 59; 69; 21; 85; 74; 72; 24; 18
30,54,0.3271,0.55556,29; 30; 54; 17; 24; 51; 14; 52; 76; 18
36,45,0.32482,0.8,5; 36; 45; 18; 43; 10; 81; 82; 25; 70
7,19,0.29251,0.36842,41; 7; 19; 26; 38; 73; 15; 80; 79; 46
31,39,0.33682,0.79487,23; 31; 39; 72; 16; 70; 37; 30; 37; 30
41,83,0.20556,0.49398,27; 41; 83; 9; 11; 28; 39; 37; 9; 49
27,81,0.27119,0.33333,7; 27; 81; 57; 39; 67; 68; 38; 9; 70
47,56,0.28359,0.83929,66; 47; 56; 13; 64; 39; 59; 42; 48; 40
14,42,0.30442,0.33333,84; 14; 42; 22; 34; 59; 64; 27; 74; 14
8,10,0.24756,0.8,49; 8; 10; 25; 47; 18; 13; 23; 52; 18
66,77,0.2068,0.85714,54; 66; 77; 43; 27; 23; 62; 84; 27; 9
8,16,0.287,0.5,84; 8; 16; 56; 42; 77; 50; 22; 18; 54
62,78,0.21042,0.79487,46; 62; 78; 76; 58; 34; 80; 24; 12; 77
68,83,0.19954,0.81928,84; 68; 83; 75; 12; 5; 17; 11; 82; 81
30,54,0.32858,0.55556,39; 30; 54; 81; 30; 6; 68; 71; 15; 70
34,69,0.25974,0.49275,17; 34; 69; 82; 71; 56; 81; 69; 71; 40
53,67,0.24856,0.79104,11; 53; 67; 83; 78; 56; 71; 26; 14; 77
27,77,0.2881,0.35065,82; 27; 77; 52; 32; 64; 40; 54; 54; 82
9,36,0.24379,0.25,17; 9; 36; 82; 73; 84; 50; 34; 78; 39
8,28,0.26939,0.28571,9; 8; 28; 68; 43; 75; 39; 24; 59; 67
47,84,0.24693,0.55952,6; 47; 84; 73; 34; 64; 39; 45; 41; 77
33,71,0.27953,0.46479,69; 33; 71; 15; 40; 75; 48; 73; 17; 12
38,68,0.27693,0.55882,59; 38; 68; 57; 17; 75; 54; 52; 19; 18
27,59,0.32254,0.45763,66; 27; 59; 27; 48; 30; 76; 24; 24; 58
36,42,0.32819,0.85714,65; 36; 42; 62; 57; 27; 16; 35; 33; 76
12,21,0.32703,0.57143,25; 12; 21; 25; 68; 39; 5; 8; 34; 5
35,63,0.30166,0.55556,47; 35; 63; 77; 37; 44; 45; 25; 25; 23
60,70,0.21445,0.85714,8; 60; 70; 22; 73; 23; 45; 25; 62; 48
13,55,0.23125,0.23636,7; 13; 55; 59; 7; 77; 18; 68; 31; 83
23,46,0.33763,0.5,47; 23; 46; 34; 25; 56; 61; 24; 26; 38
12,14,0.31136,0.85714,25; 12; 14; 22; 47; 23; 14; 66; 73; 22
28,57,0.32007,0.49123,48; 28; 57; 70; 28; 5; 16; 33; 15; 19
16,48,0.30154,0.33333,71; 16; 48; 9; 33; 17; 32; 77; 10; 42
25,44,0.33784,0.56818,51; 25; 44; 39; 26; 65; 16; 49; 72; 75
9,18,0.30808,0.5,45; 9; 18; 63; 41; 73; 24; 19; 37; 75
27,85,0.25643,0.31765,52; 27; 85; 49; 74; 83; 10; 59; 60; 9
39,49,0.31082,0.79592,19; 39; 49; 43; 19; 25; 51; 74; 19; 53
22,74,0.28348,0.2973,54; 22; 74; 43; 12; 24; 9; 13; 40; 41
10,41,0.24042,0.2439,54; 10; 41; 7; 21; 20; 8; 6; 31; 30
14,40,0.30663,0.35,67; 14; 40; 19; 49; 82; 21; 21; 57; 57
38,48,0.31105,0.79167,62; 38; 48; 24; 71; 58; 22; 66; 54; 32
18,57,0.29401,0.31579,71; 18; 57; 63; 44; 84; 71; 7; 63; 72
69,84,0.17444,0.82143,66; 69; 84; 73; 38; 46; 44; 51; 33; 25
29,58,0.31137,0.5,78; 29; 58; 35; 45; 54; 41; 78; 40; 75
25,78,0.27835,0.32051,22; 25; 78; 48; 6; 76; 30; 37; 25; 77
27,32,0.34449,0.84375,39; 27; 32; 73; 14; 45; 10; 76; 52; 11
15,62,0.24083,0.24194,34; 15; 62; 63; 40; 81; 24; 69; 56; 41
73,85,0.19028,0.85882,38; 73; 85; 17; 50; 67; 24; 40; 71; 30
22,79,0.27327,0.27848,22; 22; 79; 25; 14; 79; 22; 46; 49; 60
14,38,0.31601,0.36842,22; 14; 38; 59; 14; 18; 82; 25; 9; 40
33,71,0.2927,0.46479,50; 33; 71; 13; 32; 44; 8; 73; 72; 76
11,22,0.32529,0.5,24; 11; 22; 80; 10; 8; 20; 78; 11; 31
25,68,0.28328,0.36765,78; 25; 68; 84; 38; 83; 15; 30; 68; 62
24,83,0.26432,0.28916,28; 24; 83; 51; 50; 73; 84; 31; 27; 41
54,64,0.21662,0.84375,34; 54; 64; 50; 14; 47; 7; 23; 49; 17
35,72,0.28066,0.48611,76; 35; 72; 85; 19; 6; 17; 42; 24; 62
23,73,0.28302,0.31507,62; 23; 73; 70; 16; 62; 63; 77; 67; 50
67,78,0.19937,0.85897,10; 67; 78; 81; 27; 67; 74; 6; 15; 69
52,66,0.25273,0.78788,36; 52; 66; 29; 40; 74; 26; 32; 72; 55
31,38,0.33859,0.81579,47; 31; 38; 18; 38; 13; 84; 13; 47; 69
66,79,0.19009,0.83544,9; 66; 79; 57; 9; 20; 47; 51; 74; 39
19,63,0.29061,0.30159,35; 19; 63; 66; 41; 43; 33; 60; 82; 12
37,80,0.24575,0.4625,33; 37; 80; 25; 7; 32; 20; 41; 70; 12
19,68,0.27411,0.27941,59; 19; 68; 48; 80; 68; 24; 25; 7; 43
25,45,0.33446,0.55556,81; 25; 45; 49; 68; 5; 35; 71; 9; 85
6,25,0.23841,0.24,42; 6; 25; 69; 20; 17; 32; 57; 41; 20
23,29,0.34864,0.7931,54; 23; 29; 85; 67; 35; 77; 23; 54; 72
43,54,0.29607,0.7963,75; 43; 54; 29; 54; 16; 44; 74; 14; 70
44,51,0.28483,0.86275,65; 44; 51; 85; 43; 32; 38; 18; 21; 59
21,42,0.34137,0.5,25; 21; 42; 17; 15; 42; 27; 24; 43; 41
30,60,0.31678,0.5,31; 30; 60; 71; 10; 81; 34; 36; 25; 74
24,49,0.33185,0.4898,18; 24; 49; 14; 19; 45; 40; 12; 74; 72
41,52,0.29567,0.78846,50; 41; 52; 78; 84; 73; 43; 18; 19; 44
37,74,0.26632,0.5,37; 37; 74; 60; 47; 63; 16; 27; 21; 52
68,85,0.19601,0.8,66; 68; 85; 56; 49; 81; 83; 14; 79; 22
39,68,0.29458,0.57353,83; 39; 68; 30; 71; 41; 52; 34; 8; 35
41,72,0.26762,0.56944,80; 41; 72; 33; 31; 53; 19; 5; 74; 82
38,83,0.24081,0.45783,70; 38; 83; 15; 79; 41; 63; 52; 31; 28
13,41,0.29631,0.31707,83; 13; 41; 78; 26; 28; 79; 36; 18; 41
5,17,0.26412,0.29412,30; 5; 17; 64; 46; 66; 75; 42; 26; 19
30,85,0.25417,0.35294,23; 30; 85; 51; 62; 63; 5; 61; 80; 42
23,77,0.28287,0.2987,68; 23; 77; 14; 36; 71; 10; 79; 40; 60
8,27,0.27831,0.2963,48; 8; 27; 59; 42; 54; 37; 9; 13; 60
24,82,0.26776,0.29268,77; 24; 82; 79; 33; 34; 5; 31; 75; 62
23,83,0.26238,0.27711,51; 23; 83; 45; 53; 31; 33; 12; 21; 19
20,54,0.31483,0.37037,27; 20; 54; 79; 76; 41; 35; 9; 82; 38
31,63,0.31471,0.49206,21; 31; 63; 75; 69; 22; 8; 81; 69; 30
63,73,0.22519,0.86301,59; 63; 73; 60; 19; 67; 71; 11; 41; 29
22,69,0.29516,0.31884,53; 22; 69; 16; 56; 5; 67; 79; 22; 85
25,85,0.26357,0.29412,85; 25; 85; 5; 5; 28; 24; 21; 21; 55
32,64,0.29924,0.5,9; 32; 64; 38; 60; 84; 21; 44; 84; 30
28,75,0.28167,0.37333,49; 28; 75; 60; 81; 33; 57; 84; 81; 32
19,54,0.31359,0.35185,35; 19; 54; 38; 44; 45; 56; 30; 81; 53
25,50,0.33127,0.5,85; 25; 50; 14; 42; 10; 85; 56; 33; 22
15,43,0.31066,0.34884,76; 15; 43; 74; 79; 13; 60; 31; 23; 81
17,69,0.2461,0.24638,43; 17; 69; 77; 77; 36; 74; 35; 28; 82
21,75,0.27259,0.28,21; 21; 75; 21; 77; 58; 73; 61; 67; 25
67,78,0.19355,0.85897,61; 67; 78; 72; 36; 39; 24; 9; 38; 25
61,74,0.21918,0.82432,71; 61; 74; 60; 56; 53; 37; 62; 80; 81
22,77,0.27028,0.28571,51; 22; 77; 67; 9; 54; 64; 74; 44; 34
41,49,0.29659,0.83673,5; 41; 49; 12; 6; 5; 62; 59; 52; 54
19,52,0.31338,0.36538,26; 19; 52; 14; 61; 50; 43; 12; 67; 26
36,63,0.29641,0.57143,71; 36; 63; 14; 10; 51; 25; 72; 38; 16
43,75,0.24359,0.57333,52; 43; 75; 79; 47; 15; 28; 50; 16; 61
48,61,0.26569,0.78689,41; 48; 61; 27; 49; 35; 76; 55; 69; 21
16,65,0.24345,0.24615,80; 16; 65; 67; 74; 59; 41; 72; 42; 50
38,68,0.28659,0.55882,10; 38; 68; 27; 31; 35; 50; 25; 69; 41
26,70,0.30113,0.37143,53; 26; 70; 24; 10; 82; 82; 78; 67; 61
31,37,0.33596,0.83784,49; 31; 37; 21; 39; 38; 73; 55; 66; 25
14,25,0.33536,0.56,19; 14; 25; 47; 68; 15; 72; 78; 46; 71
16,35,0.32911,0.45714,76; 16; 35; 56; 75; 40; 12; 79; 31; 27
29,51,0.32751,0.56863,41; 29; 51; 17; 6; 17; 25; 79; 63; 63
33,59,0.31101,0.55932,52; 33; 59; 83; 10; 84; 48; 16; 66; 34
43,77,0.2453,0.55844,65; 43; 77; 12; 36; 44; 45; 12; 85; 29
30,53,0.33144,0.56604,79; 30; 53; 47; 10; 58; 48; 38; 29; 85
11,31,0.30341,0.35484,80; 11; 31; 67; 68; 81; 24; 41; 36; 62
26,33,0.34304,0.78788,83; 26; 33; 38; 50; 82; 54; 62; 34; 70
28,84,0.25362,0.33333,56; 28; 84; 42; 48; 30; 25; 32; 29; 70
17,67,0.25242,0.25373,14; 17; 67; 57; 34; 80; 15; 63; 63; 6
17,69,0.24471,0.24638,79; 17; 69; 45; 73; 75; 57; 19; 31; 29
56,65,0.23973,0.86154,24; 56; 65; 26; 78; 68; 18; 84; 54; 26
25,77,0.27946,0.32468,7; 25; 77; 10; 62; 71; 70; 59; 71; 14
22,66,0.29823,0.33333,5; 22; 66; 30; 19; 45; 15; 45; 61; 12
19,54,0.31167,0.35185,11; 19; 54; 85; 45; 38; 51; 58; 85; 83
15,50,0.28527,0.3,42; 15; 50; 80; 13; 60; 61; 80; 28; 53
39,69,0.27184,0.56522,33; 39; 69; 33; 46; 15; 59; 68; 59; 19
18,37,0.33733,0.48649,26; 18; 37; 21; 5; 60; 79; 65; 78; 47
23,77,0.27941,0.2987,17; 23; 77; 18; 17; 22; 12; 73; 10; 17
41,84,0.23927,0.4881,63; 41; 84; 45; 74; 80; 71; 47; 8; 14
23,29,0.34454,0.7931,84; 23; 29; 76; 85; 13; 79; 78; 28; 42
68,81,0.19779,0.83951,61; 68; 81; 71; 10; 61; 30; 58; 22; 75
22,73,0.28482,0.30137,8; 22; 73; 7; 82; 54; 12; 77; 35; 37
15,19,0.33384,0.78947,51; 15; 19; 66; 6; 15; 21; 62; 67; 61
70,83,0.19267,0.84337,44; 70; 83; 72; 79; 56; 43; 40; 36; 69
6,7,0.18317,0.85714,14; 6; 7; 80; 34; 13; 78; 39; 66; 28
33,71,0.28927,0.46479,37; 33; 71; 68; 80; 37; 76; 82; 37; 57
31,55,0.32026,0.56364,21; 31; 55; 5; 82; 66; 76; 55; 16; 18
67,82,0.19319,0.81707,20; 67; 82; 81; 62; 36; 29; 28; 65; 74
28,76,0.27822,0.36842,28; 28; 76; 6; 37; 22; 66; 67; 15; 79
36,44,0.3202,0.81818,85; 36; 44; 26; 9; 37; 51; 44; 7; 13
12,36,0.29648,0.33333,74; 12; 36; 59; 14; 73; 73; 85; 18; 24
26,57,0.32371,0.45614,73; 26; 57; 59; 38; 33; 15; 68; 60; 27
49,62,0.26848,0.79032,20; 49; 62; 28; 20; 48; 48; 70; 5; 9
53,66,0.24585,0.80303,7; 53; 66; 72; 65; 75; 69; 20; 11; 46
67,80,0.20122,0.8375,39; 67; 80; 56; 22; 32; 73; 44; 21; 21
15,45,0.30647,0.33333,35; 15; 45; 54; 81; 14; 5; 51; 29; 51
17,30,0.34162,0.56667,68; 17; 30; 6; 74; 75; 42; 26; 82; 33
8,32,0.24455,0.25,36; 8; 32; 82; 25; 47; 57; 6; 34; 10
22,63,0.31123,0.34921,9; 22; 63; 32; 14; 72; 77; 7; 83; 75
22,63,0.30854,0.34921,42; 22; 63; 33; 51; 27; 36; 66; 49; 22
57,72,0.21624,0.79167,54; 57; 72; 35; 83; 65; 36; 39; 63; 10
24,68,0.29989,0.35294,25; 24; 68; 61; 51; 68; 43; 37; 35; 21
68,85,0.18572,0.8,16; 68; 85; 38; 48; 16; 74; 35; 21; 38
68,85,0.19544,0.8,9; 68; 85; 61; 76; 49; 39; 61; 76; 12
48,56,0.27474,0.85714,42; 48; 56; 28; 54; 38; 74; 60; 65; 64
47,82,0.24458,0.57317,51; 47; 82; 46; 9; 34; 20; 59; 5; 48
50,61,0.26618,0.81967,25; 50; 61; 61; 6; 50; 83; 51; 7; 59
18,39,0.33118,0.46154,55; 18; 39; 75; 43; 71; 80; 77; 25; 21
41,51,0.28556,0.80392,59; 41; 51; 69; 29; 25; 15; 85; 31; 41
40,80,0.25428,0.5,80; 40; 80; 51; 30; 40; 12; 73; 78; 63
26,53,0.33262,0.49057,66; 26; 53; 12; 72; 55; 11; 17; 21; 78
9,32,0.26668,0.28125,25; 9; 32; 53; 38; 16; 56; 42; 43; 61
16,54,0.28674,0.2963,32; 16; 54; 28; 74; 8; 39; 25; 15; 9
18,64,0.26843,0.28125,56; 18; 64; 42; 43; 85; 84; 14; 34; 24
7,22,0.28237,0.31818,28; 7; 22; 62; 64; 17; 12; 15; 26; 64
14,49,0.27499,0.28571,51; 14; 49; 28; 7; 34; 57; 25; 83; 69
6,17,0.26498,0.35294,81; 6; 17; 69; 76; 12; 77; 35; 83; 12
16,63,0.25344,0.25397,60; 16; 63; 59; 76; 23; 65; 60; 50; 58
16,53,0.28956,0.30189,81; 16; 53; 80; 54; 85; 56; 9; 26; 55
30,54,0.31099,0.55556,66; 30; 54; 41; 8; 82; 51; 40; 65; 61
27,73,0.28643,0.36986,43; 27; 73; 30; 9; 54; 56; 24; 66; 44
25,29,0.3463,0.86207,77; 25; 29; 5; 39; 53; 67; 73; 30; 9
46,82,0.2425,0.56098,61; 46; 82; 30; 19; 5; 51; 83; 5; 34
5,15,0.23822,0.33333,17; 5; 15; 71; 9; 31; 20; 9; 56; 37
17,35,0.33764,0.48571,64; 17; 35; 30; 32; 8; 19; 52; 14; 53
29,79,0.27112,0.36709,56; 29; 79; 39; 36; 60; 17; 39; 54; 81
11,44,0.24894,0.25,10; 11; 44; 9; 30; 14; 34; 27; 67; 14
48,84,0.23757,0.57143,18; 48; 84; 45; 28; 25; 34; 51; 47; 38
23,81,0.26917,0.28395,37; 23; 81; 72; 44; 56; 46; 10; 45; 80
35,71,0.27979,0.49296,31; 35; 71; 6; 27; 34; 30; 22; 59; 43
12,24,0.3272,0.5,51; 12; 24; 70; 5; 6; 10; 68; 43; 53
8,29,0.27035,0.27586,48; 8; 29; 67; 69; 56; 21; 74; 81; 45
35,76,0.26324,0.46053,25; 35; 76; 56; 60; 56; 72; 5; 25; 55
18,52,0.30645,0.34615,42; 18; 52; 64; 66; 83; 50; 84; 77; 19
70,85,0.18625,0.82353,17; 70; 85; 51; 29; 69; 44; 32; 42; 33
9,11,0.2734,0.81818,81; 9; 11; 84; 85; 17; 77; 16; 56; 36
25,82,0.27032,0.30488,39; 25; 82; 35; 56; 74; 54; 20; 26; 16
9,36,0.24595,0.25,30; 9; 36; 46; 20; 39; 17; 21; 48; 20
25,79,0.27728,0.31646,31; 25; 79; 77; 79; 41; 69; 66; 58; 33
6,20,0.28093,0.3,70; 6; 20; 81; 21; 12; 73; 45; 25; 36
18,55,0.30329,0.32727,65; 18; 55; 20; 74; 52; 39; 39; 38; 52
9,36,0.2446,0.25,15; 9; 36; 35; 7; 78; 83; 7; 58; 50
41,82,0.24185,0.5,58; 41; 82; 16; 77; 32; 75; 79; 17; 6
38,45,0.31968,0.84444,49; 38; 45; 12; 72; 51; 70; 14; 36; 15
22,28,0.34261,0.78571,50; 22; 28; 16; 12; 19; 52; 35; 12; 31
50,63,0.23882,0.79365,13; 50; 63; 19; 75; 5; 83; 67; 50; 22
15,61,0.24667,0.2459,52; 15; 61; 50; 56; 64; 64; 55; 85; 24
11,45,0.23985,0.24444,35; 11; 45; 5; 59; 5; 17; 22; 64; 45
17,69,0.24393,0.24638,53; 17; 69; 63; 70; 13; 23; 7; 34; 7
33,71,0.282,0.46479,51; 33; 71; 39; 34; 75; 74; 72; 20; 76
23,76,0.28194,0.30263,61; 23; 76; 76; 12; 40; 43; 46; 39; 43
19,63,0.29202,0.30159,19; 19; 63; 31; 65; 28; 26; 60; 29; 80
47,57,0.27596,0.82456,25; 47; 57; 55; 77; 44; 39; 80; 82; 70
69,84,0.19483,0.82143,65; 69; 84; 59; 55; 79; 15; 72; 54; 64
22,73,0.28563,0.30137,83; 22; 73; 50; 21; 9; 76; 35; 12; 25
7,28,0.24567,0.25,63; 7; 28; 48; 76; 49; 17; 62; 70; 65
22,79,0.27167,0.27848,73; 22; 79; 77; 43; 65; 70; 65; 64; 13
10,41,0.24016,0.2439,71; 10; 41; 20; 79; 74; 42; 59; 42; 72
14,48,0.28315,0.29167,44; 14; 48; 68; 75; 58; 49; 41; 63; 51
20,82,0.24712,0.2439,43; 20; 82; 58; 76; 51; 81; 58; 11; 82
48,57,0.27822,0.84211,47; 48; 57; 45; 33; 31; 67; 46; 45; 81
61,71,0.22275,0.85915,25; 61; 71; 45; 85; 10; 45; 19; 38; 33
7,19,0.28919,0.36842,57; 7; 19; 11; 10; 41; 65; 8; 58; 30
15,53,0.27711,0.28302,16; 15; 53; 7; 81; 30; 72; 66; 62; 80
25,68,0.3006,0.36765,40; 25; 68; 75; 75; 21; 18; 45; 55; 12
20,69,0.28052,0.28986,82; 20; 69; 77; 34; 40; 45; 51; 53; 41
16,54,0.28516,0.2963,37; 16; 54; 12; 70; 51; 46; 39; 44; 68
47,56,0.26922,0.83929,50; 47; 56; 81; 46; 65; 12; 81; 49; 14
13,39,0.29701,0.33333,35; 13; 39; 77; 31; 28; 82; 8; 13; 69
6,18,0.28678,0.33333,71; 6; 18; 50; 44; 46; 78; 51; 5; 37
38,68,0.27563,0.55882,73; 38; 68; 8; 55; 82; 30; 75; 69; 46
47,84,0.22034,0.55952,30; 47; 84; 15; 79; 67; 20; 25; 58; 8
30,54,0.32226,0.55556,63; 30; 54; 70; 22; 49; 74; 8; 50; 50
10,33,0.28615,0.30303,79; 10; 33; 12; 46; 13; 39; 11; 35; 21
45,57,0.25789,0.78947,35; 45; 57; 38; 55; 10; 12; 10; 84; 19
30,53,0.3258,0.56604,10; 30; 53; 29; 58; 50; 17; 13; 29; 69
23,46,0.33504,0.5,52; 23; 46; 31; 34; 63; 84; 57; 66; 27
35,61,0.30219,0.57377,10; 35; 61; 30; 62; 71; 5; 17; 29; 42
26,53,0.32586,0.49057,84; 26; 53; 21; 22; 62; 15; 43; 78; 84
25,79,0.27433,0.31646,80; 25; 79; 68; 55; 72; 21; 20; 62; 81
32,38,0.32886,0.84211,23; 32; 38; 33; 47; 64; 59; 30; 50; 23
32,39,0.32842,0.82051,49; 32; 39; 49; 33; 7; 84; 71; 70; 42
53,66,0.21788,0.80303,47; 53; 66; 24; 29; 54; 20; 56; 45; 46
21,46,0.33499,0.45652,44; 21; 46; 73; 78; 54; 52; 30; 43; 15
20,67,0.28667,0.29851,34; 20; 67; 74; 65; 23; 30; 70; 18; 24
61,76,0.21739,0.80263,18; 61; 76; 10; 80; 78; 48; 54; 44; 59
15,62,0.23549,0.24194,55; 15; 62; 54; 26; 26; 82; 17; 22; 76
23,50,0.33312,0.46,48; 23; 50; 16; 24; 38; 66; 29; 69; 11
28,75,0.28344,0.37333,61; 28; 75; 84; 73; 19; 37; 38; 56; 80
66,84,0.18705,0.78571,29; 66; 84; 76; 60; 40; 55; 34; 78; 48
7,25,0.26473,0.28,78; 7; 25; 80; 85; 22; 47; 83; 76; 71
37,43,0.31299,0.86047,55; 37; 43; 61; 71; 39; 14; 6; 33; 78
10,33,0.28154,0.30303,25; 10; 33; 73; 58; 7; 49; 11; 47; 74
21,57,0.31636,0.36842,37; 21; 57; 7; 48; 85; 73; 85; 53; 7
12,36,0.29506,0.33333,65; 12; 36; 5; 21; 14; 55; 75; 85; 63
26,81,0.26158,0.32099,24; 26; 81; 12; 36; 61; 30; 82; 73; 18
28,35,0.34734,0.8,27; 28; 35; 31; 84; 22; 72; 20; 63; 64
29,51,0.32393,0.56863,80; 29; 51; 83; 61; 29; 25; 64; 72; 75
34,69,0.28966,0.49275,54; 34; 69; 33; 9; 49; 36; 50; 25; 12
34,60,0.3144,0.56667,47; 34; 60; 24; 47; 68; 37; 10; 84; 75
13,53,0.24095,0.24528,85; 13; 53; 50; 71; 27; 46; 49; 41; 51
26,46,0.33207,0.56522,8; 26; 46; 8; 43; 37; 7; 23; 37; 70
18,52,0.30893,0.34615,53; 18; 52; 47; 27; 37; 77; 13; 61; 14
37,65,0.25347,0.56923,30; 37; 65; 66; 55; 62; 49; 47; 54; 65
55,69,0.24049,0.7971,23; 55; 69; 40; 23; 29; 20; 22; 54; 75
19,79,0.23946,0.24051,39; 19; 79; 8; 60; 20; 57; 34; 50; 73
39,85,0.24101,0.45882,48; 39; 85; 69; 72; 63; 66; 72; 57; 26
32,65,0.30981,0.49231,45; 32; 65; 48; 32; 21; 42; 11; 79; 60
61,73,0.21972,0.83562,33; 61; 73; 60; 7; 36; 39; 36; 6; 74
13,44,0.2825,0.29545,61; 13; 44; 7; 73; 47; 6; 29; 50; 25
13,28,0.32717,0.46429,41; 13; 28; 51; 36; 72; 42; 57; 67; 72
72,84,0.19087,0.85714,55; 72; 84; 65; 78; 31; 9; 42; 75; 51
70,81,0.17043,0.8642,72; 70; 81; 24; 46; 85; 83; 52; 13; 16
9,18,0.31132,0.5,48; 9; 18; 48; 83; 17; 42; 57; 50; 31
15,52,0.28335,0.28846,48; 15; 52; 36; 52; 78; 71; 60; 51; 53
66,83,0.19011,0.79518,79; 66; 83; 60; 69; 37; 76; 48; 6; 37
22,63,0.30766,0.34921,48; 22; 63; 80; 61; 26; 53; 82; 78; 74
60,75,0.20955,0.8,47; 60; 75; 44; 63; 22; 24; 41; 27; 35
37,74,0.27496,0.5,33; 37; 74; 83; 61; 36; 69; 26; 74; 15
16,35,0.32994,0.45714,29; 16; 35; 40; 15; 51; 8; 41; 43; 20
18,61,0.28301,0.29508,32; 18; 61; 9; 38; 60; 85; 32; 33; 37
68,83,0.1998,0.81928,23; 68; 83; 58; 9; 20; 38; 73; 32; 71
18,56,0.30173,0.32143,21; 18; 56; 36; 19; 77; 42; 26; 6; 19
21,76,0.26518,0.27632,55; 21; 76; 38; 76; 30; 14; 25; 16; 80
20,54,0.31667,0.37037,16; 20; 54; 39; 73; 82; 51; 13; 7; 33
12,34,0.30245,0.35294,85; 12; 34; 56; 82; 34; 33; 61; 77; 26
23,81,0.26968,0.28395,8; 23; 81; 8; 85; 64; 80; 71; 16; 81
21,63,0.30301,0.33333,25; 21; 63; 13; 47; 51; 30; 85; 15; 19
13,37,0.30599,0.35135,75; 13; 37; 31; 29; 7; 49; 11; 8; 36
14,42,0.30868,0.33333,83; 14; 42; 14; 48; 45; 56; 31; 37; 78
6,7,0.16261,0.85714,22; 6; 7; 31; 43; 77; 23; 34; 85; 47
22,79,0.27067,0.27848,22; 22; 79; 68; 30; 34; 9; 6; 66; 42
21,70,0.28995,0.3,21; 21; 70; 29; 78; 62; 19; 27; 36; 58
59,69,0.22281,0.85507,70; 59; 69; 24; 58; 17; 7; 76; 10; 13
17,34,0.34081,0.5,71; 17; 34; 62; 10; 46; 25; 42; 16; 71
25,51,0.33306,0.4902,38; 25; 51; 36; 26; 41; 40; 21; 55; 79
55,69,0.24567,0.7971,66; 55; 69; 53; 28; 77; 78; 71; 41; 53
45,80,0.25121,0.5625,58; 45; 80; 66; 30; 76; 22; 60; 26; 35
25,67,0.303,0.37313,33; 25; 67; 56; 49; 29; 61; 47; 17; 73
29,59,0.31314,0.49153,80; 29; 59; 71; 30; 38; 52; 9; 17; 29
17,60,0.2761,0.28333,46; 17; 60; 52; 32; 54; 47; 61; 6; 23
33,71,0.27997,0.46479,68; 33; 71; 21; 45; 72; 21; 64; 45; 79
47,57,0.28132,0.82456,27; 47; 57; 67; 56; 28; 22; 52; 45; 53
17,61,0.27436,0.27869,13; 17; 61; 9; 20; 6; 81; 43; 34; 18
12,42,0.28014,0.28571,63; 12; 42; 50; 49; 20; 27; 75; 80; 63
44,56,0.29535,0.78571,38; 44; 56; 12; 78; 76; 17; 69; 45; 47
13,37,0.30627,0.35135,21; 13; 37; 59; 81; 60; 42; 75; 37; 5
22,44,0.34295,0.5,70; 22; 44; 85; 64; 42; 58; 62; 36; 50
17,72,0.22822,0.23611,40; 17; 72; 50; 77; 73; 21; 57; 81; 77
59,75,0.21319,0.78667,84; 59; 75; 41; 80; 44; 11; 82; 20; 76
24,49,0.33126,0.4898,50; 24; 49; 57; 32; 85; 15; 45; 36; 39
19,57,0.30486,0.33333,50; 19; 57; 67; 27; 40; 60; 85; 27; 34
55,70,0.23775,0.78571,54; 55; 70; 14; 36; 77; 82; 57; 36; 53
16,65,0.24731,0.24615,73; 16; 65; 51; 11; 52; 22; 70; 59; 82
25,54,0.32685,0.46296,23; 25; 54; 34; 29; 61; 42; 9; 55; 71
20,60,0.30444,0.33333,14; 20; 60; 62; 9; 20; 71; 23; 40; 9
22,78,0.27272,0.28205,78; 22; 78; 42; 27; 22; 72; 36; 7; 21
60,76,0.21916,0.78947,57; 60; 76; 24; 17; 40; 43; 67; 5; 54
20,80,0.25053,0.25,7; 20; 80; 48; 41; 14; 56; 75; 44; 76
7,24,0.27833,0.29167,15; 7; 24; 85; 49; 18; 52; 9; 19; 52
16,55,0.2835,0.29091,45; 16; 55; 23; 10; 42; 24; 17; 44; 9
40,49,0.31272,0.81633,85; 40; 49; 8; 41; 69; 59; 60; 31; 59
68,81,0.19977,0.83951,72; 68; 81; 6; 68; 29; 60; 57; 21; 82
26,31,0.3463,0.83871,77; 26; 31; 83; 66; 23; 47; 52; 14; 76
22,78,0.27114,0.28205,54; 22; 78; 14; 18; 82; 31; 62; 36; 26
29,63,0.3124,0.46032,75; 29; 63; 85; 73; 53; 80; 41; 71; 52
16,53,0.28628,0.30189,48; 16; 53; 67; 5; 66; 44; 77; 6; 52
22,48,0.33372,0.45833,69; 22; 48; 5; 80; 70; 42; 74; 7; 76
7,22,0.27645,0.31818,43; 7; 22; 69; 25; 24; 78; 18; 13; 25
28,76,0.27973,0.36842,61; 28; 76; 50; 31; 52; 65; 35; 65; 25
18,32,0.33949,0.5625,71; 18; 32; 47; 30; 17; 68; 78; 75; 81
27,73,0.29614,0.36986,43; 27; 73; 39; 52; 73; 49; 77; 36; 76
10,35,0.27412,0.28571,72; 10; 35; 60; 31; 61; 48; 55; 54; 34
17,69,0.24418,0.24638,85; 17; 69; 37; 84; 13; 15; 14; 62; 75
19,38,0.33754,0.5,31; 19; 38; 39; 6; 36; 40; 65; 22; 52
24,49,0.33162,0.4898,45; 24; 49; 70; 65; 38; 79; 25; 38; 25
51,64,0.25818,0.79688,35; 51; 64; 49; 54; 14; 68; 69; 14; 65
16,64,0.24754,0.25,66; 16; 64; 54; 45; 25; 20; 66; 78; 30
63,80,0.20737,0.7875,82; 63; 80; 35; 74; 59; 27; 65; 7; 64
12,41,0.27972,0.29268,84; 12; 41; 74; 41; 40; 29; 27; 57; 85
34,70,0.27135,0.48571,49; 34; 70; 51; 67; 5; 23; 52; 33; 19
15,47,0.29931,0.31915,16; 15; 47; 16; 5; 58; 63; 13; 55; 25
63,80,0.21033,0.7875,68; 63; 80; 14; 64; 68; 58; 63; 7; 10
23,82,0.27004,0.28049,10; 23; 82; 36; 23; 46; 70; 70; 22; 78
38,48,0.30842,0.79167,53; 38; 48; 43; 47; 45; 84; 13; 39; 31
18,65,0.27144,0.27692,13; 18; 65; 41; 67; 19; 67; 19; 40; 44
38,82,0.24678,0.46341,44; 38; 82; 56; 79; 80; 35; 57; 84; 30
16,49,0.30286,0.32653,46; 16; 49; 77; 63; 8; 33; 45; 48; 29
46,55,0.28175,0.83636,42; 46; 55; 45; 85; 43; 33; 64; 9; 21
5,20,0.25757,0.25,16; 5; 20; 7; 82; 80; 9; 51; 50; 15
23,82,0.26626,0.28049,13; 23; 82; 61; 60; 46; 81; 29; 57; 83
16,64,0.24859,0.25,66; 16; 64; 53; 9; 44; 17; 14; 55; 70
19,79,0.23904,0.24051,65; 19; 79; 35; 21; 7; 56; 53; 74; 22
32,40,0.33111,0.8,83; 32; 40; 33; 77; 31; 77; 17; 7; 33
61,74,0.20335,0.82432,9; 61; 74; 60; 45; 8; 24; 37; 77; 80
30,82,0.23432,0.36585,67; 30; 82; 61; 29; 5; 40; 71; 50; 70
5,18,0.26123,0.27778,49; 5; 18; 79; 54; 51; 71; 57; 65; 15
49,60,0.26511,0.81667,21; 49; 60; 72; 85; 35; 16; 77; 71; 57
34,43,0.32745,0.7907,63; 34; 43; 22; 62; 38; 22; 6; 6; 7
27,33,0.3391,0.81818,44; 27; 33; 77; 7; 79; 73; 60; 15; 81
65,76,0.18816,0.85526,49; 65; 76; 55; 29; 75; 64; 34; 61; 36
48,85,0.2396,0.56471,73; 48; 85; 74; 35; 81; 74; 10; 77; 36
19,55,0.30915,0.34545,27; 19; 55; 49; 15; 68; 30; 34; 81; 75
37,47,0.31638,0.78723,16; 37; 47; 48; 69; 84; 16; 12; 63; 9
11,34,0.29375,0.32353,35; 11; 34; 28; 76; 54; 47; 39; 55; 51
58,69,0.23429,0.84058,56; 58; 69; 7; 10; 30; 29; 30; 15; 38
23,65,0.30653,0.35385,36; 23; 65; 76; 22; 37; 73; 68; 59; 7
72,84,0.18319,0.85714,68; 72; 84; 61; 53; 74; 37; 14; 66; 67
30,38,0.33445,0.78947,34; 30; 38; 35; 32; 8; 37; 40; 68; 35
12,14,0.30043,0.85714,72; 12; 14; 72; 75; 35; 74; 68; 14; 40
7,21,0.28981,0.33333,65; 7; 21; 21; 17; 50; 79; 22; 71; 74
18,55,0.30038,0.32727,80; 18; 55; 60; 67; 38; 34; 23; 58; 46
33,68,0.25951,0.48529,7; 33; 68; 45; 55; 67; 18; 40; 76; 65
19,64,0.28339,0.29688,28; 19; 64; 13; 10; 57; 46; 54; 44; 22
16,64,0.24803,0.25,27; 16; 64; 37; 28; 56; 46; 81; 40; 41
27,78,0.28173,0.34615,67; 27; 78; 71; 85; 79; 8; 62; 29; 37
44,56,0.26444,0.78571,16; 44; 56; 11; 59; 56; 82; 81; 32; 55
24,79,0.27454,0.3038,69; 24; 79; 17; 53; 73; 68; 52; 70; 9
24,69,0.301,0.34783,50; 24; 69; 72; 79; 49; 54; 44; 47; 60
51,59,0.26476,0.86441,33; 51; 59; 10; 54; 6; 71; 27; 48; 67
6,13,0.22974,0.46154,47; 6; 13; 50; 71; 54; 15; 10; 78; 73
28,50,0.32151,0.56,70; 28; 50; 49; 51; 61; 47; 75; 59; 23
15,51,0.28652,0.29412,59; 15; 51; 84; 48; 48; 9; 69; 26; 10
24,28,0.34446,0.85714,18; 24; 28; 25; 83; 18; 61; 56; 9; 41
21,65,0.29929,0.32308,19; 21; 65; 49; 32; 22; 79; 43; 58; 80
20,61,0.29662,0.32787,16; 20; 61; 83; 53; 39; 76; 29; 11; 81
13,43,0.28676,0.30233,31; 13; 43; 20; 35; 43; 25; 66; 33; 59
11,33,0.29326,0.33333,64; 11; 33; 62; 81; 56; 5; 55; 12; 17
42,75,0.23429,0.56,66; 42; 75; 26; 80; 34; 59; 38; 62; 62
45,81,0.22149,0.55556,32; 45; 81; 24; 70; 7; 48; 85; 50; 47
20,82,0.24052,0.2439,73; 20; 82; 50; 74; 14; 18; 60; 13; 53
54,68,0.24161,0.79412,35; 54; 68; 22; 8; 20; 34; 67; 20; 34
20,25,0.34533,0.8,16; 20; 25; 84; 25; 85; 29; 34; 6; 56
41,52,0.29446,0.78846,71; 41; 52; 13; 81; 8; 21; 55; 42; 23
17,71,0.23462,0.23944,49; 17; 71; 31; 59; 12; 11; 82; 47; 14
25,72,0.29397,0.34722,49; 25; 72; 44; 27; 18; 16; 67; 42; 36
70,83,0.19897,0.84337,81; 70; 83; 71; 13; 6; 11; 13; 6; 57
22,74,0.28192,0.2973,56; 22; 74; 78; 36; 44; 74; 26; 52; 63
23,66,0.30134,0.34848,16; 23; 66; 53; 61; 83; 80; 82; 38; 47
40,49,0.30004,0.81633,61; 40; 49; 59; 36; 24; 18; 17; 52; 12
33,67,0.29736,0.49254,67; 33; 67; 11; 47; 16; 44; 36; 47; 33
21,42,0.34141,0.5,58; 21; 42; 10; 14; 13; 11; 50; 54; 51
21,43,0.33778,0.48837,55; 21; 43; 16; 61; 65; 72; 44; 59; 60
12,15,0.31665,0.8,36; 12; 15; 66; 29; 55; 74; 77; 27; 37
25,67,0.3052,0.37313,17; 25; 67; 23; 73; 7; 72; 80; 70; 82
40,50,0.30378,0.8,54; 40; 50; 38; 34; 39; 72; 16; 9; 80
22,48,0.32925,0.45833,85; 22; 48; 70; 31; 69; 38; 48; 42; 8
21,74,0.27313,0.28378,74; 21; 74; 70; 66; 71; 50; 81; 74; 61
10,31,0.29475,0.32258,16; 10; 31; 67; 21; 21; 46; 19; 6; 13
22,45,0.34295,0.48889,50; 22; 45; 41; 68; 53; 40; 61; 35; 78
61,77,0.20913,0.79221,63; 61; 77; 65; 32; 81; 45; 47; 51; 78
17,48,0.30669,0.35417,14; 17; 48; 55; 66; 7; 50; 53; 19; 16
6,24,0.24598,0.25,14; 6; 24; 31; 75; 18; 16; 27; 6; 10
50,61,0.23773,0.81967,59; 50; 61; 52; 39; 21; 68; 10; 47; 85
23,69,0.30015,0.33333,14; 23; 69; 30; 34; 57; 8; 29; 27; 13
50,58,0.25341,0.86207,26; 50; 58; 39; 45; 16; 13; 26; 20; 55
42,49,0.30328,0.85714,64; 42; 49; 83; 27; 72; 51; 26; 71; 33
16,54,0.28519,0.2963,42; 16; 54; 68; 76; 54; 17; 39; 20; 66
48,60,0.24673,0.8,59; 48; 60; 41; 62; 37; 83; 50; 58; 5
35,62,0.30108,0.56452,66; 35; 62; 19; 43; 28; 29; 23; 65; 24
14,25,0.33538,0.56,83; 14; 25; 20; 53; 48; 82; 20; 82; 33
13,40,0.29715,0.325,60; 13; 40; 82; 44; 39; 56; 57; 57; 21
52,62,0.24987,0.83871,24; 52; 62; 21; 59; 43; 71; 58; 68; 55
8,32,0.24594,0.25,33; 8; 32; 70; 72; 78; 38; 76; 13; 84
6,13,0.23025,0.46154,60; 6; 13; 63; 32; 6; 61; 45; 39; 40
14,59,0.23319,0.23729,37; 14; 59; 25; 30; 37; 77; 25; 49; 6
26,75,0.29045,0.34667,18; 26; 75; 39; 29; 44; 38; 21; 13; 21
31,37,0.33399,0.83784,75; 31; 37; 51; 20; 22; 69; 11; 8; 82
20,70,0.2746,0.28571,47; 20; 70; 12; 22; 77; 26; 46; 79; 26
58,69,0.22806,0.84058,35; 58; 69; 48; 58; 6; 56; 27; 81; 23
32,69,0.29126,0.46377,56; 32; 69; 37; 32; 83; 66; 20; 69; 77
73,85,0.19333,0.85882,23; 73; 85; 39; 70; 38; 63; 32; 7; 65
23,41,0.3347,0.56098,85; 23; 41; 36; 55; 18; 43; 15; 18; 78
23,63,0.30392,0.36508,54; 23; 63; 71; 64; 35; 20; 63; 62; 50
32,37,0.331,0.86486,50; 32; 37; 82; 75; 19; 76; 58; 37; 14
39,85,0.24384,0.45882,61; 39; 85; 69; 85; 16; 27; 46; 78; 49
23,63,0.31492,0.36508,52; 23; 63; 78; 9; 79; 44; 64; 43; 51
67,84,0.20084,0.79762,64; 67; 84; 25; 65; 58; 53; 35; 41; 59
26,79,0.27907,0.32911,52; 26; 79; 40; 20; 34; 24; 63; 40; 22
61,73,0.22469,0.83562,60; 61; 73; 28; 5; 23; 49; 11; 59; 52
40,81,0.22279,0.49383,15; 40; 81; 68; 45; 59; 44; 64; 26; 22
13,43,0.29079,0.30233,73; 13; 43; 6; 63; 74; 22; 11; 17; 24
11,31,0.30379,0.35484,27; 11; 31; 59; 78; 52; 31; 30; 46; 26
23,69,0.29797,0.33333,8; 23; 69; 20; 47; 41; 28; 67; 43; 10
60,70,0.22645,0.85714,6; 60; 70; 13; 42; 30; 29; 61; 49; 71
13,23,0.32951,0.56522,34; 13; 23; 79; 85; 27; 26; 39; 14; 53
25,68,0.29377,0.36765,12; 25; 68; 34; 33; 9; 83; 32; 10; 30
20,66,0.29068,0.30303,30; 20; 66; 28; 45; 56; 33; 21; 9; 38
15,60,0.24867,0.25,6; 15; 60; 55; 29; 22; 85; 21; 64; 47
53,66,0.23467,0.80303,84; 53; 66; 41; 27; 11; 6; 73; 20; 33
25,77,0.28352,0.32468,33; 25; 77; 13; 23; 48; 32; 79; 29; 36
11,45,0.23948,0.24444,20; 11; 45; 78; 39; 44; 53; 17; 13; 8
43,75,0.26636,0.57333,38; 43; 75; 39; 19; 77; 20; 45; 53; 54
36,79,0.23406,0.4557,53; 36; 79; 81; 83; 33; 33; 83; 49; 55
60,76,0.21501,0.78947,53; 60; 76; 71; 37; 11; 36; 70; 10; 25
15,63,0.23398,0.2381,80; 15; 63; 29; 29; 82; 81; 47; 10; 62
24,49,0.32741,0.4898,82; 24; 49; 53; 19; 7; 6; 29; 63; 32
19,63,0.2892,0.30159,62; 19; 63; 32; 53; 68; 64; 61; 43; 27
5,9,0.18146,0.55556,55; 5; 9; 21; 67; 71; 32; 76; 50; 57
5,18,0.25697,0.27778,68; 5; 18; 60; 76; 36; 53; 28; 57; 13
30,82,0.27012,0.36585,56; 30; 82; 53; 31; 69; 14; 46; 16; 44
28,79,0.28261,0.35443,53; 28; 79; 59; 49; 78; 23; 57; 62; 83
7,25,0.26606,0.28,46; 7; 25; 14; 60; 6; 82; 9; 79; 71
61,73,0.21818,0.83562,70; 61; 73; 26; 54; 78; 53; 33; 84; 83
6,12,0.20904,0.5,57; 6; 12; 76; 57; 58; 58; 34; 80; 8
22,60,0.31467,0.36667,44; 22; 60; 50; 13; 7; 19; 18; 7; 22
16,28,0.3376,0.57143,54; 16; 28; 16; 10; 59; 52; 69; 85; 52
9,16,0.30172,0.5625,48; 9; 16; 74; 79; 55; 72; 24; 65; 7
54,64,0.2509,0.84375,45; 54; 64; 35; 71; 22; 5; 80; 32; 17
13,28,0.3285,0.46429,36; 13; 28; 30; 64; 9; 28; 75; 43; 5
21,72,0.28195,0.29167,57; 21; 72; 22; 50; 52; 43; 50; 76; 60
23,28,0.34277,0.82143,23; 23; 28; 83; 10; 78; 83; 34; 80; 23
32,56,0.31496,0.57143,71; 32; 56; 64; 12; 85; 27; 15; 31; 59
31,62,0.31296,0.5,13; 31; 62; 65; 18; 29; 36; 78; 59; 61
71,85,0.19383,0.83529,66; 71; 85; 61; 46; 66; 45; 11; 76; 74
44,78,0.25699,0.5641,52; 44; 78; 11; 80; 36; 83; 39; 30; 59
15,59,0.25168,0.25424,36; 15; 59; 72; 54; 82; 9; 69; 59; 62
16,28,0.33855,0.57143,11; 16; 28; 57; 21; 12; 82; 34; 65; 70
42,51,0.29722,0.82353,21; 42; 51; 60; 47; 25; 9; 13; 7; 84
36,45,0.32095,0.8,53; 36; 45; 30; 17; 75; 9; 64; 49; 36
19,64,0.28489,0.29688,5; 19; 64; 64; 13; 41; 29; 33; 44; 28
42,53,0.30187,0.79245,27; 42; 53; 42; 34; 66; 47; 54; 59; 62
37,43,0.31948,0.86047,14; 37; 43; 66; 13; 68; 6; 53; 44; 60
28,84,0.26968,0.33333,83; 28; 84; 22; 9; 53; 14; 66; 49; 12
29,52,0.32601,0.55769,33; 29; 52; 34; 42; 79; 9; 25; 35; 57
41,50,0.29811,0.82,74; 41; 50; 75; 49; 50; 77; 47; 43; 84
20,66,0.29281,0.30303,77; 20; 66; 35; 13; 34; 71; 43; 45; 69
28,49,0.32224,0.57143,37; 28; 49; 34; 67; 20; 84; 34; 63; 56
41,73,0.21667,0.56164,14; 41; 73; 53; 31; 83; 42; 38; 46; 25
32,40,0.32649,0.8,39; 32; 40; 59; 82; 15; 57; 21; 62; 19
13,47,0.27094,0.2766,72; 13; 47; 51; 81; 34; 66; 45; 76; 80
50,58,0.25038,0.86207,80; 50; 58; 55; 41; 27; 78; 14; 27; 13
20,40,0.33719,0.5,75; 20; 40; 41; 82; 69; 35; 70; 85; 23
15,54,0.27129,0.27778,19; 15; 54; 32; 65; 18; 77; 20; 67; 12
16,57,0.27553,0.2807,8; 16; 57; 34; 30; 78; 62; 62; 21; 47
20,69,0.28248,0.28986,22; 20; 69; 50; 28; 78; 19; 65; 84; 19
18,72,0.24724,0.25,66; 18; 72; 64; 73; 46; 28; 77; 35; 56
18,51,0.31535,0.35294,71; 18; 51; 72; 50; 28; 50; 55; 25; 60
32,39,0.32924,0.82051,68; 32; 39; 19; 40; 74; 65; 66; 72; 24
18,37,0.337,0.48649,33; 18; 37; 81; 26; 8; 58; 39; 26; 63
18,74,0.23684,0.24324,13; 18; 74; 35; 80; 11; 72; 60; 38; 26
25,67,0.30382,0.37313,53; 25; 67; 76; 34; 33; 10; 15; 59; 64
37,44,0.31675,0.84091,50; 37; 44; 48; 59; 82; 48; 65; 32; 68
11,39,0.27334,0.28205,35; 11; 39; 12; 11; 25; 85; 63; 77; 18
25,71,0.29251,0.35211,52; 25; 71; 51; 60; 57; 69; 77; 17; 44
9,27,0.28958,0.33333,38; 9; 27; 51; 22; 15; 54; 41; 80; 78
30,35,0.33848,0.85714,36; 30; 35; 28; 5; 81; 39; 30; 32; 60
56,65,0.23349,0.86154,50; 56; 65; 20; 62; 76; 28; 6; 85; 69
24,82,0.26377,0.29268,68; 24; 82; 24; 74; 74; 40; 30; 34; 64
47,56,0.27429,0.83929,78; 47; 56; 70; 76; 55; 33; 7; 18; 11
26,56,0.32494,0.46429,67; 26; 56; 13; 43; 5; 22; 16; 53; 40
12,51,0.23341,0.23529,60; 12; 51; 8; 27; 27; 41; 54; 62; 76
16,46,0.31001,0.34783,13; 16; 46; 28; 42; 54; 18; 68; 30; 41
69,80,0.19747,0.8625,73; 69; 80; 53; 32; 77; 83; 11; 45; 67
16,54,0.28403,0.2963,42; 16; 54; 71; 21; 23; 82; 28; 36; 21
15,19,0.32787,0.78947,84; 15; 19; 62; 66; 85; 20; 11; 24; 70
21,46,0.33836,0.45652,44; 21; 46; 67; 48; 63; 80; 21; 50; 27
13,39,0.30468,0.33333,58; 13; 39; 64; 16; 42; 37; 17; 69; 49
13,53,0.23912,0.24528,75; 13; 53; 40; 79; 47; 77; 83; 12; 75
18,60,0.28329,0.3,85; 18; 60; 55; 40; 44; 36; 19; 24; 61
60,73,0.21966,0.82192,77; 60; 73; 55; 26; 15; 39; 40; 27; 33
19,65,0.27922,0.29231,12; 19; 65; 68; 5; 26; 27; 74; 73; 79
17,52,0.30152,0.32692,84; 17; 52; 55; 20; 78; 61; 75; 70; 11
13,45,0.28449,0.28889,33; 13; 45; 25; 7; 48; 5; 69; 49; 11
59,69,0.21634,0.85507,11; 59; 69; 16; 70; 25; 85; 31; 23; 12
59,70,0.22693,0.84286,54; 59; 70; 6; 16; 30; 10; 26; 31; 5
44,77,0.25819,0.57143,61; 44; 77; 81; 45; 7; 40; 6; 31; 25
17,67,0.25161,0.25373,14; 17; 67; 50; 44; 41; 30; 14; 53; 11
24,85,0.26312,0.28235,7; 24; 85; 44; 62; 19; 24; 53; 84; 63
63,77,0.20244,0.81818,48; 63; 77; 60; 42; 59; 6; 70; 17; 11
22,39,0.34493,0.5641,60; 22; 39; 19; 74; 85; 11; 69; 14; 76
27,47,0.33111,0.57447,20; 27; 47; 73; 64; 46; 85; 68; 10; 79
36,74,0.27191,0.48649,32; 36; 74; 62; 85; 83; 14; 22; 38; 23
41,73,0.25683,0.56164,77; 41; 73; 25; 53; 66; 51; 13; 68; 29
28,34,0.3433,0.82353,36; 28; 34; 42; 27; 21; 13; 21; 61; 54
33,42,0.32496,0.78571,52; 33; 42; 52; 18; 64; 75; 46; 49; 66
8,33,0.23824,0.24242,80; 8; 33; 29; 5; 51; 30; 15; 25; 11
40,50,0.30768,0.8,28; 40; 50; 84; 53; 79; 48; 82; 62; 29
12,24,0.32038,0.5,48; 12; 24; 66; 19; 54; 30; 83; 52; 80
59,74,0.21523,0.7973,59; 59; 74; 37; 65; 35; 7; 60; 85; 45
6,24,0.24282,0.25,37; 6; 24; 53; 72; 26; 77; 74; 6; 24
21,37,0.34342,0.56757,16; 21; 37; 16; 77; 81; 62; 21; 66; 38
24,72,0.28976,0.33333,61; 24; 72; 18; 73; 28; 36; 31; 35; 84
23,28,0.33598,0.82143,18; 23; 28; 7; 35; 36; 81; 66; 49; 76
36,78,0.2568,0.46154,28; 36; 78; 65; 77; 76; 83; 5; 23; 36
18,73,0.24402,0.24658,77; 18; 73; 37; 16; 54; 51; 36; 49; 40
16,35,0.33236,0.45714,58; 16; 35; 75; 15; 12; 29; 60; 37; 57
33,67,0.28115,0.49254,66; 33; 67; 53; 47; 61; 14; 6; 71; 42
60,73,0.20354,0.82192,84; 60; 73; 69; 53; 29; 41; 37; 59; 79
67,78,0.20032,0.85897,85; 67; 78; 36; 54; 78; 9; 42; 29; 7
38,77,0.27767,0.49351,30; 38; 77; 16; 63; 57; 36; 38; 53; 82
42,50,0.30471,0.84,33; 42; 50; 33; 84; 36; 20; 17; 6; 10
22,74,0.28466,0.2973,32; 22; 74; 20; 47; 56; 63; 38; 78; 75
16,28,0.34147,0.57143,47; 16; 28; 72; 70; 33; 43; 21; 60; 79
40,71,0.23304,0.56338,78; 40; 71; 16; 80; 30; 58; 82; 58; 69
62,72,0.22292,0.86111,25; 62; 72; 20; 63; 60; 23; 8; 64; 50
43,50,0.29708,0.86,22; 43; 50; 76; 55; 70; 13; 16; 30; 54
38,82,0.25857,0.46341,56; 38; 82; 19; 7; 18; 81; 84; 63; 16
10,41,0.24489,0.2439,80; 10; 41; 21; 74; 29; 13; 16; 17; 74
22,76,0.27763,0.28947,62; 22; 76; 80; 45; 70; 55; 49; 52; 36
8,10,0.25235,0.8,48; 8; 10; 77; 8; 79; 37; 41; 82; 81
18,39,0.3309,0.46154,56; 18; 39; 21; 13; 75; 53; 55; 81; 25
46,58,0.27555,0.7931,24; 46; 58; 76; 63; 26; 52; 55; 28; 56
23,79,0.27655,0.29114,19; 23; 79; 26; 16; 15; 55; 12; 82; 29
26,70,0.30082,0.37143,28; 26; 70; 76; 76; 30; 61; 66; 73; 43
6,19,0.28123,0.31579,72; 6; 19; 57; 41; 39; 75; 22; 34; 81
32,38,0.33415,0.84211,74; 32; 38; 7; 7; 35; 54; 11; 73; 80
23,72,0.29177,0.31944,75; 23; 72; 54; 51; 68; 82; 61; 56; 68
12,42,0.28076,0.28571,35; 12; 42; 52; 41; 85; 40; 77; 70; 82
31,68,0.30427,0.45588,47; 31; 68; 75; 63; 70; 71; 56; 6; 14
6,17,0.25928,0.35294,85; 6; 17; 42; 47; 38; 16; 84; 14; 50
48,56,0.27414,0.85714,59; 48; 56; 69; 56; 73; 35; 79; 60; 75
20,79,0.25195,0.25316,41; 20; 79; 6; 30; 77; 44; 52; 6; 46
30,35,0.33713,0.85714,13; 30; 35; 60; 61; 44; 80; 43; 79; 58
8,29,0.26684,0.27586,67; 8; 29; 47; 63; 9; 26; 20; 70; 53
21,46,0.33415,0.45652,74; 21; 46; 16; 71; 68; 18; 40; 68; 51
67,80,0.1857,0.8375,59; 67; 80; 60; 63; 75; 45; 46; 17; 14
15,41,0.31689,0.36585,57; 15; 41; 24; 27; 11; 56; 77; 37; 75
17,35,0.33365,0.48571,16; 17; 35; 11; 35; 70; 26; 52; 6; 28
41,49,0.29129,0.83673,33; 41; 49; 61; 50; 47; 5; 53; 12; 46
68,79,0.1935,0.86076,50; 68; 79; 19; 78; 84; 56; 76; 68; 10
34,61,0.3042,0.55738,27; 34; 61; 84; 47; 80; 25; 35; 30; 25
5,9,0.18155,0.55556,27; 5; 9; 27; 28; 48; 83; 63; 34; 13
24,83,0.26219,0.28916,6; 24; 83; 74; 37; 33; 56; 58; 6; 51
46,58,0.28573,0.7931,34; 46; 58; 39; 33; 85; 5; 31; 39; 16
37,75,0.27157,0.49333,55; 37; 75; 6; 43; 33; 39; 22; 49; 55
24,69,0.29921,0.34783,12; 24; 69; 26; 31; 50; 8; 46; 14; 33
19,64,0.28276,0.29688,77; 19; 64; 17; 15; 68; 77; 66; 37; 51
5,20,0.25376,0.25,37; 5; 20; 16; 61; 24; 8; 9; 58; 24
22,77,0.27045,0.28571,78; 22; 77; 6; 45; 42; 11; 78; 71; 26
15,52,0.2817,0.28846,77; 15; 52; 42; 32; 43; 40; 85; 11; 39
14,57,0.24754,0.24561,36; 14; 57; 52; 78; 51; 57; 46; 20; 59
17,70,0.24127,0.24286,80; 17; 70; 58; 79; 56; 67; 51; 38; 51
68,79,0.19827,0.86076,24; 68; 79; 53; 48; 84; 75; 26; 82; 49
29,84,0.24047,0.34524,64; 29; 84; 38; 18; 7; 52; 61; 84; 74
57,66,0.23366,0.86364,13; 57; 66; 80; 41; 58; 23; 9; 31; 6
29,59,0.32011,0.49153,26; 29; 59; 72; 5; 6; 23; 55; 17; 28
66,79,0.20627,0.83544,49; 66; 79; 14; 71; 65; 39; 50; 23; 50
33,72,0.29041,0.45833,10; 33; 72; 39; 39; 66; 18; 7; 8; 66
67,78,0.20269,0.85897,6; 67; 78; 85; 56; 8; 32; 83; 71; 59
31,62,0.31026,0.5,24; 31; 62; 32; 83; 70; 58; 71; 23; 78
36,43,0.31045,0.83721,76; 36; 43; 30; 82; 7; 82; 64; 58; 14
43,76,0.2551,0.56579,13; 43; 76; 68; 19; 31; 80; 50; 24; 7
26,80,0.27754,0.325,71; 26; 80; 10; 36; 16; 76; 8; 44; 23
13,43,0.28948,0.30233,71; 13; 43; 33; 45; 49; 76; 72; 19; 85
58,71,0.22718,0.8169,63; 58; 71; 72; 42; 60; 64; 57; 20; 6
63,80,0.20212,0.7875,41; 63; 80; 21; 16; 5; 10; 51; 60; 63
19,41,0.33609,0.46341,50; 19; 41; 39; 71; 72; 56; 21; 78; 41
9,36,0.24913,0.25,6; 9; 36; 37; 32; 84; 14; 21; 15; 66
61,77,0.21465,0.79221,49; 61; 77; 73; 12; 42; 11; 68; 44; 43
14,25,0.33245,0.56,59; 14; 25; 20; 20; 74; 14; 59; 54; 17
45,79,0.24639,0.56962,18; 45; 79; 25; 24; 43; 20; 52; 13; 12
63,79,0.21181,0.79747,48; 63; 79; 69; 69; 20; 78; 40; 30; 52
7,24,0.2753,0.29167,62; 7; 24; 12; 31; 29; 65; 58; 52; 38
17,52,0.30282,0.32692,8; 17; 52; 56; 18; 65; 26; 6; 19; 25
64,80,0.19382,0.8,51; 64; 80; 35; 19; 74; 54; 60; 77; 6
19,76,0.24795,0.25,52; 19; 76; 66; 66; 61; 10; 23; 21; 51
12,34,0.30011,0.35294,63; 12; 34; 10; 76; 44; 69; 40; 25; 13
56,70,0.23177,0.8,22; 56; 70; 84; 81; 61; 61; 36; 72; 36
25,82,0.25299,0.30488,39; 25; 82; 5; 10; 60; 58; 17; 74; 8
16,57,0.27432,0.2807,79; 16; 57; 60; 16; 13; 9; 71; 81; 72
18,22,0.34227,0.81818,43; 18; 22; 33; 23; 77; 43; 5; 44; 44
19,59,0.30169,0.32203,56; 19; 59; 10; 19; 32; 20; 36; 63; 34
14,57,0.24386,0.24561,65; 14; 57; 31; 27; 38; 66; 57; 50; 43
31,84,0.26407,0.36905,24; 31; 84; 31; 10; 85; 56; 69; 58; 63
39,69,0.27619,0.56522,69; 39; 69; 10; 67; 32; 54; 20; 59; 30
9,11,0.26228,0.81818,19; 9; 11; 40; 22; 38; 10; 65; 37; 56
21,69,0.28948,0.30435,9; 21; 69; 29; 83; 63; 56; 38; 42; 33
19,38,0.33659,0.5,39; 19; 38; 18; 14; 80; 16; 63; 58; 82
70,81,0.1946,0.8642,78; 70; 81; 6; 68; 31; 41; 37; 42; 19
23,65,0.30807,0.35385,40; 23; 65; 41; 58; 80; 34; 81; 35; 61
11,38,0.27942,0.28947,37; 11; 38; 77; 27; 5; 81; 44; 69; 12
21,73,0.27822,0.28767,64; 21; 73; 44; 61; 35; 63; 15; 16; 18
23,77,0.27401,0.2987,38; 23; 77; 80; 10; 21; 48; 69; 36; 79
24,69,0.29575,0.34783,12; 24; 69; 73; 58; 46; 49; 20; 36; 57
37,66,0.28949,0.56061,18; 37; 66; 79; 53; 76; 47; 32; 44; 43
6,12,0.23367,0.5,22; 6; 12; 74; 64; 78; 48; 65; 33; 35
53,63,0.25339,0.84127,30; 53; 63; 32; 71; 49; 45; 28; 21; 65
29,51,0.32736,0.56863,29; 29; 51; 28; 51; 81; 49; 44; 74; 15
41,82,0.24975,0.5,19; 41; 82; 48; 16; 31; 14; 48; 16; 55
30,35,0.33744,0.85714,5; 30; 35; 41; 6; 29; 45; 13; 83; 33
22,77,0.27347,0.28571,68; 22; 77; 81; 63; 14; 76; 58; 64; 84
20,67,0.2821,0.29851,22; 20; 67; 55; 75; 35; 45; 45; 16; 49
11,44,0.24716,0.25,51; 11; 44; 41; 52; 64; 17; 20; 74; 43
49,62,0.26486,0.79032,10; 49; 62; 65; 75; 57; 61; 54; 17; 11
21,71,0.28179,0.29577,81; 21; 71; 37; 54; 50; 15; 84; 80; 10
70,83,0.19286,0.84337,9; 70; 83; 43; 51; 68; 22; 79; 41; 78
26,33,0.34289,0.78788,16; 26; 33; 70; 5; 42; 14; 31; 41; 71
21,42,0.34177,0.5,5; 21; 42; 50; 48; 24; 16; 32; 75; 60
46,55,0.28252,0.83636,76; 46; 55; 54; 31; 52; 45; 9; 46; 48
15,61,0.24695,0.2459,59; 15; 61; 72; 11; 37; 27; 63; 79; 71
17,53,0.29792,0.32075,13; 17; 53; 36; 10; 26; 22; 34; 41; 34
17,58,0.28219,0.2931,62; 17; 58; 52; 23; 59; 38; 25; 10; 21
14,47,0.28779,0.29787,82; 14; 47; 79; 37; 43; 21; 45; 80; 79
20,69,0.28126,0.28986,40; 20; 69; 56; 16; 70; 38; 56; 43; 14
12,43,0.26894,0.27907,60; 12; 43; 55; 49; 66; 44; 54; 76; 38
36,42,0.32039,0.85714,61; 36; 42; 37; 65; 37; 62; 50; 76; 54
61,76,0.21641,0.80263,65; 61; 76; 5; 75; 14; 16; 43; 35; 80
17,58,0.28456,0.2931,12; 17; 58; 82; 42; 68; 12; 15; 22; 30
12,24,0.32733,0.5,72; 12; 24; 6; 44; 38; 73; 57; 63; 54
18,49,0.31471,0.36735,14; 18; 49; 24; 44; 27; 45; 25; 28; 46
26,81,0.27535,0.32099,81; 26; 81; 75; 6; 76; 18; 10; 17; 17
24,82,0.2586,0.29268,51; 24; 82; 16; 17; 27; 44; 43; 68; 11
14,57,0.2417,0.24561,73; 14; 57; 16; 72; 50; 49; 64; 25; 13
5,20,0.25504,0.25,38; 5; 20; 71; 8; 12; 43; 70; 10; 59
28,61,0.31253,0.45902,13; 28; 61; 44; 11; 65; 53; 6; 77; 54
5,21,0.24295,0.2381,37; 5; 21; 77; 81; 38; 25; 47; 81; 67
28,84,0.26999,0.33333,28; 28; 84; 60; 74; 72; 29; 8; 13; 11
8,32,0.24729,0.25,41; 8; 32; 18; 75; 18; 55; 27; 30; 31
42,49,0.28959,0.85714,22; 42; 49; 26; 11; 55; 63; 64; 19; 7
5,21,0.23972,0.2381,29; 5; 21; 51; 8; 18; 50; 57; 6; 58
37,46,0.31861,0.80435,58; 37; 46; 8; 18; 54; 5; 72; 34; 6
18,54,0.30543,0.33333,15; 18; 54; 45; 51; 7; 37; 36; 32; 31
24,52,0.33079,0.46154,70; 24; 52; 33; 7; 31; 83; 28; 5; 51
18,63,0.27447,0.28571,54; 18; 63; 62; 69; 23; 73; 40; 49; 6
14,47,0.28825,0.29787,15; 14; 47; 41; 19; 76; 47; 35; 29; 75
61,71,0.22419,0.85915,72; 61; 71; 85; 49; 41; 83; 13; 17; 64
23,73,0.28594,0.31507,47; 23; 73; 12; 31; 5; 54; 81; 21; 63
19,54,0.30844,0.35185,82; 19; 54; 78; 33; 38; 57; 49; 24; 65
25,51,0.33155,0.4902,6; 25; 51; 13; 12; 68; 24; 14; 58; 70
31,36,0.33847,0.86111,77; 31; 36; 72; 16; 53; 38; 31; 12; 35
16,66,0.24188,0.24242,41; 16; 66; 70; 61; 77; 24; 78; 65; 13
25,85,0.25883,0.29412,36; 25; 85; 58; 79; 53; 45; 32; 51; 16
41,50,0.29836,0.82,41; 41; 50; 20; 36; 43; 9; 61; 53; 85
28,49,0.33137,0.57143,50; 28; 49; 56; 22; 66; 18; 43; 15; 23
20,83,0.24211,0.24096,63; 20; 83; 65; 10; 59; 45; 85; 79; 42
25,82,0.2669,0.30488,18; 25; 82; 9; 25; 20; 60; 66; 73; 84
25,84,0.2585,0.29762,76; 25; 84; 76; 32; 20; 75; 64; 63; 77
59,75,0.20762,0.78667,16; 59; 75; 11; 11; 12; 61; 73; 85; 54
15,63,0.23708,0.2381,77; 15; 63; 32; 11; 42; 49; 29; 66; 52
16,58,0.27022,0.27586,10; 16; 58; 36; 32; 53; 12; 40; 75; 77
14,50,0.27451,0.28,11; 14; 50; 68; 79; 81; 73; 46; 7; 70
47,83,0.21748,0.56627,28; 47; 83; 70; 58; 28; 53; 49; 5; 41
23,47,0.33537,0.48936,53; 23; 47; 31; 30; 84; 27; 69; 13; 77
20,69,0.28017,0.28986,54; 20; 69; 34; 64; 82; 18; 51; 14; 36
14,56,0.24851,0.25,65; 14; 56; 26; 27; 26; 23; 56; 64; 51
17,59,0.27897,0.28814,49; 17; 59; 32; 27; 69; 66; 8; 9; 17
63,75,0.20171,0.84,76; 63; 75; 13; 40; 69; 56; 7; 29; 13
68,81,0.20265,0.83951,7; 68; 81; 43; 7; 20; 83; 41; 56; 45
19,39,0.33556,0.48718,57; 19; 39; 8; 17; 46; 13; 56; 18; 11
19,58,0.30086,0.32759,53; 19; 58; 61; 66; 68; 29; 75; 42; 50
18,71,0.25251,0.25352,67; 18; 71; 68; 47; 67; 8; 57; 26; 33
21,37,0.34439,0.56757,75; 21; 37; 36; 50; 58; 79; 54; 57; 29
14,58,0.23948,0.24138,20; 14; 58; 20; 49; 64; 55; 70; 65; 41
27,59,0.31222,0.45763,26; 27; 59; 78; 36; 63; 57; 79; 85; 56
27,83,0.26877,0.3253,74; 27; 83; 47; 71; 17; 77; 52; 40; 15
22,63,0.30476,0.34921,17; 22; 63; 36; 76; 53; 83; 44; 28; 63
25,76,0.27352,0.32895,34; 25; 76; 46; 78; 40; 61; 13; 61; 73
19,63,0.2877,0.30159,16; 19; 63; 70; 70; 46; 67; 32; 80; 75
31,83,0.25602,0.37349,68; 31; 83; 25; 82; 27; 57; 9; 40; 38
14,48,0.28493,0.29167,23; 14; 48; 20; 56; 73; 66; 60; 70; 61
45,57,0.28206,0.78947,17; 45; 57; 54; 66; 27; 69; 84; 33; 69
12,40,0.2843,0.3,85; 12; 40; 84; 8; 23; 51; 82; 46; 16
22,73,0.28549,0.30137,47; 22; 73; 51; 13; 50; 79; 18; 42; 78
10,35,0.27712,0.28571,15; 10; 35; 61; 42; 67; 52; 30; 31; 84
12,15,0.31684,0.8,38; 12; 15; 36; 21; 14; 12; 70; 15; 43
10,42,0.23861,0.2381,11; 10; 42; 62; 16; 67; 29; 67; 80; 55
24,28,0.34517,0.85714,44; 24; 28; 45; 75; 34; 62; 23; 48; 51
35,76,0.27046,0.46053,64; 35; 76; 51; 46; 68; 12; 15; 83; 83
6,7,0.16054,0.85714,26; 6; 7; 18; 71; 50; 84; 77; 40; 59
34,60,0.31141,0.56667,35; 34; 60; 51; 27; 82; 68; 15; 33; 69
29,51,0.31942,0.56863,70; 29; 51; 44; 55; 25; 65; 18; 47; 20
13,53,0.24333,0.24528,59; 13; 53; 34; 15; 65; 32; 68; 10; 84
38,83,0.25606,0.45783,16; 38; 83; 46; 63; 42; 13; 55; 73; 28
39,70,0.27797,0.55714,24; 39; 70; 57; 85; 7; 63; 47; 50; 70
28,79,0.25618,0.35443,76; 28; 79; 61; 80; 13; 23; 18; 27; 12
24,79,0.27824,0.3038,34; 24; 79; 27; 36; 34; 49; 14; 46; 30
19,63,0.29082,0.30159,5; 19; 63; 20; 32; 63; 57; 69; 45; 69
22,68,0.29864,0.32353,22; 22; 68; 11; 67; 62; 33; 14; 67; 26
14,38,0.31479,0.36842,56; 14; 38; 57; 56; 66; 79; 54; 26; 69
19,59,0.29995,0.32203,28; 19; 59; 7; 49; 24; 11; 32; 27; 9
29,51,0.32652,0.56863,58; 29; 51; 21; 53; 81; 32; 85; 63; 64
20,85,0.23496,0.23529,38; 20; 85; 48; 70; 23; 53; 8; 64; 29
64,81,0.20792,0.79012,73; 64; 81; 43; 36; 79; 61; 74; 78; 41
16,50,0.29916,0.32,58; 16; 50; 33; 71; 69; 31; 64; 80; 10
49,61,0.26296,0.80328,55; 49; 61; 66; 23; 37; 78; 74; 12; 41
31,63,0.31629,0.49206,10; 31; 63; 70; 45; 14; 48; 59; 42; 41
15,43,0.30587,0.34884,35; 15; 43; 81; 48; 84; 25; 52; 35; 13
21,85,0.24908,0.24706,66; 21; 85; 19; 33; 49; 66; 13; 63; 67
27,54,0.32284,0.5,67; 27; 54; 64; 60; 11; 22; 71; 57; 31
51,62,0.26206,0.82258,68; 51; 62; 29; 24; 84; 27; 85; 7; 75
25,75,0.28233,0.33333,29; 25; 75; 77; 56; 37; 44; 15; 56; 60
53,63,0.24667,0.84127,82; 53; 63; 51; 78; 60; 63; 17; 66; 49
21,74,0.27381,0.28378,25; 21; 74; 9; 82; 35; 36; 65; 81; 41
19,58,0.29971,0.32759,38; 19; 58; 79; 10; 17; 55; 8; 48; 63
17,30,0.33854,0.56667,61; 17; 30; 82; 11; 84; 9; 82; 63; 53
23,70,0.29596,0.32857,57; 23; 70; 16; 46; 35; 71; 54; 43; 33
18,74,0.24252,0.24324,63; 18; 74; 29; 7; 18; 26; 6; 64; 84
25,77,0.28109,0.32468,31; 25; 77; 61; 82; 24; 9; 11; 25; 40
15,63,0.23494,0.2381,5; 15; 63; 73; 57; 35; 44; 17; 73; 23
23,62,0.31183,0.37097,84; 23; 62; 58; 72; 85; 61; 42; 18; 11
8,34,0.23925,0.23529,7; 8; 34; 67; 82; 81; 53; 76; 12; 21
13,41,0.29313,0.31707,47; 13; 41; 48; 62; 31; 66; 9; 9; 7
18,61,0.28722,0.29508,24; 18; 61; 42; 61; 17; 33; 55; 48; 46
19,41,0.33505,0.46341,17; 19; 41; 52; 73; 31; 60; 57; 46; 83
23,46,0.33433,0.5,36; 23; 46; 80; 48; 5; 13; 75; 77; 28
53,66,0.24949,0.80303,23; 53; 66; 16; 64; 41; 68; 28; 34; 57
15,54,0.27297,0.27778,31; 15; 54; 78; 17; 71; 23; 55; 52; 37
42,84,0.24979,0.5,31; 42; 84; 84; 68; 23; 38; 23; 58; 31
24,43,0.34118,0.55814,60; 24; 43; 58; 85; 19; 70; 85; 40; 22
19,66,0.28704,0.28788,6; 19; 66; 11; 6; 40; 76; 34; 67; 33
26,80,0.27388,0.325,61; 26; 80; 77; 18; 80; 82; 71; 34; 35
39,70,0.25007,0.55714,14; 39; 70; 32; 29; 55; 39; 35; 40; 10
25,67,0.30553,0.37313,28; 25; 67; 73; 5; 35; 74; 11; 75; 30
24,49,0.334,0.4898,13; 24; 49; 58; 36; 35; 9; 60; 52; 80
13,54,0.23898,0.24074,63; 13; 54; 53; 54; 46; 6; 64; 36; 11
70,85,0.18626,0.82353,8; 70; 85; 84; 27; 73; 37; 59; 5; 8
31,39,0.33719,0.79487,61; 31; 39; 27; 65; 71; 28; 85; 27; 12
47,83,0.24826,0.56627,53; 47; 83; 11; 29; 59; 32; 63; 32; 79
25,50,0.33464,0.5,14; 25; 50; 24; 56; 78; 23; 37; 24; 39
41,83,0.23766,0.49398,74; 41; 83; 84; 75; 51; 84; 74; 30; 33
68,79,0.19596,0.86076,72; 68; 79; 84; 11; 82; 51; 48; 66; 55
18,63,0.27788,0.28571,21; 18; 63; 44; 68; 61; 11; 47; 40; 72
13,53,0.24188,0.24528,14; 13; 53; 84; 26; 41; 24; 7; 55; 33
19,68,0.27379,0.27941,56; 19; 68; 35; 32; 23; 26; 47; 31; 34
23,83,0.26922,0.27711,49; 23; 83; 84; 47; 5; 77; 82; 14; 12
28,49,0.33089,0.57143,40; 28; 49; 58; 25; 8; 32; 27; 71; 19
23,81,0.2724,0.28395,83; 23; 81; 51; 65; 51; 34; 73; 30; 70
18,32,0.34007,0.5625,61; 18; 32; 24; 32; 11; 82; 11; 11; 81
12,26,0.32436,0.46154,73; 12; 26; 15; 68; 80; 54; 37; 57; 23
19,60,0.29882,0.31667,25; 19; 60; 70; 63; 8; 74; 34; 77; 12
38,76,0.26738,0.5,64; 38; 76; 20; 19; 27; 24; 20; 65; 76
18,62,0.27827,0.29032,68; 18; 62; 63; 43; 35; 78; 27; 15; 32
63,73,0.21759,0.86301,28; 63; 73; 42; 60; 22; 34; 40; 62; 75
20,36,0.34133,0.55556,15; 20; 36; 75; 43; 82; 41; 32; 79; 11
50,61,0.25584,0.81967,25; 50; 61; 52; 12; 54; 5; 43; 15; 41
29,84,0.25633,0.34524,84; 29; 84; 40; 19; 45; 15; 48; 40; 63
38,78,0.25259,0.48718,13; 38; 78; 56; 26; 47; 56; 84; 11; 75
29,83,0.24682,0.3494,62; 29; 83; 44; 24; 80; 46; 21; 61; 60
18,21,0.34187,0.85714,50; 18; 21; 81; 60; 10; 34; 39; 51; 16
30,85,0.25798,0.35294,16; 30; 85; 53; 12; 58; 41; 64; 45; 22
22,62,0.31068,0.35484,50; 22; 62; 12; 69; 11; 53; 50; 23; 23
60,73,0.19449,0.82192,46; 60; 73; 55; 80; 64; 31; 51; 38; 13
29,83,0.264,0.3494,54; 29; 83; 79; 55; 42; 63; 63; 85; 84
17,52,0.30135,0.32692,26; 17; 52; 75; 28; 84; 7; 62; 42; 79
26,82,0.27519,0.31707,62; 26; 82; 14; 29; 85; 57; 76; 12; 73
34,70,0.29854,0.48571,29; 34; 70; 69; 72; 64; 46; 48; 59; 44
35,72,0.27864,0.48611,33; 35; 72; 57; 11; 62; 35; 11; 38; 6
24,73,0.29017,0.32877,43; 24; 73; 67; 5; 22; 73; 34; 47; 37
27,54,0.32543,0.5,66; 27; 54; 21; 15; 76; 46; 82; 70; 74
21,43,0.33695,0.48837,64; 21; 43; 59; 20; 74; 22; 60; 49; 54
10,41,0.24293,0.2439,42; 10; 41; 84; 68; 31; 50; 42; 50; 35
12,21,0.32981,0.57143,45; 12; 21; 71; 68; 7; 23; 6; 50; 17
28,49,0.32197,0.57143,18; 28; 49; 10; 85; 37; 27; 55; 44; 5
16,68,0.23153,0.23529,40; 16; 68; 72; 13; 50; 27; 50; 53; 42
65,79,0.18577,0.82278,79; 65; 79; 68; 57; 25; 6; 8; 54; 31
23,62,0.31096,0.37097,76; 23; 62; 82; 47; 20; 23; 71; 47; 25
25,85,0.25319,0.29412,41; 25; 85; 7; 85; 63; 31; 56; 76; 67
15,47,0.29509,0.31915,37; 15; 47; 35; 33; 42; 26; 21; 17; 60
34,61,0.30875,0.55738,62; 34; 61; 13; 76; 79; 25; 66; 64; 75
27,77,0.28526,0.35065,42; 27; 77; 22; 69; 65; 48; 78; 34; 58
44,55,0.28679,0.8,32; 44; 55; 15; 44; 58; 31; 59; 52; 39
17,52,0.30115,0.32692,48; 17; 52; 63; 48; 7; 15; 44; 77; 82
22,74,0.28186,0.2973,50; 22; 74; 17; 85; 62; 50; 15; 68; 6
47,56,0.28399,0.83929,32; 47; 56; 44; 24; 53; 22; 57; 9; 5
16,46,0.30749,0.34783,6; 16; 46; 72; 73; 67; 15; 16; 9; 15
14,50,0.27458,0.28,72; 14; 50; 41; 79; 63; 57; 39; 43; 54
41,84,0.24796,0.4881,35; 41; 84; 15; 69; 53; 37; 10; 30; 9
16,48,0.30467,0.33333,55; 16; 48; 74; 39; 11; 82; 11; 58; 65
18,62,0.28254,0.29032,82; 18; 62; 10; 22; 59; 48; 34; 50; 35
14,49,0.28075,0.28571,21; 14; 49; 19; 14; 45; 84; 5; 30; 59
7,28,0.24714,0.25,49; 7; 28; 44; 42; 63; 40; 45; 45; 17
13,52,0.24789,0.25,50; 13; 52; 9; 83; 23; 62; 39; 14; 13
40,50,0.30324,0.8,72; 40; 50; 72; 45; 41; 62; 76; 28; 58
58,71,0.23697,0.8169,57; 58; 71; 36; 21; 42; 82; 42; 84; 25
65,77,0.17762,0.84416,19; 65; 77; 46; 59; 73; 85; 42; 24; 29
43,51,0.29884,0.84314,7; 43; 51; 15; 15; 37; 78; 49; 30; 30
42,74,0.26358,0.56757,37; 42; 74; 42; 51; 79; 33; 61; 16; 34
72,84,0.19199,0.85714,34; 72; 84; 73; 84; 14; 52; 49; 67; 12
16,63,0.25188,0.25397,42; 16; 63; 12; 54; 24; 27; 34; 33; 39
36,79,0.27198,0.4557,32; 36; 79; 70; 20; 15; 39; 26; 27; 27
18,63,0.27539,0.28571,9; 18; 63; 48; 74; 85; 66; 59; 7; 35
63,73,0.21915,0.86301,21; 63; 73; 84; 37; 82; 26; 29; 11; 70
24,30,0.34541,0.8,45; 24; 30; 59; 70; 6; 32; 76; 66; 67
22,63,0.30995,0.34921,70; 22; 63; 81; 47; 46; 76; 46; 39; 7
5,15,0.23985,0.33333,49; 5; 15; 49; 48; 27; 71; 13; 17; 21
20,81,0.24443,0.24691,46; 20; 81; 39; 45; 5; 52; 42; 45; 12
23,66,0.30429,0.34848,36; 23; 66; 6; 61; 17; 43; 77; 31; 12
42,50,0.30417,0.84,8; 42; 50; 63; 49; 20; 44; 26; 79; 39
52,65,0.25543,0.8,27; 52; 65; 54; 35; 85; 67; 20; 44; 75
25,83,0.26188,0.3012,67; 25; 83; 66; 80; 74; 72; 63; 7; 56
24,28,0.34257,0.85714,8; 24; 28; 24; 28; 29; 5; 10; 28; 69
9,11,0.25425,0.81818,77; 9; 11; 75; 13; 11; 62; 57; 44; 26
13,39,0.30267,0.33333,78; 13; 39; 36; 28; 30; 39; 22; 47; 67
29,79,0.24797,0.36709,12; 29; 79; 29; 75; 11; 22; 67; 50; 81
24,52,0.33148,0.46154,19; 24; 52; 54; 16; 56; 25; 24; 68; 32
27,54,0.32328,0.5,33; 27; 54; 51; 60; 41; 85; 29; 49; 66
44,51,0.29472,0.86275,35; 44; 51; 52; 16; 63; 52; 41; 11; 77
36,42,0.32352,0.85714,29; 36; 42; 23; 48; 18; 8; 77; 39; 17
13,23,0.33189,0.56522,38; 13; 23; 70; 44; 8; 56; 55; 81; 77
17,48,0.30943,0.35417,46; 17; 48; 11; 51; 17; 74; 42; 23; 51
24,30,0.34354,0.8,64; 24; 30; 5; 83; 36; 80; 42; 34; 33
31,39,0.31659,0.79487,43; 31; 39; 55; 50; 14; 56; 43; 83; 37
61,73,0.22331,0.83562,51; 61; 73; 29; 33; 48; 55; 9; 10; 72
30,53,0.32379,0.56604,17; 30; 53; 56; 10; 83; 70; 79; 80; 10
33,66,0.30277,0.5,28; 33; 66; 29; 12; 62; 19; 72; 48; 51
58,73,0.21361,0.79452,17; 58; 73; 9; 67; 64; 76; 12; 41; 24
14,56,0.24595,0.25,31; 14; 56; 33; 59; 68; 57; 73; 13; 34
36,64,0.29031,0.5625,17; 36; 64; 11; 25; 31; 22; 20; 74; 20
18,21,0.34301,0.85714,63; 18; 21; 12; 59; 80; 8; 8; 6; 32
27,82,0.26911,0.32927,14; 27; 82; 75; 16; 85; 69; 10; 27; 9
21,65,0.29319,0.32308,17; 21; 65; 51; 64; 73; 58; 30; 42; 25
38,68,0.27579,0.55882,63; 38; 68; 75; 83; 27; 8; 36; 74; 32
22,45,0.33791,0.48889,31; 22; 45; 28; 84; 44; 68; 48; 66; 37
42,74,0.25571,0.56757,50; 42; 74; 64; 23; 48; 27; 26; 58; 14
18,74,0.24011,0.24324,39; 18; 74; 71; 79; 47; 10; 73; 59; 76
6,18,0.27766,0.33333,23; 6; 18; 10; 73; 30; 30; 33; 63; 57
48,57,0.276,0.84211,63; 48; 57; 7; 71; 75; 34; 15; 79; 72
15,62,0.24099,0.24194,47; 15; 62; 14; 40; 14; 65; 68; 39; 78
29,58,0.31527,0.5,53; 29; 58; 79; 72; 26; 82; 19; 48; 68
31,62,0.30757,0.5,9; 31; 62; 81; 33; 71; 58; 37; 59; 26
11,44,0.24677,0.25,50; 11; 44; 37; 12; 28; 8; 84; 78; 51
66,84,0.19901,0.78571,49; 66; 84; 50; 25; 21; 67; 39; 18; 31
16,57,0.27335,0.2807,16; 16; 57; 40; 19; 33; 74; 53; 12; 75
60,75,0.21601,0.8,73; 60; 75; 76; 12; 75; 15; 28; 67; 62
14,56,0.24674,0.25,8; 14; 56; 32; 71; 20; 49; 9; 26; 48
48,84,0.21022,0.57143,52; 48; 84; 14; 8; 23; 30; 81; 17; 44
25,78,0.27636,0.32051,12; 25; 78; 31; 24; 29; 51; 31; 73; 84
54,63,0.24982,0.85714,72; 54; 63; 54; 36; 40; 47; 72; 26; 41
18,72,0.24509,0.25,59; 18; 72; 77; 49; 34; 54; 9; 29; 27
21,73,0.27724,0.28767,74; 21; 73; 38; 23; 20; 39; 7; 12; 67
24,80,0.27199,0.3,63; 24; 80; 17; 10; 22; 7; 49; 27; 55
17,69,0.24782,0.24638,80; 17; 69; 34; 10; 7; 34; 71; 73; 21
16,63,0.25329,0.25397,28; 16; 63; 22; 11; 74; 62; 58; 37; 25
54,68,0.23211,0.79412,74; 54; 68; 31; 77; 63; 48; 24; 64; 35
19,51,0.31644,0.37255,73; 19; 51; 9; 77; 69; 7; 59; 85; 32
34,70,0.29125,0.48571,5; 34; 70; 44; 74; 40; 18; 46; 78; 32
16,63,0.25504,0.25397,5; 16; 63; 36; 33; 8; 21; 75; 67; 29
10,40,0.24973,0.25,83; 10; 40; 24; 7; 71; 6; 42; 62; 30
15,50,0.28645,0.3,79; 15; 50; 23; 31; 12; 18; 50; 73; 71
39,84,0.26543,0.46429,84; 39; 84; 62; 9; 24; 68; 21; 80; 72
16,32,0.33338,0.5,58; 16; 32; 47; 24; 13; 75; 5; 39; 50
16,55,0.28295,0.29091,27; 16; 55; 48; 61; 82; 59; 74; 47; 56
13,51,0.24841,0.2549,34; 13; 51; 47; 58; 68; 8; 49; 83; 85
63,73,0.21986,0.86301,58; 63; 73; 47; 68; 47; 75; 70; 77; 52
71,85,0.1941,0.83529,63; 71; 85; 56; 28; 62; 50; 28; 84; 74
23,77,0.27851,0.2987,67; 23; 77; 53; 17; 76; 74; 77; 70; 65
20,72,0.26768,0.27778,71; 20; 72; 79; 22; 55; 36; 81; 43; 44
34,69,0.29173,0.49275,40; 34; 69; 28; 68; 80; 75; 76; 33; 48
63,80,0.21509,0.7875,5; 63; 80; 46; 78; 31; 44; 56; 12; 33
28,56,0.32173,0.5,55; 28; 56; 15; 5; 39; 79; 12; 13; 62
20,68,0.28444,0.29412,29; 20; 68; 80; 43; 13; 82; 39; 77; 19
19,76,0.24983,0.25,58; 19; 76; 53; 62; 84; 23; 57; 51; 42
23,72,0.28945,0.31944,77; 23; 72; 65; 29; 70; 69; 44; 24; 50
35,72,0.28464,0.48611,24; 35; 72; 70; 39; 73; 37; 67; 8; 20
40,81,0.24445,0.49383,33; 40; 81; 53; 10; 22; 67; 83; 13; 41
29,83,0.25665,0.3494,38; 29; 83; 81; 68; 85; 85; 10; 61; 29
40,49,0.30111,0.81633,58; 40; 49; 47; 31; 18; 62; 30; 81; 14
17,35,0.33785,0.48571,72; 17; 35; 24; 81; 41; 51; 45; 32; 51
38,77,0.2575,0.49351,76; 38; 77; 26; 85; 5; 46; 75; 76; 6
18,39,0.33632,0.46154,85; 18; 39; 11; 62; 62; 70; 45; 13; 7
60,75,0.21567,0.8,72; 60; 75; 22; 50; 21; 43; 77; 49; 52
13,52,0.25037,0.25,84; 13; 52; 12; 6; 39; 21; 39; 56; 48
40,71,0.28635,0.56338,61; 40; 71; 70; 43; 36; 70; 48; 80; 28
21,69,0.29058,0.30435,15; 21; 69; 11; 79; 51; 63; 8; 30; 27
24,49,0.32877,0.4898,79; 24; 49; 45; 68; 14; 49; 42; 42; 59
35,63,0.30464,0.55556,60; 35; 63; 16; 82; 7; 82; 11; 68; 30
27,85,0.24421,0.31765,64; 27; 85; 64; 85; 55; 85; 16; 29; 16
19,77,0.25021,0.24675,11; 19; 77; 29; 79; 11; 71; 48; 41; 81
46,80,0.23311,0.575,49; 46; 80; 74; 42; 9; 42; 60; 5; 49
29,52,0.3278,0.55769,36; 29; 52; 64; 21; 59; 17; 19; 15; 76
23,65,0.30953,0.35385,40; 23; 65; 80; 23; 22; 77; 5; 63; 72
14,59,0.23397,0.23729,72; 14; 59; 11; 37; 58; 63; 72; 36; 75
14,46,0.2879,0.30435,43; 14; 46; 40; 39; 54; 16; 81; 37; 53
43,51,0.30041,0.84314,6; 43; 51; 6; 18; 31; 6; 16; 10; 6
63,80,0.19695,0.7875,85; 63; 80; 11; 34; 26; 80; 16; 58; 78
8,33,0.23714,0.24242,59; 8; 33; 14; 53; 28; 47; 11; 84; 25
25,75,0.2874,0.33333,31; 25; 75; 56; 58; 70; 75; 39; 65; 47
56,65,0.22382,0.86154,7; 56; 65; 38; 61; 45; 63; 11; 29; 28
8,25,0.28935,0.32,67; 8; 25; 29; 41; 12; 59; 46; 77; 51
64,80,0.18517,0.8,41; 64; 80; 29; 55; 58; 23; 65; 57; 59
20,60,0.30382,0.33333,32; 20; 60; 45; 34; 55; 37; 55; 8; 44
23,73,0.2917,0.31507,63; 23; 73; 15; 68; 68; 58; 67; 42; 44
11,24,0.32222,0.45833,10; 11; 24; 34; 84; 30; 80; 63; 32; 29
28,76,0.28381,0.36842,5; 28; 76; 26; 53; 44; 20; 22; 23; 50
18,39,0.33516,0.46154,66; 18; 39; 60; 7; 51; 59; 24; 21; 13
60,70,0.22815,0.85714,85; 60; 70; 10; 66; 46; 17; 54; 23; 71
24,69,0.30037,0.34783,82; 24; 69; 66; 34; 16; 58; 5; 8; 78
16,56,0.27546,0.28571,27; 16; 56; 38; 22; 48; 76; 10; 10; 81
25,54,0.32835,0.46296,28; 25; 54; 75; 60; 14; 85; 44; 38; 72
25,45,0.33619,0.55556,82; 25; 45; 85; 41; 26; 74; 49; 20; 32
31,54,0.315,0.57407,9; 31; 54; 46; 23; 29; 19; 61; 9; 67
18,51,0.31326,0.35294,75; 18; 51; 5; 84; 60; 14; 72; 18; 25
22,79,0.26928,0.27848,45; 22; 79; 5; 49; 64; 8; 15; 19; 16
63,80,0.20951,0.7875,73; 63; 80; 30; 61; 72; 46; 47; 27; 26
13,44,0.28494,0.29545,33; 13; 44; 49; 26; 60; 41; 33; 30; 34
22,78,0.27449,0.28205,80; 22; 78; 30; 52; 21; 30; 69; 28; 51
44,79,0.23386,0.55696,34; 44; 79; 77; 60; 58; 25; 52; 61; 85
25,51,0.33026,0.4902,23; 25; 51; 10; 82; 78; 22; 45; 50; 72
12,49,0.24159,0.2449,66; 12; 49; 66; 78; 51; 40; 18; 23; 80
35,72,0.26794,0.48611,74; 35; 72; 67; 6; 44; 82; 80; 51; 51
62,76,0.20002,0.81579,81; 62; 76; 77; 65; 56; 8; 25; 62; 48
31,67,0.3054,0.46269,6; 31; 67; 10; 5; 17; 74; 75; 75; 35
15,27,0.33849,0.55556,65; 15; 27; 64; 51; 6; 40; 33; 17; 59
60,75,0.22112,0.8,35; 60; 75; 22; 49; 11; 59; 43; 13; 48
33,66,0.29265,0.5,70; 33; 66; 22; 54; 50; 37; 62; 72; 44
20,83,0.24003,0.24096,67; 20; 83; 78; 29; 84; 55; 47; 26; 48
21,66,0.29595,0.31818,65; 21; 66; 47; 38; 56; 17; 54; 52; 9
48,84,0.22402,0.57143,68; 48; 84; 71; 29; 80; 33; 20; 18; 7
13,55,0.23129,0.23636,29; 13; 55; 11; 26; 52; 71; 24; 43; 83
22,59,0.31153,0.37288,5; 22; 59; 69; 10; 61; 15; 36; 78; 72
34,74,0.27309,0.45946,28; 34; 74; 5; 31; 71; 8; 53; 30; 84
14,59,0.23579,0.23729,62; 14; 59; 66; 61; 70; 82; 36; 8; 71
25,54,0.3141,0.46296,6; 25; 54; 25; 59; 24; 50; 36; 27; 49
19,63,0.28864,0.30159,8; 19; 63; 50; 7; 68; 70; 12; 20; 48
13,46,0.27272,0.28261,69; 13; 46; 28; 70; 81; 68; 63; 79; 68
18,62,0.27919,0.29032,22; 18; 62; 49; 19; 32; 16; 76; 26; 78
52,65,0.24856,0.8,9; 52; 65; 24; 77; 74; 61; 66; 29; 80
21,76,0.26846,0.27632,64; 21; 76; 25; 60; 22; 58; 71; 33; 75
33,68,0.28577,0.48529,40; 33; 68; 15; 68; 51; 40; 74; 39; 57
45,55,0.28234,0.81818,35; 45; 55; 6; 47; 27; 6; 84; 82; 29
34,60,0.31233,0.56667,84; 34; 60; 30; 28; 83; 76; 42; 27; 48
52,66,0.25128,0.78788,82; 52; 66; 39; 28; 57; 59; 56; 71; 77
20,36,0.34109,0.55556,85; 20; 36; 41; 76; 52; 16; 62; 43; 62
16,20,0.33277,0.8,39; 16; 20; 29; 33; 35; 71; 60; 20; 66
37,46,0.32053,0.80435,52; 37; 46; 53; 46; 66; 85; 32; 39; 53
59,75,0.20844,0.78667,6; 59; 75; 67; 71; 64; 73; 41; 26; 55
25,50,0.32852,0.5,43; 25; 50; 22; 6; 20; 18; 46; 10; 43
39,79,0.26003,0.49367,28; 39; 79; 43; 11; 52; 70; 53; 66; 56
68,81,0.19816,0.83951,35; 68; 81; 41; 36; 82; 74; 47; 28; 14
67,85,0.18618,0.78824,43; 67; 85; 34; 55; 13; 80; 71; 14; 47
37,65,0.28927,0.56923,37; 37; 65; 75; 65; 39; 72; 9; 5; 45
27,33,0.33892,0.81818,45; 27; 33; 70; 9; 37; 28; 47; 25; 83
10,18,0.31211,0.55556,62; 10; 18; 11; 35; 55; 44; 84; 49; 79
12,36,0.29674,0.33333,82; 12; 36; 35; 7; 51; 73; 60; 80; 49
7,28,0.24618,0.25,17; 7; 28; 36; 24; 61; 30; 22; 75; 60
24,30,0.3464,0.8,65; 24; 30; 76; 72; 8; 20; 20; 83; 6
15,52,0.28333,0.28846,52; 15; 52; 8; 13; 12; 72; 9; 45; 56
49,61,0.24949,0.80328,75; 49; 61; 82; 19; 25; 7; 47; 40; 80
11,39,0.27523,0.28205,28; 11; 39; 54; 47; 10; 15; 37; 32; 54
31,36,0.34008,0.86111,46; 31; 36; 18; 6; 69; 62; 46; 30; 73
69,80,0.19905,0.8625,81; 69; 80; 8; 63; 15; 17; 74; 45; 49
14,47,0.28515,0.29787,46; 14; 47; 73; 83; 56; 11; 14; 52; 77
67,85,0.1919,0.78824,52; 67; 85; 55; 48; 76; 72; 60; 80; 17
23,69,0.29694,0.33333,82; 23; 69; 18; 13; 64; 60; 80; 64; 26
12,43,0.27141,0.27907,55; 12; 43; 72; 40; 13; 61; 27; 13; 54
9,27,0.29551,0.33333,28; 9; 27; 27; 17; 73; 67; 8; 79; 65
16,63,0.25072,0.25397,22; 16; 63; 37; 38; 63; 65; 26; 36; 71
24,79,0.27524,0.3038,54; 24; 79; 19; 80; 16; 9; 23; 20; 19
19,79,0.24332,0.24051,29; 19; 79; 8; 15; 11; 62; 28; 65; 12
14,38,0.3109,0.36842,46; 14; 38; 28; 46; 73; 35; 71; 42; 42
16,57,0.27359,0.2807,74; 16; 57; 48; 69; 83; 12; 78; 55; 25
7,23,0.28335,0.30435,85; 7; 23; 11; 61; 55; 45; 26; 83; 9
49,60,0.2683,0.81667,53; 49; 60; 79; 36; 35; 73; 33; 6; 5
64,81,0.20558,0.79012,50; 64; 81; 19; 5; 26; 46; 78; 23; 57
22,44,0.33853,0.5,5; 22; 44; 19; 77; 18; 41; 26; 18; 70
42,51,0.2935,0.82353,12; 42; 51; 28; 83; 5; 17; 52; 47; 6
10,42,0.2384,0.2381,69; 10; 42; 62; 34; 26; 25; 83; 85; 33
21,57,0.31615,0.36842,51; 21; 57; 80; 27; 13; 68; 42; 49; 81
24,69,0.30034,0.34783,80; 24; 69; 68; 68; 66; 76; 7; 17; 15
49,60,0.26164,0.81667,13; 49; 60; 79; 18; 34; 57; 80; 73; 80
18,76,0.23169,0.23684,14; 18; 76; 17; 9; 48; 16; 16; 44; 62
12,43,0.27307,0.27907,74; 12; 43; 45; 76; 19; 58; 51; 81; 72
14,58,0.2377,0.24138,24; 14; 58; 77; 20; 70; 29; 54; 7; 50
49,60,0.26426,0.81667,42; 49; 60; 40; 21; 35; 8; 10; 37; 44
44,78,0.23494,0.5641,69; 44; 78; 23; 54; 79; 51; 76; 46; 36
24,84,0.26553,0.28571,36; 24; 84; 65; 30; 28; 30; 16; 73; 10
17,35,0.33419,0.48571,83; 17; 35; 54; 20; 19; 66; 68; 45; 29
67,80,0.19068,0.8375,83; 67; 80; 41; 78; 5; 74; 39; 37; 19
14,43,0.29786,0.32558,60; 14; 43; 59; 68; 29; 26; 19; 48; 40
51,64,0.24741,0.79688,48; 51; 64; 62; 76; 44; 37; 18; 7; 63
37,75,0.25956,0.49333,39; 37; 75; 27; 28; 18; 84; 79; 49; 67
50,58,0.26055,0.86207,85; 50; 58; 34; 7; 60; 42; 50; 8; 14
67,80,0.20812,0.8375,80; 67; 80; 32; 61; 16; 30; 30; 20; 59
67,78,0.21151,0.85897,55; 67; 78; 17; 55; 12; 44; 23; 59; 77
13,46,0.27586,0.28261,72; 13; 46; 10; 52; 12; 24; 27; 30; 70
38,48,0.31586,0.79167,6; 38; 48; 79; 25; 14; 58; 44; 75; 19
14,46,0.28957,0.30435,51; 14; 46; 74; 70; 37; 27; 20; 29; 35
23,40,0.3393,0.575,47; 23; 40; 31; 45; 41; 53; 83; 51; 54
28,61,0.31556,0.45902,11; 28; 61; 33; 31; 26; 16; 46; 58; 61
26,52,0.32846,0.5,63; 26; 52; 44; 79; 15; 82; 15; 78; 44
37,47,0.31318,0.78723,55; 37; 47; 82; 75; 73; 31; 36; 55; 59
68,83,0.19729,0.81928,39; 68; 83; 82; 25; 84; 75; 34; 58; 42
8,33,0.23792,0.24242,28; 8; 33; 41; 84; 29; 57; 11; 59; 77
16,58,0.27242,0.27586,22; 16; 58; 25; 47; 75; 9; 5; 81; 13
8,33,0.23527,0.24242,16; 8; 33; 57; 59; 38; 46; 85; 36; 73
13,35,0.30826,0.37143,58; 13; 35; 23; 79; 51; 26; 78; 77; 54
22,74,0.28041,0.2973,73; 22; 74; 76; 39; 64; 18; 56; 18; 23
52,66,0.24513,0.78788,10; 52; 66; 49; 54; 9; 32; 26; 56; 33
26,33,0.34596,0.78788,32; 26; 33; 47; 72; 37; 84; 5; 14; 30
61,73,0.21867,0.83562,31; 61; 73; 64; 8; 13; 47; 83; 78; 22
27,33,0.34705,0.81818,71; 27; 33; 16; 6; 69; 43; 47; 15; 27
9,30,0.28188,0.3,76; 9; 30; 20; 78; 70; 61; 17; 59; 18
25,51,0.3277,0.4902,21; 25; 51; 5; 23; 8; 83; 59; 74; 59
22,59,0.31966,0.37288,26; 22; 59; 24; 60; 43; 76; 33; 11; 81
66,83,0.20242,0.79518,10; 66; 83; 85; 60; 38; 13; 57; 28; 71
28,80,0.27773,0.35,22; 28; 80; 68; 46; 69; 82; 73; 18; 43
18,76,0.23451,0.23684,68; 18; 76; 33; 58; 13; 41; 14; 33; 83
17,71,0.237,0.23944,17; 17; 71; 73; 53; 65; 72; 12; 46; 44
11,24,0.32382,0.45833,37; 11; 24; 79; 70; 10; 70; 19; 68; 51
8,32,0.24393,0.25,42; 8; 32; 19; 46; 84; 35; 8; 20; 32
17,30,0.34024,0.56667,70; 17; 30; 82; 44; 32; 75; 52; 21; 81
38,76,0.27292,0.5,28; 38; 76; 78; 57; 23; 23; 31; 25; 50
23,40,0.34051,0.575,59; 23; 40; 30; 43; 37; 7; 66; 71; 79
14,25,0.33427,0.56,67; 14; 25; 77; 37; 11; 55; 64; 24; 40
21,84,0.24904,0.25,35; 21; 84; 18; 25; 41; 57; 26; 53; 18
12,21,0.32863,0.57143,69; 12; 21; 44; 26; 9; 32; 12; 51; 58
12,49,0.24243,0.2449,49; 12; 49; 62; 19; 18; 48; 72; 67; 48
33,72,0.27474,0.45833,48; 33; 72; 24; 80; 49; 83; 64; 43; 57
32,69,0.29135,0.46377,15; 32; 69; 30; 47; 47; 40; 32; 5; 5
29,84,0.27064,0.34524,68; 29; 84; 69; 13; 42; 60; 44; 7; 79
26,82,0.26845,0.31707,43; 26; 82; 49; 19; 57; 55; 55; 26; 55
5,21,0.23794,0.2381,58; 5; 21; 79; 84; 60; 20; 70; 75; 37
49,58,0.27326,0.84483,28; 49; 58; 62; 6; 82; 84; 57; 83; 64
20,25,0.34189,0.8,14; 20; 25; 12; 68; 80; 39; 57; 34; 63
42,74,0.26136,0.56757,82; 42; 74; 42; 17; 73; 7; 23; 68; 46
27,55,0.32373,0.49091,60; 27; 55; 31; 32; 60; 68; 11; 15; 36
13,45,0.2808,0.28889,36; 13; 45; 83; 64; 44; 13; 67; 16; 13
36,45,0.3201,0.8,74; 36; 45; 16; 58; 27; 79; 18; 5; 29
9,30,0.28536,0.3,5; 9; 30; 45; 65; 57; 30; 61; 79; 74
57,68,0.22936,0.83824,8; 57; 68; 65; 67; 24; 59; 62; 33; 40
42,85,0.22908,0.49412,43; 42; 85; 7; 69; 74; 16; 29; 29; 20
22,62,0.31077,0.35484,69; 22; 62; 71; 31; 6; 70; 81; 80; 26
31,63,0.31563,0.49206,41; 31; 63; 66; 48; 25; 15; 70; 74; 77
6,20,0.28064,0.3,69; 6; 20; 77; 38; 39; 30; 73; 16; 12
38,77,0.26144,0.49351,32; 38; 77; 76; 5; 29; 30; 39; 84; 49
26,46,0.33623,0.56522,36; 26; 46; 30; 34; 8; 52; 30; 31; 71
67,78,0.20376,0.85897,65; 67; 78; 38; 53; 74; 26; 22; 57; 36
27,73,0.28983,0.36986,48; 27; 73; 19; 71; 13; 25; 13; 68; 79
31,83,0.25903,0.37349,57; 31; 83; 35; 70; 82; 59; 62; 79; 44
41,83,0.2325,0.49398,26; 41; 83; 24; 31; 46; 21; 39; 69; 40
22,59,0.31519,0.37288,27; 22; 59; 81; 52; 45; 10; 66; 45; 81
22,67,0.29803,0.32836,36; 22; 67; 74; 50; 84; 82; 54; 80; 68
32,65,0.29387,0.49231,24; 32; 65; 41; 67; 27; 53; 83; 32; 11
58,71,0.21517,0.8169,34; 58; 71; 41; 49; 44; 35; 85; 83; 8
19,78,0.25016,0.24359,19; 19; 78; 32; 46; 80; 44; 81; 17; 42
19,38,0.33579,0.5,24; 19; 38; 70; 78; 20; 31; 73; 51; 44
65,76,0.2062,0.85526,80; 65; 76; 24; 78; 16; 52; 58; 85; 29
17,71,0.23645,0.23944,67; 17; 71; 53; 32; 50; 64; 33; 55; 42
11,37,0.28499,0.2973,30; 11; 37; 5; 22; 79; 33; 13; 24; 67
23,41,0.34455,0.56098,63; 23; 41; 12; 76; 82; 22; 45; 7; 27
30,38,0.33958,0.78947,28; 30; 38; 9; 47; 74; 71; 18; 20; 29
19,75,0.25259,0.25333,19; 19; 75; 70; 31; 7; 56; 41; 24; 19
25,44,0.33361,0.56818,54; 25; 44; 71; 15; 58; 7; 40; 60; 62
12,50,0.23948,0.24,80; 12; 50; 39; 19; 28; 18; 54; 6; 40
46,81,0.22838,0.5679,56; 46; 81; 35; 79; 13; 58; 49; 19; 51
13,52,0.24852,0.25,33; 13; 52; 81; 18; 6; 46; 79; 55; 76
20,61,0.29921,0.32787,30; 20; 61; 64; 47; 19; 59; 22; 42; 44
20,36,0.3426,0.55556,11; 20; 36; 70; 26; 56; 59; 81; 42; 14
9,36,0.24793,0.25,54; 9; 36; 82; 47; 45; 70; 61; 9; 84
21,76,0.2725,0.27632,70; 21; 76; 79; 74; 62; 6; 57; 63; 5
24,65,0.30546,0.36923,6; 24; 65; 52; 40; 42; 10; 56; 25; 29
25,83,0.25881,0.3012,35; 25; 83; 53; 28; 43; 47; 73; 12; 48
22,44,0.34205,0.5,6; 22; 44; 82; 7; 23; 73; 9; 72; 14
6,7,0.16888,0.85714,16; 6; 7; 79; 8; 35; 76; 70; 79; 62
46,81,0.24957,0.5679,44; 46; 81; 78; 74; 59; 62; 75; 47; 27
21,75,0.27381,0.28,83; 21; 75; 76; 72; 14; 48; 80; 77; 10
26,53,0.32924,0.49057,78; 26; 53; 76; 60; 11; 61; 64; 16; 41
24,82,0.26671,0.29268,41; 24; 82; 82; 66; 63; 71; 60; 78; 24
38,78,0.27139,0.48718,63; 38; 78; 32; 38; 84; 62; 78; 44; 44
17,61,0.27675,0.27869,82; 17; 61; 14; 75; 32; 12; 14; 19; 30
33,41,0.32367,0.80488,74; 33; 41; 54; 40; 34; 9; 46; 54; 29
20,54,0.3187,0.37037,49; 20; 54; 69; 40; 58; 8; 6; 45; 65
9,28,0.29537,0.32143,78; 9; 28; 15; 71; 17; 30; 76; 8; 18
14,25,0.33655,0.56,72; 14; 25; 48; 70; 49; 73; 8; 49; 55
9,28,0.29413,0.32143,20; 9; 28; 80; 37; 63; 82; 55; 19; 72
15,54,0.27491,0.27778,33; 15; 54; 45; 47; 74; 75; 53; 72; 28
28,35,0.33725,0.8,75; 28; 35; 13; 23; 85; 76; 68; 37; 28
51,59,0.26617,0.86441,33; 51; 59; 21; 56; 83; 16; 76; 36; 32
33,42,0.32762,0.78571,39; 33; 42; 15; 78; 55; 83; 54; 56; 76
13,54,0.24035,0.24074,82; 13; 54; 69; 59; 31; 78; 53; 35; 55
40,71,0.26365,0.56338,74; 40; 71; 62; 28; 13; 50; 81; 34; 59
21,65,0.29958,0.32308,62; 21; 65; 29; 75; 9; 65; 79; 23; 33
32,39,0.32814,0.82051,5; 32; 39; 75; 57; 14; 80; 84; 67; 59
66,77,0.20559,0.85714,47; 66; 77; 67; 9; 35; 78; 25; 34; 83
18,55,0.30255,0.32727,6; 18; 55; 44; 12; 64; 29; 31; 63; 48
42,85,0.2496,0.49412,63; 42; 85; 78; 50; 39; 14; 28; 34; 83
19,55,0.30719,0.34545,72; 19; 55; 67; 9; 23; 45; 34; 39; 78
12,51,0.23299,0.23529,41; 12; 51; 60; 72; 49; 30; 58; 16; 52
18,56,0.29725,0.32143,25; 18; 56; 55; 71; 67; 68; 78; 45; 68
39,49,0.31614,0.79592,72; 39; 49; 74; 62; 26; 9; 76; 12; 14
18,49,0.31778,0.36735,22; 18; 49; 32; 75; 27; 29; 57; 67; 50
19,67,0.27737,0.28358,49; 19; 67; 19; 24; 66; 5; 81; 48; 40
29,84,0.27135,0.34524,53; 29; 84; 53; 13; 15; 29; 5; 10; 32
46,82,0.25139,0.56098,20; 46; 82; 51; 43; 18; 82; 59; 19; 75
13,35,0.30884,0.37143,6; 13; 35; 72; 28; 37; 51; 79; 62; 80
56,68,0.23486,0.82353,77; 56; 68; 6; 18; 85; 59; 69; 30; 59
51,64,0.26011,0.79688,51; 51; 64; 7; 73; 73; 58; 10; 29; 53
13,45,0.28127,0.28889,26; 13; 45; 35; 10; 8; 29; 84; 6; 43
39,85,0.25565,0.45882,36; 39; 85; 29; 17; 40; 27; 21; 19; 34
21,69,0.28735,0.30435,10; 21; 69; 43; 49; 47; 8; 42; 85; 61
18,21,0.34348,0.85714,42; 18; 21; 36; 68; 43; 34; 84; 76; 27
21,76,0.2642,0.27632,71; 21; 76; 72; 69; 45; 48; 39; 83; 19
32,65,0.30573,0.49231,76; 32; 65; 46; 58; 16; 26; 82; 55; 5
27,84,0.2717,0.32143,38; 27; 84; 15; 7; 8; 81; 75; 67; 50
55,70,0.23919,0.78571,40; 55; 70; 16; 65; 44; 46; 20; 13; 71
9,30,0.2849,0.3,35; 9; 30; 49; 60; 44; 63; 65; 23; 50
43,51,0.29782,0.84314,13; 43; 51; 51; 27; 47; 54; 19; 24; 36
19,66,0.27837,0.28788,57; 19; 66; 69; 59; 56; 77; 28; 47; 31
20,83,0.24269,0.24096,85; 20; 83; 83; 14; 24; 22; 16; 25; 26
35,72,0.28068,0.48611,37; 35; 72; 73; 61; 34; 85; 11; 16; 40
29,82,0.26001,0.35366,10; 29; 82; 31; 73; 64; 21; 37; 62; 62
25,67,0.30578,0.37313,68; 25; 67; 62; 28; 62; 60; 9; 15; 13
20,66,0.29261,0.30303,28; 20; 66; 55; 27; 75; 63; 74; 73; 45
49,61,0.26713,0.80328,36; 49; 61; 22; 39; 33; 45; 48; 28; 27
26,74,0.29016,0.35135,31; 26; 74; 6; 52; 82; 49; 81; 47; 47
36,42,0.3263,0.85714,82; 36; 42; 47; 55; 61; 12; 61; 72; 56
50,58,0.26736,0.86207,28; 50; 58; 66; 32; 43; 70; 70; 30; 30
21,75,0.27076,0.28,77; 21; 75; 35; 47; 85; 24; 79; 21; 6
17,68,0.24717,0.25,6; 17; 68; 57; 85; 32; 47; 23; 5; 64
19,66,0.28092,0.28788,74; 19; 66; 16; 18; 54; 56; 76; 75; 59
23,50,0.33283,0.46,60; 23; 50; 84; 5; 58; 37; 70; 80; 5
38,48,0.31848,0.79167,42; 38; 48; 78; 57; 46; 78; 83; 53; 74
19,76,0.25093,0.25,30; 19; 76; 42; 23; 36; 35; 52; 79; 39
21,83,0.25153,0.25301,66; 21; 83; 33; 27; 39; 52; 45; 85; 75
25,76,0.28108,0.32895,13; 25; 76; 21; 24; 71; 68; 5; 7; 13
22,28,0.34314,0.78571,85; 22; 28; 11; 57; 35; 67; 46; 31; 17
28,80,0.27554,0.35,35; 28; 80; 42; 57; 78; 55; 38; 27; 50
26,79,0.28032,0.32911,81; 26; 79; 78; 67; 36; 27; 76; 83; 8
19,80,0.23384,0.2375,29; 19; 80; 45; 5; 66; 69; 17; 20; 69
45,55,0.24624,0.81818,73; 45; 55; 27; 7; 23; 78; 67; 80; 71
37,43,0.32577,0.86047,74; 37; 43; 9; 16; 6; 61; 67; 25; 36
49,61,0.26284,0.80328,61; 49; 61; 71; 70; 57; 36; 5; 21; 37
16,55,0.28213,0.29091,51; 16; 55; 70; 12; 16; 56; 21; 72; 76
17,60,0.27598,0.28333,26; 17; 60; 85; 26; 32; 5; 25; 66; 78
20,66,0.29035,0.30303,27; 20; 66; 55; 11; 40; 11; 71; 76; 51
54,63,0.25261,0.85714,33; 54; 63; 21; 35; 70; 67; 66; 30; 61
5,18,0.26351,0.27778,56; 5; 18; 46; 74; 30; 62; 79; 29; 79
44,77,0.2418,0.57143,82; 44; 77; 38; 56; 40; 78; 71; 59; 45
24,68,0.29959,0.35294,45; 24; 68; 27; 82; 81; 10; 70; 9; 18
15,27,0.3353,0.55556,7; 15; 27; 31; 66; 75; 57; 31; 55; 58
34,70,0.27705,0.48571,20; 34; 70; 11; 23; 22; 50; 48; 30; 81
13,46,0.27242,0.28261,41; 13; 46; 25; 75; 58; 20; 67; 22; 76
8,24,0.29302,0.33333,65; 8; 24; 52; 80; 38; 32; 33; 20; 5
16,50,0.29839,0.32,21; 16; 50; 69; 7; 26; 41; 9; 23; 55
22,74,0.28511,0.2973,45; 22; 74; 30; 75; 26; 42; 48; 20; 51
62,78,0.2017,0.79487,75; 62; 78; 50; 32; 33; 80; 72; 18; 15
14,17,0.3304,0.82353,20; 14; 17; 25; 5; 76; 85; 49; 64; 82
13,35,0.30714,0.37143,10; 13; 35; 40; 82; 62; 70; 75; 29; 20
27,32,0.33838,0.84375,43; 27; 32; 46; 32; 84; 68; 35; 54; 67
7,25,0.2654,0.28,81; 7; 25; 67; 20; 39; 37; 6; 8; 38
24,73,0.29181,0.32877,20; 24; 73; 40; 49; 41; 58; 18; 51; 44
21,42,0.33562,0.5,11; 21; 42; 33; 21; 47; 73; 37; 45; 47
55,69,0.24985,0.7971,7; 55; 69; 45; 45; 42; 55; 35; 75; 27
19,79,0.24122,0.24051,64; 19; 79; 64; 59; 23; 28; 27; 8; 71
66,84,0.20875,0.78571,33; 66; 84; 83; 81; 55; 16; 43; 30; 55
73,85,0.19449,0.85882,20; 73; 85; 65; 85; 50; 48; 27; 59; 9
14,28,0.33178,0.5,70; 14; 28; 69; 44; 50; 69; 72; 11; 80
53,65,0.24119,0.81538,61; 53; 65; 74; 65; 70; 16; 79; 55; 31
16,48,0.3036,0.33333,43; 16; 48; 40; 36; 54; 41; 47; 78; 53
17,57,0.28665,0.29825,37; 17; 57; 12; 49; 65; 10; 13; 41; 42
21,76,0.26742,0.27632,78; 21; 76; 31; 66; 63; 49; 58; 80; 57
16,68,0.23226,0.23529,48; 16; 68; 17; 79; 20; 13; 20; 82; 31
18,56,0.29846,0.32143,62; 18; 56; 19; 7; 49; 51; 51; 57; 16
22,67,0.30091,0.32836,55; 22; 67; 33; 9; 23; 49; 27; 40; 7
18,72,0.24781,0.25,74; 18; 72; 23; 41; 46; 57; 43; 16; 30
48,84,0.22532,0.57143,49; 48; 84; 61; 39; 39; 27; 56; 61; 7
44,79,0.25921,0.55696,10; 44; 79; 65; 69; 32; 16; 57; 48; 5
18,62,0.27631,0.29032,72; 18; 62; 73; 57; 38; 54; 9; 17; 29
32,69,0.27841,0.46377,47; 32; 69; 26; 46; 47; 8; 51; 23; 77
16,46,0.31301,0.34783,15; 16; 46; 14; 71; 59; 18; 10; 60; 83
54,63,0.20351,0.85714,36; 54; 63; 27; 9; 84; 78; 45; 44; 70
26,80,0.2736,0.325,71; 26; 80; 28; 52; 61; 22; 8; 66; 5
47,59,0.27114,0.79661,5; 47; 59; 66; 38; 68; 35; 28; 58; 66
38,82,0.26788,0.46341,6; 38; 82; 27; 15; 48; 37; 12; 45; 34
41,72,0.26245,0.56944,38; 41; 72; 62; 37; 19; 35; 40; 52; 69
35,71,0.27393,0.49296,71; 35; 71; 17; 83; 71; 32; 5; 49; 29
15,59,0.25093,0.25424,19; 15; 59; 34; 72; 47; 38; 68; 48; 30
35,61,0.31101,0.57377,41; 35; 61; 28; 57; 34; 37; 27; 25; 52
39,70,0.26246,0.55714,76; 39; 70; 78; 81; 21; 63; 6; 75; 5
40,82,0.24154,0.4878,30; 40; 82; 51; 33; 12; 51; 48; 49; 40
66,79,0.17646,0.83544,11; 66; 79; 43; 85; 84; 60; 71; 36; 57
42,53,0.27724,0.79245,59; 42; 53; 35; 38; 63; 8; 33; 43; 17
23,72,0.28899,0.31944,54; 23; 72; 44; 56; 81; 78; 10; 11; 62
18,72,0.25163,0.25,63; 18; 72; 21; 5; 7; 74; 52; 67; 82
8,34,0.23057,0.23529,14; 8; 34; 57; 42; 24; 67; 56; 36; 18
11,30,0.30561,0.36667,24; 11; 30; 52; 35; 59; 27; 76; 63; 37
37,75,0.25551,0.49333,12; 37; 75; 71; 14; 74; 36; 10; 46; 63
14,44,0.29626,0.31818,58; 14; 44; 69; 49; 85; 77; 6; 75; 12
24,48,0.33405,0.5,77; 24; 48; 55; 20; 39; 48; 41; 58; 32
31,54,0.32313,0.57407,22; 31; 54; 53; 23; 15; 66; 15; 66; 10
14,56,0.2466,0.25,51; 14; 56; 32; 74; 82; 6; 43; 28; 79
18,54,0.30416,0.33333,84; 18; 54; 73; 46; 49; 51; 73; 35; 8
26,80,0.25096,0.325,15; 26; 80; 84; 83; 21; 69; 17; 31; 76
52,65,0.2439,0.8,27; 52; 65; 72; 38; 48; 66; 9; 40; 29
26,52,0.33013,0.5,13; 26; 52; 34; 61; 80; 39; 10; 5; 61
26,70,0.29888,0.37143,83; 26; 70; 45; 14; 84; 45; 15; 10; 26
40,72,0.25445,0.55556,63; 40; 72; 29; 85; 33; 6; 28; 43; 11
21,69,0.29111,0.30435,38; 21; 69; 71; 16; 73; 64; 27; 16; 57
25,68,0.29905,0.36765,32; 25; 68; 26; 49; 82; 48; 27; 31; 40
40,50,0.30381,0.8,42; 40; 50; 38; 8; 13; 18; 39; 5; 53
21,83,0.25478,0.25301,53; 21; 83; 10; 40; 73; 23; 39; 18; 11
36,64,0.30129,0.5625,60; 36; 64; 37; 81; 80; 36; 19; 15; 10
33,68,0.28347,0.48529,59; 33; 68; 59; 11; 9; 15; 43; 71; 70
42,51,0.28482,0.82353,26; 42; 51; 52; 50; 18; 61; 78; 71; 18
63,79,0.21172,0.79747,72; 63; 79; 18; 62; 19; 84; 11; 70; 6
18,72,0.24746,0.25,12; 18; 72; 34; 56; 38; 79; 46; 17; 6
23,62,0.31405,0.37097,75; 23; 62; 66; 16; 24; 37; 6; 16; 23
14,40,0.3104,0.35,9; 14; 40; 41; 13; 31; 9; 63; 6; 30
9,31,0.27459,0.29032,62; 9; 31; 41; 28; 65; 30; 40; 29; 65
33,59,0.30773,0.55932,53; 33; 59; 51; 33; 75; 69; 48; 70; 9
15,63,0.23562,0.2381,47; 15; 63; 60; 51; 55; 83; 57; 28; 54
11,37,0.2855,0.2973,17; 11; 37; 31; 24; 33; 85; 69; 17; 72
15,51,0.28708,0.29412,83; 15; 51; 55; 18; 49; 42; 52; 9; 78
23,46,0.33829,0.5,12; 23; 46; 25; 8; 6; 24; 23; 71; 18
56,65,0.23937,0.86154,11; 56; 65; 45; 60; 68; 69; 42; 24; 54
28,61,0.30368,0.45902,75; 28; 61; 24; 67; 76; 19; 9; 23; 79
19,34,0.33984,0.55882,29; 19; 34; 49; 61; 44; 46; 69; 67; 40
36,78,0.26588,0.46154,6; 36; 78; 20; 15; 69; 7; 80; 84; 67
16,49,0.3017,0.32653,40; 16; 49; 75; 49; 45; 33; 5; 32; 41
65,77,0.20075,0.84416,22; 65; 77; 6; 38; 48; 77; 32; 33; 41
24,42,0.33963,0.57143,11; 24; 42; 56; 76; 12; 45; 49; 53; 59
7,19,0.28427,0.36842,30; 7; 19; 65; 72; 20; 18; 74; 85; 27
36,63,0.26186,0.57143,31; 36; 63; 20; 54; 16; 71; 8; 30; 68
8,28,0.2753,0.28571,35; 8; 28; 20; 68; 16; 11; 14; 75; 33
29,79,0.27264,0.36709,6; 29; 79; 66; 62; 38; 19; 17; 70; 59
18,52,0.30668,0.34615,32; 18; 52; 45; 52; 78; 68; 20; 67; 35
15,51,0.28716,0.29412,29; 15; 51; 31; 48; 48; 19; 29; 74; 81
23,41,0.34444,0.56098,47; 23; 41; 81; 45; 22; 28; 75; 56; 79
16,28,0.3383,0.57143,25; 16; 28; 79; 83; 29; 67; 31; 71; 44
17,49,0.30852,0.34694,82; 17; 49; 18; 75; 18; 76; 27; 50; 71
58,69,0.2259,0.84058,9; 58; 69; 29; 37; 62; 23; 44; 79; 59
22,76,0.27972,0.28947,48; 22; 76; 55; 14; 41; 35; 70; 74; 64
21,60,0.313,0.35,70; 21; 60; 35; 37; 41; 33; 31; 52; 76
15,54,0.2691,0.27778,35; 15; 54; 21; 70; 32; 80; 36; 85; 43
23,46,0.3341,0.5,36; 23; 46; 38; 24; 65; 85; 10; 78; 43
12,15,0.31198,0.8,85; 12; 15; 35; 16; 23; 20; 70; 45; 75
36,45,0.31945,0.8,43; 36; 45; 67; 18; 58; 75; 52; 10; 85
41,49,0.30722,0.83673,51; 41; 49; 76; 15; 23; 74; 48; 74; 65
11,30,0.3036,0.36667,5; 11; 30; 33; 78; 69; 78; 9; 38; 19
10,20,0.31496,0.5,65; 10; 20; 49; 77; 53; 44; 70; 54; 29
20,67,0.28713,0.29851,38; 20; 67; 24; 42; 44; 12; 67; 14; 17
12,38,0.29236,0.31579,31; 12; 38; 30; 22; 78; 58; 18; 27; 54
28,61,0.30904,0.45902,53; 28; 61; 83; 61; 85; 5; 83; 85; 59
16,35,0.32908,0.45714,15; 16; 35; 17; 53; 20; 20; 73; 10; 48
12,51,0.23236,0.23529,18; 12; 51; 40; 66; 50; 76; 24; 15; 26
19,60,0.29705,0.31667,57; 19; 60; 57; 51; 23; 52; 85; 20; 18
19,24,0.34352,0.79167,12; 19; 24; 31; 85; 62; 68; 71; 49; 26
16,50,0.29937,0.32,9; 16; 50; 20; 43; 34; 33; 28; 41; 57
11,44,0.24722,0.25,73; 11; 44; 33; 54; 47; 56; 37; 59; 35
18,37,0.33539,0.48649,40; 18; 37; 21; 35; 83; 59; 34; 64; 61
20,41,0.33765,0.4878,66; 20; 41; 17; 59; 47; 72; 47; 70; 52
50,63,0.24631,0.79365,57; 50; 63; 65; 67; 62; 76; 68; 61; 22
48,84,0.2226,0.57143,33; 48; 84; 47; 48; 35; 72; 84; 50; 63
24,73,0.28851,0.32877,39; 24; 73; 62; 57; 17; 40; 27; 33; 59
19,79,0.24005,0.24051,7; 19; 79; 11; 56; 55; 81; 41; 83; 70
53,65,0.24473,0.81538,38; 53; 65; 11; 31; 48; 85; 21; 37; 81
39,78,0.23419,0.5,12; 39; 78; 51; 34; 37; 6; 35; 9; 77
43,51,0.30251,0.84314,25; 43; 51; 39; 50; 62; 40; 77; 30; 70
53,66,0.22533,0.80303,84; 53; 66; 15; 13; 26; 32; 35; 33; 33
46,58,0.26858,0.7931,61; 46; 58; 7; 62; 60; 64; 25; 51; 64
14,59,0.23275,0.23729,40; 14; 59; 45; 42; 15; 65; 57; 12; 74
8,14,0.26748,0.57143,61; 8; 14; 26; 39; 52; 35; 37; 81; 28
70,81,0.19875,0.8642,10; 70; 81; 79; 65; 55; 64; 7; 50; 50
19,80,0.23429,0.2375,50; 19; 80; 60; 66; 31; 19; 61; 10; 28
31,39,0.33348,0.79487,24; 31; 39; 5; 20; 16; 30; 72; 27; 85
59,69,0.23071,0.85507,69; 59; 69; 67; 10; 13; 41; 58; 47; 54
18,36,0.34009,0.5,34; 18; 36; 29; 50; 46; 71; 57; 85; 12
64,80,0.20276,0.8,37; 64; 80; 21; 14; 26; 27; 55; 13; 41
69,82,0.2052,0.84146,56; 69; 82; 15; 24; 10; 71; 8; 64; 21
36,42,0.32527,0.85714,58; 36; 42; 16; 42; 52; 78; 85; 41; 52
19,66,0.284,0.28788,76; 19; 66; 20; 42; 26; 17; 26; 11; 55
36,42,0.32895,0.85714,67; 36; 42; 57; 54; 81; 54; 19; 40; 35
43,76,0.26229,0.56579,81; 43; 76; 25; 63; 80; 63; 80; 22; 70
15,62,0.23781,0.24194,56; 15; 62; 13; 48; 75; 35; 37; 13; 13
24,49,0.33291,0.4898,25; 24; 49; 71; 45; 69; 57; 43; 64; 72
56,68,0.23511,0.82353,79; 56; 68; 26; 14; 51; 16; 44; 82; 33
19,38,0.33981,0.5,36; 19; 38; 13; 29; 73; 54; 71; 46; 73
25,82,0.25392,0.30488,26; 25; 82; 8; 25; 6; 56; 10; 53; 30
18,39,0.33816,0.46154,72; 18; 39; 36; 48; 34; 60; 84; 68; 72
17,60,0.27675,0.28333,38; 17; 60; 11; 16; 43; 40; 10; 45; 17
24,85,0.25718,0.28235,23; 24; 85; 19; 52; 85; 66; 8; 36; 52
59,74,0.22714,0.7973,12; 59; 74; 22; 12; 53; 78; 6; 56; 71
8,25,0.28716,0.32,54; 8; 25; 35; 37; 18; 19; 57; 78; 8
5,9,0.17316,0.55556,66; 5; 9; 5; 9; 44; 17; 77; 72; 27
18,37,0.33445,0.48649,9; 18; 37; 6; 9; 29; 77; 46; 32; 37
22,60,0.30996,0.36667,40; 22; 60; 6; 44; 38; 69; 64; 20; 80
57,66,0.21297,0.86364,48; 57; 66; 37; 71; 74; 58; 60; 62; 40
14,49,0.27448,0.28571,63; 14; 49; 17; 53; 56; 31; 75; 31; 73
13,26,0.32533,0.5,55; 13; 26; 36; 58; 82; 22; 15; 53; 53
45,80,0.23565,0.5625,10; 45; 80; 32; 55; 11; 59; 49; 49; 76
71,85,0.1892,0.83529,78; 71; 85; 67; 19; 83; 56; 70; 65; 31
20,57,0.31325,0.35088,16; 20; 57; 68; 5; 49; 14; 77; 17; 48
24,84,0.26117,0.28571,76; 24; 84; 20; 72; 69; 76; 27; 71; 56
22,77,0.27629,0.28571,52; 22; 77; 79; 76; 81; 40; 59; 73; 74
17,34,0.3293,0.5,71; 17; 34; 84; 46; 34; 83; 19; 63; 71
20,82,0.23787,0.2439,30; 20; 82; 32; 69; 52; 72; 83; 55; 71
26,33,0.34478,0.78788,84; 26; 33; 33; 55; 42; 82; 24; 54; 42
18,75,0.23645,0.24,30; 18; 75; 33; 85; 83; 9; 14; 31; 74
18,61,0.28728,0.29508,13; 18; 61; 43; 62; 52; 62; 85; 9; 54
28,57,0.32165,0.49123,19; 28; 57; 9; 22; 80; 20; 24; 72; 22
64,74,0.21768,0.86486,30; 64; 74; 76; 57; 68; 37; 78; 49; 45
37,66,0.26652,0.56061,28; 37; 66; 50; 8; 31; 73; 55; 81; 48
38,44,0.31074,0.86364,74; 38; 44; 42; 18; 37; 7; 28; 83; 46
64,78,0.20689,0.82051,73; 64; 78; 85; 30; 65; 68; 42; 44; 64
11,40,0.26515,0.275,21; 11; 40; 13; 55; 81; 77; 56; 18; 54
7,23,0.27556,0.30435,18; 7; 23; 18; 77; 24; 14; 23; 45; 46
40,70,0.27837,0.57143,22; 40; 70; 33; 46; 83; 71; 18; 6; 77
12,40,0.2829,0.3,51; 12; 40; 57; 54; 24; 65; 84; 73; 25
14,47,0.28426,0.29787,29; 14; 47; 43; 22; 72; 26; 9; 37; 73
8,33,0.24031,0.24242,8; 8; 33; 39; 36; 84; 12; 42; 49; 17
28,81,0.26196,0.34568,85; 28; 81; 79; 6; 57; 7; 34; 80; 29
11,46,0.23246,0.23913,45; 11; 46; 13; 81; 53; 6; 43; 18; 72
30,61,0.3136,0.4918,61; 30; 61; 65; 8; 71; 59; 28; 28; 19
25,78,0.27064,0.32051,33; 25; 78; 38; 60; 51; 52; 73; 76; 67
16,28,0.34012,0.57143,76; 16; 28; 15; 69; 21; 13; 71; 57; 66
52,66,0.23177,0.78788,65; 52; 66; 20; 57; 20; 28; 45; 72; 59
69,82,0.1863,0.84146,26; 69; 82; 72; 81; 30; 13; 8; 38; 66
18,65,0.27265,0.27692,62; 18; 65; 45; 85; 85; 43; 81; 41; 51
33,59,0.30617,0.55932,29; 33; 59; 46; 41; 73; 57; 18; 45; 20
19,52,0.31437,0.36538,6; 19; 52; 24; 56; 13; 26; 60; 41; 10
55,70,0.19331,0.78571,41; 55; 70; 80; 55; 14; 74; 38; 23; 44
65,81,0.19588,0.80247,34; 65; 81; 29; 79; 58; 51; 6; 82; 50
33,58,0.31654,0.56897,41; 33; 58; 54; 10; 79; 67; 52; 85; 32
20,84,0.23928,0.2381,66; 20; 84; 79; 27; 65; 71; 83; 64; 40
6,12,0.23281,0.5,71; 6; 12; 72; 17; 65; 10; 41; 64; 43
19,54,0.31137,0.35185,52; 19; 54; 81; 43; 85; 6; 79; 43; 6
21,57,0.31594,0.36842,43; 21; 57; 84; 43; 66; 48; 69; 24; 83
37,65,0.28611,0.56923,25; 37; 65; 25; 56; 35; 48; 68; 49; 37
50,58,0.26705,0.86207,36; 50; 58; 79; 73; 11; 56; 8; 80; 32
73,85,0.19177,0.85882,55; 73; 85; 56; 21; 85; 66; 59; 27; 44
19,64,0.28529,0.29688,19; 19; 64; 76; 78; 51; 81; 7; 85; 79
20,63,0.29765,0.31746,82; 20; 63; 28; 43; 51; 80; 44; 45; 55
26,33,0.34427,0.78788,35; 26; 33; 55; 18; 10; 50; 34; 79; 66
5,10,0.20091,0.5,62; 5; 10; 51; 81; 43; 7; 54; 65; 79
27,59,0.31595,0.45763,74; 27; 59; 70; 60; 67; 47; 30; 82; 36
65,76,0.20498,0.85526,46; 65; 76; 71; 6; 21; 34; 8; 71; 57
14,58,0.23917,0.24138,54; 14; 58; 61; 60; 54; 74; 19; 44; 79
33,59,0.31278,0.55932,54; 33; 59; 41; 48; 9; 6; 77; 73; 43
28,61,0.3058,0.45902,46; 28; 61; 51; 56; 46; 79; 68; 51; 66
18,76,0.23406,0.23684,10; 18; 76; 70; 16; 29; 31; 72; 81; 49
13,37,0.30249,0.35135,58; 13; 37; 5; 56; 24; 40; 63; 53; 57
51,64,0.26284,0.79688,33; 51; 64; 78; 77; 77; 12; 43; 65; 57
34,43,0.32241,0.7907,71; 34; 43; 46; 55; 53; 17; 34; 70; 41
24,52,0.33052,0.46154,7; 24; 52; 56; 58; 76; 61; 18; 60; 48
28,34,0.34115,0.82353,84; 28; 34; 81; 20; 18; 7; 68; 9; 24
56,71,0.22461,0.78873,26; 56; 71; 39; 62; 85; 6; 22; 40; 85
18,74,0.24209,0.24324,5; 18; 74; 26; 37; 42; 79; 11; 61; 37
55,64,0.23157,0.85938,25; 55; 64; 84; 15; 23; 66; 78; 17; 6
21,75,0.27102,0.28,47; 21; 75; 65; 78; 54; 39; 78; 81; 45
67,78,0.19135,0.85897,36; 67; 78; 50; 68; 33; 58; 67; 73; 5
18,60,0.28771,0.3,73; 18; 60; 36; 41; 39; 53; 62; 83; 38
27,78,0.28385,0.34615,7; 27; 78; 21; 82; 48; 70; 74; 32; 14
29,58,0.31332,0.5,66; 29; 58; 33; 58; 68; 57; 8; 53; 53
33,41,0.3309,0.80488,82; 33; 41; 53; 70; 36; 6; 56; 47; 49
7,22,0.28866,0.31818,16; 7; 22; 12; 53; 68; 50; 21; 42; 32
12,15,0.30243,0.8,13; 12; 15; 74; 28; 74; 65; 6; 49; 26
5,10,0.2097,0.5,77; 5; 10; 55; 50; 34; 65; 17; 75; 84
46,81,0.2346,0.5679,19; 46; 81; 51; 71; 23; 85; 44; 81; 43
6,25,0.23335,0.24,75; 6; 25; 76; 52; 63; 11; 5; 12; 61
33,58,0.31047,0.56897,7; 33; 58; 54; 9; 47; 42; 74; 83; 11
22,79,0.27101,0.27848,53; 22; 79; 9; 73; 64; 68; 32; 78; 16
15,54,0.27066,0.27778,37; 15; 54; 30; 36; 24; 34; 59; 19; 11
13,51,0.24949,0.2549,52; 13; 51; 22; 82; 43; 23; 53; 27; 11
19,80,0.23893,0.2375,18; 19; 80; 44; 32; 85; 69; 8; 42; 61
26,57,0.32738,0.45614,5; 26; 57; 7; 21; 9; 24; 58; 47; 6
6,13,0.22637,0.46154,37; 6; 13; 13; 13; 14; 41; 13; 35; 12
18,64,0.27611,0.28125,56; 18; 64; 52; 35; 33; 19; 43; 82; 50
34,69,0.28817,0.49275,16; 34; 69; 80; 43; 38; 20; 21; 15; 15
10,27,0.30505,0.37037,54; 10; 27; 20; 65; 79; 46; 6; 63; 35
26,74,0.28762,0.35135,20; 26; 74; 83; 16; 55; 63; 15; 57; 72
18,74,0.24161,0.24324,61; 18; 74; 67; 31; 80; 12; 63; 41; 18
16,56,0.2789,0.28571,64; 16; 56; 67; 53; 53; 59; 78; 9; 39
22,78,0.27348,0.28205,79; 22; 78; 49; 84; 69; 45; 50; 50; 45
27,55,0.32298,0.49091,66; 27; 55; 48; 19; 11; 59; 19; 64; 36
19,57,0.30607,0.33333,54; 19; 57; 28; 60; 23; 79; 68; 15; 62
15,46,0.29742,0.32609,38; 15; 46; 59; 54; 78; 27; 81; 45; 42
40,71,0.27584,0.56338,75; 40; 71; 81; 53; 52; 60; 84; 29; 37
23,66,0.29955,0.34848,56; 23; 66; 52; 23; 67; 47; 57; 11; 34
30,65,0.30961,0.46154,24; 30; 65; 79; 27; 38; 27; 41; 36; 71
40,82,0.23786,0.4878,12; 40; 82; 44; 58; 10; 23; 8; 57; 69
61,71,0.2013,0.85915,76; 61; 71; 40; 79; 37; 20; 38; 44; 64
34,74,0.27787,0.45946,74; 34; 74; 19; 35; 16; 16; 56; 46; 59
28,79,0.27328,0.35443,85; 28; 79; 62; 54; 23; 80; 42; 43; 31
35,61,0.3014,0.57377,14; 35; 61; 50; 21; 57; 27; 58; 19; 21
19,51,0.31899,0.37255,34; 19; 51; 52; 6; 72; 53; 49; 45; 63
41,50,0.29694,0.82,72; 41; 50; 7; 22; 62; 84; 74; 12; 7
36,44,0.31175,0.81818,29; 36; 44; 52; 70; 16; 24; 83; 67; 14
11,24,0.31973,0.45833,22; 11; 24; 32; 52; 22; 36; 13; 70; 82
11,44,0.24777,0.25,79; 11; 44; 83; 48; 20; 79; 40; 34; 65
35,71,0.28884,0.49296,73; 35; 71; 27; 39; 47; 44; 67; 38; 22
30,85,0.27287,0.35294,66; 30; 85; 33; 30; 63; 60; 67; 40; 14
43,54,0.28916,0.7963,73; 43; 54; 34; 69; 53; 65; 54; 38; 50
19,51,0.31636,0.37255,9; 19; 51; 57; 76; 63; 59; 80; 70; 25
38,78,0.27566,0.48718,68; 38; 78; 48; 23; 42; 84; 33; 76; 74
51,59,0.26466,0.86441,41; 51; 59; 69; 85; 28; 58; 52; 82; 5
72,84,0.18938,0.85714,32; 72; 84; 14; 10; 85; 9; 70; 39; 74
11,24,0.31906,0.45833,49; 11; 24; 18; 28; 23; 10; 85; 26; 66
33,72,0.28432,0.45833,48; 33; 72; 61; 55; 21; 79; 41; 76; 14
43,54,0.29488,0.7963,25; 43; 54; 9; 66; 15; 57; 67; 43; 21
21,85,0.24993,0.24706,19; 21; 85; 11; 80; 78; 36; 5; 5; 41
11,45,0.24434,0.24444,48; 11; 45; 39; 51; 44; 80; 83; 49; 19
14,57,0.24234,0.24561,37; 14; 57; 9; 40; 34; 46; 49; 47; 23
39,78,0.26093,0.5,48; 39; 78; 54; 26; 11; 69; 35; 15; 10
13,39,0.2976,0.33333,40; 13; 39; 7; 64; 62; 82; 73; 44; 67
20,81,0.24808,0.24691,59; 20; 81; 60; 20; 81; 12; 56; 56; 76
69,84,0.16457,0.82143,79; 69; 84; 21; 7; 73; 47; 43; 61; 27
5,20,0.24939,0.25,26; 5; 20; 66; 78; 9; 10; 40; 82; 22
65,79,0.18152,0.82278,11; 65; 79; 27; 19; 80; 19; 19; 76; 78
31,83,0.27167,0.37349,52; 31; 83; 6; 49; 20; 17; 18; 12; 22
5,18,0.26222,0.27778,71; 5; 18; 14; 8; 73; 7; 15; 48; 67
7,21,0.29312,0.33333,27; 7; 21; 72; 81; 70; 9; 43; 19; 22
59,70,0.21982,0.84286,37; 59; 70; 50; 32; 49; 58; 26; 44; 37
37,80,0.26809,0.4625,68; 37; 80; 22; 59; 59; 19; 75; 57; 58
30,81,0.28066,0.37037,46; 30; 81; 39; 17; 77; 42; 50; 59; 33
19,65,0.2819,0.29231,52; 19; 65; 84; 59; 77; 26; 81; 35; 22
40,80,0.25279,0.5,77; 40; 80; 70; 28; 38; 10; 44; 5; 53
48,56,0.26541,0.85714,5; 48; 56; 26; 28; 50; 84; 36; 26; 19
34,61,0.30127,0.55738,60; 34; 61; 74; 80; 35; 61; 26; 74; 25
18,72,0.24926,0.25,46; 18; 72; 11; 54; 23; 74; 57; 58; 43
30,85,0.24453,0.35294,55; 30; 85; 64; 17; 65; 36; 78; 42; 35
42,49,0.30275,0.85714,82; 42; 49; 77; 6; 79; 77; 35; 54; 69
73,85,0.19361,0.85882,18; 73; 85; 31; 40; 42; 39; 50; 40; 29
23,63,0.31386,0.36508,48; 23; 63; 38; 61; 15; 14; 53; 64; 30
28,85,0.23919,0.32941,73; 28; 85; 42; 43; 52; 5; 58; 61; 64
16,46,0.30755,0.34783,44; 16; 46; 11; 8; 64; 55; 77; 52; 22
33,66,0.2864,0.5,19; 33; 66; 51; 64; 6; 85; 19; 16; 31
29,58,0.32126,0.5,40; 29; 58; 34; 52; 70; 24; 60; 60; 21
23,83,0.2657,0.27711,25; 23; 83; 82; 14; 31; 62; 41; 83; 59
43,76,0.25181,0.56579,68; 43; 76; 77; 78; 34; 75; 33; 78; 83
47,57,0.28356,0.82456,44; 47; 57; 24; 78; 71; 38; 52; 16; 72
13,26,0.33023,0.5,36; 13; 26; 51; 25; 18; 37; 55; 71; 76
29,59,0.31948,0.49153,30; 29; 59; 27; 31; 69; 71; 77; 78; 62
25,68,0.30453,0.36765,12; 25; 68; 18; 5; 77; 79; 8; 72; 73
18,76,0.2349,0.23684,68; 18; 76; 46; 11; 80; 8; 66; 35; 30
11,45,0.2415,0.24444,55; 11; 45; 14; 46; 53; 8; 18; 64; 23
19,75,0.2528,0.25333,61; 19; 75; 35; 51; 51; 59; 36; 57; 49
46,81,0.21358,0.5679,6; 46; 81; 78; 55; 24; 70; 80; 66; 29
13,44,0.28195,0.29545,67; 13; 44; 45; 71; 81; 53; 75; 16; 46
8,25,0.28807,0.32,58; 8; 25; 41; 31; 65; 58; 10; 51; 38
56,70,0.23203,0.8,26; 56; 70; 25; 7; 8; 33; 76; 38; 22
13,54,0.23927,0.24074,50; 13; 54; 43; 12; 53; 72; 16; 5; 47
20,36,0.34035,0.55556,14; 20; 36; 72; 69; 49; 83; 78; 57; 83
15,59,0.25028,0.25424,60; 15; 59; 75; 54; 23; 17; 55; 20; 50
18,72,0.25033,0.25,7; 18; 72; 7; 32; 37; 79; 75; 46; 34
15,54,0.27495,0.27778,52; 15; 54; 50; 30; 28; 67; 47; 38; 26
14,42,0.30508,0.33333,45; 14; 42; 74; 68; 68; 36; 65; 39; 23
28,76,0.28445,0.36842,74; 28; 76; 5; 38; 75; 48; 31; 79; 6
12,26,0.32159,0.46154,57; 12; 26; 34; 79; 14; 7; 6; 19; 30
40,82,0.23109,0.4878,5; 40; 82; 24; 72; 52; 25; 76; 78; 75
10,35,0.27638,0.28571,30; 10; 35; 39; 82; 26; 55; 12; 61; 25
45,80,0.23281,0.5625,11; 45; 80; 33; 7; 14; 24; 16; 37; 20
24,79,0.27313,0.3038,65; 24; 79; 24; 38; 25; 8; 40; 58; 79
31,54,0.31972,0.57407,27; 31; 54; 41; 20; 56; 31; 84; 74; 26
24,68,0.29878,0.35294,14; 24; 68; 63; 15; 24; 63; 54; 57; 42
18,36,0.33544,0.5,13; 18; 36; 45; 71; 36; 6; 64; 7; 32
25,67,0.30337,0.37313,29; 25; 67; 19; 24; 57; 22; 42; 76; 33
10,31,0.29152,0.32258,10; 10; 31; 22; 45; 70; 28; 33; 32; 9
48,61,0.2524,0.78689,11; 48; 61; 53; 63; 61; 44; 6; 49; 61
51,64,0.26244,0.79688,23; 51; 64; 28; 71; 62; 63; 64; 39; 79
19,41,0.33288,0.46341,7; 19; 41; 84; 34; 70; 65; 44; 43; 15
23,81,0.26802,0.28395,58; 23; 81; 85; 30; 78; 11; 43; 62; 24
59,74,0.21339,0.7973,85; 59; 74; 17; 46; 54; 71; 67; 65; 33
29,51,0.32241,0.56863,66; 29; 51; 36; 72; 56; 47; 73; 83; 83
9,28,0.29035,0.32143,65; 9; 28; 20; 68; 25; 63; 53; 56; 57
13,53,0.24472,0.24528,28; 13; 53; 15; 35; 9; 39; 66; 76; 79
41,72,0.22297,0.56944,70; 41; 72; 30; 49; 26; 42; 41; 26; 36
36,64,0.28747,0.5625,31; 36; 64; 14; 66; 44; 59; 39; 58; 68
65,79,0.2107,0.82278,9; 65; 79; 8; 66; 84; 20; 61; 76; 68
19,79,0.24092,0.24051,45; 19; 79; 9; 14; 34; 33; 64; 64; 52
16,58,0.27295,0.27586,33; 16; 58; 36; 53; 50; 80; 21; 16; 83
21,71,0.28356,0.29577,64; 21; 71; 70; 46; 78; 27; 44; 9; 40
33,66,0.30377,0.5,44; 33; 66; 36; 41; 48; 6; 46; 26; 71
18,52,0.3097,0.34615,26; 18; 52; 50; 25; 50; 55; 85; 26; 58
20,83,0.23979,0.24096,43; 20; 83; 56; 46; 23; 33; 70; 83; 27
7,28,0.24507,0.25,78; 7; 28; 36; 10; 54; 10; 27; 26; 49
20,60,0.30275,0.33333,33; 20; 60; 37; 83; 35; 28; 55; 76; 38
26,53,0.32805,0.49057,78; 26; 53; 62; 8; 61; 31; 38; 44; 20
28,35,0.34222,0.8,14; 28; 35; 83; 65; 59; 21; 80; 72; 19
16,19,0.34558,0.84211,25; 16; 19; 12; 18; 33; 14; 28; 80; 6
20,54,0.31615,0.37037,59; 20; 54; 51; 16; 51; 51; 39; 68; 48
18,22,0.34383,0.81818,53; 18; 22; 21; 62; 60; 67; 26; 54; 62
11,37,0.28273,0.2973,25; 11; 37; 14; 18; 27; 23; 78; 8; 17
19,58,0.30329,0.32759,31; 19; 58; 76; 21; 14; 38; 68; 55; 41
30,82,0.27434,0.36585,24; 30; 82; 31; 51; 83; 11; 78; 84; 77
14,38,0.31522,0.36842,84; 14; 38; 58; 38; 54; 46; 75; 10; 52
23,80,0.26606,0.2875,12; 23; 80; 28; 10; 26; 64; 84; 8; 6
25,85,0.25562,0.29412,58; 25; 85; 5; 79; 51; 83; 54; 27; 59
26,57,0.32069,0.45614,51; 26; 57; 29; 17; 59; 82; 66; 22; 62
22,69,0.29279,0.31884,5; 22; 69; 16; 8; 30; 81; 83; 57; 74
39,68,0.27622,0.57353,53; 39; 68; 84; 16; 13; 46; 54; 23; 14
9,27,0.297,0.33333,60; 9; 27; 8; 43; 46; 42; 21; 10; 10
44,55,0.28861,0.8,9; 44; 55; 55; 75; 57; 68; 84; 42; 7
23,65,0.31197,0.35385,28; 23; 65; 55; 45; 59; 16; 23; 59; 48
16,56,0.28106,0.28571,20; 16; 56; 69; 70; 63; 57; 44; 68; 74
34,61,0.29453,0.55738,41; 34; 61; 54; 83; 63; 50; 8; 56; 72
23,41,0.34185,0.56098,85; 23; 41; 31; 83; 58; 62; 22; 54; 55
7,25,0.27019,0.28,53; 7; 25; 56; 69; 54; 85; 24; 54; 58
64,80,0.20495,0.8,13; 64; 80; 24; 32; 65; 78; 76; 45; 42
45,56,0.2874,0.80357,44; 45; 56; 19; 34; 65; 9; 32; 60; 82
9,26,0.29738,0.34615,26; 9; 26; 14; 5; 73; 73; 40; 72; 14
10,27,0.30418,0.37037,52; 10; 27; 20; 77; 13; 13; 38; 5; 19
65,76,0.20897,0.85526,25; 65; 76; 70; 85; 61; 54; 22; 45; 18
15,46,0.30218,0.32609,25; 15; 46; 6; 13; 45; 36; 78; 24; 84
29,84,0.25898,0.34524,37; 29; 84; 39; 47; 33; 11; 22; 79; 14
47,59,0.27884,0.79661,49; 47; 59; 33; 42; 68; 5; 79; 83; 63
6,13,0.23397,0.46154,69; 6; 13; 61; 20; 78; 46; 49; 26; 85
12,41,0.28147,0.29268,74; 12; 41; 70; 79; 62; 74; 15; 20; 69
36,44,0.3163,0.81818,60; 36; 44; 64; 66; 43; 23; 84; 6; 15
24,43,0.34149,0.55814,62; 24; 43; 26; 46; 37; 71; 45; 80; 21
25,85,0.25701,0.29412,41; 25; 85; 27; 10; 55; 77; 15; 11; 38
11,24,0.32385,0.45833,20; 11; 24; 38; 25; 12; 85; 27; 62; 36
34,74,0.29099,0.45946,63; 34; 74; 55; 8; 9; 23; 30; 51; 20
59,72,0.22851,0.81944,23; 59; 72; 56; 60; 82; 12; 5; 82; 44
10,31,0.29306,0.32258,6; 10; 31; 45; 17; 45; 18; 36; 12; 30
55,69,0.22047,0.7971,28; 55; 69; 42; 7; 21; 65; 65; 84; 49
30,81,0.26347,0.37037,68; 30; 81; 7; 64; 84; 33; 20; 29; 46
49,62,0.27074,0.79032,42; 49; 62; 64; 22; 84; 40; 58; 66; 63
14,44,0.29847,0.31818,21; 14; 44; 78; 40; 76; 36; 38; 66; 9
19,55,0.31241,0.34545,37; 19; 55; 70; 44; 62; 42; 79; 68; 70
5,21,0.24006,0.2381,63; 5; 21; 46; 56; 37; 85; 20; 12; 5
36,44,0.32462,0.81818,54; 36; 44; 44; 11; 57; 64; 16; 72; 8
25,78,0.27758,0.32051,61; 25; 78; 35; 60; 17; 36; 43; 29; 56
21,63,0.30494,0.33333,51; 21; 63; 55; 43; 46; 33; 43; 33; 54
45,55,0.28604,0.81818,13; 45; 55; 57; 56; 55; 82; 75; 11; 50
42,53,0.29182,0.79245,28; 42; 53; 45; 41; 42; 46; 80; 67; 47
19,76,0.25142,0.25,30; 19; 76; 83; 58; 22; 36; 59; 72; 78
24,83,0.26537,0.28916,72; 24; 83; 13; 8; 73; 44; 14; 47; 61
16,57,0.27725,0.2807,74; 16; 57; 75; 19; 33; 18; 56; 10; 9
8,14,0.27114,0.57143,39; 8; 14; 28; 10; 30; 76; 20; 36; 82
19,78,0.24609,0.24359,72; 19; 78; 73; 67; 75; 14; 75; 16; 28
26,70,0.28826,0.37143,9; 26; 70; 19; 36; 19; 29; 70; 15; 36
39,69,0.27592,0.56522,62; 39; 69; 33; 74; 30; 13; 50; 20; 23
51,59,0.26684,0.86441,13; 51; 59; 69; 45; 18; 68; 78; 49; 18
18,21,0.34311,0.85714,65; 18; 21; 74; 48; 78; 35; 56; 28; 28
66,82,0.19884,0.80488,64; 66; 82; 13; 10; 51; 17; 53; 67; 47
25,83,0.26707,0.3012,18; 25; 83; 42; 17; 12; 80; 66; 79; 67
30,38,0.3402,0.78947,44; 30; 38; 80; 6; 42; 27; 5; 85; 51
22,59,0.31378,0.37288,55; 22; 59; 58; 48; 11; 27; 16; 81; 24
13,55,0.23064,0.23636,48; 13; 55; 13; 67; 83; 10; 7; 84; 60
58,73,0.22665,0.79452,6; 58; 73; 6; 55; 40; 25; 10; 68; 55
29,58,0.32508,0.5,44; 29; 58; 67; 23; 55; 73; 71; 57; 82
36,78,0.2553,0.46154,45; 36; 78; 78; 66; 79; 20; 66; 81; 51
16,20,0.33607,0.8,26; 16; 20; 24; 20; 32; 21; 20; 39; 24
15,61,0.24693,0.2459,49; 15; 61; 51; 84; 77; 16; 26; 35; 81
17,49,0.30647,0.34694,42; 17; 49; 58; 62; 35; 47; 72; 55; 50
23,71,0.29031,0.32394,8; 23; 71; 78; 11; 16; 24; 51; 7; 30
54,64,0.25305,0.84375,27; 54; 64; 41; 20; 10; 68; 59; 69; 69
19,78,0.23705,0.24359,84; 19; 78; 42; 15; 52; 14; 38; 45; 83
21,83,0.25536,0.25301,66; 21; 83; 76; 37; 41; 28; 59; 13; 47
10,20,0.31387,0.5,29; 10; 20; 5; 10; 44; 80; 84; 83; 47
16,32,0.33708,0.5,32; 16; 32; 74; 21; 44; 14; 46; 40; 20
18,65,0.26903,0.27692,38; 18; 65; 58; 32; 47; 15; 54; 8; 14
24,76,0.26396,0.31579,46; 24; 76; 44; 81; 35; 84; 69; 31; 49
8,34,0.23017,0.23529,44; 8; 34; 51; 11; 59; 46; 59; 84; 34
32,39,0.33788,0.82051,41; 32; 39; 9; 76; 30; 74; 81; 24; 72
12,38,0.29426,0.31579,41; 12; 38; 40; 21; 61; 52; 68; 18; 21
22,79,0.2701,0.27848,84; 22; 79; 79; 52; 58; 33; 30; 33; 13
61,76,0.20331,0.80263,36; 61; 76; 75; 29; 60; 47; 75; 12; 74
47,83,0.23993,0.56627,78; 47; 83; 42; 82; 25; 21; 37; 77; 69
15,63,0.23945,0.2381,62; 15; 63; 83; 18; 62; 36; 45; 37; 10
22,28,0.34336,0.78571,83; 22; 28; 58; 69; 56; 28; 44; 8; 59
43,50,0.30355,0.86,36; 43; 50; 84; 81; 84; 6; 48; 58; 68
18,73,0.24487,0.24658,7; 18; 73; 82; 52; 46; 43; 82; 65; 80
17,58,0.28518,0.2931,73; 17; 58; 85; 36; 67; 83; 64; 85; 19
30,65,0.30474,0.46154,66; 30; 65; 79; 14; 18; 10; 82; 23; 13
24,84,0.25888,0.28571,81; 24; 84; 35; 12; 45; 58; 41; 53; 85
42,74,0.27129,0.56757,73; 42; 74; 45; 64; 65; 62; 80; 13; 30
22,80,0.26408,0.275,54; 22; 80; 70; 8; 49; 54; 29; 81; 40
16,57,0.28265,0.2807,39; 16; 57; 60; 15; 49; 44; 20; 58; 82
14,42,0.30242,0.33333,28; 14; 42; 44; 14; 8; 15; 81; 45; 59
62,74,0.2026,0.83784,28; 62; 74; 80; 79; 75; 62; 30; 32; 7
25,50,0.33145,0.5,64; 25; 50; 53; 47; 65; 21; 43; 14; 82
15,63,0.23688,0.2381,73; 15; 63; 24; 48; 27; 35; 15; 15; 79
45,56,0.28342,0.80357,49; 45; 56; 79; 58; 20; 75; 9; 42; 25
22,63,0.30853,0.34921,72; 22; 63; 37; 7; 35; 66; 23; 85; 18
63,77,0.21154,0.81818,26; 63; 77; 24; 32; 45; 37; 34; 75; 32
66,84,0.19605,0.78571,27; 66; 84; 16; 36; 80; 49; 62; 11; 35
22,67,0.29941,0.32836,8; 22; 67; 14; 11; 80; 28; 47; 19; 20
8,23,0.29618,0.34783,85; 8; 23; 70; 42; 49; 82; 17; 14; 84
15,30,0.33376,0.5,67; 15; 30; 43; 77; 55; 45; 40; 16; 53
21,72,0.28085,0.29167,51; 21; 72; 38; 82; 70; 25; 78; 19; 29
26,81,0.25308,0.32099,47; 26; 81; 8; 43; 42; 81; 43; 32; 34
68,85,0.19799,0.8,48; 68; 85; 21; 83; 69; 75; 76; 17; 69
18,52,0.30969,0.34615,50; 18; 52; 30; 11; 50; 25; 7; 74; 46
24,30,0.34625,0.8,68; 24; 30; 15; 18; 78; 54; 5; 82; 36
12,49,0.24318,0.2449,58; 12; 49; 82; 58; 73; 80; 82; 32; 40
38,67,0.27256,0.56716,6; 38; 67; 23; 11; 41; 65; 76; 53; 11
21,57,0.31005,0.36842,58; 21; 57; 34; 75; 46; 67; 82; 27; 63
6,18,0.28363,0.33333,57; 6; 18; 42; 83; 42; 59; 26; 7; 52
17,61,0.2726,0.27869,71; 17; 61; 43; 81; 73; 65; 82; 41; 81
21,75,0.27138,0.28,34; 21; 75; 62; 70; 83; 10; 14; 43; 85
23,62,0.31222,0.37097,61; 23; 62; 51; 78; 85; 42; 13; 7; 80
18,51,0.31116,0.35294,55; 18; 51; 21; 31; 36; 67; 45; 71; 59
10,18,0.31288,0.55556,77; 10; 18; 18; 8; 32; 79; 29; 35; 35
17,37,0.33145,0.45946,10; 17; 37; 61; 43; 52; 50; 28; 25; 28
25,82,0.26646,0.30488,43; 25; 82; 25; 76; 70; 35; 33; 49; 27
19,22,0.345,0.86364,45; 19; 22; 66; 20; 50; 21; 16; 19; 53
29,51,0.32285,0.56863,12; 29; 51; 70; 46; 25; 28; 50; 7; 20
21,65,0.30044,0.32308,81; 21; 65; 28; 52; 30; 73; 60; 8; 63
18,51,0.31383,0.35294,72; 18; 51; 80; 18; 38; 65; 35; 69; 48
45,55,0.28662,0.81818,32; 45; 55; 79; 25; 56; 30; 22; 26; 84
9,16,0.29795,0.5625,81; 9; 16; 47; 8; 56; 40; 29; 19; 83
12,42,0.27698,0.28571,27; 12; 42; 19; 73; 48; 73; 63; 42; 34
28,49,0.32839,0.57143,13; 28; 49; 24; 9; 39; 19; 10; 18; 77
32,40,0.31693,0.8,64; 32; 40; 25; 46; 25; 69; 83; 6; 26
17,68,0.24759,0.25,57; 17; 68; 39; 46; 65; 62; 63; 19; 6
16,50,0.2958,0.32,44; 16; 50; 37; 49; 51; 48; 35; 63; 80
28,81,0.2645,0.34568,75; 28; 81; 41; 42; 6; 59; 32; 77; 75
63,73,0.20976,0.86301,69; 63; 73; 40; 60; 17; 59; 12; 63; 70
13,46,0.27792,0.28261,32; 13; 46; 75; 57; 50; 66; 28; 31; 44
8,29,0.27041,0.27586,22; 8; 29; 6; 6; 41; 58; 71; 71; 14
66,77,0.21069,0.85714,54; 66; 77; 23; 25; 16; 38; 7; 50; 72
70,81,0.17183,0.8642,83; 70; 81; 22; 63; 70; 31; 16; 60; 20
66,82,0.18254,0.80488,23; 66; 82; 62; 18; 58; 44; 22; 64; 73
16,48,0.30544,0.33333,67; 16; 48; 74; 30; 51; 80; 43; 71; 79
19,79,0.24014,0.24051,11; 19; 79; 26; 61; 25; 64; 59; 52; 76
17,59,0.27951,0.28814,23; 17; 59; 38; 45; 54; 33; 15; 46; 55
54,63,0.24808,0.85714,34; 54; 63; 15; 44; 32; 56; 74; 23; 32
28,49,0.32933,0.57143,41; 28; 49; 15; 60; 71; 16; 40; 34; 18
10,27,0.30291,0.37037,42; 10; 27; 61; 17; 32; 64; 45; 28; 40
25,67,0.30294,0.37313,16; 25; 67; 76; 15; 5; 28; 53; 13; 48
24,83,0.26182,0.28916,72; 24; 83; 85; 52; 62; 39; 5; 10; 15
22,74,0.27742,0.2973,82; 22; 74; 57; 36; 77; 20; 18; 12; 58
17,53,0.3004,0.32075,60; 17; 53; 44; 84; 56; 30; 84; 82; 81
15,54,0.26961,0.27778,63; 15; 54; 31; 11; 12; 76; 62; 61; 33
50,58,0.26843,0.86207,81; 50; 58; 21; 36; 46; 45; 25; 23; 33
16,65,0.24212,0.24615,58; 16; 65; 32; 69; 71; 56; 21; 83; 41
18,64,0.27411,0.28125,5; 18; 64; 27; 61; 66; 65; 35; 64; 80
31,68,0.30572,0.45588,16; 31; 68; 22; 63; 79; 59; 45; 55; 40
29,51,0.2927,0.56863,15; 29; 51; 76; 69; 54; 58; 25; 62; 82
57,71,0.22712,0.80282,20; 57; 71; 77; 78; 85; 6; 9; 81; 31
43,51,0.30011,0.84314,74; 43; 51; 22; 26; 69; 51; 56; 81; 71
22,63,0.30991,0.34921,57; 22; 63; 30; 85; 66; 7; 6; 35; 31
45,81,0.23356,0.55556,25; 45; 81; 46; 82; 8; 37; 53; 8; 30
24,81,0.26783,0.2963,50; 24; 81; 32; 17; 17; 28; 84; 53; 82
35,44,0.32619,0.79545,65; 35; 44; 41; 62; 63; 72; 18; 53; 23
32,39,0.33501,0.82051,42; 32; 39; 56; 16; 62; 47; 67; 11; 63
41,51,0.29964,0.80392,25; 41; 51; 38; 14; 35; 84; 49; 53; 42
19,79,0.24323,0.24051,17; 19; 79; 30; 38; 74; 57; 14; 52; 43
65,79,0.20264,0.82278,36; 65; 79; 52; 73; 29; 64; 51; 37; 21
24,75,0.28197,0.32,14; 24; 75; 6; 12; 26; 76; 22; 45; 37
29,82,0.25797,0.35366,60; 29; 82; 52; 76; 42; 9; 27; 28; 17
71,85,0.19727,0.83529,80; 71; 85; 45; 27; 37; 47; 39; 35; 15
24,65,0.3117,0.36923,45; 24; 65; 66; 32; 52; 74; 22; 42; 9
24,74,0.27863,0.32432,49; 24; 74; 16; 32; 8; 23; 61; 30; 64
30,82,0.26159,0.36585,79; 30; 82; 67; 12; 41; 22; 19; 65; 36
49,62,0.26689,0.79032,6; 49; 62; 53; 49; 11; 26; 35; 81; 38
26,71,0.28572,0.3662,85; 26; 71; 6; 6; 72; 78; 60; 21; 51
10,18,0.3123,0.55556,41; 10; 18; 70; 74; 37; 84; 33; 77; 72
24,82,0.26952,0.29268,77; 24; 82; 62; 66; 59; 64; 77; 59; 28
52,62,0.25287,0.83871,37; 52; 62; 14; 49; 74; 58; 38; 61; 80
21,84,0.25286,0.25,47; 21; 84; 53; 57; 7; 43; 47; 38; 35
19,41,0.33602,0.46341,63; 19; 41; 77; 26; 52; 45; 44; 30; 34
17,30,0.33774,0.56667,77; 17; 30; 77; 75; 20; 29; 67; 6; 56
31,39,0.3414,0.79487,34; 31; 39; 42; 47; 79; 84; 81; 30; 11
34,69,0.29411,0.49275,14; 34; 69; 79; 76; 84; 37; 22; 73; 16
57,71,0.22169,0.80282,41; 57; 71; 50; 16; 83; 10; 77; 65; 35
11,34,0.29289,0.32353,39; 11; 34; 69; 64; 36; 49; 34; 45; 81
24,81,0.26886,0.2963,31; 24; 81; 21; 68; 72; 25; 44; 83; 68
17,69,0.2473,0.24638,85; 17; 69; 84; 11; 40; 25; 8; 36; 84
57,66,0.23416,0.86364,70; 57; 66; 54; 33; 22; 77; 39; 68; 77
25,29,0.34155,0.86207,79; 25; 29; 45; 52; 73; 66; 28; 78; 16
36,45,0.31639,0.8,51; 36; 45; 62; 67; 70; 62; 77; 72; 28
19,64,0.28449,0.29688,59; 19; 64; 72; 32; 27; 28; 67; 17; 59
23,65,0.30326,0.35385,41; 23; 65; 59; 66; 28; 18; 22; 30; 44
21,37,0.34708,0.56757,36; 21; 37; 8; 57; 6; 17; 50; 48; 16
8,27,0.28027,0.2963,60; 8; 27; 53; 24; 67; 75; 27; 25; 13
14,28,0.32998,0.5,25; 14; 28; 71; 27; 24; 32; 44; 79; 23
37,76,0.27095,0.48684,18; 37; 76; 72; 19; 46; 32; 14; 68; 46
15,19,0.3316,0.78947,7; 15; 19; 41; 76; 10; 20; 46; 54; 61
69,80,0.19354,0.8625,85; 69; 80; 62; 68; 55; 17; 9; 49; 52
44,77,0.2564,0.57143,68; 44; 77; 34; 5; 68; 16; 17; 9; 41
61,71,0.2236,0.85915,57; 61; 71; 19; 24; 5; 40; 28; 50; 43
57,72,0.22314,0.79167,51; 57; 72; 7; 60; 77; 43; 58; 66; 58
58,73,0.22837,0.79452,26; 58; 73; 82; 19; 17; 54; 16; 25; 71
24,75,0.28239,0.32,6; 24; 75; 68; 6; 5; 66; 12; 43; 41
35,76,0.2665,0.46053,53; 35; 76; 83; 8; 5; 71; 26; 29; 10
41,82,0.24101,0.5,43; 41; 82; 65; 27; 73; 37; 33; 56; 84
22,78,0.26985,0.28205,44; 22; 78; 69; 75; 45; 84; 47; 19; 85
9,36,0.24795,0.25,82; 9; 36; 42; 52; 30; 71; 40; 39; 84
16,67,0.23655,0.23881,84; 16; 67; 34; 74; 57; 32; 28; 18; 18
13,51,0.25074,0.2549,7; 13; 51; 23; 44; 17; 28; 17; 15; 11
24,82,0.26543,0.29268,13; 24; 82; 22; 77; 43; 40; 51; 81; 39
57,66,0.23757,0.86364,57; 57; 66; 50; 5; 11; 53; 53; 73; 61
26,53,0.3281,0.49057,21; 26; 53; 36; 77; 83; 40; 16; 51; 9
12,48,0.24506,0.25,55; 12; 48; 30; 36; 76; 23; 11; 53; 69
54,66,0.24948,0.81818,43; 54; 66; 44; 14; 28; 64; 42; 57; 16
37,75,0.25521,0.49333,51; 37; 75; 34; 31; 76; 10; 79; 83; 53
16,19,0.33287,0.84211,52; 16; 19; 80; 13; 26; 80; 17; 60; 85
26,56,0.32584,0.46429,53; 26; 56; 52; 65; 61; 49; 65; 49; 51
26,56,0.3213,0.46429,29; 26; 56; 39; 8; 42; 62; 47; 52; 19
38,83,0.2535,0.45783,51; 38; 83; 47; 50; 19; 65; 49; 77; 19
29,78,0.28572,0.37179,67; 29; 78; 78; 55; 59; 71; 79; 70; 65
12,40,0.28774,0.3,61; 12; 40; 58; 11; 84; 55; 66; 15; 80
16,53,0.286,0.30189,8; 16; 53; 9; 42; 20; 39; 31; 30; 38
16,55,0.28007,0.29091,14; 16; 55; 9; 52; 39; 48; 56; 45; 44
28,50,0.32115,0.56,22; 28; 50; 17; 78; 38; 72; 28; 71; 45
28,61,0.30348,0.45902,51; 28; 61; 31; 54; 66; 13; 39; 77; 50
21,84,0.24955,0.25,30; 21; 84; 28; 57; 75; 15; 16; 38; 67
23,29,0.34695,0.7931,66; 23; 29; 42; 37; 37; 12; 28; 85; 49
45,56,0.28546,0.80357,45; 45; 56; 58; 61; 13; 30; 27; 57; 74
16,57,0.27355,0.2807,37; 16; 57; 21; 31; 67; 52; 58; 38; 24
52,62,0.25499,0.83871,26; 52; 62; 15; 39; 14; 55; 49; 46; 82
36,63,0.29731,0.57143,68; 36; 63; 84; 10; 42; 17; 6; 25; 70
27,47,0.32938,0.57447,19; 27; 47; 58; 69; 71; 38; 85; 78; 18
26,74,0.28875,0.35135,46; 26; 74; 22; 75; 49; 40; 32; 24; 71
16,19,0.33918,0.84211,76; 16; 19; 46; 21; 15; 69; 55; 52; 35
19,41,0.33203,0.46341,20; 19; 41; 36; 47; 11; 48; 74; 32; 56
11,24,0.31843,0.45833,73; 11; 24; 30; 47; 7; 39; 38; 40; 21
62,74,0.21097,0.83784,11; 62; 74; 20; 72; 81; 23; 69; 58; 78
7,25,0.27145,0.28,42; 7; 25; 67; 36; 71; 80; 19; 56; 78
18,55,0.30117,0.32727,75; 18; 55; 34; 79; 46; 60; 49; 64; 6
25,82,0.26639,0.30488,73; 25; 82; 62; 7; 34; 67; 40; 83; 71
18,55,0.30019,0.32727,35; 18; 55; 61; 71; 48; 60; 10; 38; 24
23,83,0.25661,0.27711,17; 23; 83; 53; 47; 82; 47; 10; 60; 62
23,40,0.33441,0.575,16; 23; 40; 50; 41; 59; 19; 5; 36; 19
44,55,0.28675,0.8,5; 44; 55; 37; 44; 57; 46; 22; 46; 43
17,58,0.2829,0.2931,83; 17; 58; 22; 43; 84; 21; 52; 36; 53
40,71,0.25017,0.56338,47; 40; 71; 51; 58; 85; 74; 60; 65; 46
8,10,0.24589,0.8,11; 8; 10; 60; 12; 80; 78; 50; 71; 47
25,78,0.27096,0.32051,25; 25; 78; 77; 78; 81; 64; 65; 29; 5
16,43,0.3183,0.37209,76; 16; 43; 26; 14; 76; 22; 78; 22; 63
9,37,0.23671,0.24324,63; 9; 37; 64; 31; 77; 35; 62; 69; 41
15,50,0.28568,0.3,64; 15; 50; 38; 40; 47; 63; 54; 84; 78
64,81,0.20704,0.79012,34; 64; 81; 51; 32; 84; 21; 55; 12; 43
33,72,0.27061,0.45833,56; 33; 72; 51; 33; 7; 39; 27; 13; 55
25,84,0.26088,0.29762,16; 25; 84; 66; 72; 21; 59; 80; 34; 77
33,58,0.29861,0.56897,23; 33; 58; 37; 7; 25; 39; 69; 49; 17
27,81,0.26373,0.33333,72; 27; 81; 83; 35; 69; 69; 8; 77; 31
16,56,0.27517,0.28571,70; 16; 56; 31; 26; 10; 54; 31; 32; 20
14,44,0.29466,0.31818,9; 14; 44; 19; 31; 79; 50; 20; 84; 52
20,81,0.24419,0.24691,36; 20; 81; 84; 49; 29; 60; 12; 40; 13
20,67,0.28932,0.29851,83; 20; 67; 80; 43; 70; 63; 50; 49; 72
8,16,0.29742,0.5,75; 8; 16; 54; 44; 84; 10; 44; 61; 30
43,77,0.21226,0.55844,73; 43; 77; 79; 60; 14; 61; 21; 71; 58
7,21,0.29239,0.33333,79; 7; 21; 72; 50; 11; 18; 21; 77; 62
22,62,0.31597,0.35484,80; 22; 62; 45; 71; 69; 71; 62; 39; 26
27,84,0.26973,0.32143,77; 27; 84; 68; 32; 25; 38; 36; 12; 34
25,72,0.29457,0.34722,23; 25; 72; 39; 13; 72; 79; 14; 20; 59
27,47,0.33364,0.57447,46; 27; 47; 82; 28; 49; 7; 57; 37; 50
67,85,0.20283,0.78824,70; 67; 85; 72; 73; 70; 78; 44; 36; 47
15,62,0.23724,0.24194,30; 15; 62; 32; 35; 72; 41; 53; 61; 22
16,64,0.24872,0.25,10; 16; 64; 69; 68; 50; 42; 72; 25; 18
31,39,0.33375,0.79487,45; 31; 39; 15; 19; 64; 70; 20; 31; 10
31,68,0.30135,0.45588,36; 31; 68; 41; 81; 7; 27; 67; 13; 53
10,27,0.30627,0.37037,59; 10; 27; 43; 31; 18; 15; 63; 39; 15
19,22,0.34445,0.86364,56; 19; 22; 50; 40; 67; 26; 29; 77; 76
24,49,0.33272,0.4898,26; 24; 49; 80; 68; 27; 70; 7; 22; 83
16,54,0.28741,0.2963,63; 16; 54; 81; 82; 12; 19; 52; 55; 75
19,52,0.31672,0.36538,58; 19; 52; 7; 43; 22; 54; 12; 47; 7
32,39,0.3376,0.82051,48; 32; 39; 70; 64; 36; 59; 74; 9; 19
13,47,0.27191,0.2766,39; 13; 47; 52; 17; 11; 80; 12; 26; 40
62,74,0.21819,0.83784,21; 62; 74; 36; 45; 39; 5; 19; 14; 79
57,66,0.23906,0.86364,32; 57; 66; 42; 77; 58; 26; 21; 44; 46
25,76,0.28873,0.32895,76; 25; 76; 56; 63; 11; 43; 6; 16; 69
16,57,0.27377,0.2807,69; 16; 57; 51; 80; 34; 82; 67; 60; 37
9,38,0.23557,0.23684,20; 9; 38; 69; 77; 76; 29; 52; 16; 27
66,84,0.20585,0.78571,32; 66; 84; 33; 34; 35; 21; 77; 55; 44
26,82,0.2673,0.31707,42; 26; 82; 81; 78; 5; 11; 11; 11; 39
15,51,0.28557,0.29412,38; 15; 51; 37; 14; 77; 5; 6; 71; 34
35,62,0.30344,0.56452,27; 35; 62; 75; 19; 85; 53; 63; 80; 25
12,42,0.27594,0.28571,69; 12; 42; 22; 61; 63; 77; 74; 85; 39
25,44,0.33968,0.56818,83; 25; 44; 80; 22; 32; 10; 24; 12; 40
7,23,0.28132,0.30435,50; 7; 23; 40; 15; 8; 24; 31; 51; 72
22,69,0.29574,0.31884,17; 22; 69; 43; 9; 83; 23; 34; 19; 7
31,38,0.32809,0.81579,52; 31; 38; 72; 18; 76; 85; 20; 81; 28
53,65,0.22886,0.81538,9; 53; 65; 50; 43; 14; 75; 83; 58; 56
56,71,0.21851,0.78873,74; 56; 71; 41; 53; 9; 9; 39; 56; 20
56,70,0.22627,0.8,56; 56; 70; 30; 19; 61; 53; 83; 57; 57
25,67,0.29849,0.37313,28; 25; 67; 57; 8; 51; 72; 38; 35; 14
43,75,0.23825,0.57333,23; 43; 75; 49; 62; 38; 22; 20; 55; 82
17,46,0.31789,0.36957,50; 17; 46; 69; 34; 56; 20; 47; 44; 62
27,47,0.33288,0.57447,64; 27; 47; 6; 57; 22; 57; 33; 30; 40
20,62,0.30293,0.32258,76; 20; 62; 75; 43; 34; 65; 85; 59; 11
11,33,0.29593,0.33333,82; 11; 33; 84; 19; 28; 51; 70; 15; 55
37,76,0.26467,0.48684,78; 37; 76; 37; 47; 61; 6; 9; 26; 62
36,72,0.25274,0.5,22; 36; 72; 16; 17; 10; 17; 62; 82; 12
22,63,0.30574,0.34921,47; 22; 63; 78; 72; 68; 11; 68; 72; 64
45,55,0.28444,0.81818,56; 45; 55; 83; 11; 62; 80; 29; 24; 84
31,39,0.33399,0.79487,40; 31; 39; 64; 49; 45; 64; 29; 78; 43
15,52,0.27604,0.28846,71; 15; 52; 77; 31; 24; 14; 41; 48; 35
24,65,0.30748,0.36923,70; 24; 65; 75; 37; 64; 78; 11; 9; 46
19,78,0.23999,0.24359,47; 19; 78; 13; 38; 64; 20; 46; 27; 34
36,44,0.31641,0.81818,81; 36; 44; 26; 38; 13; 17; 67; 42; 54
13,37,0.30175,0.35135,65; 13; 37; 41; 59; 73; 32; 37; 16; 23
46,80,0.23919,0.575,46; 46; 80; 7; 53; 64; 60; 64; 9; 18
14,43,0.30103,0.32558,72; 14; 43; 52; 53; 75; 52; 71; 13; 9
43,54,0.26237,0.7963,39; 43; 54; 6; 22; 23; 80; 30; 81; 52
38,48,0.31611,0.79167,45; 38; 48; 5; 24; 78; 44; 32; 57; 7
63,79,0.21532,0.79747,12; 63; 79; 61; 46; 17; 62; 15; 57; 68
24,68,0.29823,0.35294,66; 24; 68; 30; 54; 41; 50; 65; 36; 14
13,37,0.30742,0.35135,59; 13; 37; 71; 43; 32; 66; 48; 39; 36
28,35,0.33491,0.8,32; 28; 35; 72; 6; 7; 6; 46; 57; 30
67,85,0.17608,0.78824,73; 67; 85; 15; 25; 63; 57; 26; 63; 57
50,61,0.26155,0.81967,28; 50; 61; 61; 7; 67; 68; 60; 41; 50
15,51,0.28285,0.29412,25; 15; 51; 67; 78; 11; 75; 80; 17; 13
44,56,0.28347,0.78571,76; 44; 56; 38; 85; 80; 14; 31; 26; 60
19,64,0.28998,0.29688,13; 19; 64; 20; 29; 40; 17; 82; 73; 18
20,63,0.29724,0.31746,41; 20; 63; 26; 22; 44; 52; 45; 21; 10
13,43,0.28374,0.30233,18; 13; 43; 21; 25; 33; 65; 68; 17; 20
16,19,0.33617,0.84211,8; 16; 19; 10; 83; 74; 20; 43; 42; 20
12,41,0.28139,0.29268,43; 12; 41; 81; 80; 31; 46; 53; 78; 43
16,49,0.29948,0.32653,60; 16; 49; 70; 61; 41; 21; 54; 24; 44
15,61,0.24456,0.2459,41; 15; 61; 65; 22; 29; 36; 40; 34; 39
43,54,0.29557,0.7963,13; 43; 54; 44; 27; 70; 37; 71; 29; 30
51,64,0.24171,0.79688,53; 51; 64; 21; 25; 51; 9; 73; 79; 35
34,74,0.27778,0.45946,13; 34; 74; 68; 53; 63; 69; 55; 33; 75
28,35,0.33848,0.8,80; 28; 35; 15; 6; 62; 48; 40; 13; 81
39,78,0.27433,0.5,35; 39; 78; 31; 73; 6; 77; 76; 76; 54
23,79,0.27416,0.29114,32; 23; 79; 71; 70; 68; 20; 59; 43; 14
17,70,0.23955,0.24286,69; 17; 70; 31; 8; 71; 84; 7; 62; 17
51,59,0.25739,0.86441,27; 51; 59; 7; 14; 68; 68; 50; 11; 59
53,65,0.2244,0.81538,73; 53; 65; 33; 59; 84; 22; 26; 30; 62
27,85,0.27003,0.31765,83; 27; 85; 66; 10; 74; 25; 48; 17; 53
22,69,0.29188,0.31884,42; 22; 69; 74; 52; 33; 51; 73; 36; 63
5,9,0.17589,0.55556,64; 5; 9; 60; 45; 12; 68; 66; 50; 60
29,83,0.27136,0.3494,30; 29; 83; 18; 83; 76; 22; 30; 69; 58
8,16,0.28073,0.5,54; 8; 16; 79; 84; 21; 80; 66; 63; 56
41,52,0.30056,0.78846,73; 41; 52; 25; 46; 77; 30; 17; 79; 49
11,24,0.31959,0.45833,74; 11; 24; 37; 53; 16; 26; 12; 6; 54
39,68,0.28215,0.57353,79; 39; 68; 13; 59; 72; 23; 35; 73; 18
44,78,0.2587,0.5641,66; 44; 78; 68; 81; 37; 53; 24; 44; 35
26,78,0.2836,0.33333,52; 26; 78; 65; 17; 34; 58; 14; 80; 5
34,70,0.28156,0.48571,70; 34; 70; 44; 11; 16; 79; 81; 15; 70
22,60,0.31956,0.36667,64; 22; 60; 74; 74; 54; 75; 33; 25; 43
41,84,0.24848,0.4881,83; 41; 84; 8; 12; 67; 44; 74; 48; 78
36,43,0.32348,0.83721,63; 36; 43; 66; 37; 65; 62; 70; 33; 5
45,55,0.29054,0.81818,84; 45; 55; 42; 44; 71; 85; 72; 76; 46
22,77,0.27756,0.28571,73; 22; 77; 18; 43; 28; 38; 80; 18; 8
5,9,0.17062,0.55556,45; 5; 9; 54; 42; 50; 75; 49; 65; 51
11,37,0.28388,0.2973,68; 11; 37; 11; 46; 53; 38; 46; 68; 42
27,55,0.3227,0.49091,37; 27; 55; 8; 46; 51; 74; 81; 50; 47
43,54,0.28803,0.7963,38; 43; 54; 48; 63; 22; 80; 78; 73; 71
20,63,0.29828,0.31746,6; 20; 63; 8; 38; 41; 54; 43; 55; 47
35,61,0.27858,0.57377,83; 35; 61; 83; 15; 17; 72; 55; 69; 25
6,17,0.27596,0.35294,39; 6; 17; 10; 82; 71; 73; 64; 85; 23
16,58,0.27231,0.27586,9; 16; 58; 49; 32; 71; 83; 43; 39; 33
12,26,0.32363,0.46154,31; 12; 26; 72; 25; 58; 31; 69; 78; 53
42,75,0.24343,0.56,22; 42; 75; 32; 71; 74; 71; 25; 41; 43
28,80,0.2768,0.35,82; 28; 80; 74; 7; 38; 5; 85; 83; 52
11,38,0.28291,0.28947,25; 11; 38; 25; 43; 78; 27; 21; 66; 69
71,85,0.19291,0.83529,23; 71; 85; 57; 42; 15; 47; 85; 81; 46
28,56,0.32314,0.5,85; 28; 56; 49; 57; 43; 26; 20; 23; 21
15,59,0.24897,0.25424,39; 15; 59; 36; 14; 47; 81; 11; 24; 68
7,19,0.29671,0.36842,79; 7; 19; 15; 17; 83; 36; 7; 41; 60
20,57,0.31432,0.35088,25; 20; 57; 79; 49; 59; 83; 17; 24; 60
20,40,0.34071,0.5,5; 20; 40; 28; 14; 49; 69; 42; 65; 12
16,46,0.30897,0.34783,73; 16; 46; 82; 55; 75; 31; 41; 79; 32
24,72,0.27308,0.33333,69; 24; 72; 26; 42; 24; 69; 17; 10; 51
6,7,0.17576,0.85714,78; 6; 7; 56; 33; 27; 57; 9; 26; 33
23,41,0.34112,0.56098,42; 23; 41; 79; 75; 11; 14; 43; 6; 25
44,56,0.2676,0.78571,74; 44; 56; 25; 31; 13; 63; 21; 60; 15
44,55,0.2854,0.8,64; 44; 55; 18; 31; 47; 59; 5; 79; 45
22,60,0.31463,0.36667,67; 22; 60; 14; 47; 79; 39; 81; 71; 49
19,64,0.28509,0.29688,35; 19; 64; 7; 82; 32; 79; 69; 14; 45
22,60,0.31707,0.36667,30; 22; 60; 8; 55; 17; 66; 47; 64; 29
36,42,0.32022,0.85714,40; 36; 42; 14; 60; 18; 29; 21; 17; 51
22,68,0.29904,0.32353,85; 22; 68; 25; 24; 47; 54; 33; 63; 67
27,47,0.33644,0.57447,22; 27; 47; 64; 49; 70; 46; 58; 49; 77
43,77,0.25113,0.55844,49; 43; 77; 49; 20; 24; 19; 29; 52; 77
19,80,0.23371,0.2375,66; 19; 80; 35; 36; 6; 66; 26; 37; 59
5,15,0.23407,0.33333,84; 5; 15; 52; 22; 31; 63; 48; 24; 47
27,33,0.3404,0.81818,58; 27; 33; 14; 23; 42; 30; 80; 60; 67
31,68,0.29496,0.45588,22; 31; 68; 14; 43; 43; 35; 47; 14; 33
67,80,0.20633,0.8375,51; 67; 80; 54; 11; 38; 34; 20; 42; 73
26,79,0.28036,0.32911,76; 26; 79; 83; 23; 21; 27; 7; 71; 72
23,62,0.31007,0.37097,81; 23; 62; 63; 59; 35; 15; 9; 45; 19
61,74,0.20292,0.82432,29; 61; 74; 5; 11; 77; 40; 72; 25; 72
41,82,0.23062,0.5,63; 41; 82; 48; 5; 22; 5; 10; 78; 29
13,54,0.23872,0.24074,7; 13; 54; 40; 71; 79; 58; 45; 68; 27
14,42,0.30285,0.33333,35; 14; 42; 84; 36; 82; 77; 60; 68; 15
25,72,0.29324,0.34722,36; 25; 72; 37; 35; 19; 54; 16; 56; 72
22,77,0.27896,0.28571,24; 22; 77; 65; 73; 55; 27; 19; 46; 25
10,36,0.26634,0.27778,55; 10; 36; 5; 61; 25; 67; 20; 22; 59
25,77,0.27749,0.32468,24; 25; 77; 69; 29; 34; 17; 40; 34; 26
19,80,0.23621,0.2375,22; 19; 80; 45; 57; 60; 81; 39; 16; 21
20,70,0.27591,0.28571,55; 20; 70; 21; 82; 27; 5; 71; 24; 43
23,72,0.29356,0.31944,49; 23; 72; 10; 82; 11; 33; 80; 73; 26
42,84,0.22796,0.5,22; 42; 84; 64; 6; 32; 58; 20; 72; 69
16,50,0.29839,0.32,35; 16; 50; 72; 61; 35; 16; 79; 39; 30
8,32,0.24624,0.25,77; 8; 32; 44; 5; 34; 26; 12; 26; 51
5,18,0.26477,0.27778,31; 5; 18; 15; 64; 31; 75; 72; 79; 74
30,81,0.27827,0.37037,63; 30; 81; 68; 27; 39; 17; 30; 25; 11
73,85,0.18289,0.85882,15; 73; 85; 47; 59; 83; 19; 14; 41; 23
44,77,0.242,0.57143,72; 44; 77; 7; 79; 60; 72; 53; 21; 48
68,83,0.19827,0.81928,66; 68; 83; 84; 73; 11; 79; 29; 16; 5
10,20,0.31904,0.5,22; 10; 20; 51; 40; 60; 48; 14; 5; 81
18,56,0.29506,0.32143,73; 18; 56; 13; 41; 54; 47; 46; 73; 20
12,38,0.2938,0.31579,63; 12; 38; 66; 72; 64; 18; 53; 47; 31
16,28,0.3383,0.57143,77; 16; 28; 61; 68; 78; 84; 67; 26; 27
29,52,0.32172,0.55769,24; 29; 52; 77; 25; 14; 28; 23; 69; 72
9,37,0.24207,0.24324,45; 9; 37; 5; 17; 19; 66; 46; 39; 51
11,30,0.30851,0.36667,76; 11; 30; 46; 7; 15; 66; 28; 36; 17
25,82,0.25772,0.30488,72; 25; 82; 53; 36; 52; 44; 37; 37; 17
24,52,0.33086,0.46154,28; 24; 52; 19; 74; 45; 48; 48; 35; 84
63,75,0.21509,0.84,48; 63; 75; 16; 23; 12; 25; 56; 56; 64
36,78,0.24707,0.46154,10; 36; 78; 10; 77; 34; 74; 85; 70; 49
42,74,0.25316,0.56757,76; 42; 74; 26; 53; 21; 56; 80; 41; 34
16,63,0.25103,0.25397,38; 16; 63; 76; 58; 18; 26; 18; 6; 54
28,80,0.26808,0.35,83; 28; 80; 47; 59; 6; 25; 49; 59; 62
69,84,0.19298,0.82143,20; 69; 84; 66; 29; 77; 21; 33; 11; 49
12,41,0.28295,0.29268,49; 12; 41; 45; 7; 20; 64; 39; 7; 9
17,69,0.24449,0.24638,37; 17; 69; 75; 62; 37; 22; 77; 42; 6
11,22,0.32095,0.5,50; 11; 22; 16; 65; 76; 25; 65; 50; 78
12,43,0.27231,0.27907,31; 12; 43; 72; 62; 16; 21; 10; 36; 74
17,37,0.33159,0.45946,18; 17; 37; 41; 57; 19; 36; 47; 41; 14
8,33,0.23797,0.24242,25; 8; 33; 81; 56; 10; 21; 79; 47; 15
24,75,0.28346,0.32,21; 24; 75; 59; 78; 83; 30; 21; 10; 27
17,52,0.30233,0.32692,71; 17; 52; 44; 25; 57; 56; 74; 71; 28
15,41,0.31237,0.36585,64; 15; 41; 76; 72; 67; 74; 82; 29; 15
58,71,0.20275,0.8169,9; 58; 71; 48; 37; 60; 72; 46; 5; 9
10,27,0.30778,0.37037,80; 10; 27; 49; 37; 22; 17; 53; 45; 5
17,53,0.29934,0.32075,35; 17; 53; 17; 13; 45; 15; 26; 58; 58
15,47,0.30044,0.31915,12; 15; 47; 82; 69; 27; 71; 33; 65; 52
48,57,0.26979,0.84211,7; 48; 57; 7; 50; 56; 14; 59; 23; 83
15,27,0.34103,0.55556,20; 15; 27; 67; 24; 28; 7; 29; 16; 73
8,33,0.23822,0.24242,32; 8; 33; 43; 80; 23; 68; 6; 25; 58
18,74,0.2456,0.24324,12; 18; 74; 52; 28; 40; 45; 85; 13; 68
13,46,0.27809,0.28261,14; 13; 46; 56; 84; 48; 68; 40; 79; 33
16,54,0.28707,0.2963,38; 16; 54; 14; 15; 28; 73; 65; 72; 82
33,68,0.28659,0.48529,68; 33; 68; 18; 7; 79; 46; 9; 56; 20
63,79,0.20762,0.79747,45; 63; 79; 54; 76; 19; 26; 23; 70; 77
20,69,0.28108,0.28986,84; 20; 69; 16; 52; 49; 41; 77; 17; 64
64,76,0.21263,0.84211,5; 64; 76; 61; 10; 49; 25; 67; 77; 62
9,11,0.26122,0.81818,37; 9; 11; 35; 72; 76; 67; 79; 73; 59
12,21,0.32529,0.57143,18; 12; 21; 21; 40; 7; 76; 49; 59; 30
7,14,0.25829,0.5,18; 7; 14; 24; 59; 57; 53; 9; 63; 17
22,62,0.30491,0.35484,21; 22; 62; 74; 47; 15; 69; 18; 38; 59
13,39,0.30014,0.33333,60; 13; 39; 68; 16; 79; 62; 52; 7; 60
26,80,0.26397,0.325,58; 26; 80; 76; 29; 46; 30; 29; 55; 35
24,84,0.2634,0.28571,41; 24; 84; 35; 62; 64; 85; 56; 77; 52
52,66,0.24137,0.78788,80; 52; 66; 50; 39; 19; 39; 67; 52; 12
30,60,0.31371,0.5,51; 30; 60; 51; 9; 81; 33; 37; 76; 32
5,17,0.25141,0.29412,60; 5; 17; 50; 52; 55; 73; 26; 57; 41
18,75,0.23913,0.24,55; 18; 75; 60; 64; 11; 59; 28; 52; 14
9,26,0.29938,0.34615,55; 9; 26; 65; 20; 22; 76; 42; 9; 75
21,66,0.29807,0.31818,19; 21; 66; 52; 21; 61; 49; 5; 70; 7
14,47,0.28393,0.29787,55; 14; 47; 46; 16; 80; 34; 84; 23; 20
16,28,0.33691,0.57143,23; 16; 28; 12; 14; 62; 67; 85; 30; 29
22,45,0.33621,0.48889,74; 22; 45; 80; 10; 34; 84; 18; 30; 45
20,67,0.28578,0.29851,7; 20; 67; 74; 75; 48; 55; 68; 36; 79
47,56,0.2794,0.83929,78; 47; 56; 14; 17; 10; 6; 46; 59; 20
57,68,0.23498,0.83824,27; 57; 68; 19; 29; 42; 43; 55; 75; 36
12,15,0.31529,0.8,37; 12; 15; 73; 52; 36; 37; 35; 43; 62
50,61,0.22544,0.81967,26; 50; 61; 17; 17; 22; 81; 58; 80; 41
65,82,0.20179,0.79268,35; 65; 82; 62; 49; 17; 55; 65; 63; 31
19,54,0.30935,0.35185,78; 19; 54; 48; 79; 65; 24; 13; 5; 15
40,81,0.23908,0.49383,44; 40; 81; 35; 63; 41; 33; 77; 53; 19
72,84,0.18644,0.85714,18; 72; 84; 14; 14; 10; 36; 84; 61; 62
12,41,0.281,0.29268,51; 12; 41; 44; 45; 81; 81; 12; 23; 34
19,34,0.34464,0.55882,6; 19; 34; 80; 32; 80; 57; 63; 85; 63
56,67,0.22416,0.83582,81; 56; 67; 31; 9; 76; 48; 55; 62; 64
59,72,0.22581,0.81944,35; 59; 72; 51; 9; 16; 27; 75; 74; 39
11,30,0.3037,0.36667,5; 11; 30; 32; 32; 36; 24; 62; 23; 25
7,19,0.29714,0.36842,67; 7; 19; 6; 12; 35; 41; 72; 55; 60
20,71,0.27513,0.28169,21; 20; 71; 17; 42; 31; 75; 33; 34; 29
19,22,0.34743,0.86364,36; 19; 22; 59; 81; 27; 23; 28; 43; 66
51,59,0.26217,0.86441,19; 51; 59; 70; 68; 19; 78; 51; 18; 72
45,57,0.28118,0.78947,9; 45; 57; 79; 55; 31; 73; 5; 80; 55
49,58,0.26724,0.84483,37; 49; 58; 35; 84; 65; 85; 77; 81; 45
26,80,0.26686,0.325,8; 26; 80; 64; 26; 28; 52; 71; 49; 63
14,28,0.33068,0.5,42; 14; 28; 11; 24; 43; 81; 65; 37; 70
21,83,0.2539,0.25301,68; 21; 83; 10; 7; 41; 17; 13; 38; 22
39,69,0.28611,0.56522,43; 39; 69; 49; 72; 41; 72; 55; 63; 6
42,51,0.26574,0.82353,70; 42; 51; 30; 73; 33; 49; 8; 11; 24
37,46,0.31446,0.80435,21; 37; 46; 84; 16; 10; 36; 71; 22; 33
19,60,0.29772,0.31667,40; 19; 60; 77; 67; 31; 24; 51; 46; 73
18,74,0.23823,0.24324,60; 18; 74; 80; 23; 34; 64; 68; 72; 64
32,56,0.30633,0.57143,65; 32; 56; 9; 30; 46; 33; 20; 19; 18
18,76,0.23056,0.23684,79; 18; 76; 34; 35; 79; 55; 78; 60; 53
73,85,0.17959,0.85882,24; 73; 85; 33; 5; 79; 20; 62; 41; 82
29,58,0.31924,0.5,13; 29; 58; 67; 69; 19; 14; 80; 21; 19
18,65,0.27046,0.27692,80; 18; 65; 28; 80; 22; 23; 82; 39; 48
60,76,0.22012,0.78947,39; 60; 76; 33; 76; 33; 29; 5; 5; 14
70,81,0.19313,0.8642,75; 70; 81; 23; 78; 69; 65; 12; 34; 50
38,83,0.26308,0.45783,30; 38; 83; 63; 61; 34; 54; 48; 84; 82
15,63,0.23777,0.2381,7; 15; 63; 49; 60; 45; 35; 8; 32; 72
22,45,0.33892,0.48889,42; 22; 45; 63; 53; 24; 62; 70; 16; 5
22,39,0.34089,0.5641,30; 22; 39; 17; 61; 25; 84; 60; 67; 11
16,50,0.29604,0.32,58; 16; 50; 41; 20; 61; 37; 43; 51; 34
47,59,0.27175,0.79661,39; 47; 59; 42; 35; 79; 63; 22; 8; 60
63,73,0.21754,0.86301,22; 63; 73; 11; 21; 71; 19; 62; 11; 20
12,14,0.30978,0.85714,72; 12; 14; 64; 16; 68; 5; 50; 69; 13
16,58,0.26822,0.27586,32; 16; 58; 18; 51; 62; 76; 58; 84; 44
41,83,0.23134,0.49398,51; 41; 83; 35; 40; 55; 25; 77; 78; 18
27,32,0.34525,0.84375,29; 27; 32; 23; 78; 38; 74; 46; 16; 84
32,69,0.28324,0.46377,49; 32; 69; 68; 45; 79; 39; 83; 71; 34
51,62,0.25501,0.82258,32; 51; 62; 72; 55; 25; 77; 36; 18; 69
59,69,0.23292,0.85507,51; 59; 69; 68; 41; 73; 35; 33; 62; 63
24,84,0.26221,0.28571,63; 24; 84; 82; 83; 20; 63; 48; 69; 27
13,51,0.25482,0.2549,72; 13; 51; 80; 78; 33; 48; 59; 72; 70
12,14,0.31578,0.85714,35; 12; 14; 61; 22; 12; 63; 65; 38; 54
55,64,0.2458,0.85938,54; 55; 64; 10; 84; 12; 18; 36; 9; 75
38,76,0.27225,0.5,65; 38; 76; 14; 47; 53; 10; 19; 24; 66
19,22,0.34304,0.86364,22; 19; 22; 55; 60; 62; 40; 22; 18; 36
5,21,0.23931,0.2381,23; 5; 21; 46; 40; 29; 6; 52; 15; 43
18,71,0.24979,0.25352,26; 18; 71; 23; 26; 25; 43; 35; 62; 29
11,38,0.27289,0.28947,54; 11; 38; 45; 26; 27; 74; 74; 67; 58
9,36,0.2444,0.25,55; 9; 36; 13; 50; 33; 20; 12; 24; 5
12,21,0.32769,0.57143,73; 12; 21; 22; 52; 7; 73; 36; 30; 47
56,71,0.20818,0.78873,32; 56; 71; 80; 54; 12; 41; 71; 14; 5
27,47,0.3376,0.57447,69; 27; 47; 13; 18; 58; 43; 54; 6; 23
43,51,0.28886,0.84314,15; 43; 51; 5; 16; 52; 34; 18; 21; 45
64,76,0.20348,0.84211,14; 64; 76; 85; 46; 55; 40; 38; 8; 32
8,29,0.26572,0.27586,26; 8; 29; 77; 32; 41; 72; 7; 32; 15
15,43,0.30776,0.34884,84; 15; 43; 82; 25; 63; 22; 77; 16; 51
61,73,0.21604,0.83562,66; 61; 73; 16; 47; 54; 43; 24; 58; 21
17,60,0.27839,0.28333,73; 17; 60; 18; 28; 41; 39; 70; 67; 25
28,75,0.27884,0.37333,21; 28; 75; 51; 77; 44; 38; 39; 44; 53
21,43,0.33935,0.48837,34; 21; 43; 24; 41; 70; 17; 84; 24; 52
47,56,0.27774,0.83929,20; 47; 56; 19; 71; 26; 62; 45; 54; 22
37,47,0.32192,0.78723,55; 37; 47; 20; 71; 83; 17; 30; 18; 77
38,82,0.24925,0.46341,48; 38; 82; 10; 47; 40; 77; 80; 62; 24
26,80,0.2648,0.325,20; 26; 80; 47; 44; 79; 55; 58; 17; 74
28,61,0.3147,0.45902,49; 28; 61; 15; 67; 84; 26; 77; 17; 40
41,84,0.21882,0.4881,23; 41; 84; 45; 42; 36; 64; 49; 36; 40
48,61,0.2614,0.78689,71; 48; 61; 73; 24; 49; 73; 33; 22; 61
30,85,0.2577,0.35294,76; 30; 85; 58; 56; 46; 74; 75; 27; 26
27,85,0.26964,0.31765,56; 27; 85; 27; 33; 13; 81; 11; 47; 76
25,45,0.33588,0.55556,25; 25; 45; 19; 5; 53; 20; 61; 45; 43
32,64,0.30128,0.5,44; 32; 64; 10; 47; 85; 61; 22; 14; 27
56,65,0.24447,0.86154,9; 56; 65; 85; 67; 6; 8; 6; 63; 46
25,84,0.26707,0.29762,29; 25; 84; 38; 16; 35; 49; 23; 8; 83
70,83,0.19565,0.84337,50; 70; 83; 66; 24; 43; 55; 30; 37; 58
24,84,0.26144,0.28571,61; 24; 84; 22; 13; 65; 44; 56; 33; 68
27,47,0.33638,0.57447,70; 27; 47; 74; 78; 39; 16; 16; 46; 81
70,83,0.17865,0.84337,14; 70; 83; 57; 60; 15; 58; 49; 40; 75
70,83,0.19831,0.84337,37; 70; 83; 15; 25; 49; 15; 57; 57; 67
25,77,0.27893,0.32468,85; 25; 77; 72; 78; 12; 83; 52; 73; 73
30,38,0.33199,0.78947,70; 30; 38; 42; 32; 29; 38; 69; 81; 26
20,68,0.28316,0.29412,27; 20; 68; 64; 15; 73; 60; 72; 32; 8
19,34,0.34429,0.55882,6; 19; 34; 78; 23; 82; 62; 58; 57; 78
21,73,0.27762,0.28767,15; 21; 73; 11; 29; 31; 20; 12; 57; 62
19,76,0.25124,0.25,5; 19; 76; 82; 27; 15; 15; 34; 6; 84
13,44,0.28408,0.29545,38; 13; 44; 45; 7; 19; 37; 21; 80; 34
11,39,0.27282,0.28205,66; 11; 39; 73; 59; 9; 75; 78; 39; 27
6,18,0.27726,0.33333,41; 6; 18; 31; 23; 82; 10; 9; 77; 66
13,23,0.33486,0.56522,53; 13; 23; 75; 62; 71; 44; 84; 14; 66
40,80,0.25152,0.5,78; 40; 80; 10; 47; 84; 38; 12; 16; 28
12,34,0.30338,0.35294,63; 12; 34; 49; 12; 41; 63; 23; 12; 62
21,71,0.28129,0.29577,5; 21; 71; 43; 83; 45; 26; 15; 50; 7
36,79,0.26559,0.4557,76; 36; 79; 36; 70; 80; 78; 82; 26; 52
24,30,0.34095,0.8,42; 24; 30; 30; 83; 40; 33; 33; 35; 50
15,51,0.28548,0.29412,49; 15; 51; 79; 12; 68; 68; 44; 70; 17
67,82,0.19984,0.81707,52; 67; 82; 65; 8; 18; 34; 23; 12; 32
22,75,0.27979,0.29333,37; 22; 75; 71; 30; 85; 36; 41; 29; 28
46,80,0.25148,0.575,65; 46; 80; 64; 48; 73; 41; 62; 25; 19
22,68,0.30006,0.32353,15; 22; 68; 77; 19; 18; 8; 34; 66; 69
37,46,0.32132,0.80435,16; 37; 46; 26; 68; 9; 64; 65; 45; 35
20,70,0.27712,0.28571,75; 20; 70; 17; 26; 64; 44; 19; 30; 20
24,49,0.33509,0.4898,63; 24; 49; 16; 73; 30; 13; 66; 16; 5
37,43,0.31811,0.86047,46; 37; 43; 18; 80; 57; 25; 21; 46; 55
13,40,0.29589,0.325,63; 13; 40; 50; 34; 33; 70; 26; 68; 64
15,52,0.28328,0.28846,84; 15; 52; 30; 66; 23; 30; 48; 85; 72
22,78,0.27282,0.28205,13; 22; 78; 7; 18; 79; 28; 16; 83; 50
20,35,0.34132,0.57143,69; 20; 35; 29; 32; 26; 75; 60; 49; 16
34,43,0.32451,0.7907,39; 34; 43; 40; 66; 38; 69; 77; 62; 25
20,70,0.27836,0.28571,64; 20; 70; 54; 16; 61; 44; 13; 47; 79
28,35,0.34117,0.8,52; 28; 35; 77; 84; 71; 14; 63; 50; 37
19,79,0.24231,0.24051,64; 19; 79; 74; 59; 13; 60; 28; 75; 48
35,76,0.27259,0.46053,30; 35; 76; 84; 26; 40; 38; 66; 74; 80
66,84,0.20357,0.78571,13; 66; 84; 22; 56; 71; 56; 35; 27; 26
19,52,0.31354,0.36538,83; 19; 52; 46; 28; 38; 68; 50; 52; 16
9,28,0.2931,0.32143,83; 9; 28; 82; 64; 25; 5; 36; 59; 73
56,68,0.23312,0.82353,42; 56; 68; 47; 20; 38; 28; 77; 34; 75
41,84,0.24474,0.4881,45; 41; 84; 21; 71; 62; 18; 71; 42; 49
34,60,0.31534,0.56667,11; 34; 60; 64; 52; 45; 57; 38; 37; 34
24,76,0.2722,0.31579,28; 24; 76; 79; 31; 33; 27; 45; 85; 83
14,55,0.24646,0.25455,47; 14; 55; 66; 66; 20; 74; 85; 18; 51
20,54,0.31188,0.37037,7; 20; 54; 41; 50; 43; 21; 55; 51; 18
16,28,0.33705,0.57143,79; 16; 28; 28; 63; 44; 82; 71; 31; 72
12,14,0.31081,0.85714,33; 12; 14; 31; 18; 21; 28; 24; 32; 6
61,73,0.22195,0.83562,64; 61; 73; 45; 30; 75; 43; 82; 57; 19
67,82,0.19194,0.81707,27; 67; 82; 74; 29; 67; 58; 67; 46; 11
18,49,0.31554,0.36735,57; 18; 49; 46; 73; 48; 5; 25; 18; 55
36,63,0.28488,0.57143,22; 36; 63; 55; 66; 49; 64; 72; 53; 18
32,57,0.31184,0.5614,51; 32; 57; 8; 72; 17; 49; 42; 74; 10
35,76,0.2738,0.46053,30; 35; 76; 37; 33; 8; 34; 27; 84; 18
17,34,0.3304,0.5,6; 17; 34; 16; 68; 47; 83; 31; 72; 27
27,83,0.27617,0.3253,51; 27; 83; 63; 66; 73; 31; 24; 83; 53
23,81,0.27048,0.28395,65; 23; 81; 5; 49; 77; 74; 81; 68; 44
32,37,0.3343,0.86486,14; 32; 37; 16; 34; 77; 83; 72; 18; 82
20,84,0.23872,0.2381,81; 20; 84; 33; 42; 6; 68; 64; 39; 41
25,54,0.32458,0.46296,52; 25; 54; 61; 28; 57; 39; 37; 63; 76
43,77,0.21914,0.55844,53; 43; 77; 14; 27; 31; 69; 16; 61; 56
17,53,0.30037,0.32075,65; 17; 53; 66; 47; 28; 81; 53; 20; 49
26,70,0.30199,0.37143,38; 26; 70; 39; 54; 8; 14; 49; 59; 75
10,18,0.30662,0.55556,34; 10; 18; 55; 52; 21; 31; 20; 63; 7
9,11,0.25381,0.81818,43; 9; 11; 54; 55; 63; 22; 27; 76; 83
38,77,0.26812,0.49351,9; 38; 77; 80; 66; 7; 60; 9; 20; 68
19,34,0.34601,0.55882,59; 19; 34; 52; 75; 70; 54; 78; 23; 30
16,54,0.28313,0.2963,12; 16; 54; 81; 5; 23; 32; 14; 55; 15
29,79,0.26546,0.36709,36; 29; 79; 40; 63; 34; 37; 53; 20; 7
35,61,0.2903,0.57377,53; 35; 61; 42; 8; 41; 66; 29; 79; 85
66,84,0.20039,0.78571,37; 66; 84; 23; 79; 39; 8; 62; 16; 55
34,68,0.30245,0.5,49; 34; 68; 69; 27; 61; 38; 65; 16; 62
66,83,0.18408,0.79518,53; 66; 83; 28; 67; 46; 10; 77; 82; 67
34,43,0.31827,0.7907,14; 34; 43; 67; 5; 15; 36; 63; 71; 60
63,77,0.21337,0.81818,46; 63; 77; 21; 78; 44; 73; 6; 7; 75
24,49,0.33461,0.4898,73; 24; 49; 51; 36; 36; 25; 15; 69; 61
53,65,0.24996,0.81538,13; 53; 65; 74; 45; 34; 44; 61; 71; 79
50,58,0.25125,0.86207,35; 50; 58; 56; 68; 22; 44; 22; 16; 82
17,51,0.30145,0.33333,12; 17; 51; 41; 49; 84; 40; 24; 17; 11
23,79,0.27267,0.29114,45; 23; 79; 50; 62; 24; 71; 73; 48; 63
41,51,0.30124,0.80392,26; 41; 51; 37; 7; 38; 37; 20; 40; 28
12,15,0.31274,0.8,42; 12; 15; 57; 68; 78; 66; 75; 9; 6
42,50,0.30473,0.84,22; 42; 50; 23; 62; 19; 46; 37; 25; 19
18,62,0.28413,0.29032,75; 18; 62; 49; 78; 26; 51; 73; 63; 21
20,67,0.28627,0.29851,10; 20; 67; 18; 63; 13; 16; 78; 33; 54
35,76,0.28687,0.46053,19; 35; 76; 57; 5; 40; 48; 33; 69; 59
17,48,0.31312,0.35417,56; 17; 48; 17; 45; 57; 62; 40; 65; 23
13,40,0.29451,0.325,47; 13; 40; 14; 24; 24; 31; 52; 27; 25
9,38,0.23106,0.23684,48; 9; 38; 53; 84; 21; 66; 9; 27; 18
7,14,0.27774,0.5,62; 7; 14; 38; 18; 78; 33; 30; 82; 18
18,57,0.29653,0.31579,70; 18; 57; 47; 36; 52; 54; 23; 12; 61
67,82,0.20836,0.81707,23; 67; 82; 69; 61; 23; 37; 18; 51; 44
19,38,0.34206,0.5,44; 19; 38; 51; 13; 60; 66; 57; 16; 55
18,51,0.31067,0.35294,17; 18; 51; 20; 51; 78; 15; 24; 81; 36
52,62,0.25224,0.83871,78; 52; 62; 84; 38; 59; 63; 77; 61; 83
40,81,0.24189,0.49383,44; 40; 81; 11; 59; 19; 14; 38; 25; 26
23,77,0.28348,0.2987,46; 23; 77; 31; 23; 76; 27; 80; 71; 79
30,53,0.31792,0.56604,75; 30; 53; 59; 7; 77; 62; 84; 81; 10
34,74,0.28057,0.45946,28; 34; 74; 66; 85; 60; 73; 42; 11; 19
18,54,0.30727,0.33333,46; 18; 54; 39; 5; 35; 76; 10; 73; 33
27,82,0.26557,0.32927,16; 27; 82; 13; 81; 65; 64; 50; 14; 83
16,19,0.33412,0.84211,65; 16; 19; 81; 23; 61; 19; 40; 16; 19
49,62,0.26485,0.79032,23; 49; 62; 77; 15; 47; 68; 10; 71; 52
37,76,0.28275,0.48684,82; 37; 76; 43; 34; 46; 23; 50; 18; 28
5,9,0.16839,0.55556,61; 5; 9; 52; 7; 34; 50; 32; 6; 53
14,56,0.24763,0.25,81; 14; 56; 37; 20; 53; 73; 46; 61; 55
15,53,0.27494,0.28302,20; 15; 53; 64; 76; 24; 59; 43; 50; 59
21,64,0.30221,0.32812,83; 21; 64; 84; 76; 77; 66; 72; 23; 70
13,44,0.28489,0.29545,60; 13; 44; 20; 62; 37; 25; 38; 48; 66
24,49,0.33267,0.4898,27; 24; 49; 17; 14; 76; 32; 22; 68; 74
24,75,0.28436,0.32,58; 24; 75; 72; 34; 34; 63; 47; 53; 52
27,54,0.32096,0.5,42; 27; 54; 26; 11; 14; 18; 24; 63; 77
21,73,0.28108,0.28767,46; 21; 73; 81; 83; 32; 52; 26; 61; 40
32,65,0.30032,0.49231,76; 32; 65; 14; 50; 29; 72; 23; 52; 75
63,80,0.21065,0.7875,61; 63; 80; 23; 37; 57; 23; 71; 35; 66
24,83,0.25899,0.28916,16; 24; 83; 15; 58; 17; 69; 6; 21; 61
11,30,0.3078,0.36667,34; 11; 30; 34; 23; 82; 60; 6; 24; 46
30,82,0.28322,0.36585,13; 30; 82; 43; 41; 31; 59; 52; 24; 77
55,67,0.22837,0.8209,24; 55; 67; 83; 58; 34; 61; 20; 35; 19
36,79,0.25945,0.4557,38; 36; 79; 21; 29; 18; 66; 25; 64; 25
10,18,0.31426,0.55556,6; 10; 18; 44; 77; 40; 26; 23; 16; 51
23,72,0.28967,0.31944,29; 23; 72; 9; 7; 80; 54; 53; 35; 72
37,80,0.25961,0.4625,10; 37; 80; 77; 41; 24; 49; 12; 76; 30
16,58,0.26851,0.27586,45; 16; 58; 6; 49; 41; 39; 28; 69; 50
25,51,0.3245,0.4902,19; 25; 51; 44; 30; 39; 9; 59; 81; 37
25,83,0.26199,0.3012,78; 25; 83; 29; 31; 63; 46; 28; 59; 81
7,25,0.2668,0.28,15; 7; 25; 60; 73; 23; 74; 14; 64; 68
15,43,0.30998,0.34884,61; 15; 43; 58; 69; 60; 65; 46; 46; 72
38,77,0.24174,0.49351,53; 38; 77; 37; 22; 38; 63; 76; 9; 5
41,49,0.28606,0.83673,41; 41; 49; 74; 35; 7; 41; 63; 58; 5
18,72,0.24368,0.25,22; 18; 72; 34; 54; 24; 69; 80; 82; 75
45,56,0.27769,0.80357,7; 45; 56; 72; 52; 69; 25; 12; 26; 6
25,78,0.28078,0.32051,32; 25; 78; 55; 29; 20; 25; 11; 11; 62
28,56,0.3246,0.5,80; 28; 56; 31; 22; 30; 59; 11; 77; 10
6,18,0.28335,0.33333,7; 6; 18; 17; 41; 75; 44; 55; 24; 23
67,84,0.20072,0.79762,80; 67; 84; 36; 66; 31; 29; 53; 40; 66
17,58,0.28358,0.2931,41; 17; 58; 62; 19; 60; 20; 24; 8; 72
19,68,0.27722,0.27941,42; 19; 68; 30; 71; 71; 50; 82; 35; 60
11,40,0.26686,0.275,78; 11; 40; 24; 79; 70; 33; 17; 14; 47
14,25,0.33472,0.56,59; 14; 25; 31; 79; 67; 69; 65; 31; 16
24,83,0.26927,0.28916,31; 24; 83; 81; 50; 71; 58; 52; 13; 51
42,74,0.26889,0.56757,68; 42; 74; 58; 59; 68; 67; 31; 77; 71
19,65,0.28478,0.29231,44; 19; 65; 73; 24; 64; 42; 36; 65; 40
47,84,0.2233,0.55952,47; 47; 84; 57; 77; 36; 83; 29; 44; 18
31,83,0.25751,0.37349,66; 31; 83; 42; 81; 12; 21; 59; 82; 33
20,40,0.33875,0.5,34; 20; 40; 26; 37; 7; 70; 83; 31; 14
34,74,0.27479,0.45946,49; 34; 74; 75; 56; 45; 11; 83; 40; 22
46,81,0.23613,0.5679,58; 46; 81; 22; 30; 13; 63; 11; 15; 34
67,82,0.19901,0.81707,47; 67; 82; 36; 68; 12; 82; 77; 42; 47
34,61,0.31867,0.55738,26; 34; 61; 28; 56; 83; 47; 81; 15; 60
19,59,0.29803,0.32203,14; 19; 59; 48; 76; 33; 54; 17; 8; 56
54,64,0.22849,0.84375,25; 54; 64; 52; 70; 84; 22; 76; 48; 11
21,64,0.29724,0.32812,45; 21; 64; 24; 56; 55; 7; 20; 13; 80
20,63,0.29567,0.31746,53; 20; 63; 49; 59; 24; 13; 6; 68; 39
20,83,0.24052,0.24096,40; 20; 83; 31; 52; 84; 20; 10; 12; 81
55,69,0.23241,0.7971,78; 55; 69; 59; 63; 48; 48; 82; 61; 22
14,57,0.24467,0.24561,85; 14; 57; 57; 23; 12; 11; 47; 44; 84
52,62,0.26433,0.83871,38; 52; 62; 28; 25; 85; 42; 85; 26; 57
19,34,0.33915,0.55882,71; 19; 34; 62; 68; 85; 26; 70; 10; 72
42,84,0.22837,0.5,62; 42; 84; 82; 24; 34; 80; 79; 50; 64
35,61,0.29606,0.57377,22; 35; 61; 55; 23; 9; 85; 30; 81; 64
45,81,0.22592,0.55556,53; 45; 81; 71; 43; 15; 63; 14; 48; 31
46,81,0.25339,0.5679,47; 46; 81; 63; 32; 82; 58; 18; 41; 54
25,51,0.32593,0.4902,78; 25; 51; 16; 50; 49; 84; 24; 48; 62
41,51,0.30228,0.80392,47; 41; 51; 41; 6; 40; 45; 52; 20; 21
36,45,0.32216,0.8,57; 36; 45; 83; 8; 75; 47; 7; 8; 69
42,84,0.24514,0.5,58; 42; 84; 7; 30; 40; 74; 78; 85; 66
20,83,0.24146,0.24096,79; 20; 83; 28; 73; 58; 28; 28; 7; 69
15,19,0.33543,0.78947,27; 15; 19; 7; 41; 72; 52; 80; 69; 84
24,43,0.34178,0.55814,85; 24; 43; 82; 16; 64; 18; 25; 22; 75
8,29,0.26982,0.27586,56; 8; 29; 26; 68; 64; 43; 35; 60; 62
18,22,0.34132,0.81818,81; 18; 22; 32; 5; 54; 39; 82; 80; 59
13,37,0.30741,0.35135,55; 13; 37; 41; 72; 56; 27; 60; 26; 30
30,85,0.2731,0.35294,34; 30; 85; 39; 57; 41; 39; 23; 67; 11
7,29,0.23824,0.24138,63; 7; 29; 25; 14; 77; 37; 53; 29; 32
22,48,0.33403,0.45833,9; 22; 48; 55; 46; 21; 53; 31; 68; 45
15,43,0.30964,0.34884,23; 15; 43; 80; 75; 59; 64; 46; 47; 56
22,75,0.27491,0.29333,33; 22; 75; 66; 13; 8; 83; 7; 43; 65
6,12,0.21991,0.5,51; 6; 12; 11; 49; 27; 56; 81; 13; 73
43,54,0.27979,0.7963,63; 43; 54; 76; 65; 20; 50; 45; 11; 56
20,84,0.23784,0.2381,11; 20; 84; 48; 52; 69; 84; 74; 28; 29
61,71,0.21579,0.85915,70; 61; 71; 19; 5; 7; 14; 16; 79; 67
62,74,0.20413,0.83784,79; 62; 74; 52; 36; 53; 27; 34; 12; 78
33,72,0.25566,0.45833,19; 33; 72; 13; 34; 72; 83; 65; 38; 10
45,79,0.22498,0.56962,27; 45; 79; 73; 48; 18; 76; 35; 35; 41
18,73,0.24414,0.24658,78; 18; 73; 67; 51; 75; 49; 7; 33; 48
52,66,0.2423,0.78788,25; 52; 66; 18; 32; 28; 67; 82; 50; 71
53,63,0.25186,0.84127,43; 53; 63; 81; 44; 65; 71; 34; 70; 5
57,66,0.23159,0.86364,47; 57; 66; 56; 56; 41; 7; 16; 84; 16
7,21,0.29813,0.33333,21; 7; 21; 15; 58; 39; 63; 27; 29; 5
7,29,0.23857,0.24138,18; 7; 29; 29; 57; 32; 73; 80; 35; 46
19,41,0.3328,0.46341,64; 19; 41; 25; 31; 40; 20; 40; 79; 30
21,75,0.27262,0.28,69; 21; 75; 8; 41; 59; 70; 71; 12; 85
6,25,0.23942,0.24,59; 6; 25; 41; 38; 38; 51; 62; 60; 10
20,66,0.28916,0.30303,24; 20; 66; 66; 79; 25; 48; 14; 31; 47
22,79,0.26852,0.27848,27; 22; 79; 47; 10; 21; 80; 5; 50; 65
43,77,0.24876,0.55844,55; 43; 77; 26; 16; 80; 27; 7; 10; 59
21,37,0.3422,0.56757,32; 21; 37; 61; 80; 28; 35; 27; 33; 60
23,76,0.28613,0.30263,13; 23; 76; 57; 49; 26; 75; 84; 58; 54
32,57,0.29624,0.5614,80; 32; 57; 30; 51; 84; 26; 29; 36; 50
26,74,0.28709,0.35135,70; 26; 74; 61; 76; 44; 58; 33; 51; 52
20,79,0.24937,0.25316,14; 20; 79; 17; 24; 75; 72; 57; 22; 47
19,59,0.29975,0.32203,29; 19; 59; 51; 11; 46; 22; 61; 84; 11
59,69,0.21974,0.85507,57; 59; 69; 36; 76; 63; 59; 35; 59; 85
24,72,0.29401,0.33333,10; 24; 72; 35; 45; 55; 26; 59; 17; 33
18,55,0.30073,0.32727,6; 18; 55; 58; 38; 36; 42; 47; 28; 63
20,67,0.28423,0.29851,23; 20; 67; 80; 83; 45; 46; 83; 43; 73
12,48,0.24847,0.25,28; 12; 48; 44; 16; 64; 14; 59; 77; 27
6,25,0.23268,0.24,11; 6; 25; 44; 5; 22; 37; 37; 43; 9
33,66,0.29159,0.5,60; 33; 66; 68; 55; 72; 40; 26; 36; 75
17,35,0.33547,0.48571,33; 17; 35; 13; 15; 74; 41; 21; 60; 74
22,79,0.26742,0.27848,71; 22; 79; 50; 80; 35; 36; 51; 47; 41
6,7,0.16747,0.85714,5; 6; 7; 72; 85; 75; 78; 20; 53; 69
51,61,0.26,0.83607,57; 51; 61; 17; 63; 18; 23; 40; 68; 55
13,40,0.30163,0.325,62; 13; 40; 73; 11; 33; 50; 30; 33; 71
15,47,0.2998,0.31915,67; 15; 47; 74; 79; 10; 41; 84; 59; 57
45,79,0.25145,0.56962,62; 45; 79; 23; 28; 74; 35; 76; 13; 82
9,28,0.28987,0.32143,67; 9; 28; 57; 84; 23; 73; 37; 77; 7
24,68,0.30083,0.35294,15; 24; 68; 82; 39; 62; 42; 50; 63; 37
7,24,0.27607,0.29167,34; 7; 24; 28; 68; 23; 59; 19; 21; 53
18,71,0.25088,0.25352,45; 18; 71; 53; 23; 49; 8; 54; 12; 81
19,38,0.33789,0.5,24; 19; 38; 74; 46; 43; 52; 34; 13; 14
33,42,0.33417,0.78571,46; 33; 42; 62; 10; 36; 57; 63; 13; 38
24,84,0.2673,0.28571,49; 24; 84; 25; 70; 10; 58; 62; 71; 26
15,51,0.28503,0.29412,30; 15; 51; 47; 52; 66; 63; 46; 79; 47
48,85,0.2391,0.56471,23; 48; 85; 38; 64; 65; 64; 84; 25; 38
13,46,0.27481,0.28261,72; 13; 46; 32; 35; 16; 57; 28; 71; 29
48,84,0.23343,0.57143,20; 48; 84; 50; 63; 63; 55; 42; 14; 14
38,77,0.27596,0.49351,18; 38; 77; 68; 48; 13; 55; 76; 65; 66
34,74,0.27787,0.45946,20; 34; 74; 10; 72; 32; 70; 43; 16; 77
19,52,0.31563,0.36538,59; 19; 52; 45; 42; 60; 80; 52; 51; 84
11,14,0.30193,0.78571,13; 11; 14; 83; 17; 40; 73; 15; 18; 76
23,71,0.28268,0.32394,51; 23; 71; 24; 7; 59; 35; 61; 26; 6
61,76,0.20116,0.80263,53; 61; 76; 12; 49; 61; 57; 58; 38; 50
67,80,0.19411,0.8375,64; 67; 80; 35; 46; 13; 25; 44; 25; 61
9,16,0.30291,0.5625,34; 9; 16; 21; 19; 85; 47; 21; 22; 75
13,40,0.29978,0.325,21; 13; 40; 65; 34; 43; 27; 72; 57; 14
60,75,0.20837,0.8,12; 60; 75; 15; 39; 77; 75; 21; 77; 78
14,50,0.27726,0.28,46; 14; 50; 34; 38; 81; 14; 26; 78; 31
17,30,0.3397,0.56667,22; 17; 30; 20; 42; 31; 65; 37; 78; 66
21,57,0.31827,0.36842,61; 21; 57; 46; 65; 31; 11; 46; 72; 30
42,53,0.28857,0.79245,82; 42; 53; 14; 70; 14; 62; 49; 35; 20
26,33,0.34412,0.78788,37; 26; 33; 12; 80; 7; 56; 68; 51; 70
7,25,0.27201,0.28,27; 7; 25; 8; 37; 83; 5; 38; 34; 52
64,80,0.18734,0.8,28; 64; 80; 65; 50; 28; 67; 24; 45; 34
27,59,0.31756,0.45763,21; 27; 59; 44; 10; 35; 24; 24; 14; 59
51,62,0.25912,0.82258,24; 51; 62; 47; 27; 24; 72; 7; 43; 52
36,74,0.25021,0.48649,75; 36; 74; 29; 64; 62; 45; 32; 38; 80
25,83,0.26897,0.3012,46; 25; 83; 46; 42; 78; 72; 33; 21; 38
21,25,0.3485,0.84,6; 21; 25; 7; 82; 68; 26; 67; 21; 10
7,28,0.24932,0.25,64; 7; 28; 23; 18; 47; 18; 15; 41; 56
5,10,0.22225,0.5,44; 5; 10; 28; 11; 73; 5; 38; 35; 15
53,67,0.2553,0.79104,15; 53; 67; 35; 51; 17; 59; 12; 32; 29
25,85,0.26289,0.29412,46; 25; 85; 20; 40; 59; 23; 50; 79; 6
10,36,0.26705,0.27778,6; 10; 36; 23; 47; 50; 19; 10; 39; 31
38,67,0.28294,0.56716,53; 38; 67; 20; 63; 57; 55; 14; 33; 63
32,69,0.28697,0.46377,7; 32; 69; 69; 31; 78; 49; 85; 43; 62
29,79,0.27045,0.36709,13; 29; 79; 6; 16; 26; 32; 21; 15; 35
12,48,0.24787,0.25,84; 12; 48; 85; 70; 60; 82; 70; 28; 42
5,17,0.26816,0.29412,74; 5; 17; 25; 10; 52; 42; 76; 46; 38
23,40,0.34684,0.575,24; 23; 40; 66; 34; 8; 51; 81; 56; 68
21,42,0.33733,0.5,71; 21; 42; 53; 11; 37; 53; 72; 67; 27
56,70,0.23586,0.8,63; 56; 70; 46; 29; 59; 66; 78; 35; 46
55,64,0.24893,0.85938,51; 55; 64; 32; 51; 81; 52; 67; 59; 83
63,80,0.19952,0.7875,54; 63; 80; 8; 32; 78; 57; 40; 40; 59
24,80,0.27354,0.3,52; 24; 80; 19; 13; 35; 65; 64; 62; 30
17,30,0.33995,0.56667,12; 17; 30; 53; 49; 73; 31; 17; 58; 32
41,84,0.24669,0.4881,38; 41; 84; 71; 33; 12; 38; 33; 30; 53
34,43,0.32917,0.7907,53; 34; 43; 45; 78; 61; 15; 33; 30; 68
10,36,0.26789,0.27778,15; 10; 36; 57; 82; 65; 68; 75; 34; 33
42,85,0.23141,0.49412,21; 42; 85; 24; 10; 27; 33; 24; 5; 16
32,57,0.30857,0.5614,26; 32; 57; 29; 36; 71; 43; 7; 15; 26
12,51,0.23402,0.23529,20; 12; 51; 8; 27; 38; 23; 73; 20; 17
15,46,0.2981,0.32609,82; 15; 46; 24; 71; 74; 35; 34; 50; 55
28,80,0.2699,0.35,83; 28; 80; 20; 79; 19; 57; 16; 55; 56
17,69,0.24602,0.24638,32; 17; 69; 24; 64; 79; 28; 25; 10; 21
22,75,0.28174,0.29333,84; 22; 75; 41; 61; 52; 24; 40; 7; 71
36,43,0.32801,0.83721,76; 36; 43; 76; 83; 18; 62; 6; 45; 30
30,82,0.26654,0.36585,55; 30; 82; 6; 27; 29; 35; 46; 15; 46
12,14,0.30052,0.85714,70; 12; 14; 41; 73; 13; 9; 31; 78; 81
13,35,0.31305,0.37143,49; 13; 35; 23; 78; 24; 20; 17; 82; 5
67,82,0.20674,0.81707,43; 67; 82; 18; 44; 18; 26; 41; 75; 58
13,47,0.2705,0.2766,7; 13; 47; 22; 42; 53; 60; 60; 74; 48
13,52,0.2475,0.25,5; 13; 52; 42; 38; 40; 14; 40; 60; 56
16,54,0.28538,0.2963,75; 16; 54; 7; 84; 46; 48; 54; 42; 51
16,20,0.33687,0.8,33; 16; 20; 27; 60; 36; 41; 22; 19; 79
19,79,0.24026,0.24051,12; 19; 79; 6; 75; 6; 33; 70; 42; 29
73,85,0.19719,0.85882,76; 73; 85; 37; 65; 9; 24; 53; 58; 74
22,45,0.3378,0.48889,38; 22; 45; 31; 26; 15; 27; 58; 40; 73
23,63,0.30613,0.36508,27; 23; 63; 45; 45; 84; 57; 77; 73; 54
33,68,0.27442,0.48529,8; 33; 68; 39; 22; 75; 80; 31; 26; 25
37,45,0.32459,0.82222,63; 37; 45; 48; 21; 78; 6; 80; 42; 26
37,44,0.31373,0.84091,33; 37; 44; 6; 34; 49; 56; 10; 54; 8
20,72,0.27323,0.27778,61; 20; 72; 14; 55; 81; 77; 6; 35; 24
24,84,0.26742,0.28571,46; 24; 84; 25; 38; 73; 85; 5; 41; 7
51,64,0.25916,0.79688,53; 51; 64; 73; 57; 80; 61; 30; 64; 10
41,51,0.29259,0.80392,63; 41; 51; 71; 21; 14; 59; 39; 16; 14
21,69,0.28959,0.30435,10; 21; 69; 79; 79; 84; 44; 53; 62; 5
19,34,0.33955,0.55882,62; 19; 34; 28; 22; 16; 65; 6; 33; 84
19,76,0.24784,0.25,52; 19; 76; 13; 77; 29; 21; 38; 79; 73
22,77,0.273,0.28571,15; 22; 77; 55; 62; 62; 10; 75; 11; 84
12,21,0.32889,0.57143,23; 12; 21; 17; 49; 83; 59; 20; 6; 26
11,37,0.28068,0.2973,9; 11; 37; 67; 45; 58; 38; 69; 7; 25
57,71,0.2207,0.80282,82; 57; 71; 58; 48; 15; 62; 43; 7; 83
27,59,0.31764,0.45763,80; 27; 59; 38; 34; 22; 69; 32; 74; 83
41,73,0.22735,0.56164,55; 41; 73; 25; 66; 58; 78; 84; 75; 58
11,30,0.30568,0.36667,34; 11; 30; 65; 55; 81; 57; 19; 27; 36
35,71,0.29085,0.49296,46; 35; 71; 39; 74; 30; 13; 71; 83; 24
26,74,0.29699,0.35135,44; 26; 74; 80; 46; 42; 33; 50; 59; 13
13,41,0.29418,0.31707,53; 13; 41; 18; 83; 15; 30; 33; 85; 83
11,44,0.25139,0.25,83; 11; 44; 53; 30; 61; 21; 28; 22; 28
18,75,0.23792,0.24,80; 18; 75; 47; 52; 20; 12; 18; 36; 66
54,68,0.21564,0.79412,66; 54; 68; 6; 45; 80; 62; 18; 13; 76
20,62,0.29752,0.32258,30; 20; 62; 78; 58; 66; 47; 14; 75; 22
19,39,0.33527,0.48718,75; 19; 39; 58; 9; 9; 12; 12; 27; 77
6,19,0.28066,0.31579,43; 6; 19; 41; 73; 59; 34; 21; 12; 58
15,30,0.33037,0.5,64; 15; 30; 31; 83; 6; 27; 56; 5; 21
56,71,0.237,0.78873,70; 56; 71; 62; 40; 55; 74; 38; 49; 75
21,66,0.2969,0.31818,34; 21; 66; 51; 20; 17; 71; 46; 57; 70
5,9,0.19051,0.55556,52; 5; 9; 41; 84; 47; 73; 45; 46; 51
42,50,0.29143,0.84,19; 42; 50; 14; 79; 38; 7; 34; 64; 68
25,67,0.2846,0.37313,82; 25; 67; 30; 18; 64; 29; 79; 84; 85
64,78,0.20781,0.82051,16; 64; 78; 71; 11; 48; 15; 60; 22; 11
10,36,0.27152,0.27778,16; 10; 36; 13; 5; 55; 40; 18; 83; 35
25,79,0.27816,0.31646,80; 25; 79; 45; 22; 21; 41; 77; 35; 69
24,79,0.27385,0.3038,48; 24; 79; 45; 61; 47; 35; 12; 59; 50
25,83,0.26073,0.3012,30; 25; 83; 56; 23; 25; 36; 66; 66; 62
15,41,0.31745,0.36585,66; 15; 41; 57; 40; 59; 64; 36; 63; 78
66,79,0.20884,0.83544,12; 66; 79; 50; 46; 68; 48; 83; 24; 54
27,54,0.32556,0.5,16; 27; 54; 71; 8; 21; 76; 43; 36; 80
19,54,0.31467,0.35185,26; 19; 54; 37; 59; 76; 46; 61; 27; 50
42,84,0.23754,0.5,36; 42; 84; 85; 67; 47; 44; 19; 36; 47
60,70,0.2151,0.85714,32; 60; 70; 28; 82; 36; 67; 70; 42; 29
28,57,0.31778,0.49123,42; 28; 57; 31; 14; 61; 12; 70; 73; 7
25,67,0.30101,0.37313,31; 25; 67; 60; 58; 22; 55; 62; 6; 35
17,67,0.25099,0.25373,82; 17; 67; 53; 28; 40; 69; 36; 11; 15
17,70,0.24016,0.24286,38; 17; 70; 79; 79; 28; 24; 71; 63; 74
70,83,0.18658,0.84337,75; 70; 83; 85; 45; 65; 45; 33; 14; 51
18,73,0.23721,0.24658,49; 18; 73; 79; 69; 6; 12; 76; 79; 85
33,42,0.33217,0.78571,83; 33; 42; 46; 53; 68; 45; 55; 79; 48
23,63,0.31146,0.36508,43; 23; 63; 49; 26; 52; 79; 31; 15; 48
6,25,0.23143,0.24,55; 6; 25; 20; 37; 80; 12; 74; 42; 37
14,40,0.30961,0.35,5; 14; 40; 50; 84; 6; 26; 63; 27; 52
34,61,0.31273,0.55738,54; 34; 61; 73; 73; 41; 31; 82; 62; 78
14,59,0.23433,0.23729,23; 14; 59; 59; 54; 66; 42; 8; 41; 53
13,46,0.27905,0.28261,81; 13; 46; 81; 19; 40; 69; 28; 43; 74
23,50,0.3334,0.46,56; 23; 50; 41; 50; 33; 48; 63; 60; 10
38,76,0.27033,0.5,80; 38; 76; 63; 15; 47; 32; 32; 25; 6
17,60,0.27632,0.28333,73; 17; 60; 85; 80; 74; 66; 63; 71; 58
37,65,0.29376,0.56923,61; 37; 65; 45; 15; 27; 65; 15; 65; 24
24,75,0.2839,0.32,29; 24; 75; 65; 64; 9; 15; 42; 75; 31
38,83,0.23973,0.45783,55; 38; 83; 17; 49; 24; 83; 20; 70; 12
8,27,0.28285,0.2963,7; 8; 27; 21; 71; 15; 21; 49; 82; 13
25,76,0.28256,0.32895,12; 25; 76; 38; 60; 63; 75; 44; 79; 78
16,35,0.3274,0.45714,9; 16; 35; 69; 70; 17; 84; 7; 17; 46
16,49,0.30135,0.32653,14; 16; 49; 14; 25; 5; 62; 20; 78; 72
17,56,0.28847,0.30357,82; 17; 56; 16; 39; 9; 85; 18; 8; 80
11,44,0.24616,0.25,77; 11; 44; 21; 59; 58; 7; 64; 84; 6
38,83,0.24645,0.45783,64; 38; 83; 19; 41; 28; 84; 43; 40; 73
26,52,0.33013,0.5,30; 26; 52; 83; 8; 16; 43; 8; 30; 13
69,82,0.19476,0.84146,75; 69; 82; 7; 67; 53; 24; 46; 79; 38
27,54,0.32066,0.5,21; 27; 54; 56; 34; 55; 62; 81; 55; 72
9,18,0.30989,0.5,50; 9; 18; 17; 55; 15; 40; 8; 80; 52
24,75,0.28591,0.32,76; 24; 75; 44; 60; 74; 35; 30; 30; 43
17,34,0.3287,0.5,30; 17; 34; 6; 40; 48; 45; 44; 41; 81
16,48,0.30543,0.33333,8; 16; 48; 37; 77; 77; 36; 39; 61; 84
6,20,0.28162,0.3,25; 6; 20; 30; 30; 17; 63; 7; 43; 15
9,18,0.30724,0.5,42; 9; 18; 45; 14; 82; 77; 7; 19; 36
28,75,0.2815,0.37333,60; 28; 75; 50; 6; 70; 21; 49; 84; 77
32,65,0.30731,0.49231,47; 32; 65; 41; 39; 37; 26; 32; 77; 16
11,14,0.29993,0.78571,7; 11; 14; 14; 23; 51; 47; 53; 20; 20
26,33,0.34277,0.78788,7; 26; 33; 69; 24; 26; 12; 74; 27; 64
44,56,0.26669,0.78571,55; 44; 56; 85; 35; 37; 60; 40; 41; 42
45,81,0.22545,0.55556,52; 45; 81; 67; 45; 46; 29; 26; 53; 84
36,42,0.32107,0.85714,18; 36; 42; 79; 17; 45; 50; 25; 31; 43
31,83,0.24622,0.37349,66; 31; 83; 58; 7; 67; 52; 9; 57; 61
