ShorterBarHeight,TallerBarHeight,InferenceResult,GroundTruth,BarHeights
21,26,0.70865,0.80769,21; 11; 18; 17; 26; 17; 12; 10
39,53,0.76209,0.73585,39; 9; 8; 17; 53; 8; 15; 10
12,63,0.20412,0.19048,12; 18; 17; 28; 63; 7; 6; 5
32,82,0.52689,0.39024,32; 12; 12; 19; 82; 3; 5; 3
37,42,0.92453,0.88095,37; 7; 7; 9; 42; 5; 7; 6
24,31,0.76657,0.77419,24; 18; 21; 14; 31; 10; 9; 5
15,31,0.50032,0.48387,15; 10; 22; 7; 31; 17; 5; 20
5,42,0.11637,0.11905,5; 11; 16; 21; 42; 12; 12; 12
11,32,0.35056,0.34375,11; 3; 6; 11; 32; 17; 13; 18
38,42,0.85973,0.90476,38; 10; 10; 20; 42; 7; 4; 15
7,31,0.22314,0.22581,7; 23; 7; 28; 31; 22; 14; 14
21,42,0.50112,0.5,21; 17; 12; 7; 42; 4; 5; 9
32,78,0.56796,0.41026,32; 18; 13; 15; 78; 6; 4; 3
58,77,0.85031,0.75325,58; 13; 4; 6; 77; 5; 6; 4
47,64,0.78147,0.73438,47; 3; 8; 14; 64; 7; 7; 9
8,82,0.1985,0.09756,8; 27; 21; 10; 82; 5; 4; 5
26,42,0.64576,0.61905,26; 15; 8; 13; 42; 17; 6; 14
27,31,0.74221,0.87097,27; 16; 9; 13; 31; 5; 3; 3
6,9,0.23876,0.66667,6; 25; 7; 18; 9; 13; 19; 27
15,31,0.50949,0.48387,15; 15; 25; 22; 31; 9; 3; 11
43,78,0.68976,0.55128,43; 11; 12; 3; 78; 4; 6; 6
29,42,0.69656,0.69048,29; 9; 7; 6; 42; 12; 5; 3
46,75,0.67618,0.61333,46; 5; 5; 17; 75; 6; 5; 6
8,9,0.37889,0.88889,8; 29; 5; 7; 9; 21; 25; 24
6,32,0.22932,0.1875,6; 23; 23; 18; 32; 13; 19; 16
7,9,0.3599,0.77778,7; 20; 30; 20; 9; 29; 20; 14
32,70,0.55638,0.45714,32; 15; 3; 3; 70; 8; 9; 3
7,9,0.33606,0.77778,7; 19; 24; 27; 9; 5; 8; 9
36,70,0.59907,0.51429,36; 18; 8; 17; 70; 6; 9; 7
10,77,0.23291,0.12987,10; 19; 21; 17; 77; 5; 4; 4
60,78,0.85728,0.76923,60; 9; 4; 4; 78; 3; 6; 3
39,64,0.65777,0.60938,39; 17; 6; 14; 64; 3; 6; 11
34,53,0.61415,0.64151,34; 7; 15; 19; 53; 4; 13; 3
7,9,0.36128,0.77778,7; 26; 21; 21; 9; 23; 16; 17
14,42,0.34755,0.33333,14; 5; 25; 9; 42; 6; 10; 14
46,70,0.74555,0.65714,46; 6; 15; 8; 70; 7; 8; 3
26,49,0.54663,0.53061,26; 4; 6; 5; 49; 5; 5; 11
5,10,0.28886,0.5,5; 20; 21; 25; 10; 3; 27; 20
9,78,0.21237,0.11538,9; 24; 21; 26; 78; 4; 3; 6
80,82,0.77992,0.97561,80; 6; 3; 3; 82; 5; 4; 3
62,64,0.93559,0.96875,62; 5; 10; 6; 64; 8; 5; 4
34,49,0.76187,0.69388,34; 19; 9; 13; 49; 12; 15; 14
16,64,0.29529,0.25,16; 4; 24; 5; 64; 8; 7; 6
19,53,0.37299,0.35849,19; 14; 10; 4; 53; 6; 11; 5
13,49,0.25649,0.26531,13; 19; 14; 9; 49; 16; 14; 7
13,26,0.51052,0.5,13; 7; 28; 20; 26; 24; 15; 18
27,53,0.50878,0.50943,27; 6; 13; 3; 53; 8; 14; 4
39,42,0.79726,0.92857,39; 8; 5; 11; 42; 14; 4; 15
8,9,0.37917,0.88889,8; 27; 8; 17; 9; 9; 26; 17
31,53,0.63118,0.58491,31; 3; 12; 5; 53; 8; 15; 12
6,9,0.36172,0.66667,6; 24; 17; 19; 9; 17; 3; 8
8,32,0.30395,0.25,8; 14; 20; 21; 32; 20; 22; 16
8,32,0.2866,0.25,8; 20; 30; 13; 32; 11; 8; 14
8,31,0.30276,0.25806,8; 24; 15; 15; 31; 13; 3; 10
24,31,0.73935,0.77419,24; 23; 16; 22; 31; 16; 21; 6
62,64,0.93326,0.96875,62; 6; 8; 8; 64; 4; 6; 3
43,48,0.81968,0.89583,43; 3; 7; 11; 48; 6; 16; 10
6,9,0.32981,0.66667,6; 25; 7; 17; 9; 10; 24; 27
32,77,0.57006,0.41558,32; 14; 11; 10; 77; 5; 4; 6
21,26,0.82253,0.80769,21; 14; 9; 23; 26; 4; 8; 5
14,48,0.3154,0.29167,14; 14; 16; 5; 48; 8; 9; 14
17,63,0.28906,0.26984,17; 8; 5; 26; 63; 5; 8; 5
17,64,0.29522,0.26562,17; 17; 26; 24; 64; 6; 11; 11
54,63,0.9104,0.85714,54; 9; 7; 7; 63; 3; 7; 5
7,49,0.14151,0.14286,7; 13; 19; 28; 49; 14; 5; 15
50,78,0.83815,0.64103,50; 14; 14; 5; 78; 3; 4; 6
9,49,0.1585,0.18367,9; 7; 16; 6; 49; 6; 13; 10
16,48,0.34947,0.33333,16; 16; 12; 26; 48; 12; 11; 11
25,31,0.72418,0.80645,25; 8; 5; 16; 31; 9; 10; 14
11,31,0.36696,0.35484,11; 10; 27; 26; 31; 14; 22; 22
6,70,0.13705,0.08571,6; 22; 15; 7; 70; 8; 7; 9
6,26,0.2527,0.23077,6; 15; 6; 23; 26; 22; 19; 15
41,64,0.69104,0.64062,41; 18; 18; 12; 64; 8; 6; 7
47,49,0.8469,0.95918,47; 4; 12; 11; 49; 12; 3; 16
14,53,0.27022,0.26415,14; 18; 8; 21; 53; 6; 4; 15
70,77,0.81223,0.90909,70; 5; 7; 4; 77; 7; 4; 4
11,42,0.28235,0.2619,11; 26; 24; 18; 42; 5; 13; 7
6,31,0.26101,0.19355,6; 22; 14; 10; 31; 10; 3; 17
36,49,0.76365,0.73469,36; 10; 8; 11; 49; 14; 12; 6
16,82,0.32105,0.19512,16; 22; 16; 14; 82; 4; 5; 4
5,32,0.179,0.15625,5; 8; 26; 17; 32; 14; 12; 3
7,10,0.39329,0.7,7; 4; 7; 13; 10; 25; 18; 4
36,48,0.76966,0.75,36; 15; 6; 4; 48; 9; 3; 7
36,70,0.63379,0.51429,36; 14; 10; 14; 70; 9; 9; 7
8,31,0.29901,0.25806,8; 30; 10; 12; 31; 19; 8; 13
6,70,0.10132,0.08571,6; 11; 10; 19; 70; 8; 9; 4
11,32,0.34789,0.34375,11; 29; 10; 6; 32; 16; 8; 18
8,9,0.37704,0.88889,8; 26; 30; 30; 9; 11; 19; 9
14,42,0.38325,0.33333,14; 19; 25; 22; 42; 9; 13; 18
20,63,0.36091,0.31746,20; 14; 24; 10; 63; 3; 4; 11
17,78,0.33566,0.21795,17; 22; 11; 11; 78; 3; 6; 5
7,10,0.36718,0.7,7; 8; 13; 11; 10; 3; 7; 22
7,10,0.37876,0.7,7; 24; 28; 9; 10; 9; 16; 3
17,53,0.29461,0.32075,17; 11; 9; 17; 53; 14; 11; 4
13,77,0.24869,0.16883,13; 26; 11; 27; 77; 7; 3; 4
7,9,0.34816,0.77778,7; 18; 12; 28; 9; 12; 10; 19
14,31,0.42641,0.45161,14; 23; 25; 19; 31; 17; 6; 16
8,9,0.37114,0.88889,8; 27; 20; 4; 9; 25; 8; 24
8,64,0.16618,0.125,8; 17; 6; 16; 64; 7; 4; 5
17,26,0.63052,0.65385,17; 11; 17; 6; 26; 8; 11; 7
32,63,0.54522,0.50794,32; 7; 14; 18; 63; 9; 3; 9
37,64,0.63623,0.57812,37; 3; 16; 9; 64; 9; 5; 9
48,49,0.81359,0.97959,48; 6; 12; 15; 49; 3; 8; 12
9,10,0.43224,0.9,9; 7; 22; 17; 10; 7; 7; 25
34,78,0.55616,0.4359,34; 6; 12; 11; 78; 4; 6; 4
68,77,0.79831,0.88312,68; 5; 4; 3; 77; 4; 7; 3
27,32,0.76935,0.84375,27; 20; 8; 8; 32; 15; 3; 8
9,63,0.20604,0.14286,9; 9; 7; 22; 63; 9; 3; 3
36,70,0.6114,0.51429,36; 7; 8; 6; 70; 4; 8; 6
8,53,0.18946,0.15094,8; 26; 6; 20; 53; 6; 10; 12
24,26,0.84488,0.92308,24; 17; 10; 8; 26; 22; 5; 20
29,32,0.76603,0.90625,29; 12; 7; 21; 32; 19; 9; 12
70,82,0.71746,0.85366,70; 4; 7; 4; 82; 4; 5; 4
8,10,0.43099,0.8,8; 23; 23; 3; 10; 8; 7; 22
57,64,0.97437,0.89062,57; 12; 3; 5; 64; 8; 3; 4
30,78,0.51199,0.38462,30; 6; 16; 13; 78; 5; 4; 6
12,64,0.1702,0.1875,12; 16; 20; 23; 64; 10; 3; 5
52,64,0.88181,0.8125,52; 15; 15; 9; 64; 4; 11; 3
10,70,0.19718,0.14286,10; 21; 19; 23; 70; 5; 4; 5
34,53,0.64281,0.64151,34; 19; 5; 5; 53; 3; 9; 9
8,26,0.31389,0.30769,8; 8; 25; 4; 26; 23; 15; 23
5,10,0.3667,0.5,5; 18; 25; 15; 10; 28; 14; 19
6,75,0.15508,0.08,6; 24; 22; 9; 75; 3; 7; 7
26,63,0.46422,0.4127,26; 6; 18; 17; 63; 8; 3; 3
33,49,0.69772,0.67347,33; 18; 7; 8; 49; 15; 11; 4
51,53,0.84005,0.96226,51; 5; 11; 14; 53; 11; 5; 8
6,10,0.33712,0.6,6; 29; 5; 15; 10; 4; 18; 12
39,49,0.79932,0.79592,39; 4; 7; 14; 49; 15; 15; 14
22,53,0.42033,0.41509,22; 9; 6; 10; 53; 4; 10; 7
45,82,0.71914,0.54878,45; 5; 7; 15; 82; 4; 5; 4
8,10,0.42568,0.8,8; 7; 28; 8; 10; 19; 6; 11
34,82,0.55575,0.41463,34; 10; 8; 18; 82; 5; 5; 5
7,63,0.12996,0.11111,7; 24; 27; 9; 63; 4; 10; 11
13,31,0.41153,0.41935,13; 26; 5; 15; 31; 22; 20; 22
5,9,0.26808,0.55556,5; 18; 7; 6; 9; 20; 14; 7
20,42,0.48063,0.47619,20; 17; 9; 15; 42; 8; 5; 14
23,26,0.79226,0.88462,23; 6; 11; 24; 26; 19; 6; 17
8,63,0.1837,0.12698,8; 6; 8; 23; 63; 10; 6; 10
8,10,0.40753,0.8,8; 12; 18; 17; 10; 23; 21; 5
5,77,0.12811,0.06494,5; 21; 22; 9; 77; 3; 5; 7
8,10,0.43656,0.8,8; 8; 10; 7; 10; 20; 22; 26
5,10,0.29335,0.5,5; 14; 8; 15; 10; 22; 7; 21
39,49,0.77548,0.79592,39; 12; 3; 5; 49; 6; 11; 12
7,48,0.14216,0.14583,7; 6; 5; 3; 48; 5; 7; 12
28,48,0.62667,0.58333,28; 7; 16; 6; 48; 11; 13; 9
7,26,0.28739,0.26923,7; 4; 17; 15; 26; 3; 15; 3
34,49,0.71834,0.69388,34; 15; 6; 8; 49; 12; 11; 13
43,70,0.73609,0.61429,43; 3; 10; 13; 70; 6; 3; 3
75,77,0.84465,0.97403,75; 5; 3; 4; 77; 6; 6; 4
5,42,0.12283,0.11905,5; 20; 6; 8; 42; 16; 14; 17
5,9,0.30957,0.55556,5; 23; 16; 21; 9; 18; 12; 11
42,64,0.71439,0.65625,42; 13; 12; 4; 64; 8; 7; 11
13,49,0.26427,0.26531,13; 22; 14; 4; 49; 13; 13; 14
17,63,0.27619,0.26984,17; 27; 26; 17; 63; 4; 5; 9
50,64,0.80476,0.78125,50; 8; 9; 14; 64; 10; 4; 8
64,75,0.88536,0.85333,64; 11; 11; 10; 75; 5; 4; 4
60,70,0.91362,0.85714,60; 4; 11; 10; 70; 7; 5; 7
38,42,0.85877,0.90476,38; 14; 19; 11; 42; 13; 14; 10
52,63,0.84373,0.8254,52; 4; 11; 11; 63; 4; 3; 3
38,78,0.65979,0.48718,38; 3; 5; 11; 78; 6; 5; 3
10,49,0.23342,0.20408,10; 19; 14; 18; 49; 15; 11; 10
6,31,0.25044,0.19355,6; 9; 29; 21; 31; 17; 3; 22
24,49,0.49702,0.4898,24; 15; 21; 11; 49; 11; 4; 14
39,48,0.77669,0.8125,39; 17; 10; 7; 48; 12; 5; 10
32,53,0.62459,0.60377,32; 12; 10; 9; 53; 8; 8; 15
57,77,0.87847,0.74026,57; 9; 4; 6; 77; 6; 6; 3
15,32,0.4751,0.46875,15; 13; 14; 4; 32; 13; 22; 8
60,77,0.87367,0.77922,60; 3; 9; 8; 77; 5; 6; 6
13,26,0.47555,0.5,13; 28; 17; 4; 26; 15; 6; 15
17,32,0.51566,0.53125,17; 6; 9; 10; 32; 6; 6; 15
44,63,0.75151,0.69841,44; 7; 13; 9; 63; 4; 11; 7
7,77,0.17607,0.09091,7; 24; 12; 11; 77; 3; 4; 6
36,78,0.62441,0.46154,36; 5; 9; 5; 78; 6; 4; 4
29,48,0.64667,0.60417,29; 14; 6; 23; 48; 8; 13; 14
55,78,0.79592,0.70513,55; 7; 5; 14; 78; 3; 4; 6
13,70,0.23902,0.18571,13; 24; 22; 16; 70; 5; 7; 8
48,82,0.7382,0.58537,48; 13; 10; 4; 82; 5; 3; 4
46,63,0.81818,0.73016,46; 11; 7; 6; 63; 4; 4; 9
25,31,0.71284,0.80645,25; 5; 6; 13; 31; 17; 13; 21
26,64,0.46274,0.40625,26; 21; 3; 6; 64; 6; 10; 6
15,49,0.31539,0.30612,15; 13; 17; 26; 49; 11; 10; 4
28,49,0.57897,0.57143,28; 16; 9; 17; 49; 15; 6; 9
13,32,0.45806,0.40625,13; 9; 8; 19; 32; 7; 19; 13
8,32,0.25653,0.25,8; 21; 26; 12; 32; 16; 4; 18
41,64,0.71665,0.64062,41; 14; 12; 6; 64; 3; 5; 3
72,82,0.82989,0.87805,72; 8; 3; 6; 82; 5; 4; 4
8,48,0.19887,0.16667,8; 28; 3; 13; 48; 3; 5; 15
5,64,0.08375,0.07812,5; 27; 31; 17; 64; 7; 4; 5
23,32,0.71945,0.71875,23; 12; 21; 15; 32; 20; 22; 8
7,10,0.3468,0.7,7; 13; 27; 6; 10; 26; 23; 18
34,48,0.79626,0.70833,34; 15; 13; 15; 48; 7; 16; 3
69,77,0.81287,0.8961,69; 6; 3; 7; 77; 7; 5; 6
36,42,0.88468,0.85714,36; 18; 19; 8; 42; 7; 18; 10
33,48,0.7041,0.6875,33; 8; 12; 21; 48; 5; 10; 8
13,31,0.44528,0.41935,13; 16; 3; 10; 31; 3; 17; 15
5,10,0.34562,0.5,5; 20; 30; 11; 10; 26; 14; 8
38,63,0.63106,0.60317,38; 16; 3; 13; 63; 8; 7; 6
21,31,0.65825,0.67742,21; 9; 5; 4; 31; 19; 19; 6
53,78,0.77223,0.67949,53; 14; 14; 13; 78; 4; 4; 6
44,48,0.83466,0.91667,44; 11; 5; 4; 48; 4; 12; 14
30,31,0.81428,0.96774,30; 15; 13; 17; 31; 22; 19; 21
11,49,0.25518,0.22449,11; 19; 28; 28; 49; 14; 12; 3
40,82,0.64885,0.4878,40; 16; 6; 17; 82; 3; 5; 5
10,42,0.25381,0.2381,10; 4; 19; 24; 42; 14; 10; 10
68,75,0.82332,0.90667,68; 9; 9; 8; 75; 7; 6; 3
6,9,0.34571,0.66667,6; 16; 4; 23; 9; 5; 7; 5
67,82,0.77327,0.81707,67; 5; 3; 9; 82; 4; 4; 5
7,10,0.38891,0.7,7; 13; 17; 30; 10; 24; 23; 24
16,75,0.31484,0.21333,16; 11; 16; 18; 75; 7; 6; 5
35,64,0.57113,0.54688,35; 10; 20; 7; 64; 9; 3; 3
26,53,0.50105,0.49057,26; 18; 6; 23; 53; 14; 6; 14
49,82,0.66079,0.59756,49; 14; 10; 7; 82; 3; 4; 4
6,26,0.24191,0.23077,6; 11; 6; 24; 26; 20; 12; 19
42,82,0.68724,0.5122,42; 12; 9; 13; 82; 5; 3; 5
8,82,0.16147,0.09756,8; 10; 15; 16; 82; 4; 5; 4
23,26,0.7978,0.88462,23; 8; 5; 4; 26; 11; 7; 19
7,10,0.39645,0.7,7; 25; 19; 28; 10; 19; 26; 6
20,48,0.42847,0.41667,20; 21; 10; 12; 48; 5; 10; 15
56,78,0.84065,0.71795,56; 12; 5; 5; 78; 5; 4; 4
6,32,0.23632,0.1875,6; 10; 26; 3; 32; 9; 4; 4
5,26,0.22557,0.19231,5; 12; 14; 15; 26; 20; 8; 3
16,63,0.29902,0.25397,16; 3; 12; 27; 63; 4; 11; 8
42,75,0.66201,0.56,42; 12; 7; 15; 75; 4; 4; 4
25,26,0.8057,0.96154,25; 6; 23; 4; 26; 24; 12; 24
55,63,0.92,0.87302,55; 4; 11; 6; 63; 11; 4; 11
5,53,0.10655,0.09434,5; 25; 25; 4; 53; 5; 14; 6
5,49,0.07142,0.10204,5; 5; 17; 21; 49; 6; 4; 14
16,53,0.28901,0.30189,16; 5; 6; 27; 53; 9; 13; 5
37,77,0.61179,0.48052,37; 7; 8; 8; 77; 3; 6; 6
54,63,0.94103,0.85714,54; 8; 8; 13; 63; 4; 8; 8
42,53,0.80604,0.79245,42; 11; 15; 16; 53; 13; 9; 12
45,64,0.74972,0.70312,45; 3; 8; 11; 64; 10; 3; 8
13,48,0.28514,0.27083,13; 27; 21; 23; 48; 5; 7; 15
49,78,0.75612,0.62821,49; 14; 14; 12; 78; 6; 5; 3
23,42,0.54013,0.54762,23; 12; 3; 18; 42; 12; 9; 11
16,42,0.3675,0.38095,16; 12; 27; 20; 42; 9; 18; 5
30,82,0.51239,0.36585,30; 19; 7; 4; 82; 5; 4; 5
43,70,0.7235,0.61429,43; 5; 14; 14; 70; 7; 4; 6
7,32,0.24909,0.21875,7; 6; 26; 6; 32; 3; 9; 5
51,75,0.82749,0.68,51; 13; 15; 3; 75; 7; 5; 5
6,64,0.06972,0.09375,6; 14; 21; 24; 64; 4; 6; 11
42,49,0.79532,0.85714,42; 9; 11; 16; 49; 10; 7; 14
40,53,0.77365,0.75472,40; 4; 7; 7; 53; 8; 14; 7
5,26,0.22717,0.19231,5; 4; 21; 14; 26; 18; 21; 9
5,78,0.13205,0.0641,5; 8; 17; 31; 78; 3; 5; 6
55,64,0.89665,0.85938,55; 4; 10; 7; 64; 6; 3; 10
12,82,0.25869,0.14634,12; 10; 8; 26; 82; 5; 4; 4
27,49,0.53703,0.55102,27; 5; 6; 13; 49; 16; 14; 11
5,42,0.11758,0.11905,5; 29; 23; 9; 42; 17; 3; 6
7,9,0.33573,0.77778,7; 21; 11; 25; 9; 25; 8; 4
27,49,0.56796,0.55102,27; 13; 17; 5; 49; 13; 8; 10
7,75,0.07825,0.09333,7; 17; 16; 27; 75; 7; 7; 6
19,48,0.39292,0.39583,19; 8; 3; 14; 48; 15; 8; 7
36,77,0.59465,0.46753,36; 13; 10; 4; 77; 6; 4; 4
20,42,0.49205,0.47619,20; 14; 11; 11; 42; 7; 10; 18
7,10,0.39977,0.7,7; 11; 12; 19; 10; 9; 4; 16
58,63,0.97812,0.92063,58; 5; 4; 4; 63; 8; 11; 11
51,75,0.82846,0.68,51; 8; 15; 7; 75; 6; 5; 5
67,70,0.90356,0.95714,67; 4; 6; 4; 70; 9; 5; 9
43,48,0.82767,0.89583,43; 12; 16; 15; 48; 5; 7; 16
69,70,0.89795,0.98571,69; 4; 3; 3; 70; 9; 9; 4
12,42,0.2708,0.28571,12; 25; 28; 14; 42; 14; 3; 7
62,63,0.96905,0.98413,62; 8; 7; 7; 63; 7; 7; 3
40,78,0.61037,0.51282,40; 16; 18; 9; 78; 5; 4; 3
35,48,0.77159,0.72917,35; 15; 21; 16; 48; 11; 9; 8
44,63,0.70427,0.69841,44; 5; 15; 7; 63; 6; 7; 10
50,53,0.82761,0.9434,50; 11; 16; 8; 53; 7; 15; 5
8,9,0.39091,0.88889,8; 5; 6; 11; 9; 17; 7; 26
28,82,0.48421,0.34146,28; 20; 9; 8; 82; 3; 4; 4
5,26,0.1878,0.19231,5; 31; 18; 5; 26; 10; 8; 13
9,32,0.34077,0.28125,9; 13; 16; 23; 32; 16; 15; 11
6,9,0.32376,0.66667,6; 21; 14; 3; 9; 5; 4; 3
55,77,0.88537,0.71429,55; 11; 5; 14; 77; 7; 6; 7
54,75,0.85682,0.72,54; 6; 12; 14; 75; 7; 6; 5
28,49,0.53082,0.57143,28; 15; 12; 7; 49; 8; 3; 16
15,53,0.28097,0.28302,15; 6; 24; 24; 53; 6; 8; 8
46,64,0.79412,0.71875,46; 3; 5; 11; 64; 3; 5; 10
34,48,0.78055,0.70833,34; 10; 7; 15; 48; 9; 6; 4
11,26,0.39201,0.42308,11; 22; 3; 17; 26; 24; 9; 8
19,31,0.61791,0.6129,19; 21; 20; 3; 31; 12; 20; 5
60,64,0.94784,0.9375,60; 7; 10; 11; 64; 3; 4; 9
37,53,0.72288,0.69811,37; 19; 7; 13; 53; 4; 7; 11
32,75,0.55278,0.42667,32; 4; 8; 15; 75; 6; 7; 6
51,63,0.82719,0.80952,51; 4; 5; 13; 63; 4; 8; 8
24,48,0.49808,0.5,24; 20; 19; 9; 48; 14; 11; 13
58,75,0.89513,0.77333,58; 7; 9; 3; 75; 7; 4; 3
17,53,0.32904,0.32075,17; 17; 7; 25; 53; 14; 15; 5
55,63,0.95345,0.87302,55; 5; 9; 10; 63; 3; 6; 9
31,63,0.53326,0.49206,31; 22; 8; 19; 63; 9; 10; 9
57,70,0.92863,0.81429,57; 8; 8; 13; 70; 9; 6; 9
9,26,0.32797,0.34615,9; 15; 23; 16; 26; 3; 21; 4
25,26,0.77283,0.96154,25; 13; 5; 23; 26; 12; 13; 8
21,49,0.40971,0.42857,21; 20; 11; 16; 49; 8; 15; 4
15,32,0.45871,0.46875,15; 20; 23; 21; 32; 6; 10; 3
17,49,0.34097,0.34694,17; 22; 26; 14; 49; 12; 7; 11
31,53,0.58359,0.58491,31; 10; 13; 8; 53; 14; 15; 5
28,31,0.76792,0.90323,28; 8; 13; 23; 31; 11; 13; 7
6,9,0.34315,0.66667,6; 4; 28; 16; 9; 14; 27; 17
33,48,0.66118,0.6875,33; 7; 15; 9; 48; 11; 10; 14
10,32,0.36984,0.3125,10; 8; 3; 7; 32; 21; 11; 7
39,78,0.63794,0.5,39; 8; 17; 19; 78; 5; 3; 6
9,82,0.22802,0.10976,9; 9; 27; 28; 82; 3; 4; 4
67,78,0.78754,0.85897,67; 10; 7; 9; 78; 6; 4; 4
76,78,0.79887,0.97436,76; 7; 7; 4; 78; 5; 6; 4
22,53,0.4314,0.41509,22; 22; 21; 18; 53; 13; 13; 8
26,42,0.59154,0.61905,26; 15; 3; 15; 42; 17; 8; 4
61,70,0.89607,0.87143,61; 6; 7; 8; 70; 9; 5; 4
16,48,0.38421,0.33333,16; 8; 22; 18; 48; 9; 15; 4
34,82,0.54559,0.41463,34; 16; 21; 13; 82; 4; 4; 3
24,31,0.73033,0.77419,24; 16; 19; 20; 31; 15; 20; 12
6,10,0.3492,0.6,6; 10; 13; 17; 10; 4; 27; 19
27,42,0.56714,0.64286,27; 20; 5; 19; 42; 6; 6; 8
71,75,0.82401,0.94667,71; 7; 6; 9; 75; 7; 7; 5
53,64,0.8958,0.82812,53; 12; 12; 5; 64; 4; 10; 3
10,77,0.17426,0.12987,10; 11; 9; 11; 77; 4; 7; 6
6,9,0.3294,0.66667,6; 16; 20; 6; 9; 14; 5; 26
6,9,0.3777,0.66667,6; 5; 30; 7; 9; 27; 25; 29
26,82,0.46998,0.31707,26; 18; 14; 6; 82; 5; 4; 3
18,82,0.33536,0.21951,18; 15; 6; 11; 82; 5; 3; 5
8,9,0.39529,0.88889,8; 15; 5; 21; 9; 6; 9; 19
32,49,0.64402,0.65306,32; 18; 22; 11; 49; 6; 9; 8
6,9,0.33954,0.66667,6; 19; 4; 6; 9; 8; 9; 5
5,10,0.29391,0.5,5; 10; 21; 16; 10; 24; 5; 26
28,49,0.54496,0.57143,28; 3; 13; 4; 49; 6; 4; 10
50,77,0.81177,0.64935,50; 13; 4; 4; 77; 6; 7; 5
34,53,0.67487,0.64151,34; 20; 18; 16; 53; 14; 9; 13
19,49,0.38622,0.38776,19; 7; 8; 22; 49; 15; 8; 11
18,42,0.45828,0.42857,18; 13; 14; 25; 42; 18; 17; 17
36,63,0.6169,0.57143,36; 7; 14; 10; 63; 3; 7; 10
46,63,0.78977,0.73016,46; 3; 3; 16; 63; 5; 11; 8
12,70,0.24364,0.17143,12; 14; 7; 11; 70; 3; 5; 8
69,75,0.88094,0.92,69; 3; 3; 8; 75; 6; 3; 4
36,42,0.90196,0.85714,36; 8; 10; 4; 42; 18; 7; 4
21,31,0.62834,0.67742,21; 18; 10; 24; 31; 13; 5; 8
15,53,0.29802,0.28302,15; 12; 16; 6; 53; 11; 8; 14
49,75,0.73747,0.65333,49; 5; 6; 7; 75; 4; 7; 4
17,31,0.52713,0.54839,17; 26; 20; 14; 31; 10; 18; 7
6,9,0.35863,0.66667,6; 28; 23; 10; 9; 13; 7; 14
45,78,0.71655,0.57692,45; 16; 4; 11; 78; 6; 4; 6
19,26,0.66192,0.73077,19; 23; 8; 20; 26; 6; 11; 15
6,9,0.33876,0.66667,6; 23; 18; 18; 9; 10; 25; 24
33,42,0.83884,0.78571,33; 16; 17; 12; 42; 14; 13; 5
7,9,0.39193,0.77778,7; 25; 28; 22; 9; 4; 21; 25
18,32,0.60779,0.5625,18; 5; 17; 7; 32; 17; 13; 11
69,82,0.80431,0.84146,69; 3; 7; 8; 82; 5; 4; 4
38,48,0.81787,0.79167,38; 4; 7; 14; 48; 4; 4; 9
53,63,0.86993,0.84127,53; 5; 9; 13; 63; 6; 7; 5
28,53,0.52252,0.5283,28; 23; 13; 20; 53; 4; 15; 13
5,26,0.22603,0.19231,5; 15; 15; 16; 26; 19; 23; 13
70,78,0.8061,0.89744,70; 5; 4; 7; 78; 4; 3; 3
21,78,0.3883,0.26923,21; 19; 10; 5; 78; 3; 4; 5
17,31,0.50726,0.54839,17; 5; 15; 18; 31; 18; 3; 14
8,9,0.3837,0.88889,8; 9; 10; 10; 9; 24; 3; 15
56,77,0.84879,0.72727,56; 14; 7; 12; 77; 3; 5; 5
27,32,0.76805,0.84375,27; 8; 15; 15; 32; 8; 6; 3
5,9,0.31745,0.55556,5; 17; 4; 26; 9; 8; 23; 6
8,10,0.42709,0.8,8; 5; 12; 6; 10; 8; 19; 15
35,42,0.8068,0.83333,35; 17; 3; 4; 42; 17; 5; 4
20,70,0.37121,0.28571,20; 16; 14; 3; 70; 6; 7; 6
5,10,0.28518,0.5,5; 10; 18; 27; 10; 29; 16; 14
17,75,0.30798,0.22667,17; 6; 14; 11; 75; 4; 3; 5
28,42,0.65333,0.66667,28; 3; 15; 21; 42; 3; 12; 4
7,49,0.15101,0.14286,7; 13; 16; 9; 49; 8; 11; 8
25,53,0.49649,0.4717,25; 19; 9; 17; 53; 11; 5; 11
8,9,0.38816,0.88889,8; 6; 27; 10; 9; 19; 14; 23
9,10,0.48812,0.9,9; 7; 10; 27; 10; 10; 17; 21
40,48,0.84439,0.83333,40; 5; 10; 8; 48; 14; 4; 8
32,42,0.76576,0.7619,32; 12; 17; 15; 42; 4; 3; 10
62,82,0.83361,0.7561,62; 6; 5; 8; 82; 4; 5; 4
38,49,0.75648,0.77551,38; 18; 17; 3; 49; 15; 11; 14
10,31,0.35117,0.32258,10; 26; 27; 9; 31; 15; 20; 12
57,78,0.90054,0.73077,57; 13; 10; 6; 78; 3; 6; 5
41,48,0.82438,0.85417,41; 6; 14; 7; 48; 12; 11; 8
52,53,0.86921,0.98113,52; 14; 3; 11; 53; 12; 10; 13
49,82,0.66871,0.59756,49; 3; 7; 4; 82; 3; 3; 3
26,42,0.61713,0.61905,26; 19; 6; 15; 42; 14; 16; 18
47,49,0.8175,0.95918,47; 3; 14; 8; 49; 11; 8; 16
68,70,0.89213,0.97143,68; 8; 8; 8; 70; 9; 8; 6
40,64,0.6637,0.625,40; 15; 14; 6; 64; 3; 5; 7
73,75,0.85507,0.97333,73; 6; 4; 8; 75; 6; 3; 3
11,63,0.23766,0.1746,11; 16; 18; 6; 63; 8; 5; 4
16,82,0.34113,0.19512,16; 21; 10; 23; 82; 3; 5; 3
20,32,0.65542,0.625,20; 10; 14; 11; 32; 19; 10; 12
51,64,0.85485,0.79688,51; 13; 13; 14; 64; 9; 10; 5
51,82,0.63713,0.62195,51; 5; 5; 6; 82; 5; 5; 4
8,82,0.18611,0.09756,8; 18; 23; 26; 82; 4; 5; 3
7,48,0.17619,0.14583,7; 3; 5; 12; 48; 16; 5; 6
29,70,0.51099,0.41429,29; 22; 8; 9; 70; 4; 9; 9
8,70,0.14888,0.11429,8; 3; 10; 30; 70; 4; 5; 4
46,64,0.77917,0.71875,46; 15; 17; 11; 64; 3; 10; 8
14,53,0.28612,0.26415,14; 27; 9; 9; 53; 14; 6; 15
16,78,0.30149,0.20513,16; 25; 27; 23; 78; 4; 6; 3
60,82,0.73715,0.73171,60; 10; 3; 6; 82; 5; 5; 4
7,9,0.37585,0.77778,7; 13; 21; 28; 9; 12; 21; 4
7,53,0.12818,0.13208,7; 12; 23; 13; 53; 15; 13; 3
62,78,0.81658,0.79487,62; 10; 10; 6; 78; 5; 6; 6
71,82,0.67927,0.86585,71; 7; 3; 7; 82; 5; 4; 3
33,78,0.54183,0.42308,33; 21; 3; 10; 78; 6; 3; 6
52,75,0.7684,0.69333,52; 10; 7; 11; 75; 7; 3; 5
15,77,0.32057,0.19481,15; 10; 14; 17; 77; 5; 3; 5
46,63,0.75586,0.73016,46; 17; 11; 14; 63; 5; 7; 3
16,70,0.28874,0.22857,16; 9; 8; 8; 70; 4; 4; 3
11,32,0.38071,0.34375,11; 20; 18; 19; 32; 3; 17; 19
8,10,0.41552,0.8,8; 10; 19; 3; 10; 27; 29; 26
25,77,0.45482,0.32468,25; 17; 3; 10; 77; 7; 6; 4
65,78,0.89629,0.83333,65; 4; 11; 6; 78; 5; 4; 3
8,82,0.17783,0.09756,8; 10; 19; 13; 82; 4; 5; 4
15,49,0.31455,0.30612,15; 26; 11; 4; 49; 15; 7; 15
35,75,0.56636,0.46667,35; 18; 9; 20; 75; 3; 7; 4
12,48,0.25799,0.25,12; 7; 6; 4; 48; 8; 11; 4
5,9,0.2801,0.55556,5; 30; 29; 20; 9; 12; 11; 9
8,9,0.36181,0.88889,8; 6; 10; 23; 9; 6; 19; 29
20,26,0.7514,0.76923,20; 13; 18; 23; 26; 13; 5; 6
42,48,0.80167,0.875,42; 14; 14; 12; 48; 16; 6; 14
5,9,0.2931,0.55556,5; 3; 20; 5; 9; 9; 3; 5
6,26,0.2811,0.23077,6; 18; 13; 29; 26; 9; 18; 9
21,64,0.37255,0.32812,21; 4; 5; 17; 64; 9; 11; 6
35,48,0.81209,0.72917,35; 12; 19; 21; 48; 7; 15; 6
51,82,0.82169,0.62195,51; 7; 5; 13; 82; 4; 4; 5
6,48,0.10386,0.125,6; 11; 24; 4; 48; 10; 3; 13
20,31,0.62489,0.64516,20; 11; 17; 3; 31; 7; 3; 12
19,42,0.44491,0.45238,19; 9; 16; 23; 42; 11; 14; 8
23,49,0.46815,0.46939,23; 22; 25; 4; 49; 8; 10; 14
14,26,0.53479,0.53846,14; 8; 7; 24; 26; 14; 13; 21
14,64,0.28237,0.21875,14; 5; 21; 20; 64; 10; 3; 11
29,64,0.48172,0.45312,29; 18; 18; 12; 64; 4; 8; 10
20,82,0.38725,0.2439,20; 11; 6; 6; 82; 3; 3; 3
58,64,0.97119,0.90625,58; 4; 4; 5; 64; 11; 11; 3
11,42,0.26134,0.2619,11; 28; 10; 24; 42; 11; 4; 6
5,10,0.31604,0.5,5; 18; 13; 30; 10; 17; 7; 10
50,75,0.74306,0.66667,50; 16; 11; 6; 75; 7; 6; 4
20,26,0.79603,0.76923,20; 4; 23; 5; 26; 13; 18; 16
17,63,0.30821,0.26984,17; 18; 7; 14; 63; 5; 10; 8
5,10,0.29702,0.5,5; 16; 3; 13; 10; 8; 21; 25
19,26,0.64638,0.73077,19; 9; 19; 7; 26; 8; 5; 9
7,9,0.34486,0.77778,7; 8; 28; 5; 9; 19; 25; 8
13,32,0.408,0.40625,13; 6; 18; 15; 32; 12; 8; 11
32,53,0.60398,0.60377,32; 9; 20; 16; 53; 7; 6; 15
47,49,0.8101,0.95918,47; 14; 10; 12; 49; 3; 12; 7
71,82,0.79155,0.86585,71; 9; 8; 3; 82; 4; 3; 3
20,32,0.63564,0.625,20; 24; 13; 7; 32; 22; 7; 20
29,48,0.62525,0.60417,29; 11; 5; 3; 48; 9; 8; 6
8,9,0.40259,0.88889,8; 4; 24; 17; 9; 21; 13; 11
7,75,0.15958,0.09333,7; 21; 15; 22; 75; 7; 6; 7
6,9,0.35091,0.66667,6; 27; 10; 19; 9; 3; 21; 4
24,63,0.41891,0.38095,24; 7; 20; 12; 63; 4; 4; 6
5,10,0.33725,0.5,5; 27; 19; 14; 10; 17; 26; 12
21,48,0.46178,0.4375,21; 24; 20; 4; 48; 6; 9; 5
8,9,0.42061,0.88889,8; 27; 10; 16; 9; 25; 17; 23
51,82,0.73603,0.62195,51; 4; 9; 10; 82; 3; 4; 4
5,10,0.31444,0.5,5; 29; 4; 15; 10; 16; 6; 3
25,31,0.77533,0.80645,25; 20; 15; 6; 31; 13; 18; 18
9,49,0.20077,0.18367,9; 6; 4; 10; 49; 6; 4; 8
6,9,0.34417,0.66667,6; 29; 25; 13; 9; 28; 20; 26
7,9,0.33634,0.77778,7; 27; 27; 9; 9; 27; 8; 17
7,10,0.34836,0.7,7; 17; 5; 26; 10; 27; 6; 28
28,31,0.76365,0.90323,28; 8; 17; 11; 31; 5; 9; 13
5,53,0.16414,0.09434,5; 25; 24; 28; 53; 6; 13; 11
16,26,0.53391,0.61538,16; 8; 12; 10; 26; 9; 24; 10
13,31,0.42259,0.41935,13; 5; 20; 22; 31; 15; 20; 13
8,70,0.14052,0.11429,8; 13; 25; 26; 70; 4; 4; 9
16,78,0.30468,0.20513,16; 13; 14; 4; 78; 4; 5; 6
18,48,0.37931,0.375,18; 19; 10; 18; 48; 6; 6; 14
55,70,0.88807,0.78571,55; 4; 12; 3; 70; 8; 3; 8
52,78,0.85568,0.66667,52; 11; 12; 14; 78; 3; 3; 5
23,77,0.44326,0.2987,23; 8; 18; 18; 77; 7; 5; 3
45,48,0.78964,0.9375,45; 3; 15; 10; 48; 5; 11; 6
53,78,0.7812,0.67949,53; 15; 11; 3; 78; 5; 6; 3
6,26,0.2691,0.23077,6; 29; 18; 20; 26; 9; 9; 15
60,75,0.88474,0.8,60; 5; 7; 6; 75; 3; 5; 4
14,32,0.49406,0.4375,14; 22; 11; 22; 32; 5; 13; 14
6,10,0.35922,0.6,6; 27; 20; 23; 10; 19; 20; 7
56,82,0.80972,0.68293,56; 13; 12; 5; 82; 3; 3; 5
22,42,0.54517,0.52381,22; 8; 24; 5; 42; 14; 14; 11
30,42,0.75558,0.71429,30; 12; 8; 13; 42; 15; 14; 18
36,75,0.62385,0.48,36; 20; 20; 20; 75; 5; 5; 5
5,64,0.07529,0.07812,5; 8; 28; 28; 64; 6; 4; 3
64,75,0.84837,0.85333,64; 5; 8; 3; 75; 6; 5; 5
17,82,0.3123,0.20732,17; 3; 24; 14; 82; 4; 5; 3
17,49,0.33655,0.34694,17; 15; 13; 23; 49; 12; 3; 12
49,53,0.84383,0.92453,49; 7; 9; 7; 53; 8; 11; 4
6,9,0.31779,0.66667,6; 6; 17; 24; 9; 25; 16; 11
23,77,0.42253,0.2987,23; 12; 4; 18; 77; 4; 5; 7
23,32,0.72398,0.71875,23; 14; 13; 9; 32; 6; 22; 12
42,77,0.66024,0.54545,42; 15; 9; 17; 77; 5; 7; 3
46,48,0.79586,0.95833,46; 17; 3; 15; 48; 16; 7; 16
6,75,0.12621,0.08,6; 15; 17; 3; 75; 3; 7; 6
16,42,0.38016,0.38095,16; 20; 24; 7; 42; 16; 18; 12
5,63,0.09891,0.07937,5; 4; 18; 12; 63; 7; 5; 4
12,26,0.44865,0.46154,12; 4; 28; 26; 26; 8; 6; 14
7,9,0.39432,0.77778,7; 5; 26; 12; 9; 28; 12; 27
29,53,0.55788,0.54717,29; 18; 18; 22; 53; 9; 11; 10
33,48,0.73222,0.6875,33; 14; 18; 10; 48; 6; 8; 12
30,42,0.71639,0.71429,30; 21; 18; 10; 42; 10; 4; 7
31,32,0.83059,0.96875,31; 20; 12; 6; 32; 3; 13; 13
31,64,0.53464,0.48438,31; 4; 10; 19; 64; 10; 10; 9
52,63,0.90082,0.8254,52; 4; 15; 9; 63; 7; 3; 11
80,82,0.68612,0.97561,80; 6; 4; 4; 82; 5; 5; 4
51,77,0.83088,0.66234,51; 7; 3; 4; 77; 7; 5; 6
6,9,0.34585,0.66667,6; 11; 4; 12; 9; 11; 4; 13
26,31,0.68764,0.83871,26; 5; 8; 16; 31; 15; 21; 4
20,64,0.32996,0.3125,20; 8; 20; 17; 64; 10; 8; 4
28,32,0.75058,0.875,28; 22; 13; 14; 32; 9; 9; 17
68,78,0.83661,0.87179,68; 10; 9; 6; 78; 5; 5; 5
5,10,0.33873,0.5,5; 30; 21; 20; 10; 18; 26; 24
25,49,0.52482,0.5102,25; 10; 3; 6; 49; 9; 16; 9
61,78,0.85171,0.78205,61; 5; 11; 12; 78; 5; 5; 4
34,53,0.664,0.64151,34; 10; 13; 14; 53; 7; 3; 10
8,26,0.30961,0.30769,8; 5; 6; 14; 26; 21; 22; 16
21,32,0.6392,0.65625,21; 17; 25; 17; 32; 19; 13; 16
8,10,0.4166,0.8,8; 30; 14; 25; 10; 18; 24; 3
34,48,0.70529,0.70833,34; 13; 19; 18; 48; 3; 12; 9
12,48,0.27213,0.25,12; 20; 17; 20; 48; 10; 13; 3
42,75,0.6801,0.56,42; 9; 4; 13; 75; 7; 7; 7
38,53,0.77089,0.71698,38; 14; 7; 16; 53; 6; 12; 8
39,42,0.85053,0.92857,39; 9; 8; 9; 42; 7; 12; 5
27,42,0.60118,0.64286,27; 23; 13; 21; 42; 12; 3; 11
7,9,0.36233,0.77778,7; 29; 14; 3; 9; 9; 5; 5
61,75,0.88305,0.81333,61; 10; 9; 4; 75; 4; 5; 7
12,53,0.25819,0.22642,12; 3; 23; 9; 53; 4; 8; 14
8,77,0.16406,0.1039,8; 10; 17; 6; 77; 3; 5; 7
57,63,0.97674,0.90476,57; 13; 11; 8; 63; 5; 8; 7
37,78,0.61516,0.47436,37; 18; 14; 6; 78; 4; 6; 5
45,48,0.8299,0.9375,45; 16; 8; 9; 48; 4; 14; 7
23,49,0.5019,0.46939,23; 23; 7; 12; 49; 10; 9; 7
46,63,0.79362,0.73016,46; 14; 7; 3; 63; 8; 10; 8
12,26,0.48886,0.46154,12; 18; 16; 3; 26; 9; 12; 10
16,42,0.413,0.38095,16; 25; 16; 5; 42; 6; 17; 18
13,32,0.40385,0.40625,13; 23; 26; 4; 32; 9; 12; 12
48,63,0.79997,0.7619,48; 12; 12; 10; 63; 5; 9; 6
44,63,0.74203,0.69841,44; 10; 15; 17; 63; 3; 8; 6
17,78,0.31659,0.21795,17; 14; 24; 27; 78; 6; 5; 3
5,9,0.30036,0.55556,5; 26; 21; 31; 9; 8; 10; 18
8,42,0.21643,0.19048,8; 24; 30; 27; 42; 9; 17; 5
24,77,0.45633,0.31169,24; 13; 12; 21; 77; 6; 3; 6
27,82,0.49668,0.32927,27; 23; 18; 12; 82; 4; 5; 4
13,26,0.46767,0.5,13; 3; 3; 15; 26; 24; 3; 15
27,64,0.46029,0.42188,27; 7; 15; 10; 64; 6; 5; 3
39,48,0.78234,0.8125,39; 14; 5; 3; 48; 13; 13; 6
47,70,0.79257,0.67143,47; 5; 3; 4; 70; 7; 5; 3
25,70,0.45213,0.35714,25; 4; 8; 20; 70; 4; 8; 3
47,75,0.71481,0.62667,47; 12; 13; 12; 75; 3; 3; 6
20,49,0.41468,0.40816,20; 21; 5; 12; 49; 8; 7; 10
50,77,0.75583,0.64935,50; 3; 3; 7; 77; 6; 5; 5
9,10,0.47005,0.9,9; 16; 14; 26; 10; 18; 27; 11
5,10,0.3215,0.5,5; 17; 17; 27; 10; 29; 20; 17
59,75,0.86826,0.78667,59; 4; 7; 6; 75; 3; 7; 5
6,10,0.32791,0.6,6; 4; 17; 21; 10; 10; 17; 28
17,64,0.27192,0.26562,17; 16; 10; 23; 64; 9; 3; 9
25,32,0.69831,0.78125,25; 24; 16; 5; 32; 3; 15; 9
37,78,0.5652,0.47436,37; 13; 7; 20; 78; 3; 3; 5
32,63,0.52055,0.50794,32; 17; 18; 6; 63; 5; 9; 5
25,32,0.74649,0.78125,25; 20; 13; 4; 32; 7; 17; 18
19,78,0.36798,0.24359,19; 4; 9; 16; 78; 4; 3; 3
22,31,0.6897,0.70968,22; 9; 23; 5; 31; 3; 9; 13
23,48,0.51469,0.47917,23; 6; 9; 22; 48; 15; 11; 5
20,53,0.3659,0.37736,20; 21; 15; 17; 53; 8; 9; 3
22,63,0.39304,0.34921,22; 5; 11; 10; 63; 7; 7; 11
5,32,0.19473,0.15625,5; 25; 23; 7; 32; 5; 21; 5
21,64,0.36839,0.32812,21; 13; 7; 16; 64; 7; 3; 10
20,32,0.65418,0.625,20; 12; 11; 5; 32; 8; 3; 12
29,63,0.50492,0.46032,29; 11; 17; 4; 63; 7; 4; 10
48,64,0.75742,0.75,48; 5; 10; 15; 64; 7; 11; 11
49,64,0.80467,0.76562,49; 14; 7; 7; 64; 7; 4; 10
7,9,0.35619,0.77778,7; 7; 27; 19; 9; 16; 27; 22
40,78,0.65092,0.51282,40; 16; 8; 15; 78; 4; 4; 5
33,42,0.82671,0.78571,33; 20; 9; 16; 42; 18; 10; 7
59,78,0.84424,0.75641,59; 10; 3; 3; 78; 4; 3; 6
69,75,0.88324,0.92,69; 7; 6; 6; 75; 6; 6; 7
8,10,0.40588,0.8,8; 22; 11; 4; 10; 18; 22; 11
31,77,0.51106,0.4026,31; 14; 15; 11; 77; 3; 6; 4
5,31,0.21884,0.16129,5; 23; 11; 26; 31; 11; 7; 11
5,9,0.3016,0.55556,5; 3; 5; 7; 9; 29; 9; 28
59,75,0.88244,0.78667,59; 6; 11; 8; 75; 6; 7; 4
70,78,0.80375,0.89744,70; 6; 3; 8; 78; 4; 6; 6
58,78,0.84901,0.74359,58; 12; 3; 8; 78; 5; 3; 5
68,82,0.69615,0.82927,68; 10; 10; 3; 82; 3; 3; 3
21,42,0.52433,0.5,21; 17; 24; 11; 42; 7; 15; 14
28,82,0.46796,0.34146,28; 20; 3; 20; 82; 5; 4; 5
33,49,0.70396,0.67347,33; 20; 6; 16; 49; 10; 14; 13
31,48,0.61401,0.64583,31; 11; 6; 21; 48; 6; 13; 13
48,53,0.85241,0.90566,48; 15; 12; 12; 53; 13; 9; 10
15,53,0.28984,0.28302,15; 12; 21; 17; 53; 6; 13; 3
11,63,0.20239,0.1746,11; 29; 17; 22; 63; 9; 4; 8
34,49,0.7212,0.69388,34; 7; 10; 9; 49; 3; 15; 16
8,75,0.16506,0.10667,8; 8; 4; 15; 75; 4; 4; 7
8,77,0.19255,0.1039,8; 27; 7; 14; 77; 7; 7; 3
30,63,0.52172,0.47619,30; 18; 4; 22; 63; 4; 4; 4
52,64,0.84517,0.8125,52; 10; 8; 3; 64; 9; 9; 6
5,26,0.19783,0.19231,5; 18; 26; 22; 26; 19; 19; 6
27,48,0.5495,0.5625,27; 3; 22; 8; 48; 5; 15; 7
7,32,0.24143,0.21875,7; 22; 30; 15; 32; 13; 18; 17
33,42,0.8045,0.78571,33; 7; 21; 7; 42; 5; 10; 3
31,70,0.54145,0.44286,31; 22; 16; 5; 70; 5; 3; 9
12,26,0.48035,0.46154,12; 19; 12; 14; 26; 23; 8; 6
16,31,0.52903,0.51613,16; 22; 17; 7; 31; 15; 22; 11
10,26,0.40675,0.38462,10; 11; 8; 6; 26; 6; 9; 3
22,53,0.43587,0.41509,22; 20; 11; 25; 53; 7; 6; 12
61,64,0.91876,0.95312,61; 11; 4; 6; 64; 8; 11; 8
8,10,0.41808,0.8,8; 27; 13; 28; 10; 14; 4; 19
70,75,0.85576,0.93333,70; 3; 4; 5; 75; 7; 6; 4
23,82,0.45353,0.28049,23; 7; 17; 15; 82; 3; 4; 5
16,32,0.49829,0.5,16; 27; 6; 18; 32; 10; 6; 13
16,82,0.33267,0.19512,16; 24; 17; 13; 82; 4; 5; 5
7,9,0.36658,0.77778,7; 11; 30; 25; 9; 19; 27; 18
9,10,0.43835,0.9,9; 28; 20; 23; 10; 29; 24; 11
8,9,0.38441,0.88889,8; 13; 22; 27; 9; 22; 13; 22
30,77,0.51188,0.38961,30; 5; 8; 4; 77; 3; 6; 3
9,26,0.33584,0.34615,9; 8; 29; 11; 26; 23; 24; 4
46,49,0.85978,0.93878,46; 8; 7; 9; 49; 12; 15; 9
11,42,0.27064,0.2619,11; 6; 11; 5; 42; 17; 10; 7
66,70,0.85149,0.94286,66; 8; 7; 7; 70; 4; 7; 5
21,42,0.52947,0.5,21; 13; 7; 12; 42; 12; 11; 4
34,48,0.70407,0.70833,34; 6; 4; 20; 48; 5; 9; 3
51,77,0.78573,0.66234,51; 5; 7; 13; 77; 3; 6; 4
43,49,0.76777,0.87755,43; 11; 7; 18; 49; 12; 16; 8
6,32,0.18936,0.1875,6; 7; 25; 4; 32; 3; 19; 7
8,70,0.17923,0.11429,8; 8; 13; 17; 70; 6; 3; 3
36,48,0.78477,0.75,36; 7; 3; 12; 48; 15; 16; 14
44,48,0.84524,0.91667,44; 6; 6; 12; 48; 12; 6; 4
28,53,0.53155,0.5283,28; 15; 17; 12; 53; 12; 13; 11
55,64,0.941,0.85938,55; 8; 13; 3; 64; 3; 11; 5
24,42,0.53564,0.57143,24; 19; 13; 10; 42; 16; 4; 6
70,82,0.70448,0.85366,70; 9; 6; 6; 82; 4; 3; 5
7,63,0.15244,0.11111,7; 11; 10; 9; 63; 5; 10; 3
78,82,0.72482,0.95122,78; 6; 4; 3; 82; 3; 3; 5
46,64,0.77698,0.71875,46; 17; 5; 15; 64; 9; 3; 10
7,9,0.37028,0.77778,7; 26; 30; 16; 9; 11; 27; 19
32,42,0.75009,0.7619,32; 11; 19; 11; 42; 11; 3; 3
8,82,0.20164,0.09756,8; 10; 23; 27; 82; 3; 5; 4
24,75,0.44629,0.32,24; 17; 14; 12; 75; 5; 3; 5
11,26,0.41114,0.42308,11; 11; 18; 27; 26; 24; 7; 20
12,31,0.43661,0.3871,12; 22; 8; 16; 31; 4; 17; 10
24,78,0.42001,0.30769,24; 22; 16; 24; 78; 3; 6; 4
33,70,0.5378,0.47143,33; 12; 8; 10; 70; 7; 6; 8
44,64,0.73304,0.6875,44; 15; 5; 17; 64; 10; 9; 9
67,78,0.81335,0.85897,67; 7; 5; 5; 78; 5; 5; 3
49,64,0.78967,0.76562,49; 15; 3; 7; 64; 8; 11; 7
27,42,0.64402,0.64286,27; 12; 13; 21; 42; 10; 18; 15
51,77,0.80878,0.66234,51; 8; 4; 6; 77; 7; 6; 5
23,42,0.51123,0.54762,23; 11; 12; 20; 42; 14; 16; 15
7,53,0.1527,0.13208,7; 12; 5; 13; 53; 5; 3; 13
54,64,0.92894,0.84375,54; 10; 4; 7; 64; 8; 6; 8
12,63,0.22813,0.19048,12; 23; 25; 16; 63; 11; 6; 3
30,31,0.81596,0.96774,30; 18; 14; 21; 31; 21; 13; 13
51,70,0.84615,0.72857,51; 14; 7; 11; 70; 5; 7; 3
38,42,0.89554,0.90476,38; 6; 11; 18; 42; 4; 8; 7
6,9,0.3168,0.66667,6; 10; 3; 24; 9; 11; 13; 10
52,63,0.8542,0.8254,52; 11; 6; 7; 63; 7; 6; 7
30,70,0.5338,0.42857,30; 4; 21; 8; 70; 4; 7; 7
19,70,0.36682,0.27143,19; 5; 24; 25; 70; 5; 7; 7
42,64,0.69618,0.65625,42; 16; 3; 10; 64; 8; 10; 7
15,75,0.26931,0.2,15; 9; 4; 6; 75; 6; 4; 5
7,10,0.39492,0.7,7; 8; 10; 3; 10; 8; 3; 5
39,49,0.78874,0.79592,39; 15; 17; 15; 49; 11; 13; 6
39,75,0.64353,0.52,39; 5; 18; 7; 75; 4; 6; 5
24,49,0.49234,0.4898,24; 4; 5; 21; 49; 9; 11; 7
12,48,0.24868,0.25,12; 6; 14; 6; 48; 16; 12; 11
31,42,0.69211,0.7381,31; 17; 14; 9; 42; 7; 12; 7
34,48,0.74743,0.70833,34; 21; 21; 19; 48; 11; 6; 5
38,53,0.75579,0.71698,38; 13; 14; 15; 53; 3; 11; 6
26,32,0.72603,0.8125,26; 22; 15; 7; 32; 10; 10; 14
31,42,0.72918,0.7381,31; 3; 7; 14; 42; 5; 8; 3
12,77,0.27067,0.15584,12; 11; 9; 15; 77; 6; 3; 3
14,75,0.28993,0.18667,14; 16; 7; 16; 75; 3; 3; 6
56,70,0.928,0.8,56; 7; 3; 4; 70; 5; 8; 9
34,64,0.58159,0.53125,34; 5; 15; 15; 64; 11; 3; 3
42,75,0.66238,0.56,42; 15; 7; 15; 75; 3; 3; 7
36,53,0.76118,0.67925,36; 19; 8; 7; 53; 10; 13; 9
52,75,0.84995,0.69333,52; 4; 6; 14; 75; 6; 5; 7
11,48,0.26973,0.22917,11; 20; 26; 15; 48; 10; 3; 12
13,26,0.49299,0.5,13; 8; 27; 11; 26; 20; 4; 24
28,63,0.47824,0.44444,28; 19; 6; 12; 63; 5; 7; 8
8,9,0.40446,0.88889,8; 6; 29; 12; 9; 18; 3; 11
48,49,0.81553,0.97959,48; 14; 6; 15; 49; 11; 15; 6
13,31,0.3993,0.41935,13; 25; 18; 6; 31; 20; 9; 7
51,70,0.82319,0.72857,51; 4; 5; 14; 70; 5; 9; 7
41,64,0.68622,0.64062,41; 16; 3; 12; 64; 3; 10; 4
59,82,0.81713,0.71951,59; 9; 11; 3; 82; 3; 4; 4
5,31,0.16434,0.16129,5; 3; 27; 27; 31; 7; 4; 6
25,31,0.6872,0.80645,25; 11; 22; 19; 31; 7; 15; 20
56,82,0.7432,0.68293,56; 8; 14; 5; 82; 4; 5; 3
6,63,0.13078,0.09524,6; 3; 17; 20; 63; 5; 7; 5
39,70,0.65336,0.55714,39; 11; 11; 13; 70; 8; 7; 8
17,42,0.41291,0.40476,17; 20; 10; 13; 42; 6; 14; 5
13,53,0.29173,0.24528,13; 3; 25; 4; 53; 13; 10; 15
29,32,0.74962,0.90625,29; 3; 3; 13; 32; 17; 18; 16
43,48,0.8109,0.89583,43; 9; 18; 6; 48; 15; 15; 6
28,78,0.50254,0.35897,28; 17; 10; 4; 78; 4; 3; 6
41,42,0.8715,0.97619,41; 19; 11; 9; 42; 4; 13; 4
71,78,0.90544,0.91026,71; 7; 4; 9; 78; 3; 4; 4
51,64,0.83801,0.79688,51; 6; 5; 7; 64; 6; 8; 10
13,64,0.24983,0.20312,13; 23; 26; 10; 64; 4; 11; 8
10,32,0.32339,0.3125,10; 12; 23; 19; 32; 3; 19; 22
14,75,0.29638,0.18667,14; 13; 10; 18; 75; 5; 4; 7
8,31,0.28282,0.25806,8; 13; 10; 28; 31; 19; 22; 3
71,75,0.78001,0.94667,71; 8; 5; 3; 75; 3; 5; 7
6,9,0.36352,0.66667,6; 13; 17; 26; 9; 18; 8; 24
24,70,0.41611,0.34286,24; 18; 12; 11; 70; 9; 7; 9
64,70,0.896,0.91429,64; 4; 4; 9; 70; 6; 8; 3
22,26,0.80122,0.84615,22; 8; 3; 6; 26; 7; 14; 17
20,77,0.39192,0.25974,20; 3; 21; 18; 77; 5; 4; 5
59,75,0.83082,0.78667,59; 11; 11; 11; 75; 4; 3; 6
15,31,0.48956,0.48387,15; 6; 3; 26; 31; 11; 4; 15
18,78,0.35392,0.23077,18; 5; 23; 8; 78; 4; 3; 6
35,48,0.79876,0.72917,35; 16; 8; 12; 48; 13; 9; 4
60,64,0.92662,0.9375,60; 12; 11; 3; 64; 7; 11; 9
9,53,0.20145,0.16981,9; 17; 27; 7; 53; 5; 7; 5
35,53,0.70116,0.66038,35; 19; 18; 3; 53; 9; 15; 8
28,53,0.56775,0.5283,28; 23; 20; 21; 53; 9; 12; 3
18,49,0.40223,0.36735,18; 15; 23; 4; 49; 12; 16; 5
33,75,0.57266,0.44,33; 13; 14; 10; 75; 7; 7; 4
50,78,0.8044,0.64103,50; 10; 9; 13; 78; 6; 5; 5
6,10,0.3259,0.6,6; 5; 28; 3; 10; 26; 21; 9
54,77,0.87312,0.7013,54; 12; 14; 9; 77; 4; 3; 4
17,78,0.32534,0.21795,17; 23; 18; 6; 78; 3; 6; 6
5,9,0.29523,0.55556,5; 29; 27; 24; 9; 13; 28; 20
20,75,0.38225,0.26667,20; 21; 21; 7; 75; 5; 6; 5
8,9,0.36758,0.88889,8; 27; 30; 24; 9; 6; 28; 21
6,48,0.15748,0.125,6; 29; 7; 4; 48; 4; 4; 12
80,82,0.77723,0.97561,80; 4; 5; 4; 82; 4; 3; 3
32,75,0.52733,0.42667,32; 5; 15; 14; 75; 3; 4; 5
8,9,0.40514,0.88889,8; 9; 3; 29; 9; 8; 9; 15
15,75,0.2767,0.2,15; 8; 9; 20; 75; 4; 6; 7
21,78,0.3758,0.26923,21; 13; 11; 9; 78; 3; 4; 3
47,49,0.80445,0.95918,47; 14; 9; 6; 49; 15; 16; 11
8,63,0.15531,0.12698,8; 4; 21; 16; 63; 5; 10; 5
61,77,0.8378,0.79221,61; 3; 7; 8; 77; 3; 3; 6
20,49,0.39733,0.40816,20; 9; 18; 4; 49; 12; 10; 12
39,42,0.89607,0.92857,39; 12; 11; 4; 42; 16; 15; 17
15,31,0.49865,0.48387,15; 27; 15; 14; 31; 8; 15; 5
26,32,0.79489,0.8125,26; 16; 18; 15; 32; 12; 13; 20
17,32,0.54254,0.53125,17; 22; 12; 21; 32; 11; 19; 12
12,75,0.25841,0.16,12; 20; 19; 6; 75; 3; 5; 3
15,75,0.28235,0.2,15; 23; 5; 4; 75; 4; 5; 3
10,64,0.20547,0.15625,10; 13; 25; 23; 64; 10; 5; 10
5,31,0.18466,0.16129,5; 8; 8; 20; 31; 3; 11; 9
26,32,0.70145,0.8125,26; 11; 13; 8; 32; 3; 10; 17
9,32,0.31317,0.28125,9; 17; 26; 6; 32; 9; 11; 18
24,26,0.8048,0.92308,24; 16; 17; 14; 26; 5; 17; 12
21,63,0.37755,0.33333,21; 13; 20; 20; 63; 8; 8; 4
78,82,0.76193,0.95122,78; 4; 3; 5; 82; 3; 5; 4
11,48,0.26165,0.22917,11; 26; 20; 4; 48; 7; 3; 7
18,82,0.35114,0.21951,18; 15; 22; 13; 82; 4; 3; 5
6,48,0.13301,0.125,6; 19; 7; 29; 48; 13; 14; 3
58,82,0.76488,0.70732,58; 5; 6; 6; 82; 4; 5; 5
30,42,0.7819,0.71429,30; 4; 16; 7; 42; 8; 7; 12
7,26,0.2929,0.26923,7; 6; 4; 11; 26; 20; 7; 19
33,70,0.54181,0.47143,33; 6; 15; 13; 70; 3; 7; 6
15,42,0.36961,0.35714,15; 3; 3; 5; 42; 4; 3; 11
5,32,0.17212,0.15625,5; 26; 20; 12; 32; 8; 22; 21
30,31,0.81462,0.96774,30; 5; 17; 17; 31; 10; 13; 18
18,32,0.5805,0.5625,18; 8; 15; 16; 32; 9; 8; 18
9,26,0.36146,0.34615,9; 28; 21; 14; 26; 13; 8; 5
6,9,0.33681,0.66667,6; 15; 13; 22; 9; 11; 9; 4
28,32,0.78739,0.875,28; 19; 13; 19; 32; 6; 3; 8
42,78,0.66267,0.53846,42; 17; 12; 11; 78; 3; 5; 4
11,32,0.36062,0.34375,11; 10; 5; 24; 32; 3; 13; 7
38,64,0.6416,0.59375,38; 5; 12; 6; 64; 6; 3; 6
5,9,0.293,0.55556,5; 26; 12; 26; 9; 7; 10; 18
16,70,0.31061,0.22857,16; 3; 26; 27; 70; 4; 8; 3
7,10,0.3364,0.7,7; 5; 19; 18; 10; 11; 18; 9
42,63,0.70005,0.66667,42; 13; 13; 18; 63; 7; 11; 10
35,42,0.90827,0.83333,35; 12; 9; 18; 42; 3; 10; 16
52,78,0.78766,0.66667,52; 15; 8; 13; 78; 4; 6; 6
22,49,0.46166,0.44898,22; 7; 4; 4; 49; 16; 3; 14
20,42,0.48627,0.47619,20; 15; 22; 5; 42; 16; 5; 7
24,26,0.78564,0.92308,24; 14; 4; 12; 26; 23; 20; 20
26,78,0.46164,0.33333,26; 3; 24; 3; 78; 6; 5; 5
16,31,0.5227,0.51613,16; 20; 24; 3; 31; 9; 4; 19
63,77,0.84483,0.81818,63; 5; 5; 8; 77; 5; 4; 7
7,10,0.34796,0.7,7; 10; 19; 12; 10; 20; 20; 26
12,42,0.29891,0.28571,12; 26; 26; 7; 42; 3; 14; 4
10,42,0.25019,0.2381,10; 12; 18; 9; 42; 13; 5; 4
16,26,0.62604,0.61538,16; 19; 14; 3; 26; 18; 9; 23
41,42,0.83045,0.97619,41; 17; 15; 4; 42; 6; 3; 15
15,32,0.43659,0.46875,15; 13; 6; 6; 32; 19; 19; 18
48,75,0.77281,0.64,48; 14; 14; 16; 75; 4; 3; 7
13,42,0.30838,0.30952,13; 22; 9; 3; 42; 16; 10; 4
45,82,0.63801,0.54878,45; 12; 11; 13; 82; 3; 3; 3
11,31,0.39116,0.35484,11; 14; 22; 7; 31; 9; 11; 5
6,9,0.32729,0.66667,6; 13; 7; 21; 9; 13; 7; 5
46,63,0.76536,0.73016,46; 10; 13; 12; 63; 11; 6; 3
9,48,0.18979,0.1875,9; 29; 15; 5; 48; 15; 4; 7
30,31,0.78861,0.96774,30; 18; 22; 16; 31; 10; 16; 15
24,26,0.8297,0.92308,24; 19; 6; 15; 26; 18; 20; 17
48,49,0.82448,0.97959,48; 8; 15; 14; 49; 10; 14; 12
8,9,0.41126,0.88889,8; 26; 12; 14; 9; 7; 21; 16
9,10,0.44698,0.9,9; 3; 16; 7; 10; 14; 6; 15
29,70,0.5179,0.41429,29; 20; 5; 20; 70; 8; 8; 4
34,64,0.56833,0.53125,34; 6; 21; 12; 64; 5; 4; 7
12,26,0.45243,0.46154,12; 22; 17; 8; 26; 18; 4; 13
50,53,0.86929,0.9434,50; 6; 11; 12; 53; 13; 8; 11
9,32,0.30687,0.28125,9; 19; 22; 27; 32; 22; 19; 17
9,10,0.46025,0.9,9; 12; 21; 11; 10; 3; 4; 12
8,10,0.40968,0.8,8; 27; 16; 20; 10; 6; 18; 28
58,82,0.83976,0.70732,58; 6; 10; 13; 82; 5; 4; 5
8,10,0.40613,0.8,8; 3; 11; 18; 10; 10; 14; 22
13,42,0.3313,0.30952,13; 14; 27; 7; 42; 16; 13; 5
35,75,0.59005,0.46667,35; 15; 9; 18; 75; 7; 3; 4
47,48,0.80667,0.97917,47; 14; 4; 4; 48; 4; 4; 5
7,9,0.3684,0.77778,7; 30; 14; 22; 9; 6; 27; 20
17,49,0.3747,0.34694,17; 23; 15; 18; 49; 16; 14; 16
22,63,0.3727,0.34921,22; 3; 25; 21; 63; 5; 7; 4
27,77,0.46363,0.35065,27; 6; 3; 9; 77; 6; 4; 3
22,32,0.6532,0.6875,22; 25; 12; 4; 32; 22; 20; 11
14,42,0.34768,0.33333,14; 15; 23; 10; 42; 12; 6; 11
21,32,0.68395,0.65625,21; 17; 20; 13; 32; 10; 7; 20
67,82,0.82967,0.81707,67; 3; 3; 6; 82; 5; 4; 3
6,49,0.15489,0.12245,6; 17; 13; 27; 49; 7; 13; 4
8,10,0.44226,0.8,8; 9; 4; 22; 10; 18; 3; 29
60,64,0.93501,0.9375,60; 12; 11; 10; 64; 8; 8; 10
7,9,0.37013,0.77778,7; 12; 4; 27; 9; 13; 16; 10
57,64,0.95267,0.89062,57; 9; 10; 11; 64; 5; 5; 7
7,9,0.36297,0.77778,7; 10; 21; 12; 9; 19; 17; 24
41,78,0.68357,0.52564,41; 7; 5; 11; 78; 5; 6; 4
22,31,0.73345,0.70968,22; 19; 19; 12; 31; 3; 11; 22
7,10,0.39681,0.7,7; 27; 10; 18; 10; 27; 13; 14
7,75,0.15874,0.09333,7; 9; 6; 7; 75; 4; 5; 5
25,42,0.56696,0.59524,25; 24; 7; 10; 42; 17; 10; 8
60,64,0.93211,0.9375,60; 6; 11; 7; 64; 11; 3; 8
25,77,0.43642,0.32468,25; 20; 21; 20; 77; 7; 5; 4
5,31,0.18244,0.16129,5; 9; 7; 12; 31; 14; 13; 11
22,32,0.63947,0.6875,22; 20; 13; 9; 32; 4; 6; 12
7,9,0.35594,0.77778,7; 10; 14; 10; 9; 6; 25; 4
19,26,0.76293,0.73077,19; 17; 23; 3; 26; 20; 13; 18
52,53,0.85021,0.98113,52; 9; 3; 10; 53; 11; 9; 12
23,26,0.73645,0.88462,23; 18; 10; 17; 26; 10; 6; 23
27,32,0.78314,0.84375,27; 5; 15; 14; 32; 21; 5; 15
15,77,0.2894,0.19481,15; 20; 24; 27; 77; 7; 6; 5
18,42,0.41845,0.42857,18; 26; 7; 19; 42; 8; 12; 6
6,32,0.20758,0.1875,6; 30; 11; 21; 32; 8; 5; 22
26,32,0.76799,0.8125,26; 7; 11; 13; 32; 10; 20; 12
47,48,0.81482,0.97917,47; 15; 11; 4; 48; 13; 3; 8
30,64,0.5147,0.46875,30; 5; 8; 6; 64; 8; 8; 3
27,48,0.58165,0.5625,27; 12; 21; 14; 48; 5; 14; 10
22,31,0.65293,0.70968,22; 7; 18; 7; 31; 7; 16; 21
35,48,0.7806,0.72917,35; 7; 14; 7; 48; 14; 6; 6
21,53,0.44397,0.39623,21; 11; 7; 24; 53; 9; 14; 7
8,64,0.15566,0.125,8; 27; 25; 25; 64; 11; 11; 6
28,78,0.49504,0.35897,28; 19; 18; 18; 78; 6; 4; 6
42,49,0.7903,0.85714,42; 17; 16; 14; 49; 12; 14; 9
31,42,0.73236,0.7381,31; 12; 19; 3; 42; 10; 18; 12
5,9,0.30245,0.55556,5; 31; 20; 5; 9; 6; 10; 4
14,31,0.45217,0.45161,14; 25; 21; 25; 31; 7; 14; 19
44,77,0.70796,0.57143,44; 9; 3; 9; 77; 7; 3; 5
68,78,0.78136,0.87179,68; 5; 5; 10; 78; 4; 4; 4
16,75,0.28186,0.21333,16; 16; 9; 26; 75; 3; 5; 5
25,53,0.49444,0.4717,25; 21; 12; 7; 53; 9; 5; 7
5,9,0.30468,0.55556,5; 20; 21; 13; 9; 24; 23; 14
40,63,0.64751,0.63492,40; 13; 19; 11; 63; 3; 8; 8
8,48,0.19054,0.16667,8; 7; 25; 4; 48; 7; 10; 12
12,42,0.2703,0.28571,12; 7; 20; 17; 42; 6; 10; 17
10,82,0.23707,0.12195,10; 28; 7; 24; 82; 4; 3; 4
34,63,0.56422,0.53968,34; 7; 15; 21; 63; 5; 11; 5
53,75,0.83657,0.70667,53; 11; 11; 3; 75; 7; 5; 5
6,9,0.35972,0.66667,6; 23; 13; 29; 9; 16; 22; 6
37,42,0.85362,0.88095,37; 4; 3; 13; 42; 13; 13; 15
23,53,0.44561,0.43396,23; 19; 8; 13; 53; 14; 7; 5
47,75,0.71281,0.62667,47; 5; 13; 3; 75; 6; 7; 7
9,10,0.47471,0.9,9; 22; 4; 25; 10; 16; 10; 12
8,82,0.19487,0.09756,8; 3; 4; 19; 82; 4; 3; 3
14,70,0.2586,0.2,14; 15; 5; 17; 70; 7; 8; 8
40,63,0.66882,0.63492,40; 18; 8; 18; 63; 3; 7; 10
59,70,0.92367,0.84286,59; 10; 11; 9; 70; 5; 3; 7
54,70,0.90641,0.77143,54; 12; 6; 4; 70; 6; 5; 5
48,53,0.81427,0.90566,48; 10; 10; 12; 53; 9; 12; 4
15,63,0.27769,0.2381,15; 10; 18; 27; 63; 3; 9; 8
6,10,0.32123,0.6,6; 18; 13; 19; 10; 23; 9; 4
39,42,0.86728,0.92857,39; 11; 17; 19; 42; 6; 10; 14
14,31,0.47022,0.45161,14; 21; 12; 27; 31; 3; 13; 6
9,26,0.33984,0.34615,9; 5; 11; 5; 26; 12; 3; 8
37,63,0.63036,0.5873,37; 5; 19; 19; 63; 9; 9; 4
52,53,0.85582,0.98113,52; 14; 13; 5; 53; 3; 5; 9
28,31,0.72334,0.90323,28; 21; 14; 5; 31; 21; 21; 11
24,26,0.73863,0.92308,24; 23; 4; 11; 26; 22; 22; 24
45,53,0.82054,0.84906,45; 8; 12; 14; 53; 5; 7; 3
18,63,0.343,0.28571,18; 26; 24; 7; 63; 7; 10; 6
6,10,0.35137,0.6,6; 19; 23; 6; 10; 14; 28; 21
19,48,0.44124,0.39583,19; 20; 25; 18; 48; 14; 13; 3
6,32,0.22175,0.1875,6; 13; 18; 22; 32; 17; 5; 22
16,78,0.3163,0.20513,16; 24; 7; 3; 78; 5; 4; 4
21,49,0.41268,0.42857,21; 9; 25; 5; 49; 3; 4; 11
31,32,0.80665,0.96875,31; 10; 6; 6; 32; 5; 4; 10
16,64,0.27669,0.25,16; 18; 18; 20; 64; 6; 3; 4
39,64,0.64117,0.60938,39; 19; 13; 9; 64; 6; 7; 7
44,48,0.79657,0.91667,44; 5; 7; 14; 48; 3; 10; 15
71,82,0.847,0.86585,71; 5; 8; 9; 82; 3; 3; 4
22,31,0.68245,0.70968,22; 15; 12; 25; 31; 16; 20; 14
40,42,0.82984,0.95238,40; 16; 4; 16; 42; 3; 15; 13
16,32,0.52143,0.5,16; 7; 5; 19; 32; 15; 17; 6
74,82,0.67363,0.90244,74; 6; 8; 7; 82; 3; 3; 5
12,26,0.45482,0.46154,12; 25; 26; 3; 26; 24; 13; 11
5,9,0.29121,0.55556,5; 15; 5; 19; 9; 27; 21; 10
7,53,0.1758,0.13208,7; 13; 4; 23; 53; 8; 9; 5
40,77,0.63385,0.51948,40; 5; 10; 13; 77; 3; 6; 4
50,53,0.81963,0.9434,50; 12; 5; 14; 53; 3; 15; 13
38,53,0.70453,0.71698,38; 5; 13; 10; 53; 6; 10; 4
6,64,0.11145,0.09375,6; 12; 11; 7; 64; 11; 3; 10
31,48,0.68594,0.64583,31; 20; 16; 21; 48; 5; 10; 16
19,49,0.39315,0.38776,19; 8; 17; 14; 49; 6; 4; 11
8,10,0.41549,0.8,8; 22; 14; 3; 10; 20; 4; 7
5,10,0.33208,0.5,5; 10; 5; 6; 10; 25; 23; 27
79,82,0.70952,0.96341,79; 6; 5; 3; 82; 3; 5; 3
5,48,0.12405,0.10417,5; 5; 6; 18; 48; 3; 15; 10
10,63,0.21944,0.15873,10; 18; 18; 8; 63; 10; 3; 4
8,9,0.40426,0.88889,8; 9; 15; 10; 9; 9; 10; 11
14,32,0.47856,0.4375,14; 13; 15; 6; 32; 3; 12; 18
55,70,0.90853,0.78571,55; 12; 14; 12; 70; 6; 4; 3
81,82,0.6404,0.9878,81; 4; 4; 5; 82; 4; 4; 4
16,42,0.39684,0.38095,16; 11; 13; 26; 42; 4; 12; 17
18,49,0.38976,0.36735,18; 14; 3; 23; 49; 7; 11; 14
27,53,0.54135,0.50943,27; 10; 12; 15; 53; 12; 15; 14
32,42,0.72712,0.7619,32; 19; 21; 20; 42; 18; 9; 17
47,63,0.78075,0.74603,47; 4; 7; 7; 63; 3; 3; 11
12,49,0.24339,0.2449,12; 25; 10; 9; 49; 15; 12; 9
39,77,0.62373,0.50649,39; 9; 13; 12; 77; 3; 6; 3
12,78,0.25748,0.15385,12; 12; 5; 5; 78; 6; 6; 3
7,31,0.22181,0.22581,7; 27; 29; 3; 31; 5; 21; 15
41,42,0.8295,0.97619,41; 10; 9; 5; 42; 12; 16; 10
32,48,0.63788,0.66667,32; 12; 9; 15; 48; 15; 7; 10
37,48,0.7622,0.77083,37; 5; 13; 8; 48; 12; 13; 11
5,26,0.23638,0.19231,5; 16; 18; 8; 26; 22; 4; 5
6,9,0.35433,0.66667,6; 30; 21; 3; 9; 21; 20; 13
50,77,0.77127,0.64935,50; 11; 13; 12; 77; 6; 5; 5
9,10,0.48187,0.9,9; 12; 7; 22; 10; 22; 5; 16
48,70,0.76459,0.68571,48; 13; 8; 16; 70; 6; 7; 5
9,10,0.45639,0.9,9; 11; 24; 25; 10; 23; 14; 22
59,77,0.83986,0.76623,59; 11; 7; 10; 77; 4; 4; 5
12,42,0.28998,0.28571,12; 24; 20; 13; 42; 18; 18; 3
35,75,0.56171,0.46667,35; 16; 21; 7; 75; 7; 7; 5
47,64,0.77245,0.73438,47; 4; 15; 14; 64; 5; 5; 8
6,49,0.10172,0.12245,6; 13; 5; 6; 49; 6; 14; 5
65,70,0.92593,0.92857,65; 3; 6; 4; 70; 9; 9; 6
8,63,0.18192,0.12698,8; 7; 3; 19; 63; 6; 10; 10
40,53,0.72295,0.75472,40; 6; 11; 19; 53; 9; 12; 4
5,9,0.33033,0.55556,5; 20; 14; 24; 9; 6; 8; 17
21,49,0.4226,0.42857,21; 25; 11; 20; 49; 7; 4; 7
10,26,0.36985,0.38462,10; 20; 17; 22; 26; 14; 10; 10
40,77,0.63937,0.51948,40; 10; 18; 6; 77; 5; 5; 7
13,75,0.25192,0.17333,13; 7; 6; 3; 75; 4; 5; 5
14,78,0.28879,0.17949,14; 17; 9; 26; 78; 4; 6; 4
19,32,0.56534,0.59375,19; 25; 20; 4; 32; 21; 21; 12
12,32,0.376,0.375,12; 19; 6; 19; 32; 16; 13; 3
26,31,0.77209,0.83871,26; 13; 21; 22; 31; 18; 4; 5
41,70,0.6516,0.58571,41; 4; 6; 3; 70; 9; 3; 4
56,64,0.93007,0.875,56; 13; 14; 3; 64; 4; 5; 5
17,26,0.616,0.65385,17; 3; 26; 15; 26; 23; 3; 4
18,64,0.32307,0.28125,18; 3; 3; 26; 64; 9; 6; 9
12,32,0.39018,0.375,12; 20; 3; 16; 32; 18; 9; 6
6,26,0.23194,0.23077,6; 18; 18; 24; 26; 4; 22; 9
31,78,0.5352,0.39744,31; 21; 13; 3; 78; 3; 6; 3
8,10,0.39019,0.8,8; 6; 7; 12; 10; 20; 8; 5
14,32,0.453,0.4375,14; 9; 19; 9; 32; 18; 6; 16
16,31,0.50698,0.51613,16; 14; 5; 16; 31; 21; 18; 12
8,26,0.30639,0.30769,8; 22; 20; 4; 26; 4; 8; 20
14,32,0.44108,0.4375,14; 18; 19; 20; 32; 3; 18; 3
33,75,0.56717,0.44,33; 19; 6; 21; 75; 4; 4; 5
34,42,0.7721,0.80952,34; 11; 20; 19; 42; 6; 7; 4
5,9,0.31657,0.55556,5; 5; 7; 11; 9; 4; 27; 25
45,70,0.723,0.64286,45; 15; 12; 17; 70; 4; 7; 8
5,49,0.12744,0.10204,5; 29; 20; 6; 49; 4; 13; 10
12,42,0.29678,0.28571,12; 22; 12; 10; 42; 5; 12; 5
8,9,0.34406,0.88889,8; 6; 10; 28; 9; 4; 25; 26
13,75,0.25836,0.17333,13; 13; 11; 4; 75; 6; 7; 7
25,31,0.72756,0.80645,25; 7; 12; 22; 31; 12; 22; 4
8,42,0.20193,0.19048,8; 19; 24; 3; 42; 11; 14; 4
7,9,0.35131,0.77778,7; 14; 6; 21; 9; 7; 17; 11
20,26,0.77958,0.76923,20; 23; 8; 11; 26; 12; 5; 7
16,53,0.31319,0.30189,16; 7; 10; 16; 53; 10; 15; 12
57,75,0.91052,0.76,57; 5; 3; 11; 75; 3; 3; 6
46,75,0.71139,0.61333,46; 9; 10; 15; 75; 6; 3; 6
21,53,0.42186,0.39623,21; 10; 15; 8; 53; 4; 12; 8
26,49,0.53088,0.53061,26; 24; 17; 22; 49; 9; 13; 14
25,63,0.46598,0.39683,25; 17; 4; 10; 63; 3; 9; 9
22,48,0.47512,0.45833,22; 24; 14; 22; 48; 16; 4; 16
34,48,0.75099,0.70833,34; 5; 6; 12; 48; 4; 14; 6
60,64,0.94002,0.9375,60; 3; 6; 11; 64; 11; 10; 4
18,48,0.39866,0.375,18; 23; 6; 20; 48; 14; 7; 13
8,31,0.24696,0.25806,8; 6; 15; 15; 31; 21; 13; 18
17,42,0.39597,0.40476,17; 20; 16; 13; 42; 4; 8; 15
62,64,0.94153,0.96875,62; 7; 6; 12; 64; 7; 10; 7
28,78,0.49312,0.35897,28; 12; 14; 15; 78; 3; 3; 3
76,78,0.81977,0.97436,76; 5; 3; 6; 78; 5; 3; 4
56,75,0.89398,0.74667,56; 6; 6; 11; 75; 7; 4; 4
23,31,0.69922,0.74194,23; 18; 4; 21; 31; 3; 21; 12
23,78,0.42188,0.29487,23; 13; 12; 19; 78; 6; 5; 6
19,49,0.38427,0.38776,19; 15; 15; 22; 49; 10; 16; 10
30,48,0.70049,0.625,30; 11; 12; 15; 48; 8; 12; 12
23,64,0.42217,0.35938,23; 6; 18; 18; 64; 6; 5; 6
48,49,0.80203,0.97959,48; 4; 11; 3; 49; 4; 14; 15
21,42,0.4857,0.5,21; 20; 19; 3; 42; 9; 5; 7
27,42,0.64221,0.64286,27; 10; 16; 21; 42; 17; 14; 11
7,31,0.26213,0.22581,7; 12; 23; 19; 31; 18; 8; 11
23,77,0.41733,0.2987,23; 19; 23; 6; 77; 4; 4; 3
39,49,0.77822,0.79592,39; 9; 19; 15; 49; 3; 15; 9
25,49,0.50554,0.5102,25; 19; 3; 18; 49; 6; 10; 11
8,10,0.39531,0.8,8; 22; 18; 21; 10; 13; 4; 26
9,26,0.37079,0.34615,9; 29; 26; 11; 26; 20; 24; 16
31,78,0.5362,0.39744,31; 4; 13; 16; 78; 4; 4; 4
23,32,0.70299,0.71875,23; 23; 14; 11; 32; 11; 20; 14
29,49,0.5729,0.59184,29; 9; 16; 23; 49; 5; 10; 11
19,48,0.39346,0.39583,19; 8; 12; 15; 48; 11; 8; 7
21,63,0.39234,0.33333,21; 8; 9; 5; 63; 6; 4; 4
39,49,0.79101,0.79592,39; 17; 7; 6; 49; 7; 10; 10
14,53,0.27858,0.26415,14; 20; 23; 9; 53; 9; 4; 4
9,10,0.47553,0.9,9; 27; 25; 17; 10; 13; 3; 5
6,9,0.30166,0.66667,6; 20; 16; 15; 9; 15; 25; 26
10,31,0.33815,0.32258,10; 4; 4; 27; 31; 11; 15; 22
13,48,0.26717,0.27083,13; 18; 19; 17; 48; 7; 3; 16
13,32,0.38098,0.40625,13; 5; 7; 4; 32; 8; 11; 12
31,48,0.63682,0.64583,31; 5; 6; 4; 48; 16; 6; 6
32,70,0.55482,0.45714,32; 13; 11; 7; 70; 7; 5; 3
17,31,0.5192,0.54839,17; 15; 10; 11; 31; 18; 20; 12
18,53,0.34462,0.33962,18; 16; 25; 15; 53; 10; 4; 14
28,48,0.80669,0.58333,28; 17; 15; 21; 48; 8; 7; 10
59,63,0.96746,0.93651,59; 10; 8; 12; 63; 8; 5; 3
37,49,0.76271,0.7551,37; 15; 18; 16; 49; 14; 14; 14
17,26,0.67654,0.65385,17; 8; 16; 23; 26; 13; 9; 4
24,26,0.78894,0.92308,24; 11; 15; 14; 26; 4; 9; 18
36,53,0.76161,0.67925,36; 14; 16; 19; 53; 9; 4; 11
56,78,0.81818,0.71795,56; 7; 4; 14; 78; 3; 5; 6
8,10,0.40165,0.8,8; 20; 20; 10; 10; 22; 19; 7
9,64,0.1776,0.14062,9; 27; 26; 11; 64; 8; 6; 11
22,42,0.54333,0.52381,22; 9; 3; 8; 42; 11; 17; 14
27,82,0.49596,0.32927,27; 13; 10; 3; 82; 4; 4; 5
23,32,0.73763,0.71875,23; 13; 14; 15; 32; 8; 18; 3
10,49,0.20267,0.20408,10; 9; 26; 13; 49; 6; 13; 4
5,31,0.17094,0.16129,5; 18; 7; 7; 31; 19; 4; 14
12,26,0.48374,0.46154,12; 21; 9; 15; 26; 10; 10; 19
19,31,0.53169,0.6129,19; 16; 13; 6; 31; 19; 21; 13
5,10,0.26665,0.5,5; 3; 8; 24; 10; 22; 16; 11
29,32,0.81848,0.90625,29; 10; 3; 16; 32; 8; 19; 13
34,42,0.8134,0.80952,34; 8; 16; 9; 42; 14; 12; 3
11,26,0.40392,0.42308,11; 12; 25; 16; 26; 14; 15; 19
26,70,0.44877,0.37143,26; 11; 6; 23; 70; 9; 3; 7
8,9,0.41625,0.88889,8; 21; 17; 13; 9; 24; 21; 29
6,42,0.16362,0.14286,6; 13; 11; 22; 42; 7; 14; 17
20,75,0.36933,0.26667,20; 12; 11; 6; 75; 7; 7; 5
36,48,0.8375,0.75,36; 13; 18; 3; 48; 10; 10; 14
20,75,0.38041,0.26667,20; 14; 8; 16; 75; 5; 6; 7
61,78,0.87085,0.78205,61; 11; 9; 3; 78; 5; 4; 4
16,53,0.32036,0.30189,16; 19; 17; 21; 53; 15; 13; 14
10,75,0.21455,0.13333,10; 11; 12; 27; 75; 4; 6; 5
57,78,0.85153,0.73077,57; 6; 12; 12; 78; 5; 3; 5
20,82,0.38845,0.2439,20; 13; 26; 7; 82; 5; 3; 4
8,70,0.13263,0.11429,8; 23; 12; 11; 70; 4; 6; 6
13,48,0.25492,0.27083,13; 28; 8; 15; 48; 9; 12; 14
49,63,0.80541,0.77778,49; 13; 3; 5; 63; 6; 6; 9
8,9,0.41306,0.88889,8; 27; 27; 8; 9; 9; 3; 29
58,64,0.92605,0.90625,58; 9; 4; 13; 64; 10; 6; 6
7,9,0.34184,0.77778,7; 17; 23; 20; 9; 15; 6; 28
5,9,0.29486,0.55556,5; 14; 30; 29; 9; 11; 27; 6
25,63,0.43623,0.39683,25; 8; 21; 12; 63; 6; 3; 11
7,75,0.16251,0.09333,7; 4; 15; 11; 75; 7; 7; 5
6,10,0.33877,0.6,6; 29; 11; 13; 10; 4; 4; 20
8,9,0.40303,0.88889,8; 6; 25; 24; 9; 25; 4; 17
17,77,0.30649,0.22078,17; 10; 27; 25; 77; 5; 5; 6
50,53,0.86192,0.9434,50; 15; 7; 11; 53; 3; 4; 12
5,63,0.11964,0.07937,5; 30; 16; 5; 63; 6; 10; 4
6,9,0.28378,0.66667,6; 12; 29; 14; 9; 18; 26; 23
45,48,0.79638,0.9375,45; 13; 9; 16; 48; 8; 11; 4
25,31,0.70794,0.80645,25; 21; 5; 23; 31; 8; 11; 20
61,63,0.93599,0.96825,61; 6; 3; 10; 63; 7; 6; 8
53,77,0.83342,0.68831,53; 13; 12; 11; 77; 7; 3; 5
17,53,0.32038,0.32075,17; 15; 24; 26; 53; 13; 7; 9
18,31,0.51355,0.58065,18; 8; 14; 21; 31; 4; 7; 5
10,78,0.22551,0.12821,10; 20; 23; 25; 78; 3; 5; 6
22,53,0.4381,0.41509,22; 17; 24; 8; 53; 15; 5; 11
63,77,0.88595,0.81818,63; 6; 11; 6; 77; 4; 7; 3
38,48,0.80017,0.79167,38; 4; 14; 3; 48; 13; 3; 3
42,63,0.73196,0.66667,42; 16; 11; 16; 63; 8; 8; 5
54,70,0.8856,0.77143,54; 12; 8; 4; 70; 3; 9; 4
8,9,0.37093,0.88889,8; 20; 22; 12; 9; 20; 3; 22
18,31,0.56189,0.58065,18; 16; 11; 3; 31; 10; 21; 13
10,42,0.24858,0.2381,10; 16; 9; 14; 42; 10; 10; 8
15,32,0.5135,0.46875,15; 20; 8; 5; 32; 5; 18; 19
54,75,0.85866,0.72,54; 7; 13; 6; 75; 7; 4; 5
54,63,0.91407,0.85714,54; 12; 5; 12; 63; 11; 6; 6
21,26,0.80613,0.80769,21; 22; 10; 11; 26; 9; 18; 19
5,26,0.21203,0.19231,5; 11; 4; 8; 26; 10; 6; 12
6,10,0.36988,0.6,6; 19; 3; 7; 10; 5; 7; 5
22,26,0.7937,0.84615,22; 6; 20; 14; 26; 14; 15; 13
17,31,0.51821,0.54839,17; 14; 5; 8; 31; 17; 3; 11
13,26,0.50055,0.5,13; 16; 6; 23; 26; 11; 8; 9
59,64,0.9485,0.92188,59; 5; 3; 12; 64; 7; 4; 9
30,31,0.77574,0.96774,30; 18; 13; 14; 31; 22; 20; 20
19,48,0.39837,0.39583,19; 19; 9; 24; 48; 11; 4; 8
8,9,0.41413,0.88889,8; 25; 19; 5; 9; 4; 6; 26
15,48,0.31248,0.3125,15; 4; 17; 10; 48; 4; 5; 16
8,49,0.16591,0.16327,8; 21; 17; 3; 49; 14; 15; 16
9,75,0.22421,0.12,9; 17; 16; 4; 75; 6; 5; 3
23,70,0.41167,0.32857,23; 10; 22; 24; 70; 8; 8; 7
62,70,0.89863,0.88571,62; 3; 10; 5; 70; 3; 3; 9
44,75,0.77776,0.58667,44; 5; 5; 9; 75; 5; 5; 7
6,78,0.1484,0.07692,6; 25; 12; 22; 78; 6; 6; 4
23,42,0.56942,0.54762,23; 12; 23; 11; 42; 18; 10; 10
10,49,0.21895,0.20408,10; 25; 14; 25; 49; 9; 4; 9
9,49,0.18341,0.18367,9; 27; 3; 14; 49; 16; 10; 6
31,82,0.51528,0.37805,31; 4; 11; 4; 82; 4; 3; 4
56,75,0.88186,0.74667,56; 4; 3; 7; 75; 3; 6; 3
81,82,0.68103,0.9878,81; 3; 3; 4; 82; 5; 3; 3
5,77,0.15559,0.06494,5; 21; 27; 5; 77; 6; 4; 7
58,64,0.97578,0.90625,58; 8; 13; 9; 64; 6; 11; 10
47,75,0.74924,0.62667,47; 4; 4; 14; 75; 3; 3; 6
11,48,0.27413,0.22917,11; 8; 16; 24; 48; 14; 4; 5
55,82,0.83852,0.67073,55; 12; 10; 13; 82; 5; 4; 5
52,75,0.81328,0.69333,52; 13; 10; 11; 75; 4; 4; 6
27,75,0.50648,0.36,27; 13; 22; 11; 75; 3; 7; 4
62,70,0.95852,0.88571,62; 5; 11; 3; 70; 7; 8; 5
19,32,0.61367,0.59375,19; 7; 25; 11; 32; 17; 9; 12
7,9,0.35655,0.77778,7; 16; 29; 10; 9; 18; 18; 8
28,31,0.77964,0.90323,28; 20; 9; 21; 31; 4; 5; 19
18,49,0.3968,0.36735,18; 10; 20; 3; 49; 12; 4; 7
8,53,0.1834,0.15094,8; 3; 9; 15; 53; 6; 3; 7
13,48,0.31381,0.27083,13; 13; 18; 5; 48; 3; 4; 16
22,70,0.38084,0.31429,22; 11; 16; 10; 70; 6; 5; 7
72,77,0.82319,0.93506,72; 3; 4; 5; 77; 3; 3; 4
25,82,0.43915,0.30488,25; 13; 7; 14; 82; 4; 5; 5
61,78,0.80111,0.78205,61; 10; 12; 6; 78; 6; 4; 3
50,64,0.83651,0.78125,50; 3; 3; 8; 64; 8; 3; 4
24,64,0.43263,0.375,24; 22; 21; 21; 64; 8; 10; 7
17,26,0.6393,0.65385,17; 7; 13; 19; 26; 9; 17; 20
20,48,0.44685,0.41667,20; 26; 10; 20; 48; 4; 9; 3
5,78,0.09635,0.0641,5; 19; 22; 5; 78; 4; 3; 5
28,48,0.62326,0.58333,28; 8; 7; 5; 48; 9; 7; 4
46,75,0.7156,0.61333,46; 12; 4; 9; 75; 7; 3; 4
73,75,0.83775,0.97333,73; 7; 8; 5; 75; 6; 7; 5
20,82,0.41135,0.2439,20; 20; 16; 23; 82; 4; 3; 5
41,53,0.76466,0.77358,41; 17; 12; 14; 53; 11; 11; 8
8,9,0.38031,0.88889,8; 15; 11; 4; 9; 12; 11; 24
8,10,0.42896,0.8,8; 12; 28; 13; 10; 26; 22; 24
8,9,0.36487,0.88889,8; 28; 18; 3; 9; 28; 21; 5
10,53,0.21035,0.18868,10; 20; 12; 5; 53; 5; 6; 5
25,26,0.76361,0.96154,25; 11; 8; 23; 26; 14; 23; 13
8,10,0.42159,0.8,8; 20; 21; 28; 10; 4; 16; 6
37,78,0.60517,0.47436,37; 17; 15; 9; 78; 3; 3; 3
23,48,0.49284,0.47917,23; 9; 6; 23; 48; 4; 11; 3
37,53,0.73524,0.69811,37; 7; 4; 15; 53; 10; 5; 6
9,10,0.44657,0.9,9; 9; 5; 28; 10; 13; 15; 27
33,77,0.56692,0.42857,33; 16; 14; 15; 77; 6; 4; 5
35,49,0.74013,0.71429,35; 17; 3; 10; 49; 3; 14; 7
18,26,0.7149,0.69231,18; 6; 22; 7; 26; 24; 9; 3
68,77,0.7942,0.88312,68; 4; 4; 6; 77; 6; 7; 6
17,32,0.54076,0.53125,17; 6; 24; 25; 32; 16; 3; 10
35,42,0.90417,0.83333,35; 12; 13; 17; 42; 15; 9; 7
32,42,0.75365,0.7619,32; 5; 22; 19; 42; 7; 15; 14
73,75,0.84684,0.97333,73; 5; 4; 5; 75; 7; 5; 3
8,9,0.38926,0.88889,8; 7; 28; 3; 9; 3; 11; 6
28,78,0.50684,0.35897,28; 20; 18; 6; 78; 6; 5; 3
7,9,0.37523,0.77778,7; 9; 30; 30; 9; 6; 4; 10
7,32,0.27552,0.21875,7; 15; 29; 16; 32; 3; 6; 20
11,53,0.21048,0.20755,11; 26; 10; 15; 53; 6; 5; 7
7,9,0.35724,0.77778,7; 12; 30; 20; 9; 3; 29; 26
69,70,0.89187,0.98571,69; 5; 9; 8; 70; 6; 9; 9
59,63,0.95658,0.93651,59; 12; 13; 8; 63; 7; 9; 4
17,31,0.5136,0.54839,17; 15; 21; 14; 31; 7; 18; 18
31,63,0.51933,0.49206,31; 18; 3; 22; 63; 5; 8; 10
53,70,0.84243,0.75714,53; 10; 9; 3; 70; 4; 9; 4
22,70,0.39345,0.31429,22; 6; 18; 21; 70; 5; 7; 6
58,63,0.95021,0.92063,58; 8; 10; 11; 63; 10; 5; 3
24,48,0.55298,0.5,24; 23; 18; 13; 48; 8; 5; 6
7,48,0.16237,0.14583,7; 12; 24; 12; 48; 7; 13; 14
61,78,0.84108,0.78205,61; 7; 11; 3; 78; 5; 3; 6
11,78,0.22825,0.14103,11; 10; 8; 6; 78; 4; 6; 5
6,10,0.35667,0.6,6; 12; 3; 7; 10; 10; 7; 6
48,53,0.85111,0.90566,48; 4; 10; 5; 53; 9; 10; 13
15,82,0.30306,0.18293,15; 11; 20; 21; 82; 4; 5; 5
44,63,0.75469,0.69841,44; 15; 8; 16; 63; 3; 10; 5
40,70,0.65416,0.57143,40; 15; 18; 6; 70; 7; 4; 7
43,48,0.80545,0.89583,43; 4; 13; 14; 48; 6; 4; 13
25,31,0.7188,0.80645,25; 19; 17; 22; 31; 13; 10; 18
47,64,0.78303,0.73438,47; 10; 17; 11; 64; 10; 3; 11
51,53,0.84168,0.96226,51; 10; 15; 6; 53; 13; 10; 15
27,49,0.54268,0.55102,27; 22; 8; 4; 49; 6; 5; 15
12,42,0.32148,0.28571,12; 5; 6; 20; 42; 10; 18; 9
28,31,0.74936,0.90323,28; 3; 20; 10; 31; 19; 6; 18
12,82,0.2812,0.14634,12; 5; 13; 6; 82; 3; 5; 3
31,32,0.81696,0.96875,31; 21; 12; 10; 32; 20; 16; 17
21,26,0.72094,0.80769,21; 11; 25; 18; 26; 9; 5; 12
20,64,0.36164,0.3125,20; 14; 16; 6; 64; 3; 11; 3
39,63,0.63911,0.61905,39; 9; 6; 12; 63; 9; 7; 7
21,26,0.8185,0.80769,21; 12; 8; 6; 26; 16; 4; 12
18,70,0.31132,0.25714,18; 19; 3; 14; 70; 3; 8; 5
56,64,0.90757,0.875,56; 13; 4; 4; 64; 11; 6; 7
5,32,0.20197,0.15625,5; 22; 3; 12; 32; 11; 22; 21
19,64,0.33689,0.29688,19; 15; 14; 22; 64; 10; 5; 6
18,75,0.35514,0.24,18; 26; 8; 19; 75; 6; 6; 5
54,75,0.83238,0.72,54; 8; 9; 9; 75; 5; 4; 6
10,32,0.36984,0.3125,10; 27; 17; 7; 32; 17; 19; 18
35,64,0.59164,0.54688,35; 18; 4; 7; 64; 5; 6; 11
16,48,0.33969,0.33333,16; 12; 15; 4; 48; 5; 9; 6
9,10,0.46358,0.9,9; 15; 29; 14; 10; 27; 26; 9
35,77,0.57716,0.45455,35; 8; 18; 4; 77; 5; 6; 4
9,48,0.22317,0.1875,9; 13; 5; 12; 48; 6; 6; 11
13,31,0.40522,0.41935,13; 28; 10; 3; 31; 8; 7; 6
29,64,0.47709,0.45312,29; 18; 9; 21; 64; 4; 7; 10
6,10,0.334,0.6,6; 24; 12; 17; 10; 25; 18; 7
8,10,0.42202,0.8,8; 15; 25; 27; 10; 20; 29; 22
30,75,0.51388,0.4,30; 21; 22; 5; 75; 6; 4; 5
26,42,0.61858,0.61905,26; 22; 9; 22; 42; 17; 3; 4
65,75,0.87377,0.86667,65; 6; 5; 3; 75; 4; 6; 4
6,82,0.07234,0.07317,6; 11; 25; 10; 82; 4; 5; 5
8,26,0.31131,0.30769,8; 21; 26; 4; 26; 16; 22; 22
72,78,0.8242,0.92308,72; 7; 8; 6; 78; 4; 6; 6
52,53,0.85656,0.98113,52; 6; 10; 8; 53; 11; 10; 14
60,77,0.8811,0.77922,60; 10; 12; 11; 77; 7; 5; 7
64,70,0.93296,0.91429,64; 3; 4; 4; 70; 5; 9; 6
33,70,0.57086,0.47143,33; 17; 14; 11; 70; 5; 3; 6
31,42,0.74298,0.7381,31; 20; 21; 5; 42; 16; 11; 13
9,31,0.31176,0.29032,9; 14; 4; 16; 31; 15; 5; 12
24,49,0.48529,0.4898,24; 18; 13; 13; 49; 7; 12; 14
6,9,0.29605,0.66667,6; 23; 23; 19; 9; 21; 10; 19
10,42,0.23769,0.2381,10; 10; 28; 12; 42; 15; 7; 17
6,9,0.23901,0.66667,6; 5; 17; 24; 9; 19; 14; 12
46,63,0.74982,0.73016,46; 14; 10; 7; 63; 4; 7; 10
9,48,0.21419,0.1875,9; 27; 16; 23; 48; 15; 8; 8
40,53,0.73834,0.75472,40; 18; 19; 6; 53; 3; 14; 6
13,32,0.44009,0.40625,13; 16; 7; 18; 32; 3; 11; 14
10,42,0.26698,0.2381,10; 14; 20; 17; 42; 12; 5; 12
12,75,0.21722,0.16,12; 4; 6; 10; 75; 5; 3; 6
56,63,0.9372,0.88889,56; 4; 6; 14; 63; 8; 5; 8
7,10,0.35356,0.7,7; 26; 7; 24; 10; 9; 28; 4
41,48,0.78768,0.85417,41; 12; 3; 14; 48; 3; 14; 9
38,75,0.58782,0.50667,38; 7; 10; 14; 75; 6; 3; 4
31,75,0.52111,0.41333,31; 6; 9; 19; 75; 6; 5; 3
10,31,0.35702,0.32258,10; 15; 18; 7; 31; 15; 4; 18
8,10,0.42575,0.8,8; 27; 30; 28; 10; 20; 21; 11
17,48,0.36966,0.35417,17; 23; 8; 7; 48; 12; 8; 8
18,31,0.54564,0.58065,18; 15; 19; 6; 31; 14; 21; 9
24,70,0.43427,0.34286,24; 21; 15; 22; 70; 4; 6; 8
9,10,0.43047,0.9,9; 22; 21; 16; 10; 16; 11; 27
26,32,0.75028,0.8125,26; 22; 12; 3; 32; 7; 21; 11
26,63,0.45072,0.4127,26; 16; 14; 3; 63; 8; 11; 11
34,70,0.57953,0.48571,34; 16; 15; 18; 70; 3; 5; 7
61,64,0.94166,0.95312,61; 6; 5; 12; 64; 8; 11; 7
20,32,0.64768,0.625,20; 8; 7; 14; 32; 6; 17; 11
19,77,0.38338,0.24675,19; 25; 8; 18; 77; 7; 3; 7
36,42,0.79057,0.85714,36; 13; 13; 9; 42; 17; 12; 9
34,78,0.56337,0.4359,34; 10; 5; 10; 78; 4; 4; 4
47,48,0.82617,0.97917,47; 3; 8; 14; 48; 3; 9; 9
16,48,0.33637,0.33333,16; 4; 3; 13; 48; 10; 14; 5
5,31,0.22394,0.16129,5; 3; 22; 28; 31; 18; 21; 22
5,26,0.23803,0.19231,5; 23; 31; 29; 26; 19; 3; 15
11,26,0.42842,0.42308,11; 18; 13; 18; 26; 24; 12; 22
5,48,0.09541,0.10417,5; 21; 20; 27; 48; 10; 6; 12
42,48,0.80707,0.875,42; 9; 12; 7; 48; 5; 6; 16
5,9,0.31675,0.55556,5; 7; 7; 14; 9; 14; 8; 24
35,63,0.63958,0.55556,35; 7; 3; 19; 63; 4; 10; 11
19,31,0.60938,0.6129,19; 17; 13; 11; 31; 13; 4; 9
60,64,0.93967,0.9375,60; 4; 7; 8; 64; 6; 3; 3
30,77,0.52071,0.38961,30; 11; 7; 13; 77; 6; 7; 5
8,10,0.41643,0.8,8; 30; 27; 25; 10; 15; 9; 4
8,10,0.42165,0.8,8; 13; 8; 22; 10; 14; 7; 11
29,48,0.61779,0.60417,29; 18; 8; 4; 48; 6; 14; 13
26,75,0.465,0.34667,26; 23; 24; 9; 75; 6; 6; 5
25,82,0.48779,0.30488,25; 15; 12; 7; 82; 3; 3; 3
7,75,0.19534,0.09333,7; 17; 25; 17; 75; 6; 7; 3
10,82,0.22904,0.12195,10; 3; 27; 13; 82; 5; 4; 4
12,77,0.25834,0.15584,12; 3; 28; 14; 77; 3; 4; 6
36,70,0.58386,0.51429,36; 5; 7; 9; 70; 9; 4; 3
17,32,0.53034,0.53125,17; 13; 14; 10; 32; 15; 15; 10
13,32,0.41451,0.40625,13; 3; 27; 22; 32; 8; 4; 18
18,49,0.38099,0.36735,18; 14; 23; 5; 49; 16; 9; 12
15,31,0.48923,0.48387,15; 15; 23; 4; 31; 6; 19; 6
24,77,0.42703,0.31169,24; 24; 16; 20; 77; 4; 5; 4
6,9,0.36557,0.66667,6; 7; 28; 9; 9; 3; 28; 29
5,10,0.26817,0.5,5; 26; 23; 30; 10; 9; 19; 6
7,64,0.132,0.10938,7; 16; 17; 14; 64; 5; 9; 6
54,78,0.84896,0.69231,54; 9; 10; 8; 78; 6; 3; 4
69,75,0.80529,0.92,69; 7; 4; 4; 75; 7; 3; 6
20,32,0.61725,0.625,20; 25; 17; 22; 32; 6; 9; 4
46,63,0.77531,0.73016,46; 6; 15; 12; 63; 11; 10; 7
11,53,0.21716,0.20755,11; 28; 14; 24; 53; 5; 5; 14
10,77,0.23001,0.12987,10; 11; 18; 19; 77; 7; 7; 7
14,42,0.35266,0.33333,14; 26; 8; 28; 42; 17; 3; 15
69,70,0.87498,0.98571,69; 3; 9; 3; 70; 7; 6; 3
5,49,0.07458,0.10204,5; 6; 3; 31; 49; 6; 14; 3
72,75,0.87917,0.96,72; 7; 5; 5; 75; 4; 4; 3
68,78,0.78389,0.87179,68; 10; 6; 8; 78; 5; 4; 4
25,77,0.45162,0.32468,25; 19; 24; 20; 77; 6; 4; 3
8,10,0.42155,0.8,8; 30; 26; 19; 10; 22; 22; 3
16,75,0.30512,0.21333,16; 19; 8; 23; 75; 6; 7; 6
26,32,0.74548,0.8125,26; 8; 18; 17; 32; 8; 17; 18
33,77,0.56388,0.42857,33; 9; 14; 19; 77; 3; 7; 4
9,10,0.4623,0.9,9; 6; 26; 17; 10; 24; 24; 14
7,9,0.37927,0.77778,7; 5; 22; 11; 9; 25; 8; 3
6,32,0.20471,0.1875,6; 10; 11; 9; 32; 10; 4; 4
12,42,0.26306,0.28571,12; 12; 22; 25; 42; 14; 18; 12
18,77,0.36744,0.23377,18; 26; 21; 19; 77; 6; 6; 7
9,63,0.15225,0.14286,9; 4; 13; 6; 63; 5; 5; 5
54,82,0.7364,0.65854,54; 3; 9; 12; 82; 5; 4; 5
21,82,0.45113,0.2561,21; 23; 8; 13; 82; 3; 4; 4
8,10,0.42034,0.8,8; 24; 28; 29; 10; 25; 9; 25
73,78,0.89283,0.9359,73; 8; 4; 6; 78; 4; 6; 5
16,64,0.28904,0.25,16; 19; 4; 26; 64; 10; 9; 4
24,63,0.43541,0.38095,24; 4; 22; 5; 63; 5; 5; 9
23,26,0.75175,0.88462,23; 15; 17; 25; 26; 16; 12; 23
9,10,0.49012,0.9,9; 20; 11; 23; 10; 4; 13; 29
41,48,0.78474,0.85417,41; 10; 10; 12; 48; 11; 10; 12
51,53,0.83023,0.96226,51; 14; 10; 4; 53; 8; 6; 6
64,70,0.8705,0.91429,64; 4; 5; 3; 70; 5; 7; 3
17,63,0.27968,0.26984,17; 9; 19; 10; 63; 6; 7; 5
52,64,0.88444,0.8125,52; 12; 14; 11; 64; 10; 10; 10
22,63,0.36853,0.34921,22; 11; 5; 21; 63; 10; 11; 4
21,63,0.38393,0.33333,21; 10; 14; 18; 63; 10; 10; 3
28,32,0.76793,0.875,28; 14; 18; 11; 32; 9; 8; 20
22,42,0.54915,0.52381,22; 8; 22; 11; 42; 8; 11; 15
25,26,0.70866,0.96154,25; 17; 10; 8; 26; 15; 11; 19
7,10,0.37775,0.7,7; 21; 9; 11; 10; 19; 27; 15
11,64,0.22376,0.17188,11; 7; 27; 27; 64; 6; 10; 7
32,48,0.72263,0.66667,32; 19; 16; 4; 48; 7; 7; 13
32,48,0.65928,0.66667,32; 18; 20; 20; 48; 6; 12; 8
37,77,0.56355,0.48052,37; 14; 10; 16; 77; 6; 6; 4
15,31,0.48049,0.48387,15; 10; 12; 16; 31; 22; 11; 13
47,78,0.74953,0.60256,47; 3; 3; 9; 78; 6; 4; 5
5,10,0.32051,0.5,5; 28; 13; 6; 10; 13; 9; 11
8,42,0.20819,0.19048,8; 23; 3; 15; 42; 12; 16; 16
20,49,0.41316,0.40816,20; 19; 3; 22; 49; 13; 9; 3
59,77,0.88022,0.76623,59; 5; 9; 7; 77; 3; 7; 5
59,63,0.94342,0.93651,59; 5; 10; 10; 63; 10; 11; 3
13,53,0.24097,0.24528,13; 12; 11; 9; 53; 11; 11; 6
21,49,0.45153,0.42857,21; 18; 23; 12; 49; 9; 14; 6
23,26,0.77544,0.88462,23; 11; 10; 13; 26; 11; 24; 17
50,53,0.83609,0.9434,50; 8; 14; 11; 53; 13; 7; 7
7,9,0.37859,0.77778,7; 18; 26; 5; 9; 20; 20; 26
9,10,0.46496,0.9,9; 14; 20; 10; 10; 7; 14; 3
23,77,0.43169,0.2987,23; 22; 15; 23; 77; 5; 7; 7
26,42,0.64205,0.61905,26; 12; 17; 10; 42; 3; 15; 14
12,42,0.31259,0.28571,12; 28; 9; 5; 42; 18; 9; 10
48,64,0.83391,0.75,48; 7; 12; 12; 64; 11; 8; 8
9,42,0.23421,0.21429,9; 25; 4; 29; 42; 14; 9; 11
31,82,0.53068,0.37805,31; 8; 22; 11; 82; 5; 4; 4
11,26,0.42037,0.42308,11; 29; 24; 8; 26; 5; 18; 23
58,63,0.93452,0.92063,58; 3; 5; 8; 63; 11; 3; 7
45,49,0.83352,0.91837,45; 11; 8; 8; 49; 13; 13; 8
19,48,0.38216,0.39583,19; 13; 5; 5; 48; 16; 8; 7
35,53,0.68484,0.66038,35; 11; 4; 9; 53; 3; 3; 5
67,75,0.85164,0.89333,67; 10; 9; 3; 75; 7; 4; 4
9,10,0.4619,0.9,9; 27; 6; 10; 10; 24; 26; 29
11,49,0.22764,0.22449,11; 17; 10; 6; 49; 11; 6; 9
9,49,0.16251,0.18367,9; 20; 24; 9; 49; 3; 16; 15
17,78,0.3164,0.21795,17; 17; 14; 19; 78; 4; 5; 6
20,49,0.40906,0.40816,20; 10; 17; 20; 49; 3; 10; 7
38,64,0.62453,0.59375,38; 20; 16; 17; 64; 4; 9; 11
33,53,0.64666,0.62264,33; 12; 3; 20; 53; 4; 15; 11
25,26,0.77296,0.96154,25; 5; 14; 21; 26; 6; 14; 15
36,77,0.58775,0.46753,36; 16; 6; 5; 77; 3; 7; 6
14,64,0.2565,0.21875,14; 20; 5; 11; 64; 6; 10; 11
29,78,0.50195,0.37179,29; 17; 19; 23; 78; 6; 4; 6
61,70,0.90412,0.87143,61; 11; 4; 7; 70; 8; 9; 8
40,64,0.65706,0.625,40; 6; 19; 9; 64; 9; 6; 7
8,10,0.39389,0.8,8; 17; 9; 27; 10; 4; 15; 13
31,48,0.67957,0.64583,31; 4; 11; 6; 48; 14; 9; 13
7,48,0.18702,0.14583,7; 20; 22; 28; 48; 14; 15; 6
25,48,0.569,0.52083,25; 12; 23; 21; 48; 9; 9; 12
39,78,0.61184,0.5,39; 16; 6; 16; 78; 6; 3; 4
31,42,0.78024,0.7381,31; 16; 5; 10; 42; 6; 17; 18
66,77,0.85428,0.85714,66; 9; 5; 8; 77; 5; 6; 3
35,48,0.75267,0.72917,35; 11; 14; 10; 48; 5; 3; 14
24,26,0.78807,0.92308,24; 16; 15; 12; 26; 13; 19; 8
9,10,0.45747,0.9,9; 22; 20; 7; 10; 4; 20; 16
6,10,0.33606,0.6,6; 30; 7; 7; 10; 25; 13; 24
44,64,0.71133,0.6875,44; 10; 15; 10; 64; 9; 5; 7
20,53,0.39611,0.37736,20; 20; 5; 24; 53; 8; 9; 3
22,53,0.43818,0.41509,22; 19; 11; 24; 53; 12; 8; 7
37,70,0.62733,0.52857,37; 17; 6; 17; 70; 6; 7; 7
19,53,0.37723,0.35849,19; 10; 20; 26; 53; 8; 12; 6
30,70,0.49978,0.42857,30; 6; 21; 11; 70; 7; 6; 6
28,77,0.49048,0.36364,28; 8; 15; 13; 77; 4; 5; 4
5,9,0.30507,0.55556,5; 23; 15; 10; 9; 9; 22; 7
17,49,0.36124,0.34694,17; 25; 11; 13; 49; 5; 13; 10
64,82,0.76383,0.78049,64; 9; 6; 3; 82; 3; 5; 5
52,82,0.69004,0.63415,52; 13; 8; 13; 82; 5; 4; 4
21,42,0.50178,0.5,21; 20; 7; 9; 42; 8; 10; 11
26,48,0.53737,0.54167,26; 5; 10; 13; 48; 10; 4; 14
48,77,0.71802,0.62338,48; 11; 8; 16; 77; 6; 5; 7
31,49,0.61128,0.63265,31; 20; 11; 3; 49; 5; 15; 6
30,31,0.76412,0.96774,30; 6; 11; 15; 31; 5; 5; 11
28,78,0.48727,0.35897,28; 11; 4; 19; 78; 6; 4; 4
23,32,0.71374,0.71875,23; 18; 5; 5; 32; 20; 4; 13
28,64,0.48428,0.4375,28; 3; 22; 21; 64; 9; 5; 11
39,75,0.60238,0.52,39; 10; 18; 16; 75; 7; 7; 5
9,10,0.4495,0.9,9; 29; 4; 23; 10; 7; 7; 13
11,77,0.22695,0.14286,11; 22; 3; 6; 77; 4; 4; 5
74,82,0.56782,0.90244,74; 8; 3; 3; 82; 5; 5; 3
49,70,0.77241,0.7,49; 3; 4; 9; 70; 6; 6; 4
34,48,0.74021,0.70833,34; 14; 15; 3; 48; 3; 11; 12
10,42,0.24776,0.2381,10; 13; 27; 22; 42; 8; 18; 3
48,77,0.70829,0.62338,48; 16; 9; 10; 77; 3; 4; 3
47,63,0.76487,0.74603,47; 12; 13; 3; 63; 5; 8; 5
7,10,0.39812,0.7,7; 6; 6; 15; 10; 8; 23; 8
28,77,0.48821,0.36364,28; 6; 11; 12; 77; 7; 6; 4
34,82,0.58706,0.41463,34; 9; 3; 15; 82; 3; 5; 5
65,78,0.84092,0.83333,65; 5; 7; 6; 78; 3; 6; 3
7,10,0.37623,0.7,7; 25; 16; 11; 10; 24; 18; 29
50,77,0.82315,0.64935,50; 13; 5; 5; 77; 6; 6; 7
41,42,0.80721,0.97619,41; 7; 14; 16; 42; 18; 17; 7
38,64,0.62271,0.59375,38; 19; 11; 18; 64; 7; 9; 5
22,42,0.48177,0.52381,22; 21; 3; 19; 42; 9; 7; 14
29,53,0.55245,0.54717,29; 4; 6; 16; 53; 4; 9; 5
5,42,0.13174,0.11905,5; 26; 23; 19; 42; 15; 6; 8
7,26,0.27978,0.26923,7; 7; 14; 17; 26; 23; 12; 18
6,10,0.33416,0.6,6; 16; 15; 12; 10; 17; 9; 10
29,53,0.57965,0.54717,29; 10; 18; 20; 53; 14; 4; 11
12,48,0.26498,0.25,12; 27; 14; 13; 48; 4; 5; 5
11,42,0.26827,0.2619,11; 20; 17; 13; 42; 17; 7; 12
8,82,0.17837,0.09756,8; 12; 20; 11; 82; 3; 3; 4
7,26,0.3079,0.26923,7; 4; 3; 25; 26; 3; 10; 18
11,48,0.26231,0.22917,11; 21; 6; 6; 48; 9; 7; 4
56,75,0.87624,0.74667,56; 10; 6; 3; 75; 4; 4; 7
11,26,0.42339,0.42308,11; 6; 11; 14; 26; 6; 15; 10
7,9,0.34958,0.77778,7; 5; 16; 22; 9; 25; 3; 22
6,78,0.12445,0.07692,6; 19; 24; 5; 78; 4; 4; 5
16,32,0.48076,0.5,16; 17; 13; 24; 32; 13; 5; 8
9,48,0.2027,0.1875,9; 13; 11; 7; 48; 6; 10; 12
10,32,0.32123,0.3125,10; 23; 28; 21; 32; 14; 6; 7
35,48,0.82218,0.72917,35; 13; 8; 12; 48; 3; 13; 6
60,78,0.83955,0.76923,60; 3; 12; 7; 78; 3; 6; 5
37,64,0.6412,0.57812,37; 11; 7; 9; 64; 7; 5; 9
18,26,0.69336,0.69231,18; 26; 18; 14; 26; 15; 10; 14
57,70,0.91929,0.81429,57; 7; 13; 13; 70; 4; 5; 3
7,9,0.38428,0.77778,7; 21; 3; 27; 9; 9; 14; 20
32,82,0.55342,0.39024,32; 3; 13; 15; 82; 5; 3; 4
11,32,0.36212,0.34375,11; 4; 5; 11; 32; 5; 9; 7
27,63,0.47349,0.42857,27; 20; 6; 19; 63; 8; 4; 6
37,82,0.59698,0.45122,37; 16; 7; 8; 82; 3; 5; 4
6,10,0.35099,0.6,6; 20; 18; 10; 10; 16; 5; 27
30,49,0.59027,0.61224,30; 6; 7; 13; 49; 12; 9; 8
47,63,0.77672,0.74603,47; 7; 8; 6; 63; 7; 9; 9
19,32,0.55439,0.59375,19; 15; 21; 19; 32; 9; 16; 18
23,75,0.41795,0.30667,23; 13; 3; 24; 75; 4; 7; 3
27,78,0.49524,0.34615,27; 3; 22; 17; 78; 6; 6; 4
39,63,0.6271,0.61905,39; 18; 13; 18; 63; 3; 8; 11
58,75,0.8648,0.77333,58; 6; 11; 3; 75; 3; 5; 5
30,31,0.79626,0.96774,30; 17; 10; 9; 31; 9; 4; 10
9,64,0.17579,0.14062,9; 4; 7; 21; 64; 8; 3; 9
27,42,0.61988,0.64286,27; 13; 23; 5; 42; 17; 11; 4
39,64,0.66519,0.60938,39; 10; 10; 13; 64; 10; 9; 5
32,82,0.53091,0.39024,32; 11; 15; 9; 82; 3; 4; 4
58,63,0.9562,0.92063,58; 4; 13; 7; 63; 11; 6; 8
46,63,0.74297,0.73016,46; 10; 12; 16; 63; 5; 6; 10
8,26,0.29973,0.30769,8; 19; 21; 15; 26; 17; 22; 18
45,64,0.75379,0.70312,45; 14; 10; 15; 64; 9; 10; 10
61,63,0.93956,0.96825,61; 8; 11; 9; 63; 7; 9; 4
34,42,0.81342,0.80952,34; 19; 16; 16; 42; 16; 11; 17
38,82,0.62344,0.46341,38; 18; 7; 15; 82; 4; 3; 3
57,78,0.85371,0.73077,57; 11; 6; 12; 78; 3; 4; 6
5,10,0.349,0.5,5; 8; 23; 29; 10; 23; 3; 27
44,49,0.7554,0.89796,44; 14; 7; 8; 49; 6; 8; 5
36,78,0.61341,0.46154,36; 12; 5; 14; 78; 6; 4; 6
15,42,0.33425,0.35714,15; 25; 21; 26; 42; 17; 6; 16
24,31,0.77666,0.77419,24; 23; 15; 7; 31; 13; 6; 6
5,10,0.30725,0.5,5; 14; 12; 16; 10; 13; 5; 13
12,26,0.39652,0.46154,12; 12; 6; 19; 26; 13; 13; 6
36,42,0.86704,0.85714,36; 17; 6; 18; 42; 9; 14; 15
5,49,0.11533,0.10204,5; 4; 22; 30; 49; 15; 3; 6
42,64,0.70995,0.65625,42; 12; 17; 3; 64; 5; 4; 10
29,42,0.67651,0.69048,29; 4; 10; 5; 42; 10; 7; 14
64,78,0.80027,0.82051,64; 9; 3; 6; 78; 4; 3; 3
6,9,0.35048,0.66667,6; 3; 20; 30; 9; 15; 20; 11
6,49,0.15307,0.12245,6; 24; 27; 27; 49; 4; 7; 12
20,53,0.4106,0.37736,20; 3; 22; 6; 53; 3; 13; 9
61,78,0.87523,0.78205,61; 9; 10; 12; 78; 6; 6; 6
60,75,0.88411,0.8,60; 9; 8; 8; 75; 5; 6; 4
66,77,0.83096,0.85714,66; 9; 3; 9; 77; 4; 6; 6
17,48,0.36945,0.35417,17; 10; 10; 10; 48; 10; 11; 9
24,77,0.4494,0.31169,24; 20; 5; 12; 77; 3; 4; 7
28,53,0.54828,0.5283,28; 17; 17; 11; 53; 9; 11; 4
58,63,0.95817,0.92063,58; 7; 6; 12; 63; 7; 4; 6
29,78,0.50652,0.37179,29; 14; 16; 14; 78; 4; 6; 6
50,53,0.8791,0.9434,50; 3; 5; 10; 53; 4; 7; 8
45,49,0.78463,0.91837,45; 17; 4; 12; 49; 8; 4; 8
46,70,0.74132,0.65714,46; 3; 3; 11; 70; 9; 7; 3
53,70,0.83379,0.75714,53; 3; 4; 9; 70; 8; 5; 6
10,64,0.16843,0.15625,10; 25; 3; 9; 64; 11; 9; 9
20,26,0.83744,0.76923,20; 17; 21; 16; 26; 6; 16; 5
10,32,0.31917,0.3125,10; 24; 16; 12; 32; 11; 15; 7
8,10,0.40885,0.8,8; 15; 18; 24; 10; 4; 27; 5
45,70,0.75667,0.64286,45; 11; 16; 13; 70; 9; 4; 7
7,10,0.36558,0.7,7; 20; 16; 20; 10; 20; 21; 22
20,48,0.41884,0.41667,20; 14; 16; 10; 48; 10; 11; 6
16,75,0.31425,0.21333,16; 4; 5; 20; 75; 4; 7; 3
33,63,0.56684,0.52381,33; 6; 9; 4; 63; 5; 7; 5
9,10,0.45436,0.9,9; 10; 20; 19; 10; 22; 16; 7
11,26,0.39331,0.42308,11; 14; 27; 25; 26; 19; 24; 24
5,49,0.14104,0.10204,5; 20; 21; 24; 49; 14; 16; 4
45,53,0.82335,0.84906,45; 12; 16; 9; 53; 9; 7; 13
13,64,0.23937,0.20312,13; 26; 15; 16; 64; 7; 10; 3
39,70,0.64679,0.55714,39; 19; 7; 4; 70; 6; 7; 9
7,26,0.27867,0.26923,7; 12; 25; 26; 26; 16; 13; 8
81,82,0.65111,0.9878,81; 3; 4; 3; 82; 3; 5; 3
68,77,0.78723,0.88312,68; 7; 8; 10; 77; 3; 7; 7
15,48,0.34026,0.3125,15; 9; 12; 26; 48; 13; 13; 16
70,75,0.89369,0.93333,70; 8; 7; 9; 75; 7; 7; 6
5,9,0.31685,0.55556,5; 20; 14; 16; 9; 28; 10; 23
60,70,0.95415,0.85714,60; 7; 5; 10; 70; 6; 8; 3
9,26,0.3458,0.34615,9; 28; 12; 22; 26; 20; 5; 16
25,75,0.43842,0.33333,25; 19; 18; 4; 75; 5; 5; 5
28,75,0.48056,0.37333,28; 14; 10; 17; 75; 7; 4; 3
62,75,0.89654,0.82667,62; 11; 8; 9; 75; 3; 5; 7
17,49,0.3512,0.34694,17; 3; 6; 18; 49; 7; 8; 9
11,32,0.36561,0.34375,11; 27; 4; 21; 32; 21; 17; 6
18,31,0.55032,0.58065,18; 14; 25; 15; 31; 9; 4; 13
55,64,0.91933,0.85938,55; 5; 4; 7; 64; 11; 11; 6
20,78,0.37921,0.25641,20; 23; 3; 19; 78; 5; 5; 3
47,63,0.80056,0.74603,47; 11; 15; 5; 63; 8; 8; 8
14,26,0.54681,0.53846,14; 25; 14; 17; 26; 24; 23; 13
25,26,0.7236,0.96154,25; 21; 12; 24; 26; 24; 6; 12
14,32,0.45673,0.4375,14; 15; 17; 12; 32; 15; 12; 8
27,63,0.46458,0.42857,27; 3; 14; 8; 63; 11; 3; 9
36,75,0.5812,0.48,36; 15; 8; 18; 75; 5; 6; 6
26,63,0.43444,0.4127,26; 3; 9; 23; 63; 5; 4; 10
5,9,0.28966,0.55556,5; 12; 15; 10; 9; 3; 12; 9
7,9,0.36431,0.77778,7; 28; 4; 12; 9; 9; 12; 11
29,42,0.66263,0.69048,29; 19; 9; 6; 42; 5; 14; 18
9,10,0.45558,0.9,9; 5; 8; 26; 10; 26; 6; 29
28,31,0.74937,0.90323,28; 9; 15; 7; 31; 21; 19; 12
29,82,0.48093,0.35366,29; 21; 16; 16; 82; 4; 5; 5
12,26,0.42325,0.46154,12; 12; 7; 8; 26; 5; 21; 11
8,9,0.40389,0.88889,8; 11; 4; 20; 9; 26; 4; 6
66,77,0.84934,0.85714,66; 7; 8; 4; 77; 7; 3; 5
6,42,0.17054,0.14286,6; 14; 17; 29; 42; 8; 12; 8
20,31,0.62741,0.64516,20; 11; 12; 21; 31; 3; 21; 18
21,49,0.41238,0.42857,21; 14; 23; 10; 49; 7; 14; 7
24,75,0.42358,0.32,24; 20; 11; 8; 75; 4; 6; 7
68,78,0.86701,0.87179,68; 5; 6; 6; 78; 3; 6; 6
30,82,0.50973,0.36585,30; 22; 21; 10; 82; 4; 3; 4
36,42,0.8164,0.85714,36; 14; 19; 12; 42; 18; 7; 4
15,32,0.452,0.46875,15; 3; 10; 25; 32; 5; 14; 6
36,78,0.58671,0.46154,36; 12; 4; 7; 78; 6; 3; 4
16,32,0.52528,0.5,16; 14; 9; 12; 32; 18; 12; 9
27,64,0.47118,0.42188,27; 8; 9; 13; 64; 6; 3; 11
12,49,0.27329,0.2449,12; 17; 28; 10; 49; 4; 7; 11
23,48,0.48692,0.47917,23; 10; 17; 16; 48; 5; 5; 3
15,32,0.50508,0.46875,15; 17; 25; 12; 32; 14; 3; 21
5,10,0.3089,0.5,5; 5; 12; 28; 10; 20; 4; 12
31,48,0.65846,0.64583,31; 12; 19; 3; 48; 10; 16; 9
57,64,0.98062,0.89062,57; 4; 9; 8; 64; 8; 6; 8
12,31,0.40177,0.3871,12; 18; 18; 10; 31; 10; 19; 5
51,53,0.86819,0.96226,51; 14; 13; 12; 53; 6; 6; 7
13,49,0.28887,0.26531,13; 25; 3; 24; 49; 15; 11; 3
13,48,0.25795,0.27083,13; 11; 5; 22; 48; 8; 10; 4
39,48,0.88295,0.8125,39; 4; 17; 18; 48; 11; 7; 13
23,70,0.40004,0.32857,23; 15; 3; 4; 70; 4; 3; 3
13,48,0.30788,0.27083,13; 9; 3; 24; 48; 8; 15; 13
25,31,0.64793,0.80645,25; 4; 4; 3; 31; 8; 8; 18
9,10,0.48884,0.9,9; 14; 18; 16; 10; 4; 12; 13
7,49,0.1783,0.14286,7; 4; 30; 22; 49; 9; 9; 3
42,53,0.77943,0.79245,42; 12; 17; 7; 53; 13; 12; 5
75,82,0.81508,0.91463,75; 3; 6; 4; 82; 4; 4; 4
40,77,0.60306,0.51948,40; 19; 8; 18; 77; 6; 6; 5
19,82,0.38714,0.23171,19; 3; 21; 18; 82; 5; 3; 4
31,32,0.79925,0.96875,31; 20; 16; 9; 32; 19; 15; 18
34,77,0.5407,0.44156,34; 10; 14; 11; 77; 3; 3; 7
23,26,0.81678,0.88462,23; 16; 13; 9; 26; 16; 21; 14
15,26,0.51445,0.57692,15; 3; 22; 13; 26; 3; 14; 13
5,31,0.21347,0.16129,5; 25; 28; 6; 31; 15; 19; 7
22,78,0.40825,0.28205,22; 13; 25; 18; 78; 6; 4; 5
54,63,0.88265,0.85714,54; 13; 5; 4; 63; 4; 10; 10
5,48,0.13753,0.10417,5; 14; 17; 30; 48; 6; 13; 10
30,31,0.79059,0.96774,30; 4; 3; 6; 31; 13; 13; 21
17,75,0.31073,0.22667,17; 19; 8; 15; 75; 3; 4; 5
65,77,0.88361,0.84416,65; 7; 8; 5; 77; 4; 7; 6
30,42,0.73659,0.71429,30; 10; 15; 8; 42; 7; 8; 7
8,10,0.43155,0.8,8; 8; 12; 23; 10; 6; 20; 24
20,70,0.34103,0.28571,20; 17; 25; 10; 70; 3; 3; 5
24,63,0.40419,0.38095,24; 11; 19; 16; 63; 6; 5; 11
20,82,0.33621,0.2439,20; 18; 16; 19; 82; 4; 5; 3
15,26,0.59325,0.57692,15; 3; 22; 6; 26; 13; 10; 16
5,64,0.06649,0.07812,5; 25; 3; 22; 64; 4; 8; 5
45,53,0.79879,0.84906,45; 16; 5; 15; 53; 4; 3; 14
17,32,0.56213,0.53125,17; 17; 6; 16; 32; 10; 8; 17
32,48,0.63853,0.66667,32; 5; 3; 7; 48; 13; 13; 10
9,10,0.43905,0.9,9; 3; 28; 22; 10; 24; 5; 21
61,78,0.86409,0.78205,61; 5; 7; 8; 78; 4; 3; 5
13,49,0.2966,0.26531,13; 17; 4; 20; 49; 14; 3; 11
31,70,0.52985,0.44286,31; 13; 16; 10; 70; 4; 7; 8
16,31,0.49159,0.51613,16; 13; 5; 5; 31; 9; 16; 19
49,64,0.82706,0.76562,49; 11; 7; 16; 64; 5; 5; 5
5,9,0.29574,0.55556,5; 14; 26; 6; 9; 28; 12; 9
36,77,0.59621,0.46753,36; 20; 20; 8; 77; 6; 6; 7
16,31,0.48787,0.51613,16; 8; 26; 16; 31; 17; 9; 6
7,9,0.32522,0.77778,7; 5; 4; 25; 9; 19; 20; 13
7,10,0.40043,0.7,7; 27; 13; 22; 10; 15; 8; 27
29,32,0.76437,0.90625,29; 11; 3; 8; 32; 9; 22; 10
13,31,0.44518,0.41935,13; 10; 24; 16; 31; 4; 6; 22
62,77,0.86158,0.80519,62; 12; 8; 5; 77; 7; 5; 7
13,64,0.25604,0.20312,13; 3; 23; 15; 64; 3; 4; 6
43,70,0.68205,0.61429,43; 3; 3; 4; 70; 5; 6; 6
16,53,0.30963,0.30189,16; 10; 17; 17; 53; 11; 9; 5
8,31,0.26422,0.25806,8; 29; 12; 27; 31; 14; 20; 19
15,42,0.38279,0.35714,15; 11; 22; 21; 42; 3; 18; 10
53,63,0.90142,0.84127,53; 4; 5; 4; 63; 3; 11; 8
53,63,0.88223,0.84127,53; 7; 5; 9; 63; 6; 11; 9
17,32,0.56088,0.53125,17; 5; 12; 12; 32; 20; 22; 8
8,9,0.36292,0.88889,8; 29; 19; 11; 9; 10; 27; 11
20,63,0.3473,0.31746,20; 3; 7; 8; 63; 4; 10; 5
29,32,0.79915,0.90625,29; 10; 7; 19; 32; 7; 11; 3
8,9,0.37884,0.88889,8; 14; 3; 3; 9; 4; 16; 27
12,26,0.45491,0.46154,12; 3; 10; 9; 26; 17; 22; 9
9,26,0.35156,0.34615,9; 6; 11; 26; 26; 17; 20; 23
13,49,0.25343,0.26531,13; 18; 23; 4; 49; 9; 13; 13
45,48,0.79265,0.9375,45; 4; 4; 3; 48; 7; 10; 4
11,77,0.24835,0.14286,11; 10; 23; 23; 77; 6; 3; 6
48,75,0.78447,0.64,48; 13; 16; 3; 75; 3; 6; 5
34,75,0.54188,0.45333,34; 14; 19; 7; 75; 5; 7; 7
38,49,0.7816,0.77551,38; 4; 5; 6; 49; 6; 3; 7
76,77,0.76784,0.98701,76; 3; 6; 7; 77; 5; 7; 6
33,82,0.58154,0.40244,33; 8; 3; 4; 82; 5; 3; 4
8,42,0.22951,0.19048,8; 15; 29; 19; 42; 12; 16; 14
7,10,0.38835,0.7,7; 13; 29; 23; 10; 24; 13; 22
13,49,0.2819,0.26531,13; 17; 23; 14; 49; 6; 11; 10
5,9,0.26472,0.55556,5; 31; 27; 24; 9; 17; 7; 18
35,53,0.71271,0.66038,35; 15; 17; 14; 53; 6; 10; 13
53,82,0.8198,0.64634,53; 15; 11; 6; 82; 4; 3; 4
23,82,0.42798,0.28049,23; 15; 8; 22; 82; 5; 3; 4
29,49,0.58131,0.59184,29; 6; 15; 17; 49; 16; 14; 5
5,26,0.22796,0.19231,5; 15; 26; 24; 26; 14; 13; 23
5,48,0.11361,0.10417,5; 6; 31; 22; 48; 10; 11; 13
38,42,0.82421,0.90476,38; 8; 13; 8; 42; 5; 12; 18
13,48,0.28368,0.27083,13; 19; 7; 24; 48; 3; 11; 12
45,48,0.78248,0.9375,45; 5; 17; 6; 48; 6; 14; 15
7,9,0.38573,0.77778,7; 12; 30; 4; 9; 9; 5; 22
59,77,0.83424,0.76623,59; 9; 10; 5; 77; 4; 4; 5
39,70,0.62777,0.55714,39; 3; 10; 7; 70; 4; 5; 3
64,75,0.86986,0.85333,64; 6; 6; 8; 75; 7; 3; 7
57,63,0.99145,0.90476,57; 10; 10; 8; 63; 8; 11; 8
40,49,0.78772,0.81633,40; 10; 12; 11; 49; 15; 11; 12
17,26,0.59651,0.65385,17; 6; 10; 16; 26; 9; 22; 15
31,82,0.51237,0.37805,31; 19; 15; 19; 82; 4; 4; 3
40,63,0.6726,0.63492,40; 12; 4; 12; 63; 11; 8; 10
24,42,0.58057,0.57143,24; 20; 22; 10; 42; 12; 15; 18
59,78,0.88438,0.75641,59; 5; 8; 4; 78; 6; 3; 6
57,82,0.87179,0.69512,57; 3; 8; 11; 82; 4; 3; 3
38,63,0.6196,0.60317,38; 15; 4; 20; 63; 7; 9; 10
18,53,0.35833,0.33962,18; 19; 11; 17; 53; 11; 14; 14
21,32,0.68591,0.65625,21; 5; 24; 25; 32; 3; 11; 22
54,82,0.73331,0.65854,54; 11; 7; 6; 82; 5; 4; 5
10,42,0.25176,0.2381,10; 7; 27; 18; 42; 9; 6; 5
9,42,0.20415,0.21429,9; 5; 3; 18; 42; 12; 5; 6
5,64,0.11712,0.07812,5; 12; 11; 4; 64; 11; 5; 9
23,49,0.4747,0.46939,23; 9; 10; 25; 49; 14; 12; 14
63,75,0.88343,0.84,63; 3; 10; 10; 75; 6; 4; 5
22,64,0.41516,0.34375,22; 4; 14; 20; 64; 10; 9; 5
23,32,0.69057,0.71875,23; 16; 5; 18; 32; 20; 21; 15
6,26,0.23891,0.23077,6; 5; 24; 19; 26; 17; 3; 13
7,78,0.15476,0.08974,7; 18; 15; 6; 78; 4; 3; 4
9,32,0.31255,0.28125,9; 14; 12; 19; 32; 6; 9; 16
5,10,0.3048,0.5,5; 15; 31; 27; 10; 3; 3; 5
6,26,0.26481,0.23077,6; 9; 11; 9; 26; 23; 19; 15
53,77,0.77699,0.68831,53; 4; 12; 11; 77; 3; 4; 7
17,42,0.40449,0.40476,17; 20; 15; 6; 42; 12; 5; 10
38,75,0.64134,0.50667,38; 10; 7; 14; 75; 4; 7; 4
50,53,0.87587,0.9434,50; 3; 15; 15; 53; 7; 6; 15
13,82,0.27607,0.15854,13; 3; 15; 27; 82; 4; 3; 4
27,32,0.71399,0.84375,27; 8; 9; 16; 32; 18; 11; 18
5,32,0.19619,0.15625,5; 15; 6; 4; 32; 19; 5; 16
5,75,0.11745,0.06667,5; 22; 10; 22; 75; 7; 6; 4
34,77,0.55197,0.44156,34; 18; 12; 3; 77; 6; 5; 6
7,10,0.37054,0.7,7; 29; 27; 13; 10; 24; 3; 22
14,82,0.26802,0.17073,14; 3; 13; 24; 82; 3; 3; 3
8,78,0.14597,0.10256,8; 7; 30; 14; 78; 4; 5; 3
74,82,0.63138,0.90244,74; 4; 8; 7; 82; 5; 5; 4
14,42,0.33845,0.33333,14; 13; 17; 9; 42; 16; 16; 14
20,53,0.39413,0.37736,20; 15; 19; 12; 53; 15; 3; 5
7,26,0.3208,0.26923,7; 13; 24; 8; 26; 16; 10; 18
62,78,0.86319,0.79487,62; 8; 9; 7; 78; 5; 6; 4
10,26,0.41109,0.38462,10; 5; 23; 27; 26; 9; 19; 24
21,64,0.3758,0.32812,21; 8; 14; 12; 64; 8; 11; 8
40,42,0.93047,0.95238,40; 6; 13; 17; 42; 17; 11; 5
7,49,0.15494,0.14286,7; 11; 24; 28; 49; 8; 6; 7
11,31,0.36745,0.35484,11; 4; 29; 25; 31; 21; 9; 16
6,48,0.16327,0.125,6; 20; 18; 22; 48; 9; 10; 9
57,70,0.92543,0.81429,57; 3; 13; 6; 70; 6; 3; 6
20,82,0.3797,0.2439,20; 14; 15; 15; 82; 3; 3; 5
14,77,0.28022,0.18182,14; 3; 21; 24; 77; 4; 6; 3
18,32,0.52607,0.5625,18; 22; 25; 16; 32; 15; 17; 16
8,10,0.4002,0.8,8; 5; 16; 24; 10; 7; 26; 23
59,78,0.90173,0.75641,59; 4; 12; 6; 78; 6; 3; 5
5,10,0.28182,0.5,5; 27; 6; 6; 10; 17; 4; 22
57,75,0.89247,0.76,57; 10; 7; 9; 75; 3; 5; 3
18,63,0.30848,0.28571,18; 20; 5; 8; 63; 9; 11; 11
25,26,0.75365,0.96154,25; 13; 10; 17; 26; 10; 10; 5
42,48,0.81892,0.875,42; 15; 10; 14; 48; 9; 16; 9
50,64,0.84789,0.78125,50; 6; 14; 5; 64; 10; 6; 9
13,75,0.26418,0.17333,13; 17; 25; 7; 75; 3; 3; 7
34,82,0.52881,0.41463,34; 5; 3; 13; 82; 4; 3; 4
16,42,0.38737,0.38095,16; 17; 25; 25; 42; 15; 14; 12
13,31,0.42484,0.41935,13; 6; 24; 7; 31; 20; 21; 7
61,70,0.89549,0.87143,61; 12; 9; 8; 70; 5; 3; 8
55,70,0.89615,0.78571,55; 3; 7; 12; 70; 4; 8; 4
15,48,0.33403,0.3125,15; 6; 26; 3; 48; 8; 3; 10
18,31,0.55959,0.58065,18; 23; 16; 24; 31; 5; 21; 14
38,70,0.63068,0.54286,38; 13; 16; 15; 70; 5; 7; 9
10,31,0.33204,0.32258,10; 29; 16; 14; 31; 9; 5; 13
8,10,0.42312,0.8,8; 9; 17; 17; 10; 20; 14; 12
12,26,0.4557,0.46154,12; 11; 17; 12; 26; 7; 8; 10
11,75,0.21372,0.14667,11; 15; 24; 28; 75; 7; 3; 5
49,82,0.68324,0.59756,49; 4; 9; 16; 82; 4; 3; 3
12,42,0.30903,0.28571,12; 6; 5; 7; 42; 15; 7; 18
28,32,0.76608,0.875,28; 18; 12; 7; 32; 21; 13; 16
28,42,0.64171,0.66667,28; 5; 10; 6; 42; 13; 6; 11
9,10,0.44533,0.9,9; 6; 10; 18; 10; 4; 12; 4
46,53,0.77378,0.86792,46; 16; 12; 3; 53; 14; 5; 10
22,32,0.71346,0.6875,22; 19; 15; 8; 32; 4; 16; 3
69,70,0.9102,0.98571,69; 5; 9; 6; 70; 5; 5; 6
20,42,0.49828,0.47619,20; 12; 16; 13; 42; 6; 10; 10
25,75,0.41991,0.33333,25; 6; 24; 14; 75; 3; 6; 5
35,42,0.85659,0.83333,35; 4; 6; 6; 42; 8; 5; 7
14,31,0.43506,0.45161,14; 15; 12; 8; 31; 15; 5; 14
59,70,0.91459,0.84286,59; 8; 6; 4; 70; 3; 9; 4
6,42,0.14729,0.14286,6; 13; 19; 16; 42; 8; 15; 6
24,82,0.42001,0.29268,24; 14; 12; 6; 82; 3; 4; 5
8,9,0.38935,0.88889,8; 20; 21; 22; 9; 27; 4; 14
6,31,0.2712,0.19355,6; 14; 30; 15; 31; 5; 21; 17
65,82,0.83189,0.79268,65; 9; 3; 10; 82; 4; 5; 5
7,10,0.39969,0.7,7; 19; 13; 7; 10; 3; 16; 13
40,42,0.8695,0.95238,40; 16; 3; 12; 42; 16; 16; 10
8,53,0.15933,0.15094,8; 11; 9; 6; 53; 9; 11; 9
65,70,0.84233,0.92857,65; 5; 5; 11; 70; 9; 5; 6
33,63,0.57134,0.52381,33; 5; 20; 14; 63; 3; 7; 10
44,48,0.83143,0.91667,44; 4; 18; 9; 48; 10; 14; 11
76,82,0.58017,0.92683,76; 7; 4; 5; 82; 4; 4; 5
18,49,0.36797,0.36735,18; 26; 24; 20; 49; 3; 13; 5
45,63,0.75672,0.71429,45; 17; 15; 14; 63; 5; 3; 11
37,63,0.61004,0.5873,37; 7; 5; 5; 63; 3; 3; 10
32,70,0.56925,0.45714,32; 17; 8; 10; 70; 4; 5; 4
13,31,0.39587,0.41935,13; 3; 6; 24; 31; 17; 11; 18
32,48,0.68547,0.66667,32; 4; 13; 7; 48; 14; 13; 8
9,64,0.16702,0.14062,9; 24; 23; 23; 64; 5; 10; 4
36,49,0.73754,0.73469,36; 14; 18; 10; 49; 5; 9; 14
13,75,0.25105,0.17333,13; 17; 11; 25; 75; 6; 7; 3
36,48,0.78792,0.75,36; 3; 12; 3; 48; 5; 4; 15
31,78,0.53235,0.39744,31; 4; 15; 15; 78; 4; 5; 5
32,49,0.72302,0.65306,32; 8; 9; 9; 49; 4; 7; 9
20,53,0.37651,0.37736,20; 8; 21; 23; 53; 12; 4; 12
6,26,0.25337,0.23077,6; 24; 15; 17; 26; 16; 22; 14
5,48,0.12017,0.10417,5; 5; 12; 27; 48; 13; 6; 5
39,82,0.58413,0.47561,39; 6; 3; 8; 82; 5; 5; 5
6,10,0.35409,0.6,6; 10; 13; 27; 10; 5; 26; 12
21,64,0.37729,0.32812,21; 18; 18; 22; 64; 7; 4; 9
56,70,0.91929,0.8,56; 8; 9; 6; 70; 8; 3; 6
39,70,0.62031,0.55714,39; 6; 14; 15; 70; 7; 9; 4
14,32,0.46758,0.4375,14; 8; 5; 3; 32; 12; 15; 12
37,64,0.60122,0.57812,37; 11; 15; 14; 64; 11; 3; 7
20,42,0.46615,0.47619,20; 10; 8; 7; 42; 9; 15; 13
23,63,0.41601,0.36508,23; 4; 20; 21; 63; 8; 11; 3
61,75,0.90872,0.81333,61; 8; 10; 10; 75; 3; 7; 6
9,42,0.23157,0.21429,9; 5; 11; 9; 42; 16; 12; 16
58,64,0.95556,0.90625,58; 13; 7; 12; 64; 8; 11; 3
33,48,0.68536,0.6875,33; 7; 20; 12; 48; 15; 8; 14
28,48,0.60757,0.58333,28; 6; 19; 9; 48; 13; 4; 16
18,42,0.418,0.42857,18; 11; 3; 20; 42; 16; 13; 12
8,9,0.37551,0.88889,8; 7; 21; 24; 9; 12; 10; 13
57,64,0.96865,0.89062,57; 7; 4; 6; 64; 8; 6; 8
20,26,0.77349,0.76923,20; 4; 10; 4; 26; 11; 9; 13
52,53,0.85588,0.98113,52; 4; 4; 7; 53; 13; 5; 5
45,48,0.80215,0.9375,45; 9; 7; 15; 48; 9; 7; 3
30,42,0.65229,0.71429,30; 8; 12; 10; 42; 13; 4; 8
52,63,0.84805,0.8254,52; 14; 10; 12; 63; 9; 11; 8
7,10,0.39691,0.7,7; 6; 19; 19; 10; 26; 26; 19
5,26,0.21927,0.19231,5; 30; 4; 4; 26; 17; 24; 19
42,48,0.81591,0.875,42; 9; 9; 6; 48; 11; 10; 10
61,75,0.85064,0.81333,61; 11; 11; 8; 75; 3; 7; 5
25,77,0.44516,0.32468,25; 8; 13; 11; 77; 4; 7; 7
6,9,0.33684,0.66667,6; 17; 3; 27; 9; 13; 13; 15
18,26,0.63782,0.69231,18; 4; 19; 20; 26; 3; 22; 15
10,48,0.22673,0.20833,10; 25; 14; 18; 48; 8; 9; 13
19,32,0.57515,0.59375,19; 23; 10; 23; 32; 13; 8; 20
23,32,0.72638,0.71875,23; 18; 3; 7; 32; 10; 3; 8
27,32,0.77388,0.84375,27; 10; 6; 16; 32; 3; 22; 6
30,49,0.63241,0.61224,30; 19; 7; 6; 49; 9; 16; 13
21,82,0.40817,0.2561,21; 21; 17; 6; 82; 3; 3; 4
12,78,0.2064,0.15385,12; 6; 12; 19; 78; 3; 5; 5
16,31,0.49407,0.51613,16; 22; 11; 16; 31; 6; 22; 10
9,49,0.20647,0.18367,9; 20; 9; 22; 49; 10; 8; 3
21,78,0.40713,0.26923,21; 12; 7; 9; 78; 5; 6; 6
28,53,0.54679,0.5283,28; 4; 6; 9; 53; 5; 12; 5
26,42,0.61832,0.61905,26; 9; 4; 13; 42; 10; 12; 4
15,32,0.48611,0.46875,15; 8; 15; 15; 32; 15; 7; 20
7,48,0.15766,0.14583,7; 18; 23; 15; 48; 14; 3; 9
9,31,0.29777,0.29032,9; 6; 16; 28; 31; 21; 3; 8
20,63,0.3725,0.31746,20; 18; 9; 9; 63; 11; 9; 6
43,64,0.71855,0.67188,43; 11; 16; 17; 64; 6; 10; 4
18,77,0.34744,0.23377,18; 9; 9; 20; 77; 3; 7; 5
7,42,0.14921,0.16667,7; 26; 14; 4; 42; 3; 10; 3
26,78,0.46495,0.33333,26; 19; 11; 9; 78; 3; 5; 5
31,78,0.52557,0.39744,31; 12; 22; 8; 78; 3; 4; 4
62,82,0.81132,0.7561,62; 4; 8; 8; 82; 4; 4; 4
23,49,0.48675,0.46939,23; 3; 11; 8; 49; 10; 12; 10
8,53,0.13973,0.15094,8; 9; 12; 4; 53; 8; 5; 13
21,75,0.39659,0.28,21; 6; 8; 15; 75; 7; 6; 4
28,42,0.66477,0.66667,28; 5; 17; 12; 42; 9; 6; 3
42,49,0.78729,0.85714,42; 9; 3; 17; 49; 10; 12; 14
27,70,0.48284,0.38571,27; 10; 22; 4; 70; 9; 5; 3
47,78,0.7274,0.60256,47; 17; 13; 4; 78; 5; 3; 6
15,32,0.48322,0.46875,15; 23; 20; 26; 32; 22; 12; 9
39,42,0.81699,0.92857,39; 9; 14; 17; 42; 9; 15; 5
75,78,0.7704,0.96154,75; 3; 3; 7; 78; 5; 4; 4
38,77,0.61595,0.49351,38; 13; 10; 19; 77; 5; 4; 4
22,31,0.70184,0.70968,22; 10; 20; 15; 31; 12; 17; 17
21,49,0.4536,0.42857,21; 19; 12; 13; 49; 4; 8; 4
46,63,0.77033,0.73016,46; 11; 3; 15; 63; 4; 8; 7
16,26,0.59307,0.61538,16; 15; 6; 27; 26; 18; 5; 24
43,82,0.63826,0.52439,43; 16; 13; 10; 82; 5; 5; 4
31,75,0.55006,0.41333,31; 5; 8; 10; 75; 7; 4; 5
19,82,0.37028,0.23171,19; 6; 4; 25; 82; 5; 3; 3
11,53,0.21439,0.20755,11; 18; 8; 6; 53; 7; 7; 15
17,26,0.63756,0.65385,17; 22; 10; 20; 26; 24; 14; 10
6,10,0.3545,0.6,6; 11; 13; 11; 10; 18; 23; 14
5,26,0.202,0.19231,5; 23; 25; 26; 26; 10; 22; 17
57,64,0.96285,0.89062,57; 11; 12; 4; 64; 3; 11; 6
16,26,0.60198,0.61538,16; 25; 25; 7; 26; 14; 10; 13
61,77,0.81996,0.79221,61; 12; 6; 3; 77; 4; 3; 6
17,53,0.32082,0.32075,17; 6; 19; 26; 53; 15; 8; 12
13,77,0.23639,0.16883,13; 9; 14; 19; 77; 4; 7; 3
23,32,0.6872,0.71875,23; 14; 8; 7; 32; 20; 10; 15
17,63,0.30471,0.26984,17; 14; 12; 3; 63; 5; 5; 5
19,64,0.3403,0.29688,19; 21; 12; 21; 64; 10; 3; 7
32,42,0.70716,0.7619,32; 14; 14; 22; 42; 17; 4; 10
16,63,0.29115,0.25397,16; 20; 23; 14; 63; 9; 5; 4
39,42,0.80276,0.92857,39; 17; 8; 17; 42; 4; 3; 18
23,49,0.51115,0.46939,23; 11; 20; 15; 49; 3; 4; 14
16,63,0.27183,0.25397,16; 18; 23; 9; 63; 7; 6; 6
13,78,0.31409,0.16667,13; 6; 11; 28; 78; 5; 4; 4
66,70,0.88737,0.94286,66; 9; 9; 9; 70; 6; 8; 7
17,53,0.31499,0.32075,17; 23; 4; 23; 53; 9; 7; 11
7,10,0.40511,0.7,7; 7; 10; 22; 10; 22; 9; 29
19,26,0.75835,0.73077,19; 10; 18; 22; 26; 6; 15; 21
35,77,0.57093,0.45455,35; 13; 16; 17; 77; 4; 3; 4
21,64,0.35362,0.32812,21; 20; 22; 3; 64; 10; 7; 10
47,78,0.74268,0.60256,47; 7; 15; 7; 78; 6; 6; 4
61,75,0.86133,0.81333,61; 8; 11; 3; 75; 5; 4; 6
6,9,0.31149,0.66667,6; 7; 22; 14; 9; 8; 7; 8
32,64,0.5284,0.5,32; 6; 13; 11; 64; 3; 5; 3
46,63,0.77139,0.73016,46; 13; 9; 8; 63; 5; 10; 8
22,48,0.48601,0.45833,22; 17; 8; 11; 48; 14; 16; 9
41,75,0.67035,0.54667,41; 13; 13; 18; 75; 3; 3; 4
18,49,0.36995,0.36735,18; 6; 16; 14; 49; 13; 12; 14
9,31,0.31128,0.29032,9; 16; 12; 24; 31; 7; 9; 20
19,48,0.45588,0.39583,19; 12; 11; 8; 48; 10; 4; 3
63,70,0.93144,0.9,63; 6; 7; 6; 70; 5; 6; 9
8,9,0.36559,0.88889,8; 23; 9; 16; 9; 28; 15; 20
41,82,0.64989,0.5,41; 10; 19; 11; 82; 3; 3; 5
21,75,0.37478,0.28,21; 15; 17; 4; 75; 7; 5; 3
23,64,0.40961,0.35938,23; 11; 16; 8; 64; 11; 7; 11
24,48,0.5789,0.5,24; 4; 22; 7; 48; 10; 5; 8
11,26,0.45572,0.42308,11; 3; 8; 25; 26; 24; 9; 18
7,10,0.35681,0.7,7; 24; 12; 16; 10; 23; 24; 22
16,42,0.39708,0.38095,16; 19; 10; 6; 42; 18; 12; 11
5,31,0.20412,0.16129,5; 21; 14; 13; 31; 21; 17; 12
21,82,0.40002,0.2561,21; 20; 9; 25; 82; 4; 3; 5
25,78,0.46864,0.32051,25; 3; 17; 10; 78; 4; 3; 3
8,9,0.37688,0.88889,8; 12; 29; 23; 9; 27; 22; 11
5,32,0.19467,0.15625,5; 30; 12; 26; 32; 8; 15; 17
63,82,0.76991,0.76829,63; 5; 9; 10; 82; 4; 3; 3
20,31,0.62406,0.64516,20; 16; 8; 13; 31; 16; 19; 9
16,77,0.17461,0.20779,16; 21; 27; 10; 77; 5; 7; 7
60,75,0.83539,0.8,60; 8; 7; 4; 75; 5; 6; 5
11,32,0.34175,0.34375,11; 11; 5; 3; 32; 12; 12; 6
7,10,0.40834,0.7,7; 20; 21; 5; 10; 27; 22; 15
32,63,0.53213,0.50794,32; 4; 12; 8; 63; 4; 9; 8
7,10,0.40052,0.7,7; 16; 21; 14; 10; 7; 7; 21
23,48,0.50587,0.47917,23; 11; 10; 4; 48; 5; 10; 9
42,53,0.77907,0.79245,42; 7; 7; 11; 53; 6; 12; 14
23,26,0.75054,0.88462,23; 19; 22; 22; 26; 5; 19; 23
32,42,0.74517,0.7619,32; 12; 15; 21; 42; 8; 17; 15
7,10,0.39515,0.7,7; 15; 12; 6; 10; 9; 12; 29
23,26,0.7358,0.88462,23; 9; 19; 12; 26; 5; 23; 4
49,78,0.7451,0.62821,49; 3; 6; 6; 78; 3; 5; 5
7,48,0.17192,0.14583,7; 29; 16; 26; 48; 16; 3; 4
37,42,0.87425,0.88095,37; 7; 3; 5; 42; 10; 6; 7
8,32,0.32127,0.25,8; 4; 21; 12; 32; 10; 17; 15
16,42,0.3787,0.38095,16; 14; 16; 12; 42; 4; 8; 10
12,31,0.40299,0.3871,12; 3; 17; 26; 31; 21; 11; 12
55,63,0.94013,0.87302,55; 14; 4; 13; 63; 4; 10; 11
5,9,0.28771,0.55556,5; 30; 18; 7; 9; 8; 7; 17
36,48,0.80408,0.75,36; 13; 4; 13; 48; 11; 5; 11
36,63,0.59383,0.57143,36; 7; 12; 11; 63; 7; 5; 9
35,64,0.56423,0.54688,35; 15; 14; 14; 64; 8; 10; 4
47,75,0.74683,0.62667,47; 12; 16; 12; 75; 4; 7; 3
7,10,0.40867,0.7,7; 16; 23; 12; 10; 5; 10; 24
13,42,0.35374,0.30952,13; 14; 5; 19; 42; 11; 8; 4
59,78,0.88818,0.75641,59; 13; 7; 4; 78; 5; 5; 6
10,31,0.34015,0.32258,10; 8; 29; 7; 31; 4; 5; 9
5,9,0.27986,0.55556,5; 9; 4; 16; 9; 26; 13; 14
43,64,0.70835,0.67188,43; 11; 6; 4; 64; 7; 4; 7
29,53,0.53276,0.54717,29; 21; 20; 15; 53; 7; 5; 8
13,26,0.47248,0.5,13; 8; 5; 13; 26; 4; 15; 10
51,78,0.80222,0.65385,51; 5; 9; 15; 78; 4; 5; 5
28,48,0.58376,0.58333,28; 8; 12; 20; 48; 11; 7; 3
36,49,0.74114,0.73469,36; 12; 4; 9; 49; 6; 6; 5
23,32,0.65692,0.71875,23; 16; 5; 22; 32; 8; 13; 13
37,49,0.74378,0.7551,37; 16; 11; 13; 49; 4; 8; 11
15,70,0.27408,0.21429,15; 21; 13; 17; 70; 8; 6; 5
41,70,0.67983,0.58571,41; 3; 16; 7; 70; 6; 7; 8
25,70,0.45472,0.35714,25; 4; 19; 19; 70; 9; 7; 8
39,53,0.76578,0.73585,39; 4; 15; 13; 53; 4; 5; 13
23,32,0.6981,0.71875,23; 20; 19; 5; 32; 13; 7; 10
20,31,0.60938,0.64516,20; 7; 8; 22; 31; 21; 17; 15
59,82,0.74539,0.71951,59; 10; 12; 4; 82; 4; 4; 5
9,31,0.32272,0.29032,9; 4; 26; 24; 31; 4; 8; 5
39,78,0.60813,0.5,39; 17; 13; 15; 78; 4; 3; 6
7,48,0.15718,0.14583,7; 17; 3; 24; 48; 10; 6; 9
6,9,0.32454,0.66667,6; 15; 4; 23; 9; 14; 12; 27
12,53,0.24166,0.22642,12; 7; 25; 19; 53; 5; 5; 10
5,31,0.17015,0.16129,5; 14; 27; 14; 31; 15; 12; 10
8,31,0.27881,0.25806,8; 20; 29; 19; 31; 18; 14; 21
29,31,0.79928,0.93548,29; 21; 18; 5; 31; 3; 7; 18
49,77,0.77345,0.63636,49; 5; 5; 8; 77; 7; 3; 7
31,64,0.52034,0.48438,31; 19; 7; 4; 64; 9; 8; 3
27,31,0.74535,0.87097,27; 7; 17; 17; 31; 14; 16; 20
31,49,0.60018,0.63265,31; 14; 20; 17; 49; 4; 10; 11
37,70,0.60493,0.52857,37; 6; 15; 3; 70; 8; 3; 8
6,10,0.32619,0.6,6; 4; 18; 11; 10; 28; 10; 9
7,31,0.2506,0.22581,7; 20; 6; 21; 31; 15; 8; 11
45,64,0.74761,0.70312,45; 14; 6; 5; 64; 11; 8; 3
69,70,0.88484,0.98571,69; 9; 9; 3; 70; 8; 6; 5
28,49,0.60137,0.57143,28; 4; 10; 6; 49; 15; 14; 16
8,10,0.41985,0.8,8; 24; 5; 9; 10; 28; 29; 8
5,32,0.21492,0.15625,5; 24; 6; 27; 32; 10; 3; 11
52,70,0.86508,0.74286,52; 6; 9; 8; 70; 5; 3; 9
8,63,0.1331,0.12698,8; 21; 12; 16; 63; 8; 8; 11
6,9,0.32345,0.66667,6; 12; 19; 28; 9; 29; 22; 27
30,48,0.66253,0.625,30; 5; 12; 18; 48; 11; 3; 12
26,70,0.46237,0.37143,26; 23; 20; 17; 70; 9; 5; 3
15,53,0.25663,0.28302,15; 25; 5; 17; 53; 15; 11; 13
43,64,0.72618,0.67188,43; 9; 5; 14; 64; 7; 10; 11
26,32,0.70958,0.8125,26; 13; 4; 23; 32; 3; 13; 8
11,63,0.23502,0.1746,11; 17; 7; 11; 63; 9; 9; 9
9,77,0.1661,0.11688,9; 21; 6; 24; 77; 7; 5; 5
11,48,0.25327,0.22917,11; 9; 21; 15; 48; 5; 16; 10
15,78,0.30385,0.19231,15; 21; 3; 26; 78; 5; 6; 5
7,10,0.25326,0.7,7; 7; 10; 15; 10; 4; 21; 5
51,75,0.73104,0.68,51; 13; 3; 8; 75; 4; 6; 6
33,53,0.62418,0.62264,33; 17; 18; 14; 53; 15; 7; 6
29,53,0.5522,0.54717,29; 13; 7; 8; 53; 11; 11; 6
27,49,0.56474,0.55102,27; 9; 5; 4; 49; 11; 11; 11
14,53,0.2717,0.26415,14; 16; 19; 15; 53; 13; 3; 5
43,49,0.78025,0.87755,43; 17; 9; 7; 49; 3; 14; 8
11,78,0.23048,0.14103,11; 4; 18; 12; 78; 4; 6; 6
9,10,0.45073,0.9,9; 9; 4; 22; 10; 23; 4; 21
41,42,0.8924,0.97619,41; 17; 3; 12; 42; 5; 15; 8
28,64,0.46721,0.4375,28; 7; 4; 19; 64; 5; 4; 5
32,70,0.52316,0.45714,32; 18; 12; 20; 70; 4; 7; 7
9,49,0.18458,0.18367,9; 23; 6; 16; 49; 12; 7; 16
13,32,0.38662,0.40625,13; 17; 12; 10; 32; 4; 18; 14
7,10,0.39356,0.7,7; 11; 10; 7; 10; 24; 28; 16
12,53,0.22969,0.22642,12; 28; 28; 10; 53; 12; 9; 13
12,32,0.43813,0.375,12; 19; 12; 25; 32; 9; 22; 16
9,10,0.49946,0.9,9; 27; 7; 7; 10; 18; 16; 12
51,77,0.81397,0.66234,51; 14; 8; 15; 77; 6; 7; 7
55,78,0.83845,0.70513,55; 6; 5; 6; 78; 6; 5; 3
16,42,0.38653,0.38095,16; 4; 6; 26; 42; 14; 11; 4
25,32,0.73125,0.78125,25; 14; 6; 10; 32; 3; 16; 21
29,32,0.78079,0.90625,29; 13; 13; 13; 32; 3; 8; 12
9,48,0.20548,0.1875,9; 7; 18; 15; 48; 3; 3; 9
25,32,0.75764,0.78125,25; 17; 23; 4; 32; 6; 18; 7
5,10,0.30763,0.5,5; 22; 13; 5; 10; 11; 29; 16
5,42,0.14667,0.11905,5; 8; 30; 23; 42; 14; 4; 17
72,77,0.87684,0.93506,72; 5; 4; 4; 77; 5; 6; 3
52,63,0.88543,0.8254,52; 12; 9; 14; 63; 6; 9; 11
47,63,0.80337,0.74603,47; 15; 8; 10; 63; 7; 6; 8
25,31,0.65144,0.80645,25; 22; 12; 9; 31; 17; 13; 9
32,75,0.52194,0.42667,32; 6; 7; 3; 75; 3; 3; 6
19,64,0.34194,0.29688,19; 26; 11; 8; 64; 8; 5; 11
12,78,0.2313,0.15385,12; 21; 20; 21; 78; 3; 4; 4
11,42,0.28923,0.2619,11; 12; 12; 13; 42; 14; 13; 18
29,64,0.4911,0.45312,29; 9; 3; 15; 64; 11; 7; 10
44,48,0.86563,0.91667,44; 18; 6; 15; 48; 14; 4; 15
35,77,0.564,0.45455,35; 14; 6; 8; 77; 7; 7; 4
44,49,0.81325,0.89796,44; 13; 17; 17; 49; 12; 6; 5
48,70,0.7552,0.68571,48; 3; 4; 15; 70; 3; 5; 4
22,26,0.78429,0.84615,22; 15; 17; 25; 26; 20; 22; 17
7,10,0.38524,0.7,7; 3; 24; 18; 10; 16; 22; 13
62,70,0.90666,0.88571,62; 12; 5; 3; 70; 5; 4; 3
52,78,0.71466,0.66667,52; 7; 12; 5; 78; 6; 5; 6
28,32,0.73143,0.875,28; 23; 22; 13; 32; 12; 11; 12
39,48,0.8039,0.8125,39; 14; 12; 8; 48; 14; 3; 13
5,10,0.35617,0.5,5; 6; 11; 12; 10; 28; 26; 8
42,64,0.72714,0.65625,42; 6; 5; 6; 64; 8; 11; 7
48,64,0.79223,0.75,48; 7; 7; 8; 64; 11; 4; 9
14,53,0.28275,0.26415,14; 24; 8; 17; 53; 7; 11; 5
32,75,0.55161,0.42667,32; 9; 4; 17; 75; 4; 4; 7
20,70,0.3502,0.28571,20; 22; 12; 16; 70; 5; 4; 9
7,48,0.18472,0.14583,7; 28; 21; 13; 48; 9; 15; 9
62,78,0.84898,0.79487,62; 6; 12; 10; 78; 4; 3; 3
14,26,0.55304,0.53846,14; 26; 9; 18; 26; 22; 12; 23
67,82,0.82846,0.81707,67; 10; 3; 8; 82; 4; 4; 4
28,53,0.52685,0.5283,28; 19; 4; 18; 53; 4; 8; 15
25,42,0.5825,0.59524,25; 7; 23; 22; 42; 18; 4; 14
23,31,0.71858,0.74194,23; 9; 20; 5; 31; 17; 13; 10
8,10,0.43213,0.8,8; 30; 29; 9; 10; 11; 23; 25
5,63,0.09779,0.07937,5; 9; 9; 4; 63; 3; 6; 5
56,77,0.84809,0.72727,56; 10; 11; 3; 77; 3; 7; 6
27,78,0.49018,0.34615,27; 23; 8; 17; 78; 4; 4; 4
5,9,0.28821,0.55556,5; 16; 22; 29; 9; 18; 6; 14
29,77,0.49483,0.37662,29; 13; 5; 23; 77; 4; 5; 7
25,53,0.47821,0.4717,25; 17; 13; 11; 53; 11; 6; 15
8,10,0.37752,0.8,8; 3; 5; 9; 10; 21; 7; 4
58,75,0.88646,0.77333,58; 9; 3; 13; 75; 3; 5; 3
43,48,0.90595,0.89583,43; 8; 17; 9; 48; 12; 14; 4
6,10,0.32923,0.6,6; 28; 26; 21; 10; 25; 21; 4
8,9,0.4019,0.88889,8; 7; 22; 18; 9; 11; 25; 28
69,75,0.81809,0.92,69; 5; 7; 5; 75; 3; 4; 4
59,64,0.945,0.92188,59; 6; 10; 8; 64; 5; 9; 10
20,32,0.63902,0.625,20; 10; 23; 24; 32; 18; 21; 16
6,26,0.24696,0.23077,6; 16; 5; 18; 26; 13; 22; 24
50,82,0.78915,0.60976,50; 6; 8; 16; 82; 4; 5; 5
12,26,0.43223,0.46154,12; 26; 16; 12; 26; 14; 13; 24
26,48,0.52827,0.54167,26; 17; 24; 15; 48; 5; 14; 8
8,10,0.41446,0.8,8; 26; 23; 28; 10; 18; 6; 20
74,77,0.78446,0.96104,74; 4; 5; 5; 77; 3; 5; 7
57,63,0.91986,0.90476,57; 10; 12; 8; 63; 9; 4; 4
17,53,0.30088,0.32075,17; 22; 24; 11; 53; 5; 13; 3
16,63,0.2852,0.25397,16; 27; 17; 23; 63; 4; 4; 6
53,63,0.94119,0.84127,53; 13; 15; 5; 63; 3; 10; 5
46,48,0.83651,0.95833,46; 4; 7; 17; 48; 4; 10; 9
40,53,0.72685,0.75472,40; 16; 7; 16; 53; 12; 10; 10
6,42,0.15713,0.14286,6; 28; 10; 11; 42; 17; 7; 16
52,78,0.82891,0.66667,52; 14; 4; 12; 78; 3; 5; 4
19,82,0.47546,0.23171,19; 11; 13; 26; 82; 4; 5; 3
61,75,0.88022,0.81333,61; 3; 10; 11; 75; 5; 4; 3
47,77,0.75048,0.61039,47; 12; 15; 14; 77; 3; 3; 6
15,26,0.53013,0.57692,15; 19; 14; 7; 26; 19; 20; 19
49,63,0.8121,0.77778,49; 10; 5; 3; 63; 5; 7; 3
9,64,0.1553,0.14062,9; 11; 18; 9; 64; 10; 9; 6
28,63,0.46836,0.44444,28; 10; 7; 12; 63; 8; 5; 10
14,32,0.43571,0.4375,14; 8; 20; 14; 32; 21; 8; 7
26,42,0.56983,0.61905,26; 17; 21; 10; 42; 9; 18; 5
35,48,0.71866,0.72917,35; 3; 9; 5; 48; 6; 16; 11
26,49,0.56735,0.53061,26; 20; 21; 19; 49; 12; 10; 4
53,63,0.87986,0.84127,53; 11; 8; 6; 63; 6; 10; 5
5,9,0.32384,0.55556,5; 25; 16; 17; 9; 20; 3; 24
10,26,0.39811,0.38462,10; 7; 15; 10; 26; 9; 3; 19
12,53,0.255,0.22642,12; 11; 22; 9; 53; 13; 8; 3
9,10,0.44372,0.9,9; 10; 21; 17; 10; 28; 29; 25
18,32,0.55599,0.5625,18; 4; 13; 6; 32; 18; 15; 7
43,48,0.80493,0.89583,43; 18; 18; 8; 48; 6; 6; 16
13,77,0.18429,0.16883,13; 22; 5; 6; 77; 6; 7; 6
7,49,0.16813,0.14286,7; 5; 3; 29; 49; 10; 11; 6
6,9,0.33272,0.66667,6; 24; 16; 14; 9; 9; 10; 26
52,78,0.76787,0.66667,52; 11; 3; 4; 78; 3; 3; 4
21,75,0.3712,0.28,21; 4; 24; 15; 75; 4; 4; 4
30,42,0.71111,0.71429,30; 15; 15; 7; 42; 6; 18; 12
38,48,0.81168,0.79167,38; 17; 16; 3; 48; 15; 5; 8
18,77,0.35951,0.23377,18; 22; 7; 20; 77; 5; 6; 3
40,63,0.66862,0.63492,40; 8; 19; 12; 63; 3; 4; 6
50,77,0.80142,0.64935,50; 7; 11; 13; 77; 5; 7; 4
27,78,0.46593,0.34615,27; 11; 20; 17; 78; 6; 5; 3
19,82,0.37783,0.23171,19; 25; 11; 3; 82; 4; 3; 4
6,70,0.14306,0.08571,6; 16; 30; 8; 70; 8; 9; 6
8,10,0.40055,0.8,8; 12; 3; 11; 10; 18; 4; 26
24,26,0.83599,0.92308,24; 12; 21; 12; 26; 15; 19; 18
24,31,0.73312,0.77419,24; 12; 4; 13; 31; 21; 9; 3
35,48,0.78729,0.72917,35; 5; 3; 13; 48; 15; 14; 3
8,10,0.43991,0.8,8; 17; 24; 29; 10; 4; 18; 10
76,82,0.7625,0.92683,76; 7; 3; 3; 82; 4; 3; 5
37,53,0.74135,0.69811,37; 5; 5; 18; 53; 11; 3; 10
7,82,0.1742,0.08537,7; 26; 13; 17; 82; 5; 4; 5
9,10,0.46612,0.9,9; 21; 23; 9; 10; 24; 24; 17
5,9,0.26284,0.55556,5; 7; 27; 26; 9; 15; 20; 13
16,77,0.29825,0.20779,16; 21; 7; 17; 77; 3; 3; 5
5,9,0.25119,0.55556,5; 5; 17; 12; 9; 13; 26; 8
29,31,0.74758,0.93548,29; 10; 8; 4; 31; 3; 21; 12
21,75,0.40148,0.28,21; 19; 9; 11; 75; 4; 6; 5
78,82,0.70218,0.95122,78; 5; 6; 5; 82; 5; 3; 5
52,75,0.86943,0.69333,52; 9; 10; 13; 75; 6; 5; 3
20,77,0.37334,0.25974,20; 21; 12; 18; 77; 4; 6; 3
76,82,0.85583,0.92683,76; 4; 5; 7; 82; 4; 4; 4
57,63,0.95153,0.90476,57; 4; 4; 7; 63; 4; 7; 9
7,32,0.20744,0.21875,7; 3; 30; 13; 32; 9; 20; 9
16,53,0.31976,0.30189,16; 14; 12; 14; 53; 3; 12; 13
18,26,0.62726,0.69231,18; 17; 23; 6; 26; 6; 16; 17
69,70,0.91181,0.98571,69; 7; 9; 6; 70; 3; 9; 5
34,77,0.56106,0.44156,34; 3; 11; 11; 77; 5; 4; 4
34,42,0.8139,0.80952,34; 4; 8; 15; 42; 6; 3; 13
71,77,0.84477,0.92208,71; 3; 4; 5; 77; 6; 4; 4
54,78,0.82339,0.69231,54; 6; 6; 14; 78; 4; 3; 3
10,26,0.4053,0.38462,10; 6; 26; 7; 26; 11; 17; 18
41,49,0.79897,0.83673,41; 3; 3; 5; 49; 14; 14; 11
7,9,0.26186,0.77778,7; 21; 28; 6; 9; 26; 5; 23
8,9,0.37757,0.88889,8; 7; 29; 7; 9; 7; 15; 24
24,49,0.47339,0.4898,24; 11; 23; 17; 49; 3; 9; 10
30,53,0.56441,0.56604,30; 14; 16; 22; 53; 7; 15; 15
29,49,0.60565,0.59184,29; 11; 10; 6; 49; 14; 5; 16
71,75,0.88028,0.94667,71; 9; 4; 3; 75; 6; 7; 3
38,70,0.61239,0.54286,38; 17; 10; 3; 70; 5; 5; 6
6,82,0.11765,0.07317,6; 30; 13; 16; 82; 3; 4; 4
51,75,0.72874,0.68,51; 7; 13; 10; 75; 6; 6; 4
37,64,0.62122,0.57812,37; 17; 14; 13; 64; 11; 8; 6
73,78,0.8487,0.9359,73; 4; 7; 7; 78; 6; 6; 3
5,31,0.17216,0.16129,5; 20; 13; 25; 31; 20; 21; 8
62,70,0.90941,0.88571,62; 5; 12; 5; 70; 8; 5; 8
60,75,0.88677,0.8,60; 4; 4; 12; 75; 6; 3; 5
8,10,0.42425,0.8,8; 28; 12; 7; 10; 22; 4; 28
8,9,0.3555,0.88889,8; 15; 10; 14; 9; 22; 7; 13
9,10,0.43599,0.9,9; 8; 12; 22; 10; 13; 21; 19
5,10,0.25742,0.5,5; 28; 9; 29; 10; 18; 28; 27
15,49,0.30517,0.30612,15; 12; 14; 9; 49; 4; 9; 10
21,49,0.42865,0.42857,21; 11; 23; 13; 49; 16; 12; 11
11,77,0.23911,0.14286,11; 5; 26; 16; 77; 7; 7; 6
9,10,0.43309,0.9,9; 8; 25; 12; 10; 24; 4; 25
18,31,0.52804,0.58065,18; 23; 20; 11; 31; 16; 16; 21
39,82,0.64898,0.47561,39; 7; 17; 6; 82; 4; 5; 4
55,70,0.9213,0.78571,55; 11; 7; 12; 70; 9; 9; 3
23,63,0.4113,0.36508,23; 6; 15; 13; 63; 6; 7; 5
8,9,0.37536,0.88889,8; 7; 26; 8; 9; 3; 20; 5
5,9,0.2889,0.55556,5; 11; 15; 20; 9; 24; 10; 8
24,42,0.56909,0.57143,24; 18; 22; 7; 42; 3; 13; 7
8,10,0.43101,0.8,8; 4; 12; 22; 10; 26; 25; 7
42,75,0.67467,0.56,42; 10; 16; 5; 75; 3; 4; 6
16,75,0.32084,0.21333,16; 21; 3; 23; 75; 6; 7; 7
37,78,0.59872,0.47436,37; 20; 13; 5; 78; 3; 4; 3
28,64,0.48482,0.4375,28; 13; 18; 5; 64; 5; 5; 4
39,64,0.64252,0.60938,39; 8; 15; 4; 64; 6; 9; 5
40,48,0.8259,0.83333,40; 5; 19; 19; 48; 15; 13; 12
50,53,0.86872,0.9434,50; 8; 13; 11; 53; 15; 9; 4
9,10,0.4394,0.9,9; 27; 3; 11; 10; 6; 7; 8
22,77,0.42148,0.28571,22; 10; 9; 17; 77; 6; 7; 5
47,49,0.82371,0.95918,47; 15; 17; 11; 49; 6; 13; 3
39,48,0.82195,0.8125,39; 15; 17; 19; 48; 5; 13; 14
39,42,0.78618,0.92857,39; 6; 6; 15; 42; 18; 6; 11
22,32,0.65914,0.6875,22; 22; 18; 19; 32; 9; 19; 18
25,48,0.53536,0.52083,25; 4; 7; 17; 48; 5; 9; 8
16,42,0.37813,0.38095,16; 10; 15; 10; 42; 4; 4; 13
7,10,0.35682,0.7,7; 3; 6; 19; 10; 21; 4; 24
41,63,0.67408,0.65079,41; 19; 9; 11; 63; 7; 10; 10
44,70,0.72286,0.62857,44; 16; 18; 18; 70; 9; 7; 5
44,78,0.65352,0.5641,44; 16; 12; 9; 78; 3; 5; 4
45,70,0.73298,0.64286,45; 3; 16; 11; 70; 6; 5; 3
9,78,0.14709,0.11538,9; 14; 14; 29; 78; 5; 3; 6
28,82,0.48263,0.34146,28; 13; 13; 6; 82; 5; 3; 3
28,32,0.78833,0.875,28; 6; 15; 10; 32; 15; 21; 4
16,70,0.31512,0.22857,16; 24; 17; 5; 70; 5; 3; 8
8,9,0.38432,0.88889,8; 30; 4; 14; 9; 25; 16; 18
25,31,0.76184,0.80645,25; 18; 5; 6; 31; 9; 16; 12
52,53,0.89177,0.98113,52; 4; 9; 11; 53; 11; 3; 14
5,64,0.07129,0.07812,5; 15; 18; 6; 64; 9; 7; 9
21,42,0.51853,0.5,21; 10; 25; 21; 42; 4; 11; 10
7,53,0.14836,0.13208,7; 27; 5; 24; 53; 10; 13; 12
75,77,0.85988,0.97403,75; 5; 5; 6; 77; 7; 3; 4
28,48,0.59786,0.58333,28; 14; 5; 7; 48; 10; 5; 4
15,42,0.34594,0.35714,15; 12; 8; 13; 42; 10; 8; 6
24,70,0.43575,0.34286,24; 12; 19; 5; 70; 7; 3; 9
6,70,0.10061,0.08571,6; 3; 26; 4; 70; 4; 3; 8
30,31,0.80485,0.96774,30; 12; 15; 3; 31; 13; 4; 20
36,48,0.75934,0.75,36; 18; 14; 9; 48; 16; 11; 6
34,70,0.54877,0.48571,34; 21; 20; 16; 70; 3; 9; 7
7,9,0.36577,0.77778,7; 19; 4; 23; 9; 28; 22; 29
61,75,0.85723,0.81333,61; 12; 8; 3; 75; 6; 3; 6
21,78,0.37294,0.26923,21; 4; 22; 5; 78; 6; 3; 6
9,26,0.37626,0.34615,9; 19; 27; 27; 26; 3; 7; 14
36,63,0.61112,0.57143,36; 18; 13; 5; 63; 7; 10; 5
9,77,0.29017,0.11688,9; 5; 15; 7; 77; 6; 7; 5
5,9,0.29529,0.55556,5; 18; 19; 16; 9; 6; 23; 19
7,78,0.15979,0.08974,7; 4; 3; 15; 78; 5; 6; 4
5,9,0.27123,0.55556,5; 23; 18; 8; 9; 3; 24; 15
68,75,0.83032,0.90667,68; 9; 10; 9; 75; 4; 3; 4
68,77,0.81456,0.88312,68; 10; 5; 5; 77; 6; 4; 4
59,75,0.90278,0.78667,59; 11; 9; 11; 75; 5; 3; 5
15,42,0.3635,0.35714,15; 21; 17; 11; 42; 6; 12; 14
9,49,0.18835,0.18367,9; 17; 26; 26; 49; 11; 6; 14
11,63,0.21575,0.1746,11; 13; 14; 4; 63; 11; 10; 11
8,9,0.42565,0.88889,8; 20; 20; 3; 9; 17; 24; 21
58,63,0.97036,0.92063,58; 4; 8; 11; 63; 3; 3; 7
21,32,0.65346,0.65625,21; 17; 16; 17; 32; 13; 6; 11
58,63,0.97421,0.92063,58; 9; 6; 4; 63; 3; 9; 7
24,75,0.44768,0.32,24; 13; 4; 10; 75; 7; 6; 6
5,9,0.30488,0.55556,5; 11; 8; 29; 9; 14; 14; 14
57,82,0.84361,0.69512,57; 11; 6; 11; 82; 3; 3; 5
28,64,0.49475,0.4375,28; 4; 11; 17; 64; 11; 6; 9
15,26,0.60829,0.57692,15; 12; 9; 27; 26; 9; 5; 4
18,32,0.5376,0.5625,18; 4; 8; 14; 32; 16; 5; 8
61,78,0.8411,0.78205,61; 4; 9; 8; 78; 6; 6; 4
15,78,0.3197,0.19231,15; 26; 8; 7; 78; 5; 5; 3
34,63,0.56206,0.53968,34; 6; 14; 13; 63; 9; 6; 8
8,9,0.41269,0.88889,8; 28; 17; 8; 9; 6; 24; 26
59,64,0.94424,0.92188,59; 10; 6; 11; 64; 9; 4; 3
7,9,0.3557,0.77778,7; 16; 13; 22; 9; 9; 8; 21
36,42,0.86128,0.85714,36; 18; 8; 5; 42; 14; 9; 12
49,82,0.70411,0.59756,49; 13; 5; 13; 82; 5; 5; 4
19,64,0.30751,0.29688,19; 21; 10; 21; 64; 10; 7; 11
48,64,0.77046,0.75,48; 6; 8; 14; 64; 5; 7; 3
12,78,0.27691,0.15385,12; 10; 11; 20; 78; 6; 3; 5
11,31,0.34637,0.35484,11; 22; 22; 23; 31; 15; 17; 18
11,42,0.24805,0.2619,11; 11; 11; 7; 42; 9; 6; 16
18,77,0.35329,0.23377,18; 21; 20; 5; 77; 3; 3; 7
29,78,0.51485,0.37179,29; 10; 10; 16; 78; 5; 6; 3
31,77,0.50892,0.4026,31; 11; 13; 19; 77; 6; 6; 6
9,10,0.46173,0.9,9; 15; 12; 23; 10; 29; 14; 17
74,75,0.7832,0.98667,74; 5; 4; 4; 75; 3; 3; 5
60,64,0.92349,0.9375,60; 7; 11; 3; 64; 5; 4; 3
60,64,0.93642,0.9375,60; 3; 5; 7; 64; 4; 6; 3
27,64,0.47715,0.42188,27; 20; 23; 11; 64; 7; 4; 6
8,9,0.40161,0.88889,8; 19; 29; 19; 9; 19; 17; 7
57,63,0.9629,0.90476,57; 13; 12; 9; 63; 4; 10; 4
7,10,0.38993,0.7,7; 13; 16; 26; 10; 14; 26; 19
15,53,0.27057,0.28302,15; 8; 20; 4; 53; 13; 3; 7
5,49,0.10465,0.10204,5; 17; 24; 18; 49; 15; 6; 3
25,49,0.51444,0.5102,25; 3; 17; 15; 49; 6; 8; 5
33,63,0.57206,0.52381,33; 8; 7; 19; 63; 5; 9; 4
52,82,0.70464,0.63415,52; 10; 7; 3; 82; 5; 5; 5
20,31,0.64033,0.64516,20; 12; 18; 10; 31; 8; 11; 11
36,42,0.80804,0.85714,36; 17; 19; 20; 42; 3; 6; 12
7,48,0.14507,0.14583,7; 20; 12; 25; 48; 14; 7; 6
56,77,0.82074,0.72727,56; 6; 4; 14; 77; 5; 4; 4
20,64,0.35327,0.3125,20; 20; 13; 3; 64; 7; 9; 3
29,48,0.6077,0.60417,29; 20; 3; 4; 48; 13; 16; 13
5,9,0.32052,0.55556,5; 21; 5; 18; 9; 21; 26; 23
43,63,0.70189,0.68254,43; 5; 16; 7; 63; 11; 6; 11
8,10,0.43857,0.8,8; 23; 25; 29; 10; 27; 23; 22
49,70,0.77336,0.7,49; 4; 8; 15; 70; 4; 7; 4
32,70,0.53982,0.45714,32; 20; 3; 19; 70; 4; 9; 9
18,53,0.33955,0.33962,18; 17; 16; 15; 53; 13; 12; 15
25,32,0.71472,0.78125,25; 11; 8; 13; 32; 16; 4; 4
15,75,0.30703,0.2,15; 9; 10; 9; 75; 7; 5; 4
36,53,0.69938,0.67925,36; 14; 6; 7; 53; 6; 7; 6
6,10,0.37857,0.6,6; 15; 30; 4; 10; 18; 10; 29
63,64,0.95192,0.98438,63; 10; 4; 10; 64; 4; 11; 8
60,78,0.84992,0.76923,60; 6; 10; 9; 78; 3; 5; 6
7,31,0.26254,0.22581,7; 15; 22; 22; 31; 12; 5; 8
55,82,0.77865,0.67073,55; 6; 12; 6; 82; 3; 4; 4
25,26,0.76075,0.96154,25; 19; 12; 14; 26; 20; 5; 22
58,75,0.87121,0.77333,58; 8; 9; 3; 75; 7; 3; 4
23,53,0.45575,0.43396,23; 6; 5; 25; 53; 7; 11; 3
19,26,0.67586,0.73077,19; 14; 8; 18; 26; 19; 20; 8
12,26,0.49082,0.46154,12; 5; 11; 5; 26; 16; 19; 24
31,32,0.8393,0.96875,31; 20; 11; 14; 32; 18; 12; 14
34,75,0.54194,0.45333,34; 6; 15; 11; 75; 5; 7; 6
42,48,0.80306,0.875,42; 15; 10; 8; 48; 7; 16; 3
8,75,0.20675,0.10667,8; 28; 4; 28; 75; 7; 3; 3
6,9,0.32026,0.66667,6; 23; 18; 11; 9; 6; 27; 17
10,49,0.20597,0.20408,10; 6; 4; 3; 49; 7; 6; 15
7,9,0.37007,0.77778,7; 7; 28; 22; 9; 9; 22; 19
61,64,0.93582,0.95312,61; 6; 12; 3; 64; 11; 6; 9
25,49,0.53655,0.5102,25; 4; 15; 19; 49; 13; 15; 8
22,70,0.37533,0.31429,22; 10; 22; 24; 70; 5; 5; 6
11,63,0.18327,0.1746,11; 19; 29; 23; 63; 5; 11; 5
15,82,0.33136,0.18293,15; 15; 25; 22; 82; 5; 3; 4
18,70,0.32725,0.25714,18; 10; 9; 15; 70; 8; 8; 8
6,63,0.10621,0.09524,6; 25; 5; 23; 63; 6; 6; 10
27,64,0.49904,0.42188,27; 22; 9; 21; 64; 5; 9; 8
11,31,0.36046,0.35484,11; 21; 25; 18; 31; 17; 4; 15
32,63,0.52192,0.50794,32; 4; 7; 20; 63; 11; 5; 6
34,63,0.56357,0.53968,34; 19; 6; 14; 63; 3; 3; 5
24,32,0.72082,0.75,24; 6; 8; 5; 32; 6; 4; 21
15,78,0.30358,0.19231,15; 21; 24; 23; 78; 3; 6; 3
24,64,0.41705,0.375,24; 3; 8; 9; 64; 10; 9; 4
15,48,0.33312,0.3125,15; 11; 12; 17; 48; 10; 11; 12
30,32,0.80514,0.9375,30; 4; 7; 8; 32; 6; 18; 8
16,53,0.31485,0.30189,16; 25; 3; 21; 53; 9; 7; 12
11,32,0.37523,0.34375,11; 13; 10; 28; 32; 20; 8; 16
77,82,0.6681,0.93902,77; 5; 3; 4; 82; 3; 4; 4
8,9,0.42089,0.88889,8; 7; 6; 3; 9; 16; 15; 23
8,10,0.44543,0.8,8; 26; 29; 25; 10; 26; 17; 16
31,75,0.54382,0.41333,31; 15; 4; 6; 75; 4; 4; 7
69,78,0.85883,0.88462,69; 3; 9; 9; 78; 4; 5; 3
38,49,0.74415,0.77551,38; 6; 19; 4; 49; 4; 15; 11
31,77,0.52775,0.4026,31; 9; 15; 17; 77; 5; 6; 6
69,82,0.70146,0.84146,69; 9; 4; 3; 82; 4; 5; 4
40,42,0.87172,0.95238,40; 14; 19; 13; 42; 11; 15; 7
66,70,0.85154,0.94286,66; 3; 5; 6; 70; 6; 8; 8
25,70,0.43216,0.35714,25; 20; 24; 15; 70; 9; 5; 8
17,32,0.48549,0.53125,17; 9; 11; 25; 32; 17; 19; 21
69,70,0.91822,0.98571,69; 7; 3; 9; 70; 3; 7; 4
8,10,0.40109,0.8,8; 5; 13; 12; 10; 12; 6; 29
16,31,0.49527,0.51613,16; 5; 13; 24; 31; 22; 16; 21
6,9,0.35276,0.66667,6; 20; 29; 20; 9; 4; 3; 7
18,32,0.62501,0.5625,18; 17; 4; 5; 32; 12; 20; 21
44,53,0.76285,0.83019,44; 3; 6; 6; 53; 11; 15; 14
46,64,0.79449,0.71875,46; 10; 17; 11; 64; 10; 3; 6
18,42,0.43433,0.42857,18; 5; 10; 20; 42; 15; 10; 18
6,10,0.36003,0.6,6; 15; 14; 4; 10; 5; 3; 12
24,75,0.4356,0.32,24; 24; 12; 14; 75; 4; 7; 3
6,10,0.34553,0.6,6; 5; 17; 23; 10; 28; 28; 20
13,42,0.34131,0.30952,13; 25; 3; 28; 42; 17; 17; 8
5,10,0.27589,0.5,5; 14; 28; 11; 10; 5; 4; 23
15,64,0.26157,0.23438,15; 24; 26; 26; 64; 5; 9; 11
41,42,0.8619,0.97619,41; 15; 17; 17; 42; 8; 9; 13
37,78,0.58975,0.47436,37; 7; 4; 13; 78; 5; 6; 5
23,31,0.66526,0.74194,23; 8; 15; 22; 31; 6; 5; 14
6,9,0.35454,0.66667,6; 11; 13; 20; 9; 8; 23; 6
6,42,0.13724,0.14286,6; 7; 6; 12; 42; 7; 5; 8
70,78,0.8023,0.89744,70; 3; 7; 7; 78; 4; 3; 3
6,26,0.22933,0.23077,6; 26; 7; 3; 26; 17; 16; 21
38,63,0.60887,0.60317,38; 7; 11; 16; 63; 5; 11; 7
11,26,0.41429,0.42308,11; 28; 5; 10; 26; 13; 11; 7
6,31,0.20041,0.19355,6; 16; 7; 5; 31; 4; 18; 14
7,9,0.31398,0.77778,7; 23; 9; 4; 9; 20; 12; 19
28,42,0.68427,0.66667,28; 5; 10; 4; 42; 14; 3; 3
47,75,0.72611,0.62667,47; 14; 9; 4; 75; 6; 6; 5
24,49,0.49261,0.4898,24; 23; 15; 4; 49; 12; 5; 12
19,75,0.37272,0.25333,19; 24; 25; 21; 75; 6; 4; 7
45,64,0.75827,0.70312,45; 7; 6; 11; 64; 11; 10; 8
10,70,0.19962,0.14286,10; 27; 27; 13; 70; 4; 9; 9
14,49,0.3014,0.28571,14; 6; 12; 24; 49; 9; 6; 9
43,70,0.6934,0.61429,43; 11; 4; 6; 70; 5; 3; 8
19,63,0.35213,0.30159,19; 3; 17; 16; 63; 7; 11; 4
74,78,0.81257,0.94872,74; 5; 6; 5; 78; 4; 3; 4
5,10,0.3366,0.5,5; 12; 16; 6; 10; 16; 13; 23
6,10,0.36974,0.6,6; 12; 22; 13; 10; 3; 23; 3
41,78,0.65167,0.52564,41; 11; 12; 8; 78; 3; 6; 5
5,42,0.14308,0.11905,5; 17; 4; 22; 42; 13; 15; 9
17,26,0.55311,0.65385,17; 16; 17; 16; 26; 21; 22; 15
30,63,0.51201,0.47619,30; 16; 21; 19; 63; 8; 7; 10
39,82,0.59564,0.47561,39; 13; 5; 4; 82; 5; 5; 3
11,42,0.25751,0.2619,11; 28; 27; 23; 42; 12; 13; 9
15,82,0.31361,0.18293,15; 9; 26; 6; 82; 4; 4; 5
15,64,0.28091,0.23438,15; 12; 23; 9; 64; 7; 11; 5
32,49,0.63185,0.65306,32; 8; 6; 21; 49; 7; 12; 14
9,53,0.17662,0.16981,9; 6; 17; 21; 53; 3; 10; 9
45,70,0.73531,0.64286,45; 14; 7; 5; 70; 3; 5; 9
10,63,0.19842,0.15873,10; 29; 21; 8; 63; 6; 11; 4
9,10,0.44567,0.9,9; 21; 6; 20; 10; 3; 27; 26
26,64,0.45012,0.40625,26; 22; 5; 14; 64; 3; 7; 11
22,26,0.86573,0.84615,22; 3; 25; 3; 26; 12; 18; 24
7,31,0.29719,0.22581,7; 14; 26; 30; 31; 7; 11; 14
26,42,0.612,0.61905,26; 19; 22; 3; 42; 9; 8; 9
6,10,0.37081,0.6,6; 27; 19; 30; 10; 27; 13; 9
18,26,0.63822,0.69231,18; 5; 3; 16; 26; 3; 24; 4
45,77,0.67344,0.58442,45; 5; 3; 6; 77; 4; 6; 4
15,49,0.32936,0.30612,15; 11; 21; 17; 49; 9; 3; 16
27,31,0.74705,0.87097,27; 14; 13; 12; 31; 17; 15; 16
30,70,0.53601,0.42857,30; 22; 8; 13; 70; 5; 8; 7
8,9,0.37184,0.88889,8; 15; 14; 4; 9; 4; 24; 11
24,26,0.7318,0.92308,24; 8; 24; 7; 26; 15; 6; 20
40,64,0.6911,0.625,40; 19; 6; 10; 64; 9; 11; 4
27,32,0.72387,0.84375,27; 15; 17; 10; 32; 19; 4; 22
13,31,0.44246,0.41935,13; 23; 12; 6; 31; 18; 8; 3
20,63,0.35736,0.31746,20; 23; 19; 19; 63; 10; 7; 7
42,77,0.64044,0.54545,42; 9; 8; 3; 77; 4; 7; 6
42,78,0.68247,0.53846,42; 3; 5; 3; 78; 6; 3; 3
8,9,0.40153,0.88889,8; 5; 17; 26; 9; 22; 4; 28
44,77,0.6812,0.57143,44; 16; 3; 15; 77; 7; 3; 5
46,53,0.81659,0.86792,46; 15; 11; 17; 53; 3; 3; 12
28,64,0.4502,0.4375,28; 11; 11; 7; 64; 9; 3; 3
69,82,0.73117,0.84146,69; 5; 9; 4; 82; 4; 5; 3
21,48,0.4683,0.4375,21; 24; 12; 7; 48; 11; 14; 10
13,31,0.43132,0.41935,13; 3; 12; 17; 31; 10; 9; 20
44,82,0.65495,0.53659,44; 12; 14; 8; 82; 3; 3; 3
18,64,0.34114,0.28125,18; 9; 25; 15; 64; 8; 5; 9
21,48,0.44916,0.4375,21; 8; 21; 14; 48; 3; 16; 15
6,10,0.34591,0.6,6; 9; 6; 7; 10; 22; 16; 4
17,32,0.53863,0.53125,17; 24; 3; 18; 32; 19; 17; 22
7,10,0.36542,0.7,7; 29; 4; 12; 10; 16; 10; 3
48,63,0.8199,0.7619,48; 10; 11; 14; 63; 9; 8; 10
26,77,0.4451,0.33766,26; 20; 23; 23; 77; 6; 4; 3
71,82,0.6811,0.86585,71; 3; 5; 5; 82; 3; 4; 3
37,48,0.80176,0.77083,37; 8; 12; 7; 48; 6; 11; 10
21,32,0.64044,0.65625,21; 15; 13; 6; 32; 20; 19; 5
7,9,0.3498,0.77778,7; 6; 10; 8; 9; 25; 21; 13
58,75,0.8807,0.77333,58; 3; 9; 13; 75; 6; 3; 7
10,31,0.21826,0.32258,10; 15; 15; 4; 31; 7; 12; 11
9,26,0.34432,0.34615,9; 18; 15; 25; 26; 4; 23; 21
34,63,0.54904,0.53968,34; 5; 12; 18; 63; 5; 5; 8
60,75,0.89748,0.8,60; 8; 4; 9; 75; 5; 6; 6
56,77,0.83228,0.72727,56; 8; 6; 12; 77; 7; 7; 4
22,82,0.43821,0.26829,22; 10; 18; 7; 82; 5; 5; 4
26,53,0.48279,0.49057,26; 12; 12; 7; 53; 5; 5; 9
75,78,0.8085,0.96154,75; 4; 6; 4; 78; 3; 6; 4
11,32,0.35132,0.34375,11; 17; 9; 20; 32; 14; 5; 20
63,78,0.86208,0.80769,63; 4; 10; 4; 78; 3; 4; 5
33,48,0.70168,0.6875,33; 9; 20; 10; 48; 7; 4; 7
54,70,0.9103,0.77143,54; 12; 6; 4; 70; 8; 6; 8
44,49,0.78982,0.89796,44; 7; 12; 8; 49; 6; 4; 4
33,64,0.56892,0.51562,33; 4; 19; 9; 64; 11; 5; 11
56,77,0.83063,0.72727,56; 10; 7; 13; 77; 4; 4; 5
48,63,0.8029,0.7619,48; 6; 16; 13; 63; 11; 6; 11
48,70,0.7737,0.68571,48; 5; 3; 10; 70; 8; 7; 4
5,10,0.30706,0.5,5; 16; 5; 31; 10; 13; 25; 21
17,77,0.3243,0.22078,17; 6; 8; 17; 77; 5; 4; 6
10,48,0.24542,0.20833,10; 15; 5; 3; 48; 10; 16; 4
69,70,0.89127,0.98571,69; 4; 4; 5; 70; 8; 8; 7
34,82,0.57999,0.41463,34; 19; 3; 19; 82; 5; 3; 4
22,75,0.44162,0.29333,22; 13; 11; 9; 75; 6; 5; 5
37,42,0.88194,0.88095,37; 15; 5; 16; 42; 10; 4; 8
40,49,0.79421,0.81633,40; 18; 9; 16; 49; 16; 16; 12
8,10,0.39603,0.8,8; 20; 14; 11; 10; 23; 20; 19
66,77,0.84671,0.85714,66; 3; 6; 7; 77; 6; 6; 6
8,9,0.40633,0.88889,8; 3; 28; 30; 9; 26; 4; 16
7,26,0.29631,0.26923,7; 20; 20; 3; 26; 23; 13; 7
50,70,0.79669,0.71429,50; 5; 16; 12; 70; 7; 7; 5
10,31,0.33856,0.32258,10; 19; 6; 21; 31; 18; 10; 12
37,82,0.60635,0.45122,37; 3; 19; 10; 82; 5; 3; 4
32,42,0.77283,0.7619,32; 19; 20; 7; 42; 7; 14; 9
8,9,0.38544,0.88889,8; 14; 29; 5; 9; 18; 27; 29
48,77,0.6971,0.62338,48; 9; 10; 4; 77; 6; 3; 7
21,31,0.6953,0.67742,21; 10; 22; 14; 31; 17; 20; 21
56,63,0.93868,0.88889,56; 10; 3; 10; 63; 7; 8; 9
6,10,0.36045,0.6,6; 29; 13; 20; 10; 10; 5; 18
43,48,0.86915,0.89583,43; 15; 10; 16; 48; 7; 13; 7
33,53,0.64907,0.62264,33; 11; 21; 13; 53; 14; 10; 12
27,49,0.57736,0.55102,27; 6; 5; 21; 49; 6; 12; 10
21,49,0.41324,0.42857,21; 22; 19; 22; 49; 15; 3; 12
5,9,0.31817,0.55556,5; 23; 7; 17; 9; 12; 28; 15
9,10,0.4375,0.9,9; 4; 28; 16; 10; 23; 22; 6
5,9,0.27771,0.55556,5; 25; 17; 19; 9; 22; 23; 12
8,9,0.41287,0.88889,8; 5; 18; 17; 9; 14; 8; 15
15,63,0.25044,0.2381,15; 5; 11; 14; 63; 8; 3; 7
27,49,0.57438,0.55102,27; 7; 22; 8; 49; 9; 10; 14
22,26,0.75815,0.84615,22; 5; 22; 23; 26; 16; 19; 12
43,49,0.78871,0.87755,43; 12; 12; 11; 49; 13; 15; 3
51,53,0.86212,0.96226,51; 13; 9; 10; 53; 10; 11; 7
10,70,0.21273,0.14286,10; 26; 11; 11; 70; 6; 5; 7
7,10,0.3832,0.7,7; 12; 27; 10; 10; 25; 25; 7
43,82,0.66694,0.52439,43; 8; 15; 16; 82; 5; 5; 5
7,10,0.36315,0.7,7; 16; 8; 11; 10; 8; 19; 25
20,32,0.64912,0.625,20; 22; 26; 26; 32; 14; 3; 11
10,78,0.21544,0.12821,10; 7; 13; 4; 78; 3; 3; 6
5,82,0.15606,0.06098,5; 10; 7; 3; 82; 3; 3; 5
22,48,0.47018,0.45833,22; 8; 9; 13; 48; 13; 5; 10
20,32,0.62642,0.625,20; 24; 6; 4; 32; 14; 12; 17
61,70,0.89073,0.87143,61; 4; 12; 4; 70; 3; 5; 8
19,31,0.60639,0.6129,19; 26; 16; 16; 31; 11; 4; 9
36,63,0.6086,0.57143,36; 16; 7; 11; 63; 10; 11; 6
62,75,0.91254,0.82667,62; 9; 7; 4; 75; 4; 5; 7
7,10,0.38763,0.7,7; 14; 3; 17; 10; 5; 18; 25
8,70,0.18982,0.11429,8; 29; 19; 28; 70; 8; 5; 9
68,75,0.84642,0.90667,68; 8; 7; 8; 75; 5; 5; 6
9,10,0.45839,0.9,9; 3; 25; 16; 10; 12; 25; 17
62,75,0.85912,0.82667,62; 9; 8; 10; 75; 3; 5; 4
9,63,0.17761,0.14286,9; 26; 27; 7; 63; 4; 6; 6
10,26,0.39063,0.38462,10; 5; 4; 11; 26; 13; 17; 24
34,75,0.56384,0.45333,34; 11; 11; 17; 75; 3; 7; 6
24,64,0.43538,0.375,24; 10; 10; 9; 64; 3; 11; 11
40,64,0.63407,0.625,40; 19; 5; 15; 64; 9; 5; 10
18,78,0.34733,0.23077,18; 14; 26; 22; 78; 4; 5; 3
16,26,0.57505,0.61538,16; 14; 6; 26; 26; 11; 17; 21
21,26,0.81926,0.80769,21; 23; 10; 22; 26; 13; 14; 23
15,70,0.26158,0.21429,15; 17; 11; 13; 70; 6; 8; 6
5,9,0.28146,0.55556,5; 16; 14; 7; 9; 8; 29; 13
5,26,0.21145,0.19231,5; 4; 6; 7; 26; 4; 17; 8
7,48,0.18374,0.14583,7; 12; 13; 5; 48; 7; 9; 10
51,82,0.69054,0.62195,51; 9; 7; 5; 82; 5; 5; 3
22,53,0.44439,0.41509,22; 8; 7; 23; 53; 9; 13; 10
10,26,0.36668,0.38462,10; 3; 13; 19; 26; 13; 12; 6
10,63,0.18952,0.15873,10; 3; 3; 26; 63; 9; 9; 11
22,26,0.74907,0.84615,22; 15; 10; 21; 26; 19; 24; 24
10,63,0.18156,0.15873,10; 4; 9; 21; 63; 5; 5; 6
20,75,0.36907,0.26667,20; 7; 3; 12; 75; 6; 3; 5
30,48,0.66827,0.625,30; 6; 8; 20; 48; 16; 16; 13
58,63,0.95963,0.92063,58; 3; 13; 3; 63; 3; 7; 10
56,63,0.93398,0.88889,56; 5; 10; 10; 63; 6; 5; 5
19,63,0.35307,0.30159,19; 17; 17; 12; 63; 6; 7; 5
9,64,0.1534,0.14062,9; 6; 15; 6; 64; 9; 4; 3
18,49,0.38065,0.36735,18; 10; 23; 22; 49; 15; 14; 3
20,75,0.37431,0.26667,20; 18; 5; 13; 75; 3; 6; 3
6,49,0.12481,0.12245,6; 19; 11; 16; 49; 3; 5; 7
44,82,0.67371,0.53659,44; 9; 4; 9; 82; 3; 5; 5
30,77,0.50988,0.38961,30; 14; 18; 12; 77; 3; 3; 4
9,63,0.17747,0.14286,9; 15; 9; 5; 63; 3; 8; 6
14,31,0.46487,0.45161,14; 21; 22; 18; 31; 17; 18; 18
38,75,0.63848,0.50667,38; 15; 13; 17; 75; 5; 3; 3
75,82,0.76188,0.91463,75; 7; 5; 7; 82; 4; 4; 5
36,63,0.59985,0.57143,36; 12; 7; 5; 63; 5; 10; 4
34,77,0.59241,0.44156,34; 18; 16; 20; 77; 5; 6; 6
37,77,0.59567,0.48052,37; 16; 13; 10; 77; 4; 4; 5
66,82,0.71697,0.80488,66; 5; 8; 6; 82; 5; 3; 5
44,70,0.72995,0.62857,44; 12; 8; 7; 70; 5; 4; 6
39,48,0.85665,0.8125,39; 17; 16; 11; 48; 3; 7; 13
43,64,0.69546,0.67188,43; 10; 11; 18; 64; 6; 11; 4
34,70,0.55985,0.48571,34; 14; 15; 4; 70; 3; 8; 6
68,78,0.76015,0.87179,68; 8; 6; 9; 78; 5; 6; 6
7,9,0.38225,0.77778,7; 16; 8; 26; 9; 15; 12; 7
28,82,0.48154,0.34146,28; 21; 21; 20; 82; 3; 5; 3
14,75,0.26361,0.18667,14; 28; 14; 22; 75; 6; 5; 4
9,26,0.3644,0.34615,9; 21; 16; 10; 26; 24; 19; 17
33,64,0.56613,0.51562,33; 6; 16; 8; 64; 5; 3; 4
12,31,0.38182,0.3871,12; 14; 24; 27; 31; 4; 9; 20
9,10,0.46248,0.9,9; 8; 15; 26; 10; 22; 26; 29
25,77,0.44015,0.32468,25; 6; 17; 6; 77; 3; 4; 4
25,32,0.70402,0.78125,25; 10; 11; 10; 32; 22; 9; 11
11,26,0.44418,0.42308,11; 11; 10; 5; 26; 13; 23; 20
56,77,0.91159,0.72727,56; 14; 10; 4; 77; 3; 6; 3
69,75,0.87021,0.92,69; 9; 6; 6; 75; 5; 7; 3
50,77,0.79008,0.64935,50; 11; 14; 15; 77; 4; 5; 3
17,32,0.53652,0.53125,17; 21; 3; 11; 32; 8; 14; 5
40,78,0.65737,0.51282,40; 3; 9; 18; 78; 5; 6; 5
48,49,0.82523,0.97959,48; 16; 14; 14; 49; 10; 6; 12
60,75,0.90806,0.8,60; 9; 6; 8; 75; 5; 3; 6
6,53,0.11522,0.11321,6; 9; 19; 16; 53; 4; 4; 10
10,49,0.22828,0.20408,10; 8; 24; 25; 49; 9; 7; 10
68,77,0.85798,0.88312,68; 10; 5; 10; 77; 5; 3; 6
16,64,0.30013,0.25,16; 25; 20; 10; 64; 5; 11; 4
27,31,0.72054,0.87097,27; 21; 21; 23; 31; 6; 8; 7
36,48,0.81696,0.75,36; 8; 14; 14; 48; 4; 15; 10
68,82,0.79958,0.82927,68; 6; 6; 4; 82; 4; 3; 5
6,9,0.31345,0.66667,6; 23; 16; 11; 9; 4; 18; 16
7,32,0.22279,0.21875,7; 26; 28; 24; 32; 8; 11; 14
19,78,0.35987,0.24359,19; 3; 20; 8; 78; 6; 4; 3
22,26,0.80049,0.84615,22; 16; 23; 24; 26; 12; 11; 17
49,70,0.76017,0.7,49; 7; 9; 8; 70; 5; 3; 3
21,49,0.44024,0.42857,21; 13; 7; 17; 49; 11; 3; 4
48,49,0.81753,0.97959,48; 5; 4; 10; 49; 6; 6; 8
16,32,0.50424,0.5,16; 14; 7; 18; 32; 4; 21; 5
25,53,0.47159,0.4717,25; 20; 14; 4; 53; 8; 14; 10
6,49,0.12907,0.12245,6; 15; 9; 19; 49; 10; 7; 8
55,77,0.87287,0.71429,55; 11; 14; 5; 77; 5; 4; 4
32,48,0.67162,0.66667,32; 13; 8; 7; 48; 14; 6; 10
10,31,0.33922,0.32258,10; 10; 15; 22; 31; 17; 8; 21
9,10,0.48247,0.9,9; 18; 16; 9; 10; 10; 7; 21
56,70,0.95383,0.8,56; 14; 10; 9; 70; 8; 5; 9
49,53,0.85514,0.92453,49; 7; 12; 6; 53; 6; 14; 5
40,64,0.68066,0.625,40; 9; 15; 14; 64; 10; 11; 8
13,49,0.26373,0.26531,13; 16; 9; 11; 49; 14; 14; 15
17,75,0.32518,0.22667,17; 23; 23; 12; 75; 5; 5; 7
5,9,0.27271,0.55556,5; 8; 17; 23; 9; 5; 15; 15
19,31,0.6094,0.6129,19; 16; 9; 6; 31; 7; 16; 17
51,82,0.7797,0.62195,51; 14; 8; 4; 82; 4; 3; 5
58,82,0.86988,0.70732,58; 3; 9; 11; 82; 5; 4; 5
6,70,0.11869,0.08571,6; 26; 25; 4; 70; 7; 8; 5
15,42,0.41234,0.35714,15; 7; 26; 19; 42; 12; 3; 16
6,31,0.196,0.19355,6; 24; 26; 5; 31; 4; 9; 19
36,53,0.7191,0.67925,36; 11; 17; 7; 53; 14; 15; 3
8,78,0.17557,0.10256,8; 10; 29; 29; 78; 6; 5; 5
67,78,0.83308,0.85897,67; 4; 3; 5; 78; 5; 4; 6
58,63,0.94416,0.92063,58; 8; 9; 13; 63; 8; 5; 6
33,48,0.65092,0.6875,33; 13; 3; 16; 48; 15; 5; 7
55,64,0.87962,0.85938,55; 7; 9; 8; 64; 10; 11; 7
40,63,0.65809,0.63492,40; 10; 14; 8; 63; 4; 9; 11
58,63,0.96469,0.92063,58; 4; 3; 3; 63; 8; 10; 11
71,78,0.74704,0.91026,71; 8; 7; 9; 78; 4; 5; 4
40,75,0.64842,0.53333,40; 12; 6; 17; 75; 4; 5; 5
62,75,0.876,0.82667,62; 5; 3; 4; 75; 5; 7; 3
19,26,0.66861,0.73077,19; 23; 17; 25; 26; 21; 11; 13
47,77,0.71561,0.61039,47; 9; 10; 15; 77; 3; 3; 5
15,70,0.27994,0.21429,15; 25; 14; 21; 70; 5; 8; 4
6,26,0.24801,0.23077,6; 19; 17; 8; 26; 24; 23; 19
58,63,0.92883,0.92063,58; 3; 8; 7; 63; 10; 8; 7
24,31,0.73319,0.77419,24; 21; 6; 3; 31; 10; 19; 6
18,26,0.70197,0.69231,18; 24; 24; 8; 26; 18; 17; 3
20,31,0.60083,0.64516,20; 13; 9; 14; 31; 7; 8; 7
23,70,0.41097,0.32857,23; 14; 11; 15; 70; 6; 9; 3
47,64,0.77475,0.73438,47; 17; 9; 3; 64; 8; 3; 6
22,42,0.52021,0.52381,22; 4; 10; 17; 42; 5; 13; 18
9,10,0.46007,0.9,9; 16; 18; 21; 10; 15; 8; 14
22,48,0.53636,0.45833,22; 19; 20; 17; 48; 8; 15; 3
27,49,0.63044,0.55102,27; 22; 22; 15; 49; 9; 7; 7
16,53,0.35291,0.30189,16; 3; 20; 17; 53; 14; 9; 10
32,42,0.72579,0.7619,32; 19; 12; 3; 42; 4; 3; 15
12,31,0.37478,0.3871,12; 27; 14; 9; 31; 16; 13; 18
41,53,0.77517,0.77358,41; 7; 5; 14; 53; 13; 14; 14
28,31,0.72072,0.90323,28; 14; 4; 15; 31; 7; 4; 16
7,10,0.35655,0.7,7; 22; 22; 17; 10; 12; 24; 17
6,10,0.3291,0.6,6; 27; 3; 9; 10; 4; 6; 17
44,75,0.6697,0.58667,44; 15; 8; 3; 75; 6; 3; 3
19,49,0.38882,0.38776,19; 14; 23; 14; 49; 14; 5; 12
38,48,0.83314,0.79167,38; 13; 9; 10; 48; 13; 8; 4
14,31,0.43976,0.45161,14; 22; 27; 19; 31; 4; 21; 17
20,32,0.59504,0.625,20; 26; 10; 17; 32; 3; 22; 21
19,42,0.45448,0.45238,19; 13; 19; 25; 42; 15; 15; 4
66,70,0.89051,0.94286,66; 10; 9; 7; 70; 3; 8; 6
70,77,0.81266,0.90909,70; 6; 3; 8; 77; 4; 6; 3
24,26,0.77393,0.92308,24; 15; 16; 18; 26; 17; 7; 14
34,64,0.57675,0.53125,34; 9; 20; 8; 64; 4; 9; 10
41,78,0.66541,0.52564,41; 17; 9; 15; 78; 4; 6; 4
35,49,0.71414,0.71429,35; 19; 21; 12; 49; 4; 16; 4
6,10,0.32291,0.6,6; 16; 12; 19; 10; 14; 27; 15
29,31,0.79476,0.93548,29; 23; 13; 3; 31; 6; 15; 8
17,82,0.32561,0.20732,17; 8; 9; 21; 82; 3; 5; 3
18,49,0.36808,0.36735,18; 24; 7; 14; 49; 13; 15; 3
42,70,0.69355,0.6,42; 11; 11; 16; 70; 3; 8; 4
16,48,0.37047,0.33333,16; 8; 20; 14; 48; 6; 16; 15
63,70,0.88704,0.9,63; 10; 4; 8; 70; 3; 8; 7
55,75,0.87437,0.73333,55; 13; 11; 4; 75; 5; 3; 7
6,10,0.3302,0.6,6; 28; 15; 24; 10; 12; 15; 7
50,63,0.80529,0.79365,50; 4; 6; 3; 63; 3; 6; 7
8,42,0.21204,0.19048,8; 20; 7; 26; 42; 5; 11; 10
14,53,0.26931,0.26415,14; 13; 20; 5; 53; 15; 14; 15
18,70,0.36614,0.25714,18; 10; 19; 21; 70; 8; 8; 6
46,64,0.76895,0.71875,46; 11; 9; 17; 64; 7; 4; 10
36,49,0.74712,0.73469,36; 10; 12; 6; 49; 12; 3; 7
43,64,0.71597,0.67188,43; 7; 9; 7; 64; 6; 10; 8
16,49,0.32199,0.32653,16; 11; 11; 23; 49; 8; 12; 7
17,42,0.38271,0.40476,17; 5; 26; 22; 42; 8; 8; 17
38,63,0.6425,0.60317,38; 4; 16; 3; 63; 9; 7; 10
16,42,0.39032,0.38095,16; 20; 18; 5; 42; 17; 5; 18
11,42,0.26804,0.2619,11; 6; 3; 13; 42; 12; 14; 5
78,82,0.70328,0.95122,78; 4; 6; 4; 82; 4; 3; 4
9,10,0.46811,0.9,9; 12; 5; 23; 10; 13; 12; 17
72,78,0.77517,0.92308,72; 8; 7; 5; 78; 6; 6; 3
13,26,0.45352,0.5,13; 16; 8; 5; 26; 9; 5; 22
28,53,0.54005,0.5283,28; 20; 20; 23; 53; 8; 11; 15
5,75,0.13013,0.06667,5; 18; 24; 29; 75; 5; 4; 4
6,63,0.13188,0.09524,6; 3; 18; 8; 63; 9; 7; 11
18,78,0.35381,0.23077,18; 18; 16; 16; 78; 5; 5; 3
43,77,0.65907,0.55844,43; 3; 14; 18; 77; 5; 6; 7
8,9,0.41115,0.88889,8; 18; 16; 23; 9; 17; 5; 8
18,32,0.55537,0.5625,18; 26; 19; 3; 32; 22; 4; 20
49,70,0.77488,0.7,49; 13; 11; 6; 70; 8; 3; 6
50,63,0.86868,0.79365,50; 7; 9; 3; 63; 9; 9; 9
49,53,0.85053,0.92453,49; 5; 15; 8; 53; 13; 5; 7
24,48,0.48702,0.5,24; 20; 9; 23; 48; 6; 10; 11
9,42,0.23158,0.21429,9; 10; 17; 11; 42; 3; 9; 13
37,70,0.61104,0.52857,37; 10; 19; 6; 70; 4; 8; 6
12,82,0.28971,0.14634,12; 28; 21; 12; 82; 4; 4; 5
7,9,0.3971,0.77778,7; 29; 29; 22; 9; 23; 19; 18
16,53,0.3041,0.30189,16; 16; 4; 14; 53; 5; 13; 9
7,9,0.34159,0.77778,7; 12; 26; 6; 9; 23; 25; 10
14,53,0.29781,0.26415,14; 15; 15; 3; 53; 4; 6; 13
18,26,0.67636,0.69231,18; 9; 7; 8; 26; 22; 19; 6
11,78,0.24748,0.14103,11; 20; 24; 17; 78; 4; 5; 4
6,10,0.3384,0.6,6; 7; 13; 12; 10; 4; 27; 16
11,32,0.35879,0.34375,11; 5; 6; 9; 32; 21; 7; 6
48,63,0.76794,0.7619,48; 14; 12; 14; 63; 10; 4; 11
50,82,0.7776,0.60976,50; 13; 4; 15; 82; 5; 4; 3
42,63,0.68483,0.66667,42; 16; 6; 3; 63; 7; 3; 5
7,9,0.37163,0.77778,7; 8; 29; 20; 9; 25; 16; 25
8,9,0.37414,0.88889,8; 30; 6; 10; 9; 11; 5; 23
5,64,0.10611,0.07812,5; 3; 27; 14; 64; 4; 7; 6
6,9,0.35248,0.66667,6; 23; 9; 14; 9; 6; 8; 3
27,49,0.53428,0.55102,27; 5; 13; 3; 49; 11; 14; 3
48,49,0.84349,0.97959,48; 7; 6; 14; 49; 8; 15; 13
6,9,0.33216,0.66667,6; 17; 4; 13; 9; 29; 10; 6
47,70,0.7368,0.67143,47; 17; 4; 11; 70; 6; 5; 4
7,10,0.36649,0.7,7; 18; 20; 23; 10; 28; 27; 8
17,82,0.3392,0.20732,17; 16; 19; 27; 82; 5; 5; 5
21,75,0.41084,0.28,21; 13; 5; 20; 75; 3; 5; 5
71,82,0.67669,0.86585,71; 5; 5; 7; 82; 3; 5; 5
5,9,0.28381,0.55556,5; 10; 14; 4; 9; 4; 6; 22
47,64,0.78098,0.73438,47; 5; 11; 14; 64; 11; 11; 3
40,49,0.81197,0.81633,40; 11; 8; 11; 49; 4; 16; 14
8,32,0.2753,0.25,8; 18; 22; 23; 32; 14; 15; 15
25,26,0.75708,0.96154,25; 16; 7; 23; 26; 9; 13; 15
38,82,0.61589,0.46341,38; 19; 11; 6; 82; 5; 3; 5
7,64,0.155,0.10938,7; 26; 10; 29; 64; 8; 11; 3
24,49,0.48967,0.4898,24; 16; 13; 14; 49; 16; 14; 13
18,53,0.37395,0.33962,18; 17; 14; 22; 53; 14; 4; 10
28,49,0.60207,0.57143,28; 22; 16; 3; 49; 4; 5; 7
48,53,0.84964,0.90566,48; 13; 12; 8; 53; 7; 15; 10
39,82,0.63985,0.47561,39; 11; 7; 15; 82; 3; 5; 4
6,49,0.12941,0.12245,6; 28; 30; 19; 49; 13; 10; 14
8,10,0.40014,0.8,8; 15; 14; 25; 10; 17; 10; 4
6,26,0.24326,0.23077,6; 6; 3; 26; 26; 6; 13; 20
10,31,0.36358,0.32258,10; 26; 18; 23; 31; 20; 16; 5
24,31,0.76259,0.77419,24; 19; 14; 17; 31; 16; 6; 7
6,9,0.32429,0.66667,6; 29; 26; 3; 9; 27; 21; 21
11,64,0.19379,0.17188,11; 17; 4; 18; 64; 11; 10; 10
8,9,0.35585,0.88889,8; 19; 8; 22; 9; 9; 28; 19
7,77,0.16148,0.09091,7; 16; 27; 14; 77; 4; 4; 6
9,31,0.35324,0.29032,9; 18; 28; 22; 31; 21; 21; 9
48,63,0.8166,0.7619,48; 7; 8; 14; 63; 8; 6; 9
19,75,0.34866,0.25333,19; 7; 26; 6; 75; 3; 6; 6
6,10,0.34944,0.6,6; 3; 24; 15; 10; 11; 24; 27
23,26,0.77497,0.88462,23; 23; 10; 6; 26; 14; 22; 9
62,63,0.96112,0.98413,62; 12; 5; 4; 63; 3; 7; 4
18,48,0.38464,0.375,18; 25; 4; 18; 48; 5; 7; 12
5,10,0.30544,0.5,5; 16; 12; 10; 10; 27; 11; 14
76,77,0.82443,0.98701,76; 6; 4; 7; 77; 4; 5; 3
68,75,0.86533,0.90667,68; 8; 9; 6; 75; 5; 5; 6
31,77,0.51999,0.4026,31; 5; 22; 12; 77; 6; 6; 4
5,10,0.29666,0.5,5; 28; 25; 22; 10; 10; 15; 19
16,63,0.27375,0.25397,16; 24; 23; 10; 63; 7; 10; 11
35,49,0.73698,0.71429,35; 15; 14; 21; 49; 14; 16; 11
35,63,0.60298,0.55556,35; 9; 5; 8; 63; 10; 8; 7
7,75,0.13836,0.09333,7; 27; 9; 13; 75; 6; 3; 7
6,10,0.35026,0.6,6; 21; 27; 17; 10; 29; 10; 24
35,64,0.58913,0.54688,35; 14; 17; 18; 64; 8; 10; 8
47,53,0.83701,0.88679,47; 10; 13; 14; 53; 6; 5; 12
11,82,0.22339,0.13415,11; 6; 7; 15; 82; 5; 3; 3
26,32,0.68871,0.8125,26; 7; 14; 23; 32; 10; 9; 18
5,70,0.10146,0.07143,5; 8; 9; 11; 70; 3; 5; 3
20,26,0.76733,0.76923,20; 3; 4; 16; 26; 8; 13; 16
8,53,0.19748,0.15094,8; 10; 12; 22; 53; 7; 6; 14
7,10,0.4031,0.7,7; 24; 9; 29; 10; 6; 22; 12
55,77,0.84449,0.71429,55; 14; 8; 10; 77; 7; 3; 3
7,9,0.35754,0.77778,7; 4; 9; 23; 9; 4; 28; 26
45,53,0.82056,0.84906,45; 15; 17; 15; 53; 13; 4; 10
17,77,0.34111,0.22078,17; 21; 15; 3; 77; 4; 5; 4
40,75,0.6257,0.53333,40; 14; 19; 7; 75; 6; 7; 6
14,26,0.48125,0.53846,14; 27; 27; 11; 26; 17; 14; 7
13,77,0.25147,0.16883,13; 4; 14; 27; 77; 3; 7; 4
16,77,0.31545,0.20779,16; 20; 11; 25; 77; 6; 6; 5
70,75,0.85245,0.93333,70; 6; 5; 6; 75; 6; 4; 7
29,31,0.79917,0.93548,29; 16; 16; 4; 31; 18; 9; 11
70,78,0.83373,0.89744,70; 7; 6; 3; 78; 3; 6; 5
34,42,0.85796,0.80952,34; 19; 20; 17; 42; 5; 4; 14
7,9,0.37773,0.77778,7; 23; 20; 6; 9; 3; 25; 26
18,63,0.31051,0.28571,18; 18; 18; 4; 63; 9; 8; 6
31,77,0.5393,0.4026,31; 21; 13; 4; 77; 7; 7; 5
17,32,0.52872,0.53125,17; 21; 15; 8; 32; 9; 5; 16
26,75,0.4597,0.34667,26; 6; 11; 4; 75; 4; 6; 3
41,53,0.7457,0.77358,41; 9; 3; 16; 53; 11; 14; 6
20,42,0.50995,0.47619,20; 8; 26; 15; 42; 6; 4; 7
48,64,0.77129,0.75,48; 4; 3; 15; 64; 6; 9; 5
14,75,0.25034,0.18667,14; 14; 13; 21; 75; 7; 6; 7
30,64,0.52278,0.46875,30; 6; 12; 16; 64; 11; 3; 6
5,10,0.29791,0.5,5; 24; 16; 11; 10; 23; 9; 15
17,77,0.31809,0.22078,17; 7; 27; 26; 77; 5; 5; 4
34,82,0.55925,0.41463,34; 15; 7; 16; 82; 3; 4; 4
8,9,0.39792,0.88889,8; 27; 21; 23; 9; 9; 23; 23
22,63,0.38083,0.34921,22; 19; 25; 11; 63; 7; 4; 8
19,32,0.58219,0.59375,19; 10; 22; 22; 32; 19; 7; 6
33,42,0.84225,0.78571,33; 3; 11; 3; 42; 14; 13; 18
44,63,0.71268,0.69841,44; 5; 10; 3; 63; 7; 4; 5
17,63,0.3088,0.26984,17; 17; 5; 14; 63; 9; 11; 6
71,82,0.80023,0.86585,71; 3; 5; 3; 82; 5; 3; 5
6,26,0.24328,0.23077,6; 6; 28; 21; 26; 22; 9; 15
5,10,0.29965,0.5,5; 28; 12; 15; 10; 17; 22; 8
73,75,0.85009,0.97333,73; 8; 8; 7; 75; 5; 3; 3
20,26,0.84544,0.76923,20; 7; 18; 21; 26; 6; 4; 7
13,31,0.40857,0.41935,13; 13; 25; 4; 31; 9; 21; 3
21,78,0.40183,0.26923,21; 23; 18; 3; 78; 5; 3; 4
19,31,0.64981,0.6129,19; 11; 19; 13; 31; 20; 6; 6
23,82,0.43275,0.28049,23; 14; 21; 16; 82; 4; 3; 3
49,75,0.81374,0.65333,49; 9; 13; 12; 75; 6; 3; 5
52,78,0.82538,0.66667,52; 12; 6; 3; 78; 5; 4; 4
7,9,0.35198,0.77778,7; 27; 12; 18; 9; 16; 4; 14
54,82,0.82474,0.65854,54; 5; 9; 9; 82; 5; 3; 3
72,75,0.81948,0.96,72; 4; 6; 8; 75; 4; 4; 5
34,42,0.83754,0.80952,34; 6; 13; 15; 42; 14; 9; 3
34,63,0.57893,0.53968,34; 4; 15; 14; 63; 7; 8; 9
21,82,0.5076,0.2561,21; 13; 8; 25; 82; 3; 3; 5
61,64,0.92535,0.95312,61; 5; 9; 6; 64; 3; 10; 5
8,42,0.2113,0.19048,8; 16; 18; 13; 42; 3; 8; 11
9,82,0.23809,0.10976,9; 16; 16; 16; 82; 3; 3; 5
12,70,0.24621,0.17143,12; 25; 23; 28; 70; 6; 3; 7
24,53,0.45709,0.45283,24; 8; 13; 17; 53; 13; 10; 10
24,49,0.49917,0.4898,24; 4; 6; 8; 49; 15; 6; 3
5,70,0.09963,0.07143,5; 31; 24; 30; 70; 9; 7; 5
16,75,0.31739,0.21333,16; 5; 9; 18; 75; 5; 4; 4
13,78,0.27029,0.16667,13; 23; 18; 28; 78; 3; 3; 6
12,48,0.29347,0.25,12; 25; 23; 19; 48; 6; 3; 7
25,77,0.46649,0.32468,25; 21; 18; 23; 77; 5; 3; 6
15,32,0.47396,0.46875,15; 21; 9; 4; 32; 10; 19; 16
11,31,0.37567,0.35484,11; 9; 6; 22; 31; 8; 4; 8
22,78,0.39884,0.28205,22; 15; 21; 4; 78; 3; 5; 5
21,32,0.65422,0.65625,21; 19; 12; 5; 32; 11; 4; 8
24,48,0.55569,0.5,24; 7; 8; 4; 48; 6; 15; 14
41,42,0.86254,0.97619,41; 8; 6; 16; 42; 5; 3; 12
34,48,0.6902,0.70833,34; 11; 5; 20; 48; 13; 16; 11
13,32,0.41243,0.40625,13; 23; 13; 7; 32; 14; 16; 14
34,64,0.59001,0.53125,34; 19; 9; 15; 64; 11; 9; 3
7,9,0.36191,0.77778,7; 15; 10; 30; 9; 12; 5; 13
40,42,0.85518,0.95238,40; 18; 6; 11; 42; 5; 17; 9
42,77,0.67863,0.54545,42; 16; 7; 9; 77; 6; 4; 3
15,70,0.28785,0.21429,15; 17; 26; 13; 70; 9; 4; 5
51,63,0.83134,0.80952,51; 13; 5; 7; 63; 8; 9; 3
34,78,0.56512,0.4359,34; 15; 9; 21; 78; 5; 4; 5
33,49,0.74411,0.67347,33; 14; 8; 5; 49; 9; 12; 9
5,70,0.11903,0.07143,5; 30; 28; 18; 70; 4; 5; 4
60,70,0.91367,0.85714,60; 7; 9; 5; 70; 6; 3; 8
5,9,0.29755,0.55556,5; 5; 24; 15; 9; 4; 26; 28
7,63,0.14549,0.11111,7; 12; 12; 24; 63; 9; 3; 8
61,63,0.94838,0.96825,61; 7; 5; 9; 63; 7; 8; 4
12,78,0.26812,0.15385,12; 15; 23; 10; 78; 6; 3; 6
47,82,0.69519,0.57317,47; 6; 14; 4; 82; 4; 4; 5
42,70,0.68301,0.6,42; 18; 4; 15; 70; 5; 8; 8
76,77,0.78913,0.98701,76; 7; 3; 4; 77; 7; 6; 5
56,82,0.80616,0.68293,56; 10; 3; 5; 82; 4; 3; 5
5,31,0.21159,0.16129,5; 27; 8; 27; 31; 14; 20; 15
21,32,0.77589,0.65625,21; 20; 16; 12; 32; 15; 21; 6
41,48,0.80275,0.85417,41; 17; 10; 7; 48; 9; 16; 13
32,49,0.66536,0.65306,32; 18; 15; 11; 49; 4; 16; 8
68,82,0.78261,0.82927,68; 7; 3; 8; 82; 4; 3; 5
7,49,0.14638,0.14286,7; 22; 29; 16; 49; 4; 11; 4
17,63,0.26773,0.26984,17; 20; 3; 22; 63; 9; 9; 8
13,31,0.41834,0.41935,13; 18; 6; 4; 31; 16; 14; 15
43,49,0.8398,0.87755,43; 15; 3; 4; 49; 12; 7; 14
7,9,0.33284,0.77778,7; 14; 20; 9; 9; 19; 5; 16
7,48,0.15327,0.14583,7; 29; 19; 18; 48; 5; 12; 3
80,82,0.78248,0.97561,80; 6; 4; 5; 82; 3; 4; 3
32,82,0.51538,0.39024,32; 5; 14; 22; 82; 3; 4; 3
6,31,0.20612,0.19355,6; 21; 18; 5; 31; 5; 10; 7
10,32,0.34746,0.3125,10; 3; 12; 20; 32; 16; 11; 20
61,82,0.79929,0.7439,61; 8; 4; 8; 82; 3; 3; 3
26,32,0.7117,0.8125,26; 16; 12; 19; 32; 6; 4; 10
30,63,0.50139,0.47619,30; 6; 16; 7; 63; 8; 4; 3
15,63,0.26873,0.2381,15; 20; 12; 4; 63; 3; 4; 11
9,53,0.20093,0.16981,9; 24; 10; 10; 53; 12; 15; 6
26,48,0.56552,0.54167,26; 4; 5; 12; 48; 12; 11; 6
41,77,0.671,0.53247,41; 15; 12; 4; 77; 5; 5; 7
13,42,0.2976,0.30952,13; 19; 26; 19; 42; 14; 16; 17
33,53,0.63085,0.62264,33; 16; 12; 6; 53; 14; 10; 13
65,77,0.82712,0.84416,65; 6; 11; 8; 77; 5; 3; 3
7,48,0.13257,0.14583,7; 26; 24; 6; 48; 16; 13; 7
6,9,0.33537,0.66667,6; 21; 24; 14; 9; 10; 13; 15
21,31,0.68376,0.67742,21; 24; 18; 16; 31; 16; 12; 19
23,53,0.43905,0.43396,23; 20; 24; 5; 53; 12; 6; 12
7,31,0.26575,0.22581,7; 4; 10; 3; 31; 7; 10; 15
7,70,0.09343,0.1,7; 21; 26; 10; 70; 7; 3; 9
32,49,0.67274,0.65306,32; 9; 9; 15; 49; 12; 8; 8
7,9,0.37495,0.77778,7; 18; 16; 27; 9; 25; 16; 18
59,63,0.96196,0.93651,59; 7; 9; 9; 63; 5; 6; 6
24,48,0.4801,0.5,24; 3; 21; 15; 48; 3; 14; 4
8,53,0.14949,0.15094,8; 25; 20; 8; 53; 13; 10; 8
57,75,0.89775,0.76,57; 7; 12; 13; 75; 3; 6; 6
70,82,0.74153,0.85366,70; 3; 8; 3; 82; 3; 3; 4
5,49,0.08667,0.10204,5; 3; 8; 24; 49; 4; 3; 12
49,77,0.8038,0.63636,49; 7; 12; 6; 77; 3; 3; 7
50,70,0.78219,0.71429,50; 5; 12; 14; 70; 6; 8; 5
34,64,0.56439,0.53125,34; 19; 10; 7; 64; 4; 8; 7
7,75,0.15405,0.09333,7; 27; 24; 30; 75; 3; 5; 7
51,78,0.79716,0.65385,51; 13; 12; 4; 78; 5; 5; 5
40,75,0.66287,0.53333,40; 19; 6; 17; 75; 6; 4; 7
33,75,0.51749,0.44,33; 12; 21; 16; 75; 5; 3; 6
21,77,0.41517,0.27273,21; 16; 22; 14; 77; 6; 7; 3
20,26,0.74373,0.76923,20; 18; 5; 17; 26; 13; 19; 19
19,63,0.32794,0.30159,19; 11; 17; 8; 63; 3; 9; 9
47,70,0.76283,0.67143,47; 12; 6; 14; 70; 3; 7; 4
79,82,0.64505,0.96341,79; 3; 6; 5; 82; 4; 3; 4
41,64,0.68102,0.64062,41; 3; 9; 10; 64; 10; 6; 9
16,31,0.49777,0.51613,16; 3; 16; 26; 31; 21; 7; 18
6,9,0.34206,0.66667,6; 19; 17; 25; 9; 19; 25; 17
36,48,0.76242,0.75,36; 11; 19; 10; 48; 10; 4; 3
6,10,0.35837,0.6,6; 19; 18; 22; 10; 14; 24; 11
6,64,0.12573,0.09375,6; 15; 5; 15; 64; 10; 11; 8
8,9,0.38345,0.88889,8; 20; 10; 27; 9; 4; 9; 21
35,48,0.76366,0.72917,35; 20; 21; 8; 48; 6; 14; 9
36,70,0.60797,0.51429,36; 3; 20; 4; 70; 3; 8; 5
16,26,0.61278,0.61538,16; 12; 10; 17; 26; 5; 5; 9
28,70,0.5,0.4,28; 17; 6; 3; 70; 5; 3; 3
28,70,0.4773,0.4,28; 16; 5; 20; 70; 6; 6; 8
10,75,0.18963,0.13333,10; 14; 22; 29; 75; 5; 6; 7
43,82,0.66425,0.52439,43; 5; 6; 7; 82; 3; 5; 3
65,77,0.82714,0.84416,65; 4; 9; 6; 77; 6; 3; 7
51,77,0.78237,0.66234,51; 4; 11; 8; 77; 5; 7; 5
16,31,0.49139,0.51613,16; 6; 21; 24; 31; 12; 11; 9
26,70,0.44473,0.37143,26; 3; 4; 14; 70; 8; 6; 7
40,49,0.74707,0.81633,40; 19; 19; 12; 49; 14; 15; 13
6,32,0.21527,0.1875,6; 28; 14; 25; 32; 5; 9; 22
5,53,0.11371,0.09434,5; 12; 15; 4; 53; 14; 14; 9
61,77,0.84526,0.79221,61; 4; 11; 12; 77; 5; 3; 4
10,70,0.20097,0.14286,10; 9; 22; 18; 70; 8; 3; 6
8,9,0.37151,0.88889,8; 23; 20; 7; 9; 24; 3; 28
6,9,0.31998,0.66667,6; 23; 5; 8; 9; 21; 13; 28
8,48,0.18721,0.16667,8; 3; 12; 8; 48; 15; 12; 8
13,42,0.2783,0.30952,13; 16; 4; 18; 42; 3; 18; 7
71,75,0.81845,0.94667,71; 9; 9; 5; 75; 3; 4; 4
44,64,0.73158,0.6875,44; 11; 16; 4; 64; 7; 10; 8
64,82,0.81928,0.78049,64; 7; 9; 5; 82; 4; 3; 5
43,78,0.65362,0.55128,43; 3; 13; 17; 78; 3; 6; 5
64,70,0.91911,0.91429,64; 3; 7; 7; 70; 5; 5; 4
24,42,0.54729,0.57143,24; 12; 4; 4; 42; 10; 13; 17
56,64,0.94129,0.875,56; 12; 12; 10; 64; 8; 11; 3
20,49,0.39273,0.40816,20; 25; 3; 11; 49; 11; 11; 5
7,32,0.22219,0.21875,7; 18; 20; 22; 32; 14; 17; 5
44,49,0.83801,0.89796,44; 15; 10; 3; 49; 9; 6; 7
50,64,0.81663,0.78125,50; 8; 16; 7; 64; 10; 6; 7
6,10,0.34848,0.6,6; 30; 10; 30; 10; 29; 23; 18
49,82,0.66563,0.59756,49; 11; 3; 6; 82; 3; 5; 4
22,31,0.68745,0.70968,22; 10; 15; 12; 31; 11; 7; 21
21,75,0.37969,0.28,21; 8; 21; 10; 75; 3; 3; 3
14,31,0.45533,0.45161,14; 27; 22; 17; 31; 9; 4; 12
30,53,0.58652,0.56604,30; 3; 18; 18; 53; 15; 15; 15
8,10,0.39095,0.8,8; 16; 20; 6; 10; 26; 8; 6
55,78,0.86306,0.70513,55; 7; 13; 3; 78; 4; 3; 4
19,82,0.38421,0.23171,19; 11; 5; 23; 82; 5; 5; 4
8,9,0.43976,0.88889,8; 13; 29; 14; 9; 7; 25; 24
76,78,0.77683,0.97436,76; 5; 6; 7; 78; 3; 6; 5
17,42,0.40725,0.40476,17; 20; 8; 27; 42; 15; 9; 6
13,42,0.33544,0.30952,13; 19; 8; 16; 42; 4; 14; 14
37,63,0.61636,0.5873,37; 3; 19; 19; 63; 4; 10; 11
30,77,0.54097,0.38961,30; 11; 21; 18; 77; 5; 7; 5
31,53,0.59252,0.58491,31; 16; 11; 16; 53; 5; 4; 9
5,64,0.11462,0.07812,5; 5; 7; 8; 64; 7; 7; 11
5,9,0.32428,0.55556,5; 29; 17; 14; 9; 25; 5; 24
28,48,0.54482,0.58333,28; 20; 7; 9; 48; 15; 11; 3
25,42,0.5451,0.59524,25; 4; 16; 12; 42; 17; 14; 10
7,10,0.38047,0.7,7; 30; 12; 26; 10; 18; 5; 20
20,75,0.38172,0.26667,20; 14; 11; 22; 75; 7; 3; 3
16,70,0.31012,0.22857,16; 21; 27; 6; 70; 8; 9; 5
11,42,0.29123,0.2619,11; 21; 15; 24; 42; 3; 14; 8
58,75,0.89217,0.77333,58; 8; 10; 3; 75; 3; 5; 3
5,31,0.20871,0.16129,5; 21; 23; 9; 31; 15; 10; 10
7,9,0.32831,0.77778,7; 24; 18; 11; 9; 24; 4; 19
54,75,0.84792,0.72,54; 11; 10; 4; 75; 3; 4; 5
47,49,0.81193,0.95918,47; 14; 15; 3; 49; 9; 6; 9
51,77,0.85674,0.66234,51; 10; 15; 8; 77; 7; 5; 7
19,42,0.46473,0.45238,19; 23; 13; 24; 42; 12; 14; 12
8,9,0.41948,0.88889,8; 11; 19; 23; 9; 27; 5; 19
11,48,0.24993,0.22917,11; 25; 15; 18; 48; 3; 4; 16
40,75,0.6429,0.53333,40; 3; 8; 12; 75; 7; 5; 7
5,10,0.29596,0.5,5; 11; 14; 18; 10; 20; 26; 13
12,31,0.3606,0.3871,12; 14; 21; 25; 31; 5; 3; 15
24,32,0.7244,0.75,24; 8; 14; 3; 32; 16; 19; 18
18,70,0.31708,0.25714,18; 7; 23; 17; 70; 7; 5; 3
57,77,0.9045,0.74026,57; 13; 12; 10; 77; 6; 5; 4
16,49,0.33246,0.32653,16; 11; 26; 14; 49; 12; 7; 5
59,70,0.94517,0.84286,59; 9; 11; 3; 70; 4; 8; 8
10,53,0.20705,0.18868,10; 4; 26; 23; 53; 5; 9; 10
30,32,0.79675,0.9375,30; 18; 10; 3; 32; 6; 7; 15
15,31,0.47934,0.48387,15; 11; 16; 21; 31; 14; 8; 16
36,64,0.61602,0.5625,36; 20; 8; 20; 64; 6; 4; 5
18,42,0.43744,0.42857,18; 21; 22; 19; 42; 4; 9; 4
10,32,0.3908,0.3125,10; 24; 20; 21; 32; 18; 7; 12
8,82,0.17892,0.09756,8; 9; 3; 20; 82; 5; 5; 5
51,53,0.84079,0.96226,51; 13; 12; 14; 53; 3; 3; 8
26,70,0.4511,0.37143,26; 12; 15; 15; 70; 8; 5; 4
8,48,0.22379,0.16667,8; 17; 7; 23; 48; 4; 4; 4
6,10,0.32957,0.6,6; 7; 23; 6; 10; 19; 19; 13
69,78,0.81942,0.88462,69; 8; 4; 7; 78; 4; 6; 5
9,10,0.49274,0.9,9; 21; 19; 29; 10; 12; 7; 4
6,64,0.12594,0.09375,6; 22; 5; 11; 64; 10; 4; 8
37,53,0.72299,0.69811,37; 8; 16; 20; 53; 11; 10; 4
13,48,0.31237,0.27083,13; 10; 28; 27; 48; 12; 13; 16
60,64,0.94614,0.9375,60; 12; 3; 6; 64; 3; 9; 10
18,42,0.45807,0.42857,18; 23; 24; 14; 42; 14; 18; 17
24,31,0.71135,0.77419,24; 13; 19; 3; 31; 16; 18; 13
19,42,0.46447,0.45238,19; 25; 24; 11; 42; 12; 15; 10
22,32,0.69675,0.6875,22; 17; 10; 24; 32; 14; 4; 10
66,77,0.7496,0.85714,66; 7; 8; 10; 77; 5; 3; 5
57,64,0.89703,0.89062,57; 7; 11; 12; 64; 4; 4; 4
9,32,0.30194,0.28125,9; 7; 10; 3; 32; 18; 6; 4
35,77,0.58031,0.45455,35; 9; 21; 12; 77; 3; 3; 6
26,53,0.52866,0.49057,26; 24; 7; 15; 53; 12; 5; 7
10,75,0.2305,0.13333,10; 15; 16; 12; 75; 6; 6; 6
12,32,0.39274,0.375,12; 15; 25; 24; 32; 20; 10; 12
48,78,0.77058,0.61538,48; 12; 5; 6; 78; 6; 6; 5
9,77,0.21596,0.11688,9; 15; 22; 12; 77; 3; 3; 7
45,49,0.8295,0.91837,45; 17; 15; 16; 49; 4; 4; 4
45,48,0.84173,0.9375,45; 11; 15; 16; 48; 5; 14; 16
7,10,0.3798,0.7,7; 17; 16; 28; 10; 17; 14; 28
14,63,0.23803,0.22222,14; 15; 17; 23; 63; 8; 5; 11
21,26,0.78674,0.80769,21; 10; 15; 12; 26; 4; 13; 16
40,75,0.62519,0.53333,40; 19; 11; 11; 75; 7; 4; 6
51,70,0.81869,0.72857,51; 13; 7; 13; 70; 4; 9; 5
32,78,0.54509,0.41026,32; 8; 17; 11; 78; 5; 5; 5
9,10,0.45724,0.9,9; 18; 25; 28; 10; 28; 14; 16
11,75,0.22184,0.14667,11; 27; 5; 22; 75; 3; 4; 5
56,64,0.93962,0.875,56; 8; 9; 3; 64; 9; 9; 8
21,31,0.68747,0.67742,21; 13; 21; 13; 31; 21; 8; 13
5,26,0.22344,0.19231,5; 7; 25; 30; 26; 11; 12; 20
71,77,0.7917,0.92208,71; 9; 3; 5; 77; 5; 3; 4
7,26,0.29505,0.26923,7; 7; 5; 28; 26; 24; 16; 8
5,48,0.12943,0.10417,5; 24; 13; 7; 48; 9; 6; 8
22,26,0.79359,0.84615,22; 11; 20; 8; 26; 5; 20; 12
8,70,0.14735,0.11429,8; 22; 18; 13; 70; 3; 8; 8
39,53,0.74338,0.73585,39; 7; 18; 14; 53; 11; 3; 12
9,64,0.15704,0.14062,9; 22; 12; 7; 64; 10; 5; 7
29,77,0.47527,0.37662,29; 23; 8; 18; 77; 5; 3; 4
28,78,0.48607,0.35897,28; 15; 17; 8; 78; 5; 5; 5
20,26,0.76748,0.76923,20; 8; 7; 5; 26; 10; 23; 20
28,31,0.78182,0.90323,28; 16; 7; 13; 31; 15; 12; 7
12,32,0.42314,0.375,12; 15; 3; 24; 32; 22; 5; 3
46,48,0.82522,0.95833,46; 7; 4; 14; 48; 5; 3; 12
8,42,0.1886,0.19048,8; 18; 3; 11; 42; 15; 4; 6
28,42,0.63759,0.66667,28; 14; 20; 20; 42; 10; 6; 11
7,10,0.39435,0.7,7; 30; 16; 10; 10; 11; 21; 10
25,63,0.40924,0.39683,25; 14; 16; 11; 63; 8; 9; 9
17,75,0.31977,0.22667,17; 24; 6; 27; 75; 5; 3; 3
23,32,0.66941,0.71875,23; 12; 23; 25; 32; 8; 17; 3
40,48,0.81079,0.83333,40; 5; 14; 9; 48; 6; 6; 7
26,31,0.71073,0.83871,26; 5; 11; 17; 31; 22; 12; 21
7,9,0.36389,0.77778,7; 21; 3; 5; 9; 19; 18; 15
15,42,0.39063,0.35714,15; 3; 25; 14; 42; 10; 5; 11
67,78,0.77088,0.85897,67; 5; 7; 4; 78; 5; 3; 3
18,26,0.73204,0.69231,18; 6; 10; 5; 26; 5; 6; 19
80,82,0.71054,0.97561,80; 3; 5; 6; 82; 4; 4; 5
27,42,0.62933,0.64286,27; 23; 10; 23; 42; 9; 17; 3
12,53,0.21321,0.22642,12; 5; 19; 13; 53; 12; 14; 9
11,64,0.19078,0.17188,11; 20; 6; 13; 64; 3; 3; 3
5,9,0.29911,0.55556,5; 27; 11; 28; 9; 8; 26; 26
28,78,0.48573,0.35897,28; 20; 8; 19; 78; 3; 5; 5
38,63,0.64534,0.60317,38; 9; 14; 9; 63; 9; 7; 7
19,63,0.31444,0.30159,19; 17; 14; 5; 63; 8; 4; 11
37,53,0.7303,0.69811,37; 11; 17; 20; 53; 11; 13; 14
74,77,0.75939,0.96104,74; 3; 8; 3; 77; 3; 4; 6
43,64,0.70132,0.67188,43; 17; 13; 4; 64; 3; 4; 6
7,9,0.37305,0.77778,7; 15; 10; 14; 9; 8; 12; 19
13,49,0.26209,0.26531,13; 6; 24; 12; 49; 5; 4; 8
34,63,0.60391,0.53968,34; 13; 14; 7; 63; 7; 7; 6
6,10,0.32691,0.6,6; 17; 4; 19; 10; 17; 22; 3
57,70,0.8988,0.81429,57; 4; 13; 11; 70; 3; 5; 8
23,31,0.73241,0.74194,23; 14; 13; 17; 31; 3; 19; 19
5,10,0.33788,0.5,5; 30; 11; 15; 10; 15; 14; 17
26,42,0.63581,0.61905,26; 22; 9; 20; 42; 5; 5; 16
6,10,0.35047,0.6,6; 13; 18; 30; 10; 29; 17; 4
19,48,0.42087,0.39583,19; 20; 23; 8; 48; 16; 9; 11
14,26,0.49881,0.53846,14; 5; 6; 16; 26; 6; 9; 12
25,31,0.70289,0.80645,25; 8; 18; 5; 31; 6; 16; 7
9,78,0.17977,0.11538,9; 6; 23; 22; 78; 6; 3; 3
13,75,0.24267,0.17333,13; 23; 27; 5; 75; 7; 7; 4
25,49,0.49481,0.5102,25; 14; 11; 4; 49; 12; 4; 4
5,9,0.27818,0.55556,5; 23; 22; 3; 9; 20; 10; 3
22,26,0.80559,0.84615,22; 3; 7; 24; 26; 6; 5; 20
6,9,0.34824,0.66667,6; 3; 26; 11; 9; 18; 8; 28
9,42,0.25049,0.21429,9; 22; 28; 12; 42; 5; 5; 9
67,70,0.86065,0.95714,67; 3; 4; 6; 70; 6; 4; 3
5,26,0.22207,0.19231,5; 14; 31; 25; 26; 21; 23; 23
8,10,0.44521,0.8,8; 8; 30; 28; 10; 14; 23; 12
61,70,0.92352,0.87143,61; 9; 12; 6; 70; 4; 8; 7
81,82,0.67992,0.9878,81; 3; 5; 5; 82; 4; 5; 4
62,64,0.93441,0.96875,62; 11; 9; 5; 64; 4; 6; 9
6,10,0.36105,0.6,6; 15; 28; 11; 10; 5; 5; 3
42,64,0.70381,0.65625,42; 8; 15; 18; 64; 11; 11; 10
67,82,0.73982,0.81707,67; 5; 9; 10; 82; 5; 4; 3
6,10,0.31557,0.6,6; 9; 7; 8; 10; 4; 12; 5
6,10,0.35946,0.6,6; 18; 24; 15; 10; 14; 10; 4
11,48,0.23551,0.22917,11; 27; 19; 22; 48; 10; 9; 14
17,32,0.49669,0.53125,17; 11; 14; 8; 32; 15; 21; 16
34,82,0.54263,0.41463,34; 5; 3; 12; 82; 5; 3; 4
14,49,0.30095,0.28571,14; 23; 23; 25; 49; 5; 12; 4
9,32,0.31733,0.28125,9; 25; 22; 12; 32; 22; 4; 17
8,9,0.39204,0.88889,8; 13; 23; 7; 9; 8; 14; 5
43,53,0.77956,0.81132,43; 6; 9; 7; 53; 3; 5; 7
36,75,0.59971,0.48,36; 10; 6; 10; 75; 6; 5; 3
19,26,0.74893,0.73077,19; 20; 24; 24; 26; 24; 18; 16
47,49,0.78466,0.95918,47; 5; 15; 11; 49; 5; 14; 5
34,53,0.67622,0.64151,34; 5; 4; 20; 53; 4; 15; 6
8,31,0.31211,0.25806,8; 15; 22; 13; 31; 6; 19; 20
41,70,0.66407,0.58571,41; 3; 13; 14; 70; 8; 6; 4
65,75,0.83292,0.86667,65; 9; 3; 6; 75; 4; 5; 6
31,48,0.74595,0.64583,31; 21; 15; 22; 48; 8; 12; 15
76,77,0.85148,0.98701,76; 5; 6; 3; 77; 7; 4; 7
21,26,0.84564,0.80769,21; 14; 3; 24; 26; 4; 18; 8
8,9,0.39274,0.88889,8; 21; 24; 7; 9; 20; 24; 6
40,49,0.77546,0.81633,40; 17; 11; 10; 49; 8; 5; 11
62,77,0.89403,0.80519,62; 9; 9; 3; 77; 6; 4; 5
9,48,0.17963,0.1875,9; 24; 28; 21; 48; 5; 8; 10
60,82,0.76439,0.73171,60; 11; 9; 3; 82; 5; 3; 3
37,48,0.85949,0.77083,37; 4; 8; 16; 48; 16; 6; 7
36,75,0.5738,0.48,36; 15; 10; 15; 75; 5; 5; 5
14,48,0.31645,0.29167,14; 11; 26; 6; 48; 9; 16; 6
5,63,0.1051,0.07937,5; 13; 22; 31; 63; 6; 4; 4
72,77,0.81248,0.93506,72; 3; 7; 4; 77; 3; 4; 7
5,9,0.30318,0.55556,5; 19; 8; 8; 9; 22; 23; 18
60,78,0.88507,0.76923,60; 10; 3; 6; 78; 3; 4; 5
18,26,0.67758,0.69231,18; 9; 16; 7; 26; 12; 10; 8
26,78,0.47904,0.33333,26; 4; 17; 5; 78; 5; 3; 6
34,77,0.55605,0.44156,34; 6; 11; 8; 77; 4; 5; 7
26,70,0.46835,0.37143,26; 14; 24; 24; 70; 8; 8; 7
6,32,0.23178,0.1875,6; 24; 11; 26; 32; 10; 10; 14
7,77,0.15559,0.09091,7; 12; 17; 27; 77; 7; 6; 6
14,63,0.26648,0.22222,14; 14; 19; 4; 63; 6; 8; 9
9,48,0.19421,0.1875,9; 6; 14; 19; 48; 14; 9; 15
42,48,0.74591,0.875,42; 5; 16; 10; 48; 4; 6; 6
32,49,0.65835,0.65306,32; 12; 10; 10; 49; 6; 11; 10
6,10,0.34923,0.6,6; 22; 22; 22; 10; 27; 20; 10
23,32,0.65763,0.71875,23; 12; 16; 25; 32; 18; 13; 4
24,82,0.44781,0.29268,24; 10; 17; 9; 82; 5; 3; 3
34,75,0.53914,0.45333,34; 15; 4; 20; 75; 3; 4; 6
20,70,0.35334,0.28571,20; 22; 18; 11; 70; 3; 4; 5
57,63,0.95961,0.90476,57; 5; 10; 9; 63; 4; 11; 8
68,70,0.86485,0.97143,68; 7; 10; 8; 70; 9; 8; 9
76,78,0.7517,0.97436,76; 3; 4; 5; 78; 5; 5; 3
10,78,0.20165,0.12821,10; 4; 20; 18; 78; 3; 4; 4
61,63,0.96989,0.96825,61; 9; 10; 3; 63; 11; 3; 9
6,9,0.31974,0.66667,6; 20; 27; 6; 9; 19; 6; 7
38,70,0.64082,0.54286,38; 11; 11; 17; 70; 6; 9; 9
46,64,0.75651,0.71875,46; 10; 10; 10; 64; 4; 6; 7
60,82,0.81873,0.73171,60; 7; 12; 9; 82; 4; 3; 5
6,10,0.34744,0.6,6; 11; 3; 30; 10; 12; 20; 25
6,9,0.32186,0.66667,6; 14; 27; 9; 9; 11; 6; 21
31,53,0.59713,0.58491,31; 15; 19; 15; 53; 12; 3; 13
54,70,0.89923,0.77143,54; 5; 14; 3; 70; 8; 6; 8
44,64,0.70044,0.6875,44; 18; 7; 14; 64; 10; 7; 10
14,49,0.31247,0.28571,14; 11; 15; 5; 49; 10; 3; 16
6,9,0.34173,0.66667,6; 12; 19; 22; 9; 17; 12; 15
8,53,0.187,0.15094,8; 28; 25; 5; 53; 14; 8; 3
19,82,0.37764,0.23171,19; 26; 17; 24; 82; 3; 4; 3
52,53,0.8598,0.98113,52; 13; 14; 8; 53; 7; 7; 6
9,53,0.20346,0.16981,9; 26; 7; 20; 53; 11; 10; 13
72,78,0.80927,0.92308,72; 4; 7; 3; 78; 4; 5; 3
6,26,0.25095,0.23077,6; 30; 16; 8; 26; 19; 23; 7
57,82,0.74517,0.69512,57; 7; 8; 10; 82; 5; 4; 3
37,82,0.58404,0.45122,37; 20; 13; 6; 82; 4; 4; 3
11,26,0.39285,0.42308,11; 12; 14; 10; 26; 16; 21; 8
11,49,0.22066,0.22449,11; 17; 4; 3; 49; 9; 3; 7
29,31,0.76891,0.93548,29; 8; 14; 10; 31; 14; 3; 17
17,75,0.32666,0.22667,17; 25; 7; 27; 75; 4; 4; 5
27,53,0.52752,0.50943,27; 17; 12; 15; 53; 12; 10; 14
28,32,0.78311,0.875,28; 13; 10; 23; 32; 21; 11; 7
7,42,0.21168,0.16667,7; 6; 19; 22; 42; 9; 3; 4
52,63,0.90339,0.8254,52; 10; 6; 10; 63; 10; 6; 6
67,75,0.8678,0.89333,67; 7; 8; 6; 75; 4; 6; 5
26,53,0.54505,0.49057,26; 9; 3; 8; 53; 4; 12; 14
43,78,0.65824,0.55128,43; 5; 11; 6; 78; 5; 4; 4
5,9,0.30065,0.55556,5; 26; 26; 27; 9; 29; 25; 8
9,32,0.30904,0.28125,9; 9; 9; 11; 32; 22; 3; 21
25,48,0.51869,0.52083,25; 13; 3; 12; 48; 6; 6; 7
19,49,0.38123,0.38776,19; 18; 12; 4; 49; 15; 7; 10
10,42,0.23209,0.2381,10; 13; 16; 23; 42; 18; 16; 17
22,63,0.40637,0.34921,22; 5; 8; 3; 63; 5; 6; 7
5,9,0.28774,0.55556,5; 25; 19; 16; 9; 3; 23; 16
24,26,0.8092,0.92308,24; 11; 24; 7; 26; 21; 14; 19
13,78,0.24142,0.16667,13; 15; 3; 23; 78; 4; 6; 6
58,78,0.88184,0.74359,58; 3; 9; 13; 78; 4; 4; 3
6,42,0.15877,0.14286,6; 15; 11; 23; 42; 12; 9; 8
49,63,0.78851,0.77778,49; 6; 16; 15; 63; 9; 5; 11
42,53,0.77003,0.79245,42; 10; 8; 9; 53; 13; 9; 5
34,64,0.56646,0.53125,34; 3; 10; 6; 64; 6; 9; 3
24,64,0.42097,0.375,24; 16; 24; 21; 64; 8; 8; 8
62,70,0.90882,0.88571,62; 3; 10; 3; 70; 5; 7; 7
23,32,0.67812,0.71875,23; 3; 24; 24; 32; 22; 17; 4
11,48,0.23488,0.22917,11; 11; 27; 21; 48; 13; 14; 10
39,75,0.64962,0.52,39; 9; 6; 17; 75; 4; 7; 7
40,64,0.67188,0.625,40; 8; 17; 16; 64; 3; 8; 5
34,63,0.5662,0.53968,34; 8; 16; 14; 63; 3; 5; 9
60,63,0.93959,0.95238,60; 5; 11; 7; 63; 9; 9; 8
6,10,0.34206,0.6,6; 26; 16; 26; 10; 6; 25; 17
61,82,0.77806,0.7439,61; 3; 8; 8; 82; 5; 5; 5
14,31,0.49841,0.45161,14; 4; 13; 11; 31; 18; 4; 19
5,10,0.31788,0.5,5; 26; 20; 17; 10; 25; 17; 14
5,9,0.30816,0.55556,5; 8; 14; 23; 9; 11; 8; 16
47,77,0.81254,0.61039,47; 5; 6; 4; 77; 4; 5; 6
18,75,0.3338,0.24,18; 23; 5; 24; 75; 6; 5; 6
23,70,0.38937,0.32857,23; 4; 4; 18; 70; 4; 6; 5
43,49,0.78371,0.87755,43; 3; 13; 5; 49; 13; 10; 4
28,31,0.79945,0.90323,28; 4; 6; 13; 31; 20; 4; 9
5,9,0.3106,0.55556,5; 21; 14; 11; 9; 9; 27; 12
67,70,0.90331,0.95714,67; 6; 7; 4; 70; 4; 5; 9
35,64,0.58966,0.54688,35; 12; 7; 16; 64; 11; 11; 6
6,9,0.3531,0.66667,6; 5; 4; 11; 9; 8; 8; 15
60,70,0.94406,0.85714,60; 7; 9; 7; 70; 3; 5; 4
28,48,0.61809,0.58333,28; 8; 17; 17; 48; 13; 3; 7
30,78,0.5168,0.38462,30; 21; 15; 3; 78; 3; 4; 6
13,26,0.44108,0.5,13; 12; 12; 21; 26; 10; 9; 14
13,63,0.21044,0.20635,13; 3; 12; 11; 63; 3; 6; 8
37,82,0.61496,0.45122,37; 10; 8; 3; 82; 5; 3; 4
40,63,0.68046,0.63492,40; 18; 12; 16; 63; 3; 4; 6
6,10,0.34361,0.6,6; 17; 25; 22; 10; 8; 6; 20
71,82,0.76839,0.86585,71; 6; 4; 5; 82; 3; 3; 3
69,70,0.8802,0.98571,69; 3; 5; 4; 70; 6; 8; 6
31,53,0.60928,0.58491,31; 14; 8; 14; 53; 10; 10; 9
46,75,0.72434,0.61333,46; 4; 6; 6; 75; 3; 3; 3
50,63,0.83265,0.79365,50; 12; 16; 7; 63; 7; 6; 5
54,64,0.88365,0.84375,54; 8; 12; 3; 64; 5; 4; 8
13,31,0.43972,0.41935,13; 19; 11; 11; 31; 7; 3; 21
8,31,0.27147,0.25806,8; 3; 6; 14; 31; 22; 17; 9
35,64,0.59035,0.54688,35; 3; 8; 4; 64; 9; 10; 3
15,42,0.39038,0.35714,15; 24; 10; 9; 42; 3; 6; 7
6,10,0.33618,0.6,6; 22; 26; 17; 10; 27; 13; 15
11,63,0.1815,0.1746,11; 5; 24; 28; 63; 5; 9; 3
11,63,0.17161,0.1746,11; 6; 24; 19; 63; 10; 4; 9
25,42,0.59141,0.59524,25; 6; 21; 16; 42; 5; 15; 15
44,75,0.71717,0.58667,44; 12; 12; 14; 75; 6; 3; 3
43,82,0.62434,0.52439,43; 5; 4; 6; 82; 3; 5; 3
20,64,0.33746,0.3125,20; 22; 13; 9; 64; 10; 3; 3
12,42,0.31537,0.28571,12; 7; 28; 24; 42; 12; 17; 12
44,78,0.70241,0.5641,44; 4; 10; 17; 78; 6; 6; 4
41,63,0.68925,0.65079,41; 14; 12; 18; 63; 5; 11; 7
10,82,0.24052,0.12195,10; 17; 27; 19; 82; 4; 4; 3
7,78,0.1723,0.08974,7; 27; 10; 14; 78; 5; 4; 3
62,82,0.87205,0.7561,62; 11; 6; 7; 82; 3; 4; 4
27,48,0.56022,0.5625,27; 18; 17; 3; 48; 12; 10; 11
25,48,0.55714,0.52083,25; 24; 18; 11; 48; 13; 11; 4
29,77,0.48689,0.37662,29; 10; 22; 17; 77; 7; 6; 6
5,31,0.2179,0.16129,5; 7; 30; 30; 31; 19; 20; 13
70,77,0.82318,0.90909,70; 3; 4; 8; 77; 5; 5; 4
6,9,0.34696,0.66667,6; 15; 3; 18; 9; 23; 27; 28
19,32,0.55655,0.59375,19; 25; 25; 5; 32; 16; 17; 13
38,49,0.78735,0.77551,38; 18; 7; 4; 49; 3; 11; 15
8,10,0.42153,0.8,8; 27; 7; 16; 10; 19; 12; 24
14,42,0.35591,0.33333,14; 16; 10; 17; 42; 9; 10; 5
16,75,0.2957,0.21333,16; 19; 9; 20; 75; 6; 6; 7
52,64,0.8354,0.8125,52; 11; 5; 13; 64; 9; 5; 3
8,9,0.42158,0.88889,8; 28; 29; 6; 9; 26; 26; 23
5,32,0.18581,0.15625,5; 24; 18; 29; 32; 20; 3; 7
40,63,0.66194,0.63492,40; 16; 6; 19; 63; 4; 5; 3
6,9,0.34279,0.66667,6; 15; 29; 23; 9; 12; 21; 22
29,64,0.47315,0.45312,29; 17; 14; 8; 64; 4; 3; 6
6,9,0.33259,0.66667,6; 9; 7; 4; 9; 6; 8; 14
50,82,0.77048,0.60976,50; 14; 3; 5; 82; 4; 4; 3
24,63,0.43429,0.38095,24; 21; 4; 20; 63; 4; 10; 5
21,77,0.40136,0.27273,21; 17; 23; 6; 77; 6; 7; 4
18,77,0.32189,0.23377,18; 19; 7; 8; 77; 3; 4; 3
10,26,0.37652,0.38462,10; 11; 15; 3; 26; 4; 15; 18
7,10,0.4098,0.7,7; 5; 12; 17; 10; 11; 8; 15
31,75,0.50437,0.41333,31; 21; 12; 6; 75; 5; 4; 7
56,75,0.85381,0.74667,56; 10; 10; 6; 75; 7; 3; 7
67,70,0.89302,0.95714,67; 8; 6; 4; 70; 4; 4; 9
41,70,0.67134,0.58571,41; 17; 16; 4; 70; 9; 7; 3
55,77,0.84758,0.71429,55; 9; 9; 14; 77; 5; 4; 3
16,48,0.335,0.33333,16; 27; 4; 7; 48; 15; 16; 10
80,82,0.69328,0.97561,80; 4; 6; 5; 82; 3; 3; 5
7,48,0.16139,0.14583,7; 3; 18; 13; 48; 6; 13; 3
8,9,0.39622,0.88889,8; 21; 21; 21; 9; 6; 10; 8
30,63,0.52201,0.47619,30; 13; 22; 9; 63; 4; 7; 7
41,78,0.64109,0.52564,41; 10; 6; 5; 78; 4; 5; 4
10,63,0.19623,0.15873,10; 7; 19; 24; 63; 3; 5; 10
36,49,0.75572,0.73469,36; 7; 16; 11; 49; 7; 6; 8
43,53,0.85904,0.81132,43; 3; 16; 12; 53; 10; 13; 7
8,10,0.3989,0.8,8; 4; 3; 20; 10; 29; 22; 16
7,82,0.17225,0.08537,7; 16; 20; 27; 82; 3; 3; 5
19,31,0.65428,0.6129,19; 16; 24; 6; 31; 17; 21; 12
42,78,0.63994,0.53846,42; 16; 17; 4; 78; 3; 3; 6
21,49,0.4301,0.42857,21; 16; 6; 17; 49; 14; 7; 16
37,49,0.79586,0.7551,37; 18; 5; 10; 49; 3; 4; 10
9,10,0.41438,0.9,9; 19; 4; 15; 10; 20; 9; 12
6,9,0.35568,0.66667,6; 27; 16; 19; 9; 5; 28; 25
16,63,0.29893,0.25397,16; 3; 4; 23; 63; 8; 4; 4
34,75,0.56054,0.45333,34; 5; 5; 15; 75; 7; 3; 5
24,26,0.81029,0.92308,24; 22; 19; 12; 26; 5; 22; 6
39,49,0.77248,0.79592,39; 19; 3; 17; 49; 11; 15; 9
62,77,0.8436,0.80519,62; 5; 7; 11; 77; 3; 3; 5
13,26,0.44946,0.5,13; 7; 16; 24; 26; 14; 11; 6
62,70,0.89559,0.88571,62; 11; 9; 6; 70; 4; 8; 9
25,32,0.691,0.78125,25; 23; 4; 23; 32; 12; 5; 21
24,31,0.69473,0.77419,24; 9; 13; 21; 31; 18; 20; 8
6,9,0.35203,0.66667,6; 19; 23; 12; 9; 25; 8; 23
8,9,0.40873,0.88889,8; 28; 15; 11; 9; 26; 10; 23
11,82,0.23123,0.13415,11; 14; 24; 13; 82; 3; 5; 4
25,49,0.51955,0.5102,25; 12; 12; 7; 49; 6; 15; 13
48,70,0.78757,0.68571,48; 7; 11; 15; 70; 5; 5; 9
7,64,0.126,0.10938,7; 18; 14; 12; 64; 8; 3; 3
11,63,0.1757,0.1746,11; 21; 24; 8; 63; 3; 10; 10
15,31,0.47984,0.48387,15; 16; 20; 26; 31; 5; 15; 7
59,78,0.87104,0.75641,59; 11; 11; 5; 78; 6; 4; 3
8,9,0.38008,0.88889,8; 28; 22; 5; 9; 7; 27; 7
18,48,0.40464,0.375,18; 23; 7; 25; 48; 4; 7; 8
5,9,0.28255,0.55556,5; 15; 25; 25; 9; 20; 18; 18
36,70,0.59106,0.51429,36; 15; 4; 8; 70; 9; 4; 8
8,9,0.37435,0.88889,8; 18; 8; 19; 9; 16; 19; 20
56,70,0.92288,0.8,56; 11; 10; 3; 70; 7; 3; 9
8,32,0.27279,0.25,8; 24; 29; 13; 32; 5; 7; 3
37,75,0.60092,0.49333,37; 14; 3; 17; 75; 5; 4; 5
33,48,0.69071,0.6875,33; 11; 6; 15; 48; 14; 15; 6
18,78,0.34591,0.23077,18; 12; 4; 5; 78; 5; 6; 4
66,77,0.78095,0.85714,66; 3; 7; 4; 77; 5; 7; 3
53,63,0.88786,0.84127,53; 14; 14; 6; 63; 9; 5; 10
36,53,0.7119,0.67925,36; 12; 3; 12; 53; 15; 5; 9
44,70,0.75023,0.62857,44; 14; 8; 17; 70; 3; 8; 7
46,78,0.76437,0.58974,46; 3; 7; 10; 78; 6; 5; 6
10,53,0.25711,0.18868,10; 6; 9; 7; 53; 15; 15; 7
23,42,0.51801,0.54762,23; 17; 7; 21; 42; 4; 16; 15
5,82,0.09588,0.06098,5; 28; 9; 20; 82; 3; 4; 3
38,42,0.84915,0.90476,38; 5; 8; 19; 42; 4; 9; 15
53,75,0.81874,0.70667,53; 15; 9; 10; 75; 7; 7; 3
6,9,0.29613,0.66667,6; 29; 11; 21; 9; 15; 29; 16
62,77,0.85725,0.80519,62; 8; 12; 6; 77; 6; 7; 4
18,26,0.76443,0.69231,18; 19; 8; 3; 26; 18; 13; 13
15,32,0.48959,0.46875,15; 3; 20; 20; 32; 3; 4; 6
47,70,0.7518,0.67143,47; 9; 5; 16; 70; 7; 6; 4
50,63,0.86746,0.79365,50; 4; 13; 12; 63; 7; 11; 10
15,31,0.46787,0.48387,15; 16; 24; 3; 31; 4; 3; 13
21,26,0.84078,0.80769,21; 3; 4; 25; 26; 4; 4; 17
39,53,0.70958,0.73585,39; 18; 18; 10; 53; 7; 14; 4
23,48,0.48852,0.47917,23; 19; 12; 19; 48; 14; 13; 7
5,9,0.29304,0.55556,5; 9; 5; 7; 9; 22; 12; 28
7,31,0.26487,0.22581,7; 5; 4; 6; 31; 13; 20; 6
56,77,0.81542,0.72727,56; 12; 4; 12; 77; 5; 3; 3
21,26,0.77764,0.80769,21; 24; 3; 8; 26; 16; 4; 13
31,42,0.71227,0.7381,31; 22; 4; 12; 42; 9; 5; 14
13,49,0.28364,0.26531,13; 23; 15; 18; 49; 11; 15; 9
53,64,0.87607,0.82812,53; 13; 10; 5; 64; 10; 9; 8
9,10,0.46091,0.9,9; 7; 27; 6; 10; 22; 24; 29
32,53,0.66402,0.60377,32; 17; 14; 20; 53; 9; 11; 6
23,53,0.44398,0.43396,23; 13; 3; 16; 53; 12; 4; 3
8,49,0.16658,0.16327,8; 21; 30; 19; 49; 16; 8; 10
30,42,0.74663,0.71429,30; 8; 12; 9; 42; 8; 15; 14
6,82,0.1809,0.07317,6; 24; 20; 21; 82; 5; 4; 5
63,78,0.82095,0.80769,63; 4; 6; 8; 78; 3; 4; 4
5,53,0.13825,0.09434,5; 14; 27; 19; 53; 11; 3; 6
20,53,0.35897,0.37736,20; 12; 24; 22; 53; 9; 8; 7
6,48,0.11557,0.125,6; 14; 20; 18; 48; 15; 4; 3
10,48,0.20446,0.20833,10; 23; 23; 27; 48; 4; 4; 4
45,82,0.67498,0.54878,45; 12; 7; 10; 82; 3; 4; 3
38,77,0.60273,0.49351,38; 9; 12; 13; 77; 6; 4; 6
27,64,0.47527,0.42188,27; 17; 7; 8; 64; 10; 6; 6
54,82,0.87591,0.65854,54; 8; 5; 6; 82; 4; 4; 3
29,48,0.58563,0.60417,29; 16; 5; 23; 48; 3; 8; 3
19,63,0.34094,0.30159,19; 26; 17; 25; 63; 5; 5; 7
46,63,0.75705,0.73016,46; 15; 14; 7; 63; 8; 11; 10
21,42,0.47611,0.5,21; 12; 19; 14; 42; 5; 18; 10
12,70,0.19049,0.17143,12; 17; 25; 22; 70; 6; 7; 3
51,63,0.81251,0.80952,51; 6; 10; 7; 63; 4; 9; 4
21,48,0.47512,0.4375,21; 18; 8; 3; 48; 5; 5; 13
46,70,0.77671,0.65714,46; 7; 3; 5; 70; 6; 4; 6
7,53,0.15625,0.13208,7; 6; 6; 18; 53; 9; 12; 6
15,53,0.29045,0.28302,15; 7; 11; 11; 53; 12; 3; 5
11,64,0.2262,0.17188,11; 25; 12; 26; 64; 4; 11; 3
50,64,0.84496,0.78125,50; 11; 14; 11; 64; 6; 11; 5
17,31,0.53142,0.54839,17; 9; 17; 21; 31; 20; 11; 18
11,26,0.41642,0.42308,11; 4; 15; 26; 26; 6; 7; 10
5,26,0.24006,0.19231,5; 20; 16; 12; 26; 21; 6; 20
31,70,0.52067,0.44286,31; 4; 18; 16; 70; 4; 7; 5
37,53,0.72167,0.69811,37; 13; 10; 13; 53; 3; 4; 3
5,26,0.21223,0.19231,5; 30; 4; 29; 26; 4; 17; 14
18,78,0.35511,0.23077,18; 6; 24; 20; 78; 6; 3; 3
47,63,0.7783,0.74603,47; 10; 11; 4; 63; 6; 3; 10
67,82,0.80695,0.81707,67; 6; 4; 5; 82; 4; 3; 3
43,63,0.71096,0.68254,43; 14; 8; 17; 63; 6; 6; 5
29,48,0.6255,0.60417,29; 20; 10; 17; 48; 9; 5; 15
66,82,0.75093,0.80488,66; 8; 10; 5; 82; 5; 5; 4
44,53,0.79205,0.83019,44; 4; 10; 17; 53; 5; 15; 9
9,10,0.4733,0.9,9; 24; 25; 21; 10; 4; 16; 28
28,31,0.76233,0.90323,28; 13; 5; 8; 31; 22; 5; 4
23,31,0.74129,0.74194,23; 14; 23; 10; 31; 12; 16; 13
10,31,0.34038,0.32258,10; 4; 9; 8; 31; 12; 11; 16
21,75,0.37412,0.28,21; 4; 5; 22; 75; 4; 6; 4
35,53,0.67674,0.66038,35; 17; 7; 18; 53; 6; 3; 12
6,10,0.3858,0.6,6; 4; 17; 11; 10; 9; 3; 22
40,49,0.83572,0.81633,40; 7; 5; 3; 49; 11; 10; 14
9,26,0.36068,0.34615,9; 11; 16; 13; 26; 13; 21; 6
37,70,0.60944,0.52857,37; 7; 10; 17; 70; 9; 9; 4
13,63,0.24658,0.20635,13; 26; 15; 12; 63; 8; 5; 5
52,63,0.84485,0.8254,52; 11; 4; 13; 63; 11; 10; 5
6,32,0.19803,0.1875,6; 27; 9; 19; 32; 18; 19; 3
32,63,0.53798,0.50794,32; 13; 18; 15; 63; 10; 7; 8
38,49,0.79548,0.77551,38; 8; 17; 16; 49; 9; 15; 9
52,63,0.90433,0.8254,52; 13; 10; 15; 63; 8; 7; 5
37,64,0.63403,0.57812,37; 10; 17; 16; 64; 5; 7; 9
10,53,0.21207,0.18868,10; 25; 28; 4; 53; 13; 11; 3
73,75,0.80251,0.97333,73; 8; 5; 7; 75; 7; 6; 3
9,32,0.30185,0.28125,9; 9; 5; 12; 32; 19; 5; 21
13,42,0.31104,0.30952,13; 22; 6; 7; 42; 4; 18; 7
29,77,0.50876,0.37662,29; 15; 8; 8; 77; 4; 5; 3
44,53,0.8182,0.83019,44; 13; 16; 18; 53; 10; 12; 12
31,82,0.51116,0.37805,31; 3; 13; 3; 82; 4; 4; 3
23,31,0.68334,0.74194,23; 22; 5; 22; 31; 16; 5; 5
6,10,0.34734,0.6,6; 23; 8; 21; 10; 23; 17; 28
21,31,0.65181,0.67742,21; 24; 15; 4; 31; 8; 13; 11
70,82,0.80244,0.85366,70; 7; 5; 4; 82; 3; 3; 4
69,82,0.82855,0.84146,69; 9; 4; 4; 82; 4; 4; 4
20,75,0.37336,0.26667,20; 12; 23; 3; 75; 4; 3; 7
62,64,0.94757,0.96875,62; 11; 10; 3; 64; 6; 4; 6
52,77,0.72699,0.67532,52; 9; 10; 3; 77; 5; 6; 3
39,48,0.78526,0.8125,39; 4; 6; 14; 48; 8; 11; 16
48,70,0.78577,0.68571,48; 15; 4; 13; 70; 6; 5; 7
41,78,0.65216,0.52564,41; 14; 19; 3; 78; 6; 5; 3
6,31,0.22911,0.19355,6; 14; 12; 21; 31; 6; 3; 16
19,63,0.32832,0.30159,19; 24; 24; 21; 63; 8; 4; 5
8,26,0.32722,0.30769,8; 14; 19; 26; 26; 11; 11; 21
5,9,0.28105,0.55556,5; 19; 25; 26; 9; 13; 5; 3
15,32,0.47135,0.46875,15; 18; 5; 19; 32; 5; 12; 17
6,10,0.37147,0.6,6; 9; 19; 11; 10; 16; 6; 19
36,78,0.59534,0.46154,36; 18; 8; 3; 78; 6; 4; 6
21,77,0.37256,0.27273,21; 6; 21; 22; 77; 5; 6; 3
16,77,0.26072,0.20779,16; 12; 13; 18; 77; 4; 4; 5
24,32,0.74383,0.75,24; 11; 8; 10; 32; 12; 13; 19
69,78,0.77707,0.88462,69; 3; 3; 4; 78; 5; 6; 6
32,48,0.67611,0.66667,32; 3; 21; 5; 48; 16; 11; 8
14,32,0.42898,0.4375,14; 22; 20; 17; 32; 16; 16; 20
56,78,0.8489,0.71795,56; 8; 10; 6; 78; 5; 3; 3
20,70,0.38589,0.28571,20; 15; 5; 20; 70; 3; 8; 4
9,49,0.16726,0.18367,9; 27; 18; 3; 49; 4; 15; 9
48,75,0.7254,0.64,48; 4; 4; 10; 75; 3; 7; 3
7,70,0.15151,0.1,7; 15; 13; 30; 70; 4; 7; 6
25,32,0.67985,0.78125,25; 3; 20; 8; 32; 22; 6; 9
17,32,0.53776,0.53125,17; 19; 6; 5; 32; 22; 16; 9
41,64,0.66866,0.64062,41; 15; 14; 19; 64; 7; 5; 6
39,53,0.72297,0.73585,39; 12; 19; 16; 53; 7; 14; 8
55,82,0.79184,0.67073,55; 4; 4; 13; 82; 3; 3; 5
50,70,0.80112,0.71429,50; 9; 10; 16; 70; 6; 9; 8
15,78,0.2783,0.19231,15; 19; 12; 25; 78; 5; 6; 6
26,64,0.44742,0.40625,26; 5; 16; 22; 64; 6; 5; 9
5,70,0.09521,0.07143,5; 23; 8; 9; 70; 4; 7; 5
63,82,0.74854,0.76829,63; 5; 10; 6; 82; 4; 3; 3
41,48,0.80835,0.85417,41; 8; 9; 4; 48; 6; 8; 12
7,9,0.34498,0.77778,7; 25; 22; 28; 9; 11; 12; 9
7,49,0.16646,0.14286,7; 10; 21; 20; 49; 5; 10; 3
47,75,0.71278,0.62667,47; 7; 10; 3; 75; 4; 3; 4
50,82,0.78919,0.60976,50; 6; 12; 14; 82; 5; 5; 5
11,75,0.23738,0.14667,11; 11; 26; 10; 75; 5; 7; 3
27,82,0.46341,0.32927,27; 20; 12; 6; 82; 3; 4; 5
7,10,0.406,0.7,7; 3; 12; 16; 10; 27; 5; 22
30,32,0.79379,0.9375,30; 15; 13; 3; 32; 15; 14; 20
60,82,0.86038,0.73171,60; 6; 8; 8; 82; 3; 4; 3
7,31,0.25909,0.22581,7; 3; 25; 20; 31; 4; 10; 18
9,10,0.43896,0.9,9; 29; 24; 24; 10; 7; 27; 3
47,77,0.75414,0.61039,47; 12; 12; 16; 77; 3; 7; 7
36,42,0.82907,0.85714,36; 5; 20; 20; 42; 13; 9; 8
34,42,0.78867,0.80952,34; 10; 18; 18; 42; 11; 8; 17
32,48,0.66617,0.66667,32; 9; 20; 18; 48; 8; 11; 14
11,26,0.43711,0.42308,11; 24; 28; 28; 26; 8; 18; 6
12,26,0.48122,0.46154,12; 16; 7; 22; 26; 16; 22; 14
6,77,0.14749,0.07792,6; 6; 10; 19; 77; 6; 6; 3
23,32,0.72023,0.71875,23; 9; 5; 15; 32; 4; 9; 8
8,9,0.38269,0.88889,8; 17; 23; 8; 9; 20; 20; 6
28,53,0.55411,0.5283,28; 9; 16; 5; 53; 15; 13; 9
7,42,0.194,0.16667,7; 27; 26; 20; 42; 18; 7; 12
26,64,0.46463,0.40625,26; 22; 18; 17; 64; 6; 7; 11
40,77,0.59567,0.51948,40; 15; 15; 5; 77; 6; 7; 5
17,31,0.55436,0.54839,17; 9; 9; 14; 31; 7; 13; 3
34,42,0.73936,0.80952,34; 15; 21; 19; 42; 14; 10; 4
36,82,0.58385,0.43902,36; 12; 17; 15; 82; 3; 5; 3
8,53,0.16965,0.15094,8; 20; 16; 28; 53; 12; 7; 4
34,78,0.55946,0.4359,34; 19; 14; 7; 78; 6; 6; 6
38,82,0.63305,0.46341,38; 17; 15; 17; 82; 5; 5; 3
9,26,0.32072,0.34615,9; 22; 15; 13; 26; 4; 22; 20
8,70,0.15346,0.11429,8; 15; 12; 25; 70; 5; 8; 3
36,75,0.6148,0.48,36; 19; 12; 3; 75; 5; 5; 4
15,78,0.30693,0.19231,15; 5; 4; 10; 78; 3; 3; 3
61,64,0.94731,0.95312,61; 3; 3; 3; 64; 8; 4; 11
19,42,0.4395,0.45238,19; 6; 18; 5; 42; 16; 4; 8
42,78,0.68974,0.53846,42; 17; 14; 17; 78; 5; 4; 6
29,31,0.77984,0.93548,29; 19; 20; 13; 31; 19; 14; 8
5,9,0.28916,0.55556,5; 21; 13; 21; 9; 17; 23; 21
22,42,0.56334,0.52381,22; 12; 14; 24; 42; 15; 13; 17
7,9,0.32697,0.77778,7; 13; 14; 27; 9; 12; 3; 6
29,78,0.49369,0.37179,29; 13; 22; 23; 78; 3; 5; 3
26,78,0.44641,0.33333,26; 21; 7; 21; 78; 5; 4; 6
20,42,0.49183,0.47619,20; 12; 10; 17; 42; 15; 6; 18
22,77,0.41384,0.28571,22; 22; 5; 22; 77; 7; 6; 6
19,75,0.35009,0.25333,19; 19; 10; 6; 75; 6; 6; 7
38,49,0.74468,0.77551,38; 17; 11; 10; 49; 13; 4; 9
8,9,0.38854,0.88889,8; 23; 24; 19; 9; 20; 21; 10
37,49,0.77401,0.7551,37; 20; 6; 8; 49; 12; 7; 14
18,63,0.29416,0.28571,18; 13; 8; 3; 63; 9; 8; 11
53,78,0.82678,0.67949,53; 13; 7; 8; 78; 3; 6; 6
6,9,0.29863,0.66667,6; 14; 24; 11; 9; 11; 10; 17
12,64,0.22563,0.1875,12; 7; 18; 13; 64; 4; 10; 10
5,78,0.12064,0.0641,5; 27; 26; 21; 78; 3; 3; 3
43,63,0.68662,0.68254,43; 3; 17; 14; 63; 6; 5; 7
57,64,0.97049,0.89062,57; 9; 10; 11; 64; 11; 11; 9
38,63,0.65742,0.60317,38; 9; 18; 8; 63; 11; 6; 5
21,48,0.44236,0.4375,21; 12; 7; 13; 48; 15; 11; 4
77,78,0.8556,0.98718,77; 7; 4; 7; 78; 5; 6; 5
39,82,0.60597,0.47561,39; 18; 16; 10; 82; 4; 3; 3
14,26,0.54095,0.53846,14; 19; 14; 26; 26; 16; 7; 19
26,49,0.52602,0.53061,26; 21; 9; 18; 49; 8; 5; 6
63,77,0.86119,0.81818,63; 11; 7; 7; 77; 5; 4; 7
8,10,0.40151,0.8,8; 28; 24; 19; 10; 11; 6; 17
67,78,0.8365,0.85897,67; 7; 3; 10; 78; 3; 4; 3
25,26,0.77985,0.96154,25; 16; 13; 24; 26; 6; 24; 22
27,70,0.42176,0.38571,27; 18; 7; 9; 70; 7; 5; 4
6,9,0.36509,0.66667,6; 14; 16; 6; 9; 28; 19; 4
8,10,0.4373,0.8,8; 13; 14; 29; 10; 18; 23; 15
39,42,0.85855,0.92857,39; 18; 17; 3; 42; 3; 12; 13
18,32,0.55148,0.5625,18; 10; 25; 23; 32; 6; 6; 10
51,63,0.87064,0.80952,51; 11; 15; 5; 63; 3; 7; 10
29,64,0.47242,0.45312,29; 16; 5; 13; 64; 9; 7; 11
51,78,0.74372,0.65385,51; 11; 14; 13; 78; 5; 5; 5
54,63,0.86828,0.85714,54; 13; 6; 10; 63; 7; 8; 5
19,64,0.35684,0.29688,19; 20; 9; 20; 64; 4; 6; 8
17,53,0.32178,0.32075,17; 6; 6; 16; 53; 6; 13; 15
39,70,0.63938,0.55714,39; 12; 11; 19; 70; 7; 3; 9
19,70,0.34246,0.27143,19; 13; 12; 24; 70; 6; 6; 5
39,49,0.78778,0.79592,39; 3; 14; 19; 49; 3; 3; 13
66,78,0.81824,0.84615,66; 3; 10; 5; 78; 3; 6; 5
55,63,0.94803,0.87302,55; 9; 11; 13; 63; 10; 11; 10
21,53,0.42102,0.39623,21; 3; 24; 25; 53; 7; 11; 12
27,70,0.48839,0.38571,27; 4; 4; 11; 70; 9; 3; 3
33,48,0.73954,0.6875,33; 12; 5; 4; 48; 14; 9; 9
22,26,0.76663,0.84615,22; 15; 3; 12; 26; 16; 4; 19
15,42,0.36072,0.35714,15; 14; 16; 24; 42; 3; 15; 8
14,82,0.31959,0.17073,14; 17; 19; 12; 82; 4; 3; 4
37,64,0.62214,0.57812,37; 14; 3; 16; 64; 11; 6; 11
29,32,0.77173,0.90625,29; 3; 12; 23; 32; 8; 5; 18
5,9,0.29923,0.55556,5; 17; 28; 8; 9; 15; 15; 5
17,63,0.28958,0.26984,17; 12; 21; 17; 63; 9; 7; 6
41,75,0.64332,0.54667,41; 4; 14; 17; 75; 7; 6; 6
13,26,0.54809,0.5,13; 20; 5; 18; 26; 17; 19; 9
10,26,0.36837,0.38462,10; 23; 20; 29; 26; 24; 3; 12
28,31,0.72538,0.90323,28; 23; 10; 3; 31; 11; 21; 7
12,77,0.24002,0.15584,12; 17; 10; 8; 77; 6; 3; 4
58,78,0.82581,0.74359,58; 6; 5; 12; 78; 4; 3; 4
17,32,0.51721,0.53125,17; 26; 24; 27; 32; 11; 7; 6
13,48,0.31047,0.27083,13; 19; 16; 6; 48; 13; 15; 11
5,9,0.31613,0.55556,5; 13; 22; 28; 9; 6; 16; 22
8,10,0.41499,0.8,8; 20; 28; 12; 10; 6; 15; 29
11,42,0.30545,0.2619,11; 26; 10; 11; 42; 3; 15; 4
61,77,0.87228,0.79221,61; 5; 8; 12; 77; 7; 6; 7
12,63,0.20833,0.19048,12; 5; 28; 12; 63; 9; 6; 10
41,53,0.78955,0.77358,41; 7; 18; 3; 53; 11; 12; 5
8,9,0.41042,0.88889,8; 15; 3; 15; 9; 5; 15; 17
6,32,0.19073,0.1875,6; 21; 15; 11; 32; 5; 10; 14
25,78,0.45471,0.32051,25; 16; 5; 6; 78; 6; 5; 6
7,78,0.16377,0.08974,7; 21; 17; 11; 78; 5; 6; 6
16,31,0.51792,0.51613,16; 9; 5; 10; 31; 9; 10; 21
38,53,0.73748,0.71698,38; 11; 19; 20; 53; 8; 12; 3
29,78,0.49364,0.37179,29; 21; 13; 22; 78; 4; 4; 5
24,32,0.7277,0.75,24; 11; 16; 6; 32; 16; 22; 13
40,82,0.61278,0.4878,40; 9; 7; 7; 82; 3; 3; 3
53,82,0.74711,0.64634,53; 9; 6; 10; 82; 4; 4; 3
37,70,0.61094,0.52857,37; 10; 15; 5; 70; 5; 4; 6
22,49,0.46505,0.44898,22; 15; 15; 7; 49; 12; 16; 6
32,49,0.68496,0.65306,32; 19; 18; 13; 49; 9; 14; 12
33,48,0.77952,0.6875,33; 6; 16; 16; 48; 6; 12; 7
35,75,0.5878,0.46667,35; 8; 11; 5; 75; 6; 3; 6
5,10,0.26032,0.5,5; 12; 17; 28; 10; 29; 25; 27
25,26,0.75314,0.96154,25; 12; 5; 10; 26; 6; 23; 13
46,63,0.75169,0.73016,46; 10; 11; 16; 63; 11; 10; 8
33,42,0.83306,0.78571,33; 21; 8; 12; 42; 8; 6; 3
7,9,0.3713,0.77778,7; 7; 23; 24; 9; 26; 4; 4
16,75,0.31161,0.21333,16; 3; 22; 6; 75; 4; 3; 3
45,70,0.7417,0.64286,45; 6; 3; 14; 70; 5; 7; 4
8,10,0.43494,0.8,8; 18; 29; 3; 10; 5; 3; 24
6,26,0.23531,0.23077,6; 15; 7; 19; 26; 8; 16; 14
29,49,0.55852,0.59184,29; 10; 19; 14; 49; 10; 15; 6
22,26,0.74351,0.84615,22; 25; 24; 15; 26; 15; 6; 20
8,10,0.40279,0.8,8; 6; 21; 30; 10; 17; 11; 26
47,63,0.83027,0.74603,47; 7; 15; 15; 63; 6; 7; 6
75,78,0.74987,0.96154,75; 5; 4; 5; 78; 4; 3; 6
18,53,0.34378,0.33962,18; 4; 10; 16; 53; 14; 13; 3
39,75,0.62609,0.52,39; 10; 15; 12; 75; 4; 6; 5
17,26,0.54061,0.65385,17; 23; 8; 17; 26; 6; 15; 10
29,49,0.57241,0.59184,29; 8; 8; 7; 49; 4; 5; 7
65,70,0.93873,0.92857,65; 3; 6; 4; 70; 5; 6; 7
40,42,0.85973,0.95238,40; 18; 6; 5; 42; 5; 9; 7
39,53,0.74021,0.73585,39; 8; 14; 18; 53; 11; 15; 15
47,64,0.76983,0.73438,47; 14; 7; 14; 64; 10; 9; 9
31,78,0.55397,0.39744,31; 12; 7; 7; 78; 3; 6; 4
13,42,0.29783,0.30952,13; 8; 10; 15; 42; 9; 12; 16
5,10,0.32995,0.5,5; 3; 26; 22; 10; 29; 4; 15
6,9,0.33048,0.66667,6; 14; 13; 10; 9; 4; 22; 15
46,75,0.72094,0.61333,46; 10; 13; 15; 75; 4; 7; 6
74,77,0.80976,0.96104,74; 4; 5; 8; 77; 4; 3; 7
7,9,0.34809,0.77778,7; 28; 10; 6; 9; 11; 18; 11
66,70,0.8828,0.94286,66; 10; 10; 7; 70; 7; 4; 7
13,32,0.40904,0.40625,13; 9; 27; 14; 32; 4; 14; 9
52,64,0.84163,0.8125,52; 6; 10; 10; 64; 4; 3; 4
62,64,0.92701,0.96875,62; 3; 12; 6; 64; 9; 7; 5
59,63,0.93354,0.93651,59; 11; 12; 11; 63; 8; 6; 11
28,32,0.73895,0.875,28; 16; 12; 22; 32; 9; 11; 9
10,64,0.22329,0.15625,10; 15; 10; 18; 64; 3; 7; 3
26,63,0.46979,0.4127,26; 20; 15; 8; 63; 3; 7; 10
5,9,0.30642,0.55556,5; 31; 30; 25; 9; 18; 26; 14
58,77,0.86883,0.75325,58; 13; 8; 5; 77; 7; 3; 7
31,48,0.65184,0.64583,31; 22; 16; 7; 48; 15; 4; 6
30,32,0.79824,0.9375,30; 21; 12; 18; 32; 16; 16; 6
14,31,0.43969,0.45161,14; 15; 13; 10; 31; 14; 9; 21
17,53,0.33251,0.32075,17; 8; 27; 14; 53; 8; 14; 12
59,63,0.9534,0.93651,59; 11; 8; 4; 63; 11; 4; 11
64,75,0.87987,0.85333,64; 5; 11; 9; 75; 4; 6; 4
23,26,0.7959,0.88462,23; 7; 12; 14; 26; 9; 9; 8
43,64,0.71673,0.67188,43; 18; 17; 13; 64; 6; 4; 7
13,32,0.43622,0.40625,13; 14; 16; 11; 32; 15; 8; 15
22,26,0.78448,0.84615,22; 22; 12; 25; 26; 22; 3; 5
15,49,0.29997,0.30612,15; 22; 24; 25; 49; 8; 14; 15
7,10,0.39494,0.7,7; 11; 12; 17; 10; 26; 21; 20
27,75,0.46182,0.36,27; 14; 10; 12; 75; 3; 5; 6
31,53,0.62825,0.58491,31; 9; 22; 18; 53; 7; 7; 5
12,75,0.22551,0.16,12; 24; 5; 16; 75; 6; 3; 5
8,49,0.18265,0.16327,8; 11; 17; 10; 49; 15; 14; 4
29,82,0.49635,0.35366,29; 6; 20; 11; 82; 4; 5; 4
24,31,0.78542,0.77419,24; 22; 5; 19; 31; 10; 20; 3
18,78,0.35909,0.23077,18; 25; 8; 15; 78; 4; 6; 3
11,32,0.36094,0.34375,11; 25; 25; 24; 32; 9; 20; 18
5,42,0.10689,0.11905,5; 31; 5; 7; 42; 6; 8; 7
6,9,0.33472,0.66667,6; 11; 18; 26; 9; 16; 6; 16
11,82,0.22845,0.13415,11; 7; 3; 27; 82; 4; 3; 5
41,48,0.76135,0.85417,41; 8; 6; 16; 48; 3; 7; 15
27,63,0.46705,0.42857,27; 4; 18; 20; 63; 11; 3; 7
47,49,0.81694,0.95918,47; 10; 8; 5; 49; 3; 10; 13
35,78,0.57329,0.44872,35; 17; 21; 19; 78; 5; 6; 4
26,82,0.47663,0.31707,26; 8; 14; 12; 82; 3; 5; 5
25,32,0.76049,0.78125,25; 17; 12; 3; 32; 5; 10; 22
25,26,0.75048,0.96154,25; 10; 17; 13; 26; 15; 8; 10
6,10,0.35925,0.6,6; 23; 29; 3; 10; 23; 24; 25
7,26,0.27983,0.26923,7; 20; 14; 26; 26; 3; 9; 22
40,78,0.63495,0.51282,40; 18; 5; 13; 78; 4; 5; 6
16,31,0.51818,0.51613,16; 8; 20; 27; 31; 4; 9; 15
6,9,0.34108,0.66667,6; 11; 19; 24; 9; 26; 29; 8
33,70,0.55922,0.47143,33; 10; 6; 12; 70; 4; 5; 7
15,64,0.25972,0.23438,15; 14; 5; 24; 64; 7; 7; 8
20,48,0.43236,0.41667,20; 5; 20; 17; 48; 10; 13; 12
15,32,0.46393,0.46875,15; 11; 6; 13; 32; 17; 12; 11
10,64,0.17635,0.15625,10; 11; 11; 18; 64; 3; 5; 5
32,53,0.63798,0.60377,32; 13; 10; 16; 53; 5; 9; 4
58,77,0.86047,0.75325,58; 12; 9; 11; 77; 4; 6; 7
9,10,0.43872,0.9,9; 7; 23; 23; 10; 17; 15; 8
59,63,0.96703,0.93651,59; 12; 3; 6; 63; 11; 8; 3
61,70,0.89613,0.87143,61; 9; 11; 9; 70; 4; 7; 9
5,9,0.29262,0.55556,5; 7; 7; 30; 9; 12; 8; 15
10,75,0.19857,0.13333,10; 6; 15; 11; 75; 3; 6; 6
45,78,0.69647,0.57692,45; 15; 12; 6; 78; 3; 6; 3
44,75,0.69898,0.58667,44; 18; 16; 4; 75; 7; 5; 4
28,31,0.80654,0.90323,28; 17; 20; 15; 31; 12; 19; 4
9,82,0.22415,0.10976,9; 9; 16; 20; 82; 4; 3; 5
25,42,0.57252,0.59524,25; 13; 24; 4; 42; 5; 8; 4
31,48,0.70759,0.64583,31; 16; 20; 20; 48; 11; 7; 9
36,42,0.84631,0.85714,36; 14; 11; 19; 42; 4; 17; 9
22,63,0.39865,0.34921,22; 8; 21; 5; 63; 11; 3; 9
6,9,0.35982,0.66667,6; 18; 4; 14; 9; 9; 20; 12
18,32,0.62192,0.5625,18; 25; 7; 23; 32; 4; 17; 4
5,10,0.29481,0.5,5; 14; 15; 8; 10; 16; 7; 10
14,26,0.56898,0.53846,14; 9; 21; 22; 26; 9; 14; 19
8,31,0.32417,0.25806,8; 5; 11; 18; 31; 21; 7; 12
35,75,0.59448,0.46667,35; 4; 19; 5; 75; 3; 4; 3
25,48,0.51419,0.52083,25; 15; 12; 22; 48; 3; 14; 6
38,48,0.82433,0.79167,38; 14; 3; 3; 48; 5; 15; 3
21,42,0.49619,0.5,21; 4; 6; 23; 42; 12; 13; 10
16,53,0.31226,0.30189,16; 27; 3; 26; 53; 6; 12; 6
62,77,0.85217,0.80519,62; 4; 10; 5; 77; 3; 7; 6
44,48,0.89402,0.91667,44; 9; 4; 7; 48; 9; 3; 16
64,82,0.86743,0.78049,64; 4; 11; 8; 82; 4; 3; 3
40,48,0.78163,0.83333,40; 19; 17; 4; 48; 14; 11; 16
17,70,0.31084,0.24286,17; 17; 16; 14; 70; 4; 8; 5
47,63,0.79876,0.74603,47; 5; 13; 6; 63; 7; 5; 4
8,9,0.35344,0.88889,8; 10; 4; 20; 9; 5; 22; 7
27,53,0.52594,0.50943,27; 10; 21; 7; 53; 11; 8; 13
63,64,0.93741,0.98438,63; 7; 11; 5; 64; 4; 8; 9
12,63,0.2365,0.19048,12; 6; 13; 21; 63; 11; 7; 4
36,48,0.80599,0.75,36; 12; 3; 3; 48; 16; 3; 5
21,49,0.45008,0.42857,21; 5; 17; 16; 49; 9; 3; 8
12,49,0.24488,0.2449,12; 23; 14; 9; 49; 10; 4; 6
10,32,0.33428,0.3125,10; 15; 4; 16; 32; 14; 8; 12
30,82,0.53717,0.36585,30; 20; 8; 5; 82; 5; 3; 3
30,42,0.73062,0.71429,30; 13; 20; 22; 42; 14; 5; 9
5,9,0.3346,0.55556,5; 26; 7; 20; 9; 27; 29; 8
20,31,0.59842,0.64516,20; 16; 21; 19; 31; 14; 18; 5
32,78,0.56384,0.41026,32; 15; 5; 18; 78; 4; 5; 4
9,10,0.45354,0.9,9; 8; 16; 14; 10; 3; 24; 16
15,31,0.46927,0.48387,15; 10; 27; 7; 31; 13; 10; 4
48,82,0.67697,0.58537,48; 8; 5; 4; 82; 3; 5; 4
9,26,0.32349,0.34615,9; 23; 29; 11; 26; 22; 7; 17
5,78,0.06127,0.0641,5; 20; 12; 25; 78; 4; 4; 5
60,63,0.97911,0.95238,60; 3; 11; 8; 63; 8; 10; 8
64,82,0.82546,0.78049,64; 6; 4; 5; 82; 3; 4; 4
11,82,0.26821,0.13415,11; 11; 14; 26; 82; 4; 3; 5
65,82,0.80588,0.79268,65; 11; 11; 11; 82; 4; 4; 3
27,64,0.44565,0.42188,27; 10; 14; 8; 64; 11; 10; 8
7,10,0.35806,0.7,7; 29; 17; 4; 10; 24; 18; 4
23,75,0.37991,0.30667,23; 17; 24; 3; 75; 6; 4; 6
20,82,0.40149,0.2439,20; 20; 8; 24; 82; 5; 5; 5
27,82,0.48716,0.32927,27; 4; 13; 16; 82; 4; 3; 3
18,31,0.55139,0.58065,18; 25; 10; 10; 31; 20; 14; 20
24,70,0.42446,0.34286,24; 22; 17; 12; 70; 7; 7; 8
42,82,0.62088,0.5122,42; 6; 15; 6; 82; 4; 4; 3
17,26,0.57022,0.65385,17; 24; 8; 8; 26; 5; 18; 10
13,49,0.27461,0.26531,13; 12; 12; 28; 49; 7; 14; 10
32,70,0.54538,0.45714,32; 17; 3; 18; 70; 5; 5; 4
14,48,0.31736,0.29167,14; 24; 11; 20; 48; 9; 12; 14
22,70,0.38162,0.31429,22; 20; 11; 7; 70; 4; 9; 4
7,10,0.38624,0.7,7; 25; 3; 10; 10; 15; 19; 22
20,31,0.63011,0.64516,20; 15; 7; 10; 31; 4; 19; 17
14,53,0.27502,0.26415,14; 20; 5; 8; 53; 11; 9; 6
59,75,0.84587,0.78667,59; 8; 9; 7; 75; 5; 7; 4
5,10,0.27872,0.5,5; 21; 30; 17; 10; 27; 3; 21
15,31,0.48203,0.48387,15; 4; 24; 6; 31; 9; 20; 6
11,48,0.25369,0.22917,11; 22; 8; 12; 48; 16; 5; 7
9,10,0.47004,0.9,9; 20; 17; 3; 10; 17; 11; 25
6,10,0.3595,0.6,6; 12; 6; 10; 10; 29; 20; 13
31,49,0.61816,0.63265,31; 8; 5; 5; 49; 10; 11; 6
35,64,0.58955,0.54688,35; 3; 20; 6; 64; 6; 10; 11
73,77,0.78261,0.94805,73; 5; 3; 8; 77; 6; 4; 4
31,32,0.78225,0.96875,31; 13; 16; 17; 32; 7; 19; 19
7,10,0.29888,0.7,7; 23; 29; 22; 10; 21; 9; 26
63,70,0.91739,0.9,63; 6; 6; 9; 70; 3; 4; 8
29,82,0.48752,0.35366,29; 14; 12; 14; 82; 4; 4; 3
58,78,0.88651,0.74359,58; 4; 6; 9; 78; 5; 5; 6
6,10,0.34192,0.6,6; 30; 8; 12; 10; 10; 21; 25
48,78,0.7101,0.61538,48; 12; 11; 12; 78; 5; 6; 3
19,48,0.42426,0.39583,19; 19; 24; 8; 48; 13; 4; 12
24,78,0.42666,0.30769,24; 24; 10; 6; 78; 6; 6; 6
11,63,0.20023,0.1746,11; 11; 19; 19; 63; 3; 5; 5
19,42,0.47158,0.45238,19; 16; 7; 22; 42; 14; 8; 15
31,32,0.84611,0.96875,31; 4; 18; 14; 32; 13; 13; 10
21,53,0.39249,0.39623,21; 24; 10; 15; 53; 15; 13; 12
15,70,0.27991,0.21429,15; 4; 7; 16; 70; 6; 5; 4
21,53,0.43094,0.39623,21; 20; 18; 22; 53; 11; 10; 14
24,26,0.80605,0.92308,24; 12; 23; 16; 26; 18; 18; 15
35,42,0.8893,0.83333,35; 19; 12; 18; 42; 17; 8; 13
46,53,0.82535,0.86792,46; 6; 11; 9; 53; 9; 13; 9
20,32,0.56889,0.625,20; 17; 9; 20; 32; 8; 19; 3
7,64,0.12739,0.10938,7; 3; 25; 14; 64; 8; 9; 4
19,77,0.37684,0.24675,19; 14; 19; 5; 77; 6; 5; 3
31,53,0.61567,0.58491,31; 21; 11; 15; 53; 12; 15; 12
55,63,0.92633,0.87302,55; 14; 11; 14; 63; 5; 4; 9
24,49,0.49847,0.4898,24; 7; 17; 11; 49; 14; 5; 5
34,49,0.72927,0.69388,34; 7; 5; 10; 49; 6; 15; 9
30,64,0.51839,0.46875,30; 16; 11; 12; 64; 6; 10; 11
18,31,0.53728,0.58065,18; 8; 5; 21; 31; 6; 11; 6
8,32,0.24953,0.25,8; 10; 30; 4; 32; 3; 21; 19
24,82,0.44825,0.29268,24; 20; 12; 23; 82; 4; 4; 4
25,26,0.73394,0.96154,25; 14; 16; 6; 26; 10; 7; 11
11,31,0.34574,0.35484,11; 16; 11; 20; 31; 16; 4; 6
7,10,0.37542,0.7,7; 27; 3; 4; 10; 25; 12; 24
12,53,0.25336,0.22642,12; 13; 23; 26; 53; 13; 3; 9
44,78,0.68528,0.5641,44; 10; 11; 6; 78; 6; 6; 4
42,48,0.76143,0.875,42; 9; 13; 17; 48; 11; 15; 10
75,82,0.72349,0.91463,75; 4; 6; 7; 82; 4; 4; 3
17,26,0.6808,0.65385,17; 18; 26; 11; 26; 8; 22; 7
60,63,0.96788,0.95238,60; 8; 5; 9; 63; 9; 9; 8
25,42,0.63097,0.59524,25; 20; 24; 24; 42; 13; 17; 9
45,70,0.75012,0.64286,45; 5; 9; 5; 70; 3; 6; 5
25,42,0.6084,0.59524,25; 20; 7; 5; 42; 10; 10; 15
42,64,0.69284,0.65625,42; 14; 8; 12; 64; 5; 8; 6
9,10,0.47669,0.9,9; 12; 23; 4; 10; 7; 13; 24
46,53,0.81117,0.86792,46; 16; 10; 17; 53; 5; 12; 11
47,82,0.78191,0.57317,47; 8; 4; 17; 82; 3; 3; 3
45,49,0.80497,0.91837,45; 3; 3; 15; 49; 6; 16; 5
17,70,0.32635,0.24286,17; 20; 5; 16; 70; 6; 4; 4
46,63,0.7481,0.73016,46; 12; 11; 10; 63; 11; 5; 7
62,78,0.83105,0.79487,62; 9; 4; 4; 78; 6; 4; 5
16,42,0.38431,0.38095,16; 17; 24; 17; 42; 9; 8; 5
5,64,0.12375,0.07812,5; 3; 27; 16; 64; 6; 10; 10
39,77,0.6263,0.50649,39; 4; 4; 14; 77; 5; 6; 3
39,42,0.82011,0.92857,39; 3; 19; 18; 42; 8; 13; 10
24,64,0.4289,0.375,24; 6; 13; 6; 64; 7; 8; 10
20,48,0.39987,0.41667,20; 6; 4; 25; 48; 4; 5; 7
12,78,0.26278,0.15385,12; 24; 6; 11; 78; 4; 4; 3
10,31,0.32361,0.32258,10; 28; 13; 27; 31; 12; 12; 13
27,82,0.46332,0.32927,27; 12; 20; 6; 82; 5; 5; 5
26,82,0.458,0.31707,26; 15; 9; 5; 82; 5; 4; 3
33,49,0.65344,0.67347,33; 7; 11; 12; 49; 5; 16; 6
40,64,0.68511,0.625,40; 11; 19; 4; 64; 6; 8; 11
8,70,0.13194,0.11429,8; 25; 4; 28; 70; 4; 6; 8
49,53,0.85813,0.92453,49; 8; 6; 10; 53; 4; 12; 6
13,26,0.47496,0.5,13; 6; 7; 16; 26; 15; 7; 24
35,77,0.57045,0.45455,35; 15; 3; 4; 77; 6; 4; 5
66,70,0.89359,0.94286,66; 7; 8; 10; 70; 7; 7; 4
39,77,0.60063,0.50649,39; 6; 8; 18; 77; 7; 7; 3
8,26,0.28705,0.30769,8; 18; 26; 23; 26; 20; 12; 7
35,49,0.75582,0.71429,35; 14; 18; 12; 49; 6; 12; 5
6,9,0.2775,0.66667,6; 14; 28; 25; 9; 24; 15; 14
7,9,0.34116,0.77778,7; 5; 27; 28; 9; 10; 14; 7
29,42,0.6654,0.69048,29; 5; 15; 12; 42; 5; 7; 14
67,75,0.88965,0.89333,67; 4; 4; 10; 75; 7; 6; 4
32,48,0.71177,0.66667,32; 12; 17; 20; 48; 7; 5; 16
6,9,0.32648,0.66667,6; 3; 12; 3; 9; 25; 15; 21
75,77,0.80949,0.97403,75; 5; 6; 4; 77; 4; 6; 7
48,78,0.78974,0.61538,48; 11; 9; 6; 78; 6; 4; 3
44,63,0.81196,0.69841,44; 6; 10; 14; 63; 11; 9; 4
7,42,0.21168,0.16667,7; 30; 8; 13; 42; 8; 13; 15
9,78,0.18575,0.11538,9; 10; 25; 21; 78; 5; 5; 3
20,70,0.36087,0.28571,20; 25; 22; 7; 70; 7; 8; 6
69,78,0.7866,0.88462,69; 8; 8; 5; 78; 3; 5; 5
23,26,0.73449,0.88462,23; 19; 12; 22; 26; 9; 3; 7
8,10,0.4308,0.8,8; 29; 6; 26; 10; 16; 10; 18
34,49,0.73173,0.69388,34; 18; 11; 5; 49; 5; 7; 3
24,31,0.73455,0.77419,24; 13; 18; 13; 31; 20; 7; 7
56,63,0.93198,0.88889,56; 9; 12; 10; 63; 3; 10; 10
18,31,0.59095,0.58065,18; 23; 23; 3; 31; 10; 5; 12
14,31,0.46353,0.45161,14; 21; 11; 9; 31; 17; 5; 19
19,78,0.35271,0.24359,19; 25; 12; 5; 78; 6; 6; 3
6,75,0.07684,0.08,6; 24; 16; 11; 75; 6; 5; 4
28,49,0.57995,0.57143,28; 14; 22; 16; 49; 7; 11; 11
7,9,0.37174,0.77778,7; 13; 22; 24; 9; 17; 12; 15
38,63,0.64962,0.60317,38; 11; 17; 18; 63; 4; 3; 7
36,49,0.77776,0.73469,36; 14; 4; 3; 49; 13; 16; 11
5,9,0.3098,0.55556,5; 6; 12; 31; 9; 3; 12; 29
30,53,0.56808,0.56604,30; 12; 17; 6; 53; 4; 5; 6
72,75,0.83639,0.96,72; 3; 5; 6; 75; 4; 6; 3
62,78,0.83048,0.79487,62; 11; 11; 11; 78; 4; 3; 6
9,10,0.45204,0.9,9; 11; 18; 19; 10; 16; 25; 18
18,77,0.34962,0.23377,18; 9; 13; 11; 77; 7; 6; 6
5,9,0.27879,0.55556,5; 12; 5; 22; 9; 24; 23; 27
60,77,0.84732,0.77922,60; 8; 8; 6; 77; 3; 6; 6
34,77,0.54687,0.44156,34; 16; 7; 7; 77; 3; 6; 6
12,48,0.25136,0.25,12; 27; 24; 26; 48; 15; 6; 12
14,64,0.25211,0.21875,14; 5; 3; 5; 64; 3; 6; 5
13,31,0.46478,0.41935,13; 26; 24; 8; 31; 17; 9; 15
8,10,0.39252,0.8,8; 17; 26; 26; 10; 8; 20; 18
13,82,0.27719,0.15854,13; 13; 27; 11; 82; 5; 3; 4
40,48,0.80482,0.83333,40; 9; 17; 16; 48; 15; 10; 13
19,77,0.34545,0.24675,19; 17; 18; 15; 77; 7; 5; 6
27,70,0.48344,0.38571,27; 9; 3; 13; 70; 8; 5; 5
44,82,0.64907,0.53659,44; 9; 12; 6; 82; 5; 3; 5
11,26,0.42322,0.42308,11; 28; 8; 17; 26; 22; 22; 4
19,26,0.6934,0.73077,19; 25; 17; 11; 26; 22; 23; 15
26,53,0.51247,0.49057,26; 11; 6; 19; 53; 7; 8; 3
30,53,0.56507,0.56604,30; 14; 20; 21; 53; 13; 4; 15
15,26,0.55503,0.57692,15; 22; 4; 7; 26; 7; 14; 13
8,9,0.39478,0.88889,8; 8; 6; 5; 9; 24; 17; 19
8,9,0.37412,0.88889,8; 21; 20; 27; 9; 29; 13; 5
7,10,0.39396,0.7,7; 3; 12; 21; 10; 24; 3; 17
6,10,0.33799,0.6,6; 15; 11; 4; 10; 17; 25; 25
40,48,0.84668,0.83333,40; 9; 15; 12; 48; 3; 13; 7
31,77,0.54433,0.4026,31; 16; 20; 7; 77; 4; 6; 6
29,78,0.51205,0.37179,29; 13; 15; 23; 78; 4; 4; 4
38,53,0.69398,0.71698,38; 11; 8; 20; 53; 3; 4; 7
7,10,0.39251,0.7,7; 29; 13; 18; 10; 6; 8; 5
70,78,0.79543,0.89744,70; 9; 3; 4; 78; 6; 6; 5
25,26,0.79154,0.96154,25; 7; 11; 10; 26; 24; 15; 17
64,78,0.84266,0.82051,64; 4; 9; 4; 78; 3; 4; 4
49,75,0.79965,0.65333,49; 10; 16; 7; 75; 5; 3; 7
25,31,0.65144,0.80645,25; 19; 19; 14; 31; 19; 4; 3
5,31,0.21474,0.16129,5; 21; 18; 13; 31; 3; 20; 6
53,64,0.8517,0.82812,53; 12; 13; 13; 64; 3; 3; 3
6,9,0.33402,0.66667,6; 16; 13; 28; 9; 19; 18; 23
27,63,0.4497,0.42857,27; 15; 18; 19; 63; 6; 4; 11
23,42,0.51192,0.54762,23; 9; 15; 4; 42; 14; 8; 10
11,26,0.43218,0.42308,11; 15; 21; 26; 26; 23; 11; 8
44,64,0.71258,0.6875,44; 10; 14; 10; 64; 9; 3; 6
5,9,0.19817,0.55556,5; 24; 25; 12; 9; 8; 20; 20
19,82,0.39933,0.23171,19; 5; 3; 5; 82; 4; 5; 5
20,75,0.37765,0.26667,20; 20; 15; 22; 75; 5; 6; 3
12,49,0.24903,0.2449,12; 12; 18; 20; 49; 9; 13; 14
46,82,0.72826,0.56098,46; 13; 6; 14; 82; 4; 5; 5
10,53,0.20012,0.18868,10; 22; 16; 12; 53; 10; 9; 12
19,31,0.62996,0.6129,19; 22; 7; 24; 31; 16; 19; 11
40,42,0.79864,0.95238,40; 8; 14; 16; 42; 9; 18; 15
19,53,0.37915,0.35849,19; 6; 7; 14; 53; 11; 14; 3
44,82,0.69252,0.53659,44; 17; 11; 14; 82; 3; 4; 4
17,82,0.33161,0.20732,17; 23; 4; 23; 82; 4; 5; 3
30,32,0.79793,0.9375,30; 5; 16; 15; 32; 8; 8; 3
28,70,0.48232,0.4,28; 23; 20; 6; 70; 8; 9; 7
11,53,0.19763,0.20755,11; 13; 9; 7; 53; 7; 8; 8
41,63,0.67997,0.65079,41; 10; 11; 4; 63; 5; 5; 3
7,82,0.14143,0.08537,7; 25; 3; 22; 82; 5; 4; 5
29,31,0.76027,0.93548,29; 17; 6; 5; 31; 13; 20; 21
11,32,0.35195,0.34375,11; 19; 6; 25; 32; 16; 9; 10
5,9,0.27238,0.55556,5; 4; 14; 27; 9; 14; 10; 7
59,78,0.8366,0.75641,59; 4; 8; 6; 78; 5; 6; 3
26,63,0.4488,0.4127,26; 19; 20; 21; 63; 4; 4; 4
5,49,0.11826,0.10204,5; 14; 3; 23; 49; 6; 8; 15
21,70,0.39703,0.3,21; 7; 22; 14; 70; 4; 6; 4
31,63,0.52399,0.49206,31; 19; 7; 7; 63; 8; 6; 7
49,77,0.78558,0.63636,49; 16; 7; 4; 77; 5; 5; 3
31,49,0.65012,0.63265,31; 15; 18; 18; 49; 12; 16; 7
8,70,0.15531,0.11429,8; 11; 10; 8; 70; 8; 4; 7
17,48,0.35133,0.35417,17; 3; 11; 14; 48; 15; 5; 16
11,26,0.38999,0.42308,11; 11; 21; 15; 26; 17; 17; 19
59,77,0.87444,0.76623,59; 8; 11; 3; 77; 4; 7; 3
64,75,0.85609,0.85333,64; 7; 5; 5; 75; 5; 3; 5
26,53,0.49294,0.49057,26; 11; 22; 13; 53; 10; 5; 7
43,64,0.7111,0.67188,43; 6; 13; 16; 64; 9; 6; 8
22,64,0.38773,0.34375,22; 22; 25; 7; 64; 8; 4; 7
7,48,0.19821,0.14583,7; 21; 8; 12; 48; 9; 7; 8
38,77,0.6039,0.49351,38; 5; 12; 19; 77; 7; 5; 6
9,42,0.23413,0.21429,9; 16; 10; 7; 42; 15; 9; 16
23,70,0.40576,0.32857,23; 6; 22; 6; 70; 5; 6; 4
11,32,0.34252,0.34375,11; 7; 25; 3; 32; 9; 12; 22
61,64,0.91285,0.95312,61; 5; 4; 4; 64; 11; 5; 7
22,26,0.75697,0.84615,22; 17; 17; 4; 26; 12; 6; 17
27,32,0.74789,0.84375,27; 8; 6; 15; 32; 9; 15; 18
37,78,0.61195,0.47436,37; 11; 18; 7; 78; 3; 3; 3
47,77,0.71533,0.61039,47; 8; 8; 10; 77; 6; 3; 7
14,31,0.421,0.45161,14; 14; 6; 6; 31; 18; 22; 17
9,31,0.30299,0.29032,9; 26; 27; 29; 31; 13; 5; 22
55,75,0.86922,0.73333,55; 13; 14; 6; 75; 7; 4; 3
76,78,0.82997,0.97436,76; 7; 5; 5; 78; 6; 5; 6
31,32,0.79362,0.96875,31; 16; 10; 14; 32; 3; 18; 5
38,49,0.81102,0.77551,38; 16; 17; 4; 49; 6; 12; 16
50,82,0.68296,0.60976,50; 16; 9; 14; 82; 3; 3; 3
25,77,0.44665,0.32468,25; 9; 13; 14; 77; 3; 3; 6
55,64,0.92033,0.85938,55; 6; 11; 12; 64; 7; 11; 10
40,48,0.7662,0.83333,40; 19; 6; 14; 48; 13; 8; 15
30,64,0.51234,0.46875,30; 5; 11; 22; 64; 6; 5; 4
12,77,0.26326,0.15584,12; 7; 16; 21; 77; 7; 4; 3
54,75,0.87137,0.72,54; 5; 4; 6; 75; 3; 4; 6
36,75,0.60299,0.48,36; 19; 16; 17; 75; 7; 5; 7
7,9,0.33061,0.77778,7; 16; 27; 22; 9; 21; 28; 9
35,48,0.77733,0.72917,35; 13; 3; 9; 48; 14; 9; 8
24,78,0.41974,0.30769,24; 8; 23; 5; 78; 5; 5; 5
22,48,0.48158,0.45833,22; 12; 10; 13; 48; 14; 5; 3
23,42,0.53826,0.54762,23; 22; 23; 16; 42; 4; 9; 15
29,31,0.79726,0.93548,29; 11; 21; 17; 31; 5; 9; 5
8,9,0.36506,0.88889,8; 5; 29; 19; 9; 10; 24; 9
28,48,0.58849,0.58333,28; 17; 16; 23; 48; 4; 4; 6
8,10,0.41019,0.8,8; 3; 19; 24; 10; 7; 4; 3
30,75,0.50885,0.4,30; 6; 7; 17; 75; 4; 5; 6
8,10,0.44192,0.8,8; 29; 8; 11; 10; 29; 13; 15
13,64,0.2332,0.20312,13; 23; 15; 27; 64; 11; 10; 11
63,77,0.82893,0.81818,63; 4; 10; 9; 77; 5; 3; 7
12,78,0.25523,0.15385,12; 11; 28; 5; 78; 4; 6; 5
23,82,0.4144,0.28049,23; 23; 18; 14; 82; 5; 5; 3
6,9,0.29262,0.66667,6; 27; 25; 4; 9; 23; 16; 26
23,32,0.69823,0.71875,23; 22; 10; 18; 32; 6; 13; 16
15,26,0.54712,0.57692,15; 21; 12; 27; 26; 15; 9; 19
31,75,0.5305,0.41333,31; 13; 6; 11; 75; 6; 5; 3
20,26,0.76873,0.76923,20; 26; 16; 21; 26; 23; 12; 6
5,9,0.29248,0.55556,5; 13; 15; 19; 9; 11; 8; 8
26,77,0.51504,0.33766,26; 23; 15; 20; 77; 3; 6; 7
5,10,0.27124,0.5,5; 5; 22; 18; 10; 5; 14; 22
35,53,0.69907,0.66038,35; 15; 19; 8; 53; 3; 15; 6
9,10,0.4715,0.9,9; 27; 8; 20; 10; 3; 27; 19
6,70,0.09831,0.08571,6; 18; 27; 5; 70; 3; 6; 4
20,53,0.36799,0.37736,20; 10; 4; 6; 53; 9; 6; 9
8,26,0.31617,0.30769,8; 27; 15; 23; 26; 23; 11; 14
5,10,0.26724,0.5,5; 22; 23; 6; 10; 29; 17; 25
17,75,0.30262,0.22667,17; 17; 3; 8; 75; 3; 3; 6
43,49,0.7924,0.87755,43; 10; 14; 5; 49; 8; 10; 15
13,26,0.5257,0.5,13; 19; 8; 19; 26; 6; 3; 14
14,53,0.28653,0.26415,14; 5; 7; 26; 53; 12; 3; 12
30,78,0.50288,0.38462,30; 11; 8; 4; 78; 4; 4; 6
63,64,0.94286,0.98438,63; 11; 8; 5; 64; 7; 11; 9
22,53,0.40833,0.41509,22; 12; 23; 25; 53; 8; 12; 5
27,31,0.7539,0.87097,27; 20; 4; 14; 31; 14; 17; 10
10,48,0.22395,0.20833,10; 18; 22; 25; 48; 14; 14; 15
21,75,0.37673,0.28,21; 21; 3; 25; 75; 5; 3; 3
5,75,0.09801,0.06667,5; 24; 27; 21; 75; 5; 4; 3
5,9,0.27058,0.55556,5; 31; 29; 29; 9; 17; 3; 28
13,42,0.29049,0.30952,13; 16; 7; 21; 42; 5; 18; 12
39,77,0.6229,0.50649,39; 17; 14; 9; 77; 6; 7; 3
7,10,0.3962,0.7,7; 30; 24; 23; 10; 26; 6; 12
13,42,0.32292,0.30952,13; 6; 17; 25; 42; 5; 10; 10
14,53,0.28962,0.26415,14; 6; 17; 26; 53; 5; 3; 6
16,53,0.31488,0.30189,16; 21; 18; 18; 53; 14; 11; 10
65,75,0.86104,0.86667,65; 7; 7; 6; 75; 4; 4; 4
26,31,0.74046,0.83871,26; 18; 12; 20; 31; 5; 6; 13
27,42,0.66257,0.64286,27; 15; 18; 13; 42; 6; 4; 7
7,9,0.36152,0.77778,7; 27; 3; 17; 9; 4; 13; 8
6,31,0.24923,0.19355,6; 12; 23; 13; 31; 6; 3; 12
19,78,0.36872,0.24359,19; 9; 5; 17; 78; 6; 5; 4
9,53,0.21555,0.16981,9; 26; 15; 24; 53; 11; 11; 12
29,70,0.52121,0.41429,29; 13; 19; 3; 70; 7; 4; 3
24,26,0.79269,0.92308,24; 14; 3; 6; 26; 4; 14; 10
5,10,0.29222,0.5,5; 26; 22; 3; 10; 22; 6; 29
51,64,0.85573,0.79688,51; 7; 11; 7; 64; 4; 10; 11
21,32,0.66482,0.65625,21; 9; 24; 16; 32; 9; 10; 19
55,77,0.86145,0.71429,55; 5; 7; 6; 77; 6; 5; 7
30,42,0.66079,0.71429,30; 19; 11; 22; 42; 7; 6; 4
8,31,0.28026,0.25806,8; 8; 10; 26; 31; 7; 15; 5
22,32,0.69575,0.6875,22; 17; 7; 8; 32; 7; 4; 21
13,48,0.30931,0.27083,13; 12; 12; 16; 48; 3; 9; 9
16,26,0.63788,0.61538,16; 25; 3; 8; 26; 8; 8; 15
5,70,0.07799,0.07143,5; 20; 6; 16; 70; 9; 5; 8
7,26,0.26473,0.26923,7; 13; 30; 11; 26; 9; 14; 16
5,9,0.32729,0.55556,5; 9; 31; 4; 9; 25; 14; 9
18,42,0.44509,0.42857,18; 17; 3; 25; 42; 6; 7; 9
41,70,0.72522,0.58571,41; 16; 16; 11; 70; 6; 7; 5
54,82,0.83613,0.65854,54; 12; 14; 14; 82; 3; 3; 3
16,77,0.30127,0.20779,16; 4; 8; 8; 77; 5; 7; 7
16,49,0.33834,0.32653,16; 21; 7; 3; 49; 15; 9; 13
7,77,0.12632,0.09091,7; 5; 20; 22; 77; 3; 6; 3
16,31,0.48708,0.51613,16; 27; 3; 11; 31; 10; 10; 11
52,70,0.8118,0.74286,52; 7; 9; 15; 70; 6; 7; 4
14,26,0.52133,0.53846,14; 23; 16; 24; 26; 4; 9; 7
25,48,0.5343,0.52083,25; 23; 18; 20; 48; 3; 15; 11
10,31,0.34526,0.32258,10; 14; 8; 14; 31; 9; 6; 18
20,26,0.79963,0.76923,20; 22; 25; 23; 26; 22; 18; 3
65,75,0.82903,0.86667,65; 3; 3; 3; 75; 4; 4; 3
9,10,0.46237,0.9,9; 6; 29; 19; 10; 16; 21; 20
46,70,0.78893,0.65714,46; 5; 6; 12; 70; 8; 3; 6
66,75,0.84995,0.88,66; 9; 10; 10; 75; 3; 3; 5
8,10,0.42232,0.8,8; 10; 13; 6; 10; 10; 10; 24
24,42,0.55567,0.57143,24; 16; 11; 4; 42; 9; 12; 17
35,70,0.56457,0.5,35; 10; 13; 14; 70; 6; 4; 5
43,82,0.66235,0.52439,43; 12; 5; 7; 82; 4; 4; 5
35,42,0.8882,0.83333,35; 11; 7; 7; 42; 13; 13; 5
23,49,0.48004,0.46939,23; 3; 16; 13; 49; 6; 13; 7
38,64,0.6043,0.59375,38; 19; 3; 15; 64; 10; 10; 6
8,9,0.36158,0.88889,8; 5; 25; 12; 9; 25; 26; 28
10,26,0.40608,0.38462,10; 15; 3; 12; 26; 5; 6; 13
33,75,0.54763,0.44,33; 13; 16; 11; 75; 7; 3; 6
36,77,0.61163,0.46753,36; 10; 15; 13; 77; 6; 3; 5
13,53,0.26589,0.24528,13; 15; 27; 12; 53; 15; 10; 10
31,78,0.5156,0.39744,31; 14; 14; 6; 78; 4; 4; 4
11,63,0.15552,0.1746,11; 28; 24; 29; 63; 9; 6; 5
39,78,0.66999,0.5,39; 18; 14; 13; 78; 5; 4; 4
76,82,0.78666,0.92683,76; 6; 3; 3; 82; 3; 5; 4
47,53,0.82139,0.88679,47; 13; 17; 3; 53; 12; 12; 8
9,26,0.34691,0.34615,9; 24; 26; 14; 26; 22; 20; 18
21,26,0.83106,0.80769,21; 10; 7; 7; 26; 16; 19; 9
35,48,0.74425,0.72917,35; 11; 14; 8; 48; 7; 3; 11
27,31,0.77149,0.87097,27; 4; 17; 10; 31; 16; 16; 10
18,75,0.35112,0.24,18; 7; 11; 4; 75; 3; 3; 6
31,49,0.64373,0.63265,31; 9; 21; 7; 49; 16; 15; 15
28,53,0.57037,0.5283,28; 12; 7; 14; 53; 7; 12; 3
8,9,0.39442,0.88889,8; 7; 5; 9; 9; 7; 5; 25
70,77,0.79733,0.90909,70; 3; 4; 8; 77; 4; 6; 5
24,42,0.59196,0.57143,24; 7; 18; 10; 42; 18; 14; 4
28,31,0.76436,0.90323,28; 3; 22; 7; 31; 12; 22; 13
8,31,0.27152,0.25806,8; 13; 3; 26; 31; 16; 22; 7
24,49,0.50889,0.4898,24; 10; 21; 22; 49; 12; 15; 13
23,48,0.47977,0.47917,23; 4; 12; 22; 48; 3; 14; 7
12,31,0.41521,0.3871,12; 13; 4; 21; 31; 4; 12; 8
6,10,0.34222,0.6,6; 9; 27; 19; 10; 28; 19; 20
41,49,0.83432,0.83673,41; 6; 16; 9; 49; 6; 16; 7
75,82,0.71603,0.91463,75; 5; 5; 7; 82; 5; 5; 5
13,78,0.27857,0.16667,13; 25; 10; 4; 78; 4; 5; 6
5,75,0.11878,0.06667,5; 22; 23; 21; 75; 3; 6; 7
61,64,0.93195,0.95312,61; 10; 3; 3; 64; 10; 9; 4
35,78,0.59866,0.44872,35; 16; 20; 11; 78; 5; 5; 5
29,63,0.50816,0.46032,29; 14; 3; 12; 63; 9; 5; 8
31,70,0.52393,0.44286,31; 16; 13; 22; 70; 9; 4; 5
34,70,0.54891,0.48571,34; 19; 10; 18; 70; 3; 8; 9
15,42,0.37833,0.35714,15; 5; 5; 23; 42; 5; 3; 6
62,75,0.84448,0.82667,62; 6; 10; 3; 75; 4; 7; 3
61,82,0.73305,0.7439,61; 7; 3; 12; 82; 4; 5; 3
5,9,0.30335,0.55556,5; 26; 10; 20; 9; 12; 26; 8
15,82,0.31482,0.18293,15; 14; 15; 21; 82; 4; 3; 3
10,75,0.20849,0.13333,10; 12; 3; 9; 75; 7; 6; 5
55,82,0.78505,0.67073,55; 4; 14; 10; 82; 5; 5; 5
24,75,0.43945,0.32,24; 7; 4; 9; 75; 4; 6; 4
30,53,0.60766,0.56604,30; 16; 12; 22; 53; 13; 13; 14
21,31,0.64066,0.67742,21; 3; 19; 22; 31; 5; 17; 13
59,70,0.91209,0.84286,59; 6; 7; 6; 70; 3; 7; 3
6,9,0.35722,0.66667,6; 8; 20; 28; 9; 10; 3; 18
8,9,0.38246,0.88889,8; 23; 15; 21; 9; 13; 3; 16
46,63,0.79125,0.73016,46; 10; 5; 14; 63; 5; 7; 8
14,49,0.30466,0.28571,14; 7; 20; 27; 49; 16; 3; 15
13,64,0.25693,0.20312,13; 27; 25; 10; 64; 4; 11; 11
7,9,0.3409,0.77778,7; 15; 24; 14; 9; 28; 7; 18
22,26,0.78903,0.84615,22; 23; 13; 12; 26; 4; 21; 16
5,9,0.24496,0.55556,5; 18; 10; 28; 9; 27; 24; 9
16,53,0.31734,0.30189,16; 23; 6; 11; 53; 7; 10; 12
33,77,0.57429,0.42857,33; 21; 4; 19; 77; 4; 4; 5
58,64,0.96258,0.90625,58; 7; 9; 11; 64; 8; 9; 10
20,63,0.35249,0.31746,20; 23; 24; 16; 63; 5; 4; 11
22,75,0.40593,0.29333,22; 12; 18; 8; 75; 5; 6; 3
8,64,0.1388,0.125,8; 30; 4; 29; 64; 3; 7; 11
20,42,0.42901,0.47619,20; 17; 22; 13; 42; 16; 3; 5
13,53,0.25944,0.24528,13; 8; 26; 25; 53; 9; 12; 3
6,9,0.34105,0.66667,6; 22; 17; 5; 9; 26; 17; 16
28,32,0.80548,0.875,28; 7; 11; 15; 32; 15; 21; 13
62,82,0.76397,0.7561,62; 12; 7; 10; 82; 5; 3; 3
19,75,0.36334,0.25333,19; 4; 6; 11; 75; 5; 7; 3
9,48,0.19412,0.1875,9; 21; 15; 23; 48; 6; 13; 5
37,78,0.60138,0.47436,37; 6; 20; 5; 78; 3; 3; 3
26,49,0.52152,0.53061,26; 6; 23; 19; 49; 4; 11; 12
26,31,0.69943,0.83871,26; 14; 7; 11; 31; 8; 12; 22
6,9,0.32108,0.66667,6; 29; 27; 16; 9; 29; 28; 28
19,64,0.33552,0.29688,19; 3; 17; 4; 64; 8; 7; 4
31,48,0.67344,0.64583,31; 20; 13; 7; 48; 3; 13; 4
63,82,0.86781,0.76829,63; 11; 11; 7; 82; 4; 5; 4
76,77,0.7296,0.98701,76; 4; 5; 6; 77; 6; 3; 4
47,49,0.82552,0.95918,47; 5; 10; 7; 49; 6; 11; 7
9,70,0.14361,0.12857,9; 29; 28; 3; 70; 8; 6; 8
55,63,0.9103,0.87302,55; 4; 8; 12; 63; 6; 8; 5
23,49,0.46537,0.46939,23; 24; 7; 10; 49; 16; 12; 6
48,70,0.80144,0.68571,48; 6; 15; 11; 70; 8; 5; 3
53,78,0.80802,0.67949,53; 6; 4; 5; 78; 6; 6; 4
42,48,0.82609,0.875,42; 16; 18; 5; 48; 15; 16; 3
64,70,0.89114,0.91429,64; 5; 8; 10; 70; 3; 9; 9
5,10,0.34555,0.5,5; 14; 25; 17; 10; 14; 9; 14
7,42,0.19064,0.16667,7; 8; 29; 3; 42; 12; 17; 9
47,63,0.7812,0.74603,47; 3; 3; 5; 63; 4; 3; 5
5,77,0.13186,0.06494,5; 29; 12; 23; 77; 7; 3; 3
44,70,0.74036,0.62857,44; 16; 9; 10; 70; 5; 3; 6
26,48,0.55916,0.54167,26; 12; 10; 13; 48; 12; 7; 13
30,78,0.51838,0.38462,30; 9; 9; 18; 78; 6; 6; 5
17,70,0.27942,0.24286,17; 3; 22; 23; 70; 7; 7; 9
49,64,0.8134,0.76562,49; 11; 9; 9; 64; 8; 5; 10
45,48,0.79903,0.9375,45; 16; 13; 6; 48; 16; 8; 14
58,64,0.95599,0.90625,58; 13; 8; 3; 64; 6; 6; 7
7,9,0.3591,0.77778,7; 26; 18; 12; 9; 13; 5; 29
11,77,0.23646,0.14286,11; 12; 4; 20; 77; 5; 7; 4
6,9,0.30444,0.66667,6; 26; 29; 27; 9; 18; 28; 19
31,70,0.53663,0.44286,31; 7; 6; 7; 70; 5; 9; 9
7,10,0.37457,0.7,7; 10; 28; 13; 10; 29; 25; 4
39,53,0.76769,0.73585,39; 5; 14; 13; 53; 12; 12; 14
47,82,0.73109,0.57317,47; 13; 14; 12; 82; 4; 4; 3
63,64,0.93022,0.98438,63; 3; 5; 10; 64; 10; 10; 9
9,10,0.45777,0.9,9; 16; 21; 10; 10; 5; 20; 6
43,75,0.68534,0.57333,43; 16; 12; 7; 75; 5; 7; 6
9,10,0.46046,0.9,9; 25; 25; 15; 10; 22; 27; 25
28,78,0.49452,0.35897,28; 17; 16; 4; 78; 3; 4; 3
11,78,0.23765,0.14103,11; 20; 20; 25; 78; 4; 5; 4
61,78,0.86261,0.78205,61; 6; 7; 8; 78; 3; 5; 3
12,78,0.27418,0.15385,12; 8; 14; 21; 78; 4; 3; 6
21,49,0.39265,0.42857,21; 25; 12; 6; 49; 14; 13; 3
29,31,0.75289,0.93548,29; 9; 14; 14; 31; 9; 13; 11
5,49,0.13895,0.10204,5; 15; 23; 10; 49; 7; 16; 7
55,75,0.87523,0.73333,55; 7; 4; 14; 75; 6; 4; 3
17,77,0.33716,0.22078,17; 17; 7; 18; 77; 7; 3; 5
13,82,0.25857,0.15854,13; 12; 10; 20; 82; 3; 3; 5
34,77,0.56342,0.44156,34; 21; 3; 15; 77; 7; 4; 4
52,53,0.87713,0.98113,52; 10; 9; 4; 53; 15; 4; 7
12,49,0.24083,0.2449,12; 8; 16; 27; 49; 15; 5; 16
18,49,0.38501,0.36735,18; 22; 20; 7; 49; 5; 12; 8
26,31,0.69872,0.83871,26; 21; 13; 19; 31; 13; 21; 18
8,10,0.37567,0.8,8; 26; 8; 18; 10; 26; 16; 18
8,32,0.24729,0.25,8; 16; 20; 11; 32; 4; 16; 18
31,63,0.5262,0.49206,31; 11; 11; 19; 63; 7; 11; 11
35,63,0.58032,0.55556,35; 5; 12; 10; 63; 9; 7; 4
6,9,0.33508,0.66667,6; 8; 6; 14; 9; 19; 17; 21
5,48,0.16775,0.10417,5; 3; 27; 8; 48; 9; 6; 15
11,49,0.21693,0.22449,11; 7; 22; 11; 49; 4; 6; 8
71,75,0.87833,0.94667,71; 5; 5; 4; 75; 3; 5; 7
60,78,0.86195,0.76923,60; 5; 12; 11; 78; 5; 3; 5
8,78,0.20202,0.10256,8; 25; 15; 3; 78; 4; 6; 5
34,48,0.72826,0.70833,34; 20; 12; 3; 48; 5; 16; 11
32,42,0.73089,0.7619,32; 15; 17; 8; 42; 4; 8; 8
29,63,0.49645,0.46032,29; 7; 19; 14; 63; 4; 11; 9
9,32,0.32599,0.28125,9; 9; 9; 13; 32; 18; 21; 15
36,42,0.87603,0.85714,36; 15; 8; 15; 42; 13; 12; 12
15,49,0.3245,0.30612,15; 11; 4; 23; 49; 5; 10; 8
15,63,0.27179,0.2381,15; 16; 13; 11; 63; 9; 4; 10
10,75,0.1733,0.13333,10; 29; 23; 27; 75; 5; 7; 3
5,64,0.06802,0.07812,5; 22; 22; 14; 64; 11; 10; 4
19,64,0.32733,0.29688,19; 8; 15; 4; 64; 11; 10; 3
60,78,0.85706,0.76923,60; 4; 8; 12; 78; 4; 4; 5
18,78,0.34288,0.23077,18; 21; 6; 9; 78; 4; 3; 4
21,26,0.84775,0.80769,21; 11; 18; 14; 26; 21; 18; 11
37,53,0.72392,0.69811,37; 5; 9; 9; 53; 9; 6; 14
42,78,0.66301,0.53846,42; 3; 18; 3; 78; 5; 4; 6
57,82,0.79175,0.69512,57; 4; 13; 9; 82; 5; 5; 5
32,70,0.54339,0.45714,32; 18; 8; 12; 70; 3; 6; 6
6,9,0.3406,0.66667,6; 24; 7; 22; 9; 9; 24; 19
32,63,0.53891,0.50794,32; 11; 5; 17; 63; 4; 9; 9
32,64,0.52432,0.5,32; 22; 15; 9; 64; 6; 3; 8
51,63,0.84395,0.80952,51; 14; 14; 4; 63; 3; 4; 8
17,31,0.50382,0.54839,17; 4; 3; 27; 31; 19; 19; 17
11,32,0.38458,0.34375,11; 20; 25; 4; 32; 11; 10; 11
40,53,0.73098,0.75472,40; 5; 4; 13; 53; 7; 13; 3
31,75,0.53215,0.41333,31; 12; 19; 8; 75; 6; 7; 4
59,75,0.89397,0.78667,59; 8; 4; 8; 75; 4; 5; 3
39,49,0.76896,0.79592,39; 5; 8; 14; 49; 14; 15; 10
58,63,0.94334,0.92063,58; 8; 8; 13; 63; 3; 5; 4
74,78,0.72497,0.94872,74; 3; 3; 7; 78; 4; 5; 6
8,10,0.4089,0.8,8; 6; 25; 18; 10; 25; 21; 27
36,70,0.61792,0.51429,36; 15; 11; 9; 70; 3; 6; 7
34,82,0.56411,0.41463,34; 18; 4; 17; 82; 5; 4; 3
18,32,0.58877,0.5625,18; 23; 17; 26; 32; 15; 18; 21
6,10,0.34208,0.6,6; 30; 17; 18; 10; 6; 12; 27
62,64,0.94426,0.96875,62; 5; 8; 8; 64; 8; 9; 11
7,9,0.38413,0.77778,7; 3; 8; 4; 9; 7; 11; 19
17,53,0.33236,0.32075,17; 18; 11; 11; 53; 15; 15; 11
40,82,0.65686,0.4878,40; 12; 14; 18; 82; 4; 3; 4
29,53,0.55268,0.54717,29; 4; 19; 23; 53; 12; 12; 4
7,10,0.38327,0.7,7; 20; 16; 8; 10; 16; 12; 25
59,75,0.91881,0.78667,59; 4; 6; 3; 75; 3; 5; 4
68,82,0.73351,0.82927,68; 8; 6; 7; 82; 3; 4; 5
20,77,0.37551,0.25974,20; 9; 21; 7; 77; 6; 3; 3
37,49,0.7639,0.7551,37; 11; 15; 7; 49; 11; 15; 6
6,9,0.35362,0.66667,6; 15; 18; 10; 9; 4; 6; 18
8,53,0.16464,0.15094,8; 15; 23; 5; 53; 11; 14; 8
24,48,0.48708,0.5,24; 6; 17; 18; 48; 10; 12; 13
16,63,0.27299,0.25397,16; 22; 23; 27; 63; 7; 9; 9
58,75,0.89341,0.77333,58; 6; 8; 5; 75; 4; 3; 7
10,64,0.18629,0.15625,10; 17; 16; 9; 64; 7; 6; 8
26,49,0.5229,0.53061,26; 10; 15; 16; 49; 15; 13; 5
11,64,0.17047,0.17188,11; 7; 3; 19; 64; 7; 7; 7
34,77,0.56412,0.44156,34; 20; 19; 20; 77; 7; 4; 3
21,31,0.61261,0.67742,21; 9; 3; 7; 31; 16; 15; 16
27,63,0.45456,0.42857,27; 14; 15; 13; 63; 4; 3; 5
47,75,0.76292,0.62667,47; 8; 12; 3; 75; 3; 3; 4
21,42,0.4786,0.5,21; 22; 4; 17; 42; 13; 3; 8
39,64,0.6716,0.60938,39; 11; 6; 5; 64; 6; 8; 8
68,82,0.82661,0.82927,68; 5; 6; 4; 82; 3; 5; 5
12,78,0.26131,0.15385,12; 9; 16; 23; 78; 4; 3; 4
20,64,0.36554,0.3125,20; 5; 6; 26; 64; 11; 11; 10
34,82,0.56419,0.41463,34; 13; 10; 13; 82; 4; 3; 4
38,42,0.8294,0.90476,38; 19; 15; 6; 42; 4; 12; 17
7,26,0.30346,0.26923,7; 25; 16; 3; 26; 5; 8; 11
5,10,0.32058,0.5,5; 29; 27; 9; 10; 4; 3; 26
7,9,0.34671,0.77778,7; 24; 27; 24; 9; 24; 9; 28
30,63,0.51436,0.47619,30; 3; 15; 21; 63; 3; 7; 5
49,53,0.86103,0.92453,49; 15; 5; 7; 53; 9; 13; 3
6,70,0.07286,0.08571,6; 26; 3; 24; 70; 8; 3; 5
5,78,0.11332,0.0641,5; 10; 10; 18; 78; 4; 6; 6
16,42,0.40887,0.38095,16; 20; 11; 27; 42; 4; 7; 6
18,77,0.35837,0.23377,18; 9; 25; 22; 77; 7; 5; 5
6,63,0.09266,0.09524,6; 20; 4; 10; 63; 10; 6; 9
16,26,0.61721,0.61538,16; 13; 5; 8; 26; 20; 9; 9
45,48,0.81365,0.9375,45; 14; 14; 17; 48; 8; 8; 10
8,10,0.42455,0.8,8; 8; 20; 13; 10; 7; 6; 29
7,9,0.39059,0.77778,7; 15; 11; 9; 9; 26; 12; 7
50,63,0.78571,0.79365,50; 12; 3; 16; 63; 10; 4; 7
11,53,0.22505,0.20755,11; 10; 16; 6; 53; 12; 8; 10
11,32,0.31782,0.34375,11; 13; 7; 16; 32; 4; 22; 11
35,75,0.58879,0.46667,35; 15; 6; 7; 75; 5; 6; 3
6,10,0.36203,0.6,6; 30; 21; 22; 10; 14; 18; 24
19,42,0.42156,0.45238,19; 15; 24; 17; 42; 13; 8; 4
20,75,0.37252,0.26667,20; 23; 5; 22; 75; 5; 7; 5
52,70,0.84784,0.74286,52; 14; 9; 11; 70; 8; 6; 7
16,32,0.52808,0.5,16; 24; 8; 9; 32; 20; 16; 19
22,48,0.48878,0.45833,22; 8; 24; 19; 48; 14; 7; 8
6,48,0.14038,0.125,6; 7; 10; 21; 48; 8; 6; 9
32,75,0.50749,0.42667,32; 17; 13; 14; 75; 7; 7; 7
10,75,0.21713,0.13333,10; 8; 26; 28; 75; 5; 4; 6
41,53,0.77051,0.77358,41; 7; 11; 5; 53; 14; 10; 14
12,48,0.27693,0.25,12; 8; 8; 19; 48; 7; 12; 4
12,48,0.25404,0.25,12; 21; 27; 23; 48; 11; 16; 6
26,31,0.71704,0.83871,26; 6; 5; 15; 31; 22; 18; 16
32,77,0.53761,0.41558,32; 3; 16; 12; 77; 5; 7; 6
18,26,0.72173,0.69231,18; 4; 4; 13; 26; 12; 21; 3
10,70,0.17888,0.14286,10; 4; 8; 20; 70; 4; 5; 9
60,64,0.95218,0.9375,60; 5; 5; 3; 64; 6; 3; 8
7,10,0.39031,0.7,7; 30; 7; 25; 10; 28; 24; 28
23,32,0.72198,0.71875,23; 6; 22; 19; 32; 15; 3; 3
20,42,0.50607,0.47619,20; 8; 16; 13; 42; 14; 15; 9
23,70,0.41723,0.32857,23; 10; 3; 20; 70; 7; 5; 4
31,63,0.5191,0.49206,31; 14; 6; 22; 63; 7; 11; 10
36,77,0.5779,0.46753,36; 13; 14; 3; 77; 5; 5; 7
6,48,0.10438,0.125,6; 23; 9; 24; 48; 14; 5; 4
13,53,0.2787,0.24528,13; 21; 6; 19; 53; 13; 14; 10
5,32,0.19357,0.15625,5; 11; 20; 21; 32; 15; 5; 10
9,10,0.47129,0.9,9; 11; 13; 9; 10; 11; 23; 26
37,63,0.62447,0.5873,37; 13; 3; 10; 63; 8; 5; 9
21,31,0.66191,0.67742,21; 18; 9; 9; 31; 17; 19; 13
9,26,0.34081,0.34615,9; 13; 9; 23; 26; 4; 14; 13
20,32,0.64171,0.625,20; 14; 5; 21; 32; 14; 4; 12
8,9,0.39438,0.88889,8; 25; 24; 25; 9; 29; 9; 8
10,48,0.23277,0.20833,10; 8; 20; 11; 48; 4; 15; 10
31,49,0.64517,0.63265,31; 16; 19; 21; 49; 11; 10; 3
7,64,0.14863,0.10938,7; 29; 4; 14; 64; 5; 7; 9
6,10,0.33409,0.6,6; 13; 20; 25; 10; 8; 26; 13
10,53,0.22068,0.18868,10; 15; 7; 5; 53; 6; 6; 10
21,78,0.36037,0.26923,21; 8; 21; 25; 78; 3; 3; 5
63,64,0.9273,0.98438,63; 7; 11; 11; 64; 6; 11; 9
10,26,0.38925,0.38462,10; 22; 9; 9; 26; 7; 3; 11
11,64,0.20791,0.17188,11; 13; 28; 25; 64; 5; 9; 4
11,77,0.2108,0.14286,11; 13; 8; 23; 77; 7; 7; 4
25,64,0.4258,0.39062,25; 4; 12; 14; 64; 6; 4; 6
31,42,0.73659,0.7381,31; 19; 13; 3; 42; 6; 9; 4
23,31,0.69031,0.74194,23; 9; 4; 25; 31; 21; 17; 21
6,9,0.35967,0.66667,6; 21; 3; 18; 9; 25; 6; 5
21,32,0.69184,0.65625,21; 21; 4; 8; 32; 22; 4; 18
26,48,0.52606,0.54167,26; 13; 23; 12; 48; 14; 16; 3
7,10,0.40417,0.7,7; 30; 27; 5; 10; 22; 7; 26
5,9,0.25374,0.55556,5; 15; 6; 9; 9; 10; 20; 3
5,9,0.31262,0.55556,5; 20; 8; 25; 9; 9; 18; 3
48,78,0.75748,0.61538,48; 5; 7; 9; 78; 4; 6; 4
27,70,0.47319,0.38571,27; 22; 5; 13; 70; 7; 4; 8
17,53,0.34111,0.32075,17; 22; 14; 3; 53; 8; 9; 15
35,64,0.55945,0.54688,35; 12; 16; 13; 64; 3; 9; 8
21,31,0.65923,0.67742,21; 7; 21; 12; 31; 19; 6; 14
6,26,0.23363,0.23077,6; 7; 16; 19; 26; 5; 24; 18
33,49,0.6612,0.67347,33; 10; 21; 18; 49; 7; 16; 16
62,75,0.86678,0.82667,62; 9; 11; 4; 75; 3; 7; 4
8,31,0.27877,0.25806,8; 24; 19; 6; 31; 11; 16; 10
37,49,0.75819,0.7551,37; 8; 8; 9; 49; 12; 10; 12
17,26,0.63945,0.65385,17; 22; 6; 22; 26; 14; 19; 15
56,75,0.81306,0.74667,56; 3; 10; 6; 75; 7; 4; 4
23,26,0.77545,0.88462,23; 9; 20; 25; 26; 18; 7; 22
31,48,0.70219,0.64583,31; 21; 5; 4; 48; 5; 11; 13
14,42,0.34752,0.33333,14; 26; 27; 11; 42; 11; 6; 16
35,75,0.62522,0.46667,35; 20; 5; 8; 75; 6; 6; 3
55,82,0.84462,0.67073,55; 12; 11; 7; 82; 5; 3; 3
48,64,0.77928,0.75,48; 13; 5; 14; 64; 6; 6; 3
13,64,0.20537,0.20312,13; 21; 7; 19; 64; 7; 4; 11
44,78,0.71079,0.5641,44; 10; 10; 16; 78; 6; 4; 3
20,26,0.69746,0.76923,20; 9; 20; 8; 26; 16; 16; 7
21,42,0.5255,0.5,21; 5; 23; 25; 42; 13; 6; 12
5,10,0.32177,0.5,5; 18; 18; 6; 10; 21; 19; 10
29,42,0.61949,0.69048,29; 18; 7; 8; 42; 12; 10; 4
61,64,0.91474,0.95312,61; 3; 4; 6; 64; 9; 7; 9
24,49,0.48512,0.4898,24; 17; 11; 11; 49; 4; 16; 4
27,31,0.73373,0.87097,27; 15; 4; 16; 31; 6; 6; 22
56,82,0.76308,0.68293,56; 8; 13; 9; 82; 3; 3; 3
10,70,0.1951,0.14286,10; 16; 7; 28; 70; 3; 5; 7
5,48,0.08036,0.10417,5; 22; 7; 5; 48; 6; 14; 15
41,49,0.76585,0.83673,41; 7; 13; 3; 49; 3; 8; 7
28,77,0.48634,0.36364,28; 12; 23; 19; 77; 3; 7; 6
25,42,0.58816,0.59524,25; 20; 15; 22; 42; 15; 9; 16
37,77,0.59646,0.48052,37; 3; 8; 13; 77; 4; 5; 3
34,48,0.73802,0.70833,34; 4; 4; 14; 48; 3; 16; 6
9,32,0.34102,0.28125,9; 28; 3; 12; 32; 14; 10; 21
23,31,0.67655,0.74194,23; 19; 5; 24; 31; 13; 16; 11
21,53,0.38787,0.39623,21; 24; 5; 20; 53; 3; 15; 8
7,49,0.14802,0.14286,7; 11; 21; 19; 49; 3; 5; 13
19,48,0.42142,0.39583,19; 8; 22; 23; 48; 6; 12; 6
16,48,0.3618,0.33333,16; 16; 23; 25; 48; 15; 7; 5
68,70,0.87779,0.97143,68; 3; 4; 5; 70; 8; 5; 5
75,78,0.85408,0.96154,75; 6; 6; 3; 78; 3; 5; 5
55,75,0.85738,0.73333,55; 11; 3; 12; 75; 5; 3; 6
24,63,0.42504,0.38095,24; 3; 9; 6; 63; 3; 8; 11
22,32,0.70653,0.6875,22; 22; 5; 8; 32; 10; 19; 9
16,42,0.37932,0.38095,16; 17; 25; 15; 42; 12; 10; 4
18,49,0.37087,0.36735,18; 17; 5; 17; 49; 12; 9; 9
7,10,0.39322,0.7,7; 24; 8; 19; 10; 7; 19; 5
38,75,0.60854,0.50667,38; 13; 17; 14; 75; 6; 3; 5
6,10,0.34607,0.6,6; 16; 12; 24; 10; 25; 29; 16
10,64,0.19612,0.15625,10; 16; 4; 27; 64; 4; 8; 7
7,26,0.25078,0.26923,7; 12; 18; 12; 26; 17; 18; 11
27,53,0.54229,0.50943,27; 20; 17; 6; 53; 10; 15; 8
8,64,0.13075,0.125,8; 22; 13; 6; 64; 9; 5; 4
44,78,0.68803,0.5641,44; 16; 10; 3; 78; 5; 6; 5
31,70,0.51861,0.44286,31; 10; 7; 22; 70; 9; 5; 5
17,70,0.31136,0.24286,17; 27; 13; 8; 70; 4; 9; 4
43,48,0.817,0.89583,43; 18; 14; 16; 48; 13; 4; 7
16,49,0.34511,0.32653,16; 24; 6; 22; 49; 8; 5; 14
10,42,0.26278,0.2381,10; 25; 24; 16; 42; 13; 9; 11
48,78,0.72808,0.61538,48; 11; 4; 6; 78; 6; 3; 6
28,48,0.57588,0.58333,28; 8; 9; 8; 48; 5; 4; 3
13,48,0.29794,0.27083,13; 23; 12; 24; 48; 16; 6; 7
17,31,0.54676,0.54839,17; 12; 9; 11; 31; 14; 3; 12
12,82,0.26764,0.14634,12; 5; 16; 26; 82; 3; 3; 4
8,53,0.20102,0.15094,8; 25; 10; 5; 53; 12; 5; 4
5,31,0.22447,0.16129,5; 7; 28; 22; 31; 17; 5; 14
13,77,0.27198,0.16883,13; 12; 9; 9; 77; 7; 3; 5
14,32,0.474,0.4375,14; 13; 26; 12; 32; 17; 16; 22
38,63,0.619,0.60317,38; 15; 6; 11; 63; 5; 11; 4
16,26,0.5746,0.61538,16; 14; 8; 5; 26; 8; 8; 21
57,63,0.96261,0.90476,57; 8; 12; 8; 63; 5; 10; 9
10,48,0.23237,0.20833,10; 7; 4; 20; 48; 15; 8; 14
10,26,0.38613,0.38462,10; 24; 13; 22; 26; 18; 7; 24
8,10,0.41372,0.8,8; 20; 4; 7; 10; 6; 10; 3
16,42,0.38372,0.38095,16; 10; 4; 10; 42; 7; 5; 8
30,53,0.57651,0.56604,30; 11; 8; 21; 53; 3; 12; 12
43,49,0.76058,0.87755,43; 8; 5; 10; 49; 11; 13; 8
38,48,0.78814,0.79167,38; 8; 17; 5; 48; 9; 7; 10
41,82,0.63175,0.5,41; 12; 5; 19; 82; 5; 3; 3
13,75,0.28371,0.17333,13; 5; 18; 26; 75; 5; 3; 3
27,64,0.46682,0.42188,27; 14; 16; 14; 64; 3; 8; 6
55,78,0.856,0.70513,55; 13; 9; 12; 78; 5; 5; 5
31,77,0.53949,0.4026,31; 6; 19; 11; 77; 6; 5; 5
10,26,0.4013,0.38462,10; 28; 5; 18; 26; 4; 7; 19
6,9,0.32382,0.66667,6; 23; 20; 22; 9; 23; 5; 8
9,26,0.34777,0.34615,9; 23; 6; 28; 26; 5; 22; 20
75,77,0.79369,0.97403,75; 7; 7; 5; 77; 3; 7; 6
17,26,0.61476,0.65385,17; 10; 20; 22; 26; 7; 13; 23
7,42,0.18288,0.16667,7; 22; 5; 12; 42; 16; 6; 16
24,31,0.71749,0.77419,24; 20; 23; 24; 31; 9; 18; 9
57,63,0.96763,0.90476,57; 4; 10; 7; 63; 11; 5; 11
47,53,0.84089,0.88679,47; 7; 6; 6; 53; 14; 7; 7
30,77,0.5022,0.38961,30; 17; 3; 6; 77; 5; 7; 6
41,64,0.71738,0.64062,41; 19; 10; 14; 64; 11; 11; 8
5,9,0.27053,0.55556,5; 20; 8; 23; 9; 24; 5; 4
32,70,0.53714,0.45714,32; 6; 17; 9; 70; 6; 3; 8
47,70,0.79857,0.67143,47; 17; 3; 10; 70; 6; 4; 4
13,31,0.44176,0.41935,13; 24; 16; 3; 31; 15; 18; 22
7,9,0.37645,0.77778,7; 19; 7; 5; 9; 18; 20; 25
22,75,0.412,0.29333,22; 10; 8; 11; 75; 4; 3; 4
16,42,0.37196,0.38095,16; 15; 14; 7; 42; 16; 16; 15
6,49,0.13147,0.12245,6; 13; 26; 12; 49; 14; 9; 7
8,10,0.43141,0.8,8; 3; 16; 6; 10; 29; 23; 12
16,31,0.50726,0.51613,16; 14; 13; 14; 31; 10; 15; 19
30,42,0.70952,0.71429,30; 4; 8; 10; 42; 13; 9; 16
24,49,0.47673,0.4898,24; 3; 8; 17; 49; 3; 11; 11
8,49,0.19375,0.16327,8; 13; 29; 16; 49; 10; 11; 15
5,9,0.31857,0.55556,5; 26; 6; 31; 9; 28; 28; 21
45,75,0.70328,0.6,45; 17; 10; 4; 75; 4; 4; 5
36,48,0.80903,0.75,36; 11; 17; 19; 48; 5; 6; 4
6,10,0.2944,0.6,6; 25; 9; 3; 10; 15; 17; 10
8,31,0.27837,0.25806,8; 17; 11; 15; 31; 5; 13; 4
21,82,0.39456,0.2561,21; 6; 17; 6; 82; 4; 4; 3
39,82,0.60441,0.47561,39; 10; 11; 12; 82; 4; 4; 3
17,31,0.54019,0.54839,17; 6; 25; 14; 31; 10; 19; 20
7,9,0.33089,0.77778,7; 7; 22; 30; 9; 26; 20; 26
42,78,0.67523,0.53846,42; 3; 3; 4; 78; 4; 3; 6
7,9,0.40625,0.77778,7; 18; 25; 27; 9; 16; 14; 14
22,32,0.73786,0.6875,22; 19; 24; 10; 32; 20; 17; 16
41,48,0.80485,0.85417,41; 3; 19; 12; 48; 9; 4; 5
26,82,0.50013,0.31707,26; 3; 11; 15; 82; 3; 3; 3
15,26,0.54728,0.57692,15; 26; 18; 26; 26; 18; 6; 20
60,75,0.89203,0.8,60; 4; 4; 3; 75; 7; 3; 3
12,31,0.33931,0.3871,12; 12; 11; 27; 31; 9; 5; 15
12,32,0.39952,0.375,12; 22; 21; 16; 32; 15; 8; 5
37,49,0.82344,0.7551,37; 3; 13; 13; 49; 13; 8; 10
16,26,0.54349,0.61538,16; 19; 6; 4; 26; 10; 18; 23
21,48,0.44931,0.4375,21; 19; 14; 21; 48; 6; 13; 16
8,9,0.37247,0.88889,8; 17; 16; 11; 9; 17; 16; 7
46,53,0.80505,0.86792,46; 4; 11; 14; 53; 13; 10; 8
8,9,0.43482,0.88889,8; 7; 8; 12; 9; 27; 11; 15
14,64,0.24652,0.21875,14; 19; 16; 10; 64; 11; 11; 6
42,63,0.70396,0.66667,42; 8; 6; 10; 63; 11; 11; 4
35,75,0.57201,0.46667,35; 11; 15; 10; 75; 4; 5; 4
14,31,0.44758,0.45161,14; 23; 26; 11; 31; 20; 19; 20
14,70,0.28624,0.2,14; 4; 11; 25; 70; 8; 3; 4
12,64,0.23955,0.1875,12; 17; 10; 24; 64; 11; 8; 3
8,63,0.14677,0.12698,8; 23; 16; 25; 63; 4; 7; 4
6,9,0.32935,0.66667,6; 22; 12; 28; 9; 14; 3; 14
25,32,0.6491,0.78125,25; 21; 11; 4; 32; 7; 6; 21
54,82,0.77345,0.65854,54; 10; 9; 5; 82; 4; 5; 3
6,26,0.24277,0.23077,6; 8; 17; 29; 26; 20; 7; 9
72,82,0.65249,0.87805,72; 4; 4; 4; 82; 5; 4; 3
40,82,0.6306,0.4878,40; 9; 10; 8; 82; 5; 4; 4
6,77,0.172,0.07792,6; 20; 10; 14; 77; 7; 5; 7
31,75,0.54893,0.41333,31; 7; 7; 8; 75; 7; 5; 5
65,75,0.85712,0.86667,65; 4; 3; 5; 75; 3; 6; 4
23,63,0.42117,0.36508,23; 17; 18; 22; 63; 6; 4; 5
8,9,0.40322,0.88889,8; 28; 30; 16; 9; 25; 25; 7
20,42,0.49222,0.47619,20; 14; 23; 3; 42; 12; 11; 15
40,49,0.81393,0.81633,40; 6; 7; 3; 49; 5; 12; 16
6,9,0.33579,0.66667,6; 27; 30; 18; 9; 3; 18; 6
22,42,0.54534,0.52381,22; 8; 13; 9; 42; 16; 8; 4
43,75,0.6725,0.57333,43; 10; 11; 16; 75; 4; 6; 5
12,64,0.22579,0.1875,12; 28; 28; 17; 64; 4; 5; 5
30,70,0.51312,0.42857,30; 5; 12; 20; 70; 5; 6; 5
17,63,0.29529,0.26984,17; 5; 17; 4; 63; 9; 9; 10
31,77,0.55428,0.4026,31; 4; 4; 16; 77; 7; 7; 4
8,63,0.13079,0.12698,8; 8; 30; 24; 63; 7; 10; 6
60,70,0.91027,0.85714,60; 8; 7; 6; 70; 9; 7; 6
27,82,0.46733,0.32927,27; 16; 8; 11; 82; 4; 4; 5
47,53,0.78642,0.88679,47; 15; 7; 15; 53; 12; 3; 11
14,32,0.48624,0.4375,14; 6; 27; 7; 32; 18; 16; 21
23,26,0.74598,0.88462,23; 11; 16; 9; 26; 16; 19; 18
36,70,0.6009,0.51429,36; 16; 3; 8; 70; 4; 8; 5
29,53,0.55521,0.54717,29; 14; 12; 19; 53; 6; 14; 12
27,32,0.75004,0.84375,27; 18; 14; 22; 32; 22; 17; 17
41,49,0.74857,0.83673,41; 5; 17; 10; 49; 13; 9; 14
73,78,0.79528,0.9359,73; 8; 3; 7; 78; 4; 3; 5
8,10,0.39719,0.8,8; 30; 8; 20; 10; 3; 20; 23
51,75,0.76988,0.68,51; 10; 13; 10; 75; 7; 5; 6
60,63,0.95338,0.95238,60; 9; 8; 3; 63; 9; 3; 9
58,82,0.8798,0.70732,58; 9; 10; 8; 82; 3; 4; 3
41,63,0.71369,0.65079,41; 18; 16; 4; 63; 7; 4; 10
29,49,0.61157,0.59184,29; 22; 23; 6; 49; 14; 13; 4
34,75,0.54691,0.45333,34; 13; 4; 19; 75; 7; 4; 6
21,49,0.42572,0.42857,21; 5; 25; 12; 49; 10; 14; 7
10,48,0.21838,0.20833,10; 12; 18; 9; 48; 8; 16; 7
8,10,0.41864,0.8,8; 15; 20; 23; 10; 11; 11; 25
43,49,0.80585,0.87755,43; 5; 13; 9; 49; 6; 8; 6
14,53,0.29359,0.26415,14; 17; 24; 15; 53; 15; 8; 11
32,75,0.54793,0.42667,32; 7; 20; 14; 75; 7; 5; 3
63,77,0.84854,0.81818,63; 10; 7; 5; 77; 5; 7; 3
16,26,0.61133,0.61538,16; 4; 9; 26; 26; 6; 6; 7
13,77,0.24624,0.16883,13; 5; 5; 6; 77; 6; 7; 4
31,63,0.52224,0.49206,31; 10; 17; 11; 63; 6; 9; 5
43,48,0.81989,0.89583,43; 3; 13; 12; 48; 11; 7; 15
7,48,0.18728,0.14583,7; 28; 23; 21; 48; 12; 3; 11
39,70,0.61177,0.55714,39; 5; 16; 7; 70; 7; 5; 7
24,32,0.76612,0.75,24; 19; 19; 4; 32; 19; 22; 19
32,75,0.52404,0.42667,32; 6; 8; 20; 75; 3; 3; 4
44,48,0.84743,0.91667,44; 11; 8; 3; 48; 16; 14; 9
38,48,0.86638,0.79167,38; 14; 17; 20; 48; 12; 6; 10
15,48,0.32176,0.3125,15; 16; 16; 17; 48; 13; 5; 6
7,9,0.3783,0.77778,7; 20; 8; 3; 9; 9; 29; 5
10,48,0.25807,0.20833,10; 15; 15; 17; 48; 3; 11; 7
48,53,0.8132,0.90566,48; 5; 12; 5; 53; 14; 14; 3
40,48,0.79213,0.83333,40; 16; 16; 17; 48; 16; 12; 8
19,49,0.3951,0.38776,19; 14; 9; 7; 49; 7; 14; 6
15,26,0.54939,0.57692,15; 19; 15; 15; 26; 11; 6; 17
24,63,0.41158,0.38095,24; 6; 19; 21; 63; 10; 11; 7
41,42,0.84287,0.97619,41; 4; 13; 8; 42; 10; 10; 11
28,77,0.47824,0.36364,28; 23; 4; 3; 77; 3; 3; 4
35,63,0.58972,0.55556,35; 9; 19; 19; 63; 10; 8; 9
9,10,0.43882,0.9,9; 7; 11; 15; 10; 10; 6; 5
39,48,0.80272,0.8125,39; 7; 5; 11; 48; 8; 16; 12
7,9,0.34871,0.77778,7; 13; 13; 3; 9; 22; 28; 28
29,75,0.48905,0.38667,29; 16; 16; 20; 75; 5; 6; 5
25,26,0.72769,0.96154,25; 11; 21; 3; 26; 20; 10; 4
50,64,0.78654,0.78125,50; 3; 13; 4; 64; 10; 3; 5
53,63,0.89294,0.84127,53; 9; 6; 6; 63; 3; 4; 4
7,10,0.36651,0.7,7; 11; 8; 17; 10; 7; 5; 5
74,78,0.75016,0.94872,74; 4; 7; 7; 78; 4; 6; 3
50,82,0.77202,0.60976,50; 5; 3; 11; 82; 5; 5; 3
10,26,0.36102,0.38462,10; 5; 23; 22; 26; 13; 14; 11
40,42,0.85399,0.95238,40; 9; 9; 6; 42; 15; 17; 5
65,77,0.82306,0.84416,65; 10; 10; 7; 77; 6; 4; 5
34,53,0.66055,0.64151,34; 16; 21; 10; 53; 5; 10; 6
16,63,0.26773,0.25397,16; 6; 21; 9; 63; 3; 5; 6
31,42,0.76728,0.7381,31; 10; 4; 16; 42; 17; 6; 12
12,53,0.26048,0.22642,12; 5; 11; 27; 53; 9; 13; 5
24,32,0.66299,0.75,24; 6; 16; 17; 32; 20; 10; 17
24,32,0.75715,0.75,24; 15; 14; 24; 32; 13; 3; 3
31,32,0.82047,0.96875,31; 9; 3; 10; 32; 7; 6; 6
69,70,0.88365,0.98571,69; 7; 9; 9; 70; 3; 4; 3
43,64,0.72782,0.67188,43; 3; 3; 6; 64; 5; 4; 5
51,78,0.82705,0.65385,51; 9; 7; 13; 78; 3; 4; 3
35,63,0.58497,0.55556,35; 3; 9; 12; 63; 10; 6; 6
27,70,0.45328,0.38571,27; 21; 9; 11; 70; 8; 9; 3
39,78,0.63665,0.5,39; 3; 17; 19; 78; 3; 6; 3
53,77,0.86582,0.68831,53; 12; 10; 8; 77; 7; 5; 7
21,70,0.36778,0.3,21; 24; 24; 10; 70; 7; 3; 6
39,78,0.60581,0.5,39; 8; 10; 14; 78; 3; 3; 5
28,53,0.5246,0.5283,28; 15; 15; 6; 53; 3; 12; 3
15,77,0.28192,0.19481,15; 22; 10; 24; 77; 5; 5; 6
6,10,0.36581,0.6,6; 7; 24; 28; 10; 14; 22; 9
35,63,0.60847,0.55556,35; 3; 13; 7; 63; 5; 9; 7
25,48,0.52676,0.52083,25; 8; 14; 18; 48; 5; 3; 14
50,75,0.81428,0.66667,50; 7; 4; 13; 75; 6; 7; 3
27,53,0.51875,0.50943,27; 22; 22; 8; 53; 6; 4; 7
51,63,0.84818,0.80952,51; 12; 9; 7; 63; 9; 3; 4
67,75,0.80659,0.89333,67; 4; 8; 8; 75; 3; 3; 5
10,82,0.22903,0.12195,10; 11; 22; 11; 82; 5; 3; 4
41,49,0.7835,0.83673,41; 5; 17; 17; 49; 16; 4; 13
18,32,0.56142,0.5625,18; 9; 19; 23; 32; 3; 7; 3
28,82,0.51214,0.34146,28; 8; 6; 6; 82; 5; 3; 5
41,63,0.67836,0.65079,41; 15; 4; 8; 63; 11; 7; 5
5,49,0.10908,0.10204,5; 8; 24; 13; 49; 12; 4; 13
47,53,0.84273,0.88679,47; 8; 8; 13; 53; 14; 8; 12
33,63,0.54994,0.52381,33; 14; 10; 18; 63; 6; 7; 5
69,82,0.68069,0.84146,69; 5; 7; 4; 82; 5; 4; 5
6,49,0.07549,0.12245,6; 20; 24; 19; 49; 14; 16; 5
45,70,0.7192,0.64286,45; 14; 16; 12; 70; 9; 7; 9
57,75,0.83622,0.76,57; 10; 13; 13; 75; 4; 4; 6
75,77,0.83838,0.97403,75; 5; 6; 6; 77; 4; 4; 5
40,78,0.64897,0.51282,40; 4; 12; 5; 78; 6; 3; 5
29,48,0.62182,0.60417,29; 8; 13; 22; 48; 15; 6; 12
24,31,0.70702,0.77419,24; 20; 16; 12; 31; 7; 11; 22
51,64,0.82007,0.79688,51; 10; 7; 13; 64; 9; 5; 9
5,42,0.1434,0.11905,5; 29; 22; 8; 42; 8; 6; 15
59,63,0.96184,0.93651,59; 5; 6; 9; 63; 3; 10; 8
10,70,0.20088,0.14286,10; 23; 21; 26; 70; 5; 9; 7
16,48,0.35184,0.33333,16; 6; 23; 11; 48; 6; 16; 8
16,70,0.29286,0.22857,16; 10; 3; 7; 70; 8; 4; 5
5,10,0.29445,0.5,5; 21; 19; 30; 10; 6; 9; 8
23,53,0.44026,0.43396,23; 6; 22; 9; 53; 14; 5; 4
20,49,0.41855,0.40816,20; 8; 25; 25; 49; 15; 16; 5
26,75,0.48421,0.34667,26; 11; 9; 13; 75; 6; 6; 5
24,42,0.55529,0.57143,24; 4; 9; 13; 42; 13; 6; 9
30,64,0.51739,0.46875,30; 18; 14; 3; 64; 7; 11; 10
24,31,0.71494,0.77419,24; 15; 3; 19; 31; 7; 5; 18
36,42,0.85721,0.85714,36; 20; 11; 13; 42; 10; 15; 14
69,70,0.91121,0.98571,69; 5; 6; 3; 70; 9; 7; 9
18,49,0.38225,0.36735,18; 10; 18; 11; 49; 4; 13; 3
28,31,0.78433,0.90323,28; 12; 10; 19; 31; 14; 22; 19
28,53,0.54486,0.5283,28; 13; 8; 23; 53; 6; 11; 14
31,42,0.70444,0.7381,31; 4; 7; 22; 42; 9; 11; 11
34,49,0.70447,0.69388,34; 3; 15; 14; 49; 15; 12; 4
53,63,0.90512,0.84127,53; 14; 3; 10; 63; 6; 11; 9
50,77,0.81242,0.64935,50; 14; 15; 8; 77; 4; 3; 5
25,48,0.55309,0.52083,25; 20; 4; 20; 48; 15; 13; 12
37,48,0.79454,0.77083,37; 15; 8; 18; 48; 6; 14; 16
9,63,0.16,0.14286,9; 17; 21; 7; 63; 3; 6; 3
6,10,0.30343,0.6,6; 29; 20; 3; 10; 16; 10; 27
6,10,0.37169,0.6,6; 3; 6; 9; 10; 21; 29; 9
28,31,0.74624,0.90323,28; 15; 8; 7; 31; 4; 22; 5
31,78,0.54195,0.39744,31; 10; 4; 19; 78; 5; 4; 5
72,75,0.85202,0.96,72; 8; 7; 7; 75; 3; 4; 5
5,10,0.32088,0.5,5; 25; 17; 23; 10; 13; 22; 4
48,82,0.75754,0.58537,48; 14; 3; 6; 82; 5; 5; 3
15,31,0.49224,0.48387,15; 5; 21; 13; 31; 19; 7; 12
6,9,0.32635,0.66667,6; 22; 30; 21; 9; 23; 3; 28
5,9,0.30362,0.55556,5; 30; 20; 26; 9; 27; 15; 6
11,75,0.23764,0.14667,11; 4; 29; 11; 75; 7; 5; 4
68,75,0.84373,0.90667,68; 3; 7; 6; 75; 4; 7; 6
21,26,0.78576,0.80769,21; 25; 15; 10; 26; 24; 24; 24
30,32,0.81197,0.9375,30; 14; 19; 12; 32; 19; 20; 22
14,26,0.52015,0.53846,14; 4; 28; 19; 26; 9; 11; 3
65,75,0.84156,0.86667,65; 4; 9; 4; 75; 6; 5; 4
63,82,0.74151,0.76829,63; 4; 10; 7; 82; 4; 4; 5
37,77,0.61469,0.48052,37; 18; 3; 5; 77; 7; 7; 7
5,10,0.31848,0.5,5; 11; 29; 8; 10; 13; 17; 19
44,53,0.81637,0.83019,44; 13; 13; 13; 53; 10; 11; 14
9,10,0.45574,0.9,9; 6; 7; 6; 10; 7; 4; 12
44,63,0.7233,0.69841,44; 11; 17; 8; 63; 9; 9; 4
23,78,0.392,0.29487,23; 24; 7; 4; 78; 4; 3; 5
63,64,0.92443,0.98438,63; 8; 4; 8; 64; 9; 5; 8
21,26,0.82411,0.80769,21; 7; 9; 10; 26; 15; 18; 23
29,49,0.60871,0.59184,29; 20; 5; 7; 49; 7; 14; 13
8,10,0.41454,0.8,8; 25; 15; 20; 10; 16; 11; 20
18,32,0.5625,0.5625,18; 10; 18; 8; 32; 8; 20; 5
6,9,0.33539,0.66667,6; 17; 19; 3; 9; 6; 11; 28
21,48,0.42803,0.4375,21; 5; 17; 5; 48; 12; 7; 7
44,49,0.81486,0.89796,44; 3; 12; 8; 49; 10; 15; 16
40,64,0.68618,0.625,40; 8; 16; 3; 64; 6; 11; 10
12,42,0.29513,0.28571,12; 19; 27; 14; 42; 8; 18; 13
33,49,0.69357,0.67347,33; 6; 12; 13; 49; 5; 9; 16
57,64,0.93637,0.89062,57; 6; 8; 9; 64; 6; 3; 10
18,63,0.30348,0.28571,18; 19; 9; 9; 63; 4; 8; 10
7,10,0.39453,0.7,7; 28; 11; 12; 10; 22; 15; 15
5,9,0.29066,0.55556,5; 4; 20; 14; 9; 28; 5; 5
38,42,0.86768,0.90476,38; 19; 7; 4; 42; 15; 17; 17
35,48,0.78464,0.72917,35; 7; 13; 12; 48; 3; 15; 10
6,9,0.29883,0.66667,6; 4; 15; 3; 9; 19; 11; 8
13,48,0.28785,0.27083,13; 24; 4; 6; 48; 3; 6; 10
24,48,0.5285,0.5,24; 5; 23; 11; 48; 15; 10; 8
22,64,0.36951,0.34375,22; 21; 9; 11; 64; 4; 6; 3
24,42,0.53957,0.57143,24; 9; 18; 16; 42; 4; 11; 3
14,75,0.28373,0.18667,14; 7; 6; 17; 75; 4; 5; 6
8,26,0.27756,0.30769,8; 27; 7; 20; 26; 16; 13; 5
11,77,0.23338,0.14286,11; 17; 5; 3; 77; 4; 6; 5
36,77,0.57097,0.46753,36; 17; 4; 8; 77; 3; 3; 4
42,53,0.79726,0.79245,42; 4; 18; 10; 53; 7; 13; 9
7,75,0.17242,0.09333,7; 12; 18; 18; 75; 7; 3; 5
5,26,0.20382,0.19231,5; 14; 15; 25; 26; 19; 24; 3
46,78,0.74463,0.58974,46; 17; 15; 13; 78; 3; 3; 5
7,9,0.36758,0.77778,7; 23; 20; 8; 9; 21; 14; 8
11,77,0.24143,0.14286,11; 7; 16; 13; 77; 7; 4; 6
49,53,0.86001,0.92453,49; 12; 12; 13; 53; 12; 10; 7
73,82,0.81181,0.89024,73; 8; 8; 5; 82; 5; 5; 5
34,48,0.74375,0.70833,34; 10; 14; 16; 48; 13; 7; 9
17,78,0.3522,0.21795,17; 3; 10; 7; 78; 4; 5; 5
8,9,0.40793,0.88889,8; 13; 5; 15; 9; 20; 13; 23
57,70,0.92559,0.81429,57; 11; 4; 5; 70; 4; 5; 3
16,48,0.37957,0.33333,16; 3; 19; 13; 48; 9; 11; 11
17,31,0.52785,0.54839,17; 8; 12; 4; 31; 19; 21; 15
48,70,0.79743,0.68571,48; 16; 16; 3; 70; 8; 4; 9
74,82,0.67753,0.90244,74; 5; 5; 7; 82; 4; 5; 3
11,42,0.27022,0.2619,11; 18; 27; 7; 42; 12; 5; 11
64,75,0.89297,0.85333,64; 7; 5; 10; 75; 6; 5; 3
36,42,0.79121,0.85714,36; 19; 18; 19; 42; 8; 13; 9
11,82,0.23857,0.13415,11; 15; 4; 13; 82; 5; 3; 5
6,32,0.22671,0.1875,6; 18; 11; 24; 32; 7; 19; 22
23,77,0.417,0.2987,23; 4; 16; 20; 77; 4; 5; 5
13,70,0.23763,0.18571,13; 25; 4; 10; 70; 3; 6; 5
10,64,0.20748,0.15625,10; 16; 26; 26; 64; 8; 3; 6
37,63,0.62894,0.5873,37; 17; 14; 8; 63; 6; 11; 3
76,77,0.80277,0.98701,76; 4; 5; 7; 77; 6; 6; 5
36,48,0.74032,0.75,36; 4; 18; 13; 48; 6; 12; 15
61,64,0.95888,0.95312,61; 4; 8; 5; 64; 7; 3; 7
13,70,0.23596,0.18571,13; 20; 25; 27; 70; 4; 8; 5
25,82,0.4349,0.30488,25; 4; 17; 14; 82; 4; 4; 5
7,10,0.36962,0.7,7; 18; 23; 4; 10; 26; 11; 28
8,31,0.26292,0.25806,8; 11; 22; 9; 31; 9; 5; 16
5,9,0.25021,0.55556,5; 25; 30; 21; 9; 10; 10; 23
35,53,0.6908,0.66038,35; 7; 19; 16; 53; 15; 14; 7
46,53,0.82003,0.86792,46; 5; 9; 3; 53; 7; 7; 9
44,77,0.68496,0.57143,44; 9; 5; 9; 77; 6; 6; 6
5,42,0.13242,0.11905,5; 15; 14; 15; 42; 12; 14; 15
22,77,0.38991,0.28571,22; 24; 24; 23; 77; 6; 7; 6
20,53,0.38776,0.37736,20; 19; 6; 23; 53; 10; 13; 9
23,78,0.42559,0.29487,23; 12; 8; 12; 78; 3; 3; 3
66,70,0.84265,0.94286,66; 10; 6; 9; 70; 6; 8; 6
35,75,0.54852,0.46667,35; 7; 15; 3; 75; 4; 5; 7
63,75,0.8951,0.84,63; 10; 7; 11; 75; 4; 5; 6
35,82,0.58104,0.42683,35; 13; 12; 4; 82; 5; 3; 5
15,82,0.31436,0.18293,15; 20; 15; 14; 82; 3; 3; 4
10,31,0.34,0.32258,10; 11; 5; 10; 31; 21; 16; 5
55,78,0.87436,0.70513,55; 11; 4; 9; 78; 4; 4; 3
37,42,0.81264,0.88095,37; 16; 17; 10; 42; 17; 17; 17
32,77,0.53259,0.41558,32; 18; 8; 3; 77; 5; 3; 4
45,49,0.82815,0.91837,45; 14; 14; 12; 49; 14; 7; 6
27,49,0.5589,0.55102,27; 10; 11; 15; 49; 9; 4; 10
6,31,0.25531,0.19355,6; 6; 9; 21; 31; 21; 22; 13
69,78,0.80574,0.88462,69; 5; 5; 5; 78; 4; 3; 6
25,31,0.7534,0.80645,25; 15; 5; 9; 31; 13; 5; 16
10,70,0.19613,0.14286,10; 6; 16; 18; 70; 5; 5; 3
45,77,0.70106,0.58442,45; 7; 5; 14; 77; 5; 7; 7
57,77,0.8895,0.74026,57; 5; 12; 3; 77; 4; 6; 5
6,32,0.20775,0.1875,6; 24; 11; 11; 32; 3; 3; 7
8,48,0.17466,0.16667,8; 3; 23; 30; 48; 8; 6; 3
23,26,0.79861,0.88462,23; 14; 12; 24; 26; 9; 22; 11
47,53,0.82257,0.88679,47; 4; 5; 16; 53; 5; 3; 11
53,70,0.85111,0.75714,53; 9; 7; 9; 70; 8; 5; 7
8,9,0.41534,0.88889,8; 20; 10; 12; 9; 21; 16; 18
29,31,0.82768,0.93548,29; 5; 17; 21; 31; 5; 6; 4
22,53,0.42894,0.41509,22; 24; 7; 22; 53; 9; 4; 8
26,32,0.67455,0.8125,26; 10; 4; 5; 32; 9; 11; 14
39,42,0.85472,0.92857,39; 17; 15; 16; 42; 13; 12; 3
11,26,0.40032,0.42308,11; 4; 6; 17; 26; 3; 5; 10
12,75,0.22631,0.16,12; 23; 5; 21; 75; 6; 6; 4
30,63,0.50635,0.47619,30; 4; 4; 6; 63; 7; 5; 4
40,75,0.64301,0.53333,40; 9; 13; 19; 75; 7; 5; 4
5,26,0.16025,0.19231,5; 19; 17; 23; 26; 12; 24; 16
22,49,0.44492,0.44898,22; 21; 8; 12; 49; 9; 12; 4
7,9,0.35703,0.77778,7; 4; 5; 15; 9; 14; 3; 13
19,70,0.34457,0.27143,19; 26; 10; 8; 70; 3; 4; 7
25,31,0.7553,0.80645,25; 16; 16; 18; 31; 14; 3; 4
38,78,0.65497,0.48718,38; 19; 18; 11; 78; 6; 6; 4
11,64,0.20675,0.17188,11; 4; 28; 13; 64; 4; 6; 7
6,26,0.26082,0.23077,6; 25; 21; 12; 26; 11; 21; 5
19,26,0.66274,0.73077,19; 12; 25; 16; 26; 19; 13; 14
33,53,0.6408,0.62264,33; 5; 5; 15; 53; 8; 14; 9
73,75,0.84352,0.97333,73; 4; 4; 6; 75; 4; 6; 4
9,10,0.42588,0.9,9; 3; 17; 4; 10; 24; 23; 13
76,78,0.80927,0.97436,76; 6; 7; 6; 78; 4; 3; 4
53,77,0.84927,0.68831,53; 15; 15; 14; 77; 7; 5; 5
40,63,0.67636,0.63492,40; 18; 6; 14; 63; 7; 6; 11
37,70,0.62001,0.52857,37; 15; 11; 11; 70; 5; 5; 8
8,9,0.38689,0.88889,8; 15; 17; 22; 9; 23; 21; 16
18,32,0.5676,0.5625,18; 5; 11; 14; 32; 14; 9; 11
21,49,0.45055,0.42857,21; 23; 12; 8; 49; 14; 8; 13
17,82,0.33149,0.20732,17; 17; 20; 14; 82; 3; 4; 3
9,10,0.44875,0.9,9; 5; 28; 26; 10; 18; 27; 20
74,77,0.77355,0.96104,74; 7; 3; 3; 77; 5; 3; 3
26,48,0.52461,0.54167,26; 7; 13; 20; 48; 12; 9; 11
9,77,0.18984,0.11688,9; 14; 24; 14; 77; 5; 5; 7
24,53,0.46803,0.45283,24; 5; 23; 4; 53; 5; 12; 14
7,82,0.16991,0.08537,7; 13; 29; 18; 82; 3; 3; 4
48,77,0.70805,0.62338,48; 4; 9; 15; 77; 7; 3; 3
19,70,0.34643,0.27143,19; 21; 8; 8; 70; 5; 4; 6
45,48,0.81082,0.9375,45; 13; 8; 7; 48; 3; 8; 13
27,64,0.46272,0.42188,27; 9; 4; 10; 64; 7; 3; 8
36,82,0.60195,0.43902,36; 7; 5; 7; 82; 5; 4; 3
42,82,0.66917,0.5122,42; 11; 13; 11; 82; 3; 3; 5
23,75,0.4056,0.30667,23; 17; 22; 11; 75; 3; 7; 6
30,64,0.5139,0.46875,30; 16; 20; 13; 64; 10; 8; 6
56,78,0.88852,0.71795,56; 8; 11; 14; 78; 3; 4; 4
7,26,0.30433,0.26923,7; 24; 18; 11; 26; 13; 4; 3
26,53,0.53332,0.49057,26; 12; 23; 4; 53; 9; 4; 10
11,53,0.21172,0.20755,11; 10; 6; 19; 53; 13; 3; 13
6,10,0.34962,0.6,6; 11; 20; 5; 10; 7; 24; 9
18,75,0.33293,0.24,18; 16; 19; 3; 75; 6; 6; 4
24,77,0.42889,0.31169,24; 10; 5; 20; 77; 6; 7; 3
65,78,0.83572,0.83333,65; 8; 11; 8; 78; 6; 5; 4
5,9,0.28334,0.55556,5; 3; 31; 23; 9; 29; 7; 19
10,48,0.23221,0.20833,10; 19; 16; 25; 48; 11; 3; 13
32,82,0.54884,0.39024,32; 9; 5; 9; 82; 3; 3; 3
15,82,0.31548,0.18293,15; 14; 24; 14; 82; 4; 3; 5
24,26,0.81443,0.92308,24; 22; 3; 19; 26; 19; 3; 23
29,63,0.50112,0.46032,29; 9; 12; 21; 63; 4; 5; 10
15,26,0.58478,0.57692,15; 7; 6; 11; 26; 17; 14; 13
68,70,0.88665,0.97143,68; 8; 3; 9; 70; 9; 7; 5
30,31,0.81022,0.96774,30; 5; 20; 4; 31; 4; 18; 18
7,9,0.33175,0.77778,7; 12; 12; 17; 9; 10; 18; 24
11,31,0.3528,0.35484,11; 28; 12; 9; 31; 7; 8; 8
54,75,0.8448,0.72,54; 7; 10; 5; 75; 4; 4; 7
26,48,0.51176,0.54167,26; 15; 5; 19; 48; 11; 10; 10
48,78,0.77381,0.61538,48; 11; 3; 13; 78; 6; 5; 4
48,49,0.83464,0.97959,48; 3; 14; 15; 49; 13; 14; 4
11,75,0.25173,0.14667,11; 11; 20; 16; 75; 7; 5; 3
30,32,0.84235,0.9375,30; 10; 20; 9; 32; 9; 3; 10
57,63,0.9792,0.90476,57; 6; 6; 5; 63; 7; 10; 6
33,78,0.55007,0.42308,33; 10; 17; 17; 78; 6; 4; 6
51,53,0.88597,0.96226,51; 3; 9; 8; 53; 12; 5; 8
12,75,0.26191,0.16,12; 21; 17; 22; 75; 4; 6; 7
48,53,0.81272,0.90566,48; 16; 16; 13; 53; 10; 10; 14
28,32,0.80744,0.875,28; 22; 15; 14; 32; 14; 15; 12
25,32,0.68851,0.78125,25; 5; 23; 7; 32; 18; 8; 7
6,70,0.09823,0.08571,6; 20; 19; 12; 70; 7; 9; 5
18,77,0.34094,0.23377,18; 21; 6; 10; 77; 6; 7; 7
41,64,0.66191,0.64062,41; 16; 17; 15; 64; 6; 8; 5
12,78,0.23859,0.15385,12; 17; 4; 4; 78; 4; 6; 4
38,75,0.66123,0.50667,38; 17; 20; 18; 75; 5; 6; 4
16,53,0.31939,0.30189,16; 21; 27; 14; 53; 4; 7; 14
72,78,0.82553,0.92308,72; 4; 6; 7; 78; 4; 5; 4
7,9,0.37685,0.77778,7; 15; 9; 15; 9; 24; 9; 26
5,64,0.05679,0.07812,5; 19; 5; 7; 64; 7; 6; 11
6,10,0.36162,0.6,6; 21; 18; 3; 10; 10; 27; 19
18,64,0.31957,0.28125,18; 4; 18; 8; 64; 11; 11; 9
76,78,0.73109,0.97436,76; 6; 6; 3; 78; 5; 6; 6
25,53,0.47824,0.4717,25; 19; 7; 4; 53; 8; 8; 4
44,70,0.77437,0.62857,44; 14; 10; 14; 70; 9; 6; 9
80,82,0.74985,0.97561,80; 5; 5; 4; 82; 3; 3; 3
59,70,0.97787,0.84286,59; 10; 11; 8; 70; 8; 5; 9
44,53,0.81404,0.83019,44; 3; 8; 17; 53; 7; 10; 9
30,75,0.51566,0.4,30; 10; 21; 11; 75; 7; 6; 5
6,64,0.09319,0.09375,6; 5; 14; 10; 64; 6; 4; 8
8,49,0.17327,0.16327,8; 10; 13; 4; 49; 4; 4; 3
9,31,0.30071,0.29032,9; 7; 6; 25; 31; 4; 20; 18
46,53,0.8095,0.86792,46; 5; 11; 6; 53; 8; 4; 13
30,42,0.76322,0.71429,30; 21; 5; 7; 42; 11; 4; 13
10,48,0.23354,0.20833,10; 28; 5; 4; 48; 4; 8; 7
16,26,0.58199,0.61538,16; 13; 17; 18; 26; 7; 20; 21
6,10,0.32597,0.6,6; 5; 22; 30; 10; 16; 26; 11
6,9,0.33714,0.66667,6; 20; 27; 18; 9; 21; 19; 4
25,26,0.76787,0.96154,25; 7; 19; 6; 26; 5; 7; 8
6,9,0.32512,0.66667,6; 19; 3; 18; 9; 14; 8; 3
35,53,0.67155,0.66038,35; 15; 11; 10; 53; 10; 8; 9
21,64,0.36167,0.32812,21; 11; 5; 12; 64; 3; 9; 8
37,42,0.8115,0.88095,37; 16; 12; 10; 42; 5; 5; 7
51,70,0.82834,0.72857,51; 5; 3; 13; 70; 6; 7; 6
9,32,0.29972,0.28125,9; 24; 29; 22; 32; 22; 8; 13
20,31,0.60516,0.64516,20; 26; 19; 18; 31; 10; 9; 19
20,48,0.43076,0.41667,20; 21; 26; 9; 48; 15; 10; 13
43,49,0.84829,0.87755,43; 8; 16; 16; 49; 9; 8; 6
48,77,0.72655,0.62338,48; 16; 13; 12; 77; 6; 5; 6
31,53,0.58102,0.58491,31; 3; 6; 21; 53; 11; 9; 9
66,82,0.79466,0.80488,66; 3; 9; 7; 82; 4; 5; 5
8,10,0.41099,0.8,8; 30; 9; 27; 10; 28; 9; 26
19,31,0.61117,0.6129,19; 6; 22; 3; 31; 4; 17; 21
26,31,0.76655,0.83871,26; 3; 18; 13; 31; 9; 12; 14
47,53,0.82973,0.88679,47; 11; 10; 15; 53; 5; 11; 13
16,31,0.51822,0.51613,16; 9; 27; 10; 31; 5; 7; 21
17,42,0.39372,0.40476,17; 6; 23; 10; 42; 5; 6; 6
5,32,0.19841,0.15625,5; 24; 4; 28; 32; 16; 14; 9
25,78,0.47295,0.32051,25; 5; 9; 24; 78; 4; 5; 5
5,42,0.17675,0.11905,5; 13; 27; 20; 42; 7; 9; 10
64,82,0.75942,0.78049,64; 6; 8; 9; 82; 5; 3; 4
47,70,0.76587,0.67143,47; 5; 14; 11; 70; 6; 4; 4
9,78,0.19812,0.11538,9; 22; 12; 11; 78; 5; 5; 6
8,9,0.38642,0.88889,8; 29; 18; 24; 9; 27; 29; 8
60,63,0.95532,0.95238,60; 4; 11; 5; 63; 6; 8; 8
13,63,0.24451,0.20635,13; 27; 26; 21; 63; 11; 6; 4
6,26,0.2123,0.23077,6; 30; 13; 22; 26; 5; 15; 17
27,42,0.58991,0.64286,27; 19; 7; 10; 42; 7; 8; 4
67,78,0.85303,0.85897,67; 4; 6; 10; 78; 3; 3; 6
28,42,0.69511,0.66667,28; 9; 9; 13; 42; 13; 16; 16
34,49,0.69745,0.69388,34; 6; 11; 21; 49; 6; 5; 12
68,70,0.92902,0.97143,68; 5; 4; 10; 70; 4; 9; 3
26,82,0.48122,0.31707,26; 6; 11; 23; 82; 5; 4; 4
11,26,0.4353,0.42308,11; 11; 7; 8; 26; 17; 12; 22
8,32,0.26284,0.25,8; 7; 30; 7; 32; 14; 13; 3
21,78,0.39388,0.26923,21; 16; 18; 6; 78; 6; 6; 5
21,49,0.43791,0.42857,21; 11; 6; 4; 49; 13; 11; 11
29,75,0.51024,0.38667,29; 22; 14; 23; 75; 3; 4; 6
7,9,0.37703,0.77778,7; 14; 26; 29; 9; 10; 15; 10
33,49,0.66532,0.67347,33; 5; 10; 12; 49; 14; 9; 6
66,75,0.83282,0.88,66; 7; 4; 10; 75; 5; 5; 7
19,78,0.36185,0.24359,19; 8; 26; 5; 78; 6; 4; 3
76,77,0.78564,0.98701,76; 5; 5; 3; 77; 6; 7; 5
7,10,0.40362,0.7,7; 25; 26; 5; 10; 15; 7; 17
43,75,0.68904,0.57333,43; 9; 15; 10; 75; 7; 5; 4
15,42,0.33168,0.35714,15; 7; 3; 22; 42; 3; 3; 14
46,77,0.67623,0.5974,46; 8; 7; 3; 77; 3; 3; 3
8,78,0.17234,0.10256,8; 5; 5; 21; 78; 6; 5; 6
22,31,0.65448,0.70968,22; 4; 14; 22; 31; 21; 13; 13
13,77,0.26479,0.16883,13; 11; 24; 21; 77; 6; 4; 5
5,9,0.30553,0.55556,5; 25; 23; 30; 9; 12; 12; 19
26,63,0.4769,0.4127,26; 10; 4; 24; 63; 10; 9; 10
10,75,0.21953,0.13333,10; 12; 18; 20; 75; 6; 6; 5
13,77,0.31109,0.16883,13; 7; 24; 14; 77; 5; 7; 7
7,9,0.35579,0.77778,7; 28; 11; 25; 9; 8; 13; 27
7,31,0.25726,0.22581,7; 4; 19; 5; 31; 9; 11; 20
7,10,0.4055,0.7,7; 13; 24; 28; 10; 19; 9; 8
30,49,0.60747,0.61224,30; 18; 13; 4; 49; 15; 15; 12
5,10,0.31304,0.5,5; 22; 21; 6; 10; 13; 16; 25
31,49,0.65478,0.63265,31; 10; 15; 10; 49; 12; 15; 8
16,75,0.306,0.21333,16; 4; 7; 26; 75; 6; 6; 3
6,26,0.2546,0.23077,6; 11; 27; 12; 26; 4; 22; 4
56,75,0.87277,0.74667,56; 10; 6; 14; 75; 4; 6; 4
42,70,0.70758,0.6,42; 15; 17; 5; 70; 8; 5; 5
16,49,0.32426,0.32653,16; 24; 18; 20; 49; 13; 7; 7
61,75,0.85831,0.81333,61; 6; 9; 3; 75; 5; 7; 6
56,78,0.84516,0.71795,56; 8; 8; 13; 78; 3; 6; 6
9,10,0.44289,0.9,9; 12; 6; 18; 10; 28; 15; 3
30,64,0.5069,0.46875,30; 22; 8; 4; 64; 6; 10; 9
7,64,0.1449,0.10938,7; 29; 3; 17; 64; 9; 5; 7
44,49,0.8308,0.89796,44; 17; 15; 5; 49; 16; 16; 14
10,64,0.17608,0.15625,10; 10; 15; 19; 64; 7; 8; 9
16,75,0.30973,0.21333,16; 17; 16; 15; 75; 5; 5; 4
14,53,0.2848,0.26415,14; 17; 19; 18; 53; 12; 3; 12
47,48,0.80363,0.97917,47; 6; 3; 7; 48; 8; 12; 11
20,32,0.61465,0.625,20; 12; 25; 25; 32; 18; 7; 11
24,53,0.47206,0.45283,24; 13; 14; 20; 53; 13; 15; 15
6,10,0.32852,0.6,6; 13; 24; 25; 10; 21; 27; 20
8,49,0.16487,0.16327,8; 21; 15; 29; 49; 9; 3; 7
9,26,0.35289,0.34615,9; 24; 4; 18; 26; 10; 24; 11
11,32,0.33319,0.34375,11; 14; 17; 21; 32; 18; 5; 12
46,77,0.69975,0.5974,46; 13; 14; 7; 77; 6; 4; 5
23,48,0.52374,0.47917,23; 13; 14; 19; 48; 5; 14; 10
41,64,0.69768,0.64062,41; 12; 7; 14; 64; 8; 5; 5
17,70,0.29339,0.24286,17; 16; 27; 24; 70; 7; 6; 7
56,64,0.91118,0.875,56; 7; 5; 14; 64; 4; 6; 7
7,78,0.15185,0.08974,7; 5; 17; 30; 78; 6; 4; 3
37,49,0.76434,0.7551,37; 19; 12; 3; 49; 6; 14; 3
25,77,0.46344,0.32468,25; 19; 16; 10; 77; 3; 5; 6
25,26,0.7445,0.96154,25; 20; 10; 7; 26; 21; 7; 4
11,53,0.21645,0.20755,11; 29; 16; 7; 53; 14; 3; 15
30,32,0.81564,0.9375,30; 12; 8; 15; 32; 16; 22; 20
5,10,0.33885,0.5,5; 20; 23; 20; 10; 12; 13; 19
59,64,0.96417,0.92188,59; 4; 5; 11; 64; 5; 5; 4
7,9,0.37846,0.77778,7; 18; 10; 10; 9; 28; 18; 4
8,10,0.4121,0.8,8; 27; 17; 10; 10; 25; 23; 8
22,70,0.36861,0.31429,22; 10; 18; 4; 70; 8; 7; 8
12,26,0.4798,0.46154,12; 25; 5; 3; 26; 23; 22; 21
16,49,0.36263,0.32653,16; 13; 15; 3; 49; 14; 4; 12
33,77,0.54867,0.42857,33; 21; 10; 10; 77; 5; 3; 5
8,10,0.43255,0.8,8; 20; 26; 24; 10; 26; 26; 20
49,53,0.86626,0.92453,49; 15; 14; 9; 53; 15; 3; 7
21,42,0.52697,0.5,21; 3; 13; 25; 42; 3; 3; 13
36,75,0.58753,0.48,36; 14; 15; 6; 75; 7; 5; 7
51,82,0.82886,0.62195,51; 10; 10; 14; 82; 5; 4; 5
16,26,0.62183,0.61538,16; 23; 11; 16; 26; 14; 17; 3
55,70,0.92273,0.78571,55; 7; 10; 4; 70; 9; 4; 7
53,75,0.81728,0.70667,53; 7; 14; 14; 75; 7; 4; 3
49,53,0.815,0.92453,49; 8; 15; 14; 53; 7; 14; 3
5,31,0.18228,0.16129,5; 23; 8; 26; 31; 3; 5; 10
29,75,0.51493,0.38667,29; 21; 8; 19; 75; 7; 6; 5
8,9,0.40148,0.88889,8; 29; 24; 21; 9; 3; 28; 12
28,53,0.5491,0.5283,28; 5; 7; 5; 53; 14; 12; 7
28,78,0.48566,0.35897,28; 22; 20; 20; 78; 4; 4; 5
76,78,0.86833,0.97436,76; 3; 3; 5; 78; 3; 5; 4
12,26,0.47956,0.46154,12; 27; 6; 16; 26; 6; 21; 19
15,42,0.3587,0.35714,15; 8; 27; 11; 42; 4; 14; 11
58,77,0.84189,0.75325,58; 11; 11; 11; 77; 7; 7; 7
18,32,0.60544,0.5625,18; 5; 18; 11; 32; 5; 4; 9
45,49,0.824,0.91837,45; 15; 17; 10; 49; 12; 5; 10
53,64,0.83455,0.82812,53; 9; 14; 9; 64; 8; 11; 10
15,63,0.25173,0.2381,15; 18; 14; 26; 63; 9; 5; 3
14,82,0.29023,0.17073,14; 26; 25; 24; 82; 3; 4; 3
52,63,0.87096,0.8254,52; 13; 9; 10; 63; 11; 10; 4
14,63,0.25914,0.22222,14; 4; 20; 26; 63; 5; 9; 3
5,70,0.10293,0.07143,5; 21; 3; 9; 70; 7; 8; 5
41,53,0.72996,0.77358,41; 13; 7; 18; 53; 11; 6; 6
12,26,0.46594,0.46154,12; 5; 12; 20; 26; 7; 18; 10
44,75,0.69733,0.58667,44; 10; 16; 18; 75; 6; 5; 6
22,77,0.41409,0.28571,22; 24; 24; 8; 77; 5; 6; 7
28,31,0.78479,0.90323,28; 20; 11; 22; 31; 13; 15; 13
48,63,0.82389,0.7619,48; 7; 8; 10; 63; 10; 7; 6
68,82,0.73794,0.82927,68; 8; 9; 10; 82; 4; 3; 3
7,32,0.25778,0.21875,7; 20; 17; 25; 32; 16; 6; 21
8,31,0.2763,0.25806,8; 20; 30; 26; 31; 4; 17; 14
38,49,0.80267,0.77551,38; 4; 3; 12; 49; 8; 3; 3
5,9,0.32766,0.55556,5; 22; 14; 12; 9; 12; 18; 18
24,48,0.51426,0.5,24; 4; 5; 7; 48; 8; 10; 14
6,10,0.34719,0.6,6; 29; 18; 17; 10; 22; 16; 13
62,63,0.97158,0.98413,62; 9; 4; 9; 63; 10; 7; 6
70,77,0.81074,0.90909,70; 8; 7; 6; 77; 4; 3; 3
35,63,0.60549,0.55556,35; 5; 9; 14; 63; 4; 6; 5
61,63,0.92433,0.96825,61; 4; 7; 4; 63; 5; 5; 8
16,26,0.60561,0.61538,16; 25; 21; 3; 26; 7; 3; 13
9,10,0.4755,0.9,9; 12; 16; 5; 10; 6; 20; 13
7,31,0.24435,0.22581,7; 11; 21; 22; 31; 4; 9; 20
12,49,0.25654,0.2449,12; 14; 25; 26; 49; 7; 15; 4
25,77,0.47791,0.32468,25; 21; 16; 8; 77; 7; 4; 6
59,63,0.95385,0.93651,59; 11; 5; 5; 63; 5; 3; 9
11,49,0.27203,0.22449,11; 19; 28; 22; 49; 3; 8; 9
10,26,0.36498,0.38462,10; 17; 23; 25; 26; 20; 9; 19
8,10,0.44326,0.8,8; 20; 26; 6; 10; 5; 18; 26
44,77,0.69006,0.57143,44; 16; 3; 18; 77; 4; 4; 5
14,70,0.27225,0.2,14; 17; 16; 22; 70; 4; 6; 8
40,64,0.67606,0.625,40; 19; 15; 16; 64; 10; 3; 11
38,77,0.59536,0.49351,38; 7; 10; 5; 77; 5; 3; 4
17,31,0.52282,0.54839,17; 21; 12; 16; 31; 7; 8; 5
32,77,0.55619,0.41558,32; 9; 9; 17; 77; 4; 6; 4
5,10,0.29755,0.5,5; 6; 11; 10; 10; 25; 26; 5
9,49,0.18417,0.18367,9; 18; 25; 27; 49; 5; 3; 6
29,77,0.50928,0.37662,29; 17; 18; 11; 77; 4; 6; 3
19,26,0.71796,0.73077,19; 14; 3; 19; 26; 19; 24; 9
5,9,0.28761,0.55556,5; 4; 30; 14; 9; 3; 15; 10
22,26,0.81676,0.84615,22; 10; 18; 22; 26; 24; 3; 12
17,26,0.6641,0.65385,17; 24; 16; 20; 26; 21; 24; 24
17,70,0.28972,0.24286,17; 9; 10; 26; 70; 8; 5; 6
26,48,0.51736,0.54167,26; 12; 7; 4; 48; 11; 15; 6
13,48,0.29423,0.27083,13; 22; 8; 24; 48; 10; 5; 7
60,75,0.87462,0.8,60; 8; 7; 5; 75; 4; 4; 5
43,64,0.71422,0.67188,43; 3; 9; 7; 64; 5; 3; 11
5,31,0.18948,0.16129,5; 18; 31; 5; 31; 22; 4; 20
28,77,0.49614,0.36364,28; 19; 17; 22; 77; 7; 6; 7
14,78,0.28726,0.17949,14; 22; 13; 6; 78; 3; 3; 3
14,26,0.47402,0.53846,14; 21; 21; 18; 26; 16; 16; 9
24,63,0.41742,0.38095,24; 7; 16; 14; 63; 8; 11; 3
22,77,0.40782,0.28571,22; 14; 3; 7; 77; 7; 5; 7
8,49,0.19254,0.16327,8; 11; 29; 18; 49; 5; 15; 16
10,70,0.20913,0.14286,10; 19; 13; 23; 70; 4; 5; 6
27,31,0.77191,0.87097,27; 9; 22; 19; 31; 18; 11; 18
17,78,0.33426,0.21795,17; 19; 6; 27; 78; 6; 3; 6
45,48,0.84217,0.9375,45; 5; 6; 8; 48; 15; 12; 9
20,53,0.38883,0.37736,20; 11; 26; 23; 53; 7; 6; 5
20,26,0.75861,0.76923,20; 18; 25; 7; 26; 6; 19; 23
36,48,0.81359,0.75,36; 6; 12; 6; 48; 11; 14; 15
5,77,0.14651,0.06494,5; 25; 17; 15; 77; 7; 3; 5
27,64,0.49061,0.42188,27; 21; 14; 23; 64; 8; 11; 7
35,75,0.5993,0.46667,35; 12; 7; 19; 75; 4; 7; 7
47,49,0.80924,0.95918,47; 7; 13; 3; 49; 15; 14; 10
27,32,0.7865,0.84375,27; 16; 17; 15; 32; 6; 18; 12
48,49,0.79102,0.97959,48; 12; 15; 13; 49; 8; 5; 8
38,82,0.56359,0.46341,38; 4; 8; 3; 82; 3; 4; 3
19,31,0.59411,0.6129,19; 10; 22; 18; 31; 8; 18; 4
19,31,0.56662,0.6129,19; 23; 4; 21; 31; 8; 8; 14
39,63,0.63246,0.61905,39; 4; 16; 16; 63; 10; 10; 4
28,48,0.57969,0.58333,28; 3; 9; 3; 48; 12; 8; 16
43,64,0.702,0.67188,43; 11; 11; 11; 64; 6; 8; 7
6,26,0.23999,0.23077,6; 9; 20; 12; 26; 12; 5; 3
34,49,0.76606,0.69388,34; 5; 16; 16; 49; 7; 14; 5
62,82,0.75913,0.7561,62; 10; 12; 5; 82; 5; 5; 4
47,48,0.8154,0.97917,47; 5; 12; 4; 48; 5; 9; 10
10,31,0.33508,0.32258,10; 8; 15; 13; 31; 17; 3; 9
9,10,0.45553,0.9,9; 22; 21; 25; 10; 22; 10; 11
19,70,0.36921,0.27143,19; 10; 22; 21; 70; 4; 7; 6
44,78,0.71272,0.5641,44; 5; 11; 5; 78; 5; 3; 6
19,31,0.61473,0.6129,19; 15; 17; 5; 31; 7; 12; 10
37,49,0.7685,0.7551,37; 10; 5; 6; 49; 3; 6; 8
42,49,0.7764,0.85714,42; 3; 17; 3; 49; 16; 9; 16
23,26,0.77669,0.88462,23; 18; 6; 9; 26; 18; 14; 5
29,78,0.48929,0.37179,29; 8; 10; 9; 78; 6; 6; 3
5,48,0.10237,0.10417,5; 22; 20; 23; 48; 9; 5; 12
40,63,0.69273,0.63492,40; 11; 6; 11; 63; 6; 7; 6
37,42,0.88775,0.88095,37; 13; 9; 9; 42; 4; 9; 17
15,48,0.3246,0.3125,15; 21; 14; 11; 48; 12; 16; 7
35,75,0.58827,0.46667,35; 6; 13; 20; 75; 3; 7; 3
38,49,0.76568,0.77551,38; 9; 15; 11; 49; 12; 16; 3
21,75,0.39504,0.28,21; 17; 6; 18; 75; 6; 5; 6
9,48,0.23548,0.1875,9; 6; 11; 4; 48; 6; 12; 13
23,32,0.70224,0.71875,23; 3; 23; 6; 32; 19; 6; 10
6,9,0.30512,0.66667,6; 3; 24; 24; 9; 24; 29; 19
33,42,0.74119,0.78571,33; 3; 5; 21; 42; 13; 5; 7
13,32,0.40264,0.40625,13; 14; 7; 15; 32; 14; 17; 15
14,53,0.26738,0.26415,14; 19; 8; 8; 53; 5; 13; 5
8,10,0.41426,0.8,8; 6; 17; 28; 10; 6; 7; 13
26,75,0.46034,0.34667,26; 22; 12; 15; 75; 6; 3; 4
19,70,0.34204,0.27143,19; 14; 16; 9; 70; 4; 8; 5
23,78,0.51252,0.29487,23; 12; 19; 20; 78; 5; 3; 6
46,63,0.77944,0.73016,46; 7; 14; 11; 63; 5; 10; 6
52,53,0.89604,0.98113,52; 14; 6; 14; 53; 6; 12; 11
67,75,0.87531,0.89333,67; 7; 4; 4; 75; 3; 6; 3
16,31,0.4965,0.51613,16; 22; 3; 8; 31; 7; 19; 10
50,70,0.85517,0.71429,50; 7; 11; 16; 70; 3; 5; 4
54,75,0.86883,0.72,54; 4; 8; 10; 75; 6; 5; 4
8,42,0.19266,0.19048,8; 20; 5; 21; 42; 13; 10; 17
28,78,0.46719,0.35897,28; 11; 5; 11; 78; 6; 5; 6
45,48,0.83884,0.9375,45; 17; 8; 3; 48; 15; 16; 10
6,75,0.15007,0.08,6; 20; 28; 18; 75; 5; 3; 3
39,78,0.57582,0.5,39; 11; 5; 7; 78; 4; 4; 5
39,82,0.61992,0.47561,39; 14; 12; 11; 82; 4; 4; 4
63,75,0.88535,0.84,63; 5; 10; 11; 75; 7; 7; 7
38,64,0.65677,0.59375,38; 16; 5; 9; 64; 3; 9; 8
23,82,0.44647,0.28049,23; 3; 4; 11; 82; 3; 3; 3
32,48,0.66226,0.66667,32; 11; 14; 15; 48; 3; 15; 6
79,82,0.79858,0.96341,79; 3; 5; 5; 82; 5; 4; 5
13,31,0.42705,0.41935,13; 12; 14; 24; 31; 10; 20; 4
38,78,0.62515,0.48718,38; 18; 19; 4; 78; 6; 3; 6
68,82,0.72027,0.82927,68; 8; 10; 3; 82; 4; 5; 3
8,9,0.37782,0.88889,8; 14; 30; 26; 9; 8; 20; 12
24,48,0.52836,0.5,24; 22; 18; 11; 48; 7; 11; 15
8,26,0.31944,0.30769,8; 22; 25; 23; 26; 4; 23; 22
16,64,0.29881,0.25,16; 12; 4; 16; 64; 10; 5; 4
63,64,0.914,0.98438,63; 6; 4; 8; 64; 5; 7; 4
46,70,0.73401,0.65714,46; 3; 5; 8; 70; 6; 5; 4
26,32,0.75978,0.8125,26; 8; 5; 18; 32; 18; 10; 4
60,64,0.9384,0.9375,60; 3; 3; 10; 64; 6; 6; 3
14,32,0.48197,0.4375,14; 19; 20; 17; 32; 3; 18; 7
29,32,0.81533,0.90625,29; 18; 12; 16; 32; 8; 6; 16
10,31,0.36811,0.32258,10; 7; 10; 14; 31; 10; 4; 9
22,26,0.84199,0.84615,22; 16; 4; 4; 26; 24; 18; 4
20,48,0.43138,0.41667,20; 12; 7; 23; 48; 10; 9; 9
22,53,0.44384,0.41509,22; 25; 20; 3; 53; 10; 15; 8
56,64,0.89495,0.875,56; 12; 5; 7; 64; 9; 10; 10
18,31,0.5764,0.58065,18; 24; 10; 13; 31; 16; 9; 5
74,75,0.76486,0.98667,74; 6; 4; 8; 75; 7; 7; 3
30,49,0.59855,0.61224,30; 10; 10; 9; 49; 4; 11; 11
9,49,0.1981,0.18367,9; 5; 3; 25; 49; 14; 16; 9
20,48,0.45151,0.41667,20; 24; 21; 24; 48; 16; 8; 7
10,42,0.23908,0.2381,10; 24; 18; 25; 42; 13; 4; 18
58,63,0.9644,0.92063,58; 7; 10; 5; 63; 5; 6; 5
7,42,0.17763,0.16667,7; 17; 23; 27; 42; 5; 3; 3
6,70,0.12845,0.08571,6; 29; 6; 16; 70; 7; 9; 7
31,49,0.62905,0.63265,31; 9; 21; 13; 49; 6; 13; 9
15,48,0.30742,0.3125,15; 3; 8; 11; 48; 16; 14; 6
39,75,0.63245,0.52,39; 5; 11; 7; 75; 6; 5; 3
54,63,0.90837,0.85714,54; 12; 9; 12; 63; 4; 5; 10
19,48,0.40167,0.39583,19; 22; 9; 17; 48; 13; 5; 9
34,42,0.84049,0.80952,34; 6; 20; 14; 42; 13; 16; 4
50,70,0.79069,0.71429,50; 5; 9; 15; 70; 4; 9; 9
7,9,0.37753,0.77778,7; 17; 22; 12; 9; 23; 22; 21
20,70,0.33551,0.28571,20; 9; 15; 22; 70; 8; 6; 5
12,26,0.44241,0.46154,12; 23; 11; 14; 26; 18; 21; 13
5,10,0.28434,0.5,5; 20; 3; 8; 10; 17; 15; 28
18,31,0.55502,0.58065,18; 17; 4; 13; 31; 4; 18; 8
34,78,0.54705,0.4359,34; 21; 7; 8; 78; 3; 6; 3
39,48,0.80356,0.8125,39; 7; 3; 11; 48; 5; 10; 3
62,63,0.9731,0.98413,62; 3; 10; 4; 63; 11; 5; 10
5,10,0.33469,0.5,5; 12; 4; 23; 10; 27; 26; 12
9,48,0.20423,0.1875,9; 13; 18; 11; 48; 4; 13; 12
8,9,0.39096,0.88889,8; 12; 30; 6; 9; 13; 28; 17
61,64,0.9221,0.95312,61; 9; 6; 4; 64; 4; 7; 11
14,75,0.27944,0.18667,14; 17; 17; 5; 75; 4; 6; 7
6,70,0.10124,0.08571,6; 18; 6; 14; 70; 3; 3; 8
17,53,0.32783,0.32075,17; 4; 11; 22; 53; 15; 6; 11
6,82,0.16354,0.07317,6; 3; 27; 13; 82; 5; 4; 4
64,82,0.75977,0.78049,64; 10; 8; 10; 82; 4; 4; 4
23,64,0.40803,0.35938,23; 22; 7; 7; 64; 7; 4; 7
42,77,0.66351,0.54545,42; 4; 13; 8; 77; 7; 3; 5
12,32,0.40763,0.375,12; 15; 10; 23; 32; 17; 7; 17
61,75,0.84818,0.81333,61; 4; 3; 5; 75; 7; 4; 3
5,10,0.32365,0.5,5; 17; 15; 4; 10; 8; 21; 20
9,48,0.18958,0.1875,9; 24; 7; 19; 48; 12; 5; 4
17,82,0.34216,0.20732,17; 27; 21; 14; 82; 4; 3; 4
30,49,0.65979,0.61224,30; 6; 21; 18; 49; 8; 8; 8
18,63,0.34898,0.28571,18; 18; 15; 13; 63; 8; 9; 5
47,63,0.78645,0.74603,47; 11; 15; 15; 63; 3; 11; 6
45,82,0.66312,0.54878,45; 9; 6; 9; 82; 3; 3; 5
17,32,0.53761,0.53125,17; 11; 3; 14; 32; 16; 14; 11
10,32,0.33632,0.3125,10; 15; 6; 6; 32; 3; 5; 5
42,77,0.67241,0.54545,42; 8; 11; 8; 77; 5; 3; 4
36,75,0.61348,0.48,36; 17; 14; 11; 75; 3; 6; 4
12,32,0.41545,0.375,12; 3; 5; 25; 32; 15; 5; 22
6,63,0.11697,0.09524,6; 28; 14; 20; 63; 8; 4; 9
19,32,0.61348,0.59375,19; 24; 3; 8; 32; 20; 6; 17
9,26,0.35904,0.34615,9; 26; 20; 14; 26; 22; 6; 3
53,78,0.85017,0.67949,53; 11; 15; 12; 78; 4; 6; 3
44,77,0.6823,0.57143,44; 5; 13; 4; 77; 6; 3; 3
13,48,0.27508,0.27083,13; 22; 9; 18; 48; 11; 9; 5
29,78,0.50801,0.37179,29; 4; 4; 20; 78; 6; 4; 6
24,42,0.55468,0.57143,24; 21; 7; 7; 42; 4; 10; 4
25,32,0.79794,0.78125,25; 14; 21; 24; 32; 21; 12; 6
24,32,0.8016,0.75,24; 13; 7; 19; 32; 4; 8; 21
42,53,0.80373,0.79245,42; 8; 3; 15; 53; 8; 9; 6
45,75,0.66771,0.6,45; 11; 14; 14; 75; 6; 5; 4
15,42,0.32606,0.35714,15; 20; 5; 3; 42; 15; 5; 7
7,9,0.35243,0.77778,7; 15; 25; 22; 9; 4; 15; 19
30,78,0.52015,0.38462,30; 15; 4; 22; 78; 3; 3; 6
6,9,0.35372,0.66667,6; 17; 15; 12; 9; 5; 27; 11
17,53,0.3157,0.32075,17; 23; 22; 6; 53; 5; 12; 3
25,64,0.44881,0.39062,25; 15; 19; 15; 64; 9; 6; 10
69,70,0.88754,0.98571,69; 5; 8; 7; 70; 5; 4; 5
58,82,0.87759,0.70732,58; 8; 12; 3; 82; 3; 5; 4
58,70,0.90115,0.82857,58; 5; 5; 7; 70; 3; 7; 6
33,53,0.68555,0.62264,33; 19; 21; 19; 53; 13; 4; 5
9,32,0.33627,0.28125,9; 27; 27; 29; 32; 5; 14; 11
54,82,0.7986,0.65854,54; 10; 10; 6; 82; 5; 5; 3
6,26,0.26317,0.23077,6; 27; 24; 28; 26; 10; 13; 18
19,64,0.33839,0.29688,19; 16; 16; 15; 64; 4; 5; 3
8,10,0.41563,0.8,8; 27; 9; 29; 10; 19; 7; 28
5,32,0.18239,0.15625,5; 17; 29; 7; 32; 5; 19; 8
50,70,0.81834,0.71429,50; 9; 11; 8; 70; 5; 3; 9
12,42,0.28,0.28571,12; 26; 15; 12; 42; 8; 16; 7
25,48,0.50604,0.52083,25; 7; 9; 8; 48; 3; 12; 8
24,26,0.76201,0.92308,24; 24; 17; 10; 26; 20; 20; 20
5,9,0.2955,0.55556,5; 5; 14; 14; 9; 9; 28; 16
9,10,0.44621,0.9,9; 18; 14; 28; 10; 11; 8; 6
11,63,0.23007,0.1746,11; 11; 11; 9; 63; 11; 7; 9
32,77,0.52219,0.41558,32; 17; 18; 4; 77; 4; 5; 3
8,9,0.35816,0.88889,8; 21; 30; 17; 9; 5; 16; 19
62,77,0.80966,0.80519,62; 5; 12; 9; 77; 6; 5; 3
48,49,0.82736,0.97959,48; 16; 10; 16; 49; 16; 12; 3
18,32,0.55875,0.5625,18; 21; 3; 22; 32; 19; 9; 8
48,70,0.78893,0.68571,48; 16; 14; 5; 70; 5; 4; 9
22,49,0.43192,0.44898,22; 3; 8; 24; 49; 10; 12; 15
35,64,0.59653,0.54688,35; 14; 13; 7; 64; 5; 5; 11
8,48,0.17772,0.16667,8; 25; 9; 7; 48; 8; 11; 9
6,31,0.21026,0.19355,6; 5; 30; 13; 31; 19; 8; 19
8,10,0.39139,0.8,8; 5; 18; 28; 10; 23; 21; 20
10,31,0.37366,0.32258,10; 4; 19; 18; 31; 22; 17; 7
32,49,0.65019,0.65306,32; 16; 19; 5; 49; 5; 15; 7
25,26,0.76935,0.96154,25; 10; 23; 16; 26; 19; 10; 18
28,82,0.50401,0.34146,28; 5; 7; 18; 82; 3; 3; 3
9,10,0.46005,0.9,9; 8; 7; 5; 10; 5; 26; 29
55,78,0.88178,0.70513,55; 5; 6; 5; 78; 6; 4; 3
23,49,0.50055,0.46939,23; 12; 11; 9; 49; 5; 12; 5
18,26,0.68661,0.69231,18; 19; 18; 25; 26; 23; 4; 11
30,31,0.79691,0.96774,30; 16; 18; 20; 31; 11; 19; 12
11,26,0.425,0.42308,11; 11; 14; 9; 26; 15; 8; 6
8,49,0.1738,0.16327,8; 24; 9; 7; 49; 4; 9; 12
35,64,0.58014,0.54688,35; 9; 10; 19; 64; 4; 9; 6
39,42,0.78459,0.92857,39; 8; 4; 15; 42; 10; 14; 11
17,63,0.29126,0.26984,17; 5; 11; 8; 63; 6; 4; 6
36,82,0.60379,0.43902,36; 7; 16; 17; 82; 4; 4; 5
67,77,0.82933,0.87013,67; 7; 6; 8; 77; 3; 3; 6
29,42,0.7153,0.69048,29; 15; 10; 13; 42; 6; 11; 16
6,9,0.35607,0.66667,6; 18; 25; 24; 9; 10; 21; 9
26,31,0.76829,0.83871,26; 22; 18; 19; 31; 8; 3; 22
6,49,0.12583,0.12245,6; 30; 7; 4; 49; 13; 7; 12
11,75,0.23643,0.14667,11; 3; 19; 27; 75; 3; 3; 6
26,64,0.44665,0.40625,26; 4; 7; 9; 64; 6; 4; 10
65,78,0.85103,0.83333,65; 3; 9; 7; 78; 6; 5; 5
68,77,0.82362,0.88312,68; 3; 5; 5; 77; 5; 6; 7
67,77,0.83421,0.87013,67; 10; 5; 5; 77; 7; 4; 5
16,75,0.30825,0.21333,16; 24; 16; 23; 75; 7; 7; 3
9,53,0.18205,0.16981,9; 6; 23; 12; 53; 8; 6; 5
64,75,0.85135,0.85333,64; 10; 9; 6; 75; 6; 4; 7
36,42,0.86581,0.85714,36; 7; 11; 16; 42; 9; 7; 6
34,53,0.66849,0.64151,34; 21; 15; 13; 53; 8; 5; 15
8,10,0.43755,0.8,8; 14; 6; 30; 10; 8; 8; 16
42,48,0.80309,0.875,42; 17; 12; 12; 48; 14; 14; 9
13,26,0.50208,0.5,13; 13; 4; 5; 26; 11; 12; 20
6,9,0.32316,0.66667,6; 24; 19; 20; 9; 14; 10; 18
41,53,0.75688,0.77358,41; 4; 18; 18; 53; 9; 11; 7
21,53,0.3897,0.39623,21; 19; 22; 10; 53; 5; 14; 11
33,78,0.56721,0.42308,33; 13; 18; 21; 78; 6; 6; 5
15,32,0.48819,0.46875,15; 26; 27; 17; 32; 17; 5; 20
16,64,0.27253,0.25,16; 16; 6; 13; 64; 7; 8; 9
8,26,0.3145,0.30769,8; 5; 29; 10; 26; 15; 15; 8
69,77,0.81196,0.8961,69; 8; 9; 6; 77; 5; 6; 5
37,48,0.82038,0.77083,37; 13; 11; 9; 48; 13; 15; 12
6,9,0.34521,0.66667,6; 9; 19; 29; 9; 23; 3; 17
39,42,0.82084,0.92857,39; 18; 9; 14; 42; 10; 14; 13
72,82,0.68208,0.87805,72; 5; 6; 8; 82; 3; 3; 5
13,32,0.39977,0.40625,13; 25; 7; 19; 32; 22; 4; 15
36,48,0.83332,0.75,36; 8; 18; 4; 48; 16; 5; 6
8,10,0.42014,0.8,8; 29; 26; 18; 10; 22; 28; 15
18,31,0.57194,0.58065,18; 22; 11; 17; 31; 10; 11; 15
17,42,0.41166,0.40476,17; 8; 12; 21; 42; 16; 7; 7
48,63,0.80028,0.7619,48; 4; 14; 9; 63; 10; 7; 3
17,26,0.58554,0.65385,17; 24; 6; 19; 26; 6; 3; 16
43,53,0.75544,0.81132,43; 10; 9; 7; 53; 4; 13; 12
25,26,0.73752,0.96154,25; 18; 12; 12; 26; 20; 3; 17
21,32,0.64603,0.65625,21; 19; 3; 25; 32; 9; 8; 4
29,49,0.59511,0.59184,29; 20; 6; 5; 49; 10; 12; 9
44,70,0.72715,0.62857,44; 10; 7; 13; 70; 4; 5; 8
25,63,0.44243,0.39683,25; 20; 22; 13; 63; 8; 7; 11
53,78,0.81118,0.67949,53; 12; 12; 6; 78; 4; 4; 6
13,49,0.27924,0.26531,13; 20; 12; 7; 49; 8; 12; 12
29,31,0.76543,0.93548,29; 9; 12; 15; 31; 18; 17; 9
27,78,0.45089,0.34615,27; 17; 7; 21; 78; 4; 3; 4
25,26,0.69648,0.96154,25; 11; 16; 8; 26; 7; 14; 24
26,32,0.70394,0.8125,26; 5; 20; 18; 32; 11; 12; 21
41,48,0.84945,0.85417,41; 12; 3; 11; 48; 6; 8; 12
48,49,0.84009,0.97959,48; 14; 9; 13; 49; 11; 13; 13
12,78,0.2477,0.15385,12; 17; 15; 25; 78; 5; 5; 6
24,26,0.75299,0.92308,24; 14; 23; 11; 26; 7; 22; 16
39,53,0.72148,0.73585,39; 16; 5; 18; 53; 14; 5; 12
70,75,0.83956,0.93333,70; 5; 8; 3; 75; 3; 5; 7
15,26,0.57827,0.57692,15; 21; 3; 17; 26; 18; 5; 22
13,48,0.27917,0.27083,13; 27; 15; 9; 48; 10; 13; 3
40,53,0.76914,0.75472,40; 17; 5; 16; 53; 6; 8; 12
31,70,0.51384,0.44286,31; 11; 22; 17; 70; 4; 8; 5
8,9,0.39197,0.88889,8; 18; 26; 25; 9; 19; 5; 13
50,75,0.83032,0.66667,50; 4; 14; 6; 75; 7; 6; 3
21,77,0.3929,0.27273,21; 21; 22; 20; 77; 3; 3; 7
35,42,0.7838,0.83333,35; 11; 17; 7; 42; 18; 18; 3
42,70,0.68441,0.6,42; 13; 16; 14; 70; 3; 4; 9
45,77,0.67851,0.58442,45; 13; 10; 12; 77; 6; 7; 3
13,53,0.27493,0.24528,13; 18; 12; 9; 53; 3; 14; 5
31,82,0.5056,0.37805,31; 6; 16; 9; 82; 5; 4; 3
18,26,0.6901,0.69231,18; 7; 14; 15; 26; 16; 12; 8
30,32,0.83851,0.9375,30; 19; 22; 17; 32; 5; 4; 9
53,77,0.82476,0.68831,53; 15; 10; 11; 77; 5; 4; 3
5,10,0.30794,0.5,5; 21; 26; 23; 10; 27; 23; 15
13,64,0.20635,0.20312,13; 22; 27; 27; 64; 8; 7; 7
7,49,0.16358,0.14286,7; 7; 28; 24; 49; 7; 14; 5
44,70,0.72898,0.62857,44; 4; 18; 5; 70; 3; 4; 6
16,32,0.55741,0.5,16; 5; 20; 7; 32; 9; 15; 12
20,26,0.82171,0.76923,20; 8; 6; 5; 26; 17; 5; 14
44,48,0.83251,0.91667,44; 17; 11; 4; 48; 16; 3; 11
54,75,0.86057,0.72,54; 5; 3; 13; 75; 3; 5; 5
12,26,0.4642,0.46154,12; 21; 13; 28; 26; 21; 17; 11
23,42,0.54316,0.54762,23; 23; 3; 9; 42; 16; 7; 10
16,78,0.33364,0.20513,16; 5; 20; 7; 78; 6; 5; 6
8,9,0.43369,0.88889,8; 29; 24; 6; 9; 26; 16; 14
6,53,0.12019,0.11321,6; 8; 14; 22; 53; 3; 9; 8
60,78,0.81846,0.76923,60; 6; 7; 5; 78; 3; 4; 6
8,9,0.41107,0.88889,8; 11; 26; 5; 9; 13; 4; 4
67,77,0.86152,0.87013,67; 6; 6; 4; 77; 4; 6; 7
21,49,0.41249,0.42857,21; 10; 15; 3; 49; 10; 15; 3
27,64,0.45676,0.42188,27; 22; 4; 19; 64; 8; 7; 5
62,64,0.94797,0.96875,62; 10; 10; 3; 64; 3; 10; 10
56,77,0.79949,0.72727,56; 10; 14; 11; 77; 5; 6; 3
20,31,0.652,0.64516,20; 7; 15; 8; 31; 11; 13; 17
51,64,0.79777,0.79688,51; 14; 6; 4; 64; 9; 11; 3
28,31,0.76216,0.90323,28; 13; 18; 13; 31; 19; 4; 13
20,26,0.69232,0.76923,20; 19; 23; 26; 26; 18; 21; 12
20,48,0.39397,0.41667,20; 4; 10; 20; 48; 6; 7; 5
17,26,0.62864,0.65385,17; 7; 17; 4; 26; 17; 21; 16
26,77,0.46545,0.33766,26; 18; 20; 20; 77; 4; 5; 4
19,42,0.41472,0.45238,19; 4; 26; 24; 42; 7; 12; 7
8,31,0.29028,0.25806,8; 4; 22; 16; 31; 4; 18; 21
68,78,0.86329,0.87179,68; 10; 3; 5; 78; 5; 4; 6
36,64,0.63081,0.5625,36; 7; 6; 19; 64; 8; 7; 11
12,82,0.26044,0.14634,12; 3; 18; 14; 82; 4; 4; 5
47,64,0.76897,0.73438,47; 15; 3; 11; 64; 3; 11; 5
29,31,0.78375,0.93548,29; 15; 18; 19; 31; 15; 10; 10
12,75,0.24119,0.16,12; 23; 24; 5; 75; 4; 7; 7
58,64,0.94829,0.90625,58; 10; 13; 10; 64; 5; 4; 6
34,63,0.5979,0.53968,34; 15; 7; 20; 63; 7; 4; 8
17,49,0.33202,0.34694,17; 4; 4; 10; 49; 3; 12; 9
10,31,0.34807,0.32258,10; 11; 22; 13; 31; 17; 18; 9
5,10,0.30252,0.5,5; 5; 8; 23; 10; 3; 22; 14
20,53,0.40394,0.37736,20; 16; 24; 19; 53; 10; 9; 11
24,53,0.48285,0.45283,24; 20; 20; 13; 53; 9; 4; 12
65,70,0.9,0.92857,65; 3; 4; 6; 70; 5; 8; 3
39,75,0.61687,0.52,39; 6; 18; 12; 75; 7; 7; 6
9,32,0.3001,0.28125,9; 12; 10; 12; 32; 4; 10; 9
18,42,0.42502,0.42857,18; 7; 10; 21; 42; 14; 14; 6
7,9,0.37498,0.77778,7; 14; 15; 6; 9; 27; 17; 21
73,78,0.81828,0.9359,73; 4; 4; 3; 78; 3; 4; 4
9,49,0.19326,0.18367,9; 17; 26; 8; 49; 4; 15; 11
6,64,0.1067,0.09375,6; 10; 9; 4; 64; 4; 6; 4
17,75,0.32537,0.22667,17; 18; 16; 17; 75; 3; 7; 7
61,78,0.88305,0.78205,61; 11; 7; 10; 78; 4; 6; 4
43,78,0.69573,0.55128,43; 7; 3; 5; 78; 5; 5; 4
28,31,0.76417,0.90323,28; 10; 12; 11; 31; 18; 16; 11
46,63,0.76459,0.73016,46; 15; 12; 5; 63; 10; 3; 8
18,53,0.36157,0.33962,18; 5; 15; 25; 53; 5; 14; 13
34,42,0.75784,0.80952,34; 19; 7; 18; 42; 10; 10; 14
18,70,0.33185,0.25714,18; 17; 13; 10; 70; 8; 5; 6
43,53,0.78688,0.81132,43; 6; 14; 4; 53; 3; 14; 3
45,64,0.72935,0.70312,45; 12; 17; 13; 64; 10; 5; 4
23,32,0.70324,0.71875,23; 14; 22; 19; 32; 9; 8; 9
59,75,0.88125,0.78667,59; 11; 7; 6; 75; 4; 6; 6
68,77,0.8066,0.88312,68; 9; 9; 9; 77; 4; 7; 7
25,63,0.41085,0.39683,25; 3; 20; 13; 63; 11; 10; 10
8,63,0.15869,0.12698,8; 12; 28; 24; 63; 6; 3; 6
67,70,0.86275,0.95714,67; 8; 8; 7; 70; 6; 5; 3
30,64,0.48759,0.46875,30; 14; 13; 5; 64; 6; 10; 8
21,64,0.38423,0.32812,21; 4; 22; 4; 64; 9; 8; 9
14,48,0.3016,0.29167,14; 3; 23; 28; 48; 4; 13; 7
47,64,0.76707,0.73438,47; 15; 9; 3; 64; 6; 8; 5
30,78,0.54511,0.38462,30; 10; 21; 6; 78; 5; 6; 3
26,53,0.5145,0.49057,26; 14; 11; 11; 53; 5; 14; 8
9,10,0.48695,0.9,9; 28; 28; 26; 10; 17; 14; 28
5,82,0.11213,0.06098,5; 18; 28; 20; 82; 5; 4; 4
51,78,0.78896,0.65385,51; 7; 4; 5; 78; 3; 5; 4
35,63,0.60131,0.55556,35; 8; 13; 14; 63; 5; 5; 11
21,42,0.48318,0.5,21; 11; 3; 5; 42; 10; 17; 15
7,10,0.39506,0.7,7; 28; 10; 7; 10; 20; 23; 5
5,31,0.22747,0.16129,5; 8; 5; 29; 31; 8; 3; 14
7,10,0.39287,0.7,7; 19; 25; 28; 10; 6; 10; 16
56,75,0.88701,0.74667,56; 9; 11; 3; 75; 7; 7; 7
38,49,0.78574,0.77551,38; 11; 12; 20; 49; 6; 15; 11
64,77,0.84794,0.83117,64; 7; 10; 3; 77; 3; 7; 7
62,70,0.90342,0.88571,62; 6; 10; 6; 70; 3; 7; 4
19,64,0.32833,0.29688,19; 16; 15; 20; 64; 8; 3; 6
15,63,0.27416,0.2381,15; 7; 4; 16; 63; 3; 8; 6
12,42,0.30495,0.28571,12; 19; 21; 3; 42; 7; 5; 9
9,10,0.53067,0.9,9; 22; 18; 25; 10; 14; 26; 8
8,9,0.38229,0.88889,8; 24; 12; 17; 9; 8; 16; 24
10,31,0.35166,0.32258,10; 16; 19; 10; 31; 20; 3; 3
14,53,0.27665,0.26415,14; 25; 27; 8; 53; 6; 8; 9
73,78,0.73999,0.9359,73; 7; 7; 5; 78; 6; 4; 6
32,48,0.72468,0.66667,32; 6; 6; 5; 48; 11; 6; 15
41,42,0.9068,0.97619,41; 10; 6; 12; 42; 8; 11; 9
12,53,0.22271,0.22642,12; 24; 27; 24; 53; 13; 12; 5
24,42,0.59701,0.57143,24; 24; 4; 17; 42; 9; 9; 7
8,9,0.40453,0.88889,8; 7; 28; 9; 9; 12; 3; 4
10,77,0.25429,0.12987,10; 8; 18; 19; 77; 4; 3; 3
36,70,0.59203,0.51429,36; 19; 20; 19; 70; 7; 9; 7
35,49,0.7184,0.71429,35; 14; 16; 6; 49; 9; 10; 4
32,64,0.56593,0.5,32; 16; 3; 17; 64; 3; 9; 11
5,9,0.29854,0.55556,5; 21; 8; 20; 9; 13; 29; 16
20,26,0.80931,0.76923,20; 25; 9; 5; 26; 20; 10; 22
29,49,0.58161,0.59184,29; 16; 12; 3; 49; 14; 11; 16
15,49,0.32754,0.30612,15; 19; 9; 9; 49; 8; 5; 13
5,70,0.09341,0.07143,5; 21; 8; 3; 70; 7; 7; 6
5,9,0.29562,0.55556,5; 23; 24; 20; 9; 24; 16; 5
18,77,0.34175,0.23377,18; 15; 24; 22; 77; 6; 4; 7
6,42,0.18083,0.14286,6; 8; 22; 13; 42; 5; 17; 14
9,70,0.17787,0.12857,9; 18; 28; 16; 70; 4; 6; 4
23,78,0.38736,0.29487,23; 24; 17; 14; 78; 4; 3; 4
29,49,0.59771,0.59184,29; 19; 22; 19; 49; 11; 12; 4
6,9,0.31717,0.66667,6; 17; 18; 29; 9; 10; 10; 16
8,10,0.41969,0.8,8; 24; 10; 9; 10; 15; 4; 14
20,26,0.77182,0.76923,20; 7; 12; 19; 26; 18; 14; 3
5,32,0.177,0.15625,5; 27; 22; 21; 32; 16; 21; 5
28,31,0.73235,0.90323,28; 17; 17; 6; 31; 15; 6; 22
30,77,0.50627,0.38961,30; 8; 3; 13; 77; 5; 7; 6
43,64,0.6939,0.67188,43; 7; 16; 16; 64; 5; 8; 10
48,82,0.68339,0.58537,48; 9; 6; 6; 82; 5; 3; 4
14,48,0.30873,0.29167,14; 18; 14; 11; 48; 9; 16; 15
24,26,0.76773,0.92308,24; 12; 19; 4; 26; 11; 10; 3
40,53,0.80826,0.75472,40; 17; 3; 11; 53; 3; 3; 14
40,82,0.65162,0.4878,40; 4; 7; 5; 82; 5; 4; 5
13,82,0.26437,0.15854,13; 25; 10; 9; 82; 4; 5; 3
33,82,0.56716,0.40244,33; 8; 19; 12; 82; 4; 3; 4
26,31,0.76675,0.83871,26; 19; 22; 3; 31; 22; 20; 15
46,78,0.72976,0.58974,46; 3; 5; 8; 78; 4; 6; 5
10,32,0.34455,0.3125,10; 7; 22; 8; 32; 3; 5; 17
29,31,0.7908,0.93548,29; 21; 16; 9; 31; 9; 19; 14
6,10,0.30859,0.6,6; 8; 13; 8; 10; 14; 25; 13
64,70,0.92024,0.91429,64; 9; 6; 5; 70; 9; 8; 6
7,82,0.11507,0.08537,7; 5; 16; 13; 82; 3; 4; 5
14,32,0.44869,0.4375,14; 14; 3; 3; 32; 4; 16; 16
24,70,0.44804,0.34286,24; 4; 20; 6; 70; 7; 8; 5
46,48,0.82749,0.95833,46; 15; 4; 10; 48; 15; 3; 3
31,75,0.52428,0.41333,31; 7; 22; 5; 75; 4; 7; 3
11,31,0.36206,0.35484,11; 7; 21; 29; 31; 5; 20; 16
18,32,0.57086,0.5625,18; 25; 6; 11; 32; 14; 12; 11
30,63,0.52734,0.47619,30; 3; 6; 16; 63; 5; 3; 9
19,31,0.59047,0.6129,19; 23; 4; 8; 31; 7; 16; 9
7,9,0.36888,0.77778,7; 24; 5; 24; 9; 7; 10; 28
75,77,0.78019,0.97403,75; 3; 4; 5; 77; 7; 5; 3
70,78,0.83738,0.89744,70; 4; 4; 4; 78; 6; 3; 5
6,31,0.23011,0.19355,6; 16; 8; 8; 31; 9; 12; 9
60,77,0.87411,0.77922,60; 12; 8; 3; 77; 4; 4; 6
28,31,0.79285,0.90323,28; 15; 12; 11; 31; 22; 20; 11
9,10,0.43018,0.9,9; 23; 4; 3; 10; 10; 5; 10
7,75,0.19404,0.09333,7; 15; 22; 29; 75; 3; 3; 6
36,42,0.91417,0.85714,36; 18; 4; 9; 42; 17; 12; 5
21,70,0.37676,0.3,21; 5; 3; 14; 70; 5; 3; 4
17,48,0.38621,0.35417,17; 10; 21; 19; 48; 14; 15; 9
29,77,0.4775,0.37662,29; 9; 22; 12; 77; 4; 5; 3
20,49,0.44071,0.40816,20; 23; 20; 24; 49; 11; 12; 6
30,31,0.79209,0.96774,30; 4; 7; 22; 31; 3; 4; 19
21,48,0.42893,0.4375,21; 16; 23; 5; 48; 16; 3; 9
23,77,0.43116,0.2987,23; 19; 16; 6; 77; 5; 7; 7
43,78,0.71644,0.55128,43; 16; 13; 18; 78; 5; 4; 3
62,64,0.94938,0.96875,62; 11; 12; 5; 64; 6; 3; 7
65,77,0.8434,0.84416,65; 7; 10; 7; 77; 3; 4; 3
26,32,0.74951,0.8125,26; 23; 5; 11; 32; 13; 22; 18
67,77,0.80553,0.87013,67; 5; 5; 5; 77; 3; 6; 4
6,9,0.32458,0.66667,6; 9; 19; 13; 9; 25; 23; 6
63,70,0.9445,0.9,63; 10; 4; 6; 70; 9; 4; 3
37,53,0.73372,0.69811,37; 14; 9; 11; 53; 9; 12; 8
9,10,0.44815,0.9,9; 19; 3; 18; 10; 25; 3; 24
5,9,0.27601,0.55556,5; 19; 26; 12; 9; 26; 16; 11
22,32,0.73819,0.6875,22; 18; 22; 17; 32; 13; 14; 3
29,48,0.57725,0.60417,29; 8; 9; 21; 48; 7; 7; 7
8,10,0.39602,0.8,8; 7; 7; 17; 10; 4; 9; 6
15,78,0.3102,0.19231,15; 18; 6; 13; 78; 5; 5; 3
8,26,0.3243,0.30769,8; 7; 20; 15; 26; 15; 3; 17
7,10,0.40666,0.7,7; 3; 27; 11; 10; 20; 10; 5
35,42,0.82479,0.83333,35; 12; 16; 17; 42; 5; 10; 13
25,49,0.51725,0.5102,25; 11; 5; 23; 49; 14; 4; 16
6,63,0.11338,0.09524,6; 4; 13; 6; 63; 11; 3; 7
43,78,0.70383,0.55128,43; 16; 18; 10; 78; 6; 6; 5
8,49,0.19356,0.16327,8; 13; 15; 27; 49; 9; 15; 4
12,77,0.26117,0.15584,12; 6; 24; 27; 77; 6; 7; 6
63,64,0.96908,0.98438,63; 8; 11; 8; 64; 11; 9; 5
41,78,0.64162,0.52564,41; 13; 16; 9; 78; 4; 6; 5
64,82,0.79209,0.78049,64; 10; 10; 9; 82; 5; 4; 3
75,78,0.85636,0.96154,75; 4; 6; 6; 78; 5; 6; 3
42,48,0.83239,0.875,42; 13; 13; 7; 48; 6; 11; 16
71,82,0.63874,0.86585,71; 7; 8; 4; 82; 4; 4; 5
29,32,0.77614,0.90625,29; 14; 14; 12; 32; 16; 7; 5
59,70,0.92159,0.84286,59; 10; 6; 3; 70; 5; 7; 7
44,77,0.67341,0.57143,44; 16; 15; 18; 77; 5; 6; 6
58,75,0.88815,0.77333,58; 8; 5; 13; 75; 7; 7; 6
9,32,0.28668,0.28125,9; 22; 8; 28; 32; 4; 17; 20
10,70,0.20759,0.14286,10; 29; 9; 26; 70; 3; 9; 7
6,48,0.12192,0.125,6; 16; 19; 3; 48; 13; 12; 7
39,75,0.64081,0.52,39; 10; 11; 4; 75; 5; 4; 7
58,75,0.83357,0.77333,58; 7; 13; 11; 75; 5; 3; 6
7,75,0.14327,0.09333,7; 11; 21; 6; 75; 3; 5; 5
25,63,0.45377,0.39683,25; 4; 15; 14; 63; 5; 8; 5
74,78,0.77563,0.94872,74; 8; 4; 3; 78; 4; 3; 4
33,70,0.55201,0.47143,33; 20; 9; 5; 70; 6; 7; 3
19,48,0.40308,0.39583,19; 9; 20; 25; 48; 5; 14; 11
18,42,0.4223,0.42857,18; 23; 13; 19; 42; 8; 13; 7
17,53,0.323,0.32075,17; 3; 9; 14; 53; 14; 10; 14
58,70,0.96171,0.82857,58; 11; 5; 12; 70; 5; 7; 7
72,77,0.84728,0.93506,72; 7; 7; 3; 77; 6; 5; 3
53,77,0.80252,0.68831,53; 6; 8; 7; 77; 3; 7; 6
7,9,0.34631,0.77778,7; 12; 17; 11; 9; 14; 25; 16
47,82,0.74571,0.57317,47; 14; 14; 11; 82; 3; 3; 5
59,78,0.87646,0.75641,59; 9; 13; 9; 78; 4; 3; 3
15,82,0.30643,0.18293,15; 14; 9; 23; 82; 5; 4; 5
67,78,0.79354,0.85897,67; 10; 4; 4; 78; 4; 3; 3
7,70,0.13439,0.1,7; 19; 21; 23; 70; 7; 3; 5
36,49,0.77871,0.73469,36; 14; 19; 13; 49; 12; 15; 10
16,26,0.58619,0.61538,16; 14; 27; 16; 26; 7; 9; 23
6,48,0.14706,0.125,6; 17; 11; 27; 48; 12; 9; 6
21,78,0.40258,0.26923,21; 19; 16; 18; 78; 6; 4; 6
9,63,0.20482,0.14286,9; 6; 29; 22; 63; 5; 5; 4
28,64,0.49723,0.4375,28; 11; 11; 7; 64; 7; 6; 3
20,64,0.33987,0.3125,20; 4; 26; 18; 64; 8; 3; 6
6,32,0.23273,0.1875,6; 22; 17; 23; 32; 6; 3; 15
10,26,0.36741,0.38462,10; 11; 18; 11; 26; 11; 18; 17
24,32,0.69414,0.75,24; 13; 24; 6; 32; 15; 19; 14
34,82,0.55863,0.41463,34; 9; 18; 15; 82; 5; 5; 4
57,75,0.89258,0.76,57; 5; 3; 8; 75; 7; 5; 5
58,77,0.8073,0.75325,58; 10; 3; 10; 77; 4; 7; 3
11,42,0.2823,0.2619,11; 23; 29; 20; 42; 8; 6; 5
67,75,0.82528,0.89333,67; 5; 7; 10; 75; 5; 3; 7
23,77,0.42898,0.2987,23; 25; 3; 19; 77; 5; 7; 6
32,53,0.624,0.60377,32; 16; 10; 8; 53; 11; 15; 13
18,70,0.2957,0.25714,18; 3; 24; 22; 70; 4; 3; 6
58,64,0.97706,0.90625,58; 9; 5; 8; 64; 8; 6; 3
7,10,0.37576,0.7,7; 30; 14; 13; 10; 5; 12; 16
16,31,0.50059,0.51613,16; 17; 17; 12; 31; 22; 3; 18
7,49,0.15008,0.14286,7; 18; 8; 4; 49; 8; 14; 3
24,32,0.74467,0.75,24; 20; 12; 20; 32; 21; 22; 15
52,63,0.84183,0.8254,52; 14; 9; 9; 63; 7; 7; 10
30,32,0.86042,0.9375,30; 16; 17; 16; 32; 18; 18; 21
19,42,0.4094,0.45238,19; 10; 22; 23; 42; 11; 4; 18
33,77,0.53201,0.42857,33; 15; 13; 7; 77; 3; 6; 5
32,77,0.53624,0.41558,32; 21; 7; 21; 77; 6; 6; 6
38,53,0.77906,0.71698,38; 17; 19; 14; 53; 8; 10; 12
10,63,0.21102,0.15873,10; 4; 15; 22; 63; 8; 11; 4
37,48,0.79227,0.77083,37; 14; 6; 4; 48; 12; 8; 5
30,70,0.54017,0.42857,30; 15; 16; 5; 70; 3; 8; 4
6,49,0.0953,0.12245,6; 30; 20; 24; 49; 6; 16; 15
59,78,0.88663,0.75641,59; 3; 4; 7; 78; 6; 3; 3
5,78,0.12072,0.0641,5; 28; 16; 6; 78; 4; 4; 6
25,82,0.4747,0.30488,25; 4; 23; 18; 82; 5; 4; 5
21,70,0.36778,0.3,21; 5; 13; 8; 70; 9; 3; 7
9,10,0.43152,0.9,9; 18; 28; 21; 10; 10; 17; 14
20,82,0.55082,0.2439,20; 25; 19; 6; 82; 4; 5; 4
7,10,0.38837,0.7,7; 28; 29; 28; 10; 18; 26; 22
35,48,0.74968,0.72917,35; 5; 16; 3; 48; 4; 6; 14
44,78,0.72919,0.5641,44; 3; 12; 11; 78; 6; 4; 4
28,77,0.4828,0.36364,28; 9; 22; 18; 77; 5; 7; 4
8,9,0.40168,0.88889,8; 3; 17; 15; 9; 16; 10; 7
5,26,0.18467,0.19231,5; 27; 4; 10; 26; 17; 16; 20
20,48,0.45919,0.41667,20; 24; 15; 8; 48; 10; 5; 10
17,42,0.39784,0.40476,17; 3; 9; 25; 42; 18; 5; 3
9,42,0.20316,0.21429,9; 10; 27; 9; 42; 5; 13; 18
29,49,0.59995,0.59184,29; 10; 15; 11; 49; 15; 10; 14
19,63,0.32472,0.30159,19; 20; 24; 8; 63; 5; 10; 11
46,63,0.76546,0.73016,46; 9; 15; 15; 63; 7; 5; 10
18,49,0.38586,0.36735,18; 16; 3; 13; 49; 3; 12; 9
41,42,0.85249,0.97619,41; 19; 8; 12; 42; 18; 16; 15
31,70,0.53615,0.44286,31; 8; 4; 4; 70; 6; 8; 4
49,63,0.79974,0.77778,49; 9; 11; 4; 63; 11; 3; 10
51,64,0.85084,0.79688,51; 11; 12; 3; 64; 8; 10; 6
13,49,0.2785,0.26531,13; 12; 26; 19; 49; 4; 6; 8
38,42,0.88845,0.90476,38; 5; 12; 15; 42; 11; 7; 7
6,10,0.35016,0.6,6; 23; 12; 23; 10; 22; 17; 5
5,32,0.18722,0.15625,5; 20; 6; 15; 32; 16; 16; 21
40,75,0.63299,0.53333,40; 13; 9; 3; 75; 5; 3; 3
13,70,0.27365,0.18571,13; 19; 27; 13; 70; 5; 3; 4
55,75,0.86644,0.73333,55; 6; 11; 5; 75; 3; 7; 6
75,78,0.75014,0.96154,75; 6; 3; 7; 78; 3; 3; 3
57,75,0.90091,0.76,57; 7; 13; 5; 75; 5; 6; 4
42,70,0.72104,0.6,42; 7; 11; 7; 70; 6; 7; 9
5,9,0.32887,0.55556,5; 21; 22; 6; 9; 21; 17; 11
8,26,0.28115,0.30769,8; 15; 5; 18; 26; 6; 18; 10
48,63,0.84593,0.7619,48; 10; 9; 10; 63; 7; 10; 7
66,82,0.79291,0.80488,66; 3; 5; 8; 82; 3; 4; 3
9,64,0.15778,0.14062,9; 22; 22; 5; 64; 8; 7; 5
20,78,0.37125,0.25641,20; 7; 7; 15; 78; 4; 6; 5
6,31,0.22775,0.19355,6; 23; 30; 6; 31; 19; 9; 15
18,53,0.36415,0.33962,18; 11; 18; 5; 53; 6; 3; 7
44,63,0.73085,0.69841,44; 16; 6; 6; 63; 3; 10; 9
29,82,0.58182,0.35366,29; 23; 3; 20; 82; 3; 5; 3
39,49,0.83863,0.79592,39; 8; 8; 17; 49; 10; 4; 5
18,77,0.34451,0.23377,18; 3; 20; 23; 77; 5; 6; 4
35,48,0.77173,0.72917,35; 11; 20; 16; 48; 15; 14; 16
38,48,0.78629,0.79167,38; 9; 3; 7; 48; 10; 4; 3
51,64,0.79855,0.79688,51; 11; 5; 15; 64; 10; 8; 9
16,48,0.38816,0.33333,16; 4; 3; 25; 48; 3; 15; 4
32,70,0.54007,0.45714,32; 7; 14; 3; 70; 3; 6; 7
44,64,0.7462,0.6875,44; 18; 10; 12; 64; 7; 7; 10
47,70,0.78674,0.67143,47; 17; 4; 9; 70; 9; 7; 6
33,64,0.54494,0.51562,33; 16; 3; 13; 64; 9; 6; 7
25,31,0.7214,0.80645,25; 14; 8; 14; 31; 5; 6; 18
28,32,0.76747,0.875,28; 11; 12; 15; 32; 17; 7; 6
35,75,0.57749,0.46667,35; 3; 6; 11; 75; 7; 5; 5
26,70,0.46019,0.37143,26; 8; 14; 13; 70; 3; 4; 6
18,75,0.33382,0.24,18; 6; 23; 8; 75; 6; 5; 3
12,26,0.4694,0.46154,12; 11; 5; 28; 26; 14; 5; 12
5,10,0.32852,0.5,5; 13; 3; 22; 10; 6; 22; 8
15,77,0.29574,0.19481,15; 18; 27; 15; 77; 5; 5; 5
20,82,0.39076,0.2439,20; 13; 21; 18; 82; 3; 3; 5
7,63,0.13507,0.11111,7; 29; 8; 17; 63; 3; 3; 8
38,78,0.63379,0.48718,38; 17; 4; 12; 78; 5; 3; 4
15,48,0.30308,0.3125,15; 21; 18; 7; 48; 6; 6; 8
44,78,0.69591,0.5641,44; 3; 15; 16; 78; 5; 4; 6
57,75,0.88137,0.76,57; 8; 3; 9; 75; 6; 4; 7
6,9,0.3457,0.66667,6; 29; 18; 25; 9; 10; 3; 21
54,64,0.87661,0.84375,54; 8; 6; 10; 64; 11; 6; 9
7,9,0.36878,0.77778,7; 25; 15; 27; 9; 23; 9; 16
9,82,0.21053,0.10976,9; 12; 16; 11; 82; 5; 4; 3
53,77,0.83482,0.68831,53; 12; 3; 11; 77; 6; 5; 5
11,48,0.25645,0.22917,11; 13; 19; 26; 48; 10; 11; 8
5,9,0.27893,0.55556,5; 15; 8; 29; 9; 22; 17; 22
57,82,0.78068,0.69512,57; 5; 10; 8; 82; 5; 3; 4
8,31,0.25998,0.25806,8; 21; 16; 27; 31; 22; 7; 18
22,26,0.85039,0.84615,22; 20; 16; 3; 26; 13; 4; 24
7,10,0.35549,0.7,7; 23; 29; 15; 10; 27; 6; 12
16,26,0.58586,0.61538,16; 12; 5; 20; 26; 5; 24; 11
17,49,0.35669,0.34694,17; 22; 11; 26; 49; 4; 4; 10
44,77,0.70861,0.57143,44; 17; 16; 3; 77; 4; 5; 7
70,82,0.70414,0.85366,70; 4; 7; 4; 82; 4; 4; 5
6,32,0.19605,0.1875,6; 14; 11; 5; 32; 10; 21; 19
37,53,0.74062,0.69811,37; 5; 12; 17; 53; 3; 8; 7
59,78,0.82031,0.75641,59; 11; 4; 8; 78; 3; 6; 3
7,10,0.38345,0.7,7; 11; 5; 3; 10; 4; 5; 5
8,10,0.40943,0.8,8; 26; 8; 27; 10; 22; 5; 15
30,63,0.50653,0.47619,30; 4; 18; 14; 63; 7; 4; 10
24,32,0.70994,0.75,24; 5; 14; 10; 32; 13; 7; 20
28,42,0.6556,0.66667,28; 11; 5; 5; 42; 10; 5; 8
28,78,0.49658,0.35897,28; 14; 20; 12; 78; 3; 4; 3
33,78,0.54181,0.42308,33; 18; 9; 14; 78; 5; 3; 4
28,32,0.7399,0.875,28; 4; 9; 10; 32; 7; 7; 12
40,78,0.61225,0.51282,40; 12; 14; 13; 78; 4; 3; 5
14,64,0.27455,0.21875,14; 20; 18; 26; 64; 4; 11; 10
31,32,0.78136,0.96875,31; 5; 13; 6; 32; 6; 6; 17
42,53,0.76134,0.79245,42; 17; 5; 6; 53; 8; 5; 15
17,64,0.28648,0.26562,17; 12; 27; 14; 64; 8; 4; 6
34,63,0.56186,0.53968,34; 17; 15; 9; 63; 3; 10; 7
24,31,0.74632,0.77419,24; 16; 16; 18; 31; 4; 14; 18
5,9,0.28425,0.55556,5; 12; 22; 6; 9; 3; 11; 13
31,70,0.52353,0.44286,31; 4; 16; 9; 70; 4; 9; 9
6,9,0.34568,0.66667,6; 18; 12; 25; 9; 22; 23; 19
68,70,0.88948,0.97143,68; 3; 9; 7; 70; 8; 7; 6
45,82,0.64816,0.54878,45; 16; 16; 16; 82; 3; 3; 5
5,26,0.25106,0.19231,5; 22; 31; 20; 26; 10; 20; 19
18,26,0.62046,0.69231,18; 14; 15; 26; 26; 13; 9; 21
39,42,0.90145,0.92857,39; 4; 14; 5; 42; 14; 3; 13
42,78,0.65342,0.53846,42; 16; 8; 18; 78; 6; 6; 3
20,32,0.6009,0.625,20; 13; 21; 10; 32; 5; 19; 10
21,42,0.53595,0.5,21; 14; 24; 25; 42; 15; 4; 13
55,70,0.91496,0.78571,55; 9; 12; 10; 70; 3; 9; 8
28,53,0.52954,0.5283,28; 12; 17; 5; 53; 10; 12; 14
25,53,0.51957,0.4717,25; 22; 11; 20; 53; 7; 12; 15
22,48,0.486,0.45833,22; 25; 7; 16; 48; 6; 6; 7
18,42,0.45202,0.42857,18; 26; 20; 8; 42; 3; 9; 13
26,49,0.5377,0.53061,26; 3; 5; 5; 49; 16; 12; 5
48,75,0.75061,0.64,48; 13; 7; 16; 75; 6; 4; 6
8,26,0.2984,0.30769,8; 16; 4; 25; 26; 19; 7; 23
13,70,0.24161,0.18571,13; 5; 28; 22; 70; 6; 8; 4
29,32,0.82153,0.90625,29; 8; 6; 15; 32; 19; 5; 20
29,32,0.76239,0.90625,29; 15; 7; 11; 32; 4; 8; 15
13,77,0.26193,0.16883,13; 4; 18; 3; 77; 6; 7; 6
6,77,0.12021,0.07792,6; 7; 21; 20; 77; 5; 3; 4
22,48,0.47117,0.45833,22; 25; 23; 15; 48; 13; 3; 12
9,10,0.46039,0.9,9; 7; 12; 22; 10; 13; 5; 26
11,78,0.21658,0.14103,11; 29; 13; 29; 78; 6; 5; 3
5,10,0.31117,0.5,5; 22; 10; 10; 10; 8; 13; 14
49,64,0.81691,0.76562,49; 3; 13; 12; 64; 7; 9; 8
8,10,0.43536,0.8,8; 11; 20; 23; 10; 20; 5; 25
12,64,0.24693,0.1875,12; 19; 9; 5; 64; 4; 8; 8
10,75,0.18698,0.13333,10; 21; 29; 19; 75; 7; 6; 3
30,32,0.78829,0.9375,30; 21; 9; 9; 32; 12; 10; 8
6,78,0.12658,0.07692,6; 11; 12; 27; 78; 3; 4; 4
13,26,0.47746,0.5,13; 8; 16; 11; 26; 6; 24; 13
6,10,0.36383,0.6,6; 9; 15; 29; 10; 23; 20; 8
15,26,0.55966,0.57692,15; 5; 19; 12; 26; 6; 4; 18
12,31,0.42655,0.3871,12; 3; 5; 14; 31; 8; 5; 15
5,31,0.21685,0.16129,5; 6; 13; 11; 31; 20; 16; 10
62,64,0.92981,0.96875,62; 4; 11; 3; 64; 4; 11; 7
38,49,0.76823,0.77551,38; 14; 12; 13; 49; 6; 11; 11
23,53,0.4729,0.43396,23; 5; 19; 3; 53; 7; 7; 9
14,42,0.34767,0.33333,14; 14; 26; 16; 42; 13; 14; 8
57,70,0.90972,0.81429,57; 7; 12; 5; 70; 9; 5; 6
9,48,0.18708,0.1875,9; 9; 26; 26; 48; 4; 5; 11
7,64,0.15067,0.10938,7; 23; 18; 24; 64; 8; 7; 6
28,70,0.47323,0.4,28; 18; 8; 15; 70; 8; 5; 9
14,75,0.27922,0.18667,14; 15; 3; 22; 75; 3; 7; 4
47,82,0.74115,0.57317,47; 12; 5; 6; 82; 3; 4; 5
8,9,0.40472,0.88889,8; 13; 5; 8; 9; 12; 5; 11
6,10,0.38201,0.6,6; 8; 9; 24; 10; 12; 8; 16
81,82,0.68418,0.9878,81; 4; 4; 5; 82; 5; 5; 5
8,10,0.37624,0.8,8; 12; 29; 10; 10; 29; 20; 5
12,48,0.26244,0.25,12; 16; 26; 7; 48; 10; 15; 8
5,10,0.31993,0.5,5; 17; 15; 3; 10; 29; 4; 11
43,48,0.84391,0.89583,43; 8; 17; 6; 48; 3; 8; 9
22,32,0.72586,0.6875,22; 14; 15; 5; 32; 21; 19; 10
19,26,0.67568,0.73077,19; 12; 13; 26; 26; 20; 6; 3
10,78,0.22581,0.12821,10; 19; 23; 10; 78; 6; 3; 5
19,31,0.5802,0.6129,19; 22; 14; 16; 31; 15; 19; 19
27,78,0.47946,0.34615,27; 17; 21; 9; 78; 4; 6; 3
30,53,0.56037,0.56604,30; 3; 8; 13; 53; 6; 15; 9
7,26,0.27061,0.26923,7; 22; 23; 29; 26; 14; 18; 12
28,31,0.77598,0.90323,28; 15; 17; 15; 31; 12; 18; 3
6,9,0.31045,0.66667,6; 20; 4; 30; 9; 10; 20; 8
7,32,0.25251,0.21875,7; 10; 15; 21; 32; 12; 9; 3
21,53,0.40811,0.39623,21; 12; 16; 3; 53; 4; 15; 5
19,64,0.36415,0.29688,19; 23; 6; 26; 64; 7; 6; 9
27,63,0.46926,0.42857,27; 22; 21; 18; 63; 3; 4; 11
12,42,0.30581,0.28571,12; 3; 28; 6; 42; 7; 16; 18
32,75,0.52957,0.42667,32; 11; 10; 21; 75; 4; 5; 4
27,82,0.44478,0.32927,27; 13; 6; 22; 82; 5; 3; 5
5,10,0.31747,0.5,5; 3; 26; 5; 10; 13; 16; 28
30,53,0.57596,0.56604,30; 12; 19; 4; 53; 14; 11; 13
26,48,0.56271,0.54167,26; 17; 6; 9; 48; 11; 3; 12
77,78,0.77471,0.98718,77; 3; 5; 3; 78; 5; 3; 6
8,10,0.41152,0.8,8; 30; 8; 21; 10; 5; 8; 15
21,53,0.42496,0.39623,21; 19; 12; 4; 53; 15; 7; 8
8,9,0.4156,0.88889,8; 17; 17; 22; 9; 28; 29; 7
34,49,0.74485,0.69388,34; 17; 16; 4; 49; 10; 12; 5
25,82,0.47748,0.30488,25; 4; 20; 21; 82; 4; 3; 3
30,32,0.83054,0.9375,30; 15; 9; 17; 32; 6; 15; 10
9,78,0.21567,0.11538,9; 23; 8; 8; 78; 5; 6; 3
41,63,0.69042,0.65079,41; 12; 11; 10; 63; 10; 10; 11
48,53,0.82926,0.90566,48; 8; 5; 12; 53; 14; 3; 14
55,77,0.84751,0.71429,55; 13; 11; 5; 77; 6; 3; 3
40,63,0.67779,0.63492,40; 7; 9; 12; 63; 5; 9; 9
46,63,0.78398,0.73016,46; 7; 5; 10; 63; 7; 4; 6
41,42,0.81627,0.97619,41; 12; 12; 17; 42; 4; 7; 17
21,70,0.3757,0.3,21; 8; 16; 21; 70; 4; 4; 8
11,42,0.26128,0.2619,11; 27; 4; 21; 42; 13; 9; 3
33,64,0.56416,0.51562,33; 6; 20; 19; 64; 7; 4; 5
39,49,0.75538,0.79592,39; 8; 17; 16; 49; 11; 11; 3
8,10,0.38122,0.8,8; 28; 28; 4; 10; 29; 16; 17
7,9,0.36139,0.77778,7; 7; 29; 17; 9; 5; 26; 24
7,9,0.35352,0.77778,7; 27; 20; 26; 9; 22; 11; 17
45,53,0.81951,0.84906,45; 17; 8; 12; 53; 3; 13; 13
13,63,0.23495,0.20635,13; 10; 9; 27; 63; 9; 10; 3
9,26,0.34456,0.34615,9; 20; 26; 5; 26; 15; 3; 24
55,78,0.89023,0.70513,55; 9; 5; 6; 78; 5; 5; 3
7,49,0.14761,0.14286,7; 15; 28; 29; 49; 4; 7; 14
8,9,0.37944,0.88889,8; 4; 22; 25; 9; 22; 22; 19
48,75,0.7394,0.64,48; 6; 12; 15; 75; 5; 7; 7
30,48,0.655,0.625,30; 16; 4; 8; 48; 5; 13; 5
77,82,0.65421,0.93902,77; 3; 7; 7; 82; 5; 5; 5
8,49,0.17546,0.16327,8; 28; 18; 20; 49; 12; 15; 10
57,64,0.94037,0.89062,57; 10; 11; 10; 64; 3; 7; 10
16,82,0.31813,0.19512,16; 15; 17; 24; 82; 3; 5; 5
8,42,0.16569,0.19048,8; 18; 7; 27; 42; 8; 5; 12
70,78,0.78671,0.89744,70; 7; 7; 3; 78; 3; 3; 6
16,26,0.64654,0.61538,16; 19; 19; 23; 26; 7; 17; 8
15,31,0.4913,0.48387,15; 27; 24; 21; 31; 12; 6; 17
7,10,0.40344,0.7,7; 6; 22; 8; 10; 29; 17; 12
5,9,0.28777,0.55556,5; 11; 25; 18; 9; 15; 16; 28
77,78,0.8171,0.98718,77; 4; 3; 5; 78; 6; 6; 6
10,32,0.32151,0.3125,10; 21; 20; 21; 32; 7; 7; 15
32,63,0.56918,0.50794,32; 3; 18; 17; 63; 10; 5; 11
8,9,0.40463,0.88889,8; 22; 29; 22; 9; 7; 17; 18
20,64,0.34904,0.3125,20; 13; 15; 26; 64; 10; 8; 8
60,70,0.89269,0.85714,60; 9; 8; 3; 70; 9; 5; 7
11,75,0.25217,0.14667,11; 4; 3; 8; 75; 4; 7; 3
28,75,0.48957,0.37333,28; 3; 9; 16; 75; 6; 5; 6
72,82,0.69909,0.87805,72; 5; 5; 4; 82; 4; 5; 4
57,70,0.95258,0.81429,57; 3; 7; 8; 70; 7; 9; 8
7,31,0.24394,0.22581,7; 5; 4; 16; 31; 9; 20; 16
33,49,0.72457,0.67347,33; 7; 13; 10; 49; 14; 5; 4
26,49,0.52721,0.53061,26; 15; 22; 5; 49; 14; 10; 6
46,49,0.82132,0.93878,46; 4; 4; 16; 49; 13; 12; 14
9,10,0.46344,0.9,9; 13; 20; 24; 10; 10; 17; 22
32,42,0.72628,0.7619,32; 22; 9; 16; 42; 18; 17; 8
77,82,0.74989,0.93902,77; 6; 4; 6; 82; 5; 4; 5
28,82,0.51541,0.34146,28; 7; 6; 17; 82; 5; 3; 5
8,10,0.42228,0.8,8; 24; 22; 30; 10; 11; 9; 7
41,77,0.64705,0.53247,41; 18; 16; 9; 77; 7; 7; 7
59,77,0.8536,0.76623,59; 10; 13; 7; 77; 3; 7; 6
25,26,0.76187,0.96154,25; 15; 4; 18; 26; 21; 10; 24
16,26,0.63411,0.61538,16; 26; 3; 25; 26; 20; 20; 19
49,64,0.80625,0.76562,49; 12; 13; 10; 64; 4; 11; 8
29,63,0.48085,0.46032,29; 6; 10; 13; 63; 4; 3; 11
49,53,0.83618,0.92453,49; 4; 7; 15; 53; 6; 13; 5
12,26,0.41837,0.46154,12; 4; 9; 12; 26; 19; 22; 8
25,77,0.46072,0.32468,25; 5; 21; 22; 77; 7; 4; 5
6,53,0.16371,0.11321,6; 29; 10; 8; 53; 7; 9; 4
47,63,0.80569,0.74603,47; 10; 16; 7; 63; 8; 4; 9
22,31,0.66596,0.70968,22; 11; 22; 3; 31; 12; 11; 4
46,77,0.68834,0.5974,46; 11; 17; 13; 77; 4; 3; 7
59,64,0.90694,0.92188,59; 7; 5; 11; 64; 8; 4; 10
10,77,0.23475,0.12987,10; 23; 13; 22; 77; 3; 5; 3
36,53,0.76397,0.67925,36; 10; 16; 19; 53; 4; 11; 11
7,10,0.38417,0.7,7; 3; 28; 18; 10; 12; 27; 13
34,70,0.57744,0.48571,34; 16; 8; 5; 70; 3; 7; 3
7,9,0.36919,0.77778,7; 5; 3; 25; 9; 8; 15; 23
9,26,0.36123,0.34615,9; 18; 20; 15; 26; 24; 14; 13
24,31,0.75063,0.77419,24; 12; 11; 14; 31; 22; 12; 4
64,70,0.93242,0.91429,64; 10; 9; 11; 70; 7; 5; 3
26,78,0.4872,0.33333,26; 11; 16; 9; 78; 4; 5; 4
49,70,0.77504,0.7,49; 15; 15; 5; 70; 7; 5; 9
35,70,0.58584,0.5,35; 9; 19; 12; 70; 3; 9; 9
14,42,0.33734,0.33333,14; 22; 15; 16; 42; 12; 4; 15
23,32,0.73261,0.71875,23; 8; 18; 17; 32; 20; 11; 6
49,78,0.78296,0.62821,49; 3; 15; 12; 78; 3; 4; 4
16,42,0.35759,0.38095,16; 8; 22; 14; 42; 6; 10; 12
76,78,0.74031,0.97436,76; 7; 7; 4; 78; 4; 3; 6
5,26,0.18732,0.19231,5; 21; 6; 8; 26; 16; 10; 5
9,82,0.21199,0.10976,9; 18; 23; 8; 82; 5; 4; 5
30,31,0.80112,0.96774,30; 8; 16; 12; 31; 19; 17; 14
74,75,0.75861,0.98667,74; 8; 4; 5; 75; 5; 5; 3
30,49,0.60643,0.61224,30; 20; 20; 4; 49; 11; 12; 7
7,53,0.18275,0.13208,7; 8; 26; 26; 53; 12; 12; 11
27,32,0.80858,0.84375,27; 7; 17; 16; 32; 21; 8; 20
25,32,0.64708,0.78125,25; 17; 23; 9; 32; 4; 5; 17
57,78,0.841,0.73077,57; 3; 8; 4; 78; 4; 4; 3
10,64,0.17813,0.15625,10; 18; 11; 7; 64; 7; 5; 9
6,9,0.33717,0.66667,6; 13; 5; 11; 9; 19; 22; 25
30,75,0.50981,0.4,30; 12; 19; 11; 75; 6; 7; 4
9,78,0.20862,0.11538,9; 4; 12; 21; 78; 3; 6; 6
39,42,0.86418,0.92857,39; 17; 4; 11; 42; 17; 12; 7
29,31,0.79499,0.93548,29; 13; 3; 13; 31; 3; 20; 20
12,32,0.39332,0.375,12; 6; 3; 24; 32; 14; 10; 17
8,10,0.42854,0.8,8; 4; 14; 7; 10; 26; 16; 4
7,10,0.38747,0.7,7; 24; 13; 10; 10; 20; 28; 25
31,53,0.5725,0.58491,31; 6; 21; 17; 53; 4; 9; 13
25,49,0.53956,0.5102,25; 19; 12; 14; 49; 11; 10; 3
53,64,0.8609,0.82812,53; 14; 5; 3; 64; 11; 5; 7
8,9,0.40062,0.88889,8; 23; 21; 13; 9; 28; 16; 4
17,77,0.31446,0.22078,17; 27; 19; 21; 77; 4; 4; 7
42,78,0.66554,0.53846,42; 6; 7; 16; 78; 4; 4; 4
69,77,0.933,0.8961,69; 6; 6; 3; 77; 6; 7; 4
25,31,0.68493,0.80645,25; 12; 12; 11; 31; 20; 14; 17
73,77,0.79414,0.94805,73; 3; 5; 6; 77; 4; 4; 3
30,48,0.63946,0.625,30; 13; 8; 22; 48; 6; 7; 5
6,26,0.23941,0.23077,6; 10; 4; 8; 26; 6; 23; 16
23,82,0.41974,0.28049,23; 6; 9; 10; 82; 5; 5; 5
8,26,0.29947,0.30769,8; 6; 23; 16; 26; 14; 18; 24
8,48,0.17472,0.16667,8; 15; 19; 23; 48; 13; 9; 6
23,42,0.55874,0.54762,23; 5; 19; 15; 42; 10; 3; 5
8,9,0.37171,0.88889,8; 24; 20; 16; 9; 25; 11; 25
52,77,0.77089,0.67532,52; 9; 7; 15; 77; 5; 4; 4
45,63,0.75525,0.71429,45; 9; 13; 8; 63; 11; 3; 10
43,63,0.72133,0.68254,43; 16; 15; 14; 63; 7; 11; 8
22,26,0.80116,0.84615,22; 13; 6; 11; 26; 7; 8; 6
37,63,0.61998,0.5873,37; 6; 18; 11; 63; 4; 9; 6
7,70,0.14533,0.1,7; 10; 27; 26; 70; 3; 4; 9
14,53,0.27255,0.26415,14; 6; 13; 28; 53; 3; 3; 15
6,32,0.22852,0.1875,6; 7; 22; 12; 32; 20; 19; 17
8,10,0.42611,0.8,8; 13; 4; 5; 10; 3; 7; 21
51,82,0.80965,0.62195,51; 14; 3; 12; 82; 3; 4; 5
26,64,0.46553,0.40625,26; 8; 16; 12; 64; 11; 6; 3
19,53,0.36494,0.35849,19; 4; 25; 11; 53; 12; 6; 6
52,77,0.81034,0.67532,52; 12; 14; 7; 77; 4; 7; 5
17,63,0.2781,0.26984,17; 20; 27; 3; 63; 8; 3; 5
7,9,0.34201,0.77778,7; 4; 23; 8; 9; 12; 11; 12
5,10,0.32183,0.5,5; 18; 26; 31; 10; 18; 12; 4
68,70,0.85502,0.97143,68; 9; 6; 4; 70; 6; 9; 4
20,42,0.44634,0.47619,20; 10; 11; 24; 42; 12; 5; 10
36,70,0.58556,0.51429,36; 10; 11; 16; 70; 6; 9; 7
25,26,0.74253,0.96154,25; 15; 22; 14; 26; 21; 3; 23
17,49,0.3448,0.34694,17; 21; 13; 24; 49; 6; 5; 3
9,10,0.44466,0.9,9; 26; 21; 18; 10; 14; 21; 25
6,26,0.21689,0.23077,6; 26; 5; 21; 26; 20; 22; 6
48,53,0.82761,0.90566,48; 14; 11; 4; 53; 6; 13; 9
9,78,0.18696,0.11538,9; 14; 27; 16; 78; 6; 4; 4
55,63,0.91886,0.87302,55; 10; 13; 7; 63; 3; 7; 3
26,31,0.73009,0.83871,26; 17; 16; 14; 31; 16; 9; 11
7,77,0.17325,0.09091,7; 30; 8; 30; 77; 6; 4; 7
14,70,0.27014,0.2,14; 27; 25; 23; 70; 7; 5; 6
5,75,0.12409,0.06667,5; 26; 30; 23; 75; 4; 4; 4
27,77,0.4804,0.35065,27; 3; 8; 17; 77; 3; 4; 7
17,77,0.32819,0.22078,17; 4; 3; 15; 77; 6; 6; 7
8,9,0.39038,0.88889,8; 29; 26; 9; 9; 17; 15; 27
19,32,0.58309,0.59375,19; 4; 10; 16; 32; 6; 17; 13
11,70,0.20383,0.15714,11; 4; 20; 25; 70; 7; 8; 8
79,82,0.72918,0.96341,79; 6; 6; 5; 82; 5; 5; 4
14,48,0.32205,0.29167,14; 7; 4; 24; 48; 6; 7; 6
21,32,0.64151,0.65625,21; 25; 3; 19; 32; 13; 11; 11
7,10,0.40254,0.7,7; 23; 7; 24; 10; 11; 18; 13
18,64,0.31898,0.28125,18; 13; 20; 8; 64; 10; 10; 10
40,70,0.64813,0.57143,40; 3; 15; 15; 70; 6; 7; 6
25,32,0.68665,0.78125,25; 14; 22; 21; 32; 12; 22; 8
30,63,0.52521,0.47619,30; 4; 18; 11; 63; 7; 9; 3
65,70,0.89435,0.92857,65; 10; 4; 11; 70; 5; 9; 5
6,53,0.09551,0.11321,6; 23; 29; 7; 53; 4; 11; 5
71,77,0.90773,0.92208,71; 6; 4; 7; 77; 3; 4; 3
26,31,0.74854,0.83871,26; 7; 11; 4; 31; 5; 21; 15
38,70,0.6554,0.54286,38; 3; 10; 11; 70; 6; 5; 9
7,9,0.38975,0.77778,7; 6; 21; 9; 9; 6; 26; 3
11,31,0.37171,0.35484,11; 22; 21; 20; 31; 10; 16; 14
8,31,0.25781,0.25806,8; 17; 10; 10; 31; 5; 13; 18
24,42,0.53971,0.57143,24; 12; 21; 22; 42; 15; 9; 13
56,63,0.952,0.88889,56; 6; 10; 5; 63; 6; 5; 6
33,75,0.52253,0.44,33; 17; 13; 3; 75; 3; 6; 6
59,70,0.94812,0.84286,59; 10; 7; 8; 70; 3; 9; 7
22,42,0.54341,0.52381,22; 14; 19; 6; 42; 3; 6; 12
62,75,0.83802,0.82667,62; 5; 7; 9; 75; 3; 7; 3
32,64,0.52915,0.5,32; 3; 5; 5; 64; 9; 7; 6
31,49,0.63744,0.63265,31; 19; 11; 16; 49; 16; 11; 7
7,26,0.26839,0.26923,7; 13; 9; 29; 26; 23; 10; 6
11,48,0.2975,0.22917,11; 22; 7; 14; 48; 10; 11; 14
51,70,0.85585,0.72857,51; 9; 10; 6; 70; 3; 7; 3
7,10,0.37378,0.7,7; 4; 5; 20; 10; 4; 13; 20
8,9,0.39043,0.88889,8; 9; 8; 12; 9; 15; 26; 15
23,75,0.42234,0.30667,23; 19; 25; 11; 75; 6; 3; 7
8,9,0.39416,0.88889,8; 20; 20; 13; 9; 17; 23; 20
22,26,0.79141,0.84615,22; 13; 12; 19; 26; 19; 11; 13
33,42,0.78326,0.78571,33; 16; 21; 13; 42; 12; 12; 12
42,49,0.81833,0.85714,42; 8; 5; 3; 49; 16; 9; 3
11,31,0.37639,0.35484,11; 18; 3; 21; 31; 4; 16; 13
17,31,0.56269,0.54839,17; 4; 18; 9; 31; 13; 13; 5
65,82,0.82714,0.79268,65; 11; 3; 8; 82; 3; 3; 4
28,63,0.48825,0.44444,28; 8; 12; 7; 63; 3; 8; 8
36,48,0.80213,0.75,36; 8; 8; 18; 48; 10; 3; 7
23,26,0.79103,0.88462,23; 23; 7; 4; 26; 23; 22; 23
8,26,0.3007,0.30769,8; 30; 21; 23; 26; 3; 12; 13
20,42,0.46261,0.47619,20; 19; 20; 22; 42; 3; 12; 7
27,70,0.48825,0.38571,27; 3; 13; 6; 70; 4; 9; 8
11,32,0.36122,0.34375,11; 23; 23; 19; 32; 17; 8; 20
6,26,0.26841,0.23077,6; 15; 10; 17; 26; 5; 24; 3
36,75,0.56612,0.48,36; 4; 12; 8; 75; 5; 5; 3
17,31,0.54359,0.54839,17; 3; 13; 18; 31; 14; 17; 14
59,70,0.90524,0.84286,59; 3; 3; 3; 70; 6; 3; 6
75,82,0.77954,0.91463,75; 6; 5; 3; 82; 3; 5; 4
33,53,0.68205,0.62264,33; 6; 7; 18; 53; 5; 9; 8
6,10,0.33234,0.6,6; 20; 3; 26; 10; 20; 10; 13
37,49,0.77567,0.7551,37; 18; 14; 20; 49; 7; 10; 3
12,31,0.38672,0.3871,12; 26; 28; 25; 31; 6; 6; 3
28,64,0.46398,0.4375,28; 8; 14; 21; 64; 8; 8; 10
6,9,0.31422,0.66667,6; 18; 27; 24; 9; 10; 15; 9
5,9,0.29279,0.55556,5; 25; 31; 25; 9; 4; 6; 29
5,10,0.3394,0.5,5; 18; 11; 9; 10; 29; 4; 11
33,53,0.65594,0.62264,33; 15; 16; 5; 53; 8; 6; 5
51,53,0.87556,0.96226,51; 7; 3; 6; 53; 3; 14; 5
55,63,0.91353,0.87302,55; 5; 13; 12; 63; 6; 11; 4
6,10,0.28953,0.6,6; 18; 30; 21; 10; 8; 13; 3
56,63,0.93842,0.88889,56; 6; 4; 3; 63; 11; 10; 10
13,31,0.43762,0.41935,13; 12; 5; 13; 31; 5; 22; 19
34,77,0.57894,0.44156,34; 17; 18; 18; 77; 6; 4; 7
6,49,0.13385,0.12245,6; 6; 9; 6; 49; 5; 13; 16
49,53,0.86292,0.92453,49; 10; 6; 3; 53; 10; 9; 11
7,9,0.37865,0.77778,7; 23; 30; 10; 9; 27; 13; 27
19,78,0.36188,0.24359,19; 16; 19; 24; 78; 4; 3; 3
49,63,0.83256,0.77778,49; 9; 15; 3; 63; 10; 3; 3
41,49,0.77329,0.83673,41; 3; 5; 18; 49; 15; 7; 14
24,26,0.81292,0.92308,24; 11; 19; 3; 26; 23; 15; 18
9,70,0.20151,0.12857,9; 25; 10; 28; 70; 3; 5; 4
5,9,0.2817,0.55556,5; 26; 22; 7; 9; 9; 9; 21
34,82,0.59108,0.41463,34; 4; 3; 13; 82; 5; 4; 5
16,53,0.29306,0.30189,16; 15; 4; 3; 53; 15; 5; 7
59,75,0.91842,0.78667,59; 5; 3; 4; 75; 4; 7; 7
57,82,0.86527,0.69512,57; 4; 12; 11; 82; 4; 4; 4
7,31,0.24119,0.22581,7; 14; 13; 5; 31; 14; 10; 22
62,77,0.80359,0.80519,62; 9; 8; 8; 77; 3; 7; 7
33,49,0.77125,0.67347,33; 4; 18; 18; 49; 15; 15; 3
41,63,0.67855,0.65079,41; 16; 4; 18; 63; 10; 4; 9
25,70,0.45544,0.35714,25; 3; 4; 23; 70; 4; 6; 9
52,53,0.87501,0.98113,52; 10; 12; 12; 53; 8; 4; 8
23,53,0.44644,0.43396,23; 4; 15; 5; 53; 14; 8; 12
26,70,0.46511,0.37143,26; 20; 16; 19; 70; 9; 3; 5
20,64,0.37242,0.3125,20; 10; 7; 19; 64; 7; 3; 7
30,64,0.51706,0.46875,30; 15; 5; 12; 64; 5; 3; 7
14,31,0.45836,0.45161,14; 28; 21; 26; 31; 20; 21; 8
5,26,0.20405,0.19231,5; 17; 21; 8; 26; 7; 8; 20
39,82,0.63653,0.47561,39; 12; 6; 16; 82; 4; 4; 3
25,42,0.59114,0.59524,25; 14; 16; 8; 42; 6; 9; 16
6,32,0.20162,0.1875,6; 15; 24; 13; 32; 18; 16; 13
54,82,0.82946,0.65854,54; 11; 14; 3; 82; 4; 4; 5
27,70,0.47512,0.38571,27; 12; 14; 4; 70; 8; 6; 3
17,70,0.30238,0.24286,17; 27; 25; 11; 70; 7; 3; 5
8,10,0.39762,0.8,8; 29; 22; 7; 10; 8; 27; 18
6,9,0.3107,0.66667,6; 17; 7; 6; 9; 12; 11; 18
40,63,0.66831,0.63492,40; 14; 19; 18; 63; 10; 11; 8
43,70,0.69883,0.61429,43; 9; 6; 8; 70; 3; 3; 8
24,75,0.42583,0.32,24; 12; 11; 4; 75; 3; 3; 7
46,49,0.81626,0.93878,46; 11; 7; 12; 49; 12; 13; 13
40,42,0.81579,0.95238,40; 12; 19; 5; 42; 5; 3; 11
32,48,0.72956,0.66667,32; 20; 19; 10; 48; 6; 3; 11
9,26,0.35146,0.34615,9; 7; 4; 21; 26; 17; 17; 22
25,75,0.4237,0.33333,25; 24; 6; 21; 75; 6; 4; 4
29,49,0.58967,0.59184,29; 5; 8; 16; 49; 11; 15; 12
56,63,0.92369,0.88889,56; 8; 7; 3; 63; 6; 3; 10
41,49,0.79267,0.83673,41; 3; 9; 5; 49; 6; 7; 13
71,75,0.84782,0.94667,71; 9; 5; 4; 75; 4; 4; 6
27,82,0.48359,0.32927,27; 8; 12; 16; 82; 5; 5; 3
23,63,0.41317,0.36508,23; 15; 22; 17; 63; 8; 8; 4
7,10,0.3836,0.7,7; 7; 19; 12; 10; 22; 9; 27
63,82,0.75232,0.76829,63; 9; 10; 4; 82; 4; 5; 4
20,26,0.80147,0.76923,20; 4; 13; 7; 26; 21; 13; 23
17,31,0.54945,0.54839,17; 23; 8; 24; 31; 3; 14; 14
49,75,0.73618,0.65333,49; 10; 4; 16; 75; 5; 7; 7
60,64,0.96456,0.9375,60; 11; 3; 9; 64; 6; 8; 3
39,49,0.82192,0.79592,39; 12; 3; 17; 49; 5; 12; 4
9,26,0.33836,0.34615,9; 13; 25; 23; 26; 18; 5; 18
8,63,0.1626,0.12698,8; 18; 28; 4; 63; 6; 6; 6
9,42,0.22039,0.21429,9; 8; 28; 26; 42; 7; 15; 6
9,42,0.25572,0.21429,9; 26; 9; 10; 42; 17; 12; 5
50,77,0.7613,0.64935,50; 4; 7; 13; 77; 3; 5; 7
49,75,0.79265,0.65333,49; 4; 5; 12; 75; 3; 3; 6
35,49,0.74417,0.71429,35; 20; 9; 9; 49; 7; 12; 9
78,82,0.69799,0.95122,78; 3; 6; 6; 82; 3; 3; 3
26,63,0.46222,0.4127,26; 20; 15; 20; 63; 5; 9; 8
26,31,0.75378,0.83871,26; 11; 19; 22; 31; 11; 3; 6
38,48,0.86783,0.79167,38; 13; 18; 8; 48; 9; 13; 7
5,42,0.15661,0.11905,5; 7; 10; 22; 42; 17; 8; 3
65,78,0.8073,0.83333,65; 9; 5; 7; 78; 5; 5; 4
11,26,0.39381,0.42308,11; 7; 25; 12; 26; 22; 3; 13
33,48,0.68403,0.6875,33; 3; 13; 3; 48; 7; 4; 7
23,48,0.51449,0.47917,23; 10; 10; 25; 48; 14; 8; 7
48,78,0.7613,0.61538,48; 4; 12; 7; 78; 6; 6; 5
45,70,0.6975,0.64286,45; 3; 6; 14; 70; 6; 7; 5
24,26,0.82192,0.92308,24; 4; 23; 17; 26; 14; 12; 7
26,42,0.58058,0.61905,26; 12; 6; 6; 42; 16; 4; 14
21,31,0.61908,0.67742,21; 19; 4; 17; 31; 6; 9; 3
19,31,0.5767,0.6129,19; 14; 19; 21; 31; 14; 5; 11
37,64,0.63017,0.57812,37; 6; 14; 13; 64; 7; 7; 7
7,26,0.25045,0.26923,7; 8; 11; 5; 26; 16; 19; 24
65,75,0.87986,0.86667,65; 7; 3; 8; 75; 7; 4; 5
41,49,0.7172,0.83673,41; 7; 13; 4; 49; 10; 5; 5
9,10,0.44416,0.9,9; 7; 19; 25; 10; 8; 13; 10
41,49,0.79328,0.83673,41; 6; 16; 9; 49; 9; 14; 8
10,31,0.35429,0.32258,10; 10; 21; 9; 31; 3; 14; 4
32,49,0.67988,0.65306,32; 22; 7; 14; 49; 16; 12; 4
46,78,0.6755,0.58974,46; 8; 13; 16; 78; 4; 6; 3
17,32,0.47815,0.53125,17; 3; 5; 10; 32; 5; 3; 8
44,78,0.69844,0.5641,44; 12; 14; 10; 78; 5; 3; 3
59,75,0.87055,0.78667,59; 10; 7; 9; 75; 4; 4; 4
29,64,0.52825,0.45312,29; 12; 7; 7; 64; 11; 9; 7
25,53,0.53502,0.4717,25; 21; 13; 9; 53; 6; 12; 5
58,78,0.87771,0.74359,58; 6; 11; 13; 78; 3; 5; 4
9,78,0.1821,0.11538,9; 13; 4; 11; 78; 3; 6; 3
21,42,0.50743,0.5,21; 24; 24; 16; 42; 18; 10; 13
54,77,0.79937,0.7013,54; 4; 7; 5; 77; 5; 6; 3
9,10,0.45418,0.9,9; 6; 9; 15; 10; 10; 24; 9
5,9,0.29508,0.55556,5; 22; 30; 19; 9; 28; 8; 22
6,53,0.13904,0.11321,6; 9; 3; 14; 53; 10; 6; 3
34,64,0.5566,0.53125,34; 8; 21; 3; 64; 3; 7; 11
27,82,0.49544,0.32927,27; 17; 10; 9; 82; 3; 4; 3
36,70,0.57679,0.51429,36; 7; 10; 19; 70; 6; 9; 4
37,49,0.77069,0.7551,37; 11; 18; 12; 49; 4; 16; 12
15,26,0.55972,0.57692,15; 27; 20; 15; 26; 10; 10; 15
73,82,0.80422,0.89024,73; 4; 4; 5; 82; 4; 3; 4
50,53,0.86905,0.9434,50; 5; 15; 3; 53; 3; 8; 4
26,42,0.62296,0.61905,26; 22; 20; 20; 42; 8; 9; 8
31,75,0.50615,0.41333,31; 9; 21; 13; 75; 3; 3; 7
5,10,0.29919,0.5,5; 17; 21; 5; 10; 17; 4; 15
71,78,0.92819,0.91026,71; 8; 8; 5; 78; 6; 4; 4
39,63,0.64246,0.61905,39; 3; 16; 11; 63; 4; 8; 7
36,53,0.7011,0.67925,36; 11; 10; 3; 53; 15; 11; 12
7,10,0.38331,0.7,7; 6; 5; 26; 10; 20; 8; 20
5,9,0.29011,0.55556,5; 19; 17; 19; 9; 15; 29; 23
31,75,0.51808,0.41333,31; 5; 20; 17; 75; 5; 5; 6
42,49,0.77139,0.85714,42; 9; 5; 14; 49; 12; 11; 7
39,75,0.62303,0.52,39; 14; 17; 5; 75; 4; 5; 6
6,10,0.38046,0.6,6; 21; 20; 4; 10; 5; 5; 29
8,10,0.45323,0.8,8; 29; 12; 22; 10; 17; 23; 4
7,10,0.38941,0.7,7; 26; 11; 25; 10; 24; 20; 20
45,63,0.76592,0.71429,45; 13; 6; 13; 63; 8; 10; 8
55,82,0.75876,0.67073,55; 10; 13; 6; 82; 4; 5; 4
44,53,0.8063,0.83019,44; 10; 13; 14; 53; 9; 3; 7
46,49,0.78179,0.93878,46; 14; 7; 6; 49; 9; 4; 3
7,10,0.38379,0.7,7; 24; 9; 24; 10; 10; 25; 29
52,63,0.88442,0.8254,52; 14; 3; 7; 63; 4; 10; 6
27,42,0.62194,0.64286,27; 15; 9; 17; 42; 11; 18; 8
17,26,0.58604,0.65385,17; 6; 21; 20; 26; 16; 9; 3
37,42,0.81793,0.88095,37; 3; 19; 8; 42; 18; 4; 14
6,9,0.3239,0.66667,6; 7; 15; 5; 9; 19; 28; 11
11,63,0.21638,0.1746,11; 19; 13; 11; 63; 8; 11; 3
45,49,0.80738,0.91837,45; 4; 5; 4; 49; 14; 6; 5
8,10,0.40251,0.8,8; 13; 26; 29; 10; 5; 4; 5
25,49,0.55565,0.5102,25; 12; 6; 23; 49; 8; 13; 6
9,48,0.17859,0.1875,9; 20; 6; 18; 48; 5; 6; 9
7,10,0.36755,0.7,7; 16; 27; 20; 10; 15; 27; 3
57,70,0.89919,0.81429,57; 9; 3; 12; 70; 6; 5; 5
47,53,0.83789,0.88679,47; 6; 16; 11; 53; 8; 12; 3
13,26,0.4988,0.5,13; 28; 28; 26; 26; 22; 5; 19
23,26,0.7729,0.88462,23; 11; 12; 12; 26; 3; 19; 7
8,53,0.14842,0.15094,8; 22; 10; 24; 53; 15; 10; 9
55,63,0.90795,0.87302,55; 10; 11; 10; 63; 5; 7; 8
70,82,0.79087,0.85366,70; 6; 8; 5; 82; 4; 5; 3
22,63,0.3666,0.34921,22; 8; 20; 7; 63; 6; 11; 6
32,64,0.53895,0.5,32; 20; 10; 20; 64; 10; 6; 9
5,9,0.31711,0.55556,5; 12; 26; 28; 9; 20; 9; 22
26,63,0.46897,0.4127,26; 19; 15; 9; 63; 5; 5; 10
8,9,0.35785,0.88889,8; 4; 23; 22; 9; 10; 18; 11
35,53,0.70649,0.66038,35; 10; 14; 17; 53; 12; 12; 9
19,49,0.40747,0.38776,19; 9; 8; 25; 49; 8; 3; 5
24,63,0.39672,0.38095,24; 8; 4; 14; 63; 3; 6; 7
34,49,0.7234,0.69388,34; 12; 3; 7; 49; 13; 7; 4
6,10,0.36975,0.6,6; 22; 8; 23; 10; 14; 11; 8
6,77,0.12887,0.07792,6; 23; 3; 14; 77; 6; 6; 6
61,78,0.84994,0.78205,61; 9; 4; 7; 78; 4; 4; 6
31,70,0.53512,0.44286,31; 5; 13; 14; 70; 5; 5; 9
10,53,0.19257,0.18868,10; 11; 23; 5; 53; 6; 9; 12
57,82,0.75926,0.69512,57; 11; 3; 7; 82; 4; 4; 5
5,32,0.19267,0.15625,5; 26; 7; 5; 32; 16; 4; 15
12,53,0.26384,0.22642,12; 6; 13; 10; 53; 3; 10; 4
72,78,0.7841,0.92308,72; 5; 4; 7; 78; 5; 5; 5
65,75,0.827,0.86667,65; 5; 5; 3; 75; 5; 7; 6
18,53,0.3655,0.33962,18; 17; 7; 22; 53; 3; 10; 6
23,32,0.67334,0.71875,23; 23; 21; 7; 32; 20; 15; 16
22,31,0.75055,0.70968,22; 20; 16; 16; 31; 16; 20; 9
18,48,0.39973,0.375,18; 12; 9; 23; 48; 16; 5; 13
6,9,0.36535,0.66667,6; 5; 20; 20; 9; 21; 10; 7
23,26,0.73932,0.88462,23; 13; 22; 23; 26; 3; 22; 10
14,77,0.24361,0.18182,14; 8; 20; 24; 77; 7; 6; 7
6,31,0.17692,0.19355,6; 12; 7; 6; 31; 11; 19; 4
34,82,0.5453,0.41463,34; 16; 15; 19; 82; 5; 5; 4
19,70,0.32461,0.27143,19; 23; 9; 5; 70; 9; 6; 9
12,32,0.36007,0.375,12; 20; 12; 12; 32; 13; 9; 4
47,75,0.7942,0.62667,47; 8; 11; 14; 75; 7; 4; 6
36,49,0.71142,0.73469,36; 17; 9; 18; 49; 5; 6; 8
13,42,0.31187,0.30952,13; 7; 7; 23; 42; 15; 18; 9
25,82,0.44273,0.30488,25; 7; 21; 5; 82; 4; 3; 5
8,9,0.4074,0.88889,8; 29; 20; 29; 9; 7; 3; 17
71,78,0.79328,0.91026,71; 7; 7; 3; 78; 4; 6; 5
44,70,0.74534,0.62857,44; 5; 7; 11; 70; 3; 7; 3
29,53,0.53394,0.54717,29; 6; 22; 20; 53; 5; 13; 13
21,77,0.37741,0.27273,21; 21; 6; 16; 77; 6; 4; 4
71,82,0.87848,0.86585,71; 3; 9; 3; 82; 5; 5; 3
13,82,0.27819,0.15854,13; 22; 13; 3; 82; 3; 4; 5
30,75,0.5268,0.4,30; 8; 4; 9; 75; 6; 3; 4
20,42,0.43742,0.47619,20; 12; 14; 6; 42; 14; 10; 16
5,9,0.25382,0.55556,5; 18; 3; 18; 9; 19; 21; 28
5,26,0.22162,0.19231,5; 29; 18; 7; 26; 21; 19; 15
20,49,0.43482,0.40816,20; 26; 6; 5; 49; 5; 11; 5
10,32,0.35248,0.3125,10; 7; 13; 17; 32; 15; 8; 5
42,63,0.70413,0.66667,42; 12; 9; 11; 63; 5; 5; 9
26,42,0.62288,0.61905,26; 17; 13; 5; 42; 3; 5; 15
12,26,0.45117,0.46154,12; 17; 21; 23; 26; 12; 12; 14
5,10,0.28866,0.5,5; 13; 9; 26; 10; 27; 10; 6
5,10,0.33742,0.5,5; 31; 31; 11; 10; 20; 23; 22
21,26,0.70767,0.80769,21; 19; 22; 10; 26; 16; 21; 12
10,70,0.18277,0.14286,10; 8; 8; 21; 70; 4; 9; 6
27,31,0.74841,0.87097,27; 12; 10; 13; 31; 20; 14; 14
29,78,0.51792,0.37179,29; 7; 12; 16; 78; 4; 6; 4
23,82,0.5026,0.28049,23; 4; 11; 17; 82; 5; 4; 4
13,26,0.47496,0.5,13; 13; 19; 12; 26; 13; 5; 23
19,77,0.38139,0.24675,19; 20; 19; 12; 77; 7; 7; 4
44,48,0.80691,0.91667,44; 14; 12; 12; 48; 3; 12; 9
8,10,0.43453,0.8,8; 8; 12; 15; 10; 28; 7; 13
64,82,0.7498,0.78049,64; 5; 8; 3; 82; 5; 4; 4
10,48,0.22039,0.20833,10; 23; 12; 9; 48; 6; 7; 7
16,63,0.2781,0.25397,16; 24; 6; 8; 63; 10; 8; 7
55,64,0.90824,0.85938,55; 3; 8; 8; 64; 9; 5; 3
19,48,0.44602,0.39583,19; 11; 15; 8; 48; 10; 8; 5
7,32,0.25062,0.21875,7; 5; 11; 11; 32; 11; 3; 8
10,63,0.18905,0.15873,10; 7; 15; 19; 63; 5; 3; 4
22,32,0.65515,0.6875,22; 10; 17; 25; 32; 9; 19; 21
8,78,0.18409,0.10256,8; 16; 24; 14; 78; 5; 5; 4
7,10,0.40101,0.7,7; 5; 30; 10; 10; 21; 18; 16
8,10,0.43672,0.8,8; 6; 6; 9; 10; 28; 23; 12
65,78,0.84503,0.83333,65; 9; 9; 9; 78; 5; 4; 6
23,77,0.43278,0.2987,23; 24; 10; 14; 77; 3; 6; 3
37,49,0.74042,0.7551,37; 17; 9; 20; 49; 13; 3; 15
54,75,0.86814,0.72,54; 13; 6; 8; 75; 5; 7; 7
7,63,0.13612,0.11111,7; 10; 11; 11; 63; 7; 5; 6
7,32,0.2373,0.21875,7; 9; 17; 29; 32; 3; 4; 9
24,48,0.5192,0.5,24; 20; 8; 20; 48; 15; 6; 13
42,49,0.77059,0.85714,42; 17; 8; 8; 49; 16; 14; 14
9,64,0.13853,0.14062,9; 12; 16; 19; 64; 10; 10; 10
8,32,0.28052,0.25,8; 8; 19; 9; 32; 11; 8; 16
24,31,0.71944,0.77419,24; 16; 22; 3; 31; 20; 10; 7
26,64,0.4674,0.40625,26; 10; 18; 17; 64; 10; 10; 3
53,78,0.86472,0.67949,53; 10; 15; 5; 78; 3; 4; 6
11,48,0.25668,0.22917,11; 4; 21; 24; 48; 3; 12; 4
14,42,0.33367,0.33333,14; 25; 16; 22; 42; 13; 7; 10
11,31,0.37312,0.35484,11; 19; 29; 29; 31; 9; 16; 6
12,78,0.28801,0.15385,12; 20; 7; 7; 78; 3; 6; 5
5,10,0.27358,0.5,5; 29; 12; 23; 10; 3; 10; 11
12,75,0.27627,0.16,12; 9; 17; 9; 75; 6; 3; 6
44,70,0.71835,0.62857,44; 13; 17; 14; 70; 8; 7; 8
17,48,0.36303,0.35417,17; 24; 17; 18; 48; 8; 7; 7
8,9,0.36337,0.88889,8; 9; 7; 24; 9; 6; 12; 7
7,31,0.22355,0.22581,7; 27; 7; 25; 31; 4; 12; 7
8,78,0.17685,0.10256,8; 11; 10; 22; 78; 6; 4; 3
45,77,0.6651,0.58442,45; 5; 4; 7; 77; 3; 4; 7
5,10,0.30082,0.5,5; 13; 26; 31; 10; 12; 26; 12
65,82,0.74322,0.79268,65; 7; 9; 4; 82; 5; 4; 5
25,82,0.49214,0.30488,25; 24; 18; 18; 82; 4; 3; 4
65,82,0.70434,0.79268,65; 4; 8; 5; 82; 4; 3; 5
51,82,0.685,0.62195,51; 5; 15; 13; 82; 3; 3; 5
20,31,0.65621,0.64516,20; 23; 12; 23; 31; 18; 21; 4
22,26,0.7626,0.84615,22; 14; 22; 21; 26; 9; 9; 13
44,53,0.83373,0.83019,44; 18; 8; 16; 53; 8; 3; 9
36,70,0.60296,0.51429,36; 5; 6; 20; 70; 4; 3; 4
18,70,0.35345,0.25714,18; 12; 19; 12; 70; 9; 3; 8
30,64,0.53824,0.46875,30; 9; 19; 17; 64; 6; 11; 9
15,32,0.48495,0.46875,15; 16; 13; 26; 32; 7; 21; 22
6,63,0.11694,0.09524,6; 5; 24; 14; 63; 5; 3; 3
6,9,0.34354,0.66667,6; 16; 7; 5; 9; 19; 10; 11
37,70,0.61108,0.52857,37; 20; 5; 16; 70; 5; 5; 5
36,77,0.58189,0.46753,36; 11; 8; 10; 77; 3; 7; 4
11,63,0.23971,0.1746,11; 25; 14; 26; 63; 10; 5; 11
31,48,0.70718,0.64583,31; 5; 10; 4; 48; 5; 5; 15
54,78,0.81897,0.69231,54; 7; 11; 13; 78; 6; 5; 5
18,42,0.41781,0.42857,18; 15; 19; 26; 42; 18; 15; 14
28,82,0.55102,0.34146,28; 15; 15; 18; 82; 5; 3; 3
48,82,0.77361,0.58537,48; 8; 5; 14; 82; 5; 4; 4
10,32,0.3295,0.3125,10; 25; 26; 24; 32; 5; 14; 21
8,9,0.37764,0.88889,8; 7; 4; 7; 9; 14; 4; 5
28,77,0.48358,0.36364,28; 16; 18; 15; 77; 7; 3; 4
7,10,0.36179,0.7,7; 13; 20; 26; 10; 25; 26; 27
20,64,0.3681,0.3125,20; 8; 20; 26; 64; 11; 5; 10
43,64,0.69947,0.67188,43; 16; 16; 13; 64; 10; 4; 10
5,9,0.30563,0.55556,5; 31; 15; 26; 9; 7; 6; 21
27,53,0.5208,0.50943,27; 18; 17; 14; 53; 9; 10; 10
30,82,0.5055,0.36585,30; 14; 5; 19; 82; 5; 3; 4
26,31,0.73964,0.83871,26; 16; 4; 4; 31; 5; 13; 6
70,82,0.79286,0.85366,70; 9; 7; 6; 82; 3; 3; 4
7,31,0.25281,0.22581,7; 26; 17; 21; 31; 14; 22; 22
53,78,0.84026,0.67949,53; 8; 13; 5; 78; 3; 3; 4
38,42,0.95172,0.90476,38; 8; 17; 8; 42; 18; 5; 16
75,77,0.74854,0.97403,75; 7; 4; 5; 77; 5; 7; 3
6,10,0.3783,0.6,6; 8; 24; 24; 10; 3; 28; 21
25,49,0.50806,0.5102,25; 16; 8; 14; 49; 10; 3; 10
20,64,0.37561,0.3125,20; 22; 18; 5; 64; 7; 6; 3
28,77,0.48922,0.36364,28; 8; 10; 19; 77; 4; 7; 4
42,77,0.65698,0.54545,42; 6; 18; 7; 77; 4; 7; 4
9,26,0.37299,0.34615,9; 5; 23; 26; 26; 13; 8; 5
62,77,0.85456,0.80519,62; 6; 9; 6; 77; 4; 3; 3
24,49,0.48985,0.4898,24; 24; 23; 20; 49; 11; 3; 8
42,75,0.6821,0.56,42; 17; 12; 15; 75; 6; 5; 5
16,78,0.30772,0.20513,16; 6; 6; 23; 78; 4; 3; 5
39,75,0.61262,0.52,39; 5; 8; 5; 75; 3; 3; 7
6,9,0.31299,0.66667,6; 18; 4; 26; 9; 23; 13; 18
6,26,0.24066,0.23077,6; 13; 16; 12; 26; 7; 24; 24
19,75,0.37312,0.25333,19; 26; 20; 16; 75; 5; 6; 5
5,49,0.09532,0.10204,5; 5; 20; 24; 49; 15; 11; 7
21,42,0.52386,0.5,21; 14; 14; 13; 42; 4; 13; 5
12,53,0.24193,0.22642,12; 10; 23; 12; 53; 14; 11; 9
29,78,0.53045,0.37179,29; 23; 15; 14; 78; 3; 6; 3
27,82,0.47115,0.32927,27; 9; 21; 4; 82; 3; 5; 5
7,63,0.12297,0.11111,7; 4; 27; 18; 63; 10; 3; 9
13,32,0.42268,0.40625,13; 28; 11; 4; 32; 10; 11; 11
40,70,0.64725,0.57143,40; 10; 3; 15; 70; 3; 8; 8
11,53,0.22528,0.20755,11; 23; 8; 11; 53; 12; 13; 9
64,78,0.83071,0.82051,64; 7; 3; 4; 78; 4; 3; 3
23,31,0.69658,0.74194,23; 14; 3; 16; 31; 5; 22; 20
24,31,0.71923,0.77419,24; 7; 11; 18; 31; 20; 7; 10
59,64,0.94781,0.92188,59; 10; 5; 5; 64; 5; 5; 6
7,9,0.38403,0.77778,7; 21; 18; 28; 9; 18; 20; 29
7,10,0.35662,0.7,7; 16; 29; 4; 10; 26; 29; 19
20,49,0.39213,0.40816,20; 15; 23; 21; 49; 11; 11; 9
13,31,0.40697,0.41935,13; 13; 26; 24; 31; 8; 14; 17
7,53,0.15035,0.13208,7; 8; 21; 12; 53; 11; 3; 7
39,82,0.60603,0.47561,39; 5; 12; 19; 82; 4; 4; 3
15,48,0.34823,0.3125,15; 8; 26; 12; 48; 3; 4; 15
21,32,0.6749,0.65625,21; 14; 22; 17; 32; 6; 22; 17
35,49,0.74704,0.71429,35; 20; 18; 18; 49; 4; 3; 10
18,26,0.65674,0.69231,18; 7; 24; 19; 26; 11; 10; 4
23,82,0.41339,0.28049,23; 22; 6; 19; 82; 3; 4; 5
7,9,0.36783,0.77778,7; 20; 9; 9; 9; 18; 11; 9
28,48,0.60346,0.58333,28; 5; 22; 10; 48; 4; 4; 14
19,26,0.71842,0.73077,19; 11; 5; 24; 26; 11; 12; 13
7,26,0.2529,0.26923,7; 28; 27; 20; 26; 4; 12; 11
29,32,0.80004,0.90625,29; 6; 6; 22; 32; 8; 4; 4
8,9,0.40655,0.88889,8; 29; 16; 24; 9; 29; 10; 9
55,82,0.7552,0.67073,55; 10; 7; 14; 82; 3; 4; 4
18,31,0.55827,0.58065,18; 16; 6; 23; 31; 18; 4; 7
5,63,0.11581,0.07937,5; 13; 25; 8; 63; 8; 7; 5
25,78,0.4621,0.32051,25; 8; 9; 9; 78; 6; 6; 4
40,77,0.62798,0.51948,40; 11; 19; 11; 77; 4; 4; 7
52,75,0.85703,0.69333,52; 14; 3; 3; 75; 7; 6; 5
8,26,0.28626,0.30769,8; 5; 15; 20; 26; 5; 20; 5
42,48,0.80904,0.875,42; 15; 15; 9; 48; 6; 9; 15
41,48,0.84672,0.85417,41; 3; 5; 15; 48; 5; 11; 4
46,49,0.82369,0.93878,46; 3; 3; 11; 49; 5; 15; 6
50,53,0.85943,0.9434,50; 5; 6; 14; 53; 6; 4; 3
54,77,0.85003,0.7013,54; 7; 14; 8; 77; 3; 6; 4
23,31,0.69847,0.74194,23; 13; 19; 12; 31; 10; 7; 3
20,26,0.80995,0.76923,20; 10; 16; 24; 26; 15; 15; 22
15,75,0.28812,0.2,15; 23; 14; 19; 75; 5; 5; 4
17,32,0.49094,0.53125,17; 23; 8; 24; 32; 18; 8; 11
9,26,0.35666,0.34615,9; 27; 6; 9; 26; 20; 6; 20
17,48,0.37506,0.35417,17; 25; 12; 17; 48; 9; 11; 9
27,32,0.76439,0.84375,27; 9; 23; 11; 32; 20; 12; 12
35,49,0.79973,0.71429,35; 4; 8; 20; 49; 10; 5; 8
17,26,0.6358,0.65385,17; 9; 3; 7; 26; 13; 22; 5
19,49,0.42625,0.38776,19; 6; 23; 10; 49; 15; 12; 14
38,64,0.66084,0.59375,38; 7; 19; 17; 64; 8; 9; 5
52,70,0.85451,0.74286,52; 7; 10; 15; 70; 3; 6; 5
37,63,0.64968,0.5873,37; 4; 12; 15; 63; 8; 10; 11
25,70,0.44501,0.35714,25; 3; 15; 19; 70; 4; 8; 4
7,9,0.35226,0.77778,7; 10; 9; 4; 9; 4; 22; 26
9,64,0.1873,0.14062,9; 15; 27; 19; 64; 7; 9; 6
8,10,0.41578,0.8,8; 12; 7; 20; 10; 23; 4; 7
69,82,0.80559,0.84146,69; 6; 9; 9; 82; 5; 5; 3
21,31,0.63715,0.67742,21; 7; 17; 16; 31; 17; 13; 15
5,32,0.18579,0.15625,5; 16; 27; 4; 32; 15; 14; 3
19,53,0.37457,0.35849,19; 20; 7; 10; 53; 7; 5; 14
8,9,0.41382,0.88889,8; 3; 30; 30; 9; 11; 12; 4
26,49,0.53113,0.53061,26; 9; 18; 22; 49; 14; 14; 14
39,64,0.66819,0.60938,39; 7; 17; 19; 64; 7; 8; 8
42,75,0.69768,0.56,42; 15; 13; 6; 75; 5; 4; 3
21,32,0.65403,0.65625,21; 10; 9; 6; 32; 13; 14; 14
60,77,0.87611,0.77922,60; 9; 12; 8; 77; 5; 5; 5
27,42,0.66273,0.64286,27; 8; 14; 19; 42; 16; 16; 11
21,26,0.69916,0.80769,21; 13; 14; 16; 26; 24; 23; 14
8,9,0.38637,0.88889,8; 23; 13; 5; 9; 15; 17; 21
17,78,0.32037,0.21795,17; 20; 19; 19; 78; 6; 3; 6
48,75,0.74735,0.64,48; 16; 10; 16; 75; 4; 7; 7
24,75,0.43059,0.32,24; 13; 22; 11; 75; 6; 6; 7
8,10,0.41443,0.8,8; 15; 9; 11; 10; 4; 13; 9
32,70,0.5248,0.45714,32; 5; 5; 20; 70; 6; 3; 5
28,63,0.48278,0.44444,28; 19; 11; 16; 63; 9; 9; 11
60,78,0.82676,0.76923,60; 5; 8; 8; 78; 6; 3; 5
38,48,0.75669,0.79167,38; 13; 7; 15; 48; 13; 12; 8
9,75,0.1649,0.12,9; 20; 8; 29; 75; 3; 6; 7
62,77,0.84985,0.80519,62; 8; 3; 11; 77; 3; 5; 5
28,64,0.49248,0.4375,28; 13; 3; 22; 64; 6; 6; 9
17,77,0.32593,0.22078,17; 15; 18; 24; 77; 3; 7; 3
18,49,0.3879,0.36735,18; 15; 25; 4; 49; 4; 11; 16
14,32,0.43845,0.4375,14; 17; 25; 10; 32; 12; 8; 7
22,70,0.37377,0.31429,22; 13; 13; 7; 70; 4; 7; 7
7,42,0.16893,0.16667,7; 6; 24; 26; 42; 11; 12; 18
25,32,0.72422,0.78125,25; 21; 15; 22; 32; 10; 4; 13
5,9,0.3268,0.55556,5; 18; 9; 6; 9; 3; 27; 8
44,49,0.80925,0.89796,44; 4; 17; 10; 49; 5; 5; 15
46,77,0.72513,0.5974,46; 13; 12; 13; 77; 4; 4; 6
26,49,0.53882,0.53061,26; 22; 10; 14; 49; 3; 8; 6
29,53,0.56897,0.54717,29; 6; 17; 20; 53; 9; 8; 12
7,9,0.35427,0.77778,7; 29; 7; 17; 9; 21; 10; 14
43,82,0.69499,0.52439,43; 4; 17; 12; 82; 5; 4; 4
5,42,0.14929,0.11905,5; 3; 20; 9; 42; 16; 17; 8
14,42,0.30131,0.33333,14; 13; 22; 22; 42; 14; 8; 11
38,77,0.63429,0.49351,38; 9; 11; 7; 77; 6; 3; 5
45,49,0.81136,0.91837,45; 9; 3; 12; 49; 10; 7; 4
39,49,0.7784,0.79592,39; 19; 10; 9; 49; 6; 4; 3
47,77,0.77055,0.61039,47; 17; 7; 17; 77; 5; 3; 3
15,32,0.48892,0.46875,15; 24; 13; 25; 32; 13; 22; 11
46,63,0.80502,0.73016,46; 15; 3; 3; 63; 3; 9; 3
8,32,0.28455,0.25,8; 7; 3; 19; 32; 3; 5; 22
45,82,0.65483,0.54878,45; 14; 7; 12; 82; 5; 3; 5
40,48,0.83026,0.83333,40; 12; 8; 13; 48; 6; 9; 3
27,32,0.76012,0.84375,27; 16; 20; 9; 32; 20; 9; 16
59,70,0.93442,0.84286,59; 7; 11; 8; 70; 8; 3; 6
6,10,0.36927,0.6,6; 4; 12; 23; 10; 17; 24; 16
51,64,0.83329,0.79688,51; 8; 15; 9; 64; 5; 5; 3
45,53,0.78862,0.84906,45; 5; 6; 3; 53; 6; 8; 6
9,77,0.2055,0.11688,9; 15; 25; 3; 77; 6; 4; 7
48,49,0.81878,0.97959,48; 3; 5; 4; 49; 6; 12; 4
8,26,0.31054,0.30769,8; 21; 13; 14; 26; 4; 10; 12
7,48,0.16045,0.14583,7; 30; 7; 13; 48; 6; 8; 15
7,77,0.1503,0.09091,7; 24; 11; 25; 77; 4; 7; 4
10,31,0.35722,0.32258,10; 18; 6; 5; 31; 4; 22; 19
37,42,0.90309,0.88095,37; 5; 4; 16; 42; 10; 17; 4
16,70,0.29692,0.22857,16; 12; 8; 5; 70; 4; 6; 5
5,9,0.31325,0.55556,5; 13; 12; 7; 9; 11; 13; 6
5,10,0.3035,0.5,5; 5; 5; 13; 10; 8; 19; 3
20,64,0.35272,0.3125,20; 9; 17; 3; 64; 11; 9; 10
51,78,0.80998,0.65385,51; 4; 11; 10; 78; 5; 3; 4
7,42,0.17557,0.16667,7; 12; 23; 23; 42; 12; 12; 18
5,32,0.20374,0.15625,5; 17; 22; 21; 32; 22; 22; 11
9,82,0.21165,0.10976,9; 16; 16; 16; 82; 3; 5; 4
26,42,0.63847,0.61905,26; 8; 21; 24; 42; 7; 16; 5
10,26,0.38436,0.38462,10; 6; 5; 6; 26; 24; 13; 24
32,63,0.53357,0.50794,32; 3; 12; 6; 63; 11; 8; 8
36,75,0.58932,0.48,36; 7; 3; 11; 75; 4; 5; 7
48,53,0.81238,0.90566,48; 10; 4; 16; 53; 7; 10; 11
44,64,0.73409,0.6875,44; 13; 12; 9; 64; 3; 10; 7
13,78,0.27328,0.16667,13; 15; 9; 22; 78; 4; 3; 3
5,10,0.29839,0.5,5; 28; 3; 5; 10; 23; 27; 10
29,42,0.73508,0.69048,29; 4; 5; 19; 42; 16; 9; 15
5,31,0.18246,0.16129,5; 4; 28; 16; 31; 15; 16; 13
23,70,0.41242,0.32857,23; 25; 21; 4; 70; 9; 4; 6
10,26,0.39593,0.38462,10; 17; 6; 3; 26; 18; 15; 9
22,64,0.38456,0.34375,22; 25; 21; 7; 64; 10; 11; 5
31,77,0.50009,0.4026,31; 15; 19; 13; 77; 3; 4; 7
6,9,0.34411,0.66667,6; 24; 7; 15; 9; 5; 26; 4
57,82,0.85526,0.69512,57; 13; 12; 9; 82; 3; 4; 4
36,53,0.77651,0.67925,36; 15; 14; 15; 53; 9; 11; 15
6,10,0.3478,0.6,6; 16; 21; 27; 10; 13; 8; 14
23,64,0.40565,0.35938,23; 5; 17; 14; 64; 3; 5; 10
36,75,0.5731,0.48,36; 14; 17; 9; 75; 6; 4; 7
40,49,0.82271,0.81633,40; 12; 5; 6; 49; 9; 14; 13
41,42,0.85246,0.97619,41; 10; 16; 7; 42; 6; 14; 6
24,32,0.70613,0.75,24; 12; 8; 10; 32; 9; 22; 14
38,53,0.72255,0.71698,38; 12; 11; 4; 53; 8; 12; 8
19,31,0.63127,0.6129,19; 23; 22; 14; 31; 21; 20; 15
42,75,0.60484,0.56,42; 15; 11; 8; 75; 5; 4; 6
29,31,0.77273,0.93548,29; 9; 16; 4; 31; 15; 13; 5
26,42,0.62491,0.61905,26; 22; 22; 17; 42; 13; 7; 7
11,63,0.19602,0.1746,11; 17; 17; 5; 63; 9; 10; 10
14,63,0.24439,0.22222,14; 8; 15; 7; 63; 10; 5; 7
60,64,0.9385,0.9375,60; 11; 6; 3; 64; 11; 11; 5
9,10,0.44688,0.9,9; 27; 25; 23; 10; 14; 27; 7
9,10,0.43176,0.9,9; 5; 23; 11; 10; 14; 17; 16
62,70,0.89748,0.88571,62; 8; 10; 4; 70; 9; 8; 8
16,77,0.3108,0.20779,16; 21; 27; 14; 77; 4; 7; 5
8,48,0.21848,0.16667,8; 29; 26; 11; 48; 14; 6; 14
14,32,0.44566,0.4375,14; 8; 18; 11; 32; 11; 9; 6
40,63,0.66162,0.63492,40; 11; 15; 16; 63; 7; 6; 10
11,63,0.19751,0.1746,11; 3; 9; 29; 63; 6; 5; 9
7,10,0.38042,0.7,7; 5; 22; 6; 10; 13; 12; 21
5,10,0.31335,0.5,5; 26; 14; 22; 10; 8; 23; 7
45,48,0.80758,0.9375,45; 4; 4; 14; 48; 7; 9; 14
7,10,0.36651,0.7,7; 19; 8; 7; 10; 4; 26; 12
27,53,0.53627,0.50943,27; 16; 8; 16; 53; 12; 13; 7
38,64,0.62553,0.59375,38; 17; 13; 14; 64; 6; 3; 8
77,78,0.81545,0.98718,77; 4; 3; 7; 78; 3; 4; 4
12,82,0.22193,0.14634,12; 15; 14; 26; 82; 3; 4; 5
6,9,0.33812,0.66667,6; 25; 10; 21; 9; 7; 10; 19
28,42,0.72759,0.66667,28; 22; 5; 23; 42; 9; 9; 17
6,10,0.27049,0.6,6; 25; 6; 3; 10; 13; 18; 28
7,10,0.38678,0.7,7; 10; 29; 7; 10; 4; 13; 13
6,32,0.22129,0.1875,6; 6; 8; 5; 32; 22; 6; 12
8,9,0.39798,0.88889,8; 15; 28; 4; 9; 8; 28; 26
42,70,0.672,0.6,42; 10; 5; 17; 70; 6; 3; 6
28,63,0.47516,0.44444,28; 17; 17; 3; 63; 6; 5; 8
25,42,0.58886,0.59524,25; 9; 7; 23; 42; 13; 5; 11
6,9,0.34693,0.66667,6; 11; 14; 10; 9; 11; 28; 17
5,10,0.31824,0.5,5; 22; 8; 13; 10; 19; 28; 5
20,53,0.36338,0.37736,20; 17; 11; 4; 53; 4; 3; 6
49,64,0.79797,0.76562,49; 11; 14; 15; 64; 11; 5; 3
27,31,0.75741,0.87097,27; 16; 18; 16; 31; 14; 21; 6
7,53,0.16454,0.13208,7; 6; 11; 27; 53; 10; 3; 11
36,77,0.56423,0.46753,36; 6; 3; 5; 77; 3; 4; 7
13,49,0.29239,0.26531,13; 24; 19; 21; 49; 10; 5; 4
46,53,0.83067,0.86792,46; 3; 5; 15; 53; 12; 15; 3
15,70,0.27756,0.21429,15; 11; 16; 4; 70; 7; 9; 5
48,78,0.78502,0.61538,48; 13; 6; 5; 78; 6; 4; 5
19,77,0.34745,0.24675,19; 5; 8; 8; 77; 6; 7; 4
14,31,0.48586,0.45161,14; 14; 25; 10; 31; 19; 18; 17
18,42,0.41914,0.42857,18; 16; 11; 3; 42; 11; 17; 17
5,64,0.05395,0.07812,5; 28; 4; 9; 64; 10; 6; 6
30,31,0.78253,0.96774,30; 21; 11; 10; 31; 12; 5; 3
8,9,0.38638,0.88889,8; 24; 12; 14; 9; 13; 29; 27
12,32,0.43592,0.375,12; 9; 11; 11; 32; 15; 10; 13
52,70,0.78898,0.74286,52; 11; 8; 13; 70; 3; 9; 8
66,77,0.85485,0.85714,66; 3; 9; 10; 77; 6; 7; 7
11,26,0.40168,0.42308,11; 28; 13; 5; 26; 6; 9; 12
20,48,0.40826,0.41667,20; 9; 20; 6; 48; 8; 12; 16
6,75,0.18321,0.08,6; 8; 25; 29; 75; 6; 6; 5
7,10,0.38453,0.7,7; 22; 14; 5; 10; 16; 18; 19
7,70,0.16789,0.1,7; 14; 19; 4; 70; 6; 9; 8
42,82,0.58698,0.5122,42; 16; 5; 12; 82; 5; 3; 4
6,9,0.34293,0.66667,6; 16; 17; 3; 9; 27; 9; 29
21,63,0.34915,0.33333,21; 16; 25; 21; 63; 11; 8; 3
34,75,0.56564,0.45333,34; 20; 19; 10; 75; 6; 3; 4
7,10,0.34194,0.7,7; 18; 22; 11; 10; 28; 14; 17
17,31,0.50004,0.54839,17; 23; 7; 6; 31; 6; 4; 12
24,82,0.42736,0.29268,24; 4; 10; 7; 82; 4; 5; 3
6,9,0.33139,0.66667,6; 18; 15; 6; 9; 24; 24; 6
62,82,0.79612,0.7561,62; 11; 4; 9; 82; 5; 5; 5
18,32,0.57015,0.5625,18; 10; 16; 10; 32; 13; 17; 5
31,48,0.67347,0.64583,31; 20; 16; 6; 48; 10; 8; 9
7,9,0.3723,0.77778,7; 29; 25; 6; 9; 26; 14; 29
6,9,0.36626,0.66667,6; 19; 3; 20; 9; 25; 26; 10
38,75,0.6342,0.50667,38; 13; 12; 15; 75; 5; 3; 5
18,42,0.42593,0.42857,18; 16; 17; 19; 42; 11; 10; 4
6,10,0.33172,0.6,6; 13; 22; 6; 10; 18; 6; 9
11,26,0.39673,0.42308,11; 25; 17; 28; 26; 17; 18; 12
6,9,0.33708,0.66667,6; 20; 8; 22; 9; 3; 29; 24
6,10,0.37708,0.6,6; 30; 4; 16; 10; 6; 11; 8
19,64,0.34711,0.29688,19; 4; 10; 16; 64; 6; 5; 9
23,70,0.42669,0.32857,23; 6; 8; 12; 70; 3; 7; 3
18,82,0.35306,0.21951,18; 20; 7; 4; 82; 4; 5; 3
5,10,0.3016,0.5,5; 26; 25; 4; 10; 24; 11; 18
22,31,0.64424,0.70968,22; 9; 12; 23; 31; 16; 14; 19
5,9,0.27782,0.55556,5; 17; 13; 4; 9; 11; 22; 29
20,42,0.47756,0.47619,20; 17; 26; 3; 42; 15; 11; 5
24,63,0.42237,0.38095,24; 7; 18; 21; 63; 3; 7; 10
66,78,0.82714,0.84615,66; 6; 6; 4; 78; 5; 4; 4
7,10,0.36285,0.7,7; 18; 6; 24; 10; 25; 18; 23
17,31,0.58371,0.54839,17; 5; 10; 23; 31; 3; 6; 11
31,49,0.65801,0.63265,31; 20; 16; 5; 49; 4; 14; 15
18,77,0.3545,0.23377,18; 9; 6; 17; 77; 3; 7; 6
35,78,0.59333,0.44872,35; 6; 11; 8; 78; 3; 6; 4
13,75,0.27394,0.17333,13; 26; 14; 12; 75; 5; 6; 6
38,63,0.62614,0.60317,38; 10; 3; 15; 63; 9; 11; 9
38,78,0.60819,0.48718,38; 10; 6; 15; 78; 6; 4; 6
44,53,0.78282,0.83019,44; 14; 14; 14; 53; 13; 7; 10
30,63,0.55327,0.47619,30; 3; 4; 9; 63; 8; 8; 10
25,48,0.53105,0.52083,25; 20; 12; 10; 48; 3; 13; 11
23,70,0.42043,0.32857,23; 16; 19; 6; 70; 7; 6; 8
50,63,0.82086,0.79365,50; 16; 8; 4; 63; 11; 4; 5
36,49,0.74748,0.73469,36; 10; 19; 15; 49; 10; 13; 14
10,64,0.1973,0.15625,10; 4; 12; 10; 64; 7; 9; 4
30,31,0.79771,0.96774,30; 15; 11; 16; 31; 14; 15; 16
64,70,0.91032,0.91429,64; 5; 7; 5; 70; 9; 8; 3
71,77,0.79945,0.92208,71; 8; 5; 7; 77; 5; 5; 5
16,48,0.36252,0.33333,16; 15; 20; 14; 48; 8; 11; 9
25,77,0.47434,0.32468,25; 4; 23; 7; 77; 6; 3; 4
26,64,0.46219,0.40625,26; 10; 13; 3; 64; 3; 3; 6
20,64,0.3644,0.3125,20; 4; 3; 20; 64; 8; 8; 8
25,42,0.61104,0.59524,25; 7; 13; 19; 42; 3; 10; 17
57,78,0.8675,0.73077,57; 7; 10; 4; 78; 6; 3; 5
25,31,0.7167,0.80645,25; 23; 14; 6; 31; 21; 20; 11
5,10,0.32366,0.5,5; 29; 18; 27; 10; 5; 8; 25
5,10,0.29534,0.5,5; 31; 10; 5; 10; 12; 14; 24
7,9,0.37671,0.77778,7; 19; 27; 23; 9; 11; 27; 23
20,42,0.46095,0.47619,20; 6; 16; 23; 42; 10; 3; 9
37,75,0.61927,0.49333,37; 15; 10; 19; 75; 7; 5; 7
15,53,0.30116,0.28302,15; 15; 6; 8; 53; 3; 4; 14
21,78,0.37359,0.26923,21; 16; 16; 13; 78; 5; 4; 3
31,42,0.69819,0.7381,31; 20; 12; 19; 42; 7; 5; 11
76,82,0.65481,0.92683,76; 4; 4; 7; 82; 5; 5; 3
15,42,0.37081,0.35714,15; 5; 10; 19; 42; 8; 12; 8
6,9,0.31988,0.66667,6; 26; 25; 15; 9; 26; 5; 24
70,77,0.83205,0.90909,70; 8; 6; 6; 77; 7; 3; 6
55,63,0.94661,0.87302,55; 7; 14; 5; 63; 3; 8; 9
39,77,0.63836,0.50649,39; 8; 15; 10; 77; 4; 4; 7
80,82,0.67888,0.97561,80; 5; 3; 4; 82; 4; 5; 5
25,32,0.70551,0.78125,25; 21; 10; 15; 32; 16; 21; 16
9,82,0.17091,0.10976,9; 9; 16; 13; 82; 3; 4; 4
31,48,0.64702,0.64583,31; 14; 12; 19; 48; 10; 10; 9
7,49,0.16844,0.14286,7; 15; 9; 8; 49; 14; 15; 5
54,70,0.87905,0.77143,54; 3; 5; 7; 70; 5; 8; 5
7,10,0.40485,0.7,7; 23; 15; 15; 10; 26; 21; 11
25,64,0.44097,0.39062,25; 8; 3; 19; 64; 6; 3; 11
26,32,0.76194,0.8125,26; 8; 23; 3; 32; 21; 4; 18
48,82,0.76916,0.58537,48; 10; 8; 6; 82; 5; 5; 3
8,9,0.39262,0.88889,8; 10; 23; 13; 9; 13; 16; 22
27,42,0.64933,0.64286,27; 15; 19; 18; 42; 15; 17; 17
39,70,0.64355,0.55714,39; 14; 14; 17; 70; 9; 4; 3
10,82,0.226,0.12195,10; 8; 13; 5; 82; 3; 3; 4
43,75,0.64508,0.57333,43; 6; 15; 5; 75; 4; 7; 6
18,78,0.35243,0.23077,18; 16; 3; 21; 78; 4; 3; 6
25,42,0.61742,0.59524,25; 4; 23; 6; 42; 18; 8; 6
6,42,0.12297,0.14286,6; 5; 8; 20; 42; 12; 16; 11
53,70,0.83145,0.75714,53; 5; 14; 5; 70; 6; 7; 7
20,26,0.80636,0.76923,20; 9; 15; 5; 26; 21; 9; 4
49,75,0.79473,0.65333,49; 8; 4; 12; 75; 6; 4; 6
69,77,0.81313,0.8961,69; 9; 7; 8; 77; 5; 6; 6
33,42,0.78726,0.78571,33; 9; 15; 16; 42; 5; 18; 12
5,32,0.21024,0.15625,5; 26; 13; 29; 32; 10; 4; 18
28,49,0.58594,0.57143,28; 13; 17; 11; 49; 6; 10; 10
13,70,0.2368,0.18571,13; 23; 3; 8; 70; 9; 3; 7
12,53,0.23861,0.22642,12; 11; 14; 5; 53; 15; 7; 9
33,63,0.56595,0.52381,33; 14; 10; 9; 63; 4; 8; 8
55,77,0.91209,0.71429,55; 12; 10; 13; 77; 4; 3; 6
33,48,0.72432,0.6875,33; 15; 15; 21; 48; 5; 12; 9
37,82,0.5971,0.45122,37; 20; 10; 11; 82; 3; 5; 3
16,53,0.33292,0.30189,16; 24; 13; 14; 53; 11; 3; 4
7,32,0.26343,0.21875,7; 3; 16; 11; 32; 5; 9; 13
5,42,0.15108,0.11905,5; 11; 7; 21; 42; 15; 15; 17
18,75,0.33509,0.24,18; 17; 20; 5; 75; 7; 7; 6
20,82,0.4405,0.2439,20; 11; 4; 18; 82; 5; 3; 4
31,75,0.53205,0.41333,31; 17; 16; 7; 75; 7; 5; 3
21,78,0.40817,0.26923,21; 11; 3; 24; 78; 5; 4; 3
61,64,0.94226,0.95312,61; 7; 12; 4; 64; 8; 4; 7
8,9,0.38579,0.88889,8; 22; 24; 30; 9; 10; 7; 5
6,26,0.23308,0.23077,6; 7; 18; 3; 26; 12; 14; 14
8,26,0.34752,0.30769,8; 12; 10; 6; 26; 14; 17; 23
31,48,0.68879,0.64583,31; 11; 6; 20; 48; 13; 12; 10
68,70,0.88175,0.97143,68; 4; 8; 10; 70; 7; 6; 8
20,49,0.43035,0.40816,20; 5; 23; 8; 49; 4; 11; 11
9,26,0.3647,0.34615,9; 26; 5; 26; 26; 23; 20; 7
27,42,0.636,0.64286,27; 12; 3; 11; 42; 18; 17; 4
25,77,0.45252,0.32468,25; 15; 11; 9; 77; 3; 5; 5
13,31,0.42437,0.41935,13; 24; 9; 8; 31; 8; 11; 6
9,77,0.1984,0.11688,9; 18; 7; 3; 77; 7; 3; 6
23,32,0.67538,0.71875,23; 4; 12; 17; 32; 20; 21; 22
22,78,0.40085,0.28205,22; 22; 3; 13; 78; 5; 4; 5
5,82,0.09876,0.06098,5; 14; 3; 8; 82; 3; 4; 3
64,70,0.89397,0.91429,64; 5; 4; 9; 70; 6; 4; 6
60,77,0.85273,0.77922,60; 5; 10; 7; 77; 6; 4; 5
40,42,0.89527,0.95238,40; 7; 3; 19; 42; 3; 8; 10
53,77,0.84623,0.68831,53; 9; 10; 12; 77; 6; 5; 6
30,63,0.53176,0.47619,30; 21; 22; 18; 63; 7; 7; 8
77,78,0.79786,0.98718,77; 6; 6; 3; 78; 3; 4; 3
5,10,0.30451,0.5,5; 11; 18; 7; 10; 25; 20; 7
41,70,0.69219,0.58571,41; 9; 19; 6; 70; 3; 8; 3
28,53,0.52379,0.5283,28; 15; 14; 11; 53; 4; 15; 6
5,9,0.26412,0.55556,5; 21; 17; 30; 9; 14; 20; 8
22,53,0.42853,0.41509,22; 7; 14; 3; 53; 6; 5; 6
5,26,0.22001,0.19231,5; 25; 22; 20; 26; 4; 5; 14
25,48,0.54759,0.52083,25; 3; 14; 19; 48; 15; 15; 9
21,26,0.82123,0.80769,21; 4; 17; 23; 26; 13; 18; 9
8,9,0.40375,0.88889,8; 6; 7; 24; 9; 11; 12; 18
56,82,0.83255,0.68293,56; 7; 5; 12; 82; 4; 3; 5
6,9,0.34527,0.66667,6; 11; 18; 8; 9; 28; 18; 20
16,53,0.30057,0.30189,16; 22; 23; 15; 53; 15; 3; 6
67,70,0.90361,0.95714,67; 7; 7; 6; 70; 4; 6; 5
18,63,0.32818,0.28571,18; 22; 3; 18; 63; 9; 9; 7
16,53,0.3206,0.30189,16; 21; 4; 4; 53; 15; 7; 14
9,10,0.44233,0.9,9; 15; 13; 5; 10; 7; 6; 6
25,42,0.57339,0.59524,25; 5; 24; 19; 42; 7; 15; 14
18,32,0.54801,0.5625,18; 7; 25; 3; 32; 22; 8; 14
5,32,0.207,0.15625,5; 8; 13; 15; 32; 5; 7; 10
24,26,0.74028,0.92308,24; 15; 24; 17; 26; 17; 17; 16
33,48,0.66744,0.6875,33; 15; 7; 10; 48; 8; 4; 12
49,78,0.77782,0.62821,49; 6; 6; 13; 78; 3; 4; 6
48,64,0.76901,0.75,48; 13; 11; 10; 64; 10; 11; 3
16,31,0.50567,0.51613,16; 11; 27; 7; 31; 3; 6; 15
15,26,0.53957,0.57692,15; 15; 11; 16; 26; 7; 10; 20
6,10,0.35709,0.6,6; 8; 7; 5; 10; 15; 7; 26
28,42,0.67946,0.66667,28; 8; 16; 4; 42; 14; 15; 18
21,42,0.47165,0.5,21; 6; 24; 4; 42; 12; 12; 6
11,53,0.21887,0.20755,11; 9; 26; 20; 53; 13; 10; 9
52,53,0.86906,0.98113,52; 12; 5; 7; 53; 3; 11; 3
27,53,0.5014,0.50943,27; 18; 4; 21; 53; 6; 11; 3
34,70,0.5868,0.48571,34; 6; 20; 18; 70; 7; 3; 4
19,77,0.36905,0.24675,19; 9; 20; 21; 77; 3; 5; 7
8,31,0.26903,0.25806,8; 12; 16; 10; 31; 9; 8; 17
45,63,0.75365,0.71429,45; 6; 5; 5; 63; 3; 5; 4
29,64,0.4964,0.45312,29; 20; 8; 14; 64; 5; 3; 11
32,64,0.52448,0.5,32; 19; 6; 6; 64; 3; 10; 3
75,77,0.72567,0.97403,75; 4; 7; 6; 77; 5; 6; 7
36,42,0.85686,0.85714,36; 20; 5; 13; 42; 7; 14; 10
19,53,0.35001,0.35849,19; 11; 26; 17; 53; 12; 11; 15
59,78,0.89407,0.75641,59; 7; 3; 9; 78; 5; 5; 5
64,78,0.82993,0.82051,64; 10; 5; 6; 78; 4; 4; 4
29,49,0.59042,0.59184,29; 15; 4; 8; 49; 9; 10; 16
20,70,0.35498,0.28571,20; 3; 15; 7; 70; 6; 9; 3
62,82,0.74947,0.7561,62; 8; 9; 12; 82; 3; 4; 4
48,75,0.73628,0.64,48; 14; 14; 15; 75; 6; 3; 5
52,77,0.80336,0.67532,52; 15; 5; 4; 77; 3; 5; 3
10,53,0.20203,0.18868,10; 25; 21; 24; 53; 15; 8; 15
74,82,0.66424,0.90244,74; 3; 7; 5; 82; 5; 4; 4
47,53,0.81604,0.88679,47; 3; 14; 12; 53; 3; 4; 6
6,64,0.10509,0.09375,6; 11; 24; 10; 64; 8; 4; 11
29,78,0.49693,0.37179,29; 9; 23; 5; 78; 3; 6; 5
7,9,0.3614,0.77778,7; 5; 11; 5; 9; 7; 12; 6
10,26,0.38626,0.38462,10; 4; 22; 22; 26; 18; 10; 3
44,53,0.78515,0.83019,44; 6; 10; 18; 53; 12; 15; 11
9,26,0.31475,0.34615,9; 22; 13; 9; 26; 15; 19; 18
28,53,0.54655,0.5283,28; 21; 21; 18; 53; 7; 11; 15
9,48,0.2337,0.1875,9; 22; 8; 26; 48; 3; 10; 5
34,70,0.56995,0.48571,34; 15; 20; 13; 70; 9; 5; 5
13,49,0.2887,0.26531,13; 8; 24; 26; 49; 11; 5; 3
58,64,0.93433,0.90625,58; 3; 6; 6; 64; 7; 6; 7
47,49,0.81476,0.95918,47; 5; 10; 11; 49; 16; 7; 3
5,9,0.27339,0.55556,5; 15; 25; 10; 9; 22; 10; 21
9,10,0.45193,0.9,9; 18; 18; 9; 10; 13; 28; 21
7,70,0.17202,0.1,7; 14; 29; 18; 70; 3; 9; 4
43,82,0.61102,0.52439,43; 9; 6; 6; 82; 3; 4; 4
36,82,0.60269,0.43902,36; 9; 12; 11; 82; 5; 3; 3
50,70,0.81236,0.71429,50; 13; 13; 15; 70; 3; 6; 3
51,78,0.74578,0.65385,51; 5; 9; 5; 78; 3; 6; 5
5,9,0.28962,0.55556,5; 25; 14; 3; 9; 23; 27; 9
5,42,0.06299,0.11905,5; 13; 18; 21; 42; 15; 5; 14
26,31,0.72908,0.83871,26; 22; 7; 8; 31; 5; 12; 13
38,82,0.6007,0.46341,38; 8; 12; 11; 82; 4; 3; 3
17,77,0.31927,0.22078,17; 9; 15; 3; 77; 6; 7; 7
5,9,0.30182,0.55556,5; 10; 19; 14; 9; 17; 8; 29
12,32,0.40316,0.375,12; 6; 27; 26; 32; 17; 3; 6
36,75,0.57436,0.48,36; 6; 3; 20; 75; 5; 7; 6
37,64,0.61857,0.57812,37; 17; 13; 11; 64; 9; 11; 7
47,48,0.81741,0.97917,47; 5; 14; 6; 48; 9; 11; 15
44,75,0.69532,0.58667,44; 13; 5; 8; 75; 6; 6; 5
72,77,0.75844,0.93506,72; 4; 4; 6; 77; 4; 5; 5
22,49,0.45578,0.44898,22; 23; 10; 24; 49; 5; 4; 14
5,75,0.14382,0.06667,5; 18; 22; 27; 75; 5; 7; 5
41,64,0.68662,0.64062,41; 6; 17; 17; 64; 4; 5; 4
6,10,0.34181,0.6,6; 26; 24; 8; 10; 14; 26; 5
38,77,0.6271,0.49351,38; 8; 19; 5; 77; 3; 7; 6
16,26,0.62352,0.61538,16; 24; 11; 10; 26; 14; 4; 11
19,77,0.37394,0.24675,19; 21; 10; 7; 77; 5; 4; 4
7,9,0.38509,0.77778,7; 20; 8; 17; 9; 13; 17; 15
63,82,0.72434,0.76829,63; 10; 10; 4; 82; 5; 3; 5
17,32,0.54799,0.53125,17; 15; 6; 9; 32; 19; 10; 10
5,26,0.12402,0.19231,5; 26; 20; 20; 26; 18; 20; 15
34,49,0.70258,0.69388,34; 21; 5; 16; 49; 8; 14; 9
25,32,0.7949,0.78125,25; 20; 21; 9; 32; 11; 6; 4
32,82,0.55624,0.39024,32; 18; 15; 13; 82; 3; 5; 4
33,75,0.51435,0.44,33; 11; 10; 11; 75; 6; 6; 6
5,10,0.27242,0.5,5; 27; 30; 23; 10; 11; 9; 18
16,42,0.35826,0.38095,16; 7; 21; 4; 42; 16; 11; 11
32,63,0.5511,0.50794,32; 7; 5; 22; 63; 10; 7; 9
52,77,0.82906,0.67532,52; 8; 7; 15; 77; 7; 7; 3
8,9,0.42916,0.88889,8; 12; 5; 25; 9; 27; 12; 29
20,48,0.44432,0.41667,20; 22; 23; 14; 48; 7; 9; 14
58,64,0.96763,0.90625,58; 6; 9; 10; 64; 3; 10; 10
41,49,0.78395,0.83673,41; 5; 8; 3; 49; 9; 13; 10
50,82,0.67019,0.60976,50; 11; 10; 4; 82; 4; 4; 4
41,75,0.64089,0.54667,41; 6; 4; 12; 75; 7; 7; 5
29,31,0.77854,0.93548,29; 12; 18; 5; 31; 22; 13; 3
7,9,0.36044,0.77778,7; 22; 7; 23; 9; 12; 6; 21
16,53,0.29929,0.30189,16; 8; 23; 16; 53; 15; 9; 11
30,31,0.79621,0.96774,30; 11; 13; 14; 31; 6; 7; 14
12,64,0.23497,0.1875,12; 17; 16; 17; 64; 3; 7; 8
11,70,0.202,0.15714,11; 8; 21; 14; 70; 7; 7; 3
67,70,0.91582,0.95714,67; 8; 3; 8; 70; 3; 3; 3
12,42,0.26795,0.28571,12; 5; 13; 26; 42; 4; 17; 14
30,49,0.61937,0.61224,30; 11; 8; 18; 49; 11; 6; 14
26,78,0.46244,0.33333,26; 3; 14; 11; 78; 3; 4; 5
7,9,0.3769,0.77778,7; 7; 27; 26; 9; 16; 16; 17
9,31,0.31158,0.29032,9; 16; 4; 23; 31; 10; 13; 3
42,77,0.68991,0.54545,42; 5; 5; 11; 77; 6; 5; 7
29,32,0.75886,0.90625,29; 10; 5; 6; 32; 6; 11; 17
24,26,0.82826,0.92308,24; 19; 5; 13; 26; 21; 17; 11
8,9,0.3893,0.88889,8; 9; 19; 17; 9; 24; 7; 12
46,49,0.78768,0.93878,46; 5; 17; 17; 49; 10; 10; 9
8,10,0.44774,0.8,8; 5; 28; 19; 10; 28; 15; 14
43,75,0.63487,0.57333,43; 11; 12; 17; 75; 6; 7; 7
21,31,0.65359,0.67742,21; 24; 22; 6; 31; 8; 11; 8
32,53,0.65241,0.60377,32; 20; 10; 3; 53; 13; 8; 15
10,32,0.34199,0.3125,10; 29; 16; 4; 32; 9; 12; 17
22,77,0.41282,0.28571,22; 24; 24; 15; 77; 7; 4; 6
8,63,0.14531,0.12698,8; 30; 23; 23; 63; 9; 3; 11
69,78,0.86498,0.88462,69; 8; 7; 4; 78; 3; 5; 4
17,31,0.52244,0.54839,17; 3; 6; 13; 31; 4; 5; 20
26,42,0.60528,0.61905,26; 15; 17; 10; 42; 8; 5; 16
21,26,0.78987,0.80769,21; 21; 19; 9; 26; 3; 21; 20
6,9,0.31115,0.66667,6; 19; 15; 4; 9; 25; 9; 24
53,75,0.85096,0.70667,53; 4; 12; 5; 75; 7; 7; 5
48,77,0.721,0.62338,48; 11; 8; 12; 77; 4; 4; 7
8,48,0.21273,0.16667,8; 8; 22; 22; 48; 8; 6; 14
19,63,0.35881,0.30159,19; 5; 23; 8; 63; 9; 9; 11
7,9,0.36271,0.77778,7; 14; 30; 15; 9; 28; 4; 7
25,31,0.75929,0.80645,25; 14; 20; 23; 31; 13; 14; 4
7,9,0.34177,0.77778,7; 24; 25; 9; 9; 17; 11; 22
8,64,0.16419,0.125,8; 14; 23; 19; 64; 4; 3; 3
6,10,0.34336,0.6,6; 14; 17; 14; 10; 22; 16; 20
23,53,0.45984,0.43396,23; 10; 5; 3; 53; 14; 9; 15
35,64,0.58717,0.54688,35; 9; 12; 3; 64; 5; 9; 7
23,48,0.49429,0.47917,23; 7; 5; 8; 48; 11; 5; 5
14,49,0.29053,0.28571,14; 21; 14; 19; 49; 9; 6; 12
25,53,0.47793,0.4717,25; 12; 19; 16; 53; 15; 13; 11
22,70,0.36161,0.31429,22; 4; 7; 10; 70; 6; 5; 6
43,77,0.6792,0.55844,43; 9; 14; 6; 77; 5; 3; 6
23,75,0.42408,0.30667,23; 12; 23; 5; 75; 4; 6; 7
36,48,0.77277,0.75,36; 15; 4; 10; 48; 4; 13; 12
11,26,0.39881,0.42308,11; 7; 18; 6; 26; 3; 22; 13
6,42,0.14969,0.14286,6; 21; 6; 5; 42; 11; 12; 9
44,48,0.83973,0.91667,44; 16; 5; 15; 48; 14; 6; 9
61,78,0.87159,0.78205,61; 8; 5; 11; 78; 3; 3; 6
27,32,0.78206,0.84375,27; 11; 16; 14; 32; 19; 16; 5
27,48,0.56216,0.5625,27; 4; 16; 23; 48; 6; 11; 4
7,26,0.28396,0.26923,7; 28; 28; 30; 26; 6; 22; 16
51,64,0.83867,0.79688,51; 7; 11; 4; 64; 9; 5; 3
40,42,0.89276,0.95238,40; 17; 13; 11; 42; 14; 12; 16
33,49,0.69798,0.67347,33; 15; 9; 16; 49; 15; 10; 16
30,32,0.76399,0.9375,30; 5; 7; 21; 32; 7; 22; 11
5,9,0.32465,0.55556,5; 25; 20; 4; 9; 4; 5; 3
33,53,0.61234,0.62264,33; 12; 20; 14; 53; 10; 7; 12
36,48,0.79726,0.75,36; 4; 12; 4; 48; 3; 15; 10
31,63,0.51989,0.49206,31; 5; 5; 13; 63; 5; 10; 11
17,48,0.34921,0.35417,17; 8; 26; 5; 48; 9; 13; 13
46,53,0.82901,0.86792,46; 8; 13; 7; 53; 5; 8; 11
21,31,0.68317,0.67742,21; 5; 25; 3; 31; 10; 12; 22
29,82,0.49717,0.35366,29; 11; 12; 3; 82; 4; 5; 3
5,10,0.34063,0.5,5; 20; 30; 30; 10; 3; 10; 23
10,78,0.20657,0.12821,10; 9; 29; 4; 78; 6; 4; 3
18,32,0.56768,0.5625,18; 3; 16; 18; 32; 4; 12; 10
13,26,0.45933,0.5,13; 14; 14; 10; 26; 12; 19; 19
6,9,0.3546,0.66667,6; 28; 27; 24; 9; 27; 17; 23
25,32,0.74953,0.78125,25; 6; 23; 21; 32; 18; 20; 15
55,82,0.73744,0.67073,55; 9; 5; 12; 82; 4; 3; 4
9,42,0.23246,0.21429,9; 25; 11; 26; 42; 13; 8; 11
37,63,0.64455,0.5873,37; 5; 13; 18; 63; 5; 5; 10
18,53,0.3464,0.33962,18; 15; 13; 16; 53; 8; 11; 4
47,63,0.76651,0.74603,47; 7; 16; 7; 63; 9; 9; 4
22,49,0.46518,0.44898,22; 9; 17; 24; 49; 15; 14; 13
8,32,0.30419,0.25,8; 13; 21; 7; 32; 18; 3; 7
7,9,0.29406,0.77778,7; 25; 7; 12; 9; 21; 10; 4
25,31,0.65694,0.80645,25; 5; 4; 4; 31; 4; 18; 3
28,48,0.57467,0.58333,28; 8; 9; 15; 48; 11; 13; 13
74,82,0.72344,0.90244,74; 4; 6; 6; 82; 5; 5; 4
8,10,0.4304,0.8,8; 12; 10; 24; 10; 13; 24; 28
5,42,0.12087,0.11905,5; 9; 16; 15; 42; 12; 7; 8
52,63,0.88438,0.8254,52; 7; 3; 7; 63; 8; 8; 7
42,78,0.66247,0.53846,42; 4; 12; 11; 78; 3; 5; 3
9,10,0.44964,0.9,9; 12; 29; 10; 10; 13; 15; 7
63,70,0.89789,0.9,63; 5; 8; 11; 70; 4; 5; 7
8,32,0.26776,0.25,8; 29; 28; 25; 32; 7; 7; 19
13,64,0.23836,0.20312,13; 12; 10; 6; 64; 4; 9; 7
43,64,0.71232,0.67188,43; 18; 9; 3; 64; 3; 8; 7
23,75,0.40435,0.30667,23; 3; 13; 8; 75; 3; 5; 7
18,26,0.70774,0.69231,18; 12; 8; 6; 26; 14; 6; 12
30,78,0.52825,0.38462,30; 6; 22; 17; 78; 5; 4; 3
29,53,0.56114,0.54717,29; 19; 16; 7; 53; 15; 10; 15
17,70,0.3079,0.24286,17; 26; 6; 27; 70; 4; 4; 7
23,31,0.70771,0.74194,23; 8; 21; 14; 31; 18; 8; 19
13,32,0.42992,0.40625,13; 9; 17; 22; 32; 6; 19; 9
43,48,0.82473,0.89583,43; 7; 15; 18; 48; 3; 8; 9
44,53,0.78937,0.83019,44; 11; 13; 8; 53; 14; 3; 15
13,64,0.2508,0.20312,13; 17; 17; 4; 64; 4; 6; 8
11,31,0.36211,0.35484,11; 24; 20; 11; 31; 13; 17; 13
14,78,0.27718,0.17949,14; 27; 10; 14; 78; 4; 4; 5
45,64,0.75055,0.70312,45; 3; 11; 10; 64; 3; 3; 8
20,63,0.3607,0.31746,20; 14; 20; 7; 63; 8; 5; 3
77,78,0.81611,0.98718,77; 5; 3; 6; 78; 3; 6; 4
20,31,0.63488,0.64516,20; 7; 12; 8; 31; 4; 9; 5
65,78,0.8272,0.83333,65; 3; 4; 10; 78; 4; 5; 5
11,26,0.40881,0.42308,11; 12; 5; 17; 26; 21; 7; 10
23,32,0.6753,0.71875,23; 8; 9; 22; 32; 4; 4; 9
7,53,0.15222,0.13208,7; 6; 7; 3; 53; 13; 8; 11
18,64,0.30659,0.28125,18; 3; 12; 17; 64; 3; 7; 3
7,32,0.2203,0.21875,7; 19; 27; 29; 32; 20; 19; 6
81,82,0.6602,0.9878,81; 5; 4; 3; 82; 3; 5; 3
25,32,0.69544,0.78125,25; 9; 14; 12; 32; 6; 8; 15
8,10,0.4235,0.8,8; 14; 14; 25; 10; 9; 13; 7
32,48,0.67485,0.66667,32; 19; 5; 13; 48; 15; 13; 9
20,42,0.47063,0.47619,20; 16; 17; 9; 42; 5; 4; 10
9,48,0.21698,0.1875,9; 23; 13; 26; 48; 12; 4; 7
8,63,0.15124,0.12698,8; 15; 28; 26; 63; 3; 10; 4
34,70,0.56697,0.48571,34; 3; 14; 20; 70; 6; 4; 4
42,53,0.74266,0.79245,42; 11; 4; 6; 53; 9; 3; 9
41,78,0.67067,0.52564,41; 15; 12; 8; 78; 5; 6; 4
28,32,0.75473,0.875,28; 18; 8; 5; 32; 6; 6; 7
47,82,0.6616,0.57317,47; 9; 8; 17; 82; 5; 3; 4
40,64,0.66749,0.625,40; 5; 19; 10; 64; 10; 7; 5
50,82,0.67362,0.60976,50; 6; 15; 10; 82; 3; 5; 3
5,9,0.28406,0.55556,5; 5; 29; 24; 9; 23; 5; 3
35,48,0.81483,0.72917,35; 20; 17; 5; 48; 15; 8; 3
12,63,0.2192,0.19048,12; 16; 10; 13; 63; 4; 8; 10
24,82,0.44624,0.29268,24; 19; 17; 22; 82; 4; 4; 3
26,48,0.56963,0.54167,26; 9; 20; 20; 48; 8; 7; 16
14,70,0.25595,0.2,14; 3; 26; 19; 70; 8; 9; 9
12,32,0.36611,0.375,12; 14; 9; 25; 32; 12; 6; 10
7,9,0.37886,0.77778,7; 18; 16; 9; 9; 7; 20; 21
56,75,0.85255,0.74667,56; 5; 8; 12; 75; 7; 5; 4
24,32,0.76467,0.75,24; 22; 7; 22; 32; 10; 5; 15
54,82,0.74449,0.65854,54; 4; 11; 12; 82; 5; 5; 5
13,70,0.24771,0.18571,13; 14; 28; 4; 70; 6; 9; 7
18,42,0.41299,0.42857,18; 6; 5; 9; 42; 8; 14; 9
10,32,0.3664,0.3125,10; 22; 6; 14; 32; 17; 18; 13
41,48,0.75296,0.85417,41; 19; 7; 6; 48; 10; 3; 3
5,9,0.28249,0.55556,5; 25; 29; 29; 9; 4; 6; 4
47,63,0.76573,0.74603,47; 3; 6; 6; 63; 5; 3; 6
23,31,0.70649,0.74194,23; 5; 23; 5; 31; 3; 22; 19
50,70,0.77042,0.71429,50; 10; 12; 12; 70; 3; 6; 5
8,10,0.45584,0.8,8; 12; 3; 9; 10; 28; 11; 14
51,75,0.8108,0.68,51; 15; 3; 4; 75; 7; 4; 6
5,10,0.3182,0.5,5; 4; 22; 3; 10; 28; 11; 17
13,31,0.41328,0.41935,13; 6; 10; 17; 31; 10; 10; 13
6,10,0.32146,0.6,6; 5; 23; 10; 10; 10; 26; 18
25,82,0.41479,0.30488,25; 19; 10; 3; 82; 4; 5; 3
24,26,0.81939,0.92308,24; 22; 23; 12; 26; 17; 11; 12
64,78,0.81291,0.82051,64; 7; 10; 11; 78; 5; 6; 4
15,63,0.25858,0.2381,15; 24; 22; 26; 63; 9; 6; 6
21,75,0.39412,0.28,21; 5; 25; 7; 75; 5; 4; 6
51,53,0.85456,0.96226,51; 9; 11; 13; 53; 4; 7; 14
25,32,0.76559,0.78125,25; 11; 24; 22; 32; 14; 12; 19
9,31,0.33458,0.29032,9; 27; 21; 12; 31; 20; 10; 19
61,75,0.86697,0.81333,61; 12; 9; 4; 75; 6; 3; 7
73,82,0.69955,0.89024,73; 7; 4; 8; 82; 4; 4; 5
54,77,0.81873,0.7013,54; 8; 12; 7; 77; 3; 3; 4
17,70,0.31055,0.24286,17; 5; 27; 5; 70; 9; 8; 8
29,77,0.49244,0.37662,29; 3; 14; 7; 77; 3; 4; 7
11,42,0.2514,0.2619,11; 13; 27; 14; 42; 17; 9; 13
41,42,0.84504,0.97619,41; 18; 13; 13; 42; 15; 5; 7
12,31,0.40784,0.3871,12; 16; 7; 6; 31; 14; 21; 3
16,32,0.49182,0.5,16; 16; 8; 3; 32; 18; 15; 17
15,42,0.39264,0.35714,15; 4; 16; 17; 42; 10; 13; 10
16,48,0.33191,0.33333,16; 25; 13; 7; 48; 6; 11; 11
23,63,0.37805,0.36508,23; 10; 19; 25; 63; 3; 3; 10
47,53,0.81006,0.88679,47; 8; 6; 15; 53; 4; 6; 4
26,82,0.48221,0.31707,26; 11; 23; 11; 82; 4; 4; 3
14,31,0.49329,0.45161,14; 17; 7; 3; 31; 7; 11; 7
11,75,0.20754,0.14667,11; 28; 4; 3; 75; 7; 4; 3
56,82,0.74718,0.68293,56; 11; 4; 6; 82; 3; 3; 4
56,82,0.67746,0.68293,56; 12; 9; 13; 82; 5; 3; 3
47,48,0.81273,0.97917,47; 11; 5; 5; 48; 9; 15; 8
63,64,0.91929,0.98438,63; 8; 3; 7; 64; 7; 10; 5
31,49,0.60659,0.63265,31; 15; 10; 8; 49; 13; 4; 6
66,70,0.90126,0.94286,66; 8; 10; 5; 70; 8; 8; 7
44,49,0.77906,0.89796,44; 11; 15; 12; 49; 14; 9; 10
35,63,0.6061,0.55556,35; 4; 11; 16; 63; 7; 7; 8
26,32,0.73504,0.8125,26; 17; 22; 12; 32; 6; 5; 17
18,26,0.67792,0.69231,18; 5; 12; 8; 26; 3; 5; 4
52,53,0.885,0.98113,52; 15; 13; 13; 53; 5; 12; 7
32,53,0.61434,0.60377,32; 19; 3; 5; 53; 7; 12; 8
19,26,0.74032,0.73077,19; 12; 19; 6; 26; 10; 9; 11
55,77,0.87119,0.71429,55; 4; 10; 5; 77; 7; 6; 7
16,64,0.2707,0.25,16; 24; 13; 22; 64; 9; 6; 4
7,9,0.3768,0.77778,7; 25; 25; 30; 9; 24; 21; 24
5,63,0.08415,0.07937,5; 21; 26; 26; 63; 6; 4; 11
7,26,0.24938,0.26923,7; 4; 25; 16; 26; 8; 12; 12
5,9,0.18591,0.55556,5; 8; 5; 26; 9; 13; 20; 14
8,26,0.30461,0.30769,8; 29; 29; 6; 26; 8; 9; 6
36,78,0.5928,0.46154,36; 13; 3; 17; 78; 3; 5; 5
7,26,0.26927,0.26923,7; 5; 7; 17; 26; 3; 21; 20
8,10,0.41209,0.8,8; 25; 14; 15; 10; 10; 18; 20
14,70,0.25069,0.2,14; 26; 17; 4; 70; 6; 4; 4
10,53,0.24006,0.18868,10; 7; 6; 13; 53; 7; 14; 5
21,70,0.36421,0.3,21; 18; 24; 21; 70; 6; 7; 3
7,9,0.29388,0.77778,7; 15; 11; 25; 9; 15; 9; 19
54,70,0.88255,0.77143,54; 5; 12; 10; 70; 6; 4; 7
13,48,0.2875,0.27083,13; 27; 4; 28; 48; 7; 15; 16
56,64,0.88861,0.875,56; 11; 3; 14; 64; 3; 3; 5
68,75,0.87299,0.90667,68; 10; 6; 6; 75; 4; 6; 4
23,31,0.69193,0.74194,23; 17; 8; 4; 31; 8; 19; 11
34,75,0.60272,0.45333,34; 19; 5; 15; 75; 7; 3; 7
19,48,0.40334,0.39583,19; 6; 10; 15; 48; 10; 13; 4
13,48,0.28929,0.27083,13; 10; 24; 13; 48; 5; 7; 13
68,70,0.86921,0.97143,68; 9; 5; 9; 70; 5; 7; 3
30,82,0.50687,0.36585,30; 4; 18; 10; 82; 3; 5; 5
9,10,0.44434,0.9,9; 3; 23; 12; 10; 4; 15; 29
20,32,0.64252,0.625,20; 10; 3; 19; 32; 20; 20; 19
42,78,0.65025,0.53846,42; 5; 12; 16; 78; 4; 5; 5
61,63,0.92247,0.96825,61; 3; 5; 12; 63; 4; 4; 9
52,82,0.80148,0.63415,52; 9; 14; 8; 82; 5; 3; 3
26,64,0.46319,0.40625,26; 15; 23; 8; 64; 11; 6; 8
9,10,0.45471,0.9,9; 16; 12; 10; 10; 19; 29; 22
7,10,0.35461,0.7,7; 25; 28; 20; 10; 18; 27; 4
37,64,0.63093,0.57812,37; 9; 9; 6; 64; 6; 3; 10
57,77,0.83644,0.74026,57; 13; 4; 5; 77; 6; 3; 5
11,49,0.21745,0.22449,11; 4; 26; 18; 49; 10; 5; 5
9,48,0.18881,0.1875,9; 3; 14; 19; 48; 16; 5; 13
6,63,0.06971,0.09524,6; 29; 24; 9; 63; 9; 5; 3
5,10,0.27574,0.5,5; 28; 16; 8; 10; 6; 8; 10
21,82,0.39997,0.2561,21; 6; 19; 20; 82; 5; 4; 5
6,10,0.33946,0.6,6; 22; 22; 9; 10; 15; 3; 3
52,63,0.85684,0.8254,52; 7; 6; 7; 63; 5; 3; 7
31,48,0.73939,0.64583,31; 19; 18; 20; 48; 12; 15; 10
11,64,0.21557,0.17188,11; 26; 13; 26; 64; 4; 5; 7
6,9,0.33664,0.66667,6; 7; 8; 10; 9; 10; 13; 3
6,77,0.16873,0.07792,6; 5; 10; 11; 77; 7; 6; 7
21,26,0.83706,0.80769,21; 23; 9; 5; 26; 5; 5; 22
52,53,0.86674,0.98113,52; 4; 10; 11; 53; 13; 14; 14
40,53,0.75393,0.75472,40; 11; 4; 6; 53; 11; 12; 14
21,31,0.68559,0.67742,21; 23; 7; 5; 31; 18; 3; 19
6,10,0.32836,0.6,6; 16; 22; 25; 10; 21; 19; 10
42,70,0.70154,0.6,42; 11; 6; 17; 70; 8; 5; 7
6,49,0.10283,0.12245,6; 24; 6; 7; 49; 12; 12; 5
5,9,0.27962,0.55556,5; 31; 25; 24; 9; 24; 13; 5
18,48,0.3868,0.375,18; 4; 16; 11; 48; 7; 3; 14
8,64,0.1556,0.125,8; 4; 10; 29; 64; 3; 10; 7
45,70,0.72096,0.64286,45; 17; 14; 5; 70; 9; 6; 6
25,70,0.44736,0.35714,25; 3; 20; 15; 70; 3; 6; 6
18,32,0.57097,0.5625,18; 16; 5; 19; 32; 11; 14; 7
24,42,0.57021,0.57143,24; 20; 23; 21; 42; 7; 11; 6
22,26,0.74801,0.84615,22; 7; 16; 11; 26; 4; 15; 19
5,9,0.27737,0.55556,5; 29; 6; 27; 9; 15; 7; 10
10,64,0.19371,0.15625,10; 28; 6; 25; 64; 9; 5; 9
14,42,0.36596,0.33333,14; 25; 20; 5; 42; 18; 15; 16
17,31,0.53285,0.54839,17; 3; 12; 19; 31; 20; 6; 19
24,26,0.82145,0.92308,24; 8; 6; 3; 26; 7; 7; 22
7,10,0.37602,0.7,7; 19; 27; 19; 10; 24; 16; 20
61,63,0.96548,0.96825,61; 7; 11; 10; 63; 9; 10; 9
15,26,0.57801,0.57692,15; 15; 23; 6; 26; 7; 23; 18
36,53,0.74096,0.67925,36; 11; 20; 19; 53; 7; 8; 10
39,53,0.73774,0.73585,39; 15; 19; 5; 53; 15; 15; 6
66,82,0.73763,0.80488,66; 5; 10; 5; 82; 3; 5; 3
10,26,0.37752,0.38462,10; 8; 20; 25; 26; 21; 15; 24
13,31,0.43317,0.41935,13; 16; 26; 15; 31; 19; 12; 7
14,26,0.50409,0.53846,14; 9; 21; 7; 26; 15; 14; 11
14,78,0.2951,0.17949,14; 23; 3; 4; 78; 5; 3; 6
23,42,0.55428,0.54762,23; 12; 17; 25; 42; 14; 9; 8
78,82,0.73694,0.95122,78; 4; 3; 3; 82; 4; 4; 3
55,63,0.9311,0.87302,55; 3; 7; 4; 63; 3; 10; 7
13,26,0.49358,0.5,13; 23; 24; 13; 26; 6; 18; 23
7,49,0.16436,0.14286,7; 10; 21; 13; 49; 7; 13; 11
21,75,0.367,0.28,21; 20; 13; 16; 75; 5; 3; 3
8,82,0.18756,0.09756,8; 7; 22; 7; 82; 3; 4; 4
39,42,0.86577,0.92857,39; 17; 4; 13; 42; 17; 15; 12
74,75,0.73938,0.98667,74; 7; 7; 8; 75; 5; 6; 6
25,26,0.764,0.96154,25; 15; 17; 17; 26; 18; 16; 3
13,42,0.31956,0.30952,13; 27; 28; 20; 42; 18; 5; 5
13,32,0.44544,0.40625,13; 24; 26; 9; 32; 22; 12; 8
36,48,0.80396,0.75,36; 9; 5; 19; 48; 15; 12; 8
7,9,0.39041,0.77778,7; 13; 26; 13; 9; 21; 15; 27
20,48,0.39804,0.41667,20; 20; 15; 4; 48; 16; 3; 12
9,31,0.30894,0.29032,9; 12; 9; 20; 31; 13; 20; 19
40,53,0.78648,0.75472,40; 11; 13; 19; 53; 15; 11; 5
42,82,0.62091,0.5122,42; 16; 6; 6; 82; 3; 5; 5
23,75,0.40447,0.30667,23; 11; 6; 22; 75; 4; 3; 7
11,70,0.22682,0.15714,11; 8; 9; 25; 70; 4; 7; 8
28,31,0.76229,0.90323,28; 20; 7; 11; 31; 5; 16; 18
9,32,0.29626,0.28125,9; 18; 15; 14; 32; 20; 11; 9
43,82,0.65993,0.52439,43; 12; 6; 15; 82; 3; 3; 5
64,77,0.86924,0.83117,64; 10; 10; 9; 77; 5; 5; 6
20,75,0.37576,0.26667,20; 7; 15; 12; 75; 6; 7; 7
18,53,0.3584,0.33962,18; 12; 13; 20; 53; 10; 10; 3
8,32,0.28227,0.25,8; 12; 3; 29; 32; 15; 6; 8
35,75,0.63063,0.46667,35; 19; 13; 3; 75; 4; 4; 7
26,31,0.76109,0.83871,26; 16; 3; 19; 31; 16; 9; 4
75,77,0.8217,0.97403,75; 7; 7; 7; 77; 7; 3; 6
30,31,0.83,0.96774,30; 15; 7; 19; 31; 7; 20; 4
51,77,0.84592,0.66234,51; 9; 6; 14; 77; 4; 5; 5
8,10,0.40499,0.8,8; 3; 30; 29; 10; 15; 25; 23
5,9,0.30259,0.55556,5; 19; 5; 25; 9; 8; 15; 3
26,32,0.77595,0.8125,26; 16; 17; 18; 32; 10; 20; 17
48,53,0.84172,0.90566,48; 9; 11; 6; 53; 14; 4; 4
5,31,0.20485,0.16129,5; 4; 9; 22; 31; 12; 15; 9
23,26,0.80683,0.88462,23; 5; 15; 16; 26; 20; 13; 11
12,78,0.25298,0.15385,12; 21; 10; 24; 78; 4; 6; 5
16,75,0.30131,0.21333,16; 5; 18; 19; 75; 5; 3; 3
47,64,0.77868,0.73438,47; 16; 3; 11; 64; 7; 7; 3
26,32,0.75934,0.8125,26; 3; 23; 23; 32; 21; 7; 9
36,70,0.60173,0.51429,36; 16; 10; 11; 70; 4; 7; 7
7,10,0.38904,0.7,7; 10; 8; 17; 10; 12; 26; 5
6,63,0.1076,0.09524,6; 8; 10; 14; 63; 6; 11; 5
6,9,0.30731,0.66667,6; 20; 25; 22; 9; 24; 19; 4
5,64,0.07652,0.07812,5; 14; 3; 25; 64; 10; 4; 7
25,26,0.7752,0.96154,25; 21; 24; 5; 26; 20; 6; 20
25,31,0.66787,0.80645,25; 19; 16; 16; 31; 17; 9; 12
7,9,0.37228,0.77778,7; 7; 13; 4; 9; 10; 14; 23
6,49,0.11731,0.12245,6; 20; 12; 9; 49; 8; 15; 15
24,63,0.40748,0.38095,24; 15; 18; 5; 63; 5; 5; 11
44,75,0.70295,0.58667,44; 11; 11; 6; 75; 4; 5; 3
6,9,0.29039,0.66667,6; 29; 8; 7; 9; 3; 21; 17
67,70,0.8947,0.95714,67; 10; 3; 10; 70; 3; 7; 8
35,48,0.78944,0.72917,35; 9; 19; 18; 48; 16; 7; 6
9,31,0.34282,0.29032,9; 24; 11; 29; 31; 17; 18; 8
12,64,0.22245,0.1875,12; 20; 20; 20; 64; 10; 5; 8
5,9,0.26466,0.55556,5; 14; 27; 16; 9; 15; 28; 25
70,77,0.83254,0.90909,70; 3; 5; 7; 77; 5; 3; 3
43,78,0.73177,0.55128,43; 5; 9; 12; 78; 6; 4; 3
65,70,0.9066,0.92857,65; 11; 3; 10; 70; 3; 6; 7
11,49,0.21228,0.22449,11; 24; 17; 11; 49; 5; 7; 6
42,78,0.66533,0.53846,42; 3; 4; 9; 78; 5; 4; 4
39,49,0.78678,0.79592,39; 17; 10; 13; 49; 9; 11; 12
77,78,0.77794,0.98718,77; 3; 7; 4; 78; 3; 5; 5
48,64,0.76261,0.75,48; 3; 4; 12; 64; 7; 6; 6
32,48,0.67524,0.66667,32; 10; 5; 13; 48; 14; 4; 5
20,26,0.70632,0.76923,20; 7; 3; 24; 26; 12; 14; 10
25,32,0.79631,0.78125,25; 15; 18; 13; 32; 18; 14; 6
49,64,0.79097,0.76562,49; 8; 16; 9; 64; 3; 9; 8
10,49,0.20517,0.20408,10; 18; 18; 24; 49; 9; 5; 8
8,31,0.28402,0.25806,8; 7; 7; 27; 31; 8; 6; 5
40,77,0.665,0.51948,40; 8; 5; 12; 77; 7; 6; 6
55,75,0.84471,0.73333,55; 5; 12; 7; 75; 3; 4; 7
23,64,0.38386,0.35938,23; 21; 19; 5; 64; 9; 10; 5
13,49,0.31915,0.26531,13; 23; 25; 18; 49; 6; 13; 4
68,75,0.83674,0.90667,68; 4; 9; 7; 75; 6; 5; 3
24,49,0.48635,0.4898,24; 7; 23; 22; 49; 9; 12; 8
11,53,0.18631,0.20755,11; 20; 15; 14; 53; 15; 14; 11
47,78,0.7346,0.60256,47; 10; 5; 11; 78; 3; 4; 6
7,42,0.20196,0.16667,7; 14; 13; 30; 42; 5; 8; 5
47,49,0.78552,0.95918,47; 15; 5; 6; 49; 16; 3; 6
52,53,0.86677,0.98113,52; 10; 6; 14; 53; 14; 15; 10
8,26,0.30765,0.30769,8; 16; 22; 22; 26; 22; 22; 17
47,77,0.72223,0.61039,47; 4; 9; 10; 77; 3; 5; 4
7,10,0.36486,0.7,7; 19; 30; 30; 10; 7; 4; 6
13,26,0.48688,0.5,13; 14; 22; 28; 26; 23; 7; 21
10,32,0.2949,0.3125,10; 18; 17; 15; 32; 10; 7; 7
58,64,0.91942,0.90625,58; 11; 13; 10; 64; 6; 10; 10
14,78,0.26575,0.17949,14; 3; 5; 11; 78; 6; 6; 4
48,82,0.738,0.58537,48; 3; 13; 16; 82; 3; 3; 4
21,26,0.7786,0.80769,21; 14; 25; 16; 26; 11; 20; 23
8,9,0.39585,0.88889,8; 21; 12; 9; 9; 23; 6; 19
6,53,0.0678,0.11321,6; 15; 16; 12; 53; 7; 7; 3
5,10,0.33859,0.5,5; 30; 23; 18; 10; 8; 14; 15
32,49,0.63164,0.65306,32; 14; 4; 17; 49; 4; 4; 13
22,82,0.43365,0.26829,22; 12; 17; 9; 82; 4; 4; 4
65,78,0.7884,0.83333,65; 4; 4; 10; 78; 4; 4; 4
49,78,0.7424,0.62821,49; 10; 12; 4; 78; 4; 4; 6
7,10,0.38538,0.7,7; 18; 28; 22; 10; 19; 15; 17
10,64,0.18984,0.15625,10; 15; 26; 19; 64; 10; 9; 7
47,48,0.83062,0.97917,47; 4; 9; 4; 48; 16; 8; 11
32,49,0.66634,0.65306,32; 8; 17; 19; 49; 15; 12; 3
7,42,0.16265,0.16667,7; 6; 28; 16; 42; 16; 14; 16
5,82,0.12632,0.06098,5; 9; 15; 10; 82; 4; 4; 4
36,63,0.61766,0.57143,36; 3; 18; 9; 63; 4; 3; 7
8,9,0.37349,0.88889,8; 30; 26; 22; 9; 25; 5; 11
20,26,0.74951,0.76923,20; 6; 12; 8; 26; 18; 4; 9
9,10,0.45741,0.9,9; 20; 16; 5; 10; 16; 21; 16
54,70,0.91494,0.77143,54; 11; 11; 4; 70; 7; 5; 5
5,75,0.09832,0.06667,5; 7; 13; 29; 75; 3; 7; 7
67,70,0.86231,0.95714,67; 5; 8; 5; 70; 4; 6; 5
5,10,0.32604,0.5,5; 7; 19; 20; 10; 10; 4; 16
28,53,0.56746,0.5283,28; 22; 12; 22; 53; 15; 5; 9
29,42,0.6297,0.69048,29; 23; 8; 18; 42; 8; 8; 14
65,77,0.87581,0.84416,65; 9; 10; 5; 77; 5; 6; 7
17,26,0.63284,0.65385,17; 17; 12; 23; 26; 9; 5; 3
40,64,0.69483,0.625,40; 10; 3; 12; 64; 6; 5; 7
6,53,0.16529,0.11321,6; 6; 29; 12; 53; 14; 13; 6
21,32,0.69931,0.65625,21; 10; 19; 24; 32; 17; 12; 18
20,32,0.67588,0.625,20; 10; 9; 11; 32; 15; 21; 21
9,31,0.33811,0.29032,9; 17; 9; 25; 31; 4; 22; 4
6,42,0.14119,0.14286,6; 14; 17; 29; 42; 7; 12; 3
9,26,0.35077,0.34615,9; 16; 18; 27; 26; 3; 8; 5
60,78,0.81728,0.76923,60; 12; 11; 8; 78; 3; 6; 3
42,70,0.74693,0.6,42; 14; 11; 18; 70; 8; 3; 5
5,63,0.04804,0.07937,5; 4; 9; 6; 63; 10; 10; 3
9,48,0.22648,0.1875,9; 28; 24; 7; 48; 9; 9; 7
7,9,0.36006,0.77778,7; 7; 11; 9; 9; 4; 7; 13
7,10,0.41511,0.7,7; 21; 14; 18; 10; 21; 21; 14
33,63,0.5758,0.52381,33; 3; 10; 7; 63; 4; 5; 7
17,82,0.34816,0.20732,17; 12; 13; 4; 82; 4; 4; 4
39,49,0.78049,0.79592,39; 14; 12; 15; 49; 12; 6; 16
55,78,0.8284,0.70513,55; 13; 14; 10; 78; 6; 3; 5
31,78,0.53094,0.39744,31; 20; 5; 18; 78; 5; 3; 3
14,42,0.35153,0.33333,14; 23; 11; 18; 42; 6; 3; 6
31,32,0.82838,0.96875,31; 22; 4; 18; 32; 19; 5; 7
29,78,0.47757,0.37179,29; 15; 21; 22; 78; 4; 5; 3
18,48,0.38413,0.375,18; 23; 13; 5; 48; 3; 10; 5
9,10,0.42906,0.9,9; 9; 17; 9; 10; 21; 20; 17
41,49,0.68197,0.83673,41; 7; 12; 16; 49; 12; 13; 6
37,53,0.75881,0.69811,37; 12; 16; 15; 53; 9; 11; 15
7,9,0.34514,0.77778,7; 12; 24; 11; 9; 7; 28; 10
20,42,0.50092,0.47619,20; 20; 20; 19; 42; 12; 16; 13
62,78,0.80727,0.79487,62; 12; 7; 6; 78; 4; 3; 3
20,32,0.60923,0.625,20; 17; 17; 4; 32; 19; 8; 10
10,63,0.19201,0.15873,10; 27; 20; 20; 63; 8; 4; 8
43,70,0.72762,0.61429,43; 6; 16; 11; 70; 6; 5; 8
8,10,0.38327,0.8,8; 29; 28; 16; 10; 21; 9; 7
11,78,0.24794,0.14103,11; 18; 18; 6; 78; 6; 4; 5
30,48,0.70169,0.625,30; 3; 22; 21; 48; 4; 5; 14
32,42,0.73064,0.7619,32; 10; 5; 5; 42; 12; 16; 17
14,31,0.44853,0.45161,14; 10; 6; 7; 31; 7; 13; 19
29,49,0.60114,0.59184,29; 17; 4; 15; 49; 8; 3; 13
46,64,0.7701,0.71875,46; 17; 15; 17; 64; 11; 5; 7
47,82,0.68021,0.57317,47; 17; 15; 16; 82; 3; 3; 3
26,63,0.42083,0.4127,26; 6; 3; 15; 63; 10; 4; 4
6,9,0.31522,0.66667,6; 24; 8; 6; 9; 12; 8; 11
27,49,0.55191,0.55102,27; 5; 7; 6; 49; 3; 16; 13
57,78,0.85797,0.73077,57; 3; 8; 3; 78; 4; 3; 5
16,32,0.53908,0.5,16; 11; 10; 27; 32; 18; 22; 10
24,26,0.82125,0.92308,24; 17; 11; 23; 26; 15; 24; 5
23,42,0.52435,0.54762,23; 22; 3; 24; 42; 11; 4; 18
45,70,0.72637,0.64286,45; 11; 7; 4; 70; 8; 6; 6
27,70,0.47958,0.38571,27; 23; 13; 6; 70; 7; 5; 8
51,77,0.8195,0.66234,51; 15; 7; 4; 77; 6; 5; 5
17,48,0.36142,0.35417,17; 4; 3; 27; 48; 14; 11; 13
44,78,0.70685,0.5641,44; 18; 18; 3; 78; 3; 4; 6
21,31,0.68919,0.67742,21; 22; 19; 3; 31; 19; 14; 15
30,48,0.68731,0.625,30; 22; 8; 8; 48; 13; 12; 15
10,53,0.18462,0.18868,10; 26; 20; 24; 53; 12; 9; 5
75,78,0.73736,0.96154,75; 5; 3; 6; 78; 5; 5; 5
45,70,0.74524,0.64286,45; 11; 9; 13; 70; 7; 6; 8
31,70,0.53525,0.44286,31; 14; 11; 4; 70; 8; 7; 6
42,70,0.71989,0.6,42; 11; 17; 16; 70; 8; 8; 7
19,49,0.4101,0.38776,19; 21; 23; 18; 49; 3; 15; 7
21,49,0.44068,0.42857,21; 20; 10; 19; 49; 14; 13; 16
38,53,0.73655,0.71698,38; 13; 19; 3; 53; 6; 10; 11
17,82,0.33493,0.20732,17; 24; 12; 20; 82; 3; 4; 4
55,82,0.78202,0.67073,55; 13; 12; 5; 82; 4; 5; 5
7,9,0.38967,0.77778,7; 10; 8; 28; 9; 24; 9; 6
46,70,0.75284,0.65714,46; 14; 17; 4; 70; 7; 4; 7
10,75,0.21749,0.13333,10; 23; 3; 28; 75; 7; 7; 3
14,53,0.30387,0.26415,14; 9; 18; 9; 53; 4; 3; 15
22,31,0.7234,0.70968,22; 12; 16; 24; 31; 19; 20; 10
6,82,0.19948,0.07317,6; 22; 27; 29; 82; 3; 3; 3
25,49,0.50318,0.5102,25; 12; 16; 15; 49; 14; 11; 11
27,48,0.55812,0.5625,27; 17; 10; 16; 48; 8; 11; 4
55,64,0.93288,0.85938,55; 6; 10; 5; 64; 3; 6; 4
16,70,0.27468,0.22857,16; 4; 7; 24; 70; 5; 3; 7
37,49,0.71837,0.7551,37; 5; 18; 18; 49; 7; 3; 10
7,10,0.39812,0.7,7; 3; 29; 22; 10; 28; 21; 5
16,26,0.63054,0.61538,16; 6; 7; 17; 26; 15; 10; 3
20,53,0.37154,0.37736,20; 12; 21; 16; 53; 14; 15; 3
8,42,0.235,0.19048,8; 21; 21; 22; 42; 11; 5; 10
15,42,0.31172,0.35714,15; 17; 16; 3; 42; 16; 5; 7
8,70,0.14944,0.11429,8; 29; 10; 23; 70; 4; 3; 5
6,42,0.08871,0.14286,6; 14; 13; 16; 42; 10; 17; 18
6,10,0.30568,0.6,6; 20; 29; 6; 10; 15; 23; 26
29,49,0.58503,0.59184,29; 19; 6; 9; 49; 14; 3; 11
23,26,0.76588,0.88462,23; 3; 13; 25; 26; 22; 11; 4
9,10,0.42731,0.9,9; 16; 7; 29; 10; 27; 26; 13
20,26,0.69697,0.76923,20; 19; 19; 19; 26; 20; 5; 8
35,82,0.59067,0.42683,35; 12; 18; 16; 82; 4; 3; 3
22,26,0.80783,0.84615,22; 5; 14; 10; 26; 16; 16; 14
31,75,0.50939,0.41333,31; 13; 5; 19; 75; 5; 4; 6
5,63,0.08023,0.07937,5; 19; 13; 11; 63; 6; 5; 8
24,70,0.40707,0.34286,24; 7; 3; 16; 70; 8; 7; 7
15,70,0.30574,0.21429,15; 4; 17; 16; 70; 3; 3; 3
9,10,0.4503,0.9,9; 9; 10; 26; 10; 15; 8; 6
8,9,0.38992,0.88889,8; 21; 25; 17; 9; 6; 6; 16
8,10,0.38617,0.8,8; 30; 4; 8; 10; 5; 18; 8
47,49,0.80745,0.95918,47; 16; 6; 4; 49; 14; 13; 15
34,49,0.72425,0.69388,34; 3; 5; 10; 49; 9; 8; 3
58,63,0.93232,0.92063,58; 8; 6; 12; 63; 11; 11; 8
28,77,0.48882,0.36364,28; 8; 20; 4; 77; 4; 7; 3
5,49,0.14507,0.10204,5; 8; 7; 19; 49; 7; 8; 7
29,49,0.59489,0.59184,29; 19; 20; 10; 49; 4; 7; 16
30,70,0.5164,0.42857,30; 7; 3; 9; 70; 6; 6; 4
63,82,0.8394,0.76829,63; 8; 6; 10; 82; 3; 3; 4
5,9,0.28299,0.55556,5; 17; 22; 14; 9; 17; 5; 27
57,78,0.92804,0.73077,57; 5; 3; 8; 78; 6; 5; 3
35,53,0.67368,0.66038,35; 15; 6; 21; 53; 7; 5; 6
16,31,0.51723,0.51613,16; 4; 4; 23; 31; 22; 22; 7
19,26,0.74219,0.73077,19; 14; 11; 9; 26; 22; 21; 11
27,31,0.78325,0.87097,27; 22; 12; 19; 31; 17; 19; 19
25,42,0.588,0.59524,25; 5; 23; 21; 42; 13; 13; 12
25,31,0.66217,0.80645,25; 22; 20; 17; 31; 16; 11; 10
15,53,0.29386,0.28302,15; 9; 11; 10; 53; 9; 5; 5
40,42,0.86965,0.95238,40; 8; 18; 6; 42; 5; 14; 10
36,48,0.79309,0.75,36; 4; 11; 17; 48; 14; 7; 15
23,48,0.49172,0.47917,23; 6; 3; 10; 48; 6; 13; 5
14,70,0.25493,0.2,14; 4; 8; 5; 70; 3; 8; 3
5,9,0.32153,0.55556,5; 8; 31; 7; 9; 13; 18; 12
64,77,0.87128,0.83117,64; 4; 11; 6; 77; 7; 6; 4
15,64,0.27638,0.23438,15; 3; 10; 9; 64; 3; 9; 8
21,42,0.47592,0.5,21; 7; 19; 21; 42; 11; 11; 5
5,10,0.30242,0.5,5; 29; 4; 3; 10; 20; 7; 27
30,53,0.56293,0.56604,30; 19; 4; 7; 53; 10; 7; 10
25,82,0.49863,0.30488,25; 8; 13; 4; 82; 4; 5; 3
18,64,0.32303,0.28125,18; 24; 20; 22; 64; 6; 5; 4
9,63,0.09977,0.14286,9; 16; 20; 7; 63; 4; 7; 10
17,49,0.32972,0.34694,17; 17; 25; 9; 49; 11; 10; 5
15,31,0.51862,0.48387,15; 4; 6; 26; 31; 8; 9; 20
19,53,0.34928,0.35849,19; 9; 16; 7; 53; 10; 9; 3
29,42,0.69812,0.69048,29; 15; 4; 20; 42; 18; 3; 5
57,78,0.85965,0.73077,57; 9; 11; 3; 78; 6; 4; 6
50,53,0.86158,0.9434,50; 15; 15; 11; 53; 12; 13; 12
5,9,0.32391,0.55556,5; 21; 4; 29; 9; 12; 27; 26
15,32,0.45744,0.46875,15; 25; 3; 18; 32; 13; 14; 21
67,70,0.88638,0.95714,67; 7; 8; 9; 70; 9; 4; 3
59,77,0.83009,0.76623,59; 7; 6; 6; 77; 6; 7; 6
16,63,0.26674,0.25397,16; 7; 5; 22; 63; 9; 7; 10
8,9,0.35271,0.88889,8; 8; 17; 4; 9; 27; 3; 13
59,64,0.92132,0.92188,59; 11; 10; 9; 64; 10; 8; 11
7,9,0.38252,0.77778,7; 17; 13; 28; 9; 16; 11; 20
13,31,0.42648,0.41935,13; 19; 8; 18; 31; 11; 19; 21
61,70,0.92869,0.87143,61; 10; 9; 10; 70; 3; 4; 7
5,10,0.3223,0.5,5; 25; 8; 20; 10; 15; 6; 28
6,9,0.33398,0.66667,6; 17; 19; 19; 9; 12; 14; 21
5,9,0.28642,0.55556,5; 11; 25; 7; 9; 26; 20; 5
70,82,0.79144,0.85366,70; 7; 5; 9; 82; 5; 3; 4
49,75,0.71869,0.65333,49; 5; 6; 4; 75; 3; 7; 4
27,32,0.78087,0.84375,27; 14; 14; 16; 32; 13; 16; 7
45,75,0.705,0.6,45; 9; 6; 3; 75; 4; 5; 3
64,75,0.851,0.85333,64; 11; 5; 8; 75; 4; 5; 6
45,70,0.74233,0.64286,45; 6; 15; 9; 70; 4; 9; 7
31,77,0.52733,0.4026,31; 11; 13; 9; 77; 7; 3; 4
66,70,0.84478,0.94286,66; 3; 8; 9; 70; 8; 4; 5
6,9,0.34646,0.66667,6; 8; 7; 3; 9; 10; 3; 13
42,49,0.86076,0.85714,42; 12; 4; 8; 49; 9; 13; 5
45,77,0.71255,0.58442,45; 14; 11; 4; 77; 4; 7; 4
33,48,0.72027,0.6875,33; 19; 5; 16; 48; 7; 11; 5
26,75,0.48609,0.34667,26; 11; 13; 5; 75; 5; 7; 3
23,53,0.42983,0.43396,23; 12; 24; 8; 53; 4; 9; 14
41,48,0.79019,0.85417,41; 4; 3; 13; 48; 13; 16; 4
49,53,0.88533,0.92453,49; 11; 15; 14; 53; 3; 11; 9
23,49,0.45757,0.46939,23; 9; 20; 11; 49; 8; 13; 16
29,64,0.45293,0.45312,29; 14; 23; 4; 64; 11; 11; 6
24,26,0.81253,0.92308,24; 3; 6; 24; 26; 11; 5; 15
19,31,0.57322,0.6129,19; 17; 10; 15; 31; 7; 9; 8
48,75,0.74183,0.64,48; 16; 4; 14; 75; 6; 4; 6
23,26,0.76963,0.88462,23; 13; 16; 25; 26; 23; 9; 7
18,48,0.40595,0.375,18; 8; 21; 22; 48; 14; 8; 7
42,53,0.7664,0.79245,42; 18; 18; 3; 53; 12; 14; 8
63,75,0.88044,0.84,63; 10; 4; 4; 75; 5; 5; 7
32,49,0.66702,0.65306,32; 7; 12; 7; 49; 8; 13; 9
59,70,0.94055,0.84286,59; 3; 12; 8; 70; 6; 8; 7
14,26,0.51598,0.53846,14; 15; 12; 20; 26; 23; 18; 12
17,42,0.4151,0.40476,17; 9; 23; 8; 42; 11; 5; 4
53,63,0.88542,0.84127,53; 3; 6; 5; 63; 5; 4; 3
50,75,0.85925,0.66667,50; 9; 5; 14; 75; 4; 4; 7
33,63,0.56737,0.52381,33; 8; 10; 3; 63; 11; 10; 10
79,82,0.73362,0.96341,79; 5; 6; 3; 82; 4; 3; 3
47,75,0.77087,0.62667,47; 9; 17; 4; 75; 5; 4; 5
28,42,0.64982,0.66667,28; 18; 4; 21; 42; 17; 8; 6
18,32,0.59597,0.5625,18; 6; 26; 24; 32; 10; 14; 21
11,32,0.38507,0.34375,11; 26; 5; 27; 32; 12; 9; 15
9,48,0.17005,0.1875,9; 12; 11; 9; 48; 11; 11; 7
35,82,0.56337,0.42683,35; 17; 18; 5; 82; 4; 5; 4
14,31,0.4811,0.45161,14; 26; 18; 8; 31; 21; 8; 11
7,9,0.35696,0.77778,7; 18; 26; 18; 9; 5; 14; 16
21,42,0.48403,0.5,21; 12; 9; 14; 42; 5; 4; 12
36,78,0.59238,0.46154,36; 5; 6; 10; 78; 3; 5; 3
30,48,0.62611,0.625,30; 3; 11; 5; 48; 6; 3; 7
7,53,0.14858,0.13208,7; 11; 11; 12; 53; 4; 3; 3
26,53,0.51482,0.49057,26; 12; 23; 4; 53; 7; 12; 8
17,31,0.57195,0.54839,17; 16; 6; 10; 31; 19; 17; 22
5,42,0.159,0.11905,5; 31; 25; 31; 42; 6; 10; 17
25,64,0.45119,0.39062,25; 7; 3; 18; 64; 8; 11; 6
61,63,0.93696,0.96825,61; 10; 3; 11; 63; 7; 6; 8
24,49,0.4658,0.4898,24; 3; 24; 21; 49; 5; 3; 13
49,53,0.82516,0.92453,49; 9; 12; 3; 53; 15; 7; 5
5,31,0.17641,0.16129,5; 12; 10; 4; 31; 16; 13; 22
42,70,0.67441,0.6,42; 6; 11; 13; 70; 8; 8; 9
62,64,0.9437,0.96875,62; 3; 4; 12; 64; 6; 8; 6
58,77,0.92472,0.75325,58; 11; 5; 8; 77; 6; 6; 6
51,63,0.82103,0.80952,51; 12; 4; 6; 63; 3; 7; 4
26,53,0.50426,0.49057,26; 23; 18; 22; 53; 9; 6; 12
7,64,0.12333,0.10938,7; 20; 9; 5; 64; 3; 7; 4
26,31,0.75178,0.83871,26; 14; 21; 18; 31; 4; 22; 6
59,82,0.86217,0.71951,59; 10; 11; 4; 82; 5; 4; 3
24,26,0.79103,0.92308,24; 11; 20; 13; 26; 5; 22; 13
29,49,0.60937,0.59184,29; 11; 15; 23; 49; 7; 11; 12
9,70,0.19213,0.12857,9; 20; 8; 13; 70; 5; 7; 9
57,63,0.94154,0.90476,57; 3; 10; 10; 63; 4; 6; 6
15,82,0.30512,0.18293,15; 15; 6; 8; 82; 4; 3; 5
16,32,0.51801,0.5,16; 10; 16; 4; 32; 21; 15; 16
6,10,0.36519,0.6,6; 22; 15; 12; 10; 13; 21; 16
9,10,0.44605,0.9,9; 6; 3; 24; 10; 4; 27; 19
32,64,0.52932,0.5,32; 13; 19; 7; 64; 4; 3; 10
30,42,0.71762,0.71429,30; 22; 15; 5; 42; 16; 12; 10
16,63,0.27781,0.25397,16; 6; 25; 6; 63; 3; 4; 11
8,32,0.28402,0.25,8; 25; 3; 6; 32; 19; 4; 18
23,48,0.50367,0.47917,23; 24; 5; 9; 48; 8; 5; 7
14,32,0.48112,0.4375,14; 14; 13; 13; 32; 6; 18; 12
6,10,0.3085,0.6,6; 15; 9; 25; 10; 4; 24; 24
45,78,0.64724,0.57692,45; 16; 6; 13; 78; 3; 3; 6
11,82,0.21002,0.13415,11; 5; 26; 20; 82; 5; 3; 3
8,42,0.22283,0.19048,8; 26; 4; 8; 42; 10; 17; 18
26,70,0.4721,0.37143,26; 24; 24; 13; 70; 9; 7; 5
27,53,0.51204,0.50943,27; 20; 10; 7; 53; 3; 12; 10
17,49,0.3447,0.34694,17; 24; 24; 5; 49; 4; 7; 7
27,48,0.57738,0.5625,27; 13; 8; 16; 48; 11; 10; 5
64,75,0.85563,0.85333,64; 8; 5; 9; 75; 3; 7; 4
72,75,0.8392,0.96,72; 7; 5; 4; 75; 7; 3; 6
9,10,0.46168,0.9,9; 7; 22; 3; 10; 19; 14; 24
20,48,0.3949,0.41667,20; 15; 5; 25; 48; 6; 13; 8
53,70,0.86841,0.75714,53; 3; 5; 7; 70; 5; 5; 7
18,32,0.61969,0.5625,18; 14; 6; 19; 32; 8; 22; 8
23,31,0.66595,0.74194,23; 25; 9; 24; 31; 16; 14; 15
7,32,0.21593,0.21875,7; 19; 29; 5; 32; 21; 7; 14
13,64,0.25021,0.20312,13; 6; 18; 13; 64; 8; 6; 7
27,32,0.75527,0.84375,27; 7; 9; 9; 32; 8; 20; 9
52,64,0.87137,0.8125,52; 6; 14; 13; 64; 6; 11; 8
27,32,0.75326,0.84375,27; 3; 11; 7; 32; 7; 7; 21
43,48,0.8172,0.89583,43; 16; 12; 14; 48; 3; 12; 5
30,49,0.63833,0.61224,30; 15; 19; 5; 49; 9; 6; 7
13,48,0.26229,0.27083,13; 18; 16; 16; 48; 4; 13; 5
8,49,0.15854,0.16327,8; 9; 11; 3; 49; 6; 8; 16
29,48,0.60735,0.60417,29; 9; 3; 19; 48; 8; 10; 16
6,9,0.29137,0.66667,6; 30; 17; 26; 9; 22; 13; 16
10,70,0.16974,0.14286,10; 6; 4; 21; 70; 9; 9; 3
44,64,0.7378,0.6875,44; 4; 3; 3; 64; 6; 5; 9
67,70,0.91532,0.95714,67; 5; 10; 5; 70; 9; 3; 6
6,9,0.34215,0.66667,6; 28; 26; 6; 9; 17; 18; 23
13,42,0.3194,0.30952,13; 10; 4; 28; 42; 10; 11; 12
38,48,0.79421,0.79167,38; 10; 18; 15; 48; 8; 10; 13
44,53,0.80737,0.83019,44; 5; 6; 8; 53; 11; 14; 3
30,32,0.81685,0.9375,30; 20; 14; 12; 32; 10; 3; 7
20,49,0.43786,0.40816,20; 4; 25; 12; 49; 13; 13; 12
60,77,0.84714,0.77922,60; 8; 9; 12; 77; 4; 7; 3
75,77,0.78591,0.97403,75; 7; 5; 6; 77; 5; 3; 6
6,10,0.35356,0.6,6; 19; 7; 10; 10; 22; 12; 20
23,70,0.41198,0.32857,23; 6; 13; 23; 70; 8; 9; 9
56,75,0.8756,0.74667,56; 11; 9; 7; 75; 3; 3; 6
7,77,0.16897,0.09091,7; 5; 28; 29; 77; 3; 7; 3
9,49,0.20282,0.18367,9; 8; 25; 6; 49; 6; 10; 7
56,70,0.90999,0.8,56; 9; 12; 13; 70; 5; 9; 4
15,75,0.28653,0.2,15; 15; 9; 19; 75; 5; 5; 7
57,63,0.94248,0.90476,57; 8; 12; 7; 63; 11; 8; 6
36,63,0.59556,0.57143,36; 11; 14; 18; 63; 3; 8; 6
52,82,0.70463,0.63415,52; 14; 15; 4; 82; 5; 4; 5
23,77,0.45109,0.2987,23; 17; 5; 22; 77; 4; 6; 7
7,32,0.25199,0.21875,7; 25; 9; 8; 32; 14; 19; 5
17,32,0.50213,0.53125,17; 15; 8; 12; 32; 13; 3; 17
8,32,0.25746,0.25,8; 19; 5; 26; 32; 4; 8; 4
18,32,0.59309,0.5625,18; 12; 6; 8; 32; 13; 4; 10
23,31,0.70435,0.74194,23; 10; 14; 17; 31; 20; 14; 13
56,63,0.93148,0.88889,56; 6; 10; 13; 63; 6; 10; 4
21,31,0.68623,0.67742,21; 21; 10; 23; 31; 21; 3; 14
32,53,0.61988,0.60377,32; 16; 15; 18; 53; 10; 14; 14
33,64,0.56012,0.51562,33; 3; 18; 13; 64; 3; 9; 9
72,82,0.79875,0.87805,72; 7; 3; 7; 82; 3; 3; 5
40,82,0.62258,0.4878,40; 9; 8; 4; 82; 3; 4; 5
7,9,0.35375,0.77778,7; 22; 24; 23; 9; 16; 16; 17
50,70,0.80981,0.71429,50; 14; 3; 13; 70; 7; 7; 5
64,78,0.84567,0.82051,64; 9; 7; 11; 78; 3; 6; 6
69,77,0.83324,0.8961,69; 7; 3; 4; 77; 4; 5; 6
15,32,0.50517,0.46875,15; 23; 3; 20; 32; 13; 15; 6
57,63,0.95039,0.90476,57; 5; 5; 11; 63; 7; 8; 7
7,9,0.32239,0.77778,7; 15; 29; 26; 9; 17; 4; 20
23,53,0.44071,0.43396,23; 19; 16; 18; 53; 6; 14; 8
63,77,0.87629,0.81818,63; 6; 4; 9; 77; 7; 6; 5
39,53,0.74074,0.73585,39; 3; 16; 5; 53; 10; 13; 4
75,78,0.7765,0.96154,75; 4; 6; 4; 78; 5; 5; 3
74,77,0.76218,0.96104,74; 7; 3; 3; 77; 6; 3; 4
63,70,0.95145,0.9,63; 11; 4; 8; 70; 3; 4; 8
35,53,0.70797,0.66038,35; 3; 17; 3; 53; 12; 8; 3
8,9,0.40035,0.88889,8; 22; 6; 30; 9; 22; 13; 8
23,31,0.71147,0.74194,23; 13; 24; 9; 31; 20; 6; 8
5,32,0.17006,0.15625,5; 26; 30; 31; 32; 8; 5; 3
18,26,0.67502,0.69231,18; 24; 13; 15; 26; 19; 24; 4
28,48,0.59284,0.58333,28; 11; 23; 8; 48; 15; 13; 12
63,75,0.8746,0.84,63; 9; 9; 10; 75; 3; 6; 3
21,26,0.70581,0.80769,21; 4; 16; 7; 26; 3; 21; 16
30,82,0.51376,0.36585,30; 13; 8; 14; 82; 4; 3; 5
48,78,0.7603,0.61538,48; 7; 10; 8; 78; 4; 5; 5
65,78,0.84776,0.83333,65; 5; 6; 9; 78; 4; 4; 4
14,48,0.31116,0.29167,14; 14; 11; 10; 48; 14; 12; 4
38,48,0.7979,0.79167,38; 4; 20; 13; 48; 9; 14; 4
6,9,0.33154,0.66667,6; 8; 20; 16; 9; 5; 20; 18
13,26,0.49778,0.5,13; 15; 10; 18; 26; 7; 5; 12
67,75,0.85264,0.89333,67; 5; 9; 5; 75; 7; 3; 5
6,75,0.11447,0.08,6; 3; 16; 17; 75; 6; 3; 6
10,78,0.20767,0.12821,10; 13; 19; 14; 78; 3; 4; 3
27,82,0.53019,0.32927,27; 7; 23; 19; 82; 3; 5; 4
21,32,0.66012,0.65625,21; 22; 17; 10; 32; 4; 4; 15
5,26,0.18688,0.19231,5; 26; 28; 18; 26; 14; 3; 6
22,31,0.65415,0.70968,22; 15; 16; 3; 31; 22; 21; 13
36,49,0.75472,0.73469,36; 7; 3; 7; 49; 4; 3; 4
35,48,0.75949,0.72917,35; 21; 10; 20; 48; 5; 3; 15
5,9,0.32099,0.55556,5; 8; 25; 7; 9; 27; 15; 25
58,70,0.96865,0.82857,58; 9; 4; 3; 70; 6; 4; 3
35,70,0.58682,0.5,35; 20; 5; 19; 70; 3; 7; 9
34,49,0.70117,0.69388,34; 14; 21; 7; 49; 3; 10; 7
51,77,0.79753,0.66234,51; 14; 12; 15; 77; 6; 7; 6
61,63,0.93934,0.96825,61; 9; 8; 3; 63; 11; 6; 8
13,63,0.23111,0.20635,13; 11; 20; 17; 63; 9; 4; 7
17,32,0.51767,0.53125,17; 3; 27; 10; 32; 5; 19; 9
7,9,0.34403,0.77778,7; 29; 3; 9; 9; 7; 10; 21
6,9,0.31638,0.66667,6; 11; 19; 29; 9; 7; 4; 9
35,42,0.91258,0.83333,35; 7; 3; 12; 42; 14; 5; 13
64,75,0.871,0.85333,64; 4; 4; 8; 75; 3; 7; 6
8,10,0.43254,0.8,8; 26; 20; 27; 10; 4; 11; 13
5,42,0.15036,0.11905,5; 5; 18; 3; 42; 9; 17; 8
6,9,0.3415,0.66667,6; 13; 22; 18; 9; 21; 13; 29
7,10,0.38662,0.7,7; 15; 25; 20; 10; 10; 3; 22
13,48,0.30231,0.27083,13; 4; 27; 23; 48; 9; 13; 8
19,26,0.69434,0.73077,19; 16; 11; 7; 26; 22; 12; 16
35,70,0.5958,0.5,35; 17; 10; 13; 70; 9; 7; 5
38,53,0.73514,0.71698,38; 14; 5; 6; 53; 4; 3; 13
47,48,0.79636,0.97917,47; 7; 7; 9; 48; 8; 9; 12
10,70,0.16861,0.14286,10; 10; 23; 8; 70; 8; 4; 8
18,53,0.35803,0.33962,18; 23; 23; 16; 53; 5; 5; 9
52,70,0.87911,0.74286,52; 4; 5; 4; 70; 4; 3; 6
8,9,0.3962,0.88889,8; 7; 15; 5; 9; 19; 22; 28
6,26,0.25863,0.23077,6; 26; 13; 14; 26; 13; 6; 10
71,78,0.7527,0.91026,71; 5; 4; 8; 78; 6; 4; 6
16,32,0.541,0.5,16; 25; 20; 7; 32; 4; 6; 14
36,75,0.5965,0.48,36; 11; 16; 14; 75; 5; 3; 5
20,64,0.35921,0.3125,20; 6; 23; 4; 64; 7; 9; 3
7,10,0.39122,0.7,7; 11; 23; 5; 10; 15; 18; 21
20,31,0.62164,0.64516,20; 19; 18; 16; 31; 18; 21; 7
16,48,0.35757,0.33333,16; 25; 12; 23; 48; 3; 3; 13
9,10,0.44163,0.9,9; 9; 27; 29; 10; 17; 22; 3
24,64,0.43494,0.375,24; 18; 21; 17; 64; 5; 8; 9
5,9,0.31898,0.55556,5; 19; 4; 31; 9; 21; 10; 21
26,75,0.4486,0.34667,26; 8; 24; 19; 75; 7; 5; 5
9,10,0.45507,0.9,9; 5; 23; 17; 10; 11; 28; 12
10,31,0.3839,0.32258,10; 19; 6; 26; 31; 15; 11; 21
39,53,0.72554,0.73585,39; 5; 17; 12; 53; 15; 10; 7
33,77,0.57483,0.42857,33; 12; 9; 17; 77; 5; 4; 3
5,63,0.10183,0.07937,5; 12; 30; 12; 63; 6; 6; 3
15,31,0.50607,0.48387,15; 10; 13; 5; 31; 10; 13; 18
37,75,0.62098,0.49333,37; 16; 9; 3; 75; 5; 4; 6
69,82,0.82733,0.84146,69; 9; 6; 4; 82; 5; 4; 3
38,78,0.65804,0.48718,38; 6; 13; 3; 78; 5; 6; 5
33,42,0.81739,0.78571,33; 3; 4; 7; 42; 5; 15; 18
7,9,0.38723,0.77778,7; 23; 24; 16; 9; 21; 8; 26
47,48,0.85436,0.97917,47; 8; 16; 15; 48; 11; 9; 4
15,32,0.46632,0.46875,15; 4; 21; 23; 32; 20; 4; 6
31,53,0.6463,0.58491,31; 14; 5; 8; 53; 6; 6; 14
38,64,0.60118,0.59375,38; 10; 8; 17; 64; 8; 9; 10
37,49,0.74332,0.7551,37; 6; 15; 20; 49; 7; 14; 7
19,63,0.33618,0.30159,19; 22; 12; 11; 63; 3; 8; 6
6,77,0.13908,0.07792,6; 8; 23; 7; 77; 3; 3; 5
22,78,0.40964,0.28205,22; 6; 24; 21; 78; 6; 3; 6
12,26,0.44839,0.46154,12; 12; 23; 20; 26; 16; 15; 24
72,78,0.80145,0.92308,72; 7; 4; 7; 78; 4; 6; 3
40,78,0.64062,0.51282,40; 17; 7; 13; 78; 3; 5; 6
19,75,0.38419,0.25333,19; 20; 18; 26; 75; 3; 3; 4
55,78,0.83714,0.70513,55; 14; 7; 10; 78; 5; 4; 5
54,63,0.87824,0.85714,54; 5; 10; 8; 63; 6; 5; 6
30,32,0.79218,0.9375,30; 6; 5; 20; 32; 13; 19; 4
30,31,0.79222,0.96774,30; 5; 13; 3; 31; 22; 17; 8
13,32,0.39382,0.40625,13; 12; 8; 8; 32; 3; 22; 3
22,26,0.79163,0.84615,22; 23; 10; 22; 26; 8; 16; 4
21,77,0.38658,0.27273,21; 22; 5; 22; 77; 4; 6; 4
29,48,0.58896,0.60417,29; 6; 6; 3; 48; 6; 11; 7
51,78,0.75317,0.65385,51; 13; 15; 3; 78; 4; 5; 3
7,10,0.3943,0.7,7; 14; 7; 23; 10; 19; 24; 12
37,78,0.60681,0.47436,37; 19; 3; 6; 78; 3; 3; 3
77,82,0.77793,0.93902,77; 7; 6; 4; 82; 5; 3; 3
6,9,0.32635,0.66667,6; 27; 7; 13; 9; 19; 15; 23
8,82,0.19989,0.09756,8; 25; 30; 13; 82; 3; 4; 3
20,32,0.62372,0.625,20; 6; 21; 18; 32; 16; 3; 11
19,53,0.3476,0.35849,19; 12; 17; 4; 53; 5; 9; 12
41,53,0.78515,0.77358,41; 14; 9; 19; 53; 7; 3; 8
59,78,0.87185,0.75641,59; 7; 5; 4; 78; 5; 5; 4
35,77,0.58774,0.45455,35; 10; 8; 7; 77; 5; 7; 7
8,26,0.29234,0.30769,8; 8; 12; 24; 26; 5; 19; 12
32,48,0.70338,0.66667,32; 3; 16; 5; 48; 5; 12; 4
15,31,0.539,0.48387,15; 10; 13; 22; 31; 15; 16; 21
5,10,0.25871,0.5,5; 9; 26; 14; 10; 24; 11; 13
70,75,0.81468,0.93333,70; 7; 5; 4; 75; 3; 3; 4
51,64,0.82221,0.79688,51; 14; 14; 8; 64; 4; 4; 9
43,53,0.80423,0.81132,43; 11; 8; 13; 53; 13; 14; 3
16,31,0.51968,0.51613,16; 5; 14; 6; 31; 16; 11; 11
58,77,0.85617,0.75325,58; 4; 7; 13; 77; 6; 3; 7
9,42,0.20843,0.21429,9; 24; 12; 10; 42; 11; 11; 15
30,32,0.77042,0.9375,30; 14; 6; 16; 32; 22; 7; 18
31,82,0.52742,0.37805,31; 12; 6; 19; 82; 3; 5; 3
39,48,0.79939,0.8125,39; 7; 11; 7; 48; 13; 10; 12
62,64,0.95174,0.96875,62; 7; 4; 7; 64; 10; 9; 4
33,82,0.55023,0.40244,33; 17; 20; 17; 82; 4; 4; 3
25,78,0.43769,0.32051,25; 13; 23; 11; 78; 3; 4; 4
24,26,0.81516,0.92308,24; 12; 18; 11; 26; 17; 20; 19
41,78,0.66348,0.52564,41; 5; 11; 12; 78; 3; 5; 4
21,26,0.86769,0.80769,21; 12; 21; 7; 26; 3; 24; 16
8,63,0.16417,0.12698,8; 14; 30; 4; 63; 10; 8; 7
17,48,0.36847,0.35417,17; 14; 12; 21; 48; 7; 7; 13
19,63,0.34975,0.30159,19; 19; 10; 21; 63; 9; 5; 9
45,64,0.7482,0.70312,45; 8; 17; 17; 64; 10; 4; 9
50,77,0.73377,0.64935,50; 8; 8; 12; 77; 5; 5; 7
6,9,0.34522,0.66667,6; 27; 9; 29; 9; 7; 17; 6
14,32,0.478,0.4375,14; 20; 8; 15; 32; 22; 16; 5
21,26,0.83148,0.80769,21; 22; 24; 14; 26; 14; 7; 17
19,49,0.39983,0.38776,19; 26; 8; 4; 49; 11; 15; 4
49,63,0.79817,0.77778,49; 5; 4; 16; 63; 7; 10; 8
15,49,0.31682,0.30612,15; 10; 22; 25; 49; 5; 16; 9
9,26,0.35811,0.34615,9; 28; 18; 20; 26; 12; 3; 15
13,32,0.41605,0.40625,13; 11; 4; 6; 32; 10; 7; 21
7,70,0.13311,0.1,7; 27; 10; 6; 70; 4; 6; 9
8,63,0.1698,0.12698,8; 14; 7; 21; 63; 9; 5; 3
5,9,0.27606,0.55556,5; 28; 7; 9; 9; 24; 13; 13
31,82,0.49515,0.37805,31; 5; 7; 13; 82; 5; 3; 4
13,63,0.23394,0.20635,13; 27; 19; 6; 63; 5; 5; 8
60,78,0.87423,0.76923,60; 9; 9; 9; 78; 5; 6; 5
24,63,0.41829,0.38095,24; 5; 12; 22; 63; 10; 5; 11
29,32,0.75911,0.90625,29; 23; 13; 8; 32; 15; 19; 21
62,82,0.74512,0.7561,62; 6; 12; 10; 82; 4; 5; 5
6,9,0.31325,0.66667,6; 14; 30; 10; 9; 27; 19; 26
7,53,0.16865,0.13208,7; 10; 4; 6; 53; 7; 5; 10
24,42,0.59088,0.57143,24; 19; 10; 11; 42; 9; 7; 15
19,70,0.38356,0.27143,19; 21; 14; 26; 70; 6; 4; 7
45,70,0.7381,0.64286,45; 17; 9; 16; 70; 6; 8; 6
28,64,0.4849,0.4375,28; 22; 23; 20; 64; 11; 3; 3
44,48,0.81044,0.91667,44; 13; 18; 7; 48; 12; 9; 8
8,9,0.39072,0.88889,8; 16; 29; 23; 9; 25; 15; 9
21,26,0.86739,0.80769,21; 23; 21; 24; 26; 21; 14; 14
7,9,0.34912,0.77778,7; 9; 12; 4; 9; 26; 15; 3
27,31,0.75856,0.87097,27; 12; 23; 22; 31; 16; 3; 8
31,64,0.5217,0.48438,31; 18; 6; 7; 64; 11; 7; 10
25,26,0.77029,0.96154,25; 19; 16; 10; 26; 5; 4; 5
12,42,0.30216,0.28571,12; 11; 22; 11; 42; 15; 6; 16
27,31,0.77484,0.87097,27; 14; 16; 14; 31; 13; 15; 3
63,77,0.8607,0.81818,63; 9; 5; 4; 77; 5; 3; 3
9,26,0.3663,0.34615,9; 13; 5; 22; 26; 11; 3; 4
31,70,0.54436,0.44286,31; 21; 19; 15; 70; 5; 8; 8
8,10,0.45158,0.8,8; 10; 12; 8; 10; 23; 28; 17
8,70,0.16066,0.11429,8; 4; 10; 10; 70; 6; 4; 9
12,49,0.2721,0.2449,12; 10; 8; 11; 49; 14; 12; 7
47,49,0.80258,0.95918,47; 9; 15; 7; 49; 4; 10; 10
22,42,0.52894,0.52381,22; 17; 17; 16; 42; 18; 10; 4
23,26,0.73985,0.88462,23; 21; 8; 15; 26; 10; 12; 4
11,32,0.33168,0.34375,11; 27; 12; 28; 32; 6; 12; 3
5,10,0.30307,0.5,5; 24; 30; 18; 10; 3; 3; 17
5,9,0.30545,0.55556,5; 6; 15; 21; 9; 21; 15; 13
36,49,0.72866,0.73469,36; 12; 9; 12; 49; 4; 14; 12
36,48,0.79945,0.75,36; 18; 4; 19; 48; 11; 6; 11
29,78,0.49954,0.37179,29; 7; 6; 3; 78; 5; 6; 5
18,31,0.58377,0.58065,18; 11; 21; 24; 31; 10; 10; 18
48,70,0.77564,0.68571,48; 12; 6; 13; 70; 3; 3; 4
28,49,0.59286,0.57143,28; 21; 15; 18; 49; 14; 12; 14
24,32,0.70955,0.75,24; 4; 12; 23; 32; 3; 17; 16
69,75,0.83237,0.92,69; 3; 5; 7; 75; 5; 5; 3
8,10,0.44509,0.8,8; 17; 28; 16; 10; 10; 23; 4
66,78,0.7999,0.84615,66; 7; 9; 9; 78; 6; 4; 6
7,10,0.38052,0.7,7; 11; 20; 7; 10; 7; 22; 22
69,82,0.76468,0.84146,69; 3; 7; 5; 82; 5; 3; 3
34,70,0.57055,0.48571,34; 8; 8; 6; 70; 4; 4; 4
63,70,0.96356,0.9,63; 8; 4; 7; 70; 6; 3; 7
10,82,0.21845,0.12195,10; 3; 5; 24; 82; 4; 4; 4
8,9,0.39783,0.88889,8; 14; 9; 19; 9; 25; 3; 28
56,70,0.87647,0.8,56; 6; 5; 3; 70; 5; 8; 3
7,31,0.25474,0.22581,7; 14; 5; 28; 31; 18; 22; 10
47,48,0.79762,0.97917,47; 10; 10; 17; 48; 6; 4; 4
41,78,0.63812,0.52564,41; 18; 17; 12; 78; 6; 5; 4
9,10,0.43648,0.9,9; 4; 26; 19; 10; 22; 13; 18
44,64,0.75343,0.6875,44; 8; 3; 10; 64; 6; 10; 10
45,77,0.66767,0.58442,45; 6; 12; 12; 77; 4; 6; 7
26,31,0.72441,0.83871,26; 18; 3; 5; 31; 20; 19; 21
23,49,0.46879,0.46939,23; 11; 6; 11; 49; 7; 13; 10
13,26,0.5212,0.5,13; 20; 21; 20; 26; 18; 19; 10
22,75,0.41461,0.29333,22; 12; 18; 23; 75; 5; 3; 6
29,49,0.61344,0.59184,29; 11; 15; 11; 49; 14; 10; 9
5,75,0.13854,0.06667,5; 31; 8; 25; 75; 6; 5; 4
7,9,0.35109,0.77778,7; 15; 5; 21; 9; 6; 7; 14
8,77,0.11651,0.1039,8; 3; 19; 8; 77; 7; 3; 6
49,63,0.84264,0.77778,49; 3; 9; 4; 63; 11; 7; 9
39,82,0.61402,0.47561,39; 5; 19; 18; 82; 4; 3; 3
53,70,0.8664,0.75714,53; 7; 7; 4; 70; 7; 9; 7
77,82,0.77137,0.93902,77; 7; 3; 7; 82; 5; 3; 4
6,9,0.32139,0.66667,6; 22; 10; 19; 9; 11; 28; 25
24,53,0.46803,0.45283,24; 18; 10; 22; 53; 10; 7; 4
59,78,0.86935,0.75641,59; 10; 13; 13; 78; 6; 5; 3
64,77,0.83233,0.83117,64; 10; 4; 11; 77; 4; 6; 5
9,26,0.3448,0.34615,9; 28; 11; 21; 26; 21; 18; 3
6,82,0.13642,0.07317,6; 26; 9; 17; 82; 4; 4; 5
6,9,0.33806,0.66667,6; 25; 24; 18; 9; 23; 14; 10
24,53,0.48009,0.45283,24; 7; 14; 16; 53; 3; 14; 9
5,31,0.20096,0.16129,5; 7; 14; 7; 31; 4; 22; 11
20,75,0.34029,0.26667,20; 4; 24; 12; 75; 7; 5; 6
5,9,0.27448,0.55556,5; 4; 31; 20; 9; 29; 7; 26
73,77,0.78223,0.94805,73; 3; 6; 4; 77; 7; 6; 5
19,26,0.70236,0.73077,19; 24; 22; 20; 26; 3; 19; 13
24,26,0.82448,0.92308,24; 24; 22; 13; 26; 17; 5; 19
7,10,0.33472,0.7,7; 10; 30; 5; 10; 26; 13; 4
46,63,0.71867,0.73016,46; 5; 8; 6; 63; 7; 6; 4
15,26,0.57089,0.57692,15; 21; 15; 25; 26; 3; 3; 24
6,64,0.15301,0.09375,6; 13; 17; 10; 64; 8; 10; 4
18,63,0.32228,0.28571,18; 11; 23; 16; 63; 9; 9; 9
5,9,0.26914,0.55556,5; 5; 12; 10; 9; 11; 14; 16
73,82,0.68756,0.89024,73; 6; 3; 6; 82; 4; 5; 4
27,32,0.73714,0.84375,27; 8; 22; 5; 32; 17; 18; 14
17,26,0.58449,0.65385,17; 16; 11; 8; 26; 15; 9; 7
32,49,0.69044,0.65306,32; 5; 5; 7; 49; 6; 12; 13
38,82,0.63868,0.46341,38; 14; 3; 5; 82; 5; 4; 3
20,82,0.39434,0.2439,20; 4; 18; 14; 82; 5; 5; 4
68,75,0.89422,0.90667,68; 9; 4; 4; 75; 5; 7; 5
61,63,0.94006,0.96825,61; 8; 10; 9; 63; 6; 9; 6
9,10,0.46133,0.9,9; 6; 7; 16; 10; 5; 3; 19
20,64,0.35407,0.3125,20; 12; 15; 24; 64; 9; 10; 5
38,42,0.89216,0.90476,38; 16; 12; 8; 42; 5; 5; 5
9,53,0.18178,0.16981,9; 9; 25; 19; 53; 13; 4; 10
16,53,0.3165,0.30189,16; 8; 27; 9; 53; 9; 5; 10
29,42,0.67108,0.69048,29; 19; 9; 18; 42; 6; 8; 7
8,10,0.44348,0.8,8; 20; 30; 30; 10; 11; 14; 16
46,75,0.71295,0.61333,46; 11; 13; 4; 75; 5; 5; 5
41,77,0.64421,0.53247,41; 16; 18; 4; 77; 5; 6; 7
9,48,0.20217,0.1875,9; 3; 17; 3; 48; 9; 16; 6
21,32,0.6762,0.65625,21; 14; 20; 10; 32; 11; 20; 13
9,10,0.46271,0.9,9; 15; 26; 12; 10; 28; 7; 26
53,82,0.78736,0.64634,53; 3; 3; 7; 82; 5; 3; 5
7,82,0.17833,0.08537,7; 13; 7; 22; 82; 5; 4; 5
6,9,0.32784,0.66667,6; 11; 11; 11; 9; 23; 20; 18
30,53,0.59861,0.56604,30; 5; 7; 16; 53; 4; 6; 4
52,63,0.84465,0.8254,52; 10; 4; 13; 63; 7; 7; 4
8,10,0.45463,0.8,8; 9; 7; 11; 10; 10; 16; 7
37,63,0.62861,0.5873,37; 16; 11; 5; 63; 3; 3; 7
19,82,0.39046,0.23171,19; 13; 26; 25; 82; 4; 3; 5
8,75,0.16981,0.10667,8; 20; 20; 17; 75; 3; 6; 6
43,53,0.79761,0.81132,43; 8; 18; 12; 53; 8; 12; 12
7,9,0.35566,0.77778,7; 18; 6; 17; 9; 3; 22; 14
58,78,0.82729,0.74359,58; 5; 5; 10; 78; 5; 6; 5
13,53,0.25828,0.24528,13; 11; 9; 20; 53; 9; 10; 5
27,32,0.74079,0.84375,27; 22; 4; 4; 32; 16; 3; 4
29,64,0.50589,0.45312,29; 14; 14; 23; 64; 3; 8; 8
21,78,0.49946,0.26923,21; 25; 25; 12; 78; 6; 6; 5
37,48,0.84099,0.77083,37; 11; 9; 19; 48; 9; 5; 3
43,78,0.71741,0.55128,43; 3; 9; 11; 78; 3; 3; 4
5,77,0.05657,0.06494,5; 13; 27; 7; 77; 5; 4; 6
33,77,0.56989,0.42857,33; 20; 16; 3; 77; 3; 7; 3
8,78,0.20456,0.10256,8; 21; 21; 4; 78; 4; 6; 5
65,78,0.88564,0.83333,65; 6; 4; 5; 78; 5; 4; 5
32,70,0.52671,0.45714,32; 15; 18; 6; 70; 9; 8; 5
28,64,0.49302,0.4375,28; 6; 23; 5; 64; 3; 8; 5
37,53,0.64391,0.69811,37; 20; 18; 19; 53; 13; 10; 13
16,63,0.27437,0.25397,16; 4; 16; 20; 63; 7; 5; 4
38,48,0.81164,0.79167,38; 16; 19; 5; 48; 16; 5; 14
27,77,0.49236,0.35065,27; 12; 12; 6; 77; 5; 6; 3
5,10,0.32523,0.5,5; 29; 7; 25; 10; 4; 26; 6
44,64,0.72714,0.6875,44; 18; 4; 4; 64; 4; 4; 11
9,75,0.18823,0.12,9; 7; 4; 3; 75; 6; 5; 6
11,26,0.40311,0.42308,11; 25; 12; 14; 26; 13; 16; 14
31,53,0.59358,0.58491,31; 21; 13; 9; 53; 5; 3; 14
38,48,0.84427,0.79167,38; 12; 6; 4; 48; 4; 5; 6
6,49,0.10129,0.12245,6; 18; 20; 25; 49; 9; 3; 16
17,26,0.63393,0.65385,17; 5; 15; 18; 26; 22; 16; 6
7,49,0.13323,0.14286,7; 30; 28; 28; 49; 8; 14; 5
43,49,0.77541,0.87755,43; 16; 15; 16; 49; 14; 8; 7
16,32,0.52033,0.5,16; 19; 14; 21; 32; 8; 4; 12
17,48,0.37484,0.35417,17; 26; 7; 10; 48; 11; 5; 5
7,10,0.37,0.7,7; 20; 27; 20; 10; 6; 10; 6
16,26,0.60698,0.61538,16; 4; 22; 7; 26; 10; 16; 24
12,31,0.40691,0.3871,12; 12; 7; 6; 31; 7; 4; 16
19,77,0.38241,0.24675,19; 20; 23; 21; 77; 6; 4; 3
37,53,0.76643,0.69811,37; 6; 9; 4; 53; 7; 9; 15
25,78,0.44611,0.32051,25; 3; 9; 9; 78; 6; 6; 3
21,64,0.37608,0.32812,21; 3; 18; 22; 64; 7; 3; 3
36,75,0.58053,0.48,36; 19; 15; 3; 75; 7; 4; 6
25,26,0.73275,0.96154,25; 18; 10; 18; 26; 7; 16; 11
26,32,0.70928,0.8125,26; 20; 4; 5; 32; 16; 17; 13
27,31,0.71992,0.87097,27; 5; 12; 20; 31; 22; 4; 16
5,10,0.31161,0.5,5; 17; 8; 14; 10; 28; 3; 18
25,64,0.43991,0.39062,25; 9; 23; 14; 64; 11; 7; 9
21,75,0.38761,0.28,21; 16; 23; 10; 75; 5; 4; 6
41,53,0.78143,0.77358,41; 8; 3; 6; 53; 10; 15; 14
27,75,0.48652,0.36,27; 22; 4; 23; 75; 7; 7; 7
14,48,0.30586,0.29167,14; 5; 9; 23; 48; 5; 7; 10
36,53,0.71672,0.67925,36; 15; 7; 16; 53; 8; 3; 15
47,49,0.80285,0.95918,47; 15; 16; 7; 49; 4; 7; 14
10,48,0.2132,0.20833,10; 18; 8; 18; 48; 13; 3; 3
50,78,0.72936,0.64103,50; 15; 3; 13; 78; 6; 3; 4
54,75,0.86126,0.72,54; 4; 13; 14; 75; 4; 6; 7
11,31,0.36997,0.35484,11; 15; 27; 16; 31; 14; 22; 19
6,9,0.33369,0.66667,6; 10; 10; 9; 9; 8; 18; 11
6,9,0.364,0.66667,6; 8; 25; 12; 9; 11; 24; 20
27,63,0.4615,0.42857,27; 20; 15; 5; 63; 7; 10; 7
25,26,0.77699,0.96154,25; 9; 9; 11; 26; 12; 16; 5
9,26,0.32309,0.34615,9; 8; 9; 13; 26; 19; 24; 3
73,78,0.8684,0.9359,73; 7; 7; 5; 78; 5; 6; 6
61,78,0.8723,0.78205,61; 6; 11; 12; 78; 3; 4; 3
19,53,0.36109,0.35849,19; 24; 22; 4; 53; 13; 3; 8
12,63,0.23428,0.19048,12; 19; 12; 17; 63; 8; 7; 4
57,82,0.88115,0.69512,57; 11; 10; 3; 82; 3; 5; 4
24,26,0.80689,0.92308,24; 3; 19; 16; 26; 19; 16; 12
25,75,0.44309,0.33333,25; 14; 8; 11; 75; 5; 3; 6
48,49,0.83743,0.97959,48; 11; 6; 15; 49; 5; 13; 7
16,82,0.32072,0.19512,16; 21; 19; 26; 82; 4; 5; 3
25,64,0.43489,0.39062,25; 3; 10; 15; 64; 10; 3; 3
6,9,0.31884,0.66667,6; 5; 26; 18; 9; 25; 16; 21
21,26,0.84246,0.80769,21; 18; 3; 3; 26; 22; 6; 11
66,78,0.83749,0.84615,66; 4; 7; 5; 78; 4; 5; 6
33,64,0.55087,0.51562,33; 8; 14; 14; 64; 5; 6; 11
19,26,0.69296,0.73077,19; 13; 7; 15; 26; 4; 17; 5
26,77,0.4876,0.33766,26; 8; 12; 23; 77; 3; 4; 4
47,49,0.82915,0.95918,47; 15; 13; 5; 49; 13; 9; 14
31,75,0.50843,0.41333,31; 3; 11; 7; 75; 3; 7; 6
9,10,0.4418,0.9,9; 10; 29; 15; 10; 29; 20; 17
40,48,0.82055,0.83333,40; 6; 7; 3; 48; 9; 7; 4
16,64,0.29443,0.25,16; 15; 12; 17; 64; 4; 3; 7
61,70,0.89528,0.87143,61; 7; 8; 5; 70; 5; 6; 9
59,63,0.96404,0.93651,59; 10; 13; 3; 63; 11; 10; 3
43,49,0.79678,0.87755,43; 18; 17; 14; 49; 8; 14; 8
50,63,0.82171,0.79365,50; 12; 10; 6; 63; 6; 10; 11
76,82,0.64372,0.92683,76; 6; 7; 6; 82; 5; 3; 5
35,78,0.5847,0.44872,35; 16; 6; 13; 78; 6; 6; 6
18,49,0.38674,0.36735,18; 9; 18; 19; 49; 12; 13; 16
13,42,0.3198,0.30952,13; 9; 5; 18; 42; 6; 4; 4
25,42,0.57995,0.59524,25; 8; 16; 21; 42; 12; 17; 14
40,42,0.89492,0.95238,40; 11; 8; 15; 42; 9; 11; 11
39,42,0.81234,0.92857,39; 15; 16; 18; 42; 6; 6; 13
27,53,0.52898,0.50943,27; 23; 8; 14; 53; 5; 9; 10
21,63,0.34268,0.33333,21; 18; 20; 15; 63; 5; 7; 5
31,32,0.80826,0.96875,31; 17; 13; 11; 32; 9; 14; 16
38,48,0.77207,0.79167,38; 8; 14; 6; 48; 5; 3; 8
19,42,0.44719,0.45238,19; 26; 25; 20; 42; 11; 6; 15
56,75,0.85401,0.74667,56; 12; 13; 13; 75; 5; 5; 7
51,63,0.79928,0.80952,51; 10; 12; 13; 63; 6; 8; 4
35,75,0.61267,0.46667,35; 20; 13; 19; 75; 4; 4; 4
12,53,0.22604,0.22642,12; 15; 5; 20; 53; 6; 3; 7
7,9,0.3397,0.77778,7; 16; 4; 6; 9; 28; 25; 28
36,48,0.79934,0.75,36; 14; 6; 3; 48; 11; 3; 3
15,42,0.34578,0.35714,15; 13; 22; 27; 42; 7; 14; 9
48,64,0.78927,0.75,48; 14; 5; 4; 64; 6; 11; 4
6,10,0.36289,0.6,6; 28; 24; 22; 10; 26; 18; 3
42,78,0.70119,0.53846,42; 3; 14; 14; 78; 4; 3; 5
25,63,0.44247,0.39683,25; 18; 20; 21; 63; 8; 4; 6
12,77,0.2052,0.15584,12; 19; 18; 3; 77; 5; 6; 7
7,10,0.39498,0.7,7; 13; 25; 25; 10; 16; 21; 7
41,42,0.85167,0.97619,41; 6; 9; 9; 42; 11; 5; 12
10,42,0.25165,0.2381,10; 6; 9; 13; 42; 10; 9; 12
24,77,0.41057,0.31169,24; 5; 8; 23; 77; 4; 6; 4
6,82,0.14027,0.07317,6; 22; 8; 5; 82; 3; 3; 4
36,63,0.60638,0.57143,36; 13; 14; 10; 63; 9; 9; 10
28,48,0.58795,0.58333,28; 16; 18; 8; 48; 14; 15; 11
40,64,0.65862,0.625,40; 4; 8; 7; 64; 5; 7; 9
9,53,0.23707,0.16981,9; 19; 3; 3; 53; 9; 15; 11
7,31,0.21224,0.22581,7; 9; 7; 27; 31; 5; 12; 19
14,48,0.33308,0.29167,14; 5; 27; 8; 48; 5; 6; 15
7,9,0.36292,0.77778,7; 5; 9; 15; 9; 6; 6; 8
50,53,0.88974,0.9434,50; 12; 4; 12; 53; 9; 7; 7
8,49,0.18167,0.16327,8; 18; 24; 24; 49; 12; 6; 16
27,63,0.47205,0.42857,27; 10; 12; 19; 63; 7; 10; 6
18,31,0.55412,0.58065,18; 22; 15; 19; 31; 17; 18; 17
5,9,0.33141,0.55556,5; 8; 12; 10; 9; 28; 27; 12
20,31,0.63179,0.64516,20; 26; 23; 18; 31; 22; 9; 20
12,32,0.37,0.375,12; 4; 27; 26; 32; 9; 13; 17
8,63,0.16997,0.12698,8; 27; 13; 16; 63; 7; 6; 6
20,82,0.38987,0.2439,20; 20; 26; 19; 82; 3; 3; 3
11,42,0.28242,0.2619,11; 10; 27; 26; 42; 14; 12; 7
50,63,0.84943,0.79365,50; 16; 12; 8; 63; 5; 7; 11
31,64,0.53586,0.48438,31; 5; 5; 12; 64; 11; 6; 7
51,64,0.85948,0.79688,51; 5; 13; 4; 64; 5; 5; 5
12,75,0.24394,0.16,12; 23; 25; 17; 75; 3; 7; 4
42,49,0.79288,0.85714,42; 6; 6; 18; 49; 12; 16; 10
6,75,0.11821,0.08,6; 22; 25; 25; 75; 7; 6; 6
16,48,0.36987,0.33333,16; 9; 9; 16; 48; 15; 5; 6
24,26,0.78467,0.92308,24; 19; 17; 23; 26; 11; 14; 8
54,82,0.72537,0.65854,54; 7; 11; 13; 82; 5; 5; 3
22,31,0.71881,0.70968,22; 18; 8; 15; 31; 16; 4; 12
50,70,0.83935,0.71429,50; 6; 10; 7; 70; 6; 4; 4
6,10,0.34055,0.6,6; 4; 10; 9; 10; 14; 5; 4
7,9,0.32344,0.77778,7; 22; 13; 23; 9; 22; 13; 18
65,77,0.87136,0.84416,65; 7; 3; 8; 77; 3; 5; 6
10,31,0.35358,0.32258,10; 13; 20; 4; 31; 6; 16; 7
9,49,0.21894,0.18367,9; 20; 16; 25; 49; 5; 4; 7
8,9,0.39005,0.88889,8; 10; 10; 6; 9; 10; 23; 5
5,9,0.29889,0.55556,5; 21; 21; 23; 9; 13; 13; 26
35,53,0.72856,0.66038,35; 12; 7; 3; 53; 5; 8; 10
5,10,0.319,0.5,5; 5; 13; 11; 10; 18; 21; 21
40,77,0.63444,0.51948,40; 9; 6; 7; 77; 6; 7; 4
58,64,0.96286,0.90625,58; 6; 12; 11; 64; 3; 10; 9
15,48,0.32874,0.3125,15; 20; 20; 5; 48; 12; 11; 11
5,42,0.15762,0.11905,5; 31; 25; 29; 42; 3; 12; 12
31,63,0.50536,0.49206,31; 4; 12; 13; 63; 5; 6; 7
71,78,0.85657,0.91026,71; 4; 9; 4; 78; 3; 6; 6
24,70,0.41957,0.34286,24; 23; 19; 21; 70; 6; 6; 4
45,63,0.76816,0.71429,45; 3; 14; 13; 63; 11; 6; 4
18,26,0.67892,0.69231,18; 19; 5; 21; 26; 12; 21; 7
26,32,0.71573,0.8125,26; 11; 11; 4; 32; 3; 16; 14
18,32,0.58907,0.5625,18; 3; 5; 24; 32; 19; 9; 13
16,82,0.32146,0.19512,16; 14; 16; 19; 82; 5; 5; 4
66,75,0.86928,0.88,66; 6; 7; 5; 75; 6; 5; 7
8,9,0.37928,0.88889,8; 14; 19; 22; 9; 22; 14; 22
26,75,0.48396,0.34667,26; 4; 15; 17; 75; 3; 3; 3
23,75,0.42706,0.30667,23; 20; 18; 24; 75; 4; 7; 7
18,70,0.3302,0.25714,18; 3; 18; 10; 70; 3; 6; 5
8,9,0.39905,0.88889,8; 19; 12; 6; 9; 20; 28; 8
44,63,0.76146,0.69841,44; 7; 5; 7; 63; 4; 10; 11
6,26,0.2062,0.23077,6; 24; 26; 30; 26; 22; 16; 23
21,26,0.70691,0.80769,21; 22; 15; 19; 26; 24; 15; 9
22,49,0.38458,0.44898,22; 4; 19; 23; 49; 11; 11; 15
5,48,0.17647,0.10417,5; 25; 25; 16; 48; 10; 14; 16
44,70,0.71604,0.62857,44; 10; 10; 7; 70; 7; 6; 3
45,64,0.73756,0.70312,45; 5; 15; 3; 64; 11; 6; 11
12,70,0.21557,0.17143,12; 11; 15; 26; 70; 7; 8; 9
25,26,0.75741,0.96154,25; 8; 7; 19; 26; 14; 20; 21
26,70,0.44674,0.37143,26; 11; 16; 6; 70; 9; 7; 3
52,78,0.78304,0.66667,52; 8; 3; 15; 78; 5; 4; 4
21,70,0.34114,0.3,21; 7; 17; 16; 70; 9; 4; 7
37,64,0.62643,0.57812,37; 5; 6; 19; 64; 9; 5; 5
16,49,0.3261,0.32653,16; 24; 8; 7; 49; 8; 16; 16
23,48,0.49374,0.47917,23; 10; 24; 23; 48; 10; 4; 14
8,9,0.41454,0.88889,8; 30; 11; 9; 9; 26; 3; 3
33,53,0.66306,0.62264,33; 8; 5; 16; 53; 15; 4; 8
18,64,0.33044,0.28125,18; 3; 4; 23; 64; 10; 3; 3
38,49,0.79778,0.77551,38; 17; 19; 8; 49; 10; 8; 15
64,78,0.85447,0.82051,64; 4; 9; 4; 78; 3; 6; 3
41,70,0.67676,0.58571,41; 8; 4; 15; 70; 7; 8; 4
23,26,0.75929,0.88462,23; 18; 24; 10; 26; 5; 7; 10
7,9,0.32993,0.77778,7; 18; 13; 16; 9; 12; 25; 28
16,77,0.30508,0.20779,16; 3; 21; 13; 77; 3; 3; 7
72,75,0.84079,0.96,72; 6; 8; 3; 75; 5; 3; 7
28,53,0.5559,0.5283,28; 14; 17; 17; 53; 4; 3; 10
17,31,0.52133,0.54839,17; 22; 12; 12; 31; 13; 10; 4
26,78,0.46481,0.33333,26; 20; 7; 16; 78; 4; 3; 4
7,31,0.24838,0.22581,7; 5; 19; 18; 31; 8; 8; 3
39,63,0.64912,0.61905,39; 10; 15; 6; 63; 7; 8; 6
8,10,0.41295,0.8,8; 19; 3; 13; 10; 9; 20; 6
8,9,0.40262,0.88889,8; 14; 24; 16; 9; 10; 26; 8
49,63,0.87257,0.77778,49; 9; 15; 7; 63; 4; 6; 11
48,49,0.82056,0.97959,48; 3; 8; 9; 49; 4; 5; 3
39,78,0.63307,0.5,39; 8; 18; 19; 78; 6; 6; 6
5,48,0.10153,0.10417,5; 14; 11; 12; 48; 3; 12; 6
20,70,0.32549,0.28571,20; 6; 8; 11; 70; 3; 8; 9
8,31,0.29531,0.25806,8; 30; 10; 12; 31; 12; 18; 6
70,78,0.77237,0.89744,70; 4; 9; 3; 78; 4; 4; 3
37,77,0.60242,0.48052,37; 19; 3; 14; 77; 5; 4; 7
10,48,0.20195,0.20833,10; 17; 19; 21; 48; 14; 13; 8
14,82,0.29317,0.17073,14; 17; 26; 15; 82; 3; 4; 4
32,49,0.65626,0.65306,32; 14; 7; 14; 49; 3; 4; 3
48,53,0.81579,0.90566,48; 7; 4; 5; 53; 15; 13; 9
5,9,0.27661,0.55556,5; 18; 28; 9; 9; 17; 13; 19
6,32,0.22492,0.1875,6; 13; 26; 30; 32; 10; 5; 8
10,26,0.42975,0.38462,10; 16; 17; 13; 26; 4; 20; 21
8,10,0.38946,0.8,8; 7; 4; 25; 10; 29; 10; 18
44,78,0.66678,0.5641,44; 11; 5; 7; 78; 6; 4; 4
51,53,0.83933,0.96226,51; 11; 12; 3; 53; 7; 11; 7
14,31,0.46008,0.45161,14; 5; 9; 12; 31; 10; 7; 17
5,10,0.30385,0.5,5; 4; 28; 4; 10; 5; 26; 7
69,75,0.79121,0.92,69; 6; 6; 3; 75; 3; 4; 7
25,26,0.73147,0.96154,25; 12; 6; 3; 26; 7; 13; 7
51,78,0.73058,0.65385,51; 15; 5; 4; 78; 6; 5; 4
24,32,0.7112,0.75,24; 3; 21; 10; 32; 22; 7; 5
25,63,0.44963,0.39683,25; 22; 18; 21; 63; 3; 5; 8
27,82,0.46584,0.32927,27; 17; 20; 5; 82; 5; 5; 3
45,77,0.71551,0.58442,45; 13; 13; 11; 77; 3; 4; 5
24,48,0.51472,0.5,24; 21; 21; 24; 48; 15; 4; 11
32,48,0.67279,0.66667,32; 17; 20; 18; 48; 13; 12; 8
23,77,0.41891,0.2987,23; 22; 9; 12; 77; 4; 5; 4
46,63,0.73221,0.73016,46; 14; 4; 9; 63; 6; 7; 3
11,78,0.24067,0.14103,11; 13; 9; 17; 78; 6; 6; 5
31,77,0.50839,0.4026,31; 15; 19; 9; 77; 5; 4; 5
16,49,0.33921,0.32653,16; 11; 12; 7; 49; 6; 4; 13
69,82,0.85907,0.84146,69; 5; 9; 7; 82; 4; 5; 4
15,77,0.31185,0.19481,15; 21; 12; 21; 77; 5; 6; 4
5,49,0.14229,0.10204,5; 25; 30; 4; 49; 8; 9; 14
8,9,0.37872,0.88889,8; 7; 23; 24; 9; 17; 13; 18
51,78,0.75206,0.65385,51; 14; 4; 12; 78; 5; 3; 6
14,63,0.28363,0.22222,14; 18; 26; 25; 63; 6; 9; 5
11,77,0.2521,0.14286,11; 11; 14; 28; 77; 7; 6; 6
44,48,0.81439,0.91667,44; 6; 16; 7; 48; 13; 8; 6
7,49,0.13107,0.14286,7; 4; 6; 5; 49; 4; 4; 9
23,49,0.49915,0.46939,23; 6; 18; 7; 49; 11; 13; 15
6,31,0.19298,0.19355,6; 19; 17; 17; 31; 21; 6; 19
25,49,0.50171,0.5102,25; 14; 5; 14; 49; 14; 7; 13
37,53,0.68739,0.69811,37; 11; 15; 18; 53; 9; 9; 5
52,70,0.85487,0.74286,52; 6; 10; 13; 70; 3; 6; 4
43,48,0.82585,0.89583,43; 9; 3; 16; 48; 10; 7; 10
32,42,0.782,0.7619,32; 5; 13; 17; 42; 6; 3; 15
5,9,0.26489,0.55556,5; 24; 7; 22; 9; 5; 14; 14
23,63,0.41303,0.36508,23; 11; 23; 21; 63; 9; 11; 9
60,70,0.93393,0.85714,60; 4; 5; 7; 70; 3; 8; 6
52,70,0.85748,0.74286,52; 15; 5; 4; 70; 8; 3; 5
48,75,0.81379,0.64,48; 11; 12; 8; 75; 6; 7; 3
5,9,0.3001,0.55556,5; 11; 10; 17; 9; 5; 21; 21
27,78,0.44915,0.34615,27; 21; 19; 10; 78; 3; 6; 4
63,75,0.91157,0.84,63; 3; 6; 9; 75; 6; 5; 5
17,31,0.57308,0.54839,17; 19; 11; 19; 31; 13; 10; 4
23,32,0.65123,0.71875,23; 5; 14; 10; 32; 4; 9; 11
55,70,0.9171,0.78571,55; 5; 3; 13; 70; 3; 4; 7
11,64,0.15909,0.17188,11; 11; 25; 6; 64; 3; 9; 10
43,63,0.75756,0.68254,43; 13; 18; 8; 63; 11; 11; 11
21,42,0.4776,0.5,21; 14; 5; 17; 42; 9; 12; 11
17,53,0.3288,0.32075,17; 4; 4; 27; 53; 4; 10; 5
28,32,0.8184,0.875,28; 8; 11; 15; 32; 3; 13; 22
45,75,0.71815,0.6,45; 16; 14; 12; 75; 4; 3; 3
50,53,0.87899,0.9434,50; 9; 10; 13; 53; 3; 13; 4
29,49,0.60014,0.59184,29; 14; 22; 22; 49; 15; 5; 5
18,32,0.58024,0.5625,18; 8; 17; 24; 32; 4; 10; 21
54,78,0.88509,0.69231,54; 10; 10; 3; 78; 3; 5; 5
58,78,0.81294,0.74359,58; 12; 10; 7; 78; 3; 6; 5
14,32,0.45757,0.4375,14; 15; 6; 13; 32; 4; 15; 16
34,48,0.742,0.70833,34; 9; 11; 19; 48; 11; 8; 10
8,9,0.41444,0.88889,8; 17; 19; 24; 9; 21; 20; 27
36,77,0.58301,0.46753,36; 9; 6; 3; 77; 6; 3; 7
12,32,0.36817,0.375,12; 17; 28; 5; 32; 9; 7; 21
6,82,0.18725,0.07317,6; 23; 9; 20; 82; 4; 4; 5
24,63,0.40587,0.38095,24; 8; 24; 8; 63; 4; 4; 7
10,49,0.24189,0.20408,10; 10; 16; 28; 49; 3; 15; 16
47,49,0.83321,0.95918,47; 6; 11; 6; 49; 15; 15; 13
29,64,0.49444,0.45312,29; 23; 11; 12; 64; 7; 7; 6
74,78,0.78379,0.94872,74; 5; 8; 6; 78; 4; 3; 3
23,26,0.76448,0.88462,23; 9; 14; 13; 26; 16; 18; 7
8,10,0.43228,0.8,8; 17; 12; 17; 10; 28; 16; 26
29,31,0.82518,0.93548,29; 14; 17; 11; 31; 11; 6; 5
49,78,0.74444,0.62821,49; 8; 5; 6; 78; 4; 6; 4
6,9,0.35809,0.66667,6; 7; 27; 3; 9; 12; 27; 11
12,26,0.49135,0.46154,12; 4; 15; 8; 26; 3; 21; 14
8,75,0.1655,0.10667,8; 20; 11; 8; 75; 4; 6; 6
80,82,0.66612,0.97561,80; 6; 6; 5; 82; 3; 5; 4
58,75,0.88333,0.77333,58; 4; 3; 13; 75; 6; 3; 7
14,48,0.34438,0.29167,14; 28; 11; 26; 48; 9; 16; 13
47,64,0.80644,0.73438,47; 12; 10; 4; 64; 7; 3; 3
67,77,0.8821,0.87013,67; 5; 8; 9; 77; 3; 6; 3
74,78,0.78416,0.94872,74; 4; 3; 6; 78; 6; 5; 5
20,75,0.35615,0.26667,20; 15; 25; 12; 75; 3; 3; 3
58,63,0.96905,0.92063,58; 13; 9; 7; 63; 8; 5; 3
20,70,0.36347,0.28571,20; 7; 26; 24; 70; 7; 8; 7
38,64,0.64638,0.59375,38; 12; 19; 14; 64; 10; 9; 10
61,77,0.80977,0.79221,61; 9; 5; 6; 77; 6; 4; 4
25,26,0.73878,0.96154,25; 12; 3; 10; 26; 12; 18; 6
30,42,0.7011,0.71429,30; 13; 20; 7; 42; 16; 3; 14
50,78,0.80729,0.64103,50; 4; 4; 10; 78; 3; 6; 3
38,64,0.62261,0.59375,38; 8; 12; 7; 64; 6; 9; 9
69,78,0.85903,0.88462,69; 6; 9; 7; 78; 5; 3; 5
37,70,0.61321,0.52857,37; 3; 7; 3; 70; 8; 4; 3
6,32,0.2429,0.1875,6; 23; 11; 26; 32; 19; 20; 13
30,77,0.52356,0.38961,30; 8; 6; 5; 77; 7; 7; 5
5,9,0.2928,0.55556,5; 11; 15; 31; 9; 12; 19; 29
9,10,0.47114,0.9,9; 22; 10; 22; 10; 17; 11; 3
33,64,0.55251,0.51562,33; 18; 11; 9; 64; 6; 10; 9
39,75,0.62276,0.52,39; 7; 15; 10; 75; 7; 5; 5
61,78,0.85569,0.78205,61; 9; 9; 9; 78; 5; 3; 3
8,32,0.29344,0.25,8; 5; 11; 26; 32; 22; 22; 8
9,70,0.10751,0.12857,9; 27; 25; 13; 70; 8; 6; 7
31,32,0.82366,0.96875,31; 11; 9; 14; 32; 5; 21; 12
60,63,0.98435,0.95238,60; 11; 4; 3; 63; 9; 7; 3
64,70,0.91999,0.91429,64; 7; 10; 4; 70; 7; 5; 5
7,63,0.16893,0.11111,7; 19; 12; 5; 63; 7; 7; 6
74,75,0.83782,0.98667,74; 4; 4; 7; 75; 7; 4; 4
19,63,0.35028,0.30159,19; 10; 18; 9; 63; 6; 11; 3
21,77,0.44333,0.27273,21; 7; 14; 25; 77; 6; 4; 5
19,70,0.34725,0.27143,19; 25; 17; 14; 70; 7; 7; 3
34,49,0.71866,0.69388,34; 15; 8; 4; 49; 5; 9; 7
20,48,0.43141,0.41667,20; 9; 21; 16; 48; 16; 16; 14
45,63,0.76423,0.71429,45; 14; 10; 14; 63; 9; 7; 7
9,70,0.16762,0.12857,9; 23; 3; 12; 70; 7; 4; 7
8,63,0.11957,0.12698,8; 12; 29; 6; 63; 5; 5; 9
9,63,0.16353,0.14286,9; 16; 12; 19; 63; 8; 4; 10
43,48,0.83364,0.89583,43; 14; 12; 18; 48; 11; 11; 16
64,82,0.81254,0.78049,64; 7; 11; 4; 82; 5; 4; 5
25,32,0.71904,0.78125,25; 10; 20; 22; 32; 14; 18; 19
6,77,0.16953,0.07792,6; 12; 23; 22; 77; 6; 4; 3
17,49,0.35653,0.34694,17; 27; 19; 13; 49; 5; 13; 13
30,32,0.80076,0.9375,30; 20; 21; 14; 32; 15; 14; 12
9,10,0.45756,0.9,9; 26; 22; 13; 10; 9; 10; 11
47,64,0.76664,0.73438,47; 3; 7; 8; 64; 4; 10; 9
52,53,0.89558,0.98113,52; 14; 14; 14; 53; 10; 15; 7
28,42,0.66828,0.66667,28; 3; 13; 22; 42; 18; 7; 12
6,10,0.34606,0.6,6; 27; 27; 7; 10; 18; 27; 26
72,82,0.69617,0.87805,72; 7; 4; 4; 82; 5; 3; 3
15,70,0.28937,0.21429,15; 6; 21; 5; 70; 7; 3; 7
21,42,0.48299,0.5,21; 10; 15; 18; 42; 9; 11; 5
23,32,0.73142,0.71875,23; 25; 12; 16; 32; 7; 11; 22
38,82,0.58882,0.46341,38; 14; 13; 5; 82; 4; 5; 4
7,9,0.37492,0.77778,7; 4; 21; 9; 9; 24; 4; 11
36,63,0.59898,0.57143,36; 3; 3; 19; 63; 4; 3; 9
23,31,0.74,0.74194,23; 22; 8; 3; 31; 11; 10; 12
33,53,0.63092,0.62264,33; 19; 3; 7; 53; 6; 6; 9
41,53,0.77011,0.77358,41; 13; 8; 12; 53; 12; 12; 12
21,32,0.62222,0.65625,21; 16; 6; 10; 32; 6; 15; 8
63,82,0.73008,0.76829,63; 6; 9; 5; 82; 4; 4; 5
8,9,0.39372,0.88889,8; 28; 15; 26; 9; 14; 23; 12
8,9,0.36394,0.88889,8; 30; 20; 30; 9; 9; 18; 19
24,32,0.75815,0.75,24; 3; 22; 18; 32; 8; 16; 11
32,82,0.54719,0.39024,32; 21; 12; 18; 82; 5; 5; 3
29,48,0.61849,0.60417,29; 5; 17; 12; 48; 16; 5; 16
21,82,0.43173,0.2561,21; 13; 16; 14; 82; 4; 4; 5
7,10,0.33688,0.7,7; 9; 17; 7; 10; 29; 24; 22
5,10,0.33565,0.5,5; 28; 6; 4; 10; 16; 4; 29
6,9,0.33649,0.66667,6; 21; 29; 6; 9; 26; 23; 14
16,26,0.63559,0.61538,16; 7; 10; 10; 26; 10; 19; 17
12,48,0.29265,0.25,12; 19; 14; 23; 48; 11; 8; 7
36,53,0.6916,0.67925,36; 13; 7; 9; 53; 4; 15; 8
19,32,0.55428,0.59375,19; 20; 14; 10; 32; 5; 3; 6
9,78,0.21301,0.11538,9; 24; 27; 8; 78; 4; 3; 3
66,78,0.80042,0.84615,66; 10; 8; 4; 78; 5; 6; 5
13,63,0.24451,0.20635,13; 9; 27; 27; 63; 3; 8; 3
13,31,0.39647,0.41935,13; 27; 17; 26; 31; 7; 10; 16
68,75,0.88114,0.90667,68; 9; 8; 10; 75; 6; 4; 3
15,32,0.45818,0.46875,15; 11; 16; 15; 32; 14; 14; 9
37,82,0.57736,0.45122,37; 6; 15; 20; 82; 3; 3; 5
6,9,0.30136,0.66667,6; 14; 12; 25; 9; 10; 10; 5
44,48,0.85008,0.91667,44; 18; 8; 14; 48; 9; 10; 15
23,31,0.69213,0.74194,23; 22; 15; 22; 31; 4; 3; 5
37,48,0.7995,0.77083,37; 13; 7; 20; 48; 15; 14; 11
17,49,0.35764,0.34694,17; 23; 10; 12; 49; 15; 6; 11
30,31,0.7883,0.96774,30; 19; 21; 3; 31; 8; 11; 21
6,10,0.35786,0.6,6; 11; 19; 28; 10; 6; 5; 17
16,26,0.62482,0.61538,16; 4; 24; 6; 26; 11; 12; 14
31,42,0.77459,0.7381,31; 5; 11; 20; 42; 4; 3; 17
23,32,0.70142,0.71875,23; 20; 17; 9; 32; 8; 17; 20
22,63,0.38562,0.34921,22; 15; 23; 17; 63; 9; 4; 8
18,49,0.40157,0.36735,18; 9; 9; 3; 49; 4; 14; 7
5,10,0.29743,0.5,5; 15; 16; 20; 10; 18; 26; 12
35,64,0.60429,0.54688,35; 14; 16; 16; 64; 4; 9; 9
39,64,0.64984,0.60938,39; 8; 3; 15; 64; 6; 4; 6
17,78,0.32555,0.21795,17; 16; 26; 8; 78; 6; 4; 4
32,49,0.67163,0.65306,32; 3; 16; 7; 49; 3; 4; 3
41,42,0.80529,0.97619,41; 18; 16; 18; 42; 8; 6; 9
30,32,0.80845,0.9375,30; 4; 20; 6; 32; 3; 12; 14
13,63,0.23787,0.20635,13; 8; 20; 20; 63; 6; 7; 6
34,77,0.57667,0.44156,34; 6; 17; 21; 77; 4; 3; 4
5,10,0.23387,0.5,5; 9; 30; 9; 10; 26; 6; 22
42,48,0.82847,0.875,42; 3; 7; 5; 48; 14; 7; 4
43,48,0.83296,0.89583,43; 15; 11; 5; 48; 9; 15; 12
18,31,0.55937,0.58065,18; 4; 24; 4; 31; 4; 15; 7
53,77,0.81605,0.68831,53; 14; 4; 9; 77; 5; 3; 6
42,53,0.77324,0.79245,42; 8; 10; 10; 53; 12; 15; 6
22,64,0.38041,0.34375,22; 9; 6; 16; 64; 7; 10; 10
6,32,0.2124,0.1875,6; 19; 11; 13; 32; 7; 20; 17
33,42,0.83982,0.78571,33; 13; 21; 14; 42; 13; 7; 17
9,10,0.45327,0.9,9; 4; 9; 3; 10; 22; 20; 5
7,70,0.11622,0.1,7; 14; 22; 20; 70; 5; 7; 4
7,9,0.36945,0.77778,7; 26; 8; 21; 9; 24; 19; 10
45,53,0.81752,0.84906,45; 10; 4; 15; 53; 9; 8; 5
25,63,0.43783,0.39683,25; 11; 19; 23; 63; 4; 5; 3
23,77,0.42103,0.2987,23; 17; 7; 9; 77; 4; 6; 5
12,26,0.44166,0.46154,12; 14; 28; 17; 26; 8; 16; 23
52,64,0.88023,0.8125,52; 15; 12; 3; 64; 4; 7; 11
39,70,0.65452,0.55714,39; 18; 4; 9; 70; 4; 5; 9
36,49,0.78546,0.73469,36; 9; 19; 7; 49; 11; 3; 4
29,32,0.75922,0.90625,29; 3; 21; 11; 32; 5; 17; 14
36,53,0.68979,0.67925,36; 13; 19; 11; 53; 6; 3; 6
48,82,0.65959,0.58537,48; 11; 16; 12; 82; 4; 3; 4
17,77,0.3323,0.22078,17; 14; 27; 12; 77; 3; 5; 3
8,53,0.1612,0.15094,8; 20; 29; 19; 53; 9; 11; 9
25,26,0.76058,0.96154,25; 10; 16; 10; 26; 4; 11; 19
6,10,0.32973,0.6,6; 19; 19; 15; 10; 12; 20; 22
48,64,0.79612,0.75,48; 11; 15; 16; 64; 4; 5; 3
9,26,0.35994,0.34615,9; 29; 5; 24; 26; 23; 22; 7
38,53,0.74108,0.71698,38; 16; 8; 19; 53; 4; 14; 15
17,42,0.40216,0.40476,17; 7; 25; 24; 42; 12; 13; 3
26,31,0.69641,0.83871,26; 6; 5; 4; 31; 19; 13; 19
14,31,0.44338,0.45161,14; 23; 21; 17; 31; 22; 18; 11
15,63,0.25399,0.2381,15; 6; 25; 22; 63; 3; 5; 11
6,9,0.32911,0.66667,6; 5; 6; 15; 9; 16; 15; 14
68,77,0.80144,0.88312,68; 6; 6; 5; 77; 5; 3; 5
56,78,0.85425,0.71795,56; 4; 7; 3; 78; 6; 4; 3
31,75,0.53331,0.41333,31; 9; 8; 15; 75; 4; 7; 3
40,53,0.76949,0.75472,40; 13; 13; 11; 53; 9; 6; 7
68,82,0.73243,0.82927,68; 6; 9; 8; 82; 5; 3; 3
44,78,0.66951,0.5641,44; 14; 18; 18; 78; 5; 4; 3
23,42,0.51341,0.54762,23; 16; 23; 7; 42; 13; 3; 5
62,78,0.80007,0.79487,62; 8; 8; 9; 78; 5; 5; 6
13,42,0.32053,0.30952,13; 15; 14; 15; 42; 6; 10; 10
28,31,0.79225,0.90323,28; 22; 6; 22; 31; 15; 17; 5
17,31,0.51645,0.54839,17; 4; 13; 23; 31; 4; 6; 8
20,53,0.35638,0.37736,20; 10; 15; 6; 53; 9; 3; 4
20,26,0.79211,0.76923,20; 10; 9; 10; 26; 22; 4; 21
59,64,0.95349,0.92188,59; 7; 9; 8; 64; 11; 6; 3
34,77,0.58578,0.44156,34; 20; 15; 8; 77; 7; 7; 7
5,63,0.06543,0.07937,5; 25; 8; 23; 63; 6; 10; 8
41,64,0.67027,0.64062,41; 14; 16; 9; 64; 7; 3; 3
7,10,0.36973,0.7,7; 11; 24; 8; 10; 7; 27; 4
53,64,0.87012,0.82812,53; 13; 5; 5; 64; 5; 7; 3
34,70,0.58335,0.48571,34; 9; 5; 18; 70; 5; 9; 8
17,31,0.55927,0.54839,17; 19; 14; 11; 31; 5; 21; 20
12,78,0.2482,0.15385,12; 28; 11; 27; 78; 4; 4; 6
33,63,0.56703,0.52381,33; 17; 12; 3; 63; 9; 10; 7
25,32,0.69881,0.78125,25; 11; 21; 22; 32; 5; 6; 16
13,64,0.24555,0.20312,13; 17; 10; 22; 64; 5; 8; 3
25,26,0.77258,0.96154,25; 12; 3; 4; 26; 15; 12; 21
6,42,0.1423,0.14286,6; 8; 20; 25; 42; 10; 5; 17
6,10,0.35678,0.6,6; 29; 5; 30; 10; 17; 10; 26
14,31,0.46884,0.45161,14; 3; 12; 15; 31; 11; 10; 19
28,49,0.55588,0.57143,28; 4; 14; 6; 49; 9; 10; 9
7,9,0.3725,0.77778,7; 5; 30; 19; 9; 18; 28; 29
25,48,0.55734,0.52083,25; 9; 9; 20; 48; 6; 12; 8
5,9,0.31015,0.55556,5; 18; 29; 26; 9; 23; 11; 16
41,48,0.83675,0.85417,41; 19; 6; 17; 48; 10; 15; 3
44,48,0.81587,0.91667,44; 17; 8; 17; 48; 8; 11; 15
9,10,0.43674,0.9,9; 17; 19; 14; 10; 10; 6; 13
51,64,0.83359,0.79688,51; 3; 5; 3; 64; 6; 4; 9
24,26,0.81116,0.92308,24; 6; 24; 8; 26; 24; 24; 22
12,78,0.25576,0.15385,12; 23; 24; 15; 78; 3; 3; 4
14,70,0.24762,0.2,14; 25; 15; 15; 70; 8; 9; 7
17,26,0.65737,0.65385,17; 22; 20; 23; 26; 18; 7; 19
23,77,0.41094,0.2987,23; 21; 7; 18; 77; 7; 4; 6
7,9,0.34534,0.77778,7; 24; 29; 19; 9; 6; 10; 6
30,70,0.50329,0.42857,30; 9; 6; 16; 70; 3; 5; 7
5,9,0.28011,0.55556,5; 13; 8; 17; 9; 7; 17; 4
17,48,0.38241,0.35417,17; 6; 17; 21; 48; 8; 14; 6
57,63,0.9694,0.90476,57; 4; 8; 12; 63; 8; 6; 7
14,31,0.46108,0.45161,14; 27; 8; 24; 31; 10; 18; 10
38,48,0.76157,0.79167,38; 13; 8; 4; 48; 6; 16; 6
22,42,0.52762,0.52381,22; 14; 20; 8; 42; 10; 7; 11
7,9,0.36113,0.77778,7; 22; 13; 20; 9; 28; 3; 27
22,48,0.50285,0.45833,22; 23; 3; 9; 48; 6; 5; 10
35,42,0.91885,0.83333,35; 5; 15; 12; 42; 4; 4; 7
18,42,0.41649,0.42857,18; 17; 18; 5; 42; 3; 16; 3
5,10,0.3075,0.5,5; 7; 4; 7; 10; 17; 5; 19
16,53,0.32362,0.30189,16; 10; 3; 24; 53; 10; 8; 8
29,82,0.50171,0.35366,29; 7; 13; 8; 82; 4; 5; 5
51,70,0.82163,0.72857,51; 9; 9; 15; 70; 8; 8; 3
31,82,0.51977,0.37805,31; 7; 12; 18; 82; 4; 4; 5
53,64,0.88797,0.82812,53; 9; 8; 12; 64; 8; 9; 7
28,49,0.57257,0.57143,28; 20; 10; 19; 49; 7; 8; 14
55,82,0.79456,0.67073,55; 13; 3; 14; 82; 4; 5; 3
44,63,0.74224,0.69841,44; 4; 7; 15; 63; 10; 8; 6
5,10,0.29867,0.5,5; 9; 28; 8; 10; 18; 12; 8
23,48,0.48396,0.47917,23; 21; 23; 13; 48; 7; 12; 4
35,48,0.73983,0.72917,35; 13; 21; 18; 48; 4; 10; 12
8,32,0.30996,0.25,8; 29; 8; 11; 32; 18; 14; 10
11,42,0.27794,0.2619,11; 22; 15; 29; 42; 17; 5; 7
49,63,0.81019,0.77778,49; 6; 13; 4; 63; 5; 8; 6
54,75,0.83472,0.72,54; 9; 4; 5; 75; 6; 5; 5
60,70,0.9041,0.85714,60; 3; 4; 10; 70; 6; 5; 4
43,77,0.66643,0.55844,43; 16; 9; 4; 77; 4; 7; 7
43,53,0.80077,0.81132,43; 16; 18; 15; 53; 13; 5; 7
44,63,0.75061,0.69841,44; 7; 13; 11; 63; 9; 11; 10
12,31,0.40178,0.3871,12; 28; 12; 9; 31; 16; 10; 8
63,82,0.86429,0.76829,63; 3; 9; 6; 82; 4; 3; 5
24,26,0.79595,0.92308,24; 10; 20; 12; 26; 10; 14; 12
50,82,0.66064,0.60976,50; 11; 7; 3; 82; 3; 4; 4
41,75,0.65378,0.54667,41; 19; 13; 19; 75; 6; 6; 7
8,9,0.36603,0.88889,8; 11; 14; 16; 9; 3; 24; 22
29,32,0.77445,0.90625,29; 23; 18; 17; 32; 7; 10; 22
58,63,0.97057,0.92063,58; 6; 9; 9; 63; 10; 5; 7
11,42,0.2497,0.2619,11; 11; 16; 4; 42; 17; 12; 8
28,63,0.50516,0.44444,28; 6; 23; 8; 63; 9; 5; 10
7,53,0.15474,0.13208,7; 15; 18; 30; 53; 5; 5; 12
30,82,0.5015,0.36585,30; 15; 22; 21; 82; 4; 5; 5
5,10,0.29145,0.5,5; 19; 28; 15; 10; 7; 12; 16
18,53,0.38029,0.33962,18; 23; 13; 19; 53; 10; 6; 8
50,77,0.76781,0.64935,50; 5; 9; 14; 77; 4; 5; 5
43,78,0.66035,0.55128,43; 6; 14; 16; 78; 4; 4; 6
21,75,0.40042,0.28,21; 7; 5; 7; 75; 4; 7; 4
26,31,0.72341,0.83871,26; 18; 16; 12; 31; 19; 14; 16
6,26,0.26953,0.23077,6; 18; 6; 21; 26; 16; 23; 8
19,48,0.42104,0.39583,19; 23; 26; 16; 48; 15; 3; 7
16,26,0.60283,0.61538,16; 22; 11; 9; 26; 4; 4; 22
15,63,0.25776,0.2381,15; 23; 25; 21; 63; 10; 4; 5
7,42,0.17783,0.16667,7; 22; 15; 3; 42; 18; 13; 16
20,31,0.59917,0.64516,20; 13; 4; 12; 31; 22; 10; 5
76,78,0.7548,0.97436,76; 5; 4; 6; 78; 6; 4; 4
7,10,0.3889,0.7,7; 9; 23; 5; 10; 11; 6; 29
11,78,0.23078,0.14103,11; 19; 14; 14; 78; 5; 3; 3
35,63,0.61413,0.55556,35; 9; 4; 8; 63; 6; 4; 8
64,82,0.86716,0.78049,64; 3; 3; 10; 82; 3; 3; 3
6,9,0.34812,0.66667,6; 8; 15; 30; 9; 23; 12; 3
5,9,0.35929,0.55556,5; 22; 23; 18; 9; 5; 29; 19
18,70,0.33106,0.25714,18; 10; 9; 15; 70; 3; 6; 7
66,82,0.82254,0.80488,66; 10; 3; 5; 82; 3; 5; 4
40,82,0.61754,0.4878,40; 5; 13; 4; 82; 3; 4; 5
26,82,0.46364,0.31707,26; 16; 8; 9; 82; 3; 5; 5
11,64,0.19795,0.17188,11; 4; 4; 16; 64; 9; 4; 4
37,82,0.60936,0.45122,37; 7; 15; 19; 82; 5; 3; 3
7,82,0.19086,0.08537,7; 15; 18; 29; 82; 5; 5; 4
70,77,0.81657,0.90909,70; 3; 4; 5; 77; 5; 5; 3
24,53,0.46348,0.45283,24; 12; 20; 18; 53; 6; 4; 8
12,82,0.25874,0.14634,12; 18; 7; 8; 82; 5; 4; 5
40,77,0.61421,0.51948,40; 11; 10; 14; 77; 4; 6; 4
18,31,0.58599,0.58065,18; 16; 22; 4; 31; 9; 16; 8
12,32,0.36047,0.375,12; 6; 20; 9; 32; 8; 15; 15
35,70,0.5843,0.5,35; 16; 6; 17; 70; 8; 5; 8
5,10,0.30722,0.5,5; 27; 5; 11; 10; 17; 22; 27
17,63,0.29321,0.26984,17; 16; 7; 19; 63; 3; 11; 11
19,78,0.35969,0.24359,19; 8; 5; 11; 78; 4; 6; 4
9,42,0.24271,0.21429,9; 27; 6; 10; 42; 13; 3; 13
43,53,0.80009,0.81132,43; 6; 14; 17; 53; 9; 8; 13
17,42,0.37303,0.40476,17; 16; 5; 6; 42; 4; 18; 5
26,32,0.77375,0.8125,26; 20; 18; 15; 32; 4; 3; 22
25,31,0.76311,0.80645,25; 4; 5; 7; 31; 13; 10; 18
56,63,0.95564,0.88889,56; 14; 11; 7; 63; 9; 6; 6
48,53,0.8372,0.90566,48; 6; 11; 13; 53; 13; 5; 9
12,26,0.43088,0.46154,12; 8; 22; 16; 26; 18; 4; 15
65,82,0.71547,0.79268,65; 3; 11; 6; 82; 5; 3; 5
29,32,0.80862,0.90625,29; 13; 13; 5; 32; 5; 8; 20
14,26,0.49331,0.53846,14; 11; 13; 21; 26; 22; 4; 5
9,10,0.4603,0.9,9; 3; 23; 24; 10; 11; 16; 10
24,49,0.49754,0.4898,24; 21; 16; 15; 49; 7; 5; 4
9,32,0.27805,0.28125,9; 15; 19; 11; 32; 22; 17; 9
6,10,0.35871,0.6,6; 17; 15; 30; 10; 22; 6; 27
16,82,0.30643,0.19512,16; 18; 4; 17; 82; 4; 5; 3
55,75,0.87278,0.73333,55; 12; 13; 3; 75; 5; 4; 7
47,77,0.73661,0.61039,47; 5; 14; 5; 77; 4; 5; 7
31,63,0.51939,0.49206,31; 13; 15; 10; 63; 11; 6; 6
10,26,0.37865,0.38462,10; 6; 9; 28; 26; 10; 8; 16
15,26,0.62634,0.57692,15; 18; 14; 23; 26; 20; 9; 16
7,9,0.35215,0.77778,7; 30; 5; 30; 9; 17; 20; 9
46,75,0.71873,0.61333,46; 14; 17; 13; 75; 4; 6; 3
6,9,0.33905,0.66667,6; 27; 23; 26; 9; 6; 5; 15
35,63,0.57233,0.55556,35; 15; 20; 13; 63; 3; 9; 10
19,32,0.52846,0.59375,19; 11; 19; 23; 32; 15; 10; 7
22,32,0.68337,0.6875,22; 6; 8; 3; 32; 16; 3; 21
36,75,0.59012,0.48,36; 8; 15; 20; 75; 5; 5; 7
36,82,0.55831,0.43902,36; 8; 17; 5; 82; 5; 4; 3
42,53,0.79539,0.79245,42; 4; 6; 9; 53; 14; 9; 10
18,31,0.55675,0.58065,18; 11; 24; 17; 31; 20; 7; 11
18,26,0.69154,0.69231,18; 17; 6; 12; 26; 4; 12; 12
25,26,0.75153,0.96154,25; 15; 4; 15; 26; 22; 7; 14
16,32,0.50192,0.5,16; 13; 17; 9; 32; 16; 21; 10
15,32,0.4856,0.46875,15; 21; 25; 17; 32; 17; 11; 18
28,64,0.45428,0.4375,28; 10; 8; 12; 64; 5; 4; 8
13,42,0.3392,0.30952,13; 12; 17; 18; 42; 7; 7; 16
21,26,0.83497,0.80769,21; 3; 19; 17; 26; 21; 12; 5
22,42,0.49147,0.52381,22; 13; 19; 22; 42; 16; 5; 3
21,26,0.747,0.80769,21; 20; 9; 12; 26; 14; 14; 16
19,48,0.434,0.39583,19; 24; 3; 8; 48; 9; 4; 12
24,49,0.48184,0.4898,24; 4; 14; 14; 49; 8; 14; 10
22,49,0.4534,0.44898,22; 5; 22; 10; 49; 16; 16; 15
67,75,0.84528,0.89333,67; 3; 10; 9; 75; 5; 6; 5
26,77,0.46837,0.33766,26; 14; 6; 18; 77; 4; 5; 4
13,32,0.46369,0.40625,13; 8; 11; 26; 32; 8; 10; 21
53,70,0.88624,0.75714,53; 4; 5; 7; 70; 6; 9; 4
13,32,0.38648,0.40625,13; 23; 4; 16; 32; 14; 12; 12
6,26,0.2583,0.23077,6; 3; 8; 19; 26; 4; 21; 18
42,48,0.78451,0.875,42; 11; 3; 7; 48; 5; 9; 7
10,75,0.18287,0.13333,10; 18; 16; 21; 75; 6; 6; 7
37,82,0.58598,0.45122,37; 19; 6; 7; 82; 5; 3; 5
47,53,0.82421,0.88679,47; 3; 8; 11; 53; 4; 3; 8
6,9,0.33383,0.66667,6; 29; 13; 3; 9; 13; 13; 15
8,9,0.42565,0.88889,8; 11; 26; 17; 9; 25; 29; 26
7,42,0.18799,0.16667,7; 16; 16; 10; 42; 13; 3; 3
46,78,0.6808,0.58974,46; 15; 15; 14; 78; 3; 6; 3
59,63,0.9616,0.93651,59; 12; 4; 3; 63; 9; 4; 8
70,75,0.8013,0.93333,70; 4; 9; 3; 75; 7; 7; 4
12,32,0.38754,0.375,12; 5; 5; 24; 32; 22; 3; 15
18,42,0.41346,0.42857,18; 24; 12; 8; 42; 8; 17; 14
5,32,0.19291,0.15625,5; 25; 16; 13; 32; 16; 17; 4
48,49,0.81874,0.97959,48; 13; 12; 13; 49; 5; 8; 9
8,9,0.43355,0.88889,8; 20; 20; 3; 9; 10; 22; 6
26,32,0.72685,0.8125,26; 16; 7; 19; 32; 5; 9; 14
34,78,0.55706,0.4359,34; 10; 19; 12; 78; 6; 6; 6
21,48,0.47157,0.4375,21; 7; 20; 6; 48; 5; 12; 11
8,9,0.39522,0.88889,8; 14; 20; 9; 9; 23; 21; 7
11,32,0.3727,0.34375,11; 19; 22; 19; 32; 16; 17; 12
35,63,0.60413,0.55556,35; 15; 12; 15; 63; 5; 7; 5
22,42,0.51399,0.52381,22; 22; 19; 14; 42; 9; 11; 5
26,75,0.47148,0.34667,26; 17; 24; 10; 75; 3; 3; 3
6,32,0.19948,0.1875,6; 3; 22; 20; 32; 20; 19; 12
37,70,0.61561,0.52857,37; 15; 11; 12; 70; 3; 5; 5
19,49,0.4021,0.38776,19; 13; 9; 20; 49; 3; 9; 6
57,63,0.94286,0.90476,57; 11; 6; 5; 63; 11; 7; 6
6,10,0.3697,0.6,6; 7; 29; 12; 10; 27; 12; 12
6,63,0.09382,0.09524,6; 3; 8; 29; 63; 11; 7; 3
39,64,0.65758,0.60938,39; 7; 14; 10; 64; 6; 8; 8
41,63,0.69166,0.65079,41; 19; 15; 14; 63; 11; 8; 11
18,31,0.58685,0.58065,18; 25; 21; 10; 31; 22; 13; 14
40,78,0.64829,0.51282,40; 8; 12; 18; 78; 3; 5; 5
20,26,0.78794,0.76923,20; 25; 11; 23; 26; 15; 8; 4
61,70,0.91299,0.87143,61; 5; 5; 5; 70; 8; 6; 9
69,75,0.84498,0.92,69; 5; 5; 7; 75; 6; 3; 6
6,10,0.37299,0.6,6; 10; 26; 9; 10; 19; 6; 8
47,49,0.82147,0.95918,47; 6; 10; 4; 49; 15; 8; 12
5,9,0.26447,0.55556,5; 19; 3; 7; 9; 25; 19; 13
14,32,0.43919,0.4375,14; 20; 20; 9; 32; 3; 6; 13
20,32,0.62141,0.625,20; 13; 15; 16; 32; 3; 18; 19
47,75,0.74589,0.62667,47; 17; 9; 6; 75; 4; 6; 4
59,77,0.87011,0.76623,59; 3; 4; 6; 77; 7; 7; 4
24,32,0.70531,0.75,24; 16; 8; 16; 32; 5; 20; 9
42,77,0.68289,0.54545,42; 10; 12; 18; 77; 6; 5; 4
5,48,0.12233,0.10417,5; 17; 17; 18; 48; 11; 3; 15
39,77,0.59595,0.50649,39; 10; 11; 8; 77; 6; 4; 3
18,78,0.35896,0.23077,18; 26; 13; 4; 78; 5; 6; 5
48,64,0.75692,0.75,48; 12; 11; 10; 64; 8; 3; 10
15,32,0.47936,0.46875,15; 23; 25; 27; 32; 5; 15; 18
12,49,0.2499,0.2449,12; 5; 14; 28; 49; 3; 13; 4
46,75,0.68915,0.61333,46; 16; 10; 10; 75; 3; 7; 5
44,63,0.76906,0.69841,44; 12; 13; 10; 63; 11; 3; 6
45,82,0.67,0.54878,45; 14; 15; 14; 82; 4; 5; 3
5,9,0.31472,0.55556,5; 23; 4; 19; 9; 26; 3; 10
51,64,0.82928,0.79688,51; 11; 10; 9; 64; 4; 11; 8
10,70,0.18318,0.14286,10; 13; 9; 20; 70; 5; 6; 6
8,9,0.39179,0.88889,8; 23; 29; 10; 9; 11; 18; 23
62,75,0.88943,0.82667,62; 12; 4; 7; 75; 3; 5; 3
20,26,0.71249,0.76923,20; 20; 19; 26; 26; 22; 7; 13
10,64,0.20759,0.15625,10; 15; 20; 28; 64; 11; 3; 8
44,49,0.81212,0.89796,44; 12; 12; 7; 49; 6; 6; 16
17,75,0.29093,0.22667,17; 13; 7; 18; 75; 7; 4; 3
5,26,0.22813,0.19231,5; 19; 16; 23; 26; 19; 9; 9
51,64,0.8402,0.79688,51; 3; 6; 7; 64; 4; 4; 10
21,26,0.8161,0.80769,21; 21; 11; 17; 26; 20; 23; 13
9,75,0.21034,0.12,9; 3; 3; 12; 75; 7; 4; 6
13,26,0.53314,0.5,13; 15; 7; 27; 26; 11; 4; 17
9,10,0.45706,0.9,9; 25; 21; 3; 10; 14; 13; 9
12,42,0.30053,0.28571,12; 22; 20; 4; 42; 18; 4; 15
49,64,0.82131,0.76562,49; 14; 13; 3; 64; 7; 11; 4
28,82,0.4571,0.34146,28; 17; 21; 15; 82; 3; 4; 4
8,9,0.37479,0.88889,8; 4; 18; 19; 9; 18; 15; 15
29,48,0.65136,0.60417,29; 5; 4; 9; 48; 3; 14; 4
6,32,0.19889,0.1875,6; 27; 6; 23; 32; 22; 22; 20
47,82,0.68213,0.57317,47; 8; 9; 15; 82; 5; 5; 3
40,70,0.64739,0.57143,40; 16; 19; 17; 70; 5; 3; 7
50,53,0.86471,0.9434,50; 16; 4; 9; 53; 13; 4; 13
37,77,0.59501,0.48052,37; 11; 14; 8; 77; 4; 4; 4
5,9,0.25769,0.55556,5; 25; 22; 24; 9; 22; 4; 3
16,49,0.35444,0.32653,16; 23; 26; 25; 49; 9; 3; 11
10,64,0.20372,0.15625,10; 12; 11; 21; 64; 5; 7; 6
20,26,0.74523,0.76923,20; 15; 24; 25; 26; 18; 17; 15
52,53,0.86945,0.98113,52; 10; 13; 12; 53; 11; 9; 4
63,77,0.88364,0.81818,63; 8; 7; 7; 77; 7; 5; 5
7,31,0.27548,0.22581,7; 16; 24; 25; 31; 21; 20; 16
9,10,0.47266,0.9,9; 13; 8; 5; 10; 3; 26; 6
6,9,0.33311,0.66667,6; 5; 21; 25; 9; 17; 6; 22
20,32,0.60603,0.625,20; 19; 8; 12; 32; 5; 16; 5
5,48,0.09783,0.10417,5; 15; 17; 5; 48; 15; 6; 6
9,70,0.18835,0.12857,9; 9; 21; 8; 70; 4; 9; 6
28,32,0.79837,0.875,28; 10; 16; 6; 32; 14; 5; 5
53,82,0.76399,0.64634,53; 4; 7; 14; 82; 3; 4; 5
19,26,0.65742,0.73077,19; 15; 8; 10; 26; 12; 3; 23
7,42,0.19499,0.16667,7; 15; 21; 4; 42; 15; 5; 8
27,42,0.60393,0.64286,27; 12; 7; 23; 42; 4; 5; 7
17,77,0.31412,0.22078,17; 4; 7; 25; 77; 4; 6; 5
51,64,0.82063,0.79688,51; 5; 7; 10; 64; 8; 5; 5
8,10,0.38863,0.8,8; 3; 25; 8; 10; 18; 19; 28
5,10,0.34447,0.5,5; 27; 3; 24; 10; 3; 4; 11
25,32,0.70148,0.78125,25; 13; 16; 18; 32; 5; 3; 16
6,26,0.28112,0.23077,6; 16; 16; 21; 26; 11; 18; 21
32,49,0.69019,0.65306,32; 11; 22; 13; 49; 13; 8; 7
27,42,0.57296,0.64286,27; 17; 6; 17; 42; 16; 16; 12
7,63,0.15105,0.11111,7; 3; 22; 13; 63; 4; 9; 8
29,75,0.50258,0.38667,29; 6; 7; 21; 75; 6; 4; 3
64,75,0.86622,0.85333,64; 11; 5; 7; 75; 7; 5; 4
30,31,0.81903,0.96774,30; 12; 16; 18; 31; 18; 20; 4
47,82,0.64892,0.57317,47; 13; 11; 8; 82; 3; 4; 4
8,26,0.31256,0.30769,8; 8; 3; 20; 26; 12; 24; 6
25,26,0.71747,0.96154,25; 11; 23; 3; 26; 21; 5; 16
10,48,0.21844,0.20833,10; 20; 22; 22; 48; 9; 6; 5
57,70,0.93117,0.81429,57; 11; 10; 7; 70; 9; 6; 7
11,64,0.20159,0.17188,11; 23; 11; 20; 64; 5; 10; 8
50,75,0.7458,0.66667,50; 8; 13; 3; 75; 6; 7; 3
5,10,0.32692,0.5,5; 25; 12; 8; 10; 7; 27; 19
14,48,0.30289,0.29167,14; 24; 14; 25; 48; 13; 15; 16
31,70,0.52069,0.44286,31; 17; 9; 15; 70; 4; 7; 3
36,78,0.60278,0.46154,36; 4; 6; 10; 78; 3; 6; 6
28,49,0.55084,0.57143,28; 5; 9; 5; 49; 4; 9; 13
17,32,0.47905,0.53125,17; 24; 17; 21; 32; 20; 7; 6
50,64,0.82938,0.78125,50; 3; 5; 5; 64; 9; 11; 5
17,26,0.67156,0.65385,17; 23; 10; 15; 26; 23; 19; 16
15,75,0.2788,0.2,15; 3; 18; 9; 75; 3; 6; 3
23,26,0.75923,0.88462,23; 23; 23; 20; 26; 18; 10; 11
34,48,0.74951,0.70833,34; 5; 18; 12; 48; 7; 6; 3
19,42,0.45178,0.45238,19; 3; 22; 7; 42; 8; 16; 7
6,9,0.34744,0.66667,6; 13; 8; 18; 9; 22; 19; 14
9,10,0.4434,0.9,9; 4; 17; 20; 10; 14; 17; 11
31,82,0.51968,0.37805,31; 4; 15; 13; 82; 4; 4; 4
48,53,0.80971,0.90566,48; 6; 14; 12; 53; 15; 5; 3
12,42,0.30142,0.28571,12; 4; 4; 16; 42; 16; 10; 12
6,10,0.37726,0.6,6; 28; 12; 20; 10; 3; 5; 6
29,82,0.50003,0.35366,29; 4; 16; 4; 82; 5; 5; 3
18,49,0.36908,0.36735,18; 16; 8; 15; 49; 7; 4; 10
7,31,0.22469,0.22581,7; 19; 10; 16; 31; 18; 8; 21
20,53,0.39679,0.37736,20; 12; 13; 19; 53; 8; 7; 7
24,53,0.45345,0.45283,24; 24; 18; 16; 53; 11; 12; 11
10,32,0.36901,0.3125,10; 11; 12; 23; 32; 11; 21; 11
28,78,0.48621,0.35897,28; 18; 20; 21; 78; 3; 5; 5
7,9,0.35621,0.77778,7; 27; 11; 3; 9; 28; 20; 24
24,53,0.47442,0.45283,24; 8; 16; 12; 53; 8; 11; 9
36,78,0.60511,0.46154,36; 9; 20; 15; 78; 4; 4; 6
7,9,0.3555,0.77778,7; 14; 7; 28; 9; 9; 17; 27
21,70,0.35248,0.3,21; 22; 15; 20; 70; 6; 8; 5
7,9,0.35807,0.77778,7; 6; 30; 20; 9; 8; 28; 14
5,49,0.13104,0.10204,5; 22; 10; 20; 49; 5; 7; 12
15,75,0.2967,0.2,15; 4; 12; 19; 75; 5; 5; 6
6,53,0.11333,0.11321,6; 22; 22; 12; 53; 11; 8; 4
5,9,0.28665,0.55556,5; 23; 16; 15; 9; 21; 15; 8
15,77,0.28694,0.19481,15; 27; 8; 23; 77; 6; 3; 5
25,70,0.44355,0.35714,25; 14; 21; 24; 70; 7; 8; 3
20,77,0.39829,0.25974,20; 15; 25; 25; 77; 5; 7; 3
14,49,0.26368,0.28571,14; 10; 13; 11; 49; 16; 5; 8
7,63,0.14525,0.11111,7; 25; 30; 3; 63; 5; 6; 5
37,42,0.91865,0.88095,37; 9; 12; 15; 42; 9; 4; 15
26,64,0.44216,0.40625,26; 10; 23; 17; 64; 3; 5; 11
21,48,0.40103,0.4375,21; 4; 13; 16; 48; 4; 5; 6
27,75,0.46674,0.36,27; 17; 13; 19; 75; 3; 6; 4
5,26,0.2401,0.19231,5; 9; 14; 30; 26; 17; 5; 23
7,26,0.27457,0.26923,7; 28; 19; 26; 26; 14; 12; 22
38,63,0.64842,0.60317,38; 7; 16; 9; 63; 10; 11; 7
19,82,0.38043,0.23171,19; 12; 5; 15; 82; 5; 3; 3
40,48,0.8011,0.83333,40; 14; 6; 18; 48; 6; 9; 5
8,9,0.33602,0.88889,8; 5; 14; 27; 9; 6; 24; 19
9,63,0.17845,0.14286,9; 20; 14; 6; 63; 7; 9; 5
7,64,0.12028,0.10938,7; 24; 10; 25; 64; 7; 3; 7
25,49,0.5315,0.5102,25; 6; 23; 10; 49; 15; 7; 8
53,75,0.85601,0.70667,53; 11; 5; 13; 75; 3; 3; 6
22,26,0.77187,0.84615,22; 3; 20; 17; 26; 13; 24; 3
67,70,0.90656,0.95714,67; 9; 10; 6; 70; 7; 9; 4
5,10,0.303,0.5,5; 5; 11; 15; 10; 19; 10; 11
5,70,0.13531,0.07143,5; 10; 8; 25; 70; 6; 4; 5
20,75,0.36197,0.26667,20; 26; 22; 14; 75; 5; 3; 6
20,48,0.41354,0.41667,20; 9; 23; 22; 48; 3; 6; 12
30,75,0.47892,0.4,30; 8; 15; 15; 75; 3; 5; 6
45,70,0.74811,0.64286,45; 12; 17; 14; 70; 8; 9; 9
7,9,0.30676,0.77778,7; 26; 20; 8; 9; 18; 13; 23
20,26,0.66476,0.76923,20; 11; 23; 22; 26; 23; 10; 7
5,9,0.29016,0.55556,5; 23; 18; 12; 9; 24; 18; 13
17,78,0.31092,0.21795,17; 5; 23; 11; 78; 4; 5; 3
43,49,0.7974,0.87755,43; 15; 9; 17; 49; 6; 10; 11
7,32,0.22947,0.21875,7; 15; 23; 15; 32; 8; 15; 10
11,49,0.21493,0.22449,11; 19; 26; 23; 49; 5; 11; 3
19,26,0.67801,0.73077,19; 3; 18; 26; 26; 4; 12; 13
43,64,0.69747,0.67188,43; 8; 4; 8; 64; 10; 6; 10
5,42,0.1139,0.11905,5; 15; 8; 13; 42; 14; 12; 6
19,78,0.36516,0.24359,19; 17; 19; 7; 78; 5; 5; 3
42,48,0.75922,0.875,42; 3; 16; 8; 48; 9; 7; 16
20,75,0.38801,0.26667,20; 14; 26; 21; 75; 3; 6; 4
63,70,0.89575,0.9,63; 6; 4; 11; 70; 4; 9; 7
62,63,0.94905,0.98413,62; 11; 9; 12; 63; 4; 10; 10
19,53,0.3819,0.35849,19; 16; 12; 26; 53; 4; 15; 3
26,70,0.44179,0.37143,26; 6; 17; 19; 70; 9; 4; 4
10,32,0.34184,0.3125,10; 28; 25; 14; 32; 8; 18; 8
15,32,0.4471,0.46875,15; 15; 13; 17; 32; 3; 11; 12
9,32,0.32697,0.28125,9; 6; 26; 14; 32; 19; 17; 18
8,9,0.39923,0.88889,8; 4; 26; 24; 9; 5; 4; 25
27,31,0.79268,0.87097,27; 19; 17; 4; 31; 9; 19; 3
6,82,0.15697,0.07317,6; 11; 3; 21; 82; 4; 3; 4
20,26,0.67823,0.76923,20; 18; 13; 8; 26; 9; 17; 6
52,77,0.85705,0.67532,52; 10; 6; 15; 77; 3; 6; 3
23,63,0.3895,0.36508,23; 14; 15; 5; 63; 8; 4; 6
73,78,0.87101,0.9359,73; 3; 7; 6; 78; 4; 4; 6
14,82,0.31365,0.17073,14; 7; 17; 6; 82; 3; 4; 3
8,9,0.37576,0.88889,8; 30; 16; 27; 9; 11; 4; 28
5,64,0.11627,0.07812,5; 25; 24; 13; 64; 8; 4; 11
5,9,0.2756,0.55556,5; 4; 23; 11; 9; 15; 16; 29
50,77,0.76697,0.64935,50; 7; 8; 12; 77; 4; 3; 6
7,10,0.37071,0.7,7; 19; 5; 30; 10; 4; 11; 19
7,10,0.38339,0.7,7; 10; 27; 25; 10; 21; 7; 28
28,42,0.6962,0.66667,28; 21; 6; 10; 42; 7; 14; 5
18,32,0.55662,0.5625,18; 25; 9; 23; 32; 8; 20; 19
9,10,0.44777,0.9,9; 14; 8; 11; 10; 28; 23; 9
63,77,0.84034,0.81818,63; 5; 7; 7; 77; 3; 5; 3
71,77,0.76959,0.92208,71; 4; 3; 3; 77; 6; 7; 7
35,63,0.63752,0.55556,35; 5; 21; 19; 63; 7; 8; 3
16,48,0.36722,0.33333,16; 17; 14; 5; 48; 14; 14; 12
43,49,0.80097,0.87755,43; 11; 14; 8; 49; 12; 8; 4
17,63,0.28483,0.26984,17; 3; 7; 18; 63; 6; 8; 6
36,77,0.59121,0.46753,36; 17; 18; 18; 77; 4; 3; 4
8,9,0.38193,0.88889,8; 21; 30; 28; 9; 15; 28; 19
56,64,0.94292,0.875,56; 4; 13; 9; 64; 9; 5; 7
74,78,0.81344,0.94872,74; 8; 5; 5; 78; 4; 4; 5
6,9,0.28926,0.66667,6; 7; 8; 16; 9; 8; 13; 20
33,42,0.75613,0.78571,33; 7; 8; 13; 42; 12; 6; 15
19,48,0.38691,0.39583,19; 10; 11; 21; 48; 4; 6; 5
14,48,0.30929,0.29167,14; 10; 16; 14; 48; 5; 4; 7
30,48,0.6492,0.625,30; 20; 19; 3; 48; 4; 11; 7
55,77,0.90394,0.71429,55; 12; 9; 14; 77; 4; 7; 3
29,77,0.50024,0.37662,29; 11; 19; 14; 77; 7; 7; 3
7,9,0.37564,0.77778,7; 22; 23; 9; 9; 23; 3; 8
31,48,0.62916,0.64583,31; 4; 9; 11; 48; 5; 8; 3
31,32,0.80701,0.96875,31; 6; 7; 13; 32; 5; 10; 14
32,49,0.65701,0.65306,32; 5; 5; 18; 49; 11; 10; 6
51,64,0.83984,0.79688,51; 12; 6; 8; 64; 8; 9; 11
8,10,0.42556,0.8,8; 16; 14; 26; 10; 22; 22; 24
24,70,0.41985,0.34286,24; 16; 12; 13; 70; 7; 4; 5
6,42,0.15353,0.14286,6; 19; 28; 26; 42; 3; 9; 9
55,70,0.93319,0.78571,55; 9; 6; 12; 70; 4; 9; 4
7,9,0.35099,0.77778,7; 14; 19; 20; 9; 24; 7; 12
60,70,0.91692,0.85714,60; 12; 10; 6; 70; 3; 3; 8
44,53,0.7865,0.83019,44; 12; 17; 18; 53; 4; 9; 10
8,10,0.38832,0.8,8; 12; 20; 9; 10; 24; 4; 15
19,82,0.39174,0.23171,19; 4; 19; 5; 82; 4; 4; 4
11,32,0.34477,0.34375,11; 25; 29; 22; 32; 3; 20; 9
37,42,0.84719,0.88095,37; 13; 6; 6; 42; 5; 17; 3
26,49,0.5402,0.53061,26; 22; 13; 18; 49; 6; 3; 10
9,10,0.4265,0.9,9; 21; 26; 24; 10; 15; 11; 18
6,31,0.2396,0.19355,6; 5; 19; 13; 31; 22; 12; 17
19,53,0.3703,0.35849,19; 23; 9; 22; 53; 7; 11; 12
18,32,0.54322,0.5625,18; 22; 23; 4; 32; 19; 11; 16
15,31,0.47529,0.48387,15; 25; 25; 24; 31; 20; 5; 13
14,32,0.42583,0.4375,14; 22; 3; 4; 32; 15; 7; 4
58,63,0.96274,0.92063,58; 8; 9; 8; 63; 4; 8; 3
29,53,0.57146,0.54717,29; 22; 10; 17; 53; 9; 6; 7
13,77,0.28709,0.16883,13; 6; 7; 22; 77; 5; 7; 6
6,10,0.35739,0.6,6; 26; 28; 5; 10; 24; 22; 24
66,75,0.85597,0.88,66; 7; 4; 6; 75; 5; 5; 5
8,53,0.14613,0.15094,8; 19; 12; 3; 53; 11; 7; 5
65,77,0.84059,0.84416,65; 7; 7; 5; 77; 7; 5; 6
74,75,0.7941,0.98667,74; 4; 4; 6; 75; 3; 5; 7
24,70,0.40588,0.34286,24; 17; 4; 21; 70; 6; 4; 3
25,49,0.50177,0.5102,25; 4; 13; 15; 49; 5; 8; 8
23,78,0.44986,0.29487,23; 24; 8; 15; 78; 5; 6; 3
23,77,0.44287,0.2987,23; 17; 6; 8; 77; 5; 7; 5
25,32,0.71269,0.78125,25; 22; 5; 20; 32; 17; 19; 17
63,64,0.90134,0.98438,63; 8; 5; 8; 64; 9; 4; 9
45,78,0.6927,0.57692,45; 12; 10; 13; 78; 3; 3; 6
57,64,0.97601,0.89062,57; 13; 3; 7; 64; 4; 7; 8
22,63,0.39824,0.34921,22; 21; 12; 17; 63; 9; 6; 9
7,10,0.38737,0.7,7; 3; 12; 4; 10; 17; 23; 14
19,32,0.59156,0.59375,19; 7; 11; 22; 32; 15; 3; 19
24,48,0.55939,0.5,24; 20; 12; 18; 48; 10; 8; 4
31,77,0.53008,0.4026,31; 13; 22; 5; 77; 5; 3; 6
12,31,0.39717,0.3871,12; 24; 13; 15; 31; 19; 7; 10
47,75,0.73864,0.62667,47; 17; 8; 12; 75; 5; 3; 3
29,31,0.7527,0.93548,29; 5; 8; 9; 31; 5; 21; 17
49,77,0.77513,0.63636,49; 15; 14; 14; 77; 7; 7; 4
47,48,0.82963,0.97917,47; 17; 12; 7; 48; 3; 16; 11
8,31,0.30825,0.25806,8; 30; 4; 11; 31; 14; 20; 20
50,63,0.83898,0.79365,50; 12; 10; 3; 63; 3; 3; 11
12,75,0.24222,0.16,12; 7; 7; 27; 75; 5; 4; 7
8,31,0.24489,0.25806,8; 22; 29; 4; 31; 5; 8; 19
7,9,0.36558,0.77778,7; 7; 26; 7; 9; 28; 10; 24
57,77,0.87746,0.74026,57; 8; 10; 8; 77; 5; 5; 5
21,32,0.6545,0.65625,21; 10; 19; 8; 32; 16; 17; 3
71,75,0.83931,0.94667,71; 7; 7; 5; 75; 7; 6; 7
69,82,0.68704,0.84146,69; 5; 7; 6; 82; 4; 5; 5
9,10,0.45091,0.9,9; 4; 28; 26; 10; 24; 20; 24
76,82,0.64784,0.92683,76; 3; 6; 3; 82; 5; 4; 5
52,77,0.73933,0.67532,52; 8; 3; 3; 77; 4; 4; 7
11,49,0.23621,0.22449,11; 5; 4; 12; 49; 16; 11; 12
8,77,0.14908,0.1039,8; 11; 8; 3; 77; 4; 6; 5
53,78,0.7887,0.67949,53; 15; 15; 7; 78; 3; 4; 4
5,9,0.28951,0.55556,5; 17; 7; 22; 9; 14; 27; 19
76,77,0.82617,0.98701,76; 4; 5; 5; 77; 7; 3; 6
47,82,0.66597,0.57317,47; 11; 3; 13; 82; 4; 4; 5
48,63,0.76617,0.7619,48; 5; 16; 13; 63; 9; 7; 3
5,26,0.23646,0.19231,5; 4; 19; 26; 26; 19; 19; 12
7,10,0.39607,0.7,7; 12; 22; 3; 10; 5; 19; 16
38,48,0.7752,0.79167,38; 20; 19; 12; 48; 4; 14; 5
12,31,0.37853,0.3871,12; 25; 28; 16; 31; 8; 21; 13
47,82,0.69626,0.57317,47; 7; 9; 11; 82; 4; 4; 5
17,32,0.52505,0.53125,17; 26; 16; 27; 32; 11; 7; 21
54,77,0.81549,0.7013,54; 3; 14; 5; 77; 7; 4; 7
26,78,0.45627,0.33333,26; 8; 4; 16; 78; 3; 5; 4
40,49,0.77863,0.81633,40; 10; 8; 12; 49; 16; 7; 7
14,31,0.47676,0.45161,14; 22; 6; 27; 31; 8; 6; 22
21,42,0.4895,0.5,21; 15; 8; 14; 42; 14; 17; 4
39,63,0.64857,0.61905,39; 15; 3; 9; 63; 5; 8; 11
6,9,0.35333,0.66667,6; 5; 7; 14; 9; 15; 16; 7
6,10,0.3677,0.6,6; 14; 21; 15; 10; 7; 10; 7
7,10,0.39608,0.7,7; 3; 11; 5; 10; 7; 10; 29
9,10,0.44591,0.9,9; 20; 18; 27; 10; 21; 29; 20
35,48,0.75201,0.72917,35; 17; 8; 12; 48; 16; 7; 12
37,64,0.62505,0.57812,37; 19; 6; 14; 64; 8; 10; 6
20,32,0.66439,0.625,20; 6; 16; 15; 32; 18; 11; 22
5,9,0.32371,0.55556,5; 10; 14; 15; 9; 24; 24; 25
6,9,0.35703,0.66667,6; 23; 6; 17; 9; 4; 19; 21
44,78,0.69507,0.5641,44; 13; 10; 6; 78; 4; 6; 6
62,78,0.89689,0.79487,62; 4; 5; 10; 78; 4; 5; 5
6,10,0.32316,0.6,6; 11; 24; 4; 10; 6; 17; 7
17,26,0.69865,0.65385,17; 20; 11; 10; 26; 6; 12; 14
58,82,0.83185,0.70732,58; 8; 11; 12; 82; 3; 5; 4
32,77,0.55193,0.41558,32; 19; 13; 7; 77; 4; 6; 6
5,10,0.29104,0.5,5; 5; 3; 7; 10; 9; 23; 20
47,53,0.82824,0.88679,47; 3; 11; 3; 53; 9; 13; 11
30,53,0.54845,0.56604,30; 10; 20; 5; 53; 12; 3; 10
55,64,0.90061,0.85938,55; 12; 13; 7; 64; 10; 10; 10
5,26,0.20911,0.19231,5; 14; 26; 21; 26; 21; 16; 10
76,82,0.80602,0.92683,76; 7; 6; 7; 82; 4; 4; 3
39,64,0.63007,0.60938,39; 17; 3; 8; 64; 9; 6; 6
18,32,0.55041,0.5625,18; 15; 24; 16; 32; 13; 5; 9
9,31,0.31169,0.29032,9; 26; 6; 4; 31; 13; 22; 6
19,64,0.34611,0.29688,19; 7; 16; 15; 64; 9; 8; 11
7,9,0.36417,0.77778,7; 10; 19; 22; 9; 27; 5; 23
5,70,0.07076,0.07143,5; 22; 10; 19; 70; 7; 8; 8
21,77,0.39522,0.27273,21; 10; 23; 8; 77; 4; 4; 4
8,10,0.43071,0.8,8; 25; 21; 28; 10; 18; 20; 24
13,48,0.32636,0.27083,13; 23; 20; 17; 48; 11; 4; 8
13,49,0.28941,0.26531,13; 8; 8; 5; 49; 7; 16; 11
6,9,0.37336,0.66667,6; 12; 18; 16; 9; 29; 11; 28
39,63,0.63799,0.61905,39; 15; 19; 8; 63; 8; 9; 7
23,82,0.42706,0.28049,23; 18; 22; 5; 82; 3; 4; 3
44,64,0.75404,0.6875,44; 3; 13; 11; 64; 4; 3; 6
58,82,0.73817,0.70732,58; 5; 6; 3; 82; 5; 4; 3
9,10,0.4328,0.9,9; 19; 17; 23; 10; 25; 25; 12
28,32,0.78964,0.875,28; 20; 7; 17; 32; 8; 6; 21
18,42,0.41344,0.42857,18; 21; 18; 26; 42; 13; 10; 16
25,31,0.66231,0.80645,25; 10; 12; 21; 31; 4; 9; 3
44,77,0.68959,0.57143,44; 5; 11; 6; 77; 5; 7; 6
7,9,0.36499,0.77778,7; 24; 24; 28; 9; 13; 26; 13
66,75,0.82496,0.88,66; 9; 9; 10; 75; 4; 6; 7
47,63,0.76425,0.74603,47; 4; 3; 9; 63; 6; 3; 9
7,10,0.40728,0.7,7; 24; 16; 28; 10; 20; 28; 20
6,31,0.18088,0.19355,6; 13; 3; 15; 31; 11; 7; 19
40,49,0.80178,0.81633,40; 14; 19; 6; 49; 10; 14; 13
33,82,0.54869,0.40244,33; 5; 16; 21; 82; 3; 4; 5
10,75,0.18707,0.13333,10; 11; 13; 15; 75; 6; 6; 6
48,82,0.68517,0.58537,48; 8; 3; 3; 82; 4; 3; 3
38,64,0.64212,0.59375,38; 20; 8; 19; 64; 8; 9; 11
60,64,0.95047,0.9375,60; 10; 10; 4; 64; 9; 5; 9
14,31,0.48307,0.45161,14; 25; 14; 23; 31; 15; 7; 12
21,32,0.66641,0.65625,21; 19; 16; 19; 32; 6; 13; 21
14,32,0.43003,0.4375,14; 7; 24; 7; 32; 11; 19; 22
9,31,0.3284,0.29032,9; 10; 5; 24; 31; 10; 19; 7
58,82,0.76467,0.70732,58; 7; 11; 7; 82; 3; 4; 4
41,64,0.66234,0.64062,41; 14; 9; 9; 64; 7; 3; 5
52,82,0.7413,0.63415,52; 15; 4; 3; 82; 4; 5; 4
53,64,0.83387,0.82812,53; 3; 10; 7; 64; 8; 11; 7
19,77,0.36176,0.24675,19; 8; 22; 13; 77; 6; 6; 4
5,75,0.13222,0.06667,5; 30; 5; 11; 75; 7; 6; 3
9,10,0.45086,0.9,9; 5; 7; 29; 10; 8; 10; 12
53,63,0.87679,0.84127,53; 7; 11; 6; 63; 6; 3; 5
20,32,0.5761,0.625,20; 21; 5; 26; 32; 14; 8; 21
35,82,0.56399,0.42683,35; 13; 21; 19; 82; 5; 5; 3
9,31,0.30918,0.29032,9; 15; 26; 10; 31; 9; 11; 13
33,48,0.74147,0.6875,33; 20; 14; 18; 48; 8; 3; 14
14,48,0.32167,0.29167,14; 8; 9; 28; 48; 10; 15; 6
7,10,0.35385,0.7,7; 20; 26; 10; 10; 3; 26; 19
38,53,0.70002,0.71698,38; 18; 16; 3; 53; 13; 4; 5
14,75,0.27986,0.18667,14; 7; 28; 13; 75; 4; 3; 5
23,26,0.77857,0.88462,23; 6; 23; 12; 26; 14; 21; 10
35,77,0.57199,0.45455,35; 12; 6; 3; 77; 3; 7; 6
22,53,0.45014,0.41509,22; 8; 4; 11; 53; 12; 8; 9
13,82,0.28423,0.15854,13; 4; 16; 3; 82; 3; 4; 3
60,63,0.9277,0.95238,60; 11; 3; 12; 63; 11; 4; 7
7,70,0.16122,0.1,7; 24; 6; 22; 70; 5; 5; 5
10,63,0.19842,0.15873,10; 12; 3; 6; 63; 7; 11; 5
7,9,0.36292,0.77778,7; 22; 19; 6; 9; 19; 18; 23
29,77,0.511,0.37662,29; 12; 15; 3; 77; 4; 7; 6
20,75,0.35996,0.26667,20; 25; 3; 22; 75; 6; 3; 5
6,26,0.24288,0.23077,6; 26; 4; 15; 26; 13; 8; 15
18,82,0.38253,0.21951,18; 18; 19; 14; 82; 5; 3; 4
7,49,0.16221,0.14286,7; 5; 4; 22; 49; 11; 8; 16
8,9,0.39677,0.88889,8; 27; 23; 16; 9; 15; 16; 6
48,77,0.75494,0.62338,48; 12; 12; 11; 77; 5; 6; 4
23,49,0.48719,0.46939,23; 23; 25; 21; 49; 8; 6; 16
60,64,0.93312,0.9375,60; 9; 5; 7; 64; 3; 10; 4
5,9,0.28556,0.55556,5; 3; 8; 25; 9; 14; 24; 9
10,75,0.2072,0.13333,10; 28; 24; 14; 75; 6; 7; 6
24,49,0.4881,0.4898,24; 18; 14; 10; 49; 8; 3; 4
23,63,0.41268,0.36508,23; 18; 16; 8; 63; 9; 3; 4
22,42,0.52201,0.52381,22; 7; 22; 15; 42; 8; 10; 9
6,26,0.24139,0.23077,6; 27; 13; 15; 26; 18; 13; 6
13,53,0.26151,0.24528,13; 22; 16; 19; 53; 9; 13; 11
25,26,0.73682,0.96154,25; 10; 16; 14; 26; 14; 4; 6
51,64,0.8529,0.79688,51; 8; 13; 14; 64; 3; 11; 6
8,10,0.43606,0.8,8; 29; 6; 19; 10; 12; 8; 21
25,63,0.44043,0.39683,25; 16; 18; 6; 63; 11; 6; 6
32,78,0.54969,0.41026,32; 21; 11; 9; 78; 6; 6; 3
20,78,0.3728,0.25641,20; 19; 22; 8; 78; 5; 5; 3
19,77,0.36277,0.24675,19; 12; 13; 20; 77; 5; 3; 4
37,63,0.62957,0.5873,37; 3; 11; 12; 63; 8; 10; 8
32,49,0.69926,0.65306,32; 10; 5; 10; 49; 12; 10; 7
30,77,0.54293,0.38961,30; 17; 12; 8; 77; 4; 4; 7
55,75,0.84283,0.73333,55; 10; 4; 12; 75; 6; 7; 7
39,63,0.67076,0.61905,39; 3; 3; 15; 63; 4; 6; 3
55,77,0.90411,0.71429,55; 4; 5; 4; 77; 5; 4; 7
55,82,0.74321,0.67073,55; 9; 13; 8; 82; 4; 4; 4
64,75,0.91018,0.85333,64; 7; 6; 3; 75; 4; 5; 5
8,10,0.43444,0.8,8; 23; 3; 12; 10; 27; 18; 13
11,70,0.20065,0.15714,11; 14; 20; 28; 70; 6; 7; 7
7,48,0.15527,0.14583,7; 27; 6; 19; 48; 7; 10; 16
10,77,0.23332,0.12987,10; 6; 26; 6; 77; 6; 4; 7
32,64,0.56223,0.5,32; 12; 21; 18; 64; 4; 6; 3
6,9,0.33829,0.66667,6; 29; 21; 9; 9; 22; 29; 19
42,82,0.67363,0.5122,42; 10; 11; 3; 82; 3; 5; 5
8,9,0.39295,0.88889,8; 20; 21; 15; 9; 28; 11; 5
57,70,0.90442,0.81429,57; 10; 12; 11; 70; 8; 6; 8
43,63,0.69015,0.68254,43; 3; 6; 3; 63; 7; 5; 7
59,70,0.96045,0.84286,59; 11; 6; 11; 70; 7; 3; 7
74,77,0.88517,0.96104,74; 3; 6; 8; 77; 4; 4; 4
66,78,0.8894,0.84615,66; 4; 5; 4; 78; 4; 6; 6
9,10,0.43801,0.9,9; 23; 12; 15; 10; 25; 19; 27
15,26,0.57333,0.57692,15; 24; 22; 8; 26; 16; 20; 20
47,78,0.7631,0.60256,47; 11; 13; 16; 78; 4; 5; 6
43,63,0.70946,0.68254,43; 17; 4; 15; 63; 8; 11; 4
35,48,0.78179,0.72917,35; 19; 20; 12; 48; 16; 3; 9
26,31,0.73336,0.83871,26; 4; 4; 7; 31; 16; 9; 15
13,32,0.41027,0.40625,13; 28; 26; 4; 32; 11; 7; 8
12,32,0.4248,0.375,12; 6; 25; 11; 32; 18; 6; 16
31,63,0.52876,0.49206,31; 15; 3; 21; 63; 11; 11; 5
30,42,0.73471,0.71429,30; 7; 13; 16; 42; 18; 7; 4
32,78,0.56196,0.41026,32; 15; 12; 9; 78; 3; 3; 3
30,31,0.80505,0.96774,30; 15; 7; 5; 31; 18; 8; 11
39,70,0.63681,0.55714,39; 7; 18; 3; 70; 5; 4; 3
11,49,0.23028,0.22449,11; 27; 7; 7; 49; 5; 14; 13
5,9,0.34317,0.55556,5; 29; 15; 28; 9; 8; 29; 17
67,78,0.77322,0.85897,67; 3; 4; 9; 78; 3; 5; 6
43,82,0.62933,0.52439,43; 7; 13; 10; 82; 4; 5; 3
6,75,0.06689,0.08,6; 5; 4; 26; 75; 5; 4; 6
62,70,0.90535,0.88571,62; 10; 6; 10; 70; 7; 3; 8
36,48,0.74577,0.75,36; 18; 3; 7; 48; 3; 13; 3
5,9,0.28487,0.55556,5; 24; 17; 20; 9; 9; 18; 18
19,31,0.61825,0.6129,19; 10; 14; 10; 31; 16; 13; 8
9,10,0.48515,0.9,9; 4; 10; 8; 10; 8; 14; 27
15,32,0.44036,0.46875,15; 21; 3; 26; 32; 10; 3; 3
5,10,0.30751,0.5,5; 12; 4; 22; 10; 22; 16; 6
25,75,0.44206,0.33333,25; 10; 17; 13; 75; 4; 7; 5
16,32,0.51114,0.5,16; 12; 14; 17; 32; 3; 14; 14
57,78,0.84792,0.73077,57; 7; 13; 4; 78; 4; 4; 3
59,64,0.94949,0.92188,59; 10; 10; 10; 64; 6; 3; 8
30,49,0.59341,0.61224,30; 18; 9; 6; 49; 15; 9; 13
59,77,0.88071,0.76623,59; 5; 7; 4; 77; 3; 6; 7
14,26,0.51602,0.53846,14; 15; 21; 12; 26; 7; 18; 14
21,42,0.49466,0.5,21; 9; 4; 24; 42; 18; 16; 12
52,75,0.83102,0.69333,52; 3; 5; 4; 75; 4; 7; 6
11,64,0.17221,0.17188,11; 10; 9; 12; 64; 11; 9; 7
28,42,0.68027,0.66667,28; 6; 15; 5; 42; 7; 3; 6
10,32,0.35054,0.3125,10; 8; 7; 29; 32; 22; 18; 16
74,78,0.81887,0.94872,74; 6; 3; 4; 78; 4; 5; 6
69,75,0.86342,0.92,69; 4; 6; 3; 75; 5; 7; 7
11,26,0.46617,0.42308,11; 19; 8; 15; 26; 14; 20; 14
20,82,0.35535,0.2439,20; 4; 24; 12; 82; 5; 4; 4
6,26,0.2409,0.23077,6; 15; 18; 18; 26; 4; 24; 12
28,42,0.61667,0.66667,28; 8; 14; 14; 42; 7; 3; 12
8,49,0.19392,0.16327,8; 3; 21; 14; 49; 12; 6; 11
24,63,0.41205,0.38095,24; 13; 6; 15; 63; 10; 7; 4
6,9,0.34644,0.66667,6; 9; 11; 18; 9; 3; 10; 12
18,32,0.55725,0.5625,18; 8; 8; 12; 32; 16; 10; 15
42,77,0.68157,0.54545,42; 12; 8; 16; 77; 3; 4; 4
55,63,0.95668,0.87302,55; 3; 7; 7; 63; 8; 11; 3
22,31,0.66609,0.70968,22; 21; 7; 17; 31; 21; 4; 10
60,82,0.79155,0.73171,60; 7; 5; 7; 82; 3; 3; 4
35,64,0.62136,0.54688,35; 12; 7; 15; 64; 5; 11; 8
75,77,0.76163,0.97403,75; 6; 4; 7; 77; 3; 5; 5
40,49,0.76636,0.81633,40; 15; 14; 17; 49; 15; 11; 5
5,9,0.28062,0.55556,5; 6; 4; 29; 9; 29; 23; 16
51,75,0.79351,0.68,51; 11; 13; 3; 75; 4; 4; 7
41,63,0.71203,0.65079,41; 5; 9; 4; 63; 6; 7; 6
75,78,0.82591,0.96154,75; 7; 4; 4; 78; 3; 5; 4
56,64,0.93724,0.875,56; 10; 7; 6; 64; 11; 7; 3
76,82,0.64575,0.92683,76; 5; 3; 6; 82; 4; 3; 3
73,82,0.77711,0.89024,73; 3; 8; 8; 82; 3; 3; 3
18,31,0.55878,0.58065,18; 14; 13; 20; 31; 4; 4; 14
59,63,0.98096,0.93651,59; 13; 12; 13; 63; 11; 5; 3
39,64,0.65588,0.60938,39; 8; 15; 10; 64; 4; 6; 8
40,53,0.74666,0.75472,40; 16; 8; 5; 53; 10; 9; 7
13,78,0.29235,0.16667,13; 19; 8; 9; 78; 5; 4; 5
22,70,0.38355,0.31429,22; 6; 25; 12; 70; 6; 6; 4
71,82,0.82206,0.86585,71; 3; 3; 8; 82; 3; 3; 5
54,82,0.79154,0.65854,54; 14; 9; 14; 82; 5; 4; 5
67,77,0.78478,0.87013,67; 8; 5; 6; 77; 3; 6; 6
48,63,0.77643,0.7619,48; 6; 3; 8; 63; 6; 9; 3
14,53,0.30492,0.26415,14; 4; 20; 19; 53; 5; 14; 9
63,64,0.93272,0.98438,63; 7; 5; 10; 64; 8; 3; 6
11,82,0.24902,0.13415,11; 29; 8; 8; 82; 4; 4; 3
27,53,0.51064,0.50943,27; 9; 22; 10; 53; 11; 10; 13
27,70,0.47673,0.38571,27; 5; 5; 15; 70; 8; 4; 5
23,48,0.5011,0.47917,23; 19; 4; 12; 48; 4; 9; 8
49,64,0.80114,0.76562,49; 11; 9; 13; 64; 7; 8; 9
23,49,0.49335,0.46939,23; 10; 17; 14; 49; 9; 12; 13
14,63,0.26981,0.22222,14; 6; 26; 6; 63; 9; 6; 11
24,42,0.53406,0.57143,24; 12; 24; 4; 42; 10; 8; 17
53,70,0.86139,0.75714,53; 9; 5; 10; 70; 4; 5; 8
6,82,0.14422,0.07317,6; 21; 24; 6; 82; 4; 5; 5
6,9,0.32977,0.66667,6; 14; 10; 12; 9; 19; 27; 25
17,49,0.33786,0.34694,17; 23; 22; 23; 49; 4; 12; 4
29,48,0.61215,0.60417,29; 20; 8; 5; 48; 6; 11; 12
30,77,0.49845,0.38961,30; 11; 9; 3; 77; 5; 5; 3
10,26,0.4142,0.38462,10; 12; 21; 6; 26; 14; 17; 17
25,26,0.76709,0.96154,25; 4; 9; 20; 26; 11; 7; 23
6,70,0.10315,0.08571,6; 17; 5; 30; 70; 4; 4; 7
6,26,0.25465,0.23077,6; 10; 9; 21; 26; 22; 16; 11
13,32,0.41185,0.40625,13; 5; 8; 25; 32; 20; 14; 7
16,78,0.28957,0.20513,16; 17; 11; 14; 78; 5; 5; 6
28,63,0.46922,0.44444,28; 3; 19; 6; 63; 6; 3; 3
63,82,0.88168,0.76829,63; 7; 8; 9; 82; 3; 4; 4
24,26,0.85256,0.92308,24; 4; 6; 15; 26; 5; 6; 20
48,49,0.82613,0.97959,48; 9; 11; 14; 49; 14; 10; 6
12,70,0.19797,0.17143,12; 3; 16; 5; 70; 8; 8; 6
5,26,0.21981,0.19231,5; 5; 13; 17; 26; 9; 6; 15
39,42,0.83072,0.92857,39; 15; 7; 8; 42; 7; 5; 10
18,63,0.32737,0.28571,18; 21; 5; 8; 63; 11; 7; 11
23,31,0.68907,0.74194,23; 10; 14; 7; 31; 19; 12; 18
64,78,0.82914,0.82051,64; 4; 10; 9; 78; 4; 6; 5
16,31,0.49876,0.51613,16; 24; 8; 3; 31; 19; 16; 3
5,10,0.32824,0.5,5; 4; 12; 17; 10; 28; 9; 15
16,82,0.34479,0.19512,16; 20; 21; 10; 82; 5; 4; 5
26,42,0.58213,0.61905,26; 11; 15; 6; 42; 12; 15; 5
57,77,0.87885,0.74026,57; 5; 3; 7; 77; 6; 6; 6
53,77,0.80318,0.68831,53; 11; 14; 5; 77; 4; 5; 3
39,42,0.84136,0.92857,39; 18; 19; 8; 42; 4; 14; 11
8,10,0.41429,0.8,8; 8; 29; 26; 10; 15; 21; 7
15,82,0.30723,0.18293,15; 25; 14; 17; 82; 5; 3; 4
42,82,0.67114,0.5122,42; 16; 10; 4; 82; 4; 4; 3
59,78,0.82349,0.75641,59; 3; 12; 7; 78; 6; 3; 5
7,10,0.38316,0.7,7; 5; 15; 12; 10; 22; 23; 4
6,63,0.11497,0.09524,6; 3; 27; 27; 63; 11; 8; 10
8,26,0.31189,0.30769,8; 16; 11; 19; 26; 11; 5; 23
8,10,0.40937,0.8,8; 26; 24; 16; 10; 11; 5; 16
69,78,0.83408,0.88462,69; 6; 7; 4; 78; 6; 6; 6
28,31,0.7665,0.90323,28; 4; 8; 19; 31; 16; 14; 15
27,64,0.48981,0.42188,27; 4; 15; 11; 64; 6; 9; 10
26,53,0.52019,0.49057,26; 21; 24; 13; 53; 14; 7; 8
25,82,0.4514,0.30488,25; 21; 22; 19; 82; 3; 3; 4
32,49,0.62164,0.65306,32; 20; 6; 18; 49; 12; 10; 9
7,26,0.28292,0.26923,7; 15; 27; 23; 26; 6; 9; 20
28,31,0.75775,0.90323,28; 5; 16; 12; 31; 13; 7; 9
45,49,0.78791,0.91837,45; 14; 8; 6; 49; 15; 12; 16
35,75,0.57201,0.46667,35; 14; 17; 20; 75; 7; 7; 5
64,82,0.74024,0.78049,64; 4; 3; 3; 82; 4; 4; 3
16,42,0.38661,0.38095,16; 15; 27; 19; 42; 6; 13; 11
8,64,0.15916,0.125,8; 23; 26; 28; 64; 4; 5; 3
7,26,0.28772,0.26923,7; 3; 12; 29; 26; 17; 7; 4
59,78,0.84646,0.75641,59; 10; 9; 5; 78; 4; 3; 3
44,49,0.81704,0.89796,44; 13; 8; 16; 49; 5; 16; 14
30,63,0.54063,0.47619,30; 19; 15; 16; 63; 3; 9; 3
16,75,0.32207,0.21333,16; 23; 24; 11; 75; 7; 7; 3
61,64,0.9664,0.95312,61; 9; 12; 9; 64; 11; 9; 11
40,70,0.65267,0.57143,40; 18; 6; 16; 70; 3; 9; 4
32,42,0.79564,0.7619,32; 21; 10; 11; 42; 10; 5; 4
17,64,0.28908,0.26562,17; 24; 3; 20; 64; 6; 3; 8
11,32,0.38223,0.34375,11; 12; 10; 8; 32; 14; 16; 5
7,9,0.34714,0.77778,7; 15; 9; 17; 9; 9; 9; 27
7,9,0.35458,0.77778,7; 17; 29; 10; 9; 20; 24; 7
21,48,0.45007,0.4375,21; 4; 24; 16; 48; 16; 4; 9
7,9,0.3636,0.77778,7; 29; 11; 27; 9; 7; 17; 22
9,10,0.44565,0.9,9; 6; 25; 3; 10; 16; 29; 10
46,49,0.78583,0.93878,46; 4; 5; 17; 49; 16; 11; 14
59,64,0.9274,0.92188,59; 5; 8; 5; 64; 11; 9; 11
50,70,0.81845,0.71429,50; 14; 14; 16; 70; 8; 8; 7
61,78,0.88939,0.78205,61; 6; 4; 12; 78; 6; 3; 6
6,10,0.33676,0.6,6; 27; 22; 24; 10; 25; 6; 24
10,42,0.2167,0.2381,10; 18; 4; 19; 42; 14; 11; 3
16,75,0.29957,0.21333,16; 6; 18; 24; 75; 4; 5; 3
17,31,0.53045,0.54839,17; 27; 14; 27; 31; 13; 4; 13
64,82,0.81212,0.78049,64; 9; 3; 8; 82; 5; 3; 5
67,78,0.82282,0.85897,67; 5; 3; 3; 78; 4; 6; 6
37,78,0.59617,0.47436,37; 6; 5; 19; 78; 6; 6; 4
5,48,0.1372,0.10417,5; 17; 23; 23; 48; 15; 8; 13
10,49,0.21457,0.20408,10; 24; 3; 28; 49; 16; 12; 5
11,48,0.22353,0.22917,11; 9; 17; 22; 48; 14; 10; 6
18,42,0.42865,0.42857,18; 3; 5; 13; 42; 6; 4; 12
26,64,0.46266,0.40625,26; 8; 12; 18; 64; 3; 6; 4
34,53,0.67251,0.64151,34; 19; 19; 10; 53; 6; 10; 7
76,78,0.73824,0.97436,76; 4; 6; 4; 78; 3; 3; 5
31,42,0.70716,0.7381,31; 20; 10; 19; 42; 3; 3; 13
14,32,0.45158,0.4375,14; 4; 14; 24; 32; 7; 3; 20
30,49,0.61789,0.61224,30; 18; 11; 21; 49; 5; 16; 6
45,63,0.73851,0.71429,45; 6; 13; 7; 63; 6; 6; 10
28,53,0.50875,0.5283,28; 3; 13; 8; 53; 13; 13; 3
9,10,0.45526,0.9,9; 10; 21; 9; 10; 16; 20; 25
28,42,0.68178,0.66667,28; 12; 5; 8; 42; 5; 7; 6
6,10,0.35324,0.6,6; 27; 11; 14; 10; 17; 27; 4
20,31,0.63362,0.64516,20; 22; 23; 16; 31; 16; 3; 11
34,49,0.70076,0.69388,34; 3; 19; 12; 49; 12; 13; 4
69,70,0.89897,0.98571,69; 3; 6; 8; 70; 7; 6; 4
40,63,0.67868,0.63492,40; 16; 7; 12; 63; 4; 4; 3
20,31,0.64956,0.64516,20; 20; 23; 8; 31; 19; 18; 4
42,78,0.68745,0.53846,42; 15; 11; 10; 78; 5; 4; 4
54,78,0.80963,0.69231,54; 3; 13; 5; 78; 4; 6; 4
26,82,0.49253,0.31707,26; 5; 8; 7; 82; 3; 5; 4
21,49,0.44407,0.42857,21; 24; 4; 9; 49; 12; 4; 4
16,78,0.30084,0.20513,16; 26; 11; 11; 78; 3; 6; 5
39,75,0.641,0.52,39; 10; 9; 4; 75; 3; 7; 7
5,32,0.19084,0.15625,5; 15; 24; 27; 32; 12; 9; 12
18,49,0.3771,0.36735,18; 6; 25; 12; 49; 5; 9; 4
16,70,0.31254,0.22857,16; 9; 3; 7; 70; 6; 5; 3
15,48,0.32632,0.3125,15; 20; 5; 8; 48; 3; 16; 6
20,31,0.71024,0.64516,20; 25; 19; 19; 31; 9; 14; 8
33,42,0.82641,0.78571,33; 3; 14; 6; 42; 7; 16; 4
23,70,0.3997,0.32857,23; 3; 12; 11; 70; 9; 9; 9
12,82,0.271,0.14634,12; 18; 7; 17; 82; 5; 3; 3
59,75,0.85302,0.78667,59; 4; 8; 5; 75; 3; 3; 4
30,75,0.5237,0.4,30; 19; 20; 15; 75; 5; 5; 6
59,64,0.94283,0.92188,59; 5; 11; 6; 64; 10; 6; 8
33,53,0.64334,0.62264,33; 18; 8; 10; 53; 15; 9; 15
19,42,0.46667,0.45238,19; 18; 10; 10; 42; 6; 16; 14
6,75,0.13256,0.08,6; 6; 22; 4; 75; 5; 6; 6
15,31,0.49139,0.48387,15; 9; 13; 13; 31; 4; 9; 20
8,31,0.29505,0.25806,8; 17; 8; 12; 31; 4; 12; 11
27,64,0.45276,0.42188,27; 8; 19; 4; 64; 4; 5; 5
77,82,0.6985,0.93902,77; 6; 6; 3; 82; 3; 5; 5
65,78,0.76862,0.83333,65; 4; 5; 6; 78; 3; 6; 3
16,75,0.28912,0.21333,16; 20; 26; 22; 75; 3; 3; 4
50,63,0.82526,0.79365,50; 9; 3; 6; 63; 7; 11; 8
18,32,0.53808,0.5625,18; 24; 19; 24; 32; 7; 8; 9
5,42,0.14638,0.11905,5; 21; 26; 25; 42; 10; 11; 3
7,10,0.38033,0.7,7; 17; 11; 21; 10; 24; 16; 26
37,82,0.57087,0.45122,37; 15; 20; 11; 82; 5; 3; 4
42,77,0.66733,0.54545,42; 9; 12; 9; 77; 7; 5; 3
30,63,0.50857,0.47619,30; 9; 6; 12; 63; 3; 9; 11
18,63,0.30896,0.28571,18; 3; 22; 11; 63; 10; 8; 7
31,63,0.53956,0.49206,31; 8; 5; 4; 63; 6; 8; 9
51,78,0.85271,0.65385,51; 10; 6; 7; 78; 5; 4; 3
14,26,0.55874,0.53846,14; 24; 13; 19; 26; 17; 17; 23
50,64,0.81084,0.78125,50; 13; 11; 7; 64; 10; 6; 10
29,77,0.5137,0.37662,29; 20; 20; 12; 77; 3; 4; 3
39,63,0.67476,0.61905,39; 19; 8; 3; 63; 6; 7; 11
10,31,0.37378,0.32258,10; 23; 17; 26; 31; 8; 4; 13
19,64,0.33716,0.29688,19; 12; 18; 17; 64; 9; 8; 11
63,70,0.88279,0.9,63; 11; 6; 10; 70; 4; 7; 7
41,64,0.69005,0.64062,41; 16; 3; 4; 64; 9; 8; 3
22,64,0.396,0.34375,22; 8; 6; 9; 64; 6; 8; 10
27,63,0.48188,0.42857,27; 10; 13; 19; 63; 4; 4; 5
59,63,0.96308,0.93651,59; 12; 12; 4; 63; 11; 11; 11
8,9,0.39354,0.88889,8; 9; 26; 4; 9; 15; 26; 12
25,63,0.45711,0.39683,25; 9; 17; 14; 63; 8; 5; 8
77,82,0.65235,0.93902,77; 5; 4; 6; 82; 5; 4; 5
11,64,0.19912,0.17188,11; 18; 4; 21; 64; 9; 7; 6
46,70,0.77747,0.65714,46; 8; 6; 15; 70; 8; 5; 9
7,63,0.16144,0.11111,7; 20; 17; 13; 63; 5; 10; 6
55,63,0.93176,0.87302,55; 8; 10; 3; 63; 5; 5; 9
24,42,0.52813,0.57143,24; 22; 13; 22; 42; 3; 10; 17
14,26,0.59113,0.53846,14; 5; 23; 17; 26; 5; 16; 20
5,10,0.32888,0.5,5; 9; 24; 28; 10; 6; 23; 24
7,48,0.15538,0.14583,7; 11; 12; 11; 48; 9; 15; 9
62,82,0.75349,0.7561,62; 3; 7; 3; 82; 5; 4; 4
35,63,0.61111,0.55556,35; 9; 16; 5; 63; 6; 3; 7
9,10,0.44087,0.9,9; 26; 15; 29; 10; 17; 27; 20
46,48,0.81211,0.95833,46; 14; 6; 4; 48; 9; 9; 12
54,82,0.83204,0.65854,54; 14; 11; 12; 82; 5; 3; 5
8,9,0.3779,0.88889,8; 20; 6; 21; 9; 8; 13; 29
27,63,0.46736,0.42857,27; 6; 21; 13; 63; 4; 7; 6
26,63,0.44201,0.4127,26; 8; 24; 9; 63; 6; 11; 4
59,82,0.77052,0.71951,59; 12; 4; 10; 82; 5; 4; 5
22,32,0.74031,0.6875,22; 15; 20; 9; 32; 17; 9; 10
24,32,0.72814,0.75,24; 18; 13; 8; 32; 20; 3; 4
61,64,0.90685,0.95312,61; 6; 6; 4; 64; 9; 3; 7
64,77,0.83677,0.83117,64; 7; 6; 5; 77; 3; 6; 6
26,82,0.47812,0.31707,26; 24; 16; 15; 82; 3; 3; 4
23,42,0.53218,0.54762,23; 23; 23; 25; 42; 9; 15; 10
6,31,0.19075,0.19355,6; 18; 10; 29; 31; 3; 3; 8
59,77,0.88743,0.76623,59; 11; 6; 13; 77; 6; 6; 4
30,64,0.52068,0.46875,30; 7; 22; 16; 64; 11; 10; 7
6,31,0.20388,0.19355,6; 26; 6; 5; 31; 12; 12; 8
8,31,0.30175,0.25806,8; 4; 7; 10; 31; 8; 20; 12
30,70,0.50782,0.42857,30; 18; 18; 6; 70; 7; 9; 3
37,77,0.60228,0.48052,37; 12; 17; 18; 77; 7; 5; 7
37,53,0.75156,0.69811,37; 14; 8; 6; 53; 8; 15; 4
13,26,0.4653,0.5,13; 23; 9; 15; 26; 19; 18; 8
19,78,0.37001,0.24359,19; 18; 22; 11; 78; 4; 3; 5
5,77,0.11973,0.06494,5; 27; 14; 23; 77; 3; 5; 6
9,42,0.20494,0.21429,9; 26; 3; 7; 42; 5; 15; 16
72,75,0.81449,0.96,72; 8; 7; 8; 75; 6; 3; 5
31,48,0.68999,0.64583,31; 5; 19; 9; 48; 11; 15; 15
29,63,0.46075,0.46032,29; 15; 8; 15; 63; 5; 4; 11
12,49,0.24828,0.2449,12; 25; 28; 13; 49; 12; 10; 11
28,31,0.76622,0.90323,28; 3; 6; 13; 31; 9; 5; 20
21,32,0.66579,0.65625,21; 5; 8; 5; 32; 19; 22; 11
21,31,0.67312,0.67742,21; 12; 11; 19; 31; 22; 13; 10
32,64,0.54556,0.5,32; 15; 14; 11; 64; 5; 4; 7
76,77,0.81761,0.98701,76; 3; 4; 3; 77; 4; 7; 7
36,42,0.86501,0.85714,36; 4; 11; 14; 42; 12; 9; 17
30,48,0.63227,0.625,30; 15; 4; 4; 48; 3; 15; 16
5,10,0.3276,0.5,5; 13; 19; 4; 10; 3; 6; 12
8,9,0.42128,0.88889,8; 14; 23; 11; 9; 19; 29; 14
41,64,0.6724,0.64062,41; 6; 9; 18; 64; 6; 9; 4
6,9,0.32383,0.66667,6; 23; 16; 12; 9; 6; 15; 3
48,77,0.735,0.62338,48; 11; 9; 7; 77; 7; 4; 3
31,42,0.73951,0.7381,31; 12; 8; 8; 42; 7; 3; 18
50,75,0.77952,0.66667,50; 9; 10; 6; 75; 7; 6; 5
14,31,0.50432,0.45161,14; 27; 22; 6; 31; 11; 4; 12
36,48,0.77261,0.75,36; 11; 4; 18; 48; 3; 14; 11
33,64,0.54705,0.51562,33; 3; 17; 7; 64; 8; 11; 3
21,77,0.37818,0.27273,21; 8; 24; 25; 77; 7; 4; 3
39,82,0.56995,0.47561,39; 19; 17; 4; 82; 5; 3; 4
49,53,0.85263,0.92453,49; 15; 3; 9; 53; 6; 15; 12
49,53,0.84798,0.92453,49; 16; 7; 14; 53; 11; 13; 14
33,63,0.58157,0.52381,33; 14; 8; 4; 63; 3; 9; 10
75,82,0.77916,0.91463,75; 6; 6; 6; 82; 3; 3; 4
24,32,0.68767,0.75,24; 11; 5; 20; 32; 3; 16; 17
20,64,0.36319,0.3125,20; 15; 9; 4; 64; 8; 4; 6
21,31,0.58878,0.67742,21; 9; 11; 16; 31; 18; 15; 8
46,78,0.68673,0.58974,46; 17; 8; 14; 78; 3; 3; 6
41,48,0.78748,0.85417,41; 3; 14; 11; 48; 7; 3; 12
6,31,0.19719,0.19355,6; 9; 29; 29; 31; 14; 13; 14
31,49,0.65756,0.63265,31; 8; 9; 5; 49; 16; 11; 12
11,78,0.21026,0.14103,11; 17; 29; 21; 78; 5; 3; 3
14,64,0.25735,0.21875,14; 16; 19; 10; 64; 4; 4; 9
34,78,0.57258,0.4359,34; 8; 12; 20; 78; 5; 4; 6
66,82,0.84723,0.80488,66; 5; 4; 9; 82; 4; 4; 5
33,64,0.53673,0.51562,33; 9; 14; 17; 64; 8; 9; 9
21,31,0.70909,0.67742,21; 7; 20; 6; 31; 7; 8; 21
22,82,0.43162,0.26829,22; 24; 13; 13; 82; 3; 3; 4
6,10,0.32337,0.6,6; 6; 15; 12; 10; 23; 18; 26
14,26,0.54411,0.53846,14; 22; 26; 8; 26; 8; 16; 16
12,31,0.39618,0.3871,12; 26; 11; 4; 31; 5; 19; 11
18,26,0.64596,0.69231,18; 8; 11; 18; 26; 14; 8; 5
32,77,0.52903,0.41558,32; 9; 10; 16; 77; 4; 6; 3
16,31,0.51066,0.51613,16; 5; 9; 24; 31; 4; 20; 19
6,10,0.3532,0.6,6; 10; 28; 28; 10; 28; 4; 12
25,31,0.7136,0.80645,25; 10; 9; 5; 31; 18; 14; 20
8,32,0.25284,0.25,8; 18; 19; 30; 32; 4; 11; 19
14,26,0.50919,0.53846,14; 19; 4; 19; 26; 19; 16; 12
16,32,0.53067,0.5,16; 4; 27; 12; 32; 20; 10; 12
41,78,0.64026,0.52564,41; 14; 18; 12; 78; 5; 3; 3
57,70,0.93258,0.81429,57; 7; 13; 6; 70; 9; 5; 5
28,42,0.66133,0.66667,28; 15; 14; 8; 42; 18; 15; 9
29,32,0.77791,0.90625,29; 21; 20; 18; 32; 22; 4; 20
7,10,0.39211,0.7,7; 7; 8; 13; 10; 10; 15; 17
8,9,0.35198,0.88889,8; 10; 5; 21; 9; 19; 23; 22
5,10,0.28824,0.5,5; 29; 4; 10; 10; 26; 26; 20
9,10,0.46772,0.9,9; 14; 6; 19; 10; 4; 15; 7
27,78,0.47497,0.34615,27; 20; 19; 14; 78; 6; 6; 6
20,31,0.62535,0.64516,20; 10; 11; 22; 31; 22; 16; 9
8,9,0.38812,0.88889,8; 27; 23; 5; 9; 5; 11; 17
47,64,0.75997,0.73438,47; 11; 3; 12; 64; 7; 11; 8
9,10,0.45684,0.9,9; 16; 7; 26; 10; 20; 29; 27
20,42,0.46475,0.47619,20; 18; 11; 10; 42; 14; 6; 5
8,31,0.2529,0.25806,8; 30; 26; 29; 31; 8; 13; 14
9,75,0.20029,0.12,9; 24; 17; 25; 75; 5; 3; 5
18,48,0.42876,0.375,18; 10; 14; 9; 48; 5; 7; 9
14,32,0.47345,0.4375,14; 11; 25; 15; 32; 20; 9; 5
16,42,0.37178,0.38095,16; 15; 17; 4; 42; 14; 16; 15
24,26,0.81323,0.92308,24; 18; 14; 3; 26; 23; 10; 9
38,42,0.8764,0.90476,38; 15; 7; 19; 42; 16; 4; 13
6,10,0.37737,0.6,6; 25; 20; 3; 10; 5; 11; 27
25,53,0.48827,0.4717,25; 16; 9; 21; 53; 4; 6; 12
69,78,0.77727,0.88462,69; 9; 7; 9; 78; 5; 3; 4
23,42,0.56206,0.54762,23; 25; 4; 12; 42; 5; 12; 7
24,32,0.78095,0.75,24; 12; 6; 23; 32; 5; 18; 11
6,9,0.35778,0.66667,6; 17; 18; 7; 9; 12; 12; 16
30,32,0.83399,0.9375,30; 5; 16; 11; 32; 21; 5; 4
52,78,0.71489,0.66667,52; 9; 4; 10; 78; 5; 4; 5
29,53,0.54815,0.54717,29; 21; 7; 10; 53; 4; 14; 9
13,49,0.28504,0.26531,13; 20; 8; 17; 49; 10; 3; 4
37,48,0.81536,0.77083,37; 15; 6; 5; 48; 5; 7; 16
48,63,0.81768,0.7619,48; 11; 9; 14; 63; 9; 7; 3
54,75,0.85352,0.72,54; 11; 11; 5; 75; 7; 4; 4
58,77,0.845,0.75325,58; 5; 7; 12; 77; 6; 3; 6
36,48,0.79582,0.75,36; 13; 7; 20; 48; 10; 12; 10
67,78,0.87634,0.85897,67; 8; 10; 5; 78; 6; 3; 4
20,32,0.62135,0.625,20; 3; 16; 11; 32; 11; 20; 9
37,64,0.61614,0.57812,37; 15; 7; 20; 64; 6; 8; 6
42,53,0.77924,0.79245,42; 18; 9; 13; 53; 12; 7; 15
8,9,0.40214,0.88889,8; 24; 3; 17; 9; 27; 26; 11
6,70,0.08311,0.08571,6; 22; 26; 9; 70; 3; 6; 3
30,49,0.6133,0.61224,30; 15; 6; 11; 49; 6; 16; 13
5,26,0.17566,0.19231,5; 7; 13; 20; 26; 20; 3; 12
35,49,0.76625,0.71429,35; 13; 12; 12; 49; 7; 15; 5
12,64,0.21736,0.1875,12; 10; 18; 16; 64; 9; 8; 8
35,78,0.57902,0.44872,35; 7; 5; 18; 78; 5; 6; 4
30,42,0.69218,0.71429,30; 20; 21; 15; 42; 15; 8; 12
5,10,0.27663,0.5,5; 5; 16; 6; 10; 17; 14; 18
41,49,0.75996,0.83673,41; 15; 3; 10; 49; 9; 15; 8
31,70,0.52117,0.44286,31; 18; 17; 16; 70; 9; 9; 8
10,31,0.34659,0.32258,10; 29; 25; 5; 31; 10; 18; 10
53,64,0.87076,0.82812,53; 10; 5; 15; 64; 11; 5; 9
5,26,0.19707,0.19231,5; 24; 22; 16; 26; 10; 10; 3
9,64,0.19262,0.14062,9; 19; 18; 8; 64; 10; 6; 9
7,9,0.35683,0.77778,7; 29; 10; 23; 9; 9; 18; 5
19,48,0.39104,0.39583,19; 17; 7; 21; 48; 9; 7; 10
12,32,0.43315,0.375,12; 21; 8; 27; 32; 9; 20; 5
7,9,0.3958,0.77778,7; 21; 12; 20; 9; 25; 27; 9
38,42,0.86538,0.90476,38; 14; 11; 19; 42; 13; 18; 15
8,10,0.3884,0.8,8; 16; 25; 11; 10; 20; 7; 18
22,42,0.53087,0.52381,22; 14; 12; 9; 42; 10; 8; 6
61,77,0.84234,0.79221,61; 11; 9; 11; 77; 3; 7; 6
18,32,0.52433,0.5625,18; 22; 9; 11; 32; 3; 10; 14
43,48,0.80696,0.89583,43; 4; 4; 6; 48; 13; 14; 12
35,77,0.61134,0.45455,35; 4; 3; 15; 77; 5; 4; 7
11,49,0.24249,0.22449,11; 12; 21; 7; 49; 13; 12; 12
31,78,0.52858,0.39744,31; 22; 7; 5; 78; 6; 6; 4
42,78,0.65217,0.53846,42; 18; 10; 6; 78; 3; 6; 3
39,77,0.60396,0.50649,39; 17; 8; 19; 77; 6; 3; 4
24,82,0.48579,0.29268,24; 5; 10; 11; 82; 5; 3; 3
43,49,0.81368,0.87755,43; 12; 5; 11; 49; 10; 5; 14
11,32,0.39204,0.34375,11; 28; 27; 12; 32; 17; 6; 22
38,64,0.63491,0.59375,38; 13; 12; 8; 64; 4; 10; 8
8,9,0.40736,0.88889,8; 11; 24; 16; 9; 19; 29; 22
6,9,0.32377,0.66667,6; 17; 14; 30; 9; 8; 29; 27
29,53,0.54323,0.54717,29; 20; 15; 20; 53; 7; 7; 10
30,31,0.7805,0.96774,30; 4; 12; 22; 31; 15; 6; 21
45,53,0.79936,0.84906,45; 11; 15; 16; 53; 11; 12; 7
12,31,0.38102,0.3871,12; 14; 6; 7; 31; 16; 10; 20
36,63,0.61252,0.57143,36; 15; 12; 6; 63; 8; 9; 10
7,49,0.15887,0.14286,7; 28; 25; 18; 49; 10; 8; 14
25,78,0.45028,0.32051,25; 23; 4; 23; 78; 4; 5; 6
9,26,0.32858,0.34615,9; 3; 17; 17; 26; 3; 12; 24
40,77,0.67615,0.51948,40; 6; 5; 19; 77; 4; 4; 6
25,77,0.46947,0.32468,25; 8; 10; 8; 77; 3; 5; 7
47,48,0.79722,0.97917,47; 9; 3; 7; 48; 16; 11; 9
64,70,0.9115,0.91429,64; 8; 4; 7; 70; 8; 6; 6
40,49,0.76056,0.81633,40; 3; 14; 18; 49; 12; 5; 14
44,75,0.67701,0.58667,44; 14; 6; 12; 75; 7; 3; 5
7,9,0.34301,0.77778,7; 17; 29; 17; 9; 17; 17; 13
15,48,0.30935,0.3125,15; 17; 14; 19; 48; 3; 7; 8
14,70,0.26597,0.2,14; 26; 10; 28; 70; 9; 5; 5
7,9,0.35181,0.77778,7; 4; 15; 30; 9; 8; 28; 15
21,26,0.74743,0.80769,21; 15; 18; 9; 26; 11; 24; 20
33,77,0.53624,0.42857,33; 13; 11; 12; 77; 4; 5; 7
10,31,0.36581,0.32258,10; 17; 28; 24; 31; 11; 17; 15
16,32,0.47713,0.5,16; 14; 5; 9; 32; 6; 16; 6
35,42,0.86961,0.83333,35; 6; 21; 18; 42; 12; 3; 6
12,75,0.25176,0.16,12; 18; 23; 14; 75; 5; 4; 4
35,49,0.76508,0.71429,35; 9; 20; 18; 49; 6; 11; 14
18,32,0.5667,0.5625,18; 7; 22; 21; 32; 5; 17; 15
27,48,0.59733,0.5625,27; 5; 3; 3; 48; 10; 11; 8
70,77,0.85054,0.90909,70; 8; 8; 8; 77; 4; 3; 4
52,82,0.71438,0.63415,52; 15; 4; 9; 82; 3; 3; 3
23,31,0.69656,0.74194,23; 18; 13; 6; 31; 3; 14; 12
21,53,0.456,0.39623,21; 11; 25; 25; 53; 12; 13; 8
20,32,0.59131,0.625,20; 25; 24; 6; 32; 18; 7; 21
8,49,0.16114,0.16327,8; 16; 5; 26; 49; 10; 5; 11
35,49,0.72596,0.71429,35; 7; 12; 14; 49; 8; 15; 8
10,48,0.22579,0.20833,10; 25; 20; 16; 48; 10; 10; 10
5,9,0.29886,0.55556,5; 17; 14; 26; 9; 3; 4; 22
8,9,0.36921,0.88889,8; 17; 6; 29; 9; 15; 3; 22
24,49,0.48611,0.4898,24; 18; 9; 22; 49; 15; 9; 5
26,70,0.48219,0.37143,26; 23; 13; 10; 70; 3; 9; 6
7,49,0.17028,0.14286,7; 11; 6; 27; 49; 7; 13; 12
56,70,0.92164,0.8,56; 8; 12; 12; 70; 4; 8; 9
23,26,0.77064,0.88462,23; 6; 9; 4; 26; 6; 23; 5
57,63,0.96733,0.90476,57; 6; 7; 7; 63; 11; 9; 7
21,42,0.48182,0.5,21; 24; 15; 8; 42; 8; 13; 16
23,78,0.45325,0.29487,23; 16; 7; 16; 78; 5; 3; 6
25,26,0.81189,0.96154,25; 20; 10; 10; 26; 7; 16; 11
26,32,0.78162,0.8125,26; 3; 11; 4; 32; 17; 16; 13
17,26,0.61192,0.65385,17; 22; 16; 11; 26; 20; 10; 5
28,77,0.49502,0.36364,28; 7; 20; 3; 77; 3; 7; 3
15,26,0.56688,0.57692,15; 24; 7; 26; 26; 13; 7; 17
5,9,0.28476,0.55556,5; 25; 27; 13; 9; 21; 9; 14
34,77,0.5697,0.44156,34; 11; 16; 15; 77; 3; 6; 4
42,63,0.71045,0.66667,42; 15; 18; 12; 63; 6; 6; 10
26,75,0.48944,0.34667,26; 14; 12; 9; 75; 4; 3; 4
10,42,0.25636,0.2381,10; 23; 26; 15; 42; 6; 13; 5
32,63,0.55013,0.50794,32; 14; 11; 19; 63; 9; 8; 6
46,75,0.69689,0.61333,46; 12; 3; 6; 75; 3; 6; 6
52,78,0.84319,0.66667,52; 12; 11; 14; 78; 4; 3; 6
19,31,0.56136,0.6129,19; 12; 11; 11; 31; 6; 8; 5
40,70,0.65207,0.57143,40; 15; 18; 5; 70; 4; 9; 9
44,82,0.64582,0.53659,44; 3; 7; 4; 82; 3; 5; 5
31,78,0.53897,0.39744,31; 3; 9; 21; 78; 6; 6; 6
21,70,0.37971,0.3,21; 23; 8; 12; 70; 4; 3; 3
57,78,0.92629,0.73077,57; 4; 10; 11; 78; 4; 5; 3
55,63,0.90465,0.87302,55; 11; 7; 10; 63; 9; 4; 9
21,53,0.40548,0.39623,21; 20; 16; 14; 53; 6; 4; 10
7,9,0.37939,0.77778,7; 8; 22; 30; 9; 10; 4; 25
30,63,0.53345,0.47619,30; 13; 10; 16; 63; 10; 8; 5
6,10,0.37554,0.6,6; 30; 27; 17; 10; 8; 10; 19
39,78,0.62534,0.5,39; 7; 13; 12; 78; 3; 6; 5
5,9,0.29652,0.55556,5; 31; 7; 29; 9; 4; 25; 25
16,32,0.50852,0.5,16; 27; 14; 16; 32; 13; 19; 5
9,26,0.36511,0.34615,9; 28; 15; 18; 26; 12; 17; 14
41,42,0.8265,0.97619,41; 7; 19; 11; 42; 12; 4; 7
7,9,0.34553,0.77778,7; 9; 6; 30; 9; 17; 9; 7
18,64,0.31479,0.28125,18; 4; 19; 19; 64; 5; 7; 3
47,63,0.77977,0.74603,47; 9; 9; 4; 63; 10; 5; 9
15,32,0.46854,0.46875,15; 21; 20; 22; 32; 4; 15; 14
11,31,0.34246,0.35484,11; 7; 26; 17; 31; 21; 22; 9
20,42,0.48172,0.47619,20; 16; 14; 20; 42; 6; 16; 10
5,53,0.12029,0.09434,5; 14; 15; 17; 53; 10; 8; 11
43,64,0.68055,0.67188,43; 16; 4; 16; 64; 10; 8; 10
35,78,0.56191,0.44872,35; 6; 18; 15; 78; 5; 3; 6
43,63,0.73136,0.68254,43; 4; 4; 14; 63; 3; 5; 9
8,9,0.38463,0.88889,8; 24; 12; 20; 9; 4; 10; 15
29,82,0.49395,0.35366,29; 20; 19; 7; 82; 3; 3; 5
43,49,0.78874,0.87755,43; 17; 11; 7; 49; 5; 6; 3
22,26,0.76237,0.84615,22; 14; 11; 6; 26; 24; 8; 19
66,82,0.7034,0.80488,66; 8; 7; 9; 82; 5; 5; 3
31,48,0.68872,0.64583,31; 9; 9; 8; 48; 7; 12; 14
43,48,0.81124,0.89583,43; 11; 9; 14; 48; 6; 8; 13
20,49,0.4197,0.40816,20; 22; 7; 4; 49; 8; 12; 12
28,53,0.55134,0.5283,28; 12; 10; 8; 53; 7; 11; 15
35,48,0.79263,0.72917,35; 21; 15; 11; 48; 5; 7; 12
49,78,0.81874,0.62821,49; 15; 14; 6; 78; 6; 3; 6
22,75,0.39613,0.29333,22; 19; 9; 24; 75; 5; 5; 5
9,10,0.44271,0.9,9; 22; 21; 12; 10; 28; 12; 20
18,26,0.68014,0.69231,18; 6; 15; 9; 26; 14; 13; 23
40,78,0.65291,0.51282,40; 10; 11; 6; 78; 4; 6; 6
55,70,0.92361,0.78571,55; 14; 6; 10; 70; 4; 4; 3
5,53,0.12069,0.09434,5; 10; 14; 6; 53; 11; 4; 6
5,63,0.10504,0.07937,5; 28; 19; 12; 63; 8; 4; 11
10,78,0.22407,0.12821,10; 23; 11; 7; 78; 3; 4; 3
17,49,0.35817,0.34694,17; 22; 5; 20; 49; 8; 13; 5
22,26,0.74602,0.84615,22; 12; 22; 16; 26; 24; 14; 18
49,53,0.83528,0.92453,49; 4; 16; 9; 53; 12; 9; 12
35,70,0.57112,0.5,35; 3; 12; 9; 70; 3; 6; 5
19,26,0.71673,0.73077,19; 25; 12; 4; 26; 16; 4; 21
30,31,0.78845,0.96774,30; 6; 16; 15; 31; 19; 3; 17
58,82,0.85225,0.70732,58; 3; 10; 12; 82; 5; 5; 3
40,77,0.64978,0.51948,40; 15; 14; 14; 77; 4; 7; 4
8,9,0.39943,0.88889,8; 16; 6; 4; 9; 13; 24; 19
7,48,0.18153,0.14583,7; 26; 22; 9; 48; 13; 13; 9
16,48,0.34896,0.33333,16; 13; 19; 27; 48; 15; 12; 10
24,32,0.72524,0.75,24; 8; 21; 5; 32; 13; 20; 14
22,31,0.61376,0.70968,22; 7; 9; 9; 31; 9; 19; 19
29,42,0.62,0.69048,29; 19; 15; 6; 42; 14; 16; 16
6,48,0.13345,0.125,6; 3; 23; 6; 48; 3; 16; 4
7,32,0.23879,0.21875,7; 12; 12; 8; 32; 9; 14; 14
31,64,0.50774,0.48438,31; 21; 18; 7; 64; 6; 10; 9
58,75,0.8649,0.77333,58; 3; 12; 11; 75; 7; 4; 7
7,9,0.35757,0.77778,7; 21; 18; 5; 9; 27; 3; 10
24,42,0.58408,0.57143,24; 15; 15; 19; 42; 6; 5; 10
66,77,0.82238,0.85714,66; 9; 5; 4; 77; 3; 6; 7
41,53,0.74452,0.77358,41; 3; 12; 11; 53; 8; 6; 3
27,53,0.51442,0.50943,27; 11; 14; 5; 53; 8; 9; 4
9,26,0.33175,0.34615,9; 22; 8; 8; 26; 15; 17; 21
7,9,0.34477,0.77778,7; 14; 23; 10; 9; 17; 16; 16
23,49,0.49457,0.46939,23; 3; 24; 11; 49; 7; 15; 11
7,26,0.28279,0.26923,7; 6; 9; 26; 26; 21; 23; 19
8,63,0.17134,0.12698,8; 6; 9; 8; 63; 4; 3; 8
10,63,0.1961,0.15873,10; 21; 13; 14; 63; 9; 9; 3
5,9,0.287,0.55556,5; 21; 27; 12; 9; 23; 20; 26
16,48,0.35169,0.33333,16; 19; 19; 3; 48; 10; 10; 9
8,75,0.18356,0.10667,8; 25; 12; 19; 75; 7; 6; 5
5,32,0.15621,0.15625,5; 25; 31; 16; 32; 21; 7; 11
6,10,0.33342,0.6,6; 3; 25; 15; 10; 15; 5; 21
17,48,0.38487,0.35417,17; 18; 4; 4; 48; 11; 16; 8
24,48,0.5412,0.5,24; 4; 24; 17; 48; 15; 16; 10
38,63,0.66071,0.60317,38; 13; 8; 18; 63; 5; 4; 6
13,77,0.26814,0.16883,13; 21; 16; 21; 77; 3; 7; 6
30,31,0.80312,0.96774,30; 8; 22; 4; 31; 17; 15; 3
32,42,0.7267,0.7619,32; 5; 11; 7; 42; 17; 10; 11
7,82,0.18362,0.08537,7; 27; 30; 7; 82; 3; 3; 3
25,82,0.46327,0.30488,25; 24; 9; 15; 82; 5; 4; 3
19,70,0.32032,0.27143,19; 16; 19; 3; 70; 8; 9; 4
53,63,0.87919,0.84127,53; 11; 5; 13; 63; 8; 10; 9
9,53,0.18096,0.16981,9; 29; 28; 4; 53; 5; 5; 10
67,78,0.81514,0.85897,67; 8; 4; 10; 78; 3; 4; 3
61,63,0.91792,0.96825,61; 7; 10; 6; 63; 8; 6; 6
8,42,0.18185,0.19048,8; 9; 21; 21; 42; 6; 16; 3
27,77,0.47587,0.35065,27; 17; 4; 9; 77; 5; 5; 6
58,70,0.88575,0.82857,58; 7; 5; 12; 70; 5; 7; 9
65,75,0.87459,0.86667,65; 9; 7; 4; 75; 3; 4; 4
28,63,0.49987,0.44444,28; 23; 12; 11; 63; 8; 11; 9
46,77,0.713,0.5974,46; 15; 16; 12; 77; 3; 3; 5
21,31,0.64731,0.67742,21; 16; 10; 14; 31; 13; 4; 22
26,42,0.64497,0.61905,26; 7; 17; 11; 42; 12; 15; 14
12,32,0.3893,0.375,12; 27; 26; 5; 32; 6; 13; 17
55,64,0.9301,0.85938,55; 4; 4; 9; 64; 8; 9; 11
17,32,0.55274,0.53125,17; 27; 20; 18; 32; 22; 5; 17
8,63,0.19402,0.12698,8; 6; 28; 12; 63; 8; 4; 9
8,9,0.39455,0.88889,8; 27; 6; 25; 9; 29; 3; 29
8,26,0.31137,0.30769,8; 22; 11; 22; 26; 20; 21; 12
9,32,0.33082,0.28125,9; 3; 16; 26; 32; 5; 8; 22
7,75,0.1299,0.09333,7; 22; 27; 12; 75; 3; 3; 4
7,9,0.35098,0.77778,7; 24; 27; 24; 9; 15; 6; 24
30,82,0.49819,0.36585,30; 13; 11; 10; 82; 5; 4; 5
36,48,0.77045,0.75,36; 10; 11; 9; 48; 8; 5; 14
27,82,0.49435,0.32927,27; 3; 8; 19; 82; 4; 5; 5
22,26,0.77268,0.84615,22; 14; 7; 24; 26; 5; 16; 5
30,70,0.49516,0.42857,30; 8; 4; 15; 70; 6; 9; 8
8,10,0.42701,0.8,8; 17; 13; 30; 10; 17; 15; 24
53,82,0.84218,0.64634,53; 13; 10; 11; 82; 5; 3; 4
21,49,0.43575,0.42857,21; 9; 9; 4; 49; 4; 5; 11
24,53,0.46467,0.45283,24; 7; 13; 6; 53; 15; 13; 3
7,9,0.33359,0.77778,7; 6; 23; 24; 9; 13; 3; 7
61,75,0.85687,0.81333,61; 8; 5; 7; 75; 3; 6; 3
14,64,0.26412,0.21875,14; 21; 17; 17; 64; 4; 9; 11
63,64,0.95359,0.98438,63; 5; 10; 4; 64; 4; 8; 6
53,64,0.89491,0.82812,53; 15; 14; 9; 64; 5; 8; 4
5,10,0.2851,0.5,5; 26; 20; 7; 10; 19; 3; 22
6,10,0.34501,0.6,6; 9; 5; 10; 10; 8; 7; 29
5,26,0.23344,0.19231,5; 12; 19; 5; 26; 19; 24; 10
8,10,0.41808,0.8,8; 14; 26; 4; 10; 4; 26; 3
7,64,0.12652,0.10938,7; 13; 29; 17; 64; 6; 8; 10
28,64,0.49574,0.4375,28; 7; 22; 9; 64; 11; 8; 10
5,78,0.08746,0.0641,5; 29; 11; 4; 78; 6; 5; 4
23,64,0.42103,0.35938,23; 16; 8; 14; 64; 11; 4; 3
73,75,0.84887,0.97333,73; 4; 5; 4; 75; 4; 3; 6
9,32,0.30922,0.28125,9; 23; 13; 28; 32; 3; 10; 14
62,63,0.95819,0.98413,62; 4; 4; 10; 63; 7; 6; 3
15,64,0.2743,0.23438,15; 14; 23; 14; 64; 5; 5; 9
38,53,0.75951,0.71698,38; 15; 15; 14; 53; 14; 13; 12
7,10,0.36323,0.7,7; 9; 7; 7; 10; 7; 6; 19
5,9,0.31883,0.55556,5; 16; 11; 13; 9; 18; 28; 14
69,75,0.8269,0.92,69; 6; 6; 9; 75; 3; 3; 4
31,70,0.52328,0.44286,31; 11; 17; 17; 70; 6; 5; 8
23,48,0.5332,0.47917,23; 13; 13; 3; 48; 10; 16; 10
16,31,0.54367,0.51613,16; 16; 23; 19; 31; 4; 13; 12
5,10,0.28847,0.5,5; 4; 17; 10; 10; 29; 16; 20
52,75,0.82618,0.69333,52; 5; 9; 8; 75; 3; 3; 4
22,70,0.38948,0.31429,22; 15; 4; 7; 70; 9; 3; 7
7,10,0.37932,0.7,7; 9; 23; 22; 10; 24; 22; 11
24,31,0.73274,0.77419,24; 24; 12; 17; 31; 20; 16; 10
16,31,0.51367,0.51613,16; 19; 15; 12; 31; 18; 5; 4
6,9,0.30164,0.66667,6; 22; 11; 27; 9; 26; 23; 11
29,78,0.5214,0.37179,29; 5; 19; 12; 78; 3; 6; 4
19,42,0.43575,0.45238,19; 18; 26; 4; 42; 14; 17; 13
6,82,0.16222,0.07317,6; 12; 19; 13; 82; 3; 5; 5
13,42,0.32135,0.30952,13; 11; 11; 13; 42; 5; 8; 7
55,70,0.92503,0.78571,55; 11; 12; 14; 70; 4; 4; 9
13,53,0.25664,0.24528,13; 8; 24; 19; 53; 5; 3; 12
25,48,0.5548,0.52083,25; 10; 24; 12; 48; 10; 14; 10
28,77,0.47739,0.36364,28; 19; 13; 23; 77; 3; 4; 4
30,63,0.49487,0.47619,30; 13; 20; 13; 63; 10; 8; 8
13,42,0.33033,0.30952,13; 23; 20; 19; 42; 13; 13; 15
24,53,0.47582,0.45283,24; 18; 7; 22; 53; 5; 10; 4
8,42,0.19466,0.19048,8; 28; 6; 3; 42; 16; 16; 14
55,63,0.93216,0.87302,55; 7; 9; 13; 63; 7; 6; 6
28,42,0.6933,0.66667,28; 11; 19; 21; 42; 16; 17; 3
15,26,0.53015,0.57692,15; 12; 21; 4; 26; 14; 5; 3
10,49,0.23652,0.20408,10; 4; 23; 11; 49; 12; 12; 15
52,63,0.86724,0.8254,52; 3; 7; 8; 63; 7; 6; 6
7,53,0.12656,0.13208,7; 11; 27; 19; 53; 10; 11; 11
52,63,0.83804,0.8254,52; 6; 13; 7; 63; 6; 8; 4
19,48,0.37711,0.39583,19; 24; 7; 15; 48; 3; 12; 7
25,53,0.48415,0.4717,25; 11; 15; 5; 53; 6; 7; 13
5,9,0.31815,0.55556,5; 10; 30; 5; 9; 15; 17; 26
23,31,0.68331,0.74194,23; 11; 22; 21; 31; 22; 15; 10
53,70,0.88861,0.75714,53; 15; 9; 14; 70; 5; 3; 8
22,42,0.50421,0.52381,22; 15; 16; 4; 42; 18; 17; 17
43,77,0.70267,0.55844,43; 14; 9; 5; 77; 3; 3; 4
33,53,0.66043,0.62264,33; 14; 19; 11; 53; 7; 7; 5
60,78,0.84808,0.76923,60; 12; 7; 3; 78; 4; 4; 4
39,63,0.64088,0.61905,39; 16; 3; 8; 63; 6; 7; 6
22,48,0.47075,0.45833,22; 17; 6; 22; 48; 14; 11; 8
69,75,0.88252,0.92,69; 6; 8; 4; 75; 5; 4; 6
34,75,0.5686,0.45333,34; 10; 17; 21; 75; 3; 3; 5
16,49,0.31022,0.32653,16; 24; 5; 3; 49; 3; 10; 16
69,78,0.77224,0.88462,69; 5; 6; 7; 78; 4; 6; 3
36,82,0.59234,0.43902,36; 17; 12; 17; 82; 4; 3; 3
8,10,0.43711,0.8,8; 10; 11; 19; 10; 22; 6; 13
59,70,0.90073,0.84286,59; 13; 5; 7; 70; 6; 9; 8
64,78,0.84573,0.82051,64; 10; 9; 11; 78; 6; 3; 5
12,26,0.43572,0.46154,12; 11; 18; 17; 26; 3; 9; 22
40,78,0.6391,0.51282,40; 11; 8; 16; 78; 3; 6; 3
38,70,0.58076,0.54286,38; 19; 16; 11; 70; 7; 7; 9
47,64,0.80578,0.73438,47; 14; 10; 14; 64; 10; 11; 10
43,64,0.72,0.67188,43; 18; 17; 5; 64; 4; 3; 10
70,78,0.85979,0.89744,70; 8; 9; 8; 78; 3; 4; 4
5,10,0.35377,0.5,5; 23; 31; 14; 10; 11; 8; 7
33,64,0.56865,0.51562,33; 8; 13; 8; 64; 10; 9; 7
43,70,0.67468,0.61429,43; 13; 6; 3; 70; 3; 6; 8
17,53,0.30761,0.32075,17; 4; 8; 3; 53; 13; 3; 3
9,26,0.35495,0.34615,9; 15; 4; 15; 26; 4; 18; 18
5,78,0.12929,0.0641,5; 30; 11; 29; 78; 5; 4; 4
15,64,0.25874,0.23438,15; 10; 15; 5; 64; 10; 3; 11
13,31,0.4329,0.41935,13; 14; 27; 5; 31; 10; 17; 4
16,32,0.49509,0.5,16; 3; 18; 24; 32; 11; 12; 8
5,9,0.26813,0.55556,5; 4; 7; 23; 9; 25; 21; 11
20,63,0.36366,0.31746,20; 4; 11; 22; 63; 5; 6; 11
16,48,0.34856,0.33333,16; 13; 17; 20; 48; 5; 6; 8
7,42,0.18664,0.16667,7; 6; 17; 16; 42; 9; 7; 10
17,32,0.50894,0.53125,17; 3; 27; 9; 32; 8; 11; 6
19,26,0.74685,0.73077,19; 17; 9; 9; 26; 6; 5; 13
5,9,0.28004,0.55556,5; 21; 17; 17; 9; 26; 8; 8
19,53,0.35172,0.35849,19; 12; 23; 5; 53; 6; 4; 9
63,70,0.9263,0.9,63; 9; 11; 11; 70; 3; 9; 3
8,9,0.40116,0.88889,8; 7; 25; 18; 9; 3; 5; 18
52,64,0.8162,0.8125,52; 9; 8; 10; 64; 3; 11; 4
49,63,0.84368,0.77778,49; 6; 11; 5; 63; 9; 6; 9
9,10,0.45759,0.9,9; 15; 25; 18; 10; 9; 7; 23
6,10,0.35288,0.6,6; 21; 7; 7; 10; 27; 25; 19
22,26,0.82952,0.84615,22; 14; 23; 6; 26; 17; 7; 7
31,70,0.52481,0.44286,31; 21; 7; 7; 70; 7; 7; 6
54,78,0.81459,0.69231,54; 5; 8; 12; 78; 4; 4; 5
12,53,0.25717,0.22642,12; 3; 8; 19; 53; 15; 9; 4
22,31,0.72434,0.70968,22; 13; 5; 7; 31; 16; 15; 8
77,78,0.80909,0.98718,77; 5; 6; 4; 78; 4; 5; 4
8,9,0.37893,0.88889,8; 18; 26; 10; 9; 22; 10; 25
62,78,0.89653,0.79487,62; 10; 5; 3; 78; 6; 6; 3
55,70,0.89424,0.78571,55; 9; 11; 9; 70; 9; 6; 9
9,49,0.20976,0.18367,9; 13; 28; 16; 49; 12; 10; 16
76,78,0.88448,0.97436,76; 7; 6; 3; 78; 4; 3; 5
6,9,0.33645,0.66667,6; 26; 11; 16; 9; 8; 22; 14
57,82,0.74542,0.69512,57; 9; 9; 8; 82; 5; 5; 4
7,64,0.12431,0.10938,7; 29; 30; 25; 64; 8; 3; 11
24,26,0.83571,0.92308,24; 6; 8; 11; 26; 17; 15; 23
13,26,0.49954,0.5,13; 13; 3; 8; 26; 14; 17; 12
56,70,0.93049,0.8,56; 3; 4; 14; 70; 5; 9; 5
7,31,0.20596,0.22581,7; 27; 20; 9; 31; 21; 18; 8
21,32,0.70132,0.65625,21; 9; 19; 17; 32; 20; 21; 19
65,78,0.79364,0.83333,65; 5; 9; 8; 78; 5; 6; 6
39,48,0.80197,0.8125,39; 13; 14; 5; 48; 12; 11; 8
27,48,0.56136,0.5625,27; 19; 4; 20; 48; 7; 16; 8
55,77,0.87362,0.71429,55; 8; 9; 10; 77; 7; 5; 5
20,32,0.61385,0.625,20; 19; 5; 8; 32; 13; 12; 18
6,31,0.20107,0.19355,6; 11; 27; 23; 31; 3; 11; 8
20,48,0.41244,0.41667,20; 8; 9; 20; 48; 8; 9; 11
13,75,0.25513,0.17333,13; 17; 21; 11; 75; 6; 4; 5
36,78,0.6074,0.46154,36; 13; 10; 14; 78; 4; 5; 3
5,10,0.30479,0.5,5; 9; 14; 7; 10; 8; 21; 23
7,70,0.15352,0.1,7; 6; 11; 5; 70; 7; 9; 8
11,82,0.18912,0.13415,11; 11; 12; 23; 82; 5; 4; 3
7,31,0.26972,0.22581,7; 26; 13; 20; 31; 16; 17; 12
8,70,0.16758,0.11429,8; 15; 14; 23; 70; 4; 7; 8
42,48,0.7784,0.875,42; 10; 16; 8; 48; 13; 4; 16
26,77,0.46296,0.33766,26; 20; 13; 9; 77; 4; 5; 4
22,49,0.45107,0.44898,22; 7; 8; 19; 49; 11; 5; 5
8,32,0.28162,0.25,8; 27; 3; 10; 32; 14; 8; 9
11,26,0.43664,0.42308,11; 28; 10; 19; 26; 24; 18; 24
55,63,0.94856,0.87302,55; 5; 3; 12; 63; 4; 7; 4
21,31,0.69092,0.67742,21; 25; 16; 22; 31; 13; 18; 22
15,26,0.58927,0.57692,15; 6; 3; 4; 26; 8; 6; 21
11,31,0.36737,0.35484,11; 28; 15; 4; 31; 9; 3; 3
8,9,0.37729,0.88889,8; 22; 17; 24; 9; 11; 27; 28
70,75,0.8968,0.93333,70; 3; 6; 9; 75; 7; 3; 5
41,53,0.79121,0.77358,41; 17; 15; 4; 53; 14; 14; 5
5,9,0.34881,0.55556,5; 22; 17; 25; 9; 19; 13; 14
38,49,0.77032,0.77551,38; 4; 9; 13; 49; 7; 6; 5
14,82,0.29993,0.17073,14; 9; 10; 13; 82; 3; 5; 4
13,31,0.42647,0.41935,13; 8; 15; 28; 31; 22; 9; 20
17,31,0.51654,0.54839,17; 21; 11; 8; 31; 22; 22; 17
76,78,0.79571,0.97436,76; 7; 7; 4; 78; 5; 4; 5
21,48,0.47749,0.4375,21; 18; 24; 23; 48; 3; 15; 5
31,77,0.52169,0.4026,31; 18; 21; 17; 77; 5; 6; 5
62,77,0.88106,0.80519,62; 7; 11; 9; 77; 4; 7; 6
49,77,0.71965,0.63636,49; 11; 5; 13; 77; 4; 6; 3
54,63,0.919,0.85714,54; 12; 9; 8; 63; 9; 7; 10
39,70,0.65415,0.55714,39; 14; 19; 10; 70; 8; 8; 8
67,78,0.77202,0.85897,67; 5; 10; 4; 78; 4; 6; 4
37,70,0.6136,0.52857,37; 13; 19; 4; 70; 7; 7; 3
26,53,0.53101,0.49057,26; 16; 22; 13; 53; 14; 12; 6
16,42,0.40161,0.38095,16; 19; 4; 26; 42; 6; 17; 17
32,63,0.55109,0.50794,32; 21; 8; 4; 63; 10; 6; 10
47,64,0.8039,0.73438,47; 15; 9; 3; 64; 9; 4; 11
17,70,0.30021,0.24286,17; 5; 11; 18; 70; 7; 4; 6
55,78,0.82261,0.70513,55; 12; 4; 11; 78; 5; 4; 4
64,75,0.85605,0.85333,64; 7; 3; 6; 75; 6; 7; 6
5,10,0.35422,0.5,5; 31; 13; 3; 10; 7; 16; 9
10,31,0.35147,0.32258,10; 9; 9; 24; 31; 17; 18; 3
7,9,0.35072,0.77778,7; 27; 12; 26; 9; 6; 17; 18
9,49,0.19059,0.18367,9; 29; 14; 12; 49; 3; 4; 10
56,75,0.87104,0.74667,56; 14; 4; 11; 75; 4; 7; 6
5,10,0.2938,0.5,5; 20; 9; 28; 10; 26; 12; 13
10,42,0.25032,0.2381,10; 10; 11; 13; 42; 17; 3; 17
52,63,0.86048,0.8254,52; 8; 3; 5; 63; 11; 4; 4
38,42,0.85976,0.90476,38; 9; 7; 12; 42; 7; 16; 6
39,77,0.63363,0.50649,39; 6; 4; 16; 77; 4; 7; 6
48,75,0.79222,0.64,48; 13; 9; 4; 75; 6; 6; 7
15,26,0.56769,0.57692,15; 10; 9; 13; 26; 4; 4; 10
8,10,0.41893,0.8,8; 22; 24; 30; 10; 24; 8; 18
16,26,0.50863,0.61538,16; 20; 26; 11; 26; 5; 24; 4
9,53,0.20703,0.16981,9; 14; 10; 9; 53; 14; 4; 7
6,9,0.35444,0.66667,6; 27; 16; 27; 9; 23; 20; 20
5,31,0.19963,0.16129,5; 22; 4; 29; 31; 15; 14; 21
21,77,0.39347,0.27273,21; 19; 10; 6; 77; 3; 4; 4
46,78,0.72926,0.58974,46; 10; 6; 6; 78; 6; 5; 4
39,63,0.63294,0.61905,39; 15; 5; 5; 63; 6; 4; 3
33,42,0.8437,0.78571,33; 8; 5; 19; 42; 11; 4; 12
73,78,0.79273,0.9359,73; 8; 8; 5; 78; 5; 6; 4
11,26,0.42167,0.42308,11; 21; 5; 25; 26; 19; 10; 22
14,48,0.3052,0.29167,14; 10; 13; 20; 48; 14; 5; 4
55,63,0.93021,0.87302,55; 9; 3; 6; 63; 6; 11; 3
13,82,0.27566,0.15854,13; 28; 7; 11; 82; 5; 3; 4
8,9,0.41635,0.88889,8; 11; 19; 20; 9; 16; 18; 22
26,32,0.75559,0.8125,26; 18; 22; 14; 32; 12; 18; 11
23,49,0.47129,0.46939,23; 14; 15; 7; 49; 9; 8; 5
31,63,0.53725,0.49206,31; 18; 21; 7; 63; 6; 7; 9
7,9,0.38447,0.77778,7; 6; 24; 23; 9; 27; 28; 16
45,77,0.688,0.58442,45; 3; 14; 11; 77; 6; 5; 7
56,82,0.74693,0.68293,56; 3; 6; 3; 82; 3; 5; 3
23,31,0.73089,0.74194,23; 4; 5; 20; 31; 4; 7; 5
9,10,0.44423,0.9,9; 28; 3; 21; 10; 5; 11; 11
7,9,0.36501,0.77778,7; 30; 13; 21; 9; 12; 7; 7
31,48,0.64944,0.64583,31; 10; 18; 14; 48; 13; 15; 14
24,42,0.56942,0.57143,24; 12; 12; 20; 42; 16; 6; 12
43,64,0.71014,0.67188,43; 8; 14; 16; 64; 10; 4; 7
16,63,0.28531,0.25397,16; 27; 15; 6; 63; 11; 5; 10
11,63,0.19052,0.1746,11; 6; 15; 25; 63; 4; 7; 8
34,48,0.76124,0.70833,34; 16; 11; 5; 48; 3; 15; 6
55,63,0.92569,0.87302,55; 13; 11; 10; 63; 4; 4; 6
9,32,0.30448,0.28125,9; 24; 10; 13; 32; 15; 20; 4
53,64,0.91174,0.82812,53; 9; 7; 6; 64; 7; 11; 4
16,26,0.64171,0.61538,16; 26; 10; 15; 26; 16; 19; 8
41,63,0.69763,0.65079,41; 5; 4; 17; 63; 5; 6; 4
74,82,0.79794,0.90244,74; 5; 6; 5; 82; 5; 4; 3
7,9,0.38201,0.77778,7; 9; 15; 12; 9; 19; 3; 12
48,75,0.75193,0.64,48; 10; 3; 13; 75; 5; 3; 5
51,77,0.74226,0.66234,51; 3; 14; 4; 77; 3; 7; 4
48,70,0.80058,0.68571,48; 7; 4; 8; 70; 6; 7; 5
73,75,0.85002,0.97333,73; 8; 5; 5; 75; 6; 4; 4
9,10,0.45295,0.9,9; 10; 19; 5; 10; 16; 26; 26
29,78,0.48279,0.37179,29; 16; 11; 22; 78; 6; 6; 6
9,48,0.22485,0.1875,9; 15; 9; 19; 48; 9; 8; 13
8,75,0.17755,0.10667,8; 3; 9; 28; 75; 4; 6; 4
67,70,0.88526,0.95714,67; 3; 9; 7; 70; 4; 8; 9
26,32,0.69651,0.8125,26; 22; 24; 7; 32; 18; 8; 12
35,53,0.66341,0.66038,35; 12; 10; 16; 53; 9; 7; 12
7,9,0.39491,0.77778,7; 18; 21; 12; 9; 17; 14; 24
59,78,0.86251,0.75641,59; 6; 8; 3; 78; 6; 5; 6
40,77,0.67049,0.51948,40; 12; 10; 3; 77; 3; 3; 7
17,78,0.35001,0.21795,17; 19; 4; 20; 78; 3; 4; 6
12,75,0.2232,0.16,12; 28; 3; 6; 75; 6; 4; 3
49,64,0.8198,0.76562,49; 13; 13; 12; 64; 10; 5; 7
24,32,0.79955,0.75,24; 14; 20; 3; 32; 9; 18; 16
12,63,0.2369,0.19048,12; 22; 9; 8; 63; 6; 7; 4
55,82,0.86069,0.67073,55; 14; 5; 13; 82; 4; 3; 4
10,31,0.33846,0.32258,10; 22; 22; 3; 31; 22; 5; 14
13,48,0.27471,0.27083,13; 10; 4; 7; 48; 5; 3; 10
26,82,0.47999,0.31707,26; 12; 10; 5; 82; 4; 4; 4
14,26,0.51984,0.53846,14; 21; 8; 20; 26; 23; 18; 11
44,53,0.82351,0.83019,44; 9; 12; 11; 53; 9; 14; 7
45,77,0.69726,0.58442,45; 11; 11; 15; 77; 7; 3; 3
7,9,0.34994,0.77778,7; 8; 29; 4; 9; 19; 24; 7
52,77,0.85544,0.67532,52; 8; 13; 13; 77; 3; 5; 5
50,53,0.83701,0.9434,50; 8; 15; 4; 53; 8; 5; 3
6,48,0.13785,0.125,6; 29; 24; 8; 48; 16; 12; 7
60,82,0.82426,0.73171,60; 3; 5; 12; 82; 4; 5; 4
9,10,0.45446,0.9,9; 19; 19; 16; 10; 5; 16; 13
61,82,0.859,0.7439,61; 6; 9; 10; 82; 5; 5; 3
19,26,0.63856,0.73077,19; 21; 16; 16; 26; 23; 5; 11
31,63,0.52801,0.49206,31; 22; 11; 12; 63; 11; 9; 10
53,77,0.86415,0.68831,53; 15; 9; 8; 77; 3; 7; 3
12,26,0.44334,0.46154,12; 25; 8; 27; 26; 13; 15; 14
40,53,0.72319,0.75472,40; 11; 17; 18; 53; 4; 13; 4
7,10,0.38501,0.7,7; 4; 26; 9; 10; 21; 29; 26
13,26,0.51841,0.5,13; 13; 14; 9; 26; 9; 17; 15
47,53,0.8365,0.88679,47; 13; 11; 4; 53; 12; 6; 12
29,49,0.57978,0.59184,29; 3; 9; 23; 49; 13; 10; 8
23,75,0.42713,0.30667,23; 7; 16; 14; 75; 6; 6; 7
6,82,0.16342,0.07317,6; 18; 6; 29; 82; 3; 4; 4
18,64,0.31737,0.28125,18; 20; 5; 16; 64; 8; 5; 11
9,31,0.29972,0.29032,9; 6; 21; 19; 31; 6; 8; 4
52,63,0.82918,0.8254,52; 7; 4; 12; 63; 4; 9; 7
32,49,0.68457,0.65306,32; 11; 17; 3; 49; 4; 15; 5
6,9,0.33461,0.66667,6; 18; 6; 16; 9; 28; 10; 20
17,26,0.58711,0.65385,17; 17; 16; 27; 26; 6; 5; 9
12,49,0.25641,0.2449,12; 24; 11; 15; 49; 14; 14; 14
5,10,0.31682,0.5,5; 31; 15; 8; 10; 22; 11; 28
60,78,0.8469,0.76923,60; 11; 9; 12; 78; 6; 5; 6
7,31,0.24071,0.22581,7; 14; 29; 14; 31; 9; 16; 18
9,10,0.44329,0.9,9; 12; 22; 10; 10; 8; 11; 15
59,78,0.88162,0.75641,59; 12; 3; 10; 78; 6; 6; 5
54,75,0.87042,0.72,54; 8; 10; 14; 75; 6; 3; 6
12,64,0.21354,0.1875,12; 28; 15; 22; 64; 7; 4; 4
14,31,0.46263,0.45161,14; 18; 10; 11; 31; 3; 8; 5
11,82,0.26798,0.13415,11; 17; 7; 24; 82; 5; 5; 3
71,82,0.87863,0.86585,71; 7; 5; 3; 82; 5; 5; 4
5,26,0.2155,0.19231,5; 3; 20; 5; 26; 18; 6; 11
25,26,0.77492,0.96154,25; 19; 17; 14; 26; 17; 11; 15
8,10,0.37243,0.8,8; 3; 30; 25; 10; 14; 10; 21
55,82,0.86398,0.67073,55; 9; 8; 3; 82; 4; 3; 3
25,49,0.49567,0.5102,25; 21; 12; 11; 49; 4; 11; 3
17,64,0.28154,0.26562,17; 24; 16; 27; 64; 11; 10; 10
44,82,0.70378,0.53659,44; 14; 8; 9; 82; 3; 3; 3
6,70,0.1071,0.08571,6; 25; 15; 4; 70; 7; 5; 4
11,70,0.21576,0.15714,11; 17; 26; 21; 70; 7; 9; 4
45,53,0.80444,0.84906,45; 3; 6; 3; 53; 10; 12; 7
39,75,0.62971,0.52,39; 5; 13; 14; 75; 5; 7; 3
6,10,0.35181,0.6,6; 11; 23; 5; 10; 13; 3; 27
29,70,0.49113,0.41429,29; 11; 14; 14; 70; 9; 7; 5
25,31,0.67841,0.80645,25; 11; 23; 22; 31; 8; 21; 17
8,32,0.27007,0.25,8; 13; 22; 8; 32; 20; 4; 8
25,26,0.77391,0.96154,25; 18; 12; 6; 26; 14; 23; 20
7,10,0.35528,0.7,7; 18; 28; 24; 10; 5; 8; 12
41,53,0.75852,0.77358,41; 5; 17; 3; 53; 14; 8; 3
39,75,0.62896,0.52,39; 15; 18; 12; 75; 4; 4; 4
13,75,0.25068,0.17333,13; 16; 19; 13; 75; 6; 7; 6
49,70,0.78719,0.7,49; 3; 10; 3; 70; 9; 8; 7
54,82,0.75319,0.65854,54; 11; 7; 5; 82; 4; 5; 3
16,32,0.53135,0.5,16; 7; 11; 7; 32; 20; 4; 11
18,49,0.39367,0.36735,18; 15; 15; 20; 49; 3; 11; 12
6,64,0.11405,0.09375,6; 7; 15; 22; 64; 5; 4; 10
76,78,0.85976,0.97436,76; 6; 7; 4; 78; 3; 4; 3
42,64,0.69528,0.65625,42; 10; 12; 9; 64; 4; 3; 4
7,10,0.3969,0.7,7; 25; 9; 25; 10; 17; 7; 18
18,42,0.4454,0.42857,18; 12; 3; 23; 42; 11; 3; 4
28,53,0.53668,0.5283,28; 14; 5; 19; 53; 11; 12; 5
17,32,0.54306,0.53125,17; 21; 6; 6; 32; 10; 10; 22
22,31,0.71396,0.70968,22; 21; 3; 6; 31; 21; 14; 12
54,78,0.84006,0.69231,54; 4; 7; 9; 78; 6; 5; 4
12,49,0.24249,0.2449,12; 11; 27; 23; 49; 5; 4; 10
7,10,0.37827,0.7,7; 20; 19; 6; 10; 13; 14; 27
40,42,0.84823,0.95238,40; 7; 11; 10; 42; 10; 18; 5
37,75,0.62119,0.49333,37; 16; 3; 6; 75; 3; 5; 6
7,10,0.39091,0.7,7; 22; 11; 11; 10; 28; 13; 23
50,64,0.80327,0.78125,50; 14; 13; 16; 64; 8; 3; 8
11,26,0.3889,0.42308,11; 15; 25; 26; 26; 21; 15; 15
6,82,0.14782,0.07317,6; 13; 18; 21; 82; 4; 5; 3
9,26,0.34736,0.34615,9; 28; 13; 11; 26; 22; 9; 23
42,48,0.81373,0.875,42; 14; 4; 5; 48; 13; 6; 12
16,26,0.55245,0.61538,16; 19; 26; 10; 26; 17; 11; 7
32,49,0.68913,0.65306,32; 22; 20; 16; 49; 11; 7; 14
63,78,0.83073,0.80769,63; 4; 3; 6; 78; 6; 4; 4
12,32,0.39239,0.375,12; 7; 8; 19; 32; 18; 19; 5
34,48,0.7633,0.70833,34; 18; 8; 12; 48; 3; 8; 13
43,49,0.79419,0.87755,43; 6; 14; 5; 49; 12; 3; 10
21,42,0.50506,0.5,21; 5; 5; 17; 42; 13; 5; 12
58,77,0.84763,0.75325,58; 4; 5; 8; 77; 6; 4; 6
7,10,0.36362,0.7,7; 26; 30; 25; 10; 14; 12; 6
42,63,0.71874,0.66667,42; 4; 5; 14; 63; 5; 4; 10
12,32,0.41277,0.375,12; 15; 6; 4; 32; 19; 17; 12
44,63,0.72793,0.69841,44; 13; 14; 6; 63; 7; 11; 6
20,48,0.43274,0.41667,20; 10; 26; 17; 48; 15; 8; 5
31,53,0.58075,0.58491,31; 14; 18; 19; 53; 9; 5; 14
9,26,0.35741,0.34615,9; 27; 21; 6; 26; 14; 11; 4
6,77,0.15877,0.07792,6; 3; 11; 8; 77; 3; 6; 7
69,75,0.85811,0.92,69; 9; 4; 8; 75; 6; 7; 4
21,32,0.67247,0.65625,21; 13; 3; 4; 32; 20; 18; 8
23,42,0.54758,0.54762,23; 5; 6; 11; 42; 6; 10; 3
5,78,0.13538,0.0641,5; 7; 9; 19; 78; 5; 4; 3
5,9,0.2566,0.55556,5; 16; 26; 12; 9; 6; 25; 25
24,26,0.83,0.92308,24; 21; 16; 19; 26; 9; 19; 23
5,10,0.33922,0.5,5; 17; 20; 27; 10; 24; 7; 29
41,70,0.68251,0.58571,41; 8; 9; 15; 70; 4; 8; 3
29,31,0.7545,0.93548,29; 6; 15; 19; 31; 17; 6; 22
24,42,0.56499,0.57143,24; 19; 6; 14; 42; 3; 13; 10
9,10,0.43499,0.9,9; 22; 10; 25; 10; 7; 15; 16
15,32,0.48548,0.46875,15; 22; 4; 4; 32; 20; 4; 17
9,10,0.47628,0.9,9; 14; 29; 23; 10; 21; 23; 13
23,32,0.70466,0.71875,23; 24; 12; 21; 32; 12; 11; 20
19,31,0.65368,0.6129,19; 14; 15; 26; 31; 18; 19; 13
16,48,0.34335,0.33333,16; 18; 7; 24; 48; 12; 12; 5
42,64,0.6964,0.65625,42; 5; 7; 13; 64; 9; 8; 4
36,48,0.76761,0.75,36; 19; 5; 19; 48; 5; 3; 12
25,32,0.76879,0.78125,25; 5; 13; 5; 32; 3; 11; 20
22,42,0.50268,0.52381,22; 15; 14; 25; 42; 18; 18; 3
72,82,0.69438,0.87805,72; 8; 4; 4; 82; 5; 4; 4
7,9,0.36284,0.77778,7; 27; 30; 28; 9; 12; 4; 18
31,75,0.52024,0.41333,31; 7; 5; 4; 75; 3; 7; 6
8,31,0.29593,0.25806,8; 14; 29; 3; 31; 11; 8; 17
10,31,0.32892,0.32258,10; 27; 27; 23; 31; 3; 10; 7
17,32,0.49278,0.53125,17; 23; 24; 6; 32; 5; 6; 12
67,78,0.80473,0.85897,67; 8; 10; 4; 78; 5; 3; 5
40,75,0.67309,0.53333,40; 14; 18; 5; 75; 6; 3; 7
6,9,0.3595,0.66667,6; 23; 28; 16; 9; 4; 8; 10
30,31,0.75844,0.96774,30; 12; 13; 6; 31; 5; 6; 14
10,53,0.19351,0.18868,10; 16; 14; 13; 53; 11; 10; 4
48,78,0.72024,0.61538,48; 6; 14; 10; 78; 4; 6; 5
6,10,0.38352,0.6,6; 13; 17; 18; 10; 13; 10; 16
27,49,0.56214,0.55102,27; 17; 23; 8; 49; 13; 5; 11
7,10,0.36822,0.7,7; 19; 14; 3; 10; 16; 19; 22
22,64,0.38936,0.34375,22; 24; 21; 9; 64; 8; 9; 4
5,75,0.12408,0.06667,5; 14; 6; 29; 75; 3; 7; 3
6,10,0.33497,0.6,6; 3; 28; 18; 10; 22; 18; 14
19,26,0.65311,0.73077,19; 3; 10; 20; 26; 13; 5; 19
6,10,0.34156,0.6,6; 25; 8; 12; 10; 21; 12; 23
49,64,0.81514,0.76562,49; 13; 13; 11; 64; 9; 7; 7
27,32,0.7623,0.84375,27; 6; 22; 4; 32; 6; 4; 14
60,82,0.87104,0.73171,60; 10; 12; 10; 82; 4; 3; 5
13,48,0.29748,0.27083,13; 26; 21; 18; 48; 12; 7; 5
27,32,0.76465,0.84375,27; 9; 8; 12; 32; 20; 16; 22
33,49,0.69048,0.67347,33; 5; 4; 17; 49; 9; 10; 13
23,63,0.37353,0.36508,23; 10; 13; 12; 63; 10; 11; 6
8,9,0.39547,0.88889,8; 13; 19; 15; 9; 10; 26; 21
32,49,0.63995,0.65306,32; 19; 22; 22; 49; 10; 16; 8
21,31,0.70918,0.67742,21; 15; 7; 4; 31; 18; 5; 10
5,9,0.28251,0.55556,5; 14; 22; 25; 9; 6; 9; 28
5,31,0.1972,0.16129,5; 10; 3; 13; 31; 5; 22; 10
30,48,0.64698,0.625,30; 8; 12; 19; 48; 14; 5; 10
5,9,0.29165,0.55556,5; 31; 15; 4; 9; 14; 23; 22
30,32,0.78377,0.9375,30; 7; 11; 5; 32; 15; 20; 9
26,42,0.6468,0.61905,26; 6; 24; 24; 42; 5; 10; 16
24,26,0.80177,0.92308,24; 10; 23; 4; 26; 8; 11; 4
22,31,0.75276,0.70968,22; 23; 18; 12; 31; 5; 13; 10
14,26,0.51599,0.53846,14; 17; 11; 8; 26; 7; 23; 11
26,70,0.45619,0.37143,26; 16; 16; 14; 70; 8; 5; 6
20,70,0.32708,0.28571,20; 24; 5; 25; 70; 8; 3; 7
27,48,0.5881,0.5625,27; 5; 8; 14; 48; 3; 10; 15
18,32,0.55282,0.5625,18; 12; 23; 16; 32; 18; 3; 20
41,77,0.64245,0.53247,41; 13; 19; 5; 77; 6; 7; 5
6,10,0.36245,0.6,6; 17; 8; 6; 10; 23; 20; 19
26,32,0.72299,0.8125,26; 17; 10; 19; 32; 10; 18; 6
66,82,0.71698,0.80488,66; 4; 10; 5; 82; 3; 3; 5
5,26,0.22103,0.19231,5; 12; 11; 12; 26; 19; 5; 8
23,78,0.46284,0.29487,23; 5; 8; 11; 78; 5; 4; 5
12,31,0.41804,0.3871,12; 10; 15; 13; 31; 9; 10; 20
14,32,0.47296,0.4375,14; 27; 28; 12; 32; 4; 3; 11
43,63,0.6944,0.68254,43; 4; 15; 7; 63; 11; 5; 6
27,49,0.55255,0.55102,27; 11; 14; 5; 49; 3; 6; 5
15,77,0.29747,0.19481,15; 15; 8; 10; 77; 3; 7; 6
16,31,0.5103,0.51613,16; 27; 5; 7; 31; 21; 12; 19
63,78,0.84456,0.80769,63; 5; 8; 11; 78; 5; 5; 6
26,42,0.61699,0.61905,26; 16; 15; 6; 42; 4; 4; 8
7,9,0.37077,0.77778,7; 25; 6; 16; 9; 10; 22; 4
64,82,0.73281,0.78049,64; 4; 8; 3; 82; 3; 3; 3
43,64,0.70715,0.67188,43; 7; 4; 17; 64; 8; 9; 10
41,53,0.76917,0.77358,41; 11; 13; 10; 53; 8; 15; 14
16,78,0.32373,0.20513,16; 14; 11; 13; 78; 4; 4; 4
36,49,0.78433,0.73469,36; 19; 15; 7; 49; 5; 12; 13
27,49,0.56034,0.55102,27; 7; 17; 11; 49; 9; 5; 7
41,75,0.66386,0.54667,41; 17; 9; 6; 75; 6; 5; 5
73,75,0.75668,0.97333,73; 5; 3; 3; 75; 7; 5; 6
56,78,0.80704,0.71795,56; 14; 3; 3; 78; 4; 5; 4
7,10,0.3695,0.7,7; 13; 27; 22; 10; 18; 29; 11
14,42,0.36514,0.33333,14; 16; 17; 28; 42; 9; 4; 17
7,10,0.39288,0.7,7; 25; 10; 19; 10; 19; 21; 24
44,77,0.69466,0.57143,44; 17; 5; 9; 77; 4; 3; 3
32,64,0.52896,0.5,32; 11; 9; 22; 64; 11; 9; 4
64,78,0.81997,0.82051,64; 6; 3; 11; 78; 5; 5; 3
65,75,0.87883,0.86667,65; 5; 7; 3; 75; 6; 4; 7
17,70,0.30194,0.24286,17; 3; 20; 4; 70; 4; 5; 5
18,32,0.58575,0.5625,18; 5; 18; 24; 32; 5; 7; 13
38,49,0.77954,0.77551,38; 15; 10; 9; 49; 16; 5; 16
53,82,0.85401,0.64634,53; 4; 10; 12; 82; 3; 4; 3
18,63,0.30564,0.28571,18; 25; 26; 9; 63; 7; 8; 8
43,49,0.77763,0.87755,43; 8; 6; 7; 49; 15; 8; 13
22,53,0.46386,0.41509,22; 4; 17; 15; 53; 11; 10; 4
5,10,0.32165,0.5,5; 7; 31; 12; 10; 20; 13; 22
14,53,0.27787,0.26415,14; 6; 20; 25; 53; 11; 5; 9
8,26,0.29441,0.30769,8; 23; 4; 28; 26; 4; 19; 19
7,10,0.37816,0.7,7; 10; 29; 25; 10; 26; 5; 13
9,32,0.30663,0.28125,9; 17; 3; 10; 32; 10; 22; 3
6,10,0.32875,0.6,6; 16; 16; 5; 10; 11; 14; 21
36,78,0.59978,0.46154,36; 11; 6; 14; 78; 6; 3; 5
10,32,0.37498,0.3125,10; 22; 24; 6; 32; 13; 16; 20
51,75,0.83163,0.68,51; 8; 8; 7; 75; 3; 6; 4
43,64,0.69519,0.67188,43; 11; 18; 6; 64; 4; 3; 3
18,32,0.55678,0.5625,18; 6; 17; 26; 32; 14; 18; 5
11,63,0.20167,0.1746,11; 20; 20; 19; 63; 7; 7; 9
30,70,0.50981,0.42857,30; 14; 20; 8; 70; 6; 9; 8
17,78,0.32716,0.21795,17; 12; 4; 4; 78; 6; 5; 3
23,48,0.50685,0.47917,23; 12; 4; 12; 48; 8; 10; 7
37,63,0.60807,0.5873,37; 4; 9; 19; 63; 11; 6; 7
23,75,0.44809,0.30667,23; 4; 21; 12; 75; 6; 7; 3
28,32,0.79829,0.875,28; 8; 9; 7; 32; 10; 7; 10
10,53,0.23698,0.18868,10; 16; 26; 23; 53; 8; 9; 13
40,70,0.68287,0.57143,40; 11; 6; 5; 70; 3; 8; 7
35,64,0.57678,0.54688,35; 12; 4; 11; 64; 11; 5; 10
20,49,0.42589,0.40816,20; 25; 19; 23; 49; 7; 3; 11
65,70,0.90696,0.92857,65; 9; 6; 9; 70; 4; 8; 4
35,42,0.86059,0.83333,35; 6; 3; 17; 42; 12; 13; 8
44,64,0.75415,0.6875,44; 16; 3; 10; 64; 8; 11; 6
9,31,0.31973,0.29032,9; 29; 11; 18; 31; 14; 16; 11
18,78,0.35746,0.23077,18; 26; 25; 7; 78; 4; 4; 5
5,78,0.10911,0.0641,5; 28; 3; 29; 78; 4; 4; 3
8,48,0.20815,0.16667,8; 13; 23; 6; 48; 4; 13; 4
8,10,0.41723,0.8,8; 15; 15; 11; 10; 10; 17; 17
22,48,0.47364,0.45833,22; 15; 7; 16; 48; 15; 16; 13
9,32,0.32445,0.28125,9; 3; 21; 25; 32; 20; 13; 22
14,26,0.49786,0.53846,14; 7; 14; 7; 26; 19; 16; 22
45,48,0.79488,0.9375,45; 3; 13; 11; 48; 6; 11; 5
27,64,0.47205,0.42188,27; 13; 21; 13; 64; 8; 10; 3
9,49,0.18808,0.18367,9; 12; 23; 16; 49; 5; 6; 9
10,64,0.15546,0.15625,10; 23; 7; 5; 64; 5; 8; 8
42,49,0.752,0.85714,42; 4; 6; 10; 49; 10; 11; 14
11,42,0.27796,0.2619,11; 5; 20; 20; 42; 13; 6; 15
27,48,0.56916,0.5625,27; 14; 9; 3; 48; 15; 15; 16
53,78,0.81009,0.67949,53; 15; 14; 4; 78; 6; 6; 3
76,78,0.74907,0.97436,76; 7; 3; 6; 78; 5; 3; 5
22,63,0.39441,0.34921,22; 12; 15; 21; 63; 3; 8; 6
5,48,0.07751,0.10417,5; 11; 7; 24; 48; 8; 14; 3
7,31,0.223,0.22581,7; 28; 5; 29; 31; 5; 3; 12
59,64,0.97148,0.92188,59; 4; 12; 12; 64; 3; 8; 9
40,49,0.78348,0.81633,40; 19; 17; 14; 49; 13; 5; 14
38,78,0.6534,0.48718,38; 4; 11; 5; 78; 5; 6; 4
59,75,0.88854,0.78667,59; 4; 5; 10; 75; 4; 5; 3
74,78,0.73004,0.94872,74; 6; 5; 3; 78; 5; 6; 4
33,70,0.54072,0.47143,33; 11; 5; 3; 70; 3; 3; 6
47,64,0.79041,0.73438,47; 4; 11; 8; 64; 4; 8; 3
23,48,0.48541,0.47917,23; 21; 14; 8; 48; 13; 14; 15
41,78,0.66693,0.52564,41; 5; 18; 11; 78; 5; 3; 6
40,63,0.66359,0.63492,40; 17; 19; 19; 63; 11; 8; 9
41,42,0.88025,0.97619,41; 10; 12; 8; 42; 4; 11; 14
20,32,0.61635,0.625,20; 19; 4; 6; 32; 18; 12; 12
5,9,0.27656,0.55556,5; 5; 6; 19; 9; 19; 22; 17
15,26,0.5801,0.57692,15; 5; 17; 25; 26; 11; 24; 11
25,32,0.78736,0.78125,25; 20; 8; 12; 32; 7; 7; 8
6,10,0.33063,0.6,6; 18; 13; 7; 10; 21; 20; 10
27,63,0.45067,0.42857,27; 4; 22; 12; 63; 9; 11; 5
5,10,0.29765,0.5,5; 3; 30; 31; 10; 4; 13; 8
6,49,0.13945,0.12245,6; 15; 27; 19; 49; 7; 13; 4
6,9,0.32439,0.66667,6; 8; 25; 10; 9; 4; 25; 14
8,42,0.2096,0.19048,8; 10; 7; 19; 42; 9; 4; 12
16,42,0.36464,0.38095,16; 24; 9; 4; 42; 3; 11; 7
23,82,0.43235,0.28049,23; 6; 11; 10; 82; 3; 3; 4
26,42,0.64395,0.61905,26; 12; 7; 4; 42; 18; 18; 8
40,75,0.62816,0.53333,40; 17; 12; 17; 75; 5; 6; 6
8,9,0.37456,0.88889,8; 14; 22; 15; 9; 6; 22; 14
44,78,0.7126,0.5641,44; 12; 10; 7; 78; 3; 5; 5
8,10,0.40384,0.8,8; 7; 10; 18; 10; 28; 8; 21
26,75,0.46233,0.34667,26; 14; 5; 20; 75; 4; 3; 3
27,63,0.46989,0.42857,27; 12; 19; 15; 63; 4; 10; 10
16,53,0.30386,0.30189,16; 20; 24; 10; 53; 9; 10; 14
76,78,0.7496,0.97436,76; 3; 7; 5; 78; 3; 3; 4
65,82,0.81438,0.79268,65; 10; 9; 7; 82; 4; 5; 3
14,53,0.26822,0.26415,14; 9; 11; 9; 53; 10; 5; 6
30,53,0.62995,0.56604,30; 22; 22; 10; 53; 9; 5; 12
9,10,0.44257,0.9,9; 27; 28; 26; 10; 9; 14; 19
6,32,0.21111,0.1875,6; 21; 6; 23; 32; 22; 13; 4
7,10,0.37163,0.7,7; 28; 15; 24; 10; 7; 21; 12
7,10,0.37654,0.7,7; 26; 17; 21; 10; 11; 16; 16
8,10,0.43345,0.8,8; 14; 5; 15; 10; 19; 26; 28
19,48,0.38059,0.39583,19; 15; 10; 23; 48; 12; 6; 7
16,53,0.31526,0.30189,16; 27; 14; 10; 53; 8; 11; 6
9,26,0.35008,0.34615,9; 4; 16; 4; 26; 20; 5; 6
17,82,0.35453,0.20732,17; 20; 15; 22; 82; 3; 4; 3
81,82,0.63289,0.9878,81; 4; 4; 3; 82; 5; 5; 5
27,48,0.58478,0.5625,27; 18; 12; 10; 48; 14; 6; 14
6,9,0.35959,0.66667,6; 13; 28; 27; 9; 18; 24; 13
25,31,0.68409,0.80645,25; 10; 9; 20; 31; 17; 4; 20
14,53,0.26764,0.26415,14; 21; 3; 3; 53; 10; 3; 12
16,26,0.63896,0.61538,16; 13; 6; 22; 26; 16; 18; 18
52,53,0.87909,0.98113,52; 5; 3; 14; 53; 7; 4; 4
6,9,0.34574,0.66667,6; 15; 16; 13; 9; 17; 15; 7
40,42,0.90026,0.95238,40; 16; 18; 12; 42; 5; 17; 3
47,64,0.7523,0.73438,47; 17; 5; 13; 64; 4; 11; 10
23,70,0.42698,0.32857,23; 5; 25; 14; 70; 3; 4; 9
27,31,0.73135,0.87097,27; 18; 11; 17; 31; 17; 9; 9
16,26,0.53985,0.61538,16; 15; 12; 7; 26; 11; 20; 6
27,77,0.47954,0.35065,27; 13; 10; 20; 77; 5; 3; 7
20,26,0.69321,0.76923,20; 23; 7; 4; 26; 18; 22; 8
58,78,0.87704,0.74359,58; 8; 7; 8; 78; 6; 5; 5
43,48,0.8139,0.89583,43; 5; 6; 14; 48; 8; 6; 10
35,53,0.68506,0.66038,35; 11; 5; 19; 53; 13; 15; 12
13,77,0.26487,0.16883,13; 7; 15; 8; 77; 6; 6; 7
5,9,0.31449,0.55556,5; 28; 10; 12; 9; 9; 17; 22
6,10,0.36273,0.6,6; 15; 29; 11; 10; 22; 4; 22
45,64,0.76852,0.70312,45; 15; 10; 4; 64; 3; 9; 7
15,26,0.52202,0.57692,15; 11; 9; 21; 26; 6; 13; 23
7,10,0.38931,0.7,7; 28; 22; 28; 10; 11; 11; 27
8,10,0.41676,0.8,8; 27; 19; 19; 10; 21; 12; 17
20,42,0.45067,0.47619,20; 24; 21; 5; 42; 13; 7; 10
19,63,0.33603,0.30159,19; 12; 7; 22; 63; 3; 11; 7
22,42,0.47846,0.52381,22; 10; 12; 25; 42; 7; 16; 17
9,10,0.45395,0.9,9; 6; 14; 11; 10; 12; 12; 29
5,64,0.07464,0.07812,5; 6; 8; 11; 64; 8; 11; 9
37,49,0.74863,0.7551,37; 7; 19; 10; 49; 14; 5; 14
39,42,0.88057,0.92857,39; 10; 3; 7; 42; 4; 3; 12
57,77,0.88922,0.74026,57; 10; 12; 10; 77; 7; 3; 6
8,75,0.16588,0.10667,8; 12; 24; 14; 75; 7; 7; 3
59,77,0.8157,0.76623,59; 7; 4; 7; 77; 4; 5; 4
18,31,0.52985,0.58065,18; 5; 14; 16; 31; 17; 17; 9
13,70,0.22837,0.18571,13; 10; 14; 16; 70; 8; 4; 9
5,10,0.28988,0.5,5; 24; 9; 16; 10; 20; 17; 25
16,63,0.27986,0.25397,16; 21; 10; 19; 63; 10; 4; 10
8,9,0.40565,0.88889,8; 26; 5; 27; 9; 19; 24; 5
17,42,0.39634,0.40476,17; 6; 22; 26; 42; 13; 3; 7
12,42,0.30751,0.28571,12; 13; 16; 11; 42; 8; 6; 6
7,42,0.19546,0.16667,7; 13; 25; 9; 42; 15; 15; 11
31,42,0.694,0.7381,31; 19; 6; 4; 42; 9; 4; 3
8,10,0.42665,0.8,8; 18; 12; 29; 10; 24; 28; 3
17,31,0.56045,0.54839,17; 24; 7; 26; 31; 13; 12; 4
13,82,0.27883,0.15854,13; 3; 16; 19; 82; 5; 4; 5
11,53,0.24258,0.20755,11; 9; 19; 29; 53; 7; 7; 15
32,48,0.66567,0.66667,32; 16; 8; 8; 48; 14; 15; 4
15,64,0.25266,0.23438,15; 19; 3; 15; 64; 8; 9; 4
11,49,0.20521,0.22449,11; 4; 15; 7; 49; 4; 11; 6
52,77,0.77479,0.67532,52; 15; 8; 15; 77; 5; 5; 6
20,70,0.37168,0.28571,20; 17; 24; 22; 70; 9; 4; 5
23,26,0.76943,0.88462,23; 12; 4; 9; 26; 22; 7; 23
9,10,0.44238,0.9,9; 13; 24; 20; 10; 6; 17; 24
53,82,0.7328,0.64634,53; 13; 6; 7; 82; 3; 5; 5
76,77,0.77443,0.98701,76; 7; 4; 5; 77; 6; 6; 7
16,26,0.64394,0.61538,16; 13; 26; 17; 26; 15; 24; 20
48,49,0.80844,0.97959,48; 7; 4; 5; 49; 14; 7; 8
8,78,0.18401,0.10256,8; 30; 18; 9; 78; 5; 5; 4
49,78,0.81076,0.62821,49; 5; 10; 9; 78; 6; 5; 5
12,32,0.38611,0.375,12; 8; 25; 8; 32; 5; 14; 12
8,9,0.40632,0.88889,8; 13; 15; 26; 9; 6; 19; 11
12,70,0.24433,0.17143,12; 27; 4; 18; 70; 8; 8; 9
12,32,0.40616,0.375,12; 17; 6; 17; 32; 13; 14; 22
7,10,0.3836,0.7,7; 16; 9; 19; 10; 14; 22; 19
36,42,0.84496,0.85714,36; 15; 16; 16; 42; 5; 13; 17
44,75,0.70997,0.58667,44; 7; 3; 17; 75; 7; 5; 4
8,32,0.27946,0.25,8; 26; 23; 26; 32; 19; 6; 14
8,10,0.37762,0.8,8; 29; 29; 22; 10; 11; 25; 16
8,63,0.12958,0.12698,8; 13; 25; 13; 63; 9; 6; 8
13,53,0.25933,0.24528,13; 28; 27; 17; 53; 15; 13; 12
30,42,0.71241,0.71429,30; 3; 16; 9; 42; 15; 15; 12
39,63,0.63497,0.61905,39; 18; 9; 9; 63; 11; 6; 10
30,82,0.49831,0.36585,30; 11; 17; 14; 82; 4; 5; 4
45,82,0.6593,0.54878,45; 11; 9; 15; 82; 5; 4; 3
68,78,0.76995,0.87179,68; 9; 5; 5; 78; 5; 3; 3
29,70,0.50058,0.41429,29; 12; 15; 13; 70; 3; 5; 4
16,82,0.32605,0.19512,16; 4; 9; 17; 82; 5; 5; 4
28,70,0.48886,0.4,28; 10; 11; 3; 70; 7; 6; 4
7,32,0.25475,0.21875,7; 23; 28; 12; 32; 10; 5; 12
54,77,0.86171,0.7013,54; 5; 14; 8; 77; 3; 4; 6
29,42,0.64946,0.69048,29; 20; 9; 4; 42; 4; 17; 14
26,75,0.47531,0.34667,26; 22; 11; 18; 75; 7; 4; 4
5,9,0.27817,0.55556,5; 18; 11; 23; 9; 20; 23; 9
61,63,0.96317,0.96825,61; 3; 6; 9; 63; 11; 6; 5
6,10,0.37503,0.6,6; 15; 11; 16; 10; 20; 16; 8
40,53,0.76525,0.75472,40; 13; 18; 18; 53; 11; 13; 5
58,82,0.80693,0.70732,58; 3; 12; 13; 82; 3; 3; 3
8,70,0.18537,0.11429,8; 23; 7; 19; 70; 3; 8; 8
48,77,0.71229,0.62338,48; 16; 13; 6; 77; 7; 4; 6
14,53,0.29858,0.26415,14; 14; 24; 20; 53; 11; 11; 6
7,48,0.15846,0.14583,7; 9; 28; 21; 48; 8; 4; 13
21,32,0.67018,0.65625,21; 21; 16; 15; 32; 12; 3; 16
30,82,0.54194,0.36585,30; 6; 11; 10; 82; 3; 4; 4
34,63,0.56901,0.53968,34; 7; 7; 21; 63; 7; 3; 9
66,77,0.84931,0.85714,66; 6; 7; 10; 77; 3; 3; 7
26,53,0.50831,0.49057,26; 17; 19; 5; 53; 9; 14; 9
46,48,0.84275,0.95833,46; 7; 14; 5; 48; 14; 9; 8
18,75,0.38531,0.24,18; 24; 6; 8; 75; 6; 5; 3
26,49,0.55841,0.53061,26; 19; 20; 3; 49; 12; 16; 14
27,53,0.53057,0.50943,27; 16; 23; 15; 53; 5; 12; 3
42,53,0.76318,0.79245,42; 16; 14; 8; 53; 6; 9; 4
8,10,0.41234,0.8,8; 22; 9; 23; 10; 24; 5; 11
8,10,0.41056,0.8,8; 23; 6; 20; 10; 15; 20; 12
57,63,0.9314,0.90476,57; 3; 9; 3; 63; 5; 4; 7
8,42,0.18196,0.19048,8; 27; 8; 3; 42; 15; 10; 4
29,63,0.48751,0.46032,29; 3; 13; 20; 63; 8; 7; 5
15,78,0.26113,0.19231,15; 21; 9; 14; 78; 6; 5; 5
8,9,0.38238,0.88889,8; 3; 19; 17; 9; 19; 23; 26
23,49,0.44853,0.46939,23; 18; 3; 23; 49; 13; 7; 7
68,70,0.8898,0.97143,68; 10; 8; 8; 70; 5; 7; 7
5,32,0.21081,0.15625,5; 18; 4; 21; 32; 10; 9; 6
19,31,0.59172,0.6129,19; 16; 16; 12; 31; 6; 10; 3
30,32,0.78536,0.9375,30; 10; 15; 3; 32; 6; 22; 16
9,26,0.36828,0.34615,9; 24; 26; 11; 26; 22; 9; 24
11,70,0.218,0.15714,11; 5; 21; 28; 70; 9; 9; 8
18,31,0.56428,0.58065,18; 5; 22; 20; 31; 4; 13; 21
62,64,0.93141,0.96875,62; 9; 3; 11; 64; 5; 6; 11
47,48,0.82323,0.97917,47; 16; 5; 15; 48; 5; 10; 16
37,63,0.59649,0.5873,37; 8; 15; 17; 63; 11; 10; 5
34,48,0.75057,0.70833,34; 6; 13; 12; 48; 10; 11; 14
27,42,0.66505,0.64286,27; 15; 7; 20; 42; 17; 4; 12
28,82,0.49683,0.34146,28; 18; 21; 13; 82; 5; 3; 4
35,48,0.76419,0.72917,35; 15; 21; 18; 48; 10; 7; 6
65,78,0.80942,0.83333,65; 8; 3; 8; 78; 6; 3; 3
10,26,0.37748,0.38462,10; 10; 14; 5; 26; 15; 22; 12
6,10,0.36972,0.6,6; 10; 24; 17; 10; 15; 27; 15
8,64,0.16849,0.125,8; 17; 22; 18; 64; 10; 9; 11
61,82,0.77894,0.7439,61; 7; 12; 5; 82; 3; 3; 4
20,64,0.34084,0.3125,20; 11; 7; 25; 64; 4; 10; 4
39,64,0.67675,0.60938,39; 9; 10; 6; 64; 9; 5; 10
69,77,0.8435,0.8961,69; 5; 3; 5; 77; 7; 3; 5
41,64,0.66775,0.64062,41; 10; 16; 9; 64; 6; 9; 10
21,48,0.42862,0.4375,21; 6; 23; 16; 48; 3; 11; 14
9,48,0.21291,0.1875,9; 8; 10; 10; 48; 6; 3; 11
27,77,0.48131,0.35065,27; 23; 19; 3; 77; 4; 5; 7
31,32,0.80682,0.96875,31; 19; 12; 7; 32; 3; 5; 19
6,48,0.11802,0.125,6; 16; 10; 11; 48; 5; 9; 12
22,42,0.51238,0.52381,22; 25; 21; 20; 42; 7; 3; 3
16,32,0.46377,0.5,16; 19; 8; 3; 32; 13; 3; 4
30,70,0.52306,0.42857,30; 6; 14; 15; 70; 6; 8; 4
17,32,0.5069,0.53125,17; 22; 3; 9; 32; 14; 3; 20
43,63,0.73113,0.68254,43; 12; 7; 8; 63; 7; 3; 7
29,42,0.7145,0.69048,29; 10; 9; 21; 42; 4; 15; 14
30,75,0.54082,0.4,30; 13; 7; 4; 75; 7; 5; 4
47,64,0.8003,0.73438,47; 10; 15; 13; 64; 6; 3; 7
17,42,0.34638,0.40476,17; 25; 23; 24; 42; 11; 16; 4
8,31,0.26416,0.25806,8; 17; 6; 11; 31; 6; 7; 15
29,32,0.78887,0.90625,29; 4; 13; 3; 32; 13; 7; 12
10,31,0.36066,0.32258,10; 8; 21; 7; 31; 7; 4; 10
44,64,0.72242,0.6875,44; 10; 13; 3; 64; 6; 3; 6
69,77,0.80157,0.8961,69; 4; 8; 6; 77; 7; 4; 7
7,75,0.1531,0.09333,7; 22; 6; 23; 75; 5; 6; 3
43,70,0.70138,0.61429,43; 4; 17; 13; 70; 9; 5; 7
23,32,0.72154,0.71875,23; 23; 8; 14; 32; 7; 19; 22
38,78,0.65024,0.48718,38; 6; 15; 18; 78; 5; 6; 5
32,75,0.54847,0.42667,32; 21; 5; 5; 75; 5; 5; 5
40,49,0.80208,0.81633,40; 11; 6; 13; 49; 10; 14; 8
25,70,0.44487,0.35714,25; 6; 22; 14; 70; 6; 6; 3
48,78,0.7072,0.61538,48; 14; 11; 13; 78; 4; 3; 5
17,77,0.32604,0.22078,17; 11; 6; 5; 77; 3; 4; 4
14,31,0.45936,0.45161,14; 4; 22; 11; 31; 7; 9; 21
5,10,0.3281,0.5,5; 7; 16; 7; 10; 3; 16; 6
52,70,0.81013,0.74286,52; 11; 6; 4; 70; 4; 5; 5
15,42,0.35138,0.35714,15; 17; 21; 14; 42; 18; 4; 10
36,42,0.87238,0.85714,36; 12; 12; 7; 42; 5; 5; 10
26,32,0.76761,0.8125,26; 17; 23; 16; 32; 7; 9; 18
18,26,0.65925,0.69231,18; 18; 24; 9; 26; 17; 14; 10
24,31,0.71528,0.77419,24; 4; 22; 24; 31; 9; 11; 11
26,64,0.44854,0.40625,26; 20; 17; 12; 64; 7; 5; 8
74,75,0.80231,0.98667,74; 4; 3; 6; 75; 4; 5; 5
5,70,0.08893,0.07143,5; 12; 26; 26; 70; 8; 8; 7
8,10,0.42907,0.8,8; 22; 8; 16; 10; 9; 20; 27
47,48,0.83582,0.97917,47; 5; 13; 11; 48; 12; 4; 14
17,53,0.31276,0.32075,17; 9; 3; 3; 53; 6; 11; 6
49,64,0.82861,0.76562,49; 6; 6; 14; 64; 6; 11; 4
7,9,0.34371,0.77778,7; 3; 9; 30; 9; 11; 21; 29
37,53,0.73802,0.69811,37; 7; 10; 3; 53; 12; 11; 10
46,77,0.73643,0.5974,46; 11; 15; 11; 77; 7; 5; 7
8,63,0.15538,0.12698,8; 24; 10; 4; 63; 5; 10; 11
28,78,0.48696,0.35897,28; 16; 20; 13; 78; 3; 6; 3
15,49,0.30845,0.30612,15; 12; 15; 5; 49; 12; 12; 8
41,42,0.8832,0.97619,41; 3; 7; 16; 42; 17; 12; 11
7,9,0.336,0.77778,7; 17; 9; 13; 9; 12; 22; 28
44,49,0.81574,0.89796,44; 18; 13; 15; 49; 8; 10; 14
17,26,0.61439,0.65385,17; 16; 24; 5; 26; 12; 10; 3
7,26,0.26054,0.26923,7; 5; 22; 27; 26; 11; 24; 18
25,63,0.42826,0.39683,25; 11; 7; 18; 63; 4; 6; 5
12,31,0.42027,0.3871,12; 13; 8; 10; 31; 16; 7; 6
8,32,0.27511,0.25,8; 15; 4; 10; 32; 18; 20; 17
19,31,0.58049,0.6129,19; 19; 10; 17; 31; 22; 6; 10
7,63,0.1253,0.11111,7; 22; 10; 14; 63; 6; 6; 6
57,70,0.92463,0.81429,57; 9; 7; 7; 70; 8; 9; 4
13,48,0.30171,0.27083,13; 24; 26; 9; 48; 6; 6; 14
17,32,0.49886,0.53125,17; 12; 17; 13; 32; 4; 19; 20
13,64,0.238,0.20312,13; 12; 8; 22; 64; 4; 7; 4
45,63,0.75719,0.71429,45; 15; 5; 3; 63; 6; 7; 6
73,75,0.80865,0.97333,73; 6; 3; 6; 75; 7; 6; 6
14,70,0.26134,0.2,14; 20; 26; 7; 70; 4; 9; 4
20,48,0.43287,0.41667,20; 12; 21; 19; 48; 6; 12; 9
63,70,0.91351,0.9,63; 10; 5; 10; 70; 8; 3; 6
64,77,0.87688,0.83117,64; 8; 9; 4; 77; 6; 7; 3
26,75,0.42494,0.34667,26; 22; 11; 20; 75; 5; 3; 4
21,42,0.47025,0.5,21; 24; 12; 13; 42; 8; 13; 9
8,10,0.42108,0.8,8; 22; 20; 17; 10; 16; 6; 19
50,70,0.81211,0.71429,50; 12; 4; 7; 70; 7; 5; 6
29,31,0.73734,0.93548,29; 18; 19; 19; 31; 11; 14; 12
5,10,0.28474,0.5,5; 15; 22; 18; 10; 22; 10; 21
11,78,0.23354,0.14103,11; 23; 8; 28; 78; 6; 4; 5
29,48,0.62249,0.60417,29; 20; 19; 18; 48; 3; 9; 5
49,77,0.7879,0.63636,49; 14; 9; 15; 77; 3; 7; 7
31,53,0.58909,0.58491,31; 12; 13; 4; 53; 10; 7; 7
37,42,0.88739,0.88095,37; 20; 14; 4; 42; 10; 13; 16
5,77,0.11994,0.06494,5; 27; 28; 5; 77; 7; 3; 3
12,26,0.42332,0.46154,12; 13; 23; 4; 26; 24; 7; 15
16,82,0.32436,0.19512,16; 17; 4; 26; 82; 3; 3; 5
5,9,0.32449,0.55556,5; 8; 3; 23; 9; 24; 18; 6
17,49,0.34676,0.34694,17; 9; 25; 24; 49; 10; 3; 3
13,48,0.29602,0.27083,13; 5; 22; 17; 48; 11; 11; 5
27,53,0.50806,0.50943,27; 20; 4; 9; 53; 11; 7; 3
8,10,0.42512,0.8,8; 23; 12; 26; 10; 19; 6; 5
46,64,0.74125,0.71875,46; 4; 8; 17; 64; 6; 10; 9
18,32,0.56376,0.5625,18; 15; 22; 6; 32; 3; 13; 12
37,63,0.61812,0.5873,37; 20; 14; 16; 63; 6; 10; 7
71,75,0.8923,0.94667,71; 3; 6; 9; 75; 6; 5; 4
22,31,0.63576,0.70968,22; 17; 22; 24; 31; 22; 18; 14
9,10,0.45604,0.9,9; 15; 26; 9; 10; 23; 5; 13
15,49,0.33862,0.30612,15; 5; 24; 23; 49; 6; 11; 14
46,48,0.84602,0.95833,46; 8; 14; 15; 48; 6; 16; 3
6,9,0.35865,0.66667,6; 11; 26; 25; 9; 11; 26; 19
8,9,0.37683,0.88889,8; 13; 16; 8; 9; 16; 8; 18
21,26,0.82079,0.80769,21; 19; 4; 6; 26; 24; 21; 4
6,10,0.32548,0.6,6; 23; 8; 3; 10; 5; 24; 25
58,78,0.83642,0.74359,58; 5; 5; 13; 78; 3; 5; 5
34,75,0.56106,0.45333,34; 19; 4; 15; 75; 3; 4; 3
7,82,0.18337,0.08537,7; 7; 18; 22; 82; 4; 3; 3
5,31,0.20007,0.16129,5; 18; 6; 4; 31; 11; 8; 7
10,26,0.37121,0.38462,10; 7; 12; 15; 26; 16; 12; 3
59,75,0.8638,0.78667,59; 8; 13; 3; 75; 5; 4; 7
45,53,0.81592,0.84906,45; 17; 9; 7; 53; 13; 13; 3
47,48,0.81796,0.97917,47; 10; 12; 3; 48; 13; 10; 8
61,75,0.87601,0.81333,61; 7; 9; 9; 75; 6; 5; 7
17,42,0.38369,0.40476,17; 11; 17; 18; 42; 5; 8; 12
17,64,0.28868,0.26562,17; 11; 6; 5; 64; 10; 5; 7
19,70,0.33224,0.27143,19; 26; 6; 23; 70; 9; 9; 8
7,9,0.33253,0.77778,7; 15; 23; 14; 9; 21; 23; 3
63,77,0.8194,0.81818,63; 4; 4; 11; 77; 6; 7; 5
9,26,0.37803,0.34615,9; 23; 9; 16; 26; 20; 9; 17
16,64,0.27585,0.25,16; 19; 10; 24; 64; 8; 8; 7
6,9,0.3507,0.66667,6; 9; 19; 23; 9; 28; 26; 16
33,78,0.54102,0.42308,33; 3; 17; 11; 78; 6; 3; 3
32,78,0.52556,0.41026,32; 10; 12; 20; 78; 5; 4; 4
57,82,0.78456,0.69512,57; 8; 11; 3; 82; 4; 3; 5
50,70,0.80957,0.71429,50; 15; 10; 8; 70; 4; 6; 3
7,78,0.18556,0.08974,7; 24; 27; 26; 78; 4; 6; 5
7,9,0.3644,0.77778,7; 19; 22; 21; 9; 14; 4; 7
5,9,0.26902,0.55556,5; 14; 11; 17; 9; 14; 5; 5
44,77,0.67331,0.57143,44; 17; 18; 13; 77; 7; 6; 5
23,49,0.45961,0.46939,23; 16; 7; 9; 49; 11; 5; 16
5,64,0.09654,0.07812,5; 20; 11; 24; 64; 6; 10; 11
57,82,0.78491,0.69512,57; 4; 4; 13; 82; 4; 3; 3
5,9,0.2745,0.55556,5; 22; 30; 22; 9; 26; 18; 12
16,49,0.33889,0.32653,16; 3; 19; 15; 49; 15; 14; 4
9,10,0.43508,0.9,9; 25; 27; 29; 10; 5; 23; 22
60,75,0.85466,0.8,60; 9; 7; 4; 75; 7; 5; 6
15,31,0.5041,0.48387,15; 17; 10; 3; 31; 17; 12; 16
21,32,0.60394,0.65625,21; 13; 5; 21; 32; 14; 16; 13
6,42,0.15488,0.14286,6; 15; 21; 11; 42; 18; 8; 6
26,78,0.45398,0.33333,26; 19; 6; 11; 78; 5; 5; 5
32,42,0.68535,0.7619,32; 14; 16; 11; 42; 18; 12; 18
8,78,0.17833,0.10256,8; 6; 11; 17; 78; 6; 4; 6
41,53,0.78793,0.77358,41; 14; 3; 8; 53; 13; 10; 13
19,70,0.35128,0.27143,19; 6; 14; 14; 70; 8; 6; 6
5,48,0.12319,0.10417,5; 31; 30; 17; 48; 7; 14; 7
26,49,0.52902,0.53061,26; 21; 6; 5; 49; 5; 5; 13
39,63,0.68118,0.61905,39; 5; 3; 14; 63; 4; 5; 6
55,78,0.87984,0.70513,55; 4; 5; 4; 78; 5; 3; 6
19,32,0.62062,0.59375,19; 13; 4; 4; 32; 5; 15; 13
24,63,0.41092,0.38095,24; 12; 6; 11; 63; 9; 8; 6
30,48,0.66364,0.625,30; 20; 17; 14; 48; 8; 16; 3
48,53,0.82224,0.90566,48; 4; 4; 14; 53; 10; 6; 3
47,82,0.71244,0.57317,47; 3; 17; 7; 82; 4; 4; 4
47,53,0.81403,0.88679,47; 15; 4; 4; 53; 7; 6; 14
24,82,0.44118,0.29268,24; 22; 24; 22; 82; 3; 5; 4
7,32,0.24984,0.21875,7; 4; 6; 9; 32; 6; 20; 4
38,48,0.77725,0.79167,38; 18; 9; 9; 48; 8; 5; 9
40,48,0.8143,0.83333,40; 14; 10; 3; 48; 3; 12; 13
6,10,0.33416,0.6,6; 15; 19; 11; 10; 24; 13; 15
40,75,0.67088,0.53333,40; 15; 3; 14; 75; 3; 7; 6
9,64,0.15951,0.14062,9; 11; 19; 3; 64; 6; 8; 8
42,63,0.69891,0.66667,42; 11; 4; 5; 63; 9; 10; 9
67,78,0.81097,0.85897,67; 10; 8; 3; 78; 4; 3; 4
58,78,0.88862,0.74359,58; 8; 10; 11; 78; 4; 4; 4
16,26,0.60952,0.61538,16; 8; 3; 12; 26; 12; 6; 23
19,32,0.59296,0.59375,19; 7; 7; 16; 32; 9; 12; 10
27,53,0.50564,0.50943,27; 22; 11; 11; 53; 13; 11; 15
8,31,0.27064,0.25806,8; 25; 26; 13; 31; 21; 16; 16
26,75,0.47008,0.34667,26; 3; 20; 3; 75; 5; 6; 3
18,82,0.35157,0.21951,18; 13; 4; 22; 82; 5; 5; 5
8,49,0.19083,0.16327,8; 9; 16; 8; 49; 6; 8; 5
7,10,0.37552,0.7,7; 4; 21; 9; 10; 6; 27; 4
7,82,0.17723,0.08537,7; 12; 8; 16; 82; 3; 5; 4
63,82,0.70407,0.76829,63; 10; 3; 5; 82; 5; 5; 5
60,75,0.85287,0.8,60; 4; 7; 12; 75; 7; 6; 6
44,53,0.77792,0.83019,44; 6; 14; 16; 53; 13; 9; 4
27,48,0.55315,0.5625,27; 22; 22; 23; 48; 13; 11; 6
18,42,0.41638,0.42857,18; 7; 10; 26; 42; 6; 11; 16
7,10,0.39911,0.7,7; 4; 13; 28; 10; 18; 19; 16
39,49,0.7706,0.79592,39; 6; 12; 16; 49; 9; 15; 5
22,32,0.73476,0.6875,22; 12; 5; 7; 32; 18; 15; 21
28,49,0.5626,0.57143,28; 3; 22; 18; 49; 3; 4; 13
29,78,0.48907,0.37179,29; 22; 9; 4; 78; 6; 6; 4
59,77,0.87036,0.76623,59; 12; 12; 13; 77; 3; 4; 4
14,53,0.27405,0.26415,14; 4; 9; 7; 53; 10; 15; 11
6,32,0.20065,0.1875,6; 18; 17; 13; 32; 16; 18; 13
6,9,0.35113,0.66667,6; 11; 30; 16; 9; 8; 21; 19
8,9,0.40611,0.88889,8; 16; 17; 10; 9; 3; 20; 10
16,64,0.27523,0.25,16; 19; 24; 23; 64; 3; 3; 5
35,63,0.58321,0.55556,35; 19; 18; 12; 63; 3; 8; 11
6,9,0.28916,0.66667,6; 13; 29; 8; 9; 9; 24; 5
6,9,0.31329,0.66667,6; 11; 21; 24; 9; 28; 9; 3
29,63,0.47967,0.46032,29; 17; 19; 19; 63; 11; 7; 10
8,9,0.36505,0.88889,8; 26; 27; 25; 9; 15; 19; 14
46,49,0.84108,0.93878,46; 17; 8; 12; 49; 13; 7; 16
19,63,0.34277,0.30159,19; 14; 17; 9; 63; 3; 8; 10
28,31,0.76327,0.90323,28; 19; 19; 11; 31; 3; 14; 16
21,49,0.40967,0.42857,21; 11; 22; 24; 49; 13; 15; 5
5,26,0.21816,0.19231,5; 5; 29; 15; 26; 10; 9; 12
28,78,0.49928,0.35897,28; 5; 13; 16; 78; 5; 5; 6
10,49,0.22898,0.20408,10; 3; 9; 25; 49; 7; 3; 3
9,48,0.19644,0.1875,9; 7; 20; 16; 48; 8; 10; 12
36,53,0.69478,0.67925,36; 12; 4; 10; 53; 13; 10; 8
34,63,0.58438,0.53968,34; 4; 4; 16; 63; 5; 10; 4
36,70,0.58708,0.51429,36; 10; 15; 11; 70; 6; 3; 6
59,63,0.98731,0.93651,59; 6; 13; 3; 63; 7; 6; 3
23,48,0.49796,0.47917,23; 9; 17; 14; 48; 9; 9; 5
24,26,0.75151,0.92308,24; 10; 8; 6; 26; 20; 17; 3
20,32,0.7289,0.625,20; 26; 6; 3; 32; 22; 5; 12
19,31,0.6304,0.6129,19; 21; 5; 26; 31; 5; 19; 3
6,10,0.35967,0.6,6; 6; 8; 9; 10; 5; 14; 29
27,48,0.56311,0.5625,27; 22; 10; 13; 48; 7; 7; 11
7,9,0.38061,0.77778,7; 28; 6; 17; 9; 8; 25; 22
27,48,0.57773,0.5625,27; 10; 13; 12; 48; 9; 5; 15
33,75,0.55004,0.44,33; 10; 15; 7; 75; 5; 4; 5
26,42,0.65305,0.61905,26; 14; 10; 15; 42; 4; 13; 18
10,53,0.21086,0.18868,10; 5; 17; 24; 53; 4; 9; 11
49,82,0.753,0.59756,49; 11; 5; 6; 82; 4; 5; 4
27,32,0.81985,0.84375,27; 16; 7; 14; 32; 16; 19; 6
27,49,0.54464,0.55102,27; 3; 3; 12; 49; 15; 9; 4
7,10,0.39132,0.7,7; 18; 22; 25; 10; 10; 17; 22
25,82,0.45236,0.30488,25; 18; 18; 9; 82; 4; 4; 5
5,9,0.26894,0.55556,5; 25; 13; 21; 9; 6; 22; 18
63,77,0.85883,0.81818,63; 11; 4; 11; 77; 4; 5; 4
42,82,0.65022,0.5122,42; 6; 11; 5; 82; 3; 5; 4
5,31,0.21288,0.16129,5; 22; 28; 31; 31; 4; 20; 15
41,64,0.67492,0.64062,41; 6; 17; 8; 64; 8; 11; 7
14,49,0.32073,0.28571,14; 28; 19; 27; 49; 11; 4; 7
39,63,0.62672,0.61905,39; 9; 6; 11; 63; 3; 5; 6
40,49,0.77391,0.81633,40; 10; 14; 16; 49; 6; 14; 3
16,53,0.30019,0.30189,16; 15; 6; 14; 53; 10; 14; 13
5,10,0.31548,0.5,5; 10; 28; 31; 10; 17; 8; 24
74,75,0.77649,0.98667,74; 8; 5; 7; 75; 6; 7; 6
74,77,0.7215,0.96104,74; 7; 5; 6; 77; 4; 5; 4
17,78,0.32795,0.21795,17; 15; 22; 9; 78; 6; 3; 3
37,48,0.77751,0.77083,37; 20; 10; 5; 48; 8; 3; 6
30,49,0.63688,0.61224,30; 8; 15; 4; 49; 9; 5; 7
5,9,0.28872,0.55556,5; 3; 28; 5; 9; 14; 24; 28
22,31,0.70363,0.70968,22; 21; 22; 22; 31; 14; 4; 12
32,64,0.52788,0.5,32; 12; 11; 7; 64; 4; 8; 9
5,10,0.31688,0.5,5; 8; 28; 9; 10; 22; 10; 20
57,82,0.89955,0.69512,57; 8; 13; 9; 82; 5; 4; 5
29,49,0.6049,0.59184,29; 17; 16; 11; 49; 14; 11; 9
14,82,0.31221,0.17073,14; 25; 20; 5; 82; 5; 3; 3
52,78,0.83339,0.66667,52; 5; 7; 15; 78; 3; 4; 6
29,53,0.55623,0.54717,29; 3; 12; 23; 53; 12; 6; 10
21,77,0.38859,0.27273,21; 8; 17; 9; 77; 5; 6; 6
44,53,0.7895,0.83019,44; 12; 11; 18; 53; 15; 10; 7
13,26,0.45725,0.5,13; 17; 3; 19; 26; 6; 11; 11
16,26,0.50864,0.61538,16; 21; 7; 4; 26; 15; 16; 4
32,53,0.63012,0.60377,32; 18; 13; 6; 53; 9; 4; 5
27,32,0.78245,0.84375,27; 23; 20; 8; 32; 6; 10; 15
11,32,0.3622,0.34375,11; 26; 11; 9; 32; 22; 3; 13
32,49,0.63165,0.65306,32; 7; 4; 21; 49; 11; 6; 3
8,10,0.41615,0.8,8; 22; 17; 15; 10; 18; 7; 24
11,63,0.19135,0.1746,11; 27; 16; 14; 63; 6; 3; 6
44,78,0.69863,0.5641,44; 18; 9; 3; 78; 6; 6; 3
22,49,0.45722,0.44898,22; 24; 7; 23; 49; 11; 14; 15
25,78,0.47012,0.32051,25; 21; 18; 10; 78; 6; 3; 4
39,64,0.66589,0.60938,39; 10; 17; 16; 64; 8; 9; 11
36,82,0.58993,0.43902,36; 12; 8; 20; 82; 4; 5; 4
21,82,0.41314,0.2561,21; 18; 11; 25; 82; 5; 4; 4
6,26,0.21491,0.23077,6; 4; 4; 10; 26; 21; 7; 16
55,63,0.93622,0.87302,55; 11; 3; 11; 63; 7; 9; 4
9,10,0.46865,0.9,9; 10; 9; 15; 10; 3; 4; 16
29,77,0.511,0.37662,29; 3; 9; 3; 77; 4; 6; 5
8,9,0.43593,0.88889,8; 22; 23; 15; 9; 14; 29; 24
10,82,0.24839,0.12195,10; 18; 15; 6; 82; 3; 3; 3
7,9,0.35707,0.77778,7; 10; 27; 23; 9; 20; 11; 3
42,48,0.7954,0.875,42; 3; 8; 6; 48; 13; 7; 15
23,64,0.39627,0.35938,23; 25; 21; 17; 64; 10; 5; 8
21,31,0.70863,0.67742,21; 14; 23; 3; 31; 17; 19; 14
32,70,0.51776,0.45714,32; 19; 7; 22; 70; 9; 6; 7
8,48,0.1778,0.16667,8; 27; 25; 19; 48; 3; 14; 3
22,32,0.72025,0.6875,22; 16; 10; 13; 32; 20; 10; 18
40,53,0.77029,0.75472,40; 12; 10; 12; 53; 3; 5; 7
5,26,0.20791,0.19231,5; 8; 3; 18; 26; 22; 9; 17
21,26,0.76141,0.80769,21; 5; 17; 21; 26; 14; 7; 17
77,82,0.84962,0.93902,77; 3; 6; 4; 82; 3; 4; 4
28,82,0.51358,0.34146,28; 14; 23; 16; 82; 3; 3; 3
16,42,0.36329,0.38095,16; 4; 14; 17; 42; 5; 9; 11
5,9,0.31721,0.55556,5; 31; 3; 17; 9; 28; 26; 13
5,10,0.28556,0.5,5; 27; 17; 26; 10; 20; 8; 16
28,70,0.48425,0.4,28; 3; 12; 5; 70; 5; 3; 9
45,48,0.8498,0.9375,45; 6; 8; 3; 48; 3; 13; 4
6,49,0.11593,0.12245,6; 28; 19; 8; 49; 5; 16; 4
38,49,0.73265,0.77551,38; 10; 19; 12; 49; 12; 13; 11
50,63,0.83032,0.79365,50; 9; 12; 15; 63; 8; 4; 7
28,32,0.78424,0.875,28; 16; 14; 22; 32; 6; 10; 16
55,63,0.94757,0.87302,55; 9; 10; 10; 63; 8; 11; 3
15,53,0.27335,0.28302,15; 7; 22; 20; 53; 12; 10; 3
17,78,0.33261,0.21795,17; 4; 14; 11; 78; 6; 4; 6
64,78,0.84505,0.82051,64; 4; 6; 11; 78; 3; 3; 6
5,49,0.09532,0.10204,5; 24; 14; 5; 49; 3; 5; 9
36,42,0.86094,0.85714,36; 12; 17; 6; 42; 5; 8; 7
40,49,0.82783,0.81633,40; 7; 4; 12; 49; 9; 4; 15
14,26,0.53993,0.53846,14; 26; 16; 8; 26; 8; 10; 9
5,10,0.29469,0.5,5; 13; 23; 25; 10; 12; 14; 16
34,70,0.58989,0.48571,34; 15; 21; 15; 70; 4; 4; 4
45,49,0.79066,0.91837,45; 7; 5; 11; 49; 10; 8; 10
13,26,0.48016,0.5,13; 6; 7; 3; 26; 4; 13; 23
5,70,0.07741,0.07143,5; 18; 18; 4; 70; 3; 9; 5
30,75,0.52338,0.4,30; 17; 19; 9; 75; 5; 6; 4
45,75,0.71613,0.6,45; 12; 4; 7; 75; 4; 7; 7
19,64,0.32785,0.29688,19; 3; 4; 17; 64; 9; 8; 7
10,78,0.24328,0.12821,10; 17; 24; 5; 78; 4; 5; 5
5,10,0.27309,0.5,5; 4; 12; 10; 10; 15; 5; 3
28,32,0.74842,0.875,28; 15; 9; 14; 32; 17; 11; 4
35,77,0.56533,0.45455,35; 3; 20; 8; 77; 4; 5; 5
14,31,0.4822,0.45161,14; 9; 6; 7; 31; 5; 15; 21
16,53,0.32173,0.30189,16; 17; 26; 14; 53; 14; 14; 15
43,64,0.71276,0.67188,43; 8; 5; 14; 64; 7; 6; 4
6,10,0.34156,0.6,6; 21; 24; 9; 10; 13; 28; 20
24,63,0.42339,0.38095,24; 14; 18; 11; 63; 9; 9; 4
40,78,0.62077,0.51282,40; 17; 6; 16; 78; 5; 3; 6
7,9,0.37013,0.77778,7; 14; 8; 9; 9; 9; 23; 29
18,53,0.37143,0.33962,18; 16; 7; 15; 53; 6; 11; 7
5,9,0.27898,0.55556,5; 14; 10; 31; 9; 10; 18; 7
7,9,0.37763,0.77778,7; 6; 22; 17; 9; 13; 23; 25
19,31,0.59572,0.6129,19; 13; 21; 13; 31; 21; 6; 10
21,49,0.43856,0.42857,21; 11; 11; 11; 49; 7; 10; 5
8,31,0.23926,0.25806,8; 19; 18; 30; 31; 9; 11; 22
49,78,0.73068,0.62821,49; 3; 9; 12; 78; 6; 4; 6
56,82,0.84138,0.68293,56; 8; 8; 4; 82; 4; 5; 4
7,9,0.38904,0.77778,7; 11; 9; 20; 9; 23; 10; 13
32,63,0.55581,0.50794,32; 4; 3; 9; 63; 10; 5; 9
20,53,0.35024,0.37736,20; 26; 18; 15; 53; 15; 9; 7
62,75,0.85903,0.82667,62; 7; 12; 6; 75; 3; 5; 3
17,78,0.29888,0.21795,17; 15; 3; 9; 78; 5; 5; 5
13,49,0.27771,0.26531,13; 23; 5; 17; 49; 12; 11; 14
23,63,0.39345,0.36508,23; 19; 19; 18; 63; 6; 8; 9
14,77,0.25721,0.18182,14; 10; 21; 6; 77; 3; 6; 7
7,10,0.42548,0.7,7; 29; 30; 21; 10; 23; 4; 13
9,10,0.4878,0.9,9; 16; 15; 8; 10; 18; 22; 3
26,53,0.48447,0.49057,26; 6; 6; 22; 53; 5; 10; 15
39,42,0.88155,0.92857,39; 4; 12; 12; 42; 14; 11; 7
15,49,0.32195,0.30612,15; 14; 11; 16; 49; 9; 16; 15
5,31,0.18219,0.16129,5; 10; 13; 4; 31; 14; 14; 19
33,42,0.8091,0.78571,33; 7; 21; 8; 42; 11; 10; 17
16,53,0.32479,0.30189,16; 27; 17; 14; 53; 3; 12; 3
9,77,0.2021,0.11688,9; 15; 18; 10; 77; 3; 5; 3
6,10,0.37112,0.6,6; 6; 10; 9; 10; 28; 5; 4
7,82,0.1713,0.08537,7; 7; 29; 11; 82; 5; 3; 5
15,31,0.50254,0.48387,15; 10; 4; 26; 31; 4; 15; 19
21,26,0.72395,0.80769,21; 3; 8; 5; 26; 22; 16; 4
32,42,0.8057,0.7619,32; 16; 10; 10; 42; 14; 14; 16
5,42,0.14817,0.11905,5; 30; 14; 17; 42; 12; 11; 11
13,31,0.42152,0.41935,13; 27; 22; 24; 31; 9; 11; 6
74,75,0.892,0.98667,74; 3; 8; 7; 75; 6; 3; 7
16,63,0.28623,0.25397,16; 27; 25; 23; 63; 10; 11; 3
27,31,0.73723,0.87097,27; 4; 12; 18; 31; 11; 11; 5
50,53,0.87175,0.9434,50; 6; 13; 16; 53; 8; 5; 8
19,26,0.77282,0.73077,19; 14; 21; 13; 26; 23; 7; 11
6,26,0.26088,0.23077,6; 19; 23; 30; 26; 14; 12; 11
17,75,0.32057,0.22667,17; 5; 8; 23; 75; 7; 7; 5
32,63,0.56225,0.50794,32; 10; 15; 6; 63; 3; 4; 11
56,78,0.81702,0.71795,56; 8; 6; 13; 78; 6; 4; 3
5,31,0.19669,0.16129,5; 22; 29; 25; 31; 20; 9; 12
66,82,0.8234,0.80488,66; 7; 3; 6; 82; 5; 3; 4
6,63,0.11136,0.09524,6; 17; 6; 12; 63; 9; 11; 6
46,78,0.74699,0.58974,46; 6; 6; 12; 78; 6; 6; 6
27,82,0.48175,0.32927,27; 15; 15; 16; 82; 3; 5; 5
19,48,0.41989,0.39583,19; 24; 26; 5; 48; 6; 4; 7
31,48,0.66414,0.64583,31; 14; 7; 18; 48; 11; 13; 14
27,77,0.47731,0.35065,27; 3; 6; 22; 77; 5; 3; 4
5,9,0.31053,0.55556,5; 28; 10; 11; 9; 21; 9; 25
10,31,0.35186,0.32258,10; 5; 6; 29; 31; 19; 17; 17
47,78,0.76316,0.60256,47; 4; 13; 5; 78; 5; 3; 5
18,32,0.54385,0.5625,18; 9; 11; 10; 32; 22; 14; 21
5,9,0.29529,0.55556,5; 8; 3; 31; 9; 20; 6; 3
51,63,0.88086,0.80952,51; 9; 7; 12; 63; 6; 8; 6
32,77,0.52998,0.41558,32; 8; 16; 4; 77; 4; 3; 3
37,82,0.57106,0.45122,37; 16; 18; 8; 82; 3; 5; 5
12,82,0.28127,0.14634,12; 17; 27; 18; 82; 4; 4; 5
5,70,0.10391,0.07143,5; 11; 6; 16; 70; 7; 9; 8
60,77,0.82638,0.77922,60; 10; 10; 3; 77; 4; 5; 3
13,48,0.29643,0.27083,13; 26; 21; 3; 48; 11; 11; 16
51,63,0.86326,0.80952,51; 4; 14; 11; 63; 7; 3; 8
19,77,0.38102,0.24675,19; 18; 8; 20; 77; 6; 3; 3
56,78,0.86281,0.71795,56; 11; 9; 7; 78; 5; 5; 6
5,26,0.17509,0.19231,5; 15; 30; 6; 26; 20; 17; 17
10,26,0.38369,0.38462,10; 26; 12; 13; 26; 18; 14; 22
20,53,0.39826,0.37736,20; 17; 12; 18; 53; 10; 5; 11
27,49,0.54503,0.55102,27; 20; 16; 11; 49; 4; 3; 3
5,78,0.10038,0.0641,5; 28; 18; 18; 78; 3; 5; 5
13,26,0.48121,0.5,13; 11; 17; 28; 26; 7; 7; 18
15,31,0.49954,0.48387,15; 12; 26; 13; 31; 5; 21; 6
52,77,0.81445,0.67532,52; 14; 4; 11; 77; 4; 3; 5
42,82,0.69176,0.5122,42; 17; 8; 10; 82; 3; 5; 3
71,78,0.77434,0.91026,71; 7; 8; 6; 78; 6; 3; 4
19,78,0.37562,0.24359,19; 8; 18; 21; 78; 3; 3; 5
22,42,0.54855,0.52381,22; 21; 16; 6; 42; 11; 10; 15
11,77,0.21097,0.14286,11; 12; 15; 14; 77; 7; 7; 6
16,42,0.36927,0.38095,16; 20; 23; 6; 42; 14; 11; 9
65,82,0.83419,0.79268,65; 8; 11; 5; 82; 5; 5; 4
9,10,0.43242,0.9,9; 28; 17; 10; 10; 19; 8; 21
20,26,0.70478,0.76923,20; 21; 20; 15; 26; 21; 9; 15
6,10,0.36958,0.6,6; 26; 5; 24; 10; 3; 15; 21
15,42,0.34502,0.35714,15; 8; 10; 15; 42; 9; 15; 8
14,32,0.46415,0.4375,14; 9; 9; 11; 32; 16; 18; 15
13,70,0.24352,0.18571,13; 16; 26; 25; 70; 7; 7; 9
8,10,0.46525,0.8,8; 14; 7; 7; 10; 24; 7; 23
31,42,0.76052,0.7381,31; 13; 18; 19; 42; 13; 13; 16
16,63,0.28475,0.25397,16; 27; 19; 8; 63; 7; 6; 4
10,70,0.17276,0.14286,10; 13; 20; 26; 70; 4; 7; 3
22,77,0.40278,0.28571,22; 11; 25; 17; 77; 7; 7; 3
9,53,0.20625,0.16981,9; 13; 10; 14; 53; 12; 7; 6
6,53,0.14116,0.11321,6; 24; 29; 15; 53; 3; 11; 11
41,77,0.65932,0.53247,41; 10; 8; 14; 77; 3; 7; 6
22,42,0.51886,0.52381,22; 11; 23; 23; 42; 18; 7; 3
40,53,0.80146,0.75472,40; 5; 11; 4; 53; 15; 11; 14
19,31,0.61078,0.6129,19; 24; 4; 5; 31; 4; 3; 7
42,70,0.70333,0.6,42; 5; 15; 13; 70; 9; 7; 7
21,82,0.40596,0.2561,21; 8; 14; 15; 82; 5; 3; 5
28,78,0.48548,0.35897,28; 17; 8; 9; 78; 3; 4; 6
19,48,0.40351,0.39583,19; 8; 4; 5; 48; 16; 10; 8
8,10,0.4154,0.8,8; 7; 25; 23; 10; 24; 18; 27
5,70,0.12519,0.07143,5; 10; 18; 18; 70; 8; 9; 9
9,10,0.43674,0.9,9; 13; 15; 4; 10; 18; 4; 24
6,10,0.34255,0.6,6; 22; 21; 17; 10; 25; 12; 17
71,82,0.83433,0.86585,71; 8; 5; 7; 82; 3; 5; 4
28,31,0.74092,0.90323,28; 16; 15; 8; 31; 16; 10; 19
10,42,0.25806,0.2381,10; 7; 22; 14; 42; 5; 6; 8
11,78,0.19984,0.14103,11; 18; 15; 23; 78; 6; 6; 5
22,32,0.63243,0.6875,22; 5; 8; 23; 32; 20; 11; 10
16,26,0.62225,0.61538,16; 7; 10; 16; 26; 17; 3; 19
73,75,0.81367,0.97333,73; 8; 7; 7; 75; 3; 6; 4
22,49,0.45501,0.44898,22; 20; 25; 18; 49; 11; 4; 14
52,63,0.89749,0.8254,52; 14; 6; 13; 63; 3; 11; 9
20,26,0.78484,0.76923,20; 7; 3; 10; 26; 12; 20; 19
5,10,0.27857,0.5,5; 30; 21; 12; 10; 26; 26; 14
24,26,0.78274,0.92308,24; 6; 15; 12; 26; 5; 15; 16
51,63,0.8343,0.80952,51; 8; 8; 6; 63; 10; 10; 10
45,63,0.74107,0.71429,45; 8; 9; 5; 63; 4; 10; 9
17,26,0.6301,0.65385,17; 16; 13; 25; 26; 18; 8; 13
15,42,0.34392,0.35714,15; 14; 21; 26; 42; 18; 12; 5
26,31,0.70731,0.83871,26; 20; 18; 3; 31; 8; 10; 19
8,9,0.3939,0.88889,8; 14; 25; 3; 9; 27; 25; 5
54,75,0.85688,0.72,54; 10; 13; 5; 75; 5; 4; 5
11,75,0.24797,0.14667,11; 25; 7; 26; 75; 5; 7; 3
6,10,0.36478,0.6,6; 5; 8; 23; 10; 5; 29; 7
7,49,0.16296,0.14286,7; 16; 4; 9; 49; 15; 4; 4
49,70,0.77057,0.7,49; 15; 8; 10; 70; 3; 7; 3
41,42,0.87505,0.97619,41; 3; 10; 10; 42; 3; 3; 14
7,10,0.39848,0.7,7; 20; 11; 7; 10; 22; 24; 19
9,82,0.19174,0.10976,9; 5; 10; 27; 82; 5; 3; 4
55,75,0.88886,0.73333,55; 13; 5; 12; 75; 5; 3; 3
37,53,0.73338,0.69811,37; 18; 12; 5; 53; 14; 8; 13
59,70,0.91296,0.84286,59; 5; 9; 12; 70; 6; 3; 4
6,10,0.32865,0.6,6; 15; 23; 21; 10; 3; 24; 29
8,64,0.15806,0.125,8; 26; 17; 27; 64; 5; 9; 9
56,77,0.83361,0.72727,56; 5; 8; 14; 77; 4; 5; 5
40,53,0.73557,0.75472,40; 17; 11; 16; 53; 9; 13; 13
21,32,0.67789,0.65625,21; 9; 4; 6; 32; 9; 15; 17
15,32,0.50939,0.46875,15; 7; 18; 10; 32; 22; 18; 5
23,53,0.47317,0.43396,23; 14; 12; 24; 53; 14; 9; 12
38,48,0.81442,0.79167,38; 18; 15; 9; 48; 16; 7; 12
32,75,0.54225,0.42667,32; 16; 18; 14; 75; 5; 3; 6
43,48,0.81589,0.89583,43; 7; 12; 7; 48; 5; 7; 16
5,64,0.07945,0.07812,5; 7; 16; 26; 64; 10; 3; 11
51,75,0.82146,0.68,51; 7; 14; 9; 75; 5; 6; 7
55,64,0.8938,0.85938,55; 9; 8; 3; 64; 8; 4; 10
8,64,0.17404,0.125,8; 19; 19; 4; 64; 3; 11; 10
39,49,0.78551,0.79592,39; 15; 13; 18; 49; 14; 9; 3
40,53,0.79171,0.75472,40; 17; 7; 16; 53; 3; 6; 11
11,32,0.31685,0.34375,11; 21; 10; 19; 32; 19; 8; 3
38,70,0.60407,0.54286,38; 5; 11; 5; 70; 4; 3; 8
34,49,0.7214,0.69388,34; 4; 18; 8; 49; 7; 13; 4
21,31,0.66122,0.67742,21; 24; 17; 6; 31; 4; 3; 9
14,53,0.30685,0.26415,14; 20; 20; 26; 53; 13; 9; 5
24,31,0.76527,0.77419,24; 10; 3; 5; 31; 17; 16; 5
5,10,0.34713,0.5,5; 13; 31; 22; 10; 17; 4; 12
43,78,0.64609,0.55128,43; 13; 18; 6; 78; 5; 3; 6
23,75,0.413,0.30667,23; 20; 20; 21; 75; 7; 5; 3
13,70,0.23375,0.18571,13; 17; 23; 17; 70; 8; 8; 6
74,77,0.78298,0.96104,74; 5; 7; 8; 77; 4; 7; 4
48,53,0.83178,0.90566,48; 15; 7; 7; 53; 4; 10; 8
32,63,0.56058,0.50794,32; 17; 5; 3; 63; 5; 3; 5
32,77,0.53073,0.41558,32; 18; 13; 3; 77; 7; 7; 3
41,49,0.8215,0.83673,41; 16; 5; 7; 49; 8; 9; 15
8,53,0.1845,0.15094,8; 9; 14; 3; 53; 15; 4; 11
7,9,0.3767,0.77778,7; 25; 9; 30; 9; 8; 22; 7
31,70,0.51061,0.44286,31; 10; 5; 17; 70; 7; 3; 5
24,42,0.57496,0.57143,24; 7; 6; 16; 42; 13; 7; 12
65,70,0.90504,0.92857,65; 3; 6; 5; 70; 8; 9; 9
61,78,0.81506,0.78205,61; 5; 11; 9; 78; 5; 4; 4
29,49,0.54783,0.59184,29; 14; 22; 6; 49; 7; 11; 15
23,42,0.54862,0.54762,23; 10; 20; 19; 42; 17; 16; 11
24,70,0.41279,0.34286,24; 8; 20; 13; 70; 3; 4; 6
57,77,0.87973,0.74026,57; 4; 3; 10; 77; 5; 3; 6
5,9,0.28171,0.55556,5; 9; 15; 5; 9; 26; 16; 21
16,70,0.2615,0.22857,16; 7; 20; 21; 70; 5; 9; 6
57,70,0.9536,0.81429,57; 6; 10; 3; 70; 3; 7; 9
36,78,0.59628,0.46154,36; 17; 4; 5; 78; 6; 3; 4
14,31,0.43271,0.45161,14; 26; 13; 16; 31; 20; 7; 11
23,42,0.56083,0.54762,23; 8; 5; 24; 42; 13; 10; 12
5,9,0.30379,0.55556,5; 29; 23; 15; 9; 19; 24; 4
5,75,0.13683,0.06667,5; 31; 10; 10; 75; 5; 7; 7
9,70,0.1832,0.12857,9; 27; 20; 15; 70; 8; 6; 4
12,77,0.21113,0.15584,12; 11; 21; 27; 77; 5; 6; 6
7,26,0.29267,0.26923,7; 16; 11; 24; 26; 22; 14; 10
43,77,0.6695,0.55844,43; 6; 12; 13; 77; 3; 7; 5
15,42,0.36454,0.35714,15; 19; 26; 27; 42; 7; 15; 16
15,26,0.53638,0.57692,15; 26; 25; 17; 26; 13; 18; 18
9,10,0.47529,0.9,9; 29; 3; 15; 10; 7; 5; 14
7,9,0.35278,0.77778,7; 5; 11; 15; 9; 29; 23; 10
33,49,0.7007,0.67347,33; 5; 11; 20; 49; 13; 14; 11
75,82,0.69046,0.91463,75; 5; 7; 7; 82; 5; 4; 3
22,42,0.52423,0.52381,22; 5; 11; 24; 42; 8; 15; 3
31,48,0.63964,0.64583,31; 4; 17; 12; 48; 15; 11; 3
26,31,0.74723,0.83871,26; 3; 21; 23; 31; 15; 21; 5
74,77,0.85508,0.96104,74; 3; 3; 5; 77; 6; 5; 3
17,31,0.52859,0.54839,17; 15; 19; 7; 31; 12; 15; 6
17,53,0.32209,0.32075,17; 27; 27; 17; 53; 8; 3; 7
6,78,0.19095,0.07692,6; 25; 12; 11; 78; 4; 3; 6
15,82,0.30525,0.18293,15; 25; 13; 13; 82; 4; 5; 4
38,64,0.61732,0.59375,38; 9; 6; 11; 64; 5; 6; 6
54,75,0.79915,0.72,54; 12; 12; 11; 75; 4; 4; 7
14,64,0.26809,0.21875,14; 8; 10; 10; 64; 7; 7; 7
5,42,0.1621,0.11905,5; 25; 8; 9; 42; 12; 15; 12
14,32,0.44401,0.4375,14; 25; 22; 11; 32; 15; 22; 15
50,63,0.81777,0.79365,50; 16; 13; 4; 63; 8; 5; 7
6,10,0.32834,0.6,6; 30; 16; 14; 10; 27; 18; 14
34,75,0.5431,0.45333,34; 14; 8; 8; 75; 6; 5; 3
6,10,0.3564,0.6,6; 14; 23; 18; 10; 3; 18; 26
6,9,0.34372,0.66667,6; 4; 7; 6; 9; 10; 9; 4
17,42,0.38499,0.40476,17; 25; 26; 23; 42; 11; 7; 14
8,42,0.19261,0.19048,8; 10; 28; 28; 42; 3; 15; 5
43,49,0.7776,0.87755,43; 7; 9; 17; 49; 3; 8; 16
16,31,0.53164,0.51613,16; 6; 15; 3; 31; 14; 6; 9
30,49,0.62873,0.61224,30; 6; 9; 10; 49; 3; 12; 16
20,63,0.32773,0.31746,20; 10; 13; 24; 63; 6; 5; 11
29,32,0.73402,0.90625,29; 16; 12; 12; 32; 22; 19; 3
8,49,0.19414,0.16327,8; 14; 19; 9; 49; 12; 4; 3
17,53,0.30954,0.32075,17; 8; 19; 25; 53; 11; 5; 5
65,70,0.91251,0.92857,65; 8; 5; 4; 70; 6; 9; 3
28,31,0.76578,0.90323,28; 20; 21; 16; 31; 13; 18; 16
9,10,0.46224,0.9,9; 22; 18; 24; 10; 29; 14; 11
39,64,0.64435,0.60938,39; 18; 19; 19; 64; 9; 6; 3
7,10,0.3673,0.7,7; 30; 23; 13; 10; 17; 9; 5
62,77,0.89064,0.80519,62; 9; 6; 10; 77; 5; 7; 5
48,49,0.82061,0.97959,48; 3; 6; 14; 49; 3; 14; 14
14,42,0.31791,0.33333,14; 28; 12; 5; 42; 5; 16; 4
5,9,0.27759,0.55556,5; 17; 31; 19; 9; 24; 20; 27
28,82,0.49076,0.34146,28; 18; 3; 18; 82; 3; 3; 3
60,78,0.81358,0.76923,60; 12; 12; 10; 78; 4; 3; 3
8,42,0.20899,0.19048,8; 27; 24; 12; 42; 5; 8; 4
54,75,0.85105,0.72,54; 13; 10; 14; 75; 5; 4; 6
26,32,0.7692,0.8125,26; 22; 9; 16; 32; 7; 12; 17
43,63,0.75196,0.68254,43; 15; 9; 8; 63; 11; 8; 9
18,48,0.39467,0.375,18; 10; 9; 21; 48; 6; 3; 4
38,48,0.82963,0.79167,38; 4; 19; 8; 48; 4; 13; 5
19,53,0.36268,0.35849,19; 24; 20; 19; 53; 13; 3; 14
62,77,0.84184,0.80519,62; 9; 5; 6; 77; 4; 7; 6
13,48,0.29007,0.27083,13; 4; 21; 15; 48; 10; 11; 15
62,70,0.91042,0.88571,62; 10; 4; 4; 70; 9; 5; 4
38,48,0.79503,0.79167,38; 20; 20; 7; 48; 10; 6; 4
10,53,0.19789,0.18868,10; 28; 27; 28; 53; 13; 15; 15
15,26,0.5744,0.57692,15; 14; 12; 9; 26; 16; 6; 20
10,32,0.36595,0.3125,10; 24; 20; 8; 32; 21; 10; 21
35,48,0.75736,0.72917,35; 16; 8; 21; 48; 11; 12; 14
56,64,0.94009,0.875,56; 8; 9; 3; 64; 10; 6; 3
20,32,0.63732,0.625,20; 4; 5; 11; 32; 4; 13; 19
36,82,0.58857,0.43902,36; 11; 13; 9; 82; 4; 4; 5
33,78,0.58678,0.42308,33; 20; 8; 6; 78; 4; 3; 6
9,10,0.44381,0.9,9; 16; 25; 4; 10; 3; 3; 26
51,70,0.82382,0.72857,51; 12; 11; 12; 70; 4; 3; 6
15,64,0.26895,0.23438,15; 27; 11; 25; 64; 9; 7; 4
15,82,0.30356,0.18293,15; 5; 24; 26; 82; 4; 5; 4
19,48,0.40331,0.39583,19; 20; 13; 12; 48; 7; 11; 11
45,64,0.75391,0.70312,45; 4; 15; 15; 64; 6; 5; 9
7,9,0.3553,0.77778,7; 22; 22; 21; 9; 29; 9; 21
5,10,0.31172,0.5,5; 27; 15; 21; 10; 27; 29; 29
37,78,0.59522,0.47436,37; 16; 3; 6; 78; 4; 6; 5
52,82,0.72756,0.63415,52; 11; 12; 9; 82; 4; 4; 3
30,82,0.5218,0.36585,30; 10; 13; 3; 82; 3; 3; 3
16,31,0.49732,0.51613,16; 27; 18; 7; 31; 11; 6; 14
8,10,0.45642,0.8,8; 8; 29; 28; 10; 9; 24; 13
8,9,0.40787,0.88889,8; 17; 20; 27; 9; 27; 15; 24
51,82,0.8422,0.62195,51; 8; 12; 8; 82; 4; 4; 4
7,64,0.12773,0.10938,7; 16; 10; 23; 64; 3; 7; 6
33,53,0.63562,0.62264,33; 6; 6; 5; 53; 13; 12; 8
30,82,0.50163,0.36585,30; 12; 11; 10; 82; 3; 4; 3
23,26,0.80354,0.88462,23; 19; 3; 19; 26; 22; 4; 19
73,75,0.78527,0.97333,73; 7; 7; 5; 75; 5; 4; 5
6,64,0.09517,0.09375,6; 24; 29; 12; 64; 5; 3; 8
8,10,0.41359,0.8,8; 20; 25; 14; 10; 26; 4; 25
27,63,0.47144,0.42857,27; 14; 22; 3; 63; 7; 10; 8
30,63,0.53984,0.47619,30; 8; 22; 9; 63; 9; 7; 6
15,53,0.29029,0.28302,15; 5; 17; 19; 53; 5; 9; 10
10,31,0.32624,0.32258,10; 5; 4; 21; 31; 19; 20; 9
39,63,0.65057,0.61905,39; 15; 6; 19; 63; 7; 4; 8
25,42,0.57104,0.59524,25; 6; 7; 20; 42; 15; 5; 9
28,70,0.48693,0.4,28; 23; 23; 19; 70; 9; 9; 5
74,78,0.88808,0.94872,74; 4; 4; 4; 78; 3; 5; 4
65,70,0.86757,0.92857,65; 6; 7; 6; 70; 8; 6; 3
41,64,0.64995,0.64062,41; 7; 3; 3; 64; 7; 7; 11
76,78,0.76495,0.97436,76; 5; 6; 6; 78; 6; 5; 6
30,31,0.78468,0.96774,30; 12; 18; 12; 31; 7; 6; 22
56,77,0.85119,0.72727,56; 8; 9; 4; 77; 7; 4; 7
8,10,0.4508,0.8,8; 21; 5; 14; 10; 3; 24; 4
18,64,0.33142,0.28125,18; 13; 17; 7; 64; 10; 7; 3
19,49,0.37548,0.38776,19; 11; 19; 8; 49; 13; 5; 5
6,26,0.24066,0.23077,6; 15; 8; 13; 26; 6; 14; 13
39,78,0.62775,0.5,39; 8; 12; 12; 78; 5; 4; 6
41,42,0.82866,0.97619,41; 5; 18; 6; 42; 3; 12; 5
52,70,0.82344,0.74286,52; 11; 15; 7; 70; 3; 5; 7
69,78,0.83741,0.88462,69; 8; 5; 8; 78; 6; 3; 4
6,9,0.30726,0.66667,6; 28; 12; 29; 9; 3; 21; 15
13,75,0.26147,0.17333,13; 21; 24; 27; 75; 3; 3; 4
64,78,0.86284,0.82051,64; 9; 4; 7; 78; 3; 5; 4
43,64,0.7054,0.67188,43; 4; 11; 13; 64; 5; 8; 8
25,70,0.45962,0.35714,25; 3; 8; 12; 70; 8; 4; 6
23,53,0.48117,0.43396,23; 21; 18; 17; 53; 10; 13; 9
57,82,0.88039,0.69512,57; 11; 12; 11; 82; 5; 5; 3
38,78,0.61652,0.48718,38; 17; 5; 8; 78; 5; 5; 6
6,63,0.11899,0.09524,6; 22; 30; 13; 63; 7; 3; 3
25,26,0.73845,0.96154,25; 20; 10; 24; 26; 15; 19; 5
33,70,0.57386,0.47143,33; 8; 3; 5; 70; 9; 8; 4
8,26,0.33927,0.30769,8; 9; 28; 7; 26; 16; 20; 21
18,26,0.65673,0.69231,18; 6; 10; 9; 26; 19; 8; 13
8,64,0.12797,0.125,8; 24; 29; 30; 64; 5; 6; 3
14,82,0.28556,0.17073,14; 14; 20; 9; 82; 5; 5; 5
8,10,0.42177,0.8,8; 8; 28; 29; 10; 29; 15; 27
44,53,0.82633,0.83019,44; 16; 13; 12; 53; 9; 5; 7
40,77,0.60097,0.51948,40; 11; 15; 19; 77; 5; 4; 5
32,48,0.69665,0.66667,32; 21; 18; 21; 48; 10; 5; 14
20,42,0.48018,0.47619,20; 10; 3; 18; 42; 13; 6; 12
15,70,0.26635,0.21429,15; 21; 19; 7; 70; 4; 6; 5
5,9,0.31805,0.55556,5; 22; 9; 12; 9; 5; 5; 22
29,64,0.5108,0.45312,29; 16; 18; 3; 64; 9; 3; 9
15,32,0.47559,0.46875,15; 4; 24; 3; 32; 22; 18; 4
5,10,0.25252,0.5,5; 4; 28; 29; 10; 13; 20; 12
31,63,0.5373,0.49206,31; 7; 15; 10; 63; 4; 11; 4
65,77,0.84943,0.84416,65; 3; 3; 5; 77; 4; 5; 3
34,82,0.55417,0.41463,34; 19; 10; 18; 82; 3; 3; 4
53,63,0.87958,0.84127,53; 3; 15; 15; 63; 4; 8; 5
47,70,0.74231,0.67143,47; 5; 16; 13; 70; 6; 9; 6
18,53,0.34792,0.33962,18; 15; 21; 21; 53; 8; 6; 10
35,77,0.57856,0.45455,35; 13; 21; 18; 77; 4; 3; 4
29,70,0.52301,0.41429,29; 9; 9; 11; 70; 6; 9; 7
17,70,0.29049,0.24286,17; 5; 12; 7; 70; 5; 4; 5
21,32,0.73968,0.65625,21; 14; 14; 6; 32; 22; 6; 11
9,10,0.44655,0.9,9; 16; 24; 28; 10; 9; 7; 23
30,49,0.63039,0.61224,30; 12; 3; 17; 49; 11; 15; 8
21,31,0.63155,0.67742,21; 4; 11; 10; 31; 11; 6; 4
8,53,0.16808,0.15094,8; 17; 24; 29; 53; 14; 7; 15
16,49,0.33367,0.32653,16; 21; 15; 12; 49; 12; 10; 16
38,70,0.62758,0.54286,38; 15; 9; 11; 70; 6; 3; 8
51,78,0.79799,0.65385,51; 3; 9; 4; 78; 3; 5; 5
54,63,0.89521,0.85714,54; 11; 12; 6; 63; 7; 4; 8
54,70,0.90427,0.77143,54; 11; 5; 5; 70; 8; 8; 4
30,42,0.73617,0.71429,30; 17; 22; 22; 42; 5; 6; 7
7,9,0.34984,0.77778,7; 8; 21; 24; 9; 3; 23; 26
56,63,0.92268,0.88889,56; 14; 13; 3; 63; 4; 10; 7
22,26,0.79931,0.84615,22; 12; 25; 19; 26; 17; 19; 13
33,49,0.68649,0.67347,33; 6; 6; 4; 49; 4; 4; 9
80,82,0.75707,0.97561,80; 3; 4; 6; 82; 5; 4; 5
7,10,0.39047,0.7,7; 5; 29; 29; 10; 11; 19; 6
19,26,0.65641,0.73077,19; 12; 13; 8; 26; 7; 13; 22
54,63,0.90335,0.85714,54; 4; 4; 8; 63; 7; 11; 6
9,32,0.2796,0.28125,9; 5; 16; 10; 32; 10; 4; 6
17,31,0.57498,0.54839,17; 5; 26; 16; 31; 11; 3; 3
8,10,0.4279,0.8,8; 29; 29; 29; 10; 16; 14; 22
41,77,0.64267,0.53247,41; 3; 6; 15; 77; 3; 3; 5
22,78,0.44355,0.28205,22; 20; 16; 17; 78; 4; 4; 6
38,48,0.7742,0.79167,38; 6; 4; 10; 48; 14; 14; 11
6,9,0.33129,0.66667,6; 12; 21; 6; 9; 20; 7; 22
25,78,0.45416,0.32051,25; 24; 15; 9; 78; 3; 5; 4
8,10,0.42884,0.8,8; 13; 8; 27; 10; 16; 18; 13
6,10,0.35927,0.6,6; 5; 23; 11; 10; 25; 25; 27
65,75,0.84084,0.86667,65; 5; 9; 11; 75; 5; 3; 6
29,32,0.78299,0.90625,29; 7; 13; 15; 32; 7; 7; 21
48,53,0.81084,0.90566,48; 12; 16; 16; 53; 5; 7; 3
25,32,0.75486,0.78125,25; 22; 15; 23; 32; 20; 22; 20
26,78,0.45739,0.33333,26; 10; 17; 18; 78; 4; 4; 6
31,82,0.52307,0.37805,31; 14; 14; 3; 82; 4; 5; 5
28,32,0.767,0.875,28; 18; 20; 7; 32; 20; 17; 19
45,70,0.75389,0.64286,45; 6; 4; 14; 70; 5; 6; 9
14,48,0.32677,0.29167,14; 25; 3; 16; 48; 11; 14; 5
7,32,0.2476,0.21875,7; 10; 13; 8; 32; 8; 3; 11
15,49,0.29461,0.30612,15; 21; 11; 5; 49; 6; 14; 12
50,78,0.8397,0.64103,50; 8; 9; 6; 78; 5; 4; 4
36,75,0.59482,0.48,36; 3; 4; 17; 75; 7; 7; 3
22,70,0.3866,0.31429,22; 15; 25; 4; 70; 9; 6; 8
47,53,0.80157,0.88679,47; 3; 12; 16; 53; 7; 5; 10
39,63,0.65245,0.61905,39; 13; 10; 4; 63; 5; 10; 10
55,82,0.77188,0.67073,55; 11; 10; 13; 82; 4; 3; 3
13,31,0.40721,0.41935,13; 7; 7; 28; 31; 13; 3; 12
40,42,0.8178,0.95238,40; 12; 9; 7; 42; 9; 12; 7
23,32,0.70284,0.71875,23; 10; 23; 23; 32; 20; 10; 7
31,78,0.52244,0.39744,31; 18; 10; 9; 78; 6; 6; 6
36,78,0.60386,0.46154,36; 11; 7; 17; 78; 5; 4; 3
37,70,0.6121,0.52857,37; 9; 17; 9; 70; 5; 5; 9
70,75,0.82643,0.93333,70; 4; 9; 8; 75; 5; 5; 5
12,53,0.24697,0.22642,12; 21; 3; 20; 53; 15; 5; 6
74,75,0.74052,0.98667,74; 8; 3; 4; 75; 3; 5; 6
39,77,0.6499,0.50649,39; 14; 10; 11; 77; 4; 4; 6
59,82,0.74362,0.71951,59; 7; 9; 12; 82; 5; 3; 3
40,42,0.81939,0.95238,40; 12; 15; 13; 42; 3; 13; 13
21,49,0.42838,0.42857,21; 3; 5; 13; 49; 9; 10; 12
63,77,0.82944,0.81818,63; 9; 3; 5; 77; 7; 7; 5
26,70,0.45086,0.37143,26; 10; 21; 6; 70; 6; 7; 5
36,70,0.62706,0.51429,36; 4; 9; 18; 70; 4; 4; 4
36,48,0.78184,0.75,36; 3; 7; 20; 48; 14; 3; 12
7,26,0.30001,0.26923,7; 20; 27; 11; 26; 9; 11; 16
21,82,0.40834,0.2561,21; 6; 5; 14; 82; 3; 3; 3
8,49,0.17478,0.16327,8; 21; 27; 17; 49; 13; 16; 13
8,10,0.37862,0.8,8; 14; 23; 28; 10; 17; 3; 10
48,70,0.77589,0.68571,48; 13; 3; 3; 70; 9; 6; 6
38,75,0.57444,0.50667,38; 6; 19; 6; 75; 6; 7; 5
22,42,0.52071,0.52381,22; 24; 15; 7; 42; 5; 18; 5
32,77,0.55797,0.41558,32; 7; 17; 17; 77; 4; 7; 5
25,42,0.55647,0.59524,25; 6; 7; 6; 42; 15; 3; 7
47,75,0.74494,0.62667,47; 8; 4; 4; 75; 6; 5; 4
26,75,0.45294,0.34667,26; 8; 18; 19; 75; 6; 7; 4
14,31,0.4778,0.45161,14; 10; 4; 26; 31; 14; 19; 19
22,31,0.74295,0.70968,22; 11; 19; 16; 31; 11; 12; 13
48,53,0.84962,0.90566,48; 3; 7; 14; 53; 8; 11; 6
19,31,0.59581,0.6129,19; 23; 23; 20; 31; 16; 4; 22
12,49,0.2771,0.2449,12; 25; 16; 12; 49; 6; 9; 6
63,77,0.86172,0.81818,63; 4; 3; 7; 77; 4; 5; 5
24,63,0.42267,0.38095,24; 12; 4; 6; 63; 11; 8; 11
25,32,0.74447,0.78125,25; 24; 6; 14; 32; 6; 3; 13
54,77,0.80372,0.7013,54; 4; 7; 6; 77; 3; 7; 6
26,70,0.48188,0.37143,26; 16; 16; 7; 70; 8; 4; 9
51,82,0.82459,0.62195,51; 9; 13; 7; 82; 5; 5; 3
18,75,0.36509,0.24,18; 17; 6; 26; 75; 4; 7; 4
24,31,0.74783,0.77419,24; 24; 15; 13; 31; 5; 22; 9
16,75,0.30827,0.21333,16; 15; 24; 11; 75; 5; 7; 3
10,31,0.36366,0.32258,10; 25; 16; 23; 31; 8; 7; 18
48,75,0.74924,0.64,48; 11; 5; 7; 75; 4; 7; 7
10,32,0.33207,0.3125,10; 8; 14; 18; 32; 4; 8; 9
59,63,0.95138,0.93651,59; 12; 6; 5; 63; 4; 10; 4
6,70,0.11147,0.08571,6; 4; 30; 25; 70; 3; 7; 7
5,26,0.21646,0.19231,5; 17; 26; 30; 26; 14; 8; 22
34,42,0.82788,0.80952,34; 12; 3; 7; 42; 16; 8; 10
5,82,0.14983,0.06098,5; 27; 7; 13; 82; 5; 5; 5
29,82,0.50553,0.35366,29; 18; 11; 12; 82; 3; 3; 5
52,77,0.75968,0.67532,52; 8; 13; 12; 77; 7; 3; 6
41,49,0.80377,0.83673,41; 14; 4; 5; 49; 9; 12; 12
18,31,0.61614,0.58065,18; 19; 3; 23; 31; 22; 19; 19
8,26,0.31287,0.30769,8; 12; 14; 25; 26; 17; 24; 3
13,70,0.25216,0.18571,13; 26; 25; 10; 70; 7; 4; 3
44,63,0.76609,0.69841,44; 15; 9; 13; 63; 10; 7; 3
33,48,0.72909,0.6875,33; 20; 20; 20; 48; 11; 4; 13
6,9,0.34643,0.66667,6; 18; 17; 4; 9; 4; 20; 14
17,26,0.63972,0.65385,17; 6; 23; 17; 26; 7; 20; 19
39,42,0.81183,0.92857,39; 8; 3; 19; 42; 16; 7; 7
7,9,0.40044,0.77778,7; 21; 5; 22; 9; 20; 20; 29
5,75,0.09429,0.06667,5; 14; 22; 24; 75; 3; 5; 6
40,49,0.83093,0.81633,40; 4; 3; 19; 49; 4; 15; 10
10,26,0.42199,0.38462,10; 27; 17; 17; 26; 9; 14; 11
38,48,0.78799,0.79167,38; 3; 19; 18; 48; 7; 13; 16
6,9,0.33713,0.66667,6; 17; 13; 7; 9; 16; 24; 20
20,70,0.36394,0.28571,20; 19; 16; 24; 70; 9; 8; 6
7,70,0.12102,0.1,7; 24; 21; 12; 70; 7; 8; 7
12,75,0.25324,0.16,12; 28; 3; 13; 75; 4; 3; 7
14,75,0.27371,0.18667,14; 13; 5; 21; 75; 7; 6; 6
11,42,0.28331,0.2619,11; 22; 15; 7; 42; 6; 16; 4
31,78,0.54048,0.39744,31; 15; 17; 20; 78; 3; 3; 6
16,42,0.39583,0.38095,16; 22; 17; 27; 42; 15; 14; 10
23,70,0.41971,0.32857,23; 22; 12; 14; 70; 6; 8; 8
19,31,0.59613,0.6129,19; 3; 8; 6; 31; 10; 10; 12
42,64,0.70708,0.65625,42; 18; 5; 16; 64; 9; 4; 4
18,32,0.53756,0.5625,18; 7; 26; 22; 32; 5; 19; 12
12,32,0.39855,0.375,12; 11; 24; 17; 32; 13; 3; 8
76,77,0.72861,0.98701,76; 4; 7; 5; 77; 7; 3; 6
52,75,0.78922,0.69333,52; 5; 10; 10; 75; 6; 5; 6
8,9,0.39387,0.88889,8; 10; 3; 30; 9; 23; 9; 20
23,82,0.42344,0.28049,23; 12; 4; 21; 82; 3; 5; 5
21,31,0.67263,0.67742,21; 5; 11; 4; 31; 3; 22; 11
21,26,0.74135,0.80769,21; 10; 11; 17; 26; 8; 24; 10
7,10,0.4273,0.7,7; 9; 16; 21; 10; 24; 6; 24
47,49,0.80558,0.95918,47; 14; 7; 3; 49; 12; 12; 9
13,32,0.40558,0.40625,13; 16; 17; 27; 32; 13; 5; 18
24,48,0.52206,0.5,24; 15; 3; 8; 48; 8; 11; 4
8,26,0.31244,0.30769,8; 25; 4; 20; 26; 7; 12; 21
13,26,0.44138,0.5,13; 4; 14; 22; 26; 6; 17; 13
56,82,0.86443,0.68293,56; 7; 5; 10; 82; 3; 4; 4
20,77,0.36072,0.25974,20; 8; 5; 9; 77; 6; 4; 3
38,70,0.62884,0.54286,38; 19; 16; 6; 70; 8; 9; 3
6,9,0.33572,0.66667,6; 8; 25; 27; 9; 13; 6; 13
45,63,0.73584,0.71429,45; 17; 10; 9; 63; 9; 3; 8
7,10,0.41553,0.7,7; 11; 27; 21; 10; 18; 18; 8
41,70,0.66544,0.58571,41; 7; 4; 14; 70; 8; 5; 5
12,26,0.50736,0.46154,12; 26; 27; 27; 26; 6; 19; 21
19,70,0.35983,0.27143,19; 23; 13; 18; 70; 6; 3; 6
40,70,0.62804,0.57143,40; 3; 10; 13; 70; 9; 3; 4
17,42,0.41225,0.40476,17; 11; 25; 24; 42; 13; 14; 5
72,82,0.70334,0.87805,72; 8; 4; 4; 82; 3; 3; 5
22,32,0.73627,0.6875,22; 19; 3; 25; 32; 10; 12; 19
23,31,0.6768,0.74194,23; 10; 15; 13; 31; 20; 7; 22
12,26,0.44006,0.46154,12; 10; 12; 14; 26; 5; 3; 12
30,77,0.5091,0.38961,30; 16; 21; 20; 77; 5; 3; 3
5,9,0.30362,0.55556,5; 16; 27; 14; 9; 3; 27; 8
7,77,0.162,0.09091,7; 8; 10; 15; 77; 6; 6; 4
24,77,0.44815,0.31169,24; 22; 12; 19; 77; 3; 6; 7
41,77,0.67356,0.53247,41; 17; 5; 4; 77; 5; 5; 6
52,63,0.88823,0.8254,52; 14; 5; 5; 63; 5; 4; 7
6,9,0.32232,0.66667,6; 25; 12; 18; 9; 3; 17; 18
15,77,0.27678,0.19481,15; 23; 17; 13; 77; 3; 6; 3
39,64,0.66457,0.60938,39; 9; 10; 18; 64; 6; 11; 8
23,26,0.764,0.88462,23; 16; 8; 24; 26; 4; 6; 24
14,31,0.45442,0.45161,14; 26; 8; 14; 31; 22; 11; 8
20,26,0.76923,0.76923,20; 5; 6; 24; 26; 14; 6; 11
17,75,0.32927,0.22667,17; 7; 7; 7; 75; 4; 7; 4
5,78,0.12108,0.0641,5; 26; 19; 4; 78; 3; 3; 5
18,32,0.55666,0.5625,18; 11; 16; 22; 32; 21; 11; 7
50,78,0.81564,0.64103,50; 16; 13; 5; 78; 4; 4; 5
43,49,0.80175,0.87755,43; 16; 15; 8; 49; 5; 10; 8
12,31,0.37029,0.3871,12; 4; 9; 17; 31; 22; 12; 5
29,42,0.65535,0.69048,29; 23; 9; 19; 42; 12; 17; 16
52,75,0.83068,0.69333,52; 5; 8; 15; 75; 5; 7; 5
53,78,0.85755,0.67949,53; 13; 11; 5; 78; 4; 5; 6
12,63,0.17152,0.19048,12; 7; 24; 28; 63; 4; 10; 6
9,78,0.19554,0.11538,9; 14; 9; 25; 78; 6; 3; 3
26,70,0.44698,0.37143,26; 10; 21; 24; 70; 7; 7; 9
66,77,0.84649,0.85714,66; 9; 9; 8; 77; 5; 5; 5
30,48,0.62435,0.625,30; 17; 3; 16; 48; 11; 3; 6
56,78,0.88711,0.71795,56; 9; 12; 6; 78; 3; 5; 5
65,75,0.82619,0.86667,65; 5; 11; 7; 75; 7; 5; 7
30,63,0.51027,0.47619,30; 14; 16; 11; 63; 9; 10; 7
21,42,0.49142,0.5,21; 9; 22; 12; 42; 6; 7; 5
5,42,0.13058,0.11905,5; 26; 31; 14; 42; 7; 15; 6
18,26,0.64614,0.69231,18; 26; 11; 13; 26; 9; 10; 23
6,9,0.30127,0.66667,6; 10; 16; 19; 9; 27; 3; 24
43,63,0.71589,0.68254,43; 16; 11; 16; 63; 5; 5; 4
36,82,0.58698,0.43902,36; 8; 8; 3; 82; 3; 3; 3
60,70,0.89948,0.85714,60; 12; 10; 12; 70; 8; 5; 5
5,9,0.30327,0.55556,5; 24; 28; 23; 9; 23; 14; 4
9,31,0.29712,0.29032,9; 17; 25; 4; 31; 16; 22; 16
17,63,0.30241,0.26984,17; 14; 26; 25; 63; 11; 9; 6
75,77,0.80992,0.97403,75; 7; 5; 5; 77; 6; 7; 5
16,78,0.32414,0.20513,16; 19; 4; 16; 78; 3; 3; 5
17,63,0.28716,0.26984,17; 23; 10; 6; 63; 5; 5; 11
5,31,0.19991,0.16129,5; 11; 15; 8; 31; 12; 15; 8
6,31,0.21537,0.19355,6; 28; 22; 12; 31; 10; 6; 13
38,77,0.58901,0.49351,38; 6; 11; 12; 77; 7; 3; 5
12,32,0.40709,0.375,12; 5; 10; 24; 32; 20; 3; 11
6,10,0.34349,0.6,6; 6; 3; 4; 10; 23; 21; 11
26,31,0.75735,0.83871,26; 7; 13; 5; 31; 14; 3; 18
19,78,0.37372,0.24359,19; 7; 26; 7; 78; 4; 6; 6
47,78,0.71525,0.60256,47; 17; 11; 16; 78; 4; 6; 4
15,31,0.49985,0.48387,15; 23; 10; 13; 31; 10; 4; 14
67,70,0.88677,0.95714,67; 7; 3; 8; 70; 7; 3; 4
69,78,0.76585,0.88462,69; 4; 7; 3; 78; 4; 3; 6
26,75,0.45549,0.34667,26; 19; 17; 4; 75; 6; 4; 6
10,26,0.35908,0.38462,10; 24; 13; 28; 26; 5; 11; 14
23,26,0.74197,0.88462,23; 12; 12; 14; 26; 20; 8; 19
42,63,0.70027,0.66667,42; 3; 12; 15; 63; 4; 9; 9
7,78,0.15732,0.08974,7; 26; 21; 10; 78; 5; 3; 6
47,63,0.79099,0.74603,47; 6; 16; 17; 63; 7; 3; 9
19,53,0.3636,0.35849,19; 26; 14; 21; 53; 5; 5; 3
15,82,0.30906,0.18293,15; 27; 17; 13; 82; 3; 4; 3
75,77,0.78812,0.97403,75; 7; 5; 6; 77; 3; 5; 6
20,42,0.46223,0.47619,20; 19; 21; 16; 42; 11; 18; 14
60,75,0.8859,0.8,60; 7; 6; 12; 75; 5; 6; 4
7,75,0.15785,0.09333,7; 29; 5; 12; 75; 3; 5; 4
12,78,0.25808,0.15385,12; 6; 26; 14; 78; 6; 6; 3
5,31,0.20411,0.16129,5; 20; 21; 19; 31; 12; 22; 4
44,49,0.82239,0.89796,44; 7; 3; 13; 49; 8; 8; 14
25,48,0.51368,0.52083,25; 11; 10; 23; 48; 15; 12; 8
62,82,0.8622,0.7561,62; 12; 5; 3; 82; 5; 3; 3
13,63,0.24997,0.20635,13; 14; 15; 21; 63; 11; 5; 9
41,78,0.64427,0.52564,41; 16; 7; 10; 78; 6; 3; 5
27,32,0.74203,0.84375,27; 17; 11; 13; 32; 16; 14; 17
16,32,0.48297,0.5,16; 12; 20; 13; 32; 6; 8; 4
44,78,0.68898,0.5641,44; 8; 5; 12; 78; 4; 5; 6
11,82,0.2351,0.13415,11; 7; 9; 14; 82; 5; 4; 5
33,42,0.77359,0.78571,33; 17; 20; 7; 42; 3; 18; 17
8,53,0.1769,0.15094,8; 3; 23; 6; 53; 6; 13; 7
16,26,0.59601,0.61538,16; 12; 25; 7; 26; 14; 10; 23
9,10,0.46115,0.9,9; 25; 23; 26; 10; 21; 12; 26
34,49,0.70315,0.69388,34; 19; 8; 17; 49; 9; 5; 5
65,70,0.88222,0.92857,65; 8; 9; 10; 70; 9; 4; 4
38,63,0.62457,0.60317,38; 11; 14; 13; 63; 5; 6; 7
18,64,0.30922,0.28125,18; 13; 20; 19; 64; 4; 4; 8
8,10,0.42913,0.8,8; 3; 30; 4; 10; 22; 6; 12
5,10,0.32107,0.5,5; 22; 24; 17; 10; 18; 5; 26
51,82,0.69681,0.62195,51; 4; 5; 12; 82; 3; 3; 5
24,42,0.61585,0.57143,24; 22; 13; 15; 42; 13; 15; 13
21,75,0.47282,0.28,21; 22; 20; 23; 75; 3; 6; 3
6,10,0.38257,0.6,6; 27; 8; 7; 10; 19; 27; 4
12,32,0.38314,0.375,12; 27; 11; 17; 32; 15; 4; 17
45,82,0.75008,0.54878,45; 16; 3; 8; 82; 3; 3; 4
6,82,0.13708,0.07317,6; 28; 20; 11; 82; 5; 5; 5
21,64,0.36143,0.32812,21; 10; 20; 18; 64; 11; 3; 11
9,32,0.30581,0.28125,9; 27; 9; 12; 32; 18; 19; 10
29,70,0.50045,0.41429,29; 15; 3; 14; 70; 5; 3; 4
7,9,0.33959,0.77778,7; 17; 23; 29; 9; 18; 17; 7
5,64,0.09133,0.07812,5; 7; 6; 31; 64; 5; 8; 8
20,26,0.74717,0.76923,20; 22; 10; 23; 26; 8; 18; 24
52,78,0.84083,0.66667,52; 15; 6; 12; 78; 5; 6; 3
64,77,0.8251,0.83117,64; 4; 9; 7; 77; 3; 3; 5
30,53,0.58424,0.56604,30; 12; 9; 20; 53; 8; 11; 5
8,10,0.43545,0.8,8; 19; 25; 12; 10; 19; 27; 10
45,70,0.73438,0.64286,45; 16; 5; 9; 70; 3; 6; 7
39,70,0.62475,0.55714,39; 6; 18; 9; 70; 9; 6; 6
11,32,0.37092,0.34375,11; 11; 25; 27; 32; 5; 8; 4
25,53,0.5111,0.4717,25; 3; 10; 20; 53; 10; 13; 5
36,82,0.60692,0.43902,36; 6; 13; 20; 82; 4; 4; 3
17,26,0.61032,0.65385,17; 20; 5; 14; 26; 3; 8; 14
24,75,0.4397,0.32,24; 7; 22; 17; 75; 5; 5; 6
8,78,0.18909,0.10256,8; 6; 22; 27; 78; 5; 5; 5
27,32,0.79954,0.84375,27; 12; 10; 21; 32; 18; 13; 12
11,70,0.22653,0.15714,11; 12; 23; 16; 70; 6; 9; 4
68,70,0.88226,0.97143,68; 6; 7; 6; 70; 8; 5; 6
41,49,0.7855,0.83673,41; 6; 8; 10; 49; 16; 8; 7
9,26,0.35582,0.34615,9; 19; 3; 14; 26; 11; 13; 19
44,64,0.72915,0.6875,44; 11; 13; 14; 64; 5; 11; 7
64,70,0.88229,0.91429,64; 8; 3; 3; 70; 6; 3; 9
15,48,0.32495,0.3125,15; 14; 10; 13; 48; 13; 3; 9
8,64,0.12479,0.125,8; 20; 27; 25; 64; 5; 7; 9
6,64,0.08507,0.09375,6; 7; 11; 16; 64; 7; 3; 11
17,75,0.32892,0.22667,17; 9; 25; 16; 75; 7; 7; 3
5,10,0.31727,0.5,5; 7; 4; 9; 10; 28; 27; 3
23,26,0.77476,0.88462,23; 3; 13; 21; 26; 20; 7; 17
11,48,0.23435,0.22917,11; 17; 15; 22; 48; 8; 9; 7
26,42,0.61015,0.61905,26; 18; 9; 5; 42; 8; 7; 11
11,53,0.22709,0.20755,11; 11; 27; 16; 53; 3; 4; 5
5,9,0.30445,0.55556,5; 10; 26; 31; 9; 20; 11; 24
6,42,0.16577,0.14286,6; 20; 3; 22; 42; 6; 3; 10
32,63,0.52781,0.50794,32; 12; 18; 19; 63; 10; 9; 8
16,42,0.42759,0.38095,16; 5; 17; 9; 42; 7; 13; 4
9,10,0.45856,0.9,9; 14; 26; 28; 10; 24; 10; 25
6,26,0.26832,0.23077,6; 27; 29; 5; 26; 14; 18; 23
30,49,0.61914,0.61224,30; 18; 12; 18; 49; 6; 9; 15
61,64,0.94669,0.95312,61; 7; 5; 10; 64; 9; 6; 10
25,48,0.53246,0.52083,25; 14; 13; 22; 48; 11; 8; 4
14,32,0.46578,0.4375,14; 8; 4; 19; 32; 3; 17; 21
18,48,0.3953,0.375,18; 12; 15; 10; 48; 3; 13; 6
42,48,0.78809,0.875,42; 6; 3; 8; 48; 9; 7; 3
5,10,0.33481,0.5,5; 4; 23; 9; 10; 6; 14; 16
8,63,0.13745,0.12698,8; 10; 23; 27; 63; 4; 7; 6
6,31,0.22027,0.19355,6; 27; 8; 23; 31; 13; 15; 20
6,78,0.15587,0.07692,6; 23; 29; 14; 78; 3; 5; 4
5,63,0.1634,0.07937,5; 27; 11; 3; 63; 9; 5; 4
34,53,0.69918,0.64151,34; 7; 18; 21; 53; 11; 13; 10
12,63,0.18826,0.19048,12; 15; 25; 13; 63; 3; 3; 5
9,32,0.30427,0.28125,9; 6; 20; 29; 32; 7; 10; 6
43,63,0.72764,0.68254,43; 18; 16; 3; 63; 5; 5; 3
5,48,0.12375,0.10417,5; 23; 19; 22; 48; 15; 6; 12
14,26,0.50966,0.53846,14; 13; 18; 15; 26; 10; 19; 20
8,9,0.38779,0.88889,8; 10; 16; 27; 9; 24; 4; 15
28,32,0.83717,0.875,28; 11; 11; 23; 32; 17; 5; 10
5,10,0.34031,0.5,5; 3; 10; 17; 10; 9; 11; 25
65,75,0.8438,0.86667,65; 4; 7; 11; 75; 3; 4; 3
17,49,0.33253,0.34694,17; 10; 14; 5; 49; 7; 16; 5
42,64,0.71933,0.65625,42; 6; 5; 14; 64; 9; 9; 4
36,42,0.89055,0.85714,36; 13; 17; 15; 42; 14; 15; 18
8,10,0.41192,0.8,8; 27; 25; 24; 10; 21; 9; 10
10,75,0.14715,0.13333,10; 23; 29; 4; 75; 6; 3; 6
13,48,0.28105,0.27083,13; 20; 16; 20; 48; 3; 5; 11
33,49,0.71853,0.67347,33; 16; 16; 9; 49; 10; 16; 3
29,63,0.49967,0.46032,29; 6; 13; 16; 63; 4; 9; 10
25,63,0.42183,0.39683,25; 11; 15; 14; 63; 4; 8; 9
31,48,0.66685,0.64583,31; 14; 17; 6; 48; 3; 14; 7
14,63,0.25215,0.22222,14; 5; 10; 3; 63; 9; 4; 9
5,42,0.13327,0.11905,5; 5; 17; 30; 42; 12; 12; 14
8,10,0.38836,0.8,8; 11; 19; 3; 10; 5; 10; 18
61,77,0.8722,0.79221,61; 12; 6; 5; 77; 7; 3; 3
5,75,0.11985,0.06667,5; 4; 24; 16; 75; 6; 4; 5
28,78,0.48644,0.35897,28; 15; 7; 9; 78; 3; 4; 3
69,82,0.70592,0.84146,69; 8; 5; 3; 82; 4; 3; 4
5,53,0.11984,0.09434,5; 10; 12; 7; 53; 7; 12; 12
15,53,0.26675,0.28302,15; 25; 3; 11; 53; 10; 12; 6
5,77,0.11911,0.06494,5; 26; 19; 3; 77; 6; 3; 3
25,77,0.44228,0.32468,25; 16; 16; 20; 77; 4; 5; 4
16,32,0.52389,0.5,16; 26; 15; 9; 32; 17; 20; 18
8,10,0.41945,0.8,8; 15; 11; 3; 10; 17; 9; 28
18,31,0.54894,0.58065,18; 17; 13; 19; 31; 14; 13; 7
69,77,0.80738,0.8961,69; 5; 9; 6; 77; 5; 7; 7
19,32,0.57871,0.59375,19; 5; 22; 17; 32; 11; 5; 10
48,75,0.77021,0.64,48; 7; 8; 15; 75; 4; 6; 5
26,42,0.60179,0.61905,26; 17; 18; 15; 42; 16; 13; 7
7,9,0.35773,0.77778,7; 27; 16; 9; 9; 17; 18; 24
16,70,0.28598,0.22857,16; 8; 20; 10; 70; 8; 5; 9
8,9,0.39146,0.88889,8; 23; 30; 17; 9; 18; 12; 20
5,9,0.3017,0.55556,5; 4; 30; 27; 9; 4; 7; 24
16,82,0.32314,0.19512,16; 21; 27; 17; 82; 3; 5; 4
5,49,0.11365,0.10204,5; 29; 12; 31; 49; 14; 15; 11
6,63,0.15192,0.09524,6; 5; 26; 13; 63; 4; 11; 5
51,78,0.74828,0.65385,51; 10; 12; 3; 78; 5; 4; 4
47,77,0.73343,0.61039,47; 17; 5; 16; 77; 3; 4; 4
39,70,0.62566,0.55714,39; 3; 9; 3; 70; 3; 8; 5
67,77,0.86472,0.87013,67; 8; 3; 3; 77; 4; 3; 3
19,49,0.37822,0.38776,19; 22; 17; 12; 49; 10; 6; 16
35,70,0.58704,0.5,35; 11; 17; 10; 70; 9; 9; 9
17,53,0.3204,0.32075,17; 4; 21; 20; 53; 7; 8; 9
18,32,0.55279,0.5625,18; 17; 18; 15; 32; 10; 20; 9
26,32,0.71473,0.8125,26; 16; 6; 3; 32; 21; 21; 19
13,31,0.44176,0.41935,13; 4; 6; 25; 31; 17; 5; 12
19,31,0.60732,0.6129,19; 25; 14; 8; 31; 15; 16; 6
29,53,0.58071,0.54717,29; 12; 23; 14; 53; 14; 5; 10
69,70,0.88193,0.98571,69; 4; 4; 4; 70; 6; 9; 5
7,42,0.19582,0.16667,7; 30; 26; 20; 42; 8; 6; 6
34,75,0.56,0.45333,34; 18; 20; 13; 75; 6; 6; 3
41,63,0.69577,0.65079,41; 6; 15; 19; 63; 7; 9; 6
21,75,0.35392,0.28,21; 21; 11; 19; 75; 5; 7; 3
53,82,0.7874,0.64634,53; 9; 9; 10; 82; 3; 3; 5
24,77,0.43993,0.31169,24; 8; 14; 7; 77; 4; 3; 3
56,63,0.91829,0.88889,56; 13; 7; 6; 63; 5; 8; 7
12,32,0.40723,0.375,12; 24; 15; 20; 32; 18; 19; 3
15,26,0.54838,0.57692,15; 21; 23; 14; 26; 24; 22; 22
53,70,0.89949,0.75714,53; 8; 12; 11; 70; 8; 8; 5
53,75,0.87223,0.70667,53; 15; 5; 11; 75; 5; 5; 7
55,63,0.90089,0.87302,55; 8; 4; 9; 63; 9; 3; 9
42,53,0.75954,0.79245,42; 3; 6; 7; 53; 13; 3; 15
14,31,0.45589,0.45161,14; 6; 6; 24; 31; 15; 15; 13
43,64,0.72099,0.67188,43; 12; 5; 17; 64; 6; 6; 7
8,64,0.11611,0.125,8; 24; 5; 14; 64; 7; 3; 7
5,10,0.30018,0.5,5; 31; 25; 8; 10; 16; 14; 29
51,75,0.8165,0.68,51; 6; 3; 14; 75; 6; 5; 4
19,26,0.66776,0.73077,19; 22; 5; 6; 26; 6; 16; 23
34,78,0.58792,0.4359,34; 19; 21; 3; 78; 5; 6; 6
61,82,0.85539,0.7439,61; 11; 12; 9; 82; 4; 4; 4
46,70,0.75158,0.65714,46; 6; 9; 13; 70; 8; 8; 3
8,9,0.39133,0.88889,8; 27; 4; 15; 9; 3; 23; 8
12,32,0.38709,0.375,12; 20; 8; 13; 32; 12; 17; 7
13,31,0.42668,0.41935,13; 28; 27; 28; 31; 13; 6; 21
29,32,0.79691,0.90625,29; 6; 11; 5; 32; 11; 15; 13
52,82,0.71967,0.63415,52; 7; 15; 12; 82; 5; 5; 4
7,77,0.14664,0.09091,7; 19; 21; 19; 77; 5; 6; 6
22,75,0.3784,0.29333,22; 21; 9; 17; 75; 7; 5; 4
73,77,0.86376,0.94805,73; 5; 7; 8; 77; 7; 5; 3
16,42,0.38531,0.38095,16; 23; 11; 20; 42; 9; 5; 13
9,10,0.46958,0.9,9; 12; 4; 11; 10; 13; 29; 18
26,53,0.52218,0.49057,26; 12; 3; 23; 53; 12; 7; 9
60,70,0.9219,0.85714,60; 3; 12; 12; 70; 4; 9; 8
6,10,0.33356,0.6,6; 24; 23; 29; 10; 5; 11; 17
20,64,0.34741,0.3125,20; 14; 26; 18; 64; 3; 5; 5
58,75,0.88319,0.77333,58; 13; 12; 13; 75; 7; 5; 3
9,53,0.19567,0.16981,9; 23; 27; 12; 53; 5; 14; 11
8,63,0.12604,0.12698,8; 5; 25; 23; 63; 6; 10; 5
7,32,0.2637,0.21875,7; 26; 27; 14; 32; 12; 22; 19
44,75,0.67113,0.58667,44; 14; 8; 3; 75; 3; 5; 5
26,63,0.4494,0.4127,26; 5; 23; 20; 63; 7; 10; 9
39,75,0.62771,0.52,39; 5; 17; 5; 75; 7; 7; 7
20,26,0.73093,0.76923,20; 24; 24; 26; 26; 18; 22; 5
70,77,0.79004,0.90909,70; 6; 3; 3; 77; 3; 6; 6
5,9,0.26703,0.55556,5; 14; 22; 21; 9; 14; 20; 8
43,78,0.64923,0.55128,43; 5; 10; 7; 78; 4; 5; 6
9,49,0.18177,0.18367,9; 11; 14; 15; 49; 9; 12; 8
24,53,0.4547,0.45283,24; 21; 14; 21; 53; 14; 6; 7
18,64,0.34355,0.28125,18; 13; 25; 5; 64; 4; 10; 10
60,64,0.96825,0.9375,60; 10; 7; 11; 64; 8; 10; 4
7,9,0.37232,0.77778,7; 7; 10; 29; 9; 7; 7; 4
29,82,0.49945,0.35366,29; 19; 16; 7; 82; 4; 3; 4
5,10,0.30584,0.5,5; 25; 14; 21; 10; 18; 16; 3
28,32,0.80198,0.875,28; 4; 11; 17; 32; 10; 14; 17
31,48,0.70053,0.64583,31; 6; 12; 10; 48; 7; 13; 11
21,75,0.36362,0.28,21; 8; 16; 10; 75; 7; 4; 5
13,64,0.24431,0.20312,13; 19; 28; 12; 64; 8; 10; 3
39,77,0.63175,0.50649,39; 17; 14; 5; 77; 7; 6; 3
6,9,0.30239,0.66667,6; 5; 7; 12; 9; 9; 14; 14
64,82,0.78569,0.78049,64; 5; 4; 11; 82; 4; 3; 3
14,42,0.31428,0.33333,14; 3; 15; 8; 42; 4; 7; 4
38,42,0.84903,0.90476,38; 19; 12; 6; 42; 8; 12; 5
49,53,0.83362,0.92453,49; 11; 6; 10; 53; 12; 4; 12
18,49,0.34087,0.36735,18; 25; 4; 5; 49; 16; 7; 6
8,26,0.31142,0.30769,8; 30; 17; 19; 26; 8; 24; 24
40,49,0.77972,0.81633,40; 9; 11; 3; 49; 5; 8; 9
67,82,0.68059,0.81707,67; 4; 7; 4; 82; 4; 4; 5
22,42,0.49415,0.52381,22; 18; 3; 9; 42; 7; 3; 6
40,48,0.84956,0.83333,40; 6; 5; 9; 48; 6; 8; 9
40,64,0.65573,0.625,40; 17; 6; 7; 64; 8; 7; 6
34,49,0.70771,0.69388,34; 19; 4; 20; 49; 11; 7; 14
8,10,0.39239,0.8,8; 19; 20; 16; 10; 29; 21; 17
30,53,0.61554,0.56604,30; 16; 7; 17; 53; 13; 13; 10
67,82,0.84286,0.81707,67; 5; 6; 5; 82; 3; 4; 5
63,82,0.74011,0.76829,63; 11; 7; 4; 82; 4; 4; 4
33,49,0.70332,0.67347,33; 12; 15; 16; 49; 13; 13; 13
41,53,0.74892,0.77358,41; 19; 10; 18; 53; 11; 10; 6
33,53,0.66275,0.62264,33; 3; 19; 3; 53; 13; 3; 7
39,78,0.59604,0.5,39; 14; 13; 5; 78; 5; 6; 6
27,49,0.52417,0.55102,27; 20; 15; 19; 49; 8; 6; 7
41,42,0.85295,0.97619,41; 3; 11; 4; 42; 6; 15; 5
70,75,0.81883,0.93333,70; 8; 9; 8; 75; 4; 3; 5
33,42,0.77616,0.78571,33; 12; 11; 10; 42; 6; 6; 18
59,77,0.89156,0.76623,59; 7; 9; 7; 77; 7; 7; 3
8,10,0.40014,0.8,8; 24; 8; 3; 10; 21; 3; 28
12,26,0.46196,0.46154,12; 23; 5; 18; 26; 24; 16; 5
20,42,0.48378,0.47619,20; 21; 23; 4; 42; 13; 15; 5
10,31,0.32645,0.32258,10; 16; 13; 15; 31; 7; 8; 5
68,78,0.77932,0.87179,68; 10; 4; 9; 78; 5; 5; 6
8,10,0.42433,0.8,8; 3; 4; 30; 10; 13; 18; 29
59,75,0.8037,0.78667,59; 9; 12; 8; 75; 6; 4; 3
18,70,0.33874,0.25714,18; 21; 18; 14; 70; 7; 8; 8
51,82,0.70405,0.62195,51; 7; 12; 5; 82; 4; 3; 3
5,9,0.28149,0.55556,5; 24; 28; 31; 9; 23; 8; 13
48,64,0.796,0.75,48; 9; 5; 11; 64; 10; 7; 5
50,63,0.87838,0.79365,50; 6; 5; 10; 63; 5; 8; 3
8,10,0.45021,0.8,8; 28; 5; 29; 10; 28; 22; 12
35,48,0.72864,0.72917,35; 8; 21; 3; 48; 4; 10; 8
7,26,0.27389,0.26923,7; 24; 13; 13; 26; 24; 12; 4
15,63,0.24939,0.2381,15; 21; 17; 11; 63; 4; 4; 8
7,77,0.17295,0.09091,7; 13; 16; 20; 77; 4; 7; 4
34,77,0.55747,0.44156,34; 13; 12; 3; 77; 7; 4; 3
5,9,0.31373,0.55556,5; 19; 31; 24; 9; 9; 26; 26
24,26,0.82282,0.92308,24; 3; 5; 21; 26; 21; 19; 5
34,64,0.55292,0.53125,34; 7; 3; 3; 64; 5; 5; 3
50,64,0.84247,0.78125,50; 12; 10; 8; 64; 5; 3; 7
50,63,0.84121,0.79365,50; 11; 12; 6; 63; 6; 9; 4
64,78,0.87985,0.82051,64; 8; 7; 10; 78; 3; 6; 5
35,42,0.86212,0.83333,35; 12; 3; 18; 42; 16; 7; 3
78,82,0.75777,0.95122,78; 4; 3; 6; 82; 4; 3; 4
59,64,0.94304,0.92188,59; 13; 13; 13; 64; 5; 7; 9
6,9,0.30206,0.66667,6; 6; 23; 11; 9; 20; 29; 5
27,42,0.64546,0.64286,27; 18; 20; 12; 42; 9; 17; 10
10,26,0.38011,0.38462,10; 8; 19; 22; 26; 13; 22; 18
44,77,0.71847,0.57143,44; 6; 11; 12; 77; 6; 3; 3
9,26,0.31046,0.34615,9; 21; 14; 27; 26; 19; 22; 19
37,48,0.78856,0.77083,37; 11; 13; 14; 48; 13; 10; 11
46,63,0.77694,0.73016,46; 4; 8; 14; 63; 8; 6; 8
62,70,0.91522,0.88571,62; 4; 12; 12; 70; 7; 9; 6
50,63,0.82352,0.79365,50; 11; 4; 15; 63; 11; 8; 8
32,42,0.73157,0.7619,32; 20; 17; 13; 42; 9; 3; 11
5,31,0.19491,0.16129,5; 27; 9; 27; 31; 12; 21; 9
30,70,0.49141,0.42857,30; 3; 18; 16; 70; 5; 7; 3
56,75,0.87551,0.74667,56; 9; 11; 8; 75; 7; 6; 6
8,10,0.45189,0.8,8; 18; 15; 13; 10; 16; 12; 15
12,31,0.3861,0.3871,12; 15; 17; 28; 31; 16; 10; 6
59,63,0.95986,0.93651,59; 11; 9; 13; 63; 11; 6; 11
59,63,0.98058,0.93651,59; 11; 9; 7; 63; 4; 4; 4
15,26,0.51823,0.57692,15; 17; 17; 19; 26; 6; 19; 8
7,10,0.37532,0.7,7; 3; 3; 28; 10; 7; 8; 25
19,26,0.61681,0.73077,19; 24; 19; 24; 26; 19; 24; 22
8,9,0.3658,0.88889,8; 7; 29; 11; 9; 14; 10; 13
40,77,0.64218,0.51948,40; 14; 7; 6; 77; 3; 7; 7
7,49,0.12464,0.14286,7; 28; 23; 21; 49; 6; 13; 10
48,64,0.78812,0.75,48; 4; 15; 4; 64; 8; 11; 6
61,63,0.966,0.96825,61; 11; 4; 5; 63; 6; 8; 6
41,70,0.66322,0.58571,41; 16; 11; 11; 70; 7; 9; 4
14,42,0.30453,0.33333,14; 20; 16; 11; 42; 17; 9; 13
42,75,0.68083,0.56,42; 12; 4; 13; 75; 7; 4; 4
19,31,0.53064,0.6129,19; 5; 10; 17; 31; 5; 3; 10
49,70,0.7981,0.7,49; 12; 4; 9; 70; 4; 5; 3
26,49,0.55286,0.53061,26; 23; 21; 16; 49; 5; 14; 9
56,75,0.84851,0.74667,56; 3; 4; 5; 75; 6; 7; 5
24,31,0.69984,0.77419,24; 23; 7; 9; 31; 17; 20; 14
37,42,0.9521,0.88095,37; 10; 19; 5; 42; 7; 5; 5
20,26,0.68545,0.76923,20; 5; 25; 15; 26; 23; 22; 17
61,63,0.93944,0.96825,61; 12; 11; 8; 63; 11; 11; 5
24,42,0.55697,0.57143,24; 24; 12; 17; 42; 15; 12; 17
19,26,0.64138,0.73077,19; 4; 9; 17; 26; 23; 4; 19
29,42,0.6931,0.69048,29; 10; 16; 12; 42; 11; 9; 7
18,64,0.31811,0.28125,18; 12; 22; 21; 64; 4; 11; 8
26,48,0.60038,0.54167,26; 19; 21; 13; 48; 5; 8; 6
52,75,0.84487,0.69333,52; 14; 12; 14; 75; 5; 7; 4
6,10,0.36928,0.6,6; 16; 8; 26; 10; 4; 3; 26
22,26,0.81832,0.84615,22; 11; 19; 3; 26; 9; 23; 14
8,48,0.19562,0.16667,8; 9; 24; 17; 48; 15; 7; 11
15,77,0.28538,0.19481,15; 19; 23; 25; 77; 7; 4; 6
9,64,0.14916,0.14062,9; 7; 3; 6; 64; 9; 9; 6
6,32,0.202,0.1875,6; 10; 14; 10; 32; 17; 22; 9
76,82,0.66868,0.92683,76; 4; 5; 7; 82; 3; 5; 3
9,31,0.29618,0.29032,9; 8; 18; 11; 31; 16; 15; 13
75,82,0.86775,0.91463,75; 5; 5; 7; 82; 3; 3; 5
22,42,0.51715,0.52381,22; 9; 4; 9; 42; 13; 18; 10
27,42,0.60978,0.64286,27; 7; 6; 23; 42; 18; 5; 3
5,31,0.16477,0.16129,5; 6; 16; 10; 31; 6; 13; 20
65,82,0.7966,0.79268,65; 10; 8; 9; 82; 3; 5; 5
23,53,0.4488,0.43396,23; 15; 4; 16; 53; 4; 5; 6
58,64,0.94177,0.90625,58; 10; 12; 8; 64; 8; 10; 11
11,75,0.22511,0.14667,11; 18; 20; 20; 75; 4; 7; 5
13,64,0.24879,0.20312,13; 24; 19; 15; 64; 5; 6; 11
26,48,0.59211,0.54167,26; 16; 18; 3; 48; 10; 11; 4
26,48,0.55994,0.54167,26; 3; 3; 5; 48; 13; 15; 14
18,64,0.30474,0.28125,18; 12; 3; 12; 64; 7; 4; 11
41,82,0.64238,0.5,41; 11; 15; 17; 82; 3; 4; 4
17,26,0.60453,0.65385,17; 11; 25; 23; 26; 15; 7; 9
56,78,0.836,0.71795,56; 11; 8; 7; 78; 6; 3; 5
6,9,0.3445,0.66667,6; 11; 22; 27; 9; 17; 8; 15
47,53,0.81438,0.88679,47; 3; 15; 17; 53; 10; 8; 10
73,77,0.92266,0.94805,73; 3; 7; 6; 77; 5; 5; 3
8,9,0.41146,0.88889,8; 24; 21; 22; 9; 11; 28; 5
7,9,0.33659,0.77778,7; 24; 10; 13; 9; 3; 12; 21
6,9,0.33003,0.66667,6; 9; 5; 25; 9; 21; 4; 25
28,53,0.51628,0.5283,28; 19; 19; 9; 53; 4; 7; 6
5,49,0.1511,0.10204,5; 17; 10; 30; 49; 6; 6; 8
14,48,0.31543,0.29167,14; 3; 11; 7; 48; 9; 15; 6
13,77,0.25286,0.16883,13; 24; 18; 25; 77; 5; 4; 4
23,49,0.47534,0.46939,23; 19; 21; 15; 49; 14; 8; 4
51,53,0.87835,0.96226,51; 13; 14; 12; 53; 13; 5; 5
71,82,0.8065,0.86585,71; 8; 8; 6; 82; 4; 3; 5
44,48,0.78044,0.91667,44; 12; 3; 15; 48; 16; 13; 13
36,42,0.92263,0.85714,36; 11; 18; 7; 42; 9; 11; 11
5,49,0.1323,0.10204,5; 26; 25; 24; 49; 9; 5; 3
7,10,0.36095,0.7,7; 28; 22; 21; 10; 7; 13; 26
46,64,0.79084,0.71875,46; 13; 17; 10; 64; 4; 10; 5
40,77,0.64208,0.51948,40; 3; 17; 14; 77; 3; 4; 5
9,10,0.43957,0.9,9; 28; 3; 17; 10; 17; 9; 15
12,64,0.20566,0.1875,12; 14; 3; 4; 64; 3; 10; 5
26,64,0.434,0.40625,26; 15; 17; 15; 64; 11; 6; 11
23,31,0.67107,0.74194,23; 10; 4; 18; 31; 12; 6; 17
5,9,0.28299,0.55556,5; 17; 10; 12; 9; 8; 13; 7
28,32,0.79881,0.875,28; 6; 10; 3; 32; 20; 3; 16
6,75,0.16202,0.08,6; 10; 15; 13; 75; 6; 5; 5
18,77,0.35844,0.23377,18; 14; 13; 7; 77; 4; 3; 4
8,77,0.17289,0.1039,8; 10; 19; 20; 77; 6; 5; 4
6,9,0.34574,0.66667,6; 6; 23; 5; 9; 3; 19; 7
18,64,0.3144,0.28125,18; 10; 19; 14; 64; 3; 10; 11
30,48,0.65935,0.625,30; 10; 5; 10; 48; 10; 10; 15
27,53,0.51425,0.50943,27; 4; 4; 20; 53; 8; 6; 9
40,48,0.7789,0.83333,40; 19; 12; 15; 48; 4; 16; 8
43,53,0.75276,0.81132,43; 15; 4; 18; 53; 13; 7; 15
56,63,0.94847,0.88889,56; 5; 12; 5; 63; 8; 8; 9
8,10,0.38382,0.8,8; 29; 20; 6; 10; 17; 26; 13
26,31,0.68692,0.83871,26; 6; 18; 22; 31; 17; 20; 18
68,77,0.85215,0.88312,68; 10; 8; 6; 77; 7; 4; 5
37,42,0.86,0.88095,37; 4; 11; 12; 42; 9; 3; 8
17,78,0.32621,0.21795,17; 3; 24; 6; 78; 5; 5; 6
31,48,0.66283,0.64583,31; 7; 21; 9; 48; 15; 7; 10
32,48,0.70868,0.66667,32; 15; 11; 21; 48; 5; 15; 10
12,49,0.25237,0.2449,12; 12; 13; 14; 49; 8; 6; 15
29,63,0.48776,0.46032,29; 13; 11; 9; 63; 10; 11; 9
27,70,0.46881,0.38571,27; 4; 9; 18; 70; 4; 4; 8
59,82,0.86394,0.71951,59; 12; 13; 7; 82; 4; 3; 5
21,26,0.69751,0.80769,21; 3; 18; 7; 26; 17; 10; 5
40,63,0.66791,0.63492,40; 5; 10; 19; 63; 9; 6; 11
6,10,0.34074,0.6,6; 29; 7; 7; 10; 11; 28; 27
30,53,0.5606,0.56604,30; 16; 6; 16; 53; 6; 15; 3
47,64,0.76437,0.73438,47; 16; 5; 13; 64; 6; 7; 3
53,63,0.88511,0.84127,53; 15; 13; 12; 63; 8; 10; 3
10,31,0.35339,0.32258,10; 11; 14; 9; 31; 13; 3; 6
7,78,0.16508,0.08974,7; 4; 24; 17; 78; 5; 6; 3
17,77,0.35249,0.22078,17; 3; 17; 26; 77; 6; 4; 3
56,63,0.96268,0.88889,56; 6; 14; 10; 63; 5; 7; 5
9,10,0.46956,0.9,9; 5; 21; 8; 10; 14; 12; 21
13,48,0.30207,0.27083,13; 11; 21; 19; 48; 9; 12; 16
37,42,0.80986,0.88095,37; 17; 3; 16; 42; 7; 3; 5
7,9,0.36562,0.77778,7; 26; 4; 30; 9; 10; 4; 3
23,42,0.50594,0.54762,23; 17; 9; 23; 42; 17; 6; 3
28,82,0.49548,0.34146,28; 3; 14; 6; 82; 5; 4; 4
6,9,0.33269,0.66667,6; 20; 3; 13; 9; 28; 15; 25
34,77,0.56712,0.44156,34; 21; 8; 13; 77; 4; 4; 5
6,10,0.36467,0.6,6; 11; 15; 18; 10; 15; 28; 3
13,78,0.24565,0.16667,13; 4; 15; 25; 78; 3; 5; 6
9,31,0.33885,0.29032,9; 29; 5; 20; 31; 6; 9; 9
63,78,0.86065,0.80769,63; 5; 6; 6; 78; 5; 4; 3
19,75,0.39142,0.25333,19; 4; 16; 17; 75; 5; 6; 5
7,9,0.33401,0.77778,7; 17; 29; 21; 9; 14; 5; 27
37,53,0.81081,0.69811,37; 8; 6; 15; 53; 12; 10; 13
28,78,0.50386,0.35897,28; 18; 14; 4; 78; 6; 6; 6
31,64,0.53096,0.48438,31; 3; 15; 19; 64; 5; 11; 7
34,63,0.59251,0.53968,34; 3; 20; 3; 63; 5; 11; 5
11,26,0.45984,0.42308,11; 5; 10; 24; 26; 18; 4; 12
5,49,0.12361,0.10204,5; 10; 15; 19; 49; 12; 11; 15
50,78,0.73767,0.64103,50; 12; 7; 6; 78; 4; 6; 3
12,49,0.24433,0.2449,12; 15; 16; 3; 49; 8; 13; 12
45,63,0.72519,0.71429,45; 6; 3; 11; 63; 10; 10; 4
9,64,0.17516,0.14062,9; 17; 5; 5; 64; 10; 3; 3
61,77,0.87506,0.79221,61; 8; 10; 12; 77; 6; 6; 6
9,10,0.4406,0.9,9; 16; 6; 15; 10; 19; 28; 16
14,32,0.44825,0.4375,14; 25; 18; 11; 32; 5; 16; 19
39,48,0.77787,0.8125,39; 6; 8; 10; 48; 4; 16; 15
19,75,0.36604,0.25333,19; 10; 21; 6; 75; 5; 7; 4
13,48,0.30559,0.27083,13; 12; 26; 14; 48; 6; 7; 11
40,70,0.66051,0.57143,40; 13; 5; 19; 70; 9; 9; 6
6,9,0.3456,0.66667,6; 25; 10; 19; 9; 7; 4; 25
50,75,0.7947,0.66667,50; 9; 12; 10; 75; 4; 3; 6
10,49,0.2323,0.20408,10; 20; 21; 28; 49; 9; 3; 12
15,31,0.47961,0.48387,15; 3; 26; 23; 31; 10; 15; 12
9,78,0.2096,0.11538,9; 4; 10; 9; 78; 4; 6; 4
34,77,0.57251,0.44156,34; 12; 19; 5; 77; 6; 5; 3
22,31,0.73427,0.70968,22; 14; 13; 12; 31; 19; 19; 15
17,26,0.60354,0.65385,17; 19; 5; 23; 26; 21; 19; 5
68,77,0.85089,0.88312,68; 3; 5; 6; 77; 3; 7; 3
12,63,0.21099,0.19048,12; 17; 3; 16; 63; 9; 9; 4
11,48,0.23079,0.22917,11; 12; 8; 23; 48; 6; 5; 10
9,49,0.22577,0.18367,9; 13; 9; 6; 49; 11; 10; 6
72,77,0.83304,0.93506,72; 8; 8; 5; 77; 5; 3; 5
77,82,0.83674,0.93902,77; 6; 6; 5; 82; 5; 3; 5
17,26,0.63895,0.65385,17; 11; 16; 16; 26; 17; 24; 3
47,64,0.76199,0.73438,47; 8; 8; 14; 64; 3; 6; 8
58,78,0.83052,0.74359,58; 12; 7; 13; 78; 4; 3; 3
5,9,0.27273,0.55556,5; 27; 9; 17; 9; 20; 8; 17
17,49,0.34261,0.34694,17; 6; 20; 23; 49; 15; 15; 7
18,63,0.32764,0.28571,18; 18; 23; 3; 63; 9; 10; 6
42,48,0.7967,0.875,42; 10; 7; 18; 48; 3; 9; 11
59,63,0.97832,0.93651,59; 4; 9; 7; 63; 4; 7; 9
37,48,0.78606,0.77083,37; 19; 19; 17; 48; 6; 10; 15
36,64,0.61194,0.5625,36; 5; 7; 13; 64; 4; 6; 5
61,82,0.77179,0.7439,61; 4; 4; 9; 82; 4; 4; 3
14,53,0.29007,0.26415,14; 13; 16; 14; 53; 9; 11; 11
20,48,0.43169,0.41667,20; 11; 24; 25; 48; 11; 16; 14
14,32,0.45526,0.4375,14; 8; 23; 14; 32; 10; 21; 9
12,53,0.24552,0.22642,12; 19; 22; 18; 53; 13; 13; 3
28,42,0.6245,0.66667,28; 19; 4; 13; 42; 4; 18; 7
42,75,0.64688,0.56,42; 15; 16; 5; 75; 3; 7; 6
49,63,0.80608,0.77778,49; 5; 5; 7; 63; 7; 8; 5
33,49,0.69691,0.67347,33; 12; 17; 17; 49; 12; 10; 4
39,77,0.64302,0.50649,39; 17; 13; 16; 77; 3; 3; 7
24,64,0.41599,0.375,24; 6; 22; 4; 64; 6; 7; 10
5,9,0.31328,0.55556,5; 9; 10; 17; 9; 24; 6; 9
12,31,0.41768,0.3871,12; 3; 9; 10; 31; 4; 13; 7
33,82,0.62229,0.40244,33; 16; 4; 11; 82; 4; 4; 3
35,78,0.58239,0.44872,35; 12; 9; 16; 78; 5; 4; 4
20,70,0.33882,0.28571,20; 16; 5; 10; 70; 7; 6; 7
73,82,0.63024,0.89024,73; 3; 8; 5; 82; 3; 5; 3
32,42,0.75747,0.7619,32; 19; 16; 17; 42; 7; 5; 5
18,63,0.32297,0.28571,18; 23; 4; 3; 63; 9; 6; 11
26,53,0.48708,0.49057,26; 11; 17; 6; 53; 8; 11; 13
64,77,0.86391,0.83117,64; 9; 10; 9; 77; 3; 5; 4
18,26,0.68591,0.69231,18; 22; 22; 8; 26; 18; 24; 5
11,53,0.24702,0.20755,11; 27; 9; 8; 53; 7; 14; 14
38,42,0.85567,0.90476,38; 19; 12; 5; 42; 15; 18; 4
9,77,0.17193,0.11688,9; 22; 19; 8; 77; 4; 6; 5
48,49,0.8225,0.97959,48; 14; 9; 8; 49; 3; 9; 15
16,78,0.28662,0.20513,16; 3; 9; 7; 78; 5; 5; 6
24,31,0.75289,0.77419,24; 19; 21; 12; 31; 11; 9; 7
53,70,0.8365,0.75714,53; 8; 9; 11; 70; 4; 8; 9
11,49,0.22587,0.22449,11; 27; 18; 16; 49; 12; 13; 14
22,42,0.48337,0.52381,22; 23; 3; 13; 42; 6; 17; 12
24,75,0.43753,0.32,24; 15; 8; 18; 75; 4; 6; 4
24,31,0.74645,0.77419,24; 9; 19; 3; 31; 3; 7; 19
21,75,0.38518,0.28,21; 6; 20; 23; 75; 4; 7; 7
64,78,0.80717,0.82051,64; 7; 6; 7; 78; 6; 5; 6
32,75,0.53964,0.42667,32; 11; 7; 11; 75; 5; 7; 3
11,48,0.26126,0.22917,11; 7; 12; 13; 48; 15; 4; 8
11,32,0.37145,0.34375,11; 26; 27; 15; 32; 7; 20; 8
56,63,0.96259,0.88889,56; 4; 8; 12; 63; 8; 9; 11
22,49,0.44532,0.44898,22; 9; 24; 10; 49; 14; 8; 15
58,64,0.97091,0.90625,58; 10; 11; 11; 64; 5; 4; 9
12,78,0.27228,0.15385,12; 5; 20; 14; 78; 6; 5; 4
15,64,0.23941,0.23438,15; 7; 27; 23; 64; 5; 11; 11
9,63,0.16889,0.14286,9; 16; 10; 21; 63; 4; 10; 11
18,26,0.63467,0.69231,18; 17; 9; 11; 26; 15; 4; 21
23,49,0.48669,0.46939,23; 10; 5; 22; 49; 7; 4; 11
9,10,0.45769,0.9,9; 26; 5; 17; 10; 22; 27; 14
19,48,0.41977,0.39583,19; 23; 19; 26; 48; 13; 15; 16
17,75,0.35082,0.22667,17; 6; 27; 17; 75; 7; 7; 4
32,75,0.53141,0.42667,32; 6; 6; 20; 75; 6; 7; 7
13,53,0.23692,0.24528,13; 15; 9; 15; 53; 12; 6; 5
8,10,0.42146,0.8,8; 14; 22; 3; 10; 27; 27; 17
44,70,0.74148,0.62857,44; 15; 15; 13; 70; 7; 9; 5
18,53,0.35499,0.33962,18; 13; 12; 7; 53; 12; 10; 6
7,10,0.39156,0.7,7; 3; 11; 29; 10; 3; 29; 10
43,48,0.80647,0.89583,43; 7; 18; 11; 48; 3; 15; 7
15,63,0.29508,0.2381,15; 19; 17; 13; 63; 5; 3; 8
36,63,0.62688,0.57143,36; 10; 5; 10; 63; 4; 11; 11
9,10,0.46814,0.9,9; 4; 27; 29; 10; 21; 10; 3
28,42,0.66929,0.66667,28; 16; 23; 22; 42; 11; 12; 7
52,63,0.86867,0.8254,52; 8; 6; 6; 63; 8; 5; 4
47,49,0.81417,0.95918,47; 8; 7; 13; 49; 11; 6; 5
16,64,0.29908,0.25,16; 7; 14; 13; 64; 6; 6; 6
34,64,0.58623,0.53125,34; 12; 14; 7; 64; 8; 9; 4
11,53,0.22112,0.20755,11; 28; 13; 18; 53; 9; 11; 6
5,26,0.22378,0.19231,5; 28; 31; 19; 26; 16; 10; 15
21,77,0.40016,0.27273,21; 4; 22; 14; 77; 3; 3; 6
14,31,0.46233,0.45161,14; 6; 19; 17; 31; 14; 17; 21
8,9,0.36156,0.88889,8; 19; 25; 23; 9; 11; 24; 11
40,78,0.64848,0.51282,40; 15; 3; 14; 78; 6; 6; 4
18,32,0.56892,0.5625,18; 22; 19; 19; 32; 20; 20; 9
5,10,0.29783,0.5,5; 19; 5; 26; 10; 23; 23; 4
55,82,0.85592,0.67073,55; 6; 3; 9; 82; 5; 5; 5
23,82,0.45515,0.28049,23; 11; 20; 17; 82; 4; 4; 5
43,75,0.63204,0.57333,43; 7; 16; 10; 75; 6; 3; 3
27,32,0.76164,0.84375,27; 20; 18; 13; 32; 14; 7; 18
19,32,0.60133,0.59375,19; 15; 18; 8; 32; 15; 18; 14
18,75,0.31761,0.24,18; 13; 13; 15; 75; 4; 5; 7
52,75,0.77595,0.69333,52; 11; 10; 11; 75; 3; 3; 7
5,9,0.302,0.55556,5; 3; 16; 7; 9; 8; 19; 3
21,78,0.40751,0.26923,21; 15; 5; 10; 78; 6; 4; 6
25,53,0.5302,0.4717,25; 15; 16; 7; 53; 5; 3; 13
5,9,0.27593,0.55556,5; 8; 10; 13; 9; 20; 18; 28
37,82,0.59509,0.45122,37; 10; 15; 7; 82; 5; 4; 4
34,48,0.7335,0.70833,34; 20; 20; 15; 48; 10; 7; 12
18,82,0.35573,0.21951,18; 20; 21; 7; 82; 5; 5; 5
7,10,0.35591,0.7,7; 18; 10; 17; 10; 5; 12; 22
8,32,0.29907,0.25,8; 8; 13; 24; 32; 3; 7; 10
7,31,0.25374,0.22581,7; 20; 9; 7; 31; 19; 15; 3
56,63,0.92685,0.88889,56; 12; 13; 9; 63; 10; 5; 8
30,82,0.51515,0.36585,30; 22; 17; 10; 82; 4; 5; 3
22,63,0.3813,0.34921,22; 3; 6; 12; 63; 4; 9; 7
32,78,0.55995,0.41026,32; 21; 5; 22; 78; 5; 5; 4
41,70,0.69116,0.58571,41; 8; 19; 3; 70; 5; 5; 5
16,31,0.51113,0.51613,16; 26; 21; 13; 31; 18; 21; 11
8,10,0.42776,0.8,8; 25; 12; 28; 10; 21; 11; 26
29,31,0.72918,0.93548,29; 14; 22; 18; 31; 10; 18; 7
67,77,0.82465,0.87013,67; 7; 3; 8; 77; 6; 3; 5
15,32,0.47792,0.46875,15; 11; 25; 12; 32; 6; 17; 17
63,78,0.80996,0.80769,63; 7; 9; 4; 78; 5; 3; 3
17,26,0.63229,0.65385,17; 4; 18; 9; 26; 23; 18; 8
19,42,0.45439,0.45238,19; 8; 8; 8; 42; 15; 18; 7
26,77,0.47386,0.33766,26; 15; 18; 14; 77; 7; 4; 5
47,63,0.79098,0.74603,47; 17; 12; 6; 63; 4; 7; 3
31,64,0.52338,0.48438,31; 4; 6; 22; 64; 10; 3; 5
42,48,0.81779,0.875,42; 17; 15; 4; 48; 16; 13; 8
33,48,0.6899,0.6875,33; 10; 10; 12; 48; 12; 6; 10
24,48,0.52362,0.5,24; 24; 23; 10; 48; 4; 3; 12
42,70,0.67527,0.6,42; 11; 11; 15; 70; 7; 9; 4
42,70,0.69728,0.6,42; 4; 16; 3; 70; 5; 9; 8
41,64,0.66032,0.64062,41; 6; 11; 11; 64; 7; 4; 4
25,31,0.75161,0.80645,25; 21; 14; 9; 31; 10; 16; 16
7,9,0.37999,0.77778,7; 22; 10; 10; 9; 12; 8; 21
20,48,0.4145,0.41667,20; 25; 3; 10; 48; 9; 8; 15
16,26,0.5958,0.61538,16; 11; 18; 15; 26; 22; 21; 17
8,9,0.38117,0.88889,8; 17; 28; 12; 9; 3; 11; 15
11,42,0.23641,0.2619,11; 20; 27; 22; 42; 6; 6; 14
7,9,0.33464,0.77778,7; 13; 17; 24; 9; 9; 16; 10
34,70,0.58977,0.48571,34; 9; 14; 17; 70; 8; 3; 8
23,42,0.54566,0.54762,23; 16; 12; 25; 42; 15; 13; 9
30,49,0.62447,0.61224,30; 12; 9; 22; 49; 8; 3; 11
11,26,0.39388,0.42308,11; 17; 24; 12; 26; 17; 4; 8
21,42,0.49848,0.5,21; 17; 6; 19; 42; 14; 10; 4
6,31,0.17108,0.19355,6; 14; 23; 10; 31; 4; 16; 6
17,32,0.53615,0.53125,17; 9; 13; 14; 32; 14; 19; 7
6,32,0.21798,0.1875,6; 22; 15; 27; 32; 14; 5; 5
29,49,0.62168,0.59184,29; 8; 17; 15; 49; 7; 11; 16
5,9,0.23249,0.55556,5; 22; 31; 29; 9; 21; 22; 24
32,49,0.67692,0.65306,32; 17; 12; 3; 49; 14; 14; 16
45,78,0.66136,0.57692,45; 12; 5; 15; 78; 6; 6; 3
17,48,0.3462,0.35417,17; 23; 21; 9; 48; 6; 10; 16
15,78,0.28032,0.19231,15; 23; 8; 4; 78; 6; 3; 5
51,77,0.81693,0.66234,51; 7; 4; 15; 77; 5; 4; 4
34,42,0.83008,0.80952,34; 3; 13; 12; 42; 10; 8; 14
40,64,0.67378,0.625,40; 10; 11; 16; 64; 3; 7; 3
26,70,0.43976,0.37143,26; 7; 7; 11; 70; 8; 8; 3
30,63,0.50387,0.47619,30; 3; 5; 21; 63; 11; 10; 8
6,9,0.34627,0.66667,6; 4; 16; 17; 9; 20; 14; 6
31,75,0.5269,0.41333,31; 10; 3; 10; 75; 5; 5; 4
12,48,0.26113,0.25,12; 17; 15; 15; 48; 11; 10; 14
42,48,0.81175,0.875,42; 17; 3; 5; 48; 3; 9; 3
61,82,0.70496,0.7439,61; 10; 11; 4; 82; 4; 5; 3
40,75,0.6496,0.53333,40; 18; 4; 10; 75; 6; 3; 7
71,75,0.90847,0.94667,71; 8; 8; 4; 75; 6; 6; 4
7,31,0.273,0.22581,7; 11; 19; 15; 31; 6; 18; 7
50,82,0.71037,0.60976,50; 6; 14; 16; 82; 3; 5; 3
14,26,0.54524,0.53846,14; 5; 22; 27; 26; 17; 11; 5
8,9,0.37082,0.88889,8; 23; 24; 27; 9; 15; 9; 26
6,9,0.3484,0.66667,6; 21; 8; 13; 9; 9; 13; 5
14,32,0.44141,0.4375,14; 7; 5; 8; 32; 11; 11; 9
16,48,0.36761,0.33333,16; 20; 6; 23; 48; 15; 7; 10
29,32,0.7536,0.90625,29; 11; 9; 17; 32; 12; 20; 4
18,26,0.61868,0.69231,18; 26; 7; 26; 26; 19; 21; 8
20,49,0.41562,0.40816,20; 26; 23; 10; 49; 12; 6; 11
8,10,0.42099,0.8,8; 22; 29; 9; 10; 25; 22; 9
28,31,0.77702,0.90323,28; 19; 6; 7; 31; 6; 22; 18
66,77,0.8387,0.85714,66; 8; 6; 4; 77; 5; 3; 3
27,31,0.77786,0.87097,27; 23; 3; 7; 31; 3; 22; 21
11,32,0.35213,0.34375,11; 18; 3; 26; 32; 17; 18; 16
40,53,0.7448,0.75472,40; 19; 6; 18; 53; 4; 4; 14
20,78,0.3923,0.25641,20; 9; 19; 23; 78; 6; 4; 5
19,53,0.34308,0.35849,19; 21; 18; 22; 53; 12; 15; 10
36,78,0.59936,0.46154,36; 17; 16; 11; 78; 5; 5; 3
10,42,0.25894,0.2381,10; 22; 15; 28; 42; 8; 3; 17
46,49,0.79083,0.93878,46; 17; 4; 10; 49; 3; 13; 6
41,53,0.75617,0.77358,41; 4; 12; 18; 53; 9; 10; 5
8,31,0.26109,0.25806,8; 11; 7; 20; 31; 22; 15; 15
29,42,0.69945,0.69048,29; 12; 10; 21; 42; 3; 3; 10
26,70,0.46649,0.37143,26; 5; 21; 10; 70; 3; 4; 5
8,10,0.43046,0.8,8; 14; 19; 17; 10; 19; 28; 8
6,49,0.10787,0.12245,6; 29; 29; 26; 49; 14; 3; 5
12,49,0.25795,0.2449,12; 17; 26; 4; 49; 11; 5; 15
39,49,0.74045,0.79592,39; 14; 13; 4; 49; 12; 4; 11
9,42,0.19519,0.21429,9; 12; 15; 23; 42; 6; 15; 13
14,53,0.2707,0.26415,14; 11; 9; 3; 53; 5; 5; 14
10,75,0.21257,0.13333,10; 25; 12; 24; 75; 4; 4; 4
6,9,0.32714,0.66667,6; 27; 7; 16; 9; 4; 14; 19
5,9,0.30976,0.55556,5; 22; 23; 18; 9; 6; 9; 17
6,9,0.30668,0.66667,6; 18; 28; 3; 9; 15; 11; 3
20,48,0.45634,0.41667,20; 24; 26; 7; 48; 7; 15; 10
9,10,0.42443,0.9,9; 3; 14; 12; 10; 19; 17; 25
35,49,0.75681,0.71429,35; 18; 21; 11; 49; 7; 13; 16
55,75,0.89326,0.73333,55; 10; 11; 3; 75; 4; 7; 3
10,26,0.39883,0.38462,10; 17; 6; 3; 26; 14; 9; 13
33,77,0.5634,0.42857,33; 5; 18; 14; 77; 5; 3; 6
32,53,0.65748,0.60377,32; 8; 14; 8; 53; 4; 15; 4
5,64,0.11342,0.07812,5; 4; 18; 22; 64; 7; 6; 3
12,49,0.26793,0.2449,12; 26; 5; 18; 49; 4; 9; 8
8,9,0.3895,0.88889,8; 29; 24; 14; 9; 29; 16; 21
16,42,0.37543,0.38095,16; 27; 17; 27; 42; 9; 13; 5
10,63,0.1596,0.15873,10; 7; 6; 6; 63; 9; 9; 10
7,10,0.3827,0.7,7; 19; 19; 12; 10; 5; 13; 27
21,78,0.40128,0.26923,21; 24; 14; 20; 78; 6; 6; 3
6,49,0.14576,0.12245,6; 22; 28; 26; 49; 5; 11; 12
5,78,0.15454,0.0641,5; 3; 11; 12; 78; 6; 5; 3
31,78,0.50759,0.39744,31; 16; 17; 4; 78; 6; 3; 4
11,42,0.29024,0.2619,11; 29; 3; 23; 42; 18; 8; 14
44,64,0.75878,0.6875,44; 12; 7; 11; 64; 7; 9; 7
30,48,0.62801,0.625,30; 3; 15; 3; 48; 10; 12; 14
13,32,0.39563,0.40625,13; 14; 20; 20; 32; 20; 16; 16
9,10,0.44572,0.9,9; 8; 10; 7; 10; 7; 12; 26
9,10,0.44407,0.9,9; 23; 20; 24; 10; 24; 17; 18
21,32,0.61771,0.65625,21; 5; 20; 13; 32; 17; 10; 8
17,75,0.32251,0.22667,17; 19; 4; 19; 75; 6; 3; 6
73,78,0.75617,0.9359,73; 5; 7; 5; 78; 4; 6; 5
22,78,0.39136,0.28205,22; 6; 16; 13; 78; 4; 3; 4
12,31,0.40929,0.3871,12; 4; 24; 28; 31; 22; 4; 11
29,75,0.48763,0.38667,29; 18; 18; 20; 75; 5; 5; 7
20,49,0.42212,0.40816,20; 13; 20; 10; 49; 3; 14; 13
6,53,0.12192,0.11321,6; 24; 26; 26; 53; 3; 15; 8
17,64,0.29766,0.26562,17; 18; 4; 26; 64; 3; 6; 7
58,82,0.82874,0.70732,58; 8; 5; 9; 82; 3; 3; 4
46,82,0.77439,0.56098,46; 5; 7; 3; 82; 5; 5; 4
50,53,0.86102,0.9434,50; 16; 8; 10; 53; 7; 15; 6
17,70,0.29253,0.24286,17; 19; 18; 19; 70; 9; 9; 9
19,63,0.33269,0.30159,19; 9; 8; 24; 63; 4; 10; 7
67,75,0.82722,0.89333,67; 6; 4; 6; 75; 7; 4; 6
16,42,0.37561,0.38095,16; 11; 10; 5; 42; 16; 11; 7
42,49,0.74944,0.85714,42; 4; 5; 6; 49; 14; 16; 16
21,26,0.80525,0.80769,21; 25; 10; 21; 26; 5; 16; 8
16,31,0.52714,0.51613,16; 25; 3; 8; 31; 15; 10; 20
7,9,0.39657,0.77778,7; 24; 22; 8; 9; 24; 29; 4
25,42,0.58895,0.59524,25; 5; 12; 4; 42; 10; 7; 9
42,53,0.81598,0.79245,42; 10; 7; 6; 53; 9; 14; 15
23,31,0.72028,0.74194,23; 3; 17; 5; 31; 3; 14; 14
33,49,0.66272,0.67347,33; 19; 14; 21; 49; 3; 5; 9
40,53,0.77629,0.75472,40; 10; 15; 15; 53; 8; 15; 7
55,78,0.84167,0.70513,55; 10; 6; 10; 78; 5; 5; 5
18,82,0.36536,0.21951,18; 8; 16; 17; 82; 3; 4; 5
7,10,0.40631,0.7,7; 19; 17; 21; 10; 18; 28; 21
28,64,0.47355,0.4375,28; 8; 14; 7; 64; 11; 9; 3
7,10,0.33847,0.7,7; 13; 19; 7; 10; 4; 18; 14
50,75,0.74779,0.66667,50; 15; 15; 3; 75; 5; 5; 5
8,10,0.42048,0.8,8; 4; 24; 9; 10; 23; 6; 18
65,82,0.72428,0.79268,65; 8; 11; 10; 82; 4; 5; 4
41,63,0.70389,0.65079,41; 14; 14; 5; 63; 11; 5; 10
20,48,0.43219,0.41667,20; 14; 8; 21; 48; 7; 7; 15
36,53,0.69571,0.67925,36; 13; 14; 3; 53; 6; 13; 5
5,48,0.11378,0.10417,5; 30; 16; 12; 48; 8; 13; 11
32,49,0.69284,0.65306,32; 11; 18; 16; 49; 4; 9; 15
29,32,0.8024,0.90625,29; 20; 4; 9; 32; 20; 13; 10
32,64,0.5508,0.5,32; 7; 8; 18; 64; 7; 5; 9
30,70,0.51781,0.42857,30; 18; 4; 7; 70; 3; 8; 7
5,9,0.30963,0.55556,5; 7; 3; 7; 9; 12; 21; 20
36,48,0.76296,0.75,36; 15; 5; 13; 48; 3; 8; 6
39,78,0.60238,0.5,39; 19; 18; 7; 78; 6; 5; 4
53,75,0.80616,0.70667,53; 5; 12; 13; 75; 7; 5; 6
50,77,0.78291,0.64935,50; 10; 10; 6; 77; 3; 7; 3
26,70,0.45158,0.37143,26; 9; 24; 5; 70; 5; 3; 9
64,82,0.8583,0.78049,64; 10; 10; 5; 82; 3; 4; 5
60,75,0.88658,0.8,60; 10; 8; 6; 75; 4; 7; 7
22,32,0.64472,0.6875,22; 19; 10; 12; 32; 9; 5; 22
69,70,0.89316,0.98571,69; 4; 4; 3; 70; 7; 4; 8
44,77,0.68431,0.57143,44; 9; 9; 11; 77; 3; 3; 3
62,63,0.9191,0.98413,62; 6; 11; 11; 63; 8; 10; 7
9,75,0.25247,0.12,9; 7; 16; 9; 75; 7; 3; 7
18,78,0.34355,0.23077,18; 20; 25; 14; 78; 5; 5; 3
19,26,0.68465,0.73077,19; 11; 20; 11; 26; 24; 14; 7
10,70,0.20722,0.14286,10; 20; 20; 19; 70; 6; 4; 5
42,63,0.74902,0.66667,42; 7; 6; 9; 63; 10; 7; 7
6,10,0.32916,0.6,6; 20; 4; 10; 10; 11; 9; 7
8,10,0.43375,0.8,8; 29; 13; 13; 10; 26; 19; 10
69,75,0.85371,0.92,69; 5; 6; 7; 75; 5; 7; 4
30,31,0.81808,0.96774,30; 9; 15; 8; 31; 18; 12; 13
55,77,0.89208,0.71429,55; 4; 6; 9; 77; 3; 3; 5
28,48,0.5791,0.58333,28; 6; 13; 23; 48; 15; 6; 15
8,10,0.39982,0.8,8; 7; 24; 29; 10; 18; 23; 19
18,75,0.33424,0.24,18; 24; 15; 11; 75; 5; 7; 6
8,9,0.39705,0.88889,8; 25; 24; 13; 9; 27; 4; 26
19,32,0.65619,0.59375,19; 8; 25; 22; 32; 19; 15; 14
9,10,0.47077,0.9,9; 25; 12; 14; 10; 16; 29; 25
28,42,0.66921,0.66667,28; 20; 13; 22; 42; 7; 5; 17
15,31,0.51328,0.48387,15; 5; 20; 25; 31; 20; 9; 5
21,49,0.39971,0.42857,21; 12; 17; 23; 49; 9; 7; 8
12,78,0.23685,0.15385,12; 27; 10; 5; 78; 5; 4; 6
8,31,0.28774,0.25806,8; 21; 16; 3; 31; 14; 13; 20
25,49,0.51331,0.5102,25; 7; 5; 7; 49; 11; 3; 9
34,49,0.69499,0.69388,34; 19; 15; 11; 49; 14; 11; 15
29,53,0.54602,0.54717,29; 10; 5; 8; 53; 13; 5; 7
11,32,0.35673,0.34375,11; 4; 16; 25; 32; 13; 15; 8
6,63,0.09467,0.09524,6; 14; 30; 3; 63; 3; 7; 10
12,70,0.25161,0.17143,12; 5; 25; 28; 70; 8; 7; 6
41,63,0.66988,0.65079,41; 19; 18; 17; 63; 6; 7; 11
50,64,0.80971,0.78125,50; 5; 11; 10; 64; 9; 9; 8
28,63,0.45861,0.44444,28; 11; 12; 11; 63; 5; 5; 6
5,63,0.09412,0.07937,5; 24; 18; 9; 63; 7; 7; 10
28,77,0.47522,0.36364,28; 19; 21; 19; 77; 6; 7; 5
47,82,0.68681,0.57317,47; 5; 5; 16; 82; 3; 4; 4
46,49,0.82157,0.93878,46; 8; 4; 11; 49; 15; 12; 4
50,77,0.78859,0.64935,50; 5; 4; 5; 77; 5; 3; 5
15,75,0.31235,0.2,15; 25; 15; 19; 75; 3; 3; 4
20,75,0.36749,0.26667,20; 15; 12; 9; 75; 6; 3; 5
16,49,0.33396,0.32653,16; 23; 4; 6; 49; 14; 11; 16
49,64,0.78691,0.76562,49; 14; 9; 14; 64; 4; 4; 6
43,78,0.71988,0.55128,43; 8; 18; 4; 78; 4; 4; 3
40,49,0.76676,0.81633,40; 7; 15; 5; 49; 9; 14; 16
34,63,0.58444,0.53968,34; 3; 9; 21; 63; 8; 3; 6
17,77,0.35257,0.22078,17; 4; 23; 16; 77; 5; 4; 3
45,63,0.7699,0.71429,45; 5; 11; 3; 63; 9; 10; 9
12,64,0.2376,0.1875,12; 23; 5; 7; 64; 5; 9; 7
6,32,0.21541,0.1875,6; 26; 6; 11; 32; 22; 22; 22
43,77,0.66751,0.55844,43; 17; 9; 3; 77; 4; 3; 7
30,64,0.51303,0.46875,30; 12; 10; 14; 64; 5; 9; 10
23,26,0.75336,0.88462,23; 16; 4; 17; 26; 12; 6; 19
15,32,0.48647,0.46875,15; 16; 26; 7; 32; 6; 3; 4
9,77,0.17877,0.11688,9; 8; 28; 10; 77; 6; 6; 7
11,26,0.404,0.42308,11; 25; 25; 14; 26; 7; 19; 7
65,70,0.89497,0.92857,65; 5; 11; 9; 70; 3; 6; 8
74,78,0.75356,0.94872,74; 5; 5; 6; 78; 5; 6; 3
40,48,0.83165,0.83333,40; 7; 16; 12; 48; 5; 5; 11
73,77,0.86659,0.94805,73; 3; 5; 5; 77; 3; 5; 6
6,10,0.32507,0.6,6; 28; 21; 14; 10; 18; 28; 28
27,70,0.46914,0.38571,27; 18; 4; 7; 70; 7; 7; 5
32,64,0.51526,0.5,32; 6; 19; 15; 64; 7; 4; 11
43,78,0.67461,0.55128,43; 7; 3; 15; 78; 5; 6; 5
64,82,0.73355,0.78049,64; 9; 11; 6; 82; 5; 4; 3
42,82,0.68884,0.5122,42; 18; 18; 13; 82; 5; 4; 5
27,32,0.75735,0.84375,27; 7; 20; 15; 32; 13; 12; 6
10,26,0.37701,0.38462,10; 11; 3; 13; 26; 21; 21; 22
24,32,0.79375,0.75,24; 5; 13; 18; 32; 8; 20; 8
8,31,0.27575,0.25806,8; 30; 22; 19; 31; 18; 12; 5
29,32,0.76216,0.90625,29; 4; 22; 16; 32; 7; 10; 6
38,48,0.80683,0.79167,38; 11; 8; 7; 48; 8; 3; 10
60,75,0.9088,0.8,60; 7; 10; 3; 75; 3; 5; 4
34,53,0.63733,0.64151,34; 10; 15; 17; 53; 9; 5; 3
73,78,0.77383,0.9359,73; 5; 6; 4; 78; 4; 4; 5
27,53,0.51376,0.50943,27; 18; 15; 12; 53; 13; 14; 13
7,9,0.36623,0.77778,7; 25; 17; 20; 9; 14; 22; 7
9,63,0.17614,0.14286,9; 26; 3; 4; 63; 6; 4; 7
76,82,0.7983,0.92683,76; 5; 3; 7; 82; 5; 3; 5
29,48,0.58544,0.60417,29; 19; 13; 11; 48; 11; 14; 9
18,26,0.64818,0.69231,18; 9; 13; 23; 26; 20; 21; 11
43,49,0.79833,0.87755,43; 5; 8; 11; 49; 12; 16; 3
12,26,0.43017,0.46154,12; 13; 26; 7; 26; 18; 17; 15
30,31,0.76698,0.96774,30; 5; 7; 4; 31; 17; 10; 16
11,49,0.2209,0.22449,11; 3; 9; 13; 49; 15; 4; 10
64,70,0.96221,0.91429,64; 7; 5; 6; 70; 8; 8; 9
8,42,0.19016,0.19048,8; 22; 23; 5; 42; 17; 15; 18
14,48,0.31322,0.29167,14; 21; 27; 14; 48; 3; 10; 4
20,53,0.36491,0.37736,20; 15; 12; 4; 53; 14; 6; 7
11,42,0.28962,0.2619,11; 17; 27; 7; 42; 16; 14; 5
24,63,0.41276,0.38095,24; 6; 14; 18; 63; 4; 7; 9
37,63,0.67217,0.5873,37; 14; 13; 12; 63; 4; 7; 8
25,49,0.51931,0.5102,25; 18; 19; 21; 49; 14; 15; 4
39,75,0.64235,0.52,39; 11; 19; 14; 75; 6; 3; 3
45,63,0.77752,0.71429,45; 10; 5; 5; 63; 4; 7; 9
6,10,0.35264,0.6,6; 21; 24; 27; 10; 16; 19; 12
24,32,0.76615,0.75,24; 19; 6; 6; 32; 12; 10; 16
5,63,0.12402,0.07937,5; 23; 10; 22; 63; 8; 6; 6
37,77,0.61887,0.48052,37; 20; 10; 15; 77; 3; 6; 4
16,53,0.32711,0.30189,16; 21; 20; 16; 53; 3; 9; 11
23,31,0.66036,0.74194,23; 19; 23; 12; 31; 11; 12; 19
19,75,0.3511,0.25333,19; 23; 5; 8; 75; 5; 7; 5
7,9,0.3937,0.77778,7; 4; 25; 20; 9; 3; 6; 10
30,49,0.61814,0.61224,30; 4; 14; 6; 49; 4; 5; 6
21,32,0.71214,0.65625,21; 14; 18; 25; 32; 11; 13; 19
15,32,0.4818,0.46875,15; 6; 4; 15; 32; 5; 20; 21
22,26,0.75274,0.84615,22; 21; 13; 8; 26; 21; 7; 4
39,64,0.66465,0.60938,39; 6; 9; 4; 64; 11; 7; 9
27,77,0.47013,0.35065,27; 3; 13; 21; 77; 7; 6; 7
27,49,0.53104,0.55102,27; 5; 7; 17; 49; 6; 7; 10
21,77,0.44477,0.27273,21; 16; 13; 21; 77; 6; 7; 3
55,63,0.93907,0.87302,55; 6; 12; 11; 63; 11; 10; 4
7,78,0.19209,0.08974,7; 21; 12; 3; 78; 4; 3; 4
36,42,0.91382,0.85714,36; 9; 11; 20; 42; 12; 18; 3
8,64,0.12192,0.125,8; 30; 14; 14; 64; 7; 10; 11
30,78,0.53368,0.38462,30; 20; 13; 8; 78; 5; 5; 3
5,10,0.31164,0.5,5; 14; 18; 16; 10; 19; 23; 7
6,10,0.31172,0.6,6; 3; 5; 22; 10; 22; 23; 25
9,82,0.22607,0.10976,9; 8; 8; 6; 82; 5; 4; 5
25,31,0.75264,0.80645,25; 20; 24; 8; 31; 20; 14; 10
12,77,0.225,0.15584,12; 28; 17; 10; 77; 7; 4; 3
15,31,0.45946,0.48387,15; 8; 16; 11; 31; 14; 6; 3
20,49,0.39879,0.40816,20; 5; 17; 4; 49; 16; 12; 10
17,26,0.6523,0.65385,17; 19; 27; 13; 26; 4; 7; 10
15,64,0.27779,0.23438,15; 11; 23; 10; 64; 10; 5; 4
10,53,0.20381,0.18868,10; 20; 26; 24; 53; 8; 4; 5
32,42,0.78841,0.7619,32; 14; 17; 11; 42; 7; 15; 15
29,53,0.58278,0.54717,29; 5; 22; 23; 53; 4; 13; 11
20,53,0.37788,0.37736,20; 6; 10; 10; 53; 5; 13; 9
23,64,0.39172,0.35938,23; 9; 16; 3; 64; 7; 4; 8
11,31,0.36975,0.35484,11; 5; 15; 15; 31; 15; 8; 15
6,49,0.10067,0.12245,6; 15; 4; 4; 49; 3; 16; 3
7,77,0.21237,0.09091,7; 17; 29; 16; 77; 3; 7; 4
21,48,0.39641,0.4375,21; 5; 22; 13; 48; 14; 14; 4
22,32,0.69351,0.6875,22; 14; 21; 6; 32; 7; 6; 17
58,75,0.89077,0.77333,58; 13; 12; 8; 75; 3; 3; 7
73,78,0.8572,0.9359,73; 5; 3; 6; 78; 3; 6; 6
13,48,0.26876,0.27083,13; 27; 10; 11; 48; 6; 10; 5
5,9,0.31594,0.55556,5; 24; 14; 14; 9; 14; 9; 19
52,53,0.87136,0.98113,52; 12; 12; 6; 53; 3; 15; 3
6,10,0.30671,0.6,6; 7; 10; 16; 10; 27; 10; 7
21,82,0.40777,0.2561,21; 5; 21; 11; 82; 3; 3; 3
20,64,0.36364,0.3125,20; 25; 19; 5; 64; 4; 11; 6
8,10,0.41584,0.8,8; 30; 11; 27; 10; 25; 12; 27
34,53,0.6813,0.64151,34; 12; 7; 9; 53; 15; 4; 3
31,42,0.73928,0.7381,31; 20; 16; 20; 42; 9; 15; 5
5,78,0.10836,0.0641,5; 8; 9; 28; 78; 3; 6; 5
27,53,0.51295,0.50943,27; 4; 12; 6; 53; 8; 6; 15
12,63,0.22708,0.19048,12; 18; 27; 14; 63; 8; 9; 5
26,49,0.54389,0.53061,26; 14; 15; 5; 49; 14; 15; 14
44,77,0.7027,0.57143,44; 3; 13; 4; 77; 3; 3; 7
8,75,0.15394,0.10667,8; 5; 19; 28; 75; 5; 7; 5
6,9,0.34469,0.66667,6; 11; 14; 25; 9; 3; 5; 25
6,9,0.32716,0.66667,6; 29; 3; 8; 9; 17; 22; 26
34,42,0.8106,0.80952,34; 3; 20; 17; 42; 18; 11; 17
9,75,0.20035,0.12,9; 8; 7; 28; 75; 3; 6; 6
61,63,0.94261,0.96825,61; 6; 4; 7; 63; 10; 8; 7
32,78,0.52142,0.41026,32; 6; 18; 15; 78; 6; 4; 3
27,49,0.56688,0.55102,27; 15; 21; 9; 49; 10; 10; 13
10,77,0.23173,0.12987,10; 17; 12; 14; 77; 4; 3; 7
33,48,0.7303,0.6875,33; 3; 4; 6; 48; 13; 7; 6
61,82,0.70341,0.7439,61; 5; 7; 7; 82; 5; 5; 4
16,48,0.35285,0.33333,16; 9; 6; 24; 48; 11; 6; 7
18,48,0.41187,0.375,18; 21; 24; 6; 48; 3; 3; 8
10,64,0.14379,0.15625,10; 20; 14; 4; 64; 8; 8; 8
31,64,0.52943,0.48438,31; 22; 4; 11; 64; 11; 4; 11
39,77,0.61191,0.50649,39; 17; 16; 7; 77; 3; 5; 3
5,42,0.13093,0.11905,5; 11; 9; 12; 42; 6; 14; 10
61,75,0.86404,0.81333,61; 12; 12; 12; 75; 6; 7; 5
8,10,0.39229,0.8,8; 25; 4; 6; 10; 14; 4; 6
17,49,0.35665,0.34694,17; 9; 16; 11; 49; 13; 13; 15
7,53,0.16985,0.13208,7; 19; 21; 28; 53; 14; 6; 9
68,77,0.79145,0.88312,68; 4; 4; 6; 77; 3; 7; 3
16,32,0.5148,0.5,16; 4; 9; 3; 32; 21; 18; 9
12,53,0.24568,0.22642,12; 8; 22; 6; 53; 5; 4; 5
16,53,0.32585,0.30189,16; 6; 21; 10; 53; 10; 14; 8
14,82,0.31369,0.17073,14; 17; 9; 21; 82; 4; 4; 5
60,63,0.95414,0.95238,60; 3; 3; 9; 63; 9; 11; 5
24,78,0.44175,0.30769,24; 3; 16; 11; 78; 6; 4; 3
36,53,0.70102,0.67925,36; 12; 20; 15; 53; 3; 9; 8
7,10,0.38943,0.7,7; 3; 24; 3; 10; 17; 5; 6
7,70,0.13016,0.1,7; 11; 13; 23; 70; 4; 5; 3
35,77,0.57997,0.45455,35; 6; 19; 20; 77; 3; 7; 4
44,63,0.738,0.69841,44; 14; 13; 13; 63; 10; 7; 5
59,64,0.9508,0.92188,59; 12; 11; 4; 64; 5; 9; 9
10,26,0.40871,0.38462,10; 13; 21; 11; 26; 17; 11; 4
17,42,0.43743,0.40476,17; 21; 8; 5; 42; 15; 7; 16
17,31,0.56382,0.54839,17; 27; 5; 22; 31; 22; 14; 17
22,32,0.69059,0.6875,22; 20; 10; 22; 32; 12; 12; 6
9,26,0.36748,0.34615,9; 14; 27; 24; 26; 7; 7; 16
69,77,0.81892,0.8961,69; 5; 3; 5; 77; 4; 4; 4
21,49,0.43297,0.42857,21; 9; 6; 11; 49; 14; 9; 7
8,32,0.28807,0.25,8; 23; 16; 9; 32; 12; 7; 4
44,48,0.79767,0.91667,44; 11; 15; 7; 48; 15; 10; 15
20,77,0.38301,0.25974,20; 5; 24; 22; 77; 3; 4; 4
8,31,0.29821,0.25806,8; 25; 5; 8; 31; 15; 21; 18
5,26,0.22733,0.19231,5; 6; 29; 10; 26; 3; 21; 14
6,10,0.36093,0.6,6; 3; 6; 7; 10; 4; 25; 29
24,64,0.40498,0.375,24; 21; 19; 19; 64; 11; 6; 4
7,26,0.3077,0.26923,7; 18; 17; 8; 26; 8; 22; 9
5,77,0.11045,0.06494,5; 5; 21; 7; 77; 7; 3; 3
15,26,0.57832,0.57692,15; 25; 19; 17; 26; 24; 14; 8
29,32,0.75243,0.90625,29; 7; 6; 17; 32; 16; 7; 7
8,31,0.26831,0.25806,8; 15; 24; 6; 31; 11; 18; 13
60,63,0.94878,0.95238,60; 11; 4; 4; 63; 7; 3; 6
6,9,0.325,0.66667,6; 24; 26; 26; 9; 15; 26; 14
47,82,0.72869,0.57317,47; 12; 16; 5; 82; 4; 5; 5
63,70,0.9573,0.9,63; 10; 6; 5; 70; 8; 6; 3
76,78,0.73918,0.97436,76; 5; 7; 5; 78; 3; 3; 5
20,32,0.60873,0.625,20; 21; 20; 9; 32; 14; 21; 11
59,70,0.89555,0.84286,59; 11; 7; 10; 70; 3; 7; 5
11,78,0.20108,0.14103,11; 26; 4; 28; 78; 5; 5; 3
27,32,0.75708,0.84375,27; 4; 18; 13; 32; 20; 8; 21
18,31,0.52802,0.58065,18; 3; 11; 14; 31; 22; 14; 17
37,70,0.6109,0.52857,37; 19; 6; 7; 70; 5; 5; 4
8,10,0.40333,0.8,8; 20; 9; 29; 10; 7; 29; 4
34,42,0.84873,0.80952,34; 10; 3; 12; 42; 8; 4; 4
8,64,0.12899,0.125,8; 20; 7; 10; 64; 8; 8; 8
55,75,0.8899,0.73333,55; 10; 9; 4; 75; 6; 3; 6
15,64,0.26688,0.23438,15; 11; 19; 7; 64; 3; 10; 11
20,63,0.36245,0.31746,20; 24; 16; 25; 63; 7; 5; 5
7,10,0.41799,0.7,7; 28; 11; 8; 10; 11; 6; 28
33,63,0.57755,0.52381,33; 19; 15; 12; 63; 11; 6; 3
5,10,0.31075,0.5,5; 18; 30; 27; 10; 22; 6; 24
64,78,0.79753,0.82051,64; 6; 10; 8; 78; 3; 6; 4
33,63,0.55537,0.52381,33; 10; 17; 11; 63; 6; 11; 5
37,82,0.60237,0.45122,37; 14; 7; 16; 82; 3; 4; 5
8,9,0.38936,0.88889,8; 12; 29; 19; 9; 9; 6; 13
8,9,0.40522,0.88889,8; 5; 13; 12; 9; 5; 25; 3
32,63,0.57575,0.50794,32; 16; 8; 17; 63; 8; 6; 3
8,9,0.37938,0.88889,8; 18; 17; 18; 9; 12; 14; 24
40,48,0.7991,0.83333,40; 10; 9; 9; 48; 4; 11; 6
10,48,0.22861,0.20833,10; 21; 29; 20; 48; 14; 16; 5
9,10,0.46636,0.9,9; 13; 4; 4; 10; 24; 22; 22
20,26,0.74039,0.76923,20; 20; 3; 15; 26; 18; 16; 7
63,77,0.91006,0.81818,63; 8; 9; 8; 77; 3; 7; 4
45,53,0.81103,0.84906,45; 4; 11; 8; 53; 7; 11; 10
6,10,0.33443,0.6,6; 27; 27; 27; 10; 6; 19; 24
7,9,0.36659,0.77778,7; 8; 5; 29; 9; 24; 17; 19
33,78,0.5517,0.42308,33; 17; 17; 14; 78; 4; 3; 6
22,77,0.40828,0.28571,22; 4; 19; 7; 77; 7; 5; 6
23,48,0.50788,0.47917,23; 5; 4; 25; 48; 14; 16; 16
49,63,0.83402,0.77778,49; 16; 14; 14; 63; 8; 5; 8
51,63,0.81102,0.80952,51; 13; 5; 4; 63; 11; 3; 10
13,32,0.43051,0.40625,13; 15; 23; 15; 32; 19; 9; 13
22,49,0.44514,0.44898,22; 6; 20; 12; 49; 11; 16; 7
16,63,0.27395,0.25397,16; 24; 25; 26; 63; 4; 4; 4
8,10,0.43743,0.8,8; 6; 21; 12; 10; 12; 8; 22
42,49,0.80863,0.85714,42; 18; 11; 3; 49; 16; 11; 3
29,42,0.65178,0.69048,29; 9; 17; 17; 42; 5; 5; 5
35,42,0.79386,0.83333,35; 16; 13; 10; 42; 10; 15; 5
20,26,0.68238,0.76923,20; 14; 7; 5; 26; 20; 20; 9
77,78,0.79498,0.98718,77; 7; 4; 7; 78; 6; 6; 5
10,78,0.24576,0.12821,10; 14; 13; 14; 78; 3; 5; 5
60,75,0.86057,0.8,60; 5; 3; 4; 75; 3; 3; 5
5,9,0.28844,0.55556,5; 10; 22; 28; 9; 19; 8; 4
29,48,0.58525,0.60417,29; 14; 23; 13; 48; 9; 5; 5
12,77,0.2355,0.15584,12; 19; 12; 18; 77; 4; 5; 4
24,26,0.8127,0.92308,24; 17; 6; 18; 26; 16; 17; 23
18,49,0.40986,0.36735,18; 11; 23; 4; 49; 6; 13; 7
26,75,0.46971,0.34667,26; 11; 4; 3; 75; 4; 5; 3
14,78,0.26699,0.17949,14; 3; 25; 28; 78; 4; 5; 6
23,26,0.70136,0.88462,23; 21; 10; 6; 26; 5; 23; 22
25,70,0.43676,0.35714,25; 15; 12; 10; 70; 9; 9; 7
25,63,0.41531,0.39683,25; 9; 15; 6; 63; 8; 10; 3
9,10,0.46751,0.9,9; 24; 11; 25; 10; 4; 17; 4
11,49,0.25551,0.22449,11; 3; 10; 28; 49; 13; 12; 16
16,31,0.50474,0.51613,16; 19; 4; 25; 31; 14; 14; 8
20,77,0.37303,0.25974,20; 7; 18; 19; 77; 3; 5; 3
46,63,0.80907,0.73016,46; 10; 16; 9; 63; 10; 7; 3
8,9,0.4026,0.88889,8; 19; 4; 27; 9; 15; 27; 7
21,53,0.38765,0.39623,21; 23; 5; 13; 53; 11; 8; 15
22,26,0.76619,0.84615,22; 10; 12; 20; 26; 23; 20; 22
39,49,0.76656,0.79592,39; 6; 10; 14; 49; 16; 5; 7
6,9,0.35687,0.66667,6; 20; 10; 3; 9; 9; 5; 20
9,31,0.31349,0.29032,9; 11; 16; 15; 31; 12; 18; 20
27,53,0.52975,0.50943,27; 7; 20; 6; 53; 13; 14; 7
12,63,0.22801,0.19048,12; 18; 9; 24; 63; 11; 5; 8
12,77,0.26921,0.15584,12; 7; 17; 11; 77; 7; 3; 6
7,32,0.25072,0.21875,7; 5; 26; 10; 32; 18; 20; 9
20,53,0.36379,0.37736,20; 20; 11; 21; 53; 14; 14; 7
43,78,0.64788,0.55128,43; 15; 18; 15; 78; 5; 6; 6
40,64,0.65917,0.625,40; 5; 4; 19; 64; 7; 7; 8
13,31,0.42024,0.41935,13; 17; 6; 12; 31; 16; 3; 19
29,78,0.49394,0.37179,29; 8; 5; 12; 78; 3; 4; 3
34,75,0.56038,0.45333,34; 14; 8; 14; 75; 5; 3; 5
20,42,0.46372,0.47619,20; 20; 18; 23; 42; 16; 13; 6
19,26,0.72425,0.73077,19; 17; 25; 13; 26; 11; 19; 4
10,26,0.3855,0.38462,10; 23; 5; 12; 26; 16; 18; 5
7,9,0.31752,0.77778,7; 17; 22; 23; 9; 9; 23; 5
25,42,0.60156,0.59524,25; 12; 18; 24; 42; 11; 15; 12
18,26,0.704,0.69231,18; 24; 11; 5; 26; 15; 23; 21
10,26,0.35115,0.38462,10; 3; 16; 28; 26; 17; 14; 7
17,31,0.54068,0.54839,17; 14; 20; 27; 31; 11; 9; 9
54,64,0.88594,0.84375,54; 4; 9; 4; 64; 11; 6; 4
51,75,0.77639,0.68,51; 14; 12; 9; 75; 6; 4; 7
8,10,0.41505,0.8,8; 5; 29; 13; 10; 5; 22; 21
61,78,0.77832,0.78205,61; 8; 6; 3; 78; 5; 6; 6
61,77,0.84221,0.79221,61; 7; 7; 5; 77; 4; 3; 3
46,64,0.77033,0.71875,46; 14; 17; 5; 64; 5; 9; 11
68,82,0.82421,0.82927,68; 6; 3; 5; 82; 3; 3; 4
23,26,0.80862,0.88462,23; 16; 8; 13; 26; 4; 9; 5
19,64,0.33216,0.29688,19; 5; 3; 6; 64; 10; 5; 5
61,82,0.83934,0.7439,61; 8; 7; 3; 82; 3; 3; 3
67,82,0.75879,0.81707,67; 6; 10; 3; 82; 5; 5; 5
24,64,0.42745,0.375,24; 18; 3; 4; 64; 7; 9; 5
13,49,0.27628,0.26531,13; 9; 27; 3; 49; 4; 3; 4
36,82,0.58047,0.43902,36; 8; 7; 11; 82; 5; 3; 5
20,53,0.39974,0.37736,20; 11; 25; 18; 53; 7; 3; 9
7,48,0.16793,0.14583,7; 11; 11; 28; 48; 9; 4; 4
7,10,0.40642,0.7,7; 24; 7; 30; 10; 23; 14; 8
20,78,0.39427,0.25641,20; 20; 24; 9; 78; 5; 3; 4
8,53,0.15018,0.15094,8; 4; 3; 6; 53; 7; 14; 12
19,32,0.56774,0.59375,19; 22; 5; 26; 32; 16; 21; 10
37,63,0.67342,0.5873,37; 9; 5; 8; 63; 11; 10; 9
27,64,0.46232,0.42188,27; 6; 21; 7; 64; 11; 6; 8
13,49,0.27262,0.26531,13; 13; 11; 23; 49; 15; 12; 8
54,70,0.90484,0.77143,54; 13; 9; 14; 70; 9; 8; 9
43,63,0.73273,0.68254,43; 10; 13; 9; 63; 11; 10; 10
8,26,0.33697,0.30769,8; 22; 13; 8; 26; 14; 8; 7
63,82,0.82885,0.76829,63; 7; 10; 8; 82; 4; 4; 3
28,64,0.48573,0.4375,28; 18; 18; 21; 64; 8; 4; 8
31,53,0.56172,0.58491,31; 22; 10; 11; 53; 10; 10; 3
7,9,0.33869,0.77778,7; 3; 9; 14; 9; 9; 15; 3
30,78,0.52757,0.38462,30; 16; 6; 7; 78; 5; 6; 4
77,78,0.78436,0.98718,77; 4; 5; 7; 78; 4; 6; 5
35,77,0.59477,0.45455,35; 6; 19; 11; 77; 5; 6; 5
21,42,0.47016,0.5,21; 5; 3; 6; 42; 15; 10; 7
19,26,0.73675,0.73077,19; 6; 8; 24; 26; 8; 10; 15
6,77,0.12537,0.07792,6; 6; 28; 20; 77; 5; 3; 3
25,64,0.42627,0.39062,25; 8; 12; 24; 64; 9; 11; 6
36,49,0.79157,0.73469,36; 19; 15; 3; 49; 3; 16; 11
75,82,0.77576,0.91463,75; 3; 6; 4; 82; 4; 5; 5
63,78,0.81244,0.80769,63; 8; 4; 3; 78; 4; 5; 5
18,70,0.32281,0.25714,18; 20; 23; 19; 70; 6; 7; 5
14,26,0.52281,0.53846,14; 27; 27; 11; 26; 11; 16; 15
9,10,0.45146,0.9,9; 21; 17; 10; 10; 9; 6; 27
18,78,0.35971,0.23077,18; 18; 4; 26; 78; 6; 5; 4
10,53,0.21467,0.18868,10; 23; 23; 8; 53; 9; 15; 14
9,10,0.44862,0.9,9; 23; 21; 13; 10; 15; 3; 5
62,64,0.91658,0.96875,62; 7; 10; 3; 64; 8; 5; 7
6,10,0.32796,0.6,6; 29; 12; 8; 10; 25; 26; 3
36,64,0.62137,0.5625,36; 14; 19; 13; 64; 5; 5; 5
64,78,0.86628,0.82051,64; 6; 7; 9; 78; 5; 5; 3
31,70,0.52057,0.44286,31; 6; 16; 7; 70; 5; 3; 8
10,48,0.24091,0.20833,10; 12; 6; 12; 48; 16; 13; 12
52,78,0.74063,0.66667,52; 11; 5; 4; 78; 3; 4; 5
39,64,0.64466,0.60938,39; 14; 9; 15; 64; 11; 8; 10
7,10,0.39,0.7,7; 3; 11; 3; 10; 16; 26; 8
34,70,0.56551,0.48571,34; 9; 21; 20; 70; 3; 3; 9
52,82,0.83144,0.63415,52; 14; 10; 13; 82; 4; 3; 3
49,82,0.7723,0.59756,49; 15; 16; 5; 82; 3; 3; 4
71,75,0.89211,0.94667,71; 5; 3; 7; 75; 3; 4; 5
15,26,0.56839,0.57692,15; 4; 22; 21; 26; 17; 19; 24
27,31,0.73852,0.87097,27; 9; 6; 20; 31; 5; 11; 10
20,31,0.64474,0.64516,20; 5; 25; 3; 31; 11; 3; 14
24,42,0.58858,0.57143,24; 19; 9; 13; 42; 10; 15; 13
19,49,0.39124,0.38776,19; 10; 6; 23; 49; 14; 6; 14
71,77,0.74181,0.92208,71; 7; 6; 3; 77; 4; 6; 3
7,9,0.36934,0.77778,7; 17; 4; 15; 9; 21; 19; 22
10,26,0.3906,0.38462,10; 5; 23; 22; 26; 17; 8; 7
40,49,0.78244,0.81633,40; 9; 13; 4; 49; 11; 10; 11
39,64,0.65599,0.60938,39; 12; 13; 18; 64; 3; 5; 5
71,82,0.67625,0.86585,71; 9; 9; 6; 82; 4; 3; 5
33,53,0.65499,0.62264,33; 16; 16; 9; 53; 6; 14; 14
17,48,0.39181,0.35417,17; 16; 17; 22; 48; 11; 11; 12
27,77,0.47802,0.35065,27; 5; 7; 9; 77; 6; 6; 7
29,70,0.51657,0.41429,29; 6; 9; 23; 70; 8; 8; 6
15,75,0.29283,0.2,15; 12; 4; 21; 75; 3; 4; 7
16,63,0.28753,0.25397,16; 9; 16; 18; 63; 8; 10; 8
74,75,0.78998,0.98667,74; 8; 5; 5; 75; 7; 3; 6
16,75,0.31729,0.21333,16; 12; 17; 15; 75; 6; 6; 4
7,26,0.25037,0.26923,7; 20; 30; 26; 26; 6; 21; 18
57,70,0.96378,0.81429,57; 8; 3; 4; 70; 7; 5; 3
36,42,0.86075,0.85714,36; 11; 19; 11; 42; 11; 3; 4
65,75,0.7991,0.86667,65; 11; 9; 4; 75; 7; 7; 5
38,53,0.66999,0.71698,38; 10; 6; 3; 53; 11; 11; 12
5,9,0.32712,0.55556,5; 30; 11; 4; 9; 18; 22; 15
8,10,0.50428,0.8,8; 20; 6; 19; 10; 25; 14; 22
25,53,0.51646,0.4717,25; 11; 12; 23; 53; 14; 9; 5
12,77,0.24766,0.15584,12; 26; 26; 20; 77; 6; 4; 4
6,9,0.33914,0.66667,6; 7; 5; 25; 9; 3; 6; 17
29,70,0.4869,0.41429,29; 14; 11; 23; 70; 9; 8; 4
20,42,0.48343,0.47619,20; 3; 6; 3; 42; 7; 3; 17
38,42,0.90546,0.90476,38; 5; 15; 16; 42; 12; 14; 7
50,63,0.87251,0.79365,50; 5; 11; 15; 63; 7; 7; 10
26,63,0.44084,0.4127,26; 15; 5; 22; 63; 4; 6; 8
8,70,0.14829,0.11429,8; 9; 6; 16; 70; 9; 3; 9
28,32,0.82287,0.875,28; 19; 15; 23; 32; 8; 15; 5
28,63,0.49043,0.44444,28; 4; 12; 22; 63; 3; 5; 5
44,82,0.69756,0.53659,44; 8; 17; 11; 82; 4; 4; 4
45,48,0.83495,0.9375,45; 7; 9; 13; 48; 9; 7; 10
6,9,0.35612,0.66667,6; 26; 24; 11; 9; 16; 16; 15
70,77,0.80905,0.90909,70; 6; 4; 3; 77; 7; 7; 4
40,70,0.67754,0.57143,40; 9; 16; 12; 70; 3; 4; 3
14,64,0.25099,0.21875,14; 25; 21; 19; 64; 8; 10; 10
26,42,0.62349,0.61905,26; 3; 21; 8; 42; 15; 5; 9
43,75,0.68676,0.57333,43; 11; 9; 7; 75; 3; 6; 5
15,26,0.52216,0.57692,15; 10; 19; 3; 26; 15; 13; 22
51,70,0.86004,0.72857,51; 14; 12; 4; 70; 4; 5; 7
11,32,0.3696,0.34375,11; 22; 25; 26; 32; 7; 10; 7
8,70,0.13713,0.11429,8; 17; 3; 19; 70; 3; 8; 6
9,10,0.44275,0.9,9; 11; 11; 15; 10; 19; 22; 18
7,10,0.40224,0.7,7; 9; 9; 21; 10; 4; 18; 21
24,48,0.51383,0.5,24; 19; 18; 19; 48; 12; 3; 6
8,9,0.40531,0.88889,8; 16; 5; 25; 9; 6; 24; 9
24,26,0.77147,0.92308,24; 7; 14; 4; 26; 15; 13; 20
67,75,0.85357,0.89333,67; 7; 6; 10; 75; 4; 5; 7
43,70,0.71031,0.61429,43; 6; 4; 7; 70; 9; 7; 8
53,82,0.8176,0.64634,53; 8; 4; 6; 82; 5; 3; 5
14,53,0.28715,0.26415,14; 5; 14; 3; 53; 12; 5; 8
7,10,0.36809,0.7,7; 28; 28; 12; 10; 21; 28; 22
15,49,0.30555,0.30612,15; 3; 20; 24; 49; 5; 3; 7
8,9,0.39406,0.88889,8; 4; 10; 21; 9; 12; 18; 28
29,31,0.82328,0.93548,29; 8; 7; 9; 31; 19; 15; 5
6,9,0.34957,0.66667,6; 6; 24; 22; 9; 18; 26; 24
29,63,0.5168,0.46032,29; 8; 7; 5; 63; 4; 5; 10
55,63,0.91917,0.87302,55; 3; 7; 11; 63; 9; 7; 3
63,75,0.85707,0.84,63; 8; 4; 9; 75; 3; 7; 7
7,9,0.37915,0.77778,7; 23; 18; 11; 9; 20; 26; 15
8,9,0.38958,0.88889,8; 19; 23; 18; 9; 28; 28; 22
21,48,0.46321,0.4375,21; 3; 18; 20; 48; 4; 6; 12
13,75,0.25912,0.17333,13; 8; 3; 12; 75; 3; 6; 4
52,53,0.8882,0.98113,52; 8; 7; 9; 53; 3; 4; 6
9,48,0.17965,0.1875,9; 21; 25; 29; 48; 10; 11; 5
27,42,0.62912,0.64286,27; 18; 16; 18; 42; 17; 4; 13
27,42,0.65485,0.64286,27; 16; 15; 14; 42; 15; 10; 4
8,9,0.37502,0.88889,8; 29; 27; 3; 9; 20; 5; 6
20,70,0.35753,0.28571,20; 19; 6; 7; 70; 3; 5; 6
51,53,0.85487,0.96226,51; 6; 6; 9; 53; 12; 4; 7
17,26,0.69239,0.65385,17; 12; 6; 5; 26; 5; 12; 19
11,32,0.34248,0.34375,11; 3; 29; 17; 32; 19; 20; 22
25,32,0.75949,0.78125,25; 10; 13; 12; 32; 15; 10; 13
15,53,0.29702,0.28302,15; 12; 23; 23; 53; 15; 6; 14
17,49,0.35746,0.34694,17; 13; 7; 16; 49; 15; 14; 9
8,31,0.27737,0.25806,8; 17; 28; 13; 31; 19; 14; 20
6,10,0.33793,0.6,6; 18; 25; 25; 10; 12; 5; 18
9,82,0.17243,0.10976,9; 15; 17; 26; 82; 4; 5; 3
17,26,0.66107,0.65385,17; 23; 12; 6; 26; 7; 17; 19
47,49,0.78318,0.95918,47; 5; 16; 4; 49; 5; 3; 13
15,32,0.46656,0.46875,15; 10; 3; 22; 32; 6; 8; 20
6,10,0.33634,0.6,6; 3; 5; 24; 10; 21; 29; 15
69,78,0.75369,0.88462,69; 3; 4; 9; 78; 4; 4; 3
51,63,0.82779,0.80952,51; 7; 8; 4; 63; 4; 4; 10
28,31,0.75032,0.90323,28; 15; 4; 23; 31; 3; 22; 15
6,9,0.34719,0.66667,6; 25; 8; 26; 9; 16; 20; 28
20,77,0.37224,0.25974,20; 7; 12; 11; 77; 5; 5; 4
34,49,0.68439,0.69388,34; 14; 4; 10; 49; 16; 16; 11
36,42,0.85177,0.85714,36; 5; 18; 10; 42; 14; 12; 10
24,42,0.58846,0.57143,24; 10; 18; 16; 42; 13; 13; 7
34,49,0.73683,0.69388,34; 3; 18; 5; 49; 7; 6; 3
7,9,0.3419,0.77778,7; 13; 28; 26; 9; 25; 9; 7
5,9,0.27584,0.55556,5; 21; 19; 20; 9; 13; 14; 14
80,82,0.73415,0.97561,80; 5; 5; 5; 82; 3; 3; 4
35,70,0.58986,0.5,35; 9; 7; 5; 70; 8; 6; 9
57,70,0.90999,0.81429,57; 9; 7; 10; 70; 9; 3; 8
8,9,0.41456,0.88889,8; 25; 24; 4; 9; 3; 11; 13
24,78,0.43707,0.30769,24; 3; 10; 5; 78; 5; 6; 3
13,48,0.28281,0.27083,13; 22; 12; 22; 48; 8; 3; 13
6,26,0.24895,0.23077,6; 29; 3; 16; 26; 9; 23; 7
17,31,0.53102,0.54839,17; 17; 18; 19; 31; 3; 7; 9
48,53,0.81074,0.90566,48; 12; 10; 13; 53; 4; 12; 6
8,26,0.31898,0.30769,8; 27; 6; 30; 26; 3; 24; 23
5,9,0.32063,0.55556,5; 3; 21; 15; 9; 28; 11; 19
24,26,0.80342,0.92308,24; 16; 6; 19; 26; 6; 4; 15
12,53,0.25064,0.22642,12; 12; 25; 26; 53; 15; 3; 5
6,10,0.32206,0.6,6; 11; 19; 9; 10; 7; 27; 16
13,48,0.25738,0.27083,13; 14; 3; 19; 48; 5; 13; 4
6,10,0.30618,0.6,6; 10; 9; 17; 10; 9; 24; 4
28,82,0.56202,0.34146,28; 4; 6; 9; 82; 3; 4; 5
22,26,0.76204,0.84615,22; 11; 19; 6; 26; 8; 3; 20
61,64,0.91237,0.95312,61; 12; 3; 11; 64; 10; 10; 4
10,64,0.2064,0.15625,10; 20; 9; 24; 64; 10; 7; 5
5,9,0.21949,0.55556,5; 20; 16; 13; 9; 20; 25; 11
31,48,0.68253,0.64583,31; 15; 9; 22; 48; 14; 13; 7
45,78,0.6683,0.57692,45; 16; 7; 8; 78; 3; 4; 5
27,31,0.7752,0.87097,27; 17; 21; 21; 31; 11; 9; 19
40,77,0.60854,0.51948,40; 3; 16; 12; 77; 4; 3; 7
36,42,0.87281,0.85714,36; 11; 12; 7; 42; 11; 10; 6
10,63,0.16772,0.15873,10; 10; 28; 25; 63; 6; 5; 10
8,53,0.16537,0.15094,8; 3; 23; 5; 53; 6; 13; 7
32,78,0.54195,0.41026,32; 14; 11; 10; 78; 4; 4; 4
36,82,0.59467,0.43902,36; 7; 3; 15; 82; 4; 3; 5
15,63,0.25078,0.2381,15; 23; 13; 19; 63; 7; 6; 5
30,70,0.53391,0.42857,30; 9; 21; 9; 70; 3; 6; 5
19,26,0.68596,0.73077,19; 15; 21; 10; 26; 16; 15; 15
7,10,0.37339,0.7,7; 15; 23; 8; 10; 3; 28; 10
44,82,0.65657,0.53659,44; 4; 16; 7; 82; 5; 5; 3
44,49,0.77751,0.89796,44; 13; 14; 4; 49; 13; 11; 3
31,53,0.58885,0.58491,31; 20; 6; 7; 53; 5; 15; 13
76,78,0.8148,0.97436,76; 5; 5; 7; 78; 6; 6; 4
29,32,0.74102,0.90625,29; 13; 22; 20; 32; 5; 18; 20
44,75,0.70508,0.58667,44; 13; 5; 7; 75; 5; 5; 3
8,9,0.40547,0.88889,8; 13; 14; 26; 9; 7; 24; 6
33,49,0.72072,0.67347,33; 10; 13; 14; 49; 4; 8; 14
9,42,0.22858,0.21429,9; 10; 3; 17; 42; 8; 12; 10
53,78,0.83482,0.67949,53; 8; 4; 9; 78; 4; 6; 4
17,42,0.37465,0.40476,17; 6; 4; 9; 42; 10; 12; 16
32,49,0.70163,0.65306,32; 19; 21; 7; 49; 15; 10; 15
38,53,0.70183,0.71698,38; 5; 16; 20; 53; 4; 11; 15
18,26,0.6539,0.69231,18; 11; 26; 12; 26; 4; 10; 20
5,42,0.14977,0.11905,5; 19; 26; 30; 42; 4; 10; 9
58,64,0.96864,0.90625,58; 10; 8; 12; 64; 8; 5; 11
48,64,0.78796,0.75,48; 12; 10; 16; 64; 7; 4; 5
61,75,0.81873,0.81333,61; 11; 3; 9; 75; 5; 5; 3
14,75,0.27304,0.18667,14; 10; 3; 3; 75; 5; 5; 4
33,48,0.70679,0.6875,33; 11; 5; 10; 48; 6; 16; 4
22,26,0.82249,0.84615,22; 3; 5; 21; 26; 21; 13; 21
48,49,0.83822,0.97959,48; 8; 7; 10; 49; 5; 9; 3
16,42,0.3671,0.38095,16; 23; 12; 15; 42; 10; 14; 7
17,48,0.36956,0.35417,17; 12; 24; 15; 48; 5; 16; 10
74,82,0.68153,0.90244,74; 3; 3; 3; 82; 4; 5; 4
15,63,0.2736,0.2381,15; 14; 7; 16; 63; 11; 6; 3
35,53,0.7259,0.66038,35; 15; 9; 14; 53; 15; 11; 14
66,77,0.88623,0.85714,66; 7; 7; 9; 77; 4; 6; 6
5,9,0.30855,0.55556,5; 5; 30; 5; 9; 7; 27; 5
6,70,0.10749,0.08571,6; 19; 10; 27; 70; 6; 3; 8
30,42,0.69111,0.71429,30; 10; 22; 16; 42; 14; 12; 12
80,82,0.71268,0.97561,80; 6; 5; 4; 82; 4; 4; 5
13,53,0.26074,0.24528,13; 26; 5; 19; 53; 9; 15; 13
22,53,0.44293,0.41509,22; 17; 17; 19; 53; 13; 4; 4
38,63,0.64009,0.60317,38; 7; 7; 5; 63; 3; 5; 5
7,53,0.1557,0.13208,7; 27; 15; 25; 53; 14; 12; 4
18,82,0.36347,0.21951,18; 10; 18; 16; 82; 3; 5; 3
12,31,0.3602,0.3871,12; 13; 26; 10; 31; 7; 6; 15
5,10,0.24738,0.5,5; 27; 3; 6; 10; 18; 20; 14
24,70,0.41852,0.34286,24; 6; 15; 9; 70; 8; 4; 3
8,42,0.20686,0.19048,8; 26; 25; 8; 42; 16; 16; 12
23,64,0.42299,0.35938,23; 23; 5; 13; 64; 7; 5; 6
41,53,0.76294,0.77358,41; 10; 14; 17; 53; 10; 13; 6
13,75,0.27159,0.17333,13; 19; 26; 9; 75; 6; 7; 7
25,53,0.47956,0.4717,25; 7; 8; 4; 53; 15; 9; 5
65,75,0.79584,0.86667,65; 10; 3; 11; 75; 3; 5; 4
50,70,0.78533,0.71429,50; 14; 14; 16; 70; 9; 4; 9
28,32,0.77278,0.875,28; 18; 19; 20; 32; 11; 14; 5
58,64,0.97706,0.90625,58; 3; 8; 10; 64; 10; 9; 10
35,48,0.78052,0.72917,35; 21; 17; 8; 48; 15; 14; 6
21,49,0.43954,0.42857,21; 16; 20; 21; 49; 15; 14; 16
45,53,0.80298,0.84906,45; 17; 5; 5; 53; 8; 6; 9
12,63,0.24778,0.19048,12; 15; 13; 14; 63; 5; 5; 7
11,49,0.27422,0.22449,11; 29; 26; 26; 49; 13; 9; 8
10,48,0.22192,0.20833,10; 20; 9; 21; 48; 15; 11; 14
17,63,0.32023,0.26984,17; 9; 19; 5; 63; 6; 3; 5
8,10,0.42148,0.8,8; 23; 4; 6; 10; 16; 5; 21
55,75,0.85506,0.73333,55; 5; 5; 14; 75; 7; 7; 3
8,26,0.34583,0.30769,8; 15; 22; 14; 26; 22; 13; 24
12,26,0.43379,0.46154,12; 21; 18; 11; 26; 12; 6; 14
8,9,0.38917,0.88889,8; 28; 24; 9; 9; 17; 18; 25
49,63,0.8062,0.77778,49; 5; 9; 15; 63; 7; 10; 3
54,78,0.86547,0.69231,54; 12; 6; 14; 78; 6; 3; 6
22,32,0.62477,0.6875,22; 8; 19; 22; 32; 7; 18; 19
47,53,0.80858,0.88679,47; 14; 15; 15; 53; 13; 4; 3
18,31,0.59343,0.58065,18; 3; 4; 10; 31; 3; 16; 17
13,64,0.23646,0.20312,13; 8; 6; 21; 64; 10; 10; 10
8,10,0.38388,0.8,8; 5; 20; 20; 10; 24; 5; 24
30,31,0.79577,0.96774,30; 15; 19; 20; 31; 16; 6; 8
8,31,0.26606,0.25806,8; 5; 7; 3; 31; 17; 7; 13
19,78,0.38597,0.24359,19; 18; 17; 15; 78; 5; 5; 4
59,77,0.89177,0.76623,59; 5; 9; 5; 77; 6; 5; 5
38,77,0.57858,0.49351,38; 17; 17; 20; 77; 7; 4; 6
16,26,0.57505,0.61538,16; 19; 19; 8; 26; 21; 8; 14
13,75,0.26714,0.17333,13; 22; 17; 25; 75; 3; 5; 6
9,31,0.29751,0.29032,9; 26; 25; 20; 31; 20; 13; 12
81,82,0.65039,0.9878,81; 5; 3; 3; 82; 5; 4; 4
59,63,0.94747,0.93651,59; 5; 7; 12; 63; 9; 11; 7
25,77,0.46834,0.32468,25; 6; 15; 11; 77; 4; 7; 5
8,82,0.18625,0.09756,8; 8; 18; 24; 82; 5; 3; 5
53,64,0.86671,0.82812,53; 9; 9; 9; 64; 7; 5; 6
40,63,0.67157,0.63492,40; 5; 8; 19; 63; 10; 4; 11
32,42,0.83346,0.7619,32; 19; 21; 13; 42; 16; 14; 7
8,10,0.40336,0.8,8; 4; 7; 30; 10; 18; 29; 7
9,10,0.4519,0.9,9; 6; 18; 18; 10; 27; 18; 20
10,78,0.21924,0.12821,10; 12; 25; 7; 78; 6; 4; 3
17,77,0.33124,0.22078,17; 15; 6; 4; 77; 3; 7; 4
42,75,0.66718,0.56,42; 7; 6; 5; 75; 6; 6; 4
7,10,0.36189,0.7,7; 3; 26; 19; 10; 25; 10; 3
5,9,0.29157,0.55556,5; 23; 23; 29; 9; 26; 3; 7
8,26,0.31456,0.30769,8; 27; 20; 17; 26; 5; 17; 22
40,48,0.85184,0.83333,40; 15; 19; 11; 48; 12; 6; 6
12,48,0.27202,0.25,12; 13; 8; 20; 48; 8; 13; 7
20,49,0.42735,0.40816,20; 4; 19; 7; 49; 6; 16; 5
17,63,0.29752,0.26984,17; 5; 14; 13; 63; 6; 9; 9
7,77,0.17312,0.09091,7; 22; 10; 16; 77; 4; 4; 6
26,63,0.45564,0.4127,26; 19; 20; 9; 63; 10; 4; 6
16,26,0.56082,0.61538,16; 16; 17; 11; 26; 22; 13; 17
8,9,0.37855,0.88889,8; 20; 25; 26; 9; 22; 22; 12
26,32,0.75021,0.8125,26; 21; 11; 10; 32; 6; 19; 16
51,82,0.69502,0.62195,51; 5; 12; 6; 82; 5; 4; 3
61,78,0.84468,0.78205,61; 7; 4; 6; 78; 4; 6; 6
43,63,0.70319,0.68254,43; 17; 12; 16; 63; 10; 8; 6
5,9,0.28669,0.55556,5; 17; 4; 8; 9; 16; 21; 28
55,82,0.8186,0.67073,55; 5; 12; 13; 82; 3; 5; 5
50,78,0.82247,0.64103,50; 14; 5; 16; 78; 6; 5; 4
29,42,0.63139,0.69048,29; 21; 7; 12; 42; 15; 6; 16
11,32,0.421,0.34375,11; 17; 26; 6; 32; 11; 5; 8
8,10,0.43266,0.8,8; 14; 3; 22; 10; 20; 4; 14
11,26,0.37372,0.42308,11; 25; 10; 12; 26; 15; 7; 5
30,32,0.7925,0.9375,30; 20; 15; 5; 32; 18; 4; 4
10,26,0.36703,0.38462,10; 19; 7; 10; 26; 9; 12; 17
7,9,0.36825,0.77778,7; 29; 17; 10; 9; 26; 16; 25
36,48,0.81965,0.75,36; 4; 3; 15; 48; 4; 4; 10
48,53,0.82284,0.90566,48; 14; 4; 6; 53; 12; 12; 14
22,78,0.41891,0.28205,22; 22; 24; 12; 78; 5; 6; 5
32,78,0.53916,0.41026,32; 20; 5; 9; 78; 6; 5; 5
37,64,0.61846,0.57812,37; 19; 19; 3; 64; 10; 11; 10
17,53,0.33727,0.32075,17; 23; 15; 10; 53; 9; 15; 3
11,49,0.26638,0.22449,11; 27; 12; 10; 49; 3; 8; 5
40,75,0.61306,0.53333,40; 9; 3; 11; 75; 6; 3; 6
27,31,0.75245,0.87097,27; 13; 21; 15; 31; 7; 8; 12
45,53,0.79749,0.84906,45; 3; 8; 12; 53; 9; 11; 4
60,64,0.95639,0.9375,60; 12; 9; 7; 64; 5; 10; 11
16,77,0.30499,0.20779,16; 8; 3; 25; 77; 6; 3; 7
37,49,0.76397,0.7551,37; 10; 13; 16; 49; 10; 7; 12
36,78,0.60081,0.46154,36; 4; 17; 6; 78; 5; 5; 5
26,82,0.47742,0.31707,26; 16; 20; 15; 82; 3; 4; 5
63,70,0.9085,0.9,63; 8; 7; 4; 70; 3; 3; 7
21,31,0.63513,0.67742,21; 23; 14; 19; 31; 6; 19; 4
72,75,0.84236,0.96,72; 8; 6; 7; 75; 6; 3; 4
36,70,0.58896,0.51429,36; 13; 7; 4; 70; 7; 9; 8
6,10,0.3289,0.6,6; 13; 19; 15; 10; 26; 27; 15
27,77,0.4734,0.35065,27; 13; 3; 22; 77; 5; 5; 6
21,78,0.3629,0.26923,21; 5; 3; 5; 78; 3; 4; 4
16,48,0.35114,0.33333,16; 9; 26; 12; 48; 3; 10; 16
26,32,0.72414,0.8125,26; 22; 16; 3; 32; 13; 7; 15
24,82,0.44223,0.29268,24; 19; 3; 12; 82; 5; 3; 3
49,63,0.77743,0.77778,49; 11; 3; 11; 63; 10; 4; 5
61,70,0.90065,0.87143,61; 4; 3; 8; 70; 4; 9; 7
47,48,0.83949,0.97917,47; 6; 13; 11; 48; 7; 15; 14
5,31,0.19494,0.16129,5; 9; 31; 10; 31; 22; 16; 15
27,78,0.47569,0.34615,27; 5; 13; 10; 78; 3; 5; 4
23,26,0.76991,0.88462,23; 17; 25; 3; 26; 15; 11; 20
74,78,0.69515,0.94872,74; 7; 5; 3; 78; 4; 6; 5
7,64,0.13603,0.10938,7; 21; 6; 18; 64; 5; 10; 3
17,31,0.51535,0.54839,17; 5; 23; 17; 31; 7; 12; 6
37,53,0.71841,0.69811,37; 11; 13; 10; 53; 13; 12; 7
10,53,0.22846,0.18868,10; 24; 12; 13; 53; 5; 4; 8
25,78,0.50999,0.32051,25; 18; 21; 10; 78; 3; 5; 6
33,48,0.74834,0.6875,33; 17; 14; 7; 48; 5; 14; 6
14,48,0.30782,0.29167,14; 23; 18; 12; 48; 4; 16; 7
30,63,0.50546,0.47619,30; 22; 16; 7; 63; 4; 9; 10
41,70,0.70005,0.58571,41; 10; 3; 9; 70; 4; 8; 3
46,77,0.70617,0.5974,46; 5; 16; 11; 77; 7; 4; 6
12,78,0.24982,0.15385,12; 21; 22; 3; 78; 3; 5; 4
33,82,0.53681,0.40244,33; 16; 13; 13; 82; 5; 3; 4
35,48,0.73216,0.72917,35; 16; 6; 18; 48; 13; 6; 13
32,48,0.67638,0.66667,32; 6; 11; 14; 48; 5; 8; 11
6,10,0.35812,0.6,6; 25; 4; 8; 10; 29; 21; 27
9,70,0.18264,0.12857,9; 19; 10; 29; 70; 3; 3; 4
15,49,0.31853,0.30612,15; 9; 5; 6; 49; 13; 5; 5
6,9,0.34169,0.66667,6; 8; 27; 23; 9; 9; 29; 9
13,26,0.46194,0.5,13; 10; 6; 5; 26; 3; 7; 24
74,82,0.65075,0.90244,74; 8; 8; 5; 82; 3; 4; 5
9,10,0.4643,0.9,9; 5; 28; 23; 10; 5; 13; 23
71,82,0.83234,0.86585,71; 3; 3; 8; 82; 3; 3; 4
16,48,0.36402,0.33333,16; 13; 12; 22; 48; 5; 8; 6
12,42,0.30709,0.28571,12; 9; 14; 15; 42; 10; 6; 13
62,77,0.85114,0.80519,62; 4; 9; 6; 77; 7; 7; 3
52,63,0.88253,0.8254,52; 15; 8; 9; 63; 6; 3; 3
74,75,0.83766,0.98667,74; 8; 5; 8; 75; 4; 3; 7
67,70,0.88309,0.95714,67; 4; 4; 4; 70; 8; 6; 3
34,78,0.56643,0.4359,34; 20; 20; 7; 78; 4; 4; 5
64,77,0.8205,0.83117,64; 11; 9; 6; 77; 6; 4; 6
35,48,0.78691,0.72917,35; 21; 19; 4; 48; 9; 9; 9
32,77,0.52387,0.41558,32; 3; 17; 8; 77; 5; 3; 6
14,75,0.32342,0.18667,14; 21; 23; 5; 75; 6; 6; 3
21,31,0.60178,0.67742,21; 25; 17; 8; 31; 18; 6; 8
72,75,0.83701,0.96,72; 7; 3; 6; 75; 6; 5; 7
46,53,0.85104,0.86792,46; 10; 4; 4; 53; 14; 10; 14
10,31,0.37849,0.32258,10; 12; 26; 12; 31; 19; 21; 17
14,42,0.37793,0.33333,14; 3; 28; 6; 42; 15; 7; 12
8,9,0.42333,0.88889,8; 23; 4; 15; 9; 29; 13; 20
19,82,0.36812,0.23171,19; 24; 5; 8; 82; 4; 5; 5
58,63,0.96957,0.92063,58; 4; 7; 3; 63; 11; 7; 5
8,10,0.43478,0.8,8; 9; 29; 23; 10; 24; 25; 7
13,48,0.29131,0.27083,13; 9; 22; 12; 48; 3; 12; 13
21,53,0.44739,0.39623,21; 25; 25; 11; 53; 15; 4; 7
9,75,0.2073,0.12,9; 29; 27; 5; 75; 3; 5; 7
52,77,0.84434,0.67532,52; 7; 15; 11; 77; 7; 4; 3
6,9,0.32009,0.66667,6; 21; 15; 26; 9; 21; 3; 25
35,78,0.55505,0.44872,35; 15; 21; 6; 78; 6; 6; 5
44,78,0.70936,0.5641,44; 12; 13; 18; 78; 5; 4; 4
18,53,0.37407,0.33962,18; 11; 24; 11; 53; 7; 15; 3
24,64,0.41534,0.375,24; 13; 7; 17; 64; 8; 11; 11
39,53,0.74406,0.73585,39; 9; 11; 12; 53; 13; 6; 4
18,31,0.53045,0.58065,18; 5; 3; 3; 31; 14; 6; 11
72,82,0.7158,0.87805,72; 4; 6; 4; 82; 5; 5; 4
49,53,0.84828,0.92453,49; 4; 5; 7; 53; 5; 5; 12
34,42,0.80524,0.80952,34; 10; 10; 9; 42; 12; 7; 8
45,64,0.76293,0.70312,45; 17; 3; 12; 64; 8; 3; 5
20,82,0.4194,0.2439,20; 24; 10; 17; 82; 4; 3; 3
37,49,0.7292,0.7551,37; 4; 10; 17; 49; 3; 13; 10
13,32,0.40985,0.40625,13; 8; 23; 5; 32; 15; 13; 10
28,82,0.49409,0.34146,28; 18; 12; 10; 82; 5; 3; 4
40,63,0.6796,0.63492,40; 4; 13; 10; 63; 11; 9; 3
5,31,0.21494,0.16129,5; 8; 13; 9; 31; 10; 22; 9
34,63,0.58149,0.53968,34; 16; 19; 13; 63; 11; 4; 7
17,75,0.31505,0.22667,17; 3; 14; 18; 75; 6; 6; 6
48,77,0.80741,0.62338,48; 11; 16; 13; 77; 3; 6; 3
41,70,0.6909,0.58571,41; 14; 3; 12; 70; 6; 4; 6
8,78,0.17876,0.10256,8; 14; 26; 4; 78; 6; 6; 3
6,10,0.35213,0.6,6; 18; 11; 12; 10; 7; 16; 24
5,70,0.08841,0.07143,5; 27; 10; 3; 70; 7; 3; 9
29,70,0.47784,0.41429,29; 17; 7; 16; 70; 8; 7; 4
66,77,0.80178,0.85714,66; 4; 8; 5; 77; 3; 4; 5
62,78,0.8338,0.79487,62; 12; 9; 3; 78; 4; 5; 6
6,9,0.33141,0.66667,6; 22; 29; 28; 9; 22; 25; 28
32,42,0.76712,0.7619,32; 10; 7; 22; 42; 7; 4; 4
5,9,0.30956,0.55556,5; 18; 14; 31; 9; 22; 19; 19
43,78,0.66826,0.55128,43; 16; 10; 13; 78; 5; 3; 4
45,53,0.79876,0.84906,45; 3; 7; 10; 53; 8; 13; 13
24,48,0.50979,0.5,24; 18; 20; 13; 48; 13; 11; 9
18,64,0.34409,0.28125,18; 18; 4; 22; 64; 3; 10; 10
10,48,0.20779,0.20833,10; 7; 3; 26; 48; 5; 9; 8
40,63,0.66183,0.63492,40; 9; 17; 4; 63; 4; 3; 7
38,78,0.63662,0.48718,38; 19; 15; 7; 78; 4; 3; 6
24,26,0.79421,0.92308,24; 9; 4; 20; 26; 13; 3; 10
39,42,0.87405,0.92857,39; 3; 9; 18; 42; 9; 7; 5
15,48,0.31269,0.3125,15; 14; 27; 3; 48; 15; 14; 8
28,64,0.48281,0.4375,28; 16; 4; 10; 64; 8; 11; 10
31,42,0.7243,0.7381,31; 12; 13; 5; 42; 15; 7; 3
53,77,0.79623,0.68831,53; 7; 5; 6; 77; 5; 5; 5
52,53,0.8514,0.98113,52; 11; 9; 11; 53; 6; 10; 3
62,63,0.94933,0.98413,62; 5; 7; 12; 63; 8; 9; 9
9,32,0.3155,0.28125,9; 27; 19; 9; 32; 9; 18; 3
24,26,0.79124,0.92308,24; 7; 9; 12; 26; 10; 11; 5
6,10,0.33734,0.6,6; 14; 30; 22; 10; 24; 17; 19
7,9,0.37194,0.77778,7; 8; 15; 22; 9; 20; 21; 4
9,82,0.2022,0.10976,9; 3; 24; 28; 82; 4; 5; 4
12,48,0.27532,0.25,12; 17; 19; 27; 48; 8; 13; 6
56,82,0.83269,0.68293,56; 3; 7; 13; 82; 5; 4; 5
18,48,0.39292,0.375,18; 10; 16; 14; 48; 7; 11; 12
62,75,0.87398,0.82667,62; 12; 6; 5; 75; 7; 5; 7
19,75,0.35404,0.25333,19; 16; 26; 20; 75; 7; 3; 6
38,49,0.79932,0.77551,38; 6; 19; 18; 49; 15; 7; 7
24,77,0.43549,0.31169,24; 3; 11; 24; 77; 4; 3; 5
28,42,0.62634,0.66667,28; 18; 10; 19; 42; 6; 10; 6
41,64,0.67691,0.64062,41; 8; 10; 7; 64; 11; 7; 9
44,70,0.73708,0.62857,44; 12; 6; 15; 70; 9; 4; 4
73,82,0.79422,0.89024,73; 7; 8; 4; 82; 4; 3; 4
58,78,0.86463,0.74359,58; 13; 4; 6; 78; 6; 6; 3
23,31,0.69968,0.74194,23; 8; 3; 25; 31; 4; 17; 20
59,77,0.86341,0.76623,59; 13; 5; 10; 77; 6; 6; 6
17,42,0.38289,0.40476,17; 24; 25; 24; 42; 17; 10; 18
15,42,0.36999,0.35714,15; 14; 26; 7; 42; 14; 9; 16
27,31,0.74432,0.87097,27; 10; 20; 19; 31; 18; 4; 13
29,49,0.627,0.59184,29; 18; 21; 18; 49; 13; 16; 15
36,70,0.60049,0.51429,36; 7; 6; 11; 70; 5; 4; 7
60,78,0.87592,0.76923,60; 10; 5; 12; 78; 5; 6; 3
62,64,0.91825,0.96875,62; 3; 6; 6; 64; 5; 7; 3
13,64,0.21949,0.20312,13; 26; 20; 24; 64; 10; 3; 9
74,82,0.82484,0.90244,74; 3; 7; 5; 82; 4; 4; 3
53,64,0.86454,0.82812,53; 5; 15; 8; 64; 9; 4; 8
8,82,0.23376,0.09756,8; 16; 18; 20; 82; 3; 5; 3
66,77,0.83501,0.85714,66; 7; 7; 10; 77; 4; 3; 7
11,26,0.385,0.42308,11; 19; 19; 23; 26; 15; 17; 9
30,53,0.55578,0.56604,30; 4; 19; 8; 53; 8; 13; 9
40,49,0.83024,0.81633,40; 15; 14; 4; 49; 14; 16; 6
34,42,0.79281,0.80952,34; 18; 20; 3; 42; 18; 15; 11
19,49,0.39427,0.38776,19; 24; 10; 19; 49; 3; 4; 6
41,64,0.6918,0.64062,41; 16; 3; 7; 64; 6; 6; 11
6,26,0.23104,0.23077,6; 9; 17; 28; 26; 10; 19; 5
14,48,0.28901,0.29167,14; 28; 6; 13; 48; 3; 3; 7
9,70,0.17085,0.12857,9; 21; 17; 24; 70; 3; 7; 3
36,49,0.78923,0.73469,36; 20; 9; 11; 49; 11; 3; 7
24,48,0.52019,0.5,24; 15; 16; 16; 48; 10; 5; 7
5,42,0.11841,0.11905,5; 14; 29; 19; 42; 14; 10; 9
30,31,0.74747,0.96774,30; 22; 4; 19; 31; 10; 6; 19
16,32,0.51375,0.5,16; 23; 23; 23; 32; 20; 20; 10
29,63,0.49114,0.46032,29; 13; 5; 12; 63; 9; 11; 3
8,10,0.42161,0.8,8; 18; 20; 23; 10; 15; 24; 20
12,53,0.22919,0.22642,12; 23; 25; 18; 53; 7; 14; 7
20,42,0.48958,0.47619,20; 6; 16; 8; 42; 15; 9; 13
21,42,0.46721,0.5,21; 15; 13; 5; 42; 16; 6; 11
41,75,0.65524,0.54667,41; 12; 8; 7; 75; 7; 3; 3
45,48,0.81207,0.9375,45; 4; 17; 7; 48; 6; 6; 3
7,9,0.36709,0.77778,7; 21; 11; 26; 9; 12; 13; 7
7,32,0.23821,0.21875,7; 28; 29; 19; 32; 16; 5; 8
19,26,0.72827,0.73077,19; 6; 18; 26; 26; 14; 24; 24
49,64,0.78388,0.76562,49; 13; 9; 13; 64; 10; 7; 5
5,42,0.12918,0.11905,5; 11; 22; 13; 42; 9; 6; 14
46,70,0.76932,0.65714,46; 7; 14; 3; 70; 8; 9; 4
23,78,0.4048,0.29487,23; 18; 18; 4; 78; 5; 6; 3
45,48,0.83301,0.9375,45; 9; 17; 3; 48; 11; 7; 12
6,10,0.36792,0.6,6; 29; 8; 12; 10; 18; 10; 19
66,75,0.85401,0.88,66; 5; 6; 10; 75; 7; 5; 3
5,10,0.32431,0.5,5; 6; 10; 7; 10; 14; 17; 11
17,26,0.64944,0.65385,17; 5; 11; 7; 26; 6; 6; 21
11,31,0.39214,0.35484,11; 3; 20; 21; 31; 7; 4; 4
22,42,0.52794,0.52381,22; 9; 3; 16; 42; 4; 3; 12
19,48,0.41423,0.39583,19; 3; 24; 20; 48; 13; 10; 12
13,49,0.28127,0.26531,13; 17; 23; 13; 49; 6; 12; 10
23,82,0.47332,0.28049,23; 21; 24; 20; 82; 3; 4; 5
28,31,0.77065,0.90323,28; 9; 7; 12; 31; 19; 3; 7
67,77,0.85353,0.87013,67; 4; 8; 8; 77; 5; 4; 5
19,32,0.6693,0.59375,19; 6; 10; 10; 32; 13; 9; 22
60,77,0.86675,0.77922,60; 12; 10; 5; 77; 3; 3; 7
34,82,0.53028,0.41463,34; 3; 12; 11; 82; 4; 5; 3
21,31,0.67296,0.67742,21; 8; 10; 13; 31; 22; 18; 3
38,49,0.78927,0.77551,38; 18; 9; 19; 49; 13; 5; 9
42,64,0.68774,0.65625,42; 10; 9; 11; 64; 3; 11; 8
14,48,0.33148,0.29167,14; 5; 5; 11; 48; 10; 14; 8
31,75,0.53815,0.41333,31; 8; 11; 15; 75; 6; 5; 7
45,70,0.71354,0.64286,45; 15; 10; 3; 70; 7; 9; 8
23,26,0.79155,0.88462,23; 8; 7; 22; 26; 10; 5; 6
7,10,0.42586,0.7,7; 26; 10; 4; 10; 22; 24; 3
6,53,0.13007,0.11321,6; 26; 5; 14; 53; 7; 3; 8
20,48,0.3949,0.41667,20; 19; 15; 4; 48; 14; 3; 14
9,10,0.43229,0.9,9; 9; 24; 13; 10; 5; 28; 14
6,48,0.09337,0.125,6; 16; 13; 27; 48; 7; 7; 8
23,26,0.76957,0.88462,23; 16; 20; 19; 26; 14; 8; 9
36,63,0.60174,0.57143,36; 13; 3; 11; 63; 11; 3; 8
57,75,0.91537,0.76,57; 13; 5; 4; 75; 3; 5; 4
7,10,0.35855,0.7,7; 18; 10; 29; 10; 17; 24; 24
40,70,0.68065,0.57143,40; 18; 6; 14; 70; 3; 8; 9
57,63,0.96286,0.90476,57; 6; 7; 13; 63; 10; 9; 6
24,26,0.79468,0.92308,24; 23; 3; 10; 26; 8; 9; 10
37,63,0.63577,0.5873,37; 11; 15; 14; 63; 5; 8; 9
5,10,0.29523,0.5,5; 31; 30; 23; 10; 15; 23; 3
28,49,0.56499,0.57143,28; 11; 7; 4; 49; 13; 12; 4
11,82,0.23886,0.13415,11; 23; 9; 15; 82; 4; 4; 3
19,31,0.58928,0.6129,19; 18; 21; 13; 31; 6; 9; 17
16,49,0.3343,0.32653,16; 9; 7; 19; 49; 4; 9; 13
7,78,0.21338,0.08974,7; 20; 9; 10; 78; 4; 3; 3
17,75,0.3097,0.22667,17; 16; 5; 20; 75; 3; 7; 4
17,26,0.5852,0.65385,17; 24; 22; 23; 26; 3; 19; 20
25,32,0.67439,0.78125,25; 12; 9; 5; 32; 15; 8; 18
25,48,0.5659,0.52083,25; 6; 13; 10; 48; 11; 3; 10
18,77,0.3412,0.23377,18; 8; 6; 12; 77; 5; 4; 7
7,78,0.16521,0.08974,7; 30; 20; 22; 78; 4; 4; 5
32,53,0.598,0.60377,32; 13; 3; 19; 53; 14; 11; 15
47,63,0.77331,0.74603,47; 7; 16; 3; 63; 6; 3; 10
70,82,0.8555,0.85366,70; 8; 3; 7; 82; 3; 4; 3
14,49,0.29264,0.28571,14; 7; 8; 17; 49; 8; 6; 6
35,48,0.73265,0.72917,35; 10; 16; 8; 48; 15; 15; 12
32,42,0.82395,0.7619,32; 8; 13; 22; 42; 10; 11; 18
6,10,0.34691,0.6,6; 18; 19; 28; 10; 13; 7; 4
24,31,0.71033,0.77419,24; 13; 23; 5; 31; 11; 14; 12
8,10,0.4482,0.8,8; 12; 11; 20; 10; 29; 10; 29
29,82,0.50042,0.35366,29; 8; 10; 22; 82; 4; 3; 3
8,9,0.38797,0.88889,8; 22; 5; 9; 9; 15; 17; 12
65,77,0.8559,0.84416,65; 5; 4; 8; 77; 6; 4; 4
41,64,0.66611,0.64062,41; 13; 17; 10; 64; 7; 4; 11
26,48,0.55205,0.54167,26; 8; 20; 21; 48; 13; 8; 5
5,26,0.17637,0.19231,5; 25; 12; 18; 26; 9; 17; 16
40,42,0.85932,0.95238,40; 6; 5; 8; 42; 14; 10; 5
15,77,0.29692,0.19481,15; 9; 23; 4; 77; 4; 3; 4
31,49,0.63132,0.63265,31; 18; 9; 22; 49; 6; 9; 12
10,26,0.39361,0.38462,10; 6; 26; 16; 26; 16; 10; 12
53,75,0.86489,0.70667,53; 6; 8; 11; 75; 3; 6; 3
26,53,0.48509,0.49057,26; 7; 11; 3; 53; 9; 8; 6
22,78,0.41382,0.28205,22; 18; 20; 9; 78; 6; 6; 6
27,48,0.53421,0.5625,27; 20; 4; 23; 48; 14; 13; 15
36,53,0.70289,0.67925,36; 11; 20; 13; 53; 8; 4; 12
23,64,0.40781,0.35938,23; 10; 11; 14; 64; 5; 9; 8
61,75,0.88706,0.81333,61; 5; 10; 5; 75; 7; 7; 3
30,31,0.74994,0.96774,30; 11; 8; 17; 31; 5; 9; 11
28,53,0.52719,0.5283,28; 14; 23; 6; 53; 10; 10; 15
50,70,0.79846,0.71429,50; 13; 7; 8; 70; 9; 5; 7
26,70,0.46145,0.37143,26; 14; 8; 19; 70; 3; 4; 9
9,32,0.28926,0.28125,9; 13; 24; 21; 32; 8; 5; 4
72,78,0.81954,0.92308,72; 3; 3; 7; 78; 5; 3; 5
7,26,0.26949,0.26923,7; 6; 29; 8; 26; 22; 4; 21
17,26,0.66688,0.65385,17; 12; 6; 15; 26; 6; 14; 11
43,78,0.66943,0.55128,43; 6; 5; 5; 78; 3; 3; 6
27,49,0.5339,0.55102,27; 7; 8; 22; 49; 16; 11; 9
11,42,0.30077,0.2619,11; 17; 20; 10; 42; 4; 16; 16
14,48,0.27972,0.29167,14; 16; 20; 6; 48; 9; 10; 8
16,75,0.3019,0.21333,16; 27; 23; 18; 75; 5; 4; 3
6,10,0.36589,0.6,6; 10; 16; 15; 10; 24; 16; 21
58,64,0.94785,0.90625,58; 12; 11; 4; 64; 11; 8; 3
12,78,0.24774,0.15385,12; 7; 24; 25; 78; 5; 6; 5
31,49,0.61531,0.63265,31; 11; 3; 4; 49; 4; 5; 6
28,53,0.51463,0.5283,28; 7; 15; 9; 53; 8; 8; 14
18,77,0.35031,0.23377,18; 13; 23; 3; 77; 7; 3; 6
31,75,0.51333,0.41333,31; 21; 10; 5; 75; 7; 5; 7
17,26,0.6317,0.65385,17; 8; 18; 25; 26; 12; 10; 19
46,63,0.76737,0.73016,46; 7; 16; 12; 63; 7; 7; 8
50,77,0.79334,0.64935,50; 16; 6; 12; 77; 3; 3; 5
19,78,0.36494,0.24359,19; 4; 12; 18; 78; 4; 5; 5
29,49,0.60782,0.59184,29; 7; 23; 10; 49; 12; 8; 7
10,78,0.23,0.12821,10; 29; 25; 5; 78; 5; 5; 5
23,77,0.43337,0.2987,23; 25; 24; 19; 77; 7; 4; 7
7,82,0.11524,0.08537,7; 22; 26; 16; 82; 5; 4; 4
25,31,0.68385,0.80645,25; 11; 4; 14; 31; 10; 8; 16
16,32,0.49845,0.5,16; 20; 18; 17; 32; 21; 3; 11
28,75,0.45982,0.37333,28; 13; 15; 5; 75; 4; 3; 5
7,31,0.22951,0.22581,7; 17; 6; 9; 31; 5; 15; 21
13,26,0.43368,0.5,13; 20; 11; 15; 26; 16; 21; 4
32,77,0.53471,0.41558,32; 19; 7; 17; 77; 6; 5; 6
45,48,0.79448,0.9375,45; 4; 11; 14; 48; 11; 6; 9
27,78,0.45362,0.34615,27; 11; 21; 18; 78; 6; 5; 4
11,31,0.37554,0.35484,11; 9; 3; 11; 31; 21; 20; 4
72,75,0.80333,0.96,72; 3; 4; 5; 75; 5; 5; 6
6,63,0.12575,0.09524,6; 23; 17; 7; 63; 5; 6; 6
34,77,0.54454,0.44156,34; 4; 18; 18; 77; 4; 3; 6
46,64,0.75999,0.71875,46; 17; 10; 6; 64; 4; 11; 7
23,31,0.64816,0.74194,23; 11; 16; 17; 31; 6; 18; 16
12,42,0.29956,0.28571,12; 21; 4; 5; 42; 5; 10; 18
5,26,0.21972,0.19231,5; 30; 22; 3; 26; 13; 12; 14
8,10,0.42342,0.8,8; 16; 22; 8; 10; 17; 8; 4
5,9,0.29424,0.55556,5; 8; 9; 14; 9; 9; 24; 29
10,64,0.20627,0.15625,10; 14; 6; 28; 64; 8; 8; 6
7,9,0.36548,0.77778,7; 7; 6; 20; 9; 24; 12; 20
24,31,0.73631,0.77419,24; 12; 9; 5; 31; 3; 16; 15
33,64,0.56606,0.51562,33; 16; 16; 7; 64; 7; 5; 9
8,26,0.31189,0.30769,8; 9; 7; 13; 26; 19; 19; 16
69,77,0.83343,0.8961,69; 9; 6; 8; 77; 5; 7; 3
5,10,0.32144,0.5,5; 13; 21; 27; 10; 28; 4; 24
7,26,0.29292,0.26923,7; 13; 9; 25; 26; 20; 17; 19
5,9,0.31094,0.55556,5; 28; 10; 5; 9; 13; 28; 15
27,70,0.47129,0.38571,27; 16; 11; 10; 70; 9; 9; 6
15,42,0.36227,0.35714,15; 9; 25; 8; 42; 11; 18; 8
19,53,0.36032,0.35849,19; 11; 4; 3; 53; 11; 11; 9
27,78,0.45927,0.34615,27; 12; 21; 19; 78; 6; 6; 5
40,70,0.65009,0.57143,40; 11; 7; 16; 70; 9; 6; 6
7,10,0.36912,0.7,7; 16; 13; 10; 10; 5; 21; 8
23,53,0.43006,0.43396,23; 7; 3; 13; 53; 12; 5; 4
7,10,0.33808,0.7,7; 3; 27; 9; 10; 6; 4; 15
19,42,0.4504,0.45238,19; 16; 13; 18; 42; 14; 5; 15
30,64,0.52507,0.46875,30; 16; 6; 4; 64; 10; 10; 10
54,64,0.9196,0.84375,54; 6; 8; 4; 64; 5; 3; 3
6,10,0.35273,0.6,6; 30; 22; 14; 10; 16; 8; 6
12,78,0.24565,0.15385,12; 19; 10; 6; 78; 5; 3; 4
35,70,0.6031,0.5,35; 21; 9; 13; 70; 5; 4; 7
38,53,0.70671,0.71698,38; 14; 6; 7; 53; 14; 7; 9
19,77,0.3652,0.24675,19; 18; 26; 11; 77; 5; 5; 5
6,42,0.15382,0.14286,6; 28; 25; 15; 42; 13; 17; 12
23,49,0.5117,0.46939,23; 23; 24; 4; 49; 8; 16; 12
8,9,0.39986,0.88889,8; 10; 12; 6; 9; 22; 15; 25
33,42,0.77222,0.78571,33; 6; 3; 19; 42; 8; 17; 3
46,63,0.79431,0.73016,46; 11; 5; 17; 63; 7; 11; 6
40,64,0.67191,0.625,40; 8; 14; 18; 64; 11; 3; 11
21,64,0.35363,0.32812,21; 12; 12; 9; 64; 4; 11; 4
52,78,0.7569,0.66667,52; 9; 10; 14; 78; 6; 5; 5
9,10,0.45375,0.9,9; 22; 22; 16; 10; 19; 24; 28
39,78,0.62698,0.5,39; 19; 5; 5; 78; 5; 6; 4
41,48,0.84553,0.85417,41; 19; 3; 16; 48; 6; 12; 4
46,53,0.81388,0.86792,46; 15; 5; 17; 53; 14; 3; 5
9,48,0.20164,0.1875,9; 15; 18; 16; 48; 11; 7; 11
58,63,0.95334,0.92063,58; 11; 12; 13; 63; 3; 6; 10
28,32,0.73093,0.875,28; 13; 10; 17; 32; 5; 15; 10
18,78,0.33826,0.23077,18; 19; 14; 16; 78; 5; 4; 6
21,31,0.65738,0.67742,21; 12; 7; 24; 31; 21; 22; 11
7,48,0.16743,0.14583,7; 9; 13; 23; 48; 10; 13; 7
6,64,0.11906,0.09375,6; 24; 21; 30; 64; 5; 7; 11
10,75,0.20567,0.13333,10; 11; 29; 3; 75; 3; 4; 4
48,53,0.82371,0.90566,48; 16; 16; 10; 53; 13; 11; 12
73,78,0.88256,0.9359,73; 5; 4; 3; 78; 4; 4; 5
6,10,0.33391,0.6,6; 3; 19; 14; 10; 21; 27; 8
51,78,0.79555,0.65385,51; 8; 13; 15; 78; 5; 4; 6
8,32,0.25798,0.25,8; 20; 22; 11; 32; 18; 14; 18
6,49,0.12637,0.12245,6; 19; 4; 8; 49; 15; 15; 3
11,48,0.2287,0.22917,11; 10; 6; 7; 48; 12; 12; 16
19,64,0.36646,0.29688,19; 18; 6; 14; 64; 9; 8; 9
72,82,0.70795,0.87805,72; 4; 8; 4; 82; 3; 3; 3
8,9,0.39871,0.88889,8; 8; 28; 4; 9; 10; 4; 16
17,82,0.34922,0.20732,17; 18; 12; 27; 82; 3; 5; 3
5,78,0.13228,0.0641,5; 17; 7; 22; 78; 4; 3; 5
31,32,0.799,0.96875,31; 3; 19; 6; 32; 11; 15; 15
23,70,0.42111,0.32857,23; 25; 16; 23; 70; 8; 3; 4
6,9,0.31676,0.66667,6; 6; 15; 17; 9; 9; 24; 23
31,64,0.53554,0.48438,31; 5; 8; 19; 64; 3; 7; 10
9,26,0.36997,0.34615,9; 10; 25; 8; 26; 11; 4; 13
10,32,0.3505,0.3125,10; 6; 21; 16; 32; 17; 9; 17
5,70,0.09318,0.07143,5; 19; 28; 25; 70; 5; 9; 4
25,53,0.50057,0.4717,25; 7; 3; 18; 53; 7; 10; 15
14,31,0.42585,0.45161,14; 5; 26; 17; 31; 14; 20; 19
27,77,0.4863,0.35065,27; 23; 12; 9; 77; 6; 5; 7
5,42,0.118,0.11905,5; 20; 8; 24; 42; 13; 8; 12
11,48,0.21935,0.22917,11; 29; 4; 3; 48; 5; 14; 15
52,53,0.86807,0.98113,52; 11; 7; 6; 53; 5; 11; 5
19,53,0.37327,0.35849,19; 21; 22; 13; 53; 4; 15; 5
8,9,0.41586,0.88889,8; 24; 27; 9; 9; 24; 3; 23
28,32,0.78154,0.875,28; 18; 21; 10; 32; 5; 6; 11
33,49,0.67068,0.67347,33; 15; 3; 10; 49; 4; 8; 5
78,82,0.74484,0.95122,78; 3; 6; 4; 82; 3; 4; 5
39,53,0.78049,0.73585,39; 10; 6; 13; 53; 8; 8; 15
27,32,0.75515,0.84375,27; 15; 14; 19; 32; 4; 17; 3
17,53,0.32898,0.32075,17; 15; 3; 8; 53; 13; 8; 14
39,64,0.62839,0.60938,39; 17; 6; 14; 64; 8; 6; 5
34,42,0.83239,0.80952,34; 18; 3; 19; 42; 5; 12; 18
7,82,0.17532,0.08537,7; 26; 27; 24; 82; 3; 3; 3
54,64,0.9122,0.84375,54; 8; 13; 3; 64; 10; 10; 11
7,10,0.40465,0.7,7; 13; 18; 6; 10; 23; 11; 23
67,82,0.85647,0.81707,67; 9; 9; 8; 82; 4; 5; 4
5,10,0.28361,0.5,5; 7; 18; 9; 10; 19; 11; 4
8,31,0.28124,0.25806,8; 24; 28; 25; 31; 3; 9; 4
25,48,0.50489,0.52083,25; 18; 9; 23; 48; 11; 7; 7
40,70,0.67644,0.57143,40; 12; 3; 16; 70; 7; 7; 8
30,32,0.79646,0.9375,30; 11; 4; 14; 32; 7; 15; 10
19,77,0.36748,0.24675,19; 12; 17; 25; 77; 7; 5; 4
9,10,0.46339,0.9,9; 18; 9; 6; 10; 8; 10; 25
5,53,0.08938,0.09434,5; 8; 16; 18; 53; 6; 15; 9
5,78,0.11622,0.0641,5; 5; 28; 23; 78; 6; 4; 3
30,75,0.49767,0.4,30; 11; 19; 15; 75; 5; 6; 7
11,78,0.22423,0.14103,11; 22; 24; 21; 78; 5; 5; 4
8,32,0.24662,0.25,8; 20; 13; 19; 32; 17; 20; 15
8,53,0.18825,0.15094,8; 20; 29; 17; 53; 8; 12; 3
11,31,0.38742,0.35484,11; 6; 17; 8; 31; 8; 10; 20
7,9,0.36341,0.77778,7; 15; 7; 17; 9; 11; 25; 14
54,82,0.81132,0.65854,54; 13; 11; 10; 82; 5; 4; 3
20,64,0.35808,0.3125,20; 24; 19; 20; 64; 5; 7; 7
23,31,0.70874,0.74194,23; 4; 20; 3; 31; 9; 14; 8
36,49,0.72927,0.73469,36; 4; 3; 11; 49; 3; 6; 7
27,53,0.54174,0.50943,27; 10; 3; 18; 53; 8; 4; 11
6,63,0.07492,0.09524,6; 29; 19; 5; 63; 3; 3; 6
41,75,0.64197,0.54667,41; 18; 3; 17; 75; 3; 5; 7
21,48,0.45288,0.4375,21; 4; 13; 22; 48; 15; 5; 8
20,26,0.69616,0.76923,20; 14; 21; 3; 26; 10; 19; 12
24,32,0.72134,0.75,24; 14; 12; 18; 32; 4; 14; 8
5,9,0.32804,0.55556,5; 16; 6; 9; 9; 12; 12; 24
56,78,0.88827,0.71795,56; 9; 11; 8; 78; 5; 5; 3
17,49,0.35838,0.34694,17; 23; 20; 12; 49; 3; 12; 9
22,31,0.70332,0.70968,22; 17; 3; 13; 31; 9; 5; 12
23,64,0.42419,0.35938,23; 9; 25; 9; 64; 10; 9; 9
14,48,0.3356,0.29167,14; 16; 19; 21; 48; 10; 15; 6
37,53,0.73018,0.69811,37; 7; 4; 4; 53; 3; 12; 9
20,75,0.38004,0.26667,20; 20; 13; 14; 75; 4; 7; 4
47,49,0.82305,0.95918,47; 15; 13; 10; 49; 10; 14; 3
20,49,0.41522,0.40816,20; 5; 18; 9; 49; 5; 7; 9
31,48,0.64184,0.64583,31; 21; 20; 8; 48; 3; 11; 4
32,49,0.63921,0.65306,32; 12; 9; 16; 49; 12; 10; 3
75,82,0.66385,0.91463,75; 4; 4; 5; 82; 5; 4; 3
27,70,0.49566,0.38571,27; 11; 5; 3; 70; 3; 4; 6
10,63,0.18896,0.15873,10; 22; 11; 7; 63; 6; 3; 11
42,64,0.71068,0.65625,42; 10; 9; 14; 64; 10; 10; 5
62,63,0.93612,0.98413,62; 4; 12; 4; 63; 6; 7; 6
22,31,0.72467,0.70968,22; 14; 17; 5; 31; 21; 4; 6
48,64,0.77784,0.75,48; 16; 11; 3; 64; 4; 6; 11
62,77,0.88182,0.80519,62; 8; 7; 10; 77; 4; 3; 4
13,53,0.24697,0.24528,13; 11; 12; 20; 53; 15; 11; 11
11,32,0.36086,0.34375,11; 15; 20; 10; 32; 5; 7; 11
18,75,0.32811,0.24,18; 23; 17; 12; 75; 7; 3; 3
18,31,0.54428,0.58065,18; 19; 19; 20; 31; 21; 15; 8
18,42,0.40515,0.42857,18; 15; 16; 7; 42; 5; 4; 17
6,32,0.20106,0.1875,6; 30; 19; 23; 32; 19; 11; 7
5,9,0.28939,0.55556,5; 3; 10; 11; 9; 24; 25; 9
18,31,0.58976,0.58065,18; 9; 4; 8; 31; 11; 14; 14
34,49,0.69931,0.69388,34; 12; 8; 4; 49; 15; 3; 7
52,64,0.82463,0.8125,52; 9; 13; 13; 64; 4; 6; 3
7,48,0.18121,0.14583,7; 20; 25; 23; 48; 16; 9; 6
5,70,0.1276,0.07143,5; 24; 10; 9; 70; 4; 5; 8
5,26,0.23022,0.19231,5; 26; 15; 7; 26; 22; 13; 18
74,82,0.73753,0.90244,74; 8; 6; 7; 82; 3; 4; 4
24,32,0.68489,0.75,24; 3; 16; 10; 32; 8; 13; 7
49,77,0.80195,0.63636,49; 6; 12; 10; 77; 4; 7; 7
36,48,0.7918,0.75,36; 5; 3; 20; 48; 16; 4; 13
7,53,0.16046,0.13208,7; 30; 19; 7; 53; 8; 3; 13
5,48,0.10619,0.10417,5; 23; 17; 21; 48; 7; 5; 5
24,32,0.67515,0.75,24; 3; 19; 6; 32; 9; 3; 9
19,82,0.37299,0.23171,19; 4; 11; 13; 82; 4; 3; 4
28,49,0.58755,0.57143,28; 9; 14; 10; 49; 6; 11; 15
10,75,0.20757,0.13333,10; 17; 20; 7; 75; 7; 4; 4
25,32,0.67968,0.78125,25; 10; 17; 21; 32; 19; 15; 18
11,78,0.22556,0.14103,11; 26; 13; 24; 78; 6; 5; 3
28,32,0.79707,0.875,28; 16; 23; 16; 32; 9; 9; 4
26,42,0.58801,0.61905,26; 20; 7; 17; 42; 16; 17; 7
29,64,0.50424,0.45312,29; 7; 14; 21; 64; 4; 9; 8
25,70,0.45089,0.35714,25; 23; 22; 4; 70; 5; 4; 8
41,53,0.74475,0.77358,41; 18; 4; 5; 53; 5; 10; 10
21,32,0.67485,0.65625,21; 7; 7; 18; 32; 10; 13; 9
11,82,0.23462,0.13415,11; 13; 19; 8; 82; 5; 3; 4
31,32,0.83294,0.96875,31; 15; 14; 10; 32; 4; 20; 22
43,77,0.65159,0.55844,43; 6; 4; 16; 77; 5; 6; 7
7,9,0.36978,0.77778,7; 15; 26; 15; 9; 29; 23; 18
14,63,0.25362,0.22222,14; 20; 14; 18; 63; 5; 3; 9
55,75,0.86774,0.73333,55; 11; 14; 8; 75; 6; 6; 7
39,63,0.63644,0.61905,39; 17; 13; 13; 63; 3; 4; 9
18,82,0.33536,0.21951,18; 8; 20; 12; 82; 4; 5; 4
8,9,0.38296,0.88889,8; 24; 20; 19; 9; 17; 14; 13
5,32,0.21473,0.15625,5; 15; 20; 6; 32; 17; 14; 19
17,48,0.34363,0.35417,17; 10; 25; 7; 48; 9; 4; 4
24,26,0.83316,0.92308,24; 18; 7; 10; 26; 11; 4; 24
21,32,0.66793,0.65625,21; 23; 10; 4; 32; 6; 22; 13
47,63,0.81898,0.74603,47; 10; 16; 13; 63; 8; 6; 5
51,53,0.86016,0.96226,51; 6; 12; 4; 53; 13; 13; 9
5,10,0.30033,0.5,5; 25; 6; 15; 10; 13; 7; 20
52,70,0.82709,0.74286,52; 13; 6; 4; 70; 9; 4; 6
16,53,0.31683,0.30189,16; 14; 24; 12; 53; 5; 6; 12
5,70,0.1136,0.07143,5; 29; 13; 28; 70; 7; 7; 8
51,70,0.81268,0.72857,51; 11; 9; 14; 70; 6; 6; 3
12,70,0.20332,0.17143,12; 19; 7; 11; 70; 3; 4; 6
30,31,0.81796,0.96774,30; 22; 7; 4; 31; 7; 17; 3
6,53,0.11274,0.11321,6; 29; 26; 27; 53; 15; 12; 5
11,32,0.36224,0.34375,11; 22; 3; 28; 32; 3; 9; 13
25,63,0.42093,0.39683,25; 8; 3; 22; 63; 11; 10; 5
15,82,0.28768,0.18293,15; 14; 11; 12; 82; 3; 4; 4
21,75,0.37997,0.28,21; 24; 25; 19; 75; 6; 3; 5
6,9,0.33336,0.66667,6; 20; 15; 16; 9; 18; 23; 25
59,64,0.96323,0.92188,59; 10; 3; 7; 64; 11; 3; 8
5,53,0.10617,0.09434,5; 27; 31; 18; 53; 12; 12; 15
18,78,0.36953,0.23077,18; 6; 11; 14; 78; 5; 4; 6
72,75,0.87493,0.96,72; 5; 3; 3; 75; 3; 3; 6
15,53,0.2822,0.28302,15; 10; 26; 18; 53; 7; 14; 7
7,9,0.36264,0.77778,7; 21; 25; 16; 9; 23; 6; 8
22,82,0.4694,0.26829,22; 21; 11; 15; 82; 4; 5; 4
8,10,0.41143,0.8,8; 15; 23; 5; 10; 17; 22; 7
9,10,0.47346,0.9,9; 26; 11; 12; 10; 10; 5; 26
5,10,0.31465,0.5,5; 9; 5; 21; 10; 27; 20; 18
7,10,0.3946,0.7,7; 21; 17; 16; 10; 28; 5; 13
19,48,0.45208,0.39583,19; 21; 24; 10; 48; 6; 6; 7
5,9,0.2968,0.55556,5; 7; 11; 23; 9; 20; 8; 10
19,48,0.40933,0.39583,19; 6; 12; 14; 48; 11; 14; 8
20,31,0.58933,0.64516,20; 14; 8; 7; 31; 16; 18; 9
16,26,0.54086,0.61538,16; 4; 11; 3; 26; 6; 6; 15
36,70,0.58502,0.51429,36; 10; 18; 16; 70; 6; 3; 4
41,53,0.7557,0.77358,41; 7; 10; 16; 53; 3; 3; 7
9,48,0.2222,0.1875,9; 7; 22; 10; 48; 11; 16; 13
15,48,0.32547,0.3125,15; 13; 21; 12; 48; 5; 11; 14
38,48,0.83661,0.79167,38; 12; 4; 3; 48; 12; 16; 3
29,63,0.49065,0.46032,29; 21; 19; 16; 63; 9; 11; 5
33,63,0.58531,0.52381,33; 17; 16; 18; 63; 10; 9; 11
61,63,0.94812,0.96825,61; 11; 11; 5; 63; 10; 8; 5
13,49,0.29562,0.26531,13; 13; 25; 25; 49; 3; 14; 10
5,26,0.22353,0.19231,5; 26; 4; 7; 26; 16; 9; 21
49,53,0.84524,0.92453,49; 10; 5; 12; 53; 14; 6; 11
25,26,0.70036,0.96154,25; 16; 20; 19; 26; 7; 3; 15
16,49,0.32502,0.32653,16; 15; 5; 10; 49; 7; 7; 4
46,77,0.76097,0.5974,46; 17; 3; 14; 77; 7; 6; 5
50,70,0.84216,0.71429,50; 6; 11; 15; 70; 6; 4; 6
13,63,0.24208,0.20635,13; 15; 4; 15; 63; 3; 5; 6
41,75,0.65915,0.54667,41; 17; 7; 13; 75; 3; 3; 5
13,32,0.40547,0.40625,13; 14; 3; 19; 32; 6; 9; 22
71,77,0.92745,0.92208,71; 3; 5; 8; 77; 6; 4; 7
23,64,0.40286,0.35938,23; 20; 11; 22; 64; 9; 9; 4
27,32,0.73672,0.84375,27; 14; 5; 3; 32; 9; 5; 6
23,63,0.39487,0.36508,23; 15; 4; 5; 63; 7; 5; 11
20,26,0.67238,0.76923,20; 18; 7; 3; 26; 24; 24; 7
45,64,0.73432,0.70312,45; 12; 10; 5; 64; 5; 11; 6
9,48,0.22058,0.1875,9; 19; 23; 4; 48; 5; 5; 10
29,31,0.8124,0.93548,29; 8; 8; 11; 31; 3; 13; 14
18,32,0.57879,0.5625,18; 12; 16; 23; 32; 9; 5; 18
6,10,0.34373,0.6,6; 18; 8; 26; 10; 27; 26; 14
32,53,0.65071,0.60377,32; 18; 6; 5; 53; 15; 4; 8
15,75,0.29665,0.2,15; 22; 10; 7; 75; 6; 3; 6
65,82,0.71526,0.79268,65; 4; 11; 3; 82; 5; 5; 4
8,9,0.40734,0.88889,8; 24; 24; 24; 9; 24; 20; 11
40,70,0.66306,0.57143,40; 16; 18; 17; 70; 3; 7; 6
5,31,0.19002,0.16129,5; 22; 28; 20; 31; 21; 20; 18
26,82,0.47434,0.31707,26; 14; 12; 21; 82; 3; 5; 4
35,64,0.60786,0.54688,35; 6; 17; 8; 64; 4; 4; 3
50,75,0.73403,0.66667,50; 9; 14; 3; 75; 5; 3; 5
9,31,0.31617,0.29032,9; 14; 3; 11; 31; 17; 8; 5
49,70,0.81614,0.7,49; 12; 10; 16; 70; 5; 4; 4
10,32,0.32295,0.3125,10; 26; 23; 27; 32; 8; 6; 15
27,78,0.45417,0.34615,27; 14; 20; 12; 78; 3; 5; 6
23,78,0.47776,0.29487,23; 16; 13; 25; 78; 5; 6; 4
14,42,0.33262,0.33333,14; 23; 23; 21; 42; 8; 15; 10
11,82,0.26944,0.13415,11; 10; 14; 16; 82; 4; 3; 4
8,10,0.3933,0.8,8; 3; 10; 14; 10; 25; 4; 26
22,48,0.48084,0.45833,22; 9; 25; 19; 48; 8; 16; 14
6,9,0.32034,0.66667,6; 28; 20; 10; 9; 20; 8; 20
33,64,0.58176,0.51562,33; 20; 6; 7; 64; 3; 10; 3
38,64,0.6312,0.59375,38; 17; 8; 10; 64; 3; 11; 8
20,31,0.59922,0.64516,20; 23; 13; 10; 31; 13; 17; 19
42,82,0.70982,0.5122,42; 17; 18; 10; 82; 5; 5; 3
66,70,0.9017,0.94286,66; 10; 6; 3; 70; 8; 4; 7
17,42,0.39754,0.40476,17; 19; 16; 25; 42; 3; 18; 5
5,26,0.2072,0.19231,5; 21; 18; 15; 26; 15; 17; 4
11,53,0.23498,0.20755,11; 18; 21; 16; 53; 3; 12; 14
20,53,0.40033,0.37736,20; 23; 9; 15; 53; 13; 15; 15
13,26,0.43111,0.5,13; 20; 25; 25; 26; 16; 7; 19
22,63,0.39016,0.34921,22; 19; 8; 16; 63; 5; 3; 11
45,63,0.7668,0.71429,45; 16; 15; 17; 63; 7; 10; 6
12,64,0.21795,0.1875,12; 5; 24; 14; 64; 8; 3; 8
18,49,0.36247,0.36735,18; 10; 8; 22; 49; 4; 7; 5
8,9,0.39115,0.88889,8; 16; 23; 4; 9; 11; 22; 18
33,64,0.54315,0.51562,33; 9; 3; 15; 64; 11; 5; 4
8,26,0.28846,0.30769,8; 28; 12; 19; 26; 19; 15; 11
39,49,0.7596,0.79592,39; 15; 13; 6; 49; 11; 14; 8
35,82,0.57497,0.42683,35; 16; 18; 16; 82; 3; 4; 5
29,63,0.5151,0.46032,29; 10; 15; 6; 63; 10; 11; 3
7,10,0.4081,0.7,7; 6; 9; 25; 10; 17; 18; 11
66,82,0.83523,0.80488,66; 5; 10; 7; 82; 3; 4; 3
41,78,0.669,0.52564,41; 16; 10; 3; 78; 6; 3; 5
43,49,0.78706,0.87755,43; 4; 16; 7; 49; 3; 3; 15
68,82,0.83819,0.82927,68; 6; 3; 9; 82; 5; 4; 5
12,48,0.26542,0.25,12; 24; 27; 22; 48; 8; 6; 6
55,70,0.91961,0.78571,55; 14; 5; 14; 70; 5; 4; 8
38,77,0.59192,0.49351,38; 13; 6; 15; 77; 3; 7; 6
21,31,0.67212,0.67742,21; 3; 15; 16; 31; 22; 19; 17
41,64,0.67321,0.64062,41; 15; 12; 13; 64; 7; 3; 10
61,77,0.86619,0.79221,61; 8; 4; 9; 77; 4; 6; 3
9,10,0.4596,0.9,9; 27; 23; 25; 10; 24; 7; 18
36,70,0.61906,0.51429,36; 5; 3; 13; 70; 3; 6; 9
23,82,0.42129,0.28049,23; 6; 6; 18; 82; 4; 5; 3
9,26,0.34834,0.34615,9; 10; 15; 3; 26; 6; 8; 12
27,32,0.77916,0.84375,27; 10; 15; 21; 32; 22; 19; 17
18,31,0.54815,0.58065,18; 3; 12; 18; 31; 19; 8; 15
21,32,0.74308,0.65625,21; 21; 8; 13; 32; 20; 9; 5
11,49,0.2544,0.22449,11; 9; 3; 19; 49; 4; 16; 9
15,31,0.47237,0.48387,15; 10; 17; 21; 31; 22; 21; 12
31,48,0.65289,0.64583,31; 7; 15; 13; 48; 11; 11; 6
5,82,0.11452,0.06098,5; 9; 18; 3; 82; 5; 3; 5
5,9,0.31324,0.55556,5; 19; 12; 11; 9; 4; 21; 27
37,48,0.74412,0.77083,37; 5; 13; 13; 48; 12; 12; 14
67,70,0.88534,0.95714,67; 5; 3; 10; 70; 7; 4; 6
6,9,0.31254,0.66667,6; 30; 26; 13; 9; 17; 22; 11
13,32,0.40333,0.40625,13; 6; 21; 21; 32; 5; 13; 21
6,10,0.36319,0.6,6; 7; 14; 4; 10; 23; 12; 16
35,53,0.73967,0.66038,35; 7; 10; 18; 53; 8; 7; 15
27,64,0.4723,0.42188,27; 3; 13; 20; 64; 11; 8; 3
40,64,0.67534,0.625,40; 18; 7; 11; 64; 11; 7; 5
70,82,0.81959,0.85366,70; 4; 9; 9; 82; 5; 5; 4
7,9,0.33371,0.77778,7; 11; 7; 30; 9; 27; 9; 9
62,78,0.84653,0.79487,62; 9; 12; 11; 78; 4; 4; 3
46,48,0.83088,0.95833,46; 17; 17; 6; 48; 3; 11; 6
11,32,0.38248,0.34375,11; 19; 16; 20; 32; 21; 7; 8
63,82,0.74704,0.76829,63; 8; 9; 11; 82; 5; 4; 3
59,78,0.8275,0.75641,59; 12; 9; 6; 78; 4; 6; 5
24,31,0.68345,0.77419,24; 9; 22; 15; 31; 5; 14; 22
20,31,0.64129,0.64516,20; 19; 24; 5; 31; 6; 6; 4
17,26,0.63791,0.65385,17; 13; 26; 27; 26; 10; 17; 11
41,49,0.80623,0.83673,41; 18; 18; 3; 49; 13; 10; 3
18,70,0.31409,0.25714,18; 9; 18; 13; 70; 6; 6; 6
18,26,0.65474,0.69231,18; 10; 21; 18; 26; 15; 12; 8
8,10,0.40434,0.8,8; 16; 6; 17; 10; 25; 26; 14
12,82,0.23635,0.14634,12; 12; 20; 8; 82; 4; 3; 4
76,82,0.79839,0.92683,76; 6; 6; 6; 82; 5; 3; 4
76,78,0.74788,0.97436,76; 3; 6; 7; 78; 6; 6; 3
40,48,0.79813,0.83333,40; 4; 7; 17; 48; 12; 15; 16
8,9,0.41343,0.88889,8; 13; 8; 25; 9; 6; 27; 19
17,75,0.34245,0.22667,17; 19; 23; 17; 75; 3; 5; 7
24,26,0.78311,0.92308,24; 18; 6; 9; 26; 7; 13; 24
5,31,0.21726,0.16129,5; 28; 12; 6; 31; 18; 6; 3
8,31,0.26804,0.25806,8; 29; 30; 11; 31; 10; 8; 17
8,32,0.2798,0.25,8; 22; 3; 5; 32; 3; 7; 8
10,42,0.22447,0.2381,10; 17; 7; 21; 42; 18; 17; 10
35,42,0.84421,0.83333,35; 9; 8; 11; 42; 17; 15; 14
31,49,0.60343,0.63265,31; 9; 11; 15; 49; 12; 10; 7
31,32,0.84248,0.96875,31; 14; 17; 15; 32; 20; 22; 4
13,26,0.50727,0.5,13; 13; 22; 20; 26; 19; 24; 12
18,42,0.41622,0.42857,18; 17; 19; 23; 42; 15; 13; 3
5,49,0.13092,0.10204,5; 11; 23; 7; 49; 14; 15; 15
33,64,0.55802,0.51562,33; 20; 10; 21; 64; 11; 6; 7
5,10,0.28427,0.5,5; 23; 17; 25; 10; 5; 7; 14
11,48,0.25218,0.22917,11; 9; 3; 10; 48; 3; 13; 13
9,26,0.34057,0.34615,9; 7; 18; 14; 26; 5; 3; 23
54,64,0.89317,0.84375,54; 11; 9; 12; 64; 6; 11; 7
15,26,0.54699,0.57692,15; 5; 15; 27; 26; 24; 8; 23
23,77,0.41483,0.2987,23; 16; 11; 15; 77; 5; 3; 6
18,77,0.35489,0.23377,18; 14; 21; 23; 77; 4; 3; 6
49,78,0.78855,0.62821,49; 5; 10; 10; 78; 5; 4; 3
5,9,0.32344,0.55556,5; 16; 3; 27; 9; 15; 5; 7
37,75,0.60234,0.49333,37; 13; 16; 7; 75; 3; 3; 5
71,75,0.86548,0.94667,71; 8; 5; 9; 75; 4; 6; 4
30,53,0.58175,0.56604,30; 3; 12; 19; 53; 4; 6; 12
17,53,0.31708,0.32075,17; 24; 9; 7; 53; 4; 3; 13
34,82,0.56589,0.41463,34; 18; 11; 14; 82; 5; 4; 4
52,70,0.81931,0.74286,52; 12; 3; 13; 70; 8; 4; 4
39,64,0.63213,0.60938,39; 17; 15; 7; 64; 4; 5; 9
29,70,0.51132,0.41429,29; 7; 5; 18; 70; 7; 7; 6
51,63,0.85204,0.80952,51; 6; 15; 12; 63; 11; 10; 7
16,31,0.5558,0.51613,16; 4; 22; 10; 31; 11; 6; 4
7,9,0.2189,0.77778,7; 8; 24; 24; 9; 27; 29; 28
20,48,0.42606,0.41667,20; 7; 16; 6; 48; 10; 8; 12
65,77,0.79001,0.84416,65; 4; 11; 8; 77; 4; 6; 3
57,63,0.95119,0.90476,57; 8; 12; 13; 63; 7; 8; 8
45,48,0.78997,0.9375,45; 16; 15; 8; 48; 8; 5; 5
19,53,0.3665,0.35849,19; 13; 9; 19; 53; 7; 10; 12
72,82,0.71237,0.87805,72; 3; 4; 6; 82; 3; 4; 4
36,70,0.61262,0.51429,36; 14; 18; 8; 70; 6; 3; 8
11,26,0.39219,0.42308,11; 28; 16; 17; 26; 7; 24; 23
64,75,0.86556,0.85333,64; 5; 6; 6; 75; 7; 3; 6
13,75,0.26148,0.17333,13; 10; 15; 13; 75; 7; 5; 6
6,10,0.3446,0.6,6; 21; 18; 14; 10; 23; 7; 24
19,31,0.57682,0.6129,19; 16; 20; 16; 31; 5; 10; 19
26,77,0.49163,0.33766,26; 20; 17; 23; 77; 4; 4; 6
11,48,0.24371,0.22917,11; 13; 14; 19; 48; 14; 4; 6
7,9,0.36527,0.77778,7; 3; 29; 7; 9; 9; 13; 9
7,48,0.17303,0.14583,7; 23; 19; 18; 48; 8; 16; 16
8,42,0.23715,0.19048,8; 10; 4; 14; 42; 14; 4; 17
67,78,0.79006,0.85897,67; 4; 6; 9; 78; 5; 6; 3
70,77,0.80839,0.90909,70; 4; 7; 8; 77; 6; 7; 4
12,31,0.38054,0.3871,12; 5; 22; 9; 31; 4; 5; 19
14,53,0.303,0.26415,14; 19; 6; 23; 53; 4; 5; 13
48,63,0.77876,0.7619,48; 7; 9; 14; 63; 4; 5; 3
59,75,0.91346,0.78667,59; 11; 13; 5; 75; 4; 4; 7
30,78,0.49988,0.38462,30; 22; 12; 15; 78; 4; 6; 6
24,26,0.7861,0.92308,24; 15; 22; 13; 26; 21; 17; 4
7,10,0.39694,0.7,7; 22; 11; 20; 10; 17; 28; 19
5,9,0.3038,0.55556,5; 29; 30; 22; 9; 21; 25; 10
5,9,0.29055,0.55556,5; 30; 26; 23; 9; 29; 19; 15
29,31,0.77811,0.93548,29; 10; 23; 3; 31; 7; 15; 21
6,31,0.20909,0.19355,6; 3; 8; 19; 31; 10; 19; 12
12,32,0.39954,0.375,12; 14; 7; 9; 32; 9; 7; 22
8,75,0.19018,0.10667,8; 30; 12; 21; 75; 3; 6; 3
5,31,0.22053,0.16129,5; 31; 23; 4; 31; 5; 10; 12
19,32,0.61016,0.59375,19; 22; 20; 11; 32; 5; 15; 4
7,32,0.24978,0.21875,7; 13; 26; 13; 32; 9; 11; 3
17,64,0.28017,0.26562,17; 26; 20; 4; 64; 9; 4; 8
5,70,0.11442,0.07143,5; 23; 14; 28; 70; 7; 8; 9
39,78,0.63408,0.5,39; 8; 14; 4; 78; 3; 3; 5
6,75,0.19106,0.08,6; 22; 27; 27; 75; 3; 3; 7
48,64,0.79015,0.75,48; 7; 5; 16; 64; 5; 9; 11
6,31,0.26516,0.19355,6; 5; 15; 5; 31; 17; 11; 22
5,78,0.1168,0.0641,5; 9; 20; 7; 78; 3; 3; 4
12,78,0.23898,0.15385,12; 27; 12; 15; 78; 5; 4; 5
22,42,0.54508,0.52381,22; 11; 17; 14; 42; 11; 5; 6
38,82,0.64795,0.46341,38; 16; 4; 12; 82; 5; 4; 4
25,26,0.74586,0.96154,25; 14; 15; 19; 26; 7; 14; 14
5,26,0.24195,0.19231,5; 16; 16; 8; 26; 13; 8; 14
5,78,0.15058,0.0641,5; 6; 3; 3; 78; 5; 6; 4
13,49,0.27549,0.26531,13; 19; 3; 8; 49; 8; 5; 11
27,78,0.4976,0.34615,27; 14; 19; 21; 78; 5; 5; 6
36,53,0.73285,0.67925,36; 7; 7; 6; 53; 3; 13; 9
72,77,0.79387,0.93506,72; 5; 6; 3; 77; 3; 6; 4
7,42,0.19726,0.16667,7; 9; 20; 13; 42; 13; 14; 5
20,42,0.51113,0.47619,20; 16; 18; 17; 42; 16; 15; 15
30,32,0.78692,0.9375,30; 17; 5; 13; 32; 21; 14; 9
8,9,0.36796,0.88889,8; 29; 30; 30; 9; 5; 3; 10
26,32,0.7935,0.8125,26; 20; 7; 15; 32; 3; 13; 11
5,9,0.32437,0.55556,5; 22; 15; 18; 9; 8; 18; 7
9,10,0.44744,0.9,9; 24; 21; 21; 10; 13; 8; 18
23,49,0.46989,0.46939,23; 22; 6; 17; 49; 11; 13; 14
31,48,0.69363,0.64583,31; 13; 21; 18; 48; 9; 7; 12
15,48,0.3301,0.3125,15; 17; 14; 17; 48; 8; 10; 10
41,78,0.63996,0.52564,41; 15; 6; 7; 78; 6; 4; 3
15,26,0.53601,0.57692,15; 23; 11; 12; 26; 22; 15; 14
49,75,0.74622,0.65333,49; 3; 16; 14; 75; 7; 3; 4
20,48,0.42462,0.41667,20; 10; 19; 10; 48; 10; 11; 16
50,82,0.77065,0.60976,50; 13; 13; 12; 82; 3; 4; 5
14,32,0.41526,0.4375,14; 28; 20; 24; 32; 13; 14; 3
9,32,0.30189,0.28125,9; 3; 23; 21; 32; 5; 9; 4
48,70,0.75302,0.68571,48; 10; 8; 6; 70; 7; 6; 6
39,48,0.81367,0.8125,39; 15; 3; 17; 48; 10; 6; 6
9,78,0.20181,0.11538,9; 13; 26; 7; 78; 4; 3; 4
5,31,0.19433,0.16129,5; 11; 17; 26; 31; 9; 15; 11
9,10,0.46885,0.9,9; 12; 12; 14; 10; 18; 26; 12
12,31,0.36137,0.3871,12; 13; 3; 4; 31; 22; 12; 11
40,64,0.64835,0.625,40; 14; 17; 19; 64; 6; 7; 6
58,63,0.99149,0.92063,58; 9; 5; 11; 63; 6; 4; 3
14,48,0.31336,0.29167,14; 4; 15; 4; 48; 11; 13; 10
9,10,0.46152,0.9,9; 6; 18; 14; 10; 19; 29; 23
52,78,0.76873,0.66667,52; 7; 12; 14; 78; 4; 5; 4
71,78,0.72437,0.91026,71; 4; 5; 7; 78; 6; 3; 5
27,78,0.46958,0.34615,27; 15; 16; 13; 78; 5; 3; 4
15,53,0.27658,0.28302,15; 10; 26; 16; 53; 7; 6; 13
54,82,0.79647,0.65854,54; 4; 3; 11; 82; 5; 3; 3
18,26,0.66822,0.69231,18; 19; 4; 15; 26; 23; 7; 16
39,53,0.75303,0.73585,39; 14; 8; 7; 53; 11; 12; 10
5,32,0.22437,0.15625,5; 21; 31; 12; 32; 3; 7; 8
17,78,0.3248,0.21795,17; 6; 11; 4; 78; 3; 6; 4
15,31,0.49922,0.48387,15; 8; 6; 26; 31; 9; 8; 11
57,70,0.92259,0.81429,57; 4; 6; 13; 70; 6; 4; 9
16,53,0.31987,0.30189,16; 16; 5; 4; 53; 7; 13; 15
6,48,0.14442,0.125,6; 29; 4; 29; 48; 14; 8; 16
11,42,0.31955,0.2619,11; 3; 7; 9; 42; 15; 8; 7
13,32,0.42719,0.40625,13; 27; 6; 18; 32; 21; 9; 10
26,63,0.47381,0.4127,26; 4; 8; 20; 63; 5; 7; 4
7,10,0.39772,0.7,7; 29; 19; 13; 10; 13; 27; 3
40,70,0.6346,0.57143,40; 12; 10; 15; 70; 3; 9; 4
11,53,0.25673,0.20755,11; 16; 18; 3; 53; 3; 8; 6
35,82,0.60733,0.42683,35; 11; 5; 13; 82; 3; 4; 5
6,26,0.24502,0.23077,6; 10; 23; 22; 26; 22; 23; 23
5,9,0.32918,0.55556,5; 9; 7; 11; 9; 18; 6; 19
22,64,0.39177,0.34375,22; 18; 12; 5; 64; 4; 6; 6
32,48,0.69698,0.66667,32; 21; 10; 20; 48; 8; 16; 9
23,32,0.68929,0.71875,23; 6; 12; 21; 32; 15; 8; 8
46,63,0.79708,0.73016,46; 10; 12; 6; 63; 10; 4; 9
56,77,0.8637,0.72727,56; 10; 7; 14; 77; 3; 7; 4
6,9,0.33387,0.66667,6; 8; 30; 6; 9; 22; 8; 25
63,64,0.92052,0.98438,63; 3; 11; 3; 64; 10; 11; 4
23,32,0.65249,0.71875,23; 20; 18; 3; 32; 20; 15; 15
32,78,0.53673,0.41026,32; 18; 6; 14; 78; 6; 6; 5
37,48,0.82877,0.77083,37; 19; 18; 7; 48; 14; 11; 3
40,53,0.77989,0.75472,40; 12; 17; 4; 53; 3; 3; 5
5,10,0.28101,0.5,5; 5; 5; 23; 10; 11; 27; 25
18,53,0.34948,0.33962,18; 10; 18; 18; 53; 15; 9; 5
40,75,0.63528,0.53333,40; 4; 14; 14; 75; 5; 5; 7
45,64,0.69972,0.70312,45; 10; 7; 16; 64; 8; 3; 6
39,42,0.81543,0.92857,39; 17; 14; 3; 42; 13; 3; 10
42,63,0.69757,0.66667,42; 12; 10; 12; 63; 4; 5; 10
35,78,0.61945,0.44872,35; 13; 11; 3; 78; 5; 3; 5
26,78,0.48487,0.33333,26; 4; 7; 23; 78; 5; 5; 4
39,77,0.62065,0.50649,39; 11; 16; 13; 77; 5; 5; 5
6,49,0.12133,0.12245,6; 12; 26; 11; 49; 8; 10; 12
70,78,0.75592,0.89744,70; 3; 6; 7; 78; 5; 6; 5
25,32,0.75704,0.78125,25; 14; 21; 13; 32; 8; 18; 7
7,10,0.40435,0.7,7; 14; 26; 11; 10; 22; 12; 8
29,31,0.75785,0.93548,29; 14; 14; 11; 31; 9; 16; 22
31,70,0.53909,0.44286,31; 15; 20; 17; 70; 9; 4; 4
40,48,0.84591,0.83333,40; 4; 7; 17; 48; 9; 12; 3
61,82,0.8941,0.7439,61; 7; 3; 10; 82; 3; 5; 3
23,42,0.50513,0.54762,23; 14; 17; 5; 42; 10; 4; 14
55,78,0.87582,0.70513,55; 9; 10; 6; 78; 5; 4; 6
40,78,0.63691,0.51282,40; 9; 3; 6; 78; 6; 6; 5
47,53,0.83104,0.88679,47; 7; 5; 3; 53; 10; 10; 12
6,9,0.31254,0.66667,6; 26; 21; 16; 9; 4; 9; 24
8,10,0.40864,0.8,8; 9; 8; 7; 10; 15; 19; 28
14,49,0.31777,0.28571,14; 16; 15; 16; 49; 8; 7; 6
15,75,0.30143,0.2,15; 9; 11; 20; 75; 4; 7; 4
28,42,0.63278,0.66667,28; 4; 18; 6; 42; 18; 17; 7
7,42,0.17658,0.16667,7; 29; 19; 12; 42; 18; 7; 8
13,32,0.46621,0.40625,13; 7; 24; 20; 32; 9; 7; 18
24,70,0.4133,0.34286,24; 18; 7; 23; 70; 5; 3; 7
9,31,0.29726,0.29032,9; 22; 12; 24; 31; 5; 16; 5
35,49,0.7572,0.71429,35; 21; 4; 14; 49; 15; 7; 14
39,53,0.74328,0.73585,39; 9; 11; 4; 53; 15; 8; 9
9,26,0.38362,0.34615,9; 14; 20; 5; 26; 7; 11; 14
33,49,0.67748,0.67347,33; 4; 15; 7; 49; 6; 8; 15
7,10,0.3582,0.7,7; 16; 7; 24; 10; 28; 6; 7
58,75,0.92596,0.77333,58; 4; 7; 4; 75; 3; 3; 7
10,32,0.36612,0.3125,10; 24; 6; 10; 32; 3; 13; 9
26,31,0.7496,0.83871,26; 11; 7; 21; 31; 5; 10; 10
5,9,0.27847,0.55556,5; 4; 7; 31; 9; 10; 10; 11
20,26,0.77044,0.76923,20; 7; 17; 21; 26; 4; 3; 7
34,48,0.70042,0.70833,34; 18; 21; 21; 48; 10; 6; 7
28,32,0.72659,0.875,28; 18; 11; 13; 32; 14; 11; 8
14,77,0.32907,0.18182,14; 3; 24; 16; 77; 4; 4; 5
8,31,0.29626,0.25806,8; 18; 15; 18; 31; 12; 16; 4
7,9,0.34884,0.77778,7; 29; 17; 13; 9; 29; 12; 22
20,49,0.41556,0.40816,20; 7; 3; 19; 49; 7; 8; 4
15,70,0.29408,0.21429,15; 19; 7; 15; 70; 9; 4; 5
9,82,0.20169,0.10976,9; 10; 8; 21; 82; 3; 5; 3
15,49,0.33998,0.30612,15; 5; 12; 3; 49; 15; 13; 11
28,77,0.49134,0.36364,28; 11; 22; 5; 77; 3; 6; 3
23,77,0.43166,0.2987,23; 13; 10; 16; 77; 7; 7; 5
6,49,0.15171,0.12245,6; 25; 13; 14; 49; 3; 10; 12
27,70,0.47899,0.38571,27; 23; 14; 9; 70; 5; 6; 8
47,70,0.74472,0.67143,47; 12; 4; 15; 70; 6; 9; 8
9,64,0.14944,0.14062,9; 22; 17; 15; 64; 10; 9; 3
7,26,0.28055,0.26923,7; 8; 22; 15; 26; 7; 13; 4
57,64,0.95747,0.89062,57; 7; 5; 10; 64; 7; 3; 10
52,77,0.76715,0.67532,52; 4; 4; 11; 77; 7; 5; 5
6,9,0.35417,0.66667,6; 14; 20; 22; 9; 19; 26; 16
65,70,0.88087,0.92857,65; 11; 7; 11; 70; 9; 4; 6
54,70,0.88338,0.77143,54; 14; 12; 4; 70; 5; 6; 6
52,75,0.84595,0.69333,52; 9; 14; 9; 75; 5; 3; 7
16,78,0.31966,0.20513,16; 3; 7; 7; 78; 3; 5; 6
12,42,0.27365,0.28571,12; 15; 6; 21; 42; 4; 14; 5
6,42,0.13628,0.14286,6; 27; 22; 10; 42; 11; 7; 5
57,75,0.87732,0.76,57; 3; 12; 6; 75; 5; 5; 5
75,82,0.72082,0.91463,75; 6; 4; 5; 82; 4; 5; 4
18,42,0.44338,0.42857,18; 18; 21; 15; 42; 17; 14; 3
70,82,0.73045,0.85366,70; 6; 6; 6; 82; 5; 3; 4
33,63,0.57398,0.52381,33; 10; 21; 8; 63; 6; 6; 9
32,75,0.54986,0.42667,32; 19; 8; 17; 75; 5; 3; 7
8,9,0.37534,0.88889,8; 26; 18; 28; 9; 9; 24; 21
37,49,0.7248,0.7551,37; 19; 10; 13; 49; 9; 5; 6
7,10,0.3789,0.7,7; 19; 12; 25; 10; 15; 29; 22
19,42,0.45189,0.45238,19; 25; 22; 9; 42; 7; 15; 18
47,49,0.82282,0.95918,47; 13; 7; 9; 49; 4; 16; 8
60,77,0.84619,0.77922,60; 3; 3; 9; 77; 6; 6; 7
32,70,0.53658,0.45714,32; 7; 16; 17; 70; 7; 6; 6
5,9,0.28135,0.55556,5; 3; 15; 7; 9; 16; 29; 18
18,49,0.37727,0.36735,18; 4; 3; 9; 49; 14; 15; 8
7,9,0.36877,0.77778,7; 12; 14; 25; 9; 8; 27; 17
13,64,0.2423,0.20312,13; 7; 14; 8; 64; 9; 5; 9
25,26,0.71938,0.96154,25; 5; 9; 7; 26; 16; 22; 4
9,10,0.45818,0.9,9; 3; 28; 7; 10; 12; 15; 4
25,31,0.73089,0.80645,25; 11; 19; 4; 31; 14; 9; 11
21,31,0.71024,0.67742,21; 5; 24; 25; 31; 14; 10; 12
11,64,0.19648,0.17188,11; 28; 23; 24; 64; 9; 10; 7
51,64,0.82552,0.79688,51; 3; 10; 12; 64; 8; 8; 10
33,48,0.71707,0.6875,33; 17; 18; 6; 48; 7; 5; 15
5,32,0.20634,0.15625,5; 28; 18; 4; 32; 14; 17; 9
5,9,0.32044,0.55556,5; 15; 8; 17; 9; 6; 11; 15
40,82,0.6174,0.4878,40; 15; 15; 15; 82; 3; 4; 4
29,63,0.50531,0.46032,29; 16; 9; 20; 63; 3; 5; 6
33,64,0.55185,0.51562,33; 9; 11; 19; 64; 9; 4; 4
22,53,0.40829,0.41509,22; 18; 20; 11; 53; 5; 13; 12
22,63,0.38498,0.34921,22; 13; 19; 4; 63; 5; 3; 11
69,82,0.6761,0.84146,69; 3; 6; 5; 82; 5; 4; 3
51,63,0.83611,0.80952,51; 8; 4; 15; 63; 8; 9; 7
35,53,0.70343,0.66038,35; 6; 3; 18; 53; 14; 12; 12
20,26,0.70373,0.76923,20; 19; 17; 4; 26; 14; 9; 18
68,70,0.8649,0.97143,68; 7; 10; 4; 70; 3; 5; 3
56,63,0.92984,0.88889,56; 12; 9; 9; 63; 8; 8; 8
9,53,0.20919,0.16981,9; 5; 5; 21; 53; 13; 10; 10
48,64,0.77422,0.75,48; 11; 6; 9; 64; 8; 9; 3
5,10,0.32321,0.5,5; 30; 14; 9; 10; 5; 16; 13
25,77,0.43774,0.32468,25; 12; 11; 13; 77; 6; 3; 6
18,42,0.46663,0.42857,18; 20; 23; 26; 42; 5; 7; 11
53,70,0.85627,0.75714,53; 10; 9; 11; 70; 6; 3; 9
51,53,0.86782,0.96226,51; 8; 7; 7; 53; 12; 5; 14
6,9,0.35197,0.66667,6; 16; 4; 24; 9; 11; 14; 9
14,31,0.45814,0.45161,14; 10; 19; 18; 31; 13; 14; 6
41,42,0.81885,0.97619,41; 19; 10; 6; 42; 16; 14; 11
27,32,0.77528,0.84375,27; 4; 5; 11; 32; 10; 8; 4
7,10,0.37531,0.7,7; 14; 9; 11; 10; 10; 7; 18
25,77,0.46887,0.32468,25; 14; 3; 13; 77; 7; 7; 5
9,10,0.46704,0.9,9; 18; 13; 20; 10; 8; 22; 13
59,75,0.90037,0.78667,59; 13; 3; 6; 75; 4; 7; 6
21,32,0.63063,0.65625,21; 23; 15; 9; 32; 6; 22; 6
8,9,0.38685,0.88889,8; 16; 30; 21; 9; 27; 20; 26
44,49,0.81839,0.89796,44; 5; 8; 4; 49; 15; 10; 4
29,32,0.79265,0.90625,29; 5; 5; 10; 32; 9; 9; 10
71,82,0.69503,0.86585,71; 3; 3; 4; 82; 3; 5; 5
23,26,0.7741,0.88462,23; 21; 18; 8; 26; 20; 20; 6
35,49,0.74077,0.71429,35; 14; 7; 10; 49; 7; 9; 6
14,53,0.28869,0.26415,14; 14; 23; 10; 53; 9; 4; 8
26,42,0.60212,0.61905,26; 17; 10; 14; 42; 10; 3; 7
31,75,0.52427,0.41333,31; 16; 8; 15; 75; 4; 5; 4
46,63,0.7884,0.73016,46; 9; 8; 14; 63; 7; 5; 11
62,70,0.91397,0.88571,62; 12; 8; 10; 70; 5; 3; 4
44,77,0.70944,0.57143,44; 6; 9; 7; 77; 6; 4; 5
61,64,0.94367,0.95312,61; 5; 4; 4; 64; 7; 11; 7
37,49,0.79851,0.7551,37; 18; 15; 12; 49; 12; 11; 16
7,10,0.39071,0.7,7; 25; 12; 29; 10; 23; 22; 12
7,78,0.16316,0.08974,7; 16; 25; 25; 78; 3; 3; 3
5,70,0.10587,0.07143,5; 24; 9; 17; 70; 8; 5; 5
5,10,0.28182,0.5,5; 11; 9; 28; 10; 10; 20; 16
40,48,0.80466,0.83333,40; 14; 15; 15; 48; 3; 7; 16
58,78,0.82738,0.74359,58; 4; 7; 13; 78; 4; 5; 6
30,32,0.81617,0.9375,30; 9; 17; 10; 32; 10; 4; 7
45,48,0.8139,0.9375,45; 6; 15; 7; 48; 4; 12; 8
40,70,0.6766,0.57143,40; 10; 4; 13; 70; 9; 5; 4
36,75,0.6155,0.48,36; 18; 8; 19; 75; 6; 4; 5
5,42,0.16631,0.11905,5; 15; 23; 8; 42; 14; 13; 15
42,75,0.67169,0.56,42; 16; 12; 12; 75; 5; 5; 3
25,32,0.67811,0.78125,25; 19; 16; 6; 32; 17; 14; 4
18,78,0.32601,0.23077,18; 21; 21; 21; 78; 5; 6; 6
10,26,0.38632,0.38462,10; 21; 14; 15; 26; 18; 19; 15
7,63,0.12128,0.11111,7; 14; 28; 20; 63; 9; 6; 5
60,77,0.87895,0.77922,60; 3; 4; 7; 77; 3; 7; 4
23,75,0.43076,0.30667,23; 16; 19; 7; 75; 6; 7; 6
26,78,0.47652,0.33333,26; 20; 6; 24; 78; 3; 6; 6
36,48,0.76233,0.75,36; 10; 18; 17; 48; 8; 10; 12
43,64,0.70865,0.67188,43; 6; 5; 12; 64; 10; 8; 4
10,32,0.32124,0.3125,10; 20; 14; 25; 32; 18; 10; 21
6,10,0.36275,0.6,6; 3; 22; 17; 10; 7; 28; 13
8,9,0.39792,0.88889,8; 14; 12; 10; 9; 21; 16; 21
22,63,0.39067,0.34921,22; 23; 11; 24; 63; 10; 9; 10
7,9,0.38982,0.77778,7; 5; 9; 23; 9; 23; 10; 20
21,82,0.39847,0.2561,21; 7; 24; 22; 82; 4; 4; 5
9,31,0.29768,0.29032,9; 22; 23; 7; 31; 14; 19; 17
26,48,0.593,0.54167,26; 9; 11; 9; 48; 16; 16; 3
9,82,0.23647,0.10976,9; 6; 15; 22; 82; 5; 3; 4
48,82,0.73433,0.58537,48; 13; 8; 13; 82; 3; 5; 5
11,26,0.42169,0.42308,11; 29; 3; 29; 26; 6; 7; 13
11,75,0.21328,0.14667,11; 18; 3; 4; 75; 6; 3; 7
57,75,0.90888,0.76,57; 3; 7; 12; 75; 4; 7; 5
6,9,0.33093,0.66667,6; 5; 7; 19; 9; 4; 23; 3
30,32,0.79677,0.9375,30; 19; 7; 20; 32; 7; 7; 11
6,9,0.32247,0.66667,6; 23; 30; 8; 9; 26; 18; 24
29,32,0.7802,0.90625,29; 15; 10; 11; 32; 10; 21; 13
29,42,0.71642,0.69048,29; 4; 15; 22; 42; 5; 6; 7
28,82,0.4883,0.34146,28; 22; 11; 7; 82; 5; 5; 3
26,48,0.55634,0.54167,26; 13; 18; 18; 48; 5; 8; 6
53,75,0.82558,0.70667,53; 7; 5; 7; 75; 4; 5; 5
29,75,0.48011,0.38667,29; 7; 9; 4; 75; 7; 6; 7
9,63,0.18919,0.14286,9; 22; 19; 16; 63; 5; 10; 5
66,75,0.79832,0.88,66; 4; 8; 4; 75; 3; 4; 3
54,70,0.91046,0.77143,54; 12; 3; 11; 70; 7; 4; 8
50,75,0.73147,0.66667,50; 3; 11; 6; 75; 7; 4; 5
42,49,0.78078,0.85714,42; 9; 8; 4; 49; 15; 3; 8
33,53,0.63505,0.62264,33; 18; 19; 17; 53; 12; 5; 13
6,75,0.15347,0.08,6; 7; 9; 7; 75; 3; 7; 5
22,48,0.48085,0.45833,22; 22; 23; 16; 48; 15; 8; 8
44,53,0.7893,0.83019,44; 6; 9; 16; 53; 8; 9; 14
13,26,0.52246,0.5,13; 7; 17; 6; 26; 17; 3; 10
43,77,0.68927,0.55844,43; 11; 16; 18; 77; 4; 5; 4
20,31,0.69937,0.64516,20; 23; 3; 12; 31; 15; 22; 13
39,42,0.90355,0.92857,39; 17; 9; 8; 42; 16; 3; 7
13,78,0.25443,0.16667,13; 13; 11; 28; 78; 5; 4; 4
47,77,0.7137,0.61039,47; 4; 3; 8; 77; 3; 3; 6
40,64,0.66751,0.625,40; 3; 9; 14; 64; 5; 7; 9
8,9,0.38727,0.88889,8; 11; 3; 5; 9; 4; 11; 26
5,10,0.32653,0.5,5; 7; 17; 13; 10; 23; 22; 25
7,9,0.33985,0.77778,7; 13; 8; 22; 9; 27; 13; 18
33,48,0.74163,0.6875,33; 13; 7; 19; 48; 12; 15; 15
7,9,0.35925,0.77778,7; 18; 11; 17; 9; 10; 16; 25
17,82,0.31317,0.20732,17; 19; 3; 8; 82; 4; 5; 5
7,26,0.28206,0.26923,7; 9; 29; 22; 26; 24; 4; 13
21,26,0.81171,0.80769,21; 12; 11; 24; 26; 17; 8; 14
6,48,0.09716,0.125,6; 17; 19; 24; 48; 10; 10; 10
8,10,0.42092,0.8,8; 30; 14; 7; 10; 22; 5; 26
47,49,0.80228,0.95918,47; 7; 9; 15; 49; 8; 10; 4
21,26,0.79967,0.80769,21; 14; 9; 3; 26; 11; 9; 8
28,75,0.47613,0.37333,28; 5; 7; 4; 75; 5; 5; 6
58,77,0.90267,0.75325,58; 11; 7; 10; 77; 6; 5; 6
37,48,0.79702,0.77083,37; 11; 9; 16; 48; 3; 10; 11
21,31,0.70539,0.67742,21; 9; 12; 21; 31; 12; 3; 22
6,42,0.12548,0.14286,6; 11; 26; 21; 42; 6; 14; 10
32,78,0.5534,0.41026,32; 13; 22; 4; 78; 4; 5; 3
32,70,0.53412,0.45714,32; 22; 15; 10; 70; 3; 4; 4
52,53,0.90574,0.98113,52; 7; 8; 5; 53; 14; 11; 7
49,63,0.7569,0.77778,49; 14; 10; 12; 63; 5; 6; 4
18,48,0.40397,0.375,18; 19; 23; 5; 48; 7; 11; 3
32,64,0.52849,0.5,32; 13; 16; 17; 64; 9; 8; 7
11,31,0.35504,0.35484,11; 21; 7; 10; 31; 5; 8; 16
8,9,0.41796,0.88889,8; 19; 21; 28; 9; 10; 18; 3
12,31,0.41053,0.3871,12; 11; 8; 26; 31; 5; 10; 22
9,31,0.3216,0.29032,9; 16; 9; 28; 31; 15; 9; 19
13,42,0.32086,0.30952,13; 5; 12; 18; 42; 15; 17; 9
60,75,0.89493,0.8,60; 3; 9; 4; 75; 4; 7; 6
21,32,0.62055,0.65625,21; 3; 21; 16; 32; 21; 13; 10
16,70,0.28824,0.22857,16; 14; 6; 10; 70; 6; 8; 7
25,75,0.42865,0.33333,25; 20; 3; 3; 75; 3; 4; 4
9,10,0.45156,0.9,9; 10; 28; 9; 10; 8; 28; 23
19,49,0.39845,0.38776,19; 3; 8; 17; 49; 13; 6; 15
12,26,0.45372,0.46154,12; 16; 17; 27; 26; 22; 5; 12
7,70,0.12705,0.1,7; 4; 11; 10; 70; 8; 7; 8
13,53,0.26329,0.24528,13; 27; 8; 17; 53; 10; 3; 4
8,10,0.40039,0.8,8; 7; 8; 24; 10; 18; 25; 26
8,10,0.45816,0.8,8; 8; 22; 22; 10; 6; 8; 16
5,9,0.30035,0.55556,5; 26; 6; 13; 9; 21; 29; 13
19,32,0.61299,0.59375,19; 21; 10; 17; 32; 21; 7; 8
32,70,0.52447,0.45714,32; 6; 4; 19; 70; 7; 8; 7
24,42,0.56171,0.57143,24; 23; 20; 7; 42; 5; 7; 16
25,26,0.71488,0.96154,25; 6; 8; 19; 26; 7; 5; 7
40,48,0.85965,0.83333,40; 12; 8; 12; 48; 9; 10; 9
7,10,0.38753,0.7,7; 7; 28; 24; 10; 14; 5; 22
8,32,0.24408,0.25,8; 5; 12; 25; 32; 9; 11; 13
12,70,0.22018,0.17143,12; 23; 23; 3; 70; 8; 5; 5
25,31,0.71042,0.80645,25; 3; 7; 13; 31; 3; 8; 8
6,53,0.13028,0.11321,6; 26; 7; 29; 53; 15; 5; 8
22,77,0.39832,0.28571,22; 10; 14; 14; 77; 5; 4; 5
44,63,0.74929,0.69841,44; 5; 3; 10; 63; 6; 8; 4
32,42,0.78517,0.7619,32; 17; 9; 16; 42; 18; 3; 18
8,64,0.17818,0.125,8; 6; 14; 16; 64; 6; 8; 4
16,32,0.50205,0.5,16; 15; 11; 14; 32; 4; 16; 7
8,49,0.1895,0.16327,8; 8; 18; 23; 49; 6; 14; 5
47,64,0.76577,0.73438,47; 14; 5; 13; 64; 8; 10; 8
7,26,0.29248,0.26923,7; 22; 15; 6; 26; 11; 23; 18
36,70,0.60705,0.51429,36; 15; 16; 16; 70; 5; 4; 9
24,70,0.42905,0.34286,24; 5; 3; 3; 70; 6; 9; 6
9,10,0.44658,0.9,9; 22; 12; 11; 10; 22; 8; 18
10,48,0.23402,0.20833,10; 11; 16; 16; 48; 12; 12; 10
30,31,0.78072,0.96774,30; 21; 4; 19; 31; 19; 12; 8
10,31,0.36653,0.32258,10; 4; 21; 10; 31; 16; 15; 5
8,64,0.11748,0.125,8; 12; 25; 6; 64; 9; 9; 7
38,49,0.78562,0.77551,38; 3; 9; 18; 49; 9; 3; 4
10,49,0.25371,0.20408,10; 3; 20; 17; 49; 3; 11; 11
66,70,0.86567,0.94286,66; 8; 8; 8; 70; 5; 3; 4
37,42,0.84389,0.88095,37; 9; 7; 20; 42; 8; 13; 15
47,77,0.71715,0.61039,47; 10; 17; 13; 77; 5; 4; 7
22,49,0.45304,0.44898,22; 20; 7; 12; 49; 6; 14; 5
17,32,0.51701,0.53125,17; 22; 25; 23; 32; 6; 20; 8
14,48,0.33003,0.29167,14; 11; 11; 7; 48; 3; 7; 13
7,9,0.35659,0.77778,7; 15; 10; 6; 9; 24; 7; 29
26,70,0.45103,0.37143,26; 7; 14; 9; 70; 3; 3; 6
80,82,0.72917,0.97561,80; 4; 3; 3; 82; 4; 4; 5
35,75,0.56663,0.46667,35; 3; 10; 21; 75; 3; 6; 4
33,49,0.70109,0.67347,33; 5; 7; 3; 49; 14; 4; 12
5,31,0.1949,0.16129,5; 20; 8; 4; 31; 22; 20; 14
7,42,0.16622,0.16667,7; 14; 7; 3; 42; 4; 18; 4
32,82,0.5316,0.39024,32; 20; 9; 16; 82; 5; 5; 3
42,78,0.67834,0.53846,42; 8; 10; 8; 78; 4; 5; 4
55,78,0.80425,0.70513,55; 6; 5; 7; 78; 3; 3; 6
24,63,0.4218,0.38095,24; 14; 18; 14; 63; 4; 5; 6
9,10,0.45534,0.9,9; 17; 6; 10; 10; 13; 27; 22
20,82,0.37902,0.2439,20; 22; 12; 7; 82; 3; 5; 4
50,63,0.83566,0.79365,50; 6; 3; 14; 63; 3; 11; 9
9,10,0.45835,0.9,9; 29; 28; 17; 10; 22; 11; 9
51,70,0.83629,0.72857,51; 9; 6; 9; 70; 9; 3; 9
25,32,0.71162,0.78125,25; 12; 22; 23; 32; 22; 7; 6
67,75,0.8791,0.89333,67; 6; 5; 10; 75; 5; 5; 4
28,53,0.52875,0.5283,28; 15; 9; 3; 53; 6; 14; 7
23,75,0.44344,0.30667,23; 6; 12; 14; 75; 7; 3; 7
31,64,0.51857,0.48438,31; 21; 20; 11; 64; 6; 3; 3
11,26,0.38303,0.42308,11; 27; 20; 6; 26; 24; 12; 24
55,77,0.88925,0.71429,55; 8; 11; 7; 77; 6; 6; 6
5,9,0.30673,0.55556,5; 13; 7; 11; 9; 14; 11; 29
7,9,0.3427,0.77778,7; 8; 3; 3; 9; 11; 19; 14
29,32,0.75103,0.90625,29; 13; 19; 18; 32; 8; 12; 16
23,32,0.7241,0.71875,23; 7; 19; 5; 32; 5; 15; 22
6,48,0.14494,0.125,6; 16; 21; 20; 48; 14; 9; 10
5,9,0.30257,0.55556,5; 11; 4; 15; 9; 19; 10; 7
12,63,0.21652,0.19048,12; 18; 19; 27; 63; 4; 4; 7
17,31,0.5223,0.54839,17; 3; 23; 5; 31; 19; 7; 13
30,31,0.79006,0.96774,30; 6; 11; 22; 31; 11; 9; 17
65,77,0.85186,0.84416,65; 11; 9; 10; 77; 4; 7; 4
6,32,0.22959,0.1875,6; 29; 19; 26; 32; 16; 6; 8
23,31,0.70085,0.74194,23; 11; 17; 6; 31; 7; 5; 4
41,48,0.78525,0.85417,41; 12; 7; 12; 48; 10; 11; 4
16,26,0.56993,0.61538,16; 14; 27; 11; 26; 22; 16; 19
30,82,0.56783,0.36585,30; 11; 4; 13; 82; 3; 3; 5
27,42,0.62607,0.64286,27; 23; 13; 4; 42; 18; 11; 18
33,77,0.55121,0.42857,33; 20; 14; 16; 77; 5; 6; 6
38,75,0.60718,0.50667,38; 5; 13; 16; 75; 7; 5; 3
50,53,0.85538,0.9434,50; 5; 16; 13; 53; 6; 4; 4
5,31,0.16347,0.16129,5; 18; 9; 7; 31; 17; 4; 3
7,10,0.42036,0.7,7; 17; 20; 26; 10; 14; 7; 25
25,64,0.43021,0.39062,25; 21; 10; 19; 64; 3; 10; 8
22,32,0.67519,0.6875,22; 4; 7; 10; 32; 9; 14; 19
7,9,0.3638,0.77778,7; 22; 21; 29; 9; 16; 21; 29
11,78,0.23138,0.14103,11; 3; 18; 6; 78; 5; 4; 5
5,9,0.29513,0.55556,5; 9; 20; 19; 9; 28; 15; 7
43,48,0.7924,0.89583,43; 12; 18; 5; 48; 9; 12; 16
8,9,0.41666,0.88889,8; 20; 22; 3; 9; 11; 19; 23
36,48,0.78374,0.75,36; 20; 11; 4; 48; 3; 5; 5
57,77,0.90159,0.74026,57; 6; 8; 5; 77; 7; 7; 3
67,78,0.84446,0.85897,67; 3; 8; 7; 78; 3; 5; 4
54,64,0.88095,0.84375,54; 3; 11; 7; 64; 6; 4; 8
20,48,0.43292,0.41667,20; 9; 7; 10; 48; 16; 12; 8
18,63,0.31195,0.28571,18; 13; 21; 13; 63; 10; 3; 7
57,77,0.84634,0.74026,57; 6; 5; 12; 77; 3; 5; 7
16,26,0.6101,0.61538,16; 21; 21; 22; 26; 15; 17; 11
24,49,0.4691,0.4898,24; 15; 19; 14; 49; 15; 9; 5
50,64,0.82548,0.78125,50; 4; 13; 15; 64; 9; 6; 4
20,53,0.36541,0.37736,20; 15; 4; 20; 53; 8; 9; 12
41,82,0.62654,0.5,41; 17; 3; 4; 82; 5; 5; 5
13,48,0.26933,0.27083,13; 23; 8; 18; 48; 11; 14; 4
52,53,0.85143,0.98113,52; 6; 8; 12; 53; 4; 11; 3
29,75,0.51962,0.38667,29; 23; 19; 5; 75; 7; 3; 4
45,53,0.7824,0.84906,45; 7; 4; 5; 53; 8; 4; 11
9,10,0.4352,0.9,9; 11; 25; 22; 10; 8; 14; 20
23,70,0.40792,0.32857,23; 12; 11; 13; 70; 4; 3; 9
19,70,0.331,0.27143,19; 6; 18; 7; 70; 3; 7; 3
64,75,0.88655,0.85333,64; 7; 6; 10; 75; 5; 3; 3
47,82,0.75057,0.57317,47; 14; 7; 4; 82; 3; 4; 5
22,26,0.76625,0.84615,22; 22; 4; 11; 26; 22; 14; 17
25,53,0.48629,0.4717,25; 15; 23; 4; 53; 10; 15; 11
44,78,0.70971,0.5641,44; 14; 18; 11; 78; 6; 4; 4
13,75,0.25355,0.17333,13; 24; 28; 7; 75; 7; 7; 3
13,70,0.26469,0.18571,13; 19; 24; 14; 70; 7; 5; 3
36,64,0.61474,0.5625,36; 10; 17; 20; 64; 9; 10; 5
70,75,0.87529,0.93333,70; 5; 5; 3; 75; 3; 7; 4
40,48,0.80562,0.83333,40; 6; 14; 14; 48; 7; 11; 7
6,10,0.40166,0.6,6; 10; 21; 7; 10; 27; 8; 16
64,77,0.84669,0.83117,64; 9; 7; 8; 77; 7; 5; 3
23,42,0.49863,0.54762,23; 25; 24; 10; 42; 13; 17; 6
50,77,0.75993,0.64935,50; 16; 10; 8; 77; 6; 5; 6
30,42,0.74906,0.71429,30; 15; 6; 13; 42; 17; 17; 3
16,26,0.63611,0.61538,16; 7; 19; 16; 26; 9; 21; 24
21,82,0.41652,0.2561,21; 25; 11; 10; 82; 3; 3; 4
42,70,0.67979,0.6,42; 17; 6; 6; 70; 9; 7; 8
16,63,0.27803,0.25397,16; 21; 6; 15; 63; 5; 3; 11
34,42,0.88365,0.80952,34; 20; 3; 19; 42; 4; 3; 9
47,64,0.77926,0.73438,47; 8; 9; 3; 64; 6; 6; 6
9,10,0.43306,0.9,9; 21; 9; 26; 10; 29; 24; 23
16,32,0.49586,0.5,16; 9; 20; 24; 32; 6; 5; 5
11,31,0.42296,0.35484,11; 7; 20; 27; 31; 5; 15; 11
54,63,0.90906,0.85714,54; 6; 13; 5; 63; 4; 8; 7
40,77,0.62941,0.51948,40; 19; 6; 5; 77; 4; 3; 7
8,9,0.41259,0.88889,8; 24; 21; 13; 9; 26; 22; 29
7,9,0.35288,0.77778,7; 20; 25; 9; 9; 17; 9; 3
30,42,0.71211,0.71429,30; 9; 13; 15; 42; 17; 14; 4
40,75,0.6354,0.53333,40; 17; 14; 4; 75; 3; 5; 7
29,63,0.49306,0.46032,29; 23; 14; 9; 63; 11; 4; 10
27,77,0.45604,0.35065,27; 18; 3; 8; 77; 7; 7; 4
52,53,0.8751,0.98113,52; 15; 13; 11; 53; 6; 5; 3
26,63,0.4613,0.4127,26; 12; 13; 3; 63; 6; 10; 6
9,10,0.46089,0.9,9; 24; 11; 24; 10; 9; 16; 25
7,64,0.1265,0.10938,7; 29; 29; 20; 64; 6; 10; 10
9,49,0.16918,0.18367,9; 9; 19; 25; 49; 8; 13; 15
60,77,0.88402,0.77922,60; 7; 6; 12; 77; 5; 7; 6
54,78,0.85627,0.69231,54; 14; 8; 8; 78; 5; 3; 4
8,48,0.17949,0.16667,8; 10; 7; 24; 48; 15; 7; 5
35,82,0.57799,0.42683,35; 14; 10; 15; 82; 5; 5; 4
17,32,0.53314,0.53125,17; 5; 13; 6; 32; 16; 9; 19
13,26,0.4294,0.5,13; 12; 17; 3; 26; 9; 14; 18
13,48,0.28802,0.27083,13; 14; 26; 14; 48; 5; 13; 12
5,10,0.28787,0.5,5; 12; 17; 29; 10; 28; 10; 14
28,64,0.49522,0.4375,28; 12; 18; 15; 64; 10; 3; 10
23,53,0.44012,0.43396,23; 22; 5; 21; 53; 14; 4; 9
36,63,0.58787,0.57143,36; 20; 6; 3; 63; 3; 5; 9
22,26,0.79271,0.84615,22; 3; 15; 9; 26; 12; 4; 4
31,63,0.52658,0.49206,31; 13; 4; 19; 63; 3; 4; 11
48,64,0.76475,0.75,48; 6; 6; 14; 64; 9; 8; 7
45,53,0.7842,0.84906,45; 15; 8; 11; 53; 14; 3; 9
8,9,0.39948,0.88889,8; 5; 4; 9; 9; 18; 14; 9
14,78,0.29704,0.17949,14; 6; 15; 13; 78; 4; 3; 3
13,49,0.24623,0.26531,13; 25; 13; 18; 49; 15; 15; 15
6,9,0.32931,0.66667,6; 18; 6; 23; 9; 25; 8; 17
34,48,0.71992,0.70833,34; 14; 17; 17; 48; 4; 10; 15
16,31,0.48755,0.51613,16; 20; 20; 15; 31; 20; 3; 19
7,10,0.37823,0.7,7; 19; 17; 10; 10; 18; 28; 25
6,10,0.34934,0.6,6; 18; 3; 3; 10; 22; 27; 25
45,77,0.66488,0.58442,45; 15; 3; 6; 77; 6; 3; 6
7,10,0.37838,0.7,7; 7; 27; 30; 10; 5; 21; 21
14,32,0.44602,0.4375,14; 26; 19; 19; 32; 6; 11; 10
7,26,0.22975,0.26923,7; 10; 9; 10; 26; 17; 10; 3
5,10,0.3029,0.5,5; 29; 27; 26; 10; 7; 6; 25
6,42,0.13351,0.14286,6; 21; 4; 12; 42; 18; 13; 17
9,49,0.19672,0.18367,9; 26; 4; 19; 49; 10; 13; 16
33,63,0.57668,0.52381,33; 10; 13; 19; 63; 7; 4; 7
14,63,0.29542,0.22222,14; 13; 20; 15; 63; 11; 10; 4
26,70,0.45041,0.37143,26; 14; 10; 6; 70; 3; 7; 4
6,10,0.37989,0.6,6; 16; 26; 26; 10; 12; 29; 10
78,82,0.74032,0.95122,78; 5; 4; 6; 82; 4; 5; 5
9,10,0.46561,0.9,9; 11; 11; 19; 10; 11; 4; 20
27,42,0.64906,0.64286,27; 19; 7; 7; 42; 9; 9; 18
28,42,0.6456,0.66667,28; 15; 9; 23; 42; 8; 3; 16
5,9,0.30257,0.55556,5; 24; 23; 30; 9; 3; 25; 8
60,75,0.88235,0.8,60; 3; 5; 9; 75; 4; 4; 7
47,64,0.78323,0.73438,47; 15; 5; 15; 64; 5; 7; 4
15,42,0.38451,0.35714,15; 23; 7; 14; 42; 5; 6; 17
39,70,0.63317,0.55714,39; 6; 15; 9; 70; 8; 5; 6
41,77,0.6282,0.53247,41; 16; 16; 18; 77; 5; 7; 6
15,49,0.34184,0.30612,15; 10; 23; 12; 49; 13; 10; 11
12,32,0.40666,0.375,12; 14; 15; 28; 32; 13; 11; 7
26,48,0.54582,0.54167,26; 21; 18; 15; 48; 4; 6; 10
6,26,0.27014,0.23077,6; 23; 21; 4; 26; 10; 14; 6
24,32,0.72984,0.75,24; 6; 6; 8; 32; 9; 4; 15
9,48,0.17938,0.1875,9; 6; 5; 13; 48; 6; 10; 13
25,70,0.44572,0.35714,25; 16; 20; 24; 70; 8; 8; 4
17,75,0.33125,0.22667,17; 24; 25; 5; 75; 5; 3; 6
12,32,0.43646,0.375,12; 18; 15; 27; 32; 20; 6; 4
6,31,0.20868,0.19355,6; 20; 19; 16; 31; 18; 11; 18
28,82,0.49434,0.34146,28; 12; 22; 10; 82; 3; 3; 3
9,10,0.47621,0.9,9; 10; 19; 4; 10; 7; 25; 26
15,53,0.29575,0.28302,15; 26; 20; 7; 53; 14; 11; 5
14,53,0.29905,0.26415,14; 15; 3; 28; 53; 7; 7; 11
11,26,0.38668,0.42308,11; 16; 23; 8; 26; 19; 7; 6
71,77,0.7913,0.92208,71; 8; 3; 8; 77; 4; 6; 7
23,31,0.69462,0.74194,23; 4; 18; 6; 31; 15; 21; 13
6,10,0.37936,0.6,6; 14; 21; 8; 10; 26; 28; 21
37,82,0.56531,0.45122,37; 11; 17; 16; 82; 5; 4; 4
25,64,0.43817,0.39062,25; 21; 4; 17; 64; 3; 5; 7
45,49,0.78184,0.91837,45; 6; 8; 9; 49; 8; 16; 8
40,63,0.67926,0.63492,40; 9; 4; 8; 63; 8; 9; 10
8,49,0.19129,0.16327,8; 9; 28; 11; 49; 4; 7; 13
51,77,0.79934,0.66234,51; 14; 8; 14; 77; 7; 7; 4
61,77,0.86867,0.79221,61; 4; 7; 9; 77; 3; 4; 6
47,77,0.74632,0.61039,47; 4; 14; 9; 77; 5; 6; 4
10,31,0.35543,0.32258,10; 8; 9; 20; 31; 6; 21; 20
9,42,0.21699,0.21429,9; 18; 3; 25; 42; 12; 13; 11
24,42,0.56921,0.57143,24; 12; 18; 18; 42; 13; 8; 16
8,77,0.15327,0.1039,8; 10; 8; 10; 77; 4; 4; 7
8,48,0.18638,0.16667,8; 4; 11; 26; 48; 12; 15; 13
41,75,0.64733,0.54667,41; 16; 7; 14; 75; 6; 7; 4
33,49,0.67829,0.67347,33; 20; 19; 9; 49; 5; 12; 4
24,42,0.58319,0.57143,24; 9; 7; 9; 42; 15; 7; 5
8,70,0.16951,0.11429,8; 16; 18; 12; 70; 6; 4; 4
70,75,0.89309,0.93333,70; 6; 6; 8; 75; 7; 3; 5
5,10,0.32736,0.5,5; 18; 10; 29; 10; 16; 8; 3
46,75,0.75125,0.61333,46; 17; 13; 8; 75; 3; 7; 4
36,78,0.60478,0.46154,36; 5; 19; 9; 78; 5; 3; 4
36,48,0.78237,0.75,36; 6; 19; 3; 48; 16; 13; 14
9,10,0.46119,0.9,9; 18; 28; 12; 10; 10; 13; 12
23,53,0.47132,0.43396,23; 15; 10; 23; 53; 12; 9; 14
12,63,0.19979,0.19048,12; 20; 25; 18; 63; 9; 10; 8
6,48,0.13043,0.125,6; 23; 17; 28; 48; 14; 10; 4
37,49,0.76936,0.7551,37; 8; 18; 17; 49; 13; 12; 3
5,9,0.24933,0.55556,5; 7; 31; 11; 9; 14; 4; 20
14,31,0.43669,0.45161,14; 27; 22; 21; 31; 12; 4; 9
37,48,0.77985,0.77083,37; 15; 17; 8; 48; 3; 3; 10
19,32,0.59126,0.59375,19; 26; 8; 22; 32; 5; 13; 15
59,82,0.75251,0.71951,59; 6; 8; 12; 82; 4; 4; 3
16,32,0.52974,0.5,16; 14; 18; 14; 32; 15; 3; 13
9,10,0.42781,0.9,9; 19; 7; 20; 10; 21; 26; 14
28,77,0.48425,0.36364,28; 3; 17; 21; 77; 5; 5; 6
50,82,0.7739,0.60976,50; 12; 15; 10; 82; 5; 3; 5
38,42,0.92208,0.90476,38; 5; 14; 17; 42; 3; 18; 18
31,42,0.81747,0.7381,31; 21; 13; 12; 42; 12; 9; 14
9,78,0.21619,0.11538,9; 23; 12; 25; 78; 5; 4; 4
39,70,0.63763,0.55714,39; 16; 13; 16; 70; 4; 7; 8
16,26,0.58264,0.61538,16; 9; 22; 27; 26; 6; 3; 20
77,82,0.74521,0.93902,77; 7; 5; 3; 82; 5; 4; 5
8,10,0.4083,0.8,8; 18; 11; 3; 10; 10; 6; 18
44,53,0.76553,0.83019,44; 18; 12; 11; 53; 13; 5; 7
14,31,0.41991,0.45161,14; 25; 21; 27; 31; 11; 20; 11
9,70,0.18141,0.12857,9; 19; 15; 3; 70; 9; 7; 8
36,82,0.59379,0.43902,36; 17; 16; 8; 82; 3; 3; 3
35,64,0.59104,0.54688,35; 8; 16; 12; 64; 6; 3; 6
25,53,0.47522,0.4717,25; 5; 6; 18; 53; 3; 8; 6
5,10,0.3241,0.5,5; 3; 16; 23; 10; 18; 17; 20
6,9,0.34368,0.66667,6; 5; 23; 25; 9; 27; 24; 22
42,82,0.65562,0.5122,42; 8; 9; 11; 82; 5; 4; 4
18,48,0.39362,0.375,18; 8; 8; 10; 48; 6; 9; 15
21,53,0.38266,0.39623,21; 7; 25; 5; 53; 13; 13; 7
33,48,0.77463,0.6875,33; 9; 11; 18; 48; 4; 7; 7
23,26,0.78569,0.88462,23; 8; 12; 3; 26; 10; 24; 23
7,26,0.30534,0.26923,7; 15; 20; 18; 26; 11; 20; 18
5,42,0.12942,0.11905,5; 27; 20; 4; 42; 9; 18; 17
6,82,0.16428,0.07317,6; 23; 8; 26; 82; 3; 5; 5
8,10,0.42176,0.8,8; 12; 15; 13; 10; 4; 7; 27
51,82,0.6814,0.62195,51; 5; 12; 7; 82; 3; 5; 4
56,77,0.85944,0.72727,56; 12; 6; 12; 77; 4; 5; 7
23,78,0.42093,0.29487,23; 17; 17; 4; 78; 3; 3; 3
55,64,0.92368,0.85938,55; 10; 4; 14; 64; 6; 11; 7
8,9,0.37921,0.88889,8; 16; 28; 17; 9; 14; 3; 13
30,70,0.50711,0.42857,30; 14; 22; 9; 70; 9; 8; 6
17,78,0.31399,0.21795,17; 7; 19; 15; 78; 6; 3; 4
31,42,0.71894,0.7381,31; 5; 7; 16; 42; 11; 11; 8
5,10,0.27869,0.5,5; 21; 30; 24; 10; 24; 9; 16
18,70,0.35388,0.25714,18; 4; 18; 14; 70; 6; 4; 3
21,49,0.41112,0.42857,21; 9; 23; 4; 49; 5; 4; 11
17,26,0.68938,0.65385,17; 27; 25; 13; 26; 12; 24; 6
7,10,0.38325,0.7,7; 23; 3; 28; 10; 3; 11; 17
50,82,0.77994,0.60976,50; 11; 14; 5; 82; 4; 4; 5
26,63,0.45085,0.4127,26; 18; 8; 24; 63; 3; 4; 5
48,70,0.77039,0.68571,48; 5; 6; 10; 70; 4; 9; 4
38,49,0.8347,0.77551,38; 9; 7; 9; 49; 6; 16; 13
76,78,0.92,0.97436,76; 3; 6; 3; 78; 6; 4; 6
41,42,0.82764,0.97619,41; 3; 12; 4; 42; 13; 7; 11
58,63,0.92018,0.92063,58; 4; 7; 4; 63; 6; 7; 10
32,64,0.52584,0.5,32; 15; 5; 16; 64; 6; 7; 6
21,49,0.44663,0.42857,21; 20; 19; 18; 49; 15; 12; 7
25,26,0.73878,0.96154,25; 18; 18; 13; 26; 12; 20; 14
23,75,0.4369,0.30667,23; 5; 20; 13; 75; 5; 7; 3
45,77,0.70701,0.58442,45; 5; 7; 8; 77; 6; 5; 7
40,53,0.7823,0.75472,40; 19; 5; 13; 53; 4; 11; 9
11,82,0.25221,0.13415,11; 20; 4; 25; 82; 4; 4; 3
12,48,0.24464,0.25,12; 20; 28; 20; 48; 7; 8; 11
51,77,0.7304,0.66234,51; 8; 11; 5; 77; 6; 7; 5
5,9,0.2803,0.55556,5; 21; 31; 26; 9; 18; 4; 27
6,48,0.12902,0.125,6; 28; 16; 10; 48; 4; 15; 10
7,9,0.36706,0.77778,7; 11; 20; 4; 9; 24; 10; 22
9,10,0.44221,0.9,9; 7; 4; 11; 10; 24; 26; 6
20,53,0.35798,0.37736,20; 23; 7; 24; 53; 10; 3; 4
20,63,0.34766,0.31746,20; 25; 16; 23; 63; 5; 7; 6
7,10,0.42959,0.7,7; 6; 25; 9; 10; 15; 18; 3
8,26,0.27498,0.30769,8; 18; 9; 3; 26; 17; 6; 6
72,75,0.83426,0.96,72; 5; 7; 4; 75; 3; 4; 3
29,48,0.61802,0.60417,29; 6; 19; 23; 48; 8; 8; 13
67,77,0.83716,0.87013,67; 6; 10; 7; 77; 3; 6; 7
11,31,0.35837,0.35484,11; 26; 13; 28; 31; 3; 21; 10
80,82,0.82964,0.97561,80; 6; 3; 5; 82; 3; 3; 4
25,63,0.44686,0.39683,25; 22; 19; 7; 63; 3; 4; 11
13,77,0.24252,0.16883,13; 14; 9; 11; 77; 6; 3; 4
51,63,0.81779,0.80952,51; 13; 11; 14; 63; 10; 11; 9
40,48,0.79514,0.83333,40; 8; 16; 9; 48; 3; 12; 4
34,78,0.56053,0.4359,34; 7; 4; 14; 78; 4; 5; 4
21,26,0.69909,0.80769,21; 4; 6; 3; 26; 22; 18; 18
37,42,0.84483,0.88095,37; 5; 6; 18; 42; 9; 13; 16
5,78,0.11652,0.0641,5; 29; 27; 28; 78; 5; 4; 5
7,9,0.35155,0.77778,7; 3; 11; 10; 9; 21; 5; 17
10,78,0.23332,0.12821,10; 26; 12; 3; 78; 5; 4; 6
13,26,0.42711,0.5,13; 12; 23; 4; 26; 22; 8; 21
20,64,0.35094,0.3125,20; 8; 14; 17; 64; 3; 5; 8
9,10,0.43117,0.9,9; 15; 17; 7; 10; 8; 9; 23
36,70,0.61222,0.51429,36; 8; 17; 20; 70; 4; 4; 6
66,82,0.74841,0.80488,66; 6; 7; 4; 82; 3; 3; 3
40,53,0.75511,0.75472,40; 6; 17; 13; 53; 15; 6; 9
11,26,0.42714,0.42308,11; 27; 23; 18; 26; 12; 10; 15
12,26,0.43117,0.46154,12; 16; 21; 12; 26; 4; 24; 24
25,82,0.52418,0.30488,25; 18; 23; 4; 82; 3; 4; 4
43,70,0.6985,0.61429,43; 7; 18; 10; 70; 6; 3; 8
12,53,0.23427,0.22642,12; 7; 9; 25; 53; 5; 6; 7
22,26,0.7759,0.84615,22; 3; 9; 10; 26; 12; 18; 4
61,70,0.9177,0.87143,61; 5; 10; 12; 70; 3; 4; 8
26,31,0.73189,0.83871,26; 22; 11; 5; 31; 7; 20; 7
21,78,0.38982,0.26923,21; 25; 14; 21; 78; 3; 6; 4
46,75,0.68125,0.61333,46; 6; 15; 16; 75; 5; 5; 6
13,26,0.52761,0.5,13; 20; 18; 28; 26; 22; 5; 7
45,63,0.79252,0.71429,45; 4; 14; 4; 63; 3; 8; 9
54,70,0.92099,0.77143,54; 4; 13; 12; 70; 6; 8; 8
26,70,0.4641,0.37143,26; 11; 24; 13; 70; 5; 9; 4
12,75,0.21873,0.16,12; 4; 6; 24; 75; 6; 5; 5
23,26,0.76232,0.88462,23; 20; 21; 5; 26; 22; 20; 10
5,9,0.28697,0.55556,5; 21; 24; 13; 9; 19; 20; 24
13,53,0.25686,0.24528,13; 25; 7; 8; 53; 15; 8; 13
50,53,0.80466,0.9434,50; 13; 12; 6; 53; 15; 13; 10
28,82,0.47915,0.34146,28; 13; 3; 11; 82; 4; 4; 3
28,31,0.74764,0.90323,28; 17; 13; 22; 31; 12; 18; 10
19,53,0.35785,0.35849,19; 14; 18; 8; 53; 7; 7; 7
10,26,0.38511,0.38462,10; 16; 19; 28; 26; 12; 9; 7
34,70,0.58592,0.48571,34; 4; 18; 12; 70; 5; 9; 7
41,53,0.78583,0.77358,41; 8; 19; 4; 53; 15; 8; 15
49,70,0.74908,0.7,49; 13; 4; 10; 70; 6; 9; 4
27,77,0.45831,0.35065,27; 7; 14; 22; 77; 4; 3; 3
13,64,0.24535,0.20312,13; 23; 14; 3; 64; 7; 4; 3
36,53,0.6909,0.67925,36; 12; 3; 18; 53; 10; 3; 10
7,10,0.41996,0.7,7; 7; 6; 21; 10; 8; 13; 16
68,75,0.86574,0.90667,68; 9; 4; 5; 75; 3; 7; 6
51,64,0.81857,0.79688,51; 13; 5; 14; 64; 4; 8; 10
24,26,0.80803,0.92308,24; 17; 6; 9; 26; 20; 11; 11
19,26,0.7196,0.73077,19; 22; 9; 10; 26; 14; 4; 11
5,42,0.13838,0.11905,5; 27; 17; 3; 42; 18; 11; 12
25,53,0.49114,0.4717,25; 18; 17; 5; 53; 4; 3; 13
21,26,0.69798,0.80769,21; 10; 9; 22; 26; 23; 3; 24
8,49,0.19065,0.16327,8; 27; 22; 19; 49; 16; 14; 8
9,10,0.46838,0.9,9; 10; 4; 22; 10; 28; 27; 15
7,42,0.22141,0.16667,7; 16; 21; 10; 42; 16; 14; 7
39,42,0.84093,0.92857,39; 19; 6; 9; 42; 18; 12; 9
51,64,0.81333,0.79688,51; 4; 15; 15; 64; 4; 8; 9
22,32,0.74138,0.6875,22; 25; 13; 8; 32; 10; 20; 14
33,78,0.55789,0.42308,33; 17; 20; 19; 78; 4; 6; 6
32,63,0.56484,0.50794,32; 6; 4; 17; 63; 7; 11; 7
42,53,0.77662,0.79245,42; 16; 8; 7; 53; 9; 15; 7
44,48,0.83077,0.91667,44; 17; 12; 12; 48; 7; 4; 11
40,42,0.83068,0.95238,40; 6; 10; 15; 42; 6; 6; 16
24,42,0.54896,0.57143,24; 13; 12; 19; 42; 8; 12; 11
30,63,0.55377,0.47619,30; 17; 9; 19; 63; 7; 4; 9
5,9,0.28262,0.55556,5; 20; 11; 11; 9; 10; 16; 8
21,82,0.54199,0.2561,21; 6; 8; 23; 82; 3; 5; 4
55,77,0.8291,0.71429,55; 12; 5; 11; 77; 7; 6; 4
8,31,0.28084,0.25806,8; 12; 5; 21; 31; 11; 18; 21
9,49,0.22764,0.18367,9; 6; 22; 19; 49; 14; 11; 4
44,75,0.70521,0.58667,44; 7; 7; 4; 75; 6; 7; 7
64,70,0.9126,0.91429,64; 8; 8; 4; 70; 5; 9; 8
37,78,0.64426,0.47436,37; 13; 20; 6; 78; 6; 5; 6
31,42,0.73294,0.7381,31; 22; 8; 10; 42; 3; 6; 8
13,32,0.41429,0.40625,13; 7; 20; 28; 32; 19; 3; 15
23,26,0.73154,0.88462,23; 25; 20; 13; 26; 8; 19; 17
47,75,0.73936,0.62667,47; 14; 13; 15; 75; 6; 7; 6
25,26,0.76504,0.96154,25; 15; 10; 17; 26; 5; 5; 16
80,82,0.70099,0.97561,80; 5; 6; 5; 82; 5; 5; 3
7,10,0.38552,0.7,7; 12; 15; 21; 10; 27; 22; 9
9,42,0.22308,0.21429,9; 10; 6; 6; 42; 6; 11; 15
13,70,0.24927,0.18571,13; 23; 14; 13; 70; 7; 9; 5
15,49,0.33308,0.30612,15; 18; 18; 26; 49; 12; 16; 6
15,49,0.31663,0.30612,15; 14; 19; 14; 49; 9; 3; 5
22,48,0.48719,0.45833,22; 24; 24; 25; 48; 15; 9; 12
7,32,0.24162,0.21875,7; 3; 12; 4; 32; 13; 19; 7
12,26,0.53526,0.46154,12; 28; 10; 11; 26; 13; 12; 8
45,70,0.68897,0.64286,45; 7; 12; 14; 70; 3; 7; 8
16,49,0.36693,0.32653,16; 27; 26; 12; 49; 16; 12; 9
8,9,0.39286,0.88889,8; 10; 15; 15; 9; 20; 4; 24
36,75,0.60816,0.48,36; 4; 15; 9; 75; 5; 3; 3
36,77,0.60919,0.46753,36; 3; 10; 8; 77; 7; 6; 3
16,26,0.65745,0.61538,16; 27; 19; 14; 26; 14; 15; 24
71,75,0.846,0.94667,71; 5; 7; 7; 75; 3; 3; 4
59,78,0.81282,0.75641,59; 6; 11; 4; 78; 6; 4; 6
40,77,0.61614,0.51948,40; 9; 16; 4; 77; 4; 4; 6
8,10,0.38677,0.8,8; 3; 14; 19; 10; 9; 7; 4
61,64,0.94852,0.95312,61; 4; 5; 5; 64; 11; 10; 11
5,9,0.29794,0.55556,5; 25; 19; 11; 9; 17; 7; 11
8,9,0.36717,0.88889,8; 6; 4; 17; 9; 29; 11; 17
11,48,0.23703,0.22917,11; 21; 19; 17; 48; 14; 11; 10
36,63,0.60238,0.57143,36; 8; 15; 17; 63; 11; 8; 10
7,63,0.06939,0.11111,7; 11; 18; 10; 63; 11; 4; 7
22,42,0.49572,0.52381,22; 13; 19; 22; 42; 11; 17; 15
50,53,0.85664,0.9434,50; 5; 13; 3; 53; 13; 7; 9
68,78,0.81968,0.87179,68; 10; 4; 4; 78; 5; 5; 6
65,70,0.93052,0.92857,65; 7; 9; 11; 70; 9; 8; 6
7,10,0.34581,0.7,7; 25; 16; 3; 10; 5; 28; 28
19,75,0.39944,0.25333,19; 8; 24; 25; 75; 5; 4; 6
47,78,0.75232,0.60256,47; 12; 16; 11; 78; 3; 4; 5
29,63,0.4875,0.46032,29; 9; 21; 5; 63; 11; 6; 9
17,32,0.52844,0.53125,17; 9; 4; 23; 32; 9; 10; 11
25,31,0.71518,0.80645,25; 7; 16; 22; 31; 18; 8; 14
15,53,0.30199,0.28302,15; 4; 18; 9; 53; 7; 11; 3
55,77,0.83596,0.71429,55; 12; 14; 6; 77; 6; 3; 4
8,53,0.19036,0.15094,8; 20; 4; 24; 53; 14; 6; 7
66,70,0.85959,0.94286,66; 3; 5; 5; 70; 7; 8; 5
8,9,0.39307,0.88889,8; 6; 6; 4; 9; 3; 15; 28
28,42,0.66129,0.66667,28; 15; 3; 16; 42; 17; 10; 10
6,10,0.34387,0.6,6; 11; 10; 21; 10; 11; 26; 15
8,10,0.43898,0.8,8; 3; 17; 11; 10; 16; 6; 20
6,10,0.3707,0.6,6; 24; 28; 15; 10; 4; 22; 25
29,63,0.48819,0.46032,29; 16; 4; 11; 63; 5; 10; 3
36,63,0.61974,0.57143,36; 7; 18; 10; 63; 10; 3; 8
48,49,0.80763,0.97959,48; 15; 10; 7; 49; 8; 11; 5
11,77,0.23435,0.14286,11; 25; 27; 12; 77; 3; 4; 4
9,42,0.24031,0.21429,9; 12; 8; 29; 42; 5; 9; 10
23,70,0.4432,0.32857,23; 11; 8; 6; 70; 9; 9; 6
48,75,0.7334,0.64,48; 6; 8; 4; 75; 6; 6; 4
43,53,0.765,0.81132,43; 9; 8; 7; 53; 8; 11; 14
28,77,0.47475,0.36364,28; 16; 16; 13; 77; 5; 7; 5
62,75,0.88106,0.82667,62; 6; 11; 12; 75; 3; 4; 4
63,64,0.92946,0.98438,63; 3; 4; 7; 64; 4; 11; 8
19,26,0.74634,0.73077,19; 12; 13; 25; 26; 22; 14; 4
17,70,0.29176,0.24286,17; 18; 12; 8; 70; 8; 8; 7
31,53,0.57996,0.58491,31; 21; 19; 5; 53; 6; 5; 13
7,49,0.14643,0.14286,7; 12; 23; 15; 49; 10; 3; 14
60,70,0.95098,0.85714,60; 6; 12; 7; 70; 6; 8; 5
67,77,0.85869,0.87013,67; 10; 7; 3; 77; 4; 3; 3
12,32,0.35573,0.375,12; 21; 15; 15; 32; 5; 6; 14
31,49,0.64797,0.63265,31; 20; 19; 13; 49; 10; 5; 12
41,53,0.79762,0.77358,41; 6; 13; 6; 53; 12; 14; 14
30,64,0.52113,0.46875,30; 9; 11; 19; 64; 3; 5; 3
29,70,0.47764,0.41429,29; 9; 23; 3; 70; 3; 9; 3
37,48,0.77575,0.77083,37; 3; 18; 15; 48; 15; 3; 5
69,82,0.86899,0.84146,69; 8; 9; 6; 82; 3; 3; 3
44,82,0.67396,0.53659,44; 9; 5; 16; 82; 3; 4; 4
20,49,0.39178,0.40816,20; 8; 13; 13; 49; 7; 16; 8
36,77,0.59372,0.46753,36; 11; 12; 10; 77; 3; 6; 7
36,42,0.82864,0.85714,36; 7; 13; 15; 42; 4; 9; 14
44,82,0.69549,0.53659,44; 4; 10; 11; 82; 4; 3; 3
5,10,0.29265,0.5,5; 8; 21; 20; 10; 21; 13; 22
28,77,0.50825,0.36364,28; 22; 4; 10; 77; 7; 4; 3
19,42,0.44938,0.45238,19; 8; 9; 11; 42; 12; 6; 5
24,75,0.4461,0.32,24; 24; 17; 11; 75; 4; 4; 6
6,10,0.34101,0.6,6; 10; 27; 19; 10; 20; 16; 4
14,42,0.32786,0.33333,14; 20; 6; 28; 42; 16; 6; 8
62,75,0.87116,0.82667,62; 6; 12; 4; 75; 5; 7; 6
28,49,0.59456,0.57143,28; 11; 10; 17; 49; 12; 7; 4
59,82,0.78105,0.71951,59; 13; 5; 5; 82; 4; 5; 4
8,9,0.3776,0.88889,8; 28; 15; 30; 9; 3; 17; 20
65,70,0.89611,0.92857,65; 11; 4; 5; 70; 5; 6; 4
31,32,0.8317,0.96875,31; 10; 14; 16; 32; 18; 13; 13
10,70,0.17706,0.14286,10; 29; 5; 20; 70; 7; 5; 3
36,53,0.69386,0.67925,36; 10; 13; 18; 53; 5; 8; 8
68,78,0.78884,0.87179,68; 8; 5; 3; 78; 3; 6; 6
12,64,0.20434,0.1875,12; 3; 6; 28; 64; 7; 9; 5
38,49,0.76972,0.77551,38; 17; 11; 9; 49; 3; 9; 10
8,9,0.37478,0.88889,8; 17; 5; 22; 9; 14; 9; 16
57,78,0.88494,0.73077,57; 11; 10; 8; 78; 3; 3; 3
63,82,0.74388,0.76829,63; 10; 5; 3; 82; 4; 5; 3
27,49,0.55484,0.55102,27; 3; 12; 5; 49; 15; 14; 7
5,48,0.13439,0.10417,5; 31; 29; 30; 48; 7; 11; 15
18,48,0.40822,0.375,18; 16; 15; 6; 48; 4; 12; 12
63,70,0.91961,0.9,63; 9; 4; 9; 70; 4; 3; 3
32,70,0.54959,0.45714,32; 18; 19; 19; 70; 4; 8; 4
19,26,0.66965,0.73077,19; 22; 9; 12; 26; 16; 13; 10
5,26,0.24025,0.19231,5; 28; 25; 29; 26; 4; 22; 24
9,78,0.19351,0.11538,9; 11; 21; 5; 78; 3; 4; 5
31,49,0.63642,0.63265,31; 10; 18; 10; 49; 3; 13; 6
12,49,0.26258,0.2449,12; 23; 24; 6; 49; 15; 9; 15
65,77,0.86511,0.84416,65; 7; 5; 4; 77; 6; 4; 7
37,64,0.62959,0.57812,37; 12; 13; 6; 64; 7; 7; 7
63,82,0.68212,0.76829,63; 9; 11; 6; 82; 5; 5; 3
67,70,0.89016,0.95714,67; 10; 4; 6; 70; 6; 8; 3
9,32,0.32819,0.28125,9; 22; 23; 22; 32; 3; 15; 20
8,9,0.40745,0.88889,8; 25; 7; 8; 9; 4; 4; 10
47,48,0.83264,0.97917,47; 11; 14; 12; 48; 13; 11; 15
17,49,0.33647,0.34694,17; 3; 23; 6; 49; 16; 14; 3
18,49,0.36114,0.36735,18; 22; 10; 11; 49; 13; 3; 9
25,31,0.7433,0.80645,25; 18; 4; 9; 31; 7; 15; 12
18,63,0.32084,0.28571,18; 10; 12; 15; 63; 11; 11; 3
28,48,0.60713,0.58333,28; 13; 4; 8; 48; 15; 7; 5
51,63,0.82922,0.80952,51; 9; 7; 9; 63; 6; 9; 6
18,32,0.56626,0.5625,18; 16; 18; 4; 32; 9; 11; 16
44,64,0.73494,0.6875,44; 11; 18; 9; 64; 4; 9; 6
9,75,0.17489,0.12,9; 22; 29; 17; 75; 3; 7; 6
13,32,0.41303,0.40625,13; 27; 11; 13; 32; 13; 17; 10
7,9,0.36722,0.77778,7; 25; 5; 14; 9; 26; 21; 24
33,42,0.83017,0.78571,33; 6; 6; 12; 42; 7; 10; 11
70,75,0.88859,0.93333,70; 8; 6; 8; 75; 3; 6; 6
7,32,0.22513,0.21875,7; 13; 30; 10; 32; 18; 13; 7
60,75,0.89076,0.8,60; 8; 4; 3; 75; 5; 4; 3
7,9,0.37335,0.77778,7; 4; 25; 25; 9; 19; 18; 17
6,10,0.35526,0.6,6; 24; 20; 27; 10; 27; 16; 23
23,75,0.41887,0.30667,23; 6; 20; 14; 75; 4; 4; 7
27,31,0.76042,0.87097,27; 7; 15; 16; 31; 3; 6; 3
10,42,0.2598,0.2381,10; 8; 23; 14; 42; 5; 11; 6
29,64,0.51152,0.45312,29; 8; 4; 4; 64; 10; 8; 10
47,77,0.73872,0.61039,47; 14; 9; 10; 77; 7; 3; 5
68,70,0.90694,0.97143,68; 3; 4; 3; 70; 7; 3; 4
23,31,0.73013,0.74194,23; 19; 20; 8; 31; 21; 11; 19
9,10,0.49043,0.9,9; 13; 3; 8; 10; 6; 3; 3
6,9,0.34647,0.66667,6; 8; 26; 16; 9; 3; 9; 8
33,82,0.5555,0.40244,33; 13; 14; 9; 82; 5; 5; 4
45,82,0.68808,0.54878,45; 4; 3; 14; 82; 4; 5; 3
21,49,0.44924,0.42857,21; 15; 19; 23; 49; 12; 3; 11
79,82,0.73111,0.96341,79; 5; 6; 4; 82; 5; 4; 5
9,78,0.20614,0.11538,9; 18; 13; 16; 78; 5; 3; 5
9,26,0.32976,0.34615,9; 13; 21; 6; 26; 18; 5; 17
18,32,0.61803,0.5625,18; 13; 14; 26; 32; 5; 11; 12
40,42,0.83606,0.95238,40; 18; 18; 13; 42; 11; 17; 16
19,82,0.37893,0.23171,19; 14; 15; 11; 82; 5; 5; 5
5,10,0.28718,0.5,5; 31; 31; 18; 10; 28; 25; 26
12,70,0.23865,0.17143,12; 15; 3; 23; 70; 3; 8; 5
18,26,0.71843,0.69231,18; 8; 4; 9; 26; 16; 13; 22
28,31,0.75605,0.90323,28; 12; 4; 21; 31; 8; 11; 13
26,42,0.67347,0.61905,26; 18; 21; 10; 42; 17; 15; 6
7,53,0.15438,0.13208,7; 4; 17; 17; 53; 4; 5; 8
71,82,0.69366,0.86585,71; 4; 5; 6; 82; 5; 5; 5
22,32,0.77539,0.6875,22; 14; 13; 10; 32; 7; 22; 12
22,26,0.80442,0.84615,22; 23; 21; 18; 26; 21; 11; 9
49,63,0.81613,0.77778,49; 13; 5; 13; 63; 10; 10; 7
25,26,0.76938,0.96154,25; 5; 6; 18; 26; 18; 10; 13
60,77,0.86522,0.77922,60; 3; 6; 8; 77; 7; 4; 5
37,42,0.82647,0.88095,37; 4; 20; 19; 42; 14; 16; 15
34,42,0.75556,0.80952,34; 10; 8; 5; 42; 14; 11; 4
5,9,0.28892,0.55556,5; 8; 24; 4; 9; 17; 15; 10
40,78,0.62058,0.51282,40; 16; 6; 10; 78; 6; 3; 4
26,64,0.4579,0.40625,26; 14; 23; 10; 64; 8; 6; 9
41,53,0.79179,0.77358,41; 18; 18; 4; 53; 7; 11; 7
27,77,0.50021,0.35065,27; 4; 10; 6; 77; 6; 5; 6
17,32,0.54564,0.53125,17; 17; 10; 13; 32; 21; 5; 12
39,64,0.63688,0.60938,39; 14; 7; 7; 64; 7; 8; 11
40,77,0.65189,0.51948,40; 5; 4; 15; 77; 3; 3; 4
53,78,0.77323,0.67949,53; 15; 3; 9; 78; 6; 3; 4
7,10,0.35727,0.7,7; 19; 18; 14; 10; 16; 21; 23
20,70,0.36991,0.28571,20; 19; 15; 14; 70; 7; 8; 3
8,10,0.43197,0.8,8; 24; 30; 24; 10; 18; 4; 15
20,82,0.37966,0.2439,20; 22; 6; 24; 82; 4; 5; 5
43,75,0.69671,0.57333,43; 14; 5; 9; 75; 5; 3; 7
21,53,0.3955,0.39623,21; 18; 24; 8; 53; 9; 7; 13
37,70,0.60347,0.52857,37; 19; 8; 18; 70; 4; 7; 5
6,9,0.35064,0.66667,6; 14; 4; 28; 9; 24; 13; 5
9,78,0.19654,0.11538,9; 23; 10; 6; 78; 3; 5; 6
26,82,0.45831,0.31707,26; 5; 9; 8; 82; 5; 5; 4
46,48,0.82728,0.95833,46; 6; 4; 3; 48; 7; 10; 4
27,53,0.49582,0.50943,27; 19; 20; 15; 53; 4; 11; 6
16,32,0.51035,0.5,16; 26; 18; 8; 32; 20; 17; 18
22,53,0.43163,0.41509,22; 12; 6; 18; 53; 3; 3; 10
29,78,0.49714,0.37179,29; 7; 14; 9; 78; 5; 3; 5
34,75,0.57528,0.45333,34; 10; 21; 18; 75; 6; 6; 4
19,82,0.38954,0.23171,19; 17; 7; 8; 82; 3; 3; 5
8,9,0.38415,0.88889,8; 10; 14; 29; 9; 22; 13; 10
31,32,0.79858,0.96875,31; 22; 20; 7; 32; 14; 4; 21
11,26,0.44398,0.42308,11; 27; 7; 17; 26; 3; 7; 12
30,63,0.52471,0.47619,30; 14; 13; 21; 63; 3; 4; 10
8,9,0.40102,0.88889,8; 21; 20; 7; 9; 22; 9; 18
5,10,0.29415,0.5,5; 9; 11; 24; 10; 21; 6; 24
5,75,0.12814,0.06667,5; 17; 24; 26; 75; 5; 5; 7
23,26,0.77811,0.88462,23; 9; 6; 4; 26; 16; 24; 3
7,9,0.34639,0.77778,7; 6; 17; 9; 9; 24; 19; 6
35,42,0.87651,0.83333,35; 5; 20; 8; 42; 4; 12; 8
69,75,0.8146,0.92,69; 6; 8; 6; 75; 5; 5; 6
14,42,0.33321,0.33333,14; 15; 17; 7; 42; 11; 13; 3
10,48,0.21928,0.20833,10; 11; 6; 13; 48; 11; 3; 12
27,31,0.74278,0.87097,27; 12; 22; 12; 31; 22; 11; 20
13,42,0.3753,0.30952,13; 4; 14; 24; 42; 10; 7; 4
39,48,0.80111,0.8125,39; 4; 9; 3; 48; 8; 3; 12
18,64,0.31529,0.28125,18; 7; 4; 3; 64; 8; 8; 8
7,70,0.12168,0.1,7; 24; 10; 11; 70; 5; 9; 5
63,75,0.84173,0.84,63; 6; 6; 5; 75; 5; 4; 6
30,78,0.51796,0.38462,30; 13; 11; 5; 78; 6; 5; 3
37,75,0.60784,0.49333,37; 10; 3; 4; 75; 3; 6; 6
41,53,0.72879,0.77358,41; 16; 16; 9; 53; 5; 5; 7
35,75,0.58564,0.46667,35; 14; 5; 10; 75; 5; 3; 5
16,64,0.30193,0.25,16; 25; 7; 12; 64; 4; 3; 8
26,49,0.50925,0.53061,26; 10; 13; 18; 49; 7; 13; 14
5,10,0.36173,0.5,5; 20; 19; 21; 10; 17; 23; 20
11,32,0.35313,0.34375,11; 10; 19; 15; 32; 13; 19; 17
28,48,0.58113,0.58333,28; 5; 19; 22; 48; 11; 7; 7
56,77,0.87188,0.72727,56; 6; 11; 4; 77; 4; 5; 5
7,10,0.35737,0.7,7; 14; 22; 26; 10; 12; 4; 15
33,77,0.5474,0.42857,33; 13; 14; 10; 77; 6; 3; 7
69,82,0.84799,0.84146,69; 9; 6; 3; 82; 5; 5; 4
7,31,0.25421,0.22581,7; 10; 11; 19; 31; 9; 3; 17
14,70,0.26175,0.2,14; 20; 28; 25; 70; 6; 3; 4
26,82,0.48293,0.31707,26; 6; 18; 12; 82; 3; 5; 5
47,63,0.78282,0.74603,47; 3; 3; 15; 63; 4; 8; 6
51,64,0.8411,0.79688,51; 3; 3; 4; 64; 4; 9; 7
36,70,0.59201,0.51429,36; 5; 8; 15; 70; 4; 7; 6
75,82,0.65601,0.91463,75; 4; 4; 3; 82; 3; 3; 5
20,64,0.34396,0.3125,20; 21; 20; 16; 64; 4; 8; 4
12,77,0.23974,0.15584,12; 5; 12; 7; 77; 3; 7; 3
7,26,0.24896,0.26923,7; 10; 21; 11; 26; 6; 19; 24
15,26,0.54157,0.57692,15; 5; 16; 15; 26; 12; 17; 15
28,64,0.48945,0.4375,28; 13; 3; 20; 64; 10; 5; 11
7,26,0.2781,0.26923,7; 4; 8; 30; 26; 12; 16; 15
32,49,0.63593,0.65306,32; 17; 15; 19; 49; 16; 7; 15
31,78,0.54631,0.39744,31; 16; 21; 19; 78; 5; 4; 3
6,10,0.36529,0.6,6; 18; 15; 29; 10; 27; 25; 4
43,64,0.69268,0.67188,43; 5; 6; 6; 64; 9; 5; 11
21,48,0.45721,0.4375,21; 12; 8; 17; 48; 16; 3; 14
8,10,0.41022,0.8,8; 11; 16; 12; 10; 22; 26; 27
46,53,0.80193,0.86792,46; 4; 4; 15; 53; 9; 6; 8
31,48,0.67758,0.64583,31; 9; 16; 7; 48; 15; 13; 11
16,70,0.29277,0.22857,16; 25; 19; 3; 70; 6; 4; 6
50,64,0.8244,0.78125,50; 12; 3; 3; 64; 11; 8; 7
12,42,0.31186,0.28571,12; 13; 25; 7; 42; 5; 7; 5
6,26,0.21679,0.23077,6; 11; 4; 19; 26; 20; 22; 8
19,64,0.31796,0.29688,19; 23; 25; 17; 64; 3; 4; 8
9,49,0.2148,0.18367,9; 17; 19; 17; 49; 16; 8; 12
26,75,0.45317,0.34667,26; 5; 12; 16; 75; 4; 7; 3
32,78,0.54578,0.41026,32; 12; 6; 12; 78; 4; 5; 5
30,53,0.6269,0.56604,30; 4; 3; 5; 53; 9; 12; 14
19,32,0.584,0.59375,19; 7; 10; 11; 32; 17; 22; 6
7,9,0.33454,0.77778,7; 3; 4; 5; 9; 21; 20; 4
9,10,0.42865,0.9,9; 19; 22; 16; 10; 4; 14; 7
41,48,0.85958,0.85417,41; 19; 6; 18; 48; 15; 7; 13
8,9,0.36936,0.88889,8; 12; 17; 5; 9; 15; 5; 8
8,10,0.43567,0.8,8; 12; 18; 26; 10; 20; 7; 29
56,64,0.90278,0.875,56; 3; 10; 5; 64; 9; 8; 6
24,48,0.50555,0.5,24; 4; 12; 18; 48; 4; 5; 11
47,48,0.84745,0.97917,47; 12; 10; 12; 48; 11; 4; 14
51,82,0.77533,0.62195,51; 8; 11; 14; 82; 5; 4; 3
38,48,0.83921,0.79167,38; 12; 19; 9; 48; 13; 5; 6
15,63,0.26899,0.2381,15; 16; 23; 27; 63; 9; 3; 8
31,53,0.64315,0.58491,31; 12; 21; 22; 53; 15; 6; 7
30,32,0.7934,0.9375,30; 15; 5; 10; 32; 3; 20; 3
34,63,0.58187,0.53968,34; 4; 17; 6; 63; 3; 6; 6
5,10,0.32437,0.5,5; 21; 21; 14; 10; 28; 26; 22
54,63,0.92534,0.85714,54; 12; 12; 14; 63; 11; 4; 6
8,9,0.40404,0.88889,8; 11; 14; 15; 9; 25; 5; 9
31,49,0.61032,0.63265,31; 15; 17; 7; 49; 12; 7; 8
12,32,0.4253,0.375,12; 18; 19; 24; 32; 9; 8; 3
20,48,0.41055,0.41667,20; 17; 20; 5; 48; 4; 15; 5
34,48,0.7465,0.70833,34; 9; 11; 4; 48; 16; 6; 9
12,32,0.38329,0.375,12; 17; 11; 17; 32; 9; 16; 3
32,48,0.6692,0.66667,32; 9; 18; 9; 48; 15; 7; 12
34,42,0.76896,0.80952,34; 12; 18; 11; 42; 6; 11; 11
41,70,0.7143,0.58571,41; 6; 10; 8; 70; 9; 6; 4
75,82,0.68069,0.91463,75; 3; 3; 6; 82; 5; 5; 5
7,31,0.26807,0.22581,7; 22; 12; 27; 31; 8; 17; 18
47,78,0.73174,0.60256,47; 6; 12; 6; 78; 5; 4; 5
39,75,0.61142,0.52,39; 9; 17; 6; 75; 5; 3; 4
6,32,0.20303,0.1875,6; 30; 9; 3; 32; 5; 14; 18
23,26,0.78414,0.88462,23; 3; 12; 3; 26; 6; 12; 22
72,82,0.85172,0.87805,72; 4; 3; 3; 82; 4; 5; 4
31,75,0.52539,0.41333,31; 3; 12; 9; 75; 7; 7; 7
23,42,0.55951,0.54762,23; 21; 10; 20; 42; 7; 17; 7
11,63,0.1847,0.1746,11; 3; 5; 14; 63; 10; 11; 6
55,77,0.84387,0.71429,55; 9; 7; 3; 77; 4; 3; 6
6,10,0.36134,0.6,6; 6; 25; 26; 10; 11; 12; 23
24,32,0.68987,0.75,24; 9; 16; 16; 32; 7; 6; 3
14,64,0.24549,0.21875,14; 7; 25; 28; 64; 6; 5; 9
9,75,0.14594,0.12,9; 13; 27; 16; 75; 7; 3; 3
33,77,0.5572,0.42857,33; 12; 12; 10; 77; 5; 7; 3
16,63,0.26615,0.25397,16; 22; 6; 17; 63; 8; 8; 9
23,64,0.40338,0.35938,23; 24; 19; 3; 64; 5; 5; 9
18,32,0.55949,0.5625,18; 21; 3; 5; 32; 19; 5; 19
20,75,0.38591,0.26667,20; 9; 4; 17; 75; 5; 3; 3
25,31,0.70537,0.80645,25; 14; 7; 7; 31; 4; 18; 6
32,48,0.68911,0.66667,32; 4; 11; 20; 48; 8; 11; 16
30,31,0.8303,0.96774,30; 6; 6; 3; 31; 5; 16; 22
8,9,0.41512,0.88889,8; 10; 11; 24; 9; 5; 28; 8
21,42,0.52555,0.5,21; 16; 3; 23; 42; 11; 6; 10
28,70,0.46739,0.4,28; 8; 17; 22; 70; 3; 8; 4
6,63,0.08198,0.09524,6; 13; 8; 12; 63; 10; 7; 3
19,78,0.35649,0.24359,19; 19; 14; 22; 78; 6; 5; 4
25,26,0.72421,0.96154,25; 10; 18; 12; 26; 17; 6; 4
58,82,0.87412,0.70732,58; 10; 4; 8; 82; 5; 5; 4
43,49,0.8317,0.87755,43; 15; 11; 3; 49; 4; 15; 7
25,77,0.45441,0.32468,25; 23; 15; 7; 77; 5; 7; 7
16,26,0.58156,0.61538,16; 17; 21; 6; 26; 5; 7; 21
36,70,0.59083,0.51429,36; 13; 10; 14; 70; 6; 4; 9
33,42,0.79244,0.78571,33; 21; 21; 8; 42; 15; 6; 18
7,48,0.1532,0.14583,7; 25; 14; 17; 48; 11; 6; 9
54,82,0.83989,0.65854,54; 8; 7; 5; 82; 4; 3; 5
20,32,0.69325,0.625,20; 21; 25; 8; 32; 19; 9; 6
5,31,0.20855,0.16129,5; 30; 5; 10; 31; 10; 7; 13
15,75,0.33487,0.2,15; 17; 12; 15; 75; 5; 3; 6
39,77,0.65435,0.50649,39; 14; 10; 7; 77; 6; 5; 7
31,42,0.75619,0.7381,31; 6; 8; 17; 42; 8; 5; 13
31,32,0.79043,0.96875,31; 15; 22; 19; 32; 7; 12; 10
11,31,0.38893,0.35484,11; 20; 25; 20; 31; 6; 11; 10
18,53,0.32866,0.33962,18; 20; 6; 17; 53; 12; 4; 12
25,31,0.69837,0.80645,25; 7; 12; 3; 31; 11; 17; 22
19,48,0.45143,0.39583,19; 19; 4; 9; 48; 9; 5; 16
30,49,0.61775,0.61224,30; 20; 16; 10; 49; 5; 5; 3
30,48,0.63883,0.625,30; 4; 10; 9; 48; 8; 12; 4
20,77,0.38624,0.25974,20; 21; 26; 13; 77; 7; 6; 4
16,64,0.27849,0.25,16; 22; 19; 17; 64; 4; 10; 7
50,82,0.81853,0.60976,50; 10; 14; 11; 82; 3; 3; 5
8,9,0.40842,0.88889,8; 10; 3; 22; 9; 13; 14; 9
8,9,0.41314,0.88889,8; 28; 16; 21; 9; 3; 6; 14
62,70,0.93541,0.88571,62; 6; 8; 3; 70; 5; 7; 4
28,42,0.64831,0.66667,28; 11; 9; 7; 42; 5; 12; 10
31,48,0.68456,0.64583,31; 12; 10; 15; 48; 14; 15; 5
38,77,0.63518,0.49351,38; 20; 13; 3; 77; 7; 6; 5
6,48,0.11892,0.125,6; 30; 10; 5; 48; 7; 9; 14
19,42,0.45166,0.45238,19; 10; 20; 19; 42; 9; 11; 4
18,75,0.32665,0.24,18; 15; 3; 12; 75; 3; 7; 7
23,48,0.48689,0.47917,23; 7; 10; 20; 48; 14; 8; 14
34,53,0.6869,0.64151,34; 9; 13; 10; 53; 14; 11; 4
75,82,0.73433,0.91463,75; 3; 3; 3; 82; 3; 5; 4
66,82,0.74036,0.80488,66; 6; 8; 6; 82; 3; 5; 3
25,48,0.52456,0.52083,25; 13; 12; 21; 48; 14; 4; 11
23,31,0.69384,0.74194,23; 10; 3; 21; 31; 5; 14; 16
11,48,0.22821,0.22917,11; 25; 6; 11; 48; 11; 7; 8
6,78,0.11749,0.07692,6; 9; 18; 6; 78; 3; 6; 4
38,53,0.7347,0.71698,38; 16; 19; 7; 53; 12; 5; 3
24,42,0.54564,0.57143,24; 14; 11; 7; 42; 18; 10; 17
40,64,0.64247,0.625,40; 7; 3; 8; 64; 11; 11; 11
15,49,0.31803,0.30612,15; 13; 8; 22; 49; 11; 11; 5
28,48,0.58989,0.58333,28; 17; 21; 7; 48; 3; 16; 8
15,32,0.45179,0.46875,15; 20; 3; 11; 32; 11; 14; 20
78,82,0.77965,0.95122,78; 4; 5; 4; 82; 5; 5; 3
12,31,0.41751,0.3871,12; 22; 6; 10; 31; 18; 22; 8
10,49,0.23266,0.20408,10; 13; 4; 29; 49; 3; 13; 8
40,48,0.86077,0.83333,40; 7; 18; 8; 48; 13; 15; 14
9,77,0.2242,0.11688,9; 19; 3; 14; 77; 4; 4; 7
35,78,0.58553,0.44872,35; 5; 3; 11; 78; 5; 6; 6
13,42,0.32036,0.30952,13; 7; 10; 22; 42; 15; 15; 8
50,75,0.84023,0.66667,50; 8; 7; 9; 75; 3; 7; 5
40,48,0.79766,0.83333,40; 18; 19; 6; 48; 6; 14; 5
35,70,0.56098,0.5,35; 21; 12; 7; 70; 9; 8; 5
58,70,0.93547,0.82857,58; 7; 5; 3; 70; 4; 7; 8
6,9,0.3441,0.66667,6; 19; 26; 22; 9; 28; 24; 18
15,53,0.28069,0.28302,15; 5; 9; 25; 53; 7; 10; 8
47,78,0.78742,0.60256,47; 15; 12; 8; 78; 6; 4; 6
5,70,0.12631,0.07143,5; 27; 25; 24; 70; 4; 6; 8
21,53,0.40643,0.39623,21; 25; 11; 22; 53; 6; 4; 5
46,63,0.7264,0.73016,46; 7; 5; 5; 63; 11; 6; 5
8,10,0.42533,0.8,8; 11; 4; 15; 10; 15; 9; 11
27,42,0.64192,0.64286,27; 23; 19; 11; 42; 18; 16; 17
28,70,0.49643,0.4,28; 15; 12; 5; 70; 8; 8; 3
26,42,0.62639,0.61905,26; 17; 19; 21; 42; 5; 6; 5
14,49,0.29712,0.28571,14; 23; 28; 19; 49; 16; 5; 8
47,75,0.71665,0.62667,47; 17; 3; 4; 75; 6; 7; 6
43,78,0.72264,0.55128,43; 15; 9; 17; 78; 3; 5; 4
8,63,0.18382,0.12698,8; 4; 8; 14; 63; 6; 11; 5
17,75,0.28243,0.22667,17; 22; 17; 16; 75; 4; 4; 4
73,77,0.79939,0.94805,73; 8; 6; 4; 77; 5; 4; 3
45,78,0.71124,0.57692,45; 11; 8; 14; 78; 3; 3; 5
65,82,0.81771,0.79268,65; 8; 4; 6; 82; 4; 3; 4
42,75,0.63502,0.56,42; 18; 13; 6; 75; 4; 5; 7
50,77,0.83419,0.64935,50; 6; 16; 5; 77; 5; 4; 6
12,82,0.26002,0.14634,12; 6; 5; 7; 82; 4; 3; 4
10,32,0.38041,0.3125,10; 6; 25; 21; 32; 13; 6; 16
22,82,0.42402,0.26829,22; 15; 14; 13; 82; 4; 3; 5
15,26,0.5598,0.57692,15; 13; 17; 17; 26; 17; 5; 19
74,78,0.75169,0.94872,74; 8; 7; 6; 78; 6; 6; 5
14,77,0.25145,0.18182,14; 5; 12; 7; 77; 6; 4; 4
64,70,0.93035,0.91429,64; 3; 7; 4; 70; 9; 8; 9
19,26,0.74696,0.73077,19; 23; 8; 18; 26; 20; 22; 24
26,70,0.46036,0.37143,26; 24; 16; 17; 70; 4; 8; 3
13,32,0.40348,0.40625,13; 27; 26; 21; 32; 20; 9; 4
48,77,0.78279,0.62338,48; 15; 11; 13; 77; 5; 3; 7
50,75,0.8391,0.66667,50; 11; 6; 5; 75; 6; 7; 4
17,26,0.6294,0.65385,17; 18; 17; 8; 26; 9; 13; 17
46,49,0.80072,0.93878,46; 13; 9; 12; 49; 3; 10; 8
23,70,0.4311,0.32857,23; 24; 16; 20; 70; 6; 9; 9
10,77,0.1736,0.12987,10; 28; 16; 7; 77; 4; 7; 7
44,70,0.72228,0.62857,44; 6; 17; 17; 70; 9; 6; 5
11,26,0.40742,0.42308,11; 27; 13; 19; 26; 9; 22; 15
27,31,0.68889,0.87097,27; 11; 5; 16; 31; 14; 7; 12
5,31,0.18908,0.16129,5; 22; 11; 14; 31; 21; 4; 18
29,49,0.5754,0.59184,29; 8; 10; 20; 49; 3; 4; 14
19,48,0.40589,0.39583,19; 12; 12; 13; 48; 13; 14; 11
12,77,0.26962,0.15584,12; 6; 6; 16; 77; 6; 3; 5
41,78,0.62405,0.52564,41; 8; 12; 16; 78; 5; 4; 5
32,75,0.54669,0.42667,32; 13; 4; 14; 75; 4; 5; 6
27,64,0.44441,0.42188,27; 9; 8; 10; 64; 3; 9; 4
8,32,0.27069,0.25,8; 11; 30; 3; 32; 17; 19; 9
26,32,0.74995,0.8125,26; 9; 12; 17; 32; 8; 17; 5
30,49,0.59042,0.61224,30; 4; 5; 6; 49; 7; 12; 15
35,42,0.88762,0.83333,35; 18; 16; 16; 42; 11; 11; 5
7,10,0.37962,0.7,7; 4; 27; 10; 10; 3; 26; 10
11,70,0.20518,0.15714,11; 9; 11; 12; 70; 4; 6; 7
18,63,0.30979,0.28571,18; 11; 9; 21; 63; 8; 8; 5
40,48,0.86211,0.83333,40; 13; 13; 8; 48; 16; 4; 4
20,31,0.65914,0.64516,20; 3; 14; 16; 31; 19; 11; 20
5,75,0.1065,0.06667,5; 20; 27; 25; 75; 5; 7; 4
17,78,0.29887,0.21795,17; 23; 26; 9; 78; 4; 6; 5
39,42,0.84469,0.92857,39; 13; 12; 15; 42; 15; 17; 9
20,75,0.31168,0.26667,20; 16; 23; 12; 75; 3; 7; 3
8,26,0.34147,0.30769,8; 12; 7; 16; 26; 20; 6; 21
20,31,0.57613,0.64516,20; 22; 15; 25; 31; 4; 11; 20
22,32,0.65573,0.6875,22; 8; 19; 22; 32; 10; 9; 21
24,26,0.78961,0.92308,24; 24; 20; 14; 26; 8; 10; 10
23,77,0.4372,0.2987,23; 3; 5; 3; 77; 4; 6; 5
14,64,0.24064,0.21875,14; 10; 5; 9; 64; 9; 10; 8
32,48,0.69697,0.66667,32; 9; 17; 16; 48; 8; 10; 7
7,26,0.25654,0.26923,7; 25; 27; 9; 26; 22; 22; 24
5,77,0.14627,0.06494,5; 12; 17; 20; 77; 3; 4; 3
10,77,0.20622,0.12987,10; 23; 24; 20; 77; 5; 3; 3
14,53,0.28926,0.26415,14; 4; 4; 26; 53; 6; 7; 15
53,77,0.8161,0.68831,53; 3; 11; 15; 77; 7; 5; 3
35,42,0.90986,0.83333,35; 12; 7; 18; 42; 11; 10; 6
33,77,0.5888,0.42857,33; 14; 18; 10; 77; 4; 7; 3
52,82,0.82165,0.63415,52; 14; 3; 14; 82; 3; 5; 3
46,77,0.70002,0.5974,46; 4; 7; 11; 77; 7; 5; 7
30,77,0.52907,0.38961,30; 16; 8; 6; 77; 5; 4; 3
7,82,0.18807,0.08537,7; 17; 8; 20; 82; 4; 4; 3
13,77,0.28218,0.16883,13; 28; 8; 10; 77; 3; 3; 6
7,10,0.35273,0.7,7; 5; 22; 25; 10; 7; 11; 16
41,75,0.69707,0.54667,41; 17; 7; 15; 75; 4; 7; 5
43,82,0.68003,0.52439,43; 12; 16; 11; 82; 5; 5; 5
46,48,0.80723,0.95833,46; 13; 6; 6; 48; 5; 15; 3
29,70,0.51443,0.41429,29; 17; 12; 23; 70; 3; 9; 7
34,78,0.57451,0.4359,34; 19; 3; 13; 78; 4; 3; 3
23,48,0.47459,0.47917,23; 16; 5; 18; 48; 13; 12; 13
16,26,0.58866,0.61538,16; 25; 4; 11; 26; 13; 19; 19
30,78,0.50809,0.38462,30; 7; 13; 9; 78; 4; 5; 4
7,77,0.16825,0.09091,7; 5; 22; 27; 77; 4; 4; 6
45,78,0.75042,0.57692,45; 17; 12; 15; 78; 6; 5; 6
5,82,0.13941,0.06098,5; 6; 12; 3; 82; 5; 4; 3
38,63,0.64283,0.60317,38; 14; 9; 11; 63; 9; 11; 10
9,26,0.33495,0.34615,9; 19; 5; 23; 26; 15; 22; 18
37,53,0.68573,0.69811,37; 6; 6; 17; 53; 5; 4; 10
24,32,0.81791,0.75,24; 13; 19; 21; 32; 17; 7; 22
6,32,0.19252,0.1875,6; 26; 24; 18; 32; 10; 4; 12
20,42,0.48664,0.47619,20; 5; 9; 22; 42; 9; 13; 12
14,26,0.53834,0.53846,14; 21; 14; 23; 26; 16; 5; 6
5,9,0.30941,0.55556,5; 8; 22; 29; 9; 20; 22; 22
37,48,0.78574,0.77083,37; 3; 15; 19; 48; 5; 8; 5
18,75,0.33469,0.24,18; 4; 10; 16; 75; 3; 5; 4
41,70,0.68254,0.58571,41; 12; 8; 13; 70; 7; 3; 3
17,26,0.62373,0.65385,17; 16; 8; 25; 26; 24; 23; 8
5,9,0.22914,0.55556,5; 29; 23; 19; 9; 15; 16; 17
35,77,0.56465,0.45455,35; 6; 3; 7; 77; 5; 6; 5
21,63,0.35506,0.33333,21; 13; 20; 21; 63; 5; 3; 9
8,10,0.4089,0.8,8; 17; 27; 7; 10; 13; 12; 15
12,31,0.39141,0.3871,12; 7; 12; 26; 31; 19; 22; 6
28,31,0.78709,0.90323,28; 23; 7; 13; 31; 17; 3; 12
38,42,0.85374,0.90476,38; 19; 15; 8; 42; 14; 7; 9
17,64,0.30839,0.26562,17; 17; 8; 19; 64; 11; 10; 9
36,75,0.59357,0.48,36; 13; 15; 14; 75; 4; 3; 5
37,49,0.78337,0.7551,37; 10; 17; 7; 49; 16; 14; 13
6,53,0.13331,0.11321,6; 19; 11; 9; 53; 11; 9; 11
34,77,0.51406,0.44156,34; 6; 20; 8; 77; 3; 5; 7
28,78,0.48596,0.35897,28; 17; 14; 9; 78; 3; 6; 5
29,32,0.77535,0.90625,29; 20; 20; 7; 32; 9; 6; 11
6,9,0.3237,0.66667,6; 16; 9; 15; 9; 11; 15; 9
50,70,0.7956,0.71429,50; 15; 10; 16; 70; 4; 8; 8
19,48,0.40504,0.39583,19; 26; 6; 9; 48; 7; 16; 16
35,48,0.76932,0.72917,35; 9; 8; 18; 48; 13; 7; 12
28,49,0.58307,0.57143,28; 15; 10; 23; 49; 13; 12; 14
47,82,0.69966,0.57317,47; 11; 6; 13; 82; 4; 3; 5
20,78,0.37157,0.25641,20; 4; 15; 5; 78; 5; 5; 6
72,75,0.84921,0.96,72; 8; 8; 3; 75; 3; 6; 7
9,42,0.21613,0.21429,9; 6; 4; 3; 42; 14; 11; 18
46,48,0.84927,0.95833,46; 6; 6; 17; 48; 14; 12; 7
26,82,0.49486,0.31707,26; 12; 23; 24; 82; 3; 4; 5
61,63,0.94969,0.96825,61; 6; 8; 3; 63; 6; 5; 7
20,78,0.38625,0.25641,20; 10; 25; 4; 78; 3; 3; 4
11,42,0.28437,0.2619,11; 12; 18; 16; 42; 6; 12; 7
32,64,0.52849,0.5,32; 6; 20; 5; 64; 10; 9; 10
21,31,0.72225,0.67742,21; 24; 4; 7; 31; 8; 21; 13
7,64,0.14976,0.10938,7; 16; 24; 29; 64; 7; 10; 10
11,26,0.41561,0.42308,11; 4; 5; 13; 26; 15; 22; 4
40,82,0.61352,0.4878,40; 13; 13; 10; 82; 5; 3; 3
63,77,0.83781,0.81818,63; 3; 10; 4; 77; 3; 3; 6
6,42,0.1576,0.14286,6; 20; 16; 10; 42; 17; 14; 16
6,9,0.3321,0.66667,6; 17; 15; 25; 9; 9; 21; 28
21,63,0.3702,0.33333,21; 9; 3; 4; 63; 5; 11; 6
7,75,0.16305,0.09333,7; 12; 8; 5; 75; 7; 4; 6
30,82,0.5039,0.36585,30; 9; 19; 9; 82; 4; 4; 4
29,42,0.69857,0.69048,29; 15; 14; 20; 42; 6; 11; 16
69,70,0.91226,0.98571,69; 9; 4; 8; 70; 7; 3; 7
22,49,0.45204,0.44898,22; 6; 6; 9; 49; 10; 13; 11
8,10,0.42439,0.8,8; 3; 16; 29; 10; 3; 20; 14
11,26,0.44924,0.42308,11; 11; 7; 8; 26; 8; 11; 5
9,70,0.17836,0.12857,9; 28; 8; 20; 70; 8; 8; 8
17,78,0.30102,0.21795,17; 23; 27; 23; 78; 6; 6; 6
13,26,0.49709,0.5,13; 28; 28; 26; 26; 13; 4; 22
60,77,0.85205,0.77922,60; 12; 12; 10; 77; 7; 4; 7
20,64,0.35287,0.3125,20; 19; 13; 3; 64; 4; 9; 3
27,42,0.612,0.64286,27; 23; 6; 18; 42; 5; 17; 12
15,31,0.46136,0.48387,15; 18; 15; 22; 31; 14; 6; 17
27,49,0.53785,0.55102,27; 7; 16; 6; 49; 7; 16; 8
23,75,0.32622,0.30667,23; 19; 25; 11; 75; 4; 7; 4
60,70,0.92495,0.85714,60; 6; 10; 10; 70; 8; 5; 7
7,9,0.37306,0.77778,7; 9; 22; 6; 9; 16; 29; 14
42,64,0.7095,0.65625,42; 11; 17; 13; 64; 11; 10; 5
22,48,0.45872,0.45833,22; 19; 10; 5; 48; 15; 3; 10
45,49,0.80461,0.91837,45; 11; 17; 5; 49; 9; 13; 7
5,63,0.10282,0.07937,5; 3; 12; 3; 63; 8; 9; 3
5,75,0.11538,0.06667,5; 11; 9; 12; 75; 6; 3; 3
17,42,0.39633,0.40476,17; 9; 16; 11; 42; 18; 16; 3
13,70,0.25784,0.18571,13; 22; 12; 6; 70; 3; 5; 5
49,63,0.81278,0.77778,49; 8; 15; 14; 63; 8; 3; 7
28,32,0.80588,0.875,28; 16; 20; 4; 32; 16; 11; 15
5,42,0.12408,0.11905,5; 6; 5; 12; 42; 11; 17; 7
49,63,0.82861,0.77778,49; 13; 9; 4; 63; 3; 3; 3
27,63,0.47389,0.42857,27; 12; 15; 9; 63; 9; 8; 3
6,10,0.32308,0.6,6; 13; 4; 6; 10; 11; 7; 4
78,82,0.70666,0.95122,78; 6; 3; 3; 82; 3; 3; 4
7,10,0.3937,0.7,7; 13; 30; 9; 10; 26; 4; 13
13,63,0.23741,0.20635,13; 11; 25; 7; 63; 7; 9; 4
15,48,0.33164,0.3125,15; 6; 11; 13; 48; 3; 12; 4
6,26,0.26096,0.23077,6; 16; 14; 4; 26; 8; 13; 24
27,48,0.56584,0.5625,27; 13; 14; 13; 48; 9; 12; 3
5,10,0.30995,0.5,5; 23; 19; 31; 10; 19; 9; 22
15,49,0.29998,0.30612,15; 21; 12; 5; 49; 10; 3; 4
32,78,0.52609,0.41026,32; 7; 3; 21; 78; 3; 4; 3
64,70,0.93723,0.91429,64; 8; 11; 10; 70; 8; 6; 7
8,9,0.41143,0.88889,8; 28; 19; 11; 9; 15; 15; 26
22,49,0.46855,0.44898,22; 19; 15; 17; 49; 5; 15; 4
16,75,0.32744,0.21333,16; 15; 16; 20; 75; 3; 7; 5
19,63,0.34861,0.30159,19; 3; 6; 10; 63; 11; 8; 7
9,26,0.30471,0.34615,9; 27; 12; 6; 26; 15; 16; 23
5,70,0.09571,0.07143,5; 6; 9; 20; 70; 4; 7; 6
24,70,0.41941,0.34286,24; 18; 14; 9; 70; 9; 6; 5
18,63,0.3269,0.28571,18; 14; 7; 23; 63; 8; 9; 7
35,42,0.84348,0.83333,35; 14; 5; 14; 42; 6; 10; 13
40,48,0.82294,0.83333,40; 11; 18; 7; 48; 11; 9; 10
50,53,0.84381,0.9434,50; 9; 13; 9; 53; 3; 5; 12
36,70,0.6017,0.51429,36; 15; 8; 19; 70; 5; 8; 5
36,49,0.74707,0.73469,36; 6; 4; 12; 49; 5; 10; 14
36,64,0.64264,0.5625,36; 7; 16; 12; 64; 3; 6; 7
14,53,0.29865,0.26415,14; 14; 20; 10; 53; 7; 3; 10
27,64,0.45466,0.42188,27; 4; 20; 13; 64; 6; 5; 7
21,26,0.77247,0.80769,21; 13; 7; 25; 26; 15; 5; 4
27,77,0.46871,0.35065,27; 5; 17; 16; 77; 3; 6; 4
43,82,0.59895,0.52439,43; 17; 12; 17; 82; 4; 5; 3
5,32,0.19723,0.15625,5; 12; 11; 23; 32; 17; 14; 18
12,26,0.44747,0.46154,12; 21; 7; 21; 26; 21; 11; 21
47,48,0.81322,0.97917,47; 10; 6; 3; 48; 4; 15; 10
37,64,0.61417,0.57812,37; 10; 8; 12; 64; 6; 9; 7
57,64,0.98734,0.89062,57; 6; 6; 13; 64; 6; 6; 11
7,10,0.40025,0.7,7; 13; 13; 7; 10; 27; 16; 22
41,82,0.63716,0.5,41; 4; 9; 15; 82; 4; 4; 4
5,10,0.32357,0.5,5; 15; 22; 30; 10; 6; 10; 8
36,75,0.59617,0.48,36; 5; 12; 17; 75; 5; 5; 6
9,77,0.2003,0.11688,9; 21; 23; 20; 77; 5; 3; 6
47,70,0.80127,0.67143,47; 4; 16; 7; 70; 9; 9; 7
43,53,0.76251,0.81132,43; 10; 16; 8; 53; 5; 10; 14
19,49,0.39856,0.38776,19; 11; 8; 26; 49; 7; 14; 5
23,26,0.73588,0.88462,23; 4; 13; 20; 26; 4; 5; 7
5,9,0.30244,0.55556,5; 14; 14; 25; 9; 24; 17; 7
5,9,0.31139,0.55556,5; 29; 25; 6; 9; 13; 6; 26
19,49,0.40102,0.38776,19; 12; 6; 23; 49; 14; 14; 5
19,63,0.31689,0.30159,19; 16; 16; 26; 63; 8; 10; 5
72,78,0.7593,0.92308,72; 8; 3; 5; 78; 5; 5; 4
50,63,0.85518,0.79365,50; 7; 7; 6; 63; 10; 9; 6
5,31,0.20337,0.16129,5; 28; 21; 24; 31; 11; 22; 11
68,82,0.71468,0.82927,68; 7; 5; 3; 82; 4; 3; 4
12,48,0.26014,0.25,12; 19; 21; 14; 48; 5; 13; 12
5,10,0.28441,0.5,5; 20; 23; 29; 10; 16; 25; 12
6,10,0.37827,0.6,6; 18; 15; 3; 10; 25; 14; 28
10,53,0.22316,0.18868,10; 15; 27; 18; 53; 15; 9; 11
7,26,0.24962,0.26923,7; 20; 26; 5; 26; 7; 10; 15
41,49,0.82009,0.83673,41; 5; 13; 13; 49; 12; 14; 7
6,9,0.34448,0.66667,6; 16; 28; 26; 9; 16; 13; 8
8,9,0.40494,0.88889,8; 5; 30; 6; 9; 27; 15; 19
7,64,0.1469,0.10938,7; 14; 20; 21; 64; 10; 7; 5
11,64,0.21932,0.17188,11; 3; 3; 23; 64; 11; 8; 8
62,64,0.91091,0.96875,62; 8; 5; 10; 64; 9; 5; 5
9,78,0.21027,0.11538,9; 4; 3; 16; 78; 5; 5; 3
44,48,0.80886,0.91667,44; 18; 18; 8; 48; 4; 5; 8
47,77,0.78322,0.61039,47; 6; 12; 11; 77; 6; 5; 6
7,9,0.36977,0.77778,7; 25; 19; 4; 9; 13; 3; 15
17,78,0.32178,0.21795,17; 9; 22; 5; 78; 6; 4; 5
35,78,0.58142,0.44872,35; 17; 17; 18; 78; 3; 6; 5
38,49,0.76522,0.77551,38; 13; 18; 12; 49; 4; 13; 13
6,77,0.10772,0.07792,6; 17; 20; 10; 77; 4; 5; 4
8,10,0.41543,0.8,8; 16; 26; 10; 10; 3; 3; 14
34,42,0.7734,0.80952,34; 8; 10; 19; 42; 16; 9; 14
42,64,0.69772,0.65625,42; 18; 18; 6; 64; 5; 6; 9
63,77,0.86281,0.81818,63; 6; 10; 6; 77; 7; 3; 4
20,75,0.37278,0.26667,20; 22; 15; 17; 75; 4; 4; 3
39,64,0.64602,0.60938,39; 10; 3; 19; 64; 5; 4; 3
32,78,0.53315,0.41026,32; 12; 4; 11; 78; 5; 5; 3
19,78,0.37905,0.24359,19; 18; 15; 22; 78; 4; 5; 3
29,77,0.5057,0.37662,29; 21; 13; 10; 77; 6; 7; 7
77,78,0.78147,0.98718,77; 6; 3; 6; 78; 5; 5; 5
66,75,0.84014,0.88,66; 9; 9; 10; 75; 7; 5; 4
27,42,0.6357,0.64286,27; 21; 6; 17; 42; 5; 17; 17
51,64,0.79444,0.79688,51; 4; 14; 13; 64; 3; 5; 5
8,63,0.13219,0.12698,8; 24; 22; 4; 63; 7; 11; 5
42,75,0.70612,0.56,42; 16; 18; 18; 75; 6; 6; 4
23,31,0.7502,0.74194,23; 22; 19; 9; 31; 4; 16; 8
7,78,0.1627,0.08974,7; 29; 3; 12; 78; 6; 3; 4
9,53,0.21835,0.16981,9; 15; 16; 12; 53; 7; 7; 10
41,49,0.75743,0.83673,41; 12; 16; 5; 49; 5; 7; 7
24,42,0.60823,0.57143,24; 19; 8; 15; 42; 6; 13; 7
51,78,0.75423,0.65385,51; 4; 12; 14; 78; 6; 3; 5
74,78,0.81408,0.94872,74; 4; 4; 7; 78; 3; 6; 4
6,9,0.33007,0.66667,6; 3; 23; 11; 9; 3; 26; 16
29,77,0.54095,0.37662,29; 13; 15; 21; 77; 7; 3; 6
22,77,0.38522,0.28571,22; 4; 11; 5; 77; 6; 4; 4
15,75,0.32082,0.2,15; 11; 7; 11; 75; 7; 5; 7
17,26,0.60231,0.65385,17; 12; 27; 25; 26; 7; 9; 23
6,10,0.33844,0.6,6; 15; 21; 17; 10; 19; 26; 6
15,31,0.4929,0.48387,15; 26; 27; 25; 31; 18; 9; 14
43,53,0.77051,0.81132,43; 16; 9; 17; 53; 4; 13; 5
55,64,0.93828,0.85938,55; 12; 3; 14; 64; 10; 9; 10
55,70,0.89636,0.78571,55; 5; 3; 4; 70; 5; 9; 6
18,26,0.67677,0.69231,18; 8; 7; 4; 26; 17; 23; 9
7,9,0.34151,0.77778,7; 8; 17; 25; 9; 20; 17; 12
10,75,0.21458,0.13333,10; 23; 26; 27; 75; 4; 6; 6
42,77,0.68297,0.54545,42; 5; 11; 3; 77; 4; 3; 4
70,78,0.83542,0.89744,70; 9; 7; 4; 78; 4; 4; 3
49,64,0.83485,0.76562,49; 9; 16; 12; 64; 11; 5; 8
21,26,0.74043,0.80769,21; 12; 14; 21; 26; 18; 23; 23
35,53,0.6983,0.66038,35; 15; 19; 21; 53; 6; 3; 6
72,78,0.82983,0.92308,72; 4; 3; 8; 78; 3; 6; 5
5,10,0.33333,0.5,5; 6; 8; 11; 10; 20; 17; 17
17,49,0.35009,0.34694,17; 21; 27; 15; 49; 15; 5; 11
62,70,0.87927,0.88571,62; 7; 8; 6; 70; 7; 7; 3
34,70,0.54668,0.48571,34; 14; 18; 15; 70; 5; 8; 3
15,49,0.30607,0.30612,15; 9; 13; 24; 49; 3; 9; 9
12,82,0.28542,0.14634,12; 20; 16; 3; 82; 4; 5; 4
20,32,0.6502,0.625,20; 10; 22; 12; 32; 12; 16; 21
6,9,0.34539,0.66667,6; 16; 6; 11; 9; 25; 14; 20
20,48,0.43418,0.41667,20; 13; 14; 11; 48; 5; 3; 7
48,77,0.74057,0.62338,48; 16; 14; 6; 77; 4; 6; 4
48,49,0.82455,0.97959,48; 9; 6; 15; 49; 8; 13; 9
36,64,0.63291,0.5625,36; 16; 7; 14; 64; 11; 5; 8
13,53,0.24646,0.24528,13; 9; 20; 24; 53; 13; 8; 9
27,31,0.74397,0.87097,27; 4; 21; 18; 31; 9; 22; 21
5,26,0.21223,0.19231,5; 22; 22; 25; 26; 18; 16; 17
7,42,0.17487,0.16667,7; 9; 7; 13; 42; 10; 14; 17
24,82,0.41354,0.29268,24; 23; 18; 16; 82; 4; 5; 3
6,42,0.17945,0.14286,6; 24; 28; 24; 42; 18; 7; 17
30,32,0.76378,0.9375,30; 7; 9; 14; 32; 8; 6; 15
11,31,0.3643,0.35484,11; 22; 20; 10; 31; 12; 20; 5
7,10,0.35227,0.7,7; 28; 11; 8; 10; 19; 26; 24
24,31,0.70407,0.77419,24; 13; 6; 17; 31; 7; 11; 3
6,10,0.32548,0.6,6; 29; 14; 5; 10; 23; 5; 9
6,63,0.10423,0.09524,6; 13; 27; 30; 63; 6; 9; 3
7,26,0.27111,0.26923,7; 18; 14; 26; 26; 8; 7; 18
26,82,0.50059,0.31707,26; 10; 15; 3; 82; 3; 5; 5
31,70,0.52601,0.44286,31; 11; 7; 12; 70; 9; 7; 7
5,10,0.3417,0.5,5; 11; 4; 5; 10; 27; 14; 17
27,31,0.77521,0.87097,27; 9; 11; 17; 31; 18; 13; 14
51,75,0.72816,0.68,51; 5; 4; 5; 75; 7; 3; 3
71,78,0.82979,0.91026,71; 8; 6; 5; 78; 6; 4; 4
6,31,0.18685,0.19355,6; 11; 17; 28; 31; 4; 17; 21
55,82,0.89306,0.67073,55; 10; 4; 9; 82; 3; 3; 4
67,70,0.90409,0.95714,67; 9; 5; 3; 70; 8; 8; 6
47,64,0.78427,0.73438,47; 17; 8; 14; 64; 3; 10; 10
43,64,0.70987,0.67188,43; 17; 13; 10; 64; 6; 3; 11
5,10,0.29971,0.5,5; 16; 12; 13; 10; 19; 10; 25
51,63,0.8027,0.80952,51; 5; 11; 9; 63; 7; 7; 9
13,48,0.29151,0.27083,13; 5; 28; 8; 48; 5; 3; 13
10,31,0.35871,0.32258,10; 26; 10; 18; 31; 17; 4; 3
5,10,0.33349,0.5,5; 10; 16; 13; 10; 8; 22; 9
16,75,0.32821,0.21333,16; 3; 13; 12; 75; 5; 4; 5
51,53,0.83796,0.96226,51; 9; 5; 8; 53; 7; 5; 4
40,49,0.78887,0.81633,40; 12; 13; 7; 49; 14; 9; 4
23,42,0.5349,0.54762,23; 9; 23; 23; 42; 13; 14; 10
19,75,0.37519,0.25333,19; 10; 8; 23; 75; 4; 7; 5
48,63,0.80472,0.7619,48; 15; 6; 4; 63; 5; 9; 10
17,49,0.35929,0.34694,17; 22; 27; 17; 49; 8; 9; 4
56,64,0.92121,0.875,56; 8; 12; 14; 64; 8; 11; 5
6,9,0.30919,0.66667,6; 19; 17; 5; 9; 23; 5; 23
13,31,0.4004,0.41935,13; 9; 22; 13; 31; 18; 17; 21
7,10,0.39209,0.7,7; 9; 16; 8; 10; 16; 24; 25
5,9,0.28477,0.55556,5; 5; 6; 10; 9; 3; 5; 23
53,77,0.81273,0.68831,53; 15; 14; 11; 77; 6; 5; 6
6,31,0.22205,0.19355,6; 21; 24; 25; 31; 3; 15; 13
45,53,0.8422,0.84906,45; 13; 5; 4; 53; 5; 12; 9
52,78,0.70861,0.66667,52; 3; 15; 15; 78; 3; 3; 4
6,77,0.1282,0.07792,6; 27; 14; 4; 77; 3; 4; 6
14,75,0.2643,0.18667,14; 21; 14; 16; 75; 3; 3; 4
13,42,0.33563,0.30952,13; 23; 20; 25; 42; 11; 6; 7
5,32,0.19,0.15625,5; 17; 29; 25; 32; 10; 3; 14
9,82,0.21252,0.10976,9; 13; 15; 14; 82; 3; 4; 4
29,78,0.48819,0.37179,29; 9; 14; 18; 78; 6; 3; 5
49,63,0.86253,0.77778,49; 3; 16; 10; 63; 10; 4; 7
34,42,0.76721,0.80952,34; 16; 12; 15; 42; 8; 16; 18
47,75,0.7739,0.62667,47; 9; 4; 5; 75; 5; 5; 5
14,26,0.48598,0.53846,14; 15; 16; 4; 26; 7; 20; 18
38,63,0.64089,0.60317,38; 9; 9; 11; 63; 7; 3; 8
5,9,0.31045,0.55556,5; 16; 15; 4; 9; 6; 9; 19
16,26,0.5674,0.61538,16; 11; 21; 22; 26; 4; 9; 16
36,42,0.8616,0.85714,36; 4; 19; 4; 42; 10; 5; 17
10,77,0.22684,0.12987,10; 16; 13; 17; 77; 6; 4; 5
21,31,0.6386,0.67742,21; 19; 12; 17; 31; 5; 14; 14
52,53,0.87821,0.98113,52; 5; 6; 3; 53; 12; 7; 5
67,78,0.8176,0.85897,67; 3; 6; 8; 78; 6; 5; 4
5,26,0.17918,0.19231,5; 19; 28; 5; 26; 14; 24; 3
18,64,0.31788,0.28125,18; 26; 4; 24; 64; 6; 10; 3
76,82,0.7466,0.92683,76; 3; 4; 6; 82; 4; 5; 5
11,26,0.45919,0.42308,11; 12; 3; 25; 26; 10; 23; 13
10,32,0.31243,0.3125,10; 24; 8; 13; 32; 6; 10; 8
31,42,0.74228,0.7381,31; 16; 12; 10; 42; 13; 17; 15
21,26,0.80309,0.80769,21; 9; 17; 17; 26; 18; 24; 24
58,75,0.88083,0.77333,58; 9; 6; 12; 75; 7; 7; 6
68,82,0.84156,0.82927,68; 4; 6; 6; 82; 5; 5; 3
31,32,0.81882,0.96875,31; 10; 17; 11; 32; 20; 9; 5
5,9,0.31746,0.55556,5; 27; 29; 16; 9; 8; 18; 23
15,32,0.46431,0.46875,15; 11; 19; 20; 32; 6; 10; 20
8,10,0.45887,0.8,8; 3; 28; 29; 10; 11; 15; 4
30,75,0.50461,0.4,30; 4; 4; 16; 75; 3; 3; 6
17,63,0.31017,0.26984,17; 26; 24; 25; 63; 5; 5; 10
7,77,0.1425,0.09091,7; 3; 7; 18; 77; 3; 3; 7
45,70,0.70913,0.64286,45; 5; 12; 11; 70; 5; 5; 9
13,26,0.4846,0.5,13; 22; 4; 22; 26; 4; 24; 3
13,32,0.42679,0.40625,13; 8; 15; 8; 32; 17; 11; 3
12,64,0.22298,0.1875,12; 25; 10; 22; 64; 5; 7; 3
7,9,0.37393,0.77778,7; 30; 6; 12; 9; 20; 29; 19
19,31,0.58748,0.6129,19; 21; 16; 12; 31; 4; 5; 20
14,26,0.49632,0.53846,14; 3; 19; 21; 26; 10; 5; 20
27,31,0.75294,0.87097,27; 23; 4; 12; 31; 21; 12; 22
60,64,0.95137,0.9375,60; 8; 4; 10; 64; 9; 3; 11
15,31,0.47985,0.48387,15; 7; 12; 8; 31; 20; 12; 18
15,31,0.49885,0.48387,15; 14; 6; 7; 31; 20; 18; 8
6,32,0.21495,0.1875,6; 6; 23; 21; 32; 8; 18; 13
6,82,0.12207,0.07317,6; 23; 18; 10; 82; 3; 3; 3
29,31,0.78761,0.93548,29; 10; 12; 5; 31; 11; 7; 14
46,70,0.77299,0.65714,46; 8; 11; 11; 70; 3; 8; 3
26,49,0.52659,0.53061,26; 12; 20; 16; 49; 12; 12; 3
6,31,0.22428,0.19355,6; 21; 4; 7; 31; 7; 12; 22
23,48,0.51536,0.47917,23; 23; 8; 6; 48; 15; 6; 4
34,78,0.57602,0.4359,34; 16; 14; 7; 78; 6; 6; 6
31,48,0.67395,0.64583,31; 9; 10; 6; 48; 12; 16; 4
17,31,0.57873,0.54839,17; 4; 12; 11; 31; 18; 12; 20
7,75,0.16523,0.09333,7; 9; 23; 8; 75; 7; 6; 5
23,26,0.79031,0.88462,23; 25; 8; 21; 26; 22; 6; 6
6,10,0.33623,0.6,6; 20; 17; 10; 10; 12; 7; 18
14,32,0.4478,0.4375,14; 18; 17; 28; 32; 20; 18; 21
17,26,0.57273,0.65385,17; 9; 27; 10; 26; 23; 24; 17
38,63,0.62186,0.60317,38; 7; 16; 15; 63; 8; 8; 10
61,75,0.90533,0.81333,61; 9; 3; 4; 75; 4; 5; 4
52,70,0.83188,0.74286,52; 14; 14; 14; 70; 6; 7; 8
27,32,0.7348,0.84375,27; 3; 3; 6; 32; 3; 16; 7
9,10,0.45925,0.9,9; 17; 29; 27; 10; 25; 20; 26
14,42,0.40182,0.33333,14; 6; 16; 8; 42; 16; 9; 3
14,70,0.25541,0.2,14; 8; 8; 27; 70; 3; 6; 4
38,64,0.62376,0.59375,38; 10; 6; 6; 64; 9; 4; 7
42,78,0.64322,0.53846,42; 4; 15; 15; 78; 3; 6; 4
26,82,0.45867,0.31707,26; 8; 17; 24; 82; 5; 3; 3
28,42,0.64855,0.66667,28; 20; 8; 22; 42; 17; 14; 6
41,48,0.80183,0.85417,41; 15; 8; 9; 48; 14; 10; 4
15,42,0.36061,0.35714,15; 22; 22; 12; 42; 14; 9; 8
5,53,0.09813,0.09434,5; 20; 3; 16; 53; 11; 9; 3
13,26,0.50142,0.5,13; 21; 22; 14; 26; 20; 21; 10
7,10,0.38201,0.7,7; 8; 21; 5; 10; 6; 10; 6
23,70,0.40695,0.32857,23; 13; 3; 14; 70; 4; 6; 3
26,42,0.63531,0.61905,26; 21; 16; 13; 42; 13; 15; 11
35,48,0.8148,0.72917,35; 16; 9; 15; 48; 12; 7; 3
44,63,0.71624,0.69841,44; 12; 7; 15; 63; 3; 11; 4
8,9,0.38206,0.88889,8; 4; 27; 29; 9; 28; 19; 7
30,70,0.51184,0.42857,30; 10; 13; 9; 70; 7; 3; 7
6,49,0.1179,0.12245,6; 21; 27; 29; 49; 9; 9; 4
6,9,0.33162,0.66667,6; 24; 13; 8; 9; 13; 26; 4
10,49,0.21024,0.20408,10; 24; 15; 27; 49; 7; 6; 7
43,64,0.70212,0.67188,43; 5; 6; 9; 64; 8; 7; 6
6,9,0.32813,0.66667,6; 10; 14; 17; 9; 23; 29; 9
51,70,0.82966,0.72857,51; 9; 8; 8; 70; 7; 8; 5
19,53,0.38542,0.35849,19; 8; 7; 21; 53; 14; 12; 4
5,63,0.08635,0.07937,5; 27; 26; 16; 63; 6; 4; 8
36,42,0.76311,0.85714,36; 12; 7; 7; 42; 16; 9; 10
37,77,0.6006,0.48052,37; 6; 9; 5; 77; 7; 6; 3
63,82,0.72397,0.76829,63; 3; 10; 7; 82; 4; 4; 5
19,31,0.58467,0.6129,19; 19; 23; 23; 31; 20; 4; 7
31,42,0.83088,0.7381,31; 7; 5; 7; 42; 12; 10; 18
30,64,0.49472,0.46875,30; 12; 5; 3; 64; 5; 11; 5
45,53,0.79481,0.84906,45; 6; 8; 9; 53; 12; 4; 11
17,64,0.30458,0.26562,17; 6; 13; 25; 64; 9; 11; 10
36,48,0.81522,0.75,36; 6; 20; 13; 48; 3; 11; 13
65,70,0.90177,0.92857,65; 7; 3; 3; 70; 7; 7; 3
18,70,0.34518,0.25714,18; 24; 19; 13; 70; 8; 3; 4
10,26,0.38737,0.38462,10; 7; 27; 12; 26; 3; 16; 5
17,26,0.56962,0.65385,17; 21; 21; 15; 26; 4; 12; 7
27,78,0.46931,0.34615,27; 12; 19; 12; 78; 6; 5; 6
32,53,0.6316,0.60377,32; 8; 10; 5; 53; 12; 9; 8
20,63,0.35288,0.31746,20; 15; 23; 10; 63; 8; 8; 3
5,78,0.1177,0.0641,5; 21; 28; 9; 78; 5; 3; 5
35,63,0.59521,0.55556,35; 17; 16; 10; 63; 8; 8; 6
7,26,0.2928,0.26923,7; 20; 27; 27; 26; 14; 8; 12
53,77,0.82965,0.68831,53; 11; 11; 15; 77; 7; 4; 6
7,82,0.1511,0.08537,7; 20; 7; 4; 82; 4; 5; 5
7,32,0.25624,0.21875,7; 4; 10; 4; 32; 5; 13; 17
6,10,0.3296,0.6,6; 20; 9; 16; 10; 8; 11; 9
27,32,0.77508,0.84375,27; 22; 12; 19; 32; 17; 16; 11
35,82,0.57188,0.42683,35; 13; 6; 18; 82; 3; 5; 3
27,42,0.62321,0.64286,27; 14; 17; 3; 42; 14; 16; 3
40,75,0.63338,0.53333,40; 4; 11; 5; 75; 3; 3; 5
29,49,0.61794,0.59184,29; 20; 7; 7; 49; 12; 7; 4
23,31,0.70037,0.74194,23; 8; 12; 17; 31; 17; 5; 21
19,42,0.44958,0.45238,19; 14; 14; 10; 42; 6; 5; 9
51,64,0.81411,0.79688,51; 8; 10; 5; 64; 8; 10; 6
29,48,0.63074,0.60417,29; 9; 3; 11; 48; 16; 5; 5
8,49,0.162,0.16327,8; 28; 11; 28; 49; 16; 7; 5
22,31,0.70664,0.70968,22; 10; 9; 3; 31; 22; 9; 14
19,32,0.62844,0.59375,19; 3; 9; 21; 32; 10; 3; 18
9,10,0.45818,0.9,9; 17; 19; 28; 10; 19; 23; 27
36,82,0.58877,0.43902,36; 16; 19; 5; 82; 5; 4; 3
7,77,0.15898,0.09091,7; 14; 17; 11; 77; 6; 7; 3
12,64,0.23037,0.1875,12; 26; 24; 4; 64; 11; 4; 7
14,49,0.284,0.28571,14; 11; 21; 7; 49; 13; 9; 5
5,10,0.34739,0.5,5; 30; 24; 27; 10; 22; 27; 25
15,78,0.31266,0.19231,15; 16; 7; 14; 78; 4; 4; 4
46,49,0.79051,0.93878,46; 5; 8; 5; 49; 3; 11; 3
6,10,0.37175,0.6,6; 29; 20; 26; 10; 8; 24; 25
17,53,0.34373,0.32075,17; 10; 13; 10; 53; 12; 14; 7
16,70,0.27251,0.22857,16; 11; 11; 4; 70; 7; 4; 3
55,70,0.92305,0.78571,55; 4; 8; 7; 70; 8; 5; 6
73,78,0.84219,0.9359,73; 6; 4; 6; 78; 3; 6; 5
6,10,0.35216,0.6,6; 20; 30; 11; 10; 18; 20; 25
30,42,0.73787,0.71429,30; 19; 3; 5; 42; 7; 9; 12
62,70,0.92366,0.88571,62; 12; 11; 5; 70; 8; 9; 9
36,42,0.83904,0.85714,36; 20; 9; 17; 42; 15; 10; 14
13,64,0.24229,0.20312,13; 6; 9; 12; 64; 8; 6; 9
11,77,0.21542,0.14286,11; 16; 22; 23; 77; 6; 4; 7
8,48,0.18874,0.16667,8; 5; 11; 13; 48; 14; 13; 11
51,70,0.74346,0.72857,51; 7; 15; 9; 70; 4; 7; 9
13,32,0.42146,0.40625,13; 16; 26; 13; 32; 20; 22; 16
21,31,0.68147,0.67742,21; 5; 21; 24; 31; 22; 20; 10
19,77,0.36235,0.24675,19; 12; 26; 8; 77; 5; 5; 4
7,9,0.39032,0.77778,7; 27; 23; 8; 9; 7; 9; 7
65,82,0.77186,0.79268,65; 6; 11; 3; 82; 4; 4; 5
28,53,0.55827,0.5283,28; 4; 23; 23; 53; 9; 3; 8
17,75,0.30664,0.22667,17; 5; 9; 4; 75; 6; 4; 4
12,78,0.23215,0.15385,12; 18; 12; 28; 78; 3; 6; 3
10,63,0.1951,0.15873,10; 16; 6; 12; 63; 11; 7; 7
43,70,0.72533,0.61429,43; 8; 6; 9; 70; 4; 3; 6
20,32,0.60728,0.625,20; 18; 9; 14; 32; 15; 7; 15
39,63,0.6744,0.61905,39; 15; 5; 8; 63; 10; 7; 5
61,70,0.90195,0.87143,61; 9; 11; 3; 70; 8; 9; 5
53,63,0.85855,0.84127,53; 4; 11; 6; 63; 10; 11; 3
25,82,0.47331,0.30488,25; 10; 16; 9; 82; 5; 4; 3
5,9,0.32154,0.55556,5; 27; 17; 7; 9; 12; 11; 5
5,9,0.33086,0.55556,5; 4; 15; 24; 9; 22; 5; 18
15,49,0.34581,0.30612,15; 11; 15; 17; 49; 16; 16; 3
21,26,0.70631,0.80769,21; 15; 3; 4; 26; 9; 18; 8
29,49,0.60933,0.59184,29; 21; 4; 13; 49; 12; 7; 14
74,78,0.71308,0.94872,74; 7; 4; 4; 78; 5; 6; 3
7,53,0.13775,0.13208,7; 6; 8; 7; 53; 14; 12; 14
42,82,0.6602,0.5122,42; 7; 16; 16; 82; 3; 5; 5
46,75,0.69328,0.61333,46; 13; 4; 12; 75; 5; 7; 6
38,49,0.82624,0.77551,38; 4; 16; 20; 49; 7; 14; 16
5,9,0.32338,0.55556,5; 18; 11; 12; 9; 28; 17; 16
31,53,0.62106,0.58491,31; 9; 3; 20; 53; 15; 13; 12
31,63,0.52866,0.49206,31; 10; 8; 9; 63; 10; 7; 3
21,48,0.47255,0.4375,21; 25; 7; 25; 48; 6; 14; 15
55,64,0.91179,0.85938,55; 12; 10; 8; 64; 7; 8; 11
6,63,0.11997,0.09524,6; 23; 14; 18; 63; 8; 11; 11
23,42,0.56021,0.54762,23; 13; 19; 25; 42; 12; 18; 11
55,64,0.95003,0.85938,55; 14; 14; 11; 64; 10; 3; 8
8,9,0.39991,0.88889,8; 14; 30; 25; 9; 18; 11; 13
15,26,0.6095,0.57692,15; 12; 23; 8; 26; 15; 18; 16
54,77,0.91909,0.7013,54; 12; 11; 9; 77; 7; 3; 4
7,9,0.37633,0.77778,7; 9; 16; 20; 9; 16; 15; 4
6,9,0.34261,0.66667,6; 30; 6; 17; 9; 9; 7; 8
24,32,0.71617,0.75,24; 7; 17; 23; 32; 3; 20; 11
7,75,0.15254,0.09333,7; 10; 7; 5; 75; 4; 3; 4
17,32,0.51662,0.53125,17; 25; 11; 9; 32; 15; 7; 16
19,75,0.35901,0.25333,19; 16; 3; 11; 75; 3; 3; 5
8,9,0.41597,0.88889,8; 9; 23; 11; 9; 4; 27; 8
15,26,0.58179,0.57692,15; 5; 11; 24; 26; 6; 21; 24
32,78,0.52876,0.41026,32; 4; 7; 21; 78; 4; 4; 3
5,10,0.2957,0.5,5; 26; 19; 27; 10; 7; 5; 10
5,42,0.15532,0.11905,5; 23; 23; 12; 42; 9; 16; 9
29,32,0.76678,0.90625,29; 14; 19; 11; 32; 16; 8; 21
54,82,0.84645,0.65854,54; 11; 11; 10; 82; 5; 4; 4
12,78,0.26138,0.15385,12; 8; 7; 23; 78; 3; 3; 3
8,10,0.40713,0.8,8; 26; 20; 19; 10; 29; 23; 7
35,78,0.58536,0.44872,35; 9; 21; 8; 78; 3; 4; 5
18,53,0.34045,0.33962,18; 24; 17; 16; 53; 6; 11; 5
45,63,0.78957,0.71429,45; 4; 16; 9; 63; 6; 9; 10
17,63,0.2812,0.26984,17; 15; 6; 5; 63; 5; 3; 3
8,48,0.18629,0.16667,8; 16; 26; 25; 48; 12; 14; 10
21,64,0.3585,0.32812,21; 5; 10; 6; 64; 5; 9; 9
17,26,0.57288,0.65385,17; 21; 20; 26; 26; 16; 20; 23
45,48,0.81516,0.9375,45; 9; 14; 3; 48; 5; 11; 16
35,82,0.60578,0.42683,35; 13; 19; 10; 82; 4; 4; 5
31,32,0.81636,0.96875,31; 6; 21; 5; 32; 20; 20; 20
47,70,0.72587,0.67143,47; 9; 3; 6; 70; 7; 3; 4
26,31,0.70175,0.83871,26; 3; 13; 15; 31; 11; 16; 4
9,31,0.30617,0.29032,9; 11; 23; 3; 31; 8; 3; 18
29,49,0.58426,0.59184,29; 15; 14; 8; 49; 13; 13; 9
28,77,0.49842,0.36364,28; 16; 15; 20; 77; 5; 4; 5
6,10,0.37128,0.6,6; 30; 22; 20; 10; 19; 24; 21
7,10,0.39348,0.7,7; 29; 8; 12; 10; 5; 20; 25
58,70,0.92618,0.82857,58; 3; 3; 3; 70; 3; 6; 3
62,63,0.93725,0.98413,62; 12; 5; 3; 63; 3; 7; 11
6,78,0.1464,0.07692,6; 5; 25; 15; 78; 6; 4; 4
56,75,0.88148,0.74667,56; 12; 13; 10; 75; 6; 3; 7
30,48,0.66946,0.625,30; 22; 22; 22; 48; 9; 4; 8
25,70,0.43628,0.35714,25; 24; 4; 15; 70; 8; 6; 7
11,26,0.44106,0.42308,11; 7; 7; 11; 26; 7; 8; 6
35,42,0.87977,0.83333,35; 14; 9; 6; 42; 7; 3; 6
19,48,0.40698,0.39583,19; 24; 21; 11; 48; 6; 12; 12
14,77,0.2837,0.18182,14; 7; 22; 11; 77; 3; 3; 3
11,75,0.2484,0.14667,11; 8; 14; 27; 75; 6; 4; 5
12,31,0.38322,0.3871,12; 20; 6; 18; 31; 13; 12; 5
56,78,0.83702,0.71795,56; 3; 4; 7; 78; 4; 6; 5
9,10,0.45967,0.9,9; 8; 25; 12; 10; 9; 25; 6
45,48,0.83754,0.9375,45; 5; 5; 4; 48; 9; 4; 7
5,42,0.14447,0.11905,5; 15; 8; 26; 42; 9; 3; 15
11,75,0.22687,0.14667,11; 6; 7; 9; 75; 4; 4; 7
8,26,0.32281,0.30769,8; 6; 21; 27; 26; 19; 3; 19
8,9,0.37972,0.88889,8; 12; 13; 5; 9; 3; 27; 11
30,32,0.78551,0.9375,30; 9; 4; 16; 32; 19; 16; 21
34,70,0.54953,0.48571,34; 19; 7; 16; 70; 5; 3; 9
31,48,0.73168,0.64583,31; 13; 4; 3; 48; 4; 7; 12
26,63,0.42704,0.4127,26; 5; 19; 12; 63; 8; 7; 9
60,64,0.93104,0.9375,60; 6; 7; 12; 64; 9; 7; 3
47,53,0.82038,0.88679,47; 17; 14; 12; 53; 4; 7; 9
43,64,0.73809,0.67188,43; 5; 10; 5; 64; 4; 3; 11
13,31,0.42614,0.41935,13; 3; 19; 27; 31; 17; 3; 3
26,53,0.46983,0.49057,26; 3; 16; 17; 53; 6; 9; 6
5,49,0.1071,0.10204,5; 25; 3; 4; 49; 10; 10; 13
40,42,0.77976,0.95238,40; 16; 6; 18; 42; 5; 4; 5
34,42,0.80174,0.80952,34; 18; 14; 16; 42; 3; 6; 3
10,31,0.36054,0.32258,10; 9; 12; 17; 31; 12; 17; 11
59,63,0.99101,0.93651,59; 12; 4; 8; 63; 5; 3; 8
62,70,0.9217,0.88571,62; 9; 3; 12; 70; 3; 8; 6
28,32,0.75494,0.875,28; 21; 6; 16; 32; 7; 18; 9
9,10,0.44196,0.9,9; 16; 13; 23; 10; 18; 25; 29
32,75,0.52793,0.42667,32; 14; 20; 8; 75; 3; 7; 6
68,70,0.89013,0.97143,68; 3; 7; 4; 70; 3; 5; 9
20,49,0.42349,0.40816,20; 8; 24; 7; 49; 6; 7; 5
52,78,0.88314,0.66667,52; 3; 6; 9; 78; 4; 4; 4
5,9,0.27681,0.55556,5; 19; 20; 25; 9; 12; 11; 27
18,42,0.41852,0.42857,18; 15; 19; 9; 42; 17; 10; 11
25,53,0.48511,0.4717,25; 22; 16; 16; 53; 6; 11; 11
7,31,0.20447,0.22581,7; 21; 8; 6; 31; 8; 4; 20
14,31,0.46876,0.45161,14; 15; 11; 28; 31; 5; 16; 22
26,49,0.55454,0.53061,26; 4; 10; 24; 49; 3; 16; 12
9,10,0.44474,0.9,9; 20; 6; 19; 10; 3; 14; 9
55,64,0.92783,0.85938,55; 3; 4; 7; 64; 9; 4; 11
12,26,0.46823,0.46154,12; 12; 19; 22; 26; 13; 12; 6
67,70,0.88905,0.95714,67; 7; 8; 3; 70; 7; 5; 8
19,32,0.61361,0.59375,19; 8; 25; 13; 32; 21; 7; 19
32,48,0.6961,0.66667,32; 6; 3; 21; 48; 12; 14; 14
28,32,0.76734,0.875,28; 20; 19; 14; 32; 22; 16; 15
5,10,0.29524,0.5,5; 19; 30; 14; 10; 23; 11; 11
16,26,0.603,0.61538,16; 8; 16; 19; 26; 21; 21; 16
12,31,0.42238,0.3871,12; 28; 8; 14; 31; 3; 12; 16
57,70,0.92022,0.81429,57; 12; 5; 4; 70; 5; 3; 4
69,82,0.84246,0.84146,69; 8; 4; 8; 82; 5; 5; 3
5,9,0.28829,0.55556,5; 31; 7; 18; 9; 6; 3; 15
44,49,0.845,0.89796,44; 3; 14; 8; 49; 7; 8; 15
5,9,0.30033,0.55556,5; 8; 24; 3; 9; 4; 8; 3
6,9,0.37189,0.66667,6; 21; 24; 9; 9; 17; 23; 6
30,53,0.57275,0.56604,30; 18; 8; 18; 53; 8; 12; 11
59,64,0.91392,0.92188,59; 8; 8; 6; 64; 10; 6; 5
68,82,0.84232,0.82927,68; 5; 4; 4; 82; 3; 5; 4
6,10,0.34151,0.6,6; 10; 23; 14; 10; 27; 28; 16
5,9,0.28543,0.55556,5; 3; 3; 30; 9; 12; 17; 17
26,82,0.49462,0.31707,26; 9; 9; 19; 82; 3; 4; 3
75,82,0.82205,0.91463,75; 3; 7; 5; 82; 5; 3; 4
56,70,0.9347,0.8,56; 4; 14; 14; 70; 8; 7; 6
43,63,0.7607,0.68254,43; 16; 15; 12; 63; 7; 9; 3
5,9,0.29584,0.55556,5; 22; 16; 8; 9; 12; 29; 20
19,48,0.39911,0.39583,19; 25; 18; 8; 48; 14; 6; 11
68,78,0.84714,0.87179,68; 6; 6; 8; 78; 5; 4; 5
12,64,0.19487,0.1875,12; 17; 19; 18; 64; 4; 6; 4
53,63,0.85445,0.84127,53; 3; 10; 8; 63; 7; 11; 9
52,78,0.82634,0.66667,52; 6; 8; 12; 78; 5; 4; 3
24,82,0.53728,0.29268,24; 3; 11; 23; 82; 3; 5; 4
17,64,0.27511,0.26562,17; 26; 18; 11; 64; 7; 4; 3
5,10,0.28245,0.5,5; 13; 21; 31; 10; 18; 24; 17
16,49,0.31154,0.32653,16; 10; 17; 7; 49; 6; 10; 4
11,26,0.41204,0.42308,11; 13; 21; 11; 26; 10; 11; 17
14,32,0.43588,0.4375,14; 21; 21; 27; 32; 22; 22; 20
16,78,0.31426,0.20513,16; 7; 16; 4; 78; 6; 4; 3
36,77,0.59345,0.46753,36; 10; 17; 10; 77; 3; 6; 3
14,63,0.25806,0.22222,14; 10; 3; 23; 63; 10; 10; 7
11,49,0.21064,0.22449,11; 25; 11; 4; 49; 13; 16; 10
17,32,0.53644,0.53125,17; 22; 5; 7; 32; 7; 4; 3
35,75,0.58752,0.46667,35; 13; 17; 6; 75; 6; 7; 4
5,42,0.12292,0.11905,5; 10; 13; 10; 42; 10; 13; 9
18,32,0.53936,0.5625,18; 24; 7; 18; 32; 13; 21; 14
54,82,0.70009,0.65854,54; 6; 14; 5; 82; 5; 4; 5
17,64,0.30193,0.26562,17; 7; 18; 25; 64; 8; 4; 6
50,75,0.83714,0.66667,50; 4; 9; 7; 75; 6; 4; 4
57,70,0.93291,0.81429,57; 4; 7; 6; 70; 5; 3; 8
23,75,0.42267,0.30667,23; 4; 6; 15; 75; 6; 5; 7
44,78,0.69328,0.5641,44; 8; 15; 8; 78; 4; 3; 4
6,70,0.12111,0.08571,6; 11; 14; 20; 70; 7; 4; 9
5,9,0.32434,0.55556,5; 20; 28; 16; 9; 10; 7; 23
22,32,0.68626,0.6875,22; 8; 23; 12; 32; 14; 15; 14
7,42,0.17645,0.16667,7; 20; 15; 6; 42; 12; 15; 9
6,10,0.30923,0.6,6; 27; 6; 4; 10; 28; 13; 16
27,78,0.45561,0.34615,27; 11; 14; 23; 78; 6; 6; 4
23,32,0.71174,0.71875,23; 12; 23; 9; 32; 15; 7; 14
7,26,0.22821,0.26923,7; 29; 28; 18; 26; 6; 14; 5
33,63,0.54823,0.52381,33; 19; 4; 21; 63; 9; 3; 7
9,32,0.30017,0.28125,9; 11; 18; 10; 32; 4; 9; 6
31,42,0.7413,0.7381,31; 20; 18; 13; 42; 14; 13; 8
64,82,0.84804,0.78049,64; 5; 8; 8; 82; 3; 4; 5
19,26,0.73347,0.73077,19; 16; 5; 20; 26; 24; 17; 20
20,31,0.61183,0.64516,20; 3; 24; 4; 31; 11; 9; 14
46,49,0.81295,0.93878,46; 4; 16; 17; 49; 9; 7; 12
14,26,0.51459,0.53846,14; 24; 15; 22; 26; 5; 4; 16
25,31,0.72001,0.80645,25; 23; 8; 4; 31; 22; 5; 18
39,77,0.6373,0.50649,39; 18; 19; 7; 77; 5; 5; 5
7,9,0.32816,0.77778,7; 23; 28; 12; 9; 17; 27; 27
36,75,0.61067,0.48,36; 9; 3; 16; 75; 5; 4; 5
37,53,0.72629,0.69811,37; 19; 19; 6; 53; 12; 4; 12
49,78,0.70801,0.62821,49; 4; 6; 9; 78; 4; 3; 6
8,10,0.44478,0.8,8; 24; 19; 17; 10; 6; 27; 9
30,70,0.53033,0.42857,30; 10; 7; 14; 70; 3; 9; 4
23,49,0.4729,0.46939,23; 13; 17; 6; 49; 6; 3; 3
12,42,0.29913,0.28571,12; 17; 19; 7; 42; 15; 11; 6
13,48,0.31984,0.27083,13; 23; 3; 8; 48; 6; 3; 13
16,70,0.27266,0.22857,16; 17; 6; 15; 70; 9; 4; 7
14,49,0.30884,0.28571,14; 27; 19; 8; 49; 14; 7; 12
55,75,0.84892,0.73333,55; 11; 13; 14; 75; 3; 6; 3
47,49,0.81944,0.95918,47; 16; 5; 13; 49; 9; 13; 10
39,49,0.77117,0.79592,39; 3; 10; 7; 49; 12; 9; 10
24,53,0.45669,0.45283,24; 12; 16; 20; 53; 6; 10; 8
42,49,0.79066,0.85714,42; 16; 10; 3; 49; 15; 7; 16
12,32,0.37314,0.375,12; 27; 14; 10; 32; 12; 4; 15
41,53,0.79121,0.77358,41; 13; 19; 12; 53; 11; 6; 13
5,31,0.18798,0.16129,5; 18; 6; 18; 31; 5; 7; 8
17,64,0.30104,0.26562,17; 15; 25; 21; 64; 9; 3; 8
35,63,0.61163,0.55556,35; 13; 19; 4; 63; 10; 3; 6
32,82,0.56157,0.39024,32; 19; 11; 9; 82; 3; 5; 4
8,9,0.39142,0.88889,8; 28; 14; 7; 9; 21; 21; 18
5,32,0.20119,0.15625,5; 22; 23; 19; 32; 9; 5; 4
38,70,0.63174,0.54286,38; 20; 3; 3; 70; 5; 8; 3
55,77,0.85237,0.71429,55; 4; 13; 11; 77; 6; 3; 7
19,64,0.32895,0.29688,19; 10; 7; 11; 64; 5; 4; 9
15,48,0.34172,0.3125,15; 26; 21; 10; 48; 12; 9; 3
60,64,0.94155,0.9375,60; 12; 5; 4; 64; 7; 10; 10
26,31,0.68653,0.83871,26; 20; 9; 23; 31; 15; 13; 17
62,63,0.94302,0.98413,62; 5; 3; 10; 63; 11; 3; 3
52,53,0.87213,0.98113,52; 10; 14; 12; 53; 13; 13; 11
47,53,0.82801,0.88679,47; 11; 5; 3; 53; 7; 4; 3
30,64,0.49858,0.46875,30; 5; 5; 12; 64; 11; 6; 5
19,49,0.38706,0.38776,19; 11; 4; 25; 49; 14; 3; 13
34,78,0.55606,0.4359,34; 18; 16; 11; 78; 4; 5; 6
50,75,0.76226,0.66667,50; 12; 16; 10; 75; 3; 5; 7
15,42,0.36012,0.35714,15; 26; 25; 17; 42; 10; 3; 16
22,42,0.5238,0.52381,22; 15; 20; 8; 42; 16; 3; 7
21,31,0.67915,0.67742,21; 15; 3; 17; 31; 18; 4; 9
63,77,0.88167,0.81818,63; 3; 11; 4; 77; 5; 6; 3
47,75,0.75812,0.62667,47; 10; 12; 6; 75; 7; 6; 4
10,26,0.38773,0.38462,10; 16; 13; 15; 26; 17; 18; 22
6,9,0.32544,0.66667,6; 18; 30; 27; 9; 8; 27; 6
12,53,0.25451,0.22642,12; 14; 25; 25; 53; 7; 10; 13
15,78,0.28063,0.19231,15; 4; 27; 22; 78; 6; 6; 4
58,70,0.93399,0.82857,58; 6; 7; 5; 70; 3; 9; 9
20,32,0.64682,0.625,20; 24; 15; 26; 32; 10; 13; 11
50,70,0.84063,0.71429,50; 4; 5; 7; 70; 6; 6; 8
9,53,0.21578,0.16981,9; 11; 16; 19; 53; 3; 4; 6
15,77,0.2726,0.19481,15; 5; 14; 13; 77; 7; 7; 5
6,70,0.11874,0.08571,6; 30; 24; 13; 70; 9; 8; 6
6,48,0.12339,0.125,6; 10; 4; 22; 48; 3; 16; 10
22,26,0.80087,0.84615,22; 20; 20; 19; 26; 8; 15; 17
7,9,0.36862,0.77778,7; 6; 27; 23; 9; 7; 13; 12
25,26,0.78613,0.96154,25; 17; 3; 12; 26; 9; 23; 9
20,32,0.63135,0.625,20; 7; 25; 12; 32; 6; 21; 11
16,49,0.3486,0.32653,16; 11; 24; 16; 49; 15; 14; 13
8,9,0.39368,0.88889,8; 27; 6; 10; 9; 12; 29; 4
19,70,0.3627,0.27143,19; 14; 10; 5; 70; 6; 5; 9
5,49,0.11918,0.10204,5; 24; 9; 24; 49; 6; 14; 11
35,53,0.67101,0.66038,35; 16; 15; 8; 53; 7; 10; 14
10,42,0.24575,0.2381,10; 27; 24; 20; 42; 3; 10; 14
67,78,0.79782,0.85897,67; 3; 5; 8; 78; 5; 6; 5
27,49,0.54996,0.55102,27; 3; 18; 8; 49; 8; 11; 14
15,82,0.32685,0.18293,15; 17; 18; 18; 82; 3; 4; 5
21,48,0.46612,0.4375,21; 16; 16; 24; 48; 15; 8; 4
6,10,0.371,0.6,6; 18; 29; 29; 10; 8; 4; 13
45,63,0.73453,0.71429,45; 11; 11; 4; 63; 11; 9; 11
47,82,0.66937,0.57317,47; 6; 13; 11; 82; 4; 3; 5
17,48,0.35043,0.35417,17; 6; 9; 26; 48; 12; 10; 7
32,77,0.53425,0.41558,32; 11; 20; 9; 77; 5; 5; 5
36,63,0.64096,0.57143,36; 17; 3; 6; 63; 10; 4; 5
24,26,0.76456,0.92308,24; 9; 13; 18; 26; 11; 3; 18
8,63,0.12991,0.12698,8; 23; 23; 10; 63; 7; 10; 5
44,75,0.70841,0.58667,44; 11; 4; 13; 75; 3; 7; 4
9,31,0.30804,0.29032,9; 9; 13; 7; 31; 19; 20; 16
59,70,0.91248,0.84286,59; 10; 8; 6; 70; 3; 4; 5
7,31,0.26188,0.22581,7; 29; 30; 10; 31; 21; 3; 12
6,31,0.20622,0.19355,6; 10; 19; 4; 31; 22; 19; 7
48,53,0.85065,0.90566,48; 12; 13; 13; 53; 6; 13; 9
19,42,0.43044,0.45238,19; 22; 14; 6; 42; 5; 4; 17
51,75,0.78191,0.68,51; 7; 9; 7; 75; 5; 7; 7
53,63,0.92925,0.84127,53; 8; 11; 13; 63; 5; 9; 3
13,31,0.43796,0.41935,13; 14; 4; 28; 31; 19; 22; 4
49,82,0.80283,0.59756,49; 7; 8; 7; 82; 3; 5; 4
6,75,0.15114,0.08,6; 7; 14; 22; 75; 6; 5; 3
5,77,0.06086,0.06494,5; 27; 8; 18; 77; 7; 3; 7
20,31,0.65334,0.64516,20; 20; 11; 16; 31; 15; 8; 15
19,77,0.37407,0.24675,19; 21; 16; 10; 77; 6; 5; 7
5,9,0.28729,0.55556,5; 31; 20; 28; 9; 22; 5; 8
19,48,0.42692,0.39583,19; 17; 4; 26; 48; 9; 5; 6
28,49,0.56493,0.57143,28; 16; 10; 23; 49; 4; 13; 5
39,63,0.64106,0.61905,39; 9; 11; 10; 63; 8; 4; 7
23,53,0.45923,0.43396,23; 13; 18; 20; 53; 11; 15; 4
13,31,0.40828,0.41935,13; 27; 14; 23; 31; 22; 6; 16
44,70,0.70319,0.62857,44; 3; 13; 6; 70; 3; 6; 7
10,31,0.36458,0.32258,10; 26; 13; 25; 31; 14; 3; 15
13,70,0.22037,0.18571,13; 21; 5; 8; 70; 3; 6; 3
57,78,0.90368,0.73077,57; 5; 12; 7; 78; 3; 3; 4
32,75,0.518,0.42667,32; 7; 3; 19; 75; 5; 3; 7
20,53,0.39641,0.37736,20; 12; 15; 19; 53; 7; 7; 8
5,26,0.22956,0.19231,5; 17; 24; 16; 26; 7; 11; 14
67,82,0.85682,0.81707,67; 6; 3; 3; 82; 3; 5; 5
52,82,0.86365,0.63415,52; 15; 12; 11; 82; 3; 5; 3
9,10,0.4617,0.9,9; 27; 21; 7; 10; 12; 9; 12
16,26,0.63076,0.61538,16; 7; 6; 9; 26; 24; 19; 17
37,70,0.60057,0.52857,37; 16; 18; 8; 70; 8; 6; 6
40,64,0.64703,0.625,40; 16; 18; 18; 64; 8; 9; 7
29,31,0.79177,0.93548,29; 5; 7; 13; 31; 19; 13; 4
70,78,0.79855,0.89744,70; 8; 8; 5; 78; 3; 3; 6
39,53,0.73649,0.73585,39; 3; 19; 8; 53; 12; 7; 6
5,31,0.20861,0.16129,5; 7; 12; 15; 31; 21; 12; 21
30,48,0.65041,0.625,30; 9; 20; 22; 48; 14; 12; 8
26,70,0.44579,0.37143,26; 17; 17; 21; 70; 7; 6; 4
28,32,0.8084,0.875,28; 22; 17; 9; 32; 19; 21; 7
61,70,0.94409,0.87143,61; 12; 5; 9; 70; 6; 3; 4
33,53,0.63832,0.62264,33; 14; 18; 14; 53; 4; 9; 11
8,49,0.17338,0.16327,8; 21; 26; 14; 49; 6; 10; 11
15,70,0.25639,0.21429,15; 13; 11; 18; 70; 5; 4; 6
32,42,0.81448,0.7619,32; 9; 7; 14; 42; 12; 16; 15
29,82,0.48572,0.35366,29; 4; 10; 22; 82; 3; 3; 4
42,48,0.79843,0.875,42; 10; 14; 12; 48; 12; 8; 5
6,10,0.34952,0.6,6; 20; 18; 4; 10; 5; 5; 25
45,78,0.73448,0.57692,45; 3; 9; 5; 78; 6; 6; 3
40,70,0.65414,0.57143,40; 19; 18; 8; 70; 8; 8; 8
5,9,0.3013,0.55556,5; 19; 6; 15; 9; 28; 5; 6
22,78,0.41795,0.28205,22; 5; 24; 13; 78; 5; 6; 3
20,26,0.70661,0.76923,20; 26; 19; 21; 26; 12; 22; 22
7,10,0.42559,0.7,7; 11; 4; 28; 10; 16; 14; 24
7,49,0.15293,0.14286,7; 22; 15; 23; 49; 10; 7; 9
5,10,0.3332,0.5,5; 17; 27; 3; 10; 29; 15; 28
28,70,0.45669,0.4,28; 20; 23; 22; 70; 6; 7; 4
11,26,0.41001,0.42308,11; 16; 28; 17; 26; 7; 10; 9
6,49,0.14221,0.12245,6; 10; 6; 19; 49; 6; 9; 9
45,53,0.79517,0.84906,45; 11; 16; 13; 53; 14; 15; 6
23,64,0.42274,0.35938,23; 24; 12; 13; 64; 8; 6; 4
25,26,0.77268,0.96154,25; 17; 18; 4; 26; 24; 6; 23
41,42,0.77953,0.97619,41; 7; 17; 18; 42; 17; 9; 18
21,26,0.80303,0.80769,21; 14; 11; 4; 26; 19; 15; 16
10,26,0.39831,0.38462,10; 26; 11; 18; 26; 7; 22; 17
12,42,0.28883,0.28571,12; 10; 3; 23; 42; 11; 10; 15
32,48,0.69982,0.66667,32; 11; 14; 3; 48; 4; 14; 16
6,10,0.37152,0.6,6; 13; 14; 26; 10; 18; 7; 13
13,48,0.2814,0.27083,13; 28; 13; 26; 48; 16; 5; 9
15,48,0.33469,0.3125,15; 12; 3; 27; 48; 12; 6; 13
7,10,0.37027,0.7,7; 28; 10; 27; 10; 7; 6; 21
9,31,0.31411,0.29032,9; 29; 3; 7; 31; 22; 22; 20
58,75,0.86846,0.77333,58; 7; 10; 7; 75; 3; 3; 6
8,9,0.39968,0.88889,8; 24; 3; 20; 9; 29; 3; 26
42,78,0.6797,0.53846,42; 5; 17; 6; 78; 6; 5; 3
46,82,0.71523,0.56098,46; 5; 10; 6; 82; 5; 3; 3
54,78,0.85346,0.69231,54; 3; 8; 4; 78; 6; 5; 6
6,9,0.3045,0.66667,6; 21; 28; 15; 9; 7; 9; 13
10,42,0.26605,0.2381,10; 28; 5; 11; 42; 17; 17; 14
8,48,0.17628,0.16667,8; 6; 13; 7; 48; 7; 14; 8
43,48,0.79715,0.89583,43; 14; 8; 10; 48; 13; 11; 10
11,32,0.3404,0.34375,11; 6; 9; 5; 32; 15; 7; 14
26,42,0.61456,0.61905,26; 14; 23; 20; 42; 10; 7; 12
34,70,0.5698,0.48571,34; 18; 13; 21; 70; 9; 4; 8
76,77,0.82839,0.98701,76; 3; 6; 4; 77; 4; 4; 6
32,42,0.79568,0.7619,32; 11; 11; 11; 42; 13; 15; 4
43,64,0.70222,0.67188,43; 18; 13; 16; 64; 6; 9; 7
6,10,0.34586,0.6,6; 21; 25; 5; 10; 11; 26; 13
27,70,0.45734,0.38571,27; 22; 19; 23; 70; 4; 7; 3
47,49,0.80205,0.95918,47; 14; 14; 6; 49; 8; 15; 14
50,53,0.8728,0.9434,50; 14; 11; 12; 53; 4; 6; 10
28,77,0.48871,0.36364,28; 13; 22; 9; 77; 4; 4; 6
34,63,0.58832,0.53968,34; 18; 9; 5; 63; 5; 11; 7
47,75,0.71316,0.62667,47; 7; 17; 13; 75; 4; 6; 7
45,63,0.77476,0.71429,45; 6; 3; 6; 63; 5; 11; 7
5,53,0.14499,0.09434,5; 30; 8; 16; 53; 8; 10; 15
24,77,0.43338,0.31169,24; 20; 5; 23; 77; 5; 6; 3
6,64,0.09832,0.09375,6; 14; 13; 9; 64; 9; 10; 9
16,78,0.31711,0.20513,16; 23; 8; 24; 78; 3; 6; 3
29,32,0.7692,0.90625,29; 7; 7; 7; 32; 3; 8; 12
9,75,0.21523,0.12,9; 5; 28; 19; 75; 7; 5; 3
29,78,0.50766,0.37179,29; 4; 10; 5; 78; 4; 3; 3
18,49,0.36466,0.36735,18; 4; 5; 5; 49; 8; 11; 5
28,75,0.4854,0.37333,28; 16; 14; 16; 75; 3; 4; 7
15,26,0.54132,0.57692,15; 26; 14; 27; 26; 4; 5; 7
6,31,0.21703,0.19355,6; 19; 11; 7; 31; 7; 15; 16
36,75,0.57893,0.48,36; 8; 16; 11; 75; 5; 5; 6
22,32,0.65394,0.6875,22; 11; 5; 10; 32; 5; 10; 5
20,53,0.38141,0.37736,20; 3; 4; 16; 53; 5; 8; 11
13,31,0.46554,0.41935,13; 4; 26; 3; 31; 13; 14; 8
59,78,0.88549,0.75641,59; 7; 8; 5; 78; 5; 6; 6
44,63,0.73906,0.69841,44; 15; 14; 15; 63; 8; 4; 3
27,53,0.50539,0.50943,27; 23; 14; 11; 53; 5; 4; 12
7,9,0.37409,0.77778,7; 17; 24; 23; 9; 18; 3; 27
13,26,0.49703,0.5,13; 23; 24; 10; 26; 9; 23; 21
22,48,0.5017,0.45833,22; 17; 23; 19; 48; 6; 9; 13
24,64,0.41277,0.375,24; 20; 9; 10; 64; 5; 6; 6
20,32,0.65845,0.625,20; 6; 20; 7; 32; 4; 3; 18
45,53,0.80848,0.84906,45; 17; 17; 14; 53; 14; 7; 13
25,48,0.54629,0.52083,25; 13; 22; 22; 48; 10; 7; 4
20,32,0.6612,0.625,20; 6; 26; 8; 32; 10; 7; 19
54,63,0.92439,0.85714,54; 4; 10; 10; 63; 7; 10; 9
7,9,0.37905,0.77778,7; 20; 6; 22; 9; 25; 5; 4
46,78,0.73328,0.58974,46; 16; 11; 12; 78; 5; 4; 6
53,75,0.80861,0.70667,53; 15; 8; 12; 75; 6; 7; 3
40,48,0.79383,0.83333,40; 15; 9; 4; 48; 6; 6; 15
16,31,0.46469,0.51613,16; 13; 25; 27; 31; 17; 19; 4
26,31,0.72164,0.83871,26; 21; 20; 3; 31; 19; 11; 21
7,10,0.35524,0.7,7; 22; 21; 16; 10; 7; 21; 21
32,42,0.79133,0.7619,32; 11; 14; 3; 42; 9; 6; 11
20,48,0.39441,0.41667,20; 14; 23; 18; 48; 11; 9; 11
6,10,0.3217,0.6,6; 6; 23; 29; 10; 4; 6; 28
34,77,0.55418,0.44156,34; 7; 10; 4; 77; 7; 5; 6
15,48,0.34238,0.3125,15; 25; 21; 24; 48; 16; 14; 12
12,64,0.24028,0.1875,12; 14; 6; 5; 64; 7; 8; 7
42,64,0.73157,0.65625,42; 16; 17; 6; 64; 9; 3; 4
5,9,0.32039,0.55556,5; 4; 4; 14; 9; 21; 21; 26
57,63,0.97755,0.90476,57; 10; 3; 8; 63; 6; 8; 3
34,77,0.56435,0.44156,34; 13; 17; 3; 77; 6; 6; 3
5,9,0.28371,0.55556,5; 5; 22; 12; 9; 21; 4; 29
28,31,0.80101,0.90323,28; 11; 23; 12; 31; 10; 6; 15
13,26,0.5166,0.5,13; 7; 22; 23; 26; 3; 6; 14
29,42,0.66013,0.69048,29; 13; 16; 21; 42; 12; 8; 12
37,77,0.58494,0.48052,37; 4; 11; 12; 77; 7; 3; 4
9,42,0.2373,0.21429,9; 29; 13; 12; 42; 9; 10; 3
57,78,0.89813,0.73077,57; 12; 8; 7; 78; 5; 5; 3
31,48,0.67191,0.64583,31; 6; 19; 11; 48; 10; 4; 7
9,26,0.36469,0.34615,9; 5; 28; 16; 26; 9; 18; 17
5,10,0.31947,0.5,5; 23; 26; 23; 10; 11; 18; 27
40,49,0.8151,0.81633,40; 12; 14; 4; 49; 8; 7; 11
16,63,0.28434,0.25397,16; 17; 15; 15; 63; 4; 5; 10
12,32,0.39055,0.375,12; 11; 12; 17; 32; 15; 12; 19
14,26,0.54838,0.53846,14; 20; 21; 12; 26; 9; 10; 16
36,49,0.75208,0.73469,36; 16; 7; 15; 49; 12; 10; 7
75,78,0.81736,0.96154,75; 7; 6; 7; 78; 5; 4; 4
38,49,0.81536,0.77551,38; 3; 11; 15; 49; 12; 13; 13
29,53,0.57414,0.54717,29; 22; 19; 14; 53; 8; 9; 6
50,82,0.68488,0.60976,50; 16; 7; 9; 82; 3; 3; 3
6,9,0.30981,0.66667,6; 30; 5; 26; 9; 17; 10; 18
17,63,0.3204,0.26984,17; 21; 20; 13; 63; 8; 7; 6
17,49,0.37016,0.34694,17; 11; 10; 17; 49; 4; 10; 13
53,78,0.84005,0.67949,53; 14; 5; 12; 78; 6; 6; 5
18,48,0.40507,0.375,18; 14; 12; 17; 48; 8; 12; 9
41,53,0.73312,0.77358,41; 19; 9; 10; 53; 5; 10; 14
8,9,0.40912,0.88889,8; 25; 20; 16; 9; 28; 11; 25
18,42,0.40978,0.42857,18; 11; 13; 5; 42; 14; 17; 17
27,32,0.71263,0.84375,27; 23; 19; 7; 32; 15; 21; 19
27,78,0.48023,0.34615,27; 10; 20; 3; 78; 5; 4; 6
50,78,0.81461,0.64103,50; 11; 11; 8; 78; 5; 4; 3
63,77,0.89519,0.81818,63; 11; 7; 4; 77; 3; 5; 3
36,42,0.88338,0.85714,36; 11; 13; 10; 42; 17; 10; 14
61,70,0.93556,0.87143,61; 5; 5; 11; 70; 7; 5; 3
10,64,0.2048,0.15625,10; 8; 26; 15; 64; 8; 6; 6
43,64,0.73985,0.67188,43; 10; 9; 13; 64; 11; 5; 6
12,26,0.48051,0.46154,12; 28; 5; 15; 26; 7; 22; 6
16,26,0.58957,0.61538,16; 13; 13; 14; 26; 14; 5; 20
29,77,0.50948,0.37662,29; 4; 5; 11; 77; 3; 4; 4
10,42,0.23619,0.2381,10; 3; 26; 16; 42; 8; 9; 14
47,75,0.73537,0.62667,47; 11; 14; 12; 75; 7; 7; 3
15,31,0.50119,0.48387,15; 23; 24; 11; 31; 13; 18; 19
14,26,0.53554,0.53846,14; 5; 27; 13; 26; 14; 16; 19
7,63,0.13243,0.11111,7; 3; 20; 24; 63; 9; 8; 5
48,63,0.82322,0.7619,48; 12; 12; 5; 63; 5; 6; 8
5,9,0.32767,0.55556,5; 13; 27; 19; 9; 11; 6; 28
46,49,0.81513,0.93878,46; 10; 15; 4; 49; 14; 16; 9
64,82,0.76522,0.78049,64; 11; 10; 11; 82; 5; 5; 3
55,82,0.86486,0.67073,55; 13; 14; 9; 82; 5; 4; 3
11,53,0.24095,0.20755,11; 24; 6; 18; 53; 7; 13; 5
30,53,0.57825,0.56604,30; 18; 19; 7; 53; 12; 10; 12
5,53,0.10178,0.09434,5; 13; 18; 6; 53; 13; 12; 8
23,49,0.45932,0.46939,23; 18; 21; 20; 49; 16; 10; 6
53,78,0.82503,0.67949,53; 8; 5; 15; 78; 4; 5; 3
9,75,0.22003,0.12,9; 25; 5; 27; 75; 3; 7; 3
47,48,0.87562,0.97917,47; 7; 14; 13; 48; 14; 3; 13
23,49,0.48497,0.46939,23; 3; 9; 10; 49; 8; 11; 9
61,64,0.94809,0.95312,61; 10; 5; 10; 64; 5; 11; 7
41,48,0.77463,0.85417,41; 19; 8; 13; 48; 7; 7; 5
7,10,0.38295,0.7,7; 7; 9; 15; 10; 25; 6; 24
42,78,0.63584,0.53846,42; 17; 7; 17; 78; 3; 3; 4
27,63,0.47177,0.42857,27; 20; 20; 9; 63; 8; 3; 5
59,82,0.80755,0.71951,59; 5; 10; 13; 82; 4; 4; 4
41,48,0.84903,0.85417,41; 6; 7; 8; 48; 6; 11; 16
12,49,0.26661,0.2449,12; 18; 5; 11; 49; 6; 11; 6
13,70,0.23069,0.18571,13; 5; 25; 23; 70; 6; 4; 7
8,9,0.39888,0.88889,8; 30; 3; 6; 9; 17; 28; 19
7,9,0.38887,0.77778,7; 16; 3; 11; 9; 23; 4; 3
19,49,0.39806,0.38776,19; 20; 12; 10; 49; 15; 9; 13
8,42,0.22037,0.19048,8; 30; 10; 20; 42; 6; 16; 18
7,10,0.36923,0.7,7; 9; 24; 28; 10; 24; 15; 24
35,42,0.862,0.83333,35; 21; 14; 4; 42; 4; 5; 6
29,49,0.59661,0.59184,29; 13; 18; 14; 49; 8; 3; 6
64,78,0.83748,0.82051,64; 7; 6; 11; 78; 5; 6; 5
42,64,0.69823,0.65625,42; 18; 18; 18; 64; 5; 6; 3
23,31,0.68579,0.74194,23; 25; 24; 21; 31; 21; 3; 9
6,9,0.35614,0.66667,6; 16; 25; 3; 9; 25; 22; 5
9,77,0.19324,0.11688,9; 23; 22; 7; 77; 4; 6; 5
7,9,0.35358,0.77778,7; 10; 15; 13; 9; 20; 12; 26
40,70,0.65563,0.57143,40; 16; 8; 11; 70; 8; 7; 6
33,42,0.79934,0.78571,33; 16; 3; 8; 42; 14; 5; 7
8,77,0.18566,0.1039,8; 14; 10; 10; 77; 7; 4; 4
6,70,0.14149,0.08571,6; 20; 24; 27; 70; 6; 8; 5
31,49,0.66835,0.63265,31; 8; 21; 21; 49; 15; 6; 11
43,75,0.65217,0.57333,43; 11; 10; 7; 75; 6; 6; 6
65,75,0.83653,0.86667,65; 5; 7; 3; 75; 5; 7; 3
10,42,0.21675,0.2381,10; 19; 22; 25; 42; 11; 14; 4
69,82,0.8391,0.84146,69; 3; 4; 7; 82; 5; 4; 5
20,63,0.35019,0.31746,20; 4; 24; 24; 63; 5; 11; 9
31,75,0.52291,0.41333,31; 21; 20; 13; 75; 5; 5; 6
30,64,0.50224,0.46875,30; 15; 11; 21; 64; 10; 3; 10
34,77,0.56228,0.44156,34; 11; 20; 12; 77; 5; 7; 7
6,10,0.30943,0.6,6; 12; 7; 18; 10; 10; 24; 24
41,49,0.7967,0.83673,41; 14; 17; 9; 49; 5; 11; 12
67,78,0.85434,0.85897,67; 9; 4; 10; 78; 6; 3; 3
24,32,0.72025,0.75,24; 23; 11; 9; 32; 12; 16; 16
46,49,0.81898,0.93878,46; 13; 8; 14; 49; 7; 16; 16
8,9,0.37705,0.88889,8; 11; 3; 30; 9; 4; 7; 7
43,53,0.77523,0.81132,43; 5; 12; 17; 53; 10; 13; 8
51,64,0.8526,0.79688,51; 9; 7; 8; 64; 5; 8; 5
34,49,0.71379,0.69388,34; 15; 19; 3; 49; 15; 15; 13
29,75,0.5007,0.38667,29; 10; 13; 17; 75; 7; 7; 4
74,78,0.68694,0.94872,74; 5; 4; 3; 78; 4; 4; 3
27,63,0.46482,0.42857,27; 5; 8; 12; 63; 11; 7; 5
53,70,0.83371,0.75714,53; 10; 7; 10; 70; 7; 9; 9
19,31,0.61981,0.6129,19; 7; 3; 7; 31; 16; 6; 5
49,82,0.71532,0.59756,49; 16; 12; 15; 82; 3; 4; 4
38,63,0.63258,0.60317,38; 9; 7; 4; 63; 10; 4; 11
9,32,0.31586,0.28125,9; 24; 26; 24; 32; 21; 3; 17
10,70,0.20034,0.14286,10; 26; 7; 29; 70; 6; 4; 6
61,78,0.80536,0.78205,61; 11; 10; 4; 78; 5; 4; 6
46,63,0.76839,0.73016,46; 4; 6; 14; 63; 7; 6; 3
25,26,0.71884,0.96154,25; 20; 10; 10; 26; 9; 3; 12
41,48,0.82506,0.85417,41; 16; 18; 19; 48; 12; 8; 9
57,78,0.87868,0.73077,57; 12; 10; 4; 78; 6; 4; 4
24,49,0.50456,0.4898,24; 8; 3; 12; 49; 3; 7; 3
9,10,0.46845,0.9,9; 14; 4; 8; 10; 14; 19; 29
66,82,0.83368,0.80488,66; 6; 10; 8; 82; 3; 3; 5
43,49,0.82521,0.87755,43; 11; 17; 5; 49; 3; 4; 16
25,32,0.73863,0.78125,25; 24; 4; 22; 32; 3; 19; 7
25,53,0.49435,0.4717,25; 12; 22; 11; 53; 6; 4; 3
32,70,0.52547,0.45714,32; 15; 5; 8; 70; 9; 9; 7
28,82,0.42541,0.34146,28; 6; 17; 9; 82; 3; 4; 4
43,70,0.70862,0.61429,43; 5; 9; 6; 70; 6; 3; 4
45,64,0.74074,0.70312,45; 7; 11; 12; 64; 3; 7; 5
7,10,0.37235,0.7,7; 24; 24; 16; 10; 12; 23; 7
19,64,0.33587,0.29688,19; 9; 5; 13; 64; 7; 5; 6
27,64,0.47961,0.42188,27; 18; 6; 23; 64; 9; 10; 8
21,48,0.45709,0.4375,21; 20; 23; 18; 48; 15; 9; 8
51,78,0.71028,0.65385,51; 12; 10; 6; 78; 3; 5; 5
13,32,0.41329,0.40625,13; 12; 24; 25; 32; 22; 13; 15
51,53,0.85015,0.96226,51; 12; 7; 8; 53; 14; 14; 9
15,32,0.49384,0.46875,15; 8; 6; 9; 32; 11; 3; 15
13,31,0.39222,0.41935,13; 26; 22; 5; 31; 19; 9; 8
8,10,0.39973,0.8,8; 21; 23; 6; 10; 26; 27; 21
60,63,0.94701,0.95238,60; 11; 4; 6; 63; 9; 8; 4
62,63,0.97823,0.98413,62; 11; 9; 3; 63; 10; 7; 8
22,78,0.47499,0.28205,22; 19; 23; 20; 78; 4; 3; 4
7,48,0.16118,0.14583,7; 17; 3; 7; 48; 14; 5; 5
16,31,0.5266,0.51613,16; 3; 5; 15; 31; 10; 7; 13
29,32,0.77641,0.90625,29; 22; 11; 17; 32; 18; 22; 19
13,49,0.22092,0.26531,13; 28; 16; 26; 49; 11; 13; 12
32,42,0.78914,0.7619,32; 5; 12; 22; 42; 9; 4; 6
21,75,0.41379,0.28,21; 12; 3; 19; 75; 3; 6; 4
30,53,0.61366,0.56604,30; 9; 9; 10; 53; 11; 9; 9
41,42,0.79331,0.97619,41; 16; 15; 10; 42; 3; 14; 17
38,49,0.77918,0.77551,38; 18; 14; 4; 49; 4; 11; 15
13,26,0.48218,0.5,13; 25; 23; 24; 26; 18; 15; 8
34,42,0.79751,0.80952,34; 6; 17; 6; 42; 13; 14; 15
41,82,0.61818,0.5,41; 5; 14; 19; 82; 3; 3; 4
44,78,0.70856,0.5641,44; 8; 17; 5; 78; 4; 5; 6
27,78,0.47831,0.34615,27; 9; 15; 23; 78; 6; 4; 4
5,78,0.11597,0.0641,5; 16; 15; 24; 78; 6; 5; 6
30,42,0.71081,0.71429,30; 20; 10; 13; 42; 4; 13; 8
9,10,0.46759,0.9,9; 15; 8; 6; 10; 17; 16; 4
53,64,0.89895,0.82812,53; 15; 15; 13; 64; 10; 9; 4
29,77,0.46136,0.37662,29; 17; 21; 22; 77; 6; 5; 7
36,53,0.70267,0.67925,36; 17; 18; 8; 53; 8; 15; 15
31,48,0.68988,0.64583,31; 15; 5; 3; 48; 5; 3; 8
9,82,0.22369,0.10976,9; 20; 20; 20; 82; 5; 5; 4
68,75,0.86513,0.90667,68; 10; 8; 5; 75; 4; 7; 3
19,31,0.63144,0.6129,19; 21; 17; 8; 31; 11; 21; 20
6,10,0.36743,0.6,6; 24; 15; 19; 10; 3; 5; 7
19,32,0.54648,0.59375,19; 8; 9; 19; 32; 6; 18; 6
22,78,0.40187,0.28205,22; 17; 6; 3; 78; 3; 3; 5
27,75,0.45992,0.36,27; 19; 16; 8; 75; 4; 7; 7
5,10,0.32457,0.5,5; 22; 21; 18; 10; 27; 6; 25
5,10,0.29646,0.5,5; 29; 18; 25; 10; 12; 22; 17
9,26,0.3465,0.34615,9; 14; 11; 9; 26; 5; 9; 15
17,70,0.31604,0.24286,17; 3; 23; 6; 70; 9; 9; 4
45,64,0.76097,0.70312,45; 17; 7; 8; 64; 4; 5; 6
38,42,0.86029,0.90476,38; 19; 15; 16; 42; 6; 4; 17
29,64,0.49876,0.45312,29; 18; 3; 5; 64; 8; 8; 10
5,63,0.12269,0.07937,5; 29; 6; 18; 63; 11; 8; 3
25,26,0.76972,0.96154,25; 3; 23; 8; 26; 5; 20; 20
15,82,0.31316,0.18293,15; 9; 4; 15; 82; 5; 5; 3
36,64,0.58194,0.5625,36; 17; 3; 6; 64; 6; 7; 9
5,75,0.1482,0.06667,5; 13; 27; 8; 75; 4; 4; 6
25,26,0.73193,0.96154,25; 20; 4; 14; 26; 9; 7; 17
13,26,0.49255,0.5,13; 25; 20; 27; 26; 24; 4; 9
21,75,0.40352,0.28,21; 15; 7; 18; 75; 3; 3; 6
7,31,0.24807,0.22581,7; 22; 26; 6; 31; 17; 13; 4
19,48,0.42085,0.39583,19; 24; 12; 11; 48; 11; 5; 7
13,64,0.23744,0.20312,13; 8; 6; 4; 64; 8; 7; 7
35,64,0.59429,0.54688,35; 13; 19; 6; 64; 3; 11; 6
28,70,0.47054,0.4,28; 10; 6; 4; 70; 6; 4; 8
29,31,0.77265,0.93548,29; 19; 20; 10; 31; 21; 3; 14
14,31,0.43631,0.45161,14; 4; 24; 28; 31; 16; 10; 5
6,9,0.29571,0.66667,6; 19; 8; 4; 9; 5; 28; 23
20,63,0.35516,0.31746,20; 21; 10; 24; 63; 10; 6; 8
58,70,0.90022,0.82857,58; 13; 11; 7; 70; 8; 7; 9
5,9,0.37311,0.55556,5; 4; 21; 26; 9; 4; 19; 18
26,64,0.45704,0.40625,26; 11; 21; 8; 64; 7; 6; 11
60,64,0.92222,0.9375,60; 12; 9; 4; 64; 6; 10; 5
38,77,0.62142,0.49351,38; 3; 10; 4; 77; 4; 4; 5
72,77,0.79778,0.93506,72; 4; 3; 6; 77; 7; 5; 4
22,49,0.46072,0.44898,22; 21; 25; 7; 49; 13; 7; 14
37,63,0.64611,0.5873,37; 5; 17; 3; 63; 7; 3; 4
20,31,0.63306,0.64516,20; 4; 19; 13; 31; 5; 20; 17
6,9,0.32184,0.66667,6; 21; 23; 29; 9; 23; 19; 15
49,77,0.77716,0.63636,49; 15; 15; 15; 77; 3; 4; 6
36,49,0.76576,0.73469,36; 15; 5; 15; 49; 10; 4; 6
15,63,0.24553,0.2381,15; 20; 3; 27; 63; 5; 3; 5
38,53,0.71931,0.71698,38; 6; 4; 19; 53; 13; 13; 4
11,31,0.35451,0.35484,11; 6; 11; 13; 31; 3; 6; 19
21,49,0.39509,0.42857,21; 5; 25; 18; 49; 10; 8; 3
17,31,0.54253,0.54839,17; 23; 14; 17; 31; 19; 10; 7
27,32,0.78267,0.84375,27; 9; 19; 9; 32; 21; 3; 22
22,31,0.70711,0.70968,22; 3; 4; 3; 31; 8; 13; 11
41,64,0.70317,0.64062,41; 13; 14; 12; 64; 8; 9; 11
10,26,0.3849,0.38462,10; 17; 17; 3; 26; 6; 6; 8
29,32,0.78639,0.90625,29; 9; 11; 18; 32; 16; 20; 5
6,75,0.11759,0.08,6; 17; 27; 6; 75; 3; 6; 5
33,77,0.5469,0.42857,33; 14; 15; 6; 77; 3; 5; 4
9,70,0.16914,0.12857,9; 19; 5; 15; 70; 6; 4; 7
49,64,0.80772,0.76562,49; 11; 15; 6; 64; 3; 8; 11
26,32,0.73185,0.8125,26; 22; 9; 11; 32; 13; 19; 18
7,49,0.14856,0.14286,7; 29; 29; 9; 49; 4; 11; 3
60,70,0.90842,0.85714,60; 11; 11; 4; 70; 8; 5; 8
5,9,0.28978,0.55556,5; 18; 12; 23; 9; 10; 26; 11
32,82,0.52408,0.39024,32; 13; 13; 10; 82; 3; 5; 5
8,9,0.40864,0.88889,8; 20; 15; 14; 9; 14; 6; 10
50,70,0.79802,0.71429,50; 14; 7; 4; 70; 7; 6; 9
12,31,0.37559,0.3871,12; 17; 25; 14; 31; 5; 22; 13
39,42,0.84855,0.92857,39; 16; 19; 5; 42; 14; 7; 7
23,32,0.7361,0.71875,23; 24; 23; 25; 32; 14; 7; 8
47,77,0.70733,0.61039,47; 5; 15; 11; 77; 3; 4; 7
37,63,0.62233,0.5873,37; 3; 10; 6; 63; 4; 11; 3
8,49,0.16891,0.16327,8; 25; 30; 4; 49; 4; 10; 7
8,10,0.39882,0.8,8; 23; 23; 19; 10; 9; 22; 16
5,9,0.31977,0.55556,5; 30; 17; 24; 9; 18; 4; 18
14,70,0.25137,0.2,14; 3; 5; 18; 70; 4; 8; 6
42,77,0.6616,0.54545,42; 12; 15; 16; 77; 7; 5; 3
40,70,0.65138,0.57143,40; 16; 11; 17; 70; 5; 3; 3
47,77,0.76221,0.61039,47; 16; 11; 10; 77; 3; 5; 7
9,32,0.29622,0.28125,9; 10; 17; 14; 32; 3; 6; 4
6,78,0.13741,0.07692,6; 12; 11; 13; 78; 6; 6; 6
28,53,0.52141,0.5283,28; 7; 20; 18; 53; 14; 11; 10
15,26,0.56312,0.57692,15; 17; 6; 8; 26; 9; 9; 9
17,32,0.51804,0.53125,17; 13; 12; 3; 32; 15; 22; 8
19,32,0.56747,0.59375,19; 12; 25; 12; 32; 19; 6; 11
46,77,0.74507,0.5974,46; 14; 8; 9; 77; 4; 3; 4
9,64,0.17964,0.14062,9; 25; 16; 24; 64; 7; 6; 10
6,42,0.16883,0.14286,6; 18; 5; 10; 42; 18; 9; 11
33,78,0.52112,0.42308,33; 10; 12; 7; 78; 5; 4; 5
41,53,0.75207,0.77358,41; 17; 18; 3; 53; 13; 12; 13
64,78,0.85555,0.82051,64; 6; 7; 6; 78; 6; 4; 4
14,64,0.28495,0.21875,14; 26; 11; 25; 64; 10; 8; 6
7,9,0.22541,0.77778,7; 22; 16; 28; 9; 24; 26; 9
6,32,0.20491,0.1875,6; 22; 20; 21; 32; 3; 4; 17
54,70,0.90694,0.77143,54; 13; 13; 12; 70; 4; 8; 4
18,49,0.38576,0.36735,18; 8; 14; 25; 49; 15; 11; 7
31,77,0.54372,0.4026,31; 21; 14; 18; 77; 3; 6; 7
7,70,0.12609,0.1,7; 3; 4; 6; 70; 6; 7; 3
14,75,0.28317,0.18667,14; 18; 22; 17; 75; 6; 3; 7
15,26,0.49788,0.57692,15; 25; 18; 5; 26; 19; 13; 23
30,49,0.62676,0.61224,30; 11; 20; 15; 49; 15; 6; 4
20,49,0.41591,0.40816,20; 11; 16; 3; 49; 11; 15; 3
57,78,0.83835,0.73077,57; 13; 5; 7; 78; 5; 3; 6
10,31,0.36262,0.32258,10; 19; 13; 23; 31; 3; 16; 20
31,49,0.64733,0.63265,31; 20; 18; 19; 49; 7; 8; 9
25,63,0.46008,0.39683,25; 4; 24; 18; 63; 3; 9; 4
41,42,0.78689,0.97619,41; 13; 17; 5; 42; 6; 12; 6
23,32,0.61251,0.71875,23; 25; 13; 4; 32; 8; 19; 20
22,31,0.67253,0.70968,22; 16; 3; 21; 31; 16; 12; 12
34,63,0.54579,0.53968,34; 19; 3; 17; 63; 11; 4; 7
33,75,0.5454,0.44,33; 17; 19; 6; 75; 7; 7; 4
20,82,0.39155,0.2439,20; 4; 16; 9; 82; 5; 4; 4
26,48,0.55012,0.54167,26; 18; 6; 11; 48; 14; 11; 6
13,64,0.24623,0.20312,13; 24; 5; 16; 64; 9; 6; 11
7,53,0.22727,0.13208,7; 18; 20; 18; 53; 4; 13; 10
10,77,0.18909,0.12987,10; 12; 8; 9; 77; 6; 6; 7
19,42,0.4544,0.45238,19; 21; 25; 22; 42; 4; 9; 11
16,32,0.57132,0.5,16; 13; 27; 24; 32; 4; 9; 6
8,9,0.36121,0.88889,8; 16; 15; 4; 9; 5; 6; 6
23,70,0.42271,0.32857,23; 10; 19; 23; 70; 8; 4; 5
50,82,0.74048,0.60976,50; 16; 6; 7; 82; 4; 4; 3
11,70,0.192,0.15714,11; 3; 13; 7; 70; 3; 4; 8
23,26,0.73122,0.88462,23; 24; 18; 17; 26; 15; 12; 24
17,26,0.60685,0.65385,17; 16; 19; 8; 26; 3; 23; 22
27,75,0.48923,0.36,27; 23; 9; 14; 75; 4; 5; 5
23,64,0.42453,0.35938,23; 8; 18; 24; 64; 5; 5; 3
30,32,0.8516,0.9375,30; 5; 20; 14; 32; 7; 14; 5
38,63,0.61562,0.60317,38; 20; 14; 19; 63; 8; 3; 11
26,49,0.52729,0.53061,26; 13; 22; 16; 49; 16; 4; 14
59,82,0.83691,0.71951,59; 8; 3; 6; 82; 5; 4; 3
12,42,0.29962,0.28571,12; 27; 24; 17; 42; 9; 16; 18
7,10,0.38747,0.7,7; 13; 13; 7; 10; 18; 26; 10
7,10,0.38414,0.7,7; 30; 26; 24; 10; 7; 18; 29
37,49,0.74827,0.7551,37; 6; 18; 9; 49; 12; 9; 4
16,31,0.52073,0.51613,16; 22; 3; 22; 31; 6; 10; 20
19,75,0.36159,0.25333,19; 21; 20; 25; 75; 3; 5; 7
71,75,0.83947,0.94667,71; 8; 5; 5; 75; 4; 7; 3
58,78,0.85193,0.74359,58; 9; 9; 9; 78; 6; 6; 5
76,82,0.81417,0.92683,76; 4; 7; 6; 82; 4; 5; 5
62,64,0.92543,0.96875,62; 3; 11; 3; 64; 11; 11; 7
11,26,0.47306,0.42308,11; 5; 27; 15; 26; 20; 4; 7
45,48,0.83309,0.9375,45; 4; 12; 13; 48; 10; 14; 12
11,26,0.39528,0.42308,11; 6; 15; 8; 26; 6; 6; 7
5,49,0.0914,0.10204,5; 26; 11; 25; 49; 11; 10; 7
28,78,0.49524,0.35897,28; 20; 8; 19; 78; 3; 4; 6
6,10,0.37023,0.6,6; 19; 26; 5; 10; 20; 28; 26
5,32,0.20114,0.15625,5; 10; 7; 20; 32; 11; 15; 22
32,53,0.61702,0.60377,32; 16; 5; 4; 53; 3; 15; 11
65,70,0.89701,0.92857,65; 5; 11; 5; 70; 3; 4; 9
9,10,0.41754,0.9,9; 6; 25; 20; 10; 7; 7; 7
7,9,0.36191,0.77778,7; 18; 3; 18; 9; 24; 13; 13
42,75,0.66199,0.56,42; 6; 16; 14; 75; 7; 4; 5
74,82,0.65862,0.90244,74; 7; 5; 6; 82; 5; 5; 3
10,49,0.25405,0.20408,10; 18; 23; 16; 49; 3; 15; 8
8,48,0.23507,0.16667,8; 26; 15; 25; 48; 15; 8; 3
52,63,0.8631,0.8254,52; 13; 10; 12; 63; 8; 9; 7
7,32,0.25676,0.21875,7; 16; 18; 13; 32; 19; 21; 8
6,9,0.33581,0.66667,6; 12; 24; 22; 9; 23; 6; 22
10,70,0.20872,0.14286,10; 12; 4; 24; 70; 8; 6; 5
19,70,0.33389,0.27143,19; 22; 15; 15; 70; 6; 4; 4
16,26,0.61732,0.61538,16; 10; 27; 27; 26; 5; 13; 21
19,26,0.72861,0.73077,19; 21; 11; 17; 26; 12; 10; 7
43,78,0.69212,0.55128,43; 12; 18; 6; 78; 5; 5; 6
59,64,0.96448,0.92188,59; 6; 10; 13; 64; 3; 10; 8
58,82,0.84191,0.70732,58; 10; 5; 7; 82; 3; 4; 4
8,10,0.42708,0.8,8; 20; 21; 7; 10; 13; 14; 3
6,10,0.37017,0.6,6; 12; 23; 18; 10; 11; 11; 19
52,82,0.71047,0.63415,52; 11; 4; 4; 82; 4; 5; 4
56,77,0.84692,0.72727,56; 14; 9; 12; 77; 4; 6; 4
35,78,0.59068,0.44872,35; 10; 19; 10; 78; 5; 6; 5
49,75,0.80597,0.65333,49; 3; 9; 7; 75; 4; 5; 5
34,63,0.58683,0.53968,34; 21; 19; 15; 63; 9; 7; 8
11,82,0.2569,0.13415,11; 6; 26; 27; 82; 4; 3; 3
40,64,0.65461,0.625,40; 4; 8; 5; 64; 7; 5; 3
41,49,0.80603,0.83673,41; 4; 7; 10; 49; 12; 4; 6
44,48,0.83544,0.91667,44; 14; 3; 9; 48; 15; 12; 4
6,10,0.32947,0.6,6; 19; 30; 25; 10; 25; 9; 21
8,9,0.38842,0.88889,8; 30; 26; 27; 9; 8; 28; 4
15,26,0.54919,0.57692,15; 16; 4; 24; 26; 4; 16; 8
17,32,0.49806,0.53125,17; 5; 9; 7; 32; 22; 3; 9
28,32,0.75727,0.875,28; 9; 18; 15; 32; 6; 3; 4
5,9,0.31067,0.55556,5; 12; 8; 11; 9; 7; 18; 28
30,49,0.61896,0.61224,30; 3; 19; 8; 49; 15; 13; 13
43,78,0.70391,0.55128,43; 15; 6; 14; 78; 5; 5; 5
20,70,0.36688,0.28571,20; 19; 20; 13; 70; 6; 6; 9
5,10,0.30763,0.5,5; 8; 9; 4; 10; 25; 20; 8
39,77,0.63596,0.50649,39; 8; 15; 11; 77; 6; 6; 5
10,42,0.23161,0.2381,10; 19; 19; 22; 42; 6; 15; 13
59,64,0.94664,0.92188,59; 7; 12; 8; 64; 3; 4; 11
9,26,0.35729,0.34615,9; 22; 24; 5; 26; 8; 8; 18
9,10,0.45113,0.9,9; 16; 8; 4; 10; 7; 26; 7
19,26,0.64681,0.73077,19; 16; 3; 19; 26; 10; 22; 4
7,9,0.3846,0.77778,7; 18; 26; 8; 9; 24; 7; 4
7,9,0.37426,0.77778,7; 15; 13; 23; 9; 25; 16; 23
12,75,0.26799,0.16,12; 4; 10; 19; 75; 5; 6; 6
34,48,0.72797,0.70833,34; 6; 20; 7; 48; 6; 9; 4
20,77,0.39457,0.25974,20; 16; 14; 3; 77; 3; 4; 3
9,26,0.34763,0.34615,9; 20; 29; 11; 26; 15; 16; 7
40,70,0.66858,0.57143,40; 6; 14; 17; 70; 5; 5; 6
9,53,0.1777,0.16981,9; 3; 29; 23; 53; 14; 8; 3
16,63,0.30365,0.25397,16; 19; 9; 4; 63; 10; 4; 7
8,9,0.39432,0.88889,8; 14; 15; 4; 9; 7; 21; 22
42,63,0.73615,0.66667,42; 14; 14; 10; 63; 3; 5; 5
6,10,0.33325,0.6,6; 9; 18; 19; 10; 19; 20; 4
10,26,0.40364,0.38462,10; 12; 9; 15; 26; 14; 6; 20
49,75,0.8388,0.65333,49; 3; 11; 14; 75; 6; 3; 7
10,48,0.23655,0.20833,10; 20; 28; 10; 48; 16; 11; 11
14,26,0.55822,0.53846,14; 17; 15; 6; 26; 15; 10; 18
21,32,0.66595,0.65625,21; 12; 11; 16; 32; 5; 15; 17
35,48,0.82827,0.72917,35; 9; 12; 16; 48; 4; 16; 11
20,31,0.69424,0.64516,20; 20; 12; 25; 31; 14; 3; 21
37,49,0.75865,0.7551,37; 20; 4; 7; 49; 4; 9; 6
10,32,0.35835,0.3125,10; 5; 18; 16; 32; 11; 16; 14
10,26,0.38508,0.38462,10; 23; 19; 7; 26; 23; 10; 3
5,32,0.15385,0.15625,5; 6; 12; 14; 32; 15; 19; 9
14,64,0.26934,0.21875,14; 27; 16; 26; 64; 9; 7; 10
6,9,0.31786,0.66667,6; 8; 30; 17; 9; 12; 19; 11
71,77,0.80182,0.92208,71; 6; 7; 9; 77; 4; 7; 4
11,26,0.39065,0.42308,11; 14; 21; 17; 26; 24; 5; 6
29,48,0.59663,0.60417,29; 3; 20; 17; 48; 10; 11; 3
43,78,0.64401,0.55128,43; 9; 14; 8; 78; 3; 6; 6
56,78,0.82348,0.71795,56; 4; 6; 13; 78; 4; 3; 5
23,64,0.40213,0.35938,23; 22; 14; 3; 64; 8; 9; 7
62,78,0.86993,0.79487,62; 11; 6; 5; 78; 6; 3; 5
66,82,0.69289,0.80488,66; 8; 10; 7; 82; 5; 4; 5
8,32,0.28726,0.25,8; 10; 19; 24; 32; 11; 8; 7
14,31,0.47104,0.45161,14; 4; 24; 24; 31; 9; 4; 3
61,77,0.87083,0.79221,61; 3; 11; 8; 77; 7; 7; 4
6,53,0.12897,0.11321,6; 8; 25; 24; 53; 10; 14; 9
6,9,0.32416,0.66667,6; 4; 4; 18; 9; 25; 26; 8
20,26,0.78231,0.76923,20; 23; 9; 15; 26; 18; 16; 16
5,78,0.11721,0.0641,5; 11; 13; 4; 78; 4; 3; 5
36,42,0.94765,0.85714,36; 12; 9; 12; 42; 12; 5; 9
16,26,0.58977,0.61538,16; 3; 14; 4; 26; 18; 5; 11
27,32,0.74494,0.84375,27; 14; 13; 20; 32; 10; 3; 22
5,26,0.19363,0.19231,5; 14; 23; 26; 26; 6; 3; 14
52,53,0.86187,0.98113,52; 6; 5; 14; 53; 4; 4; 9
7,31,0.25388,0.22581,7; 26; 8; 10; 31; 9; 11; 20
16,31,0.48846,0.51613,16; 22; 17; 23; 31; 13; 16; 7
25,31,0.7173,0.80645,25; 18; 7; 5; 31; 9; 18; 17
17,49,0.32847,0.34694,17; 4; 19; 21; 49; 8; 14; 15
26,32,0.7126,0.8125,26; 19; 19; 14; 32; 8; 11; 7
28,64,0.48133,0.4375,28; 17; 13; 7; 64; 9; 3; 10
42,49,0.7844,0.85714,42; 13; 11; 18; 49; 15; 15; 3
5,9,0.28544,0.55556,5; 15; 5; 18; 9; 21; 3; 14
38,49,0.73921,0.77551,38; 12; 17; 15; 49; 9; 14; 14
33,48,0.71434,0.6875,33; 10; 10; 9; 48; 4; 5; 10
7,10,0.38813,0.7,7; 7; 13; 6; 10; 7; 28; 25
38,82,0.62593,0.46341,38; 9; 10; 12; 82; 3; 5; 5
66,77,0.76609,0.85714,66; 5; 10; 3; 77; 7; 6; 7
19,31,0.59495,0.6129,19; 3; 24; 9; 31; 20; 21; 9
68,78,0.79532,0.87179,68; 7; 6; 4; 78; 4; 5; 5
5,10,0.32587,0.5,5; 15; 17; 5; 10; 4; 18; 27
27,63,0.45018,0.42857,27; 14; 21; 8; 63; 5; 4; 11
29,77,0.54251,0.37662,29; 3; 8; 15; 77; 7; 5; 4
19,63,0.33442,0.30159,19; 12; 20; 9; 63; 6; 5; 3
5,10,0.24893,0.5,5; 24; 21; 20; 10; 17; 11; 12
45,48,0.81107,0.9375,45; 5; 14; 12; 48; 6; 13; 7
29,82,0.50106,0.35366,29; 22; 6; 16; 82; 4; 5; 4
15,49,0.30955,0.30612,15; 24; 17; 6; 49; 14; 8; 11
24,32,0.72821,0.75,24; 9; 3; 23; 32; 16; 3; 4
18,31,0.57935,0.58065,18; 23; 6; 7; 31; 20; 6; 12
6,49,0.11997,0.12245,6; 19; 30; 6; 49; 4; 14; 3
64,78,0.85371,0.82051,64; 9; 10; 7; 78; 4; 4; 4
19,64,0.32743,0.29688,19; 19; 17; 6; 64; 4; 4; 4
22,49,0.4231,0.44898,22; 21; 16; 22; 49; 9; 14; 7
54,77,0.86403,0.7013,54; 5; 8; 5; 77; 4; 3; 5
27,63,0.47105,0.42857,27; 21; 7; 16; 63; 4; 11; 5
35,78,0.57733,0.44872,35; 10; 5; 9; 78; 6; 4; 4
60,70,0.93818,0.85714,60; 6; 12; 4; 70; 3; 9; 4
13,48,0.26665,0.27083,13; 10; 9; 5; 48; 12; 10; 14
6,10,0.3632,0.6,6; 24; 23; 17; 10; 18; 16; 18
8,75,0.19444,0.10667,8; 20; 27; 22; 75; 7; 3; 4
45,64,0.77774,0.70312,45; 6; 6; 12; 64; 6; 8; 8
21,26,0.80639,0.80769,21; 15; 20; 5; 26; 12; 18; 8
40,53,0.80048,0.75472,40; 16; 18; 8; 53; 15; 11; 8
40,48,0.81327,0.83333,40; 14; 7; 15; 48; 5; 16; 14
11,48,0.2319,0.22917,11; 21; 3; 21; 48; 9; 15; 13
34,77,0.56564,0.44156,34; 12; 11; 6; 77; 7; 6; 6
24,42,0.54505,0.57143,24; 24; 9; 18; 42; 6; 18; 11
9,70,0.16306,0.12857,9; 3; 16; 22; 70; 6; 6; 9
40,53,0.7465,0.75472,40; 17; 19; 4; 53; 13; 6; 8
10,64,0.17346,0.15625,10; 12; 25; 25; 64; 8; 6; 4
18,70,0.32258,0.25714,18; 5; 12; 14; 70; 4; 5; 8
44,63,0.71567,0.69841,44; 15; 18; 6; 63; 10; 8; 10
52,70,0.8633,0.74286,52; 7; 7; 6; 70; 8; 4; 5
68,77,0.80772,0.88312,68; 4; 6; 9; 77; 5; 4; 3
64,75,0.85264,0.85333,64; 5; 7; 10; 75; 7; 3; 4
47,49,0.82952,0.95918,47; 11; 3; 5; 49; 16; 6; 16
5,10,0.35224,0.5,5; 21; 6; 13; 10; 9; 12; 27
22,70,0.40652,0.31429,22; 25; 4; 23; 70; 6; 9; 4
23,26,0.7358,0.88462,23; 6; 8; 13; 26; 11; 7; 16
29,31,0.79365,0.93548,29; 4; 17; 20; 31; 11; 14; 7
14,53,0.30114,0.26415,14; 25; 16; 12; 53; 4; 7; 6
14,48,0.32482,0.29167,14; 6; 3; 10; 48; 3; 14; 8
8,9,0.40812,0.88889,8; 20; 5; 10; 9; 17; 13; 20
37,82,0.62458,0.45122,37; 8; 12; 8; 82; 4; 3; 4
17,64,0.29208,0.26562,17; 27; 23; 16; 64; 9; 6; 5
6,9,0.30714,0.66667,6; 29; 4; 20; 9; 28; 24; 6
61,70,0.92815,0.87143,61; 6; 12; 12; 70; 7; 7; 8
28,75,0.48581,0.37333,28; 9; 6; 22; 75; 3; 4; 5
24,26,0.8402,0.92308,24; 19; 23; 18; 26; 20; 20; 24
29,48,0.57531,0.60417,29; 10; 10; 13; 48; 15; 9; 16
26,48,0.53616,0.54167,26; 3; 6; 4; 48; 11; 15; 12
39,77,0.5992,0.50649,39; 15; 19; 11; 77; 3; 4; 7
37,70,0.66535,0.52857,37; 9; 9; 3; 70; 3; 3; 9
7,10,0.39318,0.7,7; 16; 27; 20; 10; 11; 16; 16
34,42,0.80756,0.80952,34; 6; 13; 19; 42; 10; 3; 13
18,31,0.562,0.58065,18; 14; 3; 6; 31; 5; 18; 13
45,49,0.85448,0.91837,45; 15; 8; 15; 49; 15; 10; 7
59,75,0.87041,0.78667,59; 13; 10; 7; 75; 4; 3; 7
33,82,0.53925,0.40244,33; 14; 13; 16; 82; 4; 4; 4
17,48,0.36016,0.35417,17; 5; 11; 7; 48; 16; 7; 7
10,26,0.39775,0.38462,10; 15; 15; 7; 26; 22; 19; 24
12,75,0.2557,0.16,12; 24; 22; 27; 75; 5; 5; 6
9,64,0.19925,0.14062,9; 23; 7; 26; 64; 10; 3; 6
45,78,0.67665,0.57692,45; 15; 10; 13; 78; 3; 4; 4
33,75,0.56863,0.44,33; 16; 4; 20; 75; 7; 4; 3
30,53,0.57312,0.56604,30; 13; 12; 13; 53; 10; 4; 12
25,63,0.43452,0.39683,25; 23; 15; 23; 63; 8; 3; 11
54,77,0.82592,0.7013,54; 13; 12; 13; 77; 4; 4; 3
54,64,0.90395,0.84375,54; 10; 14; 13; 64; 5; 4; 3
8,49,0.17359,0.16327,8; 18; 23; 28; 49; 5; 12; 3
27,48,0.56055,0.5625,27; 15; 21; 9; 48; 3; 8; 4
12,78,0.2149,0.15385,12; 18; 16; 17; 78; 3; 3; 5
42,53,0.80101,0.79245,42; 4; 17; 17; 53; 12; 4; 7
18,53,0.36903,0.33962,18; 23; 24; 9; 53; 15; 15; 12
5,9,0.30568,0.55556,5; 13; 30; 26; 9; 20; 7; 27
12,42,0.29366,0.28571,12; 14; 8; 3; 42; 15; 4; 17
9,64,0.184,0.14062,9; 25; 13; 17; 64; 10; 3; 9
21,70,0.35499,0.3,21; 8; 8; 19; 70; 9; 6; 5
50,77,0.7043,0.64935,50; 9; 5; 3; 77; 7; 6; 6
11,42,0.26819,0.2619,11; 19; 21; 15; 42; 13; 7; 10
21,82,0.47945,0.2561,21; 5; 3; 5; 82; 5; 5; 3
6,26,0.23652,0.23077,6; 14; 27; 8; 26; 12; 19; 3
9,49,0.16734,0.18367,9; 14; 6; 20; 49; 3; 6; 6
34,82,0.56237,0.41463,34; 15; 19; 21; 82; 5; 5; 3
23,63,0.40344,0.36508,23; 20; 23; 16; 63; 3; 10; 4
58,70,0.92141,0.82857,58; 5; 11; 8; 70; 6; 3; 4
13,31,0.44472,0.41935,13; 15; 13; 23; 31; 6; 16; 13
5,10,0.30048,0.5,5; 7; 21; 17; 10; 16; 15; 27
47,49,0.82439,0.95918,47; 3; 7; 14; 49; 4; 16; 9
12,70,0.24935,0.17143,12; 14; 15; 10; 70; 9; 4; 5
23,31,0.67931,0.74194,23; 4; 19; 23; 31; 9; 22; 15
11,42,0.29997,0.2619,11; 23; 20; 25; 42; 10; 16; 13
31,63,0.50421,0.49206,31; 17; 6; 14; 63; 11; 4; 11
47,64,0.76714,0.73438,47; 14; 11; 15; 64; 11; 6; 5
8,49,0.19986,0.16327,8; 28; 14; 10; 49; 10; 14; 5
5,48,0.10124,0.10417,5; 3; 16; 27; 48; 10; 14; 3
14,82,0.28908,0.17073,14; 13; 13; 13; 82; 5; 4; 5
31,48,0.66772,0.64583,31; 14; 12; 19; 48; 12; 4; 6
26,48,0.54156,0.54167,26; 9; 10; 22; 48; 12; 11; 14
6,31,0.20739,0.19355,6; 6; 25; 6; 31; 3; 3; 9
26,77,0.49585,0.33766,26; 17; 18; 4; 77; 3; 7; 4
71,82,0.64701,0.86585,71; 7; 4; 9; 82; 4; 4; 3
6,31,0.18698,0.19355,6; 26; 10; 18; 31; 20; 7; 4
10,32,0.34015,0.3125,10; 4; 27; 20; 32; 21; 11; 15
25,49,0.52059,0.5102,25; 11; 9; 10; 49; 10; 7; 15
22,82,0.42995,0.26829,22; 7; 15; 21; 82; 3; 3; 4
9,10,0.44123,0.9,9; 18; 15; 9; 10; 23; 21; 11
20,49,0.41769,0.40816,20; 12; 25; 15; 49; 14; 11; 13
34,77,0.5562,0.44156,34; 12; 7; 16; 77; 6; 6; 5
19,31,0.61714,0.6129,19; 25; 16; 20; 31; 20; 12; 10
44,77,0.70635,0.57143,44; 4; 3; 14; 77; 7; 3; 6
6,77,0.17087,0.07792,6; 20; 19; 21; 77; 3; 7; 7
5,26,0.24315,0.19231,5; 19; 28; 22; 26; 4; 14; 16
20,26,0.65434,0.76923,20; 3; 13; 17; 26; 23; 3; 10
56,63,0.90123,0.88889,56; 9; 4; 10; 63; 3; 8; 5
59,78,0.85432,0.75641,59; 4; 5; 9; 78; 3; 4; 5
26,70,0.46703,0.37143,26; 22; 24; 15; 70; 8; 5; 3
28,48,0.64915,0.58333,28; 5; 9; 14; 48; 15; 3; 11
20,26,0.77377,0.76923,20; 7; 23; 13; 26; 12; 14; 18
20,63,0.35812,0.31746,20; 13; 20; 23; 63; 8; 6; 11
24,70,0.42461,0.34286,24; 6; 18; 10; 70; 4; 5; 3
59,63,0.9647,0.93651,59; 10; 13; 3; 63; 7; 4; 4
6,32,0.2226,0.1875,6; 16; 20; 25; 32; 3; 21; 9
81,82,0.67508,0.9878,81; 3; 3; 5; 82; 5; 3; 3
11,64,0.20069,0.17188,11; 10; 16; 24; 64; 6; 4; 8
22,53,0.43694,0.41509,22; 11; 8; 17; 53; 5; 8; 10
12,42,0.3126,0.28571,12; 10; 7; 14; 42; 17; 14; 16
41,77,0.64468,0.53247,41; 12; 13; 13; 77; 3; 6; 7
61,75,0.80806,0.81333,61; 8; 9; 4; 75; 6; 5; 5
9,53,0.19177,0.16981,9; 22; 20; 26; 53; 5; 15; 4
61,64,0.92881,0.95312,61; 8; 6; 9; 64; 6; 8; 4
11,26,0.45047,0.42308,11; 7; 12; 19; 26; 13; 3; 17
22,63,0.38112,0.34921,22; 21; 23; 10; 63; 9; 11; 8
8,49,0.16923,0.16327,8; 27; 23; 24; 49; 9; 6; 14
12,42,0.29275,0.28571,12; 24; 23; 8; 42; 3; 15; 14
51,78,0.75484,0.65385,51; 6; 8; 5; 78; 5; 4; 5
32,64,0.55724,0.5,32; 5; 6; 20; 64; 7; 5; 6
29,42,0.66819,0.69048,29; 5; 12; 21; 42; 13; 13; 12
74,77,0.7911,0.96104,74; 8; 4; 6; 77; 4; 3; 7
57,75,0.88521,0.76,57; 12; 10; 3; 75; 3; 7; 3
22,32,0.70726,0.6875,22; 24; 19; 14; 32; 22; 21; 3
10,75,0.22961,0.13333,10; 28; 13; 29; 75; 7; 4; 4
15,26,0.56577,0.57692,15; 27; 22; 22; 26; 23; 23; 14
47,48,0.81492,0.97917,47; 9; 12; 16; 48; 5; 7; 9
9,63,0.18646,0.14286,9; 18; 28; 18; 63; 3; 6; 8
74,75,0.7644,0.98667,74; 4; 6; 5; 75; 7; 3; 5
22,53,0.45107,0.41509,22; 15; 22; 15; 53; 5; 11; 3
6,64,0.13523,0.09375,6; 9; 22; 18; 64; 9; 5; 6
35,48,0.73919,0.72917,35; 20; 12; 10; 48; 3; 11; 9
14,31,0.46631,0.45161,14; 23; 25; 21; 31; 15; 21; 4
31,53,0.59417,0.58491,31; 5; 18; 16; 53; 7; 4; 12
17,26,0.64857,0.65385,17; 10; 23; 27; 26; 19; 7; 4
7,10,0.35523,0.7,7; 8; 14; 30; 10; 28; 26; 28
45,64,0.75345,0.70312,45; 4; 13; 16; 64; 7; 5; 9
8,10,0.40737,0.8,8; 14; 7; 4; 10; 9; 21; 25
5,64,0.07474,0.07812,5; 13; 27; 29; 64; 7; 10; 9
24,42,0.5401,0.57143,24; 21; 12; 6; 42; 5; 4; 16
5,9,0.29161,0.55556,5; 21; 6; 3; 9; 21; 28; 18
47,77,0.75458,0.61039,47; 12; 8; 14; 77; 7; 7; 6
12,49,0.21787,0.2449,12; 12; 5; 5; 49; 7; 8; 10
24,26,0.82621,0.92308,24; 23; 19; 19; 26; 7; 22; 3
36,53,0.74736,0.67925,36; 13; 6; 18; 53; 7; 7; 3
56,64,0.92568,0.875,56; 5; 4; 11; 64; 9; 4; 6
53,77,0.76144,0.68831,53; 14; 14; 4; 77; 3; 7; 5
5,9,0.32435,0.55556,5; 13; 8; 24; 9; 23; 20; 11
10,64,0.20888,0.15625,10; 19; 23; 8; 64; 6; 11; 7
9,26,0.33033,0.34615,9; 15; 15; 6; 26; 9; 17; 9
38,53,0.73505,0.71698,38; 20; 4; 17; 53; 7; 9; 12
24,64,0.41955,0.375,24; 9; 12; 10; 64; 8; 10; 5
23,42,0.57172,0.54762,23; 25; 14; 17; 42; 12; 3; 16
59,75,0.91881,0.78667,59; 6; 6; 3; 75; 6; 4; 4
75,78,0.71253,0.96154,75; 5; 7; 4; 78; 5; 6; 5
7,31,0.26488,0.22581,7; 16; 26; 9; 31; 3; 12; 14
50,77,0.81035,0.64935,50; 3; 13; 8; 77; 3; 3; 3
8,9,0.39908,0.88889,8; 30; 19; 16; 9; 11; 27; 13
8,10,0.45056,0.8,8; 24; 11; 5; 10; 25; 13; 9
16,78,0.32789,0.20513,16; 3; 19; 9; 78; 6; 4; 6
5,26,0.23729,0.19231,5; 24; 18; 22; 26; 16; 10; 15
43,63,0.68045,0.68254,43; 18; 6; 11; 63; 7; 4; 3
6,10,0.37468,0.6,6; 8; 21; 29; 10; 11; 21; 9
38,75,0.62786,0.50667,38; 17; 16; 13; 75; 4; 6; 6
63,70,0.89313,0.9,63; 6; 5; 3; 70; 8; 7; 6
20,53,0.37056,0.37736,20; 12; 4; 22; 53; 10; 6; 13
63,64,0.94187,0.98438,63; 10; 5; 7; 64; 8; 9; 11
5,26,0.22564,0.19231,5; 21; 28; 9; 26; 23; 4; 11
41,53,0.77791,0.77358,41; 10; 19; 5; 53; 9; 7; 3
44,78,0.73247,0.5641,44; 7; 9; 15; 78; 4; 3; 5
8,26,0.30978,0.30769,8; 29; 30; 10; 26; 11; 19; 20
18,49,0.39101,0.36735,18; 22; 23; 18; 49; 7; 12; 4
9,31,0.32301,0.29032,9; 20; 26; 21; 31; 22; 21; 11
38,70,0.65723,0.54286,38; 17; 15; 15; 70; 4; 4; 3
7,49,0.16023,0.14286,7; 19; 18; 6; 49; 4; 3; 4
15,26,0.49124,0.57692,15; 14; 15; 26; 26; 7; 3; 16
72,75,0.8113,0.96,72; 7; 8; 8; 75; 3; 5; 4
41,48,0.76978,0.85417,41; 8; 17; 16; 48; 7; 4; 16
7,9,0.37408,0.77778,7; 30; 13; 28; 9; 24; 17; 28
38,42,0.86745,0.90476,38; 20; 6; 8; 42; 16; 16; 11
31,48,0.65773,0.64583,31; 13; 22; 20; 48; 6; 11; 4
24,63,0.4187,0.38095,24; 10; 8; 12; 63; 7; 8; 3
53,77,0.84962,0.68831,53; 9; 3; 14; 77; 7; 7; 4
8,9,0.37827,0.88889,8; 6; 28; 28; 9; 5; 8; 16
24,82,0.45643,0.29268,24; 4; 21; 10; 82; 4; 4; 4
28,78,0.49298,0.35897,28; 5; 9; 4; 78; 5; 3; 5
54,64,0.86403,0.84375,54; 6; 11; 3; 64; 4; 8; 11
11,82,0.25388,0.13415,11; 23; 8; 18; 82; 5; 5; 3
23,31,0.71775,0.74194,23; 15; 17; 13; 31; 18; 5; 5
5,9,0.2747,0.55556,5; 15; 7; 20; 9; 13; 3; 13
7,10,0.41209,0.7,7; 27; 26; 10; 10; 21; 28; 22
6,31,0.21494,0.19355,6; 23; 8; 27; 31; 4; 20; 10
27,77,0.48242,0.35065,27; 7; 8; 16; 77; 6; 7; 7
62,77,0.90251,0.80519,62; 7; 3; 4; 77; 3; 4; 4
14,26,0.57864,0.53846,14; 11; 16; 21; 26; 23; 13; 14
26,63,0.45932,0.4127,26; 18; 3; 3; 63; 5; 5; 11
11,26,0.37009,0.42308,11; 19; 8; 3; 26; 19; 11; 9
74,75,0.81403,0.98667,74; 4; 6; 6; 75; 6; 7; 6
20,70,0.35754,0.28571,20; 23; 3; 6; 70; 4; 8; 9
5,32,0.17294,0.15625,5; 30; 13; 13; 32; 22; 13; 13
17,26,0.58889,0.65385,17; 4; 3; 21; 26; 23; 12; 6
66,75,0.83852,0.88,66; 7; 10; 9; 75; 6; 4; 5
6,9,0.3568,0.66667,6; 8; 3; 24; 9; 10; 21; 5
18,32,0.54611,0.5625,18; 23; 11; 17; 32; 17; 9; 16
23,53,0.46782,0.43396,23; 22; 7; 8; 53; 13; 4; 14
8,9,0.42635,0.88889,8; 15; 21; 15; 9; 21; 10; 12
26,42,0.61296,0.61905,26; 9; 7; 14; 42; 9; 7; 12
5,9,0.24859,0.55556,5; 7; 19; 8; 9; 15; 10; 23
26,49,0.55469,0.53061,26; 5; 19; 13; 49; 5; 3; 5
5,10,0.29113,0.5,5; 24; 31; 26; 10; 17; 15; 27
17,31,0.49787,0.54839,17; 17; 21; 18; 31; 5; 5; 20
25,31,0.75571,0.80645,25; 21; 11; 24; 31; 8; 22; 22
53,70,0.87283,0.75714,53; 14; 9; 5; 70; 8; 4; 5
68,75,0.83435,0.90667,68; 5; 9; 9; 75; 4; 6; 3
66,70,0.90038,0.94286,66; 3; 3; 9; 70; 8; 3; 7
10,49,0.21835,0.20408,10; 7; 25; 27; 49; 13; 10; 4
26,77,0.49082,0.33766,26; 5; 8; 21; 77; 6; 6; 3
31,63,0.48566,0.49206,31; 12; 22; 5; 63; 5; 9; 7
32,64,0.5592,0.5,32; 5; 9; 18; 64; 4; 9; 5
15,26,0.59535,0.57692,15; 24; 8; 10; 26; 5; 13; 5
26,42,0.5825,0.61905,26; 12; 13; 22; 42; 7; 5; 13
58,78,0.79814,0.74359,58; 10; 5; 13; 78; 6; 6; 3
68,82,0.80529,0.82927,68; 5; 3; 3; 82; 4; 5; 4
37,70,0.59371,0.52857,37; 17; 17; 14; 70; 7; 9; 6
19,53,0.35855,0.35849,19; 23; 26; 21; 53; 3; 3; 11
18,32,0.58669,0.5625,18; 12; 5; 10; 32; 3; 17; 11
50,70,0.80997,0.71429,50; 15; 10; 9; 70; 6; 8; 9
29,42,0.66443,0.69048,29; 13; 8; 22; 42; 5; 15; 7
44,78,0.68739,0.5641,44; 7; 13; 11; 78; 6; 3; 3
7,75,0.17431,0.09333,7; 20; 10; 3; 75; 7; 7; 5
6,9,0.33093,0.66667,6; 3; 22; 15; 9; 16; 17; 15
42,48,0.81203,0.875,42; 3; 15; 8; 48; 6; 3; 9
31,53,0.56581,0.58491,31; 17; 7; 13; 53; 7; 10; 6
14,64,0.27458,0.21875,14; 17; 18; 24; 64; 5; 6; 4
16,63,0.25953,0.25397,16; 19; 10; 8; 63; 10; 11; 5
42,78,0.62593,0.53846,42; 18; 12; 13; 78; 4; 5; 6
12,26,0.45022,0.46154,12; 5; 28; 4; 26; 11; 8; 4
6,10,0.35859,0.6,6; 11; 9; 7; 10; 15; 26; 7
54,70,0.8992,0.77143,54; 8; 4; 5; 70; 9; 6; 5
10,49,0.23526,0.20408,10; 23; 27; 13; 49; 13; 16; 3
35,48,0.81281,0.72917,35; 4; 10; 12; 48; 7; 10; 3
26,75,0.466,0.34667,26; 23; 3; 3; 75; 3; 7; 3
20,32,0.62881,0.625,20; 4; 9; 4; 32; 14; 13; 19
23,48,0.51174,0.47917,23; 12; 13; 20; 48; 5; 15; 11
22,48,0.45429,0.45833,22; 17; 4; 15; 48; 7; 4; 7
32,49,0.63602,0.65306,32; 4; 12; 21; 49; 9; 13; 13
63,77,0.8318,0.81818,63; 11; 7; 8; 77; 3; 7; 6
16,31,0.54611,0.51613,16; 23; 22; 15; 31; 19; 20; 16
10,75,0.22293,0.13333,10; 26; 9; 24; 75; 5; 7; 4
23,49,0.49145,0.46939,23; 8; 16; 17; 49; 8; 14; 5
6,10,0.34134,0.6,6; 3; 21; 5; 10; 29; 22; 20
10,49,0.22107,0.20408,10; 3; 10; 11; 49; 3; 8; 7
42,53,0.81094,0.79245,42; 6; 5; 18; 53; 15; 6; 12
10,42,0.25059,0.2381,10; 15; 28; 12; 42; 13; 5; 5
6,82,0.16249,0.07317,6; 17; 29; 27; 82; 3; 4; 3
5,64,0.11669,0.07812,5; 14; 22; 17; 64; 4; 4; 5
37,53,0.73377,0.69811,37; 11; 15; 19; 53; 4; 8; 14
15,42,0.33402,0.35714,15; 12; 17; 24; 42; 4; 6; 7
65,75,0.81164,0.86667,65; 6; 5; 5; 75; 4; 7; 6
9,10,0.44747,0.9,9; 27; 24; 19; 10; 11; 16; 29
6,10,0.30595,0.6,6; 30; 17; 17; 10; 10; 26; 11
39,49,0.78605,0.79592,39; 17; 19; 9; 49; 14; 13; 8
23,42,0.53103,0.54762,23; 21; 19; 8; 42; 17; 5; 12
19,48,0.41156,0.39583,19; 5; 6; 11; 48; 9; 12; 15
22,75,0.41601,0.29333,22; 7; 7; 14; 75; 6; 6; 7
36,77,0.60635,0.46753,36; 4; 17; 15; 77; 3; 3; 4
13,70,0.22159,0.18571,13; 7; 10; 13; 70; 4; 6; 3
62,82,0.78818,0.7561,62; 4; 7; 4; 82; 5; 3; 3
50,64,0.86004,0.78125,50; 5; 10; 13; 64; 7; 6; 8
8,31,0.23997,0.25806,8; 20; 24; 13; 31; 15; 6; 10
44,78,0.70459,0.5641,44; 11; 6; 9; 78; 3; 4; 4
16,26,0.63477,0.61538,16; 26; 12; 22; 26; 22; 5; 17
31,82,0.53118,0.37805,31; 3; 13; 14; 82; 4; 3; 4
8,48,0.18131,0.16667,8; 22; 23; 17; 48; 15; 9; 13
34,49,0.74106,0.69388,34; 18; 20; 14; 49; 12; 12; 14
22,26,0.83007,0.84615,22; 20; 15; 17; 26; 22; 11; 21
22,26,0.78415,0.84615,22; 14; 14; 6; 26; 8; 19; 20
73,78,0.77181,0.9359,73; 7; 3; 4; 78; 4; 4; 5
23,42,0.54748,0.54762,23; 7; 8; 25; 42; 11; 11; 7
40,53,0.7567,0.75472,40; 19; 7; 3; 53; 15; 7; 13
17,26,0.60085,0.65385,17; 3; 9; 16; 26; 3; 7; 11
44,48,0.82241,0.91667,44; 3; 4; 14; 48; 16; 7; 9
29,49,0.58712,0.59184,29; 11; 7; 22; 49; 8; 15; 6
21,82,0.40157,0.2561,21; 12; 3; 22; 82; 3; 3; 5
19,75,0.35787,0.25333,19; 25; 10; 6; 75; 6; 3; 6
17,49,0.36475,0.34694,17; 18; 18; 27; 49; 16; 9; 13
6,78,0.15399,0.07692,6; 26; 8; 3; 78; 5; 6; 3
34,42,0.80151,0.80952,34; 9; 15; 9; 42; 8; 6; 11
21,26,0.81382,0.80769,21; 5; 19; 24; 26; 12; 20; 24
21,63,0.35513,0.33333,21; 16; 6; 6; 63; 5; 4; 7
30,63,0.50719,0.47619,30; 13; 21; 5; 63; 9; 8; 10
33,63,0.58048,0.52381,33; 15; 16; 7; 63; 10; 8; 6
22,64,0.39546,0.34375,22; 18; 24; 21; 64; 7; 3; 7
58,78,0.84487,0.74359,58; 4; 4; 8; 78; 6; 6; 3
32,78,0.55064,0.41026,32; 22; 16; 11; 78; 6; 5; 5
39,63,0.65781,0.61905,39; 11; 15; 5; 63; 11; 6; 6
34,70,0.58423,0.48571,34; 3; 12; 18; 70; 9; 7; 7
13,32,0.40708,0.40625,13; 27; 27; 11; 32; 7; 11; 11
8,48,0.16353,0.16667,8; 16; 19; 9; 48; 4; 9; 3
16,26,0.62376,0.61538,16; 22; 17; 25; 26; 18; 18; 15
5,26,0.17913,0.19231,5; 10; 14; 29; 26; 14; 10; 3
23,32,0.68438,0.71875,23; 16; 22; 4; 32; 14; 20; 15
60,75,0.87611,0.8,60; 8; 7; 9; 75; 4; 3; 7
50,70,0.81518,0.71429,50; 8; 4; 14; 70; 6; 9; 3
74,78,0.69759,0.94872,74; 3; 3; 7; 78; 3; 6; 4
65,78,0.81419,0.83333,65; 10; 5; 7; 78; 3; 3; 3
7,9,0.37163,0.77778,7; 10; 18; 8; 9; 15; 4; 12
24,75,0.43514,0.32,24; 17; 23; 19; 75; 5; 3; 5
30,32,0.8477,0.9375,30; 14; 22; 6; 32; 17; 21; 17
69,77,0.85307,0.8961,69; 9; 3; 5; 77; 4; 6; 6
43,82,0.65504,0.52439,43; 8; 18; 9; 82; 3; 5; 5
55,82,0.82307,0.67073,55; 9; 12; 10; 82; 4; 5; 3
25,26,0.74456,0.96154,25; 6; 8; 11; 26; 16; 10; 9
20,32,0.61788,0.625,20; 13; 7; 8; 32; 19; 11; 5
28,64,0.47354,0.4375,28; 9; 11; 12; 64; 9; 10; 8
46,70,0.77954,0.65714,46; 7; 15; 14; 70; 9; 6; 3
30,48,0.70663,0.625,30; 18; 11; 20; 48; 4; 7; 8
30,53,0.60739,0.56604,30; 12; 4; 11; 53; 7; 6; 13
42,53,0.77846,0.79245,42; 11; 14; 6; 53; 4; 15; 14
11,26,0.42598,0.42308,11; 22; 9; 20; 26; 15; 9; 21
18,48,0.39529,0.375,18; 13; 4; 14; 48; 5; 13; 14
10,82,0.21482,0.12195,10; 10; 4; 14; 82; 5; 3; 3
16,63,0.28124,0.25397,16; 20; 8; 20; 63; 4; 10; 3
5,64,0.07813,0.07812,5; 14; 12; 12; 64; 5; 4; 7
14,42,0.32093,0.33333,14; 27; 20; 14; 42; 11; 10; 17
37,49,0.79497,0.7551,37; 18; 11; 10; 49; 12; 9; 9
19,75,0.37799,0.25333,19; 23; 21; 9; 75; 5; 7; 4
16,48,0.33825,0.33333,16; 27; 3; 27; 48; 6; 9; 7
23,70,0.39506,0.32857,23; 25; 10; 13; 70; 7; 9; 6
7,9,0.36105,0.77778,7; 15; 3; 8; 9; 8; 27; 14
67,75,0.8462,0.89333,67; 7; 7; 4; 75; 6; 7; 3
71,75,0.85381,0.94667,71; 9; 7; 3; 75; 3; 5; 6
6,48,0.13802,0.125,6; 28; 19; 18; 48; 14; 10; 11
11,78,0.25969,0.14103,11; 22; 19; 29; 78; 5; 5; 4
24,63,0.41408,0.38095,24; 3; 21; 23; 63; 8; 7; 10
45,53,0.80785,0.84906,45; 7; 8; 17; 53; 15; 11; 4
15,53,0.28522,0.28302,15; 21; 14; 24; 53; 4; 7; 3
25,26,0.70852,0.96154,25; 7; 10; 19; 26; 13; 3; 10
5,10,0.31404,0.5,5; 22; 22; 13; 10; 18; 17; 10
20,64,0.3556,0.3125,20; 9; 9; 18; 64; 8; 4; 5
16,53,0.3315,0.30189,16; 3; 11; 8; 53; 7; 14; 13
81,82,0.66177,0.9878,81; 3; 3; 5; 82; 3; 5; 3
69,78,0.78911,0.88462,69; 5; 5; 8; 78; 6; 4; 6
15,82,0.33256,0.18293,15; 6; 12; 26; 82; 4; 5; 3
29,77,0.53706,0.37662,29; 21; 18; 10; 77; 3; 4; 7
8,31,0.31747,0.25806,8; 24; 10; 18; 31; 7; 9; 5
44,48,0.85506,0.91667,44; 8; 9; 3; 48; 4; 11; 9
7,63,0.13392,0.11111,7; 6; 28; 17; 63; 5; 6; 8
52,77,0.80779,0.67532,52; 7; 10; 10; 77; 5; 5; 5
27,42,0.65306,0.64286,27; 3; 23; 7; 42; 16; 16; 7
6,26,0.22392,0.23077,6; 11; 27; 11; 26; 14; 22; 17
38,53,0.76354,0.71698,38; 7; 20; 3; 53; 10; 9; 9
25,31,0.72177,0.80645,25; 18; 18; 18; 31; 8; 15; 8
43,70,0.70343,0.61429,43; 3; 6; 3; 70; 9; 8; 3
20,48,0.44206,0.41667,20; 18; 25; 3; 48; 14; 6; 8
7,9,0.38056,0.77778,7; 19; 14; 8; 9; 4; 10; 25
8,9,0.41235,0.88889,8; 28; 12; 11; 9; 10; 28; 24
13,64,0.25722,0.20312,13; 17; 12; 5; 64; 9; 11; 10
20,48,0.4384,0.41667,20; 24; 20; 16; 48; 13; 14; 11
34,70,0.57883,0.48571,34; 11; 7; 5; 70; 3; 6; 7
20,32,0.61305,0.625,20; 19; 17; 5; 32; 3; 7; 7
7,9,0.37052,0.77778,7; 25; 25; 10; 9; 9; 15; 27
6,31,0.21657,0.19355,6; 18; 23; 10; 31; 21; 17; 3
6,70,0.09356,0.08571,6; 7; 3; 13; 70; 3; 9; 7
9,10,0.4651,0.9,9; 25; 7; 27; 10; 13; 25; 18
8,82,0.18918,0.09756,8; 14; 30; 19; 82; 5; 3; 5
65,75,0.84215,0.86667,65; 11; 7; 4; 75; 7; 4; 3
14,31,0.44332,0.45161,14; 14; 10; 24; 31; 18; 8; 16
39,42,0.83417,0.92857,39; 8; 5; 8; 42; 12; 8; 12
6,9,0.31278,0.66667,6; 20; 14; 26; 9; 5; 5; 20
59,64,0.96751,0.92188,59; 6; 7; 11; 64; 9; 11; 7
16,26,0.6275,0.61538,16; 17; 19; 18; 26; 7; 4; 3
17,77,0.31043,0.22078,17; 7; 6; 7; 77; 6; 4; 7
27,32,0.77659,0.84375,27; 21; 18; 21; 32; 21; 16; 17
28,48,0.6114,0.58333,28; 5; 7; 9; 48; 10; 9; 10
34,63,0.59221,0.53968,34; 14; 13; 21; 63; 9; 4; 3
15,70,0.28011,0.21429,15; 14; 17; 9; 70; 7; 6; 4
6,10,0.34311,0.6,6; 29; 29; 10; 10; 3; 16; 20
14,26,0.48439,0.53846,14; 9; 24; 19; 26; 22; 8; 11
14,75,0.3112,0.18667,14; 18; 20; 21; 75; 7; 3; 3
35,48,0.80834,0.72917,35; 6; 6; 18; 48; 11; 14; 14
41,70,0.68325,0.58571,41; 17; 5; 10; 70; 9; 7; 9
40,48,0.8351,0.83333,40; 5; 10; 17; 48; 16; 11; 5
7,75,0.16639,0.09333,7; 24; 7; 11; 75; 7; 4; 3
30,70,0.52958,0.42857,30; 5; 19; 11; 70; 3; 6; 3
9,70,0.20174,0.12857,9; 9; 27; 23; 70; 8; 5; 9
21,31,0.64604,0.67742,21; 7; 5; 8; 31; 7; 19; 11
8,70,0.16248,0.11429,8; 28; 24; 12; 70; 9; 3; 7
8,10,0.42597,0.8,8; 20; 25; 14; 10; 29; 14; 29
60,75,0.87893,0.8,60; 4; 12; 3; 75; 6; 4; 4
73,75,0.83017,0.97333,73; 3; 7; 4; 75; 6; 4; 3
47,53,0.84555,0.88679,47; 9; 10; 12; 53; 3; 4; 15
22,26,0.78874,0.84615,22; 15; 4; 12; 26; 6; 14; 21
26,49,0.55542,0.53061,26; 16; 14; 17; 49; 3; 15; 15
7,9,0.32688,0.77778,7; 28; 3; 26; 9; 15; 9; 22
33,53,0.61056,0.62264,33; 21; 19; 21; 53; 6; 11; 12
24,31,0.70402,0.77419,24; 12; 17; 8; 31; 20; 13; 13
27,63,0.46487,0.42857,27; 21; 18; 12; 63; 11; 8; 7
9,10,0.43722,0.9,9; 3; 27; 11; 10; 22; 9; 14
27,32,0.76425,0.84375,27; 5; 9; 13; 32; 12; 22; 20
6,10,0.33467,0.6,6; 16; 28; 4; 10; 17; 22; 6
48,78,0.7842,0.61538,48; 12; 7; 13; 78; 3; 5; 5
24,53,0.47332,0.45283,24; 8; 19; 12; 53; 12; 11; 6
40,77,0.67188,0.51948,40; 8; 12; 6; 77; 7; 5; 7
44,63,0.72266,0.69841,44; 3; 7; 16; 63; 3; 5; 11
7,10,0.32182,0.7,7; 12; 26; 30; 10; 21; 8; 18
51,63,0.88082,0.80952,51; 8; 5; 15; 63; 11; 10; 8
10,63,0.19259,0.15873,10; 4; 7; 4; 63; 8; 5; 11
6,10,0.36748,0.6,6; 8; 17; 19; 10; 13; 26; 18
24,31,0.73612,0.77419,24; 21; 9; 8; 31; 21; 11; 19
5,10,0.29515,0.5,5; 29; 22; 12; 10; 11; 28; 16
5,9,0.27754,0.55556,5; 5; 5; 5; 9; 11; 9; 13
18,70,0.3555,0.25714,18; 4; 18; 26; 70; 6; 3; 7
17,32,0.54911,0.53125,17; 8; 12; 22; 32; 18; 15; 7
8,64,0.16309,0.125,8; 29; 18; 24; 64; 7; 11; 7
22,26,0.7995,0.84615,22; 5; 3; 22; 26; 9; 8; 12
7,10,0.36916,0.7,7; 22; 19; 16; 10; 16; 5; 9
29,48,0.59166,0.60417,29; 8; 12; 16; 48; 10; 7; 6
25,32,0.77788,0.78125,25; 14; 21; 22; 32; 16; 17; 13
66,77,0.84947,0.85714,66; 5; 9; 9; 77; 7; 5; 5
20,42,0.46229,0.47619,20; 23; 23; 3; 42; 16; 13; 12
45,77,0.69248,0.58442,45; 14; 11; 3; 77; 6; 3; 4
15,48,0.33158,0.3125,15; 25; 24; 12; 48; 5; 15; 14
19,48,0.40234,0.39583,19; 5; 25; 3; 48; 14; 7; 15
20,75,0.37122,0.26667,20; 25; 3; 8; 75; 3; 5; 4
22,48,0.44983,0.45833,22; 25; 14; 9; 48; 9; 4; 9
46,63,0.78177,0.73016,46; 8; 15; 14; 63; 8; 5; 4
60,82,0.7801,0.73171,60; 5; 12; 3; 82; 4; 4; 3
27,42,0.66492,0.64286,27; 10; 16; 22; 42; 12; 9; 6
48,82,0.66387,0.58537,48; 9; 16; 9; 82; 3; 3; 4
36,53,0.70465,0.67925,36; 7; 8; 3; 53; 10; 5; 14
26,48,0.5567,0.54167,26; 7; 10; 8; 48; 7; 15; 15
21,31,0.64361,0.67742,21; 22; 6; 3; 31; 7; 8; 14
51,70,0.80706,0.72857,51; 10; 6; 7; 70; 8; 9; 4
53,70,0.85389,0.75714,53; 8; 11; 5; 70; 6; 4; 6
29,31,0.77911,0.93548,29; 21; 3; 16; 31; 7; 13; 18
38,63,0.6075,0.60317,38; 3; 8; 12; 63; 7; 4; 8
52,77,0.74803,0.67532,52; 12; 11; 3; 77; 3; 3; 6
9,32,0.29965,0.28125,9; 16; 21; 12; 32; 16; 22; 18
20,49,0.41285,0.40816,20; 12; 21; 20; 49; 13; 4; 8
44,82,0.62328,0.53659,44; 10; 10; 12; 82; 5; 3; 5
66,70,0.90816,0.94286,66; 6; 8; 7; 70; 4; 7; 9
40,48,0.7809,0.83333,40; 9; 17; 3; 48; 7; 14; 4
6,31,0.2057,0.19355,6; 13; 10; 18; 31; 11; 19; 6
45,53,0.80633,0.84906,45; 13; 13; 3; 53; 11; 10; 15
19,42,0.45961,0.45238,19; 6; 25; 20; 42; 12; 5; 5
25,42,0.59532,0.59524,25; 7; 7; 17; 42; 11; 13; 5
53,63,0.86797,0.84127,53; 3; 9; 13; 63; 8; 11; 10
10,31,0.3437,0.32258,10; 7; 6; 24; 31; 4; 21; 15
20,26,0.78131,0.76923,20; 4; 25; 5; 26; 15; 5; 16
61,78,0.82833,0.78205,61; 7; 3; 10; 78; 4; 6; 3
6,10,0.33709,0.6,6; 26; 24; 5; 10; 27; 21; 20
18,53,0.36574,0.33962,18; 26; 18; 22; 53; 12; 8; 13
76,82,0.82903,0.92683,76; 5; 4; 3; 82; 4; 5; 5
20,63,0.34515,0.31746,20; 26; 24; 9; 63; 8; 8; 3
7,10,0.39844,0.7,7; 6; 24; 22; 10; 29; 17; 17
40,53,0.7464,0.75472,40; 13; 7; 16; 53; 7; 9; 9
11,64,0.21979,0.17188,11; 14; 9; 5; 64; 7; 7; 6
50,82,0.72862,0.60976,50; 4; 9; 7; 82; 3; 5; 5
26,31,0.73443,0.83871,26; 4; 10; 24; 31; 22; 16; 14
35,63,0.60942,0.55556,35; 15; 9; 20; 63; 6; 5; 8
39,70,0.66153,0.55714,39; 10; 18; 18; 70; 3; 8; 6
28,77,0.48947,0.36364,28; 18; 10; 6; 77; 6; 4; 3
15,82,0.29677,0.18293,15; 18; 7; 3; 82; 5; 3; 5
13,42,0.32736,0.30952,13; 11; 16; 16; 42; 9; 3; 8
8,32,0.30774,0.25,8; 24; 27; 13; 32; 9; 18; 8
6,82,0.13446,0.07317,6; 25; 12; 21; 82; 3; 4; 4
47,48,0.80868,0.97917,47; 8; 5; 10; 48; 8; 13; 10
44,70,0.66422,0.62857,44; 3; 14; 10; 70; 4; 6; 6
5,9,0.31273,0.55556,5; 8; 17; 21; 9; 25; 12; 13
11,70,0.21073,0.15714,11; 22; 20; 14; 70; 5; 6; 6
32,75,0.51308,0.42667,32; 13; 13; 19; 75; 7; 7; 3
39,63,0.64751,0.61905,39; 18; 3; 8; 63; 3; 6; 10
52,64,0.83164,0.8125,52; 4; 15; 9; 64; 9; 6; 7
40,64,0.65779,0.625,40; 14; 10; 13; 64; 6; 7; 8
17,48,0.39042,0.35417,17; 23; 10; 15; 48; 10; 5; 10
8,64,0.11339,0.125,8; 3; 16; 10; 64; 3; 8; 9
23,53,0.45452,0.43396,23; 23; 17; 23; 53; 10; 11; 10
43,82,0.6408,0.52439,43; 7; 6; 16; 82; 5; 4; 3
60,75,0.88931,0.8,60; 5; 9; 10; 75; 5; 4; 4
11,49,0.2416,0.22449,11; 20; 11; 29; 49; 14; 13; 4
39,53,0.74045,0.73585,39; 9; 16; 4; 53; 7; 10; 9
5,9,0.30686,0.55556,5; 8; 19; 15; 9; 14; 16; 7
25,26,0.75867,0.96154,25; 6; 14; 16; 26; 12; 21; 20
8,10,0.40287,0.8,8; 4; 19; 30; 10; 24; 3; 4
61,70,0.88036,0.87143,61; 5; 11; 3; 70; 4; 7; 6
7,31,0.24039,0.22581,7; 13; 4; 28; 31; 20; 4; 18
7,32,0.25574,0.21875,7; 30; 26; 20; 32; 4; 22; 22
22,42,0.5075,0.52381,22; 23; 19; 24; 42; 17; 13; 15
5,10,0.31811,0.5,5; 26; 17; 7; 10; 9; 15; 16
12,31,0.37178,0.3871,12; 25; 18; 13; 31; 12; 14; 5
35,49,0.75264,0.71429,35; 15; 12; 21; 49; 8; 5; 10
45,77,0.70403,0.58442,45; 10; 4; 8; 77; 6; 7; 6
23,26,0.79812,0.88462,23; 3; 23; 15; 26; 20; 16; 22
5,75,0.14338,0.06667,5; 18; 11; 24; 75; 4; 5; 4
37,63,0.6354,0.5873,37; 15; 20; 7; 63; 9; 7; 4
17,32,0.51541,0.53125,17; 16; 15; 9; 32; 12; 9; 10
63,75,0.88244,0.84,63; 6; 8; 11; 75; 5; 3; 7
6,9,0.31725,0.66667,6; 8; 24; 18; 9; 21; 13; 22
16,48,0.34295,0.33333,16; 4; 11; 22; 48; 3; 4; 6
5,31,0.16736,0.16129,5; 16; 14; 27; 31; 17; 7; 11
5,9,0.30905,0.55556,5; 15; 23; 14; 9; 24; 24; 15
63,64,0.92745,0.98438,63; 6; 10; 5; 64; 11; 9; 6
7,31,0.25423,0.22581,7; 13; 7; 12; 31; 9; 21; 20
17,32,0.52467,0.53125,17; 9; 11; 6; 32; 17; 20; 9
18,42,0.44616,0.42857,18; 8; 13; 26; 42; 10; 4; 7
59,63,0.93403,0.93651,59; 5; 6; 10; 63; 6; 9; 8
21,31,0.68656,0.67742,21; 5; 10; 4; 31; 16; 20; 10
27,49,0.57034,0.55102,27; 14; 22; 14; 49; 15; 8; 14
25,70,0.45951,0.35714,25; 22; 20; 24; 70; 3; 7; 9
28,78,0.49291,0.35897,28; 6; 6; 12; 78; 4; 3; 5
31,82,0.51313,0.37805,31; 3; 9; 14; 82; 5; 5; 4
20,31,0.64314,0.64516,20; 10; 6; 10; 31; 6; 21; 15
54,78,0.83511,0.69231,54; 7; 6; 12; 78; 4; 4; 4
46,70,0.7384,0.65714,46; 13; 14; 17; 70; 8; 6; 9
30,32,0.79365,0.9375,30; 10; 6; 12; 32; 8; 22; 11
16,42,0.39521,0.38095,16; 27; 8; 16; 42; 3; 14; 5
7,31,0.21491,0.22581,7; 17; 23; 4; 31; 19; 11; 17
23,78,0.46594,0.29487,23; 12; 25; 21; 78; 3; 5; 4
63,82,0.73792,0.76829,63; 4; 11; 8; 82; 4; 5; 5
6,10,0.34221,0.6,6; 30; 12; 23; 10; 20; 12; 28
63,75,0.85396,0.84,63; 7; 8; 10; 75; 7; 4; 7
12,32,0.38652,0.375,12; 5; 9; 26; 32; 22; 3; 15
62,82,0.75294,0.7561,62; 4; 7; 7; 82; 3; 5; 4
25,64,0.43934,0.39062,25; 11; 16; 8; 64; 7; 6; 6
18,75,0.32102,0.24,18; 4; 13; 9; 75; 6; 4; 5
27,82,0.47681,0.32927,27; 20; 20; 23; 82; 3; 4; 3
27,48,0.62086,0.5625,27; 23; 12; 20; 48; 6; 13; 3
44,78,0.73426,0.5641,44; 9; 16; 13; 78; 3; 3; 4
31,48,0.69091,0.64583,31; 19; 7; 5; 48; 5; 6; 5
14,77,0.2974,0.18182,14; 21; 9; 5; 77; 6; 6; 6
9,32,0.30449,0.28125,9; 22; 27; 16; 32; 3; 16; 9
17,63,0.31463,0.26984,17; 22; 13; 6; 63; 8; 5; 8
23,31,0.69467,0.74194,23; 20; 10; 15; 31; 11; 6; 10
26,42,0.59829,0.61905,26; 10; 15; 10; 42; 6; 8; 9
22,77,0.40523,0.28571,22; 4; 15; 17; 77; 6; 3; 7
37,53,0.73311,0.69811,37; 15; 11; 19; 53; 6; 11; 4
22,48,0.50625,0.45833,22; 3; 10; 4; 48; 4; 13; 5
51,82,0.77641,0.62195,51; 15; 15; 10; 82; 3; 3; 3
7,32,0.25586,0.21875,7; 18; 3; 7; 32; 3; 22; 13
54,64,0.88921,0.84375,54; 8; 14; 13; 64; 11; 4; 10
44,53,0.83953,0.83019,44; 18; 13; 11; 53; 15; 7; 4
31,75,0.49956,0.41333,31; 11; 5; 22; 75; 7; 6; 4
18,70,0.34608,0.25714,18; 24; 14; 24; 70; 9; 8; 8
68,77,0.80876,0.88312,68; 9; 3; 8; 77; 5; 6; 4
48,77,0.71241,0.62338,48; 5; 11; 9; 77; 5; 6; 7
6,10,0.31567,0.6,6; 10; 10; 24; 10; 22; 22; 23
13,31,0.46881,0.41935,13; 27; 26; 22; 31; 10; 11; 21
9,75,0.19772,0.12,9; 23; 4; 6; 75; 3; 6; 6
15,32,0.47423,0.46875,15; 12; 24; 22; 32; 20; 19; 13
10,63,0.1836,0.15873,10; 4; 8; 11; 63; 9; 5; 6
8,70,0.14183,0.11429,8; 8; 25; 21; 70; 4; 3; 4
19,42,0.48337,0.45238,19; 5; 19; 5; 42; 3; 12; 12
12,48,0.27203,0.25,12; 21; 14; 5; 48; 12; 10; 15
9,10,0.48382,0.9,9; 12; 17; 4; 10; 21; 7; 27
30,78,0.52115,0.38462,30; 14; 4; 15; 78; 4; 5; 3
21,42,0.46402,0.5,21; 3; 6; 10; 42; 10; 13; 18
14,26,0.47871,0.53846,14; 13; 7; 16; 26; 13; 6; 21
14,32,0.42829,0.4375,14; 22; 18; 17; 32; 22; 9; 21
16,26,0.56345,0.61538,16; 22; 6; 24; 26; 19; 14; 19
5,77,0.07841,0.06494,5; 14; 16; 17; 77; 4; 3; 6
24,70,0.40254,0.34286,24; 15; 21; 21; 70; 8; 9; 8
7,9,0.40982,0.77778,7; 11; 7; 15; 9; 26; 24; 20
6,10,0.35397,0.6,6; 15; 6; 10; 10; 17; 10; 9
14,77,0.29011,0.18182,14; 9; 12; 27; 77; 6; 3; 3
20,26,0.71293,0.76923,20; 14; 15; 17; 26; 9; 21; 23
17,26,0.59542,0.65385,17; 4; 10; 9; 26; 9; 8; 21
5,9,0.32184,0.55556,5; 9; 20; 19; 9; 11; 20; 20
14,31,0.46685,0.45161,14; 27; 20; 18; 31; 6; 8; 11
18,70,0.33269,0.25714,18; 18; 7; 19; 70; 6; 8; 5
57,75,0.86246,0.76,57; 5; 9; 3; 75; 6; 6; 7
74,77,0.7524,0.96104,74; 5; 5; 3; 77; 4; 6; 4
23,26,0.73756,0.88462,23; 18; 11; 18; 26; 3; 17; 3
37,48,0.83723,0.77083,37; 11; 18; 10; 48; 6; 8; 10
11,31,0.35611,0.35484,11; 16; 23; 4; 31; 22; 14; 15
46,53,0.81737,0.86792,46; 10; 10; 3; 53; 11; 10; 3
23,48,0.48608,0.47917,23; 24; 13; 23; 48; 15; 11; 15
7,63,0.1233,0.11111,7; 23; 7; 13; 63; 4; 11; 8
45,63,0.75492,0.71429,45; 7; 7; 7; 63; 5; 11; 11
59,64,0.94939,0.92188,59; 13; 8; 6; 64; 7; 11; 3
5,42,0.1271,0.11905,5; 31; 12; 31; 42; 3; 4; 15
32,70,0.56889,0.45714,32; 9; 16; 12; 70; 8; 5; 8
5,63,0.05743,0.07937,5; 23; 23; 3; 63; 4; 11; 8
28,53,0.54901,0.5283,28; 8; 17; 15; 53; 4; 5; 5
7,10,0.39411,0.7,7; 7; 8; 28; 10; 24; 17; 3
15,32,0.47825,0.46875,15; 9; 9; 16; 32; 12; 15; 16
34,53,0.64428,0.64151,34; 11; 17; 11; 53; 3; 5; 13
27,32,0.76548,0.84375,27; 20; 20; 5; 32; 21; 14; 15
12,31,0.41979,0.3871,12; 11; 20; 4; 31; 12; 9; 14
8,10,0.39695,0.8,8; 10; 20; 15; 10; 23; 9; 5
54,75,0.87233,0.72,54; 9; 5; 10; 75; 4; 3; 7
12,64,0.19639,0.1875,12; 8; 19; 13; 64; 3; 3; 8
25,53,0.51025,0.4717,25; 8; 19; 17; 53; 14; 9; 12
9,10,0.44894,0.9,9; 15; 22; 9; 10; 9; 16; 3
5,26,0.19444,0.19231,5; 11; 12; 22; 26; 12; 21; 7
61,63,0.96221,0.96825,61; 5; 9; 3; 63; 9; 11; 4
33,78,0.57289,0.42308,33; 11; 20; 10; 78; 3; 5; 6
7,9,0.37847,0.77778,7; 13; 7; 16; 9; 23; 16; 19
5,10,0.20938,0.5,5; 20; 25; 22; 10; 29; 5; 5
6,32,0.24151,0.1875,6; 25; 15; 10; 32; 14; 10; 7
8,10,0.43262,0.8,8; 18; 17; 12; 10; 15; 24; 24
32,53,0.63771,0.60377,32; 16; 13; 21; 53; 11; 10; 12
27,53,0.50499,0.50943,27; 20; 21; 6; 53; 3; 9; 9
10,31,0.37392,0.32258,10; 24; 19; 21; 31; 3; 18; 15
5,10,0.29725,0.5,5; 4; 3; 9; 10; 4; 15; 12
12,78,0.24885,0.15385,12; 28; 9; 23; 78; 4; 4; 3
33,63,0.56067,0.52381,33; 11; 12; 21; 63; 8; 9; 9
8,9,0.39273,0.88889,8; 26; 19; 26; 9; 11; 16; 20
39,49,0.81489,0.79592,39; 8; 6; 11; 49; 4; 14; 14
38,64,0.64285,0.59375,38; 10; 20; 7; 64; 5; 9; 9
7,75,0.172,0.09333,7; 5; 29; 17; 75; 3; 3; 3
15,31,0.48132,0.48387,15; 8; 3; 26; 31; 20; 4; 18
8,10,0.40292,0.8,8; 13; 13; 8; 10; 24; 11; 15
14,82,0.27209,0.17073,14; 9; 12; 28; 82; 5; 3; 4
17,48,0.38375,0.35417,17; 5; 20; 24; 48; 7; 14; 3
39,78,0.63209,0.5,39; 15; 10; 16; 78; 6; 5; 5
25,75,0.44932,0.33333,25; 4; 13; 24; 75; 6; 3; 4
19,26,0.70059,0.73077,19; 20; 21; 5; 26; 21; 3; 14
36,49,0.79129,0.73469,36; 8; 5; 14; 49; 9; 4; 9
54,77,0.88221,0.7013,54; 14; 4; 7; 77; 3; 4; 6
22,31,0.71702,0.70968,22; 24; 9; 23; 31; 14; 11; 19
44,63,0.73931,0.69841,44; 6; 11; 16; 63; 9; 6; 11
54,82,0.8312,0.65854,54; 9; 14; 14; 82; 5; 5; 5
39,78,0.59717,0.5,39; 10; 6; 16; 78; 4; 6; 3
59,63,0.94355,0.93651,59; 6; 4; 11; 63; 7; 8; 5
53,78,0.83979,0.67949,53; 7; 7; 4; 78; 5; 4; 5
5,10,0.31747,0.5,5; 26; 14; 5; 10; 18; 16; 21
9,31,0.28599,0.29032,9; 3; 19; 7; 31; 5; 22; 15
40,70,0.68026,0.57143,40; 18; 3; 9; 70; 8; 5; 9
9,10,0.47395,0.9,9; 14; 7; 25; 10; 8; 19; 15
19,75,0.3386,0.25333,19; 18; 25; 18; 75; 5; 7; 4
63,77,0.92619,0.81818,63; 7; 9; 6; 77; 7; 3; 7
33,63,0.55963,0.52381,33; 14; 3; 10; 63; 6; 11; 10
56,75,0.8692,0.74667,56; 10; 12; 11; 75; 4; 7; 4
14,49,0.28956,0.28571,14; 3; 28; 23; 49; 15; 8; 6
18,31,0.54296,0.58065,18; 13; 26; 22; 31; 17; 20; 20
21,42,0.49645,0.5,21; 19; 20; 3; 42; 11; 18; 17
14,31,0.47963,0.45161,14; 26; 21; 22; 31; 22; 8; 15
42,77,0.64579,0.54545,42; 7; 5; 8; 77; 6; 6; 6
19,48,0.41287,0.39583,19; 17; 17; 7; 48; 5; 15; 12
36,70,0.59812,0.51429,36; 7; 13; 19; 70; 9; 8; 5
54,78,0.78962,0.69231,54; 9; 6; 3; 78; 4; 3; 3
8,70,0.17276,0.11429,8; 7; 22; 25; 70; 3; 5; 8
63,75,0.89974,0.84,63; 9; 11; 10; 75; 5; 4; 3
45,49,0.83879,0.91837,45; 6; 11; 4; 49; 16; 5; 11
33,75,0.56256,0.44,33; 9; 20; 13; 75; 5; 4; 7
6,75,0.10375,0.08,6; 11; 9; 4; 75; 5; 7; 4
56,75,0.916,0.74667,56; 4; 4; 14; 75; 6; 3; 4
16,48,0.35702,0.33333,16; 22; 17; 5; 48; 3; 16; 16
26,64,0.44982,0.40625,26; 19; 21; 4; 64; 8; 5; 9
64,82,0.81131,0.78049,64; 4; 8; 10; 82; 5; 5; 5
35,64,0.58622,0.54688,35; 13; 6; 6; 64; 10; 3; 6
35,48,0.77898,0.72917,35; 4; 6; 5; 48; 15; 15; 5
19,70,0.34955,0.27143,19; 15; 13; 3; 70; 9; 7; 9
11,31,0.35276,0.35484,11; 9; 22; 7; 31; 18; 18; 13
41,42,0.80134,0.97619,41; 19; 15; 12; 42; 8; 12; 4
14,53,0.28053,0.26415,14; 19; 4; 19; 53; 6; 5; 12
26,82,0.44323,0.31707,26; 23; 19; 6; 82; 3; 5; 5
6,42,0.16857,0.14286,6; 4; 19; 25; 42; 5; 18; 12
13,75,0.27592,0.17333,13; 15; 7; 8; 75; 7; 3; 6
34,70,0.53927,0.48571,34; 17; 14; 21; 70; 4; 4; 3
44,64,0.73566,0.6875,44; 3; 9; 4; 64; 11; 4; 7
58,77,0.85272,0.75325,58; 8; 8; 12; 77; 4; 4; 7
16,26,0.58557,0.61538,16; 22; 8; 6; 26; 17; 10; 8
13,32,0.39638,0.40625,13; 28; 6; 28; 32; 12; 15; 12
7,82,0.14735,0.08537,7; 27; 18; 12; 82; 4; 5; 3
29,63,0.47602,0.46032,29; 9; 21; 23; 63; 6; 6; 11
12,48,0.29247,0.25,12; 17; 8; 24; 48; 6; 9; 8
7,75,0.19635,0.09333,7; 11; 6; 22; 75; 4; 6; 5
38,48,0.81278,0.79167,38; 16; 14; 3; 48; 13; 13; 7
34,63,0.57528,0.53968,34; 20; 10; 15; 63; 10; 5; 8
12,32,0.3702,0.375,12; 28; 17; 6; 32; 13; 3; 18
25,26,0.71019,0.96154,25; 10; 21; 23; 26; 12; 20; 24
10,42,0.27175,0.2381,10; 11; 3; 9; 42; 15; 16; 3
9,32,0.28118,0.28125,9; 18; 23; 19; 32; 7; 8; 5
21,70,0.35726,0.3,21; 19; 20; 8; 70; 4; 4; 8
22,42,0.54988,0.52381,22; 12; 19; 22; 42; 17; 5; 9
14,48,0.31648,0.29167,14; 23; 13; 8; 48; 10; 12; 7
12,26,0.44861,0.46154,12; 13; 6; 12; 26; 22; 9; 22
9,10,0.45584,0.9,9; 12; 19; 4; 10; 26; 20; 8
59,75,0.85558,0.78667,59; 9; 11; 11; 75; 3; 3; 4
50,70,0.81045,0.71429,50; 10; 7; 8; 70; 8; 5; 6
12,26,0.46697,0.46154,12; 3; 10; 4; 26; 6; 14; 9
30,31,0.79769,0.96774,30; 12; 16; 15; 31; 18; 9; 18
9,48,0.22004,0.1875,9; 4; 27; 11; 48; 3; 15; 14
8,63,0.16316,0.12698,8; 8; 12; 10; 63; 4; 10; 6
31,75,0.51031,0.41333,31; 20; 21; 11; 75; 4; 3; 6
69,82,0.82318,0.84146,69; 4; 7; 3; 82; 4; 5; 3
55,64,0.92854,0.85938,55; 9; 12; 14; 64; 5; 10; 7
17,31,0.50961,0.54839,17; 17; 25; 17; 31; 19; 12; 21
25,70,0.45305,0.35714,25; 18; 5; 11; 70; 5; 6; 7
32,75,0.54678,0.42667,32; 20; 3; 19; 75; 5; 5; 6
24,42,0.5645,0.57143,24; 7; 16; 16; 42; 13; 12; 10
60,77,0.8532,0.77922,60; 11; 3; 4; 77; 6; 6; 7
50,77,0.80637,0.64935,50; 12; 9; 12; 77; 5; 7; 3
21,42,0.52271,0.5,21; 24; 19; 5; 42; 12; 12; 7
12,53,0.24096,0.22642,12; 27; 19; 11; 53; 13; 5; 6
25,42,0.60478,0.59524,25; 16; 9; 23; 42; 18; 17; 13
28,64,0.49889,0.4375,28; 10; 6; 12; 64; 5; 3; 5
30,48,0.64619,0.625,30; 6; 8; 7; 48; 4; 15; 11
8,9,0.41912,0.88889,8; 8; 12; 24; 9; 25; 4; 22
74,77,0.83046,0.96104,74; 8; 6; 7; 77; 3; 7; 6
24,64,0.40554,0.375,24; 23; 23; 4; 64; 3; 8; 6
9,10,0.47438,0.9,9; 29; 4; 12; 10; 14; 3; 8
34,82,0.56321,0.41463,34; 10; 14; 21; 82; 4; 5; 4
46,48,0.81504,0.95833,46; 9; 5; 17; 48; 10; 9; 11
18,63,0.32997,0.28571,18; 17; 12; 18; 63; 4; 7; 4
13,26,0.42331,0.5,13; 22; 22; 26; 26; 17; 5; 9
8,10,0.42306,0.8,8; 20; 24; 19; 10; 10; 3; 28
61,64,0.95469,0.95312,61; 5; 10; 6; 64; 8; 3; 7
35,75,0.59834,0.46667,35; 19; 12; 19; 75; 6; 4; 3
8,31,0.28715,0.25806,8; 17; 10; 12; 31; 7; 5; 17
25,32,0.76619,0.78125,25; 20; 22; 6; 32; 9; 12; 9
39,42,0.84814,0.92857,39; 8; 8; 11; 42; 13; 18; 7
19,77,0.36701,0.24675,19; 26; 19; 15; 77; 5; 4; 5
27,77,0.47464,0.35065,27; 14; 10; 9; 77; 7; 7; 4
9,10,0.46588,0.9,9; 3; 20; 12; 10; 5; 12; 27
5,10,0.30635,0.5,5; 23; 19; 13; 10; 22; 13; 15
25,32,0.7842,0.78125,25; 10; 13; 10; 32; 5; 5; 18
52,78,0.77591,0.66667,52; 10; 11; 5; 78; 4; 5; 6
48,64,0.76446,0.75,48; 4; 6; 9; 64; 8; 9; 8
5,10,0.34508,0.5,5; 11; 26; 10; 10; 25; 23; 23
14,75,0.28757,0.18667,14; 14; 20; 24; 75; 6; 4; 7
45,75,0.69425,0.6,45; 4; 10; 15; 75; 7; 7; 3
65,75,0.87288,0.86667,65; 11; 11; 6; 75; 5; 4; 6
18,82,0.35032,0.21951,18; 5; 13; 13; 82; 4; 3; 5
21,31,0.66035,0.67742,21; 8; 15; 25; 31; 15; 3; 16
30,32,0.80702,0.9375,30; 21; 21; 7; 32; 21; 13; 4
8,10,0.44143,0.8,8; 23; 18; 20; 10; 4; 15; 21
31,63,0.51927,0.49206,31; 5; 21; 6; 63; 10; 6; 11
38,77,0.57952,0.49351,38; 20; 17; 12; 77; 6; 5; 5
9,53,0.18393,0.16981,9; 28; 20; 4; 53; 5; 12; 5
53,82,0.76527,0.64634,53; 9; 9; 15; 82; 3; 5; 3
49,63,0.80064,0.77778,49; 16; 15; 9; 63; 7; 4; 5
13,31,0.40127,0.41935,13; 10; 10; 19; 31; 12; 14; 12
43,64,0.75169,0.67188,43; 8; 7; 10; 64; 5; 8; 4
62,75,0.86708,0.82667,62; 7; 8; 10; 75; 5; 7; 4
27,63,0.45812,0.42857,27; 10; 12; 6; 63; 5; 4; 8
66,70,0.89614,0.94286,66; 5; 6; 3; 70; 4; 5; 8
30,64,0.52464,0.46875,30; 21; 18; 4; 64; 11; 10; 3
5,9,0.21155,0.55556,5; 27; 12; 27; 9; 7; 28; 9
11,48,0.25313,0.22917,11; 23; 23; 11; 48; 16; 13; 6
41,42,0.77278,0.97619,41; 8; 19; 12; 42; 9; 5; 15
15,26,0.51318,0.57692,15; 16; 24; 20; 26; 11; 13; 8
28,75,0.5051,0.37333,28; 11; 17; 5; 75; 6; 6; 5
74,75,0.74683,0.98667,74; 6; 5; 5; 75; 3; 7; 3
31,70,0.52277,0.44286,31; 18; 18; 14; 70; 3; 3; 3
53,77,0.81165,0.68831,53; 7; 5; 15; 77; 3; 7; 6
61,63,0.9504,0.96825,61; 11; 5; 11; 63; 7; 3; 9
8,10,0.40286,0.8,8; 6; 5; 20; 10; 18; 29; 26
23,49,0.46989,0.46939,23; 17; 14; 12; 49; 6; 4; 4
5,10,0.28601,0.5,5; 4; 24; 12; 10; 10; 7; 27
8,42,0.21567,0.19048,8; 10; 18; 17; 42; 8; 16; 7
8,31,0.28729,0.25806,8; 16; 28; 29; 31; 17; 8; 18
21,32,0.63755,0.65625,21; 17; 17; 18; 32; 5; 19; 4
11,48,0.24716,0.22917,11; 9; 9; 16; 48; 10; 4; 7
58,63,0.95936,0.92063,58; 5; 5; 11; 63; 11; 7; 8
7,32,0.24229,0.21875,7; 11; 3; 7; 32; 16; 22; 11
46,70,0.74901,0.65714,46; 14; 3; 5; 70; 8; 7; 6
49,64,0.80428,0.76562,49; 16; 16; 14; 64; 8; 11; 8
25,49,0.50446,0.5102,25; 12; 9; 5; 49; 8; 13; 3
10,64,0.2023,0.15625,10; 8; 14; 28; 64; 4; 3; 10
18,64,0.31477,0.28125,18; 22; 5; 17; 64; 3; 3; 6
13,53,0.2559,0.24528,13; 9; 16; 18; 53; 4; 9; 13
45,48,0.79826,0.9375,45; 9; 3; 13; 48; 9; 11; 5
17,32,0.51408,0.53125,17; 13; 6; 13; 32; 6; 10; 6
23,77,0.44196,0.2987,23; 8; 8; 16; 77; 3; 7; 3
50,53,0.8465,0.9434,50; 11; 3; 9; 53; 12; 13; 3
63,82,0.83505,0.76829,63; 5; 7; 9; 82; 3; 5; 5
11,63,0.22672,0.1746,11; 9; 27; 12; 63; 11; 3; 4
7,10,0.40041,0.7,7; 7; 27; 6; 10; 4; 28; 4
61,77,0.84189,0.79221,61; 12; 3; 11; 77; 6; 6; 5
9,63,0.1629,0.14286,9; 20; 4; 17; 63; 10; 5; 8
17,32,0.54388,0.53125,17; 22; 18; 6; 32; 3; 17; 16
37,63,0.60947,0.5873,37; 13; 12; 4; 63; 10; 8; 9
20,48,0.43496,0.41667,20; 19; 26; 3; 48; 6; 14; 9
20,78,0.37041,0.25641,20; 22; 15; 13; 78; 5; 3; 5
40,49,0.7716,0.81633,40; 5; 18; 12; 49; 6; 8; 14
6,63,0.08879,0.09524,6; 25; 22; 13; 63; 5; 3; 7
12,70,0.22045,0.17143,12; 21; 13; 3; 70; 5; 6; 3
55,82,0.83497,0.67073,55; 11; 11; 8; 82; 4; 5; 4
58,78,0.89729,0.74359,58; 8; 3; 11; 78; 4; 5; 4
19,26,0.69515,0.73077,19; 15; 24; 22; 26; 23; 21; 16
49,53,0.85091,0.92453,49; 15; 14; 14; 53; 3; 11; 11
40,42,0.86915,0.95238,40; 8; 16; 10; 42; 9; 4; 3
52,64,0.88129,0.8125,52; 10; 12; 8; 64; 11; 3; 3
10,49,0.22335,0.20408,10; 20; 9; 7; 49; 11; 8; 3
9,31,0.3151,0.29032,9; 28; 13; 9; 31; 3; 13; 6
27,75,0.43996,0.36,27; 6; 16; 11; 75; 6; 3; 4
58,75,0.90052,0.77333,58; 3; 7; 8; 75; 3; 3; 3
20,31,0.6461,0.64516,20; 24; 3; 4; 31; 18; 18; 11
8,9,0.4013,0.88889,8; 28; 12; 28; 9; 13; 23; 29
10,82,0.22074,0.12195,10; 17; 4; 19; 82; 4; 5; 4
11,42,0.28217,0.2619,11; 7; 3; 7; 42; 7; 14; 12
6,9,0.31231,0.66667,6; 11; 23; 6; 9; 17; 9; 5
33,70,0.52848,0.47143,33; 3; 9; 19; 70; 4; 6; 4
5,10,0.32996,0.5,5; 21; 31; 17; 10; 3; 20; 3
6,10,0.36354,0.6,6; 8; 25; 30; 10; 24; 5; 19
23,78,0.43617,0.29487,23; 20; 12; 16; 78; 5; 6; 4
16,75,0.31253,0.21333,16; 11; 12; 20; 75; 3; 3; 4
17,48,0.40023,0.35417,17; 19; 27; 16; 48; 11; 8; 9
14,32,0.44258,0.4375,14; 21; 19; 13; 32; 13; 4; 8
46,48,0.83577,0.95833,46; 7; 8; 13; 48; 11; 15; 5
66,78,0.80577,0.84615,66; 3; 10; 3; 78; 3; 4; 5
35,42,0.82613,0.83333,35; 9; 16; 17; 42; 16; 3; 3
66,75,0.79079,0.88,66; 4; 6; 7; 75; 7; 6; 5
8,9,0.38713,0.88889,8; 10; 21; 26; 9; 28; 26; 5
67,75,0.84741,0.89333,67; 10; 4; 4; 75; 4; 6; 3
52,64,0.83636,0.8125,52; 15; 8; 10; 64; 9; 5; 10
6,48,0.0721,0.125,6; 11; 29; 13; 48; 3; 3; 10
8,31,0.23065,0.25806,8; 28; 12; 30; 31; 22; 21; 17
32,49,0.66042,0.65306,32; 15; 12; 14; 49; 4; 12; 13
12,31,0.40221,0.3871,12; 13; 13; 18; 31; 8; 11; 4
27,32,0.81349,0.84375,27; 5; 11; 20; 32; 15; 17; 11
19,32,0.58996,0.59375,19; 12; 23; 23; 32; 22; 14; 17
8,32,0.27474,0.25,8; 20; 15; 19; 32; 19; 9; 4
41,64,0.69623,0.64062,41; 10; 5; 17; 64; 5; 8; 10
20,31,0.59143,0.64516,20; 21; 8; 9; 31; 19; 9; 6
68,82,0.80678,0.82927,68; 10; 8; 5; 82; 5; 3; 4
29,32,0.8092,0.90625,29; 7; 15; 20; 32; 10; 20; 15
49,77,0.72497,0.63636,49; 12; 4; 15; 77; 5; 6; 4
35,70,0.61343,0.5,35; 8; 17; 8; 70; 5; 7; 3
38,70,0.64726,0.54286,38; 20; 4; 9; 70; 9; 9; 7
62,70,0.93172,0.88571,62; 6; 10; 7; 70; 4; 7; 6
43,70,0.70728,0.61429,43; 10; 3; 3; 70; 4; 8; 7
8,9,0.40468,0.88889,8; 9; 15; 25; 9; 7; 3; 17
21,64,0.34334,0.32812,21; 25; 3; 14; 64; 8; 6; 9
11,42,0.26518,0.2619,11; 27; 21; 5; 42; 8; 9; 12
18,48,0.4222,0.375,18; 15; 18; 24; 48; 12; 3; 10
29,78,0.48581,0.37179,29; 9; 22; 10; 78; 3; 4; 6
6,32,0.2169,0.1875,6; 20; 24; 22; 32; 5; 22; 6
17,64,0.30275,0.26562,17; 5; 12; 3; 64; 5; 9; 11
29,48,0.58606,0.60417,29; 19; 20; 14; 48; 6; 10; 16
25,63,0.434,0.39683,25; 20; 11; 13; 63; 10; 6; 3
46,64,0.76246,0.71875,46; 14; 10; 4; 64; 8; 5; 7
8,10,0.42747,0.8,8; 26; 5; 13; 10; 22; 6; 17
19,48,0.41446,0.39583,19; 15; 25; 9; 48; 12; 11; 5
22,32,0.69707,0.6875,22; 8; 17; 16; 32; 6; 7; 6
29,48,0.623,0.60417,29; 21; 7; 4; 48; 6; 11; 6
7,9,0.35548,0.77778,7; 11; 26; 25; 9; 13; 6; 26
60,77,0.92359,0.77922,60; 12; 8; 11; 77; 6; 4; 7
16,70,0.28743,0.22857,16; 18; 14; 24; 70; 7; 7; 6
6,31,0.18037,0.19355,6; 11; 10; 8; 31; 16; 17; 22
57,64,0.93854,0.89062,57; 11; 10; 7; 64; 3; 9; 9
5,75,0.12165,0.06667,5; 5; 3; 8; 75; 3; 4; 6
49,82,0.64845,0.59756,49; 11; 12; 11; 82; 3; 5; 5
7,10,0.39647,0.7,7; 7; 27; 16; 10; 9; 3; 27
22,26,0.7785,0.84615,22; 15; 19; 21; 26; 18; 3; 15
6,9,0.3378,0.66667,6; 9; 14; 18; 9; 4; 21; 12
10,48,0.24937,0.20833,10; 15; 7; 21; 48; 6; 8; 8
57,70,0.94547,0.81429,57; 3; 13; 13; 70; 9; 8; 4
13,78,0.25212,0.16667,13; 26; 13; 3; 78; 4; 3; 5
9,53,0.19331,0.16981,9; 11; 21; 7; 53; 12; 13; 9
10,82,0.23784,0.12195,10; 18; 7; 27; 82; 5; 5; 4
17,48,0.37534,0.35417,17; 15; 27; 23; 48; 6; 13; 8
8,31,0.26459,0.25806,8; 30; 21; 12; 31; 11; 17; 19
29,70,0.48455,0.41429,29; 16; 9; 12; 70; 7; 5; 4
24,49,0.5158,0.4898,24; 10; 11; 9; 49; 9; 3; 15
8,31,0.29695,0.25806,8; 23; 15; 26; 31; 15; 14; 18
14,26,0.52248,0.53846,14; 10; 19; 13; 26; 24; 5; 19
58,78,0.8588,0.74359,58; 6; 10; 12; 78; 5; 5; 6
27,63,0.4722,0.42857,27; 4; 16; 10; 63; 3; 8; 8
15,53,0.28854,0.28302,15; 26; 14; 22; 53; 5; 15; 10
20,31,0.6309,0.64516,20; 13; 8; 24; 31; 4; 8; 5
27,32,0.78309,0.84375,27; 3; 21; 20; 32; 19; 11; 9
59,63,0.93585,0.93651,59; 9; 3; 9; 63; 9; 8; 3
5,82,0.13507,0.06098,5; 5; 21; 7; 82; 4; 3; 4
40,77,0.64337,0.51948,40; 8; 13; 4; 77; 3; 7; 3
63,70,0.8971,0.9,63; 7; 4; 3; 70; 6; 8; 7
9,10,0.45887,0.9,9; 3; 12; 14; 10; 5; 3; 10
72,82,0.79604,0.87805,72; 6; 5; 6; 82; 5; 3; 4
6,42,0.151,0.14286,6; 18; 14; 12; 42; 5; 7; 16
22,53,0.40729,0.41509,22; 5; 4; 19; 53; 5; 3; 12
8,31,0.27845,0.25806,8; 24; 10; 14; 31; 20; 14; 6
15,32,0.4539,0.46875,15; 6; 11; 25; 32; 22; 5; 6
45,75,0.71284,0.6,45; 11; 11; 3; 75; 6; 7; 6
5,9,0.2777,0.55556,5; 10; 26; 18; 9; 27; 20; 12
25,42,0.59813,0.59524,25; 9; 24; 13; 42; 6; 18; 5
10,42,0.25006,0.2381,10; 20; 27; 6; 42; 3; 8; 16
17,48,0.34682,0.35417,17; 11; 11; 26; 48; 11; 16; 12
7,9,0.36529,0.77778,7; 14; 7; 25; 9; 11; 17; 4
24,82,0.4455,0.29268,24; 5; 7; 17; 82; 3; 5; 5
11,32,0.35902,0.34375,11; 13; 12; 23; 32; 19; 9; 22
58,75,0.9016,0.77333,58; 9; 12; 10; 75; 3; 5; 7
6,48,0.12562,0.125,6; 12; 5; 14; 48; 13; 4; 7
36,75,0.58204,0.48,36; 8; 13; 10; 75; 7; 5; 7
7,9,0.32632,0.77778,7; 13; 20; 29; 9; 12; 12; 11
21,42,0.49002,0.5,21; 14; 22; 11; 42; 11; 15; 18
6,48,0.10302,0.125,6; 12; 14; 14; 48; 12; 7; 5
50,63,0.84732,0.79365,50; 11; 9; 10; 63; 9; 3; 9
29,42,0.67661,0.69048,29; 10; 18; 22; 42; 8; 15; 18
75,82,0.80336,0.91463,75; 3; 5; 7; 82; 3; 3; 5
64,70,0.90584,0.91429,64; 10; 3; 3; 70; 8; 4; 9
8,9,0.39063,0.88889,8; 28; 24; 8; 9; 4; 29; 26
56,63,0.89673,0.88889,56; 9; 10; 10; 63; 5; 10; 7
14,78,0.26466,0.17949,14; 9; 24; 6; 78; 5; 5; 6
58,70,0.91807,0.82857,58; 4; 8; 10; 70; 5; 7; 8
12,32,0.37356,0.375,12; 15; 6; 12; 32; 21; 5; 19
26,78,0.46299,0.33333,26; 14; 6; 9; 78; 4; 6; 5
40,82,0.63683,0.4878,40; 16; 3; 5; 82; 5; 5; 5
10,48,0.19706,0.20833,10; 24; 24; 7; 48; 3; 6; 16
7,48,0.19864,0.14583,7; 21; 8; 19; 48; 4; 11; 6
51,63,0.88609,0.80952,51; 9; 4; 5; 63; 4; 3; 3
65,75,0.89738,0.86667,65; 11; 6; 9; 75; 7; 3; 3
25,64,0.42393,0.39062,25; 24; 5; 10; 64; 11; 8; 6
10,82,0.21874,0.12195,10; 9; 20; 21; 82; 4; 4; 3
22,53,0.43247,0.41509,22; 10; 4; 18; 53; 3; 4; 7
7,10,0.39159,0.7,7; 29; 20; 6; 10; 27; 5; 11
7,64,0.133,0.10938,7; 26; 13; 24; 64; 7; 4; 6
6,32,0.19412,0.1875,6; 9; 28; 10; 32; 10; 4; 9
5,63,0.07709,0.07937,5; 16; 6; 31; 63; 7; 3; 8
41,53,0.73903,0.77358,41; 18; 15; 8; 53; 8; 12; 9
11,32,0.32071,0.34375,11; 8; 27; 16; 32; 9; 8; 11
19,78,0.36568,0.24359,19; 9; 15; 15; 78; 5; 3; 4
17,64,0.27342,0.26562,17; 3; 3; 24; 64; 7; 4; 4
8,48,0.16,0.16667,8; 5; 7; 30; 48; 8; 5; 9
18,31,0.58027,0.58065,18; 18; 11; 23; 31; 9; 8; 20
22,53,0.44792,0.41509,22; 19; 24; 22; 53; 9; 14; 15
59,75,0.88311,0.78667,59; 8; 6; 12; 75; 5; 5; 7
22,48,0.4545,0.45833,22; 24; 12; 9; 48; 15; 11; 13
30,70,0.49767,0.42857,30; 5; 7; 21; 70; 8; 3; 5
16,75,0.34106,0.21333,16; 15; 4; 20; 75; 7; 5; 7
6,9,0.33638,0.66667,6; 17; 21; 24; 9; 16; 15; 29
6,42,0.14846,0.14286,6; 28; 6; 19; 42; 7; 8; 17
16,48,0.3144,0.33333,16; 16; 25; 20; 48; 12; 15; 16
11,64,0.23661,0.17188,11; 10; 10; 16; 64; 3; 11; 4
10,32,0.37082,0.3125,10; 9; 19; 13; 32; 6; 19; 7
66,70,0.87433,0.94286,66; 6; 4; 8; 70; 5; 7; 4
6,31,0.22019,0.19355,6; 28; 16; 16; 31; 15; 13; 6
22,31,0.74697,0.70968,22; 7; 7; 21; 31; 19; 22; 22
17,32,0.5168,0.53125,17; 18; 21; 13; 32; 19; 8; 22
23,75,0.42903,0.30667,23; 22; 25; 16; 75; 5; 3; 6
50,53,0.87661,0.9434,50; 11; 3; 13; 53; 12; 4; 3
29,31,0.78743,0.93548,29; 23; 21; 20; 31; 14; 14; 9
7,10,0.38017,0.7,7; 25; 21; 5; 10; 18; 3; 20
6,32,0.18264,0.1875,6; 23; 21; 5; 32; 18; 6; 9
27,42,0.66521,0.64286,27; 5; 12; 17; 42; 3; 15; 9
26,31,0.7397,0.83871,26; 23; 21; 10; 31; 17; 11; 17
39,63,0.63935,0.61905,39; 9; 11; 6; 63; 8; 11; 5
17,53,0.32613,0.32075,17; 4; 23; 14; 53; 10; 7; 10
42,78,0.66194,0.53846,42; 4; 13; 13; 78; 3; 6; 4
28,64,0.49061,0.4375,28; 18; 20; 6; 64; 5; 11; 3
6,31,0.20209,0.19355,6; 4; 8; 6; 31; 11; 22; 22
5,70,0.10736,0.07143,5; 29; 10; 14; 70; 3; 5; 6
31,82,0.5341,0.37805,31; 22; 19; 10; 82; 4; 3; 4
6,77,0.16281,0.07792,6; 4; 14; 29; 77; 7; 6; 5
5,9,0.27805,0.55556,5; 21; 21; 29; 9; 23; 19; 10
6,9,0.34398,0.66667,6; 23; 23; 21; 9; 5; 22; 22
39,77,0.6128,0.50649,39; 10; 9; 12; 77; 6; 7; 4
23,31,0.66737,0.74194,23; 5; 16; 9; 31; 19; 4; 15
76,82,0.67592,0.92683,76; 7; 7; 4; 82; 5; 5; 4
23,32,0.67033,0.71875,23; 9; 9; 16; 32; 17; 19; 22
8,32,0.26825,0.25,8; 20; 29; 16; 32; 19; 12; 10
12,49,0.2618,0.2449,12; 19; 11; 27; 49; 4; 12; 10
15,49,0.33121,0.30612,15; 10; 26; 25; 49; 6; 15; 16
35,49,0.79345,0.71429,35; 9; 4; 15; 49; 12; 4; 10
6,10,0.38263,0.6,6; 16; 18; 12; 10; 6; 25; 22
8,42,0.1882,0.19048,8; 26; 5; 22; 42; 6; 6; 13
47,49,0.83238,0.95918,47; 5; 13; 3; 49; 12; 7; 16
38,70,0.62157,0.54286,38; 4; 11; 9; 70; 3; 8; 7
73,77,0.76947,0.94805,73; 4; 8; 6; 77; 4; 6; 4
32,64,0.54225,0.5,32; 10; 14; 13; 64; 8; 5; 3
5,31,0.17568,0.16129,5; 26; 16; 15; 31; 13; 5; 11
36,49,0.77833,0.73469,36; 3; 16; 11; 49; 5; 11; 15
27,53,0.51346,0.50943,27; 10; 22; 12; 53; 15; 12; 8
64,70,0.90077,0.91429,64; 9; 3; 10; 70; 3; 8; 4
21,53,0.42781,0.39623,21; 6; 5; 5; 53; 12; 7; 8
30,63,0.53179,0.47619,30; 6; 18; 18; 63; 9; 7; 4
12,77,0.27755,0.15584,12; 12; 3; 11; 77; 7; 3; 5
8,9,0.40064,0.88889,8; 15; 11; 6; 9; 5; 22; 12
20,75,0.35848,0.26667,20; 26; 25; 5; 75; 6; 7; 3
5,9,0.30179,0.55556,5; 12; 9; 25; 9; 9; 27; 26
26,32,0.70008,0.8125,26; 20; 22; 12; 32; 6; 17; 15
10,48,0.20976,0.20833,10; 10; 17; 18; 48; 9; 11; 9
37,48,0.82454,0.77083,37; 6; 6; 17; 48; 3; 16; 10
8,9,0.39,0.88889,8; 24; 25; 29; 9; 22; 15; 17
47,78,0.71843,0.60256,47; 12; 11; 14; 78; 5; 6; 6
22,49,0.4572,0.44898,22; 5; 19; 12; 49; 6; 14; 3
25,42,0.55966,0.59524,25; 23; 5; 5; 42; 5; 10; 8
7,9,0.39545,0.77778,7; 12; 30; 17; 9; 19; 5; 29
27,63,0.47487,0.42857,27; 20; 14; 23; 63; 10; 6; 11
7,78,0.1542,0.08974,7; 24; 7; 7; 78; 4; 6; 5
42,75,0.67877,0.56,42; 9; 5; 4; 75; 3; 4; 7
24,26,0.80789,0.92308,24; 21; 15; 24; 26; 14; 4; 22
25,77,0.42327,0.32468,25; 6; 23; 24; 77; 7; 4; 4
26,75,0.49024,0.34667,26; 11; 10; 8; 75; 7; 7; 7
40,42,0.82844,0.95238,40; 4; 19; 5; 42; 3; 8; 10
23,32,0.66389,0.71875,23; 22; 3; 22; 32; 8; 17; 14
7,9,0.36859,0.77778,7; 26; 30; 24; 9; 4; 9; 10
16,77,0.31263,0.20779,16; 22; 5; 26; 77; 6; 5; 4
45,77,0.71047,0.58442,45; 14; 10; 3; 77; 3; 4; 6
21,31,0.66581,0.67742,21; 14; 23; 14; 31; 22; 17; 15
44,49,0.79799,0.89796,44; 3; 11; 3; 49; 13; 3; 16
33,70,0.54869,0.47143,33; 12; 3; 13; 70; 3; 8; 6
73,77,0.80738,0.94805,73; 6; 3; 5; 77; 5; 4; 6
37,70,0.61496,0.52857,37; 19; 4; 16; 70; 3; 5; 3
45,48,0.78937,0.9375,45; 15; 15; 7; 48; 3; 9; 11
45,48,0.86227,0.9375,45; 3; 12; 13; 48; 9; 15; 4
39,49,0.78559,0.79592,39; 13; 4; 9; 49; 10; 8; 5
9,26,0.37612,0.34615,9; 28; 13; 22; 26; 22; 23; 21
6,42,0.12699,0.14286,6; 8; 22; 30; 42; 18; 5; 5
59,70,0.92622,0.84286,59; 4; 10; 4; 70; 5; 8; 3
18,49,0.34511,0.36735,18; 16; 23; 14; 49; 7; 5; 12
7,9,0.37291,0.77778,7; 19; 16; 26; 9; 19; 14; 7
8,10,0.40114,0.8,8; 16; 30; 5; 10; 11; 26; 21
41,78,0.64666,0.52564,41; 7; 8; 18; 78; 5; 5; 4
6,42,0.15605,0.14286,6; 18; 17; 18; 42; 3; 15; 18
39,49,0.73714,0.79592,39; 12; 3; 16; 49; 12; 9; 10
56,82,0.81949,0.68293,56; 13; 12; 6; 82; 4; 5; 4
8,9,0.42425,0.88889,8; 27; 19; 26; 9; 13; 20; 15
15,26,0.5136,0.57692,15; 15; 4; 6; 26; 12; 23; 22
12,31,0.43361,0.3871,12; 19; 27; 26; 31; 14; 13; 5
27,31,0.75972,0.87097,27; 19; 15; 6; 31; 17; 15; 11
7,42,0.2314,0.16667,7; 16; 24; 23; 42; 5; 12; 17
49,64,0.80857,0.76562,49; 15; 6; 9; 64; 4; 5; 3
20,78,0.36404,0.25641,20; 14; 3; 12; 78; 4; 4; 5
14,49,0.31696,0.28571,14; 11; 9; 25; 49; 16; 11; 13
41,48,0.81342,0.85417,41; 6; 19; 13; 48; 4; 14; 10
43,70,0.66678,0.61429,43; 8; 18; 13; 70; 7; 3; 7
8,26,0.29408,0.30769,8; 23; 11; 7; 26; 18; 21; 10
53,82,0.75884,0.64634,53; 8; 13; 6; 82; 5; 3; 4
35,63,0.58652,0.55556,35; 21; 5; 3; 63; 8; 5; 8
15,32,0.51861,0.46875,15; 27; 13; 10; 32; 16; 9; 19
20,49,0.41177,0.40816,20; 17; 14; 8; 49; 3; 7; 13
20,48,0.38162,0.41667,20; 3; 5; 26; 48; 10; 14; 8
55,75,0.80671,0.73333,55; 6; 12; 8; 75; 4; 4; 3
13,53,0.25762,0.24528,13; 9; 16; 8; 53; 5; 10; 10
18,53,0.35274,0.33962,18; 15; 4; 11; 53; 8; 13; 4
13,78,0.29659,0.16667,13; 17; 25; 21; 78; 3; 6; 5
72,78,0.76648,0.92308,72; 6; 6; 8; 78; 6; 3; 4
45,70,0.7232,0.64286,45; 13; 3; 9; 70; 4; 3; 3
9,53,0.18934,0.16981,9; 28; 23; 24; 53; 13; 9; 12
27,49,0.56472,0.55102,27; 21; 7; 8; 49; 3; 6; 15
14,82,0.27725,0.17073,14; 5; 4; 13; 82; 5; 3; 3
25,82,0.4776,0.30488,25; 15; 11; 24; 82; 3; 4; 3
19,32,0.60666,0.59375,19; 13; 14; 7; 32; 22; 3; 13
29,31,0.81356,0.93548,29; 14; 22; 9; 31; 7; 14; 7
27,82,0.46461,0.32927,27; 6; 20; 8; 82; 4; 3; 4
63,64,0.92177,0.98438,63; 9; 11; 3; 64; 8; 10; 6
11,49,0.24009,0.22449,11; 3; 6; 21; 49; 3; 12; 14
9,31,0.31445,0.29032,9; 7; 28; 7; 31; 18; 5; 12
18,49,0.38992,0.36735,18; 13; 5; 26; 49; 9; 16; 9
16,31,0.49134,0.51613,16; 12; 12; 25; 31; 19; 7; 12
26,77,0.46143,0.33766,26; 14; 3; 6; 77; 7; 4; 5
30,70,0.53232,0.42857,30; 13; 9; 22; 70; 7; 4; 7
53,63,0.90309,0.84127,53; 14; 13; 3; 63; 8; 3; 5
27,32,0.74048,0.84375,27; 20; 7; 11; 32; 4; 8; 16
43,82,0.69419,0.52439,43; 11; 16; 17; 82; 3; 5; 5
42,49,0.80436,0.85714,42; 10; 15; 8; 49; 12; 9; 5
15,70,0.22586,0.21429,15; 19; 24; 8; 70; 8; 7; 3
7,10,0.36853,0.7,7; 27; 12; 4; 10; 24; 23; 4
75,78,0.77816,0.96154,75; 4; 7; 4; 78; 6; 6; 6
6,32,0.2427,0.1875,6; 13; 11; 3; 32; 6; 16; 3
19,31,0.56358,0.6129,19; 7; 4; 14; 31; 7; 11; 20
18,64,0.32538,0.28125,18; 12; 6; 16; 64; 7; 4; 4
22,78,0.41612,0.28205,22; 24; 22; 3; 78; 6; 5; 3
14,26,0.53353,0.53846,14; 12; 22; 26; 26; 8; 20; 12
16,48,0.31525,0.33333,16; 17; 4; 23; 48; 9; 5; 7
32,63,0.55097,0.50794,32; 18; 19; 21; 63; 10; 4; 4
39,64,0.68753,0.60938,39; 18; 5; 4; 64; 10; 7; 10
60,70,0.93611,0.85714,60; 12; 3; 7; 70; 5; 5; 8
8,10,0.42363,0.8,8; 29; 22; 15; 10; 14; 28; 21
49,63,0.79643,0.77778,49; 13; 6; 10; 63; 4; 6; 6
24,82,0.44892,0.29268,24; 24; 7; 19; 82; 4; 3; 4
69,78,0.7811,0.88462,69; 4; 7; 7; 78; 5; 6; 4
5,48,0.12626,0.10417,5; 12; 5; 27; 48; 10; 15; 15
9,77,0.18744,0.11688,9; 12; 18; 12; 77; 4; 5; 7
58,64,0.94102,0.90625,58; 12; 8; 6; 64; 5; 3; 5
9,10,0.4648,0.9,9; 18; 20; 6; 10; 12; 5; 20
17,26,0.65241,0.65385,17; 13; 8; 16; 26; 21; 9; 6
30,53,0.65193,0.56604,30; 7; 13; 15; 53; 12; 3; 7
46,49,0.77564,0.93878,46; 7; 3; 5; 49; 7; 9; 15
13,42,0.31219,0.30952,13; 10; 26; 10; 42; 10; 12; 18
30,48,0.62886,0.625,30; 11; 12; 8; 48; 3; 7; 12
31,32,0.814,0.96875,31; 19; 11; 18; 32; 16; 20; 22
27,63,0.46468,0.42857,27; 5; 10; 17; 63; 3; 5; 7
9,63,0.14762,0.14286,9; 9; 22; 21; 63; 6; 7; 11
9,32,0.28114,0.28125,9; 18; 14; 21; 32; 7; 12; 10
31,32,0.80471,0.96875,31; 16; 22; 14; 32; 6; 20; 14
61,78,0.79829,0.78205,61; 4; 6; 9; 78; 4; 6; 3
63,70,0.93177,0.9,63; 11; 5; 10; 70; 3; 8; 4
14,26,0.52101,0.53846,14; 6; 7; 6; 26; 20; 11; 20
5,26,0.20342,0.19231,5; 7; 9; 3; 26; 8; 7; 17
25,26,0.69365,0.96154,25; 18; 9; 11; 26; 24; 19; 15
32,48,0.69699,0.66667,32; 17; 9; 17; 48; 11; 9; 9
18,63,0.32884,0.28571,18; 9; 9; 25; 63; 4; 3; 7
21,31,0.71243,0.67742,21; 23; 11; 9; 31; 8; 21; 19
35,49,0.69145,0.71429,35; 14; 4; 15; 49; 8; 16; 8
6,31,0.16301,0.19355,6; 14; 29; 17; 31; 6; 11; 12
5,49,0.0699,0.10204,5; 4; 21; 13; 49; 9; 11; 16
46,63,0.7796,0.73016,46; 9; 4; 10; 63; 11; 10; 3
41,64,0.71397,0.64062,41; 3; 8; 17; 64; 7; 11; 10
25,70,0.43175,0.35714,25; 13; 9; 8; 70; 6; 4; 3
52,63,0.84646,0.8254,52; 9; 12; 9; 63; 9; 11; 3
21,64,0.36517,0.32812,21; 15; 24; 25; 64; 4; 9; 6
7,9,0.35149,0.77778,7; 23; 12; 4; 9; 28; 15; 7
44,75,0.69222,0.58667,44; 6; 8; 10; 75; 5; 3; 3
16,31,0.47606,0.51613,16; 25; 16; 5; 31; 10; 8; 22
8,48,0.1966,0.16667,8; 13; 25; 23; 48; 8; 16; 11
30,32,0.78794,0.9375,30; 19; 17; 7; 32; 19; 20; 17
45,78,0.68732,0.57692,45; 9; 15; 12; 78; 4; 3; 5
32,77,0.53419,0.41558,32; 17; 16; 11; 77; 6; 3; 3
27,31,0.73609,0.87097,27; 6; 8; 16; 31; 8; 5; 16
24,31,0.75226,0.77419,24; 12; 24; 11; 31; 7; 19; 10
20,49,0.41858,0.40816,20; 11; 8; 23; 49; 16; 12; 16
38,42,0.84135,0.90476,38; 7; 16; 7; 42; 17; 14; 14
15,49,0.30959,0.30612,15; 3; 17; 26; 49; 13; 14; 12
33,70,0.55588,0.47143,33; 10; 20; 5; 70; 6; 6; 5
9,64,0.1629,0.14062,9; 8; 24; 17; 64; 4; 10; 4
19,42,0.44002,0.45238,19; 10; 23; 19; 42; 10; 6; 14
48,78,0.72369,0.61538,48; 11; 15; 15; 78; 4; 4; 4
12,42,0.31063,0.28571,12; 4; 26; 26; 42; 18; 8; 13
37,70,0.59681,0.52857,37; 3; 11; 5; 70; 4; 5; 3
11,53,0.22148,0.20755,11; 6; 11; 6; 53; 15; 10; 8
68,82,0.84874,0.82927,68; 5; 5; 9; 82; 5; 4; 4
17,77,0.33694,0.22078,17; 14; 17; 5; 77; 5; 7; 5
8,9,0.42773,0.88889,8; 22; 15; 26; 9; 4; 23; 7
26,42,0.60914,0.61905,26; 17; 5; 14; 42; 14; 6; 4
42,78,0.65631,0.53846,42; 12; 13; 3; 78; 5; 5; 5
40,75,0.65202,0.53333,40; 18; 11; 16; 75; 3; 4; 7
18,53,0.33087,0.33962,18; 17; 21; 4; 53; 6; 13; 9
6,49,0.08281,0.12245,6; 11; 11; 29; 49; 11; 13; 11
28,75,0.47467,0.37333,28; 20; 7; 23; 75; 6; 3; 3
40,49,0.77791,0.81633,40; 6; 9; 4; 49; 14; 16; 12
14,31,0.45024,0.45161,14; 6; 28; 10; 31; 19; 22; 13
13,64,0.20484,0.20312,13; 12; 18; 16; 64; 6; 6; 3
7,31,0.27526,0.22581,7; 19; 23; 15; 31; 4; 15; 4
48,63,0.82819,0.7619,48; 14; 16; 16; 63; 3; 6; 8
15,82,0.30812,0.18293,15; 22; 5; 16; 82; 4; 3; 5
21,31,0.66546,0.67742,21; 16; 7; 7; 31; 4; 11; 8
6,9,0.34506,0.66667,6; 3; 29; 16; 9; 8; 8; 29
28,70,0.46021,0.4,28; 22; 23; 17; 70; 8; 7; 5
5,32,0.17211,0.15625,5; 19; 8; 23; 32; 20; 9; 22
62,77,0.85395,0.80519,62; 5; 4; 10; 77; 3; 4; 5
26,32,0.69125,0.8125,26; 18; 17; 10; 32; 12; 20; 9
16,26,0.59698,0.61538,16; 23; 3; 11; 26; 6; 7; 11
22,26,0.72215,0.84615,22; 3; 19; 23; 26; 19; 8; 4
21,26,0.66415,0.80769,21; 21; 7; 8; 26; 13; 14; 16
5,64,0.10614,0.07812,5; 4; 3; 12; 64; 5; 9; 6
60,64,0.92101,0.9375,60; 6; 11; 12; 64; 6; 5; 6
24,32,0.70889,0.75,24; 16; 5; 15; 32; 22; 17; 9
32,64,0.5421,0.5,32; 8; 10; 14; 64; 5; 6; 9
16,48,0.32877,0.33333,16; 16; 7; 27; 48; 12; 8; 6
35,49,0.781,0.71429,35; 7; 20; 20; 49; 8; 13; 4
7,10,0.38663,0.7,7; 21; 25; 27; 10; 14; 16; 7
33,82,0.55409,0.40244,33; 19; 17; 12; 82; 3; 3; 4
23,53,0.43874,0.43396,23; 21; 21; 10; 53; 12; 14; 7
32,49,0.64019,0.65306,32; 18; 13; 11; 49; 6; 5; 4
44,78,0.71061,0.5641,44; 14; 11; 15; 78; 3; 5; 4
9,10,0.45198,0.9,9; 12; 6; 11; 10; 17; 21; 14
38,42,0.84105,0.90476,38; 20; 8; 20; 42; 3; 6; 5
42,77,0.66153,0.54545,42; 6; 11; 14; 77; 5; 3; 7
35,42,0.87267,0.83333,35; 21; 13; 3; 42; 5; 16; 8
59,63,0.9541,0.93651,59; 3; 9; 5; 63; 8; 8; 3
27,32,0.77841,0.84375,27; 9; 7; 3; 32; 16; 5; 14
24,26,0.79174,0.92308,24; 7; 8; 6; 26; 10; 22; 16
18,26,0.68257,0.69231,18; 14; 13; 25; 26; 19; 20; 24
60,82,0.86945,0.73171,60; 10; 3; 12; 82; 3; 4; 5
20,64,0.36986,0.3125,20; 19; 20; 11; 64; 4; 11; 7
8,10,0.45436,0.8,8; 20; 17; 12; 10; 24; 6; 17
45,49,0.79917,0.91837,45; 9; 5; 15; 49; 8; 16; 7
26,32,0.72283,0.8125,26; 5; 9; 8; 32; 22; 18; 17
26,48,0.50035,0.54167,26; 22; 14; 8; 48; 3; 9; 6
8,32,0.25776,0.25,8; 17; 3; 22; 32; 9; 18; 8
30,42,0.68728,0.71429,30; 14; 16; 20; 42; 11; 7; 9
7,49,0.14042,0.14286,7; 27; 17; 25; 49; 15; 3; 9
9,63,0.20777,0.14286,9; 25; 6; 14; 63; 5; 7; 11
15,32,0.46688,0.46875,15; 27; 10; 27; 32; 8; 12; 10
21,63,0.38281,0.33333,21; 3; 15; 8; 63; 11; 4; 11
9,70,0.16251,0.12857,9; 21; 14; 23; 70; 8; 4; 3
41,48,0.81848,0.85417,41; 11; 17; 17; 48; 13; 4; 7
47,48,0.83982,0.97917,47; 4; 10; 16; 48; 13; 8; 3
29,82,0.52244,0.35366,29; 3; 18; 5; 82; 5; 3; 3
17,64,0.29201,0.26562,17; 5; 24; 6; 64; 11; 11; 5
5,48,0.13622,0.10417,5; 20; 3; 5; 48; 5; 14; 7
12,70,0.2351,0.17143,12; 6; 25; 26; 70; 9; 6; 8
67,70,0.87705,0.95714,67; 5; 4; 4; 70; 5; 5; 8
34,42,0.77729,0.80952,34; 14; 19; 9; 42; 10; 12; 8
34,49,0.73126,0.69388,34; 20; 17; 10; 49; 4; 8; 7
49,70,0.77783,0.7,49; 16; 13; 15; 70; 5; 3; 5
18,48,0.41545,0.375,18; 10; 26; 9; 48; 8; 14; 7
31,42,0.7897,0.7381,31; 10; 3; 16; 42; 10; 5; 6
42,63,0.69662,0.66667,42; 17; 8; 12; 63; 10; 6; 7
26,63,0.49044,0.4127,26; 23; 22; 11; 63; 4; 6; 3
5,42,0.14954,0.11905,5; 12; 7; 26; 42; 7; 14; 6
35,48,0.7957,0.72917,35; 11; 15; 16; 48; 14; 8; 6
48,82,0.71964,0.58537,48; 14; 16; 14; 82; 5; 5; 3
10,75,0.242,0.13333,10; 23; 4; 9; 75; 7; 7; 5
9,10,0.45304,0.9,9; 22; 21; 7; 10; 17; 17; 4
40,78,0.65593,0.51282,40; 10; 12; 8; 78; 5; 5; 4
7,70,0.12981,0.1,7; 6; 30; 11; 70; 5; 4; 9
34,48,0.67514,0.70833,34; 20; 14; 19; 48; 15; 13; 4
52,75,0.78378,0.69333,52; 8; 14; 9; 75; 5; 4; 4
41,64,0.69444,0.64062,41; 13; 16; 10; 64; 10; 6; 9
14,82,0.29022,0.17073,14; 5; 8; 5; 82; 4; 3; 3
45,53,0.78753,0.84906,45; 8; 8; 12; 53; 13; 6; 12
19,32,0.63748,0.59375,19; 11; 16; 16; 32; 13; 6; 21
36,63,0.60692,0.57143,36; 10; 18; 14; 63; 10; 9; 4
24,63,0.41458,0.38095,24; 15; 9; 24; 63; 6; 4; 5
25,31,0.71252,0.80645,25; 3; 5; 24; 31; 5; 13; 15
41,77,0.65075,0.53247,41; 4; 15; 14; 77; 7; 4; 4
49,64,0.86456,0.76562,49; 9; 9; 9; 64; 3; 4; 10
5,9,0.31073,0.55556,5; 29; 25; 23; 9; 6; 12; 10
10,48,0.20251,0.20833,10; 8; 4; 28; 48; 6; 13; 9
15,82,0.30129,0.18293,15; 4; 19; 22; 82; 5; 4; 5
18,26,0.71192,0.69231,18; 9; 25; 21; 26; 22; 4; 6
8,9,0.38186,0.88889,8; 5; 4; 4; 9; 9; 9; 9
15,63,0.24411,0.2381,15; 26; 21; 20; 63; 7; 10; 8
72,82,0.68384,0.87805,72; 8; 7; 6; 82; 5; 3; 3
25,49,0.51116,0.5102,25; 24; 14; 6; 49; 16; 7; 8
22,48,0.47023,0.45833,22; 18; 23; 3; 48; 14; 9; 16
15,31,0.4782,0.48387,15; 15; 6; 19; 31; 13; 11; 4
14,75,0.29545,0.18667,14; 19; 15; 8; 75; 4; 3; 3
8,10,0.41392,0.8,8; 17; 21; 3; 10; 23; 9; 14
34,48,0.7289,0.70833,34; 6; 3; 16; 48; 10; 6; 13
16,64,0.26948,0.25,16; 6; 10; 10; 64; 6; 6; 4
24,70,0.41944,0.34286,24; 20; 7; 7; 70; 5; 7; 6
13,31,0.42976,0.41935,13; 18; 19; 10; 31; 8; 18; 3
34,49,0.72505,0.69388,34; 21; 17; 5; 49; 13; 16; 8
7,10,0.36802,0.7,7; 28; 5; 3; 10; 17; 4; 15
13,42,0.31843,0.30952,13; 23; 6; 15; 42; 8; 6; 18
6,10,0.34857,0.6,6; 23; 18; 16; 10; 6; 11; 12
47,53,0.81815,0.88679,47; 9; 12; 12; 53; 14; 11; 10
44,77,0.73211,0.57143,44; 8; 14; 11; 77; 7; 5; 7
19,53,0.37778,0.35849,19; 3; 4; 8; 53; 12; 11; 4
28,49,0.55249,0.57143,28; 7; 20; 18; 49; 3; 14; 7
39,42,0.83705,0.92857,39; 13; 5; 18; 42; 3; 4; 16
26,53,0.50429,0.49057,26; 21; 24; 4; 53; 12; 14; 3
8,9,0.39786,0.88889,8; 6; 15; 13; 9; 21; 16; 12
37,53,0.73646,0.69811,37; 16; 15; 3; 53; 13; 12; 6
10,31,0.32766,0.32258,10; 15; 25; 15; 31; 16; 3; 6
6,10,0.34919,0.6,6; 29; 9; 4; 10; 5; 7; 6
9,82,0.22734,0.10976,9; 29; 15; 19; 82; 4; 3; 3
23,32,0.70963,0.71875,23; 19; 18; 22; 32; 11; 14; 16
15,53,0.29418,0.28302,15; 6; 14; 3; 53; 7; 15; 6
32,70,0.53706,0.45714,32; 8; 22; 9; 70; 7; 3; 9
43,75,0.70292,0.57333,43; 11; 8; 12; 75; 6; 5; 6
22,64,0.38396,0.34375,22; 7; 19; 16; 64; 8; 3; 3
8,10,0.4381,0.8,8; 5; 22; 23; 10; 4; 13; 12
8,10,0.40243,0.8,8; 28; 23; 10; 10; 11; 23; 23
75,78,0.76706,0.96154,75; 3; 5; 4; 78; 4; 5; 4
10,31,0.33204,0.32258,10; 3; 6; 17; 31; 8; 20; 7
6,10,0.36246,0.6,6; 18; 26; 29; 10; 29; 29; 6
19,48,0.41736,0.39583,19; 26; 3; 26; 48; 10; 7; 15
54,64,0.87576,0.84375,54; 12; 12; 11; 64; 11; 9; 11
8,9,0.40452,0.88889,8; 10; 7; 11; 9; 17; 16; 21
22,26,0.70115,0.84615,22; 12; 15; 25; 26; 9; 4; 23
52,53,0.88283,0.98113,52; 3; 3; 11; 53; 6; 14; 5
11,75,0.22833,0.14667,11; 8; 27; 8; 75; 7; 4; 7
6,9,0.34004,0.66667,6; 11; 26; 7; 9; 17; 11; 4
12,42,0.26876,0.28571,12; 19; 27; 7; 42; 11; 10; 5
9,48,0.19621,0.1875,9; 9; 9; 3; 48; 14; 7; 16
15,42,0.35864,0.35714,15; 4; 7; 16; 42; 3; 9; 13
58,82,0.79398,0.70732,58; 9; 3; 10; 82; 3; 5; 3
10,42,0.25382,0.2381,10; 3; 6; 15; 42; 7; 7; 7
73,75,0.79061,0.97333,73; 4; 8; 8; 75; 5; 5; 3
7,26,0.29729,0.26923,7; 7; 28; 23; 26; 9; 10; 22
10,26,0.39273,0.38462,10; 6; 20; 19; 26; 3; 4; 7
21,32,0.62146,0.65625,21; 20; 15; 19; 32; 17; 8; 15
6,9,0.32914,0.66667,6; 7; 8; 4; 9; 12; 3; 5
29,82,0.49264,0.35366,29; 19; 16; 10; 82; 4; 3; 3
16,31,0.54752,0.51613,16; 10; 27; 6; 31; 14; 18; 9
7,70,0.19108,0.1,7; 10; 11; 7; 70; 6; 4; 9
36,64,0.59495,0.5625,36; 18; 4; 10; 64; 9; 6; 7
28,32,0.74025,0.875,28; 19; 13; 17; 32; 21; 12; 19
38,49,0.7619,0.77551,38; 20; 12; 3; 49; 4; 12; 8
43,75,0.70445,0.57333,43; 17; 12; 17; 75; 3; 7; 6
8,82,0.15081,0.09756,8; 10; 20; 21; 82; 4; 5; 3
59,82,0.83798,0.71951,59; 10; 8; 6; 82; 4; 3; 3
10,31,0.34172,0.32258,10; 18; 13; 13; 31; 17; 3; 3
13,42,0.32182,0.30952,13; 22; 3; 7; 42; 12; 9; 12
39,64,0.64252,0.60938,39; 16; 19; 10; 64; 7; 11; 6
6,9,0.33035,0.66667,6; 18; 19; 10; 9; 7; 25; 8
7,9,0.37997,0.77778,7; 5; 18; 23; 9; 5; 28; 18
27,32,0.73278,0.84375,27; 11; 21; 20; 32; 19; 12; 9
21,32,0.69581,0.65625,21; 5; 7; 16; 32; 19; 3; 3
13,26,0.45654,0.5,13; 17; 3; 11; 26; 12; 15; 10
40,42,0.86981,0.95238,40; 15; 15; 7; 42; 18; 12; 9
62,75,0.86553,0.82667,62; 9; 11; 5; 75; 5; 4; 6
59,77,0.8403,0.76623,59; 9; 8; 6; 77; 7; 5; 3
7,9,0.37603,0.77778,7; 20; 20; 5; 9; 4; 9; 29
25,42,0.57699,0.59524,25; 20; 6; 19; 42; 17; 9; 16
10,70,0.18759,0.14286,10; 13; 13; 15; 70; 3; 5; 4
8,77,0.17782,0.1039,8; 16; 7; 27; 77; 6; 5; 5
7,10,0.36746,0.7,7; 4; 3; 5; 10; 5; 7; 15
5,9,0.26898,0.55556,5; 18; 3; 28; 9; 4; 25; 26
54,64,0.91012,0.84375,54; 13; 3; 10; 64; 9; 6; 8
9,32,0.29631,0.28125,9; 9; 7; 9; 32; 5; 5; 12
30,48,0.65887,0.625,30; 8; 10; 19; 48; 3; 14; 15
27,32,0.76967,0.84375,27; 21; 7; 14; 32; 17; 20; 20
11,32,0.40181,0.34375,11; 27; 23; 22; 32; 14; 21; 3
7,9,0.36091,0.77778,7; 19; 20; 27; 9; 24; 23; 23
31,63,0.49015,0.49206,31; 10; 17; 20; 63; 11; 9; 4
41,75,0.6395,0.54667,41; 6; 6; 9; 75; 5; 6; 6
76,78,0.82376,0.97436,76; 5; 3; 5; 78; 3; 5; 5
79,82,0.75925,0.96341,79; 5; 3; 3; 82; 3; 4; 5
20,42,0.48697,0.47619,20; 22; 22; 19; 42; 8; 5; 17
66,82,0.83611,0.80488,66; 8; 9; 8; 82; 3; 5; 5
69,82,0.69533,0.84146,69; 8; 8; 4; 82; 3; 3; 4
20,49,0.36883,0.40816,20; 19; 9; 7; 49; 16; 10; 10
30,63,0.49226,0.47619,30; 6; 4; 19; 63; 8; 6; 11
37,42,0.87183,0.88095,37; 15; 4; 20; 42; 15; 7; 4
29,77,0.51419,0.37662,29; 21; 15; 3; 77; 6; 4; 6
11,49,0.21177,0.22449,11; 4; 11; 12; 49; 9; 3; 6
11,63,0.21776,0.1746,11; 14; 11; 15; 63; 11; 3; 4
11,26,0.41013,0.42308,11; 3; 28; 8; 26; 10; 5; 6
24,78,0.41532,0.30769,24; 19; 19; 6; 78; 3; 6; 3
48,63,0.81864,0.7619,48; 15; 6; 9; 63; 7; 6; 11
17,82,0.36387,0.20732,17; 3; 8; 10; 82; 4; 5; 3
38,63,0.64498,0.60317,38; 7; 20; 13; 63; 10; 10; 6
57,64,0.96645,0.89062,57; 12; 12; 7; 64; 10; 9; 7
7,9,0.35665,0.77778,7; 4; 8; 24; 9; 11; 3; 5
8,9,0.34914,0.88889,8; 7; 10; 20; 9; 17; 15; 10
73,75,0.84824,0.97333,73; 6; 4; 8; 75; 3; 6; 3
27,53,0.51806,0.50943,27; 11; 18; 18; 53; 3; 6; 11
25,78,0.46762,0.32051,25; 10; 20; 17; 78; 6; 6; 6
24,31,0.75479,0.77419,24; 24; 12; 12; 31; 20; 19; 9
63,64,0.91488,0.98438,63; 5; 11; 10; 64; 9; 4; 4
19,42,0.4408,0.45238,19; 7; 11; 6; 42; 13; 13; 14
55,75,0.8736,0.73333,55; 9; 3; 5; 75; 3; 5; 5
29,70,0.48784,0.41429,29; 16; 8; 3; 70; 5; 8; 4
8,75,0.1847,0.10667,8; 10; 6; 19; 75; 7; 5; 3
34,48,0.79035,0.70833,34; 10; 16; 19; 48; 5; 11; 15
37,77,0.59045,0.48052,37; 8; 16; 6; 77; 6; 3; 5
6,26,0.24709,0.23077,6; 10; 3; 4; 26; 16; 8; 21
7,10,0.36921,0.7,7; 3; 9; 5; 10; 11; 5; 10
9,10,0.45479,0.9,9; 6; 16; 27; 10; 10; 11; 19
8,10,0.40616,0.8,8; 17; 10; 4; 10; 14; 6; 8
38,63,0.60826,0.60317,38; 10; 10; 14; 63; 10; 11; 6
24,32,0.71387,0.75,24; 19; 4; 23; 32; 14; 10; 9
27,42,0.60729,0.64286,27; 12; 5; 8; 42; 11; 3; 10
38,42,0.87935,0.90476,38; 17; 10; 4; 42; 17; 13; 12
9,26,0.34013,0.34615,9; 29; 15; 9; 26; 12; 10; 7
54,64,0.86845,0.84375,54; 11; 6; 8; 64; 7; 7; 5
6,32,0.22155,0.1875,6; 25; 20; 25; 32; 20; 22; 8
40,49,0.79365,0.81633,40; 17; 13; 3; 49; 5; 9; 11
44,48,0.79167,0.91667,44; 13; 16; 17; 48; 10; 14; 16
8,10,0.43082,0.8,8; 7; 29; 26; 10; 17; 9; 26
32,49,0.67848,0.65306,32; 20; 7; 20; 49; 8; 7; 3
8,9,0.40069,0.88889,8; 11; 5; 19; 9; 15; 23; 23
32,78,0.53139,0.41026,32; 8; 11; 4; 78; 6; 4; 4
7,42,0.18121,0.16667,7; 8; 4; 20; 42; 4; 13; 16
65,70,0.91759,0.92857,65; 10; 3; 8; 70; 6; 4; 6
8,31,0.27799,0.25806,8; 5; 26; 12; 31; 21; 14; 7
70,77,0.81663,0.90909,70; 6; 3; 4; 77; 4; 3; 4
6,26,0.23414,0.23077,6; 27; 17; 4; 26; 24; 17; 23
34,53,0.65032,0.64151,34; 10; 5; 10; 53; 8; 3; 15
18,48,0.40871,0.375,18; 18; 16; 17; 48; 11; 7; 9
27,63,0.44208,0.42857,27; 16; 6; 14; 63; 9; 5; 11
46,48,0.83485,0.95833,46; 16; 14; 8; 48; 13; 4; 5
7,9,0.36568,0.77778,7; 9; 17; 22; 9; 6; 10; 9
63,77,0.85084,0.81818,63; 6; 7; 3; 77; 4; 6; 4
60,70,0.91248,0.85714,60; 10; 12; 11; 70; 3; 8; 8
58,63,0.9596,0.92063,58; 6; 7; 9; 63; 9; 8; 7
36,64,0.61189,0.5625,36; 8; 12; 6; 64; 4; 3; 9
77,82,0.66734,0.93902,77; 3; 6; 7; 82; 4; 3; 3
24,26,0.8183,0.92308,24; 8; 23; 19; 26; 5; 6; 10
44,64,0.72532,0.6875,44; 15; 4; 17; 64; 4; 8; 3
8,9,0.39646,0.88889,8; 6; 3; 29; 9; 27; 24; 29
58,82,0.84363,0.70732,58; 3; 10; 9; 82; 3; 5; 3
62,77,0.84219,0.80519,62; 10; 9; 12; 77; 3; 4; 3
21,26,0.69354,0.80769,21; 13; 13; 4; 26; 18; 24; 15
14,48,0.3561,0.29167,14; 26; 20; 25; 48; 7; 8; 13
21,78,0.39542,0.26923,21; 5; 7; 24; 78; 5; 3; 4
30,42,0.71802,0.71429,30; 20; 12; 20; 42; 10; 3; 10
5,9,0.29151,0.55556,5; 23; 19; 4; 9; 28; 4; 13
6,31,0.2125,0.19355,6; 11; 3; 6; 31; 13; 13; 9
23,32,0.68528,0.71875,23; 8; 21; 25; 32; 3; 8; 20
16,26,0.62758,0.61538,16; 26; 12; 11; 26; 12; 7; 19
53,78,0.87285,0.67949,53; 8; 15; 8; 78; 6; 4; 6
70,77,0.81034,0.90909,70; 9; 4; 6; 77; 4; 5; 7
41,64,0.70097,0.64062,41; 12; 5; 15; 64; 6; 9; 10
23,32,0.70607,0.71875,23; 17; 18; 19; 32; 7; 4; 3
13,26,0.49628,0.5,13; 7; 8; 11; 26; 6; 20; 9
57,78,0.92924,0.73077,57; 7; 6; 5; 78; 4; 3; 3
15,75,0.30581,0.2,15; 24; 26; 26; 75; 7; 5; 4
8,26,0.33579,0.30769,8; 7; 25; 15; 26; 15; 12; 12
6,9,0.33422,0.66667,6; 16; 22; 28; 9; 17; 19; 18
20,42,0.48371,0.47619,20; 5; 20; 25; 42; 6; 4; 5
21,26,0.83919,0.80769,21; 17; 11; 4; 26; 20; 17; 10
65,70,0.87386,0.92857,65; 9; 3; 11; 70; 7; 3; 9
38,64,0.62924,0.59375,38; 5; 7; 14; 64; 8; 4; 6
28,49,0.57652,0.57143,28; 7; 18; 21; 49; 9; 7; 7
9,10,0.45367,0.9,9; 23; 15; 29; 10; 6; 29; 10
22,78,0.39542,0.28205,22; 21; 23; 20; 78; 4; 3; 6
11,26,0.43888,0.42308,11; 18; 7; 4; 26; 6; 4; 15
7,9,0.35539,0.77778,7; 23; 30; 22; 9; 6; 9; 28
39,64,0.65612,0.60938,39; 8; 10; 8; 64; 11; 4; 6
33,70,0.57239,0.47143,33; 9; 21; 14; 70; 9; 6; 4
19,78,0.36987,0.24359,19; 14; 8; 6; 78; 6; 6; 5
31,78,0.52833,0.39744,31; 4; 11; 20; 78; 3; 5; 4
26,77,0.45479,0.33766,26; 11; 22; 20; 77; 3; 7; 7
26,48,0.55096,0.54167,26; 14; 23; 17; 48; 16; 13; 15
22,49,0.4635,0.44898,22; 17; 10; 10; 49; 5; 5; 9
5,9,0.34396,0.55556,5; 31; 4; 10; 9; 20; 15; 19
21,77,0.29669,0.27273,21; 11; 10; 4; 77; 3; 7; 7
5,9,0.2823,0.55556,5; 11; 17; 26; 9; 6; 5; 29
79,82,0.70064,0.96341,79; 5; 6; 5; 82; 4; 3; 5
46,64,0.71439,0.71875,46; 4; 12; 9; 64; 6; 4; 9
44,48,0.80236,0.91667,44; 16; 5; 13; 48; 11; 5; 4
6,9,0.30738,0.66667,6; 20; 19; 30; 9; 28; 4; 14
7,9,0.37379,0.77778,7; 10; 19; 5; 9; 10; 26; 6
18,82,0.42327,0.21951,18; 4; 5; 8; 82; 5; 4; 3
81,82,0.66902,0.9878,81; 3; 5; 5; 82; 3; 4; 5
8,26,0.29904,0.30769,8; 22; 25; 3; 26; 20; 20; 11
8,10,0.40201,0.8,8; 30; 11; 19; 10; 22; 11; 29
27,78,0.47356,0.34615,27; 17; 12; 23; 78; 4; 5; 5
9,42,0.21942,0.21429,9; 22; 22; 28; 42; 16; 12; 13
24,48,0.51146,0.5,24; 19; 6; 11; 48; 8; 16; 16
24,49,0.48892,0.4898,24; 24; 21; 11; 49; 14; 11; 13
31,49,0.61108,0.63265,31; 21; 20; 20; 49; 14; 13; 6
56,70,0.93231,0.8,56; 8; 4; 13; 70; 9; 9; 7
53,64,0.86031,0.82812,53; 10; 14; 14; 64; 8; 3; 7
23,78,0.45134,0.29487,23; 17; 25; 21; 78; 3; 6; 5
5,9,0.28327,0.55556,5; 18; 10; 6; 9; 29; 20; 26
46,70,0.76552,0.65714,46; 6; 3; 10; 70; 9; 5; 7
7,10,0.40172,0.7,7; 21; 18; 8; 10; 17; 16; 21
6,10,0.37821,0.6,6; 11; 4; 11; 10; 8; 22; 5
28,64,0.47604,0.4375,28; 5; 19; 19; 64; 3; 11; 3
42,63,0.69501,0.66667,42; 11; 11; 10; 63; 3; 11; 4
51,53,0.85052,0.96226,51; 6; 3; 8; 53; 10; 3; 6
38,53,0.73933,0.71698,38; 19; 11; 10; 53; 10; 6; 15
27,77,0.46668,0.35065,27; 6; 13; 23; 77; 7; 4; 3
8,42,0.1982,0.19048,8; 5; 13; 19; 42; 4; 17; 10
6,10,0.34967,0.6,6; 20; 28; 23; 10; 4; 26; 20
14,26,0.56471,0.53846,14; 27; 6; 20; 26; 9; 22; 8
18,53,0.35164,0.33962,18; 21; 18; 20; 53; 5; 11; 6
8,10,0.42828,0.8,8; 24; 7; 21; 10; 11; 8; 3
8,10,0.44866,0.8,8; 14; 3; 5; 10; 17; 8; 4
11,26,0.37539,0.42308,11; 24; 29; 19; 26; 23; 5; 18
16,78,0.31552,0.20513,16; 16; 24; 4; 78; 4; 3; 5
17,32,0.53109,0.53125,17; 24; 12; 25; 32; 11; 7; 3
19,75,0.3521,0.25333,19; 11; 21; 10; 75; 6; 6; 4
25,63,0.46403,0.39683,25; 5; 9; 8; 63; 6; 9; 3
41,53,0.77511,0.77358,41; 4; 8; 10; 53; 4; 7; 12
34,53,0.63337,0.64151,34; 5; 20; 6; 53; 7; 15; 14
20,70,0.36804,0.28571,20; 26; 7; 25; 70; 9; 4; 6
40,82,0.6122,0.4878,40; 4; 17; 11; 82; 3; 3; 3
40,77,0.63821,0.51948,40; 14; 12; 12; 77; 6; 3; 3
25,75,0.45524,0.33333,25; 3; 8; 4; 75; 4; 7; 7
9,10,0.48886,0.9,9; 26; 26; 20; 10; 17; 19; 7
45,78,0.7144,0.57692,45; 7; 14; 14; 78; 5; 4; 6
7,9,0.36842,0.77778,7; 30; 19; 5; 9; 14; 8; 12
21,26,0.79131,0.80769,21; 12; 25; 7; 26; 6; 16; 21
46,82,0.68586,0.56098,46; 11; 10; 16; 82; 4; 4; 3
18,75,0.36802,0.24,18; 22; 15; 13; 75; 3; 5; 4
55,63,0.93406,0.87302,55; 14; 5; 6; 63; 11; 11; 5
25,31,0.70468,0.80645,25; 16; 7; 5; 31; 8; 21; 17
8,53,0.17181,0.15094,8; 6; 5; 4; 53; 3; 14; 6
7,10,0.37687,0.7,7; 15; 17; 16; 10; 26; 20; 25
22,53,0.42906,0.41509,22; 14; 18; 7; 53; 13; 10; 7
26,78,0.45955,0.33333,26; 3; 11; 5; 78; 6; 3; 3
7,10,0.36728,0.7,7; 12; 29; 27; 10; 12; 15; 27
46,49,0.79766,0.93878,46; 12; 13; 6; 49; 11; 3; 7
65,75,0.8057,0.86667,65; 8; 9; 7; 75; 3; 5; 6
28,82,0.49255,0.34146,28; 7; 15; 12; 82; 5; 5; 4
58,82,0.86288,0.70732,58; 12; 3; 4; 82; 5; 5; 4
33,49,0.68588,0.67347,33; 9; 19; 7; 49; 16; 5; 6
22,26,0.8096,0.84615,22; 15; 12; 9; 26; 15; 23; 7
8,9,0.42215,0.88889,8; 4; 22; 17; 9; 21; 26; 28
61,63,0.97799,0.96825,61; 10; 9; 8; 63; 4; 5; 5
16,53,0.32853,0.30189,16; 13; 20; 18; 53; 7; 7; 9
37,42,0.87802,0.88095,37; 12; 15; 17; 42; 4; 15; 5
11,53,0.22348,0.20755,11; 15; 10; 26; 53; 11; 5; 13
29,64,0.49339,0.45312,29; 3; 18; 4; 64; 5; 7; 10
51,75,0.74802,0.68,51; 13; 14; 7; 75; 5; 3; 6
17,64,0.29736,0.26562,17; 24; 6; 16; 64; 10; 9; 6
17,63,0.28565,0.26984,17; 8; 12; 6; 63; 8; 4; 11
8,77,0.17155,0.1039,8; 22; 8; 11; 77; 3; 5; 6
45,75,0.71681,0.6,45; 17; 13; 5; 75; 7; 3; 3
60,63,0.90922,0.95238,60; 5; 10; 7; 63; 9; 9; 5
23,42,0.53486,0.54762,23; 14; 23; 13; 42; 18; 9; 14
14,42,0.27681,0.33333,14; 11; 20; 13; 42; 4; 17; 18
56,63,0.95031,0.88889,56; 10; 5; 11; 63; 6; 5; 11
12,53,0.25082,0.22642,12; 27; 20; 20; 53; 7; 8; 15
81,82,0.68129,0.9878,81; 5; 3; 5; 82; 3; 3; 3
36,42,0.92085,0.85714,36; 20; 16; 20; 42; 4; 9; 10
15,26,0.55699,0.57692,15; 6; 9; 8; 26; 12; 12; 16
6,10,0.34569,0.6,6; 19; 12; 7; 10; 9; 11; 25
27,63,0.4598,0.42857,27; 10; 13; 5; 63; 5; 7; 10
45,78,0.689,0.57692,45; 10; 6; 13; 78; 4; 6; 3
78,82,0.71325,0.95122,78; 6; 4; 4; 82; 3; 3; 4
7,64,0.14505,0.10938,7; 20; 23; 24; 64; 6; 11; 9
35,78,0.59872,0.44872,35; 4; 3; 15; 78; 5; 4; 4
46,53,0.78626,0.86792,46; 9; 4; 10; 53; 14; 5; 4
31,75,0.49404,0.41333,31; 5; 10; 20; 75; 6; 3; 3
19,26,0.72268,0.73077,19; 14; 26; 8; 26; 9; 17; 9
59,77,0.85694,0.76623,59; 8; 12; 5; 77; 5; 5; 6
19,49,0.37924,0.38776,19; 9; 12; 8; 49; 8; 5; 11
27,42,0.59782,0.64286,27; 10; 13; 23; 42; 3; 13; 9
35,49,0.72172,0.71429,35; 3; 9; 8; 49; 15; 5; 4
12,48,0.26909,0.25,12; 6; 14; 21; 48; 12; 14; 7
41,77,0.6882,0.53247,41; 19; 18; 15; 77; 5; 7; 5
26,70,0.47793,0.37143,26; 7; 13; 15; 70; 8; 8; 4
6,9,0.30649,0.66667,6; 19; 20; 22; 9; 20; 19; 11
16,32,0.53255,0.5,16; 6; 10; 15; 32; 14; 14; 21
15,32,0.47177,0.46875,15; 7; 24; 13; 32; 22; 12; 7
6,31,0.23053,0.19355,6; 12; 4; 19; 31; 15; 18; 11
16,26,0.60276,0.61538,16; 8; 24; 23; 26; 6; 15; 7
69,70,0.88614,0.98571,69; 3; 6; 4; 70; 8; 6; 3
25,75,0.43928,0.33333,25; 3; 15; 5; 75; 5; 6; 5
12,32,0.35891,0.375,12; 24; 27; 18; 32; 9; 8; 19
9,10,0.44904,0.9,9; 7; 5; 9; 10; 20; 26; 4
39,53,0.7658,0.73585,39; 3; 19; 18; 53; 11; 14; 15
32,49,0.70638,0.65306,32; 5; 18; 14; 49; 11; 11; 7
45,82,0.65966,0.54878,45; 17; 10; 3; 82; 5; 4; 3
12,26,0.4959,0.46154,12; 3; 28; 27; 26; 24; 16; 14
39,48,0.80015,0.8125,39; 9; 10; 12; 48; 7; 12; 14
17,53,0.29888,0.32075,17; 22; 10; 27; 53; 5; 13; 13
6,9,0.31731,0.66667,6; 18; 27; 11; 9; 9; 12; 10
8,70,0.14669,0.11429,8; 5; 21; 21; 70; 4; 9; 5
6,63,0.11926,0.09524,6; 23; 6; 10; 63; 5; 7; 6
9,10,0.47088,0.9,9; 23; 20; 12; 10; 8; 6; 6
19,63,0.34599,0.30159,19; 5; 20; 17; 63; 6; 5; 9
43,53,0.79356,0.81132,43; 16; 7; 8; 53; 8; 14; 14
45,75,0.7057,0.6,45; 4; 5; 12; 75; 3; 4; 7
5,10,0.31495,0.5,5; 15; 30; 23; 10; 26; 28; 18
6,53,0.12719,0.11321,6; 9; 10; 26; 53; 15; 10; 6
17,31,0.54414,0.54839,17; 20; 13; 18; 31; 6; 5; 15
31,48,0.67051,0.64583,31; 18; 15; 21; 48; 5; 6; 16
7,26,0.29575,0.26923,7; 20; 15; 21; 26; 12; 16; 20
23,26,0.79816,0.88462,23; 20; 15; 16; 26; 22; 6; 5
53,63,0.91843,0.84127,53; 4; 12; 6; 63; 9; 7; 11
68,70,0.86168,0.97143,68; 10; 8; 4; 70; 5; 3; 3
60,64,0.95127,0.9375,60; 9; 4; 6; 64; 3; 3; 8
42,63,0.73333,0.66667,42; 5; 13; 17; 63; 9; 5; 6
20,75,0.38796,0.26667,20; 25; 9; 8; 75; 3; 4; 7
31,53,0.58587,0.58491,31; 5; 10; 21; 53; 14; 6; 6
17,26,0.66962,0.65385,17; 11; 17; 7; 26; 4; 4; 17
9,10,0.46343,0.9,9; 22; 27; 23; 10; 13; 24; 22
31,49,0.6039,0.63265,31; 6; 19; 3; 49; 4; 9; 11
29,32,0.72941,0.90625,29; 9; 17; 8; 32; 9; 22; 7
27,42,0.63798,0.64286,27; 6; 20; 13; 42; 12; 5; 11
25,63,0.42396,0.39683,25; 23; 8; 15; 63; 4; 11; 11
8,31,0.28798,0.25806,8; 24; 16; 13; 31; 6; 18; 10
6,49,0.13216,0.12245,6; 16; 11; 8; 49; 14; 13; 13
36,53,0.72479,0.67925,36; 9; 8; 15; 53; 9; 11; 8
35,42,0.87808,0.83333,35; 9; 7; 4; 42; 3; 10; 15
21,32,0.65694,0.65625,21; 3; 24; 23; 32; 20; 4; 19
9,70,0.17152,0.12857,9; 3; 24; 20; 70; 9; 3; 7
37,75,0.61,0.49333,37; 12; 8; 4; 75; 3; 6; 6
8,10,0.41705,0.8,8; 25; 16; 16; 10; 22; 25; 25
10,42,0.24769,0.2381,10; 15; 12; 12; 42; 3; 6; 16
18,78,0.36047,0.23077,18; 11; 15; 6; 78; 6; 6; 3
43,70,0.66685,0.61429,43; 8; 17; 4; 70; 3; 5; 8
23,78,0.43682,0.29487,23; 14; 9; 8; 78; 5; 5; 5
5,10,0.31346,0.5,5; 17; 14; 25; 10; 3; 29; 17
67,75,0.81428,0.89333,67; 3; 3; 6; 75; 4; 5; 4
14,53,0.28102,0.26415,14; 13; 20; 6; 53; 13; 11; 5
28,42,0.67932,0.66667,28; 3; 18; 15; 42; 4; 7; 17
13,70,0.21251,0.18571,13; 8; 11; 28; 70; 5; 7; 7
5,10,0.30514,0.5,5; 12; 31; 5; 10; 8; 29; 23
41,64,0.67751,0.64062,41; 17; 14; 16; 64; 6; 4; 9
15,26,0.54832,0.57692,15; 20; 24; 22; 26; 6; 5; 24
8,10,0.41586,0.8,8; 17; 3; 15; 10; 29; 9; 28
23,42,0.52168,0.54762,23; 23; 15; 21; 42; 8; 5; 11
11,26,0.42855,0.42308,11; 13; 20; 7; 26; 20; 10; 20
62,70,0.8899,0.88571,62; 10; 9; 12; 70; 6; 8; 4
68,82,0.66855,0.82927,68; 10; 4; 6; 82; 5; 5; 5
25,77,0.44919,0.32468,25; 14; 5; 9; 77; 4; 6; 3
64,77,0.80853,0.83117,64; 5; 5; 9; 77; 3; 4; 7
17,53,0.3064,0.32075,17; 12; 13; 15; 53; 8; 4; 5
23,32,0.73962,0.71875,23; 12; 6; 25; 32; 22; 17; 10
51,70,0.86243,0.72857,51; 11; 5; 11; 70; 5; 9; 8
6,9,0.34045,0.66667,6; 19; 20; 24; 9; 23; 6; 5
52,70,0.84511,0.74286,52; 12; 3; 4; 70; 5; 9; 3
6,9,0.31564,0.66667,6; 17; 27; 29; 9; 6; 12; 11
5,10,0.31907,0.5,5; 17; 6; 18; 10; 10; 19; 16
36,82,0.58678,0.43902,36; 4; 11; 4; 82; 3; 3; 3
17,31,0.53986,0.54839,17; 24; 26; 18; 31; 7; 10; 6
19,31,0.61672,0.6129,19; 24; 10; 9; 31; 18; 22; 18
12,42,0.25738,0.28571,12; 11; 27; 22; 42; 16; 12; 8
73,78,0.75198,0.9359,73; 3; 3; 6; 78; 4; 4; 4
10,32,0.35859,0.3125,10; 4; 24; 7; 32; 13; 18; 21
27,77,0.46294,0.35065,27; 10; 9; 12; 77; 4; 3; 5
28,49,0.54638,0.57143,28; 17; 10; 9; 49; 12; 15; 11
13,32,0.38808,0.40625,13; 13; 18; 14; 32; 3; 8; 9
24,32,0.75911,0.75,24; 11; 21; 3; 32; 6; 13; 11
23,77,0.42026,0.2987,23; 8; 3; 17; 77; 5; 6; 5
21,42,0.50623,0.5,21; 19; 12; 17; 42; 18; 14; 4
40,63,0.65444,0.63492,40; 10; 9; 14; 63; 9; 6; 6
27,77,0.48859,0.35065,27; 8; 13; 10; 77; 6; 3; 4
23,70,0.41979,0.32857,23; 20; 22; 14; 70; 3; 4; 3
13,77,0.27565,0.16883,13; 19; 19; 14; 77; 6; 6; 6
58,70,0.91325,0.82857,58; 7; 9; 3; 70; 8; 7; 4
23,26,0.76025,0.88462,23; 9; 21; 14; 26; 10; 11; 16
7,9,0.38363,0.77778,7; 9; 5; 6; 9; 23; 14; 20
30,78,0.53804,0.38462,30; 6; 20; 17; 78; 3; 4; 6
32,49,0.66738,0.65306,32; 19; 7; 16; 49; 16; 12; 7
41,77,0.65535,0.53247,41; 12; 8; 6; 77; 5; 3; 7
35,75,0.56987,0.46667,35; 13; 9; 13; 75; 7; 5; 5
29,31,0.73529,0.93548,29; 5; 17; 16; 31; 7; 17; 22
26,48,0.52536,0.54167,26; 15; 11; 12; 48; 16; 13; 6
10,49,0.20619,0.20408,10; 26; 6; 24; 49; 10; 16; 4
28,32,0.74817,0.875,28; 21; 10; 14; 32; 22; 16; 20
8,9,0.38774,0.88889,8; 24; 30; 18; 9; 23; 16; 23
55,64,0.88344,0.85938,55; 7; 4; 7; 64; 7; 8; 11
35,63,0.64341,0.55556,35; 19; 7; 9; 63; 8; 10; 4
35,53,0.65055,0.66038,35; 20; 16; 7; 53; 10; 13; 4
12,53,0.2477,0.22642,12; 14; 15; 20; 53; 4; 5; 14
45,70,0.72419,0.64286,45; 8; 4; 17; 70; 5; 4; 7
7,9,0.3711,0.77778,7; 13; 5; 19; 9; 9; 9; 15
8,49,0.21078,0.16327,8; 3; 28; 4; 49; 10; 15; 3
67,70,0.87669,0.95714,67; 9; 5; 5; 70; 6; 4; 4
56,75,0.88576,0.74667,56; 12; 5; 4; 75; 5; 4; 4
17,75,0.3249,0.22667,17; 17; 23; 3; 75; 6; 6; 3
44,63,0.7387,0.69841,44; 5; 12; 5; 63; 10; 8; 5
13,42,0.28944,0.30952,13; 11; 5; 16; 42; 14; 5; 11
11,48,0.24017,0.22917,11; 18; 20; 18; 48; 3; 6; 16
46,49,0.82337,0.93878,46; 8; 9; 3; 49; 6; 16; 8
28,70,0.48748,0.4,28; 11; 4; 10; 70; 4; 7; 5
57,64,0.95072,0.89062,57; 11; 6; 11; 64; 9; 7; 6
27,64,0.463,0.42188,27; 3; 4; 15; 64; 4; 3; 6
11,32,0.37478,0.34375,11; 13; 24; 16; 32; 15; 4; 15
54,75,0.8518,0.72,54; 11; 4; 3; 75; 4; 3; 7
18,42,0.42523,0.42857,18; 10; 13; 11; 42; 7; 7; 10
56,64,0.89416,0.875,56; 13; 8; 8; 64; 3; 6; 7
8,26,0.30704,0.30769,8; 16; 15; 5; 26; 3; 4; 18
6,9,0.33884,0.66667,6; 28; 27; 22; 9; 18; 4; 23
47,48,0.82407,0.97917,47; 3; 17; 17; 48; 16; 10; 5
31,63,0.54568,0.49206,31; 4; 14; 8; 63; 10; 4; 5
19,63,0.32306,0.30159,19; 26; 14; 4; 63; 4; 4; 5
29,32,0.72759,0.90625,29; 17; 16; 20; 32; 5; 7; 14
14,31,0.44848,0.45161,14; 18; 18; 17; 31; 8; 6; 13
8,9,0.38082,0.88889,8; 29; 25; 24; 9; 25; 7; 15
17,64,0.26876,0.26562,17; 14; 11; 21; 64; 11; 11; 7
6,49,0.11592,0.12245,6; 9; 8; 23; 49; 10; 16; 12
75,82,0.78083,0.91463,75; 6; 7; 6; 82; 5; 4; 3
6,9,0.32216,0.66667,6; 25; 10; 11; 9; 5; 12; 14
35,70,0.57704,0.5,35; 4; 18; 18; 70; 5; 3; 8
26,42,0.67209,0.61905,26; 14; 19; 15; 42; 18; 13; 7
7,53,0.15554,0.13208,7; 21; 19; 6; 53; 6; 15; 9
56,64,0.91271,0.875,56; 10; 12; 12; 64; 3; 8; 9
23,26,0.7845,0.88462,23; 11; 7; 24; 26; 23; 16; 13
13,48,0.29487,0.27083,13; 27; 5; 15; 48; 15; 10; 11
6,9,0.37383,0.66667,6; 9; 12; 22; 9; 11; 29; 26
20,53,0.38819,0.37736,20; 7; 24; 13; 53; 15; 10; 9
33,70,0.54509,0.47143,33; 13; 12; 18; 70; 6; 7; 9
28,63,0.49457,0.44444,28; 23; 4; 6; 63; 3; 3; 10
52,63,0.83709,0.8254,52; 3; 15; 5; 63; 6; 4; 11
67,70,0.88522,0.95714,67; 7; 5; 5; 70; 8; 3; 8
66,77,0.82971,0.85714,66; 5; 5; 4; 77; 5; 4; 6
29,53,0.55171,0.54717,29; 16; 4; 15; 53; 3; 10; 15
60,63,0.95297,0.95238,60; 5; 4; 8; 63; 11; 9; 3
24,26,0.78896,0.92308,24; 24; 24; 20; 26; 8; 8; 18
17,63,0.28777,0.26984,17; 26; 27; 13; 63; 10; 4; 4
26,42,0.63542,0.61905,26; 6; 16; 3; 42; 12; 10; 11
5,42,0.11221,0.11905,5; 10; 30; 6; 42; 10; 9; 10
25,26,0.77749,0.96154,25; 24; 14; 17; 26; 12; 3; 7
39,48,0.81583,0.8125,39; 17; 14; 8; 48; 8; 15; 3
15,31,0.47271,0.48387,15; 24; 10; 19; 31; 3; 19; 8
14,82,0.29693,0.17073,14; 18; 13; 5; 82; 3; 5; 5
41,77,0.6406,0.53247,41; 5; 15; 3; 77; 3; 5; 4
80,82,0.75296,0.97561,80; 6; 3; 4; 82; 5; 3; 4
12,26,0.47263,0.46154,12; 4; 7; 23; 26; 3; 14; 8
12,31,0.38322,0.3871,12; 13; 6; 11; 31; 16; 12; 9
6,10,0.3077,0.6,6; 5; 17; 25; 10; 23; 20; 23
7,9,0.38464,0.77778,7; 19; 24; 22; 9; 17; 17; 10
34,48,0.6924,0.70833,34; 13; 7; 5; 48; 14; 7; 9
69,70,0.92516,0.98571,69; 5; 9; 3; 70; 5; 8; 5
41,82,0.64781,0.5,41; 3; 19; 5; 82; 3; 3; 4
57,75,0.84856,0.76,57; 13; 3; 12; 75; 5; 6; 5
13,42,0.29943,0.30952,13; 3; 9; 20; 42; 18; 4; 9
7,9,0.37135,0.77778,7; 18; 24; 12; 9; 22; 4; 8
23,42,0.56802,0.54762,23; 22; 4; 22; 42; 13; 3; 15
23,42,0.54061,0.54762,23; 23; 5; 14; 42; 3; 10; 9
18,48,0.38116,0.375,18; 26; 7; 14; 48; 7; 9; 8
68,82,0.70612,0.82927,68; 7; 10; 3; 82; 4; 5; 4
40,64,0.66996,0.625,40; 19; 17; 15; 64; 8; 7; 7
13,26,0.47227,0.5,13; 8; 10; 22; 26; 7; 11; 24
7,10,0.39348,0.7,7; 13; 12; 22; 10; 11; 4; 3
8,26,0.32475,0.30769,8; 6; 12; 9; 26; 14; 12; 15
5,9,0.30055,0.55556,5; 13; 15; 28; 9; 11; 25; 3
5,49,0.1019,0.10204,5; 18; 7; 25; 49; 7; 8; 5
55,82,0.78346,0.67073,55; 7; 3; 5; 82; 4; 3; 5
41,78,0.65749,0.52564,41; 17; 4; 15; 78; 3; 4; 4
6,10,0.3387,0.6,6; 20; 10; 15; 10; 3; 9; 7
56,78,0.88098,0.71795,56; 13; 13; 8; 78; 6; 6; 6
7,9,0.36894,0.77778,7; 25; 22; 21; 9; 11; 29; 16
18,70,0.34657,0.25714,18; 22; 17; 21; 70; 5; 6; 7
32,64,0.54656,0.5,32; 12; 10; 21; 64; 6; 6; 8
11,63,0.17142,0.1746,11; 23; 12; 17; 63; 5; 8; 9
7,10,0.34726,0.7,7; 16; 10; 10; 10; 14; 15; 5
15,49,0.3042,0.30612,15; 24; 12; 8; 49; 11; 13; 9
19,42,0.46474,0.45238,19; 21; 18; 11; 42; 10; 5; 11
51,63,0.83051,0.80952,51; 4; 11; 11; 63; 7; 7; 11
46,49,0.84073,0.93878,46; 14; 8; 11; 49; 15; 7; 7
20,26,0.80358,0.76923,20; 9; 16; 23; 26; 7; 7; 24
45,64,0.73811,0.70312,45; 11; 3; 6; 64; 11; 11; 3
5,9,0.25053,0.55556,5; 29; 29; 19; 9; 19; 19; 13
39,49,0.78791,0.79592,39; 14; 12; 12; 49; 7; 4; 3
28,32,0.80813,0.875,28; 22; 10; 16; 32; 15; 3; 22
14,32,0.47477,0.4375,14; 14; 23; 3; 32; 20; 7; 5
12,64,0.19013,0.1875,12; 20; 27; 9; 64; 9; 7; 6
18,77,0.38193,0.23377,18; 6; 10; 17; 77; 3; 4; 5
34,70,0.59281,0.48571,34; 6; 12; 8; 70; 5; 7; 3
24,32,0.78804,0.75,24; 23; 15; 12; 32; 18; 8; 12
9,26,0.3479,0.34615,9; 29; 20; 7; 26; 7; 7; 22
8,9,0.34848,0.88889,8; 4; 12; 4; 9; 19; 7; 6
9,10,0.41957,0.9,9; 22; 28; 21; 10; 6; 23; 26
8,42,0.20168,0.19048,8; 10; 21; 10; 42; 10; 13; 5
15,42,0.34849,0.35714,15; 23; 6; 4; 42; 11; 7; 6
16,48,0.36785,0.33333,16; 22; 11; 23; 48; 16; 6; 7
21,64,0.35093,0.32812,21; 15; 11; 22; 64; 6; 4; 9
13,77,0.27805,0.16883,13; 20; 14; 22; 77; 7; 5; 6
11,32,0.37294,0.34375,11; 17; 15; 15; 32; 20; 17; 13
68,77,0.83899,0.88312,68; 7; 9; 7; 77; 4; 6; 6
56,70,0.91773,0.8,56; 9; 13; 8; 70; 8; 8; 8
14,49,0.29161,0.28571,14; 9; 15; 21; 49; 6; 9; 7
23,48,0.49798,0.47917,23; 13; 16; 15; 48; 12; 12; 9
9,53,0.19225,0.16981,9; 27; 16; 11; 53; 8; 8; 10
14,26,0.47526,0.53846,14; 12; 28; 10; 26; 20; 5; 16
18,82,0.36157,0.21951,18; 26; 16; 24; 82; 4; 4; 4
15,64,0.28168,0.23438,15; 24; 10; 3; 64; 9; 6; 10
5,9,0.30832,0.55556,5; 31; 20; 16; 9; 28; 12; 12
30,32,0.78997,0.9375,30; 21; 6; 11; 32; 11; 5; 5
60,70,0.94022,0.85714,60; 12; 7; 4; 70; 5; 9; 4
8,63,0.14144,0.12698,8; 19; 5; 15; 63; 11; 3; 6
32,64,0.53343,0.5,32; 18; 18; 17; 64; 3; 6; 11
40,53,0.77263,0.75472,40; 5; 9; 3; 53; 5; 8; 11
7,9,0.35591,0.77778,7; 10; 11; 22; 9; 15; 9; 13
7,9,0.35911,0.77778,7; 17; 9; 27; 9; 5; 14; 21
52,63,0.86087,0.8254,52; 15; 9; 15; 63; 4; 7; 4
31,53,0.5904,0.58491,31; 5; 21; 13; 53; 8; 14; 12
13,26,0.53413,0.5,13; 22; 4; 11; 26; 10; 21; 20
50,75,0.79344,0.66667,50; 13; 5; 13; 75; 5; 6; 5
17,32,0.57232,0.53125,17; 14; 18; 22; 32; 19; 18; 21
46,64,0.77937,0.71875,46; 15; 11; 7; 64; 10; 11; 7
69,82,0.78018,0.84146,69; 6; 8; 3; 82; 4; 3; 4
6,9,0.34738,0.66667,6; 20; 8; 16; 9; 8; 15; 7
77,82,0.70992,0.93902,77; 4; 3; 7; 82; 4; 4; 5
26,31,0.77105,0.83871,26; 8; 17; 12; 31; 10; 9; 6
20,70,0.32918,0.28571,20; 16; 13; 20; 70; 9; 6; 3
22,42,0.49463,0.52381,22; 11; 21; 19; 42; 14; 15; 9
41,64,0.68415,0.64062,41; 13; 7; 11; 64; 8; 4; 8
43,48,0.82437,0.89583,43; 3; 8; 3; 48; 12; 6; 5
43,75,0.68499,0.57333,43; 4; 9; 12; 75; 4; 5; 6
7,53,0.15708,0.13208,7; 10; 4; 4; 53; 12; 11; 11
62,70,0.94854,0.88571,62; 7; 12; 10; 70; 9; 3; 4
9,32,0.27936,0.28125,9; 9; 9; 23; 32; 7; 8; 15
21,77,0.40413,0.27273,21; 7; 22; 12; 77; 5; 6; 4
30,70,0.49852,0.42857,30; 12; 6; 6; 70; 5; 5; 4
7,9,0.38855,0.77778,7; 11; 16; 19; 9; 17; 25; 6
28,82,0.46645,0.34146,28; 22; 15; 6; 82; 3; 4; 4
9,49,0.21587,0.18367,9; 5; 11; 21; 49; 4; 8; 10
51,82,0.7934,0.62195,51; 12; 9; 11; 82; 4; 5; 5
18,77,0.37196,0.23377,18; 24; 14; 4; 77; 3; 5; 3
26,75,0.44615,0.34667,26; 18; 8; 16; 75; 4; 3; 6
78,82,0.75215,0.95122,78; 3; 6; 4; 82; 4; 4; 4
38,63,0.61492,0.60317,38; 11; 8; 3; 63; 5; 5; 8
8,10,0.42653,0.8,8; 9; 26; 9; 10; 10; 10; 3
7,9,0.36583,0.77778,7; 26; 29; 5; 9; 11; 18; 6
30,53,0.59246,0.56604,30; 4; 21; 11; 53; 8; 15; 11
7,10,0.43539,0.7,7; 28; 25; 17; 10; 4; 18; 15
7,26,0.29348,0.26923,7; 10; 28; 13; 26; 14; 21; 14
13,32,0.41829,0.40625,13; 13; 16; 17; 32; 14; 10; 5
39,77,0.61602,0.50649,39; 18; 14; 14; 77; 3; 4; 6
5,9,0.27573,0.55556,5; 7; 19; 5; 9; 26; 6; 7
76,82,0.68324,0.92683,76; 6; 7; 4; 82; 5; 3; 5
20,26,0.71952,0.76923,20; 4; 6; 16; 26; 14; 8; 16
15,49,0.3238,0.30612,15; 10; 16; 16; 49; 13; 11; 7
55,82,0.87606,0.67073,55; 4; 10; 14; 82; 3; 5; 3
22,70,0.38116,0.31429,22; 20; 4; 24; 70; 7; 4; 4
21,64,0.37455,0.32812,21; 24; 25; 14; 64; 10; 7; 5
48,78,0.75807,0.61538,48; 11; 9; 11; 78; 4; 6; 6
44,63,0.73779,0.69841,44; 7; 15; 9; 63; 6; 3; 8
5,9,0.26168,0.55556,5; 25; 11; 13; 9; 20; 11; 14
13,70,0.22912,0.18571,13; 12; 14; 16; 70; 7; 4; 5
9,26,0.35372,0.34615,9; 16; 12; 9; 26; 23; 16; 13
68,78,0.80116,0.87179,68; 10; 7; 8; 78; 3; 6; 4
34,77,0.55075,0.44156,34; 13; 9; 7; 77; 7; 6; 5
9,31,0.30436,0.29032,9; 19; 24; 23; 31; 6; 14; 17
22,53,0.45589,0.41509,22; 9; 12; 3; 53; 15; 8; 8
53,64,0.87398,0.82812,53; 7; 3; 13; 64; 7; 4; 7
36,63,0.64121,0.57143,36; 5; 8; 10; 63; 4; 5; 6
27,48,0.56489,0.5625,27; 18; 22; 3; 48; 6; 14; 15
34,48,0.70759,0.70833,34; 12; 7; 18; 48; 11; 13; 9
21,31,0.65205,0.67742,21; 24; 19; 7; 31; 19; 8; 9
20,70,0.31906,0.28571,20; 3; 6; 7; 70; 3; 3; 4
51,63,0.8852,0.80952,51; 6; 14; 14; 63; 9; 7; 8
23,31,0.71333,0.74194,23; 8; 15; 19; 31; 22; 21; 14
24,31,0.72777,0.77419,24; 6; 24; 20; 31; 20; 21; 18
12,31,0.39732,0.3871,12; 4; 11; 22; 31; 7; 18; 18
5,9,0.29379,0.55556,5; 13; 22; 20; 9; 23; 10; 14
55,82,0.80804,0.67073,55; 11; 10; 12; 82; 5; 5; 3
20,53,0.37924,0.37736,20; 25; 22; 5; 53; 3; 12; 5
32,63,0.54032,0.50794,32; 3; 14; 17; 63; 4; 11; 7
40,49,0.79143,0.81633,40; 17; 10; 19; 49; 3; 8; 11
8,9,0.36202,0.88889,8; 29; 25; 23; 9; 28; 9; 15
20,78,0.38091,0.25641,20; 26; 18; 26; 78; 6; 6; 3
41,42,0.86031,0.97619,41; 19; 14; 5; 42; 9; 3; 7
14,77,0.28911,0.18182,14; 25; 4; 13; 77; 5; 4; 6
30,31,0.79071,0.96774,30; 14; 15; 9; 31; 8; 10; 19
14,63,0.24771,0.22222,14; 7; 10; 5; 63; 5; 7; 9
5,48,0.09189,0.10417,5; 16; 30; 18; 48; 15; 14; 3
47,78,0.75636,0.60256,47; 11; 5; 4; 78; 4; 6; 4
5,10,0.30875,0.5,5; 30; 18; 31; 10; 12; 3; 11
21,32,0.69569,0.65625,21; 9; 20; 3; 32; 13; 8; 18
40,42,0.8814,0.95238,40; 8; 13; 3; 42; 16; 16; 18
29,49,0.61915,0.59184,29; 13; 12; 6; 49; 6; 7; 7
9,70,0.16437,0.12857,9; 23; 8; 25; 70; 9; 4; 5
26,49,0.51359,0.53061,26; 12; 14; 13; 49; 3; 7; 5
6,10,0.34567,0.6,6; 24; 24; 11; 10; 13; 28; 27
44,48,0.84649,0.91667,44; 10; 6; 18; 48; 12; 4; 8
15,78,0.30843,0.19231,15; 11; 7; 12; 78; 5; 5; 5
6,10,0.32229,0.6,6; 28; 17; 11; 10; 8; 16; 16
14,26,0.52218,0.53846,14; 13; 22; 8; 26; 13; 16; 12
20,31,0.6352,0.64516,20; 4; 15; 7; 31; 5; 19; 22
24,63,0.41896,0.38095,24; 7; 14; 10; 63; 11; 11; 3
37,53,0.75298,0.69811,37; 8; 6; 3; 53; 13; 14; 10
11,48,0.2527,0.22917,11; 26; 4; 20; 48; 8; 16; 5
7,10,0.39037,0.7,7; 15; 8; 7; 10; 4; 17; 27
6,10,0.32823,0.6,6; 25; 10; 23; 10; 24; 9; 22
6,49,0.13222,0.12245,6; 20; 25; 8; 49; 4; 8; 4
25,53,0.50988,0.4717,25; 24; 6; 10; 53; 15; 8; 12
52,82,0.8024,0.63415,52; 10; 3; 12; 82; 5; 5; 4
75,78,0.77784,0.96154,75; 4; 4; 4; 78; 3; 6; 3
6,9,0.35176,0.66667,6; 27; 5; 11; 9; 14; 4; 14
5,26,0.2121,0.19231,5; 23; 9; 25; 26; 8; 17; 16
75,82,0.81183,0.91463,75; 5; 3; 7; 82; 5; 3; 4
5,48,0.10129,0.10417,5; 8; 28; 3; 48; 16; 10; 11
51,75,0.76549,0.68,51; 14; 15; 9; 75; 5; 6; 6
59,75,0.86683,0.78667,59; 5; 6; 11; 75; 4; 4; 4
30,53,0.57441,0.56604,30; 21; 3; 10; 53; 8; 13; 9
63,75,0.90346,0.84,63; 3; 4; 11; 75; 7; 7; 6
62,78,0.86573,0.79487,62; 8; 10; 7; 78; 5; 6; 4
39,77,0.64665,0.50649,39; 11; 18; 10; 77; 4; 4; 3
8,9,0.35581,0.88889,8; 27; 26; 18; 9; 26; 23; 28
5,26,0.22985,0.19231,5; 25; 23; 31; 26; 4; 5; 7
46,82,0.63976,0.56098,46; 11; 6; 13; 82; 3; 3; 5
19,82,0.40398,0.23171,19; 16; 8; 13; 82; 4; 3; 3
69,70,0.8923,0.98571,69; 6; 5; 3; 70; 4; 7; 5
5,32,0.21397,0.15625,5; 22; 17; 23; 32; 14; 8; 12
16,48,0.35299,0.33333,16; 8; 11; 21; 48; 16; 15; 7
16,26,0.59798,0.61538,16; 18; 9; 12; 26; 8; 21; 21
55,75,0.87768,0.73333,55; 7; 8; 8; 75; 5; 7; 4
59,78,0.8283,0.75641,59; 8; 12; 9; 78; 6; 3; 3
5,9,0.32009,0.55556,5; 17; 23; 6; 9; 20; 21; 28
19,64,0.3371,0.29688,19; 13; 8; 7; 64; 5; 10; 11
29,75,0.51126,0.38667,29; 17; 6; 21; 75; 6; 4; 5
27,31,0.74658,0.87097,27; 5; 12; 4; 31; 22; 15; 12
6,64,0.10432,0.09375,6; 9; 18; 20; 64; 5; 7; 7
60,70,0.94366,0.85714,60; 10; 5; 11; 70; 5; 8; 4
38,48,0.81003,0.79167,38; 15; 14; 18; 48; 3; 11; 5
40,53,0.74397,0.75472,40; 6; 16; 7; 53; 8; 15; 7
20,32,0.66963,0.625,20; 23; 3; 17; 32; 6; 5; 5
41,42,0.84198,0.97619,41; 16; 17; 17; 42; 17; 15; 7
28,53,0.54414,0.5283,28; 5; 8; 13; 53; 3; 11; 14
56,82,0.79292,0.68293,56; 13; 11; 3; 82; 5; 3; 5
40,64,0.64999,0.625,40; 10; 9; 12; 64; 5; 8; 5
18,70,0.31109,0.25714,18; 3; 6; 6; 70; 4; 3; 3
9,10,0.44188,0.9,9; 4; 28; 21; 10; 11; 21; 19
7,42,0.21167,0.16667,7; 17; 12; 6; 42; 7; 3; 15
69,82,0.77009,0.84146,69; 7; 8; 7; 82; 4; 3; 5
30,31,0.77569,0.96774,30; 21; 6; 21; 31; 14; 11; 17
18,32,0.53299,0.5625,18; 23; 19; 23; 32; 7; 21; 9
8,9,0.39364,0.88889,8; 15; 11; 7; 9; 4; 9; 28
8,10,0.42333,0.8,8; 11; 25; 26; 10; 4; 20; 12
16,63,0.28134,0.25397,16; 7; 27; 5; 63; 3; 10; 6
30,77,0.50503,0.38961,30; 4; 15; 10; 77; 3; 5; 4
24,75,0.43034,0.32,24; 21; 7; 22; 75; 4; 7; 5
63,82,0.86029,0.76829,63; 5; 10; 3; 82; 5; 5; 3
12,42,0.29624,0.28571,12; 19; 5; 9; 42; 10; 8; 16
12,64,0.18621,0.1875,12; 13; 21; 4; 64; 6; 3; 9
48,49,0.81893,0.97959,48; 8; 13; 16; 49; 5; 7; 12
62,64,0.9051,0.96875,62; 4; 9; 3; 64; 9; 11; 7
20,70,0.36776,0.28571,20; 5; 22; 21; 70; 8; 9; 4
74,75,0.7977,0.98667,74; 5; 7; 4; 75; 4; 6; 7
13,63,0.23996,0.20635,13; 11; 18; 22; 63; 6; 6; 8
11,31,0.35713,0.35484,11; 23; 11; 23; 31; 16; 16; 3
23,26,0.79061,0.88462,23; 16; 24; 16; 26; 18; 7; 20
30,31,0.80312,0.96774,30; 20; 21; 22; 31; 6; 14; 13
8,64,0.14543,0.125,8; 26; 16; 12; 64; 6; 8; 9
11,77,0.23142,0.14286,11; 7; 29; 26; 77; 6; 4; 3
23,26,0.7409,0.88462,23; 8; 22; 25; 26; 11; 9; 24
51,53,0.87306,0.96226,51; 4; 10; 6; 53; 13; 6; 12
23,75,0.434,0.30667,23; 23; 24; 7; 75; 5; 7; 7
27,42,0.60205,0.64286,27; 5; 10; 16; 42; 7; 12; 6
10,48,0.22324,0.20833,10; 15; 26; 27; 48; 5; 9; 15
43,49,0.79976,0.87755,43; 14; 17; 11; 49; 14; 3; 3
26,32,0.76848,0.8125,26; 23; 8; 20; 32; 18; 4; 8
61,77,0.86139,0.79221,61; 4; 5; 9; 77; 7; 3; 7
5,9,0.29548,0.55556,5; 8; 14; 9; 9; 29; 14; 17
7,9,0.37818,0.77778,7; 20; 7; 15; 9; 13; 16; 13
34,42,0.8063,0.80952,34; 7; 5; 3; 42; 16; 5; 6
13,32,0.40364,0.40625,13; 21; 20; 20; 32; 11; 18; 15
76,82,0.69755,0.92683,76; 5; 7; 5; 82; 3; 4; 3
39,49,0.76484,0.79592,39; 7; 9; 5; 49; 10; 10; 7
7,9,0.39499,0.77778,7; 5; 11; 5; 9; 14; 21; 27
6,42,0.16656,0.14286,6; 22; 4; 9; 42; 12; 10; 18
16,26,0.60151,0.61538,16; 16; 22; 21; 26; 7; 12; 15
50,70,0.79335,0.71429,50; 4; 15; 6; 70; 6; 8; 4
47,63,0.80935,0.74603,47; 6; 7; 13; 63; 10; 10; 4
52,63,0.89886,0.8254,52; 14; 12; 10; 63; 4; 10; 10
34,48,0.74032,0.70833,34; 12; 5; 3; 48; 7; 13; 5
64,70,0.95029,0.91429,64; 5; 7; 7; 70; 8; 4; 3
21,31,0.62988,0.67742,21; 25; 5; 21; 31; 9; 11; 21
27,63,0.4804,0.42857,27; 5; 20; 8; 63; 6; 6; 5
23,53,0.47132,0.43396,23; 19; 6; 25; 53; 3; 3; 4
8,26,0.29079,0.30769,8; 24; 15; 21; 26; 11; 14; 8
15,49,0.31233,0.30612,15; 5; 18; 23; 49; 4; 4; 14
52,77,0.76595,0.67532,52; 10; 11; 14; 77; 5; 5; 7
41,70,0.66454,0.58571,41; 14; 9; 14; 70; 8; 7; 6
15,82,0.30009,0.18293,15; 3; 8; 17; 82; 5; 3; 4
6,26,0.26434,0.23077,6; 19; 5; 6; 26; 10; 4; 22
26,82,0.44685,0.31707,26; 16; 13; 4; 82; 3; 5; 4
9,32,0.29551,0.28125,9; 26; 23; 10; 32; 3; 4; 4
17,49,0.34471,0.34694,17; 3; 17; 8; 49; 13; 6; 5
54,63,0.92651,0.85714,54; 6; 11; 9; 63; 5; 8; 3
52,63,0.87617,0.8254,52; 9; 3; 6; 63; 4; 3; 5
67,77,0.8462,0.87013,67; 7; 10; 3; 77; 3; 4; 5
7,10,0.37778,0.7,7; 26; 15; 7; 10; 23; 28; 4
27,77,0.48205,0.35065,27; 16; 5; 16; 77; 5; 7; 4
31,77,0.52301,0.4026,31; 9; 11; 17; 77; 5; 3; 6
8,10,0.43783,0.8,8; 12; 18; 3; 10; 19; 8; 3
16,82,0.31636,0.19512,16; 12; 8; 6; 82; 5; 5; 5
44,49,0.80689,0.89796,44; 18; 14; 10; 49; 6; 7; 14
27,48,0.54737,0.5625,27; 11; 17; 9; 48; 3; 9; 14
53,77,0.78459,0.68831,53; 9; 12; 11; 77; 5; 3; 6
50,82,0.67545,0.60976,50; 11; 5; 8; 82; 4; 3; 4
42,70,0.69479,0.6,42; 7; 6; 15; 70; 7; 8; 8
17,82,0.33383,0.20732,17; 4; 9; 25; 82; 4; 3; 4
8,9,0.36614,0.88889,8; 24; 20; 17; 9; 5; 14; 24
43,70,0.69476,0.61429,43; 11; 6; 3; 70; 8; 8; 9
10,42,0.28629,0.2381,10; 21; 5; 11; 42; 12; 7; 11
6,49,0.13027,0.12245,6; 3; 18; 3; 49; 11; 5; 5
18,26,0.65081,0.69231,18; 10; 15; 5; 26; 16; 12; 21
31,53,0.57244,0.58491,31; 4; 20; 20; 53; 9; 15; 8
45,53,0.82407,0.84906,45; 12; 10; 8; 53; 13; 4; 5
23,42,0.49581,0.54762,23; 13; 24; 4; 42; 9; 11; 8
7,9,0.36127,0.77778,7; 11; 10; 4; 9; 17; 28; 8
56,75,0.8964,0.74667,56; 4; 7; 4; 75; 3; 6; 6
8,9,0.37047,0.88889,8; 23; 12; 19; 9; 23; 19; 17
41,75,0.62738,0.54667,41; 14; 17; 11; 75; 6; 3; 6
6,9,0.33223,0.66667,6; 13; 14; 28; 9; 7; 25; 17
40,53,0.78048,0.75472,40; 13; 18; 8; 53; 8; 4; 15
29,75,0.50487,0.38667,29; 23; 21; 18; 75; 5; 7; 5
44,53,0.80505,0.83019,44; 6; 13; 17; 53; 6; 10; 11
5,9,0.30592,0.55556,5; 31; 25; 20; 9; 17; 26; 28
6,10,0.36604,0.6,6; 20; 18; 10; 10; 5; 11; 19
62,75,0.89894,0.82667,62; 9; 9; 8; 75; 7; 7; 4
30,32,0.80058,0.9375,30; 19; 15; 11; 32; 18; 6; 3
36,70,0.60978,0.51429,36; 20; 10; 19; 70; 8; 9; 5
6,42,0.13848,0.14286,6; 8; 22; 28; 42; 5; 18; 5
10,26,0.3752,0.38462,10; 23; 28; 18; 26; 16; 14; 16
68,78,0.74331,0.87179,68; 4; 8; 6; 78; 3; 6; 4
7,10,0.38411,0.7,7; 29; 9; 7; 10; 11; 28; 26
57,77,0.88123,0.74026,57; 3; 8; 3; 77; 6; 6; 4
25,42,0.61904,0.59524,25; 8; 16; 15; 42; 18; 3; 12
18,31,0.55085,0.58065,18; 14; 13; 18; 31; 18; 17; 14
21,31,0.69648,0.67742,21; 24; 16; 8; 31; 4; 4; 20
9,70,0.18616,0.12857,9; 28; 7; 12; 70; 9; 8; 6
20,26,0.8145,0.76923,20; 4; 12; 25; 26; 24; 21; 20
17,49,0.3608,0.34694,17; 25; 12; 3; 49; 13; 15; 14
13,31,0.44682,0.41935,13; 10; 19; 12; 31; 19; 5; 5
15,53,0.29139,0.28302,15; 12; 20; 10; 53; 13; 15; 10
59,78,0.83869,0.75641,59; 9; 10; 6; 78; 6; 3; 6
7,9,0.34247,0.77778,7; 16; 12; 20; 9; 21; 15; 26
8,9,0.40115,0.88889,8; 5; 12; 8; 9; 20; 24; 27
18,26,0.58039,0.69231,18; 6; 7; 17; 26; 22; 21; 3
24,82,0.45115,0.29268,24; 14; 8; 3; 82; 4; 5; 3
37,49,0.73709,0.7551,37; 12; 15; 12; 49; 10; 4; 7
34,77,0.54202,0.44156,34; 20; 15; 9; 77; 3; 3; 5
33,42,0.70579,0.78571,33; 4; 14; 5; 42; 10; 7; 17
28,82,0.47481,0.34146,28; 13; 23; 8; 82; 4; 4; 3
15,26,0.57091,0.57692,15; 11; 11; 7; 26; 6; 17; 18
29,49,0.6102,0.59184,29; 13; 16; 14; 49; 14; 13; 14
20,53,0.37744,0.37736,20; 22; 12; 13; 53; 6; 14; 13
44,64,0.72195,0.6875,44; 6; 10; 16; 64; 5; 4; 8
36,63,0.5818,0.57143,36; 12; 12; 7; 63; 7; 5; 10
12,82,0.28003,0.14634,12; 16; 11; 28; 82; 5; 5; 3
12,64,0.23486,0.1875,12; 14; 23; 16; 64; 10; 9; 8
7,10,0.37123,0.7,7; 16; 16; 20; 10; 25; 16; 12
5,32,0.1867,0.15625,5; 18; 28; 25; 32; 21; 21; 22
61,75,0.88694,0.81333,61; 8; 3; 9; 75; 6; 6; 3
28,32,0.78868,0.875,28; 4; 4; 3; 32; 19; 5; 11
22,75,0.38991,0.29333,22; 14; 7; 10; 75; 5; 5; 6
44,64,0.74806,0.6875,44; 9; 13; 10; 64; 7; 10; 11
35,42,0.88527,0.83333,35; 18; 9; 13; 42; 15; 17; 9
7,42,0.16106,0.16667,7; 13; 22; 15; 42; 14; 18; 7
35,53,0.72964,0.66038,35; 13; 19; 17; 53; 6; 4; 15
6,10,0.31536,0.6,6; 21; 29; 15; 10; 22; 20; 29
38,49,0.80769,0.77551,38; 13; 11; 12; 49; 16; 14; 12
21,31,0.66199,0.67742,21; 24; 18; 25; 31; 4; 21; 14
6,31,0.25405,0.19355,6; 12; 11; 14; 31; 17; 14; 19
6,10,0.31759,0.6,6; 28; 26; 30; 10; 9; 11; 4
73,77,0.87987,0.94805,73; 4; 5; 5; 77; 3; 3; 4
36,64,0.61657,0.5625,36; 3; 12; 7; 64; 10; 4; 9
43,48,0.84015,0.89583,43; 18; 18; 13; 48; 14; 3; 11
55,64,0.9186,0.85938,55; 10; 6; 8; 64; 7; 6; 11
9,77,0.19675,0.11688,9; 21; 9; 6; 77; 4; 4; 5
38,75,0.62328,0.50667,38; 20; 3; 14; 75; 7; 5; 7
11,31,0.39593,0.35484,11; 17; 22; 8; 31; 5; 22; 4
8,26,0.32569,0.30769,8; 24; 28; 13; 26; 11; 6; 10
43,82,0.66405,0.52439,43; 5; 16; 18; 82; 3; 4; 3
7,10,0.39402,0.7,7; 22; 27; 9; 10; 24; 28; 12
43,64,0.68621,0.67188,43; 3; 6; 18; 64; 9; 11; 8
49,70,0.82389,0.7,49; 8; 5; 8; 70; 9; 4; 8
12,48,0.2565,0.25,12; 18; 26; 8; 48; 11; 6; 12
55,63,0.9378,0.87302,55; 7; 11; 14; 63; 3; 10; 6
24,32,0.7332,0.75,24; 19; 4; 20; 32; 20; 22; 9
7,9,0.36135,0.77778,7; 22; 20; 14; 9; 6; 10; 18
16,32,0.52849,0.5,16; 17; 3; 11; 32; 13; 18; 8
7,31,0.24187,0.22581,7; 6; 17; 25; 31; 5; 22; 7
22,53,0.42175,0.41509,22; 3; 25; 12; 53; 8; 15; 11
13,31,0.44396,0.41935,13; 16; 17; 16; 31; 6; 11; 8
10,75,0.21103,0.13333,10; 13; 16; 15; 75; 3; 5; 6
29,78,0.4936,0.37179,29; 8; 3; 11; 78; 4; 4; 4
41,49,0.76634,0.83673,41; 18; 6; 12; 49; 6; 6; 16
33,70,0.55842,0.47143,33; 14; 7; 16; 70; 3; 4; 5
36,53,0.72941,0.67925,36; 9; 16; 19; 53; 7; 7; 11
19,63,0.33282,0.30159,19; 24; 17; 26; 63; 4; 5; 11
18,63,0.29118,0.28571,18; 8; 6; 19; 63; 4; 10; 5
14,63,0.23235,0.22222,14; 6; 10; 4; 63; 11; 9; 10
7,9,0.35598,0.77778,7; 19; 12; 30; 9; 21; 19; 26
59,63,0.96153,0.93651,59; 13; 5; 7; 63; 8; 3; 10
6,9,0.31403,0.66667,6; 16; 16; 24; 9; 16; 15; 15
7,49,0.12848,0.14286,7; 16; 29; 11; 49; 16; 16; 6
29,31,0.76447,0.93548,29; 13; 10; 19; 31; 18; 11; 8
75,77,0.8451,0.97403,75; 3; 5; 4; 77; 4; 3; 3
8,10,0.42855,0.8,8; 19; 27; 25; 10; 26; 10; 11
16,49,0.35928,0.32653,16; 20; 20; 16; 49; 10; 3; 16
76,78,0.76159,0.97436,76; 4; 7; 5; 78; 4; 4; 4
58,70,0.91485,0.82857,58; 10; 11; 3; 70; 9; 9; 9
14,75,0.26217,0.18667,14; 22; 9; 4; 75; 6; 6; 3
9,42,0.2067,0.21429,9; 3; 17; 4; 42; 9; 17; 13
17,32,0.51988,0.53125,17; 8; 20; 3; 32; 3; 18; 19
23,70,0.41629,0.32857,23; 5; 24; 4; 70; 6; 9; 7
27,31,0.73087,0.87097,27; 12; 6; 23; 31; 6; 9; 14
10,49,0.22918,0.20408,10; 27; 27; 20; 49; 6; 13; 4
71,82,0.82856,0.86585,71; 7; 9; 8; 82; 3; 3; 4
44,82,0.678,0.53659,44; 16; 18; 11; 82; 5; 5; 3
26,78,0.4649,0.33333,26; 15; 23; 16; 78; 3; 5; 4
41,53,0.75655,0.77358,41; 9; 4; 15; 53; 9; 5; 13
74,77,0.73233,0.96104,74; 8; 3; 7; 77; 3; 6; 5
7,9,0.36051,0.77778,7; 23; 21; 20; 9; 28; 27; 5
17,32,0.507,0.53125,17; 21; 3; 17; 32; 4; 17; 14
25,32,0.73865,0.78125,25; 12; 6; 13; 32; 19; 7; 17
26,32,0.71306,0.8125,26; 16; 17; 12; 32; 20; 3; 17
22,78,0.4334,0.28205,22; 19; 16; 5; 78; 4; 4; 5
56,77,0.87183,0.72727,56; 13; 5; 6; 77; 5; 3; 4
15,31,0.45002,0.48387,15; 12; 12; 16; 31; 6; 18; 20
8,9,0.39203,0.88889,8; 14; 6; 7; 9; 9; 25; 21
55,75,0.84,0.73333,55; 9; 5; 13; 75; 5; 3; 7
6,9,0.32988,0.66667,6; 29; 12; 23; 9; 16; 19; 19
25,82,0.32224,0.30488,25; 8; 14; 12; 82; 5; 5; 4
9,82,0.2155,0.10976,9; 17; 27; 7; 82; 4; 5; 4
47,75,0.78032,0.62667,47; 10; 9; 16; 75; 6; 5; 4
30,49,0.60373,0.61224,30; 3; 15; 6; 49; 4; 16; 6
20,64,0.33399,0.3125,20; 23; 20; 3; 64; 7; 7; 9
7,26,0.28391,0.26923,7; 14; 16; 16; 26; 20; 18; 18
69,78,0.77893,0.88462,69; 3; 9; 5; 78; 5; 5; 6
28,32,0.77145,0.875,28; 4; 22; 12; 32; 8; 9; 14
11,26,0.43068,0.42308,11; 14; 8; 4; 26; 10; 13; 3
15,53,0.27668,0.28302,15; 11; 5; 19; 53; 3; 4; 3
23,82,0.44726,0.28049,23; 21; 14; 20; 82; 4; 3; 4
17,31,0.54447,0.54839,17; 17; 3; 23; 31; 20; 7; 9
33,77,0.58517,0.42857,33; 11; 9; 7; 77; 7; 6; 7
49,63,0.7972,0.77778,49; 5; 5; 16; 63; 9; 7; 9
20,48,0.41073,0.41667,20; 8; 18; 7; 48; 4; 11; 12
43,77,0.67751,0.55844,43; 4; 10; 4; 77; 7; 4; 3
9,70,0.188,0.12857,9; 4; 13; 16; 70; 5; 7; 3
36,53,0.70249,0.67925,36; 13; 17; 6; 53; 8; 8; 8
8,9,0.41034,0.88889,8; 24; 11; 12; 9; 18; 10; 7
24,75,0.43217,0.32,24; 22; 11; 12; 75; 6; 5; 6
62,63,0.91912,0.98413,62; 7; 7; 6; 63; 11; 6; 11
44,64,0.71921,0.6875,44; 6; 5; 4; 64; 3; 9; 6
28,42,0.6206,0.66667,28; 15; 11; 18; 42; 4; 12; 11
17,70,0.28303,0.24286,17; 17; 10; 21; 70; 9; 9; 8
7,9,0.28556,0.77778,7; 19; 12; 30; 9; 27; 4; 22
71,78,0.9111,0.91026,71; 9; 7; 4; 78; 4; 3; 6
19,77,0.34711,0.24675,19; 10; 21; 20; 77; 3; 6; 5
7,10,0.38369,0.7,7; 20; 18; 29; 10; 12; 12; 13
5,31,0.18673,0.16129,5; 4; 23; 11; 31; 22; 20; 5
46,64,0.79371,0.71875,46; 3; 8; 13; 64; 11; 4; 3
22,77,0.42933,0.28571,22; 20; 5; 25; 77; 5; 7; 6
73,82,0.86488,0.89024,73; 8; 5; 5; 82; 5; 3; 3
7,9,0.33692,0.77778,7; 11; 6; 13; 9; 16; 22; 10
9,63,0.17928,0.14286,9; 24; 26; 4; 63; 7; 5; 11
42,48,0.83888,0.875,42; 14; 10; 5; 48; 12; 3; 3
20,32,0.63771,0.625,20; 11; 22; 17; 32; 7; 19; 3
40,42,0.88269,0.95238,40; 13; 9; 6; 42; 15; 18; 6
8,9,0.37172,0.88889,8; 16; 3; 17; 9; 20; 7; 29
21,42,0.53299,0.5,21; 12; 5; 19; 42; 12; 4; 6
26,53,0.49105,0.49057,26; 11; 21; 13; 53; 5; 13; 4
6,9,0.30863,0.66667,6; 15; 18; 8; 9; 28; 10; 26
20,64,0.35069,0.3125,20; 9; 18; 13; 64; 4; 6; 6
8,9,0.4019,0.88889,8; 17; 23; 18; 9; 19; 29; 15
15,32,0.44634,0.46875,15; 25; 14; 11; 32; 22; 3; 18
46,49,0.81333,0.93878,46; 12; 12; 14; 49; 7; 6; 4
21,42,0.50092,0.5,21; 21; 15; 12; 42; 18; 8; 11
15,48,0.34152,0.3125,15; 16; 17; 27; 48; 8; 8; 8
7,42,0.16494,0.16667,7; 29; 16; 15; 42; 18; 16; 13
56,70,0.90558,0.8,56; 9; 4; 14; 70; 9; 4; 4
32,48,0.63968,0.66667,32; 14; 16; 14; 48; 4; 3; 5
23,70,0.40777,0.32857,23; 21; 14; 15; 70; 6; 5; 9
18,75,0.33195,0.24,18; 11; 21; 13; 75; 5; 6; 4
68,75,0.84489,0.90667,68; 7; 3; 6; 75; 3; 7; 4
8,32,0.28661,0.25,8; 30; 21; 10; 32; 13; 22; 20
21,53,0.42471,0.39623,21; 11; 23; 19; 53; 12; 10; 13
66,78,0.8069,0.84615,66; 5; 8; 4; 78; 6; 6; 5
19,31,0.58883,0.6129,19; 24; 12; 5; 31; 3; 15; 22
13,48,0.27452,0.27083,13; 27; 6; 9; 48; 8; 14; 12
7,10,0.37787,0.7,7; 13; 8; 16; 10; 26; 24; 29
34,70,0.57226,0.48571,34; 6; 20; 7; 70; 5; 4; 7
8,70,0.17439,0.11429,8; 16; 15; 9; 70; 7; 7; 5
17,32,0.49782,0.53125,17; 27; 19; 25; 32; 21; 21; 12
50,70,0.81197,0.71429,50; 11; 11; 9; 70; 5; 8; 5
38,42,0.87117,0.90476,38; 4; 7; 3; 42; 10; 10; 14
43,48,0.80779,0.89583,43; 12; 14; 6; 48; 3; 6; 5
60,63,0.96455,0.95238,60; 8; 3; 3; 63; 6; 4; 9
42,75,0.67093,0.56,42; 10; 11; 4; 75; 6; 3; 3
15,75,0.28304,0.2,15; 13; 13; 13; 75; 7; 3; 6
70,78,0.80852,0.89744,70; 4; 7; 6; 78; 4; 4; 5
8,31,0.26652,0.25806,8; 25; 12; 26; 31; 6; 22; 11
58,78,0.85201,0.74359,58; 10; 5; 5; 78; 3; 3; 3
70,77,0.76092,0.90909,70; 6; 9; 4; 77; 7; 4; 5
72,77,0.77039,0.93506,72; 4; 8; 8; 77; 5; 5; 7
25,26,0.73119,0.96154,25; 21; 11; 15; 26; 21; 17; 22
29,78,0.4761,0.37179,29; 17; 18; 15; 78; 6; 5; 5
76,77,0.80175,0.98701,76; 5; 3; 4; 77; 6; 3; 5
19,63,0.30859,0.30159,19; 5; 24; 11; 63; 11; 7; 7
6,9,0.32994,0.66667,6; 29; 13; 30; 9; 6; 9; 27
44,70,0.72041,0.62857,44; 15; 3; 9; 70; 9; 4; 5
17,49,0.31671,0.34694,17; 3; 23; 17; 49; 14; 10; 15
45,49,0.77972,0.91837,45; 12; 6; 6; 49; 3; 6; 4
6,32,0.19099,0.1875,6; 3; 7; 16; 32; 3; 8; 18
14,32,0.42225,0.4375,14; 26; 15; 10; 32; 6; 4; 22
57,82,0.86595,0.69512,57; 5; 9; 11; 82; 3; 3; 5
29,82,0.50707,0.35366,29; 19; 21; 8; 82; 5; 5; 5
15,31,0.49804,0.48387,15; 26; 20; 10; 31; 15; 3; 13
22,82,0.4281,0.26829,22; 10; 21; 22; 82; 3; 3; 3
52,78,0.86821,0.66667,52; 15; 14; 11; 78; 4; 4; 6
58,78,0.84905,0.74359,58; 8; 9; 4; 78; 4; 6; 6
54,64,0.88422,0.84375,54; 14; 3; 13; 64; 7; 6; 6
8,10,0.39771,0.8,8; 20; 28; 10; 10; 15; 13; 25
13,48,0.27323,0.27083,13; 27; 17; 13; 48; 6; 13; 5
11,49,0.23217,0.22449,11; 26; 12; 14; 49; 6; 7; 12
31,49,0.64014,0.63265,31; 8; 22; 7; 49; 9; 16; 8
6,9,0.34281,0.66667,6; 20; 5; 24; 9; 19; 8; 10
17,26,0.61373,0.65385,17; 14; 8; 12; 26; 14; 16; 7
18,77,0.35245,0.23377,18; 25; 9; 24; 77; 3; 3; 6
47,48,0.80008,0.97917,47; 8; 16; 15; 48; 3; 6; 14
33,70,0.55994,0.47143,33; 6; 9; 21; 70; 5; 4; 8
6,31,0.22304,0.19355,6; 4; 6; 17; 31; 3; 15; 15
6,49,0.13262,0.12245,6; 24; 20; 6; 49; 8; 5; 5
44,53,0.81054,0.83019,44; 6; 14; 12; 53; 3; 15; 10
36,75,0.5937,0.48,36; 18; 9; 10; 75; 4; 3; 3
9,10,0.47515,0.9,9; 25; 21; 27; 10; 23; 7; 23
6,75,0.16332,0.08,6; 6; 30; 5; 75; 6; 7; 4
20,70,0.35065,0.28571,20; 25; 23; 25; 70; 7; 4; 7
27,31,0.72372,0.87097,27; 6; 6; 3; 31; 13; 4; 18
7,48,0.12823,0.14583,7; 12; 12; 3; 48; 10; 3; 9
5,42,0.1382,0.11905,5; 27; 13; 30; 42; 10; 12; 11
27,42,0.61839,0.64286,27; 15; 17; 7; 42; 4; 14; 16
24,49,0.49581,0.4898,24; 8; 23; 7; 49; 7; 4; 11
5,10,0.30673,0.5,5; 16; 3; 18; 10; 18; 23; 9
55,75,0.87191,0.73333,55; 8; 4; 5; 75; 4; 5; 3
44,53,0.80798,0.83019,44; 8; 4; 15; 53; 11; 6; 12
8,64,0.14137,0.125,8; 10; 6; 23; 64; 3; 7; 6
14,42,0.3282,0.33333,14; 26; 12; 3; 42; 17; 6; 11
11,32,0.34047,0.34375,11; 5; 12; 16; 32; 3; 3; 6
26,77,0.4902,0.33766,26; 17; 17; 14; 77; 4; 7; 6
69,70,0.89591,0.98571,69; 5; 4; 3; 70; 4; 4; 7
36,82,0.57897,0.43902,36; 14; 9; 11; 82; 5; 4; 5
66,70,0.89036,0.94286,66; 5; 3; 7; 70; 3; 9; 5
40,49,0.79743,0.81633,40; 12; 16; 18; 49; 14; 15; 14
66,82,0.77185,0.80488,66; 8; 6; 9; 82; 5; 4; 3
58,75,0.87399,0.77333,58; 4; 10; 4; 75; 7; 6; 4
11,26,0.42788,0.42308,11; 28; 6; 25; 26; 3; 3; 9
21,26,0.85683,0.80769,21; 11; 18; 8; 26; 16; 16; 4
17,32,0.48663,0.53125,17; 6; 4; 17; 32; 21; 11; 6
52,63,0.83717,0.8254,52; 4; 11; 3; 63; 3; 5; 10
20,48,0.40458,0.41667,20; 5; 11; 15; 48; 16; 14; 15
38,48,0.81446,0.79167,38; 19; 8; 11; 48; 15; 4; 16
49,78,0.75916,0.62821,49; 6; 5; 3; 78; 4; 6; 6
41,48,0.85841,0.85417,41; 10; 15; 19; 48; 5; 9; 9
24,32,0.71445,0.75,24; 6; 9; 12; 32; 19; 15; 18
47,77,0.7356,0.61039,47; 15; 10; 3; 77; 7; 7; 4
18,31,0.56878,0.58065,18; 9; 7; 25; 31; 9; 7; 20
8,9,0.38918,0.88889,8; 13; 24; 18; 9; 9; 21; 3
36,63,0.65815,0.57143,36; 4; 4; 12; 63; 6; 3; 5
47,63,0.81383,0.74603,47; 12; 7; 5; 63; 4; 9; 7
14,31,0.44723,0.45161,14; 4; 14; 8; 31; 6; 18; 11
52,70,0.83707,0.74286,52; 10; 14; 9; 70; 3; 9; 3
51,70,0.83124,0.72857,51; 8; 15; 10; 70; 9; 9; 6
5,26,0.22989,0.19231,5; 5; 6; 27; 26; 3; 17; 23
7,9,0.33858,0.77778,7; 25; 22; 8; 9; 3; 22; 9
10,48,0.21546,0.20833,10; 24; 27; 10; 48; 14; 12; 9
5,64,0.07974,0.07812,5; 25; 16; 24; 64; 5; 6; 6
74,77,0.74236,0.96104,74; 6; 6; 6; 77; 7; 3; 5
16,26,0.59089,0.61538,16; 11; 6; 14; 26; 22; 17; 14
36,48,0.80768,0.75,36; 20; 4; 20; 48; 7; 14; 12
39,82,0.59864,0.47561,39; 15; 9; 13; 82; 5; 5; 3
26,31,0.74865,0.83871,26; 19; 4; 20; 31; 12; 22; 10
6,64,0.09595,0.09375,6; 23; 9; 10; 64; 7; 9; 9
14,77,0.2868,0.18182,14; 23; 11; 8; 77; 3; 6; 6
30,75,0.53732,0.4,30; 11; 7; 16; 75; 4; 3; 5
36,64,0.63083,0.5625,36; 7; 17; 14; 64; 7; 6; 7
6,9,0.32855,0.66667,6; 10; 12; 5; 9; 6; 25; 24
23,48,0.49161,0.47917,23; 7; 13; 5; 48; 10; 9; 16
11,26,0.40245,0.42308,11; 25; 5; 21; 26; 23; 5; 21
8,9,0.39396,0.88889,8; 29; 3; 17; 9; 13; 8; 24
9,10,0.42154,0.9,9; 7; 23; 13; 10; 5; 29; 27
15,53,0.28558,0.28302,15; 15; 17; 8; 53; 5; 10; 7
5,10,0.2845,0.5,5; 19; 17; 4; 10; 26; 21; 10
15,48,0.31363,0.3125,15; 23; 10; 11; 48; 16; 10; 5
29,82,0.50577,0.35366,29; 14; 15; 8; 82; 4; 4; 3
25,42,0.57716,0.59524,25; 3; 17; 24; 42; 10; 4; 10
28,49,0.5658,0.57143,28; 14; 17; 20; 49; 14; 8; 8
45,70,0.71457,0.64286,45; 15; 12; 12; 70; 4; 3; 6
44,70,0.72504,0.62857,44; 9; 3; 5; 70; 9; 9; 4
18,78,0.34163,0.23077,18; 10; 25; 3; 78; 6; 6; 4
9,63,0.17221,0.14286,9; 25; 29; 20; 63; 3; 11; 6
23,42,0.53149,0.54762,23; 16; 8; 11; 42; 11; 9; 8
5,9,0.30268,0.55556,5; 22; 21; 29; 9; 5; 17; 18
12,63,0.22877,0.19048,12; 6; 14; 11; 63; 7; 3; 8
10,64,0.1866,0.15625,10; 28; 4; 28; 64; 11; 9; 9
53,63,0.88722,0.84127,53; 8; 11; 12; 63; 5; 11; 6
5,9,0.31072,0.55556,5; 4; 31; 23; 9; 8; 4; 19
7,10,0.39844,0.7,7; 20; 29; 8; 10; 15; 8; 24
5,49,0.0888,0.10204,5; 9; 23; 5; 49; 6; 6; 10
37,64,0.63358,0.57812,37; 15; 9; 15; 64; 6; 4; 10
36,82,0.59393,0.43902,36; 17; 13; 13; 82; 3; 5; 4
39,53,0.76773,0.73585,39; 14; 3; 5; 53; 12; 13; 12
6,10,0.37074,0.6,6; 28; 27; 28; 10; 26; 28; 25
22,75,0.40573,0.29333,22; 22; 19; 15; 75; 6; 4; 7
62,82,0.76004,0.7561,62; 5; 10; 10; 82; 5; 5; 3
8,32,0.28693,0.25,8; 30; 28; 11; 32; 22; 19; 18
47,49,0.81055,0.95918,47; 16; 7; 4; 49; 9; 8; 4
7,10,0.37267,0.7,7; 19; 12; 29; 10; 13; 25; 18
49,78,0.74317,0.62821,49; 5; 13; 11; 78; 5; 4; 3
35,48,0.75297,0.72917,35; 18; 7; 10; 48; 11; 9; 7
45,64,0.7731,0.70312,45; 5; 10; 16; 64; 6; 4; 4
52,63,0.86785,0.8254,52; 7; 3; 5; 63; 9; 10; 10
39,64,0.64259,0.60938,39; 11; 12; 4; 64; 10; 7; 3
60,82,0.86283,0.73171,60; 12; 10; 4; 82; 5; 4; 4
24,31,0.76374,0.77419,24; 11; 18; 7; 31; 3; 19; 20
12,48,0.24997,0.25,12; 19; 5; 22; 48; 4; 15; 6
39,42,0.87622,0.92857,39; 12; 10; 4; 42; 18; 4; 12
19,82,0.48847,0.23171,19; 9; 24; 4; 82; 5; 4; 4
28,53,0.54004,0.5283,28; 20; 20; 8; 53; 9; 15; 11
59,64,0.94034,0.92188,59; 11; 10; 6; 64; 9; 10; 3
38,82,0.5724,0.46341,38; 14; 17; 15; 82; 5; 4; 3
67,78,0.85826,0.85897,67; 6; 7; 8; 78; 3; 6; 3
21,32,0.67487,0.65625,21; 4; 24; 12; 32; 22; 17; 13
7,9,0.35527,0.77778,7; 3; 28; 13; 9; 12; 18; 19
57,77,0.88479,0.74026,57; 3; 9; 8; 77; 7; 5; 7
35,70,0.59735,0.5,35; 12; 18; 11; 70; 7; 7; 7
9,26,0.35172,0.34615,9; 5; 3; 19; 26; 17; 11; 16
38,75,0.61468,0.50667,38; 10; 3; 17; 75; 4; 3; 6
29,53,0.58766,0.54717,29; 20; 18; 8; 53; 5; 4; 8
37,70,0.60212,0.52857,37; 11; 16; 5; 70; 7; 7; 9
11,26,0.3892,0.42308,11; 7; 12; 4; 26; 23; 7; 12
61,77,0.84619,0.79221,61; 3; 4; 4; 77; 6; 6; 5
5,42,0.14193,0.11905,5; 25; 14; 8; 42; 4; 16; 16
27,48,0.55391,0.5625,27; 5; 6; 6; 48; 16; 16; 9
46,63,0.77399,0.73016,46; 9; 15; 17; 63; 5; 8; 9
43,75,0.68084,0.57333,43; 15; 16; 7; 75; 5; 3; 6
5,9,0.32864,0.55556,5; 17; 14; 27; 9; 4; 6; 3
18,64,0.31569,0.28125,18; 24; 8; 7; 64; 5; 10; 3
23,26,0.75137,0.88462,23; 20; 19; 18; 26; 21; 23; 4
61,70,0.88721,0.87143,61; 6; 7; 12; 70; 6; 3; 9
61,64,0.94007,0.95312,61; 4; 5; 8; 64; 7; 3; 6
5,9,0.33085,0.55556,5; 3; 22; 10; 9; 20; 4; 5
63,82,0.86443,0.76829,63; 8; 6; 9; 82; 4; 5; 3
66,75,0.83859,0.88,66; 8; 5; 10; 75; 5; 4; 6
11,53,0.24816,0.20755,11; 12; 22; 22; 53; 6; 12; 9
45,48,0.81197,0.9375,45; 11; 17; 3; 48; 13; 15; 8
12,42,0.31202,0.28571,12; 20; 28; 21; 42; 18; 12; 4
16,49,0.33496,0.32653,16; 22; 24; 19; 49; 16; 16; 7
7,82,0.17879,0.08537,7; 17; 30; 23; 82; 5; 3; 5
18,26,0.68307,0.69231,18; 23; 25; 22; 26; 4; 5; 18
60,64,0.92989,0.9375,60; 8; 12; 12; 64; 4; 6; 6
6,9,0.33802,0.66667,6; 29; 10; 8; 9; 11; 8; 9
7,63,0.10535,0.11111,7; 18; 23; 30; 63; 9; 9; 8
32,77,0.51352,0.41558,32; 4; 3; 20; 77; 6; 6; 6
56,64,0.92811,0.875,56; 8; 5; 4; 64; 5; 5; 3
31,70,0.52838,0.44286,31; 18; 20; 5; 70; 3; 6; 9
38,42,0.89918,0.90476,38; 14; 3; 18; 42; 16; 16; 3
33,49,0.71376,0.67347,33; 21; 12; 12; 49; 12; 7; 3
56,63,0.91651,0.88889,56; 5; 7; 12; 63; 5; 11; 5
15,42,0.34488,0.35714,15; 17; 22; 20; 42; 4; 17; 6
11,32,0.35787,0.34375,11; 19; 8; 15; 32; 17; 10; 9
13,32,0.42299,0.40625,13; 8; 9; 27; 32; 10; 22; 6
15,63,0.26914,0.2381,15; 7; 17; 8; 63; 10; 8; 3
8,10,0.39785,0.8,8; 12; 21; 13; 10; 10; 18; 13
26,32,0.72569,0.8125,26; 5; 19; 6; 32; 22; 3; 8
48,49,0.8173,0.97959,48; 16; 5; 4; 49; 16; 11; 9
6,10,0.34162,0.6,6; 5; 19; 14; 10; 20; 17; 10
37,77,0.62169,0.48052,37; 7; 16; 16; 77; 7; 5; 3
5,10,0.33757,0.5,5; 5; 9; 31; 10; 25; 15; 14
33,48,0.70914,0.6875,33; 10; 7; 13; 48; 4; 15; 16
24,64,0.41561,0.375,24; 11; 16; 21; 64; 5; 10; 8
29,48,0.62135,0.60417,29; 21; 3; 9; 48; 12; 13; 11
7,9,0.34881,0.77778,7; 17; 26; 3; 9; 25; 7; 16
9,10,0.43434,0.9,9; 20; 4; 24; 10; 25; 11; 20
26,82,0.45621,0.31707,26; 4; 20; 24; 82; 3; 5; 3
65,75,0.8254,0.86667,65; 4; 3; 8; 75; 4; 5; 5
30,32,0.76205,0.9375,30; 15; 5; 5; 32; 12; 17; 4
41,78,0.66132,0.52564,41; 7; 11; 13; 78; 5; 4; 6
38,77,0.65764,0.49351,38; 10; 19; 15; 77; 3; 4; 6
30,48,0.62013,0.625,30; 12; 12; 13; 48; 6; 3; 15
34,53,0.63721,0.64151,34; 16; 17; 8; 53; 8; 9; 4
22,82,0.40656,0.26829,22; 17; 23; 13; 82; 3; 5; 5
11,26,0.4129,0.42308,11; 16; 9; 11; 26; 6; 19; 21
42,82,0.67315,0.5122,42; 10; 11; 15; 82; 5; 3; 4
36,70,0.61216,0.51429,36; 7; 4; 18; 70; 9; 7; 8
21,31,0.65989,0.67742,21; 11; 3; 11; 31; 6; 7; 10
72,82,0.67874,0.87805,72; 4; 4; 6; 82; 5; 5; 4
11,31,0.38477,0.35484,11; 7; 11; 10; 31; 14; 20; 3
38,49,0.78058,0.77551,38; 13; 11; 8; 49; 3; 5; 8
29,48,0.61211,0.60417,29; 10; 23; 19; 48; 4; 5; 4
15,42,0.36282,0.35714,15; 9; 18; 6; 42; 18; 13; 9
40,49,0.79024,0.81633,40; 18; 11; 12; 49; 6; 15; 5
7,10,0.40224,0.7,7; 23; 3; 28; 10; 13; 18; 28
25,31,0.71801,0.80645,25; 13; 19; 13; 31; 3; 17; 17
11,82,0.25527,0.13415,11; 12; 10; 9; 82; 5; 4; 3
10,75,0.19216,0.13333,10; 22; 27; 19; 75; 7; 3; 7
25,26,0.73725,0.96154,25; 5; 7; 3; 26; 6; 4; 22
26,70,0.46877,0.37143,26; 4; 21; 8; 70; 4; 4; 8
31,32,0.81333,0.96875,31; 7; 9; 15; 32; 16; 22; 17
48,53,0.85935,0.90566,48; 4; 11; 16; 53; 15; 15; 15
21,82,0.39569,0.2561,21; 16; 21; 15; 82; 4; 3; 3
9,10,0.46931,0.9,9; 17; 5; 23; 10; 15; 27; 12
17,82,0.33308,0.20732,17; 3; 17; 5; 82; 3; 3; 5
14,31,0.46197,0.45161,14; 9; 16; 6; 31; 19; 14; 18
5,9,0.30782,0.55556,5; 12; 4; 7; 9; 13; 25; 14
32,49,0.64818,0.65306,32; 17; 13; 12; 49; 3; 13; 8
26,42,0.60492,0.61905,26; 6; 16; 9; 42; 4; 15; 16
49,78,0.77396,0.62821,49; 12; 11; 13; 78; 3; 6; 5
32,64,0.53745,0.5,32; 15; 21; 4; 64; 10; 11; 7
38,63,0.66459,0.60317,38; 8; 15; 14; 63; 5; 3; 11
56,75,0.85684,0.74667,56; 13; 7; 10; 75; 6; 6; 7
20,53,0.4131,0.37736,20; 15; 20; 11; 53; 14; 9; 7
60,78,0.78794,0.76923,60; 9; 3; 4; 78; 4; 6; 3
25,32,0.80598,0.78125,25; 9; 18; 20; 32; 7; 6; 7
40,42,0.80023,0.95238,40; 10; 16; 11; 42; 16; 18; 11
7,9,0.35873,0.77778,7; 13; 14; 20; 9; 9; 26; 17
29,42,0.66499,0.69048,29; 11; 13; 12; 42; 5; 8; 18
12,77,0.23616,0.15584,12; 19; 17; 23; 77; 4; 7; 6
22,64,0.37078,0.34375,22; 23; 18; 5; 64; 4; 8; 7
16,26,0.55866,0.61538,16; 14; 27; 7; 26; 3; 14; 9
58,82,0.75615,0.70732,58; 11; 9; 4; 82; 5; 4; 5
33,63,0.57449,0.52381,33; 14; 18; 15; 63; 11; 5; 8
6,77,0.12585,0.07792,6; 21; 16; 24; 77; 6; 4; 3
38,42,0.91051,0.90476,38; 3; 13; 12; 42; 9; 8; 18
6,10,0.36489,0.6,6; 25; 30; 14; 10; 11; 24; 7
20,49,0.43293,0.40816,20; 3; 12; 12; 49; 4; 4; 4
17,78,0.306,0.21795,17; 9; 9; 9; 78; 4; 3; 5
6,49,0.13017,0.12245,6; 3; 17; 13; 49; 5; 9; 12
62,82,0.90886,0.7561,62; 10; 4; 7; 82; 3; 5; 4
66,82,0.80096,0.80488,66; 5; 6; 10; 82; 3; 5; 4
40,48,0.80854,0.83333,40; 4; 5; 12; 48; 4; 15; 5
23,49,0.49324,0.46939,23; 3; 24; 18; 49; 13; 16; 14
25,32,0.66391,0.78125,25; 4; 12; 16; 32; 9; 21; 19
22,78,0.40796,0.28205,22; 4; 15; 5; 78; 3; 6; 4
48,70,0.78748,0.68571,48; 13; 12; 7; 70; 9; 9; 5
8,9,0.40264,0.88889,8; 18; 16; 9; 9; 17; 10; 19
5,9,0.26909,0.55556,5; 19; 8; 18; 9; 23; 15; 18
7,9,0.34031,0.77778,7; 19; 25; 23; 9; 4; 22; 8
23,70,0.41038,0.32857,23; 3; 6; 23; 70; 3; 6; 6
18,49,0.38123,0.36735,18; 10; 18; 5; 49; 6; 5; 9
9,10,0.4405,0.9,9; 29; 8; 5; 10; 14; 3; 29
9,10,0.4577,0.9,9; 29; 3; 4; 10; 15; 26; 6
7,32,0.28281,0.21875,7; 30; 20; 11; 32; 7; 3; 12
8,10,0.40352,0.8,8; 9; 26; 17; 10; 27; 9; 25
57,78,0.87105,0.73077,57; 3; 3; 5; 78; 3; 4; 5
40,64,0.66289,0.625,40; 3; 13; 12; 64; 8; 3; 3
15,64,0.25687,0.23438,15; 19; 13; 21; 64; 3; 5; 3
59,64,0.93863,0.92188,59; 12; 8; 11; 64; 4; 4; 4
31,49,0.64215,0.63265,31; 11; 6; 8; 49; 10; 6; 7
21,48,0.41478,0.4375,21; 25; 11; 20; 48; 13; 11; 3
48,63,0.81858,0.7619,48; 5; 9; 8; 63; 10; 5; 5
66,77,0.83965,0.85714,66; 3; 3; 3; 77; 3; 6; 4
5,9,0.2739,0.55556,5; 24; 31; 10; 9; 14; 26; 13
22,26,0.80365,0.84615,22; 16; 15; 24; 26; 3; 14; 15
72,75,0.82871,0.96,72; 8; 4; 6; 75; 5; 3; 4
11,77,0.27695,0.14286,11; 29; 19; 4; 77; 7; 4; 4
21,26,0.83978,0.80769,21; 25; 5; 15; 26; 15; 11; 9
15,78,0.26919,0.19231,15; 12; 6; 24; 78; 4; 3; 5
34,42,0.83953,0.80952,34; 8; 4; 11; 42; 15; 17; 13
6,10,0.34609,0.6,6; 25; 13; 8; 10; 12; 6; 5
14,32,0.42974,0.4375,14; 15; 5; 12; 32; 12; 21; 8
20,31,0.62485,0.64516,20; 13; 18; 26; 31; 19; 5; 7
18,42,0.42681,0.42857,18; 22; 19; 5; 42; 17; 4; 4
35,42,0.83936,0.83333,35; 13; 4; 18; 42; 14; 11; 11
68,75,0.83407,0.90667,68; 5; 9; 4; 75; 3; 3; 5
13,64,0.24573,0.20312,13; 6; 27; 15; 64; 10; 10; 5
68,77,0.74601,0.88312,68; 6; 7; 10; 77; 5; 7; 5
15,26,0.51644,0.57692,15; 19; 23; 23; 26; 17; 22; 19
22,31,0.70162,0.70968,22; 11; 20; 25; 31; 4; 15; 12
51,53,0.85617,0.96226,51; 12; 8; 14; 53; 13; 4; 3
23,42,0.52054,0.54762,23; 23; 14; 17; 42; 10; 7; 9
5,9,0.29383,0.55556,5; 23; 7; 15; 9; 29; 11; 5
20,42,0.47599,0.47619,20; 15; 20; 22; 42; 7; 8; 3
8,10,0.42091,0.8,8; 10; 28; 19; 10; 27; 13; 13
50,70,0.78198,0.71429,50; 3; 8; 3; 70; 7; 9; 5
55,82,0.8139,0.67073,55; 14; 5; 4; 82; 5; 3; 4
7,10,0.36426,0.7,7; 21; 9; 4; 10; 17; 21; 15
34,82,0.5385,0.41463,34; 9; 18; 14; 82; 5; 4; 5
41,70,0.66727,0.58571,41; 17; 18; 11; 70; 4; 5; 7
37,42,0.82691,0.88095,37; 7; 12; 17; 42; 10; 8; 18
8,9,0.40369,0.88889,8; 6; 16; 29; 9; 5; 20; 10
40,78,0.64454,0.51282,40; 13; 19; 16; 78; 3; 6; 5
25,32,0.69598,0.78125,25; 9; 20; 20; 32; 3; 22; 21
25,63,0.44265,0.39683,25; 13; 14; 21; 63; 5; 5; 7
5,9,0.3275,0.55556,5; 26; 5; 6; 9; 22; 18; 21
57,64,0.94799,0.89062,57; 7; 11; 11; 64; 6; 11; 10
45,63,0.81374,0.71429,45; 5; 11; 10; 63; 7; 8; 11
36,53,0.67734,0.67925,36; 15; 8; 14; 53; 10; 9; 6
50,64,0.85954,0.78125,50; 11; 5; 13; 64; 11; 5; 10
32,48,0.65148,0.66667,32; 3; 7; 6; 48; 3; 4; 6
54,75,0.86766,0.72,54; 6; 9; 3; 75; 4; 6; 7
21,49,0.45329,0.42857,21; 13; 18; 9; 49; 13; 10; 12
39,48,0.75465,0.8125,39; 18; 18; 17; 48; 3; 7; 15
35,77,0.58751,0.45455,35; 21; 20; 13; 77; 6; 7; 3
26,63,0.4369,0.4127,26; 18; 5; 13; 63; 6; 7; 8
26,32,0.69694,0.8125,26; 8; 22; 9; 32; 9; 12; 17
16,77,0.33705,0.20779,16; 25; 14; 12; 77; 5; 6; 6
9,64,0.18966,0.14062,9; 14; 23; 21; 64; 7; 5; 11
6,9,0.3504,0.66667,6; 17; 3; 23; 9; 8; 24; 29
46,70,0.73417,0.65714,46; 3; 17; 14; 70; 7; 7; 4
68,82,0.81973,0.82927,68; 5; 10; 6; 82; 5; 5; 5
29,70,0.49317,0.41429,29; 8; 13; 18; 70; 6; 4; 5
19,63,0.35516,0.30159,19; 8; 8; 6; 63; 8; 7; 9
26,31,0.70757,0.83871,26; 11; 16; 19; 31; 18; 22; 18
18,26,0.63346,0.69231,18; 3; 22; 20; 26; 16; 14; 15
39,53,0.73885,0.73585,39; 19; 3; 5; 53; 15; 7; 8
48,70,0.73471,0.68571,48; 3; 6; 4; 70; 6; 6; 6
44,77,0.68131,0.57143,44; 14; 7; 6; 77; 7; 5; 7
18,42,0.42048,0.42857,18; 8; 24; 23; 42; 10; 12; 4
48,53,0.84233,0.90566,48; 11; 4; 6; 53; 9; 8; 7
16,31,0.54271,0.51613,16; 22; 17; 9; 31; 6; 20; 11
7,70,0.13725,0.1,7; 16; 22; 21; 70; 9; 7; 4
38,42,0.81918,0.90476,38; 5; 16; 18; 42; 13; 12; 12
48,53,0.85237,0.90566,48; 6; 4; 15; 53; 9; 8; 11
6,9,0.3228,0.66667,6; 13; 14; 30; 9; 3; 23; 25
8,10,0.42468,0.8,8; 8; 3; 5; 10; 21; 26; 23
45,53,0.83468,0.84906,45; 3; 10; 10; 53; 6; 5; 15
36,75,0.56779,0.48,36; 19; 18; 19; 75; 4; 3; 3
61,75,0.83548,0.81333,61; 5; 10; 6; 75; 4; 7; 5
43,77,0.69861,0.55844,43; 11; 18; 18; 77; 4; 6; 4
39,64,0.64693,0.60938,39; 17; 15; 9; 64; 3; 8; 9
39,49,0.78659,0.79592,39; 17; 8; 5; 49; 3; 7; 4
71,82,0.80194,0.86585,71; 8; 6; 9; 82; 4; 5; 3
28,63,0.47194,0.44444,28; 7; 18; 18; 63; 9; 11; 6
53,64,0.86804,0.82812,53; 9; 5; 4; 64; 7; 9; 9
7,31,0.24243,0.22581,7; 27; 8; 9; 31; 15; 8; 14
36,48,0.75731,0.75,36; 17; 9; 6; 48; 5; 15; 11
53,78,0.77712,0.67949,53; 10; 3; 13; 78; 4; 4; 3
5,32,0.18948,0.15625,5; 25; 27; 19; 32; 17; 20; 3
25,26,0.78703,0.96154,25; 3; 17; 15; 26; 4; 4; 5
37,53,0.7458,0.69811,37; 17; 20; 13; 53; 10; 9; 4
65,82,0.83315,0.79268,65; 10; 4; 9; 82; 5; 3; 4
37,53,0.7219,0.69811,37; 18; 20; 7; 53; 8; 10; 14
15,26,0.50702,0.57692,15; 21; 4; 14; 26; 18; 18; 23
20,31,0.61986,0.64516,20; 19; 15; 3; 31; 16; 8; 5
5,9,0.29002,0.55556,5; 29; 7; 6; 9; 19; 20; 25
25,77,0.47264,0.32468,25; 20; 7; 24; 77; 6; 5; 7
54,82,0.82928,0.65854,54; 14; 10; 9; 82; 4; 3; 5
30,32,0.777,0.9375,30; 14; 6; 10; 32; 19; 8; 15
28,64,0.47498,0.4375,28; 22; 10; 17; 64; 9; 8; 10
34,53,0.67337,0.64151,34; 5; 19; 3; 53; 10; 10; 3
34,49,0.72435,0.69388,34; 6; 9; 7; 49; 8; 13; 12
35,49,0.72854,0.71429,35; 11; 13; 9; 49; 11; 15; 9
5,9,0.29573,0.55556,5; 29; 26; 21; 9; 5; 12; 6
5,9,0.26938,0.55556,5; 29; 10; 12; 9; 6; 23; 24
8,42,0.19237,0.19048,8; 19; 13; 10; 42; 5; 15; 3
64,75,0.85974,0.85333,64; 3; 9; 9; 75; 5; 7; 4
23,63,0.39433,0.36508,23; 20; 4; 14; 63; 3; 8; 9
36,64,0.57816,0.5625,36; 16; 11; 8; 64; 4; 8; 7
12,49,0.23558,0.2449,12; 18; 24; 7; 49; 5; 10; 4
33,63,0.55779,0.52381,33; 14; 17; 9; 63; 3; 6; 9
32,82,0.51258,0.39024,32; 12; 3; 3; 82; 4; 3; 4
49,82,0.74512,0.59756,49; 8; 6; 3; 82; 4; 5; 4
20,49,0.43372,0.40816,20; 5; 19; 10; 49; 10; 6; 10
6,9,0.327,0.66667,6; 8; 26; 25; 9; 18; 13; 20
11,26,0.39804,0.42308,11; 29; 17; 27; 26; 5; 14; 13
32,75,0.51752,0.42667,32; 9; 15; 10; 75; 7; 3; 7
32,42,0.72938,0.7619,32; 17; 14; 16; 42; 5; 10; 5
8,78,0.19841,0.10256,8; 13; 15; 7; 78; 5; 6; 5
10,42,0.24061,0.2381,10; 26; 24; 12; 42; 13; 3; 9
29,31,0.75532,0.93548,29; 23; 11; 8; 31; 17; 22; 14
42,49,0.75528,0.85714,42; 16; 18; 6; 49; 11; 14; 14
66,70,0.91568,0.94286,66; 9; 8; 10; 70; 4; 9; 3
25,78,0.43524,0.32051,25; 21; 21; 22; 78; 6; 3; 4
53,63,0.86494,0.84127,53; 14; 8; 11; 63; 11; 5; 6
71,75,0.85397,0.94667,71; 6; 6; 7; 75; 3; 6; 5
14,53,0.28788,0.26415,14; 17; 7; 22; 53; 15; 5; 3
52,77,0.83245,0.67532,52; 4; 8; 6; 77; 5; 5; 5
10,63,0.1861,0.15873,10; 28; 28; 4; 63; 3; 3; 11
48,78,0.70865,0.61538,48; 10; 12; 11; 78; 3; 6; 4
49,75,0.78271,0.65333,49; 14; 8; 10; 75; 3; 5; 4
6,10,0.32358,0.6,6; 7; 17; 28; 10; 17; 11; 4
6,10,0.34517,0.6,6; 16; 26; 23; 10; 14; 21; 9
64,82,0.84357,0.78049,64; 10; 6; 8; 82; 5; 5; 5
45,78,0.72653,0.57692,45; 15; 11; 7; 78; 4; 4; 5
32,70,0.54027,0.45714,32; 22; 3; 3; 70; 4; 8; 3
17,31,0.53868,0.54839,17; 26; 12; 22; 31; 21; 6; 12
18,26,0.67092,0.69231,18; 14; 10; 8; 26; 8; 17; 7
15,82,0.31632,0.18293,15; 26; 16; 26; 82; 4; 3; 3
5,63,0.10832,0.07937,5; 13; 6; 17; 63; 9; 9; 4
46,63,0.74559,0.73016,46; 14; 17; 5; 63; 3; 3; 11
45,77,0.72191,0.58442,45; 9; 8; 5; 77; 6; 4; 5
43,53,0.80357,0.81132,43; 7; 12; 6; 53; 12; 12; 11
33,70,0.56501,0.47143,33; 17; 5; 9; 70; 7; 8; 4
67,70,0.91692,0.95714,67; 8; 6; 8; 70; 9; 8; 5
69,77,0.84986,0.8961,69; 8; 3; 6; 77; 4; 7; 3
5,9,0.26472,0.55556,5; 20; 30; 8; 9; 10; 17; 16
24,77,0.42009,0.31169,24; 3; 11; 12; 77; 4; 6; 4
29,64,0.50059,0.45312,29; 12; 23; 6; 64; 8; 11; 5
25,53,0.51134,0.4717,25; 10; 5; 18; 53; 13; 11; 8
70,75,0.82943,0.93333,70; 7; 3; 9; 75; 6; 4; 7
8,49,0.1658,0.16327,8; 29; 24; 6; 49; 7; 9; 14
19,31,0.56537,0.6129,19; 25; 20; 14; 31; 18; 20; 6
38,42,0.90407,0.90476,38; 5; 13; 8; 42; 7; 16; 13
23,31,0.67534,0.74194,23; 17; 17; 17; 31; 17; 6; 8
47,78,0.67315,0.60256,47; 10; 6; 10; 78; 4; 5; 3
72,75,0.79262,0.96,72; 3; 6; 6; 75; 4; 3; 7
28,78,0.49317,0.35897,28; 13; 9; 17; 78; 5; 4; 6
73,75,0.87733,0.97333,73; 4; 8; 5; 75; 5; 3; 6
46,75,0.7349,0.61333,46; 3; 13; 10; 75; 7; 6; 5
12,70,0.21707,0.17143,12; 26; 19; 9; 70; 3; 8; 6
62,75,0.90461,0.82667,62; 5; 12; 12; 75; 4; 4; 6
11,42,0.27894,0.2619,11; 9; 6; 23; 42; 9; 6; 11
41,48,0.83119,0.85417,41; 9; 6; 7; 48; 12; 15; 7
27,49,0.5302,0.55102,27; 18; 5; 14; 49; 3; 7; 16
20,31,0.62345,0.64516,20; 17; 20; 11; 31; 13; 6; 20
26,42,0.63115,0.61905,26; 10; 19; 9; 42; 7; 9; 3
73,78,0.74577,0.9359,73; 8; 4; 8; 78; 5; 5; 3
26,75,0.44333,0.34667,26; 24; 15; 5; 75; 3; 7; 5
6,42,0.15898,0.14286,6; 13; 14; 7; 42; 17; 12; 9
9,75,0.20127,0.12,9; 17; 17; 11; 75; 5; 4; 6
40,48,0.81322,0.83333,40; 6; 10; 7; 48; 4; 11; 4
8,9,0.40404,0.88889,8; 11; 26; 11; 9; 25; 26; 14
32,70,0.53767,0.45714,32; 13; 8; 9; 70; 7; 9; 4
62,64,0.9207,0.96875,62; 5; 8; 9; 64; 6; 6; 3
10,82,0.22473,0.12195,10; 15; 29; 12; 82; 4; 3; 3
21,49,0.43723,0.42857,21; 24; 15; 20; 49; 14; 12; 12
6,10,0.32727,0.6,6; 26; 12; 14; 10; 13; 11; 7
9,10,0.44995,0.9,9; 12; 23; 26; 10; 19; 14; 26
24,42,0.55364,0.57143,24; 9; 23; 23; 42; 3; 7; 7
47,77,0.73359,0.61039,47; 13; 12; 4; 77; 6; 3; 5
17,78,0.3058,0.21795,17; 8; 7; 11; 78; 3; 6; 3
23,78,0.42438,0.29487,23; 16; 6; 21; 78; 6; 4; 4
25,53,0.48242,0.4717,25; 4; 15; 5; 53; 3; 11; 4
15,64,0.26563,0.23438,15; 19; 23; 15; 64; 7; 5; 11
60,63,0.99119,0.95238,60; 5; 8; 4; 63; 6; 3; 10
32,63,0.54262,0.50794,32; 11; 18; 3; 63; 7; 3; 5
8,49,0.19127,0.16327,8; 17; 29; 12; 49; 3; 13; 11
11,42,0.26116,0.2619,11; 14; 10; 24; 42; 8; 3; 17
22,31,0.64372,0.70968,22; 12; 7; 20; 31; 22; 14; 21
16,31,0.51837,0.51613,16; 8; 23; 16; 31; 19; 11; 3
26,31,0.69973,0.83871,26; 12; 5; 3; 31; 13; 20; 16
9,10,0.45621,0.9,9; 25; 27; 14; 10; 18; 8; 20
25,49,0.51473,0.5102,25; 18; 14; 3; 49; 8; 14; 9
18,75,0.3065,0.24,18; 26; 15; 3; 75; 6; 5; 6
7,64,0.11647,0.10938,7; 27; 11; 8; 64; 5; 10; 3
7,9,0.38271,0.77778,7; 4; 22; 22; 9; 13; 29; 3
21,42,0.5242,0.5,21; 19; 8; 17; 42; 14; 11; 11
13,75,0.27043,0.17333,13; 21; 18; 26; 75; 7; 5; 4
9,31,0.31931,0.29032,9; 18; 19; 22; 31; 22; 5; 10
19,26,0.6953,0.73077,19; 7; 8; 26; 26; 17; 24; 15
17,70,0.29329,0.24286,17; 8; 13; 27; 70; 4; 4; 8
27,78,0.46313,0.34615,27; 22; 7; 7; 78; 6; 5; 5
63,70,0.95578,0.9,63; 4; 9; 11; 70; 7; 8; 3
7,9,0.38055,0.77778,7; 21; 20; 23; 9; 25; 14; 3
7,9,0.39135,0.77778,7; 10; 9; 30; 9; 16; 27; 22
9,63,0.18138,0.14286,9; 25; 25; 22; 63; 9; 9; 5
56,75,0.88375,0.74667,56; 3; 3; 6; 75; 7; 4; 3
5,48,0.174,0.10417,5; 11; 31; 20; 48; 13; 14; 10
36,64,0.60394,0.5625,36; 9; 5; 14; 64; 11; 9; 8
32,77,0.51488,0.41558,32; 18; 5; 20; 77; 3; 5; 5
18,26,0.71653,0.69231,18; 23; 14; 4; 26; 9; 20; 23
8,9,0.38324,0.88889,8; 28; 8; 19; 9; 29; 11; 4
35,63,0.57796,0.55556,35; 20; 18; 18; 63; 3; 5; 7
13,49,0.29181,0.26531,13; 20; 5; 28; 49; 9; 6; 6
27,63,0.44414,0.42857,27; 14; 16; 3; 63; 11; 7; 11
24,26,0.8301,0.92308,24; 13; 3; 9; 26; 11; 21; 9
37,64,0.61771,0.57812,37; 4; 17; 9; 64; 8; 3; 8
54,70,0.90654,0.77143,54; 3; 8; 10; 70; 3; 8; 4
62,64,0.95213,0.96875,62; 12; 3; 12; 64; 3; 4; 10
32,78,0.52169,0.41026,32; 5; 16; 6; 78; 4; 5; 5
40,63,0.6738,0.63492,40; 13; 9; 5; 63; 11; 6; 10
44,70,0.69514,0.62857,44; 16; 5; 9; 70; 6; 3; 7
21,32,0.63382,0.65625,21; 12; 15; 19; 32; 10; 17; 8
48,53,0.85469,0.90566,48; 9; 13; 14; 53; 8; 10; 7
20,82,0.41196,0.2439,20; 14; 24; 8; 82; 3; 4; 3
24,78,0.41841,0.30769,24; 18; 23; 15; 78; 6; 5; 6
6,10,0.38108,0.6,6; 25; 6; 19; 10; 22; 6; 26
33,48,0.74142,0.6875,33; 3; 20; 21; 48; 15; 16; 16
18,42,0.41219,0.42857,18; 17; 16; 16; 42; 3; 10; 7
26,32,0.72644,0.8125,26; 21; 14; 13; 32; 9; 12; 14
51,77,0.83867,0.66234,51; 4; 5; 12; 77; 3; 7; 4
38,42,0.84903,0.90476,38; 13; 11; 14; 42; 11; 3; 8
7,48,0.15345,0.14583,7; 5; 16; 18; 48; 7; 10; 12
8,31,0.27424,0.25806,8; 29; 25; 28; 31; 20; 4; 5
35,78,0.59763,0.44872,35; 10; 21; 6; 78; 5; 6; 4
40,63,0.67229,0.63492,40; 8; 18; 13; 63; 8; 6; 5
25,48,0.52109,0.52083,25; 21; 9; 22; 48; 10; 4; 6
10,49,0.23835,0.20408,10; 20; 8; 26; 49; 10; 11; 15
12,32,0.3831,0.375,12; 27; 19; 27; 32; 9; 9; 5
37,78,0.60039,0.47436,37; 17; 3; 18; 78; 6; 5; 6
9,53,0.186,0.16981,9; 9; 12; 29; 53; 11; 8; 10
5,49,0.11351,0.10204,5; 14; 28; 24; 49; 12; 8; 15
23,77,0.41467,0.2987,23; 18; 9; 21; 77; 7; 4; 4
29,32,0.7473,0.90625,29; 7; 22; 17; 32; 7; 12; 16
38,75,0.64581,0.50667,38; 20; 5; 10; 75; 5; 5; 3
46,49,0.78773,0.93878,46; 4; 14; 4; 49; 10; 4; 16
6,42,0.11519,0.14286,6; 4; 17; 23; 42; 17; 7; 9
9,26,0.35063,0.34615,9; 17; 23; 20; 26; 7; 6; 12
60,77,0.87047,0.77922,60; 4; 10; 12; 77; 4; 5; 6
19,26,0.69842,0.73077,19; 25; 15; 26; 26; 8; 8; 10
22,26,0.74859,0.84615,22; 8; 25; 9; 26; 22; 21; 19
22,42,0.5278,0.52381,22; 23; 15; 17; 42; 8; 13; 17
25,63,0.4567,0.39683,25; 24; 4; 11; 63; 6; 5; 9
25,26,0.73015,0.96154,25; 14; 18; 14; 26; 22; 23; 17
6,10,0.33255,0.6,6; 16; 23; 22; 10; 20; 20; 3
7,64,0.11371,0.10938,7; 21; 4; 19; 64; 5; 6; 7
25,26,0.78371,0.96154,25; 13; 17; 3; 26; 23; 11; 6
6,9,0.36361,0.66667,6; 14; 5; 4; 9; 10; 15; 14
32,49,0.67189,0.65306,32; 15; 15; 16; 49; 8; 11; 10
5,53,0.09802,0.09434,5; 3; 7; 29; 53; 10; 7; 13
36,78,0.60063,0.46154,36; 20; 4; 14; 78; 6; 6; 3
21,31,0.67729,0.67742,21; 15; 8; 4; 31; 18; 12; 15
58,63,0.96908,0.92063,58; 4; 4; 3; 63; 9; 9; 4
7,77,0.15188,0.09091,7; 10; 22; 8; 77; 6; 5; 6
7,53,0.14165,0.13208,7; 29; 29; 19; 53; 9; 7; 10
17,64,0.30373,0.26562,17; 21; 26; 6; 64; 10; 7; 6
9,82,0.17553,0.10976,9; 14; 21; 29; 82; 3; 4; 3
69,70,0.87859,0.98571,69; 4; 4; 6; 70; 8; 3; 5
13,26,0.49457,0.5,13; 15; 4; 9; 26; 19; 24; 5
46,49,0.79469,0.93878,46; 10; 16; 8; 49; 10; 16; 10
7,53,0.12428,0.13208,7; 10; 21; 11; 53; 7; 9; 15
15,75,0.27402,0.2,15; 21; 26; 11; 75; 7; 6; 6
39,49,0.84335,0.79592,39; 11; 11; 7; 49; 9; 3; 4
15,42,0.33973,0.35714,15; 27; 18; 19; 42; 16; 10; 6
9,10,0.47391,0.9,9; 9; 5; 28; 10; 18; 20; 6
47,48,0.77144,0.97917,47; 15; 15; 9; 48; 14; 16; 13
48,63,0.80006,0.7619,48; 14; 16; 16; 63; 6; 8; 3
6,9,0.33369,0.66667,6; 25; 21; 29; 9; 27; 7; 3
46,64,0.76122,0.71875,46; 16; 6; 4; 64; 10; 7; 10
14,49,0.33198,0.28571,14; 7; 19; 14; 49; 8; 16; 11
33,77,0.56969,0.42857,33; 21; 9; 13; 77; 7; 3; 4
18,77,0.35868,0.23377,18; 9; 25; 11; 77; 6; 6; 4
9,10,0.49424,0.9,9; 17; 25; 16; 10; 13; 16; 6
23,53,0.44043,0.43396,23; 9; 18; 5; 53; 5; 8; 4
56,64,0.94243,0.875,56; 3; 4; 10; 64; 5; 7; 4
51,82,0.66778,0.62195,51; 14; 13; 14; 82; 4; 5; 3
67,70,0.87153,0.95714,67; 6; 5; 3; 70; 9; 9; 9
6,78,0.165,0.07692,6; 5; 28; 3; 78; 6; 5; 3
8,9,0.37443,0.88889,8; 22; 12; 14; 9; 28; 22; 15
29,31,0.78177,0.93548,29; 8; 6; 14; 31; 19; 14; 21
49,64,0.79202,0.76562,49; 11; 8; 15; 64; 4; 5; 3
6,63,0.08922,0.09524,6; 6; 6; 26; 63; 3; 8; 8
33,77,0.54831,0.42857,33; 19; 7; 6; 77; 4; 4; 7
8,9,0.42975,0.88889,8; 12; 20; 18; 9; 11; 22; 20
43,53,0.76182,0.81132,43; 13; 13; 13; 53; 10; 5; 3
32,48,0.68505,0.66667,32; 14; 15; 7; 48; 7; 9; 9
16,48,0.35295,0.33333,16; 25; 21; 19; 48; 10; 10; 16
45,78,0.70272,0.57692,45; 17; 15; 16; 78; 4; 3; 5
41,49,0.83195,0.83673,41; 7; 8; 11; 49; 15; 12; 13
13,63,0.23695,0.20635,13; 22; 6; 8; 63; 5; 4; 7
8,49,0.16304,0.16327,8; 5; 19; 7; 49; 11; 12; 4
22,42,0.54712,0.52381,22; 25; 14; 9; 42; 5; 11; 10
42,49,0.81978,0.85714,42; 12; 16; 17; 49; 7; 12; 12
23,63,0.37806,0.36508,23; 13; 20; 25; 63; 8; 7; 4
49,64,0.8276,0.76562,49; 10; 10; 4; 64; 5; 7; 10
6,10,0.35816,0.6,6; 17; 19; 17; 10; 10; 11; 10
35,78,0.5797,0.44872,35; 7; 18; 6; 78; 3; 4; 4
23,26,0.81495,0.88462,23; 22; 15; 16; 26; 13; 13; 24
55,78,0.90202,0.70513,55; 10; 8; 12; 78; 5; 6; 4
12,53,0.24948,0.22642,12; 5; 20; 8; 53; 4; 15; 5
8,26,0.35729,0.30769,8; 13; 8; 9; 26; 5; 12; 13
25,82,0.46188,0.30488,25; 13; 16; 13; 82; 5; 5; 5
70,77,0.80449,0.90909,70; 3; 4; 3; 77; 3; 4; 3
13,26,0.49577,0.5,13; 3; 23; 18; 26; 19; 9; 21
13,31,0.44097,0.41935,13; 15; 19; 17; 31; 12; 20; 13
60,63,0.93758,0.95238,60; 11; 9; 5; 63; 7; 8; 9
13,70,0.21868,0.18571,13; 19; 6; 28; 70; 7; 9; 4
60,64,0.95915,0.9375,60; 3; 4; 12; 64; 4; 3; 6
39,42,0.86519,0.92857,39; 15; 3; 10; 42; 6; 4; 10
29,63,0.51967,0.46032,29; 13; 10; 7; 63; 10; 5; 4
33,63,0.57261,0.52381,33; 14; 15; 20; 63; 3; 6; 11
29,53,0.59225,0.54717,29; 11; 4; 19; 53; 11; 3; 7
20,77,0.35745,0.25974,20; 19; 7; 5; 77; 5; 7; 7
37,78,0.6124,0.47436,37; 10; 11; 10; 78; 3; 4; 4
37,49,0.75516,0.7551,37; 7; 8; 17; 49; 9; 4; 3
44,63,0.74968,0.69841,44; 6; 7; 9; 63; 6; 6; 3
46,64,0.79053,0.71875,46; 12; 14; 16; 64; 4; 7; 10
12,32,0.3609,0.375,12; 3; 22; 6; 32; 15; 9; 12
10,42,0.27466,0.2381,10; 7; 6; 13; 42; 10; 4; 9
57,63,0.96256,0.90476,57; 8; 10; 13; 63; 5; 6; 9
47,64,0.79017,0.73438,47; 6; 6; 5; 64; 6; 8; 8
38,64,0.61318,0.59375,38; 7; 6; 9; 64; 8; 6; 10
20,42,0.46826,0.47619,20; 16; 10; 21; 42; 10; 6; 5
6,32,0.1856,0.1875,6; 13; 17; 28; 32; 13; 18; 14
39,64,0.62224,0.60938,39; 5; 9; 13; 64; 5; 10; 8
8,75,0.20786,0.10667,8; 8; 3; 18; 75; 6; 5; 4
16,26,0.61034,0.61538,16; 14; 10; 27; 26; 7; 23; 22
17,64,0.30544,0.26562,17; 15; 4; 10; 64; 11; 6; 7
8,9,0.38697,0.88889,8; 6; 18; 24; 9; 16; 18; 20
21,26,0.69218,0.80769,21; 12; 8; 16; 26; 12; 16; 7
28,63,0.45366,0.44444,28; 9; 10; 4; 63; 7; 7; 6
10,75,0.20232,0.13333,10; 16; 8; 7; 75; 4; 5; 6
7,31,0.25839,0.22581,7; 14; 8; 8; 31; 13; 13; 20
47,70,0.74903,0.67143,47; 15; 14; 14; 70; 8; 3; 7
32,77,0.54656,0.41558,32; 11; 5; 4; 77; 4; 6; 3
5,49,0.10139,0.10204,5; 6; 15; 15; 49; 12; 5; 11
52,82,0.69236,0.63415,52; 11; 5; 8; 82; 3; 5; 5
5,10,0.34793,0.5,5; 3; 25; 21; 10; 24; 22; 19
28,48,0.58725,0.58333,28; 3; 19; 8; 48; 9; 16; 3
46,70,0.70922,0.65714,46; 14; 8; 16; 70; 7; 3; 6
12,49,0.24763,0.2449,12; 19; 8; 7; 49; 7; 5; 14
54,78,0.8475,0.69231,54; 3; 14; 9; 78; 6; 6; 4
33,53,0.62215,0.62264,33; 19; 14; 7; 53; 15; 12; 15
55,77,0.84391,0.71429,55; 6; 13; 14; 77; 5; 7; 7
5,9,0.30722,0.55556,5; 30; 20; 3; 9; 26; 16; 16
13,78,0.22694,0.16667,13; 6; 25; 25; 78; 3; 4; 3
22,32,0.66899,0.6875,22; 24; 4; 13; 32; 18; 3; 3
64,70,0.88683,0.91429,64; 11; 6; 4; 70; 6; 4; 4
10,42,0.24988,0.2381,10; 11; 6; 6; 42; 14; 15; 6
6,64,0.09452,0.09375,6; 15; 12; 18; 64; 9; 10; 10
11,26,0.37089,0.42308,11; 12; 25; 9; 26; 24; 23; 11
10,70,0.18685,0.14286,10; 28; 19; 19; 70; 4; 5; 8
64,77,0.87623,0.83117,64; 5; 10; 9; 77; 5; 6; 5
44,48,0.81739,0.91667,44; 13; 16; 8; 48; 15; 16; 6
54,78,0.83184,0.69231,54; 9; 7; 7; 78; 4; 3; 5
7,9,0.36822,0.77778,7; 11; 17; 8; 9; 26; 24; 26
20,49,0.39305,0.40816,20; 23; 5; 25; 49; 16; 13; 10
11,42,0.28711,0.2619,11; 18; 12; 28; 42; 8; 18; 9
7,9,0.3648,0.77778,7; 19; 21; 22; 9; 29; 16; 22
32,82,0.52097,0.39024,32; 12; 19; 4; 82; 4; 5; 4
5,10,0.274,0.5,5; 31; 22; 16; 10; 18; 28; 4
42,64,0.71338,0.65625,42; 12; 11; 15; 64; 8; 6; 6
51,82,0.66915,0.62195,51; 8; 9; 15; 82; 5; 3; 3
22,49,0.46997,0.44898,22; 19; 16; 9; 49; 9; 3; 14
34,42,0.86023,0.80952,34; 17; 7; 21; 42; 12; 4; 13
12,26,0.44028,0.46154,12; 12; 17; 3; 26; 5; 20; 18
5,63,0.09332,0.07937,5; 15; 20; 17; 63; 10; 7; 8
45,70,0.74973,0.64286,45; 4; 9; 10; 70; 7; 7; 3
33,70,0.5541,0.47143,33; 10; 12; 17; 70; 8; 4; 7
29,42,0.69245,0.69048,29; 21; 16; 12; 42; 5; 11; 11
34,70,0.57685,0.48571,34; 13; 15; 16; 70; 9; 6; 5
17,82,0.35673,0.20732,17; 15; 27; 21; 82; 3; 3; 3
8,53,0.16517,0.15094,8; 17; 21; 18; 53; 12; 3; 9
24,31,0.72007,0.77419,24; 12; 18; 23; 31; 6; 13; 18
12,49,0.27405,0.2449,12; 13; 3; 24; 49; 14; 13; 6
40,42,0.92694,0.95238,40; 13; 17; 3; 42; 16; 16; 15
48,49,0.83619,0.97959,48; 7; 8; 12; 49; 11; 7; 13
32,49,0.67847,0.65306,32; 7; 15; 18; 49; 6; 12; 9
5,82,0.05484,0.06098,5; 27; 4; 20; 82; 5; 5; 3
9,77,0.22868,0.11688,9; 13; 27; 18; 77; 3; 7; 5
45,78,0.74041,0.57692,45; 13; 15; 9; 78; 4; 6; 6
58,63,0.96834,0.92063,58; 4; 8; 9; 63; 4; 9; 9
17,42,0.39551,0.40476,17; 7; 26; 6; 42; 4; 12; 12
55,77,0.8664,0.71429,55; 8; 7; 10; 77; 7; 7; 6
6,64,0.12052,0.09375,6; 15; 13; 11; 64; 10; 8; 5
9,77,0.21219,0.11688,9; 22; 6; 26; 77; 3; 3; 5
14,32,0.46368,0.4375,14; 12; 23; 28; 32; 10; 17; 21
12,48,0.28307,0.25,12; 8; 5; 17; 48; 13; 15; 13
5,9,0.25319,0.55556,5; 7; 7; 8; 9; 5; 21; 20
36,42,0.77412,0.85714,36; 11; 11; 4; 42; 12; 5; 8
81,82,0.71757,0.9878,81; 3; 3; 5; 82; 3; 3; 5
46,48,0.83942,0.95833,46; 13; 12; 9; 48; 10; 15; 11
50,64,0.79342,0.78125,50; 5; 8; 14; 64; 7; 4; 4
41,70,0.65348,0.58571,41; 3; 6; 9; 70; 6; 8; 7
7,10,0.39381,0.7,7; 16; 5; 6; 10; 15; 18; 9
5,77,0.04301,0.06494,5; 6; 21; 3; 77; 7; 7; 6
21,42,0.47992,0.5,21; 22; 20; 10; 42; 7; 17; 15
7,63,0.10837,0.11111,7; 6; 5; 13; 63; 8; 3; 8
74,77,0.76003,0.96104,74; 8; 4; 4; 77; 6; 5; 5
54,64,0.8779,0.84375,54; 8; 8; 6; 64; 7; 3; 4
23,64,0.4089,0.35938,23; 7; 4; 7; 64; 3; 8; 3
44,48,0.8341,0.91667,44; 10; 6; 11; 48; 3; 10; 5
6,32,0.21078,0.1875,6; 17; 20; 5; 32; 3; 15; 8
23,82,0.40696,0.28049,23; 22; 18; 22; 82; 5; 5; 3
7,9,0.33106,0.77778,7; 28; 18; 21; 9; 4; 15; 25
43,70,0.75992,0.61429,43; 5; 9; 16; 70; 6; 9; 5
8,75,0.20404,0.10667,8; 30; 3; 6; 75; 6; 3; 5
10,78,0.21814,0.12821,10; 4; 29; 21; 78; 4; 6; 6
59,77,0.88526,0.76623,59; 4; 8; 5; 77; 3; 4; 3
30,49,0.61495,0.61224,30; 12; 15; 5; 49; 7; 11; 16
22,42,0.49611,0.52381,22; 19; 25; 22; 42; 5; 5; 15
36,42,0.90696,0.85714,36; 13; 6; 8; 42; 10; 11; 16
21,32,0.65156,0.65625,21; 15; 13; 22; 32; 18; 14; 14
8,9,0.37251,0.88889,8; 26; 15; 17; 9; 22; 25; 25
56,82,0.76126,0.68293,56; 14; 5; 10; 82; 4; 4; 4
13,75,0.2656,0.17333,13; 26; 4; 28; 75; 7; 3; 5
69,82,0.83466,0.84146,69; 7; 9; 5; 82; 4; 4; 5
7,78,0.15494,0.08974,7; 12; 26; 23; 78; 5; 6; 4
22,48,0.4853,0.45833,22; 19; 16; 13; 48; 8; 16; 7
28,78,0.48798,0.35897,28; 8; 11; 8; 78; 6; 6; 6
31,63,0.53038,0.49206,31; 10; 5; 17; 63; 11; 6; 5
8,9,0.33981,0.88889,8; 19; 8; 10; 9; 19; 3; 5
25,64,0.42567,0.39062,25; 4; 4; 20; 64; 5; 11; 8
22,26,0.8056,0.84615,22; 20; 3; 20; 26; 24; 12; 8
76,82,0.80084,0.92683,76; 6; 5; 5; 82; 4; 5; 5
5,9,0.31719,0.55556,5; 9; 8; 26; 9; 7; 20; 12
42,48,0.77988,0.875,42; 15; 17; 11; 48; 16; 11; 9
41,75,0.67255,0.54667,41; 11; 4; 13; 75; 3; 7; 7
14,82,0.36039,0.17073,14; 25; 20; 5; 82; 3; 3; 3
50,53,0.84226,0.9434,50; 3; 3; 11; 53; 5; 8; 8
7,10,0.40152,0.7,7; 10; 13; 4; 10; 29; 21; 14
11,49,0.22865,0.22449,11; 22; 18; 16; 49; 13; 3; 4
72,77,0.83103,0.93506,72; 6; 4; 3; 77; 4; 6; 3
35,63,0.60036,0.55556,35; 10; 7; 12; 63; 4; 3; 4
11,42,0.27092,0.2619,11; 24; 18; 19; 42; 4; 3; 13
16,26,0.63169,0.61538,16; 12; 24; 10; 26; 4; 18; 20
9,77,0.18753,0.11688,9; 21; 4; 9; 77; 7; 6; 5
41,64,0.66262,0.64062,41; 17; 8; 11; 64; 11; 5; 10
39,75,0.63174,0.52,39; 17; 13; 5; 75; 3; 7; 5
8,9,0.39603,0.88889,8; 3; 18; 27; 9; 25; 6; 3
76,77,0.73425,0.98701,76; 7; 4; 3; 77; 5; 4; 4
27,49,0.53587,0.55102,27; 23; 3; 4; 49; 13; 14; 5
22,32,0.7546,0.6875,22; 25; 23; 15; 32; 8; 18; 7
8,10,0.41898,0.8,8; 8; 26; 17; 10; 18; 28; 9
41,42,0.83102,0.97619,41; 6; 4; 5; 42; 14; 10; 10
9,64,0.16583,0.14062,9; 28; 10; 24; 64; 5; 3; 7
47,53,0.81282,0.88679,47; 16; 4; 11; 53; 3; 3; 7
70,82,0.72572,0.85366,70; 4; 5; 8; 82; 4; 3; 3
50,53,0.84957,0.9434,50; 5; 6; 13; 53; 3; 4; 3
43,49,0.79781,0.87755,43; 17; 4; 13; 49; 15; 8; 16
58,77,0.89989,0.75325,58; 12; 8; 6; 77; 5; 7; 3
11,49,0.22491,0.22449,11; 17; 3; 4; 49; 4; 3; 10
24,32,0.77843,0.75,24; 24; 23; 3; 32; 11; 20; 5
49,70,0.78319,0.7,49; 14; 4; 4; 70; 9; 3; 3
46,48,0.78425,0.95833,46; 8; 6; 13; 48; 11; 6; 4
57,63,0.94995,0.90476,57; 11; 8; 13; 63; 3; 5; 5
28,48,0.60649,0.58333,28; 19; 4; 11; 48; 4; 5; 3
30,49,0.61951,0.61224,30; 14; 19; 3; 49; 6; 3; 10
33,49,0.68665,0.67347,33; 9; 13; 15; 49; 5; 4; 6
20,26,0.69205,0.76923,20; 12; 25; 25; 26; 22; 8; 4
62,70,0.9068,0.88571,62; 10; 10; 11; 70; 9; 7; 7
5,53,0.11014,0.09434,5; 27; 28; 28; 53; 13; 4; 15
35,42,0.86083,0.83333,35; 13; 21; 11; 42; 4; 3; 3
6,49,0.12637,0.12245,6; 26; 12; 28; 49; 3; 5; 9
46,48,0.85234,0.95833,46; 17; 7; 9; 48; 4; 5; 14
10,48,0.22894,0.20833,10; 6; 17; 4; 48; 16; 15; 4
24,26,0.83553,0.92308,24; 19; 20; 12; 26; 11; 6; 11
29,64,0.50136,0.45312,29; 22; 10; 20; 64; 10; 10; 3
55,82,0.85269,0.67073,55; 12; 5; 10; 82; 3; 3; 3
6,10,0.36365,0.6,6; 26; 16; 26; 10; 7; 21; 4
28,64,0.48145,0.4375,28; 7; 20; 16; 64; 8; 9; 8
9,42,0.22952,0.21429,9; 16; 4; 4; 42; 9; 5; 11
66,77,0.84003,0.85714,66; 9; 5; 6; 77; 7; 7; 5
9,53,0.19454,0.16981,9; 9; 15; 6; 53; 8; 5; 9
16,70,0.30526,0.22857,16; 19; 16; 3; 70; 5; 9; 9
23,26,0.79965,0.88462,23; 15; 6; 18; 26; 9; 7; 15
47,64,0.7969,0.73438,47; 3; 5; 16; 64; 6; 7; 6
47,48,0.80217,0.97917,47; 8; 13; 10; 48; 9; 16; 9
6,31,0.19468,0.19355,6; 22; 13; 12; 31; 5; 18; 12
18,26,0.62009,0.69231,18; 7; 18; 6; 26; 20; 13; 4
30,31,0.79195,0.96774,30; 18; 16; 18; 31; 12; 20; 9
6,63,0.10264,0.09524,6; 8; 19; 30; 63; 4; 10; 7
61,70,0.89841,0.87143,61; 11; 9; 12; 70; 5; 8; 6
17,82,0.36594,0.20732,17; 24; 12; 19; 82; 5; 3; 5
28,31,0.72099,0.90323,28; 20; 6; 23; 31; 6; 6; 4
28,75,0.47693,0.37333,28; 11; 22; 19; 75; 7; 6; 4
25,48,0.52612,0.52083,25; 17; 12; 3; 48; 11; 8; 14
69,78,0.85826,0.88462,69; 8; 8; 4; 78; 5; 5; 4
16,42,0.40088,0.38095,16; 7; 19; 25; 42; 7; 5; 7
6,78,0.14513,0.07692,6; 19; 8; 17; 78; 4; 4; 5
45,63,0.7221,0.71429,45; 12; 7; 17; 63; 3; 9; 11
15,64,0.27456,0.23438,15; 7; 10; 25; 64; 8; 9; 4
8,9,0.41222,0.88889,8; 27; 18; 3; 9; 27; 11; 12
15,31,0.47903,0.48387,15; 11; 26; 13; 31; 4; 8; 6
61,82,0.86497,0.7439,61; 9; 6; 12; 82; 5; 5; 4
15,82,0.29649,0.18293,15; 6; 8; 5; 82; 5; 5; 4
42,64,0.73427,0.65625,42; 12; 18; 16; 64; 5; 6; 6
25,70,0.42905,0.35714,25; 8; 14; 6; 70; 7; 4; 3
53,75,0.86489,0.70667,53; 6; 7; 6; 75; 3; 5; 6
8,78,0.17128,0.10256,8; 17; 6; 17; 78; 3; 6; 6
26,63,0.46574,0.4127,26; 5; 7; 21; 63; 10; 11; 5
38,63,0.65147,0.60317,38; 8; 14; 14; 63; 5; 5; 6
17,31,0.54504,0.54839,17; 23; 6; 12; 31; 10; 12; 11
10,63,0.22815,0.15873,10; 29; 9; 16; 63; 6; 10; 7
16,32,0.51311,0.5,16; 6; 5; 4; 32; 9; 3; 8
7,49,0.17248,0.14286,7; 23; 30; 13; 49; 11; 3; 16
6,48,0.12473,0.125,6; 30; 13; 4; 48; 4; 9; 16
13,26,0.48702,0.5,13; 9; 9; 23; 26; 4; 12; 13
5,10,0.33775,0.5,5; 12; 28; 14; 10; 25; 11; 16
39,75,0.62198,0.52,39; 12; 17; 19; 75; 7; 6; 4
43,78,0.69929,0.55128,43; 11; 3; 12; 78; 3; 3; 4
29,42,0.71179,0.69048,29; 7; 20; 18; 42; 14; 6; 6
71,82,0.85571,0.86585,71; 5; 8; 7; 82; 5; 3; 3
67,77,0.7781,0.87013,67; 3; 8; 5; 77; 5; 4; 7
29,78,0.50817,0.37179,29; 8; 15; 22; 78; 6; 5; 3
33,42,0.78103,0.78571,33; 17; 15; 4; 42; 12; 17; 17
15,31,0.5015,0.48387,15; 9; 4; 8; 31; 18; 21; 3
5,9,0.33454,0.55556,5; 26; 20; 5; 9; 19; 21; 22
72,82,0.81792,0.87805,72; 4; 5; 4; 82; 5; 4; 3
23,26,0.77344,0.88462,23; 24; 20; 17; 26; 17; 8; 19
48,63,0.79437,0.7619,48; 4; 12; 5; 63; 6; 7; 11
6,42,0.15676,0.14286,6; 7; 21; 26; 42; 13; 7; 9
15,63,0.27669,0.2381,15; 12; 9; 23; 63; 4; 4; 10
45,48,0.77987,0.9375,45; 15; 3; 5; 48; 8; 10; 4
17,82,0.35009,0.20732,17; 11; 24; 4; 82; 5; 3; 4
75,78,0.82575,0.96154,75; 5; 3; 5; 78; 3; 5; 3
6,31,0.224,0.19355,6; 11; 3; 26; 31; 22; 19; 19
30,42,0.73966,0.71429,30; 7; 18; 15; 42; 18; 18; 13
8,10,0.41408,0.8,8; 5; 6; 23; 10; 17; 16; 29
8,75,0.13568,0.10667,8; 3; 17; 7; 75; 3; 6; 3
16,53,0.29872,0.30189,16; 12; 16; 22; 53; 15; 13; 5
39,64,0.63977,0.60938,39; 14; 16; 15; 64; 11; 5; 11
55,82,0.82742,0.67073,55; 12; 8; 4; 82; 5; 5; 3
21,31,0.66528,0.67742,21; 23; 16; 14; 31; 22; 20; 16
31,32,0.80238,0.96875,31; 5; 22; 21; 32; 14; 13; 14
60,77,0.8734,0.77922,60; 11; 9; 10; 77; 6; 5; 5
45,48,0.80504,0.9375,45; 14; 11; 6; 48; 3; 4; 4
24,75,0.43549,0.32,24; 17; 5; 4; 75; 7; 7; 4
17,53,0.33937,0.32075,17; 15; 22; 23; 53; 8; 3; 14
47,53,0.81622,0.88679,47; 16; 17; 7; 53; 3; 5; 7
24,26,0.7962,0.92308,24; 16; 16; 7; 26; 24; 19; 20
7,63,0.12984,0.11111,7; 15; 4; 10; 63; 9; 3; 9
11,32,0.38637,0.34375,11; 5; 26; 11; 32; 20; 6; 3
22,31,0.6572,0.70968,22; 8; 11; 11; 31; 3; 13; 22
5,42,0.10955,0.11905,5; 10; 7; 22; 42; 18; 11; 10
30,75,0.53593,0.4,30; 15; 16; 16; 75; 4; 3; 3
31,75,0.50425,0.41333,31; 22; 16; 11; 75; 7; 3; 3
19,63,0.3425,0.30159,19; 7; 11; 8; 63; 7; 7; 6
80,82,0.81442,0.97561,80; 3; 5; 4; 82; 3; 5; 5
24,26,0.83495,0.92308,24; 14; 22; 5; 26; 15; 12; 5
11,70,0.19755,0.15714,11; 10; 15; 16; 70; 4; 3; 9
30,31,0.80942,0.96774,30; 9; 14; 14; 31; 13; 17; 14
7,9,0.34152,0.77778,7; 23; 29; 30; 9; 24; 24; 11
42,75,0.71688,0.56,42; 6; 16; 12; 75; 6; 5; 5
20,26,0.66701,0.76923,20; 6; 14; 14; 26; 18; 16; 17
37,82,0.63151,0.45122,37; 18; 8; 12; 82; 3; 3; 3
19,64,0.3447,0.29688,19; 18; 9; 14; 64; 6; 6; 8
31,78,0.53224,0.39744,31; 3; 9; 15; 78; 5; 6; 3
41,64,0.67368,0.64062,41; 5; 13; 17; 64; 3; 7; 8
5,10,0.27349,0.5,5; 5; 26; 12; 10; 6; 12; 10
24,48,0.54398,0.5,24; 21; 18; 24; 48; 16; 16; 9
18,48,0.39959,0.375,18; 17; 18; 26; 48; 7; 13; 12
43,82,0.68474,0.52439,43; 12; 8; 18; 82; 5; 4; 3
21,75,0.38829,0.28,21; 6; 5; 25; 75; 7; 6; 3
61,70,0.90275,0.87143,61; 9; 3; 6; 70; 8; 3; 4
43,49,0.81291,0.87755,43; 9; 11; 9; 49; 11; 5; 11
8,9,0.43155,0.88889,8; 5; 30; 10; 9; 18; 23; 16
65,75,0.84327,0.86667,65; 6; 4; 8; 75; 3; 3; 4
13,63,0.22121,0.20635,13; 26; 9; 9; 63; 7; 5; 7
8,64,0.14717,0.125,8; 30; 16; 25; 64; 7; 7; 9
8,64,0.12641,0.125,8; 19; 18; 10; 64; 4; 4; 6
18,78,0.34809,0.23077,18; 11; 26; 24; 78; 6; 6; 6
54,75,0.83966,0.72,54; 13; 10; 7; 75; 4; 4; 4
50,77,0.81298,0.64935,50; 4; 3; 16; 77; 4; 6; 5
19,49,0.38584,0.38776,19; 25; 3; 20; 49; 10; 10; 8
17,48,0.34488,0.35417,17; 14; 18; 21; 48; 16; 3; 15
74,78,0.75519,0.94872,74; 4; 5; 5; 78; 4; 4; 5
41,49,0.76778,0.83673,41; 3; 9; 5; 49; 6; 13; 11
9,10,0.4589,0.9,9; 5; 22; 7; 10; 21; 24; 19
8,9,0.40463,0.88889,8; 23; 6; 8; 9; 10; 27; 13
65,70,0.85022,0.92857,65; 5; 7; 10; 70; 7; 8; 6
23,26,0.78141,0.88462,23; 5; 23; 7; 26; 17; 8; 17
6,10,0.39885,0.6,6; 5; 11; 16; 10; 28; 9; 13
23,49,0.46512,0.46939,23; 24; 3; 15; 49; 3; 8; 12
36,42,0.87236,0.85714,36; 17; 8; 14; 42; 3; 7; 6
36,75,0.61149,0.48,36; 11; 6; 10; 75; 6; 7; 7
23,48,0.48147,0.47917,23; 4; 13; 17; 48; 5; 14; 13
55,78,0.87045,0.70513,55; 5; 11; 3; 78; 3; 4; 4
7,10,0.39728,0.7,7; 7; 11; 30; 10; 21; 5; 15
5,32,0.19074,0.15625,5; 27; 17; 28; 32; 3; 9; 20
51,82,0.77956,0.62195,51; 10; 3; 8; 82; 5; 4; 3
5,9,0.32557,0.55556,5; 15; 28; 27; 9; 26; 20; 6
14,70,0.25952,0.2,14; 4; 18; 25; 70; 7; 6; 7
20,42,0.48754,0.47619,20; 6; 20; 15; 42; 6; 3; 9
9,64,0.17021,0.14062,9; 8; 8; 9; 64; 3; 4; 4
12,53,0.2198,0.22642,12; 15; 27; 11; 53; 5; 3; 14
25,49,0.50731,0.5102,25; 17; 12; 24; 49; 16; 3; 9
23,75,0.42618,0.30667,23; 6; 8; 6; 75; 6; 7; 3
5,10,0.31091,0.5,5; 25; 5; 30; 10; 5; 6; 22
17,77,0.33203,0.22078,17; 26; 12; 25; 77; 7; 7; 3
58,75,0.87932,0.77333,58; 8; 7; 13; 75; 4; 3; 4
17,31,0.52097,0.54839,17; 10; 11; 4; 31; 7; 7; 20
45,78,0.71713,0.57692,45; 16; 9; 16; 78; 4; 4; 3
5,77,0.13362,0.06494,5; 15; 29; 7; 77; 6; 7; 4
7,26,0.29971,0.26923,7; 29; 24; 8; 26; 18; 4; 4
7,9,0.36804,0.77778,7; 29; 9; 13; 9; 19; 7; 29
43,75,0.66464,0.57333,43; 11; 3; 8; 75; 7; 4; 7
25,48,0.57181,0.52083,25; 22; 24; 22; 48; 11; 4; 15
5,42,0.14633,0.11905,5; 5; 23; 7; 42; 7; 5; 18
30,49,0.65881,0.61224,30; 22; 15; 20; 49; 14; 8; 13
71,75,0.81812,0.94667,71; 6; 3; 8; 75; 5; 7; 3
33,42,0.79416,0.78571,33; 14; 20; 5; 42; 13; 11; 10
13,26,0.45865,0.5,13; 7; 12; 21; 26; 12; 17; 16
13,53,0.23036,0.24528,13; 21; 13; 26; 53; 9; 14; 12
8,64,0.15282,0.125,8; 15; 16; 24; 64; 11; 5; 10
13,49,0.27033,0.26531,13; 18; 28; 7; 49; 8; 9; 9
25,42,0.58049,0.59524,25; 21; 17; 9; 42; 10; 17; 3
32,42,0.73298,0.7619,32; 12; 15; 12; 42; 18; 10; 18
44,49,0.78367,0.89796,44; 14; 16; 9; 49; 14; 7; 13
6,10,0.35214,0.6,6; 8; 30; 17; 10; 8; 27; 4
13,26,0.47268,0.5,13; 6; 19; 22; 26; 7; 4; 5
49,75,0.77613,0.65333,49; 5; 4; 13; 75; 3; 3; 4
18,49,0.36928,0.36735,18; 9; 26; 5; 49; 6; 11; 7
5,9,0.26814,0.55556,5; 12; 24; 22; 9; 26; 21; 29
26,64,0.44573,0.40625,26; 8; 13; 21; 64; 10; 11; 7
14,48,0.32428,0.29167,14; 28; 22; 27; 48; 5; 9; 11
12,64,0.21678,0.1875,12; 21; 5; 20; 64; 9; 4; 8
26,31,0.74889,0.83871,26; 13; 12; 10; 31; 22; 19; 8
47,64,0.81537,0.73438,47; 8; 15; 16; 64; 4; 10; 5
20,31,0.64297,0.64516,20; 19; 20; 21; 31; 5; 14; 11
23,32,0.6618,0.71875,23; 14; 10; 21; 32; 8; 3; 7
8,9,0.39949,0.88889,8; 6; 29; 9; 9; 11; 7; 21
13,49,0.2696,0.26531,13; 11; 19; 6; 49; 13; 11; 10
13,49,0.26486,0.26531,13; 15; 5; 3; 49; 8; 9; 7
39,82,0.6045,0.47561,39; 5; 18; 11; 82; 5; 4; 4
58,77,0.87158,0.75325,58; 13; 7; 3; 77; 4; 5; 5
53,63,0.87829,0.84127,53; 3; 4; 5; 63; 6; 8; 8
19,42,0.46274,0.45238,19; 22; 5; 22; 42; 9; 9; 6
31,64,0.55085,0.48438,31; 13; 17; 11; 64; 9; 3; 10
34,48,0.72422,0.70833,34; 4; 6; 19; 48; 11; 8; 13
9,10,0.48427,0.9,9; 19; 25; 21; 10; 9; 21; 21
49,70,0.82366,0.7,49; 14; 15; 5; 70; 4; 3; 7
12,48,0.24954,0.25,12; 18; 28; 22; 48; 16; 4; 9
7,49,0.16451,0.14286,7; 24; 25; 6; 49; 12; 15; 14
13,77,0.26523,0.16883,13; 10; 14; 4; 77; 6; 4; 6
7,10,0.32166,0.7,7; 3; 9; 9; 10; 13; 22; 22
40,42,0.88028,0.95238,40; 8; 16; 16; 42; 3; 9; 17
9,10,0.42977,0.9,9; 26; 25; 17; 10; 23; 4; 10
34,42,0.8238,0.80952,34; 5; 9; 5; 42; 17; 3; 15
24,26,0.76464,0.92308,24; 12; 13; 20; 26; 17; 14; 17
9,77,0.22885,0.11688,9; 23; 5; 9; 77; 7; 3; 3
14,26,0.51436,0.53846,14; 25; 7; 7; 26; 8; 18; 23
13,82,0.29218,0.15854,13; 3; 19; 15; 82; 4; 3; 4
20,42,0.48755,0.47619,20; 18; 4; 26; 42; 17; 13; 13
24,53,0.48317,0.45283,24; 4; 14; 19; 53; 4; 13; 7
53,63,0.87067,0.84127,53; 15; 13; 12; 63; 11; 4; 11
18,63,0.33647,0.28571,18; 17; 20; 19; 63; 4; 3; 3
5,48,0.14559,0.10417,5; 24; 15; 21; 48; 3; 4; 4
18,32,0.60451,0.5625,18; 16; 8; 23; 32; 19; 16; 5
29,42,0.6866,0.69048,29; 23; 10; 9; 42; 10; 18; 10
49,63,0.79826,0.77778,49; 16; 7; 16; 63; 5; 9; 3
22,42,0.5105,0.52381,22; 19; 16; 17; 42; 5; 12; 18
17,78,0.33054,0.21795,17; 18; 20; 19; 78; 4; 4; 5
15,48,0.3366,0.3125,15; 8; 9; 24; 48; 11; 10; 13
40,49,0.78006,0.81633,40; 12; 15; 11; 49; 16; 7; 10
14,53,0.27665,0.26415,14; 7; 24; 19; 53; 8; 11; 15
11,31,0.37829,0.35484,11; 24; 9; 8; 31; 22; 10; 5
37,70,0.63771,0.52857,37; 8; 3; 17; 70; 9; 7; 8
20,70,0.35548,0.28571,20; 9; 14; 19; 70; 4; 4; 9
21,32,0.64436,0.65625,21; 8; 16; 19; 32; 17; 19; 8
40,82,0.58706,0.4878,40; 7; 9; 5; 82; 5; 4; 3
26,32,0.71634,0.8125,26; 16; 20; 17; 32; 6; 19; 6
12,53,0.24187,0.22642,12; 21; 13; 13; 53; 14; 5; 10
39,78,0.61019,0.5,39; 9; 13; 19; 78; 6; 5; 3
25,82,0.50872,0.30488,25; 18; 19; 12; 82; 4; 4; 4
39,63,0.65955,0.61905,39; 12; 15; 8; 63; 7; 9; 4
10,26,0.38009,0.38462,10; 17; 6; 11; 26; 17; 16; 14
14,64,0.27876,0.21875,14; 24; 9; 12; 64; 4; 8; 5
8,9,0.39897,0.88889,8; 15; 9; 23; 9; 29; 16; 20
21,63,0.3599,0.33333,21; 17; 3; 14; 63; 11; 4; 8
8,10,0.41158,0.8,8; 4; 26; 20; 10; 16; 27; 18
10,31,0.34269,0.32258,10; 29; 11; 18; 31; 6; 7; 21
45,49,0.81232,0.91837,45; 4; 12; 5; 49; 15; 16; 14
38,48,0.86145,0.79167,38; 18; 13; 16; 48; 8; 4; 8
8,9,0.41693,0.88889,8; 19; 14; 24; 9; 17; 19; 26
36,64,0.57932,0.5625,36; 3; 12; 5; 64; 8; 9; 6
17,32,0.55001,0.53125,17; 7; 23; 23; 32; 22; 9; 16
25,26,0.74601,0.96154,25; 19; 4; 13; 26; 17; 23; 14
22,48,0.46818,0.45833,22; 13; 9; 15; 48; 9; 6; 13
41,64,0.68574,0.64062,41; 8; 5; 8; 64; 8; 6; 3
6,9,0.34267,0.66667,6; 27; 25; 24; 9; 4; 29; 19
17,26,0.60713,0.65385,17; 17; 24; 27; 26; 13; 15; 21
56,75,0.88014,0.74667,56; 3; 9; 10; 75; 3; 7; 7
19,32,0.54267,0.59375,19; 20; 4; 20; 32; 13; 9; 20
30,42,0.77006,0.71429,30; 9; 12; 22; 42; 3; 4; 14
72,78,0.83075,0.92308,72; 3; 7; 7; 78; 5; 4; 6
27,53,0.51789,0.50943,27; 4; 17; 17; 53; 3; 11; 4
7,26,0.29398,0.26923,7; 9; 21; 16; 26; 18; 7; 12
6,9,0.32312,0.66667,6; 19; 20; 20; 9; 13; 12; 28
53,75,0.87656,0.70667,53; 4; 6; 6; 75; 5; 3; 7
43,53,0.75617,0.81132,43; 16; 14; 17; 53; 12; 15; 14
5,63,0.10695,0.07937,5; 28; 14; 10; 63; 8; 3; 3
29,42,0.66138,0.69048,29; 14; 12; 4; 42; 6; 14; 7
21,31,0.69439,0.67742,21; 25; 21; 9; 31; 14; 7; 13
16,48,0.35098,0.33333,16; 7; 6; 13; 48; 5; 13; 15
51,64,0.82939,0.79688,51; 7; 13; 10; 64; 5; 5; 10
7,9,0.35611,0.77778,7; 10; 12; 14; 9; 19; 13; 7
66,75,0.83336,0.88,66; 10; 10; 10; 75; 6; 4; 6
22,75,0.41116,0.29333,22; 6; 4; 9; 75; 7; 7; 7
7,9,0.35617,0.77778,7; 18; 3; 8; 9; 16; 14; 13
41,77,0.6485,0.53247,41; 13; 19; 16; 77; 5; 4; 4
30,42,0.66268,0.71429,30; 5; 5; 14; 42; 6; 10; 16
67,70,0.90643,0.95714,67; 10; 10; 6; 70; 7; 6; 7
6,10,0.36749,0.6,6; 14; 28; 23; 10; 10; 8; 21
5,10,0.29762,0.5,5; 28; 20; 30; 10; 17; 26; 3
7,48,0.1508,0.14583,7; 6; 25; 30; 48; 6; 3; 5
46,49,0.78991,0.93878,46; 9; 17; 7; 49; 5; 13; 3
9,32,0.30686,0.28125,9; 15; 20; 13; 32; 13; 21; 15
74,78,0.75597,0.94872,74; 6; 8; 3; 78; 5; 3; 6
40,42,0.8563,0.95238,40; 13; 11; 11; 42; 13; 11; 7
47,49,0.80582,0.95918,47; 6; 17; 14; 49; 7; 9; 9
5,9,0.298,0.55556,5; 15; 10; 31; 9; 28; 8; 17
43,63,0.70647,0.68254,43; 9; 16; 18; 63; 4; 10; 5
50,63,0.88177,0.79365,50; 16; 3; 8; 63; 8; 7; 3
23,26,0.78266,0.88462,23; 7; 20; 8; 26; 9; 21; 23
28,53,0.52696,0.5283,28; 18; 8; 9; 53; 4; 7; 9
9,10,0.45513,0.9,9; 4; 25; 28; 10; 22; 4; 22
14,32,0.43516,0.4375,14; 3; 16; 11; 32; 4; 20; 4
18,82,0.35388,0.21951,18; 24; 4; 3; 82; 5; 3; 5
39,77,0.64466,0.50649,39; 18; 14; 6; 77; 4; 7; 5
27,64,0.45879,0.42188,27; 14; 18; 5; 64; 8; 5; 7
45,64,0.74222,0.70312,45; 15; 16; 9; 64; 7; 6; 9
63,82,0.85013,0.76829,63; 5; 10; 9; 82; 3; 4; 4
5,10,0.21207,0.5,5; 30; 4; 26; 10; 19; 10; 29
5,70,0.07982,0.07143,5; 3; 12; 25; 70; 8; 3; 6
9,82,0.1873,0.10976,9; 14; 4; 12; 82; 5; 4; 4
66,75,0.84108,0.88,66; 8; 6; 8; 75; 4; 5; 4
30,49,0.6406,0.61224,30; 21; 13; 5; 49; 13; 16; 5
8,10,0.40554,0.8,8; 27; 9; 29; 10; 20; 5; 18
49,82,0.67168,0.59756,49; 15; 16; 9; 82; 3; 4; 4
24,32,0.75639,0.75,24; 12; 3; 21; 32; 4; 10; 6
14,53,0.27468,0.26415,14; 12; 23; 27; 53; 12; 7; 8
46,82,0.67926,0.56098,46; 5; 7; 10; 82; 5; 5; 4
21,64,0.36848,0.32812,21; 17; 18; 6; 64; 8; 10; 6
8,9,0.43285,0.88889,8; 11; 24; 24; 9; 28; 15; 8
5,64,0.10141,0.07812,5; 28; 30; 29; 64; 4; 7; 7
22,48,0.50125,0.45833,22; 20; 23; 15; 48; 13; 14; 4
24,75,0.42145,0.32,24; 6; 20; 16; 75; 3; 3; 3
19,31,0.61692,0.6129,19; 5; 20; 5; 31; 6; 16; 21
7,9,0.37917,0.77778,7; 23; 26; 24; 9; 18; 3; 15
8,9,0.40306,0.88889,8; 10; 13; 5; 9; 12; 3; 20
57,82,0.83028,0.69512,57; 5; 10; 10; 82; 3; 4; 3
11,63,0.20664,0.1746,11; 7; 21; 18; 63; 6; 7; 8
17,77,0.34152,0.22078,17; 25; 11; 15; 77; 5; 4; 3
32,78,0.5424,0.41026,32; 22; 17; 11; 78; 3; 4; 4
6,10,0.33717,0.6,6; 21; 20; 27; 10; 8; 9; 11
5,32,0.19731,0.15625,5; 16; 22; 4; 32; 3; 18; 18
31,49,0.68916,0.63265,31; 20; 9; 7; 49; 3; 15; 9
53,78,0.83172,0.67949,53; 13; 10; 14; 78; 5; 3; 3
61,77,0.83528,0.79221,61; 4; 7; 8; 77; 5; 6; 5
27,31,0.75412,0.87097,27; 10; 6; 15; 31; 16; 15; 11
17,63,0.2936,0.26984,17; 22; 16; 15; 63; 9; 11; 7
37,64,0.63773,0.57812,37; 5; 4; 17; 64; 7; 9; 4
38,42,0.89919,0.90476,38; 12; 9; 12; 42; 17; 18; 16
7,31,0.26198,0.22581,7; 17; 12; 3; 31; 8; 20; 15
12,53,0.24245,0.22642,12; 6; 23; 6; 53; 8; 6; 7
6,10,0.37083,0.6,6; 29; 24; 3; 10; 14; 23; 23
43,49,0.81399,0.87755,43; 16; 18; 5; 49; 3; 6; 15
44,53,0.84345,0.83019,44; 8; 13; 16; 53; 12; 14; 6
6,32,0.234,0.1875,6; 19; 5; 4; 32; 5; 12; 20
40,64,0.65365,0.625,40; 9; 5; 16; 64; 11; 9; 11
9,26,0.32268,0.34615,9; 11; 16; 15; 26; 16; 19; 17
26,42,0.58829,0.61905,26; 22; 8; 13; 42; 13; 5; 10
48,63,0.81938,0.7619,48; 7; 11; 4; 63; 10; 10; 8
6,9,0.29706,0.66667,6; 12; 11; 27; 9; 11; 25; 7
73,82,0.71146,0.89024,73; 3; 7; 4; 82; 4; 4; 3
9,70,0.16593,0.12857,9; 5; 6; 14; 70; 6; 5; 8
48,77,0.76577,0.62338,48; 15; 5; 15; 77; 3; 4; 6
18,26,0.67,0.69231,18; 24; 9; 5; 26; 5; 12; 13
17,78,0.33145,0.21795,17; 7; 25; 23; 78; 3; 3; 4
56,63,0.96324,0.88889,56; 6; 14; 12; 63; 4; 6; 6
37,42,0.82997,0.88095,37; 10; 3; 3; 42; 11; 16; 12
58,70,0.89236,0.82857,58; 3; 10; 5; 70; 4; 4; 5
6,9,0.32656,0.66667,6; 18; 24; 6; 9; 25; 10; 29
5,53,0.09197,0.09434,5; 18; 25; 25; 53; 3; 6; 8
27,53,0.51995,0.50943,27; 22; 23; 13; 53; 9; 7; 12
11,26,0.47431,0.42308,11; 15; 6; 25; 26; 20; 5; 10
16,53,0.313,0.30189,16; 26; 10; 19; 53; 5; 8; 11
5,63,0.0813,0.07937,5; 22; 28; 20; 63; 3; 9; 8
62,64,0.90825,0.96875,62; 10; 9; 3; 64; 5; 11; 7
24,42,0.57394,0.57143,24; 12; 6; 16; 42; 13; 6; 7
48,82,0.79027,0.58537,48; 16; 9; 12; 82; 3; 4; 5
51,70,0.78779,0.72857,51; 13; 5; 10; 70; 6; 4; 8
29,31,0.7803,0.93548,29; 16; 15; 23; 31; 6; 22; 12
19,26,0.74139,0.73077,19; 14; 26; 11; 26; 11; 24; 10
44,48,0.83985,0.91667,44; 5; 9; 6; 48; 6; 4; 13
10,53,0.22726,0.18868,10; 6; 15; 21; 53; 5; 11; 3
42,77,0.68555,0.54545,42; 6; 16; 10; 77; 7; 6; 4
33,49,0.68744,0.67347,33; 16; 21; 9; 49; 13; 5; 11
44,49,0.75884,0.89796,44; 10; 8; 8; 49; 5; 15; 14
44,49,0.80239,0.89796,44; 6; 6; 13; 49; 10; 11; 10
13,82,0.27539,0.15854,13; 24; 10; 3; 82; 5; 3; 4
30,31,0.80594,0.96774,30; 21; 4; 6; 31; 9; 6; 14
65,82,0.81945,0.79268,65; 4; 6; 8; 82; 3; 4; 4
69,77,0.84097,0.8961,69; 3; 8; 7; 77; 7; 5; 6
65,70,0.90679,0.92857,65; 3; 8; 11; 70; 5; 9; 3
24,32,0.73289,0.75,24; 22; 15; 3; 32; 21; 14; 19
47,48,0.80819,0.97917,47; 7; 16; 10; 48; 14; 14; 15
19,70,0.32981,0.27143,19; 7; 18; 13; 70; 9; 4; 9
12,70,0.22702,0.17143,12; 26; 18; 10; 70; 7; 3; 5
34,78,0.54258,0.4359,34; 15; 14; 17; 78; 6; 3; 5
11,64,0.20851,0.17188,11; 11; 17; 7; 64; 9; 7; 8
7,75,0.16538,0.09333,7; 29; 21; 11; 75; 3; 3; 4
18,70,0.31088,0.25714,18; 12; 23; 16; 70; 4; 8; 6
5,9,0.28456,0.55556,5; 6; 7; 3; 9; 19; 13; 21
5,64,0.11133,0.07812,5; 16; 23; 14; 64; 4; 10; 7
55,75,0.87645,0.73333,55; 10; 11; 7; 75; 7; 7; 4
73,82,0.78064,0.89024,73; 6; 8; 6; 82; 5; 3; 5
8,9,0.38437,0.88889,8; 7; 20; 20; 9; 28; 23; 16
21,64,0.3889,0.32812,21; 3; 9; 17; 64; 5; 6; 7
19,48,0.39374,0.39583,19; 22; 13; 9; 48; 16; 14; 16
18,31,0.55027,0.58065,18; 18; 11; 21; 31; 10; 7; 11
46,48,0.83482,0.95833,46; 3; 7; 8; 48; 10; 8; 7
77,82,0.76459,0.93902,77; 3; 4; 7; 82; 5; 3; 5
40,82,0.59982,0.4878,40; 4; 10; 19; 82; 5; 4; 3
38,70,0.62894,0.54286,38; 7; 10; 16; 70; 5; 4; 8
13,77,0.27711,0.16883,13; 7; 12; 23; 77; 3; 4; 4
8,31,0.26423,0.25806,8; 27; 6; 15; 31; 16; 6; 13
18,32,0.61033,0.5625,18; 8; 25; 7; 32; 13; 19; 5
60,70,0.8953,0.85714,60; 9; 8; 6; 70; 6; 6; 9
76,77,0.78088,0.98701,76; 3; 3; 7; 77; 5; 4; 3
45,64,0.73389,0.70312,45; 5; 12; 7; 64; 4; 6; 6
18,32,0.57022,0.5625,18; 16; 17; 6; 32; 15; 17; 12
71,77,0.84101,0.92208,71; 6; 7; 4; 77; 4; 6; 5
8,77,0.17722,0.1039,8; 18; 6; 25; 77; 7; 4; 7
47,77,0.70997,0.61039,47; 16; 13; 8; 77; 7; 3; 4
61,77,0.86017,0.79221,61; 11; 12; 9; 77; 7; 6; 3
21,26,0.85234,0.80769,21; 8; 15; 11; 26; 12; 11; 20
8,31,0.27712,0.25806,8; 16; 24; 24; 31; 3; 6; 8
31,42,0.74588,0.7381,31; 5; 10; 13; 42; 3; 12; 8
6,26,0.26914,0.23077,6; 23; 26; 12; 26; 12; 12; 3
31,48,0.67087,0.64583,31; 3; 11; 8; 48; 4; 14; 10
50,63,0.84232,0.79365,50; 5; 14; 13; 63; 7; 7; 10
31,42,0.75299,0.7381,31; 22; 16; 10; 42; 5; 9; 10
28,49,0.5545,0.57143,28; 22; 12; 15; 49; 4; 14; 6
6,9,0.34587,0.66667,6; 3; 3; 19; 9; 21; 26; 26
72,78,0.74999,0.92308,72; 3; 4; 4; 78; 3; 4; 4
21,48,0.44931,0.4375,21; 3; 18; 7; 48; 5; 14; 16
28,42,0.64732,0.66667,28; 6; 6; 11; 42; 3; 18; 3
22,53,0.46348,0.41509,22; 18; 7; 18; 53; 6; 4; 9
20,77,0.36427,0.25974,20; 14; 5; 19; 77; 3; 7; 4
36,48,0.80308,0.75,36; 4; 20; 15; 48; 11; 16; 7
50,77,0.75933,0.64935,50; 14; 4; 5; 77; 3; 6; 7
16,49,0.3357,0.32653,16; 23; 21; 24; 49; 3; 10; 13
6,10,0.36875,0.6,6; 30; 15; 5; 10; 15; 14; 4
19,75,0.35344,0.25333,19; 4; 24; 14; 75; 5; 4; 5
14,53,0.31481,0.26415,14; 15; 11; 17; 53; 12; 12; 9
8,9,0.40519,0.88889,8; 10; 14; 19; 9; 9; 10; 19
21,49,0.42934,0.42857,21; 9; 16; 13; 49; 7; 5; 13
66,77,0.8145,0.85714,66; 3; 9; 3; 77; 4; 7; 6
52,63,0.91105,0.8254,52; 4; 13; 11; 63; 11; 8; 11
17,26,0.64761,0.65385,17; 22; 10; 16; 26; 13; 6; 4
24,77,0.45053,0.31169,24; 10; 5; 4; 77; 5; 4; 6
5,42,0.15217,0.11905,5; 5; 13; 20; 42; 9; 13; 14
18,26,0.67494,0.69231,18; 18; 3; 26; 26; 10; 17; 23
9,49,0.14873,0.18367,9; 4; 20; 27; 49; 8; 8; 10
63,70,0.92066,0.9,63; 11; 3; 3; 70; 6; 5; 9
6,31,0.2384,0.19355,6; 29; 24; 17; 31; 11; 14; 5
10,48,0.21791,0.20833,10; 16; 5; 21; 48; 15; 5; 13
10,53,0.20412,0.18868,10; 18; 22; 18; 53; 3; 6; 4
19,32,0.6186,0.59375,19; 16; 16; 4; 32; 19; 12; 9
30,77,0.50537,0.38961,30; 16; 8; 12; 77; 5; 5; 4
17,31,0.50617,0.54839,17; 7; 5; 27; 31; 15; 10; 8
61,75,0.88226,0.81333,61; 6; 9; 10; 75; 5; 3; 6
19,26,0.64243,0.73077,19; 21; 16; 11; 26; 16; 16; 11
9,49,0.2224,0.18367,9; 9; 12; 24; 49; 12; 9; 10
10,32,0.35817,0.3125,10; 4; 4; 25; 32; 13; 9; 3
14,82,0.30426,0.17073,14; 11; 3; 3; 82; 3; 5; 5
26,32,0.70183,0.8125,26; 3; 3; 21; 32; 13; 16; 13
7,9,0.35185,0.77778,7; 7; 17; 3; 9; 5; 19; 5
73,82,0.64868,0.89024,73; 8; 3; 5; 82; 3; 4; 4
19,42,0.44014,0.45238,19; 25; 18; 7; 42; 16; 4; 13
29,63,0.49625,0.46032,29; 18; 16; 19; 63; 3; 4; 5
35,49,0.71618,0.71429,35; 21; 3; 13; 49; 7; 16; 3
26,31,0.70724,0.83871,26; 24; 18; 5; 31; 15; 18; 5
6,10,0.3434,0.6,6; 25; 25; 22; 10; 22; 10; 27
42,77,0.71487,0.54545,42; 5; 18; 9; 77; 6; 6; 6
16,32,0.48638,0.5,16; 27; 22; 27; 32; 22; 18; 9
35,53,0.63867,0.66038,35; 20; 12; 7; 53; 15; 4; 12
8,32,0.28913,0.25,8; 20; 11; 27; 32; 7; 18; 10
16,49,0.34978,0.32653,16; 14; 20; 6; 49; 6; 13; 14
24,49,0.50811,0.4898,24; 3; 5; 19; 49; 13; 14; 9
22,77,0.41888,0.28571,22; 25; 7; 20; 77; 7; 4; 3
68,78,0.76957,0.87179,68; 10; 7; 7; 78; 4; 5; 4
42,75,0.68411,0.56,42; 11; 6; 17; 75; 3; 3; 3
30,82,0.4907,0.36585,30; 6; 8; 15; 82; 3; 3; 5
14,42,0.38147,0.33333,14; 10; 27; 27; 42; 14; 5; 10
9,48,0.19501,0.1875,9; 21; 22; 25; 48; 6; 9; 11
30,48,0.62604,0.625,30; 19; 10; 21; 48; 11; 13; 3
16,78,0.29863,0.20513,16; 16; 11; 7; 78; 5; 4; 4
43,53,0.82288,0.81132,43; 7; 15; 13; 53; 10; 15; 10
44,77,0.66931,0.57143,44; 11; 16; 10; 77; 6; 6; 7
47,49,0.83527,0.95918,47; 15; 6; 4; 49; 4; 11; 16
11,31,0.36053,0.35484,11; 20; 13; 23; 31; 5; 21; 6
50,64,0.83637,0.78125,50; 3; 11; 6; 64; 4; 5; 6
9,77,0.20842,0.11688,9; 5; 15; 16; 77; 6; 3; 3
11,77,0.2603,0.14286,11; 10; 20; 18; 77; 6; 7; 4
34,49,0.74626,0.69388,34; 3; 11; 17; 49; 12; 10; 16
32,49,0.61936,0.65306,32; 20; 10; 18; 49; 3; 10; 7
6,9,0.33033,0.66667,6; 25; 13; 21; 9; 4; 12; 18
45,49,0.81217,0.91837,45; 4; 4; 8; 49; 16; 10; 14
30,48,0.632,0.625,30; 19; 19; 19; 48; 12; 4; 16
59,82,0.83809,0.71951,59; 10; 4; 9; 82; 5; 3; 5
9,31,0.33292,0.29032,9; 13; 16; 28; 31; 22; 12; 11
27,49,0.54095,0.55102,27; 7; 13; 8; 49; 4; 4; 10
6,64,0.13078,0.09375,6; 28; 29; 18; 64; 4; 9; 9
37,48,0.82061,0.77083,37; 6; 8; 16; 48; 3; 15; 16
27,78,0.46846,0.34615,27; 20; 8; 23; 78; 5; 6; 4
60,82,0.75482,0.73171,60; 12; 3; 8; 82; 3; 4; 3
32,48,0.7459,0.66667,32; 13; 9; 4; 48; 11; 6; 5
30,75,0.50051,0.4,30; 12; 11; 5; 75; 4; 3; 3
50,53,0.8469,0.9434,50; 5; 10; 12; 53; 5; 8; 3
19,32,0.65583,0.59375,19; 6; 4; 3; 32; 17; 9; 7
35,70,0.59623,0.5,35; 15; 11; 8; 70; 6; 6; 5
7,9,0.37219,0.77778,7; 16; 14; 8; 9; 22; 16; 24
32,53,0.63554,0.60377,32; 14; 18; 20; 53; 14; 13; 8
27,32,0.7811,0.84375,27; 4; 14; 4; 32; 14; 16; 8
16,31,0.53589,0.51613,16; 26; 7; 23; 31; 13; 6; 10
75,77,0.82427,0.97403,75; 7; 3; 6; 77; 3; 4; 4
9,10,0.46924,0.9,9; 25; 26; 11; 10; 6; 4; 18
12,26,0.50936,0.46154,12; 23; 18; 6; 26; 18; 12; 11
5,10,0.30532,0.5,5; 7; 14; 3; 10; 28; 22; 5
24,53,0.4617,0.45283,24; 15; 5; 13; 53; 12; 13; 12
50,82,0.77085,0.60976,50; 10; 8; 16; 82; 3; 3; 4
22,78,0.3837,0.28205,22; 5; 18; 21; 78; 3; 4; 5
48,78,0.77357,0.61538,48; 7; 16; 11; 78; 3; 4; 5
30,48,0.63386,0.625,30; 21; 21; 22; 48; 6; 10; 12
37,53,0.75961,0.69811,37; 14; 9; 5; 53; 8; 6; 8
29,42,0.67144,0.69048,29; 8; 10; 9; 42; 13; 9; 8
18,70,0.3171,0.25714,18; 26; 16; 4; 70; 7; 9; 4
9,77,0.1912,0.11688,9; 10; 19; 17; 77; 4; 4; 5
33,70,0.54755,0.47143,33; 21; 18; 4; 70; 9; 5; 4
54,63,0.94628,0.85714,54; 12; 10; 5; 63; 6; 4; 7
32,48,0.67171,0.66667,32; 17; 3; 11; 48; 14; 16; 16
19,31,0.63059,0.6129,19; 22; 20; 25; 31; 3; 10; 22
28,78,0.4957,0.35897,28; 3; 9; 14; 78; 6; 3; 5
9,42,0.21599,0.21429,9; 16; 6; 20; 42; 3; 15; 9
26,42,0.61977,0.61905,26; 11; 18; 16; 42; 15; 3; 4
53,78,0.84419,0.67949,53; 15; 5; 4; 78; 3; 4; 5
16,48,0.36096,0.33333,16; 16; 5; 6; 48; 13; 7; 4
43,78,0.65652,0.55128,43; 14; 11; 5; 78; 6; 3; 3
49,77,0.76253,0.63636,49; 13; 5; 5; 77; 3; 7; 6
17,31,0.5336,0.54839,17; 24; 4; 18; 31; 8; 7; 19
45,77,0.73601,0.58442,45; 3; 7; 14; 77; 6; 5; 7
76,82,0.68644,0.92683,76; 5; 7; 7; 82; 5; 5; 3
42,64,0.724,0.65625,42; 15; 11; 10; 64; 3; 11; 8
38,49,0.81277,0.77551,38; 19; 14; 12; 49; 12; 6; 12
35,63,0.59936,0.55556,35; 6; 17; 6; 63; 7; 10; 5
61,70,0.92866,0.87143,61; 7; 4; 7; 70; 7; 9; 9
7,10,0.36328,0.7,7; 8; 30; 15; 10; 28; 28; 16
7,48,0.16313,0.14583,7; 5; 21; 16; 48; 8; 15; 16
19,31,0.56643,0.6129,19; 17; 17; 21; 31; 21; 12; 8
33,64,0.57918,0.51562,33; 11; 9; 9; 64; 6; 6; 7
63,78,0.83817,0.80769,63; 6; 5; 6; 78; 5; 4; 4
63,78,0.85705,0.80769,63; 9; 8; 11; 78; 5; 3; 3
71,75,0.86148,0.94667,71; 7; 9; 8; 75; 6; 6; 5
61,63,0.94236,0.96825,61; 7; 5; 3; 63; 7; 7; 5
7,53,0.15694,0.13208,7; 7; 25; 19; 53; 9; 15; 11
12,48,0.25606,0.25,12; 15; 28; 20; 48; 7; 5; 14
40,53,0.81195,0.75472,40; 6; 19; 13; 53; 6; 3; 11
19,64,0.33238,0.29688,19; 6; 3; 7; 64; 8; 6; 9
49,82,0.7867,0.59756,49; 12; 7; 15; 82; 3; 5; 3
40,64,0.68343,0.625,40; 17; 14; 15; 64; 11; 10; 6
7,10,0.39969,0.7,7; 11; 3; 28; 10; 8; 17; 9
39,53,0.72203,0.73585,39; 6; 12; 17; 53; 7; 12; 6
16,82,0.32157,0.19512,16; 4; 5; 26; 82; 5; 4; 5
8,9,0.36809,0.88889,8; 14; 27; 12; 9; 10; 9; 20
43,53,0.78922,0.81132,43; 7; 9; 14; 53; 10; 3; 6
25,53,0.5155,0.4717,25; 12; 13; 23; 53; 6; 15; 11
8,26,0.32148,0.30769,8; 23; 20; 22; 26; 20; 19; 24
6,10,0.36748,0.6,6; 30; 18; 14; 10; 13; 18; 12
28,82,0.49009,0.34146,28; 22; 12; 20; 82; 4; 5; 4
33,63,0.56189,0.52381,33; 9; 5; 18; 63; 6; 11; 4
46,49,0.80498,0.93878,46; 8; 16; 11; 49; 4; 6; 10
17,77,0.33355,0.22078,17; 17; 22; 10; 77; 6; 4; 5
7,10,0.38152,0.7,7; 7; 29; 21; 10; 20; 8; 5
23,42,0.51951,0.54762,23; 3; 25; 23; 42; 13; 7; 12
7,31,0.25515,0.22581,7; 11; 24; 29; 31; 22; 15; 15
43,82,0.72502,0.52439,43; 9; 10; 4; 82; 5; 3; 4
19,32,0.62257,0.59375,19; 23; 13; 5; 32; 9; 3; 13
7,10,0.42391,0.7,7; 25; 5; 9; 10; 8; 6; 21
62,75,0.88739,0.82667,62; 3; 3; 7; 75; 5; 3; 7
8,9,0.36309,0.88889,8; 14; 27; 17; 9; 21; 15; 10
44,70,0.69147,0.62857,44; 16; 13; 5; 70; 3; 8; 4
36,82,0.59298,0.43902,36; 19; 10; 19; 82; 5; 4; 5
48,78,0.71224,0.61538,48; 14; 7; 16; 78; 5; 4; 6
15,63,0.26332,0.2381,15; 4; 21; 27; 63; 9; 5; 8
42,77,0.65839,0.54545,42; 12; 8; 16; 77; 6; 3; 7
37,53,0.74126,0.69811,37; 6; 5; 20; 53; 15; 5; 4
27,53,0.49965,0.50943,27; 20; 4; 19; 53; 11; 10; 10
16,48,0.35275,0.33333,16; 19; 25; 27; 48; 5; 6; 3
5,31,0.20387,0.16129,5; 22; 5; 17; 31; 15; 13; 5
9,49,0.1591,0.18367,9; 10; 19; 16; 49; 7; 5; 4
34,42,0.84011,0.80952,34; 16; 14; 14; 42; 18; 3; 14
51,63,0.8599,0.80952,51; 15; 15; 14; 63; 5; 4; 7
22,26,0.8113,0.84615,22; 9; 17; 5; 26; 20; 8; 3
12,32,0.3679,0.375,12; 20; 17; 3; 32; 17; 22; 11
16,48,0.35156,0.33333,16; 8; 10; 16; 48; 9; 14; 11
32,53,0.64089,0.60377,32; 22; 17; 5; 53; 5; 5; 9
9,77,0.19683,0.11688,9; 27; 28; 22; 77; 7; 5; 3
34,53,0.68928,0.64151,34; 6; 7; 10; 53; 8; 13; 6
49,78,0.77889,0.62821,49; 7; 4; 10; 78; 5; 5; 3
7,31,0.25727,0.22581,7; 29; 27; 10; 31; 3; 20; 7
6,48,0.10632,0.125,6; 25; 14; 22; 48; 12; 13; 3
20,77,0.37523,0.25974,20; 18; 10; 7; 77; 6; 3; 3
5,48,0.13583,0.10417,5; 9; 26; 10; 48; 12; 8; 4
24,32,0.75206,0.75,24; 7; 18; 14; 32; 18; 21; 21
17,48,0.36914,0.35417,17; 20; 23; 17; 48; 16; 4; 16
7,10,0.42163,0.7,7; 20; 27; 8; 10; 20; 9; 21
52,64,0.86844,0.8125,52; 4; 10; 7; 64; 8; 9; 7
34,63,0.57869,0.53968,34; 17; 20; 7; 63; 5; 4; 3
37,48,0.81148,0.77083,37; 16; 5; 14; 48; 10; 15; 9
25,53,0.48287,0.4717,25; 6; 10; 22; 53; 13; 4; 13
14,26,0.56743,0.53846,14; 11; 18; 5; 26; 23; 20; 21
37,64,0.61768,0.57812,37; 12; 3; 7; 64; 4; 8; 3
51,53,0.87331,0.96226,51; 12; 15; 10; 53; 8; 14; 5
36,63,0.62294,0.57143,36; 6; 20; 8; 63; 5; 10; 4
38,70,0.61372,0.54286,38; 10; 16; 7; 70; 4; 8; 7
53,78,0.82118,0.67949,53; 11; 10; 9; 78; 5; 3; 4
14,77,0.29771,0.18182,14; 6; 6; 14; 77; 7; 6; 5
50,75,0.7316,0.66667,50; 14; 13; 11; 75; 4; 3; 4
5,26,0.24186,0.19231,5; 17; 15; 19; 26; 12; 12; 15
42,48,0.78517,0.875,42; 6; 9; 16; 48; 16; 11; 9
35,53,0.70385,0.66038,35; 10; 6; 20; 53; 4; 10; 12
49,63,0.80274,0.77778,49; 8; 7; 13; 63; 10; 11; 10
68,75,0.80705,0.90667,68; 7; 7; 5; 75; 6; 3; 7
5,10,0.28685,0.5,5; 5; 10; 6; 10; 14; 20; 12
62,70,0.90091,0.88571,62; 9; 6; 6; 70; 4; 3; 6
33,42,0.84884,0.78571,33; 6; 6; 12; 42; 13; 11; 3
34,78,0.58299,0.4359,34; 17; 12; 20; 78; 5; 5; 6
16,26,0.59133,0.61538,16; 12; 11; 16; 26; 15; 16; 18
5,70,0.09174,0.07143,5; 14; 29; 22; 70; 5; 7; 7
5,10,0.32399,0.5,5; 9; 6; 15; 10; 23; 11; 20
7,32,0.23639,0.21875,7; 20; 8; 4; 32; 21; 18; 9
8,64,0.16849,0.125,8; 4; 29; 3; 64; 10; 4; 6
7,9,0.34771,0.77778,7; 21; 20; 13; 9; 21; 27; 27
40,82,0.6504,0.4878,40; 18; 9; 19; 82; 5; 5; 3
16,82,0.39323,0.19512,16; 3; 24; 14; 82; 5; 3; 5
64,78,0.80663,0.82051,64; 5; 10; 5; 78; 6; 6; 5
34,53,0.67425,0.64151,34; 16; 20; 6; 53; 5; 14; 12
18,31,0.59099,0.58065,18; 7; 20; 25; 31; 14; 10; 6
18,82,0.37162,0.21951,18; 25; 17; 8; 82; 5; 4; 4
7,32,0.21719,0.21875,7; 27; 19; 18; 32; 17; 5; 11
5,10,0.29708,0.5,5; 27; 9; 10; 10; 7; 15; 25
37,75,0.60583,0.49333,37; 6; 5; 3; 75; 5; 6; 5
31,64,0.51787,0.48438,31; 22; 19; 15; 64; 10; 6; 8
12,32,0.35104,0.375,12; 22; 12; 7; 32; 18; 20; 5
35,42,0.79773,0.83333,35; 21; 5; 4; 42; 12; 9; 10
34,82,0.53468,0.41463,34; 12; 3; 14; 82; 4; 4; 4
6,10,0.36066,0.6,6; 20; 23; 21; 10; 23; 8; 20
19,42,0.43171,0.45238,19; 10; 5; 25; 42; 7; 8; 16
17,49,0.36054,0.34694,17; 8; 9; 6; 49; 15; 11; 9
56,63,0.94999,0.88889,56; 6; 11; 11; 63; 5; 6; 8
67,77,0.84156,0.87013,67; 8; 10; 3; 77; 4; 7; 3
18,75,0.36462,0.24,18; 15; 24; 11; 75; 6; 3; 7
5,42,0.13664,0.11905,5; 12; 19; 24; 42; 17; 6; 15
71,75,0.78582,0.94667,71; 8; 3; 3; 75; 3; 6; 4
34,48,0.72144,0.70833,34; 11; 14; 8; 48; 15; 7; 5
22,26,0.78699,0.84615,22; 16; 4; 24; 26; 21; 24; 6
27,42,0.63818,0.64286,27; 19; 22; 5; 42; 7; 17; 7
14,75,0.27065,0.18667,14; 28; 19; 24; 75; 6; 5; 3
32,53,0.63688,0.60377,32; 6; 21; 13; 53; 9; 8; 7
21,42,0.49654,0.5,21; 16; 15; 15; 42; 7; 7; 12
22,70,0.42036,0.31429,22; 19; 16; 7; 70; 9; 9; 4
40,77,0.64835,0.51948,40; 17; 8; 6; 77; 5; 4; 4
22,64,0.38977,0.34375,22; 5; 10; 14; 64; 8; 8; 3
55,63,0.93706,0.87302,55; 12; 4; 7; 63; 11; 11; 4
16,42,0.41832,0.38095,16; 5; 26; 10; 42; 10; 13; 9
66,78,0.84343,0.84615,66; 9; 10; 7; 78; 3; 3; 3
30,32,0.79519,0.9375,30; 4; 13; 17; 32; 17; 9; 18
7,9,0.36354,0.77778,7; 6; 27; 5; 9; 4; 11; 13
43,77,0.66622,0.55844,43; 12; 15; 13; 77; 6; 5; 4
73,75,0.81927,0.97333,73; 8; 6; 5; 75; 3; 7; 7
41,42,0.88639,0.97619,41; 19; 11; 14; 42; 6; 11; 9
30,63,0.50705,0.47619,30; 21; 4; 4; 63; 4; 10; 4
59,78,0.81931,0.75641,59; 10; 9; 8; 78; 6; 3; 5
10,78,0.18648,0.12821,10; 18; 3; 12; 78; 4; 5; 6
8,53,0.16776,0.15094,8; 26; 7; 13; 53; 3; 10; 11
50,53,0.87405,0.9434,50; 6; 3; 13; 53; 4; 9; 5
36,49,0.77794,0.73469,36; 17; 6; 18; 49; 9; 4; 3
33,70,0.55524,0.47143,33; 10; 15; 6; 70; 9; 9; 9
24,48,0.48627,0.5,24; 12; 24; 21; 48; 9; 7; 12
28,63,0.47437,0.44444,28; 15; 21; 16; 63; 11; 3; 11
6,10,0.36025,0.6,6; 6; 20; 13; 10; 29; 28; 12
29,48,0.58926,0.60417,29; 10; 9; 16; 48; 12; 7; 5
23,63,0.40234,0.36508,23; 24; 19; 25; 63; 4; 11; 8
22,63,0.38046,0.34921,22; 21; 5; 11; 63; 9; 4; 11
15,64,0.2579,0.23438,15; 19; 13; 11; 64; 11; 4; 11
7,75,0.14249,0.09333,7; 24; 24; 30; 75; 4; 5; 5
6,10,0.374,0.6,6; 17; 30; 14; 10; 8; 28; 5
53,63,0.91893,0.84127,53; 14; 12; 11; 63; 11; 10; 8
25,77,0.46588,0.32468,25; 11; 10; 8; 77; 5; 4; 5
42,77,0.66621,0.54545,42; 11; 17; 6; 77; 7; 5; 4
28,31,0.7376,0.90323,28; 5; 17; 6; 31; 16; 7; 6
81,82,0.70853,0.9878,81; 4; 5; 3; 82; 4; 4; 4
18,31,0.55809,0.58065,18; 17; 25; 20; 31; 5; 13; 3
7,75,0.14111,0.09333,7; 7; 14; 10; 75; 6; 3; 5
24,78,0.44419,0.30769,24; 12; 9; 18; 78; 3; 5; 4
25,32,0.76771,0.78125,25; 19; 5; 19; 32; 19; 10; 19
8,48,0.19167,0.16667,8; 20; 13; 7; 48; 4; 11; 15
29,75,0.52814,0.38667,29; 5; 6; 12; 75; 4; 7; 7
7,9,0.35136,0.77778,7; 11; 30; 27; 9; 13; 24; 18
59,63,0.92929,0.93651,59; 13; 10; 10; 63; 3; 10; 4
21,42,0.49935,0.5,21; 25; 23; 25; 42; 13; 9; 4
61,78,0.8235,0.78205,61; 7; 3; 10; 78; 6; 5; 3
5,10,0.27386,0.5,5; 18; 3; 31; 10; 8; 5; 17
36,42,0.88547,0.85714,36; 15; 3; 19; 42; 12; 4; 4
8,9,0.39614,0.88889,8; 24; 11; 18; 9; 27; 14; 14
43,64,0.70725,0.67188,43; 16; 16; 3; 64; 11; 10; 6
14,31,0.44655,0.45161,14; 7; 20; 12; 31; 22; 4; 13
32,42,0.73446,0.7619,32; 17; 11; 19; 42; 12; 8; 10
54,82,0.7865,0.65854,54; 3; 8; 13; 82; 4; 5; 5
20,63,0.34804,0.31746,20; 23; 6; 13; 63; 7; 8; 5
8,49,0.17486,0.16327,8; 20; 5; 24; 49; 3; 15; 8
17,32,0.51679,0.53125,17; 9; 25; 21; 32; 16; 12; 20
39,77,0.61737,0.50649,39; 8; 9; 14; 77; 3; 5; 6
25,64,0.44041,0.39062,25; 23; 20; 8; 64; 7; 3; 11
26,49,0.53335,0.53061,26; 17; 5; 15; 49; 6; 9; 10
36,48,0.78497,0.75,36; 16; 18; 19; 48; 16; 13; 4
36,42,0.81277,0.85714,36; 12; 14; 14; 42; 12; 9; 14
7,10,0.40629,0.7,7; 8; 4; 16; 10; 15; 16; 26
27,77,0.39863,0.35065,27; 18; 14; 14; 77; 4; 6; 3
5,10,0.26761,0.5,5; 19; 19; 29; 10; 6; 5; 15
63,78,0.88923,0.80769,63; 11; 11; 7; 78; 3; 3; 5
5,31,0.15934,0.16129,5; 29; 31; 19; 31; 22; 18; 18
24,26,0.80935,0.92308,24; 18; 14; 11; 26; 17; 3; 9
20,26,0.74373,0.76923,20; 16; 17; 7; 26; 20; 14; 5
22,53,0.46409,0.41509,22; 7; 19; 3; 53; 15; 13; 7
52,64,0.87933,0.8125,52; 8; 9; 13; 64; 6; 8; 3
42,63,0.73006,0.66667,42; 3; 11; 14; 63; 9; 9; 6
15,64,0.24958,0.23438,15; 24; 6; 6; 64; 3; 6; 9
8,32,0.27976,0.25,8; 24; 27; 17; 32; 17; 10; 8
13,32,0.40465,0.40625,13; 3; 23; 7; 32; 4; 7; 20
6,49,0.16844,0.12245,6; 19; 15; 28; 49; 9; 7; 5
14,42,0.34889,0.33333,14; 27; 28; 18; 42; 6; 13; 17
31,32,0.78463,0.96875,31; 17; 16; 14; 32; 5; 9; 10
6,42,0.13471,0.14286,6; 30; 18; 20; 42; 18; 13; 7
37,82,0.58174,0.45122,37; 3; 18; 7; 82; 5; 3; 4
36,53,0.65392,0.67925,36; 6; 20; 20; 53; 15; 6; 4
27,31,0.75343,0.87097,27; 12; 18; 3; 31; 6; 9; 6
20,49,0.42227,0.40816,20; 26; 6; 24; 49; 8; 16; 16
5,10,0.3337,0.5,5; 16; 28; 11; 10; 5; 13; 10
21,77,0.36227,0.27273,21; 22; 24; 10; 77; 3; 4; 5
21,75,0.37536,0.28,21; 4; 13; 17; 75; 7; 7; 6
5,9,0.32115,0.55556,5; 5; 21; 13; 9; 20; 22; 10
17,82,0.36187,0.20732,17; 23; 9; 19; 82; 3; 4; 3
44,70,0.70162,0.62857,44; 14; 12; 17; 70; 5; 3; 7
31,48,0.75481,0.64583,31; 12; 17; 21; 48; 4; 11; 10
12,48,0.2648,0.25,12; 3; 10; 20; 48; 10; 9; 4
10,26,0.40987,0.38462,10; 14; 6; 6; 26; 14; 12; 13
41,75,0.66674,0.54667,41; 18; 14; 12; 75; 5; 7; 5
29,64,0.47779,0.45312,29; 10; 12; 3; 64; 4; 4; 7
12,26,0.45877,0.46154,12; 15; 26; 28; 26; 16; 7; 11
70,82,0.69931,0.85366,70; 9; 6; 7; 82; 3; 5; 4
62,63,0.94205,0.98413,62; 10; 10; 4; 63; 3; 7; 9
75,82,0.751,0.91463,75; 4; 6; 3; 82; 5; 5; 5
41,49,0.79068,0.83673,41; 8; 18; 12; 49; 15; 4; 4
16,48,0.33872,0.33333,16; 22; 11; 16; 48; 3; 14; 5
45,48,0.82099,0.9375,45; 16; 16; 14; 48; 10; 7; 13
19,78,0.35832,0.24359,19; 10; 15; 23; 78; 5; 5; 5
44,49,0.81648,0.89796,44; 8; 10; 11; 49; 12; 11; 11
9,10,0.48606,0.9,9; 17; 5; 26; 10; 25; 23; 21
22,26,0.78394,0.84615,22; 4; 5; 18; 26; 22; 6; 4
23,63,0.41532,0.36508,23; 22; 19; 14; 63; 3; 7; 9
54,78,0.8509,0.69231,54; 3; 6; 8; 78; 6; 5; 3
70,75,0.83192,0.93333,70; 8; 3; 5; 75; 5; 4; 4
17,49,0.35048,0.34694,17; 14; 18; 7; 49; 6; 14; 6
46,53,0.80545,0.86792,46; 14; 15; 6; 53; 7; 5; 14
29,49,0.59545,0.59184,29; 13; 21; 11; 49; 14; 15; 12
47,78,0.70908,0.60256,47; 4; 12; 9; 78; 3; 3; 4
17,26,0.58783,0.65385,17; 6; 21; 6; 26; 5; 16; 17
19,31,0.60606,0.6129,19; 12; 26; 5; 31; 9; 12; 8
51,77,0.77315,0.66234,51; 14; 5; 15; 77; 7; 5; 5
60,70,0.88865,0.85714,60; 7; 9; 9; 70; 6; 9; 4
6,53,0.13024,0.11321,6; 29; 14; 26; 53; 13; 14; 13
35,78,0.60272,0.44872,35; 3; 10; 18; 78; 3; 5; 5
32,78,0.53968,0.41026,32; 4; 6; 22; 78; 5; 5; 4
8,53,0.18626,0.15094,8; 25; 9; 26; 53; 9; 15; 7
20,26,0.76536,0.76923,20; 26; 24; 3; 26; 3; 11; 17
46,63,0.7827,0.73016,46; 8; 8; 13; 63; 3; 10; 8
6,10,0.40709,0.6,6; 18; 20; 30; 10; 25; 3; 9
19,82,0.39055,0.23171,19; 9; 26; 20; 82; 3; 5; 5
9,10,0.44732,0.9,9; 15; 16; 6; 10; 21; 25; 14
26,64,0.46442,0.40625,26; 15; 6; 5; 64; 8; 3; 9
18,42,0.42007,0.42857,18; 16; 22; 12; 42; 7; 10; 4
9,10,0.47902,0.9,9; 6; 14; 27; 10; 19; 22; 8
6,10,0.3372,0.6,6; 3; 12; 5; 10; 21; 15; 3
39,42,0.85575,0.92857,39; 19; 13; 14; 42; 13; 11; 13
29,78,0.51887,0.37179,29; 13; 18; 22; 78; 6; 5; 3
42,49,0.81383,0.85714,42; 11; 10; 17; 49; 9; 15; 6
56,77,0.8075,0.72727,56; 5; 10; 12; 77; 7; 5; 3
41,53,0.75188,0.77358,41; 9; 9; 3; 53; 7; 7; 7
36,75,0.59642,0.48,36; 14; 5; 15; 75; 5; 4; 5
23,26,0.70852,0.88462,23; 12; 20; 11; 26; 4; 7; 12
35,82,0.5866,0.42683,35; 12; 20; 21; 82; 5; 5; 4
54,64,0.93269,0.84375,54; 12; 13; 13; 64; 11; 4; 8
7,10,0.41925,0.7,7; 14; 28; 28; 10; 8; 5; 10
73,78,0.83161,0.9359,73; 8; 8; 7; 78; 4; 5; 3
31,42,0.77077,0.7381,31; 17; 3; 20; 42; 18; 18; 12
5,10,0.33617,0.5,5; 11; 29; 15; 10; 15; 26; 28
54,77,0.82885,0.7013,54; 3; 5; 6; 77; 3; 3; 4
8,32,0.25886,0.25,8; 17; 3; 17; 32; 5; 8; 18
24,26,0.77173,0.92308,24; 19; 23; 24; 26; 3; 3; 20
23,70,0.40166,0.32857,23; 6; 18; 12; 70; 8; 5; 3
6,9,0.32242,0.66667,6; 24; 7; 24; 9; 5; 18; 26
24,26,0.84117,0.92308,24; 21; 12; 11; 26; 3; 16; 20
6,9,0.35143,0.66667,6; 12; 8; 9; 9; 18; 17; 12
65,78,0.84277,0.83333,65; 3; 11; 7; 78; 4; 4; 5
13,64,0.25648,0.20312,13; 19; 13; 20; 64; 11; 8; 5
11,78,0.23819,0.14103,11; 28; 8; 27; 78; 3; 5; 6
14,49,0.3011,0.28571,14; 25; 12; 18; 49; 3; 4; 15
5,10,0.29343,0.5,5; 26; 27; 13; 10; 24; 24; 10
15,53,0.30978,0.28302,15; 5; 24; 13; 53; 15; 13; 10
25,32,0.76434,0.78125,25; 14; 15; 12; 32; 10; 15; 11
51,63,0.83306,0.80952,51; 14; 15; 6; 63; 7; 11; 3
17,26,0.57803,0.65385,17; 24; 18; 5; 26; 14; 8; 9
31,32,0.82633,0.96875,31; 7; 9; 18; 32; 22; 11; 8
29,32,0.75156,0.90625,29; 6; 11; 15; 32; 5; 13; 19
5,82,0.1468,0.06098,5; 8; 15; 12; 82; 3; 4; 3
67,70,0.87732,0.95714,67; 10; 5; 9; 70; 9; 9; 9
10,48,0.21644,0.20833,10; 22; 19; 14; 48; 16; 12; 3
59,64,0.95097,0.92188,59; 7; 9; 4; 64; 7; 6; 3
17,32,0.54234,0.53125,17; 4; 11; 9; 32; 17; 11; 22
9,10,0.45282,0.9,9; 3; 5; 13; 10; 14; 13; 20
15,75,0.28397,0.2,15; 13; 25; 13; 75; 6; 6; 7
19,78,0.36592,0.24359,19; 13; 4; 17; 78; 5; 5; 5
13,77,0.25466,0.16883,13; 11; 20; 19; 77; 3; 7; 5
38,64,0.62347,0.59375,38; 14; 6; 10; 64; 4; 8; 8
12,49,0.22504,0.2449,12; 11; 4; 17; 49; 12; 14; 7
58,75,0.85847,0.77333,58; 6; 11; 9; 75; 4; 3; 6
27,31,0.73447,0.87097,27; 5; 9; 7; 31; 3; 9; 4
36,75,0.61681,0.48,36; 17; 18; 9; 75; 5; 3; 5
36,75,0.58972,0.48,36; 14; 11; 12; 75; 4; 7; 3
19,26,0.70163,0.73077,19; 12; 14; 6; 26; 24; 5; 21
19,31,0.55913,0.6129,19; 12; 12; 14; 31; 3; 6; 6
65,82,0.71129,0.79268,65; 6; 4; 8; 82; 3; 5; 5
60,64,0.92678,0.9375,60; 11; 10; 3; 64; 9; 4; 4
30,31,0.77473,0.96774,30; 21; 16; 17; 31; 9; 4; 6
22,26,0.70695,0.84615,22; 10; 23; 25; 26; 11; 5; 20
79,82,0.71988,0.96341,79; 4; 3; 5; 82; 3; 3; 5
7,42,0.17932,0.16667,7; 27; 27; 27; 42; 6; 5; 16
7,9,0.36953,0.77778,7; 6; 7; 3; 9; 8; 8; 16
9,31,0.32483,0.29032,9; 12; 28; 8; 31; 4; 15; 22
18,77,0.33965,0.23377,18; 24; 4; 22; 77; 5; 4; 7
6,10,0.33262,0.6,6; 21; 6; 23; 10; 26; 27; 15
8,10,0.42213,0.8,8; 13; 21; 19; 10; 24; 17; 28
30,32,0.8296,0.9375,30; 22; 7; 12; 32; 10; 21; 4
56,70,0.92175,0.8,56; 4; 12; 10; 70; 6; 8; 8
18,31,0.56375,0.58065,18; 18; 23; 26; 31; 4; 14; 18
16,77,0.30614,0.20779,16; 15; 27; 26; 77; 7; 5; 6
15,48,0.32925,0.3125,15; 19; 21; 23; 48; 9; 3; 11
57,77,0.85725,0.74026,57; 8; 6; 6; 77; 7; 5; 3
34,63,0.5661,0.53968,34; 21; 18; 4; 63; 4; 8; 10
7,42,0.16173,0.16667,7; 13; 10; 12; 42; 18; 16; 10
15,70,0.27118,0.21429,15; 22; 4; 23; 70; 9; 6; 3
8,9,0.39225,0.88889,8; 3; 19; 30; 9; 9; 14; 16
8,26,0.30917,0.30769,8; 24; 8; 6; 26; 16; 3; 3
33,42,0.76011,0.78571,33; 14; 10; 11; 42; 5; 16; 6
68,82,0.71648,0.82927,68; 10; 3; 5; 82; 3; 5; 5
9,10,0.47235,0.9,9; 14; 8; 16; 10; 3; 8; 13
23,31,0.66613,0.74194,23; 16; 11; 22; 31; 10; 12; 20
27,32,0.79023,0.84375,27; 16; 4; 14; 32; 13; 11; 7
26,49,0.52522,0.53061,26; 12; 24; 21; 49; 10; 5; 8
8,10,0.42511,0.8,8; 14; 10; 18; 10; 6; 8; 22
40,48,0.8127,0.83333,40; 15; 14; 3; 48; 11; 16; 16
44,48,0.82402,0.91667,44; 4; 15; 13; 48; 6; 14; 11
19,53,0.34653,0.35849,19; 17; 7; 13; 53; 14; 7; 15
34,53,0.66586,0.64151,34; 19; 21; 19; 53; 13; 3; 15
45,49,0.85399,0.91837,45; 15; 7; 9; 49; 3; 15; 12
18,82,0.37676,0.21951,18; 8; 18; 23; 82; 5; 3; 4
19,53,0.38438,0.35849,19; 21; 15; 26; 53; 7; 3; 3
38,53,0.73707,0.71698,38; 13; 14; 10; 53; 14; 6; 10
37,48,0.7496,0.77083,37; 10; 19; 15; 48; 14; 3; 15
6,10,0.33581,0.6,6; 3; 22; 14; 10; 4; 6; 3
17,49,0.34333,0.34694,17; 6; 17; 12; 49; 13; 7; 5
6,32,0.19424,0.1875,6; 29; 6; 23; 32; 14; 4; 22
28,48,0.60078,0.58333,28; 13; 12; 9; 48; 7; 10; 14
17,78,0.31584,0.21795,17; 24; 8; 15; 78; 6; 5; 5
5,75,0.12561,0.06667,5; 6; 23; 13; 75; 6; 5; 3
5,10,0.28945,0.5,5; 19; 21; 18; 10; 13; 24; 16
23,63,0.41312,0.36508,23; 23; 10; 21; 63; 6; 5; 7
5,9,0.33335,0.55556,5; 22; 26; 22; 9; 22; 15; 6
45,49,0.80142,0.91837,45; 3; 12; 10; 49; 6; 14; 10
66,78,0.81409,0.84615,66; 6; 8; 5; 78; 3; 6; 6
47,77,0.72509,0.61039,47; 6; 3; 12; 77; 7; 4; 7
33,70,0.5574,0.47143,33; 19; 5; 13; 70; 8; 6; 3
14,63,0.27471,0.22222,14; 6; 5; 24; 63; 6; 10; 3
20,42,0.44517,0.47619,20; 18; 12; 11; 42; 8; 8; 4
6,9,0.34084,0.66667,6; 4; 24; 5; 9; 4; 4; 10
13,64,0.22964,0.20312,13; 7; 22; 25; 64; 6; 6; 5
7,10,0.36368,0.7,7; 21; 8; 16; 10; 19; 28; 17
43,75,0.68622,0.57333,43; 12; 11; 5; 75; 7; 7; 3
13,32,0.40827,0.40625,13; 14; 7; 5; 32; 19; 10; 14
14,75,0.25874,0.18667,14; 18; 22; 4; 75; 7; 6; 6
7,49,0.18009,0.14286,7; 26; 8; 8; 49; 14; 3; 13
5,31,0.19299,0.16129,5; 29; 14; 9; 31; 6; 22; 16
16,63,0.27651,0.25397,16; 7; 22; 23; 63; 5; 8; 11
45,82,0.67775,0.54878,45; 15; 12; 5; 82; 4; 4; 4
20,31,0.64761,0.64516,20; 8; 7; 5; 31; 10; 3; 14
16,32,0.50845,0.5,16; 3; 12; 8; 32; 13; 13; 17
18,77,0.34207,0.23377,18; 13; 24; 12; 77; 6; 7; 4
13,77,0.28226,0.16883,13; 21; 9; 4; 77; 6; 6; 4
6,9,0.34081,0.66667,6; 19; 17; 5; 9; 20; 18; 8
9,26,0.3446,0.34615,9; 25; 14; 28; 26; 24; 7; 4
16,82,0.35116,0.19512,16; 13; 14; 5; 82; 4; 5; 3
28,31,0.77255,0.90323,28; 8; 6; 12; 31; 22; 21; 14
12,48,0.25283,0.25,12; 16; 18; 23; 48; 8; 3; 16
58,77,0.8925,0.75325,58; 6; 6; 4; 77; 4; 6; 6
53,77,0.85056,0.68831,53; 7; 8; 4; 77; 7; 3; 7
6,31,0.22742,0.19355,6; 25; 18; 26; 31; 9; 9; 5
58,82,0.89983,0.70732,58; 12; 12; 10; 82; 3; 4; 5
39,49,0.73902,0.79592,39; 17; 11; 18; 49; 11; 8; 10
43,82,0.65996,0.52439,43; 13; 17; 16; 82; 4; 4; 5
50,63,0.88548,0.79365,50; 8; 5; 13; 63; 6; 10; 6
15,82,0.28246,0.18293,15; 24; 10; 27; 82; 3; 4; 4
40,70,0.66216,0.57143,40; 17; 6; 17; 70; 6; 7; 6
5,32,0.16744,0.15625,5; 22; 18; 8; 32; 10; 14; 16
19,32,0.61688,0.59375,19; 17; 4; 3; 32; 12; 14; 3
5,64,0.09918,0.07812,5; 24; 7; 24; 64; 5; 8; 3
5,10,0.31441,0.5,5; 9; 31; 31; 10; 20; 11; 8
7,9,0.36395,0.77778,7; 9; 7; 20; 9; 23; 17; 25
30,42,0.68508,0.71429,30; 12; 4; 22; 42; 9; 17; 5
16,32,0.49879,0.5,16; 3; 27; 4; 32; 8; 6; 20
8,63,0.15252,0.12698,8; 19; 30; 14; 63; 3; 9; 3
22,63,0.37657,0.34921,22; 18; 6; 11; 63; 3; 11; 8
37,64,0.63306,0.57812,37; 9; 3; 9; 64; 8; 3; 8
50,82,0.78085,0.60976,50; 6; 3; 14; 82; 5; 4; 5
7,10,0.40362,0.7,7; 15; 6; 4; 10; 20; 21; 26
7,49,0.14618,0.14286,7; 17; 6; 3; 49; 4; 8; 11
21,53,0.42402,0.39623,21; 5; 11; 7; 53; 8; 15; 8
14,32,0.45826,0.4375,14; 6; 5; 14; 32; 17; 22; 14
8,9,0.41866,0.88889,8; 16; 3; 10; 9; 18; 24; 8
5,9,0.2567,0.55556,5; 24; 30; 18; 9; 13; 13; 10
63,70,0.93652,0.9,63; 10; 6; 6; 70; 9; 5; 9
46,70,0.71075,0.65714,46; 13; 11; 9; 70; 8; 4; 9
68,78,0.72628,0.87179,68; 3; 9; 9; 78; 5; 5; 3
29,32,0.74102,0.90625,29; 23; 4; 8; 32; 14; 3; 9
10,26,0.38508,0.38462,10; 6; 21; 29; 26; 11; 7; 14
72,75,0.85023,0.96,72; 3; 7; 7; 75; 7; 3; 3
27,31,0.7488,0.87097,27; 9; 13; 10; 31; 5; 11; 6
19,26,0.64971,0.73077,19; 10; 14; 13; 26; 12; 8; 12
69,82,0.71427,0.84146,69; 7; 9; 8; 82; 4; 4; 4
7,63,0.13342,0.11111,7; 17; 24; 11; 63; 7; 8; 11
22,75,0.42101,0.29333,22; 5; 7; 9; 75; 3; 5; 4
43,78,0.66056,0.55128,43; 16; 18; 10; 78; 3; 4; 4
7,10,0.37654,0.7,7; 7; 8; 14; 10; 14; 4; 20
8,10,0.42145,0.8,8; 4; 3; 19; 10; 16; 11; 11
29,49,0.58474,0.59184,29; 17; 15; 15; 49; 14; 5; 9
42,53,0.7474,0.79245,42; 11; 15; 4; 53; 4; 8; 3
41,48,0.78268,0.85417,41; 11; 14; 5; 48; 7; 5; 11
68,82,0.83908,0.82927,68; 6; 4; 6; 82; 4; 5; 3
21,32,0.62755,0.65625,21; 12; 23; 8; 32; 18; 4; 9
23,26,0.70694,0.88462,23; 23; 6; 3; 26; 9; 18; 10
6,9,0.32092,0.66667,6; 14; 6; 23; 9; 25; 3; 12
50,53,0.86896,0.9434,50; 3; 14; 11; 53; 5; 9; 12
17,82,0.34896,0.20732,17; 19; 7; 23; 82; 5; 4; 5
6,49,0.11474,0.12245,6; 21; 8; 29; 49; 15; 8; 11
26,32,0.77393,0.8125,26; 8; 5; 9; 32; 16; 12; 6
55,63,0.91922,0.87302,55; 5; 12; 14; 63; 9; 4; 9
49,77,0.77466,0.63636,49; 6; 9; 3; 77; 5; 6; 5
54,70,0.90287,0.77143,54; 13; 5; 8; 70; 6; 5; 7
24,78,0.43612,0.30769,24; 21; 10; 24; 78; 6; 6; 4
26,75,0.49071,0.34667,26; 23; 22; 4; 75; 5; 6; 4
24,75,0.41295,0.32,24; 3; 15; 6; 75; 3; 4; 6
24,75,0.41345,0.32,24; 17; 15; 18; 75; 5; 7; 4
45,82,0.66929,0.54878,45; 17; 4; 14; 82; 4; 5; 4
48,78,0.75961,0.61538,48; 16; 13; 5; 78; 5; 3; 4
15,26,0.57424,0.57692,15; 9; 27; 3; 26; 10; 22; 17
8,26,0.31054,0.30769,8; 5; 30; 16; 26; 7; 7; 22
7,42,0.17728,0.16667,7; 13; 21; 23; 42; 13; 17; 5
53,63,0.88143,0.84127,53; 6; 5; 5; 63; 11; 11; 5
5,9,0.26729,0.55556,5; 27; 28; 22; 9; 11; 10; 26
21,32,0.64823,0.65625,21; 20; 4; 11; 32; 14; 5; 10
48,49,0.8393,0.97959,48; 4; 13; 8; 49; 8; 9; 13
40,53,0.74748,0.75472,40; 15; 8; 19; 53; 11; 15; 10
8,26,0.32255,0.30769,8; 8; 4; 16; 26; 3; 11; 20
10,64,0.1715,0.15625,10; 14; 19; 29; 64; 8; 6; 7
53,70,0.87351,0.75714,53; 12; 3; 13; 70; 3; 3; 8
7,9,0.35508,0.77778,7; 24; 4; 16; 9; 3; 22; 16
7,75,0.1458,0.09333,7; 24; 7; 13; 75; 4; 7; 7
15,75,0.29038,0.2,15; 7; 7; 4; 75; 7; 4; 5
6,9,0.33913,0.66667,6; 17; 27; 22; 9; 19; 27; 12
5,10,0.34499,0.5,5; 27; 9; 19; 10; 17; 16; 28
16,82,0.30895,0.19512,16; 22; 25; 20; 82; 5; 4; 5
14,31,0.44219,0.45161,14; 20; 13; 13; 31; 22; 7; 3
24,48,0.5023,0.5,24; 22; 7; 19; 48; 13; 9; 13
8,9,0.3932,0.88889,8; 28; 14; 21; 9; 8; 3; 28
6,49,0.17631,0.12245,6; 12; 27; 23; 49; 5; 8; 16
19,48,0.42652,0.39583,19; 25; 20; 14; 48; 4; 16; 15
20,42,0.50767,0.47619,20; 4; 16; 24; 42; 12; 12; 10
10,42,0.25486,0.2381,10; 28; 7; 6; 42; 11; 13; 8
31,32,0.82725,0.96875,31; 5; 12; 7; 32; 18; 11; 11
19,32,0.52981,0.59375,19; 4; 9; 24; 32; 18; 18; 21
22,48,0.48775,0.45833,22; 18; 25; 9; 48; 5; 12; 10
7,70,0.15569,0.1,7; 10; 19; 6; 70; 5; 3; 9
23,32,0.68467,0.71875,23; 6; 17; 4; 32; 6; 21; 11
7,9,0.35052,0.77778,7; 3; 26; 17; 9; 19; 25; 22
8,10,0.43264,0.8,8; 30; 25; 23; 10; 14; 4; 7
22,70,0.39202,0.31429,22; 18; 21; 6; 70; 9; 9; 7
7,10,0.39752,0.7,7; 29; 30; 25; 10; 19; 24; 21
21,31,0.63622,0.67742,21; 9; 15; 3; 31; 3; 13; 22
27,32,0.7364,0.84375,27; 23; 6; 6; 32; 12; 20; 8
34,42,0.8823,0.80952,34; 14; 13; 18; 42; 5; 5; 3
10,42,0.22868,0.2381,10; 14; 3; 18; 42; 18; 7; 5
29,32,0.7786,0.90625,29; 22; 13; 8; 32; 17; 11; 6
72,75,0.85507,0.96,72; 7; 4; 4; 75; 3; 6; 7
7,10,0.40891,0.7,7; 9; 8; 5; 10; 16; 6; 20
33,53,0.6672,0.62264,33; 12; 19; 11; 53; 7; 12; 11
5,10,0.29238,0.5,5; 12; 8; 29; 10; 19; 25; 20
7,9,0.37822,0.77778,7; 23; 11; 12; 9; 8; 18; 13
7,70,0.13115,0.1,7; 19; 22; 14; 70; 5; 4; 4
42,70,0.73163,0.6,42; 4; 18; 3; 70; 3; 9; 6
40,42,0.91088,0.95238,40; 5; 13; 18; 42; 3; 11; 18
61,82,0.79893,0.7439,61; 8; 12; 10; 82; 5; 4; 3
17,26,0.52521,0.65385,17; 20; 7; 17; 26; 22; 22; 11
18,32,0.52454,0.5625,18; 6; 6; 21; 32; 15; 10; 11
13,26,0.45533,0.5,13; 20; 17; 24; 26; 8; 6; 10
21,53,0.42498,0.39623,21; 21; 18; 7; 53; 4; 6; 8
29,31,0.7716,0.93548,29; 7; 3; 13; 31; 3; 10; 19
15,31,0.47414,0.48387,15; 27; 21; 3; 31; 21; 22; 4
15,49,0.31632,0.30612,15; 4; 13; 7; 49; 7; 5; 15
12,32,0.38839,0.375,12; 13; 11; 3; 32; 4; 21; 7
28,75,0.45783,0.37333,28; 5; 19; 23; 75; 3; 4; 4
27,82,0.48518,0.32927,27; 10; 11; 13; 82; 5; 3; 3
34,42,0.85577,0.80952,34; 16; 12; 15; 42; 8; 6; 11
22,70,0.38293,0.31429,22; 19; 15; 13; 70; 3; 8; 8
72,82,0.80426,0.87805,72; 8; 7; 4; 82; 3; 5; 4
41,78,0.65193,0.52564,41; 11; 7; 15; 78; 3; 3; 5
18,32,0.57252,0.5625,18; 24; 23; 22; 32; 11; 22; 8
28,75,0.48158,0.37333,28; 8; 19; 13; 75; 3; 6; 6
9,82,0.19078,0.10976,9; 10; 28; 27; 82; 3; 4; 4
8,31,0.26808,0.25806,8; 5; 3; 29; 31; 7; 20; 16
11,53,0.2397,0.20755,11; 28; 18; 21; 53; 3; 13; 10
11,42,0.29623,0.2619,11; 23; 24; 5; 42; 15; 10; 15
17,42,0.37716,0.40476,17; 7; 10; 11; 42; 7; 15; 9
76,78,0.71456,0.97436,76; 3; 5; 3; 78; 3; 4; 5
18,31,0.56602,0.58065,18; 17; 24; 11; 31; 5; 10; 5
17,42,0.4065,0.40476,17; 24; 13; 5; 42; 7; 6; 10
38,75,0.6013,0.50667,38; 20; 19; 16; 75; 4; 7; 3
14,78,0.27769,0.17949,14; 23; 3; 7; 78; 3; 5; 3
59,63,0.97682,0.93651,59; 13; 5; 11; 63; 9; 6; 4
5,42,0.08412,0.11905,5; 3; 9; 12; 42; 18; 13; 6
52,77,0.84054,0.67532,52; 15; 6; 6; 77; 6; 5; 7
9,26,0.34989,0.34615,9; 25; 4; 12; 26; 9; 14; 5
51,70,0.85225,0.72857,51; 8; 9; 4; 70; 3; 9; 7
51,70,0.84278,0.72857,51; 14; 12; 3; 70; 7; 3; 5
61,77,0.83007,0.79221,61; 8; 8; 4; 77; 5; 4; 3
25,42,0.58309,0.59524,25; 11; 10; 9; 42; 13; 3; 8
17,42,0.39194,0.40476,17; 22; 9; 26; 42; 12; 15; 9
30,31,0.81334,0.96774,30; 14; 6; 12; 31; 22; 16; 20
47,64,0.778,0.73438,47; 8; 11; 14; 64; 6; 5; 3
12,31,0.36236,0.3871,12; 5; 8; 16; 31; 14; 14; 14
56,63,0.91707,0.88889,56; 7; 14; 11; 63; 4; 11; 7
57,70,0.92074,0.81429,57; 3; 12; 9; 70; 3; 5; 5
30,48,0.67601,0.625,30; 10; 21; 12; 48; 9; 9; 12
8,9,0.36119,0.88889,8; 7; 6; 27; 9; 7; 28; 10
11,42,0.26932,0.2619,11; 25; 4; 14; 42; 11; 16; 6
74,77,0.77413,0.96104,74; 7; 6; 8; 77; 5; 5; 6
47,75,0.7405,0.62667,47; 3; 5; 3; 75; 6; 7; 3
7,10,0.37011,0.7,7; 24; 19; 25; 10; 9; 5; 18
48,78,0.71785,0.61538,48; 16; 8; 5; 78; 5; 6; 4
37,49,0.77035,0.7551,37; 19; 9; 13; 49; 8; 10; 5
14,31,0.42701,0.45161,14; 14; 8; 4; 31; 9; 3; 10
51,75,0.83923,0.68,51; 9; 7; 7; 75; 7; 7; 7
8,10,0.42361,0.8,8; 8; 23; 8; 10; 8; 28; 17
20,26,0.709,0.76923,20; 14; 26; 12; 26; 18; 13; 6
44,75,0.71769,0.58667,44; 5; 5; 10; 75; 3; 4; 4
35,63,0.61003,0.55556,35; 3; 5; 14; 63; 11; 6; 8
43,77,0.66466,0.55844,43; 8; 13; 6; 77; 7; 3; 5
57,63,0.95876,0.90476,57; 8; 8; 6; 63; 4; 11; 7
30,32,0.81403,0.9375,30; 15; 17; 21; 32; 15; 14; 19
5,48,0.10248,0.10417,5; 5; 21; 15; 48; 3; 13; 6
26,32,0.77944,0.8125,26; 6; 16; 24; 32; 4; 9; 20
8,31,0.30932,0.25806,8; 10; 26; 7; 31; 8; 15; 19
25,63,0.42529,0.39683,25; 21; 8; 12; 63; 6; 5; 9
36,75,0.59717,0.48,36; 6; 8; 8; 75; 4; 5; 3
78,82,0.68494,0.95122,78; 6; 4; 4; 82; 3; 4; 5
72,78,0.84473,0.92308,72; 6; 6; 8; 78; 6; 6; 3
11,49,0.23425,0.22449,11; 6; 24; 26; 49; 15; 6; 12
33,82,0.56016,0.40244,33; 20; 4; 11; 82; 4; 4; 4
37,77,0.62265,0.48052,37; 3; 7; 20; 77; 3; 3; 4
61,63,0.94908,0.96825,61; 4; 3; 9; 63; 9; 5; 9
8,26,0.30835,0.30769,8; 20; 17; 13; 26; 6; 3; 17
5,9,0.28006,0.55556,5; 19; 29; 24; 9; 5; 12; 4
38,42,0.87351,0.90476,38; 10; 20; 10; 42; 8; 8; 9
24,42,0.59842,0.57143,24; 20; 21; 19; 42; 8; 5; 13
45,82,0.68132,0.54878,45; 4; 16; 9; 82; 3; 3; 4
6,9,0.32159,0.66667,6; 11; 11; 3; 9; 18; 22; 17
52,53,0.90144,0.98113,52; 4; 3; 6; 53; 13; 10; 9
16,48,0.37509,0.33333,16; 22; 27; 11; 48; 12; 6; 5
10,53,0.24588,0.18868,10; 6; 3; 25; 53; 8; 9; 8
72,77,0.8321,0.93506,72; 3; 6; 6; 77; 6; 5; 3
6,48,0.11673,0.125,6; 21; 24; 26; 48; 14; 15; 3
9,70,0.19773,0.12857,9; 13; 25; 29; 70; 7; 7; 4
19,63,0.34052,0.30159,19; 19; 9; 16; 63; 9; 8; 11
15,49,0.31351,0.30612,15; 10; 3; 27; 49; 5; 11; 14
62,63,0.95086,0.98413,62; 10; 10; 5; 63; 6; 10; 4
9,10,0.48886,0.9,9; 19; 3; 10; 10; 21; 9; 3
5,9,0.26862,0.55556,5; 7; 12; 27; 9; 12; 8; 10
42,48,0.85599,0.875,42; 12; 10; 8; 48; 10; 4; 5
17,78,0.31007,0.21795,17; 23; 12; 3; 78; 6; 6; 5
22,64,0.37484,0.34375,22; 19; 18; 23; 64; 7; 11; 5
13,42,0.29371,0.30952,13; 20; 27; 5; 42; 14; 6; 9
11,70,0.23019,0.15714,11; 17; 12; 13; 70; 9; 4; 9
17,64,0.28618,0.26562,17; 11; 18; 20; 64; 5; 5; 4
16,49,0.33078,0.32653,16; 23; 22; 18; 49; 11; 15; 3
30,70,0.52859,0.42857,30; 12; 11; 7; 70; 6; 8; 3
36,49,0.75042,0.73469,36; 17; 16; 11; 49; 11; 6; 15
7,9,0.33451,0.77778,7; 18; 13; 22; 9; 28; 13; 27
43,49,0.83037,0.87755,43; 15; 8; 18; 49; 10; 16; 15
9,42,0.22834,0.21429,9; 17; 22; 12; 42; 16; 6; 11
5,53,0.09977,0.09434,5; 27; 22; 5; 53; 13; 9; 8
25,26,0.75198,0.96154,25; 15; 19; 16; 26; 23; 22; 20
44,78,0.68617,0.5641,44; 10; 5; 11; 78; 3; 6; 6
27,75,0.47504,0.36,27; 9; 9; 3; 75; 4; 3; 7
41,77,0.66016,0.53247,41; 15; 9; 15; 77; 7; 6; 4
62,75,0.91322,0.82667,62; 3; 12; 6; 75; 4; 5; 3
34,63,0.56926,0.53968,34; 15; 12; 3; 63; 11; 5; 11
16,75,0.32139,0.21333,16; 10; 10; 10; 75; 3; 4; 3
9,82,0.1906,0.10976,9; 13; 10; 21; 82; 3; 5; 4
35,75,0.62073,0.46667,35; 13; 13; 12; 75; 6; 7; 3
35,78,0.58267,0.44872,35; 11; 19; 21; 78; 4; 6; 6
45,53,0.80547,0.84906,45; 9; 15; 9; 53; 4; 12; 7
69,75,0.85703,0.92,69; 8; 4; 4; 75; 5; 3; 6
23,26,0.76886,0.88462,23; 8; 17; 19; 26; 9; 11; 11
64,75,0.84679,0.85333,64; 7; 9; 5; 75; 7; 7; 3
20,42,0.45759,0.47619,20; 20; 16; 3; 42; 10; 13; 14
15,64,0.28788,0.23438,15; 14; 7; 9; 64; 4; 10; 3
33,77,0.51962,0.42857,33; 12; 19; 4; 77; 7; 5; 7
67,82,0.71753,0.81707,67; 9; 6; 3; 82; 4; 5; 4
39,64,0.65461,0.60938,39; 11; 9; 9; 64; 7; 3; 5
29,49,0.56347,0.59184,29; 12; 13; 22; 49; 8; 3; 5
35,42,0.83997,0.83333,35; 4; 16; 6; 42; 5; 3; 14
24,53,0.46871,0.45283,24; 10; 3; 9; 53; 8; 6; 8
7,77,0.162,0.09091,7; 28; 13; 25; 77; 4; 5; 3
14,64,0.24562,0.21875,14; 7; 13; 21; 64; 9; 11; 4
16,78,0.3372,0.20513,16; 6; 6; 3; 78; 4; 4; 3
22,63,0.41067,0.34921,22; 12; 24; 11; 63; 5; 4; 10
14,26,0.50382,0.53846,14; 26; 12; 13; 26; 11; 12; 16
12,63,0.23169,0.19048,12; 20; 20; 27; 63; 6; 7; 7
5,82,0.11758,0.06098,5; 19; 26; 15; 82; 4; 5; 4
9,10,0.43985,0.9,9; 15; 6; 27; 10; 3; 15; 29
6,82,0.17315,0.07317,6; 9; 12; 3; 82; 5; 4; 5
12,49,0.24509,0.2449,12; 28; 14; 21; 49; 15; 10; 15
69,75,0.8695,0.92,69; 7; 3; 4; 75; 4; 7; 5
38,70,0.59795,0.54286,38; 12; 17; 20; 70; 9; 6; 9
24,42,0.60202,0.57143,24; 11; 23; 16; 42; 7; 6; 3
66,77,0.8485,0.85714,66; 7; 10; 7; 77; 6; 7; 6
34,64,0.56285,0.53125,34; 20; 11; 12; 64; 7; 6; 10
54,82,0.86168,0.65854,54; 5; 4; 6; 82; 4; 4; 5
9,32,0.29125,0.28125,9; 15; 3; 9; 32; 6; 18; 18
6,49,0.16034,0.12245,6; 6; 12; 10; 49; 14; 6; 3
12,26,0.51957,0.46154,12; 23; 13; 22; 26; 10; 10; 16
57,63,0.94471,0.90476,57; 12; 13; 8; 63; 8; 8; 4
5,10,0.3559,0.5,5; 5; 17; 6; 10; 7; 12; 10
17,32,0.52198,0.53125,17; 6; 8; 15; 32; 12; 15; 11
46,48,0.77406,0.95833,46; 9; 13; 12; 48; 8; 13; 16
36,48,0.80474,0.75,36; 7; 5; 18; 48; 3; 5; 16
57,78,0.87327,0.73077,57; 10; 10; 5; 78; 3; 6; 3
29,64,0.50454,0.45312,29; 15; 10; 7; 64; 8; 3; 10
53,82,0.83773,0.64634,53; 14; 10; 14; 82; 3; 5; 5
7,9,0.33744,0.77778,7; 4; 21; 28; 9; 27; 29; 13
12,70,0.25144,0.17143,12; 17; 14; 26; 70; 4; 7; 4
7,49,0.15152,0.14286,7; 11; 26; 5; 49; 6; 7; 5
24,64,0.41835,0.375,24; 17; 17; 9; 64; 4; 10; 5
31,42,0.75153,0.7381,31; 10; 10; 12; 42; 13; 14; 6
22,42,0.52428,0.52381,22; 21; 8; 5; 42; 4; 4; 3
39,49,0.78109,0.79592,39; 17; 12; 19; 49; 16; 13; 7
12,70,0.24706,0.17143,12; 25; 19; 9; 70; 7; 6; 6
30,48,0.67403,0.625,30; 7; 11; 7; 48; 9; 4; 10
28,63,0.48763,0.44444,28; 8; 6; 12; 63; 6; 4; 5
20,75,0.39198,0.26667,20; 6; 11; 16; 75; 4; 7; 4
43,75,0.68757,0.57333,43; 15; 15; 6; 75; 6; 7; 3
15,64,0.2684,0.23438,15; 21; 8; 16; 64; 8; 7; 11
10,32,0.33651,0.3125,10; 15; 27; 27; 32; 8; 17; 16
21,32,0.72031,0.65625,21; 8; 16; 24; 32; 15; 10; 13
6,32,0.23791,0.1875,6; 26; 7; 3; 32; 19; 5; 14
28,49,0.56397,0.57143,28; 6; 9; 7; 49; 7; 13; 10
6,64,0.09739,0.09375,6; 22; 9; 22; 64; 3; 10; 10
75,77,0.71871,0.97403,75; 4; 3; 5; 77; 6; 3; 6
61,75,0.8659,0.81333,61; 5; 6; 4; 75; 7; 7; 5
6,42,0.13309,0.14286,6; 6; 20; 5; 42; 14; 7; 16
42,49,0.77774,0.85714,42; 5; 12; 17; 49; 6; 11; 6
14,26,0.50359,0.53846,14; 21; 17; 18; 26; 22; 3; 22
20,64,0.35948,0.3125,20; 17; 22; 14; 64; 6; 11; 11
12,26,0.46998,0.46154,12; 18; 14; 22; 26; 15; 17; 14
19,26,0.74619,0.73077,19; 21; 12; 13; 26; 15; 20; 20
48,77,0.74237,0.62338,48; 12; 11; 10; 77; 3; 3; 7
59,82,0.77153,0.71951,59; 7; 5; 3; 82; 3; 5; 3
57,64,0.95372,0.89062,57; 3; 4; 10; 64; 10; 8; 8
30,78,0.52828,0.38462,30; 12; 3; 5; 78; 3; 5; 6
10,42,0.27156,0.2381,10; 25; 19; 25; 42; 8; 16; 12
11,42,0.26958,0.2619,11; 22; 14; 24; 42; 6; 4; 6
10,48,0.22916,0.20833,10; 18; 23; 24; 48; 16; 5; 13
5,9,0.30239,0.55556,5; 8; 22; 18; 9; 6; 27; 8
62,77,0.90354,0.80519,62; 4; 11; 8; 77; 3; 4; 4
52,63,0.85174,0.8254,52; 6; 4; 7; 63; 6; 9; 7
24,78,0.42694,0.30769,24; 15; 19; 20; 78; 5; 4; 3
9,77,0.22015,0.11688,9; 29; 9; 16; 77; 6; 4; 3
21,26,0.73227,0.80769,21; 6; 20; 19; 26; 18; 13; 11
44,63,0.71873,0.69841,44; 3; 17; 15; 63; 8; 7; 9
45,78,0.66447,0.57692,45; 7; 11; 16; 78; 5; 3; 3
16,53,0.32483,0.30189,16; 9; 15; 8; 53; 10; 11; 4
11,26,0.40142,0.42308,11; 28; 26; 26; 26; 8; 21; 5
45,82,0.65084,0.54878,45; 11; 7; 15; 82; 3; 5; 4
21,31,0.68047,0.67742,21; 14; 21; 3; 31; 13; 19; 3
26,32,0.71184,0.8125,26; 16; 23; 12; 32; 12; 3; 21
14,31,0.44909,0.45161,14; 12; 20; 7; 31; 16; 18; 13
7,10,0.40805,0.7,7; 25; 15; 9; 10; 27; 15; 19
61,75,0.85825,0.81333,61; 7; 6; 7; 75; 3; 3; 5
24,53,0.47319,0.45283,24; 8; 7; 3; 53; 10; 6; 9
5,26,0.21745,0.19231,5; 16; 20; 8; 26; 4; 23; 16
45,64,0.72873,0.70312,45; 12; 6; 13; 64; 10; 3; 4
19,48,0.40314,0.39583,19; 20; 18; 24; 48; 15; 3; 8
28,42,0.64396,0.66667,28; 16; 12; 20; 42; 13; 5; 10
41,82,0.61969,0.5,41; 14; 19; 7; 82; 5; 3; 4
36,48,0.79423,0.75,36; 6; 5; 16; 48; 10; 7; 9
22,48,0.45515,0.45833,22; 22; 19; 11; 48; 10; 3; 3
6,32,0.21031,0.1875,6; 5; 20; 30; 32; 9; 15; 15
30,49,0.64725,0.61224,30; 8; 4; 12; 49; 11; 14; 9
32,49,0.63868,0.65306,32; 15; 3; 13; 49; 10; 11; 12
13,42,0.30746,0.30952,13; 17; 18; 15; 42; 6; 10; 8
23,26,0.73689,0.88462,23; 23; 16; 5; 26; 15; 8; 6
35,42,0.88771,0.83333,35; 19; 14; 13; 42; 8; 17; 10
43,75,0.70069,0.57333,43; 11; 15; 9; 75; 5; 6; 3
75,77,0.75787,0.97403,75; 5; 5; 5; 77; 7; 4; 3
27,32,0.75582,0.84375,27; 20; 16; 21; 32; 22; 16; 8
18,53,0.36951,0.33962,18; 4; 21; 8; 53; 3; 4; 11
29,64,0.49414,0.45312,29; 6; 11; 19; 64; 9; 4; 4
13,42,0.30769,0.30952,13; 6; 26; 23; 42; 11; 17; 15
25,31,0.72147,0.80645,25; 16; 21; 3; 31; 3; 18; 7
34,53,0.64085,0.64151,34; 15; 6; 11; 53; 15; 4; 5
46,75,0.73783,0.61333,46; 8; 16; 4; 75; 5; 6; 3
29,70,0.49552,0.41429,29; 3; 7; 22; 70; 4; 7; 4
64,77,0.81169,0.83117,64; 5; 11; 4; 77; 4; 6; 4
13,26,0.48857,0.5,13; 13; 8; 6; 26; 7; 17; 4
23,31,0.75043,0.74194,23; 17; 4; 24; 31; 19; 4; 12
5,26,0.2125,0.19231,5; 6; 4; 17; 26; 3; 5; 7
61,78,0.83972,0.78205,61; 7; 9; 3; 78; 5; 4; 3
47,64,0.77507,0.73438,47; 9; 3; 10; 64; 6; 6; 11
45,82,0.63747,0.54878,45; 13; 4; 12; 82; 5; 4; 4
20,31,0.62135,0.64516,20; 16; 22; 10; 31; 20; 13; 10
23,32,0.70186,0.71875,23; 15; 11; 10; 32; 11; 6; 5
76,78,0.80641,0.97436,76; 5; 6; 4; 78; 4; 3; 5
24,32,0.75935,0.75,24; 7; 22; 18; 32; 9; 21; 12
6,75,0.12107,0.08,6; 14; 3; 14; 75; 3; 5; 6
27,48,0.55273,0.5625,27; 3; 21; 16; 48; 3; 5; 16
11,77,0.20345,0.14286,11; 22; 27; 6; 77; 4; 5; 7
39,49,0.78012,0.79592,39; 18; 12; 19; 49; 4; 5; 4
20,32,0.64128,0.625,20; 25; 13; 19; 32; 3; 22; 3
27,49,0.55447,0.55102,27; 7; 17; 7; 49; 15; 6; 16
38,75,0.60358,0.50667,38; 9; 20; 16; 75; 7; 7; 6
30,64,0.5407,0.46875,30; 7; 18; 15; 64; 4; 8; 6
8,10,0.41208,0.8,8; 16; 16; 18; 10; 13; 8; 10
22,26,0.82839,0.84615,22; 17; 10; 6; 26; 21; 17; 4
13,77,0.24606,0.16883,13; 23; 12; 4; 77; 4; 4; 7
33,63,0.5761,0.52381,33; 11; 13; 9; 63; 3; 3; 11
13,32,0.41512,0.40625,13; 26; 10; 4; 32; 5; 3; 18
21,53,0.37875,0.39623,21; 18; 16; 22; 53; 10; 3; 10
36,53,0.74165,0.67925,36; 20; 13; 3; 53; 15; 9; 13
25,53,0.48386,0.4717,25; 20; 17; 9; 53; 14; 12; 7
19,48,0.41317,0.39583,19; 22; 4; 20; 48; 8; 3; 11
8,63,0.10652,0.12698,8; 22; 12; 5; 63; 6; 9; 10
58,63,0.9659,0.92063,58; 7; 6; 7; 63; 9; 8; 3
15,64,0.272,0.23438,15; 21; 8; 8; 64; 10; 4; 8
25,26,0.76311,0.96154,25; 13; 9; 15; 26; 5; 20; 13
20,63,0.3542,0.31746,20; 10; 24; 3; 63; 11; 6; 7
38,48,0.75167,0.79167,38; 12; 9; 12; 48; 8; 9; 14
9,31,0.30125,0.29032,9; 24; 24; 27; 31; 18; 19; 11
7,9,0.35989,0.77778,7; 7; 7; 28; 9; 14; 9; 11
22,82,0.4062,0.26829,22; 20; 15; 8; 82; 5; 4; 5
65,70,0.87489,0.92857,65; 10; 9; 3; 70; 7; 5; 7
56,70,0.91761,0.8,56; 3; 8; 12; 70; 8; 7; 9
29,32,0.79393,0.90625,29; 22; 21; 4; 32; 21; 11; 9
18,70,0.317,0.25714,18; 7; 12; 10; 70; 9; 6; 8
7,48,0.15838,0.14583,7; 14; 23; 16; 48; 13; 3; 5
7,9,0.35612,0.77778,7; 29; 12; 18; 9; 3; 24; 14
7,9,0.35106,0.77778,7; 5; 16; 4; 9; 26; 4; 27
27,53,0.52202,0.50943,27; 17; 20; 8; 53; 8; 12; 8
48,64,0.80077,0.75,48; 11; 3; 11; 64; 5; 9; 10
7,9,0.34746,0.77778,7; 21; 9; 7; 9; 14; 16; 20
62,75,0.89541,0.82667,62; 7; 10; 12; 75; 7; 5; 6
32,77,0.54354,0.41558,32; 3; 22; 8; 77; 6; 4; 3
29,32,0.81214,0.90625,29; 16; 18; 15; 32; 21; 18; 4
10,48,0.22459,0.20833,10; 7; 4; 25; 48; 12; 13; 13
48,49,0.81486,0.97959,48; 14; 5; 3; 49; 14; 15; 9
8,42,0.22198,0.19048,8; 26; 30; 29; 42; 17; 12; 9
45,75,0.73091,0.6,45; 13; 7; 5; 75; 3; 7; 5
27,77,0.4866,0.35065,27; 10; 18; 8; 77; 4; 3; 3
22,53,0.45899,0.41509,22; 10; 15; 5; 53; 10; 8; 14
23,63,0.41442,0.36508,23; 13; 4; 13; 63; 6; 6; 9
6,9,0.33948,0.66667,6; 29; 12; 26; 9; 13; 17; 20
23,32,0.70083,0.71875,23; 6; 11; 10; 32; 22; 9; 13
64,70,0.90112,0.91429,64; 8; 11; 7; 70; 5; 9; 5
23,31,0.73778,0.74194,23; 15; 25; 12; 31; 6; 19; 9
8,10,0.39443,0.8,8; 24; 10; 19; 10; 27; 11; 18
9,10,0.46836,0.9,9; 26; 27; 25; 10; 16; 7; 27
49,53,0.85606,0.92453,49; 4; 16; 3; 53; 9; 5; 5
15,31,0.47282,0.48387,15; 23; 13; 4; 31; 8; 18; 3
11,32,0.37707,0.34375,11; 26; 29; 24; 32; 15; 9; 9
27,32,0.76496,0.84375,27; 4; 19; 19; 32; 9; 16; 9
38,82,0.63173,0.46341,38; 8; 20; 10; 82; 3; 4; 4
38,77,0.61127,0.49351,38; 11; 19; 7; 77; 3; 5; 5
8,10,0.41485,0.8,8; 25; 13; 16; 10; 27; 28; 12
47,78,0.70931,0.60256,47; 13; 13; 17; 78; 6; 4; 4
30,31,0.7751,0.96774,30; 15; 4; 14; 31; 6; 22; 7
32,42,0.7586,0.7619,32; 4; 13; 18; 42; 14; 14; 16
53,64,0.86959,0.82812,53; 12; 3; 13; 64; 10; 11; 3
20,26,0.69788,0.76923,20; 13; 13; 12; 26; 9; 8; 24
14,70,0.27213,0.2,14; 19; 24; 18; 70; 6; 9; 9
6,42,0.14705,0.14286,6; 25; 9; 18; 42; 4; 12; 16
14,49,0.28817,0.28571,14; 5; 10; 23; 49; 15; 15; 10
63,75,0.82578,0.84,63; 11; 6; 10; 75; 4; 6; 5
25,49,0.54816,0.5102,25; 12; 23; 17; 49; 16; 15; 14
7,10,0.37657,0.7,7; 29; 12; 12; 10; 12; 12; 7
38,78,0.58767,0.48718,38; 11; 6; 9; 78; 5; 6; 6
21,53,0.4117,0.39623,21; 8; 22; 8; 53; 9; 10; 12
13,26,0.43366,0.5,13; 28; 23; 3; 26; 23; 24; 15
37,49,0.76683,0.7551,37; 7; 18; 11; 49; 6; 7; 3
33,48,0.7253,0.6875,33; 7; 6; 14; 48; 3; 4; 11
67,70,0.87937,0.95714,67; 10; 4; 6; 70; 5; 7; 9
26,64,0.44834,0.40625,26; 23; 8; 13; 64; 11; 6; 3
11,31,0.37462,0.35484,11; 6; 25; 13; 31; 6; 3; 17
60,77,0.85227,0.77922,60; 9; 12; 5; 77; 6; 7; 4
38,64,0.60887,0.59375,38; 11; 18; 4; 64; 9; 6; 5
9,53,0.16788,0.16981,9; 4; 11; 22; 53; 3; 6; 6
45,78,0.66958,0.57692,45; 16; 16; 14; 78; 6; 6; 6
10,26,0.37935,0.38462,10; 8; 23; 21; 26; 16; 12; 12
22,63,0.395,0.34921,22; 5; 25; 18; 63; 3; 11; 7
5,9,0.28334,0.55556,5; 10; 15; 29; 9; 17; 14; 5
16,75,0.28177,0.21333,16; 7; 12; 16; 75; 3; 5; 3
36,42,0.84092,0.85714,36; 10; 15; 17; 42; 5; 18; 8
29,49,0.59795,0.59184,29; 19; 15; 17; 49; 9; 8; 11
7,9,0.37083,0.77778,7; 3; 26; 28; 9; 25; 20; 12
61,78,0.80123,0.78205,61; 5; 11; 11; 78; 6; 3; 3
36,49,0.75526,0.73469,36; 3; 18; 5; 49; 14; 11; 4
20,53,0.3736,0.37736,20; 13; 6; 8; 53; 12; 12; 11
11,26,0.39166,0.42308,11; 23; 20; 27; 26; 9; 22; 18
5,48,0.12713,0.10417,5; 11; 25; 20; 48; 13; 7; 5
5,63,0.10751,0.07937,5; 8; 15; 27; 63; 10; 5; 3
8,10,0.42514,0.8,8; 22; 20; 19; 10; 22; 5; 24
28,77,0.48401,0.36364,28; 16; 15; 15; 77; 7; 5; 4
18,63,0.35545,0.28571,18; 13; 6; 12; 63; 9; 8; 8
46,78,0.72483,0.58974,46; 7; 15; 5; 78; 6; 5; 5
6,9,0.32082,0.66667,6; 9; 6; 18; 9; 27; 20; 26
60,77,0.88361,0.77922,60; 9; 11; 3; 77; 6; 6; 4
9,77,0.23019,0.11688,9; 7; 17; 10; 77; 3; 4; 3
19,53,0.3778,0.35849,19; 6; 3; 4; 53; 14; 4; 14
9,49,0.19145,0.18367,9; 19; 8; 12; 49; 4; 6; 6
12,63,0.25652,0.19048,12; 11; 4; 4; 63; 11; 3; 5
8,9,0.38506,0.88889,8; 11; 26; 5; 9; 20; 18; 14
55,77,0.8377,0.71429,55; 3; 9; 12; 77; 3; 6; 4
39,63,0.65562,0.61905,39; 6; 5; 6; 63; 6; 5; 9
44,75,0.70568,0.58667,44; 12; 12; 4; 75; 3; 3; 7
12,31,0.40594,0.3871,12; 18; 9; 4; 31; 17; 22; 9
46,63,0.79892,0.73016,46; 12; 15; 6; 63; 6; 6; 4
57,82,0.7791,0.69512,57; 3; 4; 7; 82; 4; 3; 3
49,75,0.73722,0.65333,49; 3; 10; 3; 75; 4; 3; 6
44,78,0.6984,0.5641,44; 16; 11; 13; 78; 6; 6; 4
71,82,0.68735,0.86585,71; 8; 8; 9; 82; 5; 4; 5
9,32,0.31283,0.28125,9; 17; 9; 22; 32; 13; 19; 4
28,77,0.4813,0.36364,28; 18; 8; 16; 77; 7; 6; 5
10,42,0.27708,0.2381,10; 6; 20; 16; 42; 11; 10; 18
5,10,0.3395,0.5,5; 8; 9; 24; 10; 21; 14; 18
52,70,0.81875,0.74286,52; 5; 13; 8; 70; 5; 9; 3
15,31,0.45645,0.48387,15; 17; 11; 4; 31; 18; 19; 5
11,64,0.19717,0.17188,11; 4; 12; 14; 64; 7; 5; 6
8,78,0.19313,0.10256,8; 4; 28; 18; 78; 6; 6; 4
22,63,0.39653,0.34921,22; 12; 24; 4; 63; 3; 5; 11
8,31,0.28249,0.25806,8; 4; 5; 18; 31; 3; 9; 13
31,82,0.52515,0.37805,31; 4; 8; 3; 82; 5; 5; 3
5,26,0.20004,0.19231,5; 21; 10; 7; 26; 16; 20; 21
36,63,0.62891,0.57143,36; 17; 15; 4; 63; 3; 8; 11
26,77,0.44618,0.33766,26; 19; 4; 8; 77; 7; 4; 3
17,26,0.63966,0.65385,17; 11; 24; 15; 26; 13; 12; 20
11,75,0.22476,0.14667,11; 17; 23; 23; 75; 5; 4; 6
9,82,0.1977,0.10976,9; 17; 17; 21; 82; 5; 4; 4
76,77,0.73986,0.98701,76; 5; 6; 6; 77; 3; 7; 4
35,49,0.77409,0.71429,35; 19; 5; 8; 49; 16; 4; 3
6,9,0.2681,0.66667,6; 19; 21; 5; 9; 3; 17; 28
7,77,0.18667,0.09091,7; 7; 9; 19; 77; 7; 5; 3
39,78,0.64337,0.5,39; 9; 9; 12; 78; 4; 6; 4
54,64,0.9255,0.84375,54; 11; 14; 4; 64; 4; 9; 5
8,9,0.37444,0.88889,8; 28; 5; 6; 9; 25; 4; 26
17,49,0.33507,0.34694,17; 20; 11; 11; 49; 14; 5; 5
24,63,0.4203,0.38095,24; 14; 4; 16; 63; 11; 9; 9
28,31,0.74309,0.90323,28; 3; 7; 22; 31; 7; 5; 6
40,42,0.85785,0.95238,40; 8; 4; 6; 42; 12; 18; 6
29,49,0.58538,0.59184,29; 15; 18; 9; 49; 10; 12; 6
14,78,0.26842,0.17949,14; 9; 20; 3; 78; 3; 5; 6
12,42,0.29795,0.28571,12; 11; 9; 8; 42; 12; 10; 13
24,32,0.70171,0.75,24; 5; 11; 19; 32; 3; 13; 7
18,53,0.37508,0.33962,18; 21; 13; 16; 53; 14; 3; 8
59,63,0.96188,0.93651,59; 4; 10; 9; 63; 3; 9; 9
6,64,0.09187,0.09375,6; 25; 26; 5; 64; 9; 8; 11
24,75,0.43267,0.32,24; 15; 10; 22; 75; 3; 4; 3
6,9,0.32753,0.66667,6; 4; 17; 25; 9; 12; 28; 24
45,78,0.6969,0.57692,45; 15; 4; 6; 78; 4; 4; 3
8,42,0.20897,0.19048,8; 9; 4; 22; 42; 13; 4; 8
8,49,0.16991,0.16327,8; 3; 30; 10; 49; 12; 16; 6
25,49,0.50455,0.5102,25; 23; 23; 22; 49; 15; 16; 9
45,48,0.81514,0.9375,45; 5; 6; 3; 48; 6; 16; 13
5,9,0.31377,0.55556,5; 31; 30; 4; 9; 23; 18; 29
6,9,0.32129,0.66667,6; 16; 12; 22; 9; 26; 6; 25
55,70,0.90644,0.78571,55; 9; 10; 12; 70; 9; 6; 4
14,26,0.52587,0.53846,14; 25; 17; 27; 26; 24; 3; 14
41,75,0.63925,0.54667,41; 3; 4; 11; 75; 6; 5; 3
28,31,0.72592,0.90323,28; 15; 12; 17; 31; 16; 3; 15
18,77,0.38194,0.23377,18; 19; 13; 3; 77; 3; 6; 6
17,26,0.63922,0.65385,17; 7; 13; 3; 26; 3; 13; 17
20,31,0.62938,0.64516,20; 12; 4; 15; 31; 7; 15; 9
9,10,0.43851,0.9,9; 9; 8; 20; 10; 4; 27; 27
7,26,0.28125,0.26923,7; 17; 3; 20; 26; 21; 5; 22
23,78,0.41,0.29487,23; 5; 5; 9; 78; 3; 4; 3
18,26,0.61888,0.69231,18; 25; 16; 22; 26; 3; 9; 14
10,75,0.21013,0.13333,10; 17; 8; 28; 75; 7; 6; 6
30,78,0.51859,0.38462,30; 3; 16; 7; 78; 4; 5; 6
21,32,0.66051,0.65625,21; 14; 23; 23; 32; 3; 11; 9
13,53,0.2554,0.24528,13; 15; 4; 12; 53; 15; 6; 6
9,48,0.18749,0.1875,9; 26; 23; 25; 48; 4; 9; 11
19,48,0.41015,0.39583,19; 14; 8; 24; 48; 12; 12; 3
54,82,0.772,0.65854,54; 11; 13; 4; 82; 3; 5; 3
8,31,0.23816,0.25806,8; 7; 26; 21; 31; 9; 12; 3
17,32,0.50529,0.53125,17; 22; 4; 19; 32; 16; 17; 13
20,63,0.35341,0.31746,20; 5; 16; 4; 63; 4; 3; 11
5,9,0.28829,0.55556,5; 25; 22; 12; 9; 10; 19; 29
38,75,0.61859,0.50667,38; 17; 17; 11; 75; 6; 7; 7
29,32,0.75808,0.90625,29; 9; 11; 12; 32; 14; 22; 19
8,10,0.4105,0.8,8; 9; 20; 25; 10; 15; 14; 7
55,75,0.85263,0.73333,55; 13; 14; 11; 75; 5; 3; 7
53,70,0.87265,0.75714,53; 13; 11; 3; 70; 9; 8; 3
44,49,0.82092,0.89796,44; 16; 15; 17; 49; 10; 11; 13
15,53,0.29451,0.28302,15; 19; 23; 7; 53; 8; 9; 13
5,9,0.30097,0.55556,5; 25; 4; 27; 9; 8; 24; 23
16,31,0.48707,0.51613,16; 15; 17; 17; 31; 22; 11; 3
9,10,0.46236,0.9,9; 14; 18; 3; 10; 3; 11; 26
36,42,0.82863,0.85714,36; 9; 15; 3; 42; 15; 13; 12
31,49,0.63542,0.63265,31; 21; 3; 17; 49; 8; 14; 5
14,26,0.49449,0.53846,14; 11; 19; 12; 26; 6; 17; 4
8,48,0.18379,0.16667,8; 13; 4; 24; 48; 14; 16; 7
7,63,0.13737,0.11111,7; 10; 18; 10; 63; 9; 8; 6
7,10,0.35718,0.7,7; 7; 21; 10; 10; 22; 27; 3
48,75,0.7686,0.64,48; 16; 9; 5; 75; 5; 7; 4
40,64,0.68192,0.625,40; 12; 7; 19; 64; 8; 4; 11
13,31,0.41922,0.41935,13; 28; 12; 12; 31; 3; 11; 4
32,48,0.66796,0.66667,32; 17; 6; 22; 48; 14; 16; 16
13,26,0.51644,0.5,13; 6; 13; 16; 26; 14; 13; 7
22,53,0.43598,0.41509,22; 10; 23; 25; 53; 15; 15; 6
8,78,0.17639,0.10256,8; 20; 16; 24; 78; 5; 3; 3
59,77,0.84748,0.76623,59; 10; 8; 7; 77; 7; 3; 6
47,53,0.81726,0.88679,47; 3; 13; 17; 53; 8; 15; 4
8,9,0.39298,0.88889,8; 21; 8; 14; 9; 19; 18; 12
21,42,0.5001,0.5,21; 5; 24; 16; 42; 8; 10; 12
31,42,0.69491,0.7381,31; 19; 13; 7; 42; 10; 14; 4
9,10,0.45005,0.9,9; 3; 24; 10; 10; 28; 9; 7
35,78,0.55619,0.44872,35; 10; 5; 19; 78; 4; 4; 4
50,75,0.75563,0.66667,50; 9; 14; 4; 75; 6; 7; 3
40,53,0.75054,0.75472,40; 6; 14; 5; 53; 7; 11; 5
6,9,0.34577,0.66667,6; 8; 5; 12; 9; 11; 22; 7
6,53,0.15071,0.11321,6; 14; 20; 15; 53; 9; 14; 11
53,70,0.87975,0.75714,53; 4; 9; 10; 70; 4; 4; 8
76,78,0.87256,0.97436,76; 7; 6; 6; 78; 4; 3; 3
27,75,0.46189,0.36,27; 19; 8; 7; 75; 6; 7; 5
9,42,0.22273,0.21429,9; 27; 13; 6; 42; 13; 17; 12
43,63,0.72847,0.68254,43; 12; 7; 13; 63; 10; 9; 9
6,10,0.33428,0.6,6; 21; 30; 21; 10; 12; 25; 23
11,63,0.22153,0.1746,11; 28; 5; 17; 63; 11; 3; 4
47,49,0.84349,0.95918,47; 9; 11; 14; 49; 7; 15; 12
15,26,0.55488,0.57692,15; 3; 23; 19; 26; 4; 5; 18
57,75,0.84526,0.76,57; 11; 12; 10; 75; 4; 3; 7
9,63,0.15523,0.14286,9; 17; 14; 26; 63; 7; 4; 8
21,26,0.72343,0.80769,21; 12; 21; 25; 26; 10; 8; 22
57,70,0.94232,0.81429,57; 5; 3; 9; 70; 3; 4; 8
29,31,0.76962,0.93548,29; 21; 18; 5; 31; 13; 14; 15
8,9,0.40421,0.88889,8; 29; 16; 27; 9; 28; 11; 6
20,26,0.79295,0.76923,20; 12; 19; 16; 26; 14; 8; 6
33,63,0.538,0.52381,33; 20; 16; 11; 63; 11; 10; 4
49,75,0.78895,0.65333,49; 15; 13; 3; 75; 3; 3; 5
68,78,0.74325,0.87179,68; 5; 4; 10; 78; 3; 5; 6
36,49,0.73933,0.73469,36; 9; 14; 5; 49; 8; 6; 15
50,82,0.76171,0.60976,50; 16; 6; 11; 82; 3; 4; 4
55,77,0.83324,0.71429,55; 5; 11; 14; 77; 7; 6; 4
16,64,0.27652,0.25,16; 4; 17; 15; 64; 3; 7; 4
34,49,0.70107,0.69388,34; 21; 11; 5; 49; 8; 14; 11
62,77,0.85883,0.80519,62; 5; 3; 8; 77; 3; 7; 4
50,63,0.82916,0.79365,50; 7; 10; 13; 63; 3; 7; 3
16,70,0.28624,0.22857,16; 19; 24; 13; 70; 7; 9; 4
14,49,0.26479,0.28571,14; 9; 10; 24; 49; 7; 7; 10
57,77,0.91839,0.74026,57; 8; 9; 8; 77; 5; 4; 4
9,31,0.3197,0.29032,9; 12; 20; 18; 31; 13; 15; 12
11,31,0.38269,0.35484,11; 17; 8; 3; 31; 3; 11; 20
22,26,0.79467,0.84615,22; 25; 20; 8; 26; 5; 21; 20
6,10,0.34723,0.6,6; 27; 3; 29; 10; 24; 6; 5
14,26,0.51054,0.53846,14; 24; 16; 9; 26; 14; 21; 4
43,78,0.70559,0.55128,43; 13; 10; 9; 78; 3; 6; 4
34,48,0.73881,0.70833,34; 11; 11; 21; 48; 4; 16; 4
43,63,0.71093,0.68254,43; 5; 15; 4; 63; 9; 4; 9
16,26,0.59096,0.61538,16; 3; 9; 5; 26; 5; 4; 9
6,75,0.16863,0.08,6; 18; 8; 7; 75; 5; 6; 3
62,77,0.868,0.80519,62; 7; 4; 3; 77; 6; 3; 4
67,78,0.82805,0.85897,67; 9; 3; 9; 78; 6; 3; 6
24,70,0.43286,0.34286,24; 13; 10; 20; 70; 7; 7; 9
9,10,0.44257,0.9,9; 8; 19; 15; 10; 11; 5; 11
9,10,0.46496,0.9,9; 28; 23; 27; 10; 14; 28; 27
6,9,0.3196,0.66667,6; 10; 28; 28; 9; 18; 4; 17
34,49,0.79202,0.69388,34; 15; 15; 7; 49; 14; 11; 16
54,77,0.79246,0.7013,54; 13; 11; 6; 77; 4; 5; 5
29,32,0.79553,0.90625,29; 3; 15; 22; 32; 16; 4; 16
40,70,0.66015,0.57143,40; 11; 14; 7; 70; 7; 4; 9
5,10,0.30705,0.5,5; 4; 19; 12; 10; 29; 28; 15
50,53,0.88049,0.9434,50; 12; 14; 15; 53; 11; 6; 12
6,10,0.34164,0.6,6; 5; 17; 6; 10; 9; 23; 6
19,26,0.71293,0.73077,19; 3; 4; 26; 26; 21; 17; 3
39,48,0.81312,0.8125,39; 7; 7; 15; 48; 5; 10; 5
41,64,0.68223,0.64062,41; 13; 9; 12; 64; 11; 7; 7
55,82,0.87605,0.67073,55; 6; 13; 11; 82; 4; 4; 5
11,75,0.19916,0.14667,11; 6; 10; 21; 75; 3; 3; 3
36,63,0.60524,0.57143,36; 11; 17; 14; 63; 11; 7; 4
34,48,0.79686,0.70833,34; 5; 11; 18; 48; 9; 5; 4
21,78,0.36485,0.26923,21; 10; 17; 10; 78; 6; 5; 5
6,9,0.31645,0.66667,6; 18; 12; 13; 9; 13; 4; 29
6,10,0.33731,0.6,6; 16; 6; 16; 10; 26; 13; 19
9,48,0.21387,0.1875,9; 19; 19; 6; 48; 10; 9; 8
23,31,0.72742,0.74194,23; 6; 8; 22; 31; 21; 10; 7
7,75,0.16964,0.09333,7; 4; 24; 27; 75; 5; 4; 6
18,32,0.57814,0.5625,18; 26; 10; 21; 32; 13; 17; 10
20,42,0.49551,0.47619,20; 11; 9; 26; 42; 16; 11; 10
31,53,0.59837,0.58491,31; 9; 4; 6; 53; 5; 9; 10
66,82,0.71714,0.80488,66; 8; 10; 7; 82; 5; 5; 5
41,70,0.70983,0.58571,41; 13; 11; 17; 70; 9; 5; 8
14,32,0.45943,0.4375,14; 19; 10; 28; 32; 20; 11; 4
7,10,0.35414,0.7,7; 26; 6; 5; 10; 3; 26; 5
16,49,0.33142,0.32653,16; 12; 12; 9; 49; 9; 16; 10
61,70,0.93094,0.87143,61; 11; 3; 3; 70; 5; 9; 9
8,42,0.2291,0.19048,8; 14; 19; 27; 42; 15; 17; 10
38,49,0.85237,0.77551,38; 5; 20; 15; 49; 16; 15; 15
13,70,0.23725,0.18571,13; 26; 4; 15; 70; 8; 6; 9
6,9,0.32176,0.66667,6; 9; 14; 6; 9; 14; 26; 15
14,70,0.25876,0.2,14; 17; 10; 6; 70; 4; 9; 5
54,64,0.93006,0.84375,54; 8; 10; 9; 64; 5; 6; 9
5,42,0.11115,0.11905,5; 17; 17; 23; 42; 14; 13; 4
42,63,0.71596,0.66667,42; 15; 12; 15; 63; 10; 8; 7
8,26,0.33037,0.30769,8; 26; 6; 28; 26; 9; 21; 21
60,75,0.85171,0.8,60; 4; 8; 8; 75; 7; 3; 7
24,70,0.41696,0.34286,24; 19; 8; 10; 70; 9; 9; 4
28,64,0.4851,0.4375,28; 20; 15; 4; 64; 7; 5; 7
15,75,0.29009,0.2,15; 12; 22; 18; 75; 4; 4; 6
56,82,0.78934,0.68293,56; 6; 12; 9; 82; 3; 3; 4
34,42,0.88198,0.80952,34; 5; 6; 3; 42; 13; 9; 13
8,9,0.39319,0.88889,8; 20; 9; 20; 9; 18; 19; 17
46,77,0.6919,0.5974,46; 14; 13; 15; 77; 3; 3; 6
11,70,0.21078,0.15714,11; 17; 17; 13; 70; 4; 8; 9
28,32,0.77074,0.875,28; 6; 22; 20; 32; 7; 6; 5
17,78,0.31609,0.21795,17; 10; 18; 16; 78; 5; 6; 5
44,63,0.73249,0.69841,44; 14; 4; 11; 63; 3; 9; 6
7,10,0.40372,0.7,7; 8; 16; 21; 10; 21; 20; 22
19,26,0.73859,0.73077,19; 3; 20; 11; 26; 23; 23; 8
8,10,0.38549,0.8,8; 29; 16; 5; 10; 28; 11; 11
40,49,0.80677,0.81633,40; 18; 18; 10; 49; 8; 8; 16
14,75,0.25408,0.18667,14; 19; 22; 27; 75; 4; 4; 3
32,49,0.68113,0.65306,32; 10; 10; 13; 49; 16; 4; 11
17,77,0.32046,0.22078,17; 7; 26; 10; 77; 5; 7; 3
51,64,0.8293,0.79688,51; 3; 12; 3; 64; 7; 4; 6
22,48,0.45339,0.45833,22; 13; 9; 16; 48; 10; 3; 12
9,10,0.43928,0.9,9; 24; 10; 22; 10; 3; 4; 15
28,42,0.66652,0.66667,28; 14; 8; 10; 42; 7; 4; 7
20,49,0.40355,0.40816,20; 24; 18; 4; 49; 14; 12; 11
33,75,0.56736,0.44,33; 9; 14; 14; 75; 4; 3; 5
51,75,0.83729,0.68,51; 8; 4; 12; 75; 5; 5; 5
29,42,0.66508,0.69048,29; 12; 16; 15; 42; 14; 13; 4
8,10,0.40364,0.8,8; 3; 20; 15; 10; 20; 11; 22
38,70,0.61942,0.54286,38; 4; 8; 8; 70; 8; 8; 3
32,42,0.7544,0.7619,32; 10; 12; 6; 42; 7; 15; 4
22,70,0.40152,0.31429,22; 25; 8; 17; 70; 8; 6; 3
6,49,0.10425,0.12245,6; 11; 3; 30; 49; 7; 16; 13
29,32,0.76277,0.90625,29; 19; 22; 8; 32; 20; 5; 5
58,64,0.93698,0.90625,58; 4; 12; 13; 64; 10; 9; 3
72,82,0.72671,0.87805,72; 6; 8; 5; 82; 4; 4; 3
9,70,0.17672,0.12857,9; 8; 12; 7; 70; 3; 9; 3
44,49,0.79752,0.89796,44; 3; 10; 10; 49; 7; 9; 12
62,64,0.9519,0.96875,62; 5; 4; 5; 64; 9; 10; 7
31,78,0.52808,0.39744,31; 21; 7; 16; 78; 6; 3; 3
30,32,0.80233,0.9375,30; 4; 10; 6; 32; 20; 21; 15
27,63,0.45777,0.42857,27; 14; 5; 6; 63; 4; 8; 9
33,49,0.68487,0.67347,33; 18; 17; 21; 49; 16; 8; 8
48,64,0.79814,0.75,48; 5; 6; 7; 64; 8; 4; 7
36,78,0.60724,0.46154,36; 10; 3; 14; 78; 3; 3; 3
46,77,0.73585,0.5974,46; 4; 11; 8; 77; 6; 4; 6
9,10,0.40164,0.9,9; 21; 23; 10; 10; 18; 20; 10
41,53,0.79925,0.77358,41; 14; 13; 6; 53; 3; 4; 6
25,26,0.78725,0.96154,25; 21; 7; 23; 26; 6; 12; 7
70,75,0.8226,0.93333,70; 9; 4; 9; 75; 4; 7; 3
5,9,0.30468,0.55556,5; 24; 11; 19; 9; 27; 9; 21
14,26,0.55764,0.53846,14; 26; 23; 9; 26; 5; 10; 12
45,78,0.71652,0.57692,45; 17; 12; 6; 78; 6; 4; 3
7,9,0.3554,0.77778,7; 21; 13; 15; 9; 26; 4; 18
5,10,0.29821,0.5,5; 27; 11; 27; 10; 18; 22; 26
12,26,0.5266,0.46154,12; 17; 19; 24; 26; 11; 24; 8
58,64,0.95118,0.90625,58; 3; 10; 12; 64; 11; 10; 9
10,32,0.34963,0.3125,10; 14; 8; 17; 32; 11; 8; 10
43,63,0.70359,0.68254,43; 17; 8; 6; 63; 4; 11; 9
53,82,0.71299,0.64634,53; 15; 8; 9; 82; 5; 5; 5
45,49,0.82102,0.91837,45; 11; 17; 3; 49; 3; 9; 10
31,49,0.66316,0.63265,31; 12; 10; 6; 49; 6; 3; 12
22,42,0.52185,0.52381,22; 14; 11; 10; 42; 11; 9; 18
7,42,0.16051,0.16667,7; 17; 4; 24; 42; 15; 14; 13
33,53,0.64718,0.62264,33; 15; 19; 16; 53; 5; 15; 5
34,48,0.74311,0.70833,34; 10; 12; 6; 48; 13; 11; 10
19,42,0.40773,0.45238,19; 5; 12; 8; 42; 9; 6; 7
17,63,0.25822,0.26984,17; 9; 13; 3; 63; 4; 8; 7
72,82,0.70301,0.87805,72; 3; 5; 7; 82; 4; 4; 4
40,42,0.89829,0.95238,40; 7; 3; 6; 42; 5; 16; 12
21,64,0.39799,0.32812,21; 21; 24; 16; 64; 9; 11; 8
32,82,0.5458,0.39024,32; 6; 10; 22; 82; 5; 4; 4
8,9,0.41363,0.88889,8; 25; 9; 22; 9; 3; 21; 29
26,49,0.55084,0.53061,26; 20; 5; 10; 49; 10; 9; 3
30,63,0.53174,0.47619,30; 8; 18; 7; 63; 3; 6; 8
8,10,0.45018,0.8,8; 8; 10; 13; 10; 22; 22; 16
7,9,0.36882,0.77778,7; 19; 18; 14; 9; 18; 23; 17
16,53,0.3168,0.30189,16; 26; 14; 26; 53; 7; 4; 3
72,78,0.80762,0.92308,72; 5; 4; 6; 78; 4; 4; 5
72,77,0.83313,0.93506,72; 8; 5; 4; 77; 5; 6; 7
26,32,0.68453,0.8125,26; 8; 23; 21; 32; 14; 16; 3
8,49,0.17255,0.16327,8; 11; 7; 8; 49; 12; 11; 10
51,77,0.82873,0.66234,51; 8; 9; 14; 77; 6; 4; 3
28,63,0.49627,0.44444,28; 11; 15; 5; 63; 5; 7; 3
67,75,0.84945,0.89333,67; 4; 4; 3; 75; 7; 4; 5
9,10,0.46668,0.9,9; 10; 22; 9; 10; 19; 6; 18
13,48,0.29011,0.27083,13; 14; 10; 5; 48; 5; 9; 12
44,48,0.79601,0.91667,44; 17; 3; 9; 48; 8; 14; 11
23,32,0.64039,0.71875,23; 11; 22; 16; 32; 22; 15; 14
18,32,0.53415,0.5625,18; 25; 25; 21; 32; 9; 9; 9
5,75,0.12348,0.06667,5; 23; 8; 27; 75; 7; 4; 6
20,26,0.70833,0.76923,20; 13; 22; 4; 26; 21; 10; 3
51,53,0.85977,0.96226,51; 8; 5; 8; 53; 12; 12; 13
7,31,0.29011,0.22581,7; 5; 22; 28; 31; 4; 22; 15
9,32,0.31609,0.28125,9; 3; 22; 10; 32; 11; 13; 12
9,10,0.45356,0.9,9; 14; 24; 24; 10; 15; 6; 25
17,70,0.30961,0.24286,17; 16; 12; 21; 70; 8; 3; 5
39,78,0.608,0.5,39; 4; 13; 4; 78; 3; 3; 6
47,48,0.80892,0.97917,47; 8; 17; 17; 48; 7; 5; 7
32,49,0.67638,0.65306,32; 9; 8; 4; 49; 15; 5; 5
16,78,0.29896,0.20513,16; 24; 12; 22; 78; 6; 5; 4
16,31,0.49539,0.51613,16; 17; 12; 19; 31; 14; 10; 10
38,77,0.62506,0.49351,38; 20; 7; 15; 77; 4; 6; 4
44,49,0.78836,0.89796,44; 9; 14; 16; 49; 5; 9; 15
6,32,0.23565,0.1875,6; 4; 13; 22; 32; 14; 21; 7
12,31,0.39985,0.3871,12; 19; 4; 7; 31; 16; 13; 13
10,70,0.19821,0.14286,10; 16; 6; 23; 70; 3; 3; 6
38,42,0.82186,0.90476,38; 7; 13; 15; 42; 9; 7; 14
9,48,0.20968,0.1875,9; 8; 27; 13; 48; 8; 11; 9
6,63,0.1121,0.09524,6; 23; 8; 10; 63; 3; 9; 9
15,26,0.51306,0.57692,15; 18; 23; 5; 26; 20; 15; 6
8,53,0.15906,0.15094,8; 19; 19; 27; 53; 12; 12; 9
46,48,0.82851,0.95833,46; 14; 6; 7; 48; 10; 6; 12
23,77,0.42151,0.2987,23; 6; 5; 18; 77; 6; 5; 7
10,77,0.21908,0.12987,10; 22; 28; 5; 77; 3; 5; 6
35,82,0.58376,0.42683,35; 13; 9; 3; 82; 3; 3; 4
8,9,0.40697,0.88889,8; 8; 13; 26; 9; 5; 7; 8
63,78,0.76412,0.80769,63; 9; 5; 6; 78; 3; 5; 4
31,77,0.53933,0.4026,31; 4; 19; 17; 77; 6; 7; 5
10,42,0.22393,0.2381,10; 10; 20; 3; 42; 16; 13; 5
15,26,0.59155,0.57692,15; 11; 3; 3; 26; 12; 9; 19
13,64,0.23427,0.20312,13; 12; 9; 26; 64; 4; 9; 11
21,42,0.48393,0.5,21; 21; 12; 10; 42; 14; 5; 8
20,26,0.79206,0.76923,20; 4; 6; 23; 26; 20; 16; 16
44,64,0.72678,0.6875,44; 14; 5; 12; 64; 4; 5; 11
19,75,0.36157,0.25333,19; 11; 17; 23; 75; 5; 3; 7
20,31,0.60607,0.64516,20; 21; 12; 26; 31; 3; 15; 19
16,32,0.4768,0.5,16; 10; 12; 12; 32; 9; 5; 4
51,78,0.82734,0.65385,51; 3; 5; 6; 78; 4; 5; 6
5,32,0.21923,0.15625,5; 28; 28; 30; 32; 11; 21; 16
21,49,0.40122,0.42857,21; 9; 7; 8; 49; 3; 16; 14
28,63,0.47594,0.44444,28; 11; 15; 3; 63; 4; 9; 5
8,9,0.39864,0.88889,8; 9; 23; 11; 9; 23; 23; 15
10,82,0.19817,0.12195,10; 18; 27; 20; 82; 5; 4; 4
30,31,0.78248,0.96774,30; 16; 18; 16; 31; 19; 20; 14
77,78,0.77897,0.98718,77; 6; 7; 6; 78; 3; 6; 6
33,70,0.56772,0.47143,33; 16; 20; 6; 70; 3; 4; 5
50,53,0.82408,0.9434,50; 16; 4; 8; 53; 14; 15; 3
54,64,0.91642,0.84375,54; 14; 8; 11; 64; 3; 4; 9
13,70,0.22819,0.18571,13; 12; 21; 27; 70; 4; 9; 3
21,77,0.39904,0.27273,21; 24; 16; 3; 77; 5; 4; 3
23,26,0.7925,0.88462,23; 3; 21; 22; 26; 9; 3; 21
57,82,0.86088,0.69512,57; 7; 5; 5; 82; 3; 4; 5
24,32,0.69241,0.75,24; 13; 8; 23; 32; 13; 4; 18
19,26,0.65401,0.73077,19; 5; 5; 15; 26; 16; 14; 10
41,64,0.68779,0.64062,41; 14; 8; 19; 64; 10; 7; 9
18,77,0.3534,0.23377,18; 21; 7; 20; 77; 5; 6; 3
26,49,0.52642,0.53061,26; 9; 15; 17; 49; 5; 15; 14
11,53,0.23311,0.20755,11; 6; 8; 27; 53; 10; 11; 4
34,78,0.537,0.4359,34; 7; 12; 4; 78; 3; 3; 3
8,9,0.38291,0.88889,8; 4; 26; 4; 9; 6; 23; 8
55,64,0.9155,0.85938,55; 12; 7; 5; 64; 3; 9; 10
61,70,0.91313,0.87143,61; 11; 5; 3; 70; 8; 9; 9
31,42,0.75193,0.7381,31; 8; 14; 10; 42; 12; 17; 10
45,75,0.71153,0.6,45; 10; 9; 12; 75; 4; 4; 3
50,53,0.84083,0.9434,50; 16; 11; 15; 53; 9; 12; 5
29,32,0.83717,0.90625,29; 16; 7; 20; 32; 13; 5; 8
7,9,0.37018,0.77778,7; 24; 23; 13; 9; 3; 14; 12
44,64,0.73504,0.6875,44; 3; 9; 17; 64; 6; 6; 5
63,64,0.94583,0.98438,63; 11; 8; 6; 64; 10; 9; 6
37,53,0.73181,0.69811,37; 3; 8; 4; 53; 4; 11; 8
16,42,0.27883,0.38095,16; 15; 27; 4; 42; 5; 8; 13
38,75,0.62915,0.50667,38; 17; 12; 20; 75; 5; 3; 3
9,64,0.14201,0.14062,9; 7; 24; 13; 64; 7; 10; 9
58,75,0.87044,0.77333,58; 7; 9; 11; 75; 6; 3; 6
6,9,0.31858,0.66667,6; 7; 19; 27; 9; 26; 12; 4
16,32,0.54557,0.5,16; 27; 18; 15; 32; 22; 12; 9
25,32,0.76619,0.78125,25; 3; 10; 7; 32; 7; 17; 17
55,77,0.88342,0.71429,55; 4; 10; 5; 77; 5; 5; 7
22,32,0.68855,0.6875,22; 15; 22; 17; 32; 12; 18; 9
66,75,0.82715,0.88,66; 7; 9; 5; 75; 6; 7; 6
31,42,0.70923,0.7381,31; 5; 18; 22; 42; 13; 13; 7
21,32,0.69091,0.65625,21; 3; 8; 15; 32; 7; 9; 10
12,63,0.22188,0.19048,12; 19; 21; 3; 63; 7; 10; 10
79,82,0.70513,0.96341,79; 4; 3; 3; 82; 4; 4; 3
19,31,0.59656,0.6129,19; 25; 10; 8; 31; 16; 17; 9
20,75,0.39029,0.26667,20; 14; 9; 11; 75; 6; 7; 3
47,48,0.79797,0.97917,47; 13; 14; 16; 48; 3; 12; 13
17,26,0.61331,0.65385,17; 4; 11; 17; 26; 24; 16; 15
34,53,0.66025,0.64151,34; 7; 3; 18; 53; 8; 10; 7
16,32,0.51071,0.5,16; 17; 8; 23; 32; 3; 22; 13
26,42,0.63341,0.61905,26; 8; 21; 9; 42; 8; 5; 17
10,26,0.37397,0.38462,10; 4; 25; 29; 26; 17; 5; 7
9,10,0.45935,0.9,9; 27; 8; 26; 10; 19; 26; 10
7,49,0.14621,0.14286,7; 4; 10; 5; 49; 6; 11; 9
19,31,0.54728,0.6129,19; 12; 17; 3; 31; 18; 20; 9
37,82,0.5648,0.45122,37; 10; 18; 13; 82; 3; 3; 5
30,64,0.53224,0.46875,30; 4; 7; 21; 64; 8; 7; 7
11,42,0.23618,0.2619,11; 10; 15; 17; 42; 10; 9; 11
18,75,0.35534,0.24,18; 18; 21; 7; 75; 3; 5; 6
18,32,0.57216,0.5625,18; 9; 10; 8; 32; 11; 12; 20
63,77,0.84059,0.81818,63; 5; 3; 10; 77; 7; 7; 5
34,42,0.78352,0.80952,34; 16; 8; 16; 42; 14; 9; 6
23,63,0.40801,0.36508,23; 4; 19; 6; 63; 11; 8; 9
53,63,0.89189,0.84127,53; 3; 12; 9; 63; 7; 10; 7
5,10,0.27363,0.5,5; 24; 28; 7; 10; 10; 20; 14
47,49,0.81053,0.95918,47; 14; 3; 7; 49; 11; 10; 6
16,31,0.54596,0.51613,16; 10; 23; 19; 31; 17; 16; 3
9,49,0.21926,0.18367,9; 21; 13; 18; 49; 14; 13; 11
7,9,0.39565,0.77778,7; 12; 30; 6; 9; 6; 15; 12
10,64,0.17993,0.15625,10; 7; 28; 8; 64; 3; 9; 8
6,9,0.32629,0.66667,6; 12; 7; 15; 9; 19; 25; 24
20,26,0.78753,0.76923,20; 18; 18; 18; 26; 24; 20; 16
6,10,0.33943,0.6,6; 4; 13; 6; 10; 20; 6; 9
21,48,0.46648,0.4375,21; 13; 10; 14; 48; 9; 9; 6
45,78,0.72053,0.57692,45; 6; 13; 7; 78; 4; 4; 5
37,70,0.59528,0.52857,37; 8; 19; 8; 70; 9; 9; 6
6,9,0.31807,0.66667,6; 24; 14; 28; 9; 12; 9; 9
42,53,0.73741,0.79245,42; 14; 4; 16; 53; 12; 6; 11
20,75,0.36688,0.26667,20; 20; 11; 8; 75; 5; 4; 4
48,77,0.71232,0.62338,48; 6; 11; 4; 77; 7; 4; 5
21,42,0.49886,0.5,21; 15; 22; 10; 42; 16; 8; 3
27,32,0.74022,0.84375,27; 11; 3; 16; 32; 16; 10; 10
49,64,0.80723,0.76562,49; 10; 12; 10; 64; 6; 9; 7
14,31,0.45646,0.45161,14; 27; 23; 22; 31; 17; 5; 12
63,82,0.92734,0.76829,63; 5; 10; 8; 82; 4; 4; 3
24,32,0.72878,0.75,24; 16; 8; 19; 32; 7; 22; 11
29,82,0.51981,0.35366,29; 16; 14; 15; 82; 3; 4; 3
18,75,0.33317,0.24,18; 16; 13; 18; 75; 7; 7; 3
49,64,0.81491,0.76562,49; 16; 14; 13; 64; 3; 6; 7
52,63,0.84689,0.8254,52; 7; 9; 5; 63; 10; 4; 10
26,31,0.72204,0.83871,26; 3; 6; 8; 31; 19; 20; 4
56,63,0.89649,0.88889,56; 14; 14; 7; 63; 11; 6; 3
18,32,0.56223,0.5625,18; 5; 9; 23; 32; 22; 5; 13
76,77,0.79401,0.98701,76; 5; 7; 5; 77; 5; 4; 7
58,82,0.83631,0.70732,58; 3; 7; 7; 82; 3; 4; 4
40,64,0.69151,0.625,40; 15; 8; 14; 64; 3; 6; 8
9,31,0.31157,0.29032,9; 18; 5; 19; 31; 14; 10; 12
20,78,0.34557,0.25641,20; 20; 9; 5; 78; 4; 5; 3
10,31,0.33578,0.32258,10; 3; 29; 22; 31; 15; 14; 21
16,26,0.57687,0.61538,16; 20; 21; 3; 26; 21; 3; 15
6,9,0.32127,0.66667,6; 8; 5; 30; 9; 23; 17; 24
35,63,0.5891,0.55556,35; 19; 21; 3; 63; 11; 8; 10
9,31,0.31996,0.29032,9; 5; 9; 6; 31; 20; 7; 14
11,82,0.23872,0.13415,11; 16; 8; 15; 82; 4; 3; 4
17,49,0.33589,0.34694,17; 20; 25; 11; 49; 3; 13; 16
29,77,0.51258,0.37662,29; 6; 11; 17; 77; 5; 5; 4
17,49,0.35885,0.34694,17; 19; 10; 18; 49; 16; 16; 16
20,53,0.37585,0.37736,20; 24; 12; 26; 53; 5; 3; 4
14,26,0.54884,0.53846,14; 18; 24; 20; 26; 9; 11; 5
39,63,0.62329,0.61905,39; 6; 9; 7; 63; 11; 11; 8
22,42,0.51647,0.52381,22; 8; 22; 15; 42; 14; 13; 15
18,49,0.36216,0.36735,18; 24; 10; 5; 49; 10; 10; 6
17,77,0.32436,0.22078,17; 19; 24; 9; 77; 3; 4; 4
58,63,0.96026,0.92063,58; 3; 3; 6; 63; 11; 5; 6
7,64,0.14048,0.10938,7; 6; 24; 6; 64; 11; 9; 10
12,48,0.27904,0.25,12; 7; 25; 8; 48; 6; 13; 5
5,49,0.12317,0.10204,5; 20; 28; 3; 49; 13; 16; 6
39,53,0.73768,0.73585,39; 17; 14; 7; 53; 15; 11; 10
18,48,0.41488,0.375,18; 7; 21; 11; 48; 8; 4; 6
43,77,0.6865,0.55844,43; 18; 4; 8; 77; 3; 6; 3
43,49,0.78499,0.87755,43; 14; 16; 18; 49; 11; 10; 10
10,42,0.25817,0.2381,10; 15; 29; 26; 42; 9; 17; 12
18,31,0.58957,0.58065,18; 13; 26; 25; 31; 21; 6; 11
74,82,0.62993,0.90244,74; 4; 3; 5; 82; 5; 4; 4
5,70,0.07596,0.07143,5; 19; 9; 28; 70; 5; 4; 4
6,63,0.11331,0.09524,6; 10; 29; 6; 63; 7; 7; 6
41,77,0.65022,0.53247,41; 11; 13; 4; 77; 5; 5; 3
54,78,0.86237,0.69231,54; 6; 5; 3; 78; 5; 3; 5
25,64,0.44612,0.39062,25; 20; 12; 9; 64; 4; 7; 8
8,42,0.22607,0.19048,8; 8; 11; 26; 42; 13; 12; 12
7,9,0.35012,0.77778,7; 5; 30; 22; 9; 21; 27; 25
14,26,0.5565,0.53846,14; 8; 3; 3; 26; 20; 3; 14
21,31,0.73213,0.67742,21; 12; 16; 22; 31; 7; 18; 3
29,32,0.79311,0.90625,29; 16; 22; 10; 32; 5; 22; 8
54,64,0.89932,0.84375,54; 7; 3; 3; 64; 3; 6; 7
8,26,0.34766,0.30769,8; 6; 22; 20; 26; 4; 4; 13
5,48,0.12304,0.10417,5; 30; 22; 23; 48; 9; 11; 12
26,63,0.44521,0.4127,26; 12; 10; 15; 63; 6; 3; 11
5,42,0.15794,0.11905,5; 8; 17; 19; 42; 3; 6; 12
55,78,0.83974,0.70513,55; 13; 14; 10; 78; 5; 3; 4
46,78,0.70586,0.58974,46; 13; 10; 3; 78; 6; 5; 4
70,82,0.75489,0.85366,70; 6; 6; 3; 82; 5; 4; 3
7,9,0.38584,0.77778,7; 26; 23; 18; 9; 15; 15; 28
7,26,0.2774,0.26923,7; 5; 11; 14; 26; 4; 7; 5
43,77,0.67256,0.55844,43; 6; 6; 7; 77; 4; 7; 6
5,9,0.30885,0.55556,5; 9; 30; 19; 9; 3; 17; 17
39,49,0.76653,0.79592,39; 15; 16; 13; 49; 4; 15; 16
17,49,0.37203,0.34694,17; 23; 4; 10; 49; 13; 6; 14
7,9,0.32246,0.77778,7; 22; 7; 29; 9; 22; 17; 27
52,53,0.87054,0.98113,52; 4; 12; 8; 53; 3; 5; 4
5,75,0.13443,0.06667,5; 3; 5; 30; 75; 4; 6; 4
25,32,0.72361,0.78125,25; 23; 21; 7; 32; 11; 20; 4
68,82,0.7192,0.82927,68; 3; 3; 10; 82; 4; 4; 3
25,42,0.57283,0.59524,25; 19; 15; 17; 42; 10; 10; 3
70,82,0.78893,0.85366,70; 3; 4; 8; 82; 5; 3; 5
6,9,0.3538,0.66667,6; 8; 10; 16; 9; 7; 3; 19
50,70,0.8296,0.71429,50; 3; 8; 15; 70; 8; 8; 4
28,48,0.55151,0.58333,28; 3; 5; 12; 48; 3; 11; 9
29,42,0.69524,0.69048,29; 4; 19; 18; 42; 11; 9; 8
63,70,0.95295,0.9,63; 11; 5; 8; 70; 5; 9; 8
66,78,0.82735,0.84615,66; 5; 6; 5; 78; 3; 5; 4
22,63,0.39785,0.34921,22; 7; 10; 10; 63; 3; 11; 6
9,32,0.29294,0.28125,9; 28; 17; 15; 32; 11; 13; 15
43,64,0.72505,0.67188,43; 17; 3; 17; 64; 5; 9; 8
7,9,0.35873,0.77778,7; 24; 19; 24; 9; 22; 10; 17
56,78,0.86851,0.71795,56; 8; 14; 10; 78; 4; 6; 3
61,64,0.92633,0.95312,61; 3; 10; 8; 64; 7; 4; 4
47,78,0.6936,0.60256,47; 10; 4; 13; 78; 3; 4; 5
5,48,0.09078,0.10417,5; 26; 20; 19; 48; 4; 4; 15
20,53,0.38559,0.37736,20; 17; 11; 4; 53; 5; 14; 4
23,78,0.46673,0.29487,23; 9; 6; 22; 78; 3; 3; 4
76,82,0.69487,0.92683,76; 4; 3; 3; 82; 4; 4; 3
22,26,0.80062,0.84615,22; 17; 4; 11; 26; 16; 10; 13
42,78,0.7004,0.53846,42; 10; 9; 17; 78; 5; 3; 6
37,78,0.59973,0.47436,37; 6; 9; 6; 78; 3; 3; 5
34,48,0.78404,0.70833,34; 13; 5; 8; 48; 3; 9; 9
38,48,0.77253,0.79167,38; 7; 14; 3; 48; 11; 9; 9
6,10,0.34566,0.6,6; 14; 17; 30; 10; 22; 7; 16
40,63,0.68404,0.63492,40; 12; 4; 6; 63; 5; 6; 10
8,9,0.39572,0.88889,8; 26; 27; 26; 9; 20; 18; 20
43,49,0.81465,0.87755,43; 5; 5; 14; 49; 14; 10; 10
24,42,0.53261,0.57143,24; 18; 6; 6; 42; 15; 3; 9
17,48,0.39154,0.35417,17; 17; 18; 22; 48; 9; 8; 4
68,82,0.67505,0.82927,68; 4; 6; 6; 82; 4; 5; 3
51,53,0.87419,0.96226,51; 15; 7; 13; 53; 5; 7; 12
64,77,0.8532,0.83117,64; 6; 7; 7; 77; 3; 4; 3
42,63,0.70539,0.66667,42; 11; 11; 17; 63; 9; 4; 7
43,82,0.69807,0.52439,43; 8; 10; 13; 82; 5; 3; 4
62,77,0.8685,0.80519,62; 10; 5; 10; 77; 6; 6; 6
68,78,0.76439,0.87179,68; 3; 7; 6; 78; 3; 5; 5
50,75,0.72998,0.66667,50; 10; 16; 14; 75; 6; 5; 6
56,75,0.86174,0.74667,56; 14; 5; 5; 75; 6; 6; 6
30,42,0.67416,0.71429,30; 12; 16; 3; 42; 11; 8; 16
10,63,0.21934,0.15873,10; 9; 7; 25; 63; 8; 6; 3
27,82,0.50766,0.32927,27; 3; 17; 10; 82; 3; 5; 3
25,32,0.75656,0.78125,25; 14; 8; 6; 32; 11; 11; 8
6,9,0.32599,0.66667,6; 24; 29; 28; 9; 21; 20; 19
65,75,0.85799,0.86667,65; 10; 7; 10; 75; 4; 4; 6
26,48,0.55248,0.54167,26; 15; 3; 23; 48; 16; 11; 5
9,70,0.15248,0.12857,9; 21; 18; 25; 70; 8; 9; 5
40,42,0.8805,0.95238,40; 9; 13; 7; 42; 5; 16; 13
57,64,0.98882,0.89062,57; 13; 13; 7; 64; 9; 5; 4
31,78,0.55116,0.39744,31; 17; 18; 8; 78; 6; 4; 3
29,49,0.62947,0.59184,29; 13; 15; 3; 49; 13; 13; 16
47,78,0.71631,0.60256,47; 7; 5; 17; 78; 6; 4; 5
21,26,0.7694,0.80769,21; 19; 4; 8; 26; 20; 20; 14
5,9,0.29935,0.55556,5; 27; 6; 12; 9; 5; 16; 19
13,64,0.23961,0.20312,13; 4; 27; 10; 64; 6; 5; 3
58,77,0.85285,0.75325,58; 7; 12; 9; 77; 4; 6; 3
9,10,0.46572,0.9,9; 29; 21; 19; 10; 13; 24; 25
10,42,0.25968,0.2381,10; 9; 3; 20; 42; 10; 18; 5
69,77,0.83092,0.8961,69; 6; 7; 9; 77; 5; 7; 4
32,64,0.53862,0.5,32; 12; 13; 16; 64; 8; 7; 4
22,78,0.40486,0.28205,22; 21; 23; 23; 78; 6; 6; 4
14,32,0.42742,0.4375,14; 14; 20; 15; 32; 14; 22; 22
11,49,0.23202,0.22449,11; 23; 18; 28; 49; 15; 8; 4
27,32,0.73519,0.84375,27; 17; 15; 16; 32; 3; 21; 15
30,31,0.78376,0.96774,30; 12; 13; 13; 31; 14; 5; 19
36,42,0.87394,0.85714,36; 12; 17; 5; 42; 5; 13; 12
15,82,0.30749,0.18293,15; 10; 23; 5; 82; 4; 5; 4
19,75,0.36135,0.25333,19; 6; 12; 9; 75; 7; 5; 7
31,32,0.79852,0.96875,31; 3; 20; 14; 32; 16; 15; 12
23,49,0.48692,0.46939,23; 9; 17; 11; 49; 11; 12; 10
10,63,0.19521,0.15873,10; 20; 19; 25; 63; 5; 3; 7
43,70,0.6961,0.61429,43; 11; 13; 13; 70; 3; 9; 5
40,53,0.80091,0.75472,40; 17; 3; 7; 53; 6; 13; 13
5,10,0.29395,0.5,5; 16; 11; 24; 10; 15; 9; 10
9,70,0.15465,0.12857,9; 3; 6; 28; 70; 8; 5; 4
5,9,0.34596,0.55556,5; 10; 7; 7; 9; 5; 9; 25
22,64,0.38152,0.34375,22; 7; 7; 14; 64; 6; 6; 9
13,31,0.48909,0.41935,13; 7; 15; 11; 31; 14; 19; 3
28,75,0.47331,0.37333,28; 13; 22; 5; 75; 4; 3; 7
19,78,0.36762,0.24359,19; 6; 15; 16; 78; 5; 5; 5
23,26,0.74202,0.88462,23; 10; 19; 3; 26; 13; 8; 19
45,63,0.7556,0.71429,45; 7; 3; 15; 63; 10; 8; 4
43,82,0.67268,0.52439,43; 10; 17; 10; 82; 5; 4; 3
20,26,0.77706,0.76923,20; 13; 19; 24; 26; 23; 14; 3
21,26,0.84139,0.80769,21; 12; 25; 4; 26; 23; 4; 5
23,82,0.44739,0.28049,23; 7; 20; 13; 82; 4; 5; 5
9,77,0.18731,0.11688,9; 26; 8; 21; 77; 3; 3; 7
25,49,0.51963,0.5102,25; 7; 7; 11; 49; 7; 12; 6
5,10,0.30527,0.5,5; 5; 30; 27; 10; 19; 3; 9
24,42,0.54412,0.57143,24; 19; 5; 17; 42; 15; 4; 15
44,70,0.74569,0.62857,44; 8; 4; 6; 70; 7; 7; 3
67,82,0.82879,0.81707,67; 10; 8; 8; 82; 4; 3; 4
5,10,0.36699,0.5,5; 15; 27; 12; 10; 13; 23; 28
19,70,0.33778,0.27143,19; 10; 10; 19; 70; 8; 3; 8
33,70,0.555,0.47143,33; 12; 5; 16; 70; 6; 9; 7
38,75,0.61348,0.50667,38; 15; 18; 16; 75; 3; 5; 4
11,32,0.33845,0.34375,11; 18; 29; 18; 32; 5; 7; 15
29,64,0.4905,0.45312,29; 17; 3; 13; 64; 3; 3; 8
13,31,0.43983,0.41935,13; 20; 15; 27; 31; 9; 5; 7
8,77,0.16097,0.1039,8; 8; 9; 16; 77; 6; 3; 7
15,31,0.479,0.48387,15; 9; 25; 4; 31; 4; 16; 10
7,10,0.38099,0.7,7; 18; 27; 5; 10; 15; 12; 11
27,78,0.47822,0.34615,27; 3; 18; 16; 78; 6; 6; 5
10,70,0.21569,0.14286,10; 22; 7; 10; 70; 8; 6; 4
27,49,0.57368,0.55102,27; 18; 17; 5; 49; 15; 10; 11
7,26,0.25194,0.26923,7; 13; 19; 9; 26; 23; 12; 12
32,63,0.53407,0.50794,32; 11; 12; 12; 63; 3; 11; 7
23,75,0.41114,0.30667,23; 18; 10; 11; 75; 7; 4; 3
23,64,0.41978,0.35938,23; 11; 7; 16; 64; 11; 8; 7
5,9,0.31103,0.55556,5; 21; 28; 29; 9; 22; 18; 24
34,70,0.56776,0.48571,34; 13; 21; 20; 70; 6; 4; 9
23,77,0.41547,0.2987,23; 21; 4; 17; 77; 5; 3; 3
9,10,0.44451,0.9,9; 16; 16; 9; 10; 16; 6; 21
21,31,0.65736,0.67742,21; 16; 9; 19; 31; 4; 4; 18
7,10,0.37673,0.7,7; 11; 6; 25; 10; 18; 13; 26
66,78,0.85179,0.84615,66; 7; 8; 3; 78; 3; 4; 6
67,75,0.81408,0.89333,67; 3; 3; 4; 75; 7; 4; 4
10,48,0.28056,0.20833,10; 14; 3; 26; 48; 4; 6; 7
33,77,0.5896,0.42857,33; 18; 3; 10; 77; 6; 5; 3
27,82,0.50803,0.32927,27; 22; 9; 5; 82; 3; 5; 5
6,10,0.36832,0.6,6; 23; 12; 16; 10; 25; 12; 8
18,31,0.56048,0.58065,18; 3; 3; 4; 31; 9; 3; 19
74,77,0.73432,0.96104,74; 6; 6; 5; 77; 5; 5; 3
8,32,0.28826,0.25,8; 8; 21; 20; 32; 21; 22; 9
43,48,0.84779,0.89583,43; 8; 12; 9; 48; 12; 10; 13
5,9,0.29443,0.55556,5; 6; 18; 7; 9; 20; 4; 15
6,64,0.13572,0.09375,6; 24; 6; 23; 64; 3; 11; 9
11,42,0.27369,0.2619,11; 9; 16; 25; 42; 7; 8; 4
8,9,0.3924,0.88889,8; 6; 6; 21; 9; 27; 27; 29
6,9,0.35842,0.66667,6; 23; 21; 3; 9; 9; 23; 28
6,32,0.20811,0.1875,6; 13; 28; 30; 32; 15; 15; 10
60,82,0.81548,0.73171,60; 12; 3; 12; 82; 3; 5; 5
18,63,0.29743,0.28571,18; 22; 20; 15; 63; 9; 11; 7
60,64,0.96373,0.9375,60; 12; 12; 11; 64; 10; 10; 4
38,53,0.74705,0.71698,38; 7; 15; 17; 53; 14; 8; 4
8,42,0.19809,0.19048,8; 20; 10; 5; 42; 9; 14; 4
26,77,0.48668,0.33766,26; 16; 17; 24; 77; 7; 6; 3
6,31,0.19225,0.19355,6; 13; 20; 6; 31; 14; 11; 16
50,77,0.82381,0.64935,50; 14; 15; 11; 77; 4; 3; 3
37,42,0.85274,0.88095,37; 18; 17; 4; 42; 6; 14; 8
6,10,0.30738,0.6,6; 23; 7; 27; 10; 3; 21; 22
7,42,0.17904,0.16667,7; 20; 6; 27; 42; 12; 17; 5
42,70,0.69149,0.6,42; 6; 17; 9; 70; 7; 6; 3
7,10,0.40959,0.7,7; 15; 17; 23; 10; 23; 29; 8
53,64,0.86465,0.82812,53; 14; 5; 11; 64; 4; 3; 10
36,48,0.79198,0.75,36; 4; 10; 18; 48; 6; 14; 11
9,31,0.32498,0.29032,9; 8; 10; 11; 31; 11; 9; 22
44,48,0.79494,0.91667,44; 11; 8; 7; 48; 16; 13; 5
27,64,0.45363,0.42188,27; 12; 8; 5; 64; 11; 3; 11
27,49,0.5259,0.55102,27; 18; 19; 5; 49; 9; 12; 6
36,70,0.62295,0.51429,36; 17; 6; 6; 70; 3; 4; 5
75,82,0.73011,0.91463,75; 5; 3; 6; 82; 4; 5; 4
38,42,0.88083,0.90476,38; 9; 3; 9; 42; 8; 8; 7
11,49,0.25266,0.22449,11; 28; 25; 22; 49; 9; 3; 14
31,32,0.80814,0.96875,31; 5; 19; 5; 32; 3; 19; 8
35,49,0.76907,0.71429,35; 10; 5; 20; 49; 10; 5; 7
48,64,0.77237,0.75,48; 3; 11; 12; 64; 3; 7; 10
17,75,0.33709,0.22667,17; 26; 18; 17; 75; 3; 3; 6
27,31,0.7341,0.87097,27; 15; 22; 10; 31; 13; 11; 16
56,78,0.85023,0.71795,56; 12; 6; 3; 78; 5; 3; 5
44,63,0.73983,0.69841,44; 18; 7; 14; 63; 3; 7; 4
19,26,0.74224,0.73077,19; 5; 12; 10; 26; 3; 16; 22
10,49,0.20109,0.20408,10; 26; 14; 4; 49; 11; 4; 10
25,64,0.45088,0.39062,25; 8; 5; 10; 64; 10; 5; 4
25,82,0.44988,0.30488,25; 6; 20; 13; 82; 4; 4; 3
30,49,0.61283,0.61224,30; 6; 18; 18; 49; 6; 8; 11
42,64,0.70121,0.65625,42; 15; 9; 11; 64; 4; 7; 4
23,31,0.66745,0.74194,23; 6; 13; 15; 31; 3; 12; 18
79,82,0.64363,0.96341,79; 4; 6; 6; 82; 4; 5; 5
40,42,0.85652,0.95238,40; 9; 6; 16; 42; 15; 13; 5
8,10,0.40875,0.8,8; 29; 14; 19; 10; 9; 21; 5
17,42,0.39686,0.40476,17; 21; 26; 6; 42; 9; 12; 16
31,64,0.52443,0.48438,31; 7; 8; 13; 64; 10; 6; 6
33,53,0.67155,0.62264,33; 8; 20; 8; 53; 13; 8; 4
15,75,0.26353,0.2,15; 9; 17; 7; 75; 7; 7; 4
19,82,0.41747,0.23171,19; 10; 16; 11; 82; 5; 5; 3
16,64,0.32925,0.25,16; 20; 13; 15; 64; 10; 9; 4
7,9,0.35056,0.77778,7; 29; 21; 3; 9; 10; 8; 21
66,82,0.721,0.80488,66; 3; 4; 10; 82; 4; 4; 5
11,31,0.37056,0.35484,11; 22; 12; 14; 31; 6; 17; 5
50,77,0.70396,0.64935,50; 6; 16; 9; 77; 7; 6; 3
17,75,0.31725,0.22667,17; 27; 25; 22; 75; 4; 4; 5
27,48,0.56118,0.5625,27; 3; 17; 12; 48; 5; 10; 6
16,49,0.35302,0.32653,16; 25; 11; 21; 49; 15; 12; 4
20,53,0.37479,0.37736,20; 7; 26; 9; 53; 13; 9; 7
28,63,0.49275,0.44444,28; 11; 4; 7; 63; 7; 6; 4
20,63,0.35738,0.31746,20; 7; 15; 24; 63; 10; 6; 4
8,9,0.39518,0.88889,8; 30; 28; 23; 9; 17; 4; 18
12,48,0.27063,0.25,12; 6; 27; 28; 48; 14; 14; 9
15,48,0.32286,0.3125,15; 12; 11; 25; 48; 11; 11; 16
24,26,0.83007,0.92308,24; 20; 19; 21; 26; 13; 3; 20
19,49,0.40955,0.38776,19; 11; 26; 14; 49; 6; 7; 6
20,82,0.38112,0.2439,20; 22; 15; 9; 82; 5; 5; 4
19,49,0.38149,0.38776,19; 7; 9; 14; 49; 10; 7; 9
57,63,0.95784,0.90476,57; 3; 9; 3; 63; 6; 11; 11
18,26,0.62394,0.69231,18; 23; 25; 18; 26; 10; 13; 6
18,75,0.33596,0.24,18; 20; 5; 6; 75; 3; 5; 7
47,82,0.62775,0.57317,47; 13; 16; 17; 82; 4; 4; 4
20,31,0.68538,0.64516,20; 14; 26; 21; 31; 18; 5; 18
37,78,0.61104,0.47436,37; 13; 9; 12; 78; 4; 3; 5
12,26,0.43713,0.46154,12; 27; 22; 20; 26; 15; 7; 12
22,42,0.52385,0.52381,22; 9; 24; 20; 42; 5; 17; 17
6,32,0.20931,0.1875,6; 5; 7; 17; 32; 16; 6; 11
21,32,0.65185,0.65625,21; 6; 16; 10; 32; 4; 13; 4
24,26,0.81227,0.92308,24; 4; 18; 5; 26; 12; 17; 11
6,10,0.33311,0.6,6; 23; 6; 25; 10; 22; 24; 7
5,10,0.28254,0.5,5; 26; 30; 13; 10; 28; 23; 19
32,63,0.57285,0.50794,32; 16; 22; 18; 63; 11; 3; 10
14,63,0.25031,0.22222,14; 10; 20; 21; 63; 9; 5; 6
16,32,0.55777,0.5,16; 25; 11; 23; 32; 10; 9; 15
18,26,0.70457,0.69231,18; 18; 9; 12; 26; 12; 18; 12
38,49,0.7447,0.77551,38; 12; 13; 11; 49; 16; 4; 11
8,42,0.22003,0.19048,8; 5; 19; 8; 42; 7; 3; 4
12,32,0.31837,0.375,12; 21; 21; 6; 32; 8; 5; 16
8,9,0.4012,0.88889,8; 21; 8; 20; 9; 12; 10; 4
26,70,0.46206,0.37143,26; 17; 24; 4; 70; 5; 8; 9
36,53,0.70899,0.67925,36; 19; 18; 13; 53; 11; 11; 8
21,82,0.3722,0.2561,21; 17; 5; 12; 82; 5; 3; 5
60,70,0.93868,0.85714,60; 12; 10; 11; 70; 9; 9; 8
41,77,0.66416,0.53247,41; 9; 8; 9; 77; 3; 6; 4
9,10,0.44347,0.9,9; 3; 27; 4; 10; 11; 7; 27
17,32,0.52139,0.53125,17; 4; 9; 23; 32; 4; 7; 4
37,64,0.62245,0.57812,37; 8; 9; 5; 64; 9; 9; 9
52,70,0.83763,0.74286,52; 15; 3; 5; 70; 3; 4; 9
6,10,0.36059,0.6,6; 26; 19; 13; 10; 9; 6; 25
40,75,0.67014,0.53333,40; 13; 14; 7; 75; 6; 5; 5
54,64,0.8933,0.84375,54; 9; 8; 13; 64; 7; 6; 7
5,10,0.29699,0.5,5; 10; 6; 7; 10; 27; 6; 5
12,49,0.23721,0.2449,12; 10; 20; 3; 49; 10; 4; 8
37,77,0.60442,0.48052,37; 7; 10; 4; 77; 3; 3; 5
11,77,0.20587,0.14286,11; 22; 29; 11; 77; 5; 4; 6
48,78,0.69439,0.61538,48; 14; 4; 16; 78; 5; 3; 5
42,78,0.69479,0.53846,42; 3; 9; 13; 78; 5; 4; 3
32,77,0.55245,0.41558,32; 5; 9; 4; 77; 3; 7; 5
23,42,0.52725,0.54762,23; 8; 4; 25; 42; 9; 10; 11
8,10,0.38701,0.8,8; 13; 3; 21; 10; 16; 7; 20
13,42,0.3176,0.30952,13; 27; 21; 28; 42; 16; 9; 12
34,63,0.58741,0.53968,34; 17; 8; 7; 63; 10; 11; 3
24,48,0.49987,0.5,24; 22; 16; 16; 48; 10; 13; 10
60,64,0.95448,0.9375,60; 4; 10; 7; 64; 3; 6; 10
16,70,0.2995,0.22857,16; 24; 11; 21; 70; 3; 9; 4
29,31,0.76084,0.93548,29; 13; 12; 4; 31; 7; 22; 8
8,48,0.17456,0.16667,8; 7; 12; 13; 48; 12; 7; 15
9,64,0.18874,0.14062,9; 11; 29; 15; 64; 5; 4; 11
11,32,0.35797,0.34375,11; 12; 20; 28; 32; 21; 12; 18
6,9,0.30289,0.66667,6; 22; 16; 8; 9; 11; 16; 7
8,31,0.23909,0.25806,8; 11; 26; 5; 31; 18; 9; 8
22,82,0.40891,0.26829,22; 22; 24; 18; 82; 4; 3; 3
46,77,0.73784,0.5974,46; 6; 9; 5; 77; 4; 6; 3
44,75,0.68323,0.58667,44; 13; 17; 11; 75; 6; 4; 7
33,63,0.56601,0.52381,33; 21; 19; 16; 63; 5; 3; 5
78,82,0.70124,0.95122,78; 5; 4; 6; 82; 3; 5; 4
7,10,0.33252,0.7,7; 11; 24; 17; 10; 29; 14; 24
57,78,0.87533,0.73077,57; 10; 5; 7; 78; 4; 5; 4
53,82,0.80855,0.64634,53; 6; 5; 3; 82; 4; 4; 5
69,70,0.88508,0.98571,69; 5; 6; 5; 70; 5; 6; 3
50,77,0.8767,0.64935,50; 4; 14; 8; 77; 6; 7; 4
11,32,0.37066,0.34375,11; 9; 24; 26; 32; 6; 13; 14
9,10,0.44217,0.9,9; 4; 24; 4; 10; 28; 26; 25
28,64,0.49338,0.4375,28; 14; 4; 21; 64; 11; 5; 7
37,42,0.85414,0.88095,37; 3; 17; 14; 42; 9; 12; 4
12,75,0.25561,0.16,12; 25; 8; 28; 75; 3; 5; 6
60,70,0.93948,0.85714,60; 9; 5; 10; 70; 3; 5; 8
30,31,0.7737,0.96774,30; 18; 8; 16; 31; 8; 19; 11
43,75,0.70471,0.57333,43; 13; 14; 8; 75; 7; 3; 7
8,10,0.42094,0.8,8; 28; 3; 10; 10; 15; 6; 26
18,77,0.35969,0.23377,18; 7; 23; 4; 77; 3; 5; 7
39,53,0.76099,0.73585,39; 3; 3; 4; 53; 7; 4; 13
14,78,0.29866,0.17949,14; 23; 28; 22; 78; 4; 4; 6
46,77,0.68004,0.5974,46; 5; 5; 8; 77; 6; 3; 4
20,32,0.62153,0.625,20; 7; 8; 13; 32; 6; 22; 11
33,53,0.642,0.62264,33; 14; 5; 9; 53; 13; 3; 4
19,64,0.31978,0.29688,19; 16; 24; 23; 64; 6; 9; 3
16,32,0.51802,0.5,16; 20; 25; 4; 32; 18; 11; 22
11,82,0.24043,0.13415,11; 8; 28; 5; 82; 3; 4; 5
74,78,0.75278,0.94872,74; 7; 8; 3; 78; 6; 6; 4
6,10,0.3428,0.6,6; 3; 12; 14; 10; 18; 7; 13
33,70,0.55353,0.47143,33; 10; 6; 6; 70; 6; 5; 7
16,42,0.41346,0.38095,16; 3; 6; 21; 42; 14; 6; 7
12,31,0.43135,0.3871,12; 12; 25; 18; 31; 13; 15; 21
21,75,0.39823,0.28,21; 21; 14; 9; 75; 7; 3; 4
6,53,0.1428,0.11321,6; 19; 30; 5; 53; 13; 4; 10
23,77,0.41053,0.2987,23; 10; 7; 11; 77; 3; 6; 6
29,53,0.54256,0.54717,29; 22; 12; 21; 53; 7; 3; 7
10,77,0.23629,0.12987,10; 18; 9; 28; 77; 6; 4; 3
43,53,0.75538,0.81132,43; 14; 11; 5; 53; 4; 15; 9
48,75,0.83073,0.64,48; 10; 11; 12; 75; 5; 7; 3
41,49,0.77274,0.83673,41; 14; 19; 6; 49; 16; 11; 12
17,42,0.39703,0.40476,17; 15; 11; 15; 42; 10; 10; 17
25,82,0.41879,0.30488,25; 5; 8; 18; 82; 5; 4; 5
16,78,0.27839,0.20513,16; 8; 8; 14; 78; 4; 6; 4
27,70,0.4557,0.38571,27; 21; 9; 3; 70; 5; 6; 3
12,77,0.27756,0.15584,12; 6; 27; 18; 77; 7; 4; 3
27,31,0.75166,0.87097,27; 14; 6; 14; 31; 6; 9; 5
30,31,0.75624,0.96774,30; 8; 3; 5; 31; 9; 22; 15
15,32,0.44807,0.46875,15; 14; 23; 12; 32; 18; 6; 3
7,78,0.14912,0.08974,7; 5; 6; 7; 78; 4; 5; 5
14,82,0.30183,0.17073,14; 14; 6; 15; 82; 3; 4; 3
52,70,0.87803,0.74286,52; 14; 12; 12; 70; 6; 7; 7
24,78,0.43727,0.30769,24; 4; 24; 3; 78; 3; 4; 6
11,77,0.21075,0.14286,11; 29; 29; 3; 77; 6; 6; 3
7,32,0.26132,0.21875,7; 27; 24; 6; 32; 22; 8; 3
60,77,0.88002,0.77922,60; 11; 11; 9; 77; 6; 5; 5
31,32,0.83406,0.96875,31; 12; 20; 20; 32; 18; 15; 18
79,82,0.69012,0.96341,79; 6; 4; 3; 82; 4; 3; 3
24,64,0.40027,0.375,24; 6; 20; 17; 64; 4; 4; 8
55,82,0.89208,0.67073,55; 12; 11; 5; 82; 3; 4; 5
43,48,0.78991,0.89583,43; 7; 17; 6; 48; 16; 16; 11
20,32,0.68177,0.625,20; 21; 17; 26; 32; 4; 8; 12
14,53,0.2843,0.26415,14; 7; 8; 4; 53; 15; 13; 3
7,10,0.37674,0.7,7; 21; 5; 10; 10; 24; 15; 5
42,63,0.69156,0.66667,42; 7; 13; 10; 63; 8; 4; 6
8,10,0.42484,0.8,8; 8; 28; 13; 10; 23; 19; 20
27,53,0.50805,0.50943,27; 5; 16; 4; 53; 12; 6; 13
11,48,0.23344,0.22917,11; 23; 19; 6; 48; 9; 11; 12
25,49,0.51103,0.5102,25; 21; 22; 13; 49; 15; 12; 3
10,82,0.23095,0.12195,10; 17; 5; 26; 82; 3; 5; 3
61,63,0.93598,0.96825,61; 12; 11; 9; 63; 7; 3; 7
7,9,0.35027,0.77778,7; 20; 10; 4; 9; 18; 8; 13
8,10,0.42242,0.8,8; 17; 20; 30; 10; 8; 9; 15
70,77,0.77996,0.90909,70; 9; 6; 4; 77; 5; 6; 5
30,42,0.71308,0.71429,30; 12; 4; 14; 42; 15; 10; 5
24,49,0.485,0.4898,24; 5; 24; 20; 49; 12; 3; 7
51,53,0.85521,0.96226,51; 3; 15; 14; 53; 3; 13; 13
27,70,0.45756,0.38571,27; 12; 3; 11; 70; 7; 7; 3
41,63,0.67274,0.65079,41; 19; 12; 10; 63; 3; 7; 3
60,75,0.8495,0.8,60; 4; 10; 11; 75; 7; 5; 3
60,77,0.90137,0.77922,60; 7; 11; 7; 77; 3; 6; 5
59,63,0.9619,0.93651,59; 12; 8; 8; 63; 10; 7; 9
34,77,0.55436,0.44156,34; 18; 13; 19; 77; 4; 4; 3
37,42,0.8156,0.88095,37; 20; 20; 13; 42; 10; 8; 13
22,32,0.72559,0.6875,22; 15; 11; 6; 32; 5; 14; 6
10,32,0.34189,0.3125,10; 12; 25; 10; 32; 22; 3; 10
34,77,0.53903,0.44156,34; 15; 10; 9; 77; 7; 4; 3
25,75,0.4378,0.33333,25; 10; 11; 19; 75; 3; 6; 5
38,48,0.80204,0.79167,38; 20; 10; 8; 48; 3; 3; 9
41,82,0.65899,0.5,41; 9; 4; 7; 82; 3; 5; 5
6,9,0.32122,0.66667,6; 24; 5; 29; 9; 28; 19; 5
40,48,0.77841,0.83333,40; 6; 6; 17; 48; 7; 6; 6
33,53,0.63517,0.62264,33; 16; 14; 14; 53; 9; 3; 11
7,9,0.32485,0.77778,7; 21; 20; 11; 9; 6; 16; 6
12,48,0.24244,0.25,12; 16; 18; 25; 48; 10; 6; 11
10,82,0.22736,0.12195,10; 25; 4; 12; 82; 5; 3; 4
11,26,0.47454,0.42308,11; 21; 7; 25; 26; 18; 18; 18
21,26,0.78496,0.80769,21; 16; 16; 25; 26; 6; 23; 14
66,75,0.88751,0.88,66; 9; 10; 3; 75; 3; 3; 4
8,31,0.26412,0.25806,8; 21; 30; 28; 31; 15; 10; 14
38,48,0.75795,0.79167,38; 8; 10; 5; 48; 8; 6; 8
60,82,0.7083,0.73171,60; 4; 6; 8; 82; 3; 3; 3
9,75,0.20598,0.12,9; 6; 20; 24; 75; 7; 3; 6
40,77,0.61977,0.51948,40; 18; 14; 19; 77; 3; 3; 5
29,32,0.80467,0.90625,29; 9; 13; 10; 32; 9; 19; 12
17,32,0.52088,0.53125,17; 20; 27; 11; 32; 3; 15; 19
44,70,0.74247,0.62857,44; 6; 5; 9; 70; 6; 3; 3
34,53,0.65709,0.64151,34; 12; 13; 14; 53; 8; 7; 4
17,78,0.34336,0.21795,17; 26; 15; 15; 78; 4; 4; 4
8,9,0.39333,0.88889,8; 14; 30; 6; 9; 5; 10; 16
5,42,0.12065,0.11905,5; 18; 4; 24; 42; 13; 18; 15
12,78,0.20372,0.15385,12; 22; 8; 4; 78; 4; 5; 4
9,32,0.2953,0.28125,9; 9; 23; 3; 32; 13; 19; 20
29,42,0.64253,0.69048,29; 10; 16; 6; 42; 10; 6; 9
16,53,0.30412,0.30189,16; 27; 3; 5; 53; 8; 14; 6
52,64,0.87063,0.8125,52; 4; 12; 11; 64; 5; 5; 7
6,9,0.35922,0.66667,6; 17; 30; 14; 9; 13; 10; 24
5,9,0.31913,0.55556,5; 21; 29; 30; 9; 21; 13; 9
26,31,0.77841,0.83871,26; 4; 10; 16; 31; 5; 16; 5
35,82,0.52968,0.42683,35; 11; 20; 4; 82; 4; 5; 5
21,32,0.68608,0.65625,21; 14; 15; 4; 32; 17; 16; 6
49,77,0.75167,0.63636,49; 9; 16; 4; 77; 4; 4; 4
11,48,0.23045,0.22917,11; 6; 13; 28; 48; 11; 16; 5
13,32,0.41889,0.40625,13; 20; 11; 3; 32; 19; 9; 4
28,53,0.56361,0.5283,28; 15; 4; 16; 53; 9; 3; 15
41,77,0.676,0.53247,41; 7; 18; 13; 77; 5; 3; 3
17,70,0.24985,0.24286,17; 18; 27; 21; 70; 9; 3; 6
19,82,0.39409,0.23171,19; 4; 9; 16; 82; 5; 3; 3
15,70,0.28342,0.21429,15; 20; 16; 26; 70; 7; 4; 6
50,70,0.84146,0.71429,50; 13; 11; 10; 70; 6; 4; 6
47,75,0.77834,0.62667,47; 9; 6; 5; 75; 5; 3; 5
21,26,0.75458,0.80769,21; 5; 5; 20; 26; 16; 13; 21
22,31,0.72295,0.70968,22; 24; 8; 7; 31; 22; 3; 18
11,31,0.35572,0.35484,11; 10; 12; 5; 31; 19; 11; 6
10,53,0.23206,0.18868,10; 11; 18; 27; 53; 13; 5; 11
38,53,0.74496,0.71698,38; 17; 17; 12; 53; 5; 15; 11
26,32,0.77824,0.8125,26; 18; 12; 16; 32; 13; 21; 4
16,42,0.38034,0.38095,16; 26; 7; 5; 42; 7; 15; 5
12,49,0.23012,0.2449,12; 17; 11; 28; 49; 10; 3; 11
14,26,0.53744,0.53846,14; 26; 17; 27; 26; 7; 16; 10
5,48,0.13184,0.10417,5; 10; 14; 15; 48; 13; 3; 12
20,49,0.421,0.40816,20; 4; 22; 12; 49; 4; 6; 6
34,48,0.71975,0.70833,34; 16; 4; 18; 48; 16; 4; 12
7,9,0.37141,0.77778,7; 29; 6; 10; 9; 15; 27; 21
9,31,0.3093,0.29032,9; 24; 16; 18; 31; 14; 19; 10
15,77,0.27494,0.19481,15; 4; 18; 7; 77; 3; 5; 4
9,10,0.45127,0.9,9; 25; 25; 4; 10; 25; 16; 17
19,63,0.32203,0.30159,19; 20; 25; 26; 63; 10; 10; 10
26,49,0.52243,0.53061,26; 15; 4; 22; 49; 9; 3; 4
9,64,0.19224,0.14062,9; 5; 23; 27; 64; 8; 7; 5
9,10,0.44421,0.9,9; 24; 5; 22; 10; 12; 9; 17
7,9,0.33438,0.77778,7; 3; 3; 7; 9; 29; 9; 16
36,78,0.5921,0.46154,36; 3; 17; 12; 78; 3; 3; 3
20,53,0.37598,0.37736,20; 22; 12; 18; 53; 13; 13; 8
7,10,0.38786,0.7,7; 28; 23; 24; 10; 7; 20; 7
31,49,0.61434,0.63265,31; 13; 22; 4; 49; 7; 6; 11
17,78,0.31447,0.21795,17; 26; 7; 19; 78; 3; 5; 4
25,26,0.74501,0.96154,25; 12; 7; 18; 26; 20; 5; 6
11,70,0.20907,0.15714,11; 21; 3; 8; 70; 7; 9; 7
29,49,0.57264,0.59184,29; 5; 8; 13; 49; 5; 12; 13
52,53,0.88858,0.98113,52; 3; 13; 12; 53; 10; 15; 4
16,31,0.49648,0.51613,16; 4; 4; 6; 31; 5; 6; 4
5,26,0.20187,0.19231,5; 11; 16; 21; 26; 24; 3; 6
28,48,0.56484,0.58333,28; 23; 14; 6; 48; 7; 13; 15
24,78,0.44378,0.30769,24; 12; 5; 17; 78; 3; 3; 5
38,49,0.78865,0.77551,38; 10; 13; 9; 49; 15; 5; 6
10,75,0.20746,0.13333,10; 20; 6; 25; 75; 5; 7; 6
17,32,0.51473,0.53125,17; 17; 19; 8; 32; 20; 12; 12
35,42,0.83372,0.83333,35; 6; 20; 4; 42; 7; 10; 16
40,42,0.8099,0.95238,40; 18; 19; 5; 42; 4; 5; 6
8,31,0.29713,0.25806,8; 18; 30; 9; 31; 6; 13; 5
5,9,0.29313,0.55556,5; 30; 17; 17; 9; 23; 12; 12
10,26,0.41958,0.38462,10; 19; 29; 26; 26; 20; 8; 11
13,31,0.41675,0.41935,13; 19; 12; 12; 31; 17; 9; 7
49,75,0.74188,0.65333,49; 3; 5; 3; 75; 7; 6; 7
38,53,0.72043,0.71698,38; 11; 15; 19; 53; 9; 14; 12
14,26,0.53898,0.53846,14; 13; 11; 19; 26; 20; 18; 6
28,48,0.5809,0.58333,28; 3; 15; 4; 48; 7; 4; 3
69,75,0.8355,0.92,69; 5; 3; 6; 75; 4; 4; 7
28,82,0.48727,0.34146,28; 17; 19; 6; 82; 3; 3; 4
30,32,0.78834,0.9375,30; 10; 5; 18; 32; 10; 16; 19
8,26,0.34909,0.30769,8; 30; 13; 22; 26; 7; 12; 16
8,42,0.2184,0.19048,8; 17; 28; 7; 42; 17; 4; 18
5,53,0.1113,0.09434,5; 29; 3; 23; 53; 10; 15; 15
7,9,0.36247,0.77778,7; 12; 11; 13; 9; 24; 4; 11
59,77,0.85672,0.76623,59; 4; 10; 13; 77; 3; 3; 6
63,77,0.87356,0.81818,63; 5; 8; 11; 77; 7; 6; 4
28,32,0.80028,0.875,28; 6; 5; 19; 32; 16; 15; 4
21,31,0.61726,0.67742,21; 6; 21; 23; 31; 16; 10; 7
20,63,0.34955,0.31746,20; 11; 3; 19; 63; 4; 8; 3
7,9,0.27574,0.77778,7; 25; 4; 6; 9; 14; 11; 27
19,26,0.72204,0.73077,19; 7; 17; 13; 26; 23; 8; 6
33,82,0.54553,0.40244,33; 20; 8; 8; 82; 4; 5; 3
41,48,0.76217,0.85417,41; 9; 13; 19; 48; 5; 13; 7
26,63,0.43776,0.4127,26; 14; 12; 13; 63; 7; 6; 5
31,48,0.66824,0.64583,31; 10; 6; 11; 48; 16; 8; 9
28,75,0.49546,0.37333,28; 19; 22; 11; 75; 6; 6; 3
16,82,0.3372,0.19512,16; 26; 25; 19; 82; 5; 3; 3
10,49,0.24373,0.20408,10; 13; 5; 29; 49; 12; 13; 13
20,31,0.63347,0.64516,20; 25; 4; 5; 31; 6; 10; 3
25,78,0.44574,0.32051,25; 7; 24; 24; 78; 4; 6; 5
33,48,0.68909,0.6875,33; 8; 5; 8; 48; 16; 16; 10
15,64,0.26567,0.23438,15; 15; 17; 11; 64; 3; 11; 6
13,42,0.34819,0.30952,13; 8; 22; 22; 42; 10; 9; 14
45,78,0.74938,0.57692,45; 12; 3; 13; 78; 4; 4; 4
14,48,0.3251,0.29167,14; 21; 24; 28; 48; 11; 10; 15
19,26,0.76944,0.73077,19; 19; 25; 15; 26; 21; 15; 20
49,77,0.72395,0.63636,49; 4; 4; 15; 77; 7; 6; 7
7,31,0.22487,0.22581,7; 16; 3; 22; 31; 18; 17; 15
9,10,0.4596,0.9,9; 9; 6; 13; 10; 14; 14; 26
51,82,0.68738,0.62195,51; 11; 5; 4; 82; 4; 4; 5
55,77,0.90341,0.71429,55; 14; 4; 10; 77; 3; 5; 7
8,10,0.42429,0.8,8; 11; 23; 30; 10; 25; 5; 4
15,64,0.31693,0.23438,15; 19; 7; 19; 64; 7; 8; 7
10,75,0.24966,0.13333,10; 9; 18; 7; 75; 7; 4; 7
42,53,0.77099,0.79245,42; 3; 15; 18; 53; 5; 14; 5
22,82,0.40651,0.26829,22; 8; 14; 18; 82; 5; 3; 3
6,10,0.36865,0.6,6; 16; 13; 30; 10; 28; 28; 27
59,70,0.90705,0.84286,59; 8; 10; 7; 70; 6; 6; 5
69,75,0.81961,0.92,69; 8; 9; 6; 75; 3; 5; 4
10,64,0.17507,0.15625,10; 3; 18; 4; 64; 4; 10; 3
31,63,0.54275,0.49206,31; 10; 6; 21; 63; 7; 11; 7
19,42,0.43073,0.45238,19; 26; 17; 20; 42; 5; 11; 15
8,9,0.4039,0.88889,8; 17; 10; 25; 9; 9; 14; 23
16,75,0.29752,0.21333,16; 16; 27; 16; 75; 5; 3; 5
16,31,0.50103,0.51613,16; 5; 21; 11; 31; 15; 3; 14
28,64,0.46153,0.4375,28; 12; 7; 20; 64; 5; 5; 4
10,42,0.2442,0.2381,10; 5; 7; 22; 42; 8; 11; 6
8,77,0.19197,0.1039,8; 16; 9; 14; 77; 3; 6; 6
13,75,0.29452,0.17333,13; 3; 18; 12; 75; 3; 3; 7
26,75,0.47767,0.34667,26; 20; 3; 14; 75; 5; 4; 5
8,10,0.40316,0.8,8; 24; 4; 14; 10; 19; 24; 23
49,70,0.79055,0.7,49; 11; 16; 12; 70; 6; 8; 9
23,31,0.69336,0.74194,23; 17; 22; 21; 31; 4; 18; 14
59,82,0.84312,0.71951,59; 7; 3; 8; 82; 4; 4; 3
30,75,0.52824,0.4,30; 12; 3; 22; 75; 7; 5; 5
45,63,0.76425,0.71429,45; 17; 13; 11; 63; 4; 4; 3
21,78,0.43533,0.26923,21; 21; 12; 15; 78; 4; 5; 3
9,26,0.36293,0.34615,9; 23; 22; 28; 26; 9; 10; 5
24,32,0.70883,0.75,24; 19; 22; 23; 32; 19; 14; 9
35,78,0.59605,0.44872,35; 4; 12; 5; 78; 4; 4; 6
5,9,0.31108,0.55556,5; 12; 30; 24; 9; 22; 21; 21
68,82,0.68697,0.82927,68; 3; 10; 8; 82; 4; 5; 5
23,31,0.66891,0.74194,23; 19; 24; 10; 31; 18; 22; 10
34,63,0.57127,0.53968,34; 18; 5; 4; 63; 10; 8; 4
39,48,0.84174,0.8125,39; 8; 18; 11; 48; 7; 3; 8
80,82,0.74653,0.97561,80; 5; 5; 3; 82; 5; 5; 4
16,48,0.32657,0.33333,16; 11; 17; 17; 48; 7; 7; 8
53,64,0.88527,0.82812,53; 11; 9; 13; 64; 4; 9; 9
20,31,0.61108,0.64516,20; 20; 10; 17; 31; 14; 5; 14
58,70,0.88445,0.82857,58; 7; 8; 13; 70; 5; 3; 5
51,78,0.73219,0.65385,51; 10; 15; 11; 78; 4; 3; 4
32,77,0.52956,0.41558,32; 6; 14; 12; 77; 4; 6; 6
12,49,0.24427,0.2449,12; 18; 23; 4; 49; 15; 8; 10
62,77,0.79739,0.80519,62; 9; 3; 12; 77; 4; 5; 6
50,77,0.81723,0.64935,50; 8; 15; 12; 77; 7; 5; 7
76,77,0.81961,0.98701,76; 5; 7; 4; 77; 5; 7; 7
15,63,0.27739,0.2381,15; 14; 11; 22; 63; 6; 3; 7
26,32,0.73681,0.8125,26; 24; 13; 12; 32; 19; 6; 21
6,9,0.344,0.66667,6; 30; 29; 22; 9; 13; 18; 3
11,32,0.32715,0.34375,11; 16; 23; 18; 32; 15; 20; 3
44,63,0.74346,0.69841,44; 11; 4; 3; 63; 7; 6; 7
43,78,0.65766,0.55128,43; 15; 14; 18; 78; 4; 5; 6
80,82,0.69873,0.97561,80; 3; 6; 3; 82; 5; 3; 3
54,82,0.87352,0.65854,54; 7; 4; 6; 82; 4; 3; 3
31,63,0.51121,0.49206,31; 14; 19; 19; 63; 8; 11; 10
33,48,0.68304,0.6875,33; 20; 9; 10; 48; 16; 7; 6
6,10,0.37618,0.6,6; 9; 19; 20; 10; 17; 11; 17
24,26,0.78552,0.92308,24; 23; 11; 24; 26; 4; 24; 21
7,32,0.24758,0.21875,7; 26; 8; 11; 32; 18; 4; 10
17,78,0.31439,0.21795,17; 7; 22; 25; 78; 3; 6; 6
54,70,0.91171,0.77143,54; 9; 13; 5; 70; 7; 6; 8
18,32,0.60125,0.5625,18; 15; 23; 7; 32; 12; 3; 14
11,64,0.17948,0.17188,11; 4; 23; 12; 64; 6; 8; 7
7,10,0.23745,0.7,7; 23; 13; 6; 10; 26; 8; 11
63,64,0.94784,0.98438,63; 6; 3; 5; 64; 4; 9; 9
54,75,0.82431,0.72,54; 11; 6; 6; 75; 7; 5; 4
6,75,0.11985,0.08,6; 13; 16; 11; 75; 6; 3; 3
30,32,0.80618,0.9375,30; 8; 6; 3; 32; 11; 21; 22
5,26,0.2302,0.19231,5; 9; 3; 15; 26; 17; 24; 23
7,9,0.35551,0.77778,7; 26; 14; 9; 9; 25; 14; 7
5,9,0.30226,0.55556,5; 23; 28; 19; 9; 23; 3; 17
59,63,0.98204,0.93651,59; 5; 5; 12; 63; 6; 6; 9
34,42,0.84334,0.80952,34; 8; 12; 14; 42; 7; 4; 4
70,78,0.89377,0.89744,70; 8; 8; 3; 78; 5; 6; 5
23,53,0.45384,0.43396,23; 14; 12; 25; 53; 15; 9; 3
13,26,0.44277,0.5,13; 15; 3; 10; 26; 17; 19; 3
30,82,0.5202,0.36585,30; 15; 3; 3; 82; 3; 3; 4
47,78,0.69486,0.60256,47; 11; 5; 7; 78; 4; 3; 4
61,77,0.84562,0.79221,61; 6; 10; 6; 77; 4; 5; 6
34,77,0.55498,0.44156,34; 4; 9; 6; 77; 4; 5; 3
8,49,0.1945,0.16327,8; 20; 10; 22; 49; 8; 4; 14
34,63,0.57543,0.53968,34; 7; 5; 19; 63; 6; 9; 6
8,32,0.26217,0.25,8; 4; 12; 20; 32; 21; 12; 11
8,82,0.21069,0.09756,8; 21; 30; 7; 82; 5; 5; 3
7,31,0.26604,0.22581,7; 23; 6; 19; 31; 3; 10; 20
58,77,0.84197,0.75325,58; 11; 13; 8; 77; 4; 7; 6
5,10,0.28855,0.5,5; 29; 15; 30; 10; 12; 6; 13
24,26,0.82103,0.92308,24; 9; 17; 13; 26; 16; 10; 6
26,77,0.43845,0.33766,26; 14; 21; 12; 77; 7; 7; 5
8,9,0.40269,0.88889,8; 17; 27; 6; 9; 21; 17; 20
