ShorterBarHeight,TallerBarHeight,InferenceResult,GroundTruth,BarHeights
21,65,0.10971,0.32308,15; 21; 75; 23; 38; 27; 65; 41; 57; 60
67,82,0.0785,0.81707,31; 67; 24; 23; 53; 73; 82; 63; 8; 19
32,37,0.13513,0.86486,5; 32; 41; 43; 19; 55; 37; 20; 55; 69
28,34,0.13221,0.82353,49; 28; 63; 10; 15; 60; 34; 5; 73; 69
17,61,0.11615,0.27869,26; 17; 29; 19; 52; 40; 61; 20; 46; 77
18,54,0.12498,0.33333,80; 18; 50; 50; 38; 47; 54; 51; 17; 54
28,76,0.10642,0.36842,27; 28; 67; 54; 64; 67; 76; 82; 15; 76
26,78,0.09812,0.33333,77; 26; 63; 24; 65; 33; 78; 52; 41; 58
26,82,0.09547,0.31707,21; 26; 17; 85; 26; 37; 82; 26; 69; 36
19,68,0.10904,0.27941,30; 19; 5; 20; 74; 73; 68; 58; 66; 61
48,61,0.11668,0.78689,63; 48; 69; 25; 62; 53; 61; 55; 76; 16
22,80,0.09126,0.275,23; 22; 73; 74; 18; 26; 80; 75; 7; 9
44,77,0.09581,0.57143,6; 44; 51; 9; 15; 73; 77; 85; 58; 38
47,56,0.12011,0.83929,35; 47; 52; 60; 26; 51; 56; 77; 28; 60
36,74,0.10609,0.48649,34; 36; 83; 82; 35; 32; 74; 51; 10; 62
59,74,0.09519,0.7973,64; 59; 64; 83; 51; 20; 74; 59; 34; 47
20,66,0.10555,0.30303,67; 20; 31; 14; 72; 34; 66; 80; 10; 60
28,56,0.12093,0.5,21; 28; 36; 18; 60; 46; 56; 35; 39; 14
25,72,0.10512,0.34722,68; 25; 6; 7; 14; 6; 72; 52; 10; 38
34,69,0.10946,0.49275,5; 34; 60; 8; 42; 34; 69; 7; 79; 73
19,76,0.09446,0.25,80; 19; 30; 26; 18; 49; 76; 80; 20; 18
18,37,0.12522,0.48649,26; 18; 20; 84; 50; 67; 37; 25; 37; 22
10,35,0.13674,0.28571,31; 10; 38; 8; 29; 74; 35; 63; 63; 43
36,44,0.1437,0.81818,44; 36; 7; 27; 27; 84; 44; 30; 20; 48
12,26,0.1296,0.46154,78; 12; 57; 84; 14; 37; 26; 30; 73; 47
25,85,0.09054,0.29412,49; 25; 68; 7; 78; 58; 85; 32; 29; 15
17,60,0.11535,0.28333,20; 17; 31; 13; 68; 37; 60; 50; 20; 66
9,11,0.147,0.81818,38; 9; 38; 59; 16; 68; 11; 62; 50; 31
17,60,0.12155,0.28333,24; 17; 64; 9; 67; 45; 60; 69; 59; 85
20,82,0.09407,0.2439,28; 20; 36; 68; 23; 68; 82; 38; 9; 40
39,84,0.09456,0.46429,85; 39; 71; 83; 78; 45; 84; 49; 24; 43
27,32,0.13354,0.84375,24; 27; 28; 37; 9; 59; 32; 35; 25; 66
13,26,0.13676,0.5,84; 13; 58; 6; 81; 26; 26; 63; 80; 39
58,69,0.0909,0.84058,84; 58; 19; 83; 84; 71; 69; 13; 26; 73
8,29,0.14218,0.27586,78; 8; 84; 30; 40; 62; 29; 74; 81; 42
8,25,0.13571,0.32,18; 8; 36; 26; 6; 15; 25; 56; 58; 55
30,53,0.12784,0.56604,38; 30; 17; 59; 7; 29; 53; 40; 78; 44
61,77,0.0948,0.79221,65; 61; 18; 33; 28; 51; 77; 34; 48; 32
22,77,0.09938,0.28571,60; 22; 39; 40; 5; 73; 77; 49; 61; 27
12,48,0.14119,0.25,23; 12; 58; 59; 74; 63; 48; 52; 80; 51
46,55,0.13464,0.83636,24; 46; 43; 25; 7; 20; 55; 17; 78; 60
45,57,0.12765,0.78947,62; 45; 22; 22; 38; 6; 57; 25; 51; 38
8,16,0.13196,0.5,28; 8; 7; 59; 35; 36; 16; 9; 63; 13
28,81,0.0896,0.34568,55; 28; 60; 27; 82; 36; 81; 15; 74; 71
15,62,0.11717,0.24194,11; 15; 14; 46; 80; 5; 62; 30; 45; 9
26,78,0.10234,0.33333,14; 26; 53; 73; 47; 27; 78; 9; 45; 68
27,34,0.1344,0.79412,75; 27; 81; 62; 46; 19; 34; 83; 40; 84
19,52,0.1291,0.36538,74; 19; 19; 59; 30; 8; 52; 75; 19; 36
26,57,0.11792,0.45614,28; 26; 64; 24; 8; 73; 57; 18; 28; 46
7,28,0.12896,0.25,67; 7; 52; 16; 52; 20; 28; 28; 36; 38
9,31,0.14033,0.29032,22; 9; 10; 85; 45; 63; 31; 34; 62; 66
24,49,0.13325,0.4898,26; 24; 78; 72; 51; 40; 49; 13; 67; 74
19,38,0.13287,0.5,83; 19; 46; 70; 26; 73; 38; 22; 56; 37
30,65,0.11617,0.46154,14; 30; 66; 60; 28; 30; 65; 70; 27; 61
61,76,0.08554,0.80263,29; 61; 46; 21; 84; 27; 76; 39; 32; 28
9,30,0.14631,0.3,77; 9; 41; 74; 19; 48; 30; 15; 56; 39
34,74,0.1023,0.45946,80; 34; 55; 25; 71; 23; 74; 34; 30; 68
14,48,0.13128,0.29167,38; 14; 49; 51; 73; 44; 48; 84; 12; 10
38,45,0.13981,0.84444,10; 38; 60; 14; 25; 5; 45; 58; 11; 59
18,36,0.13384,0.5,51; 18; 55; 35; 60; 15; 36; 59; 70; 59
69,82,0.0812,0.84146,30; 69; 54; 68; 55; 20; 82; 51; 79; 80
14,42,0.13608,0.33333,14; 14; 24; 35; 65; 80; 42; 53; 50; 21
35,44,0.13851,0.79545,74; 35; 84; 35; 60; 46; 44; 31; 27; 6
14,40,0.13241,0.35,54; 14; 19; 12; 48; 19; 40; 54; 51; 72
30,81,0.10332,0.37037,13; 30; 69; 31; 83; 79; 81; 43; 28; 11
63,79,0.08326,0.79747,12; 63; 62; 75; 24; 48; 79; 67; 54; 28
17,72,0.10844,0.23611,28; 17; 56; 56; 37; 45; 72; 56; 84; 43
53,65,0.10691,0.81538,85; 53; 54; 19; 9; 19; 65; 76; 11; 46
20,60,0.11491,0.33333,18; 20; 6; 60; 24; 52; 60; 73; 71; 54
34,74,0.10238,0.45946,48; 34; 81; 73; 52; 81; 74; 56; 64; 78
41,51,0.13742,0.80392,58; 41; 69; 58; 53; 69; 51; 45; 68; 81
66,82,0.08295,0.80488,12; 66; 81; 43; 78; 50; 82; 27; 36; 22
29,52,0.13069,0.55769,32; 29; 83; 13; 40; 36; 52; 36; 53; 43
22,60,0.11985,0.36667,57; 22; 41; 39; 9; 40; 60; 45; 8; 62
18,60,0.11535,0.3,17; 18; 31; 68; 10; 13; 60; 72; 75; 68
36,72,0.10089,0.5,65; 36; 53; 15; 50; 59; 72; 5; 73; 25
62,74,0.09162,0.83784,54; 62; 79; 25; 31; 22; 74; 76; 7; 37
13,41,0.12958,0.31707,54; 13; 51; 29; 11; 36; 41; 24; 82; 58
16,35,0.12985,0.45714,57; 16; 46; 49; 51; 75; 35; 79; 25; 43
7,14,0.12407,0.5,73; 7; 55; 78; 85; 73; 14; 8; 39; 9
20,83,0.09289,0.24096,48; 20; 77; 85; 55; 29; 83; 59; 72; 46
9,28,0.14017,0.32143,33; 9; 70; 74; 63; 12; 28; 15; 24; 50
15,50,0.12982,0.3,49; 15; 29; 19; 18; 17; 50; 17; 10; 47
12,40,0.13992,0.3,29; 12; 35; 73; 13; 35; 40; 59; 13; 49
7,22,0.11617,0.31818,20; 7; 84; 40; 20; 28; 22; 82; 76; 21
26,75,0.10962,0.34667,46; 26; 83; 63; 80; 85; 75; 10; 22; 74
67,82,0.07856,0.81707,68; 67; 81; 54; 5; 71; 82; 72; 45; 18
38,78,0.09681,0.48718,16; 38; 40; 70; 53; 7; 78; 13; 48; 40
18,52,0.12525,0.34615,9; 18; 68; 31; 76; 67; 52; 37; 23; 27
33,68,0.11463,0.48529,50; 33; 26; 66; 63; 41; 68; 61; 42; 72
13,44,0.13264,0.29545,70; 13; 5; 25; 66; 35; 44; 68; 62; 10
48,85,0.09475,0.56471,47; 48; 85; 65; 33; 23; 85; 85; 65; 40
25,45,0.13673,0.55556,13; 25; 14; 63; 38; 76; 45; 25; 16; 9
70,85,0.07347,0.82353,56; 70; 50; 72; 19; 42; 85; 27; 48; 13
24,84,0.09038,0.28571,72; 24; 20; 37; 32; 56; 84; 27; 69; 69
48,57,0.12023,0.84211,53; 48; 62; 58; 84; 52; 57; 64; 11; 52
27,55,0.12524,0.49091,34; 27; 74; 42; 80; 58; 55; 39; 39; 26
14,47,0.13056,0.29787,32; 14; 26; 38; 7; 62; 47; 60; 82; 11
38,78,0.09876,0.48718,65; 38; 64; 14; 47; 17; 78; 13; 73; 21
12,37,0.13313,0.32432,83; 12; 58; 59; 71; 69; 37; 79; 82; 7
26,71,0.11117,0.3662,5; 26; 28; 79; 83; 70; 71; 68; 63; 32
32,64,0.11329,0.5,29; 32; 47; 5; 63; 72; 64; 30; 15; 27
22,59,0.11634,0.37288,10; 22; 32; 75; 28; 43; 59; 81; 76; 55
44,78,0.10462,0.5641,31; 44; 44; 58; 48; 8; 78; 49; 18; 82
20,66,0.1084,0.30303,65; 20; 81; 11; 73; 62; 66; 36; 39; 25
16,53,0.13523,0.30189,81; 16; 38; 55; 18; 17; 53; 44; 76; 24
15,19,0.13539,0.78947,56; 15; 53; 16; 69; 77; 19; 39; 7; 65
35,72,0.10418,0.48611,35; 35; 11; 70; 58; 60; 72; 70; 30; 82
46,82,0.09756,0.56098,73; 46; 59; 10; 18; 47; 82; 80; 54; 44
44,55,0.13096,0.8,75; 44; 30; 63; 48; 51; 55; 71; 16; 16
27,47,0.13062,0.57447,74; 27; 12; 41; 11; 9; 47; 72; 41; 79
21,43,0.13851,0.48837,83; 21; 59; 52; 56; 51; 43; 39; 9; 50
55,70,0.09975,0.78571,40; 55; 36; 5; 71; 57; 70; 75; 76; 30
11,30,0.13709,0.36667,74; 11; 6; 47; 85; 81; 30; 67; 63; 40
28,57,0.13048,0.49123,23; 28; 60; 44; 28; 29; 57; 13; 41; 78
7,19,0.12845,0.36842,83; 7; 33; 70; 51; 52; 19; 14; 65; 29
28,50,0.12961,0.56,82; 28; 53; 62; 55; 63; 50; 39; 38; 24
30,82,0.09595,0.36585,62; 30; 6; 47; 57; 20; 82; 72; 76; 69
35,72,0.10221,0.48611,44; 35; 46; 73; 40; 51; 72; 18; 80; 39
17,60,0.11654,0.28333,56; 17; 43; 63; 57; 78; 60; 24; 25; 63
40,70,0.10555,0.57143,52; 40; 59; 85; 51; 7; 70; 84; 11; 46
63,73,0.09305,0.86301,76; 63; 10; 20; 21; 52; 73; 67; 38; 70
32,40,0.13479,0.8,8; 32; 41; 36; 45; 50; 40; 59; 24; 43
18,22,0.13096,0.81818,47; 18; 25; 85; 22; 67; 22; 58; 56; 73
43,54,0.13266,0.7963,70; 43; 15; 73; 40; 40; 54; 59; 10; 29
61,76,0.08582,0.80263,12; 61; 11; 35; 9; 78; 76; 53; 29; 16
23,28,0.13467,0.82143,63; 23; 71; 35; 6; 8; 28; 63; 8; 20
19,80,0.09421,0.2375,27; 19; 73; 64; 11; 44; 80; 59; 51; 28
32,65,0.11799,0.49231,31; 32; 67; 43; 69; 47; 65; 16; 45; 40
20,35,0.13601,0.57143,30; 20; 18; 71; 59; 85; 35; 12; 20; 52
25,82,0.096,0.30488,8; 25; 63; 22; 20; 43; 82; 69; 44; 15
32,40,0.13323,0.8,60; 32; 81; 73; 34; 22; 40; 13; 56; 12
24,65,0.11359,0.36923,81; 24; 23; 33; 31; 16; 65; 40; 70; 53
12,51,0.132,0.23529,21; 12; 43; 77; 19; 66; 51; 26; 82; 39
8,28,0.13499,0.28571,17; 8; 27; 30; 8; 52; 28; 62; 69; 83
68,83,0.07576,0.81928,39; 68; 51; 80; 33; 74; 83; 29; 39; 11
11,24,0.13907,0.45833,44; 11; 68; 5; 72; 49; 24; 43; 5; 37
48,57,0.12708,0.84211,48; 48; 30; 39; 72; 17; 57; 17; 38; 54
63,77,0.08816,0.81818,16; 63; 54; 61; 15; 72; 77; 67; 28; 67
21,43,0.13522,0.48837,39; 21; 25; 54; 11; 61; 43; 8; 84; 8
32,69,0.10327,0.46377,60; 32; 20; 25; 80; 10; 69; 24; 78; 56
59,70,0.09405,0.84286,52; 59; 26; 20; 32; 67; 70; 46; 56; 10
14,50,0.12921,0.28,50; 14; 80; 23; 17; 72; 50; 47; 71; 17
58,71,0.09445,0.8169,51; 58; 77; 46; 29; 78; 71; 85; 67; 57
14,57,0.12291,0.24561,28; 14; 28; 36; 76; 70; 57; 35; 17; 53
23,83,0.0907,0.27711,26; 23; 71; 21; 52; 46; 83; 45; 22; 37
16,43,0.13791,0.37209,82; 16; 9; 21; 6; 21; 43; 5; 78; 36
23,83,0.09521,0.27711,33; 23; 16; 5; 32; 14; 83; 21; 22; 28
37,81,0.1015,0.45679,43; 37; 13; 59; 74; 6; 81; 45; 45; 17
22,78,0.09636,0.28205,44; 22; 38; 55; 45; 46; 78; 58; 77; 61
26,78,0.1032,0.33333,26; 26; 27; 59; 52; 71; 78; 56; 32; 56
11,22,0.13648,0.5,23; 11; 11; 85; 12; 39; 22; 16; 11; 83
10,35,0.13745,0.28571,30; 10; 55; 38; 40; 18; 35; 55; 13; 10
50,61,0.11647,0.81967,78; 50; 26; 40; 38; 42; 61; 24; 37; 73
8,24,0.13239,0.33333,24; 8; 21; 20; 37; 73; 24; 16; 82; 32
28,81,0.09682,0.34568,79; 28; 67; 61; 59; 61; 81; 83; 42; 16
16,56,0.12277,0.28571,46; 16; 10; 51; 56; 53; 56; 55; 57; 73
67,82,0.07942,0.81707,64; 67; 75; 31; 62; 8; 82; 69; 48; 21
47,57,0.11955,0.82456,66; 47; 22; 12; 32; 33; 57; 78; 42; 81
28,49,0.12814,0.57143,6; 28; 15; 81; 12; 18; 49; 83; 36; 63
14,59,0.12158,0.23729,54; 14; 50; 49; 42; 39; 59; 56; 81; 27
7,29,0.12918,0.24138,15; 7; 53; 73; 63; 26; 29; 69; 28; 26
63,77,0.0871,0.81818,9; 63; 37; 57; 75; 21; 77; 64; 33; 14
68,81,0.07567,0.83951,75; 68; 54; 54; 37; 73; 81; 13; 53; 30
64,74,0.08893,0.86486,28; 64; 9; 14; 83; 13; 74; 73; 36; 27
54,64,0.1099,0.84375,61; 54; 84; 44; 9; 49; 64; 50; 24; 74
48,60,0.1191,0.8,55; 48; 52; 18; 38; 71; 60; 14; 78; 68
26,70,0.11139,0.37143,32; 26; 26; 73; 84; 55; 70; 31; 26; 14
21,74,0.10877,0.28378,46; 21; 66; 77; 49; 70; 74; 59; 85; 20
37,47,0.13991,0.78723,69; 37; 43; 62; 39; 9; 47; 22; 76; 43
25,67,0.10397,0.37313,40; 25; 82; 41; 34; 13; 67; 37; 60; 24
22,67,0.09902,0.32836,85; 22; 24; 8; 25; 57; 67; 51; 80; 43
15,46,0.13577,0.32609,17; 15; 49; 10; 71; 27; 46; 63; 55; 37
30,61,0.12064,0.4918,31; 30; 82; 43; 63; 55; 61; 12; 33; 15
36,42,0.13502,0.85714,53; 36; 28; 40; 81; 44; 42; 52; 58; 74
30,53,0.12456,0.56604,69; 30; 18; 13; 37; 67; 53; 64; 82; 31
20,25,0.12756,0.8,83; 20; 7; 41; 53; 80; 25; 48; 27; 34
52,62,0.1143,0.83871,17; 52; 42; 31; 31; 19; 62; 17; 79; 27
11,14,0.13882,0.78571,18; 11; 30; 26; 85; 40; 14; 24; 6; 30
16,66,0.11661,0.24242,5; 16; 13; 76; 29; 16; 66; 47; 20; 56
20,66,0.11101,0.30303,78; 20; 69; 23; 50; 47; 66; 25; 54; 80
31,84,0.09755,0.36905,27; 31; 62; 46; 63; 39; 84; 47; 31; 69
13,55,0.1315,0.23636,55; 13; 47; 41; 5; 27; 55; 17; 8; 47
9,26,0.14429,0.34615,69; 9; 55; 81; 62; 71; 26; 66; 51; 75
22,79,0.09849,0.27848,59; 22; 43; 47; 10; 48; 79; 71; 37; 32
16,57,0.12045,0.2807,49; 16; 56; 77; 62; 78; 57; 64; 68; 74
35,61,0.11513,0.57377,52; 35; 35; 60; 8; 64; 61; 27; 24; 16
66,83,0.08055,0.79518,45; 66; 59; 56; 6; 9; 83; 81; 16; 54
41,50,0.13384,0.82,7; 41; 68; 22; 29; 52; 50; 78; 77; 59
23,76,0.10063,0.30263,17; 23; 38; 42; 81; 39; 76; 28; 65; 40
63,80,0.08036,0.7875,37; 63; 63; 51; 20; 77; 80; 39; 58; 36
12,50,0.13425,0.24,7; 12; 60; 32; 32; 49; 50; 79; 31; 53
68,83,0.07404,0.81928,30; 68; 57; 28; 55; 72; 83; 66; 63; 63
17,51,0.12971,0.33333,42; 17; 72; 36; 17; 59; 51; 11; 68; 12
36,42,0.13386,0.85714,33; 36; 27; 65; 13; 27; 42; 57; 21; 7
23,40,0.13311,0.575,31; 23; 61; 73; 68; 5; 40; 12; 33; 62
62,72,0.08628,0.86111,55; 62; 18; 42; 60; 52; 72; 26; 77; 60
33,67,0.11023,0.49254,10; 33; 67; 73; 24; 73; 67; 84; 78; 10
38,48,0.13589,0.79167,5; 38; 47; 60; 64; 73; 48; 50; 10; 32
12,24,0.13371,0.5,57; 12; 49; 37; 52; 65; 24; 37; 65; 79
18,22,0.12927,0.81818,52; 18; 38; 39; 28; 18; 22; 47; 22; 75
12,37,0.14073,0.32432,51; 12; 18; 44; 19; 23; 37; 53; 21; 45
24,30,0.13531,0.8,20; 24; 19; 36; 41; 26; 30; 66; 78; 14
73,85,0.07353,0.85882,79; 73; 74; 78; 10; 37; 85; 12; 17; 77
41,50,0.13041,0.82,83; 41; 22; 30; 84; 38; 50; 47; 25; 79
20,63,0.11684,0.31746,10; 20; 66; 50; 40; 62; 63; 26; 37; 47
11,14,0.13542,0.78571,61; 11; 63; 38; 62; 43; 14; 32; 20; 27
23,73,0.11379,0.31507,41; 23; 33; 25; 51; 21; 73; 61; 71; 31
54,68,0.10415,0.79412,57; 54; 23; 29; 68; 43; 68; 21; 58; 56
36,44,0.13777,0.81818,24; 36; 54; 49; 22; 29; 44; 39; 5; 28
24,73,0.10545,0.32877,59; 24; 75; 44; 33; 78; 73; 8; 22; 38
11,14,0.14186,0.78571,80; 11; 59; 64; 22; 22; 14; 73; 7; 30
28,85,0.09017,0.32941,31; 28; 35; 6; 14; 58; 85; 72; 10; 41
32,69,0.10496,0.46377,67; 32; 20; 15; 62; 16; 69; 72; 28; 84
44,56,0.12361,0.78571,81; 44; 41; 46; 26; 82; 56; 24; 75; 31
46,56,0.12831,0.82143,51; 46; 47; 24; 42; 47; 56; 28; 9; 50
47,57,0.12406,0.82456,44; 47; 82; 52; 77; 9; 57; 56; 45; 26
23,76,0.10294,0.30263,48; 23; 39; 42; 59; 66; 76; 78; 78; 19
59,74,0.09858,0.7973,66; 59; 84; 63; 33; 85; 74; 77; 29; 17
20,63,0.11267,0.31746,35; 20; 38; 78; 40; 40; 63; 15; 8; 29
70,85,0.07632,0.82353,39; 70; 84; 70; 71; 79; 85; 28; 28; 74
12,24,0.14061,0.5,72; 12; 64; 59; 33; 16; 24; 28; 57; 81
43,77,0.1064,0.55844,43; 43; 48; 82; 83; 5; 77; 84; 26; 17
10,31,0.14493,0.32258,39; 10; 45; 21; 42; 54; 31; 46; 35; 27
44,77,0.10476,0.57143,67; 44; 16; 12; 60; 7; 77; 76; 70; 81
34,70,0.10799,0.48571,81; 34; 51; 76; 56; 82; 70; 84; 20; 46
23,50,0.12865,0.46,43; 23; 45; 47; 70; 14; 50; 41; 34; 76
21,83,0.08773,0.25301,36; 21; 47; 52; 46; 32; 83; 9; 71; 70
21,42,0.13341,0.5,50; 21; 9; 62; 60; 83; 42; 24; 49; 74
11,44,0.1349,0.25,84; 11; 18; 48; 17; 77; 44; 17; 84; 84
59,74,0.08884,0.7973,41; 59; 78; 22; 44; 46; 74; 11; 13; 60
22,66,0.11038,0.33333,20; 22; 82; 60; 83; 63; 66; 68; 49; 72
40,80,0.10464,0.5,53; 40; 41; 68; 73; 5; 80; 66; 72; 78
26,78,0.09341,0.33333,7; 26; 5; 37; 38; 41; 78; 80; 50; 44
26,57,0.1264,0.45614,53; 26; 52; 80; 84; 12; 57; 75; 63; 27
19,34,0.12879,0.55882,47; 19; 17; 32; 84; 13; 34; 17; 75; 54
53,65,0.10967,0.81538,29; 53; 63; 26; 7; 59; 65; 18; 16; 31
24,80,0.09603,0.3,38; 24; 60; 75; 52; 26; 80; 39; 62; 72
54,64,0.10784,0.84375,5; 54; 20; 23; 47; 74; 64; 62; 15; 46
16,46,0.13335,0.34783,10; 16; 60; 46; 19; 32; 46; 73; 19; 16
49,57,0.12366,0.85965,33; 49; 24; 32; 37; 27; 57; 81; 36; 33
47,57,0.12869,0.82456,12; 47; 46; 41; 58; 53; 57; 85; 33; 22
23,63,0.11274,0.36508,44; 23; 39; 71; 60; 83; 63; 59; 48; 77
39,68,0.11776,0.57353,83; 39; 69; 41; 38; 56; 68; 15; 49; 60
23,71,0.10388,0.32394,12; 23; 51; 32; 74; 77; 71; 82; 38; 46
53,63,0.11264,0.84127,61; 53; 66; 33; 84; 80; 63; 84; 68; 58
69,84,0.07764,0.82143,14; 69; 73; 82; 50; 70; 84; 66; 49; 50
17,68,0.11259,0.25,11; 17; 36; 74; 85; 67; 68; 58; 14; 65
17,61,0.11955,0.27869,30; 17; 32; 47; 16; 40; 61; 42; 77; 22
8,28,0.141,0.28571,29; 8; 41; 67; 84; 73; 28; 52; 72; 74
68,83,0.07687,0.81928,8; 68; 13; 12; 42; 46; 83; 48; 5; 81
20,67,0.11223,0.29851,76; 20; 45; 25; 51; 49; 67; 25; 57; 51
47,82,0.09087,0.57317,55; 47; 70; 21; 71; 30; 82; 18; 10; 63
29,51,0.1352,0.56863,63; 29; 69; 71; 72; 13; 51; 60; 26; 55
13,41,0.13906,0.31707,55; 13; 39; 71; 61; 26; 41; 45; 25; 51
31,67,0.11462,0.46269,36; 31; 32; 79; 30; 80; 67; 25; 78; 80
16,28,0.13284,0.57143,34; 16; 40; 85; 46; 20; 28; 5; 56; 67
19,76,0.09911,0.25,49; 19; 83; 39; 60; 23; 76; 56; 58; 79
63,73,0.0834,0.86301,77; 63; 37; 26; 72; 45; 73; 17; 30; 16
10,33,0.14086,0.30303,13; 10; 30; 68; 77; 28; 33; 38; 69; 39
5,18,0.10334,0.27778,37; 5; 85; 63; 14; 6; 18; 14; 75; 10
32,64,0.11979,0.5,9; 32; 47; 68; 27; 24; 64; 70; 69; 43
40,71,0.11196,0.56338,17; 40; 67; 67; 58; 57; 71; 72; 85; 68
62,74,0.08881,0.83784,37; 62; 8; 71; 25; 16; 74; 79; 74; 5
15,60,0.11702,0.25,48; 15; 39; 82; 10; 27; 60; 34; 50; 82
12,48,0.1366,0.25,43; 12; 46; 49; 8; 77; 48; 71; 59; 16
56,65,0.10982,0.86154,59; 56; 8; 81; 77; 79; 65; 57; 7; 58
30,81,0.09141,0.37037,12; 30; 18; 69; 76; 66; 81; 27; 6; 25
38,76,0.1071,0.5,69; 38; 50; 57; 35; 83; 76; 8; 5; 25
27,54,0.1322,0.5,60; 27; 53; 37; 58; 34; 54; 65; 43; 24
21,73,0.10381,0.28767,7; 21; 33; 29; 27; 29; 73; 29; 78; 85
12,50,0.13467,0.24,32; 12; 37; 17; 58; 29; 50; 23; 34; 66
12,37,0.14585,0.32432,49; 12; 59; 76; 53; 36; 37; 77; 48; 68
15,47,0.13289,0.31915,38; 15; 48; 59; 40; 34; 47; 48; 61; 67
28,57,0.12922,0.49123,70; 28; 37; 66; 9; 76; 57; 38; 24; 83
18,60,0.12311,0.3,26; 18; 27; 49; 57; 21; 60; 77; 55; 32
28,81,0.09889,0.34568,27; 28; 61; 25; 29; 12; 81; 43; 44; 53
23,62,0.11828,0.37097,64; 23; 35; 17; 64; 81; 62; 16; 50; 66
40,70,0.10382,0.57143,78; 40; 13; 37; 22; 76; 70; 44; 84; 46
15,59,0.12205,0.25424,79; 15; 12; 54; 52; 49; 59; 38; 79; 76
21,74,0.09816,0.28378,62; 21; 8; 51; 81; 50; 74; 35; 56; 28
19,39,0.1385,0.48718,12; 19; 27; 53; 71; 15; 39; 47; 11; 70
14,58,0.12064,0.24138,21; 14; 42; 27; 43; 26; 58; 17; 37; 27
9,16,0.14007,0.5625,73; 9; 13; 12; 48; 82; 16; 67; 51; 65
37,75,0.10572,0.49333,80; 37; 23; 15; 39; 81; 75; 11; 27; 72
28,75,0.10846,0.37333,21; 28; 19; 56; 37; 71; 75; 21; 35; 49
23,80,0.10532,0.2875,84; 23; 40; 73; 59; 64; 80; 74; 66; 49
18,63,0.11522,0.28571,43; 18; 47; 49; 8; 29; 63; 14; 82; 34
19,68,0.10394,0.27941,15; 19; 85; 78; 9; 55; 68; 32; 38; 45
27,77,0.10344,0.35065,5; 27; 12; 74; 46; 34; 77; 11; 25; 33
8,24,0.13923,0.33333,7; 8; 26; 79; 70; 54; 24; 56; 77; 12
19,64,0.11479,0.29688,66; 19; 62; 57; 66; 16; 64; 12; 16; 11
17,61,0.11676,0.27869,14; 17; 52; 26; 71; 80; 61; 80; 28; 58
45,81,0.10243,0.55556,43; 45; 78; 50; 27; 27; 81; 8; 26; 17
13,54,0.12969,0.24074,79; 13; 43; 80; 27; 72; 54; 56; 65; 78
21,85,0.08887,0.24706,37; 21; 33; 47; 22; 85; 85; 57; 46; 70
65,76,0.0844,0.85526,5; 65; 13; 44; 17; 5; 76; 44; 18; 53
24,81,0.09574,0.2963,58; 24; 17; 72; 43; 46; 81; 51; 35; 43
30,81,0.10432,0.37037,30; 30; 78; 45; 34; 57; 81; 26; 53; 51
25,67,0.10943,0.37313,38; 25; 15; 35; 51; 7; 67; 59; 81; 5
23,80,0.10194,0.2875,44; 23; 82; 72; 53; 75; 80; 22; 57; 74
5,20,0.10885,0.25,25; 5; 29; 30; 52; 64; 20; 50; 25; 22
40,49,0.13302,0.81633,64; 40; 73; 71; 34; 7; 49; 51; 71; 50
68,81,0.08059,0.83951,81; 68; 20; 62; 58; 70; 81; 28; 64; 16
17,67,0.11007,0.25373,79; 17; 49; 10; 78; 56; 67; 53; 83; 66
50,61,0.11512,0.81967,26; 50; 69; 59; 69; 11; 61; 22; 11; 68
36,64,0.11687,0.5625,29; 36; 71; 71; 26; 68; 64; 45; 63; 31
23,47,0.1353,0.48936,63; 23; 14; 34; 72; 38; 47; 56; 14; 61
16,32,0.12918,0.5,82; 16; 65; 65; 22; 27; 32; 40; 60; 20
52,62,0.11461,0.83871,77; 52; 13; 82; 56; 66; 62; 66; 71; 80
72,84,0.07474,0.85714,49; 72; 58; 12; 29; 72; 84; 57; 83; 72
17,69,0.10929,0.24638,10; 17; 43; 69; 21; 12; 69; 36; 13; 80
23,46,0.13825,0.5,68; 23; 78; 20; 29; 30; 46; 22; 38; 46
23,79,0.10381,0.29114,64; 23; 18; 21; 80; 15; 79; 52; 68; 66
50,58,0.12156,0.86207,72; 50; 66; 57; 31; 9; 58; 45; 7; 66
12,14,0.13365,0.85714,49; 12; 68; 42; 6; 65; 14; 73; 15; 73
39,70,0.10759,0.55714,73; 39; 6; 66; 79; 36; 70; 40; 6; 12
20,71,0.10856,0.28169,22; 20; 25; 64; 11; 60; 71; 80; 18; 64
38,76,0.10768,0.5,64; 38; 57; 45; 41; 53; 76; 80; 79; 65
8,28,0.14224,0.28571,23; 8; 8; 56; 7; 10; 28; 42; 37; 68
22,66,0.11002,0.33333,47; 22; 36; 65; 30; 37; 66; 14; 75; 38
39,79,0.08921,0.49367,52; 39; 8; 68; 23; 32; 79; 59; 72; 59
20,67,0.11029,0.29851,42; 20; 40; 9; 27; 63; 67; 5; 39; 65
28,57,0.1298,0.49123,7; 28; 52; 47; 26; 79; 57; 20; 34; 69
6,19,0.12024,0.31579,50; 6; 39; 63; 70; 79; 19; 20; 17; 24
36,45,0.13741,0.8,11; 36; 6; 7; 61; 26; 45; 32; 53; 14
49,57,0.11865,0.85965,34; 49; 10; 68; 46; 67; 57; 81; 49; 15
23,46,0.12612,0.5,72; 23; 20; 29; 24; 29; 46; 20; 42; 30
37,66,0.10736,0.56061,61; 37; 5; 82; 54; 28; 66; 65; 8; 9
9,26,0.13958,0.34615,84; 9; 42; 66; 74; 20; 26; 21; 23; 61
17,57,0.12019,0.29825,78; 17; 42; 13; 74; 38; 57; 29; 81; 66
37,45,0.13874,0.82222,71; 37; 45; 67; 36; 58; 45; 39; 85; 6
34,60,0.11806,0.56667,20; 34; 12; 12; 23; 35; 60; 72; 74; 38
13,46,0.13628,0.28261,59; 13; 83; 17; 18; 62; 46; 23; 73; 60
41,83,0.10446,0.49398,48; 41; 18; 39; 41; 9; 83; 68; 29; 31
70,81,0.08372,0.8642,66; 70; 8; 59; 82; 30; 81; 5; 65; 8
38,82,0.08927,0.46341,43; 38; 35; 50; 26; 8; 82; 16; 68; 42
22,69,0.10727,0.31884,19; 22; 60; 53; 27; 62; 69; 46; 68; 60
19,52,0.12608,0.36538,39; 19; 84; 78; 82; 84; 52; 57; 74; 80
27,54,0.12259,0.5,19; 27; 30; 84; 27; 26; 54; 36; 58; 65
17,61,0.11718,0.27869,44; 17; 23; 52; 6; 61; 61; 70; 41; 82
42,53,0.13396,0.79245,70; 42; 72; 80; 46; 71; 53; 81; 74; 35
45,55,0.13395,0.81818,59; 45; 49; 16; 43; 74; 55; 78; 61; 18
40,49,0.13222,0.81633,30; 40; 67; 30; 30; 44; 49; 45; 28; 13
46,80,0.09781,0.575,49; 46; 79; 19; 14; 30; 80; 31; 25; 46
29,51,0.13476,0.56863,5; 29; 6; 65; 65; 62; 51; 83; 78; 48
28,79,0.09735,0.35443,26; 28; 81; 23; 46; 13; 79; 77; 58; 58
18,52,0.13357,0.34615,16; 18; 57; 7; 54; 32; 52; 17; 47; 26
58,73,0.09271,0.79452,14; 58; 57; 69; 27; 20; 73; 52; 57; 47
58,73,0.09212,0.79452,27; 58; 57; 30; 65; 69; 73; 7; 65; 60
59,72,0.09947,0.81944,40; 59; 70; 76; 30; 65; 72; 82; 84; 69
18,32,0.1256,0.5625,35; 18; 76; 69; 34; 68; 32; 15; 33; 53
62,72,0.08766,0.86111,24; 62; 67; 15; 44; 33; 72; 39; 18; 32
48,61,0.11357,0.78689,29; 48; 59; 52; 68; 32; 61; 11; 76; 37
62,72,0.09623,0.86111,58; 62; 9; 35; 79; 84; 72; 27; 83; 77
31,55,0.13004,0.56364,51; 31; 39; 45; 52; 34; 55; 77; 62; 79
13,55,0.12694,0.23636,58; 13; 42; 25; 81; 83; 55; 26; 56; 84
17,49,0.13309,0.34694,6; 17; 59; 25; 64; 29; 49; 39; 85; 64
10,36,0.13915,0.27778,27; 10; 13; 56; 13; 59; 36; 51; 36; 82
38,76,0.0965,0.5,38; 38; 81; 39; 32; 51; 76; 25; 12; 85
18,71,0.10639,0.25352,21; 18; 36; 61; 20; 22; 71; 73; 80; 68
55,70,0.10469,0.78571,75; 55; 20; 31; 31; 21; 70; 49; 16; 15
19,76,0.09957,0.25,55; 19; 28; 20; 44; 14; 76; 71; 36; 41
38,78,0.10176,0.48718,66; 38; 70; 51; 15; 30; 78; 11; 36; 56
11,24,0.13485,0.45833,69; 11; 19; 62; 79; 66; 24; 56; 82; 62
14,46,0.14095,0.30435,79; 14; 14; 31; 64; 13; 46; 71; 59; 84
61,74,0.08665,0.82432,63; 61; 33; 19; 8; 23; 74; 27; 56; 39
71,85,0.07413,0.83529,42; 71; 27; 57; 67; 49; 85; 73; 29; 15
36,44,0.13303,0.81818,45; 36; 76; 35; 57; 81; 44; 34; 66; 62
11,38,0.13373,0.28947,41; 11; 14; 65; 5; 38; 38; 53; 40; 43
8,24,0.13961,0.33333,80; 8; 36; 65; 30; 79; 24; 34; 22; 50
71,83,0.07628,0.85542,71; 71; 37; 53; 15; 5; 83; 82; 33; 55
29,79,0.10958,0.36709,29; 29; 78; 74; 13; 11; 79; 19; 64; 36
33,42,0.13518,0.78571,16; 33; 8; 36; 54; 48; 42; 35; 80; 57
20,61,0.12304,0.32787,34; 20; 66; 47; 78; 29; 61; 76; 18; 37
21,83,0.09823,0.25301,6; 21; 73; 26; 24; 63; 83; 68; 83; 13
7,23,0.12761,0.30435,34; 7; 44; 38; 37; 77; 23; 55; 12; 72
61,71,0.09335,0.85915,20; 61; 49; 81; 41; 50; 71; 40; 19; 19
50,61,0.12021,0.81967,13; 50; 42; 18; 23; 58; 61; 34; 5; 54
49,62,0.12077,0.79032,43; 49; 79; 50; 10; 25; 62; 78; 25; 77
66,77,0.08409,0.85714,43; 66; 57; 47; 67; 33; 77; 24; 75; 21
36,72,0.10494,0.5,54; 36; 78; 52; 34; 40; 72; 55; 35; 29
37,47,0.13808,0.78723,67; 37; 8; 69; 19; 39; 47; 24; 19; 51
22,67,0.10828,0.32836,53; 22; 23; 47; 78; 31; 67; 52; 75; 84
54,64,0.10484,0.84375,36; 54; 13; 48; 9; 74; 64; 31; 79; 37
12,24,0.13665,0.5,42; 12; 60; 52; 57; 13; 24; 38; 84; 72
21,75,0.1038,0.28,65; 21; 62; 85; 17; 61; 75; 70; 79; 54
18,74,0.10513,0.24324,49; 18; 22; 52; 26; 57; 74; 64; 85; 16
63,75,0.08623,0.84,48; 63; 73; 32; 31; 19; 75; 25; 28; 7
23,72,0.10921,0.31944,78; 23; 28; 81; 39; 51; 72; 49; 8; 35
41,83,0.09635,0.49398,68; 41; 17; 55; 55; 44; 83; 23; 35; 44
53,67,0.11132,0.79104,42; 53; 26; 26; 81; 46; 67; 56; 11; 67
23,28,0.12994,0.82143,38; 23; 25; 81; 10; 24; 28; 19; 65; 40
17,51,0.12095,0.33333,75; 17; 35; 56; 24; 5; 51; 31; 43; 72
17,72,0.10321,0.23611,42; 17; 28; 70; 25; 25; 72; 30; 55; 5
67,84,0.07764,0.79762,50; 67; 42; 45; 79; 43; 84; 32; 23; 29
16,20,0.13447,0.8,43; 16; 50; 13; 61; 57; 20; 33; 48; 70
15,30,0.13622,0.5,30; 15; 51; 78; 82; 28; 30; 32; 33; 45
10,35,0.13449,0.28571,36; 10; 37; 80; 62; 52; 35; 30; 58; 52
12,51,0.13268,0.23529,18; 12; 55; 12; 45; 40; 51; 26; 69; 57
18,54,0.13361,0.33333,50; 18; 70; 61; 49; 54; 54; 64; 65; 52
6,18,0.11351,0.33333,45; 6; 81; 31; 47; 18; 18; 42; 29; 65
21,46,0.1383,0.45652,53; 21; 74; 43; 48; 13; 46; 17; 35; 77
58,69,0.10118,0.84058,59; 58; 29; 78; 30; 69; 69; 65; 68; 77
52,62,0.11091,0.83871,74; 52; 25; 68; 24; 74; 62; 63; 48; 36
47,82,0.0985,0.57317,83; 47; 23; 81; 56; 19; 82; 71; 64; 26
41,49,0.13723,0.83673,59; 41; 16; 75; 82; 51; 49; 20; 32; 38
36,63,0.11751,0.57143,9; 36; 50; 76; 77; 33; 63; 40; 32; 21
63,73,0.08806,0.86301,26; 63; 20; 13; 12; 22; 73; 44; 38; 76
32,37,0.13659,0.86486,41; 32; 46; 45; 69; 70; 37; 70; 24; 76
17,57,0.11934,0.29825,60; 17; 38; 60; 57; 46; 57; 9; 17; 21
24,43,0.13179,0.55814,19; 24; 71; 6; 9; 65; 43; 41; 26; 6
47,57,0.12177,0.82456,13; 47; 24; 30; 47; 65; 57; 32; 67; 27
6,20,0.11283,0.3,69; 6; 15; 78; 51; 78; 20; 21; 65; 25
24,49,0.12478,0.4898,50; 24; 16; 40; 9; 76; 49; 33; 76; 20
23,46,0.135,0.5,56; 23; 31; 22; 22; 56; 46; 81; 23; 77
62,74,0.09264,0.83784,72; 62; 84; 12; 36; 63; 74; 28; 27; 21
22,66,0.1107,0.33333,56; 22; 71; 12; 62; 12; 66; 38; 21; 56
11,46,0.14166,0.23913,8; 11; 63; 49; 63; 63; 46; 70; 65; 23
8,16,0.13102,0.5,44; 8; 16; 8; 21; 56; 16; 13; 6; 51
57,72,0.09391,0.79167,42; 57; 37; 50; 36; 20; 72; 11; 22; 79
25,82,0.09843,0.30488,6; 25; 19; 16; 55; 67; 82; 14; 31; 6
10,31,0.13626,0.32258,38; 10; 7; 52; 26; 5; 31; 16; 13; 59
17,34,0.13572,0.5,34; 17; 28; 81; 51; 37; 34; 40; 19; 57
56,70,0.09947,0.8,73; 56; 46; 9; 54; 85; 70; 80; 77; 9
16,35,0.12736,0.45714,79; 16; 35; 47; 50; 81; 35; 28; 25; 28
5,18,0.09304,0.27778,11; 5; 52; 60; 16; 33; 18; 35; 20; 78
35,44,0.13281,0.79545,63; 35; 73; 39; 66; 49; 44; 82; 68; 9
61,71,0.08682,0.85915,49; 61; 79; 66; 42; 49; 71; 81; 28; 41
15,52,0.13241,0.28846,77; 15; 73; 61; 80; 9; 52; 63; 42; 44
21,25,0.12246,0.84,23; 21; 23; 46; 76; 76; 25; 40; 37; 26
12,40,0.13587,0.3,37; 12; 85; 71; 66; 36; 40; 50; 8; 83
19,57,0.12334,0.33333,45; 19; 69; 70; 55; 47; 57; 80; 74; 82
45,79,0.10616,0.56962,43; 45; 71; 30; 38; 51; 79; 40; 46; 30
37,46,0.13775,0.80435,59; 37; 63; 37; 48; 36; 46; 73; 34; 83
35,61,0.12755,0.57377,48; 35; 35; 8; 48; 15; 61; 27; 37; 82
33,58,0.12077,0.56897,26; 33; 26; 42; 11; 56; 58; 68; 20; 11
8,10,0.13813,0.8,81; 8; 55; 24; 23; 49; 10; 43; 59; 16
71,83,0.07603,0.85542,17; 71; 48; 37; 13; 27; 83; 10; 12; 59
28,81,0.10353,0.34568,66; 28; 34; 55; 83; 23; 81; 29; 42; 74
30,38,0.13732,0.78947,83; 30; 45; 12; 68; 82; 38; 84; 84; 17
5,21,0.10537,0.2381,61; 5; 57; 37; 55; 31; 21; 20; 77; 65
16,63,0.11527,0.25397,9; 16; 78; 16; 84; 38; 63; 27; 42; 61
13,41,0.1314,0.31707,33; 13; 42; 39; 57; 49; 41; 31; 70; 22
18,32,0.13927,0.5625,73; 18; 57; 48; 77; 64; 32; 40; 60; 28
14,44,0.13968,0.31818,72; 14; 27; 46; 75; 58; 44; 37; 9; 60
13,54,0.132,0.24074,28; 13; 64; 64; 11; 67; 54; 27; 59; 76
14,42,0.14129,0.33333,44; 14; 37; 46; 31; 18; 42; 9; 60; 48
20,67,0.10493,0.29851,51; 20; 25; 22; 79; 30; 67; 59; 18; 6
15,19,0.12738,0.78947,32; 15; 74; 9; 43; 53; 19; 76; 41; 12
69,80,0.07637,0.8625,80; 69; 38; 15; 82; 77; 80; 39; 18; 64
37,65,0.11767,0.56923,13; 37; 7; 12; 7; 71; 65; 9; 45; 72
24,84,0.09197,0.28571,39; 24; 75; 69; 85; 57; 84; 34; 34; 41
61,73,0.09023,0.83562,75; 61; 50; 82; 10; 79; 73; 72; 51; 39
22,48,0.12889,0.45833,43; 22; 69; 51; 68; 16; 48; 18; 67; 47
28,50,0.14312,0.56,34; 28; 22; 85; 32; 6; 50; 51; 56; 40
19,67,0.10922,0.28358,65; 19; 16; 63; 71; 11; 67; 36; 41; 82
21,42,0.12141,0.5,30; 21; 56; 81; 33; 59; 42; 58; 53; 23
13,46,0.14367,0.28261,20; 13; 64; 47; 15; 12; 46; 60; 30; 17
35,76,0.10608,0.46053,23; 35; 13; 10; 37; 80; 76; 23; 80; 73
23,63,0.11033,0.36508,31; 23; 54; 62; 21; 73; 63; 15; 35; 46
28,81,0.09763,0.34568,50; 28; 53; 67; 60; 71; 81; 64; 79; 28
37,43,0.13852,0.86047,14; 37; 35; 77; 65; 48; 43; 46; 22; 52
28,81,0.10431,0.34568,62; 28; 57; 5; 75; 28; 81; 38; 69; 59
14,28,0.13881,0.5,64; 14; 17; 16; 77; 42; 28; 60; 78; 81
9,11,0.14447,0.81818,53; 9; 49; 47; 25; 52; 11; 76; 63; 16
69,80,0.0779,0.8625,30; 69; 5; 59; 29; 44; 80; 24; 54; 20
14,46,0.1358,0.30435,31; 14; 42; 32; 60; 51; 46; 25; 47; 65
18,51,0.12867,0.35294,22; 18; 57; 59; 20; 70; 51; 11; 27; 80
59,72,0.09737,0.81944,42; 59; 7; 12; 78; 27; 72; 79; 25; 26
48,56,0.12632,0.85714,14; 48; 77; 8; 64; 66; 56; 19; 49; 49
21,43,0.12977,0.48837,21; 21; 37; 21; 37; 62; 43; 42; 63; 29
61,77,0.08372,0.79221,66; 61; 22; 69; 56; 24; 77; 16; 80; 29
8,28,0.13051,0.28571,34; 8; 19; 6; 85; 28; 28; 59; 9; 39
23,28,0.14083,0.82143,72; 23; 42; 82; 75; 30; 28; 80; 29; 60
36,42,0.13803,0.85714,76; 36; 33; 80; 47; 58; 42; 28; 9; 32
14,58,0.12297,0.24138,37; 14; 12; 17; 50; 11; 58; 54; 22; 48
12,15,0.13235,0.8,78; 12; 77; 26; 74; 68; 15; 82; 66; 44
62,72,0.08977,0.86111,70; 62; 26; 81; 59; 24; 72; 5; 23; 72
52,62,0.11675,0.83871,12; 52; 5; 29; 77; 41; 62; 27; 47; 8
15,54,0.12335,0.27778,53; 15; 25; 84; 7; 7; 54; 38; 12; 51
19,55,0.12831,0.34545,53; 19; 78; 74; 81; 69; 55; 82; 41; 76
22,75,0.10519,0.29333,26; 22; 55; 10; 47; 19; 75; 70; 59; 36
30,82,0.10447,0.36585,14; 30; 52; 72; 49; 70; 82; 5; 76; 36
11,14,0.14124,0.78571,38; 11; 35; 12; 16; 65; 14; 20; 71; 38
23,63,0.11345,0.36508,7; 23; 26; 60; 11; 35; 63; 47; 72; 11
20,70,0.10752,0.28571,72; 20; 71; 74; 17; 40; 70; 55; 32; 42
20,60,0.11826,0.33333,13; 20; 18; 69; 67; 19; 60; 5; 25; 52
15,53,0.12766,0.28302,25; 15; 61; 75; 40; 50; 53; 32; 34; 72
25,85,0.08877,0.29412,9; 25; 36; 76; 11; 39; 85; 58; 54; 55
29,58,0.1239,0.5,81; 29; 84; 48; 11; 27; 58; 50; 13; 44
15,27,0.12471,0.55556,51; 15; 52; 62; 7; 14; 27; 81; 60; 46
52,62,0.11266,0.83871,74; 52; 79; 85; 83; 19; 62; 32; 32; 84
28,79,0.10135,0.35443,25; 28; 30; 71; 72; 60; 79; 30; 66; 12
27,59,0.12313,0.45763,63; 27; 21; 77; 67; 53; 59; 14; 70; 16
57,68,0.09268,0.83824,79; 57; 54; 29; 37; 5; 68; 80; 77; 46
49,61,0.11761,0.80328,48; 49; 24; 74; 69; 10; 61; 78; 67; 41
54,63,0.1112,0.85714,46; 54; 48; 23; 84; 55; 63; 75; 37; 49
18,21,0.12612,0.85714,72; 18; 78; 85; 30; 40; 21; 65; 49; 30
40,71,0.10684,0.56338,12; 40; 24; 85; 30; 15; 71; 69; 67; 34
38,67,0.11598,0.56716,72; 38; 32; 62; 46; 30; 67; 16; 9; 42
44,55,0.13441,0.8,18; 44; 72; 24; 45; 45; 55; 29; 19; 18
14,42,0.13063,0.33333,64; 14; 29; 82; 42; 51; 42; 26; 69; 5
30,81,0.09464,0.37037,24; 30; 45; 54; 53; 84; 81; 53; 34; 67
21,57,0.11963,0.36842,51; 21; 36; 45; 83; 43; 57; 70; 17; 57
21,85,0.08558,0.24706,83; 21; 36; 30; 68; 28; 85; 37; 36; 15
13,43,0.13316,0.30233,60; 13; 48; 72; 55; 49; 43; 85; 26; 70
10,18,0.12511,0.55556,9; 10; 25; 35; 9; 66; 18; 57; 59; 35
62,72,0.09303,0.86111,79; 62; 83; 51; 72; 70; 72; 84; 79; 7
9,16,0.14387,0.5625,82; 9; 40; 79; 8; 48; 16; 74; 30; 64
41,52,0.13029,0.78846,37; 41; 82; 60; 67; 11; 52; 24; 48; 18
21,83,0.08821,0.25301,10; 21; 55; 83; 15; 26; 83; 23; 27; 56
19,65,0.11135,0.29231,25; 19; 74; 9; 28; 40; 65; 80; 49; 81
18,57,0.11861,0.31579,74; 18; 40; 56; 70; 65; 57; 19; 7; 17
38,82,0.09795,0.46341,43; 38; 38; 6; 60; 33; 82; 68; 61; 52
47,57,0.12521,0.82456,23; 47; 81; 15; 45; 56; 57; 14; 7; 11
39,70,0.11932,0.55714,67; 39; 66; 33; 12; 83; 70; 68; 40; 35
24,73,0.1078,0.32877,64; 24; 27; 75; 53; 46; 73; 15; 58; 40
21,63,0.11561,0.33333,61; 21; 43; 63; 36; 23; 63; 7; 38; 63
67,78,0.07811,0.85897,71; 67; 35; 79; 48; 26; 78; 42; 32; 37
14,25,0.13416,0.56,70; 14; 52; 50; 44; 19; 25; 18; 55; 85
40,71,0.10529,0.56338,53; 40; 42; 9; 70; 66; 71; 34; 11; 51
6,25,0.12838,0.24,48; 6; 11; 85; 7; 72; 25; 62; 32; 50
19,41,0.13705,0.46341,73; 19; 85; 70; 23; 33; 41; 32; 53; 24
52,65,0.10976,0.8,17; 52; 78; 14; 26; 80; 65; 68; 31; 60
10,20,0.13948,0.5,37; 10; 67; 54; 84; 45; 20; 46; 74; 19
38,48,0.13302,0.79167,67; 38; 54; 44; 24; 32; 48; 18; 47; 21
24,49,0.13874,0.4898,60; 24; 35; 16; 55; 67; 49; 24; 39; 74
65,76,0.09033,0.85526,23; 65; 28; 20; 22; 73; 76; 20; 62; 78
15,61,0.11702,0.2459,31; 15; 40; 73; 66; 54; 61; 34; 48; 12
6,24,0.11415,0.25,62; 6; 42; 83; 58; 13; 24; 8; 67; 76
68,85,0.07539,0.8,58; 68; 11; 52; 10; 40; 85; 14; 72; 33
26,71,0.10683,0.3662,81; 26; 65; 20; 62; 34; 71; 33; 59; 75
18,61,0.11992,0.29508,22; 18; 85; 31; 83; 44; 61; 60; 50; 73
14,17,0.12997,0.82353,43; 14; 83; 84; 5; 34; 17; 22; 49; 26
49,60,0.12081,0.81667,63; 49; 47; 56; 49; 66; 60; 80; 6; 39
20,62,0.11181,0.32258,13; 20; 82; 9; 61; 84; 62; 12; 14; 25
20,41,0.12795,0.4878,21; 20; 17; 74; 54; 6; 41; 84; 56; 80
61,71,0.09272,0.85915,50; 61; 69; 34; 5; 49; 71; 37; 65; 14
38,82,0.09567,0.46341,59; 38; 68; 16; 30; 14; 82; 45; 55; 17
44,77,0.1059,0.57143,69; 44; 22; 50; 31; 6; 77; 61; 42; 52
28,61,0.12415,0.45902,6; 28; 39; 43; 77; 77; 61; 84; 76; 47
30,81,0.10074,0.37037,34; 30; 59; 14; 10; 10; 81; 41; 30; 52
18,22,0.13255,0.81818,81; 18; 70; 62; 32; 72; 22; 16; 50; 21
31,84,0.08993,0.36905,56; 31; 7; 60; 51; 79; 84; 32; 31; 82
23,62,0.11912,0.37097,41; 23; 8; 57; 76; 30; 62; 24; 54; 73
8,33,0.13759,0.24242,23; 8; 85; 35; 20; 66; 33; 6; 79; 84
15,62,0.11652,0.24194,34; 15; 82; 36; 6; 69; 62; 14; 85; 72
29,63,0.1226,0.46032,61; 29; 79; 74; 50; 53; 63; 83; 23; 39
22,45,0.13038,0.48889,26; 22; 44; 85; 9; 33; 45; 54; 37; 84
20,80,0.09625,0.25,78; 20; 6; 75; 15; 52; 80; 58; 61; 17
19,52,0.12733,0.36538,51; 19; 20; 51; 56; 72; 52; 28; 11; 67
24,84,0.09646,0.28571,31; 24; 53; 45; 29; 26; 84; 70; 5; 82
19,34,0.13768,0.55882,56; 19; 55; 67; 73; 76; 34; 51; 71; 22
23,65,0.10987,0.35385,38; 23; 73; 56; 36; 41; 65; 46; 35; 42
26,80,0.09668,0.325,41; 26; 23; 80; 24; 76; 80; 7; 61; 7
30,82,0.09366,0.36585,35; 30; 29; 67; 80; 25; 82; 84; 33; 61
21,84,0.07622,0.25,10; 21; 19; 23; 29; 42; 84; 79; 74; 74
40,50,0.13584,0.8,81; 40; 20; 53; 50; 35; 50; 35; 18; 57
12,43,0.13971,0.27907,58; 12; 83; 79; 77; 66; 43; 41; 32; 60
15,47,0.12884,0.31915,31; 15; 41; 41; 21; 29; 47; 73; 36; 41
55,69,0.10147,0.7971,67; 55; 36; 79; 64; 83; 69; 57; 18; 73
57,72,0.099,0.79167,75; 57; 76; 54; 35; 77; 72; 21; 22; 11
19,58,0.11891,0.32759,25; 19; 27; 72; 42; 56; 58; 71; 60; 46
9,32,0.14022,0.28125,63; 9; 40; 77; 11; 42; 32; 8; 52; 40
17,56,0.12589,0.30357,41; 17; 14; 70; 68; 61; 56; 43; 26; 24
8,33,0.13911,0.24242,33; 8; 30; 69; 12; 67; 33; 47; 40; 12
15,50,0.12902,0.3,14; 15; 29; 77; 49; 20; 50; 49; 23; 82
20,41,0.13879,0.4878,78; 20; 25; 78; 81; 20; 41; 74; 66; 32
8,25,0.13556,0.32,60; 8; 66; 75; 23; 28; 25; 58; 35; 5
22,76,0.09699,0.28947,59; 22; 11; 71; 50; 42; 76; 77; 60; 71
22,77,0.09552,0.28571,26; 22; 45; 10; 77; 20; 77; 9; 53; 14
70,83,0.07598,0.84337,63; 70; 15; 15; 38; 53; 83; 81; 82; 9
19,34,0.13911,0.55882,66; 19; 59; 83; 57; 83; 34; 56; 39; 40
14,28,0.12994,0.5,35; 14; 58; 67; 35; 20; 28; 75; 85; 63
17,71,0.10904,0.23944,33; 17; 45; 26; 7; 73; 71; 31; 77; 75
20,62,0.11904,0.32258,44; 20; 12; 30; 80; 34; 62; 8; 76; 49
11,44,0.13743,0.25,76; 11; 84; 61; 23; 28; 44; 40; 50; 48
20,40,0.13205,0.5,9; 20; 58; 38; 69; 60; 40; 68; 16; 54
16,58,0.12491,0.27586,19; 16; 63; 61; 38; 11; 58; 33; 40; 6
37,46,0.14399,0.80435,12; 37; 56; 17; 24; 69; 46; 54; 55; 18
30,53,0.12807,0.56604,72; 30; 60; 7; 20; 21; 53; 57; 54; 7
19,69,0.10685,0.27536,46; 19; 65; 60; 83; 30; 69; 16; 66; 18
32,56,0.11868,0.57143,29; 32; 84; 55; 70; 82; 56; 72; 72; 8
28,75,0.09722,0.37333,20; 28; 39; 74; 71; 33; 75; 82; 62; 82
24,79,0.10136,0.3038,62; 24; 70; 64; 53; 30; 79; 83; 82; 76
42,49,0.14044,0.85714,10; 42; 80; 48; 55; 66; 49; 46; 34; 84
22,76,0.10345,0.28947,47; 22; 44; 16; 85; 74; 76; 27; 33; 68
5,17,0.10664,0.29412,50; 5; 53; 35; 67; 28; 17; 13; 30; 83
35,70,0.10335,0.5,23; 35; 16; 21; 12; 30; 70; 16; 12; 56
16,57,0.12037,0.2807,40; 16; 69; 24; 6; 34; 57; 17; 82; 66
15,51,0.13292,0.29412,34; 15; 79; 74; 24; 43; 51; 5; 41; 62
22,44,0.12492,0.5,14; 22; 36; 60; 56; 50; 44; 46; 32; 24
11,24,0.13923,0.45833,22; 11; 79; 45; 48; 58; 24; 57; 21; 8
30,53,0.13051,0.56604,74; 30; 26; 18; 8; 14; 53; 68; 7; 30
38,44,0.13414,0.86364,81; 38; 38; 81; 37; 85; 44; 62; 52; 41
22,76,0.09893,0.28947,26; 22; 52; 67; 58; 65; 76; 36; 25; 55
30,81,0.09688,0.37037,52; 30; 36; 45; 24; 9; 81; 43; 13; 50
17,69,0.11121,0.24638,12; 17; 32; 57; 64; 21; 69; 7; 71; 47
24,80,0.10099,0.3,49; 24; 45; 14; 42; 20; 80; 61; 68; 59
11,45,0.1448,0.24444,28; 11; 28; 18; 22; 71; 45; 39; 41; 60
18,39,0.13327,0.46154,21; 18; 36; 19; 16; 51; 39; 71; 28; 19
22,74,0.09777,0.2973,85; 22; 67; 33; 84; 65; 74; 66; 59; 9
18,61,0.113,0.29508,30; 18; 39; 54; 64; 81; 61; 14; 71; 52
22,63,0.11379,0.34921,85; 22; 84; 5; 85; 73; 63; 44; 30; 41
70,85,0.07537,0.82353,19; 70; 74; 54; 70; 15; 85; 61; 83; 40
12,49,0.12975,0.2449,8; 12; 82; 11; 78; 7; 49; 84; 39; 31
48,56,0.12048,0.85714,55; 48; 22; 77; 9; 58; 56; 53; 28; 59
56,67,0.10166,0.83582,69; 56; 54; 80; 20; 40; 67; 78; 84; 13
31,84,0.09328,0.36905,40; 31; 80; 74; 72; 60; 84; 56; 19; 5
23,70,0.10945,0.32857,56; 23; 73; 71; 25; 55; 70; 63; 78; 62
21,42,0.13605,0.5,63; 21; 29; 71; 56; 5; 42; 8; 22; 56
48,61,0.11827,0.78689,39; 48; 17; 11; 21; 59; 61; 23; 82; 52
43,54,0.12934,0.7963,37; 43; 43; 31; 62; 63; 54; 16; 56; 30
8,23,0.13337,0.34783,21; 8; 31; 21; 67; 83; 23; 31; 42; 6
68,79,0.07778,0.86076,37; 68; 49; 30; 81; 61; 79; 60; 41; 35
52,65,0.11006,0.8,54; 52; 28; 27; 9; 19; 65; 81; 62; 47
60,76,0.08795,0.78947,13; 60; 71; 38; 8; 43; 76; 79; 9; 43
55,64,0.10742,0.85938,67; 55; 57; 36; 55; 20; 64; 43; 5; 30
23,76,0.10251,0.30263,9; 23; 52; 56; 76; 69; 76; 70; 14; 5
5,15,0.10036,0.33333,78; 5; 6; 33; 66; 11; 15; 35; 29; 7
26,82,0.08829,0.31707,7; 26; 57; 75; 66; 13; 82; 77; 35; 5
24,79,0.1046,0.3038,66; 24; 25; 72; 33; 37; 79; 84; 61; 67
20,60,0.12002,0.33333,58; 20; 30; 19; 68; 14; 60; 42; 41; 74
61,76,0.08887,0.80263,82; 61; 69; 33; 64; 45; 76; 33; 19; 75
8,28,0.13289,0.28571,31; 8; 17; 6; 35; 59; 28; 27; 56; 48
52,66,0.11125,0.78788,15; 52; 26; 69; 58; 6; 66; 56; 27; 75
16,65,0.11142,0.24615,52; 16; 73; 9; 32; 60; 65; 78; 6; 8
53,63,0.11588,0.84127,32; 53; 26; 64; 13; 76; 63; 79; 77; 43
7,22,0.1245,0.31818,38; 7; 56; 75; 55; 73; 22; 78; 13; 18
33,67,0.10802,0.49254,49; 33; 75; 61; 75; 13; 67; 30; 17; 53
63,77,0.08926,0.81818,51; 63; 6; 43; 58; 52; 77; 15; 65; 6
14,55,0.1289,0.25455,38; 14; 84; 69; 69; 28; 55; 5; 48; 9
16,66,0.10901,0.24242,16; 16; 30; 39; 25; 16; 66; 51; 12; 33
12,43,0.13937,0.27907,45; 12; 21; 83; 42; 14; 43; 9; 15; 81
13,53,0.13099,0.24528,71; 13; 52; 82; 20; 8; 53; 74; 69; 7
15,63,0.11763,0.2381,7; 15; 79; 54; 29; 78; 63; 73; 5; 23
32,69,0.11183,0.46377,23; 32; 32; 80; 13; 84; 69; 78; 81; 37
18,52,0.12293,0.34615,19; 18; 73; 82; 56; 32; 52; 9; 60; 37
42,84,0.09694,0.5,76; 42; 71; 46; 30; 85; 84; 26; 69; 57
17,30,0.12575,0.56667,43; 17; 29; 20; 41; 63; 30; 48; 67; 58
18,39,0.14194,0.46154,72; 18; 50; 7; 81; 12; 39; 14; 40; 21
25,75,0.10466,0.33333,57; 25; 26; 25; 35; 42; 75; 66; 18; 23
17,37,0.13849,0.45946,48; 17; 11; 7; 45; 76; 37; 56; 74; 24
16,53,0.12997,0.30189,69; 16; 42; 33; 41; 55; 53; 30; 27; 82
10,41,0.14689,0.2439,73; 10; 19; 70; 49; 6; 41; 54; 34; 5
51,64,0.10964,0.79688,62; 51; 51; 80; 19; 13; 64; 76; 30; 36
23,41,0.13678,0.56098,33; 23; 81; 49; 78; 30; 41; 74; 18; 43
37,81,0.1001,0.45679,35; 37; 5; 36; 35; 76; 81; 37; 14; 30
33,68,0.10788,0.48529,74; 33; 31; 46; 72; 38; 68; 49; 62; 22
25,45,0.12824,0.55556,32; 25; 57; 8; 25; 57; 45; 63; 59; 19
37,43,0.13608,0.86047,7; 37; 70; 59; 15; 43; 43; 30; 26; 63
61,71,0.08792,0.85915,32; 61; 17; 31; 68; 55; 71; 77; 83; 26
19,55,0.12547,0.34545,71; 19; 12; 56; 51; 68; 55; 79; 11; 75
13,28,0.14078,0.46429,73; 13; 11; 5; 45; 19; 28; 42; 10; 78
11,40,0.139,0.275,63; 11; 34; 10; 16; 23; 40; 38; 79; 51
23,47,0.13203,0.48936,9; 23; 80; 22; 39; 77; 47; 42; 12; 27
26,53,0.13183,0.49057,25; 26; 64; 37; 11; 39; 53; 71; 23; 15
30,82,0.09725,0.36585,63; 30; 34; 14; 20; 28; 82; 81; 6; 45
12,49,0.13747,0.2449,31; 12; 71; 68; 20; 18; 49; 66; 81; 63
42,75,0.10085,0.56,46; 42; 17; 18; 35; 63; 75; 83; 49; 24
73,85,0.07272,0.85882,63; 73; 45; 26; 36; 75; 85; 20; 15; 85
9,30,0.14747,0.3,80; 9; 34; 45; 33; 83; 30; 11; 32; 13
18,37,0.13651,0.48649,65; 18; 47; 37; 47; 14; 37; 35; 52; 13
12,26,0.13978,0.46154,71; 12; 35; 67; 51; 35; 26; 39; 33; 13
11,40,0.13889,0.275,25; 11; 58; 38; 37; 70; 40; 28; 23; 22
14,43,0.13289,0.32558,15; 14; 59; 72; 78; 11; 43; 39; 69; 22
16,66,0.11173,0.24242,28; 16; 60; 81; 71; 16; 66; 80; 27; 15
12,38,0.13928,0.31579,12; 12; 22; 31; 72; 56; 38; 31; 17; 48
67,85,0.07853,0.78824,16; 67; 38; 24; 46; 43; 85; 17; 72; 41
33,66,0.10904,0.5,59; 33; 26; 13; 73; 14; 66; 39; 16; 29
22,69,0.10959,0.31884,84; 22; 49; 85; 45; 14; 69; 16; 11; 21
22,59,0.11478,0.37288,18; 22; 50; 22; 41; 9; 59; 49; 6; 33
36,43,0.13424,0.83721,24; 36; 45; 70; 30; 62; 43; 77; 70; 37
36,73,0.09683,0.49315,13; 36; 83; 68; 10; 14; 73; 43; 74; 82
14,38,0.13409,0.36842,83; 14; 83; 82; 13; 15; 38; 60; 61; 74
67,82,0.07966,0.81707,5; 67; 44; 33; 35; 22; 82; 6; 39; 45
19,65,0.10696,0.29231,37; 19; 28; 7; 80; 41; 65; 13; 81; 13
15,53,0.12853,0.28302,77; 15; 78; 46; 35; 38; 53; 30; 48; 80
43,54,0.12908,0.7963,11; 43; 77; 14; 52; 23; 54; 28; 58; 31
17,67,0.11352,0.25373,85; 17; 66; 23; 84; 48; 67; 25; 56; 12
18,62,0.1124,0.29032,47; 18; 84; 8; 48; 85; 62; 62; 70; 71
33,66,0.11512,0.5,20; 33; 80; 80; 13; 11; 66; 50; 83; 75
23,40,0.14068,0.575,76; 23; 24; 70; 61; 46; 40; 33; 36; 42
44,55,0.12556,0.8,33; 44; 42; 82; 29; 55; 55; 7; 31; 46
21,71,0.10816,0.29577,76; 21; 24; 52; 29; 64; 71; 22; 15; 42
39,69,0.11379,0.56522,48; 39; 74; 23; 84; 28; 69; 37; 10; 25
6,25,0.11299,0.24,58; 6; 7; 84; 32; 19; 25; 79; 39; 40
28,80,0.1007,0.35,31; 28; 39; 78; 70; 59; 80; 54; 33; 46
30,82,0.0986,0.36585,31; 30; 60; 52; 48; 57; 82; 6; 5; 57
20,68,0.11697,0.29412,19; 20; 22; 20; 63; 38; 68; 31; 39; 20
15,62,0.11804,0.24194,7; 15; 77; 13; 74; 72; 62; 8; 34; 11
13,35,0.13516,0.37143,78; 13; 22; 40; 34; 84; 35; 64; 44; 14
32,57,0.12153,0.5614,33; 32; 83; 5; 58; 44; 57; 6; 44; 17
24,84,0.08988,0.28571,5; 24; 44; 10; 36; 21; 84; 32; 56; 17
37,45,0.13078,0.82222,40; 37; 19; 43; 36; 65; 45; 10; 47; 24
16,48,0.13039,0.33333,45; 16; 24; 38; 74; 46; 48; 65; 27; 47
21,63,0.12205,0.33333,55; 21; 16; 58; 67; 6; 63; 68; 10; 31
25,83,0.09465,0.3012,22; 25; 47; 85; 74; 67; 83; 25; 15; 67
59,75,0.08722,0.78667,67; 59; 81; 66; 26; 17; 75; 43; 81; 49
19,64,0.11236,0.29688,8; 19; 77; 44; 59; 25; 64; 20; 36; 73
47,56,0.12512,0.83929,44; 47; 75; 40; 24; 55; 56; 59; 84; 29
26,74,0.10532,0.35135,51; 26; 60; 64; 31; 73; 74; 61; 49; 64
22,39,0.12611,0.5641,56; 22; 8; 67; 43; 71; 39; 49; 53; 61
26,46,0.13246,0.56522,23; 26; 76; 13; 63; 17; 46; 72; 34; 63
61,73,0.08734,0.83562,27; 61; 41; 18; 61; 85; 73; 20; 37; 21
30,85,0.08882,0.35294,10; 30; 37; 23; 29; 55; 85; 50; 18; 37
37,65,0.11912,0.56923,5; 37; 36; 41; 37; 21; 65; 58; 59; 42
32,64,0.11325,0.5,24; 32; 30; 67; 61; 78; 64; 55; 43; 85
17,34,0.13713,0.5,47; 17; 38; 39; 35; 78; 34; 32; 72; 62
28,84,0.09314,0.33333,69; 28; 76; 10; 11; 38; 84; 23; 16; 51
30,53,0.1266,0.56604,45; 30; 47; 56; 26; 80; 53; 81; 63; 16
51,59,0.11554,0.86441,29; 51; 31; 46; 58; 75; 59; 27; 25; 43
24,48,0.13487,0.5,15; 24; 30; 69; 20; 63; 48; 74; 56; 80
23,73,0.10983,0.31507,13; 23; 69; 51; 39; 24; 73; 74; 38; 42
17,57,0.12444,0.29825,70; 17; 35; 56; 19; 58; 57; 78; 64; 11
37,75,0.09581,0.49333,22; 37; 27; 62; 9; 44; 75; 72; 10; 37
17,49,0.12828,0.34694,18; 17; 20; 26; 59; 71; 49; 27; 40; 15
13,53,0.13145,0.24528,61; 13; 44; 9; 40; 10; 53; 18; 19; 69
24,49,0.12863,0.4898,21; 24; 77; 53; 5; 7; 49; 55; 13; 32
12,37,0.13276,0.32432,34; 12; 33; 11; 10; 51; 37; 76; 61; 28
22,75,0.10011,0.29333,48; 22; 82; 13; 82; 17; 75; 9; 45; 35
49,58,0.12292,0.84483,73; 49; 18; 80; 15; 48; 58; 70; 84; 14
10,20,0.13644,0.5,63; 10; 11; 41; 45; 51; 20; 43; 10; 37
32,69,0.11237,0.46377,64; 32; 76; 63; 24; 41; 69; 54; 64; 82
16,55,0.13036,0.29091,82; 16; 51; 63; 17; 12; 55; 7; 70; 11
30,65,0.11263,0.46154,58; 30; 62; 12; 47; 8; 65; 72; 65; 63
56,68,0.10465,0.82353,69; 56; 32; 74; 34; 75; 68; 67; 70; 23
32,39,0.13926,0.82051,33; 32; 60; 23; 85; 51; 39; 10; 18; 19
41,82,0.10329,0.5,65; 41; 51; 82; 34; 57; 82; 57; 24; 17
48,61,0.11367,0.78689,36; 48; 23; 54; 35; 62; 61; 13; 69; 16
71,83,0.0742,0.85542,63; 71; 35; 66; 54; 75; 83; 84; 57; 11
18,49,0.12657,0.36735,54; 18; 13; 51; 80; 19; 49; 81; 29; 57
28,61,0.11888,0.45902,39; 28; 58; 66; 45; 59; 61; 60; 71; 14
21,74,0.10013,0.28378,10; 21; 21; 72; 20; 7; 74; 7; 7; 36
46,58,0.12805,0.7931,69; 46; 21; 47; 71; 35; 58; 30; 21; 26
12,48,0.13398,0.25,77; 12; 81; 25; 76; 24; 48; 71; 26; 9
22,76,0.09923,0.28947,68; 22; 33; 69; 49; 17; 76; 77; 74; 62
23,28,0.14406,0.82143,32; 23; 29; 56; 42; 49; 28; 6; 18; 81
36,43,0.13731,0.83721,5; 36; 75; 14; 43; 35; 43; 21; 33; 26
20,79,0.09659,0.25316,44; 20; 60; 34; 29; 60; 79; 52; 63; 20
37,43,0.1388,0.86047,79; 37; 6; 81; 57; 5; 43; 77; 26; 49
20,81,0.09516,0.24691,72; 20; 9; 73; 51; 33; 81; 5; 36; 18
18,21,0.12699,0.85714,65; 18; 67; 16; 5; 79; 21; 31; 35; 60
53,63,0.11414,0.84127,41; 53; 48; 23; 45; 30; 63; 80; 37; 76
24,68,0.10391,0.35294,79; 24; 34; 46; 38; 48; 68; 32; 78; 63
18,57,0.1208,0.31579,55; 18; 53; 59; 74; 13; 57; 20; 57; 45
11,45,0.14127,0.24444,59; 11; 83; 51; 35; 58; 45; 18; 54; 21
30,60,0.12814,0.5,43; 30; 53; 27; 22; 49; 60; 48; 37; 32
67,80,0.08126,0.8375,76; 67; 57; 70; 54; 31; 80; 12; 31; 27
17,53,0.12692,0.32075,28; 17; 65; 74; 35; 84; 53; 8; 51; 17
62,74,0.08913,0.83784,29; 62; 84; 81; 5; 29; 74; 18; 81; 18
29,63,0.11481,0.46032,63; 29; 49; 22; 17; 76; 63; 12; 47; 79
44,51,0.13143,0.86275,81; 44; 79; 11; 21; 37; 51; 38; 25; 16
9,37,0.14324,0.24324,69; 9; 21; 54; 73; 81; 37; 19; 85; 67
65,82,0.08181,0.79268,19; 65; 38; 23; 22; 30; 82; 26; 56; 70
25,72,0.1056,0.34722,28; 25; 51; 47; 16; 47; 72; 49; 34; 84
15,41,0.13164,0.36585,40; 15; 56; 68; 61; 56; 41; 54; 60; 80
8,23,0.12915,0.34783,78; 8; 50; 51; 24; 22; 23; 58; 12; 8
30,82,0.10172,0.36585,22; 30; 6; 8; 18; 10; 82; 36; 26; 14
11,14,0.13795,0.78571,83; 11; 73; 43; 76; 48; 14; 47; 34; 21
7,25,0.12886,0.28,46; 7; 60; 74; 35; 64; 25; 42; 15; 35
46,80,0.10011,0.575,14; 46; 34; 80; 34; 9; 80; 39; 52; 28
48,57,0.12556,0.84211,37; 48; 31; 55; 61; 38; 57; 23; 80; 12
16,56,0.1232,0.28571,61; 16; 22; 15; 22; 7; 56; 79; 77; 53
41,50,0.13487,0.82,13; 41; 57; 8; 19; 57; 50; 8; 37; 26
18,63,0.11901,0.28571,81; 18; 27; 60; 71; 13; 63; 77; 46; 70
22,66,0.11094,0.33333,62; 22; 52; 66; 9; 62; 66; 80; 65; 64
12,40,0.13576,0.3,13; 12; 53; 45; 8; 45; 40; 55; 24; 12
42,53,0.12775,0.79245,64; 42; 52; 13; 73; 74; 53; 55; 42; 23
38,82,0.09927,0.46341,34; 38; 71; 29; 44; 73; 82; 54; 9; 50
26,33,0.13034,0.78788,73; 26; 84; 44; 5; 27; 33; 74; 50; 33
21,64,0.1179,0.32812,71; 21; 25; 64; 40; 32; 64; 79; 32; 70
28,76,0.10944,0.36842,5; 28; 14; 55; 62; 24; 76; 61; 21; 34
38,83,0.09368,0.45783,8; 38; 47; 62; 11; 40; 83; 58; 14; 21
21,85,0.08613,0.24706,79; 21; 26; 75; 70; 10; 85; 72; 51; 52
16,65,0.11354,0.24615,31; 16; 20; 13; 48; 71; 65; 67; 79; 60
36,43,0.13836,0.83721,10; 36; 18; 47; 49; 20; 43; 23; 83; 24
33,71,0.10666,0.46479,65; 33; 51; 10; 20; 48; 71; 79; 45; 52
22,59,0.11568,0.37288,17; 22; 49; 74; 69; 29; 59; 50; 26; 66
11,30,0.12969,0.36667,55; 11; 5; 14; 27; 66; 30; 34; 17; 76
12,38,0.13525,0.31579,15; 12; 34; 40; 45; 54; 38; 29; 40; 53
26,80,0.0988,0.325,47; 26; 50; 34; 44; 75; 80; 61; 63; 35
17,49,0.13118,0.34694,18; 17; 39; 68; 53; 82; 49; 34; 16; 43
20,57,0.12247,0.35088,50; 20; 71; 62; 70; 38; 57; 56; 71; 59
43,76,0.1009,0.56579,21; 43; 76; 61; 62; 60; 76; 26; 55; 58
50,61,0.11243,0.81967,84; 50; 56; 77; 44; 28; 61; 48; 47; 70
15,62,0.11901,0.24194,24; 15; 62; 32; 24; 14; 62; 6; 6; 76
26,56,0.12787,0.46429,16; 26; 49; 63; 52; 27; 56; 14; 73; 17
12,41,0.13997,0.29268,39; 12; 12; 38; 22; 59; 41; 8; 79; 73
41,84,0.09671,0.4881,30; 41; 53; 11; 79; 70; 84; 22; 8; 63
31,36,0.1428,0.86111,62; 31; 68; 72; 59; 8; 36; 44; 44; 64
33,42,0.14253,0.78571,6; 33; 36; 55; 67; 15; 42; 78; 5; 29
17,59,0.11622,0.28814,81; 17; 42; 53; 28; 14; 59; 42; 75; 12
20,63,0.11554,0.31746,19; 20; 15; 39; 17; 61; 63; 6; 27; 78
7,19,0.11652,0.36842,69; 7; 12; 60; 43; 36; 19; 73; 41; 13
69,80,0.07933,0.8625,5; 69; 56; 81; 25; 71; 80; 9; 68; 80
27,78,0.10863,0.34615,47; 27; 13; 70; 28; 23; 78; 24; 42; 64
8,16,0.13362,0.5,61; 8; 52; 31; 37; 77; 16; 33; 32; 44
19,39,0.13207,0.48718,25; 19; 16; 26; 59; 40; 39; 62; 43; 66
46,56,0.1303,0.82143,39; 46; 47; 75; 65; 85; 56; 25; 85; 34
8,34,0.13419,0.23529,42; 8; 76; 19; 49; 39; 34; 63; 85; 58
16,53,0.12216,0.30189,39; 16; 40; 69; 67; 23; 53; 68; 76; 13
11,24,0.13788,0.45833,15; 11; 59; 73; 79; 16; 24; 76; 7; 16
51,62,0.11309,0.82258,76; 51; 67; 80; 20; 67; 62; 48; 33; 17
17,37,0.13975,0.45946,82; 17; 40; 15; 63; 72; 37; 28; 7; 83
26,81,0.09284,0.32099,80; 26; 27; 69; 25; 37; 81; 75; 30; 49
13,46,0.13572,0.28261,57; 13; 35; 45; 32; 62; 46; 46; 58; 42
14,46,0.13743,0.30435,78; 14; 83; 19; 51; 57; 46; 77; 48; 76
23,41,0.13477,0.56098,58; 23; 35; 68; 44; 26; 41; 59; 60; 28
12,34,0.13629,0.35294,42; 12; 17; 37; 42; 59; 34; 33; 76; 33
40,70,0.11241,0.57143,34; 40; 6; 38; 58; 65; 70; 22; 65; 21
19,58,0.12549,0.32759,61; 19; 58; 13; 85; 26; 58; 71; 65; 46
60,70,0.09638,0.85714,65; 60; 7; 8; 58; 68; 70; 34; 54; 46
11,44,0.13981,0.25,56; 11; 9; 42; 6; 22; 44; 32; 70; 84
8,10,0.1344,0.8,23; 8; 11; 64; 27; 75; 10; 66; 27; 70
42,75,0.1019,0.56,67; 42; 79; 43; 43; 29; 75; 25; 39; 84
42,84,0.09206,0.5,61; 42; 66; 85; 82; 16; 84; 33; 45; 25
67,84,0.07735,0.79762,35; 67; 66; 24; 12; 65; 84; 29; 32; 17
24,28,0.1294,0.85714,35; 24; 21; 29; 45; 13; 28; 11; 48; 13
55,67,0.10294,0.8209,50; 55; 42; 64; 10; 70; 67; 14; 12; 75
27,83,0.0934,0.3253,15; 27; 5; 33; 25; 20; 83; 64; 64; 56
21,76,0.0962,0.27632,26; 21; 30; 15; 31; 48; 76; 13; 16; 28
23,81,0.08747,0.28395,24; 23; 7; 23; 50; 72; 81; 40; 47; 41
6,19,0.11352,0.31579,24; 6; 29; 52; 48; 68; 19; 30; 44; 7
19,51,0.12443,0.37255,41; 19; 30; 53; 34; 37; 51; 19; 18; 62
20,80,0.10041,0.25,6; 20; 54; 11; 77; 34; 80; 27; 84; 72
25,51,0.12654,0.4902,79; 25; 12; 6; 21; 35; 51; 80; 83; 7
30,53,0.13143,0.56604,83; 30; 38; 29; 49; 10; 53; 57; 17; 52
24,73,0.10799,0.32877,82; 24; 79; 63; 78; 64; 73; 13; 20; 10
46,82,0.09366,0.56098,47; 46; 19; 18; 39; 77; 82; 10; 68; 14
8,27,0.13649,0.2963,9; 8; 17; 40; 19; 22; 27; 20; 55; 81
26,78,0.10169,0.33333,67; 26; 62; 9; 52; 75; 78; 13; 53; 44
69,80,0.07833,0.8625,68; 69; 66; 71; 84; 41; 80; 10; 71; 54
43,51,0.13376,0.84314,85; 43; 65; 60; 40; 48; 51; 7; 47; 70
50,58,0.11225,0.86207,13; 50; 73; 15; 35; 24; 58; 34; 67; 44
28,50,0.13297,0.56,44; 28; 30; 48; 9; 47; 50; 10; 51; 6
15,43,0.13494,0.34884,21; 15; 69; 12; 54; 27; 43; 13; 77; 39
31,54,0.13086,0.57407,25; 31; 78; 39; 57; 70; 54; 29; 48; 35
12,40,0.1404,0.3,83; 12; 36; 66; 48; 49; 40; 44; 70; 6
38,45,0.14037,0.84444,73; 38; 10; 14; 82; 8; 45; 46; 43; 20
14,48,0.12965,0.29167,79; 14; 62; 12; 44; 29; 48; 15; 70; 83
44,78,0.11052,0.5641,68; 44; 31; 50; 68; 21; 78; 32; 21; 65
18,37,0.12965,0.48649,19; 18; 81; 63; 65; 6; 37; 54; 28; 37
32,38,0.13508,0.84211,66; 32; 47; 77; 58; 74; 38; 53; 60; 80
70,85,0.07576,0.82353,8; 70; 82; 37; 16; 53; 85; 39; 27; 58
16,68,0.10723,0.23529,53; 16; 61; 25; 19; 18; 68; 24; 29; 66
12,43,0.138,0.27907,16; 12; 50; 20; 57; 84; 43; 50; 53; 7
65,81,0.08014,0.80247,33; 65; 23; 15; 43; 82; 81; 15; 49; 66
17,48,0.13384,0.35417,38; 17; 75; 7; 68; 5; 48; 6; 45; 32
18,21,0.12936,0.85714,28; 18; 56; 15; 69; 12; 21; 85; 25; 28
25,44,0.14353,0.56818,55; 25; 31; 81; 22; 54; 44; 55; 76; 24
18,62,0.12132,0.29032,85; 18; 62; 32; 52; 67; 62; 11; 18; 21
22,48,0.1296,0.45833,35; 22; 79; 12; 25; 19; 48; 14; 35; 43
19,66,0.1053,0.28788,46; 19; 46; 6; 76; 13; 66; 40; 51; 61
36,43,0.13797,0.83721,60; 36; 34; 13; 80; 70; 43; 76; 70; 43
17,35,0.13641,0.48571,47; 17; 31; 30; 82; 22; 35; 14; 21; 65
24,49,0.12739,0.4898,6; 24; 63; 46; 53; 66; 49; 20; 68; 56
60,75,0.09232,0.8,10; 60; 37; 27; 14; 66; 75; 60; 48; 12
21,57,0.12216,0.36842,69; 21; 42; 31; 76; 33; 57; 76; 49; 65
19,68,0.10728,0.27941,36; 19; 65; 46; 21; 41; 68; 56; 41; 62
19,22,0.12421,0.86364,21; 19; 13; 39; 82; 63; 22; 34; 33; 25
27,48,0.13829,0.5625,55; 27; 39; 33; 26; 9; 48; 36; 32; 33
28,80,0.10198,0.35,57; 28; 82; 10; 27; 74; 80; 65; 43; 43
63,75,0.08991,0.84,21; 63; 6; 80; 47; 44; 75; 51; 17; 13
21,69,0.10086,0.30435,66; 21; 84; 31; 50; 15; 69; 12; 51; 50
25,79,0.1063,0.31646,46; 25; 53; 46; 14; 73; 79; 31; 72; 64
17,57,0.12576,0.29825,11; 17; 69; 34; 57; 24; 57; 54; 40; 31
44,77,0.1059,0.57143,15; 44; 23; 66; 37; 82; 77; 82; 33; 22
23,73,0.10287,0.31507,14; 23; 79; 66; 10; 64; 73; 69; 21; 85
35,72,0.10441,0.48611,77; 35; 69; 74; 69; 56; 72; 58; 70; 55
5,18,0.10038,0.27778,69; 5; 57; 8; 77; 25; 18; 32; 47; 66
36,79,0.09544,0.4557,68; 36; 17; 32; 82; 47; 79; 7; 59; 56
41,72,0.10642,0.56944,30; 41; 73; 23; 84; 6; 72; 49; 66; 76
66,83,0.0763,0.79518,42; 66; 11; 29; 80; 62; 83; 72; 16; 32
25,79,0.09632,0.31646,63; 25; 80; 13; 10; 50; 79; 57; 68; 73
12,43,0.14699,0.27907,42; 12; 12; 31; 29; 7; 43; 67; 44; 34
59,74,0.09413,0.7973,83; 59; 20; 72; 43; 8; 74; 37; 33; 21
16,28,0.13442,0.57143,48; 16; 9; 56; 16; 13; 28; 81; 6; 22
10,18,0.13138,0.55556,15; 10; 14; 5; 29; 65; 18; 62; 28; 55
21,42,0.13192,0.5,16; 21; 25; 84; 77; 29; 42; 69; 30; 59
12,21,0.13647,0.57143,51; 12; 71; 68; 28; 76; 21; 19; 19; 16
11,39,0.1371,0.28205,54; 11; 15; 68; 30; 85; 39; 46; 56; 12
26,56,0.12971,0.46429,25; 26; 8; 17; 69; 43; 56; 76; 7; 78
33,68,0.10554,0.48529,26; 33; 41; 47; 59; 48; 68; 45; 36; 51
27,81,0.10149,0.33333,59; 27; 52; 67; 25; 30; 81; 62; 68; 59
20,63,0.11222,0.31746,80; 20; 65; 80; 13; 83; 63; 83; 74; 47
28,57,0.11783,0.49123,75; 28; 9; 24; 56; 81; 57; 21; 56; 34
14,58,0.1205,0.24138,26; 14; 69; 33; 26; 48; 58; 18; 9; 23
21,65,0.11693,0.32308,40; 21; 33; 17; 37; 60; 65; 64; 67; 22
32,57,0.1259,0.5614,36; 32; 30; 49; 81; 69; 57; 41; 28; 27
40,72,0.10542,0.55556,19; 40; 30; 57; 67; 40; 72; 23; 58; 20
21,76,0.09802,0.27632,28; 21; 73; 80; 78; 19; 76; 64; 8; 19
15,41,0.13462,0.36585,46; 15; 74; 58; 52; 73; 41; 34; 24; 11
18,37,0.12983,0.48649,11; 18; 56; 30; 29; 10; 37; 73; 62; 84
29,52,0.13505,0.55769,44; 29; 67; 44; 44; 9; 52; 8; 28; 56
37,75,0.10078,0.49333,28; 37; 80; 61; 78; 33; 75; 35; 6; 65
24,49,0.13442,0.4898,9; 24; 47; 12; 7; 40; 49; 10; 34; 21
20,69,0.10737,0.28986,76; 20; 38; 5; 43; 65; 69; 55; 28; 50
31,54,0.12574,0.57407,32; 31; 81; 85; 64; 55; 54; 72; 33; 12
38,68,0.11821,0.55882,80; 38; 66; 11; 70; 41; 68; 18; 42; 24
14,47,0.13271,0.29787,44; 14; 63; 57; 10; 77; 47; 71; 36; 27
68,83,0.07872,0.81928,35; 68; 21; 33; 37; 25; 83; 48; 10; 33
41,72,0.10055,0.56944,81; 41; 65; 56; 12; 59; 72; 29; 73; 39
10,35,0.14107,0.28571,6; 10; 62; 70; 16; 80; 35; 84; 56; 73
14,47,0.13804,0.29787,64; 14; 48; 12; 49; 31; 47; 20; 11; 77
42,51,0.14195,0.82353,68; 42; 52; 25; 68; 33; 51; 17; 75; 32
5,18,0.10217,0.27778,33; 5; 77; 48; 54; 70; 18; 42; 24; 22
25,78,0.1042,0.32051,78; 25; 51; 32; 20; 54; 78; 79; 7; 52
23,69,0.10345,0.33333,38; 23; 63; 20; 40; 76; 69; 37; 45; 66
25,85,0.0892,0.29412,83; 25; 75; 70; 60; 74; 85; 14; 28; 45
21,60,0.1163,0.35,64; 21; 39; 29; 45; 23; 60; 10; 6; 54
23,62,0.11833,0.37097,76; 23; 50; 8; 71; 77; 62; 34; 38; 18
13,41,0.13454,0.31707,57; 13; 21; 12; 75; 10; 41; 66; 41; 17
22,59,0.11558,0.37288,16; 22; 14; 56; 40; 13; 59; 54; 60; 22
16,20,0.1336,0.8,8; 16; 77; 31; 40; 84; 20; 66; 55; 12
21,64,0.11343,0.32812,55; 21; 52; 9; 73; 11; 64; 25; 48; 19
17,37,0.13965,0.45946,37; 17; 80; 66; 34; 30; 37; 47; 84; 64
59,70,0.09298,0.84286,30; 59; 75; 55; 26; 56; 70; 38; 81; 8
34,43,0.14252,0.7907,49; 34; 79; 18; 72; 36; 43; 16; 64; 27
24,30,0.13553,0.8,78; 24; 72; 84; 34; 49; 30; 41; 58; 24
6,17,0.1127,0.35294,63; 6; 43; 14; 54; 69; 17; 11; 56; 35
25,29,0.14609,0.86207,17; 25; 31; 41; 54; 46; 29; 45; 22; 40
18,37,0.13395,0.48649,19; 18; 52; 45; 46; 61; 37; 42; 61; 43
70,83,0.07592,0.84337,36; 70; 37; 46; 32; 65; 83; 16; 70; 45
16,20,0.12933,0.8,41; 16; 40; 27; 83; 36; 20; 76; 42; 32
25,50,0.12962,0.5,77; 25; 56; 21; 64; 58; 50; 54; 77; 85
55,69,0.10175,0.7971,69; 55; 65; 39; 50; 85; 69; 28; 69; 59
19,63,0.11459,0.30159,12; 19; 12; 44; 83; 77; 63; 38; 59; 55
32,39,0.14087,0.82051,60; 32; 12; 46; 76; 20; 39; 77; 51; 42
19,54,0.11957,0.35185,15; 19; 29; 36; 58; 60; 54; 78; 80; 38
39,80,0.10225,0.4875,85; 39; 10; 12; 80; 28; 80; 69; 83; 80
44,79,0.10392,0.55696,64; 44; 39; 67; 30; 40; 79; 15; 48; 77
25,75,0.11013,0.33333,30; 25; 65; 20; 66; 71; 75; 85; 5; 62
59,74,0.08595,0.7973,14; 59; 28; 29; 79; 11; 74; 48; 18; 78
26,70,0.10886,0.37143,78; 26; 10; 15; 14; 62; 70; 74; 62; 7
19,41,0.13938,0.46341,32; 19; 12; 42; 78; 20; 41; 56; 46; 31
65,77,0.09261,0.84416,55; 65; 74; 51; 49; 60; 77; 35; 80; 23
14,44,0.13459,0.31818,26; 14; 37; 35; 43; 83; 44; 76; 14; 58
52,62,0.11485,0.83871,45; 52; 48; 9; 66; 82; 62; 67; 19; 80
17,72,0.10437,0.23611,57; 17; 72; 72; 66; 30; 72; 44; 12; 27
25,72,0.10789,0.34722,46; 25; 32; 44; 62; 43; 72; 44; 78; 32
17,56,0.12217,0.30357,20; 17; 14; 85; 40; 65; 56; 29; 22; 21
26,70,0.10574,0.37143,21; 26; 58; 60; 39; 51; 70; 13; 11; 70
23,47,0.13233,0.48936,5; 23; 12; 36; 82; 77; 47; 14; 78; 28
28,75,0.10556,0.37333,33; 28; 68; 74; 26; 54; 75; 10; 39; 27
47,84,0.10087,0.55952,61; 47; 56; 23; 76; 84; 84; 26; 34; 28
36,63,0.11685,0.57143,13; 36; 77; 39; 34; 7; 63; 37; 12; 39
31,36,0.13896,0.86111,36; 31; 20; 79; 46; 81; 36; 13; 5; 56
14,46,0.13545,0.30435,48; 14; 79; 5; 66; 10; 46; 65; 20; 64
16,54,0.12448,0.2963,40; 16; 21; 65; 24; 57; 54; 66; 81; 59
7,21,0.11745,0.33333,26; 7; 69; 69; 7; 20; 21; 39; 64; 12
16,20,0.13021,0.8,75; 16; 21; 70; 10; 47; 20; 48; 64; 81
19,34,0.13333,0.55882,52; 19; 6; 84; 81; 18; 34; 35; 83; 13
52,62,0.11403,0.83871,75; 52; 6; 9; 39; 26; 62; 24; 82; 17
46,58,0.1239,0.7931,43; 46; 44; 35; 8; 28; 58; 76; 44; 38
10,20,0.13982,0.5,59; 10; 26; 32; 10; 47; 20; 49; 15; 51
12,36,0.14437,0.33333,81; 12; 66; 56; 11; 10; 36; 67; 33; 71
48,57,0.12154,0.84211,65; 48; 46; 39; 16; 23; 57; 38; 79; 71
38,45,0.13281,0.84444,81; 38; 48; 37; 65; 66; 45; 63; 36; 18
8,16,0.13383,0.5,53; 8; 22; 24; 16; 32; 16; 15; 76; 24
36,44,0.13635,0.81818,41; 36; 82; 38; 35; 58; 44; 72; 74; 41
28,56,0.11502,0.5,44; 28; 62; 41; 8; 45; 56; 37; 18; 27
16,19,0.12661,0.84211,32; 16; 46; 69; 25; 66; 19; 21; 15; 54
19,52,0.12714,0.36538,67; 19; 81; 44; 14; 46; 52; 21; 79; 70
64,76,0.08091,0.84211,25; 64; 61; 71; 32; 60; 76; 57; 47; 49
15,41,0.13201,0.36585,32; 15; 79; 85; 26; 24; 41; 21; 64; 84
60,70,0.09145,0.85714,26; 60; 75; 10; 51; 30; 70; 38; 51; 10
35,61,0.11638,0.57377,60; 35; 28; 76; 21; 75; 61; 72; 36; 6
25,54,0.1243,0.46296,37; 25; 51; 55; 26; 56; 54; 36; 41; 59
18,75,0.09956,0.24,65; 18; 7; 69; 38; 55; 75; 27; 6; 50
14,25,0.13247,0.56,72; 14; 15; 66; 59; 17; 25; 76; 39; 12
14,50,0.12449,0.28,85; 14; 66; 50; 26; 58; 50; 48; 10; 43
10,27,0.14376,0.37037,63; 10; 7; 13; 47; 7; 27; 14; 33; 67
29,58,0.12894,0.5,18; 29; 54; 65; 54; 9; 58; 26; 46; 28
45,79,0.10287,0.56962,26; 45; 49; 13; 73; 66; 79; 63; 20; 18
8,33,0.14302,0.24242,32; 8; 60; 50; 70; 23; 33; 18; 12; 13
40,72,0.11018,0.55556,83; 40; 40; 10; 44; 49; 72; 24; 67; 17
36,79,0.10003,0.4557,6; 36; 39; 57; 82; 75; 79; 42; 63; 21
13,51,0.13527,0.2549,54; 13; 44; 60; 50; 22; 51; 14; 27; 23
63,80,0.08538,0.7875,85; 63; 34; 16; 67; 76; 80; 16; 24; 22
38,83,0.09986,0.45783,65; 38; 15; 81; 5; 6; 83; 54; 77; 51
49,62,0.11662,0.79032,73; 49; 26; 66; 72; 35; 62; 17; 7; 15
58,71,0.10118,0.8169,51; 58; 66; 14; 27; 55; 71; 62; 74; 38
14,58,0.12312,0.24138,61; 14; 54; 80; 32; 80; 58; 83; 56; 52
55,64,0.11118,0.85938,16; 55; 79; 84; 54; 7; 64; 37; 73; 20
21,72,0.10508,0.29167,14; 21; 85; 18; 23; 24; 72; 49; 28; 84
24,81,0.09402,0.2963,85; 24; 68; 53; 22; 29; 81; 27; 35; 54
60,75,0.08738,0.8,9; 60; 7; 85; 53; 50; 75; 61; 71; 43
19,63,0.11953,0.30159,19; 19; 57; 83; 21; 32; 63; 24; 72; 59
12,38,0.13758,0.31579,84; 12; 45; 6; 7; 69; 38; 27; 52; 67
22,68,0.10741,0.32353,84; 22; 49; 27; 12; 39; 68; 48; 47; 67
9,36,0.14344,0.25,84; 9; 59; 81; 42; 7; 36; 7; 39; 81
26,74,0.10434,0.35135,62; 26; 47; 69; 9; 22; 74; 62; 9; 11
30,53,0.12721,0.56604,67; 30; 23; 49; 23; 12; 53; 46; 28; 73
18,39,0.13897,0.46154,7; 18; 79; 15; 36; 6; 39; 35; 34; 65
8,23,0.13496,0.34783,80; 8; 64; 18; 36; 24; 23; 14; 66; 47
25,44,0.13628,0.56818,23; 25; 37; 66; 78; 27; 44; 15; 83; 25
67,78,0.08148,0.85897,23; 67; 28; 25; 27; 69; 78; 78; 5; 29
44,56,0.12591,0.78571,82; 44; 33; 17; 81; 45; 56; 52; 34; 39
58,73,0.09799,0.79452,18; 58; 70; 43; 26; 76; 73; 13; 68; 8
31,84,0.0868,0.36905,18; 31; 66; 31; 63; 48; 84; 60; 74; 70
20,25,0.12897,0.8,77; 20; 5; 56; 79; 81; 25; 28; 8; 29
67,84,0.07582,0.79762,6; 67; 13; 42; 38; 43; 84; 14; 83; 80
56,71,0.09648,0.78873,77; 56; 58; 7; 62; 14; 71; 33; 85; 52
60,70,0.09296,0.85714,42; 60; 19; 82; 48; 19; 70; 57; 48; 18
31,67,0.10189,0.46269,65; 31; 75; 30; 14; 19; 67; 64; 49; 17
34,69,0.11054,0.49275,13; 34; 60; 15; 85; 37; 69; 66; 46; 6
36,73,0.09711,0.49315,55; 36; 71; 71; 85; 70; 73; 13; 51; 15
26,53,0.12029,0.49057,65; 26; 39; 82; 41; 36; 53; 27; 38; 38
44,79,0.10045,0.55696,10; 44; 15; 31; 18; 44; 79; 19; 39; 66
69,82,0.08032,0.84146,72; 69; 61; 29; 17; 55; 82; 63; 83; 18
7,23,0.1288,0.30435,54; 7; 7; 59; 37; 75; 23; 78; 78; 60
42,51,0.12813,0.82353,21; 42; 18; 63; 11; 80; 51; 7; 27; 13
13,23,0.13172,0.56522,71; 13; 58; 37; 51; 52; 23; 22; 38; 49
15,61,0.12125,0.2459,24; 15; 67; 61; 41; 18; 61; 81; 61; 30
18,72,0.09892,0.25,20; 18; 13; 80; 25; 29; 72; 45; 8; 50
17,48,0.13449,0.35417,36; 17; 28; 83; 24; 19; 48; 67; 29; 70
38,82,0.09976,0.46341,63; 38; 60; 39; 51; 53; 82; 46; 34; 16
46,81,0.10024,0.5679,55; 46; 51; 73; 61; 25; 81; 62; 68; 57
30,85,0.08611,0.35294,80; 30; 85; 70; 49; 70; 85; 57; 45; 45
12,37,0.13882,0.32432,48; 12; 63; 37; 58; 48; 37; 38; 17; 65
56,65,0.09973,0.86154,38; 56; 31; 62; 59; 29; 65; 57; 62; 28
37,76,0.09856,0.48684,9; 37; 20; 76; 36; 45; 76; 38; 45; 30
62,76,0.08452,0.81579,36; 62; 60; 85; 32; 46; 76; 22; 34; 59
69,80,0.07808,0.8625,48; 69; 71; 29; 13; 7; 80; 41; 19; 67
6,19,0.10243,0.31579,8; 6; 48; 79; 55; 13; 19; 33; 11; 25
20,36,0.13517,0.55556,81; 20; 85; 23; 74; 32; 36; 45; 42; 20
7,21,0.11611,0.33333,82; 7; 20; 6; 64; 45; 21; 47; 40; 50
6,24,0.11181,0.25,59; 6; 72; 19; 54; 53; 24; 23; 58; 66
12,40,0.13775,0.3,29; 12; 5; 63; 52; 51; 40; 39; 25; 16
13,40,0.13303,0.325,25; 13; 54; 20; 27; 55; 40; 25; 51; 26
20,60,0.12207,0.33333,20; 20; 15; 47; 66; 15; 60; 12; 53; 69
16,35,0.13503,0.45714,60; 16; 80; 50; 62; 10; 35; 20; 28; 7
17,48,0.12849,0.35417,72; 17; 41; 15; 44; 6; 48; 18; 42; 22
53,65,0.11185,0.81538,66; 53; 31; 41; 12; 17; 65; 26; 47; 31
24,69,0.10412,0.34783,62; 24; 79; 79; 52; 73; 69; 56; 61; 38
22,28,0.13825,0.78571,81; 22; 10; 62; 81; 76; 28; 16; 62; 41
8,28,0.13602,0.28571,11; 8; 44; 12; 83; 16; 28; 12; 11; 82
23,62,0.11102,0.37097,5; 23; 61; 6; 59; 57; 62; 52; 79; 68
39,70,0.11326,0.55714,29; 39; 69; 37; 14; 64; 70; 25; 71; 28
12,26,0.13715,0.46154,50; 12; 51; 16; 39; 59; 26; 53; 52; 40
24,48,0.13017,0.5,34; 24; 31; 63; 63; 31; 48; 52; 50; 14
8,27,0.13382,0.2963,32; 8; 6; 54; 47; 73; 27; 71; 75; 16
38,78,0.10008,0.48718,10; 38; 61; 81; 10; 36; 78; 23; 30; 61
40,72,0.11108,0.55556,21; 40; 45; 51; 76; 76; 72; 84; 45; 46
52,62,0.11567,0.83871,6; 52; 59; 51; 73; 66; 62; 59; 35; 28
16,49,0.13228,0.32653,57; 16; 50; 82; 15; 41; 49; 29; 60; 55
24,83,0.09358,0.28916,13; 24; 50; 35; 63; 78; 83; 64; 42; 83
42,84,0.09806,0.5,34; 42; 34; 72; 45; 50; 84; 8; 6; 37
34,60,0.11228,0.56667,57; 34; 20; 49; 67; 76; 60; 52; 43; 34
19,24,0.12822,0.79167,47; 19; 46; 32; 39; 71; 24; 5; 47; 10
54,68,0.10497,0.79412,36; 54; 20; 19; 67; 9; 68; 8; 62; 52
17,70,0.11216,0.24286,25; 17; 21; 74; 81; 68; 70; 64; 16; 37
17,34,0.136,0.5,37; 17; 80; 78; 47; 33; 34; 45; 16; 63
22,78,0.10035,0.28205,78; 22; 60; 55; 29; 31; 78; 59; 71; 64
36,44,0.14034,0.81818,58; 36; 43; 63; 14; 46; 44; 29; 37; 74
52,65,0.11162,0.8,16; 52; 21; 27; 57; 35; 65; 82; 9; 37
10,41,0.13114,0.2439,54; 10; 59; 9; 64; 30; 41; 48; 28; 70
13,45,0.1372,0.28889,80; 13; 52; 43; 6; 76; 45; 71; 32; 57
46,80,0.09863,0.575,30; 46; 37; 13; 71; 38; 80; 63; 45; 15
36,78,0.10233,0.46154,44; 36; 56; 21; 78; 27; 78; 44; 23; 55
19,39,0.12838,0.48718,18; 19; 59; 84; 52; 56; 39; 67; 6; 62
18,39,0.14294,0.46154,58; 18; 23; 14; 59; 47; 39; 21; 77; 62
21,46,0.13904,0.45652,20; 21; 68; 10; 51; 75; 46; 29; 37; 20
12,49,0.14025,0.2449,83; 12; 48; 70; 21; 18; 49; 24; 84; 43
7,29,0.11874,0.24138,53; 7; 32; 52; 81; 70; 29; 32; 57; 31
21,75,0.10368,0.28,65; 21; 57; 68; 46; 31; 75; 33; 44; 77
28,75,0.10128,0.37333,24; 28; 68; 56; 31; 55; 75; 63; 47; 49
27,81,0.09789,0.33333,8; 27; 37; 17; 37; 13; 81; 5; 35; 5
31,68,0.11487,0.45588,64; 31; 25; 83; 21; 20; 68; 25; 70; 51
35,62,0.12213,0.56452,37; 35; 20; 16; 6; 84; 62; 30; 71; 18
23,83,0.09305,0.27711,84; 23; 75; 46; 65; 79; 83; 71; 33; 53
35,44,0.14141,0.79545,16; 35; 51; 64; 76; 77; 44; 62; 66; 15
26,78,0.097,0.33333,62; 26; 14; 15; 37; 44; 78; 70; 69; 31
28,75,0.10952,0.37333,62; 28; 59; 66; 23; 49; 75; 72; 42; 5
9,11,0.13997,0.81818,70; 9; 26; 74; 66; 72; 11; 43; 10; 13
30,35,0.13972,0.85714,37; 30; 39; 54; 26; 50; 35; 65; 5; 39
30,60,0.11909,0.5,42; 30; 62; 34; 74; 37; 60; 66; 21; 6
14,58,0.12345,0.24138,22; 14; 25; 17; 62; 18; 58; 5; 42; 61
18,56,0.12177,0.32143,41; 18; 60; 34; 85; 50; 56; 26; 32; 15
64,74,0.09056,0.86486,84; 64; 41; 27; 37; 10; 74; 60; 60; 41
12,15,0.13385,0.8,30; 12; 73; 28; 85; 84; 15; 24; 49; 40
18,36,0.1294,0.5,11; 18; 40; 69; 14; 60; 36; 80; 19; 48
40,72,0.10077,0.55556,50; 40; 15; 18; 66; 84; 72; 80; 34; 81
45,80,0.11151,0.5625,61; 45; 39; 38; 6; 52; 80; 65; 83; 38
13,44,0.1329,0.29545,40; 13; 73; 39; 19; 7; 44; 14; 29; 38
29,79,0.10735,0.36709,27; 29; 82; 76; 23; 67; 79; 62; 16; 74
18,75,0.09535,0.24,60; 18; 33; 24; 29; 23; 75; 17; 7; 46
38,68,0.10757,0.55882,58; 38; 79; 18; 24; 7; 68; 66; 63; 19
14,40,0.134,0.35,35; 14; 52; 10; 15; 72; 40; 40; 33; 72
42,85,0.09174,0.49412,70; 42; 65; 63; 20; 25; 85; 22; 22; 35
6,7,0.10761,0.85714,8; 6; 48; 31; 56; 10; 7; 43; 29; 80
31,84,0.09208,0.36905,71; 31; 78; 46; 68; 5; 84; 35; 69; 49
15,50,0.13327,0.3,37; 15; 9; 75; 37; 72; 50; 51; 71; 70
20,63,0.11526,0.31746,50; 20; 72; 48; 40; 41; 63; 66; 12; 66
7,20,0.13186,0.35,25; 7; 82; 10; 85; 78; 20; 15; 50; 83
19,75,0.09925,0.25333,61; 19; 39; 30; 25; 61; 75; 39; 71; 81
55,67,0.09562,0.8209,46; 55; 39; 59; 37; 46; 67; 7; 69; 14
28,79,0.09877,0.35443,59; 28; 8; 79; 43; 49; 79; 83; 40; 29
65,76,0.08462,0.85526,27; 65; 65; 45; 9; 66; 76; 21; 85; 81
6,7,0.11104,0.85714,51; 6; 55; 83; 69; 77; 7; 30; 64; 29
17,70,0.1092,0.24286,64; 17; 40; 10; 62; 53; 70; 34; 10; 15
33,41,0.13287,0.80488,8; 33; 59; 50; 73; 37; 41; 80; 58; 42
10,40,0.13491,0.25,14; 10; 19; 7; 16; 35; 40; 70; 7; 79
19,57,0.1152,0.33333,36; 19; 15; 52; 36; 52; 57; 30; 33; 67
53,66,0.1099,0.80303,47; 53; 58; 33; 9; 60; 66; 56; 27; 75
21,37,0.12366,0.56757,34; 21; 5; 52; 24; 64; 37; 39; 31; 53
22,69,0.10287,0.31884,69; 22; 73; 16; 32; 25; 69; 50; 54; 22
7,19,0.11757,0.36842,52; 7; 43; 22; 74; 71; 19; 75; 80; 11
22,63,0.1133,0.34921,7; 22; 66; 68; 78; 18; 63; 85; 31; 74
24,75,0.09897,0.32,10; 24; 79; 20; 29; 78; 75; 49; 39; 61
27,48,0.13817,0.5625,45; 27; 71; 68; 59; 72; 48; 7; 24; 19
22,79,0.09181,0.27848,78; 22; 20; 42; 80; 73; 79; 53; 51; 85
34,70,0.10686,0.48571,40; 34; 23; 39; 78; 73; 70; 83; 52; 53
64,80,0.08113,0.8,32; 64; 84; 41; 56; 37; 80; 24; 75; 6
24,83,0.09056,0.28916,18; 24; 84; 52; 31; 84; 83; 82; 83; 75
14,40,0.13409,0.35,84; 14; 67; 76; 29; 58; 40; 28; 51; 49
19,60,0.12072,0.31667,36; 19; 71; 41; 57; 85; 60; 77; 53; 12
66,82,0.07746,0.80488,26; 66; 65; 40; 71; 67; 82; 22; 82; 61
54,68,0.10163,0.79412,36; 54; 72; 34; 49; 81; 68; 40; 17; 69
65,82,0.08046,0.79268,68; 65; 63; 43; 41; 80; 82; 69; 9; 83
42,50,0.14096,0.84,76; 42; 35; 61; 42; 85; 50; 6; 75; 22
22,45,0.12224,0.48889,34; 22; 54; 24; 47; 73; 45; 47; 27; 55
28,35,0.13477,0.8,34; 28; 32; 8; 16; 84; 35; 67; 64; 30
54,66,0.11181,0.81818,37; 54; 47; 20; 52; 79; 66; 60; 59; 38
23,50,0.1278,0.46,13; 23; 75; 31; 16; 75; 50; 74; 9; 26
61,77,0.0827,0.79221,75; 61; 49; 76; 32; 82; 77; 67; 36; 34
20,80,0.09751,0.25,17; 20; 25; 67; 6; 35; 80; 45; 58; 18
24,79,0.09786,0.3038,42; 24; 22; 20; 56; 52; 79; 31; 79; 42
24,43,0.13495,0.55814,49; 24; 77; 79; 73; 42; 43; 46; 58; 74
28,81,0.10136,0.34568,81; 28; 78; 59; 38; 24; 81; 58; 67; 22
16,49,0.12856,0.32653,75; 16; 11; 5; 39; 66; 49; 70; 43; 12
28,35,0.14435,0.8,62; 28; 7; 65; 42; 79; 35; 63; 44; 65
57,72,0.09714,0.79167,82; 57; 63; 31; 66; 74; 72; 77; 45; 74
46,56,0.13233,0.82143,19; 46; 54; 42; 44; 33; 56; 73; 83; 74
67,78,0.07963,0.85897,21; 67; 78; 53; 44; 66; 78; 62; 6; 77
16,28,0.14191,0.57143,51; 16; 24; 22; 60; 48; 28; 65; 13; 53
62,76,0.09018,0.81579,34; 62; 67; 12; 12; 75; 76; 17; 67; 64
27,32,0.13449,0.84375,39; 27; 39; 54; 49; 81; 32; 6; 80; 43
6,18,0.11406,0.33333,25; 6; 6; 41; 59; 64; 18; 79; 57; 46
23,83,0.09839,0.27711,8; 23; 77; 37; 51; 54; 83; 68; 50; 13
20,72,0.10257,0.27778,60; 20; 60; 25; 80; 49; 72; 18; 44; 8
21,73,0.09115,0.28767,79; 21; 6; 18; 55; 11; 73; 23; 20; 69
38,67,0.11727,0.56716,75; 38; 26; 21; 35; 28; 67; 20; 27; 40
55,64,0.10993,0.85938,59; 55; 9; 73; 50; 75; 64; 40; 46; 71
18,37,0.1334,0.48649,55; 18; 48; 21; 58; 81; 37; 46; 9; 45
19,67,0.10877,0.28358,8; 19; 23; 42; 28; 46; 67; 34; 29; 44
6,7,0.10791,0.85714,66; 6; 44; 21; 28; 9; 7; 8; 25; 41
68,85,0.07546,0.8,7; 68; 31; 32; 15; 37; 85; 7; 50; 72
37,44,0.13989,0.84091,21; 37; 53; 22; 69; 25; 44; 41; 48; 77
40,72,0.10611,0.55556,46; 40; 11; 64; 71; 54; 72; 83; 24; 42
14,46,0.13811,0.30435,64; 14; 7; 42; 84; 64; 46; 75; 72; 49
13,43,0.14503,0.30233,58; 13; 32; 27; 19; 22; 43; 17; 67; 77
18,52,0.12921,0.34615,65; 18; 27; 74; 83; 25; 52; 13; 55; 51
26,81,0.10122,0.32099,50; 26; 10; 50; 49; 51; 81; 83; 47; 35
21,85,0.09067,0.24706,61; 21; 19; 46; 12; 51; 85; 11; 16; 31
42,51,0.1369,0.82353,60; 42; 71; 36; 56; 14; 51; 69; 44; 25
20,36,0.13533,0.55556,59; 20; 36; 67; 61; 8; 36; 46; 66; 12
12,26,0.13575,0.46154,15; 12; 57; 32; 22; 19; 26; 9; 23; 29
27,59,0.12155,0.45763,21; 27; 23; 46; 31; 48; 59; 8; 69; 81
29,83,0.10153,0.3494,71; 29; 81; 7; 84; 22; 83; 11; 42; 15
37,75,0.10017,0.49333,10; 37; 12; 41; 23; 12; 75; 85; 78; 21
39,79,0.10391,0.49367,48; 39; 27; 85; 80; 79; 79; 38; 30; 80
65,76,0.08371,0.85526,77; 65; 10; 34; 72; 15; 76; 66; 54; 53
28,85,0.09056,0.32941,84; 28; 84; 46; 76; 17; 85; 54; 63; 11
26,71,0.10676,0.3662,25; 26; 74; 40; 62; 77; 71; 12; 56; 47
18,72,0.10139,0.25,26; 18; 5; 85; 13; 63; 72; 55; 27; 66
32,69,0.11255,0.46377,67; 32; 17; 62; 57; 60; 69; 51; 29; 25
19,66,0.10551,0.28788,39; 19; 10; 81; 79; 6; 66; 64; 26; 45
25,72,0.10159,0.34722,83; 25; 38; 8; 6; 50; 72; 43; 71; 15
18,73,0.09845,0.24658,68; 18; 70; 39; 14; 28; 73; 8; 16; 71
57,66,0.10541,0.86364,30; 57; 69; 51; 84; 21; 66; 81; 52; 39
20,62,0.11729,0.32258,22; 20; 75; 26; 45; 7; 62; 17; 82; 6
21,73,0.10743,0.28767,43; 21; 48; 25; 77; 64; 73; 51; 75; 17
14,57,0.11517,0.24561,23; 14; 84; 76; 22; 13; 57; 81; 37; 10
17,37,0.13184,0.45946,40; 17; 49; 70; 14; 32; 37; 36; 48; 30
31,84,0.08653,0.36905,62; 31; 15; 11; 40; 74; 84; 18; 5; 9
37,46,0.14493,0.80435,15; 37; 84; 6; 21; 18; 46; 47; 30; 84
37,45,0.13418,0.82222,85; 37; 51; 39; 63; 70; 45; 48; 80; 83
12,14,0.13717,0.85714,63; 12; 38; 56; 40; 26; 14; 23; 31; 78
45,79,0.09676,0.56962,11; 45; 85; 21; 59; 35; 79; 52; 33; 27
31,54,0.12958,0.57407,59; 31; 62; 68; 40; 38; 54; 76; 83; 9
48,60,0.11512,0.8,49; 48; 49; 73; 36; 76; 60; 79; 49; 41
11,39,0.13646,0.28205,40; 11; 6; 8; 11; 64; 39; 39; 28; 29
70,85,0.07449,0.82353,29; 70; 84; 27; 52; 5; 85; 35; 22; 55
69,82,0.08097,0.84146,5; 69; 52; 56; 21; 22; 82; 6; 6; 81
19,80,0.10529,0.2375,48; 19; 53; 6; 84; 52; 80; 9; 82; 64
35,44,0.12773,0.79545,76; 35; 19; 40; 77; 41; 44; 58; 50; 24
31,36,0.1372,0.86111,74; 31; 49; 61; 17; 61; 36; 36; 19; 55
5,17,0.09848,0.29412,37; 5; 22; 53; 35; 62; 17; 78; 26; 41
47,83,0.09082,0.56627,68; 47; 65; 25; 9; 81; 83; 39; 33; 85
25,50,0.12616,0.5,31; 25; 30; 29; 29; 19; 50; 8; 48; 20
16,49,0.13032,0.32653,14; 16; 50; 40; 26; 54; 49; 44; 19; 5
61,73,0.092,0.83562,22; 61; 23; 68; 70; 82; 73; 75; 17; 33
34,43,0.13536,0.7907,10; 34; 38; 55; 14; 9; 43; 15; 8; 60
18,61,0.11368,0.29508,61; 18; 55; 79; 64; 8; 61; 40; 17; 21
18,36,0.1329,0.5,5; 18; 57; 36; 21; 29; 36; 28; 37; 60
7,20,0.12553,0.35,13; 7; 30; 48; 13; 15; 20; 13; 10; 6
14,40,0.13195,0.35,23; 14; 19; 46; 40; 5; 40; 81; 79; 67
24,76,0.10158,0.31579,41; 24; 9; 84; 46; 36; 76; 61; 77; 51
64,81,0.07871,0.79012,73; 64; 9; 49; 84; 41; 81; 81; 61; 40
27,73,0.10216,0.36986,30; 27; 50; 61; 43; 53; 73; 33; 7; 73
28,84,0.08972,0.33333,41; 28; 15; 31; 44; 24; 84; 22; 5; 72
11,40,0.13728,0.275,44; 11; 75; 19; 84; 58; 40; 77; 27; 63
58,71,0.09301,0.8169,14; 58; 24; 38; 64; 83; 71; 62; 12; 63
17,70,0.10962,0.24286,56; 17; 46; 36; 22; 71; 70; 48; 62; 68
23,50,0.12683,0.46,52; 23; 74; 27; 85; 24; 50; 63; 38; 17
66,82,0.08045,0.80488,24; 66; 67; 43; 7; 32; 82; 14; 12; 84
12,34,0.13177,0.35294,64; 12; 7; 24; 19; 55; 34; 41; 25; 46
56,67,0.10098,0.83582,20; 56; 75; 58; 46; 71; 67; 45; 37; 78
20,36,0.13275,0.55556,56; 20; 62; 71; 31; 24; 36; 80; 27; 41
25,77,0.10485,0.32468,37; 25; 52; 25; 30; 50; 77; 39; 29; 31
46,80,0.0996,0.575,26; 46; 38; 39; 57; 11; 80; 33; 35; 71
16,46,0.13293,0.34783,47; 16; 38; 51; 30; 24; 46; 67; 6; 42
8,16,0.13395,0.5,9; 8; 56; 21; 24; 45; 16; 70; 32; 27
18,21,0.13301,0.85714,43; 18; 34; 6; 64; 79; 21; 26; 30; 37
10,30,0.13846,0.33333,64; 10; 24; 61; 18; 66; 30; 41; 76; 20
65,79,0.08527,0.82278,24; 65; 53; 21; 14; 45; 79; 50; 40; 69
22,60,0.12015,0.36667,45; 22; 73; 31; 59; 60; 60; 82; 62; 5
41,52,0.13232,0.78846,31; 41; 20; 16; 15; 5; 52; 41; 76; 45
44,51,0.14068,0.86275,34; 44; 70; 12; 23; 6; 51; 36; 66; 58
45,56,0.12837,0.80357,64; 45; 47; 64; 14; 48; 56; 12; 81; 60
23,78,0.10633,0.29487,64; 23; 81; 44; 41; 30; 78; 71; 22; 6
14,55,0.12279,0.25455,78; 14; 48; 57; 63; 43; 55; 7; 84; 67
42,51,0.12964,0.82353,64; 42; 36; 50; 79; 18; 51; 79; 43; 52
28,57,0.12512,0.49123,65; 28; 55; 51; 85; 43; 57; 50; 61; 29
64,80,0.07929,0.8,7; 64; 25; 58; 58; 9; 80; 59; 12; 54
18,60,0.1184,0.3,37; 18; 56; 53; 50; 78; 60; 76; 80; 52
37,43,0.13437,0.86047,58; 37; 37; 43; 44; 9; 43; 61; 47; 25
16,20,0.13582,0.8,73; 16; 27; 10; 73; 27; 20; 16; 54; 42
21,73,0.10017,0.28767,53; 21; 31; 84; 54; 49; 73; 36; 52; 28
9,28,0.14357,0.32143,66; 9; 16; 22; 71; 34; 28; 80; 40; 57
34,70,0.11104,0.48571,20; 34; 77; 24; 60; 31; 70; 23; 24; 40
12,50,0.13503,0.24,36; 12; 46; 84; 27; 14; 50; 62; 82; 53
17,71,0.10898,0.23944,31; 17; 53; 9; 39; 42; 71; 31; 21; 78
20,80,0.09585,0.25,63; 20; 71; 40; 62; 37; 80; 80; 24; 67
33,58,0.12309,0.56897,31; 33; 7; 67; 59; 20; 58; 13; 81; 55
19,59,0.12251,0.32203,11; 19; 14; 83; 17; 39; 59; 17; 61; 68
19,65,0.11159,0.29231,44; 19; 36; 41; 45; 55; 65; 68; 42; 78
16,48,0.12811,0.33333,7; 16; 78; 70; 31; 20; 48; 31; 49; 48
8,29,0.14362,0.27586,37; 8; 57; 17; 38; 80; 29; 63; 29; 69
29,79,0.09761,0.36709,18; 29; 47; 43; 24; 7; 79; 84; 66; 45
70,85,0.07558,0.82353,9; 70; 25; 53; 53; 69; 85; 67; 80; 66
59,75,0.09022,0.78667,26; 59; 85; 34; 17; 34; 75; 50; 28; 71
13,41,0.13746,0.31707,34; 13; 66; 21; 28; 70; 41; 31; 67; 24
59,69,0.0976,0.85507,80; 59; 39; 68; 82; 24; 69; 8; 64; 85
9,38,0.13824,0.23684,54; 9; 85; 70; 55; 30; 38; 37; 53; 38
17,49,0.13688,0.34694,17; 17; 68; 22; 34; 25; 49; 50; 54; 29
22,68,0.11045,0.32353,83; 22; 71; 64; 23; 38; 68; 24; 40; 15
40,72,0.11102,0.55556,78; 40; 6; 5; 30; 65; 72; 20; 83; 52
71,85,0.07318,0.83529,41; 71; 22; 66; 44; 62; 85; 43; 28; 43
25,67,0.11518,0.37313,78; 25; 20; 79; 73; 30; 67; 63; 45; 17
35,76,0.10206,0.46053,14; 35; 23; 62; 85; 83; 76; 41; 77; 44
38,77,0.1048,0.49351,36; 38; 65; 83; 50; 65; 77; 52; 19; 64
16,48,0.12672,0.33333,14; 16; 43; 41; 69; 28; 48; 44; 27; 10
24,83,0.09891,0.28916,26; 24; 30; 28; 65; 50; 83; 23; 26; 82
17,69,0.1107,0.24638,84; 17; 8; 81; 43; 58; 69; 18; 67; 43
67,85,0.07446,0.78824,36; 67; 66; 17; 67; 60; 85; 44; 79; 73
12,15,0.13525,0.8,9; 12; 25; 8; 31; 84; 15; 61; 25; 68
38,45,0.14228,0.84444,13; 38; 19; 84; 22; 48; 45; 32; 56; 20
23,46,0.13097,0.5,66; 23; 55; 72; 65; 72; 46; 35; 79; 79
8,32,0.14062,0.25,9; 8; 18; 7; 62; 21; 32; 80; 36; 83
9,32,0.13585,0.28125,52; 9; 20; 59; 36; 85; 32; 30; 62; 46
14,38,0.13004,0.36842,60; 14; 22; 62; 58; 36; 38; 27; 24; 52
37,46,0.13236,0.80435,76; 37; 23; 37; 31; 83; 46; 69; 33; 63
53,63,0.11282,0.84127,82; 53; 17; 44; 59; 9; 63; 84; 67; 33
6,18,0.11259,0.33333,32; 6; 58; 43; 70; 62; 18; 30; 69; 13
20,40,0.13512,0.5,51; 20; 6; 25; 63; 20; 40; 25; 26; 10
40,49,0.13747,0.81633,65; 40; 59; 38; 12; 26; 49; 22; 31; 65
14,38,0.13918,0.36842,55; 14; 10; 17; 32; 48; 38; 29; 28; 9
13,51,0.13023,0.2549,36; 13; 65; 57; 79; 49; 51; 81; 41; 45
13,44,0.13203,0.29545,55; 13; 64; 80; 17; 20; 44; 26; 12; 38
25,51,0.1227,0.4902,17; 25; 30; 85; 65; 31; 51; 67; 60; 59
27,34,0.13143,0.79412,39; 27; 35; 71; 54; 6; 34; 65; 24; 66
18,37,0.13617,0.48649,51; 18; 47; 70; 41; 30; 37; 26; 39; 42
28,50,0.13929,0.56,6; 28; 55; 71; 51; 61; 50; 10; 75; 7
50,61,0.11631,0.81967,84; 50; 21; 74; 66; 66; 61; 19; 28; 68
31,54,0.12421,0.57407,58; 31; 16; 23; 82; 43; 54; 46; 63; 74
49,62,0.11307,0.79032,60; 49; 9; 83; 39; 12; 62; 63; 45; 53
56,70,0.09668,0.8,77; 56; 19; 30; 27; 39; 70; 45; 81; 25
55,70,0.10103,0.78571,22; 55; 62; 57; 8; 35; 70; 41; 79; 38
27,81,0.09628,0.33333,11; 27; 14; 33; 43; 22; 81; 40; 5; 85
20,68,0.10728,0.29412,30; 20; 21; 38; 36; 67; 68; 10; 71; 14
54,68,0.10988,0.79412,19; 54; 15; 15; 19; 68; 68; 70; 60; 25
37,65,0.11849,0.56923,27; 37; 81; 83; 19; 10; 65; 20; 49; 41
40,71,0.10368,0.56338,26; 40; 57; 11; 17; 20; 71; 25; 35; 40
36,72,0.10738,0.5,46; 36; 40; 12; 70; 41; 72; 63; 44; 45
49,61,0.12451,0.80328,45; 49; 12; 70; 68; 46; 61; 30; 21; 12
18,62,0.11668,0.29032,64; 18; 23; 80; 79; 16; 62; 58; 29; 14
61,77,0.09002,0.79221,13; 61; 53; 84; 16; 31; 77; 28; 13; 24
11,31,0.1441,0.35484,67; 11; 22; 41; 20; 79; 31; 73; 80; 76
29,58,0.12025,0.5,73; 29; 75; 45; 34; 13; 58; 73; 58; 40
16,32,0.13706,0.5,39; 16; 49; 37; 35; 63; 32; 72; 72; 65
21,57,0.11549,0.36842,6; 21; 29; 66; 79; 17; 57; 68; 30; 81
21,69,0.11337,0.30435,57; 21; 9; 80; 30; 26; 69; 55; 81; 33
8,24,0.1399,0.33333,45; 8; 79; 51; 80; 35; 24; 79; 18; 58
15,53,0.12943,0.28302,70; 15; 52; 80; 27; 23; 53; 9; 20; 76
29,59,0.12512,0.49153,29; 29; 13; 49; 82; 39; 59; 72; 49; 70
16,35,0.13582,0.45714,47; 16; 70; 54; 67; 82; 35; 56; 34; 52
41,72,0.10603,0.56944,75; 41; 78; 8; 11; 82; 72; 34; 57; 75
18,32,0.13194,0.5625,20; 18; 56; 74; 71; 76; 32; 23; 68; 22
11,14,0.14129,0.78571,37; 11; 72; 28; 6; 70; 14; 5; 44; 5
43,54,0.13229,0.7963,76; 43; 53; 46; 69; 5; 54; 35; 76; 20
39,68,0.10879,0.57353,6; 39; 23; 44; 11; 28; 68; 16; 59; 13
38,78,0.09963,0.48718,52; 38; 23; 64; 51; 20; 78; 32; 85; 52
33,59,0.12249,0.55932,28; 33; 38; 50; 80; 11; 59; 77; 73; 53
24,72,0.10774,0.33333,22; 24; 27; 35; 39; 65; 72; 14; 59; 73
54,63,0.11218,0.85714,29; 54; 36; 64; 67; 53; 63; 11; 35; 28
17,49,0.1295,0.34694,83; 17; 48; 63; 25; 11; 49; 62; 62; 25
12,42,0.13531,0.28571,31; 12; 19; 26; 82; 62; 42; 47; 5; 71
19,39,0.13679,0.48718,16; 19; 55; 73; 80; 61; 39; 53; 23; 76
37,46,0.14544,0.80435,14; 37; 19; 57; 25; 46; 46; 74; 65; 69
60,73,0.09592,0.82192,40; 60; 21; 30; 69; 42; 73; 35; 75; 61
35,44,0.1403,0.79545,65; 35; 53; 10; 9; 27; 44; 76; 30; 5
13,43,0.14273,0.30233,44; 13; 31; 79; 58; 17; 43; 62; 36; 39
37,66,0.11299,0.56061,50; 37; 77; 38; 75; 21; 66; 80; 48; 85
20,25,0.13475,0.8,27; 20; 60; 38; 62; 85; 25; 62; 33; 81
21,25,0.13453,0.84,26; 21; 66; 12; 37; 78; 25; 13; 27; 40
21,71,0.10189,0.29577,20; 21; 59; 31; 19; 55; 71; 29; 52; 85
24,80,0.10041,0.3,5; 24; 30; 44; 68; 21; 80; 17; 81; 12
36,74,0.10569,0.48649,27; 36; 56; 76; 62; 45; 74; 5; 47; 51
9,26,0.13747,0.34615,16; 9; 26; 50; 34; 17; 26; 47; 11; 70
23,63,0.11034,0.36508,11; 23; 75; 42; 16; 16; 63; 62; 84; 16
70,83,0.07622,0.84337,28; 70; 12; 27; 47; 68; 83; 71; 84; 39
20,84,0.08954,0.2381,71; 20; 60; 68; 63; 65; 84; 28; 46; 77
20,70,0.10623,0.28571,62; 20; 72; 26; 14; 83; 70; 21; 55; 70
28,50,0.1305,0.56,44; 28; 26; 27; 69; 81; 50; 58; 43; 84
16,58,0.11892,0.27586,28; 16; 18; 74; 7; 26; 58; 32; 85; 28
12,49,0.13072,0.2449,70; 12; 24; 59; 36; 68; 49; 53; 73; 15
26,52,0.12874,0.5,43; 26; 22; 67; 62; 17; 52; 50; 8; 24
46,56,0.13073,0.82143,32; 46; 36; 10; 25; 13; 56; 73; 84; 12
26,31,0.13026,0.83871,34; 26; 74; 42; 32; 40; 31; 22; 67; 68
36,79,0.10345,0.4557,37; 36; 8; 50; 60; 23; 79; 69; 17; 8
6,13,0.11617,0.46154,16; 6; 76; 43; 36; 10; 13; 74; 57; 11
57,66,0.10177,0.86364,54; 57; 24; 71; 60; 37; 66; 56; 36; 28
32,64,0.11089,0.5,59; 32; 34; 35; 18; 83; 64; 76; 56; 31
21,70,0.10608,0.3,74; 21; 75; 49; 53; 82; 70; 39; 76; 46
27,83,0.10044,0.3253,44; 27; 19; 54; 80; 65; 83; 11; 35; 33
7,22,0.12065,0.31818,50; 7; 33; 57; 21; 79; 22; 6; 40; 64
50,61,0.11267,0.81967,61; 50; 75; 60; 59; 46; 61; 37; 42; 80
20,72,0.10602,0.27778,7; 20; 41; 83; 28; 23; 72; 53; 7; 18
50,61,0.11709,0.81967,82; 50; 13; 50; 12; 42; 61; 33; 21; 70
36,79,0.10618,0.4557,77; 36; 8; 39; 82; 83; 79; 20; 65; 43
53,67,0.10784,0.79104,28; 53; 70; 48; 83; 48; 67; 68; 22; 23
6,17,0.11367,0.35294,7; 6; 74; 54; 25; 49; 17; 17; 45; 55
29,84,0.08832,0.34524,42; 29; 24; 78; 30; 62; 84; 78; 32; 62
71,83,0.07616,0.85542,27; 71; 20; 34; 33; 30; 83; 27; 49; 27
31,36,0.13063,0.86111,17; 31; 5; 71; 68; 73; 36; 70; 68; 66
44,56,0.12839,0.78571,17; 44; 30; 55; 50; 64; 56; 53; 52; 57
29,63,0.11486,0.46032,15; 29; 57; 31; 13; 80; 63; 57; 30; 17
5,21,0.10131,0.2381,60; 5; 12; 58; 51; 20; 21; 64; 25; 65
37,65,0.1194,0.56923,40; 37; 29; 61; 17; 44; 65; 82; 76; 80
12,40,0.13771,0.3,34; 12; 7; 50; 52; 13; 40; 49; 68; 47
70,85,0.07436,0.82353,15; 70; 16; 74; 63; 57; 85; 44; 6; 34
7,22,0.12819,0.31818,18; 7; 77; 40; 22; 56; 22; 21; 39; 40
5,21,0.09673,0.2381,19; 5; 30; 63; 22; 8; 21; 76; 85; 48
64,76,0.08547,0.84211,16; 64; 22; 11; 71; 9; 76; 5; 63; 26
27,54,0.12699,0.5,84; 27; 41; 24; 51; 73; 54; 76; 59; 57
6,13,0.11623,0.46154,71; 6; 5; 50; 65; 37; 13; 76; 41; 65
13,37,0.13305,0.35135,32; 13; 47; 24; 75; 58; 37; 40; 21; 46
56,65,0.09996,0.86154,16; 56; 85; 64; 81; 75; 65; 54; 72; 80
41,51,0.1311,0.80392,57; 41; 11; 43; 50; 15; 51; 68; 37; 64
25,51,0.13499,0.4902,49; 25; 58; 32; 55; 10; 51; 39; 84; 55
59,69,0.0976,0.85507,75; 59; 17; 39; 10; 42; 69; 16; 55; 42
6,17,0.1034,0.35294,20; 6; 76; 12; 56; 10; 17; 6; 67; 47
40,81,0.09915,0.49383,50; 40; 5; 28; 51; 39; 81; 33; 9; 18
22,48,0.13345,0.45833,82; 22; 26; 34; 75; 43; 48; 33; 13; 33
15,62,0.11582,0.24194,71; 15; 7; 22; 55; 12; 62; 34; 62; 43
6,25,0.12301,0.24,5; 6; 83; 56; 20; 70; 25; 75; 70; 43
23,66,0.11204,0.34848,81; 23; 68; 46; 19; 38; 66; 21; 64; 15
25,77,0.10294,0.32468,52; 25; 18; 66; 68; 37; 77; 43; 19; 15
9,37,0.14281,0.24324,29; 9; 47; 15; 29; 73; 37; 62; 30; 45
41,49,0.13749,0.83673,58; 41; 36; 32; 10; 70; 49; 10; 15; 24
5,21,0.10403,0.2381,10; 5; 78; 85; 26; 46; 21; 53; 81; 57
16,19,0.13817,0.84211,77; 16; 64; 53; 83; 54; 19; 74; 72; 14
68,83,0.07672,0.81928,45; 68; 13; 17; 60; 13; 83; 38; 32; 83
24,85,0.08728,0.28235,63; 24; 17; 46; 76; 65; 85; 57; 27; 36
23,78,0.10418,0.29487,61; 23; 13; 27; 8; 25; 78; 38; 32; 41
18,37,0.13793,0.48649,31; 18; 60; 59; 30; 60; 37; 33; 28; 71
31,84,0.08937,0.36905,10; 31; 21; 48; 35; 40; 84; 10; 66; 66
27,77,0.10201,0.35065,71; 27; 48; 36; 55; 20; 77; 82; 9; 83
48,85,0.08832,0.56471,56; 48; 54; 18; 78; 57; 85; 57; 63; 68
9,26,0.14547,0.34615,11; 9; 66; 47; 79; 35; 26; 27; 59; 15
32,40,0.13196,0.8,19; 32; 77; 39; 42; 23; 40; 46; 58; 47
13,52,0.12964,0.25,11; 13; 36; 45; 72; 18; 52; 17; 19; 61
23,28,0.13727,0.82143,55; 23; 83; 9; 64; 18; 28; 58; 77; 67
36,74,0.11335,0.48649,44; 36; 51; 31; 47; 28; 74; 12; 49; 22
43,76,0.10631,0.56579,47; 43; 64; 77; 21; 9; 76; 25; 37; 59
41,83,0.09037,0.49398,81; 41; 15; 52; 41; 25; 83; 19; 6; 79
35,63,0.12442,0.55556,52; 35; 52; 13; 42; 52; 63; 31; 55; 23
36,44,0.1379,0.81818,52; 36; 22; 22; 58; 69; 44; 82; 74; 58
41,84,0.0907,0.4881,16; 41; 40; 27; 80; 71; 84; 47; 58; 39
29,52,0.13264,0.55769,84; 29; 12; 23; 50; 8; 52; 31; 66; 73
35,76,0.09882,0.46053,26; 35; 11; 27; 74; 75; 76; 45; 48; 60
30,81,0.09691,0.37037,38; 30; 19; 13; 49; 58; 81; 33; 5; 14
20,84,0.08873,0.2381,34; 20; 13; 52; 29; 25; 84; 37; 47; 33
11,39,0.13576,0.28205,26; 11; 84; 15; 57; 72; 39; 65; 8; 85
41,73,0.10792,0.56164,48; 41; 17; 38; 56; 65; 73; 58; 21; 39
21,46,0.12979,0.45652,74; 21; 56; 43; 68; 54; 46; 30; 49; 53
35,70,0.10166,0.5,25; 35; 11; 53; 11; 40; 70; 35; 76; 54
29,59,0.11443,0.49153,68; 29; 51; 28; 31; 23; 59; 16; 71; 7
16,65,0.11146,0.24615,19; 16; 33; 39; 49; 59; 65; 74; 49; 24
13,46,0.13188,0.28261,38; 13; 12; 42; 68; 42; 46; 39; 16; 38
65,76,0.08845,0.85526,71; 65; 57; 56; 31; 61; 76; 14; 31; 36
42,74,0.10683,0.56757,21; 42; 28; 60; 15; 34; 74; 48; 79; 40
57,72,0.09637,0.79167,70; 57; 20; 29; 52; 7; 72; 40; 34; 69
13,43,0.14038,0.30233,35; 13; 51; 34; 34; 22; 43; 20; 67; 7
12,14,0.12972,0.85714,66; 12; 19; 70; 23; 76; 14; 19; 49; 13
25,50,0.12234,0.5,46; 25; 35; 46; 8; 7; 50; 72; 38; 85
21,57,0.12651,0.36842,32; 21; 44; 11; 35; 80; 57; 74; 21; 48
37,74,0.10232,0.5,77; 37; 81; 65; 77; 15; 74; 34; 77; 40
16,32,0.13216,0.5,78; 16; 31; 16; 29; 44; 32; 40; 11; 40
18,37,0.1355,0.48649,30; 18; 18; 18; 43; 80; 37; 52; 56; 80
40,81,0.09912,0.49383,56; 40; 17; 84; 45; 75; 81; 16; 28; 11
13,54,0.1316,0.24074,24; 13; 43; 51; 71; 51; 54; 39; 38; 10
20,66,0.11102,0.30303,39; 20; 53; 5; 28; 6; 66; 7; 51; 75
35,71,0.10165,0.49296,37; 35; 85; 65; 43; 77; 71; 8; 30; 64
39,68,0.11587,0.57353,84; 39; 79; 69; 41; 6; 68; 48; 25; 68
10,31,0.13794,0.32258,69; 10; 52; 55; 67; 51; 31; 72; 82; 26
28,80,0.09589,0.35,36; 28; 24; 39; 85; 78; 80; 21; 80; 68
21,63,0.12077,0.33333,71; 21; 6; 50; 53; 63; 63; 9; 18; 28
45,55,0.12876,0.81818,7; 45; 80; 16; 39; 62; 55; 10; 56; 38
60,70,0.09911,0.85714,31; 60; 41; 20; 70; 24; 70; 49; 55; 50
18,61,0.11564,0.29508,64; 18; 20; 25; 32; 14; 61; 69; 21; 31
36,45,0.13765,0.8,13; 36; 68; 10; 50; 82; 45; 15; 59; 24
12,42,0.13645,0.28571,25; 12; 23; 40; 76; 30; 42; 46; 72; 53
32,39,0.13817,0.82051,29; 32; 21; 53; 59; 21; 39; 38; 44; 63
45,80,0.10655,0.5625,60; 45; 60; 47; 26; 15; 80; 67; 9; 25
32,38,0.13383,0.84211,63; 32; 41; 51; 49; 74; 38; 79; 71; 78
42,74,0.1128,0.56757,20; 42; 36; 11; 44; 70; 74; 6; 57; 59
22,73,0.10262,0.30137,20; 22; 9; 6; 6; 66; 73; 37; 61; 59
64,76,0.08748,0.84211,63; 64; 61; 42; 52; 40; 76; 65; 57; 71
33,71,0.10714,0.46479,8; 33; 76; 53; 20; 46; 71; 73; 12; 34
38,78,0.09864,0.48718,14; 38; 69; 8; 41; 50; 78; 21; 58; 51
7,23,0.12359,0.30435,17; 7; 9; 34; 30; 24; 23; 61; 25; 5
18,71,0.1003,0.25352,36; 18; 9; 41; 12; 25; 71; 62; 44; 77
43,75,0.10502,0.57333,40; 43; 63; 15; 5; 33; 75; 76; 82; 26
20,85,0.09173,0.23529,76; 20; 46; 15; 14; 51; 85; 35; 78; 10
15,61,0.11958,0.2459,26; 15; 17; 76; 16; 18; 61; 48; 37; 83
25,85,0.0948,0.29412,8; 25; 38; 74; 56; 11; 85; 83; 61; 21
46,81,0.0981,0.5679,19; 46; 52; 81; 45; 11; 81; 31; 75; 41
8,28,0.1345,0.28571,28; 8; 75; 52; 31; 9; 28; 33; 52; 38
47,56,0.11991,0.83929,54; 47; 66; 16; 45; 29; 56; 70; 67; 41
25,67,0.10759,0.37313,20; 25; 22; 11; 81; 66; 67; 19; 5; 75
17,69,0.11252,0.24638,22; 17; 48; 29; 25; 60; 69; 10; 26; 37
17,46,0.13195,0.36957,32; 17; 66; 25; 54; 16; 46; 16; 57; 24
13,43,0.1377,0.30233,33; 13; 19; 27; 73; 6; 43; 28; 39; 37
25,72,0.10128,0.34722,8; 25; 29; 85; 10; 47; 72; 41; 14; 27
34,61,0.11716,0.55738,43; 34; 16; 11; 60; 36; 61; 66; 22; 12
41,49,0.12561,0.83673,76; 41; 22; 85; 71; 10; 49; 27; 57; 10
23,77,0.10885,0.2987,26; 23; 81; 60; 19; 8; 77; 23; 46; 47
12,37,0.1447,0.32432,48; 12; 24; 31; 66; 51; 37; 45; 58; 53
70,85,0.07696,0.82353,84; 70; 61; 14; 46; 11; 85; 85; 12; 80
28,85,0.08912,0.32941,46; 28; 68; 47; 43; 36; 85; 70; 41; 70
47,57,0.12183,0.82456,71; 47; 73; 24; 23; 6; 57; 24; 55; 43
55,64,0.1089,0.85938,25; 55; 29; 42; 48; 81; 64; 58; 41; 71
19,52,0.12742,0.36538,13; 19; 8; 49; 54; 40; 52; 17; 67; 47
69,82,0.07912,0.84146,55; 69; 10; 34; 79; 12; 82; 44; 32; 18
15,52,0.1294,0.28846,62; 15; 51; 6; 60; 64; 52; 73; 78; 33
25,45,0.14156,0.55556,33; 25; 60; 6; 77; 5; 45; 51; 25; 40
11,40,0.14324,0.275,51; 11; 7; 39; 69; 24; 40; 21; 53; 6
42,85,0.09522,0.49412,79; 42; 34; 60; 39; 34; 85; 52; 52; 30
29,79,0.10183,0.36709,5; 29; 35; 78; 37; 55; 79; 9; 7; 13
65,81,0.07817,0.80247,17; 65; 26; 28; 10; 65; 81; 57; 77; 40
14,42,0.14128,0.33333,18; 14; 39; 19; 16; 81; 42; 34; 75; 24
37,44,0.1341,0.84091,49; 37; 34; 12; 67; 70; 44; 67; 50; 70
15,50,0.12713,0.3,62; 15; 9; 23; 5; 19; 50; 70; 71; 7
11,34,0.13354,0.32353,62; 11; 62; 7; 58; 75; 34; 22; 49; 21
47,82,0.09842,0.57317,32; 47; 57; 7; 46; 67; 82; 8; 84; 39
9,18,0.14111,0.5,36; 9; 34; 24; 39; 65; 18; 83; 67; 63
59,70,0.09755,0.84286,14; 59; 57; 22; 71; 54; 70; 16; 6; 54
40,81,0.09882,0.49383,76; 40; 54; 41; 68; 80; 81; 80; 84; 55
65,77,0.08322,0.84416,36; 65; 35; 34; 9; 64; 77; 68; 82; 53
18,75,0.10209,0.24,79; 18; 28; 27; 67; 70; 75; 81; 11; 17
32,37,0.13751,0.86486,62; 32; 55; 8; 66; 23; 37; 49; 31; 47
27,32,0.12997,0.84375,35; 27; 47; 19; 19; 43; 32; 17; 51; 55
63,79,0.08739,0.79747,30; 63; 33; 84; 55; 24; 79; 6; 63; 41
32,38,0.13756,0.84211,68; 32; 20; 15; 15; 8; 38; 32; 64; 41
24,81,0.09666,0.2963,74; 24; 45; 83; 56; 6; 81; 84; 41; 41
23,29,0.13618,0.7931,17; 23; 33; 37; 22; 42; 29; 22; 49; 70
21,43,0.12892,0.48837,83; 21; 17; 70; 11; 57; 43; 57; 53; 69
38,67,0.10822,0.56716,24; 38; 52; 20; 33; 54; 67; 25; 71; 20
42,53,0.13345,0.79245,32; 42; 50; 40; 72; 44; 53; 52; 30; 11
20,63,0.11698,0.31746,84; 20; 25; 77; 68; 43; 63; 39; 29; 65
25,51,0.1302,0.4902,69; 25; 81; 77; 70; 17; 51; 15; 41; 53
20,83,0.08692,0.24096,40; 20; 76; 53; 76; 79; 83; 70; 71; 27
24,84,0.0895,0.28571,40; 24; 75; 55; 46; 71; 84; 5; 35; 6
20,63,0.11413,0.31746,28; 20; 82; 71; 56; 38; 63; 30; 46; 61
63,75,0.08977,0.84,45; 63; 46; 61; 73; 21; 75; 11; 5; 28
16,28,0.13895,0.57143,44; 16; 34; 25; 52; 82; 28; 23; 65; 67
69,82,0.08109,0.84146,45; 69; 35; 10; 38; 68; 82; 17; 62; 57
15,51,0.13184,0.29412,65; 15; 49; 52; 19; 18; 51; 8; 19; 8
47,83,0.09881,0.56627,70; 47; 18; 64; 32; 41; 83; 83; 57; 24
38,83,0.09919,0.45783,70; 38; 76; 6; 23; 24; 83; 50; 36; 51
28,61,0.12333,0.45902,53; 28; 75; 11; 32; 23; 61; 57; 23; 44
17,46,0.1315,0.36957,53; 17; 39; 85; 82; 6; 46; 74; 21; 16
40,81,0.09979,0.49383,18; 40; 47; 36; 48; 79; 81; 31; 7; 41
23,82,0.09387,0.28049,71; 23; 5; 25; 82; 63; 82; 15; 50; 28
21,46,0.12917,0.45652,14; 21; 8; 5; 14; 58; 46; 40; 27; 77
23,50,0.12571,0.46,71; 23; 43; 19; 30; 30; 50; 30; 81; 74
13,53,0.12761,0.24528,21; 13; 74; 52; 15; 24; 53; 38; 55; 76
25,67,0.10667,0.37313,55; 25; 8; 16; 7; 61; 67; 82; 59; 73
25,76,0.0986,0.32895,81; 25; 23; 22; 75; 14; 76; 22; 32; 67
12,50,0.14024,0.24,23; 12; 44; 20; 67; 15; 50; 41; 51; 47
28,35,0.14115,0.8,69; 28; 70; 59; 12; 26; 35; 33; 13; 79
19,68,0.10513,0.27941,14; 19; 5; 45; 12; 45; 68; 67; 73; 23
11,22,0.12895,0.5,40; 11; 15; 51; 72; 12; 22; 40; 61; 36
29,79,0.10103,0.36709,30; 29; 51; 19; 35; 52; 79; 28; 61; 73
14,28,0.13371,0.5,65; 14; 40; 29; 31; 81; 28; 44; 67; 54
8,32,0.14151,0.25,49; 8; 35; 31; 33; 70; 32; 85; 50; 43
15,47,0.13962,0.31915,66; 15; 44; 69; 69; 6; 47; 26; 6; 60
60,76,0.09308,0.78947,67; 60; 31; 30; 37; 41; 76; 29; 35; 33
20,82,0.09431,0.2439,25; 20; 51; 54; 68; 54; 82; 34; 53; 30
68,81,0.07755,0.83951,83; 68; 49; 60; 82; 8; 81; 57; 33; 45
31,36,0.13296,0.86111,48; 31; 5; 29; 71; 62; 36; 51; 53; 17
14,47,0.13619,0.29787,39; 14; 28; 14; 33; 54; 47; 75; 43; 10
37,44,0.13655,0.84091,38; 37; 12; 51; 65; 64; 44; 56; 32; 65
20,79,0.09834,0.25316,69; 20; 57; 70; 78; 62; 79; 33; 63; 28
19,66,0.11567,0.28788,64; 19; 79; 30; 11; 65; 66; 12; 7; 68
28,49,0.13116,0.57143,41; 28; 66; 29; 23; 35; 49; 17; 62; 79
28,76,0.10793,0.36842,43; 28; 73; 37; 33; 59; 76; 65; 48; 78
53,66,0.10976,0.80303,24; 53; 75; 84; 9; 50; 66; 8; 69; 78
48,57,0.12281,0.84211,37; 48; 65; 51; 10; 85; 57; 10; 8; 69
39,49,0.13595,0.79592,17; 39; 83; 36; 32; 30; 49; 20; 48; 74
16,20,0.12961,0.8,44; 16; 11; 46; 39; 82; 20; 59; 15; 64
5,21,0.10377,0.2381,34; 5; 68; 30; 80; 83; 21; 84; 80; 53
30,38,0.14215,0.78947,9; 30; 75; 48; 21; 12; 38; 72; 25; 9
21,63,0.12367,0.33333,81; 21; 49; 34; 82; 40; 63; 28; 44; 66
19,22,0.12925,0.86364,36; 19; 77; 41; 34; 12; 22; 50; 64; 72
35,70,0.10806,0.5,56; 35; 56; 84; 6; 28; 70; 45; 83; 47
28,34,0.1349,0.82353,37; 28; 23; 32; 21; 45; 34; 48; 65; 75
19,77,0.1072,0.24675,8; 19; 15; 83; 30; 20; 77; 80; 64; 10
15,54,0.12499,0.27778,71; 15; 51; 28; 58; 66; 54; 59; 74; 73
48,57,0.12563,0.84211,67; 48; 44; 68; 48; 47; 57; 28; 48; 6
7,22,0.12915,0.31818,73; 7; 28; 33; 40; 77; 22; 38; 60; 47
39,78,0.10421,0.5,45; 39; 20; 44; 84; 26; 78; 26; 46; 23
6,18,0.11277,0.33333,23; 6; 85; 8; 30; 5; 18; 12; 19; 29
28,80,0.10169,0.35,27; 28; 29; 50; 43; 62; 80; 59; 20; 18
65,82,0.07894,0.79268,61; 65; 40; 74; 51; 44; 82; 41; 49; 82
38,77,0.10304,0.49351,70; 38; 12; 41; 64; 61; 77; 46; 81; 44
5,17,0.10349,0.29412,70; 5; 64; 48; 26; 46; 17; 32; 54; 77
54,66,0.10792,0.81818,38; 54; 10; 58; 15; 23; 66; 50; 22; 44
55,70,0.09839,0.78571,13; 55; 57; 38; 76; 12; 70; 14; 44; 55
21,85,0.08624,0.24706,51; 21; 62; 57; 29; 78; 85; 11; 33; 39
9,32,0.13894,0.28125,13; 9; 14; 44; 61; 55; 32; 62; 49; 75
14,58,0.12245,0.24138,42; 14; 85; 33; 7; 73; 58; 36; 79; 76
37,43,0.13603,0.86047,85; 37; 80; 85; 46; 77; 43; 30; 43; 33
50,63,0.1179,0.79365,12; 50; 79; 72; 41; 83; 63; 35; 51; 53
35,62,0.11723,0.56452,11; 35; 7; 51; 19; 56; 62; 68; 65; 85
23,81,0.08801,0.28395,67; 23; 63; 77; 34; 72; 81; 65; 68; 12
46,80,0.09716,0.575,50; 46; 47; 25; 51; 61; 80; 23; 29; 73
15,43,0.13521,0.34884,61; 15; 36; 13; 75; 85; 43; 11; 53; 20
9,27,0.14409,0.33333,82; 9; 18; 48; 74; 37; 27; 14; 61; 37
53,66,0.09815,0.80303,71; 53; 69; 71; 58; 59; 66; 50; 13; 31
20,85,0.09077,0.23529,11; 20; 8; 29; 74; 72; 85; 7; 73; 69
25,51,0.13342,0.4902,62; 25; 30; 32; 74; 42; 51; 57; 73; 43
18,60,0.12058,0.3,43; 18; 67; 83; 44; 45; 60; 27; 35; 80
5,9,0.11257,0.55556,69; 5; 12; 29; 21; 16; 9; 17; 48; 18
22,75,0.10148,0.29333,5; 22; 52; 82; 46; 46; 75; 49; 67; 31
21,69,0.10337,0.30435,62; 21; 8; 43; 34; 53; 69; 20; 35; 30
26,31,0.13564,0.83871,41; 26; 49; 59; 20; 77; 31; 15; 48; 66
48,60,0.1253,0.8,83; 48; 52; 56; 45; 23; 60; 46; 38; 70
38,44,0.1408,0.86364,18; 38; 38; 56; 15; 56; 44; 31; 33; 36
28,57,0.1291,0.49123,76; 28; 38; 43; 6; 43; 57; 79; 47; 41
12,43,0.1411,0.27907,42; 12; 39; 50; 23; 67; 43; 36; 24; 25
24,76,0.10161,0.31579,59; 24; 51; 85; 28; 78; 76; 79; 15; 45
23,72,0.10444,0.31944,84; 23; 55; 16; 51; 70; 72; 81; 18; 80
48,85,0.09423,0.56471,19; 48; 64; 13; 25; 61; 85; 21; 24; 40
36,42,0.13684,0.85714,17; 36; 15; 64; 58; 51; 42; 83; 7; 46
31,55,0.11995,0.56364,54; 31; 46; 13; 83; 19; 55; 43; 64; 18
41,83,0.09256,0.49398,42; 41; 36; 44; 34; 77; 83; 76; 54; 58
29,82,0.09579,0.35366,56; 29; 69; 81; 47; 23; 82; 39; 36; 79
50,58,0.11908,0.86207,15; 50; 80; 64; 65; 53; 58; 35; 65; 51
64,78,0.08926,0.82051,76; 64; 84; 20; 40; 57; 78; 7; 18; 75
22,68,0.10808,0.32353,35; 22; 42; 37; 57; 38; 68; 7; 64; 55
65,77,0.08631,0.84416,30; 65; 72; 53; 23; 65; 77; 42; 85; 80
73,85,0.07317,0.85882,15; 73; 44; 52; 66; 30; 85; 47; 24; 35
15,30,0.13378,0.5,81; 15; 34; 85; 68; 13; 30; 15; 33; 14
66,77,0.08181,0.85714,40; 66; 31; 54; 43; 21; 77; 8; 15; 58
6,18,0.11402,0.33333,36; 6; 84; 18; 63; 72; 18; 15; 53; 39
21,46,0.13485,0.45652,48; 21; 6; 11; 57; 45; 46; 44; 22; 11
9,36,0.1445,0.25,47; 9; 66; 30; 52; 11; 36; 30; 66; 58
17,46,0.1357,0.36957,71; 17; 44; 35; 37; 45; 46; 60; 38; 81
27,48,0.13512,0.5625,29; 27; 77; 62; 10; 84; 48; 73; 35; 11
31,54,0.11398,0.57407,14; 31; 13; 84; 42; 84; 54; 23; 33; 7
39,79,0.10075,0.49367,18; 39; 15; 29; 56; 19; 79; 51; 82; 46
7,22,0.12573,0.31818,74; 7; 9; 85; 51; 11; 22; 72; 76; 59
22,68,0.10993,0.32353,65; 22; 9; 21; 48; 30; 68; 12; 25; 22
18,72,0.10643,0.25,13; 18; 57; 81; 48; 56; 72; 43; 37; 85
39,80,0.10772,0.4875,9; 39; 26; 9; 30; 31; 80; 57; 78; 36
44,79,0.10444,0.55696,43; 44; 39; 60; 6; 83; 79; 17; 72; 25
9,31,0.14145,0.29032,43; 9; 17; 52; 55; 11; 31; 15; 59; 56
14,55,0.12385,0.25455,56; 14; 27; 10; 62; 40; 55; 64; 34; 15
12,26,0.14259,0.46154,5; 12; 20; 17; 32; 16; 26; 80; 82; 28
41,82,0.09637,0.5,84; 41; 32; 54; 35; 30; 82; 81; 18; 52
37,43,0.13616,0.86047,28; 37; 13; 14; 80; 38; 43; 33; 57; 57
34,68,0.09782,0.5,72; 34; 51; 49; 16; 64; 68; 74; 49; 26
14,57,0.11768,0.24561,41; 14; 11; 42; 81; 35; 57; 46; 62; 75
17,35,0.12912,0.48571,52; 17; 26; 37; 14; 71; 35; 62; 17; 34
58,71,0.0991,0.8169,62; 58; 60; 80; 19; 10; 71; 50; 21; 45
23,80,0.10342,0.2875,6; 23; 32; 73; 58; 43; 80; 56; 45; 10
7,20,0.12581,0.35,31; 7; 35; 62; 68; 32; 20; 19; 78; 84
17,34,0.13206,0.5,80; 17; 81; 73; 53; 48; 34; 26; 48; 24
26,31,0.13406,0.83871,27; 26; 31; 16; 10; 39; 31; 42; 65; 53
17,37,0.14185,0.45946,18; 17; 71; 60; 47; 25; 37; 60; 82; 60
5,18,0.09498,0.27778,36; 5; 53; 8; 35; 85; 18; 49; 19; 85
55,67,0.10811,0.8209,53; 55; 48; 80; 38; 15; 67; 20; 64; 67
68,83,0.07808,0.81928,84; 68; 78; 8; 59; 66; 83; 13; 60; 66
38,67,0.11928,0.56716,47; 38; 26; 33; 59; 32; 67; 7; 18; 42
48,57,0.12424,0.84211,57; 48; 34; 6; 30; 23; 57; 20; 44; 31
23,72,0.09718,0.31944,41; 23; 20; 40; 71; 38; 72; 65; 27; 21
63,73,0.09182,0.86301,57; 63; 62; 84; 43; 11; 73; 42; 73; 26
22,62,0.10846,0.35484,50; 22; 8; 85; 50; 84; 62; 7; 16; 25
37,66,0.11112,0.56061,62; 37; 36; 7; 8; 43; 66; 23; 73; 79
11,33,0.13594,0.33333,69; 11; 47; 78; 25; 13; 33; 17; 72; 61
13,41,0.1362,0.31707,51; 13; 38; 63; 83; 72; 41; 21; 9; 5
14,44,0.13297,0.31818,38; 14; 67; 38; 34; 42; 44; 50; 74; 25
31,37,0.13585,0.83784,26; 31; 79; 42; 78; 42; 37; 44; 70; 12
43,75,0.10612,0.57333,84; 43; 76; 48; 78; 63; 75; 47; 11; 21
27,34,0.13696,0.79412,79; 27; 53; 24; 39; 12; 34; 69; 66; 9
24,48,0.12678,0.5,28; 24; 62; 17; 51; 84; 48; 35; 80; 46
15,59,0.11941,0.25424,40; 15; 44; 37; 31; 27; 59; 56; 17; 7
18,55,0.12116,0.32727,10; 18; 62; 27; 19; 76; 55; 78; 15; 27
30,65,0.11698,0.46154,82; 30; 78; 5; 27; 51; 65; 75; 50; 24
10,34,0.13703,0.29412,49; 10; 38; 85; 11; 5; 34; 15; 85; 64
23,82,0.09775,0.28049,76; 23; 77; 51; 66; 43; 82; 30; 82; 32
16,49,0.12837,0.32653,11; 16; 67; 48; 79; 83; 49; 12; 24; 85
54,63,0.11531,0.85714,33; 54; 83; 32; 59; 23; 63; 67; 52; 11
40,81,0.10141,0.49383,57; 40; 37; 13; 6; 19; 81; 63; 57; 70
52,65,0.10788,0.8,84; 52; 62; 77; 20; 82; 65; 7; 68; 51
42,49,0.12919,0.85714,5; 42; 54; 23; 60; 29; 49; 47; 41; 51
16,32,0.13149,0.5,65; 16; 57; 62; 39; 6; 32; 8; 61; 65
31,37,0.13669,0.83784,50; 31; 40; 54; 21; 76; 37; 19; 42; 79
39,84,0.09123,0.46429,30; 39; 16; 33; 12; 44; 84; 55; 11; 84
40,82,0.09572,0.4878,74; 40; 37; 70; 50; 84; 82; 34; 53; 63
20,85,0.08903,0.23529,15; 20; 55; 43; 29; 85; 85; 9; 30; 27
47,84,0.08954,0.55952,27; 47; 59; 6; 64; 60; 84; 28; 12; 40
24,43,0.13336,0.55814,9; 24; 51; 33; 31; 77; 43; 72; 30; 48
32,40,0.14176,0.8,8; 32; 21; 26; 65; 23; 40; 59; 48; 63
8,10,0.13514,0.8,39; 8; 70; 59; 58; 62; 10; 18; 17; 71
16,43,0.13855,0.37209,21; 16; 27; 9; 70; 54; 43; 24; 7; 74
69,82,0.07841,0.84146,81; 69; 29; 11; 31; 44; 82; 82; 30; 77
11,37,0.13839,0.2973,27; 11; 71; 73; 42; 38; 37; 30; 25; 23
23,47,0.12912,0.48936,20; 23; 28; 49; 80; 29; 47; 17; 58; 43
18,61,0.11547,0.29508,80; 18; 52; 23; 39; 48; 61; 51; 52; 61
31,68,0.10774,0.45588,78; 31; 11; 14; 17; 46; 68; 75; 50; 27
24,68,0.10807,0.35294,37; 24; 63; 78; 43; 50; 68; 74; 8; 24
46,56,0.13006,0.82143,36; 46; 73; 63; 78; 62; 56; 22; 68; 43
14,44,0.13429,0.31818,68; 14; 60; 62; 80; 56; 44; 49; 51; 26
33,59,0.12807,0.55932,28; 33; 21; 83; 42; 57; 59; 25; 44; 9
25,67,0.11641,0.37313,23; 25; 84; 42; 62; 28; 67; 61; 81; 43
37,74,0.09947,0.5,78; 37; 29; 75; 12; 38; 74; 83; 66; 59
5,18,0.09713,0.27778,7; 5; 11; 53; 62; 24; 18; 21; 57; 29
14,44,0.13358,0.31818,60; 14; 43; 84; 38; 29; 44; 66; 16; 19
8,23,0.13077,0.34783,64; 8; 66; 41; 38; 72; 23; 33; 34; 67
12,43,0.14429,0.27907,33; 12; 41; 69; 13; 78; 43; 35; 48; 78
18,71,0.10542,0.25352,57; 18; 23; 29; 46; 40; 71; 41; 69; 64
23,65,0.10784,0.35385,22; 23; 33; 5; 52; 5; 65; 17; 55; 76
32,64,0.11963,0.5,20; 32; 22; 67; 67; 23; 64; 75; 36; 10
11,46,0.13775,0.23913,34; 11; 33; 57; 30; 62; 46; 51; 64; 45
24,74,0.10692,0.32432,29; 24; 5; 29; 74; 5; 74; 65; 74; 19
64,78,0.08391,0.82051,21; 64; 29; 55; 17; 6; 78; 78; 43; 16
55,69,0.09227,0.7971,8; 55; 8; 56; 13; 17; 69; 24; 70; 17
21,84,0.08497,0.25,66; 21; 23; 9; 68; 19; 84; 21; 42; 17
20,66,0.11618,0.30303,48; 20; 73; 72; 25; 56; 66; 41; 27; 45
73,85,0.07218,0.85882,9; 73; 33; 25; 49; 12; 85; 21; 56; 85
33,67,0.10902,0.49254,77; 33; 61; 13; 74; 58; 67; 57; 71; 83
23,66,0.10968,0.34848,71; 23; 29; 39; 85; 59; 66; 38; 51; 44
11,38,0.14299,0.28947,68; 11; 6; 27; 82; 71; 38; 53; 80; 54
30,81,0.106,0.37037,47; 30; 42; 72; 41; 54; 81; 56; 26; 62
59,72,0.09671,0.81944,73; 59; 75; 58; 69; 57; 72; 45; 39; 81
23,65,0.11576,0.35385,43; 23; 64; 18; 41; 42; 65; 56; 8; 44
31,54,0.13036,0.57407,61; 31; 52; 71; 35; 21; 54; 78; 68; 80
19,69,0.10905,0.27536,18; 19; 50; 52; 77; 36; 69; 60; 60; 27
51,64,0.11253,0.79688,60; 51; 74; 84; 9; 6; 64; 54; 39; 40
28,76,0.10761,0.36842,25; 28; 18; 75; 13; 59; 76; 65; 6; 78
38,82,0.09321,0.46341,46; 38; 7; 60; 84; 13; 82; 81; 7; 35
54,64,0.11016,0.84375,55; 54; 26; 78; 32; 64; 64; 74; 6; 80
7,25,0.12558,0.28,8; 7; 18; 65; 29; 27; 25; 72; 32; 45
15,52,0.12928,0.28846,53; 15; 18; 63; 16; 48; 52; 24; 73; 8
9,26,0.13654,0.34615,33; 9; 71; 71; 68; 9; 26; 65; 70; 54
8,14,0.13719,0.57143,78; 8; 73; 81; 53; 44; 14; 77; 20; 10
23,81,0.0939,0.28395,12; 23; 20; 6; 72; 80; 81; 17; 37; 26
31,54,0.12211,0.57407,30; 31; 6; 78; 71; 76; 54; 84; 66; 64
16,67,0.1106,0.23881,14; 16; 56; 72; 84; 6; 67; 30; 39; 10
15,59,0.12354,0.25424,12; 15; 60; 22; 81; 63; 59; 16; 81; 27
66,77,0.08717,0.85714,60; 66; 40; 41; 41; 24; 77; 7; 53; 42
46,56,0.13154,0.82143,18; 46; 39; 54; 62; 62; 56; 54; 67; 13
38,45,0.14229,0.84444,59; 38; 32; 67; 42; 35; 45; 13; 51; 41
65,79,0.08438,0.82278,78; 65; 43; 85; 78; 7; 79; 70; 40; 16
58,69,0.0959,0.84058,49; 58; 81; 60; 19; 34; 69; 41; 33; 63
20,54,0.12141,0.37037,79; 20; 11; 28; 22; 71; 54; 60; 21; 42
56,68,0.10388,0.82353,14; 56; 57; 73; 50; 16; 68; 35; 70; 82
25,78,0.11054,0.32051,39; 25; 31; 10; 24; 31; 78; 74; 72; 23
29,59,0.11711,0.49153,81; 29; 39; 12; 11; 20; 59; 73; 82; 35
10,20,0.13352,0.5,70; 10; 34; 55; 65; 45; 20; 43; 55; 61
30,65,0.11001,0.46154,85; 30; 35; 9; 49; 45; 65; 55; 70; 52
41,49,0.13691,0.83673,9; 41; 71; 78; 71; 19; 49; 40; 64; 32
66,79,0.08279,0.83544,80; 66; 27; 19; 40; 17; 79; 65; 22; 56
24,42,0.13552,0.57143,72; 24; 66; 55; 72; 81; 42; 20; 9; 63
17,72,0.10332,0.23611,16; 17; 29; 33; 76; 26; 72; 45; 54; 49
10,35,0.1423,0.28571,18; 10; 61; 67; 23; 9; 35; 54; 67; 18
28,61,0.11816,0.45902,71; 28; 24; 54; 73; 32; 61; 82; 6; 49
59,74,0.09216,0.7973,84; 59; 16; 34; 53; 42; 74; 60; 69; 61
11,22,0.13596,0.5,6; 11; 8; 66; 33; 27; 22; 75; 37; 43
14,50,0.13199,0.28,83; 14; 14; 83; 73; 10; 50; 32; 65; 20
43,76,0.11012,0.56579,42; 43; 17; 22; 77; 81; 76; 51; 47; 26
13,39,0.12639,0.33333,64; 13; 6; 34; 59; 35; 39; 8; 34; 23
7,22,0.11822,0.31818,33; 7; 45; 52; 61; 19; 22; 72; 48; 16
42,75,0.10367,0.56,67; 42; 65; 48; 76; 61; 75; 15; 63; 19
69,84,0.07516,0.82143,62; 69; 67; 61; 53; 59; 84; 6; 34; 11
31,36,0.13369,0.86111,27; 31; 65; 38; 72; 65; 36; 85; 55; 73
8,23,0.14014,0.34783,57; 8; 13; 11; 57; 40; 23; 62; 66; 16
10,35,0.12996,0.28571,77; 10; 58; 21; 31; 44; 35; 67; 52; 65
12,51,0.13491,0.23529,62; 12; 72; 42; 74; 14; 51; 80; 71; 8
29,51,0.13194,0.56863,44; 29; 73; 34; 55; 52; 51; 16; 49; 41
64,81,0.08345,0.79012,80; 64; 84; 57; 55; 20; 81; 34; 59; 51
18,54,0.12655,0.33333,7; 18; 57; 71; 64; 69; 54; 16; 71; 36
22,78,0.10441,0.28205,64; 22; 20; 55; 32; 51; 78; 64; 54; 13
28,75,0.09853,0.37333,77; 28; 62; 67; 19; 83; 75; 76; 79; 35
33,68,0.11068,0.48529,68; 33; 17; 65; 22; 36; 68; 39; 43; 61
23,82,0.09337,0.28049,34; 23; 29; 80; 75; 74; 82; 76; 53; 24
12,26,0.13684,0.46154,34; 12; 27; 84; 28; 38; 26; 83; 47; 7
21,46,0.13318,0.45652,84; 21; 16; 85; 22; 69; 46; 28; 61; 69
19,51,0.12987,0.37255,28; 19; 59; 8; 62; 14; 51; 67; 29; 13
25,76,0.10234,0.32895,77; 25; 56; 43; 32; 73; 76; 83; 81; 22
20,61,0.12153,0.32787,51; 20; 5; 34; 42; 39; 61; 32; 34; 50
21,69,0.11267,0.30435,62; 21; 6; 25; 35; 9; 69; 74; 70; 40
46,56,0.12389,0.82143,60; 46; 9; 57; 11; 10; 56; 5; 53; 14
31,84,0.09479,0.36905,62; 31; 21; 64; 13; 35; 84; 50; 22; 6
16,63,0.11568,0.25397,42; 16; 59; 60; 82; 24; 63; 60; 48; 63
61,76,0.08527,0.80263,28; 61; 34; 5; 37; 8; 76; 30; 30; 47
23,83,0.09314,0.27711,71; 23; 36; 27; 40; 81; 83; 43; 43; 13
61,71,0.09526,0.85915,9; 61; 65; 63; 66; 56; 71; 50; 66; 48
39,70,0.11669,0.55714,25; 39; 69; 49; 24; 64; 70; 48; 35; 37
56,70,0.10018,0.8,63; 56; 46; 63; 81; 63; 70; 29; 41; 58
23,71,0.11151,0.32394,10; 23; 60; 48; 72; 17; 71; 24; 77; 10
65,77,0.0845,0.84416,24; 65; 33; 5; 66; 65; 77; 24; 16; 28
17,61,0.11616,0.27869,69; 17; 78; 68; 77; 21; 61; 11; 5; 66
44,55,0.12938,0.8,81; 44; 81; 66; 62; 60; 55; 67; 70; 39
50,63,0.11467,0.79365,68; 50; 6; 29; 32; 80; 63; 55; 49; 63
10,27,0.13888,0.37037,39; 10; 62; 62; 5; 39; 27; 64; 64; 60
26,70,0.10965,0.37143,30; 26; 55; 78; 9; 63; 70; 39; 25; 56
5,10,0.10734,0.5,44; 5; 29; 37; 33; 57; 10; 8; 11; 52
24,72,0.10606,0.33333,20; 24; 74; 39; 19; 43; 72; 67; 73; 50
19,63,0.11455,0.30159,17; 19; 68; 76; 75; 83; 63; 25; 59; 66
47,82,0.09805,0.57317,22; 47; 15; 51; 58; 84; 82; 37; 68; 39
25,68,0.11443,0.36765,54; 25; 21; 55; 11; 69; 68; 77; 28; 25
24,76,0.10121,0.31579,76; 24; 85; 44; 47; 21; 76; 36; 14; 49
65,82,0.07786,0.79268,55; 65; 40; 44; 14; 85; 82; 41; 55; 39
13,45,0.13709,0.28889,55; 13; 63; 20; 46; 67; 45; 61; 46; 27
13,39,0.13822,0.33333,75; 13; 34; 6; 6; 49; 39; 27; 5; 37
7,14,0.12506,0.5,80; 7; 56; 45; 14; 85; 14; 36; 52; 82
62,78,0.09031,0.79487,73; 62; 42; 23; 25; 76; 78; 50; 41; 42
20,70,0.10991,0.28571,26; 20; 56; 24; 46; 18; 70; 58; 50; 18
35,44,0.13997,0.79545,76; 35; 24; 83; 35; 56; 44; 84; 12; 46
28,84,0.09494,0.33333,64; 28; 46; 57; 69; 10; 84; 48; 72; 11
24,52,0.12891,0.46154,64; 24; 75; 52; 23; 12; 52; 10; 22; 20
36,42,0.13933,0.85714,28; 36; 53; 62; 56; 71; 42; 7; 39; 29
51,61,0.1118,0.83607,22; 51; 85; 43; 35; 61; 61; 39; 47; 17
20,62,0.1137,0.32258,65; 20; 72; 14; 38; 49; 62; 22; 63; 46
23,66,0.10974,0.34848,83; 23; 28; 31; 18; 84; 66; 44; 53; 8
19,79,0.09582,0.24051,58; 19; 63; 14; 72; 5; 79; 37; 8; 19
30,82,0.09241,0.36585,16; 30; 24; 60; 34; 70; 82; 32; 12; 22
19,34,0.13304,0.55882,67; 19; 30; 35; 25; 50; 34; 78; 14; 18
15,30,0.13606,0.5,80; 15; 6; 56; 81; 44; 30; 37; 79; 33
42,84,0.09569,0.5,13; 42; 62; 85; 56; 49; 84; 63; 51; 60
43,51,0.1268,0.84314,48; 43; 9; 29; 45; 5; 51; 58; 73; 79
36,79,0.10747,0.4557,14; 36; 69; 15; 28; 18; 79; 55; 76; 78
61,76,0.08904,0.80263,18; 61; 30; 47; 63; 49; 76; 10; 62; 21
23,73,0.10794,0.31507,35; 23; 33; 9; 46; 39; 73; 38; 34; 78
41,49,0.13509,0.83673,44; 41; 20; 42; 22; 31; 49; 24; 83; 48
36,78,0.09542,0.46154,78; 36; 80; 74; 63; 76; 78; 75; 33; 66
24,43,0.13052,0.55814,74; 24; 21; 47; 48; 11; 43; 23; 51; 84
27,81,0.09089,0.33333,34; 27; 19; 33; 67; 11; 81; 36; 58; 58
62,72,0.08991,0.86111,32; 62; 19; 81; 10; 45; 72; 30; 54; 27
24,75,0.10296,0.32,34; 24; 7; 68; 27; 80; 75; 58; 60; 84
24,82,0.09979,0.29268,43; 24; 73; 76; 80; 50; 82; 56; 21; 78
28,84,0.07935,0.33333,12; 28; 58; 8; 73; 42; 84; 84; 63; 32
6,17,0.11715,0.35294,21; 6; 82; 50; 38; 36; 17; 26; 32; 46
19,57,0.12426,0.33333,55; 19; 20; 22; 8; 12; 57; 56; 7; 25
29,59,0.12484,0.49153,14; 29; 8; 40; 22; 14; 59; 25; 83; 28
20,85,0.09545,0.23529,40; 20; 17; 55; 21; 13; 85; 38; 21; 60
25,76,0.11265,0.32895,65; 25; 38; 35; 46; 41; 76; 66; 20; 44
32,64,0.12133,0.5,41; 32; 38; 36; 18; 41; 64; 30; 72; 69
39,49,0.13018,0.79592,41; 39; 32; 20; 67; 51; 49; 30; 76; 63
10,18,0.13416,0.55556,18; 10; 65; 6; 44; 6; 18; 15; 14; 72
18,61,0.11195,0.29508,17; 18; 7; 43; 16; 59; 61; 32; 7; 28
55,67,0.10399,0.8209,47; 55; 59; 36; 67; 84; 67; 16; 31; 61
27,85,0.09656,0.31765,21; 27; 34; 45; 41; 77; 85; 63; 29; 8
45,57,0.12541,0.78947,41; 45; 69; 75; 45; 64; 57; 40; 46; 38
16,63,0.11473,0.25397,19; 16; 27; 42; 60; 59; 63; 20; 5; 42
8,33,0.13832,0.24242,34; 8; 27; 14; 62; 83; 33; 75; 70; 41
42,85,0.09857,0.49412,7; 42; 79; 63; 79; 19; 85; 40; 59; 76
30,53,0.13028,0.56604,83; 30; 83; 40; 84; 8; 53; 67; 24; 58
18,36,0.13508,0.5,41; 18; 46; 13; 31; 44; 36; 78; 53; 8
21,42,0.13431,0.5,84; 21; 31; 72; 53; 31; 42; 41; 68; 48
28,50,0.12925,0.56,21; 28; 43; 19; 73; 28; 50; 60; 59; 31
19,75,0.09883,0.25333,9; 19; 55; 54; 84; 69; 75; 6; 16; 33
25,82,0.09503,0.30488,65; 25; 44; 69; 10; 78; 82; 39; 50; 48
17,57,0.12333,0.29825,84; 17; 81; 59; 37; 59; 57; 64; 80; 49
17,51,0.12907,0.33333,56; 17; 70; 31; 75; 54; 51; 65; 67; 37
16,50,0.12696,0.32,69; 16; 18; 56; 34; 77; 50; 7; 79; 11
17,57,0.11925,0.29825,39; 17; 24; 15; 41; 77; 57; 77; 49; 48
25,51,0.1341,0.4902,67; 25; 53; 75; 66; 23; 51; 65; 69; 40
18,54,0.1235,0.33333,44; 18; 25; 50; 52; 72; 54; 30; 55; 77
23,81,0.10114,0.28395,9; 23; 9; 34; 41; 30; 81; 36; 23; 48
29,78,0.10375,0.37179,27; 29; 74; 48; 33; 64; 78; 9; 68; 26
13,55,0.12836,0.23636,51; 13; 22; 57; 19; 75; 55; 85; 60; 41
57,68,0.09565,0.83824,85; 57; 76; 57; 22; 42; 68; 14; 65; 24
8,27,0.13338,0.2963,43; 8; 9; 84; 73; 45; 27; 24; 19; 59
20,63,0.11175,0.31746,57; 20; 74; 13; 60; 43; 63; 9; 38; 52
25,79,0.09332,0.31646,14; 25; 10; 77; 46; 52; 79; 26; 43; 38
13,23,0.12939,0.56522,32; 13; 78; 43; 58; 48; 23; 7; 73; 22
19,77,0.0957,0.24675,28; 19; 35; 60; 17; 12; 77; 77; 22; 9
20,61,0.11273,0.32787,55; 20; 85; 76; 24; 49; 61; 50; 9; 75
29,83,0.09638,0.3494,41; 29; 22; 40; 14; 50; 83; 38; 45; 25
21,75,0.09748,0.28,34; 21; 45; 21; 5; 45; 75; 60; 72; 15
29,79,0.09984,0.36709,66; 29; 9; 56; 68; 57; 79; 69; 55; 8
19,59,0.11906,0.32203,11; 19; 30; 20; 39; 79; 59; 72; 63; 11
31,63,0.12337,0.49206,70; 31; 82; 50; 37; 30; 63; 43; 13; 72
21,66,0.11365,0.31818,14; 21; 55; 79; 65; 46; 66; 53; 39; 29
31,68,0.10824,0.45588,83; 31; 80; 57; 53; 51; 68; 56; 7; 70
23,69,0.114,0.33333,14; 23; 19; 50; 85; 47; 69; 62; 15; 54
62,72,0.09344,0.86111,21; 62; 85; 46; 5; 53; 72; 31; 76; 29
46,58,0.12064,0.7931,14; 46; 23; 84; 32; 63; 58; 78; 66; 80
5,10,0.11102,0.5,69; 5; 48; 12; 81; 16; 10; 50; 37; 85
22,63,0.11294,0.34921,61; 22; 48; 51; 29; 31; 63; 58; 74; 50
18,57,0.11703,0.31579,70; 18; 54; 62; 25; 65; 57; 60; 22; 47
49,58,0.12352,0.84483,5; 49; 27; 55; 30; 77; 58; 13; 80; 65
17,59,0.12234,0.28814,59; 17; 25; 50; 15; 27; 59; 60; 34; 37
66,79,0.07882,0.83544,44; 66; 27; 50; 20; 57; 79; 61; 61; 54
52,66,0.10983,0.78788,54; 52; 20; 13; 32; 21; 66; 75; 72; 6
17,37,0.12895,0.45946,16; 17; 61; 67; 79; 30; 37; 49; 21; 83
14,48,0.12841,0.29167,17; 14; 62; 80; 74; 69; 48; 32; 10; 76
21,69,0.10421,0.30435,18; 21; 14; 32; 34; 35; 69; 32; 49; 51
27,78,0.09603,0.34615,70; 27; 74; 64; 60; 81; 78; 40; 24; 53
12,26,0.13357,0.46154,30; 12; 50; 8; 78; 46; 26; 38; 71; 85
18,57,0.1171,0.31579,11; 18; 11; 67; 64; 6; 57; 26; 34; 76
28,85,0.08918,0.32941,65; 28; 31; 57; 28; 35; 85; 5; 83; 8
63,75,0.08977,0.84,72; 63; 19; 55; 85; 39; 75; 5; 73; 83
56,70,0.10334,0.8,38; 56; 60; 65; 65; 73; 70; 6; 75; 81
47,56,0.12689,0.83929,69; 47; 30; 34; 34; 53; 56; 31; 35; 66
26,71,0.11545,0.3662,74; 26; 10; 10; 68; 83; 71; 73; 14; 36
60,75,0.09293,0.8,72; 60; 65; 44; 40; 72; 75; 29; 29; 78
22,73,0.10133,0.30137,48; 22; 6; 23; 47; 14; 73; 82; 9; 60
31,39,0.13014,0.79487,32; 31; 35; 38; 63; 38; 39; 40; 54; 28
26,70,0.10334,0.37143,29; 26; 77; 30; 42; 45; 70; 28; 8; 11
55,64,0.11107,0.85938,83; 55; 64; 37; 61; 25; 64; 41; 49; 59
29,78,0.10035,0.37179,72; 29; 5; 49; 21; 53; 78; 19; 41; 56
12,43,0.14013,0.27907,57; 12; 84; 32; 33; 13; 43; 85; 55; 12
27,59,0.12345,0.45763,7; 27; 48; 13; 10; 77; 59; 20; 9; 59
58,71,0.09468,0.8169,11; 58; 76; 59; 47; 32; 71; 18; 61; 34
19,54,0.12192,0.35185,15; 19; 48; 43; 83; 34; 54; 54; 66; 36
31,63,0.11796,0.49206,23; 31; 13; 17; 48; 83; 63; 62; 49; 12
30,85,0.08856,0.35294,29; 30; 34; 67; 62; 53; 85; 75; 81; 63
70,85,0.07634,0.82353,70; 70; 64; 13; 81; 83; 85; 47; 38; 34
15,45,0.13374,0.33333,48; 15; 9; 61; 60; 8; 45; 6; 9; 27
13,35,0.13907,0.37143,36; 13; 21; 7; 19; 28; 35; 78; 77; 48
18,52,0.12759,0.34615,85; 18; 24; 81; 24; 48; 52; 47; 74; 71
21,76,0.09964,0.27632,20; 21; 41; 26; 73; 59; 76; 34; 29; 12
5,21,0.10412,0.2381,34; 5; 12; 44; 33; 75; 21; 14; 64; 50
12,26,0.13705,0.46154,27; 12; 49; 38; 81; 49; 26; 80; 44; 35
41,51,0.13271,0.80392,10; 41; 49; 18; 69; 8; 51; 15; 66; 28
22,74,0.10739,0.2973,28; 22; 54; 74; 17; 77; 74; 36; 35; 50
48,61,0.11011,0.78689,67; 48; 64; 32; 70; 25; 61; 54; 77; 33
38,76,0.10307,0.5,23; 38; 15; 30; 43; 32; 76; 14; 47; 51
7,21,0.12749,0.33333,14; 7; 68; 38; 31; 14; 21; 52; 51; 51
46,56,0.12559,0.82143,10; 46; 26; 37; 79; 67; 56; 64; 26; 26
40,80,0.09495,0.5,73; 40; 26; 80; 33; 29; 80; 18; 51; 55
20,84,0.08692,0.2381,12; 20; 47; 37; 45; 21; 84; 85; 16; 57
65,81,0.08177,0.80247,32; 65; 5; 26; 6; 20; 81; 52; 25; 26
20,79,0.09758,0.25316,25; 20; 16; 20; 70; 13; 79; 78; 51; 72
9,37,0.1484,0.24324,9; 9; 34; 42; 52; 74; 37; 66; 67; 68
26,46,0.13267,0.56522,61; 26; 12; 63; 58; 60; 46; 61; 60; 6
12,41,0.14285,0.29268,34; 12; 41; 80; 9; 9; 41; 56; 23; 52
10,33,0.13932,0.30303,82; 10; 24; 84; 37; 84; 33; 25; 74; 18
32,57,0.11917,0.5614,59; 32; 23; 63; 28; 37; 57; 28; 71; 56
10,30,0.13363,0.33333,15; 10; 55; 34; 66; 18; 30; 52; 82; 80
25,67,0.11649,0.37313,27; 25; 49; 19; 69; 13; 67; 35; 44; 78
19,75,0.10243,0.25333,62; 19; 81; 34; 83; 52; 75; 56; 53; 7
34,61,0.11772,0.55738,80; 34; 66; 52; 62; 21; 61; 47; 70; 61
67,84,0.07305,0.79762,26; 67; 83; 33; 70; 26; 84; 15; 68; 34
20,60,0.11835,0.33333,65; 20; 38; 48; 81; 24; 60; 56; 52; 19
26,82,0.09038,0.31707,58; 26; 22; 32; 10; 33; 82; 14; 26; 43
7,20,0.1262,0.35,55; 7; 48; 61; 65; 10; 20; 20; 24; 18
29,82,0.09567,0.35366,43; 29; 84; 53; 58; 59; 82; 36; 11; 54
15,59,0.12082,0.25424,30; 15; 12; 42; 6; 17; 59; 53; 22; 65
23,81,0.09352,0.28395,23; 23; 78; 72; 63; 18; 81; 9; 84; 7
13,45,0.13692,0.28889,68; 13; 30; 44; 73; 57; 45; 49; 43; 5
26,57,0.12887,0.45614,15; 26; 36; 79; 34; 79; 57; 40; 15; 25
54,68,0.10139,0.79412,61; 54; 66; 80; 62; 81; 68; 32; 48; 45
13,28,0.13482,0.46429,9; 13; 32; 72; 77; 19; 28; 29; 23; 74
21,25,0.13633,0.84,33; 21; 47; 64; 28; 73; 25; 68; 70; 12
23,80,0.09995,0.2875,42; 23; 80; 45; 21; 67; 80; 33; 68; 19
42,50,0.13506,0.84,46; 42; 9; 17; 43; 18; 50; 82; 35; 67
17,70,0.10662,0.24286,42; 17; 75; 35; 83; 65; 70; 5; 49; 57
19,58,0.11983,0.32759,80; 19; 13; 13; 69; 16; 58; 15; 45; 11
13,43,0.14302,0.30233,46; 13; 80; 39; 76; 57; 43; 22; 57; 10
38,82,0.09652,0.46341,46; 38; 62; 73; 70; 61; 82; 60; 28; 51
27,77,0.08849,0.35065,26; 27; 55; 49; 33; 35; 77; 65; 55; 74
40,82,0.0947,0.4878,47; 40; 59; 82; 71; 8; 82; 24; 41; 21
19,39,0.1369,0.48718,68; 19; 35; 44; 36; 20; 39; 68; 13; 73
7,25,0.12982,0.28,37; 7; 37; 15; 12; 45; 25; 56; 63; 40
33,72,0.10742,0.45833,23; 33; 50; 35; 75; 37; 72; 82; 26; 74
47,83,0.09602,0.56627,69; 47; 16; 79; 72; 74; 83; 50; 20; 30
31,39,0.1336,0.79487,63; 31; 59; 75; 41; 58; 39; 39; 44; 51
37,44,0.13269,0.84091,35; 37; 78; 24; 35; 50; 44; 40; 85; 45
23,76,0.10013,0.30263,62; 23; 21; 24; 72; 35; 76; 69; 53; 23
15,46,0.13979,0.32609,58; 15; 21; 71; 25; 62; 46; 27; 48; 70
32,56,0.11705,0.57143,47; 32; 10; 77; 77; 9; 56; 21; 20; 19
21,83,0.0887,0.25301,34; 21; 28; 20; 66; 11; 83; 38; 28; 53
13,41,0.14294,0.31707,38; 13; 65; 21; 79; 70; 41; 11; 19; 56
23,28,0.14019,0.82143,53; 23; 69; 36; 67; 59; 28; 53; 39; 35
13,35,0.13712,0.37143,35; 13; 78; 55; 26; 65; 35; 53; 43; 5
28,56,0.12756,0.5,66; 28; 45; 20; 52; 71; 56; 49; 7; 30
20,69,0.10892,0.28986,70; 20; 17; 83; 12; 28; 69; 5; 42; 28
67,78,0.07975,0.85897,75; 67; 71; 65; 18; 47; 78; 85; 8; 7
70,83,0.07369,0.84337,56; 70; 60; 77; 80; 21; 83; 21; 11; 5
14,25,0.13936,0.56,16; 14; 8; 69; 82; 10; 25; 49; 31; 12
11,30,0.13386,0.36667,45; 11; 38; 38; 70; 46; 30; 29; 56; 28
48,57,0.12645,0.84211,84; 48; 44; 74; 51; 78; 57; 19; 19; 42
13,39,0.13872,0.33333,37; 13; 35; 39; 10; 13; 39; 56; 67; 23
24,49,0.13279,0.4898,13; 24; 23; 73; 64; 40; 49; 55; 17; 52
24,65,0.11774,0.36923,68; 24; 54; 8; 81; 40; 65; 24; 8; 45
48,56,0.12292,0.85714,75; 48; 18; 47; 70; 14; 56; 73; 69; 40
11,38,0.13866,0.28947,40; 11; 13; 83; 83; 32; 38; 36; 78; 9
13,41,0.13752,0.31707,57; 13; 44; 30; 27; 50; 41; 80; 43; 56
23,82,0.11575,0.28049,46; 23; 57; 65; 61; 19; 82; 20; 10; 31
34,74,0.11126,0.45946,49; 34; 19; 9; 30; 68; 74; 16; 19; 80
44,56,0.12062,0.78571,63; 44; 64; 35; 27; 81; 56; 43; 72; 36
21,75,0.09817,0.28,76; 21; 58; 71; 52; 70; 75; 54; 54; 67
21,65,0.11501,0.32308,55; 21; 12; 36; 54; 72; 65; 24; 79; 76
24,48,0.1354,0.5,39; 24; 71; 8; 30; 15; 48; 12; 54; 73
65,81,0.08546,0.80247,47; 65; 54; 61; 46; 56; 81; 23; 59; 5
40,80,0.09926,0.5,15; 40; 51; 74; 35; 7; 80; 85; 31; 49
37,80,0.09647,0.4625,20; 37; 35; 48; 51; 24; 80; 34; 55; 25
33,72,0.09932,0.45833,48; 33; 60; 6; 53; 74; 72; 9; 67; 80
5,10,0.11365,0.5,36; 5; 66; 77; 55; 25; 10; 26; 46; 69
26,56,0.13348,0.46429,30; 26; 24; 30; 22; 10; 56; 12; 22; 55
24,68,0.10525,0.35294,55; 24; 84; 33; 14; 68; 68; 12; 68; 54
44,78,0.10273,0.5641,68; 44; 6; 82; 42; 7; 78; 77; 34; 17
13,51,0.1284,0.2549,71; 13; 16; 49; 63; 26; 51; 73; 25; 78
36,73,0.11204,0.49315,76; 36; 19; 25; 31; 24; 73; 63; 74; 18
18,63,0.11871,0.28571,21; 18; 33; 5; 40; 7; 63; 35; 7; 82
23,63,0.10654,0.36508,47; 23; 72; 64; 6; 56; 63; 72; 63; 71
11,33,0.14498,0.33333,81; 11; 58; 56; 83; 50; 33; 33; 13; 64
27,48,0.13272,0.5625,51; 27; 32; 41; 16; 20; 48; 9; 82; 35
26,56,0.12356,0.46429,14; 26; 60; 56; 81; 23; 56; 57; 34; 20
60,76,0.08982,0.78947,83; 60; 24; 18; 24; 59; 76; 9; 59; 75
19,75,0.0913,0.25333,16; 19; 29; 24; 7; 59; 75; 81; 49; 40
23,83,0.09117,0.27711,8; 23; 55; 71; 42; 6; 83; 66; 9; 20
15,62,0.11786,0.24194,78; 15; 5; 29; 65; 43; 62; 69; 61; 20
20,36,0.13911,0.55556,65; 20; 65; 29; 81; 37; 36; 61; 17; 23
23,77,0.09982,0.2987,61; 23; 60; 72; 43; 75; 77; 44; 24; 54
15,41,0.1372,0.36585,80; 15; 11; 69; 26; 16; 41; 30; 46; 23
18,32,0.13347,0.5625,69; 18; 49; 56; 5; 66; 32; 55; 9; 10
23,78,0.09375,0.29487,26; 23; 25; 63; 21; 27; 78; 72; 21; 48
47,56,0.12504,0.83929,68; 47; 49; 84; 67; 64; 56; 42; 49; 29
29,82,0.09182,0.35366,22; 29; 45; 85; 15; 61; 82; 16; 62; 78
68,79,0.08382,0.86076,8; 68; 13; 81; 48; 29; 79; 66; 53; 21
22,78,0.09822,0.28205,80; 22; 61; 7; 20; 24; 78; 74; 30; 28
56,68,0.10331,0.82353,54; 56; 56; 59; 45; 8; 68; 39; 74; 12
7,22,0.12798,0.31818,61; 7; 38; 79; 48; 80; 22; 5; 8; 43
27,33,0.1378,0.81818,71; 27; 55; 66; 51; 71; 33; 6; 47; 41
12,41,0.13733,0.29268,24; 12; 15; 65; 29; 67; 41; 83; 73; 62
11,39,0.14125,0.28205,10; 11; 69; 24; 70; 29; 39; 69; 54; 23
20,84,0.0981,0.2381,57; 20; 11; 74; 37; 35; 84; 45; 17; 70
37,75,0.10203,0.49333,35; 37; 85; 7; 63; 79; 75; 17; 35; 67
9,32,0.13849,0.28125,36; 9; 74; 22; 14; 44; 32; 17; 41; 19
23,62,0.12182,0.37097,23; 23; 27; 19; 35; 9; 62; 66; 22; 24
9,16,0.14077,0.5625,35; 9; 62; 32; 21; 67; 16; 52; 44; 55
20,79,0.10078,0.25316,51; 20; 77; 32; 20; 66; 79; 22; 60; 83
19,79,0.10426,0.24051,23; 19; 29; 62; 51; 31; 79; 83; 9; 56
14,56,0.12339,0.25,53; 14; 8; 59; 84; 85; 56; 27; 31; 40
32,69,0.10703,0.46377,8; 32; 21; 7; 82; 18; 69; 57; 68; 68
40,80,0.10094,0.5,46; 40; 52; 77; 51; 77; 80; 34; 13; 52
26,52,0.13103,0.5,20; 26; 74; 47; 43; 10; 52; 41; 22; 57
10,34,0.13895,0.29412,85; 10; 62; 9; 42; 43; 34; 58; 26; 27
57,68,0.09948,0.83824,24; 57; 68; 36; 71; 14; 68; 54; 17; 62
14,57,0.11688,0.24561,29; 14; 55; 77; 12; 79; 57; 54; 63; 23
12,34,0.13744,0.35294,50; 12; 5; 31; 48; 82; 34; 29; 29; 60
27,59,0.12118,0.45763,25; 27; 65; 61; 25; 83; 59; 49; 75; 24
40,49,0.13768,0.81633,20; 40; 52; 9; 73; 29; 49; 46; 60; 66
38,77,0.10577,0.49351,78; 38; 79; 15; 25; 54; 77; 26; 83; 57
18,49,0.13036,0.36735,12; 18; 8; 33; 30; 57; 49; 42; 30; 9
45,81,0.10218,0.55556,70; 45; 50; 15; 19; 22; 81; 22; 49; 81
36,74,0.10371,0.48649,32; 36; 53; 69; 78; 27; 74; 16; 56; 61
63,75,0.08877,0.84,63; 63; 57; 60; 47; 19; 75; 81; 38; 77
17,49,0.13152,0.34694,22; 17; 43; 19; 39; 16; 49; 80; 72; 35
20,82,0.09832,0.2439,15; 20; 47; 34; 17; 77; 82; 37; 78; 32
7,22,0.1285,0.31818,8; 7; 83; 74; 70; 63; 22; 58; 15; 25
18,56,0.12384,0.32143,31; 18; 9; 36; 55; 26; 56; 77; 68; 46
19,67,0.11197,0.28358,23; 19; 83; 36; 23; 62; 67; 79; 11; 50
43,77,0.09906,0.55844,14; 43; 34; 51; 15; 51; 77; 83; 24; 57
36,74,0.10371,0.48649,43; 36; 85; 59; 13; 84; 74; 37; 49; 16
19,34,0.13626,0.55882,68; 19; 29; 7; 68; 35; 34; 9; 71; 64
30,35,0.13826,0.85714,21; 30; 30; 80; 23; 76; 35; 74; 42; 19
19,64,0.11642,0.29688,30; 19; 31; 51; 47; 33; 64; 64; 13; 75
39,68,0.10748,0.57353,76; 39; 11; 43; 83; 49; 68; 83; 41; 18
58,71,0.09894,0.8169,21; 58; 43; 20; 47; 73; 71; 70; 45; 40
31,37,0.1348,0.83784,76; 31; 81; 23; 10; 40; 37; 58; 46; 50
13,28,0.1392,0.46429,62; 13; 36; 50; 37; 60; 28; 66; 65; 31
61,76,0.09062,0.80263,71; 61; 66; 55; 77; 85; 76; 73; 26; 44
16,28,0.13635,0.57143,55; 16; 85; 9; 46; 85; 28; 75; 32; 13
27,85,0.09243,0.31765,79; 27; 79; 18; 70; 84; 85; 19; 64; 46
18,72,0.10247,0.25,16; 18; 24; 8; 66; 55; 72; 26; 6; 72
44,77,0.10739,0.57143,31; 44; 63; 11; 60; 74; 77; 35; 8; 79
19,66,0.10841,0.28788,49; 19; 30; 70; 72; 44; 66; 37; 14; 83
10,42,0.13994,0.2381,14; 10; 52; 41; 24; 16; 42; 12; 7; 51
21,63,0.11097,0.33333,37; 21; 45; 37; 51; 12; 63; 72; 21; 46
51,61,0.11405,0.83607,73; 51; 85; 48; 44; 59; 61; 35; 51; 69
15,43,0.13607,0.34884,71; 15; 25; 50; 79; 53; 43; 78; 23; 28
33,67,0.10963,0.49254,52; 33; 49; 40; 12; 13; 67; 74; 51; 63
22,77,0.09618,0.28571,81; 22; 25; 71; 28; 82; 77; 31; 42; 27
43,54,0.13085,0.7963,68; 43; 43; 52; 83; 63; 54; 10; 9; 24
40,70,0.1081,0.57143,56; 40; 81; 60; 32; 10; 70; 46; 80; 60
18,62,0.1168,0.29032,15; 18; 45; 62; 45; 57; 62; 29; 71; 79
11,31,0.14307,0.35484,39; 11; 85; 27; 65; 67; 31; 24; 37; 31
11,37,0.14156,0.2973,12; 11; 73; 33; 65; 59; 37; 5; 68; 76
11,45,0.13657,0.24444,39; 11; 75; 58; 21; 13; 45; 79; 41; 51
5,17,0.09491,0.29412,75; 5; 57; 64; 67; 64; 17; 65; 85; 47
18,72,0.09944,0.25,59; 18; 64; 81; 69; 17; 72; 38; 50; 8
14,17,0.1319,0.82353,51; 14; 65; 55; 15; 20; 17; 72; 48; 34
5,15,0.1104,0.33333,73; 5; 50; 41; 55; 73; 15; 49; 58; 39
20,57,0.1238,0.35088,43; 20; 27; 49; 15; 37; 57; 58; 48; 44
16,32,0.13349,0.5,48; 16; 55; 74; 29; 16; 32; 69; 31; 81
12,26,0.13034,0.46154,76; 12; 35; 5; 18; 57; 26; 18; 14; 83
18,61,0.11706,0.29508,82; 18; 46; 48; 64; 21; 61; 66; 49; 58
12,26,0.13751,0.46154,54; 12; 72; 17; 50; 37; 26; 82; 28; 27
37,43,0.13965,0.86047,21; 37; 9; 67; 61; 34; 43; 84; 9; 59
9,16,0.14569,0.5625,78; 9; 55; 45; 30; 7; 16; 48; 35; 56
24,49,0.13916,0.4898,19; 24; 44; 63; 12; 13; 49; 38; 85; 10
15,43,0.13169,0.34884,42; 15; 40; 6; 37; 43; 43; 39; 64; 51
32,39,0.13511,0.82051,19; 32; 66; 34; 40; 45; 39; 8; 49; 79
5,20,0.11426,0.25,35; 5; 82; 70; 33; 55; 20; 45; 35; 76
70,85,0.07539,0.82353,45; 70; 49; 20; 58; 9; 85; 55; 76; 30
31,84,0.08982,0.36905,42; 31; 38; 24; 76; 30; 84; 78; 58; 8
15,53,0.12794,0.28302,53; 15; 30; 80; 56; 74; 53; 79; 10; 32
60,70,0.09688,0.85714,25; 60; 60; 35; 5; 63; 70; 6; 46; 5
69,84,0.07915,0.82143,21; 69; 84; 62; 10; 64; 84; 69; 73; 32
6,18,0.1128,0.33333,32; 6; 53; 25; 75; 47; 18; 34; 38; 54
67,80,0.07773,0.8375,30; 67; 76; 29; 48; 25; 80; 77; 46; 26
59,72,0.09899,0.81944,25; 59; 15; 8; 69; 62; 72; 48; 64; 33
12,48,0.14161,0.25,54; 12; 24; 63; 39; 72; 48; 36; 25; 58
40,72,0.10949,0.55556,81; 40; 61; 53; 26; 20; 72; 61; 41; 52
27,59,0.11885,0.45763,25; 27; 48; 75; 6; 84; 59; 72; 14; 85
37,47,0.13134,0.78723,69; 37; 19; 64; 12; 35; 47; 53; 14; 80
7,21,0.12701,0.33333,17; 7; 13; 58; 43; 58; 21; 70; 63; 13
26,33,0.12703,0.78788,17; 26; 74; 45; 74; 22; 33; 22; 24; 29
17,49,0.13225,0.34694,8; 17; 55; 43; 41; 78; 49; 5; 40; 35
68,81,0.07796,0.83951,82; 68; 49; 31; 17; 13; 81; 39; 64; 57
27,83,0.09289,0.3253,83; 27; 64; 20; 38; 79; 83; 38; 12; 63
25,78,0.10162,0.32051,60; 25; 73; 71; 22; 78; 78; 85; 11; 60
24,82,0.09885,0.29268,72; 24; 58; 78; 59; 59; 82; 67; 42; 38
28,34,0.13578,0.82353,59; 28; 26; 62; 74; 11; 34; 56; 47; 14
22,79,0.09461,0.27848,7; 22; 38; 26; 12; 39; 79; 72; 83; 53
17,72,0.10882,0.23611,62; 17; 58; 36; 72; 84; 72; 26; 17; 74
21,84,0.09258,0.25,36; 21; 51; 67; 78; 10; 84; 65; 54; 11
46,56,0.13264,0.82143,85; 46; 9; 39; 75; 60; 56; 8; 46; 48
8,23,0.13604,0.34783,64; 8; 17; 76; 63; 12; 23; 68; 9; 69
42,50,0.12678,0.84,54; 42; 71; 51; 53; 61; 50; 50; 18; 31
10,31,0.13506,0.32258,42; 10; 75; 22; 75; 44; 31; 73; 62; 34
16,65,0.11418,0.24615,39; 16; 13; 65; 16; 32; 65; 71; 53; 41
48,61,0.11685,0.78689,27; 48; 84; 5; 29; 50; 61; 27; 40; 12
5,18,0.10535,0.27778,72; 5; 27; 35; 81; 10; 18; 75; 31; 48
15,41,0.12763,0.36585,75; 15; 54; 47; 62; 78; 41; 62; 33; 83
10,42,0.13593,0.2381,71; 10; 71; 24; 27; 12; 42; 19; 73; 68
24,65,0.11961,0.36923,71; 24; 35; 59; 52; 64; 65; 20; 22; 18
27,32,0.13088,0.84375,35; 27; 50; 59; 24; 29; 32; 17; 30; 47
25,82,0.09377,0.30488,24; 25; 71; 71; 71; 85; 82; 44; 47; 16
23,62,0.11753,0.37097,84; 23; 13; 47; 49; 50; 62; 31; 9; 79
17,60,0.11622,0.28333,77; 17; 30; 20; 34; 25; 60; 37; 29; 37
28,50,0.12979,0.56,32; 28; 51; 6; 14; 21; 50; 11; 25; 54
8,27,0.13166,0.2963,37; 8; 8; 15; 47; 42; 27; 28; 18; 68
26,80,0.09496,0.325,73; 26; 75; 22; 17; 9; 80; 73; 10; 12
23,41,0.13101,0.56098,57; 23; 60; 77; 30; 22; 41; 58; 17; 14
67,80,0.07709,0.8375,46; 67; 7; 78; 29; 44; 80; 19; 75; 78
19,52,0.12546,0.36538,18; 19; 51; 30; 78; 81; 52; 53; 70; 15
70,83,0.07585,0.84337,79; 70; 24; 54; 65; 70; 83; 81; 81; 49
70,83,0.07694,0.84337,16; 70; 61; 30; 78; 80; 83; 18; 19; 52
31,38,0.13105,0.81579,33; 31; 69; 44; 36; 74; 38; 80; 75; 45
14,48,0.13978,0.29167,61; 14; 20; 28; 34; 73; 48; 51; 25; 39
6,7,0.10684,0.85714,34; 6; 47; 69; 54; 84; 7; 81; 9; 26
20,71,0.1077,0.28169,15; 20; 45; 78; 44; 70; 71; 14; 16; 82
40,49,0.13051,0.81633,25; 40; 68; 41; 83; 59; 49; 84; 76; 47
39,68,0.11243,0.57353,83; 39; 27; 35; 57; 60; 68; 70; 67; 85
5,17,0.10188,0.29412,43; 5; 8; 58; 79; 61; 17; 67; 45; 15
43,75,0.10183,0.57333,84; 43; 17; 70; 45; 10; 75; 79; 34; 51
44,55,0.13043,0.8,49; 44; 20; 59; 70; 38; 55; 38; 77; 68
35,61,0.11849,0.57377,15; 35; 20; 70; 12; 40; 61; 23; 21; 7
60,73,0.09156,0.82192,36; 60; 72; 69; 57; 62; 73; 7; 60; 7
53,67,0.10609,0.79104,19; 53; 18; 7; 19; 83; 67; 64; 79; 77
7,24,0.12736,0.29167,26; 7; 77; 48; 74; 81; 24; 60; 77; 62
63,77,0.08687,0.81818,9; 63; 21; 7; 42; 32; 77; 33; 61; 50
19,51,0.13194,0.37255,18; 19; 15; 7; 17; 20; 51; 81; 60; 62
17,52,0.12917,0.32692,9; 17; 48; 18; 73; 35; 52; 59; 9; 15
30,61,0.12316,0.4918,64; 30; 81; 50; 49; 75; 61; 78; 58; 20
42,53,0.13048,0.79245,31; 42; 40; 71; 83; 76; 53; 39; 53; 48
11,44,0.13954,0.25,45; 11; 11; 29; 32; 61; 44; 17; 51; 64
21,37,0.1269,0.56757,32; 21; 14; 21; 16; 57; 37; 42; 16; 71
18,65,0.11514,0.27692,72; 18; 36; 71; 40; 76; 65; 75; 76; 61
68,79,0.08267,0.86076,79; 68; 30; 77; 15; 72; 79; 48; 48; 49
6,17,0.10567,0.35294,54; 6; 68; 12; 54; 18; 17; 6; 7; 62
23,78,0.10417,0.29487,31; 23; 23; 37; 78; 79; 78; 27; 67; 51
16,68,0.108,0.23529,27; 16; 64; 66; 54; 37; 68; 37; 8; 74
6,19,0.11406,0.31579,69; 6; 81; 79; 52; 14; 19; 22; 32; 56
22,66,0.11098,0.33333,28; 22; 26; 25; 39; 83; 66; 11; 61; 53
20,84,0.08962,0.2381,14; 20; 73; 66; 61; 72; 84; 83; 26; 41
37,81,0.09624,0.45679,19; 37; 30; 44; 41; 69; 81; 46; 23; 19
14,46,0.13559,0.30435,49; 14; 39; 44; 38; 64; 46; 55; 84; 78
60,70,0.09385,0.85714,60; 60; 16; 71; 7; 43; 70; 8; 47; 53
13,53,0.13103,0.24528,33; 13; 43; 81; 76; 73; 53; 47; 6; 50
34,70,0.10826,0.48571,34; 34; 11; 14; 69; 7; 70; 48; 29; 55
28,50,0.12793,0.56,61; 28; 65; 83; 15; 47; 50; 20; 71; 65
25,68,0.1143,0.36765,68; 25; 10; 49; 40; 20; 68; 29; 16; 59
24,76,0.10102,0.31579,85; 24; 15; 5; 77; 39; 76; 18; 66; 32
40,70,0.11414,0.57143,56; 40; 25; 44; 44; 76; 70; 25; 63; 44
30,81,0.09932,0.37037,8; 30; 75; 9; 53; 30; 81; 72; 76; 46
41,72,0.10761,0.56944,67; 41; 60; 45; 77; 7; 72; 58; 29; 32
31,67,0.11521,0.46269,70; 31; 71; 27; 73; 44; 67; 59; 14; 13
18,39,0.13478,0.46154,6; 18; 84; 45; 14; 12; 39; 18; 73; 30
13,44,0.14156,0.29545,45; 13; 42; 6; 29; 51; 44; 5; 80; 37
47,56,0.12788,0.83929,50; 47; 50; 54; 58; 9; 56; 65; 75; 71
14,49,0.12576,0.28571,74; 14; 37; 49; 74; 28; 49; 65; 62; 83
14,28,0.13722,0.5,81; 14; 52; 46; 22; 75; 28; 61; 42; 71
25,83,0.08424,0.3012,39; 25; 16; 75; 77; 44; 83; 12; 9; 74
13,54,0.13406,0.24074,16; 13; 66; 47; 49; 18; 54; 13; 6; 7
30,35,0.13704,0.85714,12; 30; 22; 70; 31; 73; 35; 61; 80; 84
12,37,0.13875,0.32432,74; 12; 44; 35; 23; 56; 37; 77; 70; 5
7,28,0.1296,0.25,45; 7; 65; 47; 51; 66; 28; 63; 61; 65
27,32,0.13792,0.84375,29; 27; 61; 51; 32; 43; 32; 61; 59; 41
16,28,0.13551,0.57143,36; 16; 20; 27; 61; 73; 28; 71; 57; 39
20,80,0.12198,0.25,18; 20; 76; 66; 13; 15; 80; 55; 40; 52
5,20,0.09749,0.25,83; 5; 46; 11; 40; 57; 20; 80; 47; 7
18,63,0.11456,0.28571,73; 18; 23; 60; 15; 80; 63; 75; 58; 18
16,49,0.14164,0.32653,78; 16; 28; 40; 10; 22; 49; 5; 20; 58
34,70,0.12046,0.48571,55; 34; 22; 31; 46; 41; 70; 78; 84; 6
55,70,0.10244,0.78571,63; 55; 29; 50; 64; 62; 70; 54; 42; 28
28,79,0.10487,0.35443,16; 28; 20; 82; 11; 35; 79; 34; 45; 12
23,82,0.09923,0.28049,35; 23; 82; 71; 40; 39; 82; 5; 52; 83
37,47,0.12813,0.78723,79; 37; 49; 9; 42; 27; 47; 73; 35; 20
22,44,0.13999,0.5,31; 22; 65; 55; 73; 59; 44; 26; 60; 51
17,46,0.13676,0.36957,76; 17; 25; 5; 54; 32; 46; 39; 26; 23
6,12,0.1155,0.5,18; 6; 57; 40; 28; 30; 12; 65; 26; 54
31,83,0.09724,0.37349,23; 31; 18; 25; 50; 46; 83; 38; 49; 37
21,65,0.10553,0.32308,12; 21; 21; 50; 25; 75; 65; 40; 37; 73
33,41,0.13511,0.80488,39; 33; 10; 62; 27; 64; 41; 23; 79; 59
23,81,0.09815,0.28395,36; 23; 73; 60; 83; 74; 81; 12; 66; 80
34,68,0.11111,0.5,46; 34; 21; 54; 21; 50; 68; 29; 34; 45
62,74,0.08996,0.83784,23; 62; 35; 37; 60; 17; 74; 77; 80; 81
16,46,0.13094,0.34783,21; 16; 70; 79; 34; 27; 46; 80; 83; 19
23,70,0.11186,0.32857,32; 23; 52; 56; 12; 65; 70; 43; 15; 73
48,61,0.12168,0.78689,6; 48; 67; 57; 66; 40; 61; 13; 16; 7
34,60,0.11926,0.56667,81; 34; 74; 24; 51; 39; 60; 30; 71; 54
16,55,0.12693,0.29091,68; 16; 19; 35; 70; 21; 55; 9; 63; 80
14,17,0.13042,0.82353,52; 14; 12; 81; 19; 42; 17; 20; 19; 75
58,69,0.09652,0.84058,13; 58; 83; 77; 65; 68; 69; 68; 64; 63
17,34,0.12928,0.5,85; 17; 52; 61; 56; 35; 34; 66; 18; 84
46,55,0.12673,0.83636,18; 46; 47; 83; 42; 5; 55; 84; 26; 64
26,52,0.13126,0.5,13; 26; 47; 17; 32; 11; 52; 59; 20; 61
33,66,0.10713,0.5,53; 33; 13; 30; 55; 73; 66; 9; 28; 73
38,76,0.10424,0.5,29; 38; 84; 41; 43; 51; 76; 49; 57; 21
21,66,0.11428,0.31818,22; 21; 42; 69; 20; 41; 66; 50; 31; 39
33,68,0.11838,0.48529,60; 33; 71; 85; 34; 75; 68; 28; 34; 29
20,67,0.11075,0.29851,59; 20; 29; 60; 11; 44; 67; 25; 42; 60
6,7,0.1102,0.85714,36; 6; 12; 14; 49; 46; 7; 53; 12; 44
31,83,0.10053,0.37349,24; 31; 11; 9; 52; 82; 83; 27; 47; 17
12,15,0.13196,0.8,50; 12; 44; 69; 20; 23; 15; 35; 7; 63
30,81,0.09944,0.37037,53; 30; 38; 64; 31; 71; 81; 27; 15; 5
29,59,0.11956,0.49153,49; 29; 48; 58; 39; 74; 59; 78; 60; 83
20,80,0.09981,0.25,75; 20; 85; 85; 21; 10; 80; 49; 5; 6
9,37,0.14705,0.24324,70; 9; 48; 71; 41; 36; 37; 38; 25; 56
23,72,0.09817,0.31944,39; 23; 27; 38; 60; 76; 72; 82; 34; 29
54,63,0.10519,0.85714,52; 54; 58; 5; 44; 14; 63; 60; 11; 84
29,58,0.13004,0.5,72; 29; 18; 83; 51; 36; 58; 54; 42; 32
9,38,0.13866,0.23684,62; 9; 27; 50; 41; 42; 38; 39; 79; 14
11,45,0.14275,0.24444,37; 11; 43; 36; 23; 70; 45; 68; 42; 9
15,30,0.1353,0.5,81; 15; 52; 77; 17; 33; 30; 11; 62; 76
62,76,0.08544,0.81579,66; 62; 53; 34; 8; 84; 76; 57; 37; 60
43,75,0.10243,0.57333,61; 43; 20; 50; 42; 32; 75; 54; 29; 81
15,30,0.13815,0.5,37; 15; 61; 20; 82; 85; 30; 18; 69; 22
16,50,0.13379,0.32,71; 16; 48; 73; 66; 20; 50; 78; 65; 23
5,18,0.103,0.27778,81; 5; 53; 69; 78; 21; 18; 82; 64; 31
20,69,0.10508,0.28986,5; 20; 52; 42; 66; 16; 69; 27; 77; 43
8,28,0.13879,0.28571,57; 8; 36; 28; 54; 67; 28; 29; 31; 73
13,37,0.13942,0.35135,14; 13; 66; 65; 71; 83; 37; 78; 22; 83
12,42,0.14222,0.28571,38; 12; 82; 82; 6; 58; 42; 73; 59; 72
37,44,0.14043,0.84091,73; 37; 22; 41; 60; 57; 44; 85; 39; 83
52,66,0.11123,0.78788,61; 52; 61; 35; 34; 40; 66; 60; 47; 19
19,59,0.12031,0.32203,44; 19; 60; 10; 30; 68; 59; 23; 43; 69
24,69,0.10064,0.34783,85; 24; 14; 79; 58; 75; 69; 48; 60; 8
39,69,0.11651,0.56522,25; 39; 69; 28; 40; 52; 69; 27; 6; 20
12,48,0.12764,0.25,66; 12; 81; 81; 76; 79; 48; 6; 77; 47
18,39,0.14098,0.46154,69; 18; 69; 40; 33; 10; 39; 6; 84; 74
24,74,0.1038,0.32432,64; 24; 39; 40; 13; 27; 74; 13; 81; 49
20,35,0.13727,0.57143,55; 20; 55; 46; 75; 71; 35; 13; 58; 78
29,79,0.10051,0.36709,33; 29; 27; 9; 37; 53; 79; 68; 61; 66
38,67,0.11359,0.56716,63; 38; 11; 37; 15; 58; 67; 73; 19; 57
20,62,0.1226,0.32258,71; 20; 65; 40; 7; 8; 62; 33; 59; 78
35,62,0.11684,0.56452,49; 35; 45; 81; 60; 26; 62; 68; 66; 48
11,45,0.14529,0.24444,38; 11; 30; 38; 21; 80; 45; 28; 54; 35
67,85,0.0762,0.78824,66; 67; 17; 44; 7; 30; 85; 82; 29; 57
70,83,0.07787,0.84337,44; 70; 40; 82; 83; 74; 83; 31; 47; 39
27,85,0.1015,0.31765,45; 27; 37; 49; 31; 39; 85; 19; 44; 36
21,57,0.12653,0.36842,77; 21; 28; 64; 75; 12; 57; 33; 47; 30
13,44,0.13803,0.29545,6; 13; 65; 83; 47; 66; 44; 34; 6; 83
20,61,0.11529,0.32787,83; 20; 22; 53; 63; 16; 61; 54; 79; 50
23,29,0.13013,0.7931,54; 23; 75; 39; 57; 43; 29; 37; 52; 69
47,83,0.09561,0.56627,36; 47; 19; 68; 17; 9; 83; 85; 74; 50
26,74,0.10037,0.35135,45; 26; 27; 40; 57; 28; 74; 13; 17; 62
9,32,0.14423,0.28125,7; 9; 44; 68; 55; 6; 32; 47; 75; 20
19,77,0.09788,0.24675,30; 19; 64; 68; 75; 85; 77; 11; 32; 14
23,50,0.12587,0.46,81; 23; 50; 30; 26; 24; 50; 79; 62; 78
20,85,0.08941,0.23529,85; 20; 32; 6; 32; 31; 85; 29; 47; 56
44,51,0.13094,0.86275,41; 44; 78; 26; 8; 79; 51; 59; 57; 80
35,62,0.11742,0.56452,54; 35; 9; 23; 66; 81; 62; 33; 40; 40
13,45,0.13605,0.28889,51; 13; 70; 73; 28; 16; 45; 62; 24; 40
15,43,0.13368,0.34884,75; 15; 35; 67; 69; 85; 43; 56; 37; 61
19,65,0.114,0.29231,11; 19; 8; 48; 39; 42; 65; 14; 80; 76
8,24,0.12711,0.33333,48; 8; 37; 9; 50; 36; 24; 14; 40; 65
17,67,0.10885,0.25373,73; 17; 29; 13; 54; 6; 67; 14; 22; 47
36,78,0.10408,0.46154,43; 36; 39; 15; 80; 72; 78; 7; 48; 78
25,68,0.11216,0.36765,84; 25; 65; 79; 11; 82; 68; 15; 78; 79
42,84,0.09719,0.5,25; 42; 69; 35; 36; 67; 84; 67; 84; 85
16,53,0.13173,0.30189,77; 16; 10; 27; 21; 35; 53; 6; 66; 13
27,85,0.08156,0.31765,81; 27; 9; 40; 58; 12; 85; 23; 34; 16
28,35,0.1251,0.8,47; 28; 9; 67; 34; 32; 35; 33; 27; 14
21,43,0.13727,0.48837,24; 21; 69; 57; 9; 35; 43; 41; 20; 23
10,27,0.13592,0.37037,15; 10; 49; 67; 27; 14; 27; 49; 59; 40
18,52,0.12435,0.34615,26; 18; 25; 14; 71; 28; 52; 53; 75; 19
18,64,0.11501,0.28125,39; 18; 63; 45; 29; 7; 64; 33; 48; 74
28,50,0.12622,0.56,50; 28; 9; 77; 30; 63; 50; 6; 50; 63
44,56,0.12023,0.78571,80; 44; 80; 68; 41; 13; 56; 12; 77; 68
37,46,0.13537,0.80435,72; 37; 46; 24; 62; 32; 46; 77; 28; 69
8,33,0.14043,0.24242,76; 8; 35; 34; 37; 10; 33; 37; 53; 7
38,48,0.13384,0.79167,37; 38; 63; 65; 10; 51; 48; 6; 49; 44
18,63,0.11652,0.28571,79; 18; 60; 50; 11; 70; 63; 67; 34; 44
50,63,0.11493,0.79365,68; 50; 51; 10; 25; 46; 63; 8; 28; 35
17,60,0.11808,0.28333,56; 17; 81; 10; 42; 32; 60; 7; 57; 80
23,73,0.10056,0.31507,46; 23; 69; 66; 78; 72; 73; 43; 12; 54
24,81,0.09649,0.2963,44; 24; 9; 68; 10; 51; 81; 78; 64; 79
27,59,0.12099,0.45763,30; 27; 20; 50; 19; 48; 59; 17; 66; 77
44,56,0.12307,0.78571,38; 44; 69; 64; 73; 36; 56; 40; 28; 40
41,83,0.09649,0.49398,38; 41; 32; 9; 10; 78; 83; 61; 43; 34
64,81,0.08423,0.79012,64; 64; 10; 53; 7; 60; 81; 58; 27; 76
70,85,0.0726,0.82353,9; 70; 19; 69; 48; 27; 85; 62; 7; 84
33,72,0.1042,0.45833,52; 33; 69; 76; 48; 27; 72; 8; 59; 44
40,70,0.11539,0.57143,67; 40; 28; 51; 63; 52; 70; 75; 69; 28
23,71,0.11077,0.32394,39; 23; 35; 85; 24; 37; 71; 8; 5; 65
15,51,0.12643,0.29412,7; 15; 64; 20; 55; 67; 51; 51; 65; 21
40,82,0.09344,0.4878,77; 40; 48; 42; 13; 27; 82; 31; 72; 50
24,69,0.10548,0.34783,66; 24; 74; 77; 6; 46; 69; 66; 25; 56
6,7,0.10498,0.85714,58; 6; 32; 68; 72; 51; 7; 77; 77; 70
31,38,0.14062,0.81579,48; 31; 61; 61; 12; 25; 38; 79; 27; 15
29,79,0.10029,0.36709,38; 29; 28; 68; 39; 69; 79; 28; 60; 61
14,44,0.13796,0.31818,9; 14; 17; 65; 20; 73; 44; 81; 60; 63
25,50,0.13949,0.5,9; 25; 66; 75; 64; 74; 50; 66; 20; 40
39,79,0.09877,0.49367,19; 39; 58; 67; 36; 50; 79; 31; 65; 55
29,83,0.09813,0.3494,30; 29; 8; 16; 7; 39; 83; 27; 12; 66
26,70,0.11314,0.37143,19; 26; 55; 35; 72; 48; 70; 70; 68; 37
19,80,0.10194,0.2375,76; 19; 61; 84; 66; 58; 80; 63; 69; 78
21,43,0.13763,0.48837,50; 21; 35; 56; 11; 6; 43; 34; 18; 60
39,49,0.12459,0.79592,18; 39; 11; 19; 74; 56; 49; 39; 11; 7
12,24,0.13737,0.5,43; 12; 56; 21; 17; 79; 24; 49; 42; 76
20,84,0.08938,0.2381,42; 20; 44; 53; 57; 32; 84; 55; 50; 46
51,61,0.11358,0.83607,25; 51; 50; 40; 59; 24; 61; 73; 38; 81
38,82,0.09377,0.46341,20; 38; 42; 22; 19; 80; 82; 63; 53; 83
6,7,0.1047,0.85714,42; 6; 44; 49; 22; 76; 7; 67; 25; 83
12,37,0.13477,0.32432,53; 12; 14; 26; 44; 24; 37; 56; 51; 51
19,78,0.0952,0.24359,69; 19; 76; 77; 37; 19; 78; 75; 36; 42
7,19,0.12404,0.36842,52; 7; 66; 42; 6; 19; 19; 63; 33; 55
6,24,0.11682,0.25,27; 6; 43; 74; 49; 61; 24; 15; 47; 6
46,82,0.09527,0.56098,39; 46; 71; 47; 64; 8; 82; 67; 70; 70
23,63,0.12051,0.36508,17; 23; 59; 57; 76; 17; 63; 10; 42; 54
14,58,0.129,0.24138,47; 14; 66; 12; 69; 22; 58; 51; 6; 59
40,49,0.12768,0.81633,19; 40; 13; 28; 15; 8; 49; 50; 36; 73
25,54,0.13042,0.46296,60; 25; 62; 71; 28; 82; 54; 70; 80; 51
8,10,0.13919,0.8,60; 8; 57; 65; 5; 83; 10; 20; 36; 74
65,77,0.08222,0.84416,69; 65; 31; 58; 43; 23; 77; 15; 49; 6
8,29,0.14141,0.27586,74; 8; 13; 44; 59; 35; 29; 42; 54; 49
66,79,0.08433,0.83544,12; 66; 22; 55; 66; 23; 79; 75; 35; 50
16,32,0.13101,0.5,71; 16; 80; 85; 46; 79; 32; 26; 60; 39
24,49,0.13811,0.4898,38; 24; 65; 77; 27; 34; 49; 51; 11; 38
61,71,0.09212,0.85915,32; 61; 32; 81; 60; 43; 71; 53; 43; 47
8,23,0.13299,0.34783,68; 8; 40; 76; 45; 20; 23; 38; 44; 8
23,29,0.14135,0.7931,51; 23; 47; 23; 71; 56; 29; 12; 7; 22
43,76,0.09979,0.56579,37; 43; 80; 25; 35; 37; 76; 15; 46; 85
12,42,0.1424,0.28571,57; 12; 68; 27; 76; 46; 42; 46; 43; 84
54,68,0.10692,0.79412,72; 54; 37; 83; 71; 39; 68; 81; 47; 12
23,47,0.13159,0.48936,25; 23; 64; 60; 72; 72; 47; 65; 54; 56
27,33,0.13843,0.81818,59; 27; 65; 83; 32; 65; 33; 9; 59; 79
11,31,0.14331,0.35484,24; 11; 46; 23; 25; 51; 31; 16; 37; 69
25,76,0.10209,0.32895,32; 25; 32; 73; 69; 51; 76; 65; 27; 80
14,46,0.1326,0.30435,68; 14; 56; 56; 19; 71; 46; 69; 37; 40
63,79,0.09136,0.79747,39; 63; 29; 66; 72; 14; 79; 44; 27; 7
24,85,0.0946,0.28235,50; 24; 14; 14; 44; 42; 85; 75; 20; 55
16,64,0.11447,0.25,80; 16; 22; 21; 54; 42; 64; 53; 70; 18
31,55,0.1332,0.56364,78; 31; 40; 69; 48; 20; 55; 33; 8; 67
22,45,0.1284,0.48889,70; 22; 73; 54; 30; 11; 45; 9; 11; 20
24,49,0.1312,0.4898,19; 24; 52; 63; 31; 60; 49; 42; 68; 49
28,50,0.12443,0.56,79; 28; 85; 44; 84; 42; 50; 30; 30; 82
14,28,0.1358,0.5,42; 14; 12; 70; 64; 63; 28; 59; 13; 8
18,65,0.11135,0.27692,9; 18; 57; 71; 75; 9; 65; 17; 55; 23
40,70,0.11679,0.57143,81; 40; 35; 40; 48; 57; 70; 6; 28; 61
20,84,0.08964,0.2381,7; 20; 55; 56; 32; 50; 84; 29; 65; 16
41,50,0.13385,0.82,20; 41; 32; 54; 67; 77; 50; 13; 53; 9
67,84,0.0771,0.79762,84; 67; 13; 58; 31; 43; 84; 84; 70; 65
18,49,0.13282,0.36735,10; 18; 60; 52; 34; 24; 49; 67; 10; 50
20,69,0.10333,0.28986,54; 20; 17; 46; 71; 45; 69; 74; 25; 30
14,56,0.12144,0.25,42; 14; 59; 50; 48; 29; 56; 55; 30; 32
38,45,0.14548,0.84444,42; 38; 77; 82; 18; 64; 45; 37; 42; 83
28,57,0.128,0.49123,50; 28; 26; 25; 53; 50; 57; 19; 52; 17
11,39,0.14218,0.28205,43; 11; 79; 56; 14; 12; 39; 73; 68; 33
60,75,0.09093,0.8,70; 60; 35; 52; 16; 78; 75; 43; 23; 28
28,34,0.13026,0.82353,61; 28; 24; 58; 78; 61; 34; 46; 9; 76
18,62,0.11185,0.29032,26; 18; 79; 7; 35; 41; 62; 73; 76; 73
38,45,0.13644,0.84444,52; 38; 81; 8; 33; 62; 45; 28; 53; 83
14,25,0.137,0.56,9; 14; 60; 73; 71; 66; 25; 82; 64; 12
15,61,0.11861,0.2459,64; 15; 12; 40; 82; 37; 61; 6; 69; 73
46,82,0.10089,0.56098,39; 46; 60; 68; 9; 10; 82; 25; 26; 24
25,68,0.11345,0.36765,68; 25; 78; 53; 36; 69; 68; 19; 59; 32
18,61,0.11541,0.29508,34; 18; 7; 69; 9; 68; 61; 24; 60; 66
31,67,0.11591,0.46269,56; 31; 70; 78; 74; 41; 67; 6; 55; 17
67,85,0.07741,0.78824,69; 67; 11; 24; 47; 77; 85; 26; 60; 17
16,54,0.12645,0.2963,72; 16; 60; 11; 65; 84; 54; 51; 85; 55
23,78,0.10136,0.29487,20; 23; 37; 85; 39; 14; 78; 32; 64; 67
19,38,0.14185,0.5,75; 19; 36; 10; 74; 56; 38; 52; 23; 64
41,52,0.12713,0.78846,10; 41; 70; 28; 44; 52; 52; 58; 58; 5
26,52,0.12802,0.5,80; 26; 27; 13; 72; 35; 52; 41; 78; 44
40,71,0.10239,0.56338,75; 40; 80; 29; 21; 84; 71; 54; 51; 70
26,56,0.12581,0.46429,50; 26; 47; 74; 35; 84; 56; 77; 72; 41
17,46,0.13815,0.36957,62; 17; 47; 8; 38; 29; 46; 20; 52; 31
33,66,0.11394,0.5,73; 33; 17; 85; 61; 65; 66; 47; 18; 29
10,30,0.14765,0.33333,60; 10; 72; 22; 53; 36; 30; 19; 80; 56
43,77,0.10663,0.55844,50; 43; 62; 53; 31; 53; 77; 11; 23; 39
26,79,0.09435,0.32911,30; 26; 58; 47; 55; 8; 79; 48; 82; 72
25,76,0.09533,0.32895,5; 25; 51; 32; 39; 55; 76; 39; 23; 65
25,44,0.13953,0.56818,28; 25; 79; 23; 65; 46; 44; 39; 48; 13
47,82,0.08865,0.57317,53; 47; 23; 44; 12; 34; 82; 50; 57; 84
56,67,0.10388,0.83582,46; 56; 33; 36; 49; 78; 67; 64; 12; 27
55,70,0.10624,0.78571,80; 55; 47; 76; 22; 64; 70; 58; 80; 83
14,48,0.13715,0.29167,13; 14; 17; 69; 10; 44; 48; 48; 51; 29
40,50,0.13802,0.8,59; 40; 32; 21; 69; 15; 50; 46; 26; 8
18,63,0.11126,0.28571,81; 18; 74; 14; 16; 12; 63; 81; 76; 75
15,61,0.11539,0.2459,20; 15; 11; 21; 17; 55; 61; 17; 34; 46
18,52,0.12036,0.34615,82; 18; 36; 75; 66; 42; 52; 61; 53; 50
56,67,0.09972,0.83582,33; 56; 34; 57; 42; 60; 67; 43; 70; 13
38,78,0.1025,0.48718,48; 38; 27; 49; 78; 44; 78; 53; 73; 25
17,56,0.11598,0.30357,68; 17; 5; 72; 66; 16; 56; 16; 8; 82
21,75,0.09569,0.28,43; 21; 84; 37; 69; 72; 75; 20; 5; 76
21,71,0.10394,0.29577,56; 21; 15; 25; 9; 10; 71; 20; 12; 81
21,25,0.13482,0.84,27; 21; 68; 81; 15; 22; 25; 31; 37; 32
18,57,0.11995,0.31579,38; 18; 66; 44; 12; 14; 57; 23; 42; 61
19,58,0.11516,0.32759,68; 19; 51; 52; 68; 14; 58; 59; 12; 18
13,52,0.12872,0.25,5; 13; 66; 40; 10; 9; 52; 31; 37; 53
20,41,0.13737,0.4878,34; 20; 15; 13; 60; 78; 41; 40; 59; 66
36,63,0.12065,0.57143,26; 36; 78; 67; 73; 55; 63; 21; 38; 23
5,18,0.09778,0.27778,37; 5; 35; 81; 46; 8; 18; 15; 11; 60
69,82,0.07697,0.84146,68; 69; 52; 45; 50; 10; 82; 14; 5; 74
27,32,0.13872,0.84375,31; 27; 41; 28; 65; 63; 32; 82; 73; 46
19,39,0.13309,0.48718,67; 19; 83; 17; 68; 45; 39; 16; 57; 72
20,41,0.1372,0.4878,12; 20; 24; 43; 80; 74; 41; 80; 25; 32
47,56,0.13253,0.83929,43; 47; 7; 61; 34; 56; 56; 72; 62; 50
34,60,0.11778,0.56667,70; 34; 36; 37; 63; 65; 60; 24; 74; 78
69,80,0.07613,0.8625,60; 69; 33; 51; 20; 42; 80; 76; 85; 14
24,28,0.13472,0.85714,42; 24; 46; 55; 83; 84; 28; 10; 80; 80
47,56,0.12047,0.83929,62; 47; 27; 16; 45; 32; 56; 42; 12; 26
41,84,0.09205,0.4881,24; 41; 68; 30; 28; 62; 84; 77; 13; 61
19,76,0.10331,0.25,23; 19; 27; 38; 74; 10; 76; 34; 15; 31
43,76,0.10285,0.56579,6; 43; 83; 71; 63; 42; 76; 24; 54; 5
12,43,0.13653,0.27907,50; 12; 63; 35; 59; 12; 43; 80; 17; 48
16,46,0.14074,0.34783,83; 16; 38; 84; 78; 39; 46; 30; 30; 60
24,74,0.10152,0.32432,34; 24; 77; 57; 5; 11; 74; 72; 74; 75
15,19,0.13185,0.78947,81; 15; 77; 71; 19; 9; 19; 6; 80; 43
37,76,0.10306,0.48684,25; 37; 67; 48; 13; 15; 76; 82; 71; 10
22,79,0.10205,0.27848,21; 22; 49; 51; 75; 34; 79; 21; 71; 41
24,84,0.09432,0.28571,76; 24; 7; 54; 52; 68; 84; 62; 48; 13
7,23,0.12587,0.30435,65; 7; 73; 56; 36; 40; 23; 77; 7; 42
21,63,0.11322,0.33333,14; 21; 18; 67; 47; 84; 63; 55; 72; 84
22,74,0.11424,0.2973,24; 22; 59; 41; 6; 23; 74; 23; 9; 41
19,67,0.11078,0.28358,33; 19; 60; 81; 57; 48; 67; 60; 59; 65
21,72,0.10368,0.29167,27; 21; 82; 31; 5; 82; 72; 47; 40; 11
27,47,0.13536,0.57447,40; 27; 42; 41; 13; 68; 47; 72; 43; 23
59,72,0.09866,0.81944,42; 59; 68; 47; 82; 21; 72; 21; 55; 79
19,60,0.11811,0.31667,47; 19; 40; 9; 48; 18; 60; 31; 57; 45
21,64,0.1161,0.32812,42; 21; 84; 11; 51; 76; 64; 53; 61; 29
23,63,0.12326,0.36508,40; 23; 28; 45; 63; 43; 63; 16; 42; 65
24,68,0.09987,0.35294,47; 24; 81; 20; 53; 55; 68; 57; 40; 32
39,69,0.10658,0.56522,75; 39; 46; 34; 58; 63; 69; 66; 40; 55
26,70,0.10642,0.37143,79; 26; 37; 57; 55; 17; 70; 65; 18; 27
11,38,0.136,0.28947,35; 11; 41; 42; 40; 30; 38; 85; 47; 8
47,59,0.12557,0.79661,43; 47; 46; 31; 59; 35; 59; 43; 47; 16
30,82,0.08687,0.36585,56; 30; 42; 65; 39; 13; 82; 41; 80; 66
42,50,0.1294,0.84,56; 42; 12; 47; 34; 16; 50; 68; 40; 13
16,58,0.11762,0.27586,25; 16; 39; 10; 16; 6; 58; 45; 51; 32
45,57,0.12709,0.78947,31; 45; 78; 53; 43; 44; 57; 51; 74; 20
59,72,0.09192,0.81944,44; 59; 54; 25; 13; 37; 72; 46; 26; 71
33,59,0.11872,0.55932,78; 33; 50; 49; 36; 12; 59; 15; 13; 72
18,74,0.10628,0.24324,77; 18; 30; 25; 25; 60; 74; 26; 76; 59
31,84,0.09022,0.36905,20; 31; 44; 79; 10; 57; 84; 74; 64; 85
27,33,0.1319,0.81818,83; 27; 42; 58; 60; 11; 33; 42; 19; 70
53,66,0.1052,0.80303,64; 53; 71; 38; 62; 50; 66; 69; 74; 55
69,80,0.07618,0.8625,57; 69; 54; 29; 23; 83; 80; 82; 54; 9
33,42,0.12449,0.78571,49; 33; 56; 26; 63; 83; 42; 39; 54; 75
42,53,0.12509,0.79245,54; 42; 28; 73; 76; 23; 53; 77; 20; 12
8,10,0.13787,0.8,61; 8; 49; 44; 24; 43; 10; 45; 27; 78
55,70,0.09839,0.78571,5; 55; 25; 60; 40; 61; 70; 50; 71; 75
6,19,0.11758,0.31579,31; 6; 80; 53; 38; 36; 19; 15; 66; 49
10,31,0.13808,0.32258,67; 10; 75; 56; 36; 5; 31; 44; 50; 14
16,35,0.13244,0.45714,80; 16; 59; 76; 10; 73; 35; 32; 8; 46
64,80,0.086,0.8,84; 64; 59; 25; 50; 69; 80; 43; 49; 23
24,76,0.1057,0.31579,20; 24; 84; 44; 84; 58; 76; 33; 54; 38
8,34,0.1402,0.23529,72; 8; 61; 49; 7; 45; 34; 84; 20; 7
18,63,0.11395,0.28571,64; 18; 70; 69; 23; 66; 63; 84; 77; 12
60,75,0.09495,0.8,40; 60; 18; 36; 81; 72; 75; 19; 22; 24
22,69,0.10687,0.31884,14; 22; 77; 55; 5; 42; 69; 67; 24; 55
24,69,0.10805,0.34783,37; 24; 61; 70; 23; 43; 69; 7; 22; 63
41,72,0.10747,0.56944,33; 41; 54; 37; 49; 84; 72; 38; 43; 64
12,51,0.13697,0.23529,66; 12; 8; 84; 37; 83; 51; 75; 14; 74
14,44,0.14041,0.31818,42; 14; 12; 63; 73; 56; 44; 5; 14; 34
15,27,0.13319,0.55556,42; 15; 81; 40; 18; 81; 27; 43; 78; 42
35,76,0.09683,0.46053,48; 35; 58; 20; 40; 48; 76; 37; 41; 18
31,83,0.09822,0.37349,42; 31; 80; 7; 63; 83; 83; 53; 78; 63
18,75,0.09917,0.24,58; 18; 83; 21; 21; 26; 75; 40; 64; 49
15,51,0.13406,0.29412,56; 15; 33; 50; 59; 65; 51; 22; 38; 29
9,30,0.14967,0.3,35; 9; 48; 34; 24; 73; 30; 43; 83; 11
71,83,0.0747,0.85542,19; 71; 40; 79; 25; 27; 83; 80; 54; 30
9,37,0.14883,0.24324,73; 9; 8; 27; 37; 20; 37; 43; 43; 26
20,40,0.13796,0.5,68; 20; 16; 43; 11; 36; 40; 66; 57; 50
14,56,0.12793,0.25,70; 14; 49; 35; 32; 36; 56; 26; 24; 82
24,81,0.09019,0.2963,38; 24; 68; 49; 83; 15; 81; 11; 52; 79
28,85,0.08929,0.32941,83; 28; 73; 10; 56; 10; 85; 11; 67; 63
34,70,0.11278,0.48571,30; 34; 81; 11; 67; 18; 70; 61; 76; 50
13,44,0.141,0.29545,23; 13; 66; 22; 50; 10; 44; 46; 85; 76
7,21,0.12213,0.33333,81; 7; 51; 5; 57; 21; 21; 5; 68; 22
27,59,0.11761,0.45763,58; 27; 83; 61; 83; 52; 59; 32; 21; 72
8,29,0.13567,0.27586,71; 8; 54; 21; 58; 33; 29; 58; 28; 67
17,70,0.10905,0.24286,23; 17; 16; 29; 20; 85; 70; 59; 83; 7
5,10,0.10707,0.5,9; 5; 72; 59; 23; 72; 10; 16; 14; 82
18,52,0.12857,0.34615,60; 18; 12; 28; 29; 25; 52; 65; 23; 38
63,75,0.0843,0.84,70; 63; 14; 49; 63; 60; 75; 81; 23; 74
25,54,0.12244,0.46296,65; 25; 39; 10; 55; 22; 54; 41; 38; 76
13,23,0.1334,0.56522,64; 13; 52; 44; 73; 5; 23; 41; 12; 70
14,38,0.12552,0.36842,61; 14; 38; 22; 32; 69; 38; 52; 34; 76
45,79,0.10305,0.56962,18; 45; 47; 33; 48; 74; 79; 62; 23; 68
45,80,0.10008,0.5625,75; 45; 22; 42; 80; 9; 80; 41; 51; 55
23,65,0.11653,0.35385,41; 23; 72; 54; 65; 7; 65; 82; 59; 51
11,33,0.13844,0.33333,30; 11; 85; 74; 83; 73; 33; 17; 7; 72
38,76,0.10106,0.5,12; 38; 43; 56; 20; 38; 76; 73; 76; 43
57,68,0.10192,0.83824,76; 57; 37; 84; 76; 79; 68; 44; 38; 75
17,61,0.1186,0.27869,51; 17; 84; 61; 28; 57; 61; 21; 72; 52
31,84,0.08811,0.36905,47; 31; 48; 19; 42; 51; 84; 72; 61; 62
55,64,0.10428,0.85938,21; 55; 67; 41; 10; 5; 64; 23; 57; 70
22,78,0.1049,0.28205,61; 22; 20; 55; 5; 32; 78; 36; 69; 79
10,30,0.13652,0.33333,64; 10; 56; 63; 61; 26; 30; 58; 70; 14
32,69,0.12031,0.46377,5; 32; 28; 78; 68; 78; 69; 47; 80; 45
54,63,0.11327,0.85714,39; 54; 24; 74; 29; 83; 63; 75; 76; 58
24,43,0.13992,0.55814,6; 24; 82; 60; 58; 41; 43; 7; 71; 64
64,78,0.08624,0.82051,13; 64; 70; 51; 41; 33; 78; 33; 36; 24
8,34,0.13545,0.23529,74; 8; 68; 28; 39; 34; 34; 59; 65; 39
10,20,0.1382,0.5,39; 10; 28; 5; 48; 12; 20; 49; 53; 74
8,10,0.13335,0.8,19; 8; 61; 14; 43; 6; 10; 70; 29; 59
9,32,0.1444,0.28125,26; 9; 38; 82; 34; 6; 32; 8; 14; 79
28,57,0.11944,0.49123,76; 28; 18; 24; 64; 24; 57; 29; 22; 34
36,63,0.11595,0.57143,73; 36; 6; 61; 14; 9; 63; 24; 43; 47
22,79,0.1014,0.27848,84; 22; 21; 58; 72; 22; 79; 44; 85; 85
39,79,0.09877,0.49367,68; 39; 54; 54; 19; 11; 79; 73; 79; 85
11,30,0.13717,0.36667,29; 11; 13; 18; 44; 61; 30; 43; 40; 26
7,20,0.12494,0.35,66; 7; 78; 70; 30; 58; 20; 73; 70; 14
39,69,0.10853,0.56522,32; 39; 28; 80; 8; 68; 69; 21; 33; 28
7,19,0.1205,0.36842,61; 7; 48; 59; 53; 78; 19; 52; 66; 67
28,57,0.12257,0.49123,77; 28; 15; 80; 57; 57; 57; 62; 67; 72
37,66,0.11658,0.56061,76; 37; 56; 19; 24; 69; 66; 31; 5; 35
59,74,0.09126,0.7973,52; 59; 20; 18; 84; 13; 74; 28; 62; 81
12,50,0.13562,0.24,10; 12; 75; 43; 26; 66; 50; 73; 71; 77
20,80,0.09814,0.25,70; 20; 47; 14; 66; 63; 80; 57; 24; 40
9,18,0.13805,0.5,72; 9; 78; 7; 64; 34; 18; 8; 60; 79
29,82,0.09894,0.35366,63; 29; 70; 53; 33; 7; 82; 83; 43; 79
35,62,0.1169,0.56452,75; 35; 29; 52; 47; 31; 62; 47; 31; 81
18,65,0.11344,0.27692,59; 18; 40; 16; 64; 61; 65; 14; 80; 84
35,71,0.10291,0.49296,84; 35; 26; 31; 38; 71; 71; 20; 6; 34
21,70,0.10689,0.3,20; 21; 70; 49; 13; 70; 70; 70; 7; 8
47,82,0.09874,0.57317,75; 47; 31; 13; 16; 57; 82; 80; 38; 26
19,66,0.10254,0.28788,46; 19; 22; 54; 24; 55; 66; 53; 10; 33
68,85,0.0745,0.8,20; 68; 26; 35; 67; 19; 85; 41; 43; 14
23,73,0.10353,0.31507,5; 23; 31; 29; 63; 78; 73; 29; 60; 44
12,42,0.14432,0.28571,51; 12; 76; 59; 5; 29; 42; 70; 23; 74
29,78,0.0952,0.37179,62; 29; 54; 50; 67; 18; 78; 29; 52; 64
20,68,0.10471,0.29412,7; 20; 47; 85; 12; 35; 68; 77; 5; 19
27,48,0.12866,0.5625,20; 27; 84; 52; 5; 12; 48; 68; 50; 26
14,17,0.13338,0.82353,84; 14; 46; 84; 60; 48; 17; 75; 38; 83
5,10,0.10388,0.5,8; 5; 9; 85; 58; 13; 10; 77; 69; 46
53,63,0.11139,0.84127,50; 53; 24; 21; 68; 7; 63; 82; 28; 58
6,7,0.10616,0.85714,36; 6; 71; 60; 58; 83; 7; 40; 26; 70
6,7,0.10899,0.85714,54; 6; 11; 17; 11; 67; 7; 41; 84; 11
11,22,0.14121,0.5,21; 11; 25; 30; 58; 69; 22; 46; 44; 39
24,49,0.13338,0.4898,13; 24; 66; 5; 74; 10; 49; 63; 75; 14
26,33,0.13206,0.78788,15; 26; 54; 55; 74; 64; 33; 8; 64; 75
12,50,0.13427,0.24,70; 12; 12; 82; 31; 50; 50; 82; 79; 33
31,39,0.13701,0.79487,10; 31; 69; 22; 70; 73; 39; 20; 58; 32
41,72,0.11294,0.56944,21; 41; 60; 41; 50; 49; 72; 52; 15; 31
39,85,0.09115,0.45882,29; 39; 50; 80; 71; 79; 85; 44; 84; 71
44,51,0.1347,0.86275,29; 44; 82; 35; 65; 29; 51; 58; 23; 12
50,61,0.11954,0.81967,62; 50; 10; 63; 41; 11; 61; 75; 56; 6
14,25,0.13873,0.56,18; 14; 43; 7; 81; 27; 25; 67; 20; 56
61,77,0.09481,0.79221,17; 61; 8; 69; 11; 17; 77; 42; 22; 6
30,35,0.13594,0.85714,15; 30; 18; 40; 21; 66; 35; 46; 11; 15
17,72,0.10602,0.23611,49; 17; 53; 33; 7; 5; 72; 21; 70; 56
19,69,0.10505,0.27536,17; 19; 8; 41; 56; 36; 69; 81; 33; 69
57,66,0.09441,0.86364,10; 57; 42; 75; 76; 11; 66; 14; 61; 51
35,44,0.13507,0.79545,20; 35; 84; 66; 40; 51; 44; 48; 7; 30
32,70,0.10882,0.45714,67; 32; 83; 13; 75; 53; 70; 32; 10; 52
63,79,0.08832,0.79747,19; 63; 85; 39; 43; 6; 79; 77; 84; 50
20,67,0.0995,0.29851,33; 20; 54; 37; 30; 46; 67; 70; 30; 30
13,44,0.1414,0.29545,59; 13; 14; 8; 31; 51; 44; 74; 47; 5
17,46,0.13025,0.36957,7; 17; 42; 14; 61; 8; 46; 28; 19; 14
52,65,0.10754,0.8,35; 52; 49; 60; 13; 46; 65; 9; 68; 21
44,51,0.13222,0.86275,65; 44; 35; 24; 48; 53; 51; 24; 34; 55
17,72,0.10387,0.23611,20; 17; 77; 67; 72; 20; 72; 62; 79; 58
15,62,0.11961,0.24194,25; 15; 83; 10; 47; 74; 62; 16; 30; 57
48,84,0.09091,0.57143,50; 48; 49; 21; 19; 47; 84; 42; 11; 38
33,72,0.10481,0.45833,11; 33; 85; 68; 63; 72; 72; 61; 30; 65
53,63,0.11283,0.84127,15; 53; 39; 43; 29; 45; 63; 42; 81; 44
59,72,0.09678,0.81944,56; 59; 28; 68; 42; 33; 72; 36; 42; 7
10,35,0.14441,0.28571,18; 10; 67; 29; 60; 78; 35; 50; 8; 24
39,80,0.1115,0.4875,52; 39; 7; 38; 63; 77; 80; 20; 35; 9
55,69,0.10571,0.7971,25; 55; 60; 24; 37; 71; 69; 9; 58; 6
36,79,0.09825,0.4557,76; 36; 16; 22; 58; 10; 79; 22; 24; 46
19,63,0.11869,0.30159,35; 19; 27; 12; 74; 66; 63; 21; 83; 79
20,62,0.11458,0.32258,21; 20; 58; 53; 56; 78; 62; 19; 35; 64
22,39,0.12909,0.5641,82; 22; 14; 34; 19; 70; 39; 5; 63; 8
17,68,0.10913,0.25,59; 17; 55; 62; 39; 29; 68; 39; 62; 37
25,76,0.1052,0.32895,84; 25; 45; 40; 54; 6; 76; 67; 35; 18
19,55,0.11769,0.34545,15; 19; 49; 84; 62; 11; 55; 45; 54; 85
23,65,0.10388,0.35385,44; 23; 23; 44; 57; 34; 65; 38; 80; 12
44,56,0.12776,0.78571,55; 44; 23; 65; 76; 26; 56; 28; 79; 69
9,18,0.14063,0.5,80; 9; 49; 69; 24; 31; 18; 81; 64; 36
29,52,0.12749,0.55769,10; 29; 61; 49; 61; 78; 52; 46; 52; 45
24,79,0.09925,0.3038,85; 24; 13; 21; 82; 45; 79; 42; 85; 19
19,55,0.12228,0.34545,54; 19; 13; 18; 76; 29; 55; 83; 16; 29
18,55,0.12461,0.32727,65; 18; 45; 67; 9; 55; 55; 68; 45; 6
24,48,0.13092,0.5,74; 24; 70; 11; 46; 20; 48; 66; 5; 52
7,21,0.12255,0.33333,30; 7; 6; 53; 28; 71; 21; 70; 40; 56
16,32,0.13563,0.5,13; 16; 27; 17; 55; 64; 32; 12; 5; 64
7,28,0.12809,0.25,59; 7; 13; 5; 41; 13; 28; 67; 72; 63
39,84,0.11295,0.46429,36; 39; 5; 56; 32; 22; 84; 11; 66; 40
21,72,0.10023,0.29167,34; 21; 25; 8; 9; 81; 72; 42; 32; 60
68,79,0.08238,0.86076,51; 68; 47; 15; 77; 84; 79; 70; 81; 53
15,50,0.13209,0.3,27; 15; 45; 39; 68; 85; 50; 57; 8; 81
10,20,0.1337,0.5,72; 10; 55; 10; 67; 78; 20; 20; 81; 59
44,79,0.10083,0.55696,29; 44; 79; 24; 66; 81; 79; 19; 38; 20
18,61,0.11611,0.29508,28; 18; 34; 49; 32; 27; 61; 62; 37; 7
30,53,0.11895,0.56604,51; 30; 62; 77; 10; 77; 53; 49; 66; 59
15,62,0.11909,0.24194,72; 15; 79; 44; 10; 29; 62; 35; 85; 44
13,40,0.13564,0.325,54; 13; 65; 45; 78; 71; 40; 81; 43; 50
19,59,0.1199,0.32203,31; 19; 51; 35; 38; 68; 59; 35; 82; 81
19,58,0.12462,0.32759,18; 19; 28; 82; 83; 26; 58; 31; 55; 53
31,83,0.08627,0.37349,56; 31; 71; 36; 24; 41; 83; 12; 78; 36
70,83,0.07742,0.84337,81; 70; 49; 37; 74; 70; 83; 8; 72; 29
62,72,0.08806,0.86111,28; 62; 12; 51; 17; 26; 72; 20; 63; 82
56,68,0.1029,0.82353,50; 56; 69; 37; 36; 78; 68; 15; 71; 42
66,79,0.08151,0.83544,5; 66; 74; 47; 43; 33; 79; 36; 50; 45
66,84,0.07805,0.78571,31; 66; 22; 10; 53; 85; 84; 76; 20; 25
20,85,0.09277,0.23529,52; 20; 67; 27; 43; 25; 85; 63; 58; 81
40,70,0.10287,0.57143,14; 40; 81; 54; 59; 23; 70; 18; 74; 69
46,82,0.10233,0.56098,24; 46; 34; 62; 82; 59; 82; 13; 73; 63
14,40,0.14077,0.35,25; 14; 81; 5; 79; 7; 40; 14; 54; 33
28,56,0.12302,0.5,81; 28; 69; 57; 19; 15; 56; 78; 78; 58
14,46,0.13831,0.30435,20; 14; 59; 67; 15; 71; 46; 51; 28; 35
36,44,0.13665,0.81818,12; 36; 39; 53; 37; 65; 44; 63; 14; 10
15,52,0.1275,0.28846,13; 15; 35; 29; 17; 36; 52; 81; 69; 68
29,83,0.0969,0.3494,46; 29; 48; 12; 13; 67; 83; 34; 69; 61
63,79,0.08411,0.79747,23; 63; 65; 33; 19; 47; 79; 72; 60; 71
25,54,0.13771,0.46296,32; 25; 65; 19; 83; 32; 54; 69; 73; 11
29,82,0.10771,0.35366,12; 29; 25; 56; 5; 61; 82; 60; 10; 11
56,70,0.09968,0.8,72; 56; 73; 50; 76; 67; 70; 5; 20; 78
24,48,0.13177,0.5,20; 24; 16; 24; 75; 44; 48; 16; 13; 66
23,40,0.13823,0.575,34; 23; 29; 65; 18; 49; 40; 27; 58; 59
47,84,0.0903,0.55952,58; 47; 73; 7; 46; 39; 84; 55; 5; 49
65,82,0.08279,0.79268,70; 65; 51; 62; 34; 82; 82; 78; 10; 73
56,71,0.09933,0.78873,73; 56; 51; 64; 10; 55; 71; 79; 20; 26
39,79,0.10895,0.49367,43; 39; 84; 44; 71; 31; 79; 42; 70; 70
23,40,0.1367,0.575,60; 23; 21; 82; 9; 65; 40; 26; 56; 59
41,52,0.12893,0.78846,27; 41; 73; 62; 76; 62; 52; 85; 62; 71
10,36,0.13744,0.27778,39; 10; 40; 41; 10; 84; 36; 9; 65; 60
28,75,0.10654,0.37333,80; 28; 64; 77; 11; 75; 75; 44; 7; 15
13,55,0.13087,0.23636,61; 13; 15; 15; 85; 13; 55; 15; 76; 55
15,46,0.13399,0.32609,34; 15; 64; 26; 20; 35; 46; 12; 30; 76
30,85,0.08987,0.35294,38; 30; 63; 85; 11; 44; 85; 16; 74; 49
43,51,0.13039,0.84314,83; 43; 72; 38; 73; 40; 51; 10; 5; 48
56,71,0.09979,0.78873,65; 56; 5; 40; 22; 53; 71; 69; 69; 26
20,84,0.09217,0.2381,41; 20; 80; 20; 52; 58; 84; 56; 38; 57
10,34,0.13813,0.29412,53; 10; 31; 32; 48; 84; 34; 30; 27; 35
6,25,0.11976,0.24,7; 6; 49; 20; 51; 20; 25; 9; 79; 72
26,31,0.12795,0.83871,76; 26; 40; 51; 63; 13; 31; 30; 65; 31
38,82,0.0892,0.46341,70; 38; 31; 26; 78; 34; 82; 8; 34; 53
12,49,0.14184,0.2449,53; 12; 66; 5; 53; 10; 49; 29; 21; 13
59,70,0.0931,0.84286,48; 59; 43; 25; 43; 32; 70; 60; 10; 23
12,34,0.13567,0.35294,84; 12; 25; 24; 64; 66; 34; 39; 73; 10
19,55,0.12427,0.34545,70; 19; 51; 58; 38; 58; 55; 50; 42; 49
15,54,0.12487,0.27778,33; 15; 70; 81; 31; 75; 54; 85; 35; 73
24,79,0.09485,0.3038,31; 24; 8; 38; 85; 48; 79; 53; 35; 53
22,66,0.10663,0.33333,12; 22; 64; 71; 24; 9; 66; 49; 53; 59
18,76,0.09789,0.23684,76; 18; 14; 43; 30; 44; 76; 15; 24; 16
24,80,0.09661,0.3,17; 24; 11; 10; 27; 37; 80; 53; 32; 24
26,74,0.1001,0.35135,34; 26; 20; 58; 59; 45; 74; 84; 31; 78
43,50,0.14111,0.86,65; 43; 41; 54; 30; 7; 50; 5; 46; 35
73,85,0.07362,0.85882,22; 73; 66; 20; 29; 25; 85; 63; 73; 21
15,45,0.13569,0.33333,14; 15; 58; 62; 81; 45; 45; 65; 53; 74
28,50,0.12974,0.56,53; 28; 81; 75; 83; 85; 50; 79; 33; 57
26,31,0.13704,0.83871,61; 26; 72; 83; 38; 82; 31; 83; 30; 55
32,56,0.13017,0.57143,47; 32; 38; 25; 8; 59; 56; 31; 74; 46
25,72,0.10171,0.34722,74; 25; 81; 35; 7; 23; 72; 32; 70; 57
15,45,0.1296,0.33333,26; 15; 67; 7; 44; 17; 45; 65; 22; 70
68,85,0.07461,0.8,16; 68; 84; 27; 54; 43; 85; 18; 35; 31
18,63,0.11193,0.28571,52; 18; 83; 49; 53; 58; 63; 55; 79; 76
13,44,0.13978,0.29545,30; 13; 84; 75; 71; 60; 44; 66; 59; 63
18,55,0.12322,0.32727,33; 18; 24; 48; 38; 15; 55; 40; 6; 19
10,31,0.14108,0.32258,31; 10; 71; 56; 35; 19; 31; 12; 73; 37
44,55,0.12811,0.8,26; 44; 82; 24; 26; 58; 55; 6; 50; 14
51,59,0.11897,0.86441,30; 51; 48; 46; 14; 13; 59; 54; 19; 21
45,81,0.09924,0.55556,53; 45; 20; 13; 7; 44; 81; 68; 59; 85
42,50,0.13993,0.84,24; 42; 24; 57; 9; 22; 50; 13; 49; 70
17,60,0.12423,0.28333,24; 17; 52; 31; 27; 26; 60; 83; 5; 66
23,50,0.12671,0.46,30; 23; 51; 63; 43; 55; 50; 84; 70; 73
66,83,0.07893,0.79518,53; 66; 31; 66; 6; 41; 83; 40; 39; 27
34,60,0.11338,0.56667,20; 34; 46; 35; 17; 6; 60; 73; 5; 29
20,79,0.09743,0.25316,77; 20; 54; 58; 77; 84; 79; 36; 84; 73
31,36,0.12618,0.86111,84; 31; 11; 19; 52; 53; 36; 15; 14; 71
21,84,0.09704,0.25,85; 21; 82; 9; 25; 45; 84; 56; 63; 8
56,70,0.0972,0.8,58; 56; 13; 32; 73; 43; 70; 82; 43; 42
18,75,0.10188,0.24,24; 18; 73; 78; 62; 69; 75; 66; 58; 16
12,14,0.13512,0.85714,64; 12; 49; 53; 48; 84; 14; 72; 61; 7
23,69,0.10316,0.33333,66; 23; 44; 78; 82; 71; 69; 60; 18; 29
52,66,0.11417,0.78788,32; 52; 32; 22; 47; 66; 66; 21; 31; 68
13,41,0.13263,0.31707,33; 13; 20; 13; 82; 81; 41; 30; 85; 50
17,49,0.13023,0.34694,15; 17; 36; 56; 82; 76; 49; 46; 49; 8
13,23,0.13159,0.56522,61; 13; 34; 78; 30; 77; 23; 82; 6; 17
22,69,0.10409,0.31884,29; 22; 50; 64; 25; 48; 69; 81; 34; 78
13,45,0.12946,0.28889,29; 13; 70; 40; 49; 69; 45; 33; 21; 73
13,23,0.1375,0.56522,64; 13; 75; 71; 83; 9; 23; 52; 32; 60
25,29,0.13291,0.86207,28; 25; 32; 51; 17; 61; 29; 34; 36; 35
5,21,0.10157,0.2381,19; 5; 18; 40; 30; 7; 21; 14; 81; 17
32,64,0.11049,0.5,40; 32; 64; 80; 57; 16; 64; 31; 33; 18
36,72,0.11116,0.5,67; 36; 55; 52; 65; 41; 72; 58; 20; 53
23,80,0.09796,0.2875,21; 23; 11; 71; 31; 12; 80; 59; 48; 18
63,79,0.09398,0.79747,71; 63; 11; 59; 19; 73; 79; 31; 33; 8
64,74,0.09032,0.86486,5; 64; 13; 84; 40; 52; 74; 7; 11; 37
47,57,0.12492,0.82456,7; 47; 25; 37; 68; 15; 57; 56; 68; 52
21,84,0.09145,0.25,30; 21; 39; 25; 45; 85; 84; 72; 54; 55
57,66,0.10392,0.86364,67; 57; 62; 44; 44; 18; 66; 78; 39; 50
31,67,0.11158,0.46269,70; 31; 52; 10; 71; 64; 67; 58; 31; 63
22,76,0.08666,0.28947,77; 22; 44; 14; 27; 23; 76; 53; 73; 28
42,85,0.09447,0.49412,50; 42; 84; 13; 10; 35; 85; 47; 78; 63
22,63,0.10867,0.34921,38; 22; 15; 54; 15; 83; 63; 53; 59; 53
67,80,0.07853,0.8375,52; 67; 38; 13; 24; 23; 80; 12; 75; 40
27,77,0.0968,0.35065,44; 27; 63; 42; 67; 17; 77; 23; 16; 11
14,25,0.13468,0.56,51; 14; 46; 27; 28; 15; 25; 7; 62; 80
39,68,0.09904,0.57353,5; 39; 32; 16; 29; 66; 68; 81; 77; 78
19,59,0.118,0.32203,63; 19; 20; 12; 46; 28; 59; 37; 26; 48
18,37,0.13343,0.48649,21; 18; 67; 78; 17; 53; 37; 59; 66; 33
13,40,0.1373,0.325,30; 13; 44; 33; 10; 34; 40; 63; 33; 36
63,73,0.08899,0.86301,18; 63; 18; 29; 48; 68; 73; 30; 69; 25
28,34,0.13262,0.82353,27; 28; 45; 14; 21; 49; 34; 71; 21; 85
26,33,0.13635,0.78788,20; 26; 26; 37; 77; 33; 33; 34; 48; 71
21,64,0.10981,0.32812,12; 21; 55; 6; 73; 84; 64; 60; 16; 72
23,29,0.12986,0.7931,81; 23; 51; 72; 14; 54; 29; 23; 58; 83
14,56,0.12279,0.25,66; 14; 71; 72; 65; 35; 56; 73; 14; 63
22,63,0.11479,0.34921,59; 22; 71; 43; 25; 40; 63; 60; 5; 30
29,78,0.10838,0.37179,14; 29; 27; 25; 79; 24; 78; 72; 78; 5
44,56,0.1355,0.78571,81; 44; 43; 48; 62; 67; 56; 85; 60; 20
39,85,0.09136,0.45882,59; 39; 17; 75; 11; 75; 85; 5; 6; 24
63,77,0.09409,0.81818,22; 63; 55; 14; 57; 74; 77; 32; 11; 13
20,62,0.11512,0.32258,55; 20; 85; 26; 76; 14; 62; 45; 13; 30
24,69,0.11114,0.34783,37; 24; 77; 16; 48; 41; 69; 36; 18; 58
23,47,0.13512,0.48936,5; 23; 18; 41; 73; 57; 47; 57; 49; 42
22,76,0.09653,0.28947,66; 22; 69; 28; 22; 82; 76; 74; 75; 55
20,84,0.09179,0.2381,29; 20; 73; 27; 41; 48; 84; 54; 59; 21
28,76,0.10269,0.36842,13; 28; 13; 77; 37; 31; 76; 58; 12; 77
13,53,0.12804,0.24528,52; 13; 26; 75; 5; 50; 53; 46; 5; 78
51,61,0.10952,0.83607,26; 51; 20; 31; 49; 81; 61; 81; 43; 32
68,79,0.07893,0.86076,79; 68; 63; 30; 17; 77; 79; 8; 79; 31
5,21,0.10781,0.2381,52; 5; 39; 52; 24; 47; 21; 38; 31; 75
25,79,0.09783,0.31646,25; 25; 15; 36; 26; 53; 79; 8; 10; 7
6,7,0.10569,0.85714,46; 6; 79; 31; 35; 29; 7; 14; 85; 65
10,31,0.14008,0.32258,12; 10; 56; 15; 44; 47; 31; 40; 65; 22
47,56,0.12749,0.83929,25; 47; 20; 74; 44; 33; 56; 21; 55; 46
25,68,0.1131,0.36765,72; 25; 62; 35; 8; 60; 68; 67; 80; 33
24,74,0.10678,0.32432,36; 24; 79; 27; 82; 81; 74; 5; 10; 44
69,80,0.08029,0.8625,58; 69; 43; 34; 63; 59; 80; 67; 45; 74
30,81,0.10398,0.37037,16; 30; 79; 32; 84; 71; 81; 11; 12; 72
22,44,0.13278,0.5,38; 22; 12; 32; 79; 73; 44; 31; 68; 46
14,58,0.13012,0.24138,27; 14; 58; 57; 18; 85; 58; 8; 39; 58
15,52,0.13228,0.28846,43; 15; 69; 52; 29; 39; 52; 38; 73; 45
34,74,0.10417,0.45946,29; 34; 8; 7; 31; 74; 74; 48; 44; 43
6,7,0.10813,0.85714,6; 6; 57; 14; 14; 25; 7; 43; 8; 48
16,54,0.12527,0.2963,40; 16; 8; 32; 9; 47; 54; 70; 49; 66
34,74,0.1036,0.45946,10; 34; 79; 53; 53; 77; 74; 10; 82; 22
19,51,0.13255,0.37255,66; 19; 25; 22; 68; 59; 51; 62; 53; 49
28,57,0.12227,0.49123,40; 28; 15; 61; 6; 71; 57; 7; 36; 11
52,66,0.10849,0.78788,10; 52; 72; 61; 52; 33; 66; 45; 6; 63
9,26,0.13515,0.34615,11; 9; 16; 60; 85; 48; 26; 20; 58; 5
16,19,0.13289,0.84211,78; 16; 62; 29; 19; 59; 19; 59; 53; 66
69,82,0.07813,0.84146,16; 69; 18; 59; 68; 67; 82; 65; 30; 67
15,52,0.13097,0.28846,17; 15; 22; 38; 43; 33; 52; 68; 68; 23
48,57,0.11947,0.84211,76; 48; 22; 6; 68; 12; 57; 46; 50; 63
63,77,0.08289,0.81818,19; 63; 37; 32; 19; 71; 77; 54; 37; 9
21,73,0.10035,0.28767,8; 21; 10; 46; 54; 71; 73; 35; 74; 75
14,42,0.13293,0.33333,41; 14; 10; 47; 43; 26; 42; 62; 75; 28
12,49,0.13816,0.2449,50; 12; 67; 41; 16; 30; 49; 74; 85; 53
22,79,0.09413,0.27848,39; 22; 8; 72; 24; 22; 79; 70; 43; 74
24,65,0.10812,0.36923,27; 24; 46; 9; 12; 80; 65; 53; 77; 9
19,78,0.11117,0.24359,77; 19; 46; 44; 46; 37; 78; 35; 37; 25
29,84,0.09478,0.34524,48; 29; 85; 29; 55; 85; 84; 67; 34; 48
20,83,0.09063,0.24096,45; 20; 72; 31; 57; 71; 83; 57; 54; 21
51,64,0.11021,0.79688,21; 51; 52; 54; 63; 56; 64; 71; 71; 51
6,25,0.12456,0.24,57; 6; 55; 44; 56; 79; 25; 69; 78; 73
13,53,0.12727,0.24528,85; 13; 22; 8; 72; 22; 53; 65; 45; 57
32,40,0.14145,0.8,77; 32; 24; 22; 22; 85; 40; 45; 6; 49
28,57,0.12319,0.49123,13; 28; 64; 29; 59; 71; 57; 11; 51; 65
32,57,0.11838,0.5614,58; 32; 76; 23; 16; 29; 57; 63; 10; 5
31,37,0.13923,0.83784,5; 31; 49; 34; 26; 19; 37; 13; 20; 78
19,75,0.09877,0.25333,44; 19; 72; 28; 31; 78; 75; 35; 38; 67
25,76,0.10437,0.32895,28; 25; 76; 32; 36; 18; 76; 66; 9; 23
50,58,0.1226,0.86207,26; 50; 56; 29; 75; 54; 58; 72; 29; 46
27,73,0.10224,0.36986,56; 27; 67; 35; 51; 18; 73; 84; 81; 48
26,31,0.12476,0.83871,13; 26; 83; 74; 45; 70; 31; 36; 68; 38
27,77,0.09606,0.35065,27; 27; 83; 62; 70; 72; 77; 52; 56; 83
7,23,0.12565,0.30435,72; 7; 8; 33; 23; 35; 23; 16; 70; 35
18,75,0.09667,0.24,16; 18; 35; 13; 28; 78; 75; 49; 17; 38
34,70,0.11647,0.48571,36; 34; 14; 24; 27; 77; 70; 59; 31; 48
73,85,0.07109,0.85882,58; 73; 17; 40; 10; 39; 85; 58; 81; 32
57,68,0.10203,0.83824,68; 57; 46; 73; 58; 85; 68; 65; 14; 38
33,68,0.11009,0.48529,61; 33; 33; 36; 32; 37; 68; 9; 76; 11
67,84,0.07682,0.79762,16; 67; 42; 21; 60; 69; 84; 78; 42; 37
40,80,0.10152,0.5,77; 40; 41; 24; 8; 76; 80; 8; 5; 73
15,59,0.11796,0.25424,20; 15; 84; 18; 8; 33; 59; 77; 51; 12
32,38,0.13463,0.84211,71; 32; 66; 19; 55; 27; 38; 12; 5; 75
19,59,0.12439,0.32203,33; 19; 85; 58; 48; 56; 59; 37; 30; 35
41,82,0.10635,0.5,55; 41; 30; 58; 56; 73; 82; 51; 37; 9
23,79,0.09825,0.29114,63; 23; 84; 45; 77; 20; 79; 57; 7; 81
44,79,0.10682,0.55696,18; 44; 32; 18; 77; 16; 79; 83; 32; 34
31,38,0.13701,0.81579,43; 31; 48; 71; 71; 82; 38; 83; 11; 35
13,40,0.13375,0.325,76; 13; 47; 49; 81; 63; 40; 38; 16; 77
25,83,0.10012,0.3012,22; 25; 29; 61; 84; 34; 83; 21; 81; 41
16,35,0.13178,0.45714,63; 16; 11; 14; 18; 32; 35; 77; 52; 13
23,40,0.13113,0.575,20; 23; 64; 43; 77; 42; 40; 40; 68; 5
12,24,0.13419,0.5,39; 12; 79; 21; 33; 78; 24; 28; 41; 36
67,82,0.07556,0.81707,34; 67; 78; 41; 46; 31; 82; 32; 21; 70
12,42,0.13911,0.28571,54; 12; 6; 74; 17; 46; 42; 31; 22; 36
40,72,0.10574,0.55556,39; 40; 64; 50; 47; 51; 72; 59; 63; 38
72,84,0.07441,0.85714,5; 72; 32; 74; 72; 14; 84; 24; 70; 61
66,83,0.07695,0.79518,73; 66; 52; 29; 53; 14; 83; 12; 65; 39
10,41,0.14016,0.2439,45; 10; 51; 77; 6; 85; 41; 18; 51; 85
43,50,0.14047,0.86,74; 43; 12; 12; 72; 46; 50; 85; 60; 11
11,38,0.1426,0.28947,26; 11; 60; 62; 67; 48; 38; 15; 50; 29
35,76,0.09751,0.46053,24; 35; 7; 81; 31; 41; 76; 13; 64; 26
23,81,0.10308,0.28395,59; 23; 75; 68; 46; 36; 81; 41; 59; 6
70,81,0.07807,0.8642,40; 70; 46; 58; 50; 50; 81; 72; 21; 49
36,44,0.129,0.81818,55; 36; 51; 20; 23; 47; 44; 7; 75; 10
29,52,0.13324,0.55769,56; 29; 68; 42; 62; 46; 52; 56; 28; 37
20,57,0.12245,0.35088,60; 20; 37; 56; 21; 50; 57; 80; 71; 69
48,85,0.09492,0.56471,61; 48; 8; 39; 19; 47; 85; 53; 58; 44
17,67,0.10439,0.25373,77; 17; 23; 10; 32; 15; 67; 38; 62; 27
57,66,0.10652,0.86364,45; 57; 31; 26; 27; 67; 66; 68; 65; 19
61,74,0.0945,0.82432,17; 61; 25; 83; 29; 22; 74; 85; 58; 78
56,71,0.09948,0.78873,41; 56; 83; 13; 74; 40; 71; 66; 29; 64
20,60,0.12012,0.33333,11; 20; 16; 13; 40; 35; 60; 24; 14; 65
61,74,0.09005,0.82432,21; 61; 25; 20; 11; 6; 74; 6; 27; 6
21,65,0.10908,0.32308,24; 21; 35; 20; 57; 34; 65; 26; 23; 77
26,70,0.10513,0.37143,67; 26; 13; 78; 70; 11; 70; 28; 12; 35
20,69,0.10124,0.28986,23; 20; 69; 12; 24; 47; 69; 39; 25; 23
56,67,0.10579,0.83582,58; 56; 21; 59; 7; 11; 67; 38; 43; 51
63,79,0.08751,0.79747,29; 63; 78; 5; 15; 62; 79; 79; 33; 82
46,56,0.12799,0.82143,60; 46; 6; 15; 43; 49; 56; 83; 55; 18
11,40,0.13736,0.275,41; 11; 85; 58; 55; 64; 40; 45; 80; 27
44,56,0.12793,0.78571,59; 44; 55; 36; 36; 34; 56; 55; 67; 46
6,12,0.12403,0.5,76; 6; 17; 61; 32; 34; 12; 40; 26; 22
18,52,0.13307,0.34615,64; 18; 31; 67; 21; 51; 52; 10; 19; 68
57,68,0.10035,0.83824,40; 57; 20; 57; 72; 71; 68; 32; 58; 12
12,15,0.13077,0.8,67; 12; 73; 75; 61; 16; 15; 57; 60; 22
46,82,0.09103,0.56098,82; 46; 50; 56; 38; 18; 82; 61; 46; 39
25,67,0.11478,0.37313,64; 25; 11; 10; 69; 74; 67; 84; 32; 67
20,36,0.13328,0.55556,66; 20; 69; 69; 71; 66; 36; 21; 20; 9
59,74,0.08518,0.7973,72; 59; 44; 85; 29; 56; 74; 31; 54; 66
24,49,0.12914,0.4898,75; 24; 42; 74; 16; 54; 49; 24; 35; 68
17,71,0.10011,0.23944,17; 17; 51; 15; 73; 83; 71; 5; 71; 60
14,50,0.13161,0.28,13; 14; 76; 24; 77; 59; 50; 38; 33; 19
40,71,0.10209,0.56338,11; 40; 26; 48; 28; 10; 71; 83; 14; 50
14,47,0.13365,0.29787,71; 14; 25; 72; 48; 76; 47; 84; 26; 48
65,79,0.08324,0.82278,77; 65; 84; 33; 78; 59; 79; 52; 67; 14
64,76,0.08616,0.84211,34; 64; 33; 8; 6; 17; 76; 36; 40; 33
25,54,0.12749,0.46296,5; 25; 38; 44; 8; 14; 54; 12; 84; 56
19,24,0.12937,0.79167,40; 19; 83; 51; 11; 47; 24; 51; 34; 53
34,60,0.11239,0.56667,43; 34; 78; 31; 78; 51; 60; 27; 64; 42
25,75,0.11118,0.33333,10; 25; 49; 38; 33; 61; 75; 20; 23; 38
27,47,0.13748,0.57447,62; 27; 8; 53; 47; 84; 47; 26; 82; 7
42,49,0.13045,0.85714,5; 42; 63; 68; 15; 54; 49; 22; 73; 37
22,44,0.13298,0.5,27; 22; 21; 76; 19; 64; 44; 48; 67; 15
7,23,0.12397,0.30435,60; 7; 64; 25; 22; 22; 23; 46; 17; 40
24,76,0.09271,0.31579,7; 24; 48; 63; 9; 30; 76; 56; 66; 52
36,73,0.10371,0.49315,30; 36; 12; 85; 23; 41; 73; 80; 83; 10
22,79,0.0932,0.27848,59; 22; 59; 47; 32; 8; 79; 7; 30; 33
31,37,0.1386,0.83784,66; 31; 58; 12; 24; 83; 37; 59; 68; 47
19,68,0.11565,0.27941,75; 19; 13; 60; 78; 49; 68; 56; 49; 10
29,83,0.08511,0.3494,24; 29; 17; 64; 73; 39; 83; 32; 33; 76
16,19,0.13023,0.84211,25; 16; 23; 9; 45; 22; 19; 84; 78; 23
23,72,0.09949,0.31944,31; 23; 34; 59; 23; 37; 72; 33; 10; 69
69,82,0.07698,0.84146,71; 69; 79; 82; 67; 5; 82; 68; 9; 16
12,34,0.13692,0.35294,75; 12; 6; 9; 34; 47; 34; 38; 25; 54
65,82,0.07907,0.79268,15; 65; 55; 21; 58; 50; 82; 31; 38; 31
11,39,0.1404,0.28205,38; 11; 5; 52; 55; 67; 39; 32; 27; 72
36,45,0.14011,0.8,6; 36; 38; 51; 49; 72; 45; 16; 71; 30
16,46,0.13564,0.34783,45; 16; 62; 28; 32; 49; 46; 77; 75; 23
65,77,0.08468,0.84416,63; 65; 25; 26; 16; 54; 77; 33; 11; 18
18,36,0.13389,0.5,84; 18; 79; 46; 73; 62; 36; 65; 76; 21
37,45,0.13808,0.82222,9; 37; 42; 77; 45; 85; 45; 71; 11; 11
19,34,0.13144,0.55882,74; 19; 20; 27; 24; 6; 34; 61; 16; 72
32,65,0.11473,0.49231,41; 32; 21; 53; 41; 20; 65; 25; 82; 6
18,55,0.12355,0.32727,53; 18; 73; 69; 49; 83; 55; 69; 84; 26
14,49,0.12916,0.28571,16; 14; 47; 70; 58; 83; 49; 20; 19; 6
46,80,0.09914,0.575,66; 46; 81; 9; 11; 57; 80; 33; 43; 53
13,44,0.13447,0.29545,69; 13; 28; 24; 15; 41; 44; 18; 81; 54
16,49,0.13257,0.32653,59; 16; 65; 53; 39; 68; 49; 38; 31; 45
23,83,0.08642,0.27711,48; 23; 9; 76; 28; 16; 83; 42; 70; 48
22,79,0.10491,0.27848,25; 22; 27; 50; 11; 48; 79; 32; 5; 11
8,33,0.13335,0.24242,63; 8; 61; 47; 20; 38; 33; 75; 19; 37
16,53,0.12784,0.30189,11; 16; 5; 72; 17; 85; 53; 19; 50; 39
51,62,0.1129,0.82258,34; 51; 43; 5; 29; 73; 62; 67; 77; 10
73,85,0.07373,0.85882,31; 73; 11; 38; 13; 63; 85; 27; 28; 9
25,67,0.11819,0.37313,27; 25; 70; 21; 13; 70; 67; 31; 12; 80
15,45,0.13781,0.33333,72; 15; 82; 70; 56; 62; 45; 81; 51; 23
23,66,0.10923,0.34848,79; 23; 72; 42; 68; 29; 66; 56; 38; 50
16,43,0.13916,0.37209,67; 16; 79; 30; 8; 85; 43; 13; 55; 37
5,17,0.10218,0.29412,68; 5; 36; 59; 51; 62; 17; 26; 50; 51
49,60,0.12616,0.81667,69; 49; 11; 35; 56; 27; 60; 5; 73; 79
17,57,0.12083,0.29825,5; 17; 66; 71; 78; 62; 57; 6; 30; 40
13,23,0.13176,0.56522,75; 13; 69; 32; 14; 30; 23; 30; 41; 62
20,57,0.11833,0.35088,42; 20; 60; 59; 12; 71; 57; 76; 43; 73
23,77,0.09563,0.2987,5; 23; 42; 20; 37; 15; 77; 78; 66; 42
66,84,0.07841,0.78571,82; 66; 5; 60; 45; 5; 84; 39; 21; 24
17,68,0.10795,0.25,14; 17; 62; 62; 40; 19; 68; 71; 42; 63
37,66,0.11154,0.56061,61; 37; 76; 15; 78; 24; 66; 53; 30; 52
30,60,0.12759,0.5,20; 30; 7; 85; 52; 14; 60; 65; 84; 7
13,47,0.13043,0.2766,52; 13; 44; 33; 78; 10; 47; 8; 46; 69
18,51,0.12677,0.35294,10; 18; 61; 19; 29; 82; 51; 69; 85; 27
17,58,0.12117,0.2931,75; 17; 72; 42; 46; 14; 58; 7; 39; 75
70,85,0.07776,0.82353,13; 70; 39; 78; 59; 7; 85; 33; 9; 6
38,77,0.1034,0.49351,32; 38; 30; 11; 31; 85; 77; 53; 52; 80
28,49,0.12675,0.57143,64; 28; 79; 11; 25; 56; 49; 30; 70; 61
15,19,0.1321,0.78947,39; 15; 81; 77; 5; 26; 19; 20; 15; 68
15,19,0.12706,0.78947,47; 15; 58; 61; 15; 17; 19; 17; 40; 37
63,75,0.09236,0.84,75; 63; 28; 39; 74; 28; 75; 78; 29; 33
40,80,0.09494,0.5,71; 40; 36; 56; 13; 67; 80; 6; 11; 73
63,77,0.0844,0.81818,55; 63; 6; 19; 23; 24; 77; 39; 60; 44
25,68,0.10628,0.36765,69; 25; 64; 25; 68; 28; 68; 67; 73; 58
21,84,0.09451,0.25,16; 21; 11; 19; 55; 19; 84; 66; 43; 81
23,69,0.1103,0.33333,47; 23; 77; 17; 27; 27; 69; 53; 55; 5
21,83,0.08986,0.25301,42; 21; 46; 64; 40; 27; 83; 77; 17; 60
19,41,0.13898,0.46341,36; 19; 21; 19; 23; 85; 41; 16; 54; 19
70,81,0.07696,0.8642,12; 70; 76; 11; 85; 11; 81; 78; 22; 35
8,32,0.13598,0.25,83; 8; 32; 63; 73; 59; 32; 25; 6; 42
20,70,0.10827,0.28571,23; 20; 13; 9; 10; 70; 70; 22; 27; 11
29,59,0.12407,0.49153,68; 29; 23; 34; 24; 54; 59; 49; 31; 24
63,77,0.08747,0.81818,24; 63; 61; 15; 56; 54; 77; 10; 9; 25
20,35,0.13249,0.57143,7; 20; 27; 79; 26; 80; 35; 51; 54; 29
46,81,0.10007,0.5679,36; 46; 10; 14; 62; 71; 81; 69; 65; 74
55,67,0.11053,0.8209,50; 55; 48; 41; 29; 58; 67; 52; 21; 40
32,64,0.12026,0.5,81; 32; 61; 17; 67; 21; 64; 25; 37; 8
28,61,0.12417,0.45902,83; 28; 73; 45; 72; 22; 61; 45; 81; 71
19,52,0.12672,0.36538,63; 19; 18; 81; 77; 5; 52; 27; 13; 13
5,20,0.10513,0.25,22; 5; 5; 43; 9; 29; 20; 54; 78; 23
66,83,0.07858,0.79518,58; 66; 40; 49; 6; 34; 83; 36; 36; 62
62,78,0.08042,0.79487,61; 62; 64; 29; 81; 84; 78; 39; 30; 50
28,75,0.10677,0.37333,31; 28; 70; 52; 63; 78; 75; 13; 27; 32
17,35,0.13748,0.48571,9; 17; 21; 57; 15; 39; 35; 77; 32; 29
41,52,0.13428,0.78846,84; 41; 61; 30; 12; 60; 52; 45; 11; 68
43,77,0.10023,0.55844,14; 43; 46; 28; 67; 50; 77; 55; 12; 10
23,77,0.09397,0.2987,27; 23; 57; 39; 13; 17; 77; 45; 47; 66
28,79,0.10408,0.35443,12; 28; 10; 62; 31; 8; 79; 29; 40; 60
42,85,0.09336,0.49412,67; 42; 11; 68; 37; 85; 85; 48; 27; 28
21,69,0.10678,0.30435,33; 21; 68; 78; 55; 67; 69; 14; 59; 18
20,67,0.10747,0.29851,50; 20; 40; 22; 48; 82; 67; 63; 39; 45
19,52,0.12532,0.36538,39; 19; 31; 51; 68; 59; 52; 39; 64; 64
36,64,0.11539,0.5625,27; 36; 65; 31; 38; 72; 64; 57; 20; 11
28,76,0.10729,0.36842,80; 28; 15; 43; 20; 22; 76; 6; 82; 38
18,72,0.09742,0.25,56; 18; 13; 40; 46; 54; 72; 50; 47; 72
46,82,0.09716,0.56098,6; 46; 37; 53; 61; 76; 82; 24; 79; 44
26,71,0.10925,0.3662,56; 26; 6; 85; 12; 85; 71; 6; 38; 40
11,30,0.1302,0.36667,63; 11; 29; 26; 21; 85; 30; 64; 33; 42
26,33,0.13683,0.78788,55; 26; 42; 65; 41; 54; 33; 36; 9; 10
59,74,0.09188,0.7973,13; 59; 44; 32; 68; 54; 74; 15; 62; 20
37,47,0.13558,0.78723,45; 37; 52; 43; 70; 11; 47; 18; 10; 81
64,76,0.08551,0.84211,33; 64; 69; 73; 31; 69; 76; 71; 76; 45
31,39,0.13838,0.79487,78; 31; 49; 19; 78; 66; 39; 59; 62; 72
69,84,0.07687,0.82143,57; 69; 81; 36; 9; 38; 84; 48; 81; 21
36,64,0.12003,0.5625,56; 36; 79; 61; 44; 65; 64; 22; 50; 33
66,82,0.07736,0.80488,33; 66; 13; 75; 80; 25; 82; 74; 83; 20
21,63,0.11395,0.33333,76; 21; 49; 56; 84; 23; 63; 30; 75; 42
14,49,0.13604,0.28571,51; 14; 79; 10; 63; 41; 49; 47; 61; 10
35,76,0.09696,0.46053,69; 35; 45; 39; 10; 85; 76; 33; 27; 40
20,70,0.10608,0.28571,59; 20; 13; 22; 38; 63; 70; 73; 26; 18
22,78,0.09858,0.28205,72; 22; 44; 21; 58; 61; 78; 28; 24; 75
35,63,0.11942,0.55556,72; 35; 38; 64; 75; 22; 63; 19; 30; 7
35,44,0.1403,0.79545,13; 35; 22; 54; 22; 52; 44; 20; 46; 35
27,47,0.13164,0.57447,20; 27; 79; 22; 37; 39; 47; 44; 68; 79
21,70,0.10472,0.3,62; 21; 6; 52; 71; 73; 70; 17; 31; 41
10,34,0.1358,0.29412,51; 10; 6; 12; 51; 49; 34; 13; 61; 55
26,53,0.12645,0.49057,74; 26; 68; 22; 69; 70; 53; 70; 15; 23
34,68,0.10493,0.5,35; 34; 24; 13; 29; 80; 68; 39; 8; 18
20,25,0.12537,0.8,47; 20; 64; 72; 33; 64; 25; 42; 19; 70
56,68,0.09895,0.82353,37; 56; 29; 62; 64; 37; 68; 51; 74; 69
26,82,0.09148,0.31707,80; 26; 43; 58; 36; 7; 82; 41; 7; 59
5,20,0.10443,0.25,55; 5; 11; 71; 85; 53; 20; 33; 63; 28
14,25,0.13895,0.56,30; 14; 85; 42; 6; 32; 25; 67; 78; 56
36,45,0.13691,0.8,20; 36; 70; 8; 34; 48; 45; 50; 33; 55
23,81,0.09564,0.28395,62; 23; 71; 58; 75; 54; 81; 39; 44; 54
22,75,0.09167,0.29333,39; 22; 15; 40; 57; 31; 75; 60; 38; 38
15,63,0.11608,0.2381,37; 15; 35; 49; 38; 9; 63; 56; 62; 40
7,28,0.1283,0.25,9; 7; 34; 64; 18; 25; 28; 23; 14; 55
20,36,0.13632,0.55556,45; 20; 18; 68; 40; 47; 36; 37; 11; 15
33,66,0.11418,0.5,62; 33; 32; 84; 8; 34; 66; 55; 13; 7
14,44,0.14113,0.31818,19; 14; 64; 33; 49; 34; 44; 76; 80; 77
25,72,0.11159,0.34722,38; 25; 61; 10; 43; 68; 72; 70; 82; 75
49,61,0.12016,0.80328,56; 49; 68; 61; 23; 61; 61; 74; 58; 67
39,84,0.09951,0.46429,75; 39; 61; 81; 11; 27; 84; 27; 76; 61
70,83,0.07839,0.84337,67; 70; 83; 20; 14; 26; 83; 20; 22; 6
19,58,0.12325,0.32759,68; 19; 45; 41; 42; 60; 58; 23; 22; 69
32,37,0.13476,0.86486,82; 32; 45; 69; 39; 62; 37; 30; 11; 30
11,22,0.13453,0.5,13; 11; 59; 13; 47; 53; 22; 42; 40; 60
19,58,0.12165,0.32759,59; 19; 36; 71; 51; 72; 58; 52; 79; 37
5,9,0.10989,0.55556,75; 5; 63; 5; 19; 8; 9; 39; 66; 41
23,70,0.11098,0.32857,71; 23; 48; 79; 50; 63; 70; 22; 69; 72
10,27,0.13901,0.37037,74; 10; 85; 55; 75; 55; 27; 24; 17; 10
58,69,0.09296,0.84058,76; 58; 74; 69; 63; 41; 69; 52; 28; 71
16,53,0.12163,0.30189,51; 16; 57; 17; 17; 31; 53; 5; 10; 41
9,11,0.14107,0.81818,74; 9; 71; 82; 76; 36; 11; 44; 81; 58
27,55,0.12694,0.49091,73; 27; 18; 47; 67; 75; 55; 32; 48; 52
20,81,0.09356,0.24691,74; 20; 70; 23; 28; 44; 81; 50; 26; 78
25,77,0.10608,0.32468,16; 25; 53; 10; 40; 68; 77; 46; 28; 53
21,42,0.13778,0.5,29; 21; 79; 53; 21; 69; 42; 64; 57; 20
17,58,0.12162,0.2931,14; 17; 39; 15; 14; 44; 58; 32; 68; 58
36,73,0.11078,0.49315,44; 36; 66; 71; 81; 55; 73; 45; 17; 17
26,82,0.10029,0.31707,46; 26; 56; 71; 37; 80; 82; 7; 71; 82
14,25,0.13625,0.56,45; 14; 24; 48; 77; 23; 25; 77; 83; 32
17,48,0.13207,0.35417,70; 17; 18; 15; 49; 11; 48; 38; 51; 80
13,37,0.13502,0.35135,6; 13; 56; 82; 29; 75; 37; 16; 16; 57
18,63,0.1134,0.28571,47; 18; 69; 76; 48; 30; 63; 78; 62; 55
39,80,0.10499,0.4875,41; 39; 51; 63; 75; 73; 80; 66; 69; 46
26,52,0.13108,0.5,62; 26; 28; 68; 74; 23; 52; 48; 74; 81
23,62,0.11523,0.37097,36; 23; 66; 50; 56; 40; 62; 73; 79; 29
16,57,0.11873,0.2807,41; 16; 21; 40; 64; 26; 57; 42; 31; 78
29,51,0.13052,0.56863,58; 29; 65; 28; 26; 52; 51; 24; 64; 16
15,27,0.13201,0.55556,72; 15; 9; 44; 55; 14; 27; 42; 14; 5
23,83,0.09146,0.27711,44; 23; 31; 14; 72; 50; 83; 10; 22; 28
67,82,0.08221,0.81707,75; 67; 37; 50; 66; 76; 82; 8; 13; 23
15,27,0.13647,0.55556,48; 15; 45; 39; 24; 20; 27; 15; 66; 85
30,60,0.1236,0.5,72; 30; 67; 21; 50; 67; 60; 76; 16; 73
25,77,0.1034,0.32468,80; 25; 78; 26; 79; 24; 77; 77; 62; 20
14,42,0.12956,0.33333,20; 14; 27; 43; 71; 71; 42; 66; 70; 14
25,67,0.10894,0.37313,44; 25; 20; 74; 75; 33; 67; 40; 6; 21
16,68,0.108,0.23529,81; 16; 27; 13; 80; 34; 68; 15; 8; 45
22,39,0.13741,0.5641,58; 22; 51; 18; 58; 21; 39; 54; 46; 30
36,43,0.13217,0.83721,53; 36; 10; 57; 41; 36; 43; 10; 83; 54
56,68,0.09683,0.82353,70; 56; 34; 46; 43; 9; 68; 61; 39; 34
25,54,0.12798,0.46296,50; 25; 73; 18; 83; 18; 54; 17; 52; 10
22,75,0.10064,0.29333,48; 22; 72; 11; 34; 14; 75; 11; 39; 9
11,40,0.14033,0.275,81; 11; 48; 32; 30; 16; 40; 23; 47; 20
18,63,0.11609,0.28571,79; 18; 74; 69; 69; 38; 63; 23; 68; 7
62,78,0.09066,0.79487,13; 62; 85; 60; 37; 44; 78; 8; 67; 76
66,83,0.07846,0.79518,64; 66; 64; 29; 33; 27; 83; 38; 61; 65
38,77,0.09832,0.49351,14; 38; 33; 69; 74; 52; 77; 72; 84; 40
67,85,0.07422,0.78824,67; 67; 58; 45; 15; 57; 85; 12; 32; 81
9,30,0.14199,0.3,68; 9; 10; 53; 23; 14; 30; 41; 39; 59
49,58,0.11343,0.84483,39; 49; 43; 46; 66; 21; 58; 45; 36; 62
54,63,0.11562,0.85714,13; 54; 29; 66; 7; 36; 63; 20; 21; 21
55,70,0.09659,0.78571,60; 55; 38; 58; 40; 65; 70; 64; 41; 35
27,85,0.08587,0.31765,14; 27; 41; 70; 55; 26; 85; 69; 74; 81
15,30,0.14051,0.5,68; 15; 35; 75; 46; 31; 30; 46; 21; 72
20,71,0.09815,0.28169,12; 20; 14; 46; 54; 50; 71; 20; 50; 12
62,76,0.08704,0.81579,69; 62; 23; 40; 63; 59; 76; 49; 28; 50
48,56,0.12578,0.85714,10; 48; 74; 53; 83; 19; 56; 64; 33; 50
48,84,0.09089,0.57143,37; 48; 47; 82; 13; 75; 84; 72; 27; 57
22,60,0.11661,0.36667,63; 22; 75; 42; 14; 48; 60; 63; 51; 31
42,53,0.12933,0.79245,32; 42; 70; 50; 14; 59; 53; 72; 19; 54
24,68,0.10994,0.35294,82; 24; 44; 81; 25; 17; 68; 46; 37; 24
22,67,0.10929,0.32836,83; 22; 29; 10; 70; 10; 67; 80; 47; 80
31,37,0.13174,0.83784,81; 31; 84; 58; 41; 43; 37; 81; 47; 67
53,66,0.11531,0.80303,80; 53; 32; 71; 16; 37; 66; 13; 8; 63
25,29,0.1288,0.86207,41; 25; 68; 74; 77; 10; 29; 5; 10; 69
16,65,0.11615,0.24615,25; 16; 80; 65; 39; 35; 65; 47; 46; 62
26,82,0.09914,0.31707,32; 26; 63; 12; 67; 16; 82; 54; 78; 79
41,82,0.09479,0.5,10; 41; 33; 55; 5; 43; 82; 64; 61; 85
19,79,0.0984,0.24051,71; 19; 85; 84; 56; 81; 79; 7; 12; 58
67,85,0.07662,0.78824,11; 67; 60; 79; 57; 19; 85; 44; 44; 73
21,37,0.13798,0.56757,84; 21; 32; 30; 83; 48; 37; 12; 62; 78
12,21,0.13339,0.57143,40; 12; 20; 8; 28; 51; 21; 84; 60; 17
24,72,0.10324,0.33333,85; 24; 64; 51; 57; 17; 72; 38; 83; 26
48,57,0.12182,0.84211,71; 48; 19; 51; 57; 19; 57; 33; 24; 62
6,24,0.10941,0.25,24; 6; 24; 63; 55; 73; 24; 69; 47; 61
37,81,0.09609,0.45679,5; 37; 69; 32; 12; 22; 81; 69; 52; 57
6,19,0.10258,0.31579,62; 6; 50; 81; 52; 52; 19; 35; 29; 72
12,50,0.13326,0.24,78; 12; 51; 41; 57; 23; 50; 39; 71; 7
11,37,0.13978,0.2973,10; 11; 52; 18; 55; 16; 37; 49; 19; 37
27,47,0.12137,0.57447,34; 27; 21; 32; 83; 66; 47; 31; 47; 68
6,19,0.11861,0.31579,43; 6; 77; 56; 82; 24; 19; 47; 50; 25
22,78,0.10132,0.28205,58; 22; 40; 51; 15; 39; 78; 45; 44; 37
24,81,0.0989,0.2963,20; 24; 11; 39; 38; 80; 81; 22; 36; 59
38,45,0.139,0.84444,34; 38; 79; 70; 37; 30; 45; 53; 65; 74
14,58,0.12355,0.24138,74; 14; 79; 33; 46; 50; 58; 73; 62; 73
18,75,0.10531,0.24,65; 18; 36; 15; 65; 15; 75; 22; 39; 19
12,26,0.1316,0.46154,84; 12; 70; 44; 24; 12; 26; 7; 47; 16
67,80,0.08309,0.8375,80; 67; 72; 27; 52; 77; 80; 56; 41; 84
25,67,0.11146,0.37313,12; 25; 58; 19; 48; 6; 67; 75; 24; 77
18,73,0.10089,0.24658,63; 18; 12; 26; 57; 49; 73; 69; 69; 40
5,9,0.1047,0.55556,61; 5; 75; 44; 51; 18; 9; 27; 47; 46
38,78,0.10767,0.48718,12; 38; 73; 39; 25; 66; 78; 50; 74; 69
23,29,0.1353,0.7931,24; 23; 25; 32; 57; 28; 29; 19; 51; 8
17,48,0.131,0.35417,84; 17; 32; 29; 16; 57; 48; 56; 84; 42
36,43,0.13215,0.83721,58; 36; 14; 46; 84; 20; 43; 25; 55; 7
15,41,0.13718,0.36585,51; 15; 28; 82; 24; 62; 41; 35; 28; 28
10,42,0.14054,0.2381,38; 10; 31; 61; 25; 7; 42; 42; 10; 26
32,64,0.12452,0.5,32; 32; 34; 37; 47; 75; 64; 70; 58; 17
25,71,0.11111,0.35211,73; 25; 55; 85; 62; 48; 71; 55; 32; 35
18,72,0.1066,0.25,76; 18; 42; 39; 35; 47; 72; 64; 6; 79
37,74,0.10843,0.5,67; 37; 85; 65; 61; 54; 74; 43; 76; 38
44,78,0.1065,0.5641,13; 44; 29; 37; 63; 40; 78; 10; 51; 65
22,68,0.1031,0.32353,12; 22; 5; 56; 82; 32; 68; 6; 41; 82
28,57,0.12847,0.49123,50; 28; 67; 11; 30; 60; 57; 35; 38; 17
16,66,0.11391,0.24242,17; 16; 14; 62; 36; 77; 66; 72; 65; 51
15,19,0.12687,0.78947,25; 15; 39; 22; 37; 79; 19; 26; 16; 13
49,62,0.11538,0.79032,32; 49; 27; 8; 43; 62; 62; 41; 43; 27
58,73,0.09585,0.79452,18; 58; 46; 77; 57; 50; 73; 63; 9; 19
23,46,0.14589,0.5,67; 23; 41; 79; 19; 23; 46; 55; 23; 13
35,72,0.10737,0.48611,77; 35; 20; 29; 64; 43; 72; 67; 76; 17
25,68,0.10359,0.36765,43; 25; 39; 72; 28; 82; 68; 42; 74; 46
14,47,0.14168,0.29787,14; 14; 34; 39; 13; 65; 47; 79; 58; 27
37,65,0.10905,0.56923,39; 37; 7; 70; 13; 53; 65; 33; 29; 78
15,59,0.12377,0.25424,81; 15; 51; 72; 62; 48; 59; 13; 20; 84
8,34,0.13531,0.23529,78; 8; 57; 38; 56; 63; 34; 14; 68; 61
12,41,0.13287,0.29268,83; 12; 44; 65; 57; 57; 41; 10; 6; 43
27,55,0.11959,0.49091,79; 27; 43; 58; 31; 15; 55; 69; 19; 75
27,55,0.12705,0.49091,39; 27; 32; 78; 9; 75; 55; 77; 44; 50
27,78,0.11012,0.34615,35; 27; 16; 20; 17; 52; 78; 71; 31; 43
18,54,0.12422,0.33333,10; 18; 36; 80; 84; 54; 54; 15; 38; 28
15,53,0.12834,0.28302,79; 15; 16; 21; 56; 60; 53; 18; 23; 33
18,64,0.11577,0.28125,56; 18; 27; 33; 81; 80; 64; 74; 51; 74
52,66,0.1079,0.78788,33; 52; 16; 66; 67; 43; 66; 51; 39; 28
47,84,0.09344,0.55952,33; 47; 14; 33; 20; 60; 84; 23; 6; 57
8,23,0.13301,0.34783,70; 8; 40; 17; 72; 76; 23; 43; 33; 63
48,84,0.09431,0.57143,8; 48; 5; 53; 6; 7; 84; 70; 47; 22
42,50,0.13409,0.84,27; 42; 45; 42; 27; 73; 50; 52; 14; 7
21,60,0.11937,0.35,34; 21; 81; 19; 67; 61; 60; 39; 38; 40
37,43,0.13759,0.86047,59; 37; 70; 69; 60; 40; 43; 53; 67; 80
34,60,0.12713,0.56667,50; 34; 36; 77; 15; 28; 60; 28; 63; 29
45,57,0.12768,0.78947,22; 45; 5; 25; 66; 34; 57; 28; 18; 35
18,60,0.11271,0.3,68; 18; 7; 53; 81; 27; 60; 55; 51; 26
38,44,0.13786,0.86364,33; 38; 71; 60; 62; 16; 44; 67; 76; 54
54,66,0.10762,0.81818,13; 54; 78; 34; 15; 78; 66; 32; 62; 56
15,63,0.1165,0.2381,71; 15; 61; 32; 37; 18; 63; 63; 47; 55
9,28,0.142,0.32143,24; 9; 13; 27; 64; 36; 28; 31; 64; 60
16,58,0.11858,0.27586,71; 16; 48; 9; 38; 21; 58; 72; 76; 37
25,78,0.10297,0.32051,79; 25; 77; 42; 50; 54; 78; 39; 25; 55
30,53,0.12665,0.56604,35; 30; 35; 41; 22; 66; 53; 64; 64; 80
57,66,0.10138,0.86364,26; 57; 76; 28; 12; 19; 66; 54; 83; 71
57,66,0.10768,0.86364,8; 57; 62; 14; 75; 47; 66; 24; 85; 52
18,51,0.1311,0.35294,33; 18; 57; 79; 80; 18; 51; 79; 29; 23
17,70,0.11539,0.24286,51; 17; 67; 11; 67; 12; 70; 19; 82; 37
27,77,0.09595,0.35065,19; 27; 79; 25; 81; 32; 77; 74; 51; 8
36,64,0.11411,0.5625,35; 36; 28; 54; 77; 13; 64; 18; 12; 76
16,66,0.11512,0.24242,76; 16; 13; 23; 27; 45; 66; 75; 78; 7
18,60,0.11942,0.3,22; 18; 69; 27; 58; 82; 60; 57; 64; 50
5,20,0.08624,0.25,79; 5; 76; 13; 39; 42; 20; 7; 36; 7
33,41,0.13718,0.80488,11; 33; 65; 53; 56; 32; 41; 74; 32; 27
40,70,0.10648,0.57143,72; 40; 36; 16; 38; 41; 70; 19; 32; 31
20,84,0.08901,0.2381,20; 20; 61; 39; 15; 36; 84; 69; 49; 14
19,78,0.09647,0.24359,38; 19; 58; 7; 53; 17; 78; 8; 7; 21
9,31,0.14457,0.29032,60; 9; 81; 80; 14; 59; 31; 36; 61; 47
33,59,0.11522,0.55932,63; 33; 31; 66; 42; 85; 59; 14; 39; 70
19,79,0.0934,0.24051,68; 19; 68; 35; 75; 65; 79; 33; 32; 71
10,18,0.13722,0.55556,56; 10; 60; 44; 31; 14; 18; 23; 79; 10
14,56,0.12771,0.25,5; 14; 50; 47; 66; 7; 56; 72; 11; 13
17,49,0.12908,0.34694,32; 17; 40; 20; 85; 14; 49; 44; 27; 56
18,21,0.13237,0.85714,80; 18; 38; 65; 62; 69; 21; 38; 75; 73
22,59,0.11976,0.37288,11; 22; 13; 32; 31; 27; 59; 77; 15; 9
55,64,0.10831,0.85938,15; 55; 43; 9; 53; 56; 64; 83; 28; 37
17,60,0.12315,0.28333,17; 17; 6; 63; 67; 32; 60; 6; 68; 22
30,60,0.12322,0.5,29; 30; 45; 39; 63; 45; 60; 27; 54; 85
22,60,0.114,0.36667,66; 22; 6; 61; 34; 63; 60; 83; 11; 49
23,71,0.10481,0.32394,50; 23; 61; 64; 71; 10; 71; 32; 70; 82
11,24,0.13114,0.45833,69; 11; 34; 29; 23; 82; 24; 47; 60; 56
32,65,0.1134,0.49231,18; 32; 62; 39; 62; 11; 65; 38; 20; 54
53,65,0.10861,0.81538,21; 53; 9; 17; 20; 43; 65; 62; 39; 6
23,62,0.12124,0.37097,81; 23; 5; 76; 52; 44; 62; 57; 70; 79
21,63,0.11131,0.33333,17; 21; 82; 82; 8; 54; 63; 42; 24; 73
31,38,0.14004,0.81579,38; 31; 58; 16; 7; 52; 38; 35; 56; 42
21,84,0.08776,0.25,44; 21; 62; 9; 68; 84; 84; 54; 81; 60
43,75,0.10327,0.57333,78; 43; 75; 7; 21; 46; 75; 13; 13; 71
11,45,0.13774,0.24444,13; 11; 81; 44; 64; 74; 45; 81; 48; 27
7,20,0.12499,0.35,85; 7; 29; 63; 74; 8; 20; 50; 13; 50
19,79,0.09997,0.24051,75; 19; 66; 5; 73; 25; 79; 26; 6; 53
28,49,0.13978,0.57143,71; 28; 17; 16; 63; 68; 49; 15; 75; 32
29,79,0.09675,0.36709,43; 29; 27; 31; 71; 65; 79; 37; 18; 79
8,25,0.13635,0.32,66; 8; 33; 20; 75; 13; 25; 12; 76; 40
63,75,0.09132,0.84,46; 63; 54; 68; 64; 74; 75; 20; 20; 5
45,57,0.12875,0.78947,48; 45; 65; 49; 8; 70; 57; 21; 84; 55
59,72,0.08922,0.81944,45; 59; 58; 8; 57; 49; 72; 32; 13; 11
11,37,0.14056,0.2973,60; 11; 20; 29; 84; 49; 37; 78; 78; 81
21,46,0.1332,0.45652,10; 21; 5; 51; 38; 19; 46; 64; 43; 9
22,60,0.11657,0.36667,58; 22; 51; 17; 48; 85; 60; 73; 37; 8
60,76,0.08949,0.78947,22; 60; 42; 8; 34; 19; 76; 13; 65; 48
39,49,0.13091,0.79592,49; 39; 12; 17; 14; 63; 49; 5; 84; 83
50,63,0.10983,0.79365,45; 50; 34; 72; 42; 31; 63; 24; 68; 10
9,16,0.14314,0.5625,52; 9; 67; 35; 60; 31; 16; 20; 57; 84
24,49,0.12962,0.4898,21; 24; 64; 36; 40; 20; 49; 8; 43; 26
25,67,0.12137,0.37313,71; 25; 36; 66; 46; 71; 67; 8; 72; 42
47,57,0.12551,0.82456,31; 47; 81; 9; 21; 65; 57; 48; 37; 15
26,46,0.13378,0.56522,38; 26; 61; 73; 11; 47; 46; 11; 66; 14
20,80,0.0915,0.25,33; 20; 45; 42; 84; 16; 80; 52; 7; 23
72,84,0.07625,0.85714,9; 72; 15; 21; 54; 37; 84; 77; 58; 56
20,25,0.13497,0.8,57; 20; 78; 56; 55; 19; 25; 56; 34; 23
19,38,0.13894,0.5,73; 19; 20; 43; 9; 44; 38; 18; 47; 47
17,46,0.13328,0.36957,25; 17; 36; 27; 16; 44; 46; 27; 11; 50
11,39,0.14156,0.28205,18; 11; 40; 53; 67; 6; 39; 24; 38; 50
67,82,0.07896,0.81707,9; 67; 26; 23; 55; 44; 82; 82; 47; 80
40,81,0.09021,0.49383,38; 40; 44; 63; 31; 48; 81; 21; 6; 10
8,27,0.12625,0.2963,43; 8; 56; 26; 48; 48; 27; 6; 28; 58
34,60,0.11975,0.56667,77; 34; 77; 24; 64; 16; 60; 55; 28; 65
19,75,0.09666,0.25333,71; 19; 81; 23; 25; 71; 75; 27; 70; 73
64,80,0.08411,0.8,50; 64; 22; 23; 52; 25; 80; 27; 30; 49
52,66,0.10177,0.78788,80; 52; 62; 6; 7; 83; 66; 6; 75; 46
11,22,0.13436,0.5,29; 11; 27; 51; 65; 32; 22; 71; 70; 25
67,82,0.08167,0.81707,29; 67; 63; 41; 83; 24; 82; 28; 61; 54
41,73,0.11329,0.56164,60; 41; 36; 78; 26; 80; 73; 13; 60; 40
26,80,0.09936,0.325,26; 26; 74; 12; 17; 21; 80; 44; 32; 83
5,15,0.09749,0.33333,46; 5; 50; 66; 41; 80; 15; 21; 81; 59
10,34,0.13652,0.29412,6; 10; 84; 62; 52; 56; 34; 81; 46; 64
16,28,0.12986,0.57143,67; 16; 33; 13; 73; 42; 28; 85; 51; 52
16,58,0.11824,0.27586,79; 16; 12; 67; 26; 45; 58; 12; 12; 83
13,40,0.13705,0.325,10; 13; 32; 85; 47; 77; 40; 38; 81; 63
14,43,0.13898,0.32558,82; 14; 69; 23; 9; 68; 43; 53; 61; 69
42,74,0.10365,0.56757,30; 42; 61; 32; 34; 8; 74; 12; 63; 52
36,45,0.14228,0.8,44; 36; 36; 76; 7; 84; 45; 68; 20; 43
39,80,0.10395,0.4875,40; 39; 36; 60; 27; 24; 80; 69; 74; 13
22,69,0.0999,0.31884,15; 22; 85; 85; 75; 49; 69; 25; 72; 68
15,47,0.13033,0.31915,58; 15; 20; 14; 72; 8; 47; 85; 39; 80
11,39,0.13952,0.28205,18; 11; 21; 32; 10; 73; 39; 26; 69; 44
41,49,0.13383,0.83673,72; 41; 78; 31; 54; 52; 49; 31; 72; 83
20,83,0.08459,0.24096,74; 20; 18; 5; 9; 23; 83; 34; 37; 43
41,82,0.09461,0.5,5; 41; 69; 10; 62; 15; 82; 13; 63; 35
67,78,0.0817,0.85897,48; 67; 7; 53; 46; 39; 78; 30; 59; 35
7,25,0.13224,0.28,75; 7; 8; 77; 19; 24; 25; 61; 82; 54
37,81,0.09634,0.45679,34; 37; 13; 35; 13; 54; 81; 34; 37; 9
22,68,0.10767,0.32353,22; 22; 19; 40; 58; 26; 68; 51; 53; 9
16,50,0.13123,0.32,75; 16; 74; 10; 76; 6; 50; 29; 58; 38
13,28,0.1364,0.46429,25; 13; 36; 18; 35; 6; 28; 42; 80; 41
40,81,0.10438,0.49383,65; 40; 45; 12; 8; 51; 81; 65; 58; 42
48,85,0.0861,0.56471,30; 48; 17; 48; 24; 9; 85; 71; 8; 13
33,41,0.1285,0.80488,12; 33; 34; 57; 21; 44; 41; 32; 7; 31
26,53,0.12568,0.49057,25; 26; 26; 10; 43; 73; 53; 30; 71; 84
52,66,0.10464,0.78788,41; 52; 27; 10; 34; 77; 66; 14; 34; 36
46,82,0.09368,0.56098,26; 46; 75; 75; 20; 70; 82; 30; 7; 7
60,76,0.08616,0.78947,43; 60; 74; 24; 49; 38; 76; 79; 40; 24
41,50,0.1291,0.82,16; 41; 35; 32; 76; 80; 50; 74; 16; 44
26,70,0.10551,0.37143,85; 26; 18; 65; 65; 56; 70; 49; 81; 8
33,72,0.1041,0.45833,27; 33; 75; 33; 44; 44; 72; 41; 68; 32
65,79,0.08169,0.82278,49; 65; 57; 20; 56; 63; 79; 43; 7; 9
15,47,0.12967,0.31915,64; 15; 13; 83; 54; 54; 47; 71; 34; 44
12,15,0.13455,0.8,82; 12; 78; 37; 28; 14; 15; 67; 39; 54
26,31,0.13557,0.83871,20; 26; 50; 55; 61; 66; 31; 13; 71; 71
47,57,0.12137,0.82456,71; 47; 58; 85; 74; 53; 57; 59; 13; 84
63,77,0.08811,0.81818,71; 63; 19; 50; 22; 71; 77; 52; 24; 43
32,70,0.11055,0.45714,36; 32; 13; 79; 40; 80; 70; 32; 6; 39
19,67,0.11024,0.28358,59; 19; 66; 30; 24; 13; 67; 27; 35; 65
49,62,0.11655,0.79032,76; 49; 77; 53; 70; 41; 62; 18; 21; 30
24,28,0.12682,0.85714,20; 24; 25; 61; 15; 22; 28; 83; 61; 23
28,75,0.10736,0.37333,25; 28; 38; 26; 24; 14; 75; 80; 75; 71
62,74,0.08491,0.83784,76; 62; 18; 65; 57; 29; 74; 22; 62; 25
24,49,0.13119,0.4898,9; 24; 62; 52; 77; 77; 49; 39; 22; 52
57,68,0.10039,0.83824,85; 57; 11; 10; 65; 27; 68; 32; 61; 43
20,41,0.13674,0.4878,65; 20; 77; 49; 67; 63; 41; 58; 78; 53
37,46,0.13858,0.80435,39; 37; 11; 29; 43; 40; 46; 8; 58; 65
18,21,0.12883,0.85714,42; 18; 23; 23; 18; 36; 21; 15; 62; 45
42,74,0.10778,0.56757,55; 42; 65; 42; 63; 42; 74; 53; 27; 77
67,80,0.0805,0.8375,26; 67; 37; 18; 84; 35; 80; 63; 11; 25
39,49,0.13934,0.79592,50; 39; 58; 9; 67; 33; 49; 7; 8; 35
56,67,0.09739,0.83582,14; 56; 13; 26; 39; 22; 67; 73; 61; 14
19,55,0.1231,0.34545,54; 19; 76; 80; 68; 79; 55; 6; 51; 66
20,41,0.13236,0.4878,10; 20; 32; 44; 5; 62; 41; 82; 30; 33
34,60,0.12587,0.56667,68; 34; 16; 83; 6; 16; 60; 24; 36; 81
15,27,0.13726,0.55556,12; 15; 66; 54; 10; 54; 27; 60; 12; 63
28,85,0.09263,0.32941,51; 28; 73; 21; 11; 6; 85; 19; 68; 29
18,51,0.12811,0.35294,34; 18; 78; 58; 45; 60; 51; 57; 15; 7
14,48,0.13536,0.29167,13; 14; 78; 10; 76; 78; 48; 69; 48; 34
28,49,0.12186,0.57143,60; 28; 79; 65; 24; 67; 49; 52; 50; 40
38,68,0.11032,0.55882,78; 38; 13; 11; 13; 79; 68; 13; 76; 56
25,54,0.12877,0.46296,13; 25; 45; 59; 64; 27; 54; 21; 55; 77
32,70,0.11934,0.45714,61; 32; 27; 47; 40; 77; 70; 32; 63; 61
15,45,0.13553,0.33333,64; 15; 78; 31; 72; 14; 45; 22; 26; 26
13,43,0.13501,0.30233,26; 13; 21; 50; 30; 48; 43; 5; 30; 35
32,64,0.12212,0.5,76; 32; 11; 9; 48; 9; 64; 35; 53; 69
66,84,0.07928,0.78571,46; 66; 77; 65; 28; 85; 84; 69; 5; 70
17,56,0.12189,0.30357,47; 17; 38; 15; 52; 43; 56; 52; 13; 42
35,76,0.09612,0.46053,68; 35; 8; 79; 33; 48; 76; 16; 47; 15
46,56,0.12223,0.82143,32; 46; 10; 60; 64; 12; 56; 16; 38; 74
23,65,0.10707,0.35385,13; 23; 64; 31; 46; 23; 65; 20; 26; 64
12,40,0.14309,0.3,72; 12; 6; 61; 34; 26; 40; 81; 47; 83
24,79,0.09454,0.3038,48; 24; 64; 6; 64; 63; 79; 48; 20; 77
19,58,0.11934,0.32759,73; 19; 22; 26; 22; 38; 58; 70; 48; 40
7,14,0.12912,0.5,73; 7; 80; 71; 19; 81; 14; 46; 69; 76
9,28,0.14297,0.32143,60; 9; 5; 5; 71; 21; 28; 47; 26; 11
19,79,0.10628,0.24051,33; 19; 65; 50; 14; 49; 79; 30; 76; 42
33,68,0.11192,0.48529,70; 33; 12; 67; 20; 59; 68; 46; 83; 46
19,54,0.12645,0.35185,12; 19; 18; 16; 30; 61; 54; 84; 71; 39
22,76,0.09094,0.28947,74; 22; 6; 17; 74; 57; 76; 12; 80; 26
22,28,0.13049,0.78571,73; 22; 72; 8; 82; 12; 28; 8; 35; 61
12,50,0.13506,0.24,80; 12; 68; 54; 43; 14; 50; 6; 38; 30
68,85,0.07713,0.8,16; 68; 78; 66; 13; 75; 85; 62; 65; 62
31,83,0.08385,0.37349,34; 31; 36; 59; 58; 10; 83; 65; 74; 26
35,61,0.11519,0.57377,85; 35; 68; 8; 84; 65; 61; 26; 10; 21
17,35,0.12927,0.48571,69; 17; 59; 59; 24; 79; 35; 65; 55; 42
38,82,0.10741,0.46341,39; 38; 75; 72; 73; 49; 82; 78; 81; 15
6,7,0.10444,0.85714,43; 6; 27; 72; 18; 30; 7; 23; 67; 74
36,74,0.10337,0.48649,67; 36; 43; 52; 16; 78; 74; 21; 45; 51
46,56,0.1254,0.82143,60; 46; 14; 73; 20; 22; 56; 41; 35; 11
47,57,0.12783,0.82456,23; 47; 38; 24; 47; 59; 57; 85; 65; 13
21,76,0.09607,0.27632,9; 21; 66; 41; 85; 64; 76; 9; 52; 29
30,82,0.09783,0.36585,21; 30; 11; 24; 59; 78; 82; 83; 45; 34
20,80,0.09275,0.25,60; 20; 6; 79; 77; 53; 80; 47; 79; 74
14,25,0.13507,0.56,10; 14; 42; 29; 5; 78; 25; 74; 66; 22
15,47,0.13158,0.31915,26; 15; 45; 55; 16; 55; 47; 57; 27; 70
24,68,0.1139,0.35294,22; 24; 69; 65; 11; 77; 68; 67; 83; 57
9,32,0.13758,0.28125,32; 9; 24; 78; 31; 32; 32; 20; 44; 39
22,45,0.13854,0.48889,25; 22; 39; 64; 18; 77; 45; 16; 8; 26
20,69,0.11055,0.28986,22; 20; 43; 37; 41; 78; 69; 10; 10; 17
63,75,0.08409,0.84,32; 63; 38; 6; 27; 21; 75; 24; 13; 43
45,79,0.10623,0.56962,81; 45; 46; 11; 54; 9; 79; 16; 75; 19
31,63,0.11168,0.49206,76; 31; 84; 53; 44; 25; 63; 23; 75; 21
20,63,0.11098,0.31746,21; 20; 36; 29; 11; 58; 63; 63; 64; 78
39,49,0.13316,0.79592,32; 39; 16; 13; 13; 39; 49; 43; 19; 6
33,68,0.11278,0.48529,84; 33; 85; 25; 17; 41; 68; 6; 76; 23
33,72,0.11063,0.45833,16; 33; 14; 72; 40; 39; 72; 59; 40; 79
42,74,0.1076,0.56757,44; 42; 15; 30; 55; 50; 74; 43; 5; 71
63,75,0.09592,0.84,7; 63; 47; 20; 21; 68; 75; 60; 66; 32
44,51,0.1329,0.86275,29; 44; 22; 24; 11; 78; 51; 7; 41; 29
14,17,0.13377,0.82353,56; 14; 32; 85; 67; 60; 17; 18; 67; 7
23,72,0.10066,0.31944,52; 23; 53; 84; 28; 78; 72; 65; 84; 72
50,58,0.11612,0.86207,23; 50; 85; 53; 54; 27; 58; 21; 36; 41
7,20,0.11644,0.35,17; 7; 80; 43; 78; 72; 20; 72; 52; 84
18,71,0.10314,0.25352,12; 18; 16; 79; 84; 74; 71; 13; 64; 40
31,68,0.1167,0.45588,77; 31; 51; 78; 79; 45; 68; 6; 21; 81
11,34,0.13661,0.32353,47; 11; 37; 22; 19; 26; 34; 78; 58; 51
20,83,0.09087,0.24096,16; 20; 21; 16; 44; 44; 83; 48; 13; 6
12,36,0.14042,0.33333,42; 12; 81; 39; 32; 19; 36; 20; 35; 53
25,67,0.1197,0.37313,83; 25; 57; 22; 79; 84; 67; 72; 39; 74
36,43,0.13863,0.83721,50; 36; 24; 34; 48; 68; 43; 28; 16; 76
9,38,0.13921,0.23684,57; 9; 19; 40; 77; 82; 38; 36; 56; 26
45,81,0.09389,0.55556,19; 45; 53; 57; 67; 64; 81; 27; 81; 16
19,76,0.09756,0.25,53; 19; 46; 37; 52; 32; 76; 6; 21; 81
23,71,0.1072,0.32394,20; 23; 22; 80; 5; 8; 71; 5; 80; 11
38,45,0.13614,0.84444,39; 38; 33; 53; 71; 41; 45; 40; 82; 76
20,41,0.12941,0.4878,43; 20; 43; 81; 83; 13; 41; 11; 7; 15
31,55,0.12622,0.56364,60; 31; 70; 54; 17; 66; 55; 64; 73; 83
16,28,0.14124,0.57143,13; 16; 64; 30; 43; 74; 28; 26; 66; 65
31,68,0.10537,0.45588,52; 31; 14; 61; 54; 72; 68; 67; 77; 17
17,70,0.11027,0.24286,11; 17; 21; 57; 82; 28; 70; 69; 15; 5
33,42,0.14113,0.78571,30; 33; 40; 22; 25; 12; 42; 79; 52; 83
27,84,0.09342,0.32143,85; 27; 78; 61; 32; 66; 84; 39; 22; 76
41,50,0.13108,0.82,75; 41; 31; 84; 46; 55; 50; 33; 53; 19
62,78,0.08537,0.79487,44; 62; 31; 46; 51; 40; 78; 64; 72; 61
15,63,0.11726,0.2381,5; 15; 51; 58; 84; 18; 63; 85; 83; 28
46,81,0.10297,0.5679,6; 46; 33; 46; 84; 37; 81; 65; 6; 11
29,83,0.0929,0.3494,45; 29; 80; 70; 69; 19; 83; 61; 40; 44
11,30,0.13398,0.36667,49; 11; 38; 16; 36; 15; 30; 61; 41; 64
9,31,0.14091,0.29032,32; 9; 82; 8; 79; 82; 31; 37; 6; 72
5,17,0.09826,0.29412,31; 5; 84; 56; 43; 51; 17; 84; 39; 14
27,81,0.09933,0.33333,71; 27; 80; 62; 20; 73; 81; 21; 73; 6
17,70,0.11175,0.24286,6; 17; 48; 29; 71; 80; 70; 29; 46; 25
24,52,0.12708,0.46154,27; 24; 66; 11; 39; 33; 52; 77; 38; 24
22,62,0.11684,0.35484,77; 22; 39; 42; 85; 78; 62; 77; 11; 85
21,42,0.13133,0.5,62; 21; 5; 27; 15; 45; 42; 65; 81; 28
16,54,0.13192,0.2963,49; 16; 67; 38; 40; 25; 54; 6; 71; 66
12,26,0.13285,0.46154,77; 12; 52; 28; 28; 82; 26; 72; 39; 60
21,43,0.13596,0.48837,22; 21; 85; 10; 34; 84; 43; 32; 82; 48
13,51,0.13546,0.2549,64; 13; 80; 13; 65; 58; 51; 12; 34; 72
19,65,0.11378,0.29231,83; 19; 19; 41; 81; 17; 65; 68; 46; 66
12,15,0.1347,0.8,28; 12; 20; 57; 41; 20; 15; 23; 53; 30
28,35,0.13546,0.8,80; 28; 62; 16; 57; 36; 35; 37; 25; 40
26,78,0.10635,0.33333,27; 26; 39; 34; 83; 17; 78; 54; 65; 23
17,69,0.1063,0.24638,72; 17; 36; 24; 11; 79; 69; 46; 85; 18
21,84,0.09013,0.25,33; 21; 34; 58; 60; 73; 84; 12; 72; 50
25,77,0.10202,0.32468,9; 25; 49; 11; 73; 41; 77; 60; 67; 32
36,63,0.1245,0.57143,78; 36; 73; 78; 51; 45; 63; 11; 68; 74
22,75,0.10095,0.29333,14; 22; 44; 62; 31; 12; 75; 73; 7; 52
22,66,0.10988,0.33333,84; 22; 15; 77; 20; 37; 66; 10; 81; 5
21,74,0.10172,0.28378,35; 21; 75; 44; 67; 64; 74; 66; 67; 33
9,16,0.13692,0.5625,35; 9; 26; 32; 50; 12; 16; 32; 12; 13
17,59,0.12848,0.28814,36; 17; 81; 56; 18; 7; 59; 29; 43; 60
35,61,0.12132,0.57377,40; 35; 17; 82; 28; 76; 61; 64; 46; 61
49,61,0.11929,0.80328,5; 49; 47; 72; 16; 23; 61; 58; 62; 12
49,61,0.11475,0.80328,56; 49; 49; 74; 77; 43; 61; 9; 60; 54
22,77,0.09896,0.28571,75; 22; 51; 75; 53; 12; 77; 38; 18; 38
57,68,0.09939,0.83824,18; 57; 43; 79; 48; 42; 68; 25; 83; 7
15,27,0.13703,0.55556,55; 15; 41; 34; 32; 52; 27; 7; 16; 36
14,47,0.13211,0.29787,5; 14; 54; 85; 70; 69; 47; 45; 5; 54
21,65,0.11006,0.32308,69; 21; 17; 39; 39; 85; 65; 10; 57; 16
18,52,0.12373,0.34615,65; 18; 62; 82; 45; 85; 52; 35; 50; 73
40,82,0.10443,0.4878,82; 40; 15; 75; 46; 46; 82; 41; 55; 60
18,72,0.10547,0.25,32; 18; 13; 70; 18; 56; 72; 73; 22; 53
27,33,0.1309,0.81818,19; 27; 32; 9; 46; 5; 33; 24; 62; 59
15,62,0.11857,0.24194,22; 15; 51; 37; 21; 71; 62; 64; 43; 40
24,28,0.13441,0.85714,11; 24; 78; 65; 51; 64; 28; 84; 13; 9
35,44,0.14328,0.79545,65; 35; 20; 63; 45; 14; 44; 56; 25; 51
40,50,0.12578,0.8,64; 40; 69; 83; 51; 54; 50; 70; 43; 75
36,43,0.14427,0.83721,33; 36; 85; 14; 32; 5; 43; 67; 9; 83
65,82,0.08169,0.79268,9; 65; 6; 28; 65; 6; 82; 85; 78; 53
23,47,0.13293,0.48936,77; 23; 10; 63; 28; 27; 47; 68; 14; 36
41,83,0.08897,0.49398,23; 41; 45; 78; 73; 54; 83; 66; 35; 50
38,78,0.1036,0.48718,73; 38; 40; 13; 26; 15; 78; 34; 8; 58
12,36,0.14266,0.33333,18; 12; 11; 30; 75; 39; 36; 30; 50; 30
59,74,0.09624,0.7973,25; 59; 80; 10; 83; 35; 74; 5; 30; 62
32,64,0.11086,0.5,78; 32; 61; 41; 27; 61; 64; 72; 52; 34
28,81,0.10097,0.34568,8; 28; 42; 59; 78; 79; 81; 17; 78; 22
63,79,0.0833,0.79747,36; 63; 42; 49; 77; 83; 79; 82; 80; 24
10,31,0.13205,0.32258,73; 10; 44; 34; 34; 78; 31; 29; 47; 82
37,80,0.0913,0.4625,83; 37; 26; 58; 55; 52; 80; 33; 65; 8
16,35,0.12491,0.45714,9; 16; 74; 72; 64; 19; 35; 78; 71; 71
8,28,0.13701,0.28571,72; 8; 67; 5; 13; 77; 28; 28; 82; 55
45,79,0.10833,0.56962,26; 45; 69; 81; 33; 16; 79; 23; 14; 40
24,84,0.09121,0.28571,78; 24; 44; 15; 48; 66; 84; 22; 32; 49
19,63,0.11536,0.30159,64; 19; 41; 21; 26; 67; 63; 18; 69; 81
16,66,0.11325,0.24242,11; 16; 85; 33; 9; 32; 66; 64; 33; 44
27,47,0.13324,0.57447,62; 27; 12; 74; 23; 5; 47; 27; 74; 16
50,63,0.10696,0.79365,16; 50; 47; 8; 45; 23; 63; 12; 15; 6
34,74,0.10127,0.45946,84; 34; 23; 78; 52; 48; 74; 41; 20; 63
36,72,0.11374,0.5,35; 36; 75; 78; 39; 66; 72; 6; 36; 43
69,82,0.07691,0.84146,11; 69; 61; 10; 36; 11; 82; 73; 46; 52
11,31,0.13123,0.35484,78; 11; 74; 80; 44; 42; 31; 7; 42; 62
22,28,0.13622,0.78571,31; 22; 28; 17; 42; 84; 28; 6; 73; 68
35,70,0.10762,0.5,56; 35; 53; 58; 67; 23; 70; 39; 70; 10
19,39,0.13407,0.48718,41; 19; 37; 57; 22; 81; 39; 36; 43; 80
15,53,0.11921,0.28302,10; 15; 76; 80; 28; 27; 53; 64; 55; 72
6,13,0.11681,0.46154,16; 6; 49; 26; 72; 72; 13; 28; 58; 75
14,48,0.13316,0.29167,66; 14; 74; 66; 27; 55; 48; 72; 83; 78
22,63,0.11416,0.34921,68; 22; 20; 63; 22; 72; 63; 58; 82; 8
53,65,0.11206,0.81538,14; 53; 73; 18; 84; 29; 65; 66; 50; 83
18,75,0.09863,0.24,31; 18; 77; 64; 11; 67; 75; 81; 35; 29
25,72,0.11149,0.34722,78; 25; 65; 38; 55; 68; 72; 7; 40; 32
15,50,0.1311,0.3,34; 15; 61; 37; 85; 77; 50; 63; 72; 62
17,70,0.10885,0.24286,32; 17; 56; 80; 64; 27; 70; 31; 84; 66
9,37,0.14183,0.24324,47; 9; 75; 7; 48; 46; 37; 59; 80; 79
18,64,0.11563,0.28125,7; 18; 55; 10; 61; 32; 64; 8; 82; 25
19,55,0.12457,0.34545,81; 19; 17; 23; 47; 81; 55; 33; 6; 65
16,63,0.11732,0.25397,59; 16; 54; 50; 48; 64; 63; 52; 79; 35
22,66,0.1119,0.33333,85; 22; 82; 38; 14; 81; 66; 42; 48; 72
38,78,0.09967,0.48718,11; 38; 68; 19; 15; 7; 78; 39; 74; 17
19,79,0.10271,0.24051,74; 19; 23; 60; 82; 31; 79; 71; 56; 8
38,82,0.09755,0.46341,57; 38; 55; 59; 41; 55; 82; 62; 47; 5
36,64,0.11468,0.5625,82; 36; 42; 72; 47; 5; 64; 17; 14; 66
25,44,0.13515,0.56818,23; 25; 35; 34; 55; 44; 44; 75; 46; 7
18,64,0.11127,0.28125,70; 18; 5; 17; 10; 59; 64; 40; 24; 74
19,66,0.11421,0.28788,77; 19; 47; 18; 61; 33; 66; 66; 51; 84
70,83,0.07656,0.84337,84; 70; 74; 23; 7; 19; 83; 56; 56; 42
20,80,0.09599,0.25,82; 20; 10; 48; 6; 80; 80; 54; 15; 70
7,28,0.12409,0.25,56; 7; 32; 66; 6; 79; 28; 57; 78; 46
23,69,0.11263,0.33333,25; 23; 84; 10; 68; 83; 69; 55; 82; 14
24,75,0.10488,0.32,66; 24; 78; 83; 48; 45; 75; 80; 46; 43
6,24,0.1153,0.25,74; 6; 67; 64; 17; 51; 24; 59; 53; 11
10,30,0.14417,0.33333,78; 10; 42; 65; 74; 32; 30; 23; 23; 70
60,73,0.0884,0.82192,73; 60; 42; 20; 73; 16; 73; 29; 49; 69
35,76,0.09952,0.46053,28; 35; 72; 51; 50; 35; 76; 70; 32; 17
32,70,0.1088,0.45714,7; 32; 73; 56; 60; 28; 70; 9; 44; 48
22,69,0.10514,0.31884,47; 22; 24; 63; 45; 23; 69; 37; 35; 79
20,67,0.10288,0.29851,22; 20; 8; 17; 58; 17; 67; 9; 5; 71
11,24,0.13596,0.45833,33; 11; 8; 26; 37; 11; 24; 75; 50; 19
23,83,0.09494,0.27711,84; 23; 66; 59; 78; 25; 83; 52; 6; 69
41,49,0.13111,0.83673,35; 41; 24; 36; 71; 8; 49; 18; 27; 22
7,23,0.12285,0.30435,45; 7; 57; 64; 30; 63; 23; 48; 35; 66
34,61,0.11863,0.55738,84; 34; 81; 25; 16; 9; 61; 53; 82; 72
32,56,0.12978,0.57143,9; 32; 44; 23; 44; 52; 56; 12; 41; 58
13,37,0.13305,0.35135,69; 13; 39; 61; 42; 12; 37; 14; 69; 66
23,83,0.09703,0.27711,17; 23; 42; 32; 45; 75; 83; 7; 8; 72
44,51,0.13173,0.86275,11; 44; 40; 12; 18; 5; 51; 85; 49; 24
9,36,0.14149,0.25,33; 9; 74; 80; 65; 37; 36; 41; 64; 73
9,37,0.14154,0.24324,56; 9; 75; 23; 76; 57; 37; 76; 48; 44
27,54,0.13127,0.5,16; 27; 29; 17; 19; 17; 54; 31; 14; 63
50,61,0.11296,0.81967,47; 50; 19; 47; 62; 48; 61; 81; 83; 32
14,47,0.13619,0.29787,5; 14; 41; 85; 17; 42; 47; 25; 34; 6
26,46,0.14228,0.56522,54; 26; 67; 17; 74; 43; 46; 51; 53; 12
17,72,0.10506,0.23611,40; 17; 32; 26; 50; 56; 72; 8; 62; 81
53,66,0.10575,0.80303,5; 53; 53; 79; 78; 44; 66; 85; 75; 31
17,71,0.10849,0.23944,41; 17; 29; 60; 72; 58; 71; 18; 48; 32
56,68,0.10095,0.82353,59; 56; 7; 68; 53; 41; 68; 24; 68; 34
14,48,0.12716,0.29167,30; 14; 16; 69; 49; 20; 48; 46; 80; 48
19,64,0.11042,0.29688,30; 19; 55; 14; 59; 81; 64; 46; 62; 84
13,55,0.12753,0.23636,64; 13; 84; 29; 57; 47; 55; 56; 73; 75
32,39,0.13879,0.82051,38; 32; 49; 16; 61; 34; 39; 78; 14; 68
54,68,0.10651,0.79412,43; 54; 67; 10; 10; 5; 68; 56; 11; 58
23,47,0.13422,0.48936,35; 23; 20; 12; 37; 28; 47; 36; 77; 38
7,19,0.13243,0.36842,82; 7; 16; 37; 7; 14; 19; 75; 53; 79
29,78,0.09848,0.37179,18; 29; 28; 41; 10; 7; 78; 53; 41; 78
13,46,0.13335,0.28261,16; 13; 68; 44; 17; 53; 46; 19; 69; 36
6,17,0.11414,0.35294,49; 6; 13; 11; 61; 67; 17; 22; 37; 25
58,73,0.09217,0.79452,82; 58; 47; 33; 31; 25; 73; 82; 41; 54
30,35,0.13042,0.85714,69; 30; 29; 9; 41; 38; 35; 45; 60; 28
18,22,0.12319,0.81818,35; 18; 63; 12; 74; 76; 22; 79; 9; 36
67,78,0.08039,0.85897,28; 67; 13; 70; 41; 48; 78; 20; 40; 51
22,66,0.10945,0.33333,82; 22; 80; 41; 5; 80; 66; 7; 53; 62
33,41,0.1272,0.80488,61; 33; 77; 64; 46; 19; 41; 81; 9; 62
45,55,0.13417,0.81818,17; 45; 39; 35; 60; 62; 55; 81; 31; 44
20,63,0.11148,0.31746,50; 20; 57; 7; 84; 76; 63; 61; 7; 28
39,68,0.11424,0.57353,71; 39; 28; 81; 28; 16; 68; 68; 77; 28
17,58,0.11893,0.2931,85; 17; 23; 27; 15; 29; 58; 79; 80; 19
16,63,0.11683,0.25397,63; 16; 31; 63; 65; 77; 63; 54; 52; 55
32,56,0.1271,0.57143,9; 32; 41; 6; 43; 18; 56; 18; 12; 29
15,54,0.12605,0.27778,30; 15; 20; 67; 17; 83; 54; 68; 11; 37
27,59,0.11961,0.45763,57; 27; 11; 67; 24; 5; 59; 84; 22; 46
36,73,0.10693,0.49315,53; 36; 75; 51; 42; 85; 73; 19; 13; 74
21,76,0.10076,0.27632,18; 21; 71; 16; 48; 9; 76; 69; 51; 31
35,76,0.09925,0.46053,52; 35; 35; 9; 7; 29; 76; 61; 28; 27
32,38,0.13925,0.84211,65; 32; 70; 25; 21; 47; 38; 62; 83; 48
5,10,0.10601,0.5,23; 5; 7; 68; 12; 24; 10; 62; 42; 15
8,25,0.134,0.32,30; 8; 74; 44; 29; 40; 25; 25; 41; 46
17,49,0.13613,0.34694,73; 17; 13; 67; 49; 60; 49; 80; 12; 70
52,62,0.1164,0.83871,80; 52; 23; 75; 34; 62; 62; 50; 71; 64
45,57,0.12375,0.78947,40; 45; 38; 65; 23; 45; 57; 58; 73; 30
43,77,0.10329,0.55844,32; 43; 32; 71; 6; 53; 77; 43; 56; 49
15,47,0.12727,0.31915,26; 15; 13; 46; 27; 14; 47; 48; 60; 47
70,81,0.07853,0.8642,44; 70; 52; 59; 85; 82; 81; 51; 81; 32
36,78,0.11177,0.46154,56; 36; 16; 21; 6; 32; 78; 19; 68; 12
6,25,0.12134,0.24,79; 6; 71; 82; 12; 81; 25; 81; 49; 74
22,67,0.1098,0.32836,18; 22; 17; 82; 5; 57; 67; 69; 13; 32
33,72,0.10694,0.45833,56; 33; 49; 61; 41; 66; 72; 73; 84; 26
17,35,0.13363,0.48571,23; 17; 7; 61; 30; 80; 35; 55; 59; 21
12,40,0.14328,0.3,53; 12; 72; 72; 68; 9; 40; 71; 23; 42
25,72,0.10802,0.34722,28; 25; 13; 43; 62; 76; 72; 55; 45; 10
8,29,0.13626,0.27586,74; 8; 58; 27; 84; 63; 29; 24; 33; 10
41,72,0.11254,0.56944,82; 41; 68; 8; 77; 80; 72; 40; 59; 76
5,17,0.09888,0.29412,10; 5; 45; 63; 7; 73; 17; 38; 85; 34
10,18,0.14466,0.55556,35; 10; 73; 45; 56; 12; 18; 79; 25; 11
21,66,0.1113,0.31818,22; 21; 78; 57; 33; 41; 66; 58; 39; 38
36,44,0.14076,0.81818,35; 36; 10; 40; 54; 47; 44; 75; 54; 35
18,52,0.12678,0.34615,71; 18; 64; 57; 48; 38; 52; 51; 46; 5
27,47,0.13467,0.57447,82; 27; 69; 18; 14; 54; 47; 69; 15; 74
14,49,0.12671,0.28571,37; 14; 21; 38; 76; 44; 49; 12; 48; 59
46,81,0.09474,0.5679,54; 46; 81; 34; 55; 42; 81; 79; 82; 30
29,63,0.11089,0.46032,27; 29; 8; 74; 56; 18; 63; 68; 44; 40
29,58,0.11981,0.5,20; 29; 19; 54; 33; 49; 58; 62; 72; 80
57,66,0.09885,0.86364,7; 57; 78; 61; 30; 33; 66; 12; 18; 84
37,43,0.13858,0.86047,80; 37; 24; 45; 59; 79; 43; 61; 59; 13
11,46,0.13888,0.23913,14; 11; 83; 42; 62; 33; 46; 64; 33; 49
29,83,0.10154,0.3494,10; 29; 69; 33; 72; 75; 83; 22; 75; 77
25,45,0.1373,0.55556,45; 25; 20; 75; 43; 34; 45; 16; 24; 51
12,40,0.13691,0.3,69; 12; 16; 65; 73; 53; 40; 57; 28; 72
17,60,0.11699,0.28333,63; 17; 82; 50; 14; 57; 60; 36; 58; 72
58,69,0.10097,0.84058,12; 58; 81; 69; 29; 28; 69; 64; 20; 39
41,73,0.11236,0.56164,33; 41; 44; 69; 42; 17; 73; 68; 62; 15
29,58,0.13219,0.5,72; 29; 24; 54; 73; 7; 58; 38; 24; 40
19,51,0.12517,0.37255,30; 19; 69; 41; 33; 50; 51; 52; 52; 42
12,49,0.1346,0.2449,85; 12; 38; 31; 60; 40; 49; 44; 72; 48
8,14,0.13355,0.57143,30; 8; 20; 7; 19; 21; 14; 47; 24; 56
15,45,0.13537,0.33333,67; 15; 58; 57; 49; 44; 45; 15; 57; 24
21,85,0.09174,0.24706,43; 21; 70; 69; 41; 56; 85; 40; 27; 73
14,48,0.13003,0.29167,53; 14; 42; 6; 10; 70; 48; 65; 50; 6
42,53,0.12255,0.79245,69; 42; 50; 66; 52; 68; 53; 84; 28; 68
25,78,0.10013,0.32051,76; 25; 68; 12; 79; 50; 78; 77; 32; 40
48,61,0.11323,0.78689,8; 48; 44; 68; 16; 64; 61; 77; 44; 18
61,73,0.08661,0.83562,24; 61; 46; 27; 78; 76; 73; 31; 75; 82
17,52,0.12523,0.32692,33; 17; 84; 54; 22; 63; 52; 58; 84; 61
25,83,0.08883,0.3012,14; 25; 75; 44; 16; 49; 83; 51; 29; 43
26,78,0.10178,0.33333,55; 26; 19; 59; 63; 50; 78; 11; 81; 24
65,79,0.07975,0.82278,29; 65; 40; 14; 69; 79; 79; 37; 74; 47
46,56,0.13278,0.82143,10; 46; 17; 40; 41; 45; 56; 77; 25; 20
26,53,0.13166,0.49057,77; 26; 35; 72; 83; 47; 53; 27; 60; 10
8,27,0.13171,0.2963,84; 8; 10; 62; 80; 79; 27; 81; 46; 23
36,72,0.10912,0.5,44; 36; 79; 49; 10; 13; 72; 13; 35; 12
17,52,0.12628,0.32692,74; 17; 59; 21; 20; 20; 52; 6; 82; 44
17,30,0.13464,0.56667,28; 17; 62; 23; 72; 53; 30; 67; 78; 51
11,34,0.1362,0.32353,25; 11; 43; 39; 23; 13; 34; 84; 28; 16
28,80,0.11413,0.35,56; 28; 78; 8; 25; 69; 80; 22; 70; 83
14,46,0.13699,0.30435,69; 14; 68; 21; 71; 48; 46; 22; 70; 33
23,28,0.13661,0.82143,12; 23; 33; 84; 30; 63; 28; 76; 50; 42
46,58,0.12071,0.7931,62; 46; 42; 52; 64; 56; 58; 49; 41; 13
26,74,0.1066,0.35135,36; 26; 19; 65; 12; 11; 74; 83; 24; 82
12,21,0.1388,0.57143,63; 12; 61; 62; 56; 56; 21; 13; 9; 52
17,57,0.11842,0.29825,9; 17; 15; 45; 58; 26; 57; 10; 28; 39
19,65,0.11343,0.29231,37; 19; 40; 25; 9; 73; 65; 81; 54; 14
27,32,0.13834,0.84375,39; 27; 50; 17; 33; 70; 32; 6; 60; 9
11,34,0.13509,0.32353,43; 11; 5; 17; 84; 29; 34; 76; 15; 23
38,45,0.13971,0.84444,10; 38; 10; 85; 55; 10; 45; 71; 53; 23
40,80,0.09528,0.5,14; 40; 69; 33; 75; 37; 80; 79; 63; 7
38,83,0.09029,0.45783,59; 38; 18; 16; 53; 69; 83; 79; 22; 39
17,52,0.12737,0.32692,71; 17; 63; 25; 6; 59; 52; 34; 34; 66
21,64,0.11726,0.32812,33; 21; 25; 45; 85; 62; 64; 69; 12; 75
22,68,0.10207,0.32353,10; 22; 65; 46; 77; 66; 68; 17; 18; 46
37,43,0.14381,0.86047,14; 37; 46; 32; 15; 12; 43; 53; 45; 55
21,83,0.09535,0.25301,42; 21; 17; 44; 45; 43; 83; 39; 8; 29
23,41,0.13469,0.56098,41; 23; 13; 41; 17; 84; 41; 15; 74; 40
27,48,0.13284,0.5625,23; 27; 79; 77; 33; 85; 48; 16; 67; 19
14,57,0.12398,0.24561,72; 14; 41; 75; 49; 38; 57; 15; 78; 5
7,24,0.12387,0.29167,65; 7; 18; 17; 39; 71; 24; 29; 16; 39
10,41,0.1425,0.2439,6; 10; 76; 24; 42; 16; 41; 65; 40; 82
43,54,0.13128,0.7963,77; 43; 11; 27; 5; 9; 54; 15; 78; 9
27,32,0.1346,0.84375,27; 27; 15; 81; 24; 54; 32; 30; 28; 50
52,65,0.11122,0.8,23; 52; 64; 41; 55; 71; 65; 66; 43; 69
19,59,0.11437,0.32203,64; 19; 28; 14; 61; 7; 59; 68; 49; 41
27,78,0.10487,0.34615,55; 27; 26; 71; 68; 34; 78; 45; 33; 20
21,69,0.1062,0.30435,27; 21; 39; 38; 84; 16; 69; 67; 27; 64
14,25,0.13014,0.56,34; 14; 80; 58; 42; 83; 25; 62; 84; 74
23,83,0.09502,0.27711,18; 23; 15; 60; 23; 26; 83; 13; 80; 10
23,76,0.09901,0.30263,69; 23; 26; 72; 67; 20; 76; 30; 67; 23
43,76,0.10552,0.56579,55; 43; 45; 34; 17; 42; 76; 16; 49; 17
21,46,0.1329,0.45652,6; 21; 10; 64; 71; 33; 46; 5; 35; 26
5,17,0.10828,0.29412,51; 5; 11; 68; 18; 11; 17; 83; 40; 63
33,66,0.11485,0.5,29; 33; 36; 42; 12; 64; 66; 59; 58; 63
18,36,0.12973,0.5,61; 18; 77; 51; 64; 53; 36; 15; 25; 80
21,84,0.08882,0.25,55; 21; 58; 80; 63; 81; 84; 6; 66; 73
29,79,0.09341,0.36709,74; 29; 25; 48; 36; 43; 79; 59; 85; 84
19,60,0.115,0.31667,44; 19; 84; 19; 25; 84; 60; 13; 58; 44
25,44,0.13434,0.56818,16; 25; 29; 40; 35; 43; 44; 51; 32; 9
21,84,0.09931,0.25,53; 21; 24; 36; 39; 37; 84; 58; 48; 35
7,20,0.12098,0.35,39; 7; 12; 5; 52; 63; 20; 18; 37; 64
23,62,0.11944,0.37097,44; 23; 68; 35; 22; 40; 62; 16; 62; 27
21,43,0.13442,0.48837,28; 21; 64; 31; 45; 27; 43; 42; 65; 12
37,46,0.13506,0.80435,26; 37; 24; 64; 59; 40; 46; 67; 66; 55
16,35,0.12725,0.45714,38; 16; 85; 48; 82; 43; 35; 56; 61; 39
23,81,0.09453,0.28395,75; 23; 5; 58; 53; 30; 81; 68; 37; 10
66,77,0.08602,0.85714,9; 66; 8; 75; 10; 10; 77; 47; 84; 8
49,58,0.11935,0.84483,14; 49; 57; 27; 23; 10; 58; 5; 75; 10
14,56,0.12752,0.25,46; 14; 20; 20; 10; 18; 56; 36; 37; 41
18,64,0.1134,0.28125,15; 18; 62; 9; 52; 33; 64; 66; 75; 64
8,14,0.13411,0.57143,5; 8; 39; 48; 64; 77; 14; 37; 27; 37
13,53,0.12851,0.24528,28; 13; 76; 22; 42; 43; 53; 9; 72; 60
12,24,0.13673,0.5,6; 12; 5; 36; 57; 12; 24; 20; 31; 76
32,38,0.13637,0.84211,69; 32; 67; 8; 38; 28; 38; 31; 38; 11
48,85,0.08613,0.56471,52; 48; 60; 66; 26; 6; 85; 9; 23; 32
41,82,0.09612,0.5,41; 41; 57; 44; 11; 5; 82; 70; 35; 58
32,69,0.10891,0.46377,47; 32; 30; 23; 42; 53; 69; 64; 29; 59
58,69,0.09351,0.84058,20; 58; 54; 68; 52; 18; 69; 18; 15; 11
55,70,0.10314,0.78571,49; 55; 27; 44; 64; 24; 70; 60; 33; 31
40,82,0.1027,0.4878,33; 40; 58; 18; 42; 23; 82; 82; 80; 8
16,35,0.13221,0.45714,15; 16; 60; 35; 80; 32; 35; 20; 66; 55
31,37,0.12711,0.83784,50; 31; 58; 13; 84; 38; 37; 32; 32; 25
13,39,0.13712,0.33333,8; 13; 72; 84; 70; 5; 39; 85; 78; 49
25,78,0.10487,0.32051,10; 25; 73; 73; 73; 9; 78; 52; 73; 43
60,75,0.08709,0.8,64; 60; 85; 16; 67; 49; 75; 68; 77; 33
12,38,0.14349,0.31579,42; 12; 67; 21; 5; 42; 38; 32; 24; 14
36,74,0.09897,0.48649,35; 36; 82; 23; 11; 76; 74; 55; 21; 14
41,49,0.13262,0.83673,27; 41; 45; 59; 13; 35; 49; 14; 9; 17
61,71,0.09387,0.85915,70; 61; 67; 29; 70; 5; 71; 37; 32; 66
20,84,0.0871,0.2381,29; 20; 23; 30; 79; 65; 84; 80; 23; 60
48,57,0.11837,0.84211,55; 48; 32; 56; 58; 33; 57; 16; 33; 80
56,65,0.10947,0.86154,36; 56; 85; 70; 38; 11; 65; 84; 78; 44
16,48,0.13576,0.33333,41; 16; 37; 9; 53; 68; 48; 51; 47; 22
28,84,0.09272,0.33333,71; 28; 30; 35; 36; 56; 84; 84; 28; 47
57,66,0.10525,0.86364,54; 57; 85; 83; 19; 43; 66; 46; 10; 64
22,73,0.10853,0.30137,42; 22; 84; 40; 19; 16; 73; 12; 11; 42
19,34,0.12884,0.55882,33; 19; 46; 39; 72; 79; 34; 30; 57; 83
15,50,0.13359,0.3,41; 15; 6; 27; 54; 69; 50; 30; 17; 84
6,18,0.11297,0.33333,73; 6; 58; 73; 61; 76; 18; 42; 77; 12
24,43,0.14141,0.55814,29; 24; 61; 74; 31; 31; 43; 65; 12; 64
37,65,0.11478,0.56923,63; 37; 34; 48; 49; 49; 65; 30; 14; 34
38,83,0.08987,0.45783,32; 38; 49; 53; 52; 39; 83; 49; 71; 38
28,76,0.10541,0.36842,68; 28; 57; 53; 35; 68; 76; 36; 24; 42
17,37,0.13527,0.45946,37; 17; 53; 7; 72; 31; 37; 81; 14; 12
13,45,0.14016,0.28889,13; 13; 46; 72; 10; 11; 45; 84; 30; 26
31,67,0.11096,0.46269,67; 31; 28; 68; 37; 31; 67; 60; 30; 57
20,84,0.0913,0.2381,37; 20; 17; 46; 30; 72; 84; 82; 7; 62
25,51,0.12807,0.4902,43; 25; 18; 71; 29; 78; 51; 43; 9; 21
69,84,0.07695,0.82143,6; 69; 48; 69; 61; 38; 84; 61; 17; 43
20,85,0.09578,0.23529,36; 20; 33; 12; 68; 40; 85; 21; 6; 75
52,62,0.1155,0.83871,80; 52; 78; 49; 22; 81; 62; 13; 53; 25
45,81,0.09617,0.55556,82; 45; 26; 52; 82; 58; 81; 76; 37; 54
9,11,0.14487,0.81818,54; 9; 55; 35; 57; 30; 11; 7; 18; 59
9,38,0.1352,0.23684,13; 9; 59; 35; 32; 78; 38; 11; 17; 13
63,75,0.08518,0.84,41; 63; 78; 35; 78; 7; 75; 78; 67; 9
22,74,0.09692,0.2973,51; 22; 46; 52; 81; 57; 74; 67; 62; 15
35,61,0.11974,0.57377,78; 35; 84; 49; 57; 66; 61; 6; 80; 6
16,43,0.13551,0.37209,58; 16; 38; 54; 61; 31; 43; 67; 9; 29
37,80,0.09791,0.4625,34; 37; 50; 8; 58; 79; 80; 47; 80; 23
38,83,0.09434,0.45783,71; 38; 64; 70; 13; 84; 83; 40; 47; 85
14,47,0.13306,0.29787,8; 14; 69; 85; 49; 85; 47; 5; 34; 10
19,63,0.12315,0.30159,83; 19; 74; 38; 34; 47; 63; 46; 65; 53
42,74,0.10592,0.56757,62; 42; 33; 10; 20; 35; 74; 84; 61; 41
25,45,0.13462,0.55556,22; 25; 70; 51; 67; 16; 45; 31; 19; 18
16,57,0.12289,0.2807,39; 16; 76; 32; 66; 13; 57; 46; 69; 11
15,63,0.11472,0.2381,45; 15; 73; 56; 35; 16; 63; 58; 14; 44
17,37,0.13361,0.45946,45; 17; 83; 78; 7; 35; 37; 65; 20; 13
20,80,0.0949,0.25,15; 20; 44; 59; 38; 52; 80; 25; 82; 34
45,56,0.12633,0.80357,37; 45; 5; 75; 40; 47; 56; 40; 6; 76
37,80,0.09669,0.4625,81; 37; 20; 84; 55; 57; 80; 22; 78; 60
47,56,0.13355,0.83929,76; 47; 58; 43; 49; 85; 56; 33; 62; 46
6,13,0.11229,0.46154,12; 6; 26; 23; 47; 81; 13; 60; 32; 62
24,52,0.12516,0.46154,69; 24; 36; 27; 78; 7; 52; 74; 40; 7
22,74,0.1092,0.2973,62; 22; 40; 16; 5; 64; 74; 9; 57; 38
48,57,0.11556,0.84211,52; 48; 56; 29; 10; 53; 57; 69; 40; 71
28,49,0.13074,0.57143,6; 28; 59; 5; 60; 72; 49; 46; 36; 68
39,69,0.11142,0.56522,62; 39; 82; 35; 12; 14; 69; 48; 30; 61
6,24,0.11354,0.25,53; 6; 5; 67; 64; 16; 24; 39; 81; 68
65,76,0.08587,0.85526,81; 65; 64; 82; 77; 74; 76; 78; 81; 82
25,50,0.13218,0.5,34; 25; 31; 5; 64; 41; 50; 35; 54; 65
9,16,0.13593,0.5625,23; 9; 81; 51; 68; 46; 16; 30; 8; 44
45,57,0.12164,0.78947,21; 45; 46; 59; 16; 9; 57; 84; 39; 51
17,30,0.13346,0.56667,5; 17; 22; 57; 27; 70; 30; 73; 82; 77
56,68,0.102,0.82353,83; 56; 81; 24; 10; 84; 68; 68; 29; 77
19,41,0.13926,0.46341,77; 19; 85; 17; 41; 28; 41; 45; 29; 53
37,65,0.11512,0.56923,55; 37; 32; 20; 51; 62; 65; 30; 7; 50
38,68,0.1112,0.55882,19; 38; 40; 66; 41; 52; 68; 60; 38; 49
18,60,0.11467,0.3,16; 18; 50; 16; 70; 26; 60; 27; 5; 28
63,79,0.08416,0.79747,75; 63; 83; 24; 42; 36; 79; 20; 24; 32
41,73,0.10798,0.56164,27; 41; 13; 65; 35; 51; 73; 5; 26; 23
42,74,0.10424,0.56757,10; 42; 40; 84; 18; 19; 74; 33; 28; 74
41,52,0.12952,0.78846,56; 41; 36; 54; 79; 5; 52; 49; 85; 85
28,79,0.1017,0.35443,52; 28; 74; 45; 26; 28; 79; 13; 73; 19
21,83,0.09003,0.25301,59; 21; 45; 54; 68; 64; 83; 51; 70; 63
59,72,0.09753,0.81944,79; 59; 32; 61; 7; 64; 72; 36; 49; 26
28,75,0.09883,0.37333,40; 28; 49; 67; 66; 47; 75; 76; 72; 17
26,71,0.10891,0.3662,31; 26; 53; 15; 32; 19; 71; 80; 55; 75
22,66,0.11006,0.33333,63; 22; 78; 59; 31; 48; 66; 7; 44; 17
37,76,0.09926,0.48684,85; 37; 13; 15; 18; 26; 76; 49; 35; 57
16,54,0.12398,0.2963,30; 16; 10; 22; 51; 67; 54; 11; 38; 17
19,52,0.12589,0.36538,20; 19; 25; 12; 33; 37; 52; 46; 80; 78
9,26,0.14153,0.34615,54; 9; 14; 56; 14; 48; 26; 54; 48; 76
19,52,0.12697,0.36538,14; 19; 43; 79; 63; 75; 52; 37; 18; 69
34,43,0.13036,0.7907,44; 34; 19; 45; 46; 42; 43; 14; 33; 69
18,63,0.11352,0.28571,11; 18; 55; 44; 28; 11; 63; 82; 27; 35
15,52,0.12781,0.28846,43; 15; 76; 22; 34; 64; 52; 29; 70; 49
26,74,0.09866,0.35135,64; 26; 55; 58; 27; 23; 74; 15; 20; 38
71,85,0.07529,0.83529,27; 71; 83; 29; 71; 8; 85; 84; 60; 29
39,79,0.10252,0.49367,50; 39; 13; 69; 66; 27; 79; 72; 71; 46
28,50,0.12837,0.56,21; 28; 84; 77; 64; 27; 50; 33; 10; 11
21,72,0.09919,0.29167,31; 21; 78; 23; 8; 77; 72; 57; 67; 19
36,63,0.12731,0.57143,56; 36; 50; 26; 53; 84; 63; 18; 72; 80
5,18,0.09667,0.27778,29; 5; 68; 13; 70; 23; 18; 29; 15; 41
17,48,0.13018,0.35417,33; 17; 41; 26; 43; 64; 48; 76; 11; 30
41,49,0.12742,0.83673,49; 41; 42; 25; 21; 9; 49; 68; 34; 56
15,43,0.13277,0.34884,20; 15; 33; 46; 36; 61; 43; 80; 15; 52
27,77,0.10543,0.35065,31; 27; 20; 53; 64; 17; 77; 82; 35; 28
20,35,0.13017,0.57143,19; 20; 78; 42; 74; 72; 35; 57; 5; 41
12,24,0.13754,0.5,23; 12; 74; 33; 57; 37; 24; 43; 38; 28
23,81,0.09906,0.28395,73; 23; 23; 57; 77; 14; 81; 12; 62; 26
19,22,0.12932,0.86364,73; 19; 79; 41; 53; 85; 22; 9; 35; 52
30,61,0.12391,0.4918,22; 30; 83; 67; 15; 7; 61; 56; 70; 42
38,48,0.12847,0.79167,24; 38; 69; 53; 59; 45; 48; 30; 37; 31
18,36,0.12934,0.5,55; 18; 12; 6; 24; 67; 36; 68; 74; 46
6,17,0.11708,0.35294,59; 6; 74; 36; 58; 56; 17; 54; 33; 71
33,58,0.12483,0.56897,16; 33; 58; 23; 57; 37; 58; 21; 85; 6
21,60,0.11513,0.35,33; 21; 64; 9; 36; 40; 60; 34; 81; 49
9,31,0.13839,0.29032,7; 9; 83; 48; 9; 45; 31; 32; 69; 78
21,64,0.10701,0.32812,38; 21; 15; 27; 31; 57; 64; 84; 73; 5
48,60,0.12394,0.8,20; 48; 10; 29; 72; 15; 60; 10; 56; 15
30,82,0.10123,0.36585,40; 30; 37; 36; 23; 31; 82; 28; 80; 54
28,76,0.10142,0.36842,20; 28; 15; 66; 82; 81; 76; 11; 11; 27
51,61,0.12203,0.83607,29; 51; 56; 59; 46; 66; 61; 60; 57; 60
20,62,0.1114,0.32258,71; 20; 38; 47; 83; 73; 62; 60; 72; 72
5,21,0.09977,0.2381,84; 5; 68; 7; 72; 60; 21; 41; 41; 59
24,76,0.09444,0.31579,34; 24; 52; 40; 33; 68; 76; 54; 44; 33
17,52,0.12883,0.32692,14; 17; 24; 51; 51; 39; 52; 15; 63; 13
11,14,0.13869,0.78571,75; 11; 20; 80; 9; 14; 14; 61; 82; 83
8,32,0.13876,0.25,5; 8; 25; 26; 70; 25; 32; 21; 34; 24
22,45,0.13736,0.48889,75; 22; 48; 34; 39; 75; 45; 48; 24; 43
14,38,0.1337,0.36842,57; 14; 48; 68; 44; 59; 38; 19; 11; 76
46,58,0.12548,0.7931,52; 46; 11; 9; 81; 39; 58; 79; 83; 7
28,35,0.13551,0.8,51; 28; 77; 37; 21; 36; 35; 80; 50; 57
67,78,0.08276,0.85897,85; 67; 6; 77; 17; 53; 78; 25; 22; 76
17,37,0.13282,0.45946,74; 17; 77; 16; 37; 23; 37; 33; 73; 17
56,67,0.09906,0.83582,40; 56; 57; 55; 7; 31; 67; 56; 64; 68
64,74,0.09085,0.86486,59; 64; 74; 41; 31; 50; 74; 33; 29; 26
35,72,0.10973,0.48611,23; 35; 75; 42; 52; 15; 72; 43; 7; 61
6,21,0.10935,0.28571,59; 6; 33; 22; 18; 29; 21; 83; 78; 16
31,62,0.12015,0.5,37; 31; 23; 81; 74; 75; 62; 12; 14; 26
16,53,0.13173,0.30189,22; 16; 17; 14; 57; 20; 53; 15; 79; 63
41,83,0.09732,0.49398,23; 41; 37; 8; 71; 57; 83; 37; 10; 75
25,75,0.10232,0.33333,31; 25; 37; 12; 35; 55; 75; 47; 70; 7
20,40,0.13245,0.5,49; 20; 47; 79; 34; 55; 40; 55; 7; 50
8,28,0.13671,0.28571,45; 8; 14; 55; 56; 38; 28; 24; 44; 61
15,43,0.13483,0.34884,85; 15; 79; 62; 11; 17; 43; 81; 35; 81
24,52,0.12558,0.46154,11; 24; 40; 18; 13; 49; 52; 19; 71; 12
20,82,0.09323,0.2439,75; 20; 71; 15; 26; 78; 82; 42; 27; 46
22,80,0.09343,0.275,65; 22; 83; 28; 21; 68; 80; 11; 38; 48
26,79,0.09969,0.32911,52; 26; 60; 21; 62; 72; 79; 10; 25; 13
20,41,0.1389,0.4878,55; 20; 33; 56; 38; 24; 41; 82; 15; 62
59,74,0.08474,0.7973,27; 59; 20; 74; 53; 84; 74; 18; 50; 46
41,50,0.13197,0.82,45; 41; 38; 61; 60; 50; 50; 39; 80; 19
47,57,0.12162,0.82456,56; 47; 61; 59; 58; 30; 57; 50; 24; 54
37,66,0.11089,0.56061,69; 37; 53; 82; 51; 28; 66; 32; 38; 70
46,80,0.10426,0.575,78; 46; 75; 18; 32; 85; 80; 76; 8; 13
33,67,0.11384,0.49254,27; 33; 30; 23; 12; 79; 67; 29; 48; 29
42,74,0.10636,0.56757,85; 42; 27; 22; 9; 28; 74; 63; 38; 35
51,61,0.11654,0.83607,38; 51; 28; 56; 47; 18; 61; 30; 68; 7
53,66,0.10651,0.80303,79; 53; 67; 65; 29; 44; 66; 34; 33; 16
24,43,0.13397,0.55814,77; 24; 41; 14; 47; 64; 43; 82; 56; 70
64,74,0.08488,0.86486,48; 64; 48; 32; 68; 75; 74; 51; 44; 79
32,38,0.13995,0.84211,72; 32; 43; 71; 62; 10; 38; 35; 36; 22
65,76,0.08236,0.85526,15; 65; 74; 9; 16; 15; 76; 22; 51; 49
23,79,0.09637,0.29114,31; 23; 35; 71; 56; 31; 79; 35; 84; 68
21,71,0.10792,0.29577,78; 21; 36; 85; 66; 36; 71; 21; 82; 46
24,83,0.09536,0.28916,64; 24; 50; 48; 77; 5; 83; 72; 84; 29
8,27,0.13027,0.2963,52; 8; 54; 9; 19; 74; 27; 64; 82; 77
13,23,0.13148,0.56522,20; 13; 18; 48; 38; 57; 23; 5; 60; 53
30,85,0.09706,0.35294,21; 30; 36; 24; 19; 54; 85; 44; 58; 58
43,77,0.10095,0.55844,25; 43; 43; 75; 46; 37; 77; 24; 40; 5
12,42,0.14248,0.28571,18; 12; 73; 54; 18; 32; 42; 15; 43; 69
31,36,0.13968,0.86111,22; 31; 44; 36; 38; 43; 36; 46; 51; 29
11,45,0.13573,0.24444,28; 11; 77; 35; 66; 66; 45; 19; 82; 11
12,40,0.13248,0.3,41; 12; 49; 56; 24; 74; 40; 84; 17; 55
13,43,0.13947,0.30233,72; 13; 56; 36; 85; 5; 43; 42; 29; 58
15,51,0.13529,0.29412,8; 15; 22; 5; 70; 41; 51; 70; 7; 57
48,60,0.1175,0.8,33; 48; 20; 45; 61; 65; 60; 12; 22; 62
39,70,0.11389,0.55714,51; 39; 60; 51; 82; 12; 70; 12; 41; 32
24,81,0.10062,0.2963,36; 24; 62; 48; 35; 39; 81; 80; 16; 39
16,58,0.12104,0.27586,64; 16; 51; 82; 82; 67; 58; 27; 48; 27
18,36,0.13537,0.5,54; 18; 72; 79; 55; 39; 36; 75; 7; 7
64,81,0.08297,0.79012,26; 64; 5; 25; 29; 52; 81; 26; 43; 37
19,60,0.11459,0.31667,46; 19; 54; 34; 15; 56; 60; 18; 45; 48
23,46,0.12937,0.5,37; 23; 11; 12; 10; 71; 46; 63; 14; 58
22,45,0.13572,0.48889,33; 22; 58; 27; 49; 45; 45; 21; 52; 25
16,68,0.10671,0.23529,74; 16; 53; 29; 17; 31; 68; 56; 29; 82
23,80,0.09809,0.2875,59; 23; 79; 54; 50; 15; 80; 50; 57; 60
8,34,0.13788,0.23529,57; 8; 6; 18; 30; 76; 34; 17; 69; 52
21,73,0.10041,0.28767,72; 21; 79; 13; 77; 68; 73; 78; 75; 69
7,21,0.12171,0.33333,33; 7; 20; 61; 80; 19; 21; 71; 16; 56
49,61,0.11995,0.80328,37; 49; 33; 38; 25; 9; 61; 77; 56; 82
23,78,0.09977,0.29487,54; 23; 21; 51; 31; 30; 78; 11; 40; 74
48,85,0.09738,0.56471,44; 48; 57; 45; 21; 25; 85; 8; 44; 35
27,73,0.09728,0.36986,12; 27; 35; 14; 50; 49; 73; 34; 31; 81
14,47,0.13891,0.29787,71; 14; 57; 61; 80; 50; 47; 80; 85; 58
20,68,0.10626,0.29412,32; 20; 34; 38; 38; 35; 68; 74; 38; 71
53,63,0.11268,0.84127,58; 53; 14; 85; 78; 83; 63; 21; 9; 27
23,29,0.13127,0.7931,26; 23; 51; 25; 77; 20; 29; 64; 85; 9
39,80,0.09945,0.4875,79; 39; 26; 6; 55; 85; 80; 7; 68; 36
18,56,0.12762,0.32143,13; 18; 51; 12; 9; 44; 56; 66; 69; 48
70,85,0.07697,0.82353,43; 70; 60; 51; 23; 67; 85; 26; 62; 24
19,58,0.11588,0.32759,81; 19; 9; 35; 57; 43; 58; 68; 53; 54
67,78,0.08716,0.85897,63; 67; 28; 25; 9; 35; 78; 8; 28; 51
36,45,0.14382,0.8,14; 36; 77; 15; 19; 25; 45; 17; 64; 76
17,53,0.12113,0.32075,34; 17; 14; 83; 41; 51; 53; 43; 33; 57
70,85,0.07283,0.82353,58; 70; 7; 29; 78; 63; 85; 32; 42; 10
23,65,0.10788,0.35385,27; 23; 64; 45; 27; 18; 65; 82; 52; 76
22,39,0.12741,0.5641,47; 22; 70; 23; 18; 71; 39; 28; 78; 31
13,23,0.13105,0.56522,58; 13; 80; 13; 46; 64; 23; 17; 53; 80
59,72,0.08864,0.81944,30; 59; 12; 32; 5; 18; 72; 64; 77; 13
61,76,0.09854,0.80263,22; 61; 34; 79; 70; 84; 76; 13; 41; 80
33,72,0.1054,0.45833,75; 33; 85; 56; 22; 45; 72; 28; 49; 83
9,38,0.15129,0.23684,7; 9; 36; 29; 20; 38; 38; 37; 46; 75
26,56,0.12487,0.46429,74; 26; 59; 14; 25; 25; 56; 53; 15; 32
56,67,0.10492,0.83582,68; 56; 32; 72; 54; 81; 67; 18; 31; 22
24,30,0.14,0.8,56; 24; 29; 45; 6; 30; 30; 67; 30; 27
38,82,0.09148,0.46341,38; 38; 9; 14; 62; 8; 82; 61; 17; 40
16,66,0.11472,0.24242,24; 16; 14; 80; 40; 38; 66; 57; 34; 25
17,67,0.10794,0.25373,65; 17; 5; 55; 32; 9; 67; 6; 58; 55
24,30,0.13589,0.8,40; 24; 52; 55; 80; 50; 30; 64; 84; 75
15,62,0.11236,0.24194,80; 15; 25; 24; 7; 65; 62; 59; 78; 23
26,56,0.1276,0.46429,16; 26; 36; 36; 41; 20; 56; 10; 44; 85
16,20,0.13002,0.8,61; 16; 46; 19; 82; 21; 20; 25; 62; 17
11,39,0.13618,0.28205,38; 11; 61; 59; 78; 14; 39; 29; 83; 43
14,57,0.12494,0.24561,64; 14; 62; 46; 61; 46; 57; 21; 71; 82
27,34,0.14194,0.79412,75; 27; 66; 74; 39; 70; 34; 59; 63; 10
18,39,0.12459,0.46154,13; 18; 60; 11; 31; 70; 39; 59; 45; 22
20,82,0.09583,0.2439,75; 20; 71; 28; 82; 74; 82; 31; 39; 34
6,12,0.12786,0.5,41; 6; 40; 29; 10; 17; 12; 13; 14; 68
25,79,0.09892,0.31646,29; 25; 32; 5; 30; 11; 79; 67; 70; 58
23,41,0.13285,0.56098,64; 23; 10; 71; 66; 11; 41; 28; 49; 57
7,28,0.13525,0.25,38; 7; 24; 13; 73; 10; 28; 25; 73; 25
26,70,0.1097,0.37143,46; 26; 61; 46; 70; 80; 70; 37; 43; 27
7,20,0.11224,0.35,7; 7; 50; 50; 37; 26; 20; 72; 80; 35
18,71,0.10684,0.25352,11; 18; 31; 46; 72; 17; 71; 14; 40; 62
60,76,0.08782,0.78947,68; 60; 57; 12; 44; 62; 76; 82; 66; 53
26,82,0.09912,0.31707,61; 26; 70; 43; 17; 82; 82; 36; 58; 51
21,83,0.09962,0.25301,6; 21; 73; 41; 13; 20; 83; 34; 57; 34
18,21,0.13108,0.85714,30; 18; 74; 80; 82; 40; 21; 19; 43; 14
20,71,0.10685,0.28169,78; 20; 26; 22; 36; 23; 71; 56; 67; 10
23,76,0.09362,0.30263,15; 23; 56; 59; 27; 33; 76; 19; 55; 6
55,69,0.10393,0.7971,7; 55; 35; 59; 23; 7; 69; 13; 30; 38
22,44,0.13265,0.5,43; 22; 72; 80; 42; 45; 44; 59; 22; 47
18,36,0.13194,0.5,31; 18; 19; 65; 73; 46; 36; 45; 50; 64
21,72,0.10528,0.29167,22; 21; 68; 19; 55; 34; 72; 45; 46; 5
26,80,0.09198,0.325,29; 26; 78; 66; 82; 56; 80; 75; 49; 66
42,85,0.09528,0.49412,44; 42; 68; 41; 75; 80; 85; 55; 40; 66
5,18,0.09918,0.27778,39; 5; 43; 27; 75; 55; 18; 54; 85; 31
13,23,0.13673,0.56522,6; 13; 58; 57; 5; 47; 23; 78; 49; 10
20,81,0.09673,0.24691,55; 20; 27; 13; 28; 20; 81; 47; 62; 49
10,30,0.1423,0.33333,30; 10; 36; 58; 57; 25; 30; 19; 55; 81
31,36,0.12413,0.86111,54; 31; 25; 83; 64; 61; 36; 83; 18; 65
23,78,0.09982,0.29487,20; 23; 49; 83; 68; 22; 78; 80; 46; 14
13,46,0.14229,0.28261,13; 13; 85; 62; 33; 75; 46; 16; 45; 73
57,71,0.09969,0.80282,77; 57; 39; 61; 19; 28; 71; 18; 32; 21
60,70,0.09708,0.85714,29; 60; 54; 35; 39; 19; 70; 7; 6; 84
25,71,0.1077,0.35211,25; 25; 61; 67; 22; 33; 71; 25; 25; 36
61,76,0.08719,0.80263,75; 61; 5; 75; 35; 77; 76; 12; 33; 46
16,46,0.1357,0.34783,36; 16; 21; 67; 8; 53; 46; 54; 42; 60
24,79,0.0991,0.3038,15; 24; 5; 14; 35; 73; 79; 60; 23; 54
66,82,0.07881,0.80488,41; 66; 17; 41; 77; 65; 82; 38; 7; 85
32,65,0.11494,0.49231,58; 32; 28; 41; 66; 6; 65; 78; 25; 66
19,59,0.11922,0.32203,68; 19; 41; 80; 56; 7; 59; 48; 70; 27
49,57,0.12447,0.85965,56; 49; 83; 20; 44; 69; 57; 46; 9; 6
28,35,0.13863,0.8,74; 28; 37; 16; 77; 8; 35; 36; 84; 79
24,73,0.10396,0.32877,63; 24; 58; 65; 61; 22; 73; 67; 7; 51
17,57,0.12594,0.29825,37; 17; 61; 35; 61; 58; 57; 53; 11; 50
21,25,0.13253,0.84,57; 21; 74; 23; 6; 40; 25; 44; 72; 23
20,54,0.12866,0.37037,26; 20; 77; 29; 50; 21; 54; 41; 29; 69
8,27,0.12963,0.2963,69; 8; 40; 17; 55; 68; 27; 34; 63; 22
19,67,0.106,0.28358,71; 19; 51; 30; 80; 70; 67; 46; 38; 61
11,22,0.13173,0.5,31; 11; 35; 82; 49; 9; 22; 70; 25; 8
19,51,0.13182,0.37255,67; 19; 44; 72; 73; 85; 51; 36; 67; 70
39,49,0.13116,0.79592,29; 39; 73; 46; 76; 37; 49; 32; 63; 10
27,82,0.10066,0.32927,10; 27; 42; 19; 54; 84; 82; 6; 25; 17
33,59,0.11627,0.55932,8; 33; 85; 28; 40; 40; 59; 53; 36; 9
9,31,0.13776,0.29032,25; 9; 33; 28; 69; 77; 31; 51; 55; 80
9,37,0.13852,0.24324,20; 9; 11; 8; 12; 51; 37; 63; 82; 21
55,64,0.11045,0.85938,63; 55; 57; 45; 56; 49; 64; 81; 32; 43
25,68,0.11626,0.36765,16; 25; 55; 50; 80; 30; 68; 67; 63; 16
25,45,0.14205,0.55556,68; 25; 32; 65; 29; 31; 45; 69; 83; 13
8,14,0.12406,0.57143,47; 8; 15; 23; 68; 63; 14; 46; 39; 21
19,54,0.1223,0.35185,58; 19; 20; 61; 57; 17; 54; 14; 82; 60
56,65,0.10268,0.86154,6; 56; 25; 67; 32; 85; 65; 75; 69; 79
26,74,0.10907,0.35135,5; 26; 50; 29; 43; 33; 74; 11; 61; 60
22,73,0.10508,0.30137,59; 22; 33; 49; 72; 26; 73; 53; 44; 30
36,64,0.11176,0.5625,59; 36; 45; 36; 33; 69; 64; 18; 51; 5
47,83,0.09486,0.56627,84; 47; 69; 37; 6; 24; 83; 21; 14; 79
31,68,0.10777,0.45588,35; 31; 54; 39; 57; 84; 68; 29; 17; 68
40,71,0.10981,0.56338,16; 40; 84; 59; 51; 11; 71; 80; 7; 59
36,72,0.10661,0.5,13; 36; 23; 77; 59; 41; 72; 59; 54; 29
17,49,0.13099,0.34694,39; 17; 17; 35; 46; 64; 49; 13; 58; 14
18,55,0.12188,0.32727,6; 18; 47; 23; 28; 17; 55; 51; 29; 74
16,50,0.12129,0.32,68; 16; 12; 51; 6; 72; 50; 82; 21; 25
59,69,0.09671,0.85507,33; 59; 40; 12; 64; 14; 69; 38; 54; 76
11,30,0.13915,0.36667,60; 11; 30; 11; 13; 7; 30; 85; 39; 56
16,66,0.11054,0.24242,64; 16; 45; 84; 62; 23; 66; 77; 57; 74
7,25,0.12046,0.28,76; 7; 31; 65; 5; 28; 25; 54; 5; 12
35,62,0.11688,0.56452,39; 35; 16; 68; 67; 37; 62; 46; 13; 10
62,78,0.08637,0.79487,12; 62; 5; 50; 40; 39; 78; 6; 22; 61
51,62,0.11002,0.82258,28; 51; 12; 23; 50; 36; 62; 18; 68; 23
20,60,0.12045,0.33333,30; 20; 11; 77; 14; 60; 60; 10; 23; 60
44,56,0.13531,0.78571,60; 44; 49; 32; 44; 59; 56; 21; 76; 58
6,17,0.11606,0.35294,18; 6; 41; 24; 64; 42; 17; 22; 46; 82
23,70,0.11098,0.32857,76; 23; 44; 33; 46; 75; 70; 5; 13; 53
14,48,0.1369,0.29167,83; 14; 7; 46; 72; 19; 48; 16; 74; 84
32,65,0.11694,0.49231,69; 32; 47; 45; 23; 12; 65; 38; 39; 29
10,36,0.13414,0.27778,10; 10; 35; 12; 16; 31; 36; 16; 17; 16
21,69,0.10432,0.30435,52; 21; 12; 72; 5; 70; 69; 70; 33; 68
17,58,0.12206,0.2931,75; 17; 18; 36; 68; 46; 58; 21; 23; 49
10,41,0.14228,0.2439,76; 10; 5; 18; 41; 51; 41; 40; 18; 7
49,60,0.11755,0.81667,13; 49; 6; 79; 41; 16; 60; 15; 12; 63
46,56,0.13052,0.82143,30; 46; 20; 64; 7; 37; 56; 40; 35; 9
39,84,0.09298,0.46429,68; 39; 52; 38; 77; 32; 84; 26; 56; 67
52,62,0.11745,0.83871,24; 52; 28; 84; 84; 20; 62; 55; 43; 68
22,60,0.11559,0.36667,55; 22; 62; 9; 17; 61; 60; 30; 48; 74
19,67,0.1101,0.28358,69; 19; 74; 24; 20; 58; 67; 38; 81; 24
62,74,0.08748,0.83784,24; 62; 37; 47; 11; 65; 74; 69; 16; 5
5,17,0.10375,0.29412,81; 5; 5; 77; 83; 13; 17; 6; 60; 22
30,65,0.12422,0.46154,67; 30; 81; 8; 64; 34; 65; 50; 45; 29
16,67,0.10906,0.23881,45; 16; 65; 30; 38; 69; 67; 45; 62; 56
17,60,0.11728,0.28333,49; 17; 53; 85; 26; 35; 60; 80; 9; 51
69,84,0.07607,0.82143,55; 69; 47; 24; 50; 29; 84; 51; 71; 53
20,57,0.11891,0.35088,69; 20; 84; 11; 68; 23; 57; 54; 48; 49
49,62,0.11774,0.79032,52; 49; 35; 30; 50; 19; 62; 63; 52; 40
24,81,0.10035,0.2963,55; 24; 48; 46; 69; 54; 81; 8; 53; 39
10,20,0.13617,0.5,8; 10; 70; 19; 58; 20; 20; 33; 43; 71
16,20,0.13322,0.8,8; 16; 64; 42; 41; 17; 20; 65; 47; 33
5,9,0.12429,0.55556,34; 5; 79; 58; 17; 21; 9; 25; 7; 54
16,49,0.12464,0.32653,70; 16; 58; 55; 5; 63; 49; 77; 80; 22
21,83,0.09096,0.25301,28; 21; 70; 36; 9; 74; 83; 8; 82; 44
26,80,0.0993,0.325,6; 26; 65; 6; 47; 83; 80; 74; 44; 8
22,59,0.11732,0.37288,24; 22; 52; 20; 73; 12; 59; 53; 39; 17
37,80,0.099,0.4625,11; 37; 58; 59; 63; 9; 80; 66; 22; 37
19,69,0.10038,0.27536,46; 19; 71; 41; 70; 62; 69; 75; 68; 52
14,55,0.12638,0.25455,66; 14; 15; 30; 26; 76; 55; 70; 83; 68
15,50,0.12258,0.3,48; 15; 52; 78; 43; 71; 50; 34; 49; 30
16,54,0.12719,0.2963,32; 16; 67; 52; 37; 75; 54; 54; 23; 33
23,82,0.09411,0.28049,63; 23; 15; 47; 55; 64; 82; 10; 71; 12
19,78,0.10368,0.24359,79; 19; 17; 62; 73; 13; 78; 8; 83; 40
44,78,0.10771,0.5641,68; 44; 32; 12; 45; 79; 78; 63; 60; 8
13,39,0.13714,0.33333,36; 13; 24; 65; 19; 67; 39; 69; 25; 8
44,77,0.10794,0.57143,14; 44; 28; 80; 61; 40; 77; 73; 84; 7
5,18,0.10436,0.27778,65; 5; 48; 80; 29; 67; 18; 10; 81; 79
17,34,0.13464,0.5,84; 17; 49; 64; 39; 71; 34; 49; 12; 17
15,45,0.13116,0.33333,14; 15; 24; 82; 70; 9; 45; 15; 67; 72
39,49,0.12688,0.79592,32; 39; 59; 42; 17; 54; 49; 76; 56; 62
11,39,0.14308,0.28205,72; 11; 41; 9; 78; 40; 39; 17; 24; 42
6,18,0.11251,0.33333,35; 6; 61; 5; 36; 62; 18; 50; 26; 72
36,43,0.1333,0.83721,28; 36; 68; 41; 42; 62; 43; 70; 36; 43
32,37,0.14458,0.86486,33; 32; 38; 57; 30; 54; 37; 25; 77; 39
9,32,0.14413,0.28125,68; 9; 19; 15; 45; 54; 32; 56; 52; 78
34,43,0.13848,0.7907,57; 34; 84; 17; 10; 9; 43; 75; 69; 42
27,54,0.12288,0.5,21; 27; 85; 28; 55; 43; 54; 12; 14; 14
45,55,0.12648,0.81818,6; 45; 76; 5; 54; 79; 55; 29; 58; 31
70,85,0.07839,0.82353,85; 70; 76; 82; 18; 27; 85; 71; 50; 57
62,74,0.0903,0.83784,7; 62; 63; 42; 65; 22; 74; 35; 16; 31
11,46,0.14327,0.23913,12; 11; 27; 11; 58; 32; 46; 7; 59; 30
68,85,0.07902,0.8,15; 68; 28; 27; 64; 69; 85; 45; 51; 75
10,40,0.14214,0.25,65; 10; 52; 59; 5; 9; 40; 33; 18; 38
35,44,0.1371,0.79545,19; 35; 51; 12; 47; 43; 44; 85; 57; 22
8,29,0.13197,0.27586,52; 8; 40; 47; 38; 71; 29; 23; 15; 5
39,80,0.09766,0.4875,67; 39; 71; 44; 43; 37; 80; 50; 24; 81
38,48,0.12768,0.79167,62; 38; 5; 65; 84; 63; 48; 73; 23; 9
19,64,0.11873,0.29688,43; 19; 59; 84; 26; 6; 64; 14; 67; 32
66,84,0.07784,0.78571,36; 66; 47; 8; 20; 84; 84; 30; 83; 21
19,77,0.0953,0.24675,82; 19; 73; 32; 57; 54; 77; 12; 25; 36
10,27,0.1316,0.37037,51; 10; 54; 29; 38; 16; 27; 82; 68; 35
18,52,0.12335,0.34615,57; 18; 55; 39; 16; 52; 52; 10; 31; 11
27,77,0.0984,0.35065,69; 27; 8; 83; 16; 53; 77; 68; 18; 55
10,35,0.14385,0.28571,77; 10; 20; 51; 34; 19; 35; 68; 56; 28
56,68,0.10069,0.82353,51; 56; 70; 5; 47; 46; 68; 17; 46; 72
28,81,0.10009,0.34568,19; 28; 38; 40; 50; 57; 81; 20; 24; 82
31,55,0.12911,0.56364,74; 31; 20; 28; 57; 35; 55; 67; 39; 64
60,73,0.09392,0.82192,11; 60; 25; 68; 85; 50; 73; 47; 28; 11
16,65,0.11874,0.24615,34; 16; 20; 57; 54; 55; 65; 26; 80; 70
62,76,0.09368,0.81579,60; 62; 69; 54; 14; 57; 76; 17; 11; 43
27,59,0.11708,0.45763,21; 27; 57; 19; 38; 37; 59; 63; 50; 67
26,71,0.1011,0.3662,53; 26; 38; 62; 9; 8; 71; 78; 22; 36
22,78,0.09963,0.28205,37; 22; 18; 67; 24; 33; 78; 65; 35; 57
17,53,0.12967,0.32075,22; 17; 57; 73; 61; 16; 53; 17; 79; 44
21,66,0.10875,0.31818,52; 21; 68; 45; 83; 10; 66; 53; 55; 63
50,58,0.12329,0.86207,77; 50; 18; 22; 57; 12; 58; 48; 40; 60
19,55,0.12329,0.34545,11; 19; 47; 82; 51; 8; 55; 64; 15; 41
20,62,0.1078,0.32258,61; 20; 71; 66; 5; 62; 62; 57; 28; 60
30,65,0.11581,0.46154,26; 30; 30; 11; 5; 34; 65; 26; 7; 28
42,74,0.1101,0.56757,40; 42; 45; 83; 50; 22; 74; 61; 65; 39
41,72,0.10118,0.56944,50; 41; 64; 52; 54; 17; 72; 66; 35; 5
12,38,0.13652,0.31579,42; 12; 83; 23; 60; 54; 38; 5; 58; 7
11,22,0.13491,0.5,85; 11; 59; 18; 33; 54; 22; 64; 52; 14
12,40,0.13671,0.3,23; 12; 22; 43; 83; 25; 40; 6; 80; 64
23,76,0.10547,0.30263,72; 23; 56; 85; 84; 18; 76; 47; 65; 12
32,40,0.14153,0.8,59; 32; 16; 63; 66; 52; 40; 16; 44; 60
59,72,0.09509,0.81944,5; 59; 39; 12; 19; 11; 72; 57; 25; 22
45,80,0.09756,0.5625,82; 45; 16; 9; 10; 24; 80; 31; 62; 5
44,55,0.13245,0.8,9; 44; 42; 83; 80; 36; 55; 33; 25; 9
19,60,0.12157,0.31667,43; 19; 35; 59; 67; 82; 60; 36; 49; 53
30,82,0.09328,0.36585,22; 30; 29; 31; 5; 53; 82; 37; 33; 75
19,79,0.09838,0.24051,39; 19; 72; 69; 17; 67; 79; 73; 31; 61
19,65,0.11497,0.29231,53; 19; 39; 75; 20; 57; 65; 72; 16; 36
43,51,0.13657,0.84314,36; 43; 30; 82; 33; 46; 51; 68; 34; 74
13,35,0.12976,0.37143,48; 13; 15; 68; 8; 33; 35; 52; 21; 17
19,34,0.13686,0.55882,75; 19; 26; 22; 75; 39; 34; 60; 63; 61
42,50,0.12837,0.84,82; 42; 23; 76; 28; 16; 50; 5; 60; 40
17,57,0.12154,0.29825,13; 17; 34; 44; 44; 71; 57; 65; 52; 28
18,55,0.12247,0.32727,21; 18; 55; 52; 39; 75; 55; 33; 65; 6
67,80,0.08209,0.8375,15; 67; 16; 32; 55; 74; 80; 82; 45; 54
59,74,0.09233,0.7973,32; 59; 41; 36; 62; 77; 74; 78; 35; 82
27,34,0.13149,0.79412,45; 27; 84; 40; 42; 84; 34; 27; 6; 43
31,54,0.12135,0.57407,51; 31; 24; 54; 62; 49; 54; 65; 77; 78
66,82,0.08037,0.80488,17; 66; 73; 77; 26; 40; 82; 31; 80; 42
36,72,0.10991,0.5,40; 36; 37; 38; 68; 51; 72; 50; 78; 45
22,59,0.11298,0.37288,41; 22; 56; 83; 42; 27; 59; 72; 16; 71
28,81,0.0932,0.34568,84; 28; 19; 68; 80; 11; 81; 81; 59; 48
61,73,0.09163,0.83562,69; 61; 60; 63; 78; 65; 73; 66; 35; 23
18,71,0.10466,0.25352,80; 18; 36; 49; 26; 64; 71; 9; 67; 49
22,60,0.11958,0.36667,10; 22; 29; 34; 19; 34; 60; 28; 5; 80
22,76,0.09796,0.28947,21; 22; 17; 31; 56; 48; 76; 37; 7; 42
10,40,0.13146,0.25,28; 10; 45; 36; 71; 69; 40; 62; 48; 72
65,82,0.08018,0.79268,14; 65; 53; 62; 24; 42; 82; 15; 68; 68
27,84,0.08575,0.32143,32; 27; 33; 62; 15; 11; 84; 53; 50; 55
19,76,0.09274,0.25,7; 19; 68; 9; 76; 6; 76; 66; 10; 42
24,84,0.08292,0.28571,49; 24; 57; 16; 10; 29; 84; 7; 50; 74
60,70,0.10046,0.85714,61; 60; 84; 62; 32; 34; 70; 42; 52; 64
66,84,0.07686,0.78571,51; 66; 26; 36; 48; 13; 84; 48; 38; 79
25,50,0.13136,0.5,48; 25; 11; 28; 71; 64; 50; 17; 19; 70
27,77,0.1075,0.35065,32; 27; 30; 36; 16; 15; 77; 71; 26; 43
8,28,0.1326,0.28571,15; 8; 80; 82; 81; 48; 28; 18; 40; 14
21,74,0.10879,0.28378,83; 21; 48; 8; 44; 15; 74; 48; 84; 83
20,82,0.09563,0.2439,29; 20; 28; 55; 66; 61; 82; 36; 68; 80
40,49,0.13843,0.81633,37; 40; 16; 13; 35; 10; 49; 12; 83; 58
18,21,0.12775,0.85714,46; 18; 22; 18; 11; 55; 21; 84; 13; 23
29,58,0.11844,0.5,72; 29; 28; 48; 48; 73; 58; 15; 80; 24
21,69,0.1022,0.30435,48; 21; 20; 74; 76; 14; 69; 53; 21; 31
41,72,0.1093,0.56944,80; 41; 71; 65; 39; 38; 72; 77; 21; 40
17,46,0.12989,0.36957,14; 17; 30; 26; 23; 65; 46; 23; 43; 42
23,69,0.10942,0.33333,63; 23; 13; 61; 84; 56; 69; 15; 50; 69
17,58,0.12353,0.2931,65; 17; 40; 17; 79; 18; 58; 48; 34; 85
11,46,0.13799,0.23913,14; 11; 50; 6; 62; 12; 46; 27; 27; 47
9,16,0.13829,0.5625,26; 9; 75; 55; 83; 53; 16; 42; 8; 33
12,43,0.1362,0.27907,56; 12; 50; 41; 65; 23; 43; 77; 43; 79
30,85,0.08998,0.35294,16; 30; 83; 7; 60; 11; 85; 71; 80; 76
36,64,0.11487,0.5625,80; 36; 66; 51; 33; 50; 64; 37; 74; 59
27,55,0.12683,0.49091,78; 27; 77; 73; 60; 59; 55; 5; 15; 14
24,73,0.10302,0.32877,60; 24; 74; 20; 6; 34; 73; 51; 26; 20
25,54,0.12889,0.46296,44; 25; 53; 70; 62; 50; 54; 70; 15; 56
29,84,0.08859,0.34524,19; 29; 5; 54; 11; 48; 84; 45; 76; 47
60,70,0.09604,0.85714,17; 60; 13; 56; 76; 52; 70; 6; 16; 54
51,62,0.11323,0.82258,49; 51; 31; 26; 16; 42; 62; 8; 79; 13
41,50,0.13054,0.82,55; 41; 73; 55; 28; 36; 50; 53; 35; 36
17,67,0.10813,0.25373,14; 17; 6; 74; 14; 27; 67; 74; 38; 21
17,68,0.11318,0.25,16; 17; 49; 17; 70; 46; 68; 24; 59; 48
14,49,0.13014,0.28571,77; 14; 81; 17; 52; 77; 49; 48; 5; 57
17,67,0.10872,0.25373,25; 17; 52; 36; 83; 17; 67; 10; 50; 12
60,75,0.09593,0.8,58; 60; 47; 8; 40; 47; 75; 19; 11; 31
36,45,0.13554,0.8,80; 36; 64; 22; 43; 58; 45; 7; 51; 46
35,76,0.10682,0.46053,47; 35; 10; 17; 18; 13; 76; 62; 83; 54
22,80,0.10368,0.275,5; 22; 70; 78; 84; 62; 80; 83; 59; 9
24,85,0.0875,0.28235,22; 24; 81; 75; 43; 36; 85; 45; 68; 66
34,74,0.10344,0.45946,46; 34; 66; 25; 54; 22; 74; 29; 59; 47
47,84,0.09166,0.55952,72; 47; 59; 62; 52; 47; 84; 9; 84; 32
73,85,0.07411,0.85882,41; 73; 79; 83; 41; 20; 85; 73; 39; 52
16,57,0.1231,0.2807,67; 16; 19; 8; 11; 34; 57; 84; 56; 22
29,82,0.09287,0.35366,82; 29; 21; 51; 83; 7; 82; 39; 33; 52
31,84,0.09076,0.36905,54; 31; 82; 25; 78; 57; 84; 51; 33; 21
28,84,0.09904,0.33333,60; 28; 60; 81; 19; 73; 84; 5; 6; 84
6,19,0.11292,0.31579,34; 6; 29; 80; 10; 61; 19; 69; 53; 20
16,54,0.12082,0.2963,75; 16; 16; 46; 73; 50; 54; 74; 65; 51
23,41,0.14029,0.56098,55; 23; 76; 49; 67; 27; 41; 17; 65; 33
16,50,0.13008,0.32,52; 16; 69; 63; 16; 10; 50; 67; 51; 33
11,31,0.14082,0.35484,69; 11; 28; 50; 74; 64; 31; 6; 28; 47
49,61,0.11986,0.80328,72; 49; 43; 15; 84; 41; 61; 10; 65; 15
42,50,0.13931,0.84,29; 42; 62; 32; 52; 9; 50; 68; 82; 26
26,82,0.102,0.31707,56; 26; 73; 83; 58; 28; 82; 40; 6; 73
9,16,0.13983,0.5625,53; 9; 28; 41; 71; 38; 16; 79; 81; 26
38,48,0.13595,0.79167,16; 38; 42; 58; 71; 55; 48; 11; 57; 85
19,41,0.12878,0.46341,12; 19; 61; 72; 64; 13; 41; 34; 6; 66
8,33,0.13665,0.24242,82; 8; 56; 26; 11; 45; 33; 22; 84; 41
8,24,0.13303,0.33333,62; 8; 10; 73; 41; 62; 24; 30; 69; 23
34,74,0.10036,0.45946,21; 34; 40; 33; 8; 11; 74; 49; 31; 15
63,75,0.08362,0.84,38; 63; 84; 84; 10; 43; 75; 26; 35; 30
36,79,0.09453,0.4557,28; 36; 56; 74; 9; 57; 79; 5; 39; 65
13,44,0.13239,0.29545,14; 13; 25; 19; 34; 11; 44; 5; 37; 48
37,75,0.10235,0.49333,28; 37; 18; 11; 19; 61; 75; 44; 47; 6
19,38,0.13503,0.5,64; 19; 73; 83; 64; 16; 38; 29; 19; 20
21,46,0.13051,0.45652,62; 21; 42; 79; 45; 18; 46; 41; 23; 23
23,82,0.09687,0.28049,77; 23; 79; 10; 59; 7; 82; 60; 46; 13
64,78,0.08569,0.82051,28; 64; 13; 50; 55; 13; 78; 24; 43; 69
44,51,0.13652,0.86275,36; 44; 27; 70; 53; 58; 51; 43; 52; 58
51,64,0.1119,0.79688,33; 51; 5; 71; 62; 21; 64; 58; 36; 35
27,48,0.13456,0.5625,37; 27; 68; 42; 85; 19; 48; 82; 39; 67
31,68,0.11474,0.45588,54; 31; 60; 47; 62; 81; 68; 70; 28; 28
19,60,0.12308,0.31667,56; 19; 55; 9; 34; 31; 60; 30; 46; 60
27,85,0.09404,0.31765,45; 27; 36; 54; 25; 80; 85; 16; 80; 82
53,63,0.11357,0.84127,46; 53; 53; 22; 71; 55; 63; 15; 19; 11
66,83,0.07787,0.79518,55; 66; 55; 83; 85; 22; 83; 41; 34; 70
16,63,0.11553,0.25397,45; 16; 48; 81; 56; 16; 63; 15; 5; 51
13,23,0.13193,0.56522,5; 13; 66; 10; 61; 7; 23; 58; 79; 30
32,69,0.10479,0.46377,11; 32; 19; 66; 18; 7; 69; 49; 24; 78
50,63,0.11171,0.79365,7; 50; 22; 9; 14; 16; 63; 52; 14; 76
10,35,0.13582,0.28571,9; 10; 56; 17; 55; 73; 35; 52; 6; 75
12,41,0.13027,0.29268,26; 12; 67; 25; 36; 40; 41; 79; 5; 21
9,28,0.14728,0.32143,79; 9; 17; 81; 44; 19; 28; 17; 45; 50
68,83,0.07643,0.81928,11; 68; 47; 84; 84; 39; 83; 34; 42; 7
9,32,0.14113,0.28125,10; 9; 71; 70; 17; 41; 32; 84; 19; 70
17,71,0.11083,0.23944,21; 17; 40; 55; 40; 66; 71; 38; 61; 80
33,68,0.11386,0.48529,6; 33; 24; 60; 80; 84; 68; 13; 79; 12
27,82,0.09018,0.32927,58; 27; 75; 26; 77; 54; 82; 77; 74; 45
18,55,0.1248,0.32727,35; 18; 30; 30; 26; 51; 55; 58; 22; 13
19,79,0.09232,0.24051,21; 19; 43; 24; 53; 62; 79; 31; 41; 35
14,28,0.13036,0.5,75; 14; 50; 75; 34; 63; 28; 18; 39; 30
8,10,0.13831,0.8,85; 8; 39; 57; 63; 80; 10; 36; 51; 9
5,20,0.0985,0.25,56; 5; 13; 11; 60; 72; 20; 5; 55; 21
47,82,0.09416,0.57317,12; 47; 23; 71; 85; 71; 82; 46; 35; 35
66,83,0.07818,0.79518,19; 66; 49; 69; 63; 66; 83; 73; 85; 10
24,69,0.10964,0.34783,11; 24; 47; 52; 83; 75; 69; 65; 61; 19
19,22,0.1306,0.86364,83; 19; 11; 14; 25; 53; 22; 80; 51; 70
26,80,0.10541,0.325,39; 26; 16; 39; 71; 54; 80; 83; 12; 76
20,84,0.10265,0.2381,56; 20; 6; 24; 68; 35; 84; 32; 16; 71
8,16,0.13391,0.5,16; 8; 81; 39; 13; 20; 16; 9; 77; 23
8,34,0.13001,0.23529,77; 8; 62; 53; 44; 85; 34; 55; 25; 61
15,19,0.13115,0.78947,10; 15; 74; 52; 18; 26; 19; 45; 44; 13
13,46,0.13881,0.28261,35; 13; 36; 6; 61; 41; 46; 71; 20; 28
12,38,0.13898,0.31579,81; 12; 49; 54; 30; 24; 38; 14; 61; 23
23,76,0.09913,0.30263,49; 23; 8; 33; 18; 39; 76; 80; 78; 59
20,60,0.11516,0.33333,68; 20; 50; 19; 8; 62; 60; 72; 5; 67
54,66,0.10979,0.81818,41; 54; 51; 67; 12; 69; 66; 53; 17; 68
12,34,0.12757,0.35294,5; 12; 32; 77; 35; 20; 34; 77; 9; 76
8,10,0.1358,0.8,77; 8; 24; 34; 79; 46; 10; 76; 26; 72
36,78,0.09485,0.46154,75; 36; 65; 23; 64; 48; 78; 51; 73; 14
45,80,0.11158,0.5625,46; 45; 10; 53; 67; 64; 80; 28; 56; 16
19,51,0.11981,0.37255,42; 19; 57; 36; 16; 8; 51; 78; 16; 40
27,85,0.09626,0.31765,66; 27; 31; 56; 59; 43; 85; 53; 67; 22
39,80,0.09694,0.4875,46; 39; 71; 44; 71; 27; 80; 59; 20; 44
62,72,0.09342,0.86111,29; 62; 81; 40; 83; 51; 72; 5; 59; 66
17,35,0.14108,0.48571,30; 17; 61; 74; 68; 85; 35; 49; 42; 36
27,48,0.12684,0.5625,33; 27; 66; 7; 16; 64; 48; 49; 21; 15
36,44,0.1341,0.81818,52; 36; 41; 43; 69; 52; 44; 57; 40; 9
63,73,0.08548,0.86301,20; 63; 54; 72; 11; 37; 73; 29; 59; 62
10,35,0.13437,0.28571,78; 10; 61; 31; 63; 49; 35; 75; 24; 62
22,59,0.1219,0.37288,24; 22; 29; 21; 35; 67; 59; 48; 7; 61
34,61,0.11401,0.55738,74; 34; 46; 66; 62; 21; 61; 12; 43; 58
24,52,0.13306,0.46154,16; 24; 27; 24; 58; 56; 52; 36; 7; 12
38,45,0.13532,0.84444,49; 38; 28; 65; 82; 81; 45; 10; 42; 72
14,58,0.11998,0.24138,66; 14; 23; 82; 48; 69; 58; 54; 33; 29
20,82,0.09349,0.2439,5; 20; 21; 67; 30; 50; 82; 81; 73; 65
51,59,0.11676,0.86441,29; 51; 34; 49; 25; 11; 59; 74; 82; 76
18,52,0.13219,0.34615,16; 18; 57; 6; 77; 53; 52; 41; 5; 52
46,82,0.10323,0.56098,19; 46; 49; 44; 22; 11; 82; 72; 41; 57
21,63,0.10601,0.33333,30; 21; 77; 70; 45; 39; 63; 74; 56; 45
51,59,0.1131,0.86441,71; 51; 23; 5; 75; 7; 59; 12; 21; 24
17,70,0.11108,0.24286,61; 17; 45; 54; 61; 70; 70; 58; 70; 73
18,72,0.09963,0.25,31; 18; 77; 5; 67; 41; 72; 75; 78; 39
60,76,0.08872,0.78947,56; 60; 84; 71; 72; 48; 76; 51; 71; 29
6,13,0.1155,0.46154,84; 6; 79; 83; 12; 79; 13; 53; 19; 56
17,60,0.11224,0.28333,35; 17; 66; 68; 75; 71; 60; 7; 84; 42
48,60,0.12047,0.8,30; 48; 30; 12; 5; 59; 60; 47; 7; 85
7,21,0.12332,0.33333,27; 7; 5; 23; 20; 65; 21; 62; 35; 50
61,73,0.08579,0.83562,72; 61; 19; 67; 33; 48; 73; 75; 30; 54
31,67,0.11153,0.46269,41; 31; 76; 58; 52; 77; 67; 84; 12; 55
24,81,0.09581,0.2963,41; 24; 14; 22; 84; 34; 81; 50; 66; 63
24,52,0.1283,0.46154,75; 24; 28; 19; 67; 34; 52; 9; 49; 75
21,71,0.10442,0.29577,48; 21; 36; 14; 73; 39; 71; 44; 48; 72
40,80,0.09908,0.5,23; 40; 79; 70; 21; 81; 80; 54; 50; 40
23,50,0.13018,0.46,68; 23; 60; 41; 77; 37; 50; 23; 58; 5
12,14,0.13781,0.85714,7; 12; 65; 68; 5; 78; 14; 75; 30; 70
45,79,0.10742,0.56962,16; 45; 9; 54; 66; 35; 79; 18; 45; 74
34,69,0.11347,0.49275,79; 34; 59; 48; 61; 13; 69; 73; 84; 63
59,70,0.08691,0.84286,6; 59; 80; 22; 69; 44; 70; 13; 71; 58
31,37,0.131,0.83784,37; 31; 19; 12; 38; 65; 37; 82; 60; 28
45,57,0.1279,0.78947,55; 45; 38; 33; 43; 7; 57; 49; 81; 48
15,53,0.12645,0.28302,35; 15; 70; 68; 9; 52; 53; 13; 10; 61
36,43,0.14116,0.83721,48; 36; 34; 58; 67; 19; 43; 44; 49; 78
9,16,0.13613,0.5625,13; 9; 48; 57; 82; 72; 16; 75; 48; 43
45,57,0.12158,0.78947,7; 45; 56; 77; 24; 57; 57; 33; 67; 5
12,43,0.14383,0.27907,23; 12; 6; 37; 84; 28; 43; 45; 43; 28
11,22,0.13458,0.5,45; 11; 69; 80; 66; 40; 22; 85; 25; 13
51,59,0.12063,0.86441,32; 51; 56; 41; 64; 57; 59; 53; 78; 18
16,32,0.14045,0.5,62; 16; 21; 54; 69; 58; 32; 66; 29; 39
14,50,0.12723,0.28,29; 14; 28; 30; 74; 46; 50; 18; 34; 5
39,85,0.09969,0.45882,73; 39; 35; 48; 18; 67; 85; 17; 8; 30
20,60,0.12285,0.33333,57; 20; 83; 42; 45; 5; 60; 60; 9; 65
66,84,0.07833,0.78571,9; 66; 47; 5; 36; 48; 84; 52; 51; 52
67,78,0.07589,0.85897,40; 67; 46; 28; 43; 79; 78; 66; 24; 21
24,80,0.10051,0.3,66; 24; 22; 45; 10; 34; 80; 21; 24; 19
9,32,0.13548,0.28125,84; 9; 56; 32; 36; 70; 32; 14; 37; 50
6,24,0.11645,0.25,45; 6; 74; 58; 59; 71; 24; 26; 14; 80
18,71,0.10451,0.25352,75; 18; 45; 46; 36; 35; 71; 11; 82; 19
63,75,0.08491,0.84,21; 63; 85; 30; 73; 45; 75; 58; 10; 11
46,58,0.12533,0.7931,76; 46; 9; 16; 31; 9; 58; 51; 7; 29
65,76,0.08354,0.85526,5; 65; 34; 25; 28; 37; 76; 17; 21; 14
41,84,0.09129,0.4881,6; 41; 77; 44; 25; 26; 84; 19; 44; 68
49,57,0.12104,0.85965,20; 49; 30; 13; 16; 69; 57; 34; 56; 8
45,56,0.13247,0.80357,31; 45; 47; 43; 78; 70; 56; 43; 5; 53
55,69,0.10168,0.7971,32; 55; 51; 60; 40; 45; 69; 41; 78; 22
39,79,0.10515,0.49367,25; 39; 11; 81; 76; 73; 79; 69; 22; 24
66,84,0.07748,0.78571,17; 66; 82; 50; 8; 58; 84; 7; 11; 68
54,68,0.10378,0.79412,22; 54; 55; 76; 17; 59; 68; 40; 54; 47
14,28,0.13918,0.5,75; 14; 84; 44; 69; 39; 28; 34; 5; 61
10,34,0.13856,0.29412,69; 10; 25; 60; 70; 9; 34; 31; 25; 31
66,77,0.08108,0.85714,34; 66; 42; 73; 62; 68; 77; 64; 71; 68
8,24,0.13158,0.33333,44; 8; 51; 48; 51; 15; 24; 42; 71; 83
31,36,0.13205,0.86111,61; 31; 9; 47; 43; 82; 36; 21; 24; 11
11,46,0.13877,0.23913,21; 11; 67; 85; 27; 37; 46; 39; 69; 45
17,52,0.12275,0.32692,10; 17; 64; 73; 36; 27; 52; 83; 13; 46
39,68,0.09804,0.57353,56; 39; 8; 48; 53; 21; 68; 19; 58; 84
32,65,0.1154,0.49231,10; 32; 72; 38; 40; 37; 65; 62; 29; 31
47,84,0.09623,0.55952,53; 47; 8; 18; 61; 69; 84; 39; 64; 58
25,68,0.10599,0.36765,79; 25; 73; 85; 52; 31; 68; 5; 16; 60
8,29,0.14157,0.27586,57; 8; 11; 54; 70; 60; 29; 69; 56; 79
67,82,0.07687,0.81707,84; 67; 32; 58; 34; 79; 82; 64; 32; 52
22,75,0.09657,0.29333,76; 22; 60; 70; 34; 68; 75; 25; 84; 41
40,81,0.09289,0.49383,38; 40; 51; 74; 18; 22; 81; 38; 48; 6
12,40,0.14425,0.3,85; 12; 68; 53; 65; 6; 40; 61; 48; 46
31,54,0.13161,0.57407,43; 31; 70; 56; 18; 82; 54; 46; 39; 83
5,10,0.10813,0.5,84; 5; 76; 65; 65; 44; 10; 85; 31; 36
26,57,0.12153,0.45614,48; 26; 81; 69; 23; 7; 57; 51; 72; 11
16,50,0.12535,0.32,23; 16; 26; 20; 80; 17; 50; 52; 48; 73
25,79,0.1022,0.31646,85; 25; 82; 79; 37; 76; 79; 82; 6; 60
38,83,0.09688,0.45783,40; 38; 9; 35; 57; 80; 83; 42; 28; 65
17,61,0.11767,0.27869,51; 17; 30; 70; 48; 42; 61; 43; 50; 83
47,82,0.09333,0.57317,12; 47; 20; 7; 62; 32; 82; 76; 56; 11
28,84,0.09655,0.33333,54; 28; 10; 17; 23; 72; 84; 20; 9; 11
18,51,0.12903,0.35294,50; 18; 7; 30; 64; 59; 51; 53; 40; 26
25,78,0.09851,0.32051,44; 25; 80; 63; 16; 45; 78; 53; 49; 59
20,36,0.13481,0.55556,19; 20; 77; 10; 62; 66; 36; 24; 70; 43
29,84,0.08605,0.34524,48; 29; 8; 50; 35; 18; 84; 22; 37; 65
10,20,0.13562,0.5,78; 10; 74; 44; 13; 62; 20; 47; 33; 55
60,75,0.09345,0.8,79; 60; 59; 15; 58; 58; 75; 12; 21; 9
30,53,0.13804,0.56604,14; 30; 58; 19; 73; 65; 53; 19; 37; 78
14,56,0.12452,0.25,73; 14; 65; 85; 74; 70; 56; 34; 84; 43
32,56,0.13067,0.57143,8; 32; 73; 43; 11; 62; 56; 36; 77; 39
18,52,0.13109,0.34615,8; 18; 83; 19; 30; 40; 52; 48; 24; 73
46,56,0.12511,0.82143,44; 46; 31; 61; 7; 11; 56; 33; 10; 72
33,72,0.1092,0.45833,27; 33; 47; 39; 81; 8; 72; 80; 74; 59
27,34,0.13431,0.79412,82; 27; 85; 68; 13; 9; 34; 13; 65; 64
20,72,0.1055,0.27778,22; 20; 49; 64; 83; 57; 72; 17; 40; 80
49,62,0.11544,0.79032,47; 49; 48; 58; 42; 64; 62; 77; 69; 52
20,67,0.11519,0.29851,54; 20; 48; 49; 62; 84; 67; 22; 46; 31
10,35,0.13082,0.28571,44; 10; 56; 67; 51; 42; 35; 77; 44; 38
70,85,0.08533,0.82353,60; 70; 81; 26; 41; 41; 85; 10; 34; 80
40,49,0.13353,0.81633,80; 40; 55; 81; 6; 72; 49; 61; 53; 49
5,10,0.10723,0.5,14; 5; 31; 74; 75; 85; 10; 69; 43; 75
23,81,0.09272,0.28395,44; 23; 52; 37; 5; 49; 81; 16; 33; 36
19,52,0.12723,0.36538,84; 19; 68; 16; 30; 76; 52; 20; 29; 85
17,59,0.11977,0.28814,57; 17; 76; 72; 81; 82; 59; 59; 22; 48
16,53,0.12847,0.30189,85; 16; 10; 65; 73; 47; 53; 21; 84; 38
49,62,0.11802,0.79032,52; 49; 30; 38; 11; 56; 62; 19; 79; 69
20,35,0.13147,0.57143,56; 20; 78; 23; 7; 51; 35; 42; 10; 52
39,84,0.09407,0.46429,31; 39; 15; 28; 13; 81; 84; 77; 47; 31
18,75,0.09361,0.24,41; 18; 45; 59; 33; 76; 75; 66; 6; 46
9,36,0.13954,0.25,21; 9; 17; 85; 71; 75; 36; 30; 51; 56
15,61,0.12502,0.2459,6; 15; 76; 45; 59; 62; 61; 47; 5; 8
32,70,0.10835,0.45714,51; 32; 84; 35; 49; 72; 70; 43; 57; 73
24,65,0.11473,0.36923,79; 24; 31; 81; 41; 35; 65; 31; 74; 37
19,66,0.11147,0.28788,29; 19; 76; 22; 36; 10; 66; 47; 17; 30
38,76,0.09668,0.5,64; 38; 12; 33; 22; 45; 76; 46; 46; 24
18,32,0.13621,0.5625,32; 18; 7; 35; 19; 15; 32; 46; 75; 54
22,78,0.09898,0.28205,79; 22; 57; 61; 34; 83; 78; 5; 37; 44
15,41,0.13526,0.36585,24; 15; 83; 64; 82; 67; 41; 55; 71; 12
11,37,0.13944,0.2973,55; 11; 18; 78; 31; 33; 37; 58; 41; 52
50,63,0.1185,0.79365,64; 50; 69; 22; 81; 11; 63; 79; 70; 64
20,54,0.1219,0.37037,7; 20; 27; 38; 13; 27; 54; 60; 61; 10
25,44,0.14614,0.56818,23; 25; 50; 43; 36; 33; 44; 40; 71; 22
8,16,0.13294,0.5,53; 8; 17; 66; 75; 58; 16; 33; 59; 34
32,70,0.10433,0.45714,69; 32; 60; 39; 69; 65; 70; 41; 29; 23
16,67,0.10581,0.23881,42; 16; 53; 34; 57; 59; 67; 30; 41; 47
23,76,0.10371,0.30263,63; 23; 80; 23; 20; 5; 76; 53; 5; 69
48,84,0.09044,0.57143,85; 48; 70; 15; 19; 21; 84; 84; 13; 17
13,35,0.12836,0.37143,24; 13; 62; 53; 34; 78; 35; 58; 13; 36
20,68,0.09678,0.29412,30; 20; 18; 36; 38; 5; 68; 74; 24; 83
17,56,0.12533,0.30357,76; 17; 10; 72; 35; 8; 56; 49; 25; 82
70,81,0.08232,0.8642,76; 70; 60; 14; 79; 66; 81; 21; 24; 50
35,61,0.11793,0.57377,67; 35; 53; 46; 6; 5; 61; 22; 71; 49
20,85,0.09654,0.23529,56; 20; 76; 65; 25; 77; 85; 56; 35; 27
11,39,0.14248,0.28205,5; 11; 32; 51; 14; 20; 39; 31; 25; 30
13,55,0.12665,0.23636,84; 13; 58; 10; 39; 44; 55; 61; 16; 59
61,77,0.09333,0.79221,71; 61; 66; 39; 21; 56; 77; 77; 78; 66
21,69,0.10326,0.30435,42; 21; 15; 65; 73; 62; 69; 28; 28; 21
24,65,0.11646,0.36923,58; 24; 76; 34; 50; 65; 65; 36; 28; 26
25,82,0.09944,0.30488,55; 25; 72; 78; 16; 40; 82; 45; 23; 36
9,16,0.13705,0.5625,24; 9; 72; 72; 46; 53; 16; 73; 11; 54
13,43,0.13718,0.30233,10; 13; 33; 53; 51; 51; 43; 29; 6; 77
21,46,0.13209,0.45652,27; 21; 49; 24; 80; 82; 46; 30; 44; 69
27,54,0.13431,0.5,21; 27; 10; 42; 33; 15; 54; 61; 45; 17
7,14,0.12417,0.5,24; 7; 12; 55; 31; 28; 14; 14; 26; 78
18,63,0.11123,0.28571,81; 18; 53; 54; 10; 61; 63; 56; 55; 30
28,50,0.12846,0.56,58; 28; 71; 17; 65; 60; 50; 26; 64; 85
9,37,0.13587,0.24324,21; 9; 39; 49; 27; 44; 37; 29; 23; 60
14,50,0.12492,0.28,46; 14; 70; 63; 64; 12; 50; 33; 51; 69
20,72,0.10745,0.27778,8; 20; 17; 32; 50; 78; 72; 85; 85; 53
18,32,0.13376,0.5625,24; 18; 58; 77; 26; 6; 32; 40; 54; 52
60,70,0.09915,0.85714,20; 60; 79; 62; 14; 28; 70; 55; 77; 11
18,57,0.11748,0.31579,27; 18; 7; 73; 20; 58; 57; 38; 22; 82
30,60,0.12997,0.5,72; 30; 66; 24; 75; 14; 60; 18; 25; 68
9,18,0.13612,0.5,57; 9; 9; 18; 9; 18; 18; 79; 36; 49
13,44,0.13496,0.29545,15; 13; 13; 83; 18; 81; 44; 7; 80; 79
7,19,0.12176,0.36842,5; 7; 31; 81; 5; 36; 19; 78; 49; 76
37,66,0.10872,0.56061,83; 37; 19; 31; 8; 63; 66; 55; 57; 26
20,60,0.12213,0.33333,56; 20; 24; 18; 84; 37; 60; 61; 65; 84
19,41,0.12783,0.46341,70; 19; 41; 39; 73; 80; 41; 79; 76; 25
18,75,0.09411,0.24,63; 18; 25; 71; 77; 38; 75; 53; 67; 52
10,34,0.14188,0.29412,19; 10; 24; 25; 18; 13; 34; 49; 62; 26
19,60,0.12034,0.31667,56; 19; 31; 34; 51; 29; 60; 17; 23; 34
21,70,0.11945,0.3,39; 21; 33; 74; 78; 47; 70; 9; 7; 15
30,35,0.13831,0.85714,38; 30; 58; 55; 37; 24; 35; 71; 16; 72
21,60,0.12723,0.35,14; 21; 48; 85; 6; 51; 60; 7; 10; 51
22,77,0.10243,0.28571,59; 22; 25; 71; 63; 42; 77; 39; 44; 41
11,22,0.13911,0.5,67; 11; 13; 84; 23; 85; 22; 29; 24; 35
12,36,0.1385,0.33333,56; 12; 7; 37; 32; 38; 36; 66; 66; 50
28,34,0.13311,0.82353,65; 28; 76; 50; 65; 9; 34; 25; 80; 6
16,65,0.10978,0.24615,15; 16; 78; 20; 36; 74; 65; 11; 42; 47
41,72,0.10065,0.56944,57; 41; 10; 57; 26; 79; 72; 73; 65; 82
7,19,0.12671,0.36842,11; 7; 17; 27; 45; 32; 19; 58; 57; 82
21,71,0.10878,0.29577,76; 21; 14; 51; 14; 36; 71; 23; 64; 39
40,49,0.136,0.81633,74; 40; 85; 79; 41; 33; 49; 60; 51; 37
31,62,0.10835,0.5,61; 31; 65; 50; 31; 79; 62; 44; 44; 46
19,63,0.11491,0.30159,26; 19; 40; 48; 38; 37; 63; 39; 63; 12
18,57,0.12158,0.31579,53; 18; 73; 69; 9; 12; 57; 52; 21; 75
22,67,0.10652,0.32836,34; 22; 75; 65; 51; 46; 67; 16; 34; 9
40,70,0.10488,0.57143,78; 40; 7; 13; 31; 81; 70; 15; 44; 12
10,31,0.14264,0.32258,23; 10; 42; 37; 26; 28; 31; 73; 33; 52
27,84,0.09596,0.32143,80; 27; 30; 10; 51; 26; 84; 64; 29; 83
30,82,0.10114,0.36585,55; 30; 39; 49; 70; 83; 82; 57; 51; 70
14,47,0.12962,0.29787,51; 14; 6; 67; 8; 74; 47; 65; 79; 71
24,28,0.13936,0.85714,10; 24; 13; 46; 46; 48; 28; 80; 48; 60
19,24,0.13245,0.79167,27; 19; 47; 46; 64; 71; 24; 49; 14; 84
23,69,0.10704,0.33333,52; 23; 20; 76; 9; 18; 69; 73; 79; 49
57,68,0.09898,0.83824,75; 57; 17; 41; 59; 35; 68; 16; 60; 59
25,45,0.13557,0.55556,48; 25; 66; 84; 69; 32; 45; 41; 9; 45
35,70,0.10567,0.5,80; 35; 39; 80; 64; 12; 70; 11; 15; 65
23,73,0.09648,0.31507,37; 23; 68; 45; 16; 35; 73; 80; 46; 25
7,20,0.125,0.35,52; 7; 31; 49; 51; 50; 20; 64; 59; 52
26,70,0.10385,0.37143,57; 26; 11; 54; 19; 85; 70; 56; 9; 31
15,43,0.13753,0.34884,43; 15; 64; 73; 57; 69; 43; 59; 63; 61
23,77,0.10143,0.2987,56; 23; 60; 23; 16; 24; 77; 13; 7; 72
17,51,0.12946,0.33333,78; 17; 65; 34; 28; 69; 51; 79; 36; 70
5,21,0.09945,0.2381,16; 5; 69; 39; 63; 83; 21; 22; 52; 38
20,36,0.12862,0.55556,40; 20; 77; 13; 58; 28; 36; 10; 55; 83
9,28,0.14221,0.32143,41; 9; 56; 7; 55; 44; 28; 22; 85; 85
20,54,0.12244,0.37037,10; 20; 35; 74; 30; 37; 54; 52; 77; 32
8,33,0.13501,0.24242,16; 8; 22; 71; 17; 84; 33; 69; 39; 84
25,77,0.09743,0.32468,35; 25; 28; 15; 34; 68; 77; 50; 57; 76
15,61,0.11785,0.2459,75; 15; 34; 5; 63; 30; 61; 53; 69; 84
13,52,0.12984,0.25,19; 13; 67; 69; 29; 84; 52; 44; 32; 75
13,23,0.13087,0.56522,73; 13; 61; 34; 56; 11; 23; 19; 68; 80
22,48,0.12607,0.45833,67; 22; 66; 29; 68; 63; 48; 68; 34; 46
35,71,0.10495,0.49296,11; 35; 15; 55; 38; 44; 71; 82; 30; 83
42,49,0.13828,0.85714,59; 42; 28; 81; 41; 5; 49; 54; 53; 70
17,58,0.12343,0.2931,66; 17; 35; 9; 80; 11; 58; 48; 43; 13
20,54,0.12337,0.37037,30; 20; 51; 79; 52; 83; 54; 60; 62; 61
23,76,0.09304,0.30263,73; 23; 46; 59; 30; 44; 76; 33; 34; 32
21,69,0.1116,0.30435,34; 21; 68; 36; 35; 57; 69; 27; 19; 26
41,72,0.104,0.56944,29; 41; 7; 80; 6; 52; 72; 70; 58; 69
58,71,0.09505,0.8169,34; 58; 69; 10; 46; 6; 71; 42; 46; 34
18,75,0.10104,0.24,25; 18; 81; 42; 27; 22; 75; 42; 56; 27
11,22,0.13541,0.5,66; 11; 26; 28; 19; 28; 22; 6; 69; 58
60,75,0.08894,0.8,49; 60; 10; 41; 9; 83; 75; 8; 60; 38
11,40,0.13791,0.275,32; 11; 39; 37; 72; 20; 40; 65; 42; 27
23,70,0.11193,0.32857,69; 23; 22; 68; 81; 31; 70; 55; 15; 20
67,82,0.07961,0.81707,53; 67; 53; 11; 63; 13; 82; 73; 69; 49
13,55,0.1261,0.23636,20; 13; 50; 19; 81; 52; 55; 9; 66; 60
27,81,0.09305,0.33333,82; 27; 44; 9; 60; 58; 81; 43; 22; 18
35,71,0.097,0.49296,49; 35; 20; 67; 25; 19; 71; 7; 11; 25
11,46,0.13836,0.23913,11; 11; 30; 24; 6; 10; 46; 78; 10; 84
26,46,0.12691,0.56522,75; 26; 62; 27; 75; 46; 46; 6; 58; 50
17,57,0.12755,0.29825,54; 17; 23; 85; 52; 13; 57; 58; 31; 32
31,55,0.12979,0.56364,69; 31; 78; 14; 72; 49; 55; 41; 12; 9
19,60,0.11555,0.31667,8; 19; 16; 56; 54; 75; 60; 40; 65; 82
26,31,0.13425,0.83871,74; 26; 56; 17; 19; 11; 31; 81; 35; 39
62,78,0.08907,0.79487,70; 62; 10; 10; 44; 25; 78; 43; 66; 41
17,48,0.13405,0.35417,17; 17; 51; 68; 65; 63; 48; 52; 39; 61
47,57,0.11819,0.82456,9; 47; 75; 24; 39; 74; 57; 19; 40; 12
28,85,0.09126,0.32941,85; 28; 11; 44; 13; 32; 85; 42; 54; 24
6,17,0.10698,0.35294,26; 6; 47; 28; 39; 56; 17; 74; 45; 65
19,68,0.11166,0.27941,5; 19; 60; 45; 13; 39; 68; 70; 52; 7
15,51,0.13179,0.29412,49; 15; 65; 46; 24; 58; 51; 55; 35; 7
35,72,0.11331,0.48611,6; 35; 34; 66; 68; 56; 72; 22; 36; 66
14,42,0.13454,0.33333,26; 14; 10; 32; 10; 59; 42; 52; 63; 61
46,80,0.10043,0.575,46; 46; 76; 66; 7; 5; 80; 82; 81; 41
37,81,0.09707,0.45679,48; 37; 8; 28; 27; 17; 81; 38; 52; 63
60,70,0.09156,0.85714,40; 60; 37; 5; 84; 82; 70; 85; 69; 65
47,82,0.09766,0.57317,33; 47; 68; 42; 84; 66; 82; 26; 61; 31
16,64,0.11815,0.25,45; 16; 31; 31; 37; 20; 64; 61; 61; 15
41,49,0.12523,0.83673,40; 41; 8; 61; 43; 10; 49; 17; 61; 10
11,30,0.14301,0.36667,64; 11; 6; 43; 56; 78; 30; 12; 46; 32
5,17,0.11348,0.29412,33; 5; 32; 61; 52; 30; 17; 52; 33; 49
13,45,0.13788,0.28889,81; 13; 23; 9; 68; 13; 45; 27; 19; 28
27,54,0.1299,0.5,61; 27; 5; 79; 67; 84; 54; 64; 17; 61
15,53,0.12773,0.28302,82; 15; 28; 57; 63; 80; 53; 67; 77; 55
29,84,0.09285,0.34524,27; 29; 16; 70; 9; 14; 84; 75; 78; 7
13,35,0.13831,0.37143,16; 13; 14; 49; 39; 16; 35; 58; 13; 36
14,48,0.13541,0.29167,49; 14; 66; 47; 40; 11; 48; 36; 55; 71
47,56,0.1321,0.83929,19; 47; 35; 17; 27; 37; 56; 62; 81; 54
60,76,0.09022,0.78947,17; 60; 68; 47; 30; 84; 76; 77; 55; 33
24,30,0.13222,0.8,33; 24; 9; 36; 63; 47; 30; 38; 84; 28
67,84,0.07463,0.79762,21; 67; 37; 40; 9; 63; 84; 62; 71; 62
9,11,0.1424,0.81818,29; 9; 79; 45; 40; 71; 11; 32; 65; 75
29,84,0.09163,0.34524,8; 29; 36; 70; 22; 51; 84; 61; 18; 45
65,82,0.08129,0.79268,65; 65; 18; 28; 71; 56; 82; 29; 17; 69
37,46,0.13147,0.80435,33; 37; 54; 5; 84; 5; 46; 67; 37; 41
12,14,0.13262,0.85714,6; 12; 45; 63; 16; 18; 14; 23; 75; 42
42,75,0.10503,0.56,23; 42; 21; 23; 83; 51; 75; 19; 76; 31
20,35,0.13278,0.57143,38; 20; 65; 69; 41; 76; 35; 81; 81; 33
45,56,0.13257,0.80357,28; 45; 11; 65; 67; 14; 56; 7; 56; 55
66,77,0.0851,0.85714,11; 66; 70; 51; 5; 17; 77; 31; 34; 67
12,14,0.12957,0.85714,59; 12; 40; 37; 81; 34; 14; 43; 28; 5
26,56,0.1233,0.46429,66; 26; 42; 5; 17; 19; 56; 30; 61; 60
16,19,0.12965,0.84211,68; 16; 43; 22; 51; 26; 19; 10; 35; 35
18,49,0.13106,0.36735,67; 18; 38; 53; 60; 18; 49; 41; 16; 58
26,31,0.13493,0.83871,28; 26; 49; 57; 77; 79; 31; 82; 84; 49
63,75,0.08673,0.84,39; 63; 33; 45; 32; 81; 75; 37; 48; 8
9,26,0.13764,0.34615,42; 9; 8; 12; 11; 28; 26; 49; 13; 84
40,82,0.0913,0.4878,20; 40; 38; 37; 71; 13; 82; 46; 36; 39
67,85,0.07602,0.78824,51; 67; 52; 61; 68; 50; 85; 69; 41; 17
13,53,0.12798,0.24528,63; 13; 11; 29; 25; 29; 53; 36; 15; 53
16,64,0.11931,0.25,30; 16; 7; 70; 65; 18; 64; 52; 33; 19
30,82,0.09295,0.36585,17; 30; 13; 61; 77; 27; 82; 61; 40; 25
5,18,0.10162,0.27778,40; 5; 61; 19; 29; 38; 18; 14; 51; 26
26,70,0.11544,0.37143,35; 26; 17; 63; 37; 65; 70; 28; 27; 6
27,78,0.10318,0.34615,27; 27; 54; 7; 5; 32; 78; 63; 41; 25
35,44,0.1343,0.79545,49; 35; 56; 40; 5; 27; 44; 36; 58; 23
21,73,0.09949,0.28767,77; 21; 85; 53; 56; 45; 73; 30; 35; 24
55,70,0.10448,0.78571,66; 55; 63; 47; 29; 18; 70; 78; 62; 6
49,62,0.11648,0.79032,35; 49; 68; 8; 78; 9; 62; 23; 40; 57
7,28,0.12818,0.25,69; 7; 53; 21; 50; 52; 28; 40; 20; 56
7,24,0.12092,0.29167,7; 7; 12; 38; 60; 35; 24; 60; 18; 81
23,41,0.13975,0.56098,73; 23; 22; 65; 23; 60; 41; 45; 45; 49
19,63,0.11994,0.30159,58; 19; 82; 11; 43; 32; 63; 17; 41; 40
19,75,0.10121,0.25333,83; 19; 28; 35; 8; 27; 75; 29; 27; 17
10,18,0.14141,0.55556,36; 10; 15; 60; 53; 67; 18; 75; 12; 24
44,77,0.10132,0.57143,22; 44; 79; 67; 85; 13; 77; 41; 38; 68
24,28,0.1349,0.85714,32; 24; 55; 84; 84; 19; 28; 29; 52; 65
34,74,0.09868,0.45946,42; 34; 81; 69; 55; 30; 74; 77; 75; 64
32,39,0.14113,0.82051,57; 32; 24; 25; 7; 48; 39; 85; 65; 41
29,51,0.13021,0.56863,77; 29; 54; 6; 6; 55; 51; 69; 9; 43
53,63,0.1135,0.84127,74; 53; 65; 79; 23; 49; 63; 51; 15; 30
27,34,0.13669,0.79412,29; 27; 47; 47; 25; 50; 34; 36; 24; 73
28,75,0.10633,0.37333,69; 28; 82; 63; 35; 17; 75; 33; 81; 12
21,46,0.12828,0.45652,42; 21; 25; 21; 36; 29; 46; 34; 71; 83
5,9,0.11281,0.55556,60; 5; 81; 84; 10; 64; 9; 18; 81; 63
27,54,0.12586,0.5,15; 27; 74; 53; 68; 75; 54; 20; 27; 63
29,84,0.08959,0.34524,35; 29; 57; 33; 80; 29; 84; 31; 26; 37
36,43,0.14114,0.83721,45; 36; 15; 37; 13; 20; 43; 40; 12; 75
24,83,0.09443,0.28916,48; 24; 63; 49; 49; 53; 83; 59; 42; 26
68,85,0.07467,0.8,53; 68; 25; 63; 10; 23; 85; 7; 9; 71
22,77,0.09421,0.28571,5; 22; 12; 16; 60; 51; 77; 45; 11; 80
17,70,0.11075,0.24286,13; 17; 20; 71; 13; 72; 70; 9; 21; 23
44,56,0.12513,0.78571,45; 44; 26; 27; 25; 72; 56; 35; 17; 61
16,66,0.11338,0.24242,84; 16; 7; 44; 36; 74; 66; 81; 81; 47
26,81,0.10425,0.32099,14; 26; 54; 76; 55; 22; 81; 47; 21; 45
10,18,0.13741,0.55556,55; 10; 30; 39; 68; 19; 18; 81; 15; 65
25,45,0.14259,0.55556,45; 25; 52; 24; 11; 70; 45; 24; 31; 42
21,83,0.09046,0.25301,31; 21; 62; 78; 29; 5; 83; 55; 13; 27
18,37,0.13111,0.48649,63; 18; 19; 38; 72; 7; 37; 23; 72; 59
24,74,0.10413,0.32432,38; 24; 28; 59; 10; 56; 74; 46; 44; 60
27,85,0.09318,0.31765,5; 27; 59; 63; 11; 41; 85; 46; 21; 37
12,38,0.14168,0.31579,76; 12; 8; 20; 25; 67; 38; 49; 64; 85
52,66,0.11247,0.78788,29; 52; 42; 69; 6; 76; 66; 84; 64; 68
16,66,0.11116,0.24242,44; 16; 56; 52; 77; 55; 66; 26; 30; 73
68,81,0.0844,0.83951,31; 68; 10; 45; 16; 16; 81; 56; 16; 76
21,46,0.13494,0.45652,54; 21; 29; 9; 49; 49; 46; 21; 52; 57
12,14,0.1412,0.85714,43; 12; 38; 61; 67; 34; 14; 66; 30; 47
20,36,0.1277,0.55556,38; 20; 56; 39; 23; 26; 36; 6; 10; 6
20,62,0.11679,0.32258,12; 20; 65; 49; 63; 43; 62; 76; 7; 31
5,20,0.10119,0.25,11; 5; 81; 20; 36; 51; 20; 76; 43; 36
9,30,0.14657,0.3,81; 9; 41; 59; 61; 7; 30; 73; 24; 53
32,64,0.11948,0.5,46; 32; 17; 60; 64; 7; 64; 12; 29; 27
18,49,0.12845,0.36735,22; 18; 6; 69; 32; 49; 49; 69; 24; 54
33,41,0.14408,0.80488,29; 33; 40; 22; 67; 40; 41; 76; 44; 66
66,84,0.0807,0.78571,15; 66; 31; 70; 55; 75; 84; 34; 20; 81
10,40,0.13756,0.25,19; 10; 82; 48; 40; 49; 40; 16; 65; 19
19,69,0.10214,0.27536,33; 19; 70; 44; 29; 15; 69; 48; 51; 5
15,45,0.14105,0.33333,41; 15; 47; 71; 49; 37; 45; 26; 58; 8
20,83,0.09261,0.24096,85; 20; 45; 60; 69; 14; 83; 48; 7; 39
23,66,0.11329,0.34848,20; 23; 81; 75; 41; 60; 66; 56; 76; 64
52,65,0.10985,0.8,82; 52; 18; 11; 33; 31; 65; 29; 51; 63
61,71,0.09291,0.85915,80; 61; 24; 5; 26; 68; 71; 39; 19; 26
27,85,0.08758,0.31765,85; 27; 62; 19; 50; 61; 85; 21; 39; 42
38,82,0.08878,0.46341,57; 38; 25; 16; 60; 81; 82; 15; 28; 52
17,35,0.13209,0.48571,46; 17; 21; 71; 61; 6; 35; 78; 64; 17
68,81,0.08007,0.83951,25; 68; 38; 68; 66; 79; 81; 64; 7; 82
33,41,0.13977,0.80488,79; 33; 69; 9; 36; 66; 41; 64; 77; 66
31,68,0.11842,0.45588,39; 31; 81; 61; 53; 51; 68; 32; 12; 78
12,41,0.1363,0.29268,6; 12; 51; 35; 78; 67; 41; 67; 74; 6
37,75,0.09664,0.49333,71; 37; 27; 23; 11; 44; 75; 68; 15; 27
8,33,0.13335,0.24242,61; 8; 67; 63; 13; 41; 33; 45; 44; 75
35,44,0.13773,0.79545,45; 35; 66; 5; 84; 80; 44; 23; 82; 61
29,52,0.13412,0.55769,36; 29; 80; 40; 16; 58; 52; 61; 60; 15
6,17,0.11706,0.35294,76; 6; 60; 12; 50; 26; 17; 23; 85; 64
16,55,0.12233,0.29091,77; 16; 43; 41; 52; 31; 55; 66; 51; 73
43,54,0.12961,0.7963,78; 43; 58; 12; 14; 76; 54; 66; 13; 42
41,84,0.09013,0.4881,44; 41; 7; 9; 72; 36; 84; 16; 44; 54
27,55,0.13108,0.49091,36; 27; 70; 59; 51; 15; 55; 27; 10; 51
21,65,0.1061,0.32308,21; 21; 67; 8; 66; 33; 65; 11; 25; 50
51,62,0.11309,0.82258,74; 51; 74; 8; 59; 62; 62; 40; 57; 52
38,82,0.10048,0.46341,41; 38; 15; 68; 72; 57; 82; 33; 57; 37
33,41,0.13758,0.80488,60; 33; 55; 15; 39; 74; 41; 46; 52; 14
30,85,0.08947,0.35294,62; 30; 10; 55; 20; 6; 85; 71; 80; 51
26,53,0.1313,0.49057,6; 26; 52; 77; 15; 50; 53; 76; 23; 28
24,79,0.09909,0.3038,24; 24; 40; 60; 66; 66; 79; 69; 59; 64
9,37,0.13773,0.24324,60; 9; 43; 57; 79; 57; 37; 25; 63; 37
25,67,0.10173,0.37313,31; 25; 84; 28; 58; 64; 67; 73; 53; 19
20,25,0.13162,0.8,32; 20; 7; 27; 35; 24; 25; 55; 58; 57
24,80,0.09556,0.3,27; 24; 51; 14; 78; 83; 80; 42; 7; 42
38,45,0.14802,0.84444,24; 38; 78; 56; 8; 21; 45; 58; 6; 12
66,79,0.07895,0.83544,72; 66; 71; 12; 58; 67; 79; 79; 18; 68
17,35,0.13012,0.48571,8; 17; 19; 53; 6; 39; 35; 50; 40; 52
56,68,0.1041,0.82353,6; 56; 56; 57; 76; 28; 68; 76; 77; 13
19,52,0.12492,0.36538,68; 19; 78; 7; 67; 49; 52; 16; 48; 69
13,37,0.13023,0.35135,39; 13; 47; 73; 28; 61; 37; 66; 19; 21
31,67,0.107,0.46269,52; 31; 80; 24; 85; 71; 67; 59; 49; 85
10,41,0.14188,0.2439,16; 10; 13; 44; 84; 48; 41; 23; 57; 45
29,63,0.11346,0.46032,42; 29; 70; 64; 17; 39; 63; 52; 57; 44
34,70,0.10875,0.48571,14; 34; 38; 12; 29; 27; 70; 53; 19; 65
68,85,0.07357,0.8,73; 68; 56; 47; 73; 62; 85; 62; 48; 74
63,75,0.08626,0.84,35; 63; 79; 31; 53; 34; 75; 76; 63; 38
18,74,0.09966,0.24324,71; 18; 82; 5; 43; 51; 74; 28; 22; 84
10,34,0.13261,0.29412,51; 10; 74; 14; 28; 22; 34; 82; 5; 56
19,67,0.10625,0.28358,39; 19; 20; 70; 77; 5; 67; 60; 28; 64
37,47,0.13757,0.78723,39; 37; 16; 27; 59; 26; 47; 40; 23; 9
22,77,0.09662,0.28571,77; 22; 58; 26; 44; 49; 77; 81; 81; 10
25,68,0.1115,0.36765,68; 25; 81; 48; 64; 61; 68; 17; 53; 73
36,63,0.12809,0.57143,46; 36; 23; 8; 74; 72; 63; 75; 71; 34
29,63,0.1237,0.46032,51; 29; 71; 42; 42; 10; 63; 6; 6; 15
7,20,0.12382,0.35,51; 7; 9; 34; 75; 73; 20; 18; 13; 70
44,55,0.13358,0.8,55; 44; 11; 22; 30; 18; 55; 78; 63; 19
72,84,0.07498,0.85714,78; 72; 13; 53; 10; 8; 84; 14; 60; 50
25,68,0.11521,0.36765,42; 25; 78; 70; 24; 66; 68; 83; 60; 76
15,53,0.12765,0.28302,11; 15; 45; 82; 61; 75; 53; 12; 16; 52
12,15,0.13536,0.8,51; 12; 76; 77; 47; 14; 15; 74; 6; 20
5,9,0.10981,0.55556,56; 5; 7; 65; 18; 57; 9; 80; 23; 46
25,84,0.09251,0.29762,51; 25; 5; 65; 81; 5; 84; 34; 56; 6
62,78,0.0818,0.79487,70; 62; 76; 44; 6; 30; 78; 77; 82; 71
55,67,0.10783,0.8209,70; 55; 64; 27; 48; 14; 67; 42; 37; 84
7,14,0.12523,0.5,37; 7; 28; 25; 56; 34; 14; 25; 13; 37
39,85,0.09915,0.45882,21; 39; 29; 72; 84; 57; 85; 20; 39; 74
20,70,0.11263,0.28571,65; 20; 42; 11; 42; 77; 70; 84; 45; 21
28,56,0.12857,0.5,63; 28; 45; 41; 45; 33; 56; 38; 9; 8
36,42,0.13948,0.85714,72; 36; 62; 6; 64; 79; 42; 75; 60; 12
18,22,0.13107,0.81818,59; 18; 44; 32; 34; 21; 22; 25; 35; 77
32,57,0.12,0.5614,29; 32; 74; 43; 78; 16; 57; 73; 43; 81
17,51,0.13172,0.33333,29; 17; 47; 50; 66; 52; 51; 9; 61; 31
16,49,0.13589,0.32653,55; 16; 9; 62; 67; 56; 49; 10; 10; 18
30,38,0.14227,0.78947,7; 30; 28; 30; 46; 66; 38; 31; 85; 84
17,46,0.1421,0.36957,62; 17; 66; 68; 61; 43; 46; 84; 82; 36
49,58,0.11982,0.84483,25; 49; 58; 44; 17; 48; 58; 53; 55; 50
11,46,0.14189,0.23913,38; 11; 8; 20; 71; 38; 46; 65; 63; 50
48,85,0.09043,0.56471,42; 48; 46; 10; 59; 15; 85; 81; 24; 47
38,68,0.1094,0.55882,27; 38; 80; 23; 51; 8; 68; 24; 25; 28
55,64,0.10508,0.85938,65; 55; 8; 65; 85; 21; 64; 33; 11; 26
12,43,0.14114,0.27907,84; 12; 27; 21; 64; 20; 43; 38; 75; 58
28,50,0.13348,0.56,8; 28; 31; 30; 83; 80; 50; 82; 25; 5
35,70,0.11015,0.5,9; 35; 15; 76; 30; 74; 70; 28; 49; 30
23,66,0.10796,0.34848,74; 23; 70; 70; 42; 74; 66; 79; 48; 71
21,76,0.10161,0.27632,37; 21; 49; 61; 59; 9; 76; 68; 47; 41
32,38,0.13965,0.84211,58; 32; 82; 46; 39; 31; 38; 43; 46; 7
17,30,0.13525,0.56667,14; 17; 6; 57; 15; 66; 30; 16; 24; 67
18,76,0.09433,0.23684,47; 18; 80; 72; 32; 52; 76; 11; 10; 62
14,38,0.1278,0.36842,16; 14; 41; 12; 22; 66; 38; 27; 55; 27
48,61,0.11689,0.78689,7; 48; 5; 35; 54; 19; 61; 9; 25; 11
59,75,0.09291,0.78667,56; 59; 25; 81; 82; 53; 75; 50; 9; 70
46,82,0.09211,0.56098,58; 46; 83; 13; 62; 51; 82; 19; 59; 77
24,72,0.10915,0.33333,70; 24; 26; 8; 83; 63; 72; 51; 51; 63
15,61,0.11361,0.2459,6; 15; 38; 51; 76; 67; 61; 30; 16; 76
21,46,0.13999,0.45652,37; 21; 81; 76; 34; 46; 46; 78; 63; 57
17,68,0.11351,0.25,14; 17; 29; 52; 74; 68; 68; 74; 18; 54
49,60,0.11737,0.81667,73; 49; 37; 28; 43; 48; 60; 40; 13; 79
30,60,0.12649,0.5,72; 30; 38; 41; 58; 16; 60; 49; 29; 65
16,48,0.13326,0.33333,77; 16; 58; 17; 65; 48; 48; 8; 49; 19
37,65,0.11797,0.56923,52; 37; 81; 43; 30; 22; 65; 67; 79; 13
36,79,0.10438,0.4557,6; 36; 45; 38; 21; 21; 79; 50; 22; 59
34,69,0.11506,0.49275,28; 34; 58; 46; 9; 41; 69; 33; 22; 41
66,83,0.07687,0.79518,63; 66; 53; 36; 16; 78; 83; 25; 67; 23
65,79,0.08425,0.82278,47; 65; 27; 34; 37; 54; 79; 30; 77; 51
41,52,0.13087,0.78846,46; 41; 56; 58; 61; 49; 52; 19; 45; 64
21,57,0.11696,0.36842,16; 21; 10; 42; 47; 24; 57; 51; 85; 70
16,58,0.12278,0.27586,63; 16; 54; 29; 20; 44; 58; 15; 20; 47
17,56,0.12701,0.30357,8; 17; 61; 11; 67; 14; 56; 79; 57; 49
39,49,0.13967,0.79592,74; 39; 25; 33; 50; 49; 49; 45; 54; 18
6,21,0.10424,0.28571,40; 6; 12; 15; 69; 67; 21; 23; 11; 14
24,82,0.10305,0.29268,23; 24; 75; 15; 18; 39; 82; 11; 71; 77
30,60,0.1143,0.5,62; 30; 26; 33; 14; 64; 60; 37; 80; 18
39,85,0.09807,0.45882,18; 39; 42; 26; 15; 7; 85; 65; 80; 63
16,19,0.12945,0.84211,55; 16; 15; 59; 37; 34; 19; 74; 21; 46
16,55,0.12102,0.29091,43; 16; 68; 82; 10; 55; 55; 41; 11; 56
12,15,0.13648,0.8,62; 12; 74; 41; 23; 78; 15; 53; 13; 29
13,45,0.13871,0.28889,16; 13; 60; 11; 56; 49; 45; 59; 69; 6
49,61,0.11589,0.80328,40; 49; 24; 24; 7; 42; 61; 49; 54; 45
26,33,0.13651,0.78788,56; 26; 53; 83; 83; 30; 33; 60; 38; 24
28,49,0.13121,0.57143,76; 28; 8; 13; 73; 18; 49; 71; 32; 5
18,36,0.13023,0.5,72; 18; 34; 24; 54; 76; 36; 44; 35; 22
15,51,0.13006,0.29412,44; 15; 14; 64; 68; 67; 51; 19; 56; 83
34,43,0.13483,0.7907,51; 34; 46; 45; 64; 33; 43; 57; 52; 65
61,73,0.09276,0.83562,54; 61; 84; 39; 53; 29; 73; 52; 81; 52
17,52,0.13,0.32692,8; 17; 11; 80; 55; 38; 52; 74; 43; 46
42,51,0.13241,0.82353,7; 42; 10; 70; 17; 20; 51; 43; 21; 18
16,68,0.11125,0.23529,60; 16; 12; 29; 16; 35; 68; 10; 14; 46
19,65,0.10627,0.29231,64; 19; 38; 84; 39; 15; 65; 40; 67; 27
44,56,0.12519,0.78571,74; 44; 5; 82; 56; 51; 56; 10; 83; 72
33,67,0.10969,0.49254,80; 33; 30; 9; 5; 21; 67; 84; 55; 21
41,83,0.0961,0.49398,46; 41; 51; 51; 50; 71; 83; 57; 7; 10
35,61,0.11859,0.57377,78; 35; 68; 31; 48; 8; 61; 28; 12; 47
60,76,0.08893,0.78947,16; 60; 18; 9; 84; 24; 76; 35; 11; 52
22,48,0.12494,0.45833,30; 22; 51; 30; 64; 38; 48; 66; 26; 38
18,72,0.10091,0.25,66; 18; 59; 33; 31; 57; 72; 33; 52; 13
38,77,0.09983,0.49351,20; 38; 54; 15; 10; 77; 77; 21; 59; 13
26,31,0.13077,0.83871,54; 26; 70; 62; 68; 55; 31; 37; 74; 66
23,29,0.13332,0.7931,29; 23; 81; 29; 80; 73; 29; 29; 47; 82
22,28,0.13292,0.78571,6; 22; 75; 61; 54; 22; 28; 63; 45; 82
32,56,0.11802,0.57143,39; 32; 41; 85; 32; 6; 56; 11; 25; 48
18,52,0.12588,0.34615,63; 18; 41; 82; 51; 85; 52; 61; 48; 29
6,19,0.11701,0.31579,39; 6; 46; 59; 8; 31; 19; 12; 85; 50
15,46,0.13335,0.32609,16; 15; 27; 50; 40; 85; 46; 7; 19; 25
21,70,0.10206,0.3,37; 21; 27; 33; 34; 33; 70; 60; 48; 46
9,28,0.14754,0.32143,43; 9; 26; 75; 54; 50; 28; 48; 60; 46
43,76,0.10474,0.56579,68; 43; 43; 70; 10; 26; 76; 52; 47; 69
21,66,0.11116,0.31818,17; 21; 60; 79; 83; 41; 66; 71; 21; 78
24,65,0.11627,0.36923,60; 24; 54; 57; 26; 34; 65; 26; 25; 72
66,84,0.07644,0.78571,81; 66; 85; 42; 50; 17; 84; 65; 48; 37
19,75,0.10348,0.25333,13; 19; 24; 49; 24; 10; 75; 15; 84; 53
40,81,0.09849,0.49383,5; 40; 20; 12; 5; 77; 81; 52; 74; 35
34,69,0.10919,0.49275,64; 34; 45; 36; 12; 75; 69; 19; 69; 9
47,82,0.09315,0.57317,66; 47; 14; 77; 20; 82; 82; 51; 85; 9
39,70,0.11499,0.55714,83; 39; 12; 10; 63; 31; 70; 34; 49; 61
8,24,0.12934,0.33333,24; 8; 11; 35; 72; 37; 24; 74; 24; 59
21,70,0.10385,0.3,85; 21; 41; 18; 46; 66; 70; 13; 44; 47
19,38,0.13787,0.5,38; 19; 32; 62; 47; 11; 38; 34; 67; 55
6,12,0.11841,0.5,57; 6; 37; 81; 84; 5; 12; 61; 16; 46
63,77,0.0786,0.81818,11; 63; 42; 54; 40; 51; 77; 45; 41; 25
33,41,0.13546,0.80488,45; 33; 7; 5; 55; 40; 41; 58; 47; 51
19,63,0.11401,0.30159,63; 19; 74; 12; 25; 17; 63; 40; 56; 12
54,66,0.10298,0.81818,32; 54; 76; 61; 81; 64; 66; 68; 58; 27
17,60,0.11827,0.28333,13; 17; 33; 8; 79; 42; 60; 74; 7; 19
8,33,0.13617,0.24242,84; 8; 69; 64; 38; 76; 33; 78; 85; 80
39,84,0.09001,0.46429,28; 39; 50; 41; 72; 31; 84; 64; 33; 53
24,42,0.13466,0.57143,49; 24; 53; 36; 22; 19; 42; 41; 43; 81
56,67,0.1005,0.83582,67; 56; 5; 72; 76; 78; 67; 43; 18; 25
9,37,0.14235,0.24324,29; 9; 30; 5; 33; 82; 37; 72; 68; 8
6,7,0.10104,0.85714,64; 6; 31; 13; 20; 85; 7; 71; 85; 41
21,25,0.12878,0.84,22; 21; 42; 30; 55; 72; 25; 59; 74; 64
13,45,0.13774,0.28889,77; 13; 36; 68; 80; 47; 45; 74; 11; 82
8,23,0.13509,0.34783,10; 8; 40; 5; 29; 45; 23; 70; 70; 56
34,74,0.10569,0.45946,43; 34; 21; 60; 59; 47; 74; 43; 15; 63
48,56,0.12205,0.85714,57; 48; 40; 64; 22; 12; 56; 78; 13; 5
45,79,0.09143,0.56962,26; 45; 42; 6; 27; 12; 79; 17; 60; 37
18,65,0.11467,0.27692,41; 18; 54; 43; 82; 76; 65; 80; 8; 83
56,65,0.10567,0.86154,19; 56; 32; 13; 48; 6; 65; 34; 23; 74
18,60,0.12074,0.3,57; 18; 29; 65; 18; 48; 60; 78; 65; 42
43,54,0.12718,0.7963,43; 43; 18; 48; 39; 72; 54; 68; 55; 20
28,56,0.12067,0.5,67; 28; 35; 59; 83; 75; 56; 60; 78; 45
18,75,0.10273,0.24,12; 18; 52; 84; 58; 34; 75; 38; 21; 60
14,49,0.12734,0.28571,68; 14; 12; 41; 46; 76; 49; 78; 19; 54
18,73,0.09651,0.24658,41; 18; 14; 75; 10; 68; 73; 7; 63; 71
13,46,0.13541,0.28261,7; 13; 42; 45; 11; 63; 46; 51; 28; 17
25,83,0.09065,0.3012,67; 25; 11; 31; 62; 25; 83; 46; 81; 37
23,41,0.14224,0.56098,14; 23; 85; 16; 75; 12; 41; 24; 18; 68
60,76,0.09011,0.78947,42; 60; 46; 85; 31; 41; 76; 58; 84; 85
31,39,0.12885,0.79487,36; 31; 13; 17; 60; 58; 39; 40; 59; 9
68,85,0.07848,0.8,59; 68; 82; 47; 71; 34; 85; 5; 5; 28
24,42,0.13645,0.57143,30; 24; 49; 63; 65; 22; 42; 54; 36; 52
8,32,0.13526,0.25,8; 8; 42; 33; 67; 45; 32; 54; 13; 19
17,46,0.14036,0.36957,22; 17; 45; 54; 61; 78; 46; 77; 25; 33
22,63,0.1139,0.34921,46; 22; 20; 34; 21; 50; 63; 77; 79; 14
19,65,0.1133,0.29231,39; 19; 32; 54; 63; 61; 65; 82; 26; 33
13,55,0.13221,0.23636,15; 13; 45; 58; 6; 27; 55; 14; 71; 67
39,69,0.11672,0.56522,59; 39; 33; 48; 84; 26; 69; 58; 85; 21
25,67,0.11615,0.37313,26; 25; 49; 62; 49; 22; 67; 63; 64; 82
9,11,0.14396,0.81818,62; 9; 47; 64; 23; 29; 11; 79; 80; 54
45,56,0.12683,0.80357,59; 45; 34; 75; 81; 70; 56; 73; 48; 19
16,65,0.11336,0.24615,9; 16; 21; 60; 66; 74; 65; 14; 54; 30
23,28,0.12768,0.82143,78; 23; 27; 14; 41; 35; 28; 69; 6; 5
33,67,0.1128,0.49254,58; 33; 63; 75; 75; 25; 67; 71; 72; 83
22,73,0.10368,0.30137,51; 22; 30; 10; 56; 55; 73; 37; 27; 5
31,67,0.1092,0.46269,70; 31; 49; 58; 54; 22; 67; 52; 28; 36
42,84,0.09682,0.5,15; 42; 8; 6; 29; 33; 84; 67; 33; 33
20,68,0.1061,0.29412,43; 20; 37; 28; 37; 12; 68; 35; 43; 85
41,49,0.13232,0.83673,60; 41; 81; 25; 57; 61; 49; 8; 27; 52
24,68,0.11295,0.35294,50; 24; 73; 24; 34; 5; 68; 26; 8; 25
6,25,0.12001,0.24,61; 6; 65; 39; 65; 74; 25; 55; 71; 69
61,76,0.08561,0.80263,44; 61; 51; 55; 50; 79; 76; 8; 63; 85
24,81,0.09265,0.2963,25; 24; 79; 73; 18; 61; 81; 14; 32; 29
39,85,0.09535,0.45882,19; 39; 57; 42; 14; 37; 85; 28; 84; 65
39,84,0.09069,0.46429,44; 39; 47; 60; 28; 83; 84; 67; 41; 66
40,49,0.13269,0.81633,36; 40; 85; 69; 31; 10; 49; 46; 46; 72
65,77,0.08651,0.84416,16; 65; 58; 6; 48; 21; 77; 5; 21; 23
15,59,0.12218,0.25424,22; 15; 57; 65; 23; 80; 59; 49; 12; 24
46,58,0.126,0.7931,39; 46; 38; 27; 79; 17; 58; 30; 78; 69
23,82,0.09392,0.28049,45; 23; 64; 78; 41; 29; 82; 46; 30; 84
20,41,0.13573,0.4878,69; 20; 59; 60; 26; 17; 41; 78; 21; 76
14,38,0.13706,0.36842,11; 14; 13; 40; 7; 65; 38; 84; 77; 7
10,42,0.14055,0.2381,9; 10; 9; 70; 80; 54; 42; 48; 7; 75
31,63,0.12271,0.49206,82; 31; 36; 38; 24; 65; 63; 76; 15; 29
17,51,0.12601,0.33333,18; 17; 52; 26; 80; 39; 51; 50; 62; 51
23,28,0.13866,0.82143,49; 23; 43; 81; 30; 43; 28; 5; 54; 41
9,30,0.14655,0.3,51; 9; 59; 43; 42; 27; 30; 65; 53; 10
31,39,0.13352,0.79487,83; 31; 65; 9; 21; 49; 39; 45; 77; 51
17,61,0.11595,0.27869,79; 17; 57; 52; 25; 38; 61; 72; 70; 83
20,35,0.13564,0.57143,64; 20; 31; 15; 18; 51; 35; 37; 73; 76
59,75,0.08841,0.78667,67; 59; 60; 47; 19; 14; 75; 62; 53; 62
56,70,0.10024,0.8,30; 56; 31; 60; 62; 55; 70; 40; 82; 5
7,21,0.11901,0.33333,85; 7; 69; 23; 56; 73; 21; 5; 33; 6
12,15,0.13348,0.8,54; 12; 44; 79; 44; 56; 15; 33; 69; 43
22,73,0.10346,0.30137,23; 22; 81; 81; 53; 74; 73; 7; 85; 47
39,85,0.09084,0.45882,43; 39; 37; 34; 80; 67; 85; 66; 60; 15
25,51,0.12937,0.4902,75; 25; 38; 77; 80; 14; 51; 53; 66; 48
36,63,0.10744,0.57143,67; 36; 27; 79; 52; 23; 63; 66; 53; 21
39,84,0.09515,0.46429,16; 39; 77; 43; 43; 65; 84; 57; 16; 58
30,85,0.08478,0.35294,70; 30; 15; 62; 67; 32; 85; 69; 33; 36
66,84,0.07517,0.78571,35; 66; 34; 46; 77; 42; 84; 54; 30; 52
29,84,0.09866,0.34524,29; 29; 56; 44; 81; 66; 84; 42; 65; 29
34,43,0.13122,0.7907,63; 34; 17; 47; 25; 71; 43; 15; 5; 68
8,24,0.13772,0.33333,49; 8; 58; 47; 46; 35; 24; 62; 40; 30
14,28,0.1314,0.5,64; 14; 49; 44; 81; 45; 28; 16; 22; 57
28,50,0.12791,0.56,8; 28; 14; 51; 83; 31; 50; 37; 33; 60
49,61,0.12558,0.80328,80; 49; 57; 79; 39; 83; 61; 39; 17; 80
32,57,0.12191,0.5614,39; 32; 28; 26; 6; 62; 57; 75; 67; 49
60,75,0.09039,0.8,73; 60; 38; 59; 22; 84; 75; 36; 85; 45
23,70,0.1119,0.32857,35; 23; 68; 54; 76; 74; 70; 7; 11; 73
56,68,0.10174,0.82353,45; 56; 67; 29; 54; 20; 68; 15; 7; 28
12,21,0.14109,0.57143,28; 12; 77; 32; 59; 73; 21; 81; 71; 70
18,54,0.12798,0.33333,20; 18; 77; 34; 42; 37; 54; 30; 72; 6
17,69,0.10407,0.24638,35; 17; 31; 51; 57; 26; 69; 46; 43; 48
16,19,0.133,0.84211,48; 16; 73; 63; 71; 61; 19; 68; 12; 80
24,49,0.12808,0.4898,53; 24; 55; 45; 41; 56; 49; 58; 43; 75
45,57,0.12847,0.78947,27; 45; 11; 39; 27; 81; 57; 84; 54; 10
15,53,0.12527,0.28302,50; 15; 44; 71; 39; 32; 53; 16; 10; 60
15,63,0.11629,0.2381,30; 15; 82; 67; 11; 41; 63; 53; 42; 27
62,72,0.09098,0.86111,11; 62; 22; 23; 56; 55; 72; 80; 38; 51
55,64,0.1077,0.85938,9; 55; 12; 38; 11; 53; 64; 62; 30; 43
24,52,0.1314,0.46154,28; 24; 28; 28; 65; 55; 52; 31; 26; 24
35,63,0.11353,0.55556,73; 35; 23; 36; 64; 53; 63; 38; 28; 37
60,70,0.09744,0.85714,42; 60; 17; 76; 13; 78; 70; 52; 9; 74
26,75,0.11081,0.34667,58; 26; 79; 25; 36; 23; 75; 76; 14; 29
23,73,0.10879,0.31507,23; 23; 43; 63; 66; 69; 73; 26; 12; 18
25,44,0.13648,0.56818,72; 25; 46; 28; 76; 85; 44; 15; 42; 57
36,64,0.11514,0.5625,37; 36; 58; 36; 75; 48; 64; 24; 85; 6
12,41,0.13697,0.29268,77; 12; 34; 58; 50; 15; 41; 64; 77; 35
25,71,0.1053,0.35211,6; 25; 23; 75; 49; 71; 71; 28; 20; 61
25,85,0.09747,0.29412,76; 25; 55; 77; 22; 38; 85; 14; 74; 12
27,73,0.10511,0.36986,80; 27; 17; 62; 40; 14; 73; 22; 28; 21
20,84,0.08768,0.2381,5; 20; 20; 36; 18; 85; 84; 61; 35; 59
14,46,0.13246,0.30435,49; 14; 7; 55; 73; 66; 46; 38; 29; 24
18,49,0.13043,0.36735,40; 18; 14; 81; 8; 34; 49; 17; 38; 9
49,58,0.11995,0.84483,33; 49; 37; 36; 39; 28; 58; 65; 62; 41
55,70,0.10366,0.78571,61; 55; 62; 48; 72; 17; 70; 63; 19; 62
45,81,0.10462,0.55556,55; 45; 56; 35; 35; 8; 81; 27; 62; 70
21,25,0.13041,0.84,65; 21; 53; 12; 68; 64; 25; 14; 56; 62
36,73,0.1092,0.49315,56; 36; 46; 13; 6; 51; 73; 57; 49; 46
16,50,0.12634,0.32,85; 16; 77; 11; 57; 42; 50; 23; 33; 79
27,82,0.09548,0.32927,65; 27; 45; 65; 22; 80; 82; 29; 12; 73
6,25,0.13285,0.24,7; 6; 19; 34; 72; 32; 25; 13; 10; 10
57,68,0.09751,0.83824,6; 57; 44; 13; 54; 69; 68; 61; 77; 46
18,62,0.11331,0.29032,70; 18; 11; 24; 51; 83; 62; 77; 77; 74
39,84,0.10262,0.46429,28; 39; 19; 48; 83; 50; 84; 21; 69; 53
62,74,0.09214,0.83784,29; 62; 5; 35; 6; 45; 74; 27; 6; 40
29,83,0.10126,0.3494,12; 29; 35; 32; 64; 41; 83; 9; 33; 9
26,46,0.14071,0.56522,27; 26; 48; 44; 65; 8; 46; 56; 81; 11
36,72,0.09909,0.5,14; 36; 67; 28; 70; 24; 72; 21; 20; 84
37,65,0.10498,0.56923,39; 37; 53; 69; 82; 51; 65; 28; 83; 51
47,59,0.11851,0.79661,29; 47; 50; 67; 17; 60; 59; 15; 74; 27
22,80,0.09659,0.275,45; 22; 65; 83; 37; 41; 80; 83; 71; 72
26,31,0.12877,0.83871,40; 26; 74; 18; 35; 44; 31; 39; 13; 82
25,83,0.10035,0.3012,53; 25; 64; 24; 85; 54; 83; 54; 28; 69
23,71,0.10219,0.32394,36; 23; 51; 37; 26; 15; 71; 30; 77; 82
46,81,0.10101,0.5679,32; 46; 13; 49; 79; 68; 81; 45; 20; 44
27,47,0.13977,0.57447,11; 27; 7; 82; 25; 55; 47; 71; 75; 40
19,77,0.09852,0.24675,56; 19; 17; 15; 23; 46; 77; 69; 39; 33
19,76,0.10575,0.25,68; 19; 27; 50; 71; 21; 76; 20; 15; 85
20,25,0.12982,0.8,60; 20; 31; 5; 47; 59; 25; 84; 70; 38
13,39,0.13564,0.33333,13; 13; 66; 47; 41; 37; 39; 52; 28; 24
12,14,0.13786,0.85714,6; 12; 78; 26; 19; 65; 14; 69; 85; 58
56,67,0.10255,0.83582,38; 56; 26; 52; 53; 26; 67; 40; 25; 55
21,25,0.13961,0.84,80; 21; 58; 18; 56; 12; 25; 36; 34; 28
33,67,0.10491,0.49254,80; 33; 75; 61; 26; 55; 67; 18; 34; 84
20,84,0.08927,0.2381,50; 20; 29; 40; 35; 39; 84; 39; 37; 34
16,43,0.13118,0.37209,40; 16; 36; 57; 15; 7; 43; 60; 65; 74
65,82,0.07595,0.79268,84; 65; 40; 50; 10; 65; 82; 38; 72; 54
18,39,0.13606,0.46154,66; 18; 68; 61; 72; 46; 39; 49; 63; 80
18,54,0.12708,0.33333,56; 18; 64; 24; 56; 10; 54; 29; 60; 78
17,61,0.1183,0.27869,79; 17; 32; 55; 58; 17; 61; 23; 80; 14
9,31,0.14217,0.29032,78; 9; 51; 12; 39; 7; 31; 15; 61; 14
24,80,0.09958,0.3,37; 24; 59; 75; 13; 13; 80; 68; 29; 7
17,52,0.12725,0.32692,7; 17; 81; 54; 25; 7; 52; 10; 21; 23
12,26,0.14015,0.46154,64; 12; 76; 6; 62; 80; 26; 5; 75; 22
21,70,0.1038,0.3,17; 21; 11; 66; 40; 50; 70; 70; 7; 20
45,56,0.1281,0.80357,8; 45; 67; 23; 24; 71; 56; 72; 26; 18
17,59,0.12486,0.28814,16; 17; 71; 40; 84; 74; 59; 55; 74; 70
15,41,0.13576,0.36585,33; 15; 47; 56; 5; 71; 41; 75; 36; 65
22,66,0.10596,0.33333,50; 22; 76; 13; 12; 51; 66; 15; 22; 35
42,50,0.13059,0.84,61; 42; 36; 29; 27; 8; 50; 76; 51; 35
17,58,0.12175,0.2931,64; 17; 64; 80; 34; 72; 58; 27; 82; 65
40,82,0.09929,0.4878,20; 40; 78; 85; 9; 7; 82; 12; 21; 19
46,80,0.09672,0.575,63; 46; 17; 37; 10; 27; 80; 46; 49; 46
65,82,0.0806,0.79268,20; 65; 39; 65; 69; 32; 82; 53; 78; 29
36,42,0.14582,0.85714,24; 36; 33; 74; 32; 8; 42; 83; 64; 27
15,41,0.13575,0.36585,74; 15; 43; 34; 25; 64; 41; 62; 34; 54
14,46,0.13983,0.30435,53; 14; 36; 77; 52; 57; 46; 82; 46; 5
23,62,0.12028,0.37097,51; 23; 51; 52; 39; 85; 62; 60; 29; 57
37,81,0.0962,0.45679,10; 37; 37; 46; 6; 52; 81; 54; 28; 12
34,69,0.11033,0.49275,36; 34; 48; 68; 39; 51; 69; 62; 5; 65
42,49,0.13275,0.85714,72; 42; 64; 64; 79; 80; 49; 54; 84; 52
5,21,0.10032,0.2381,58; 5; 48; 22; 23; 71; 21; 63; 67; 10
36,64,0.1215,0.5625,51; 36; 43; 36; 54; 58; 64; 82; 64; 28
26,56,0.12047,0.46429,51; 26; 55; 83; 25; 9; 56; 37; 78; 10
19,64,0.11221,0.29688,83; 19; 77; 25; 60; 81; 64; 31; 42; 15
8,27,0.13871,0.2963,43; 8; 22; 24; 57; 18; 27; 83; 43; 35
10,42,0.13883,0.2381,84; 10; 30; 47; 45; 77; 42; 17; 39; 48
9,36,0.14294,0.25,31; 9; 34; 84; 73; 53; 36; 42; 43; 46
45,80,0.10118,0.5625,5; 45; 83; 13; 78; 7; 80; 27; 51; 40
42,85,0.08743,0.49412,58; 42; 45; 75; 40; 63; 85; 84; 71; 48
14,42,0.12712,0.33333,61; 14; 72; 14; 40; 40; 42; 67; 27; 38
34,74,0.10317,0.45946,43; 34; 72; 57; 5; 56; 74; 26; 7; 16
12,21,0.13284,0.57143,25; 12; 52; 55; 21; 6; 21; 14; 60; 43
13,44,0.13384,0.29545,17; 13; 44; 74; 59; 79; 44; 76; 43; 41
33,68,0.11002,0.48529,52; 33; 33; 39; 14; 82; 68; 29; 74; 33
66,84,0.07783,0.78571,25; 66; 34; 82; 62; 40; 84; 64; 74; 14
32,37,0.13906,0.86486,19; 32; 8; 73; 17; 19; 37; 28; 51; 11
17,58,0.12474,0.2931,37; 17; 38; 35; 62; 63; 58; 43; 5; 11
39,78,0.09663,0.5,49; 39; 77; 49; 65; 79; 78; 26; 11; 10
35,63,0.11538,0.55556,17; 35; 35; 12; 35; 72; 63; 39; 5; 67
15,59,0.1258,0.25424,7; 15; 28; 73; 34; 43; 59; 19; 6; 31
10,34,0.13928,0.29412,81; 10; 72; 5; 44; 50; 34; 74; 37; 71
35,61,0.11725,0.57377,52; 35; 7; 57; 84; 74; 61; 36; 21; 13
9,36,0.14283,0.25,77; 9; 20; 56; 47; 16; 36; 9; 24; 64
16,63,0.11873,0.25397,33; 16; 26; 21; 9; 59; 63; 35; 44; 57
10,20,0.13765,0.5,66; 10; 72; 34; 64; 10; 20; 14; 35; 59
8,32,0.14154,0.25,25; 8; 83; 27; 54; 62; 32; 75; 73; 30
12,21,0.13915,0.57143,81; 12; 37; 63; 21; 70; 21; 21; 46; 62
41,84,0.09549,0.4881,68; 41; 34; 16; 42; 32; 84; 77; 34; 77
17,46,0.13797,0.36957,47; 17; 55; 17; 70; 65; 46; 17; 61; 54
19,65,0.10382,0.29231,53; 19; 19; 16; 10; 6; 65; 11; 85; 48
30,54,0.12377,0.55556,36; 30; 23; 23; 25; 29; 54; 82; 28; 11
44,79,0.10346,0.55696,9; 44; 80; 42; 58; 51; 79; 82; 9; 27
68,81,0.07704,0.83951,72; 68; 73; 74; 16; 69; 81; 25; 27; 13
23,69,0.10813,0.33333,25; 23; 6; 18; 52; 48; 69; 16; 15; 24
62,74,0.09016,0.83784,77; 62; 60; 48; 20; 62; 74; 61; 55; 67
34,70,0.10012,0.48571,76; 34; 21; 46; 15; 46; 70; 42; 27; 57
41,84,0.10321,0.4881,24; 41; 18; 79; 68; 49; 84; 56; 47; 56
17,56,0.12214,0.30357,46; 17; 75; 39; 28; 69; 56; 16; 50; 33
38,77,0.10427,0.49351,81; 38; 74; 49; 32; 85; 77; 26; 70; 61
15,43,0.13417,0.34884,80; 15; 69; 83; 26; 20; 43; 24; 50; 18
23,40,0.1252,0.575,12; 23; 22; 66; 72; 69; 40; 13; 45; 10
24,83,0.09844,0.28916,72; 24; 85; 78; 67; 49; 83; 17; 17; 70
30,53,0.12678,0.56604,40; 30; 58; 54; 57; 37; 53; 31; 21; 62
23,81,0.09128,0.28395,15; 23; 58; 20; 59; 85; 81; 20; 32; 59
21,63,0.1156,0.33333,80; 21; 71; 68; 17; 55; 63; 64; 26; 22
58,73,0.0937,0.79452,15; 58; 81; 33; 44; 22; 73; 73; 82; 47
7,25,0.12975,0.28,23; 7; 9; 6; 82; 29; 25; 29; 69; 73
38,76,0.09918,0.5,27; 38; 20; 76; 47; 77; 76; 44; 38; 33
66,79,0.08238,0.83544,85; 66; 84; 12; 45; 37; 79; 49; 81; 32
7,23,0.12509,0.30435,81; 7; 7; 7; 30; 24; 23; 57; 19; 52
22,78,0.09352,0.28205,73; 22; 15; 57; 19; 69; 78; 75; 46; 6
45,81,0.10834,0.55556,36; 45; 37; 28; 51; 56; 81; 42; 12; 23
10,30,0.14635,0.33333,24; 10; 62; 37; 21; 43; 30; 80; 27; 43
64,74,0.08584,0.86486,49; 64; 19; 59; 15; 65; 74; 31; 66; 76
70,83,0.07598,0.84337,40; 70; 52; 47; 20; 21; 83; 81; 52; 18
5,15,0.0981,0.33333,21; 5; 26; 39; 13; 54; 15; 28; 14; 49
28,34,0.13629,0.82353,61; 28; 31; 44; 57; 30; 34; 16; 53; 66
42,53,0.13023,0.79245,69; 42; 49; 66; 42; 66; 53; 45; 50; 9
38,83,0.09033,0.45783,29; 38; 20; 49; 66; 25; 83; 22; 69; 18
57,68,0.1021,0.83824,52; 57; 63; 65; 66; 36; 68; 20; 82; 81
18,74,0.10381,0.24324,50; 18; 83; 82; 11; 32; 74; 18; 43; 44
36,44,0.13953,0.81818,24; 36; 15; 44; 7; 42; 44; 57; 7; 41
10,27,0.13208,0.37037,7; 10; 44; 63; 81; 78; 27; 43; 37; 33
31,39,0.13877,0.79487,8; 31; 12; 16; 76; 49; 39; 75; 7; 7
7,24,0.12492,0.29167,38; 7; 39; 34; 71; 55; 24; 61; 38; 19
30,81,0.10013,0.37037,16; 30; 44; 20; 46; 69; 81; 67; 26; 84
18,32,0.13285,0.5625,70; 18; 74; 27; 30; 15; 32; 6; 20; 62
14,43,0.13767,0.32558,46; 14; 27; 72; 41; 42; 43; 21; 71; 8
30,60,0.11283,0.5,65; 30; 75; 80; 41; 40; 60; 15; 85; 29
23,70,0.10504,0.32857,60; 23; 51; 18; 48; 70; 70; 5; 78; 49
21,42,0.13162,0.5,22; 21; 15; 30; 59; 83; 42; 69; 80; 46
20,41,0.13574,0.4878,60; 20; 62; 29; 77; 73; 41; 38; 44; 42
37,47,0.13275,0.78723,57; 37; 13; 11; 47; 21; 47; 34; 9; 15
14,48,0.12775,0.29167,54; 14; 41; 10; 30; 12; 48; 47; 8; 61
64,78,0.07952,0.82051,9; 64; 11; 79; 81; 20; 78; 70; 82; 40
40,50,0.13781,0.8,29; 40; 16; 75; 73; 11; 50; 30; 84; 85
37,76,0.10123,0.48684,69; 37; 55; 64; 23; 52; 76; 18; 77; 5
17,35,0.12748,0.48571,52; 17; 48; 6; 81; 57; 35; 46; 30; 80
46,55,0.12807,0.83636,55; 46; 15; 36; 72; 76; 55; 71; 39; 11
31,54,0.12596,0.57407,83; 31; 33; 17; 30; 72; 54; 65; 36; 74
39,79,0.10222,0.49367,46; 39; 36; 39; 33; 47; 79; 40; 49; 62
14,56,0.12728,0.25,30; 14; 35; 47; 46; 55; 56; 71; 10; 24
21,57,0.11135,0.36842,47; 21; 72; 72; 43; 19; 57; 68; 39; 65
60,76,0.08833,0.78947,35; 60; 46; 11; 60; 81; 76; 76; 78; 15
10,33,0.13744,0.30303,18; 10; 5; 38; 61; 15; 33; 9; 10; 65
12,42,0.1408,0.28571,15; 12; 42; 41; 52; 60; 42; 66; 75; 51
33,41,0.13504,0.80488,45; 33; 22; 77; 11; 35; 41; 21; 70; 36
37,43,0.12997,0.86047,14; 37; 17; 6; 7; 22; 43; 35; 83; 7
14,59,0.12644,0.23729,62; 14; 66; 24; 80; 73; 59; 73; 41; 48
66,79,0.0827,0.83544,28; 66; 27; 7; 73; 42; 79; 76; 41; 84
38,78,0.10703,0.48718,21; 38; 70; 7; 37; 63; 78; 50; 70; 8
19,59,0.11785,0.32203,80; 19; 68; 28; 62; 34; 59; 35; 53; 62
24,81,0.09434,0.2963,7; 24; 68; 28; 37; 47; 81; 29; 65; 42
38,45,0.1382,0.84444,83; 38; 8; 44; 10; 76; 45; 5; 24; 33
19,57,0.12443,0.33333,30; 19; 46; 63; 23; 76; 57; 35; 60; 9
23,70,0.11434,0.32857,76; 23; 80; 65; 65; 51; 70; 62; 69; 56
66,82,0.08123,0.80488,66; 66; 82; 79; 15; 33; 82; 66; 10; 79
9,30,0.14137,0.3,10; 9; 35; 30; 76; 57; 30; 14; 23; 41
21,83,0.08667,0.25301,55; 21; 5; 75; 21; 28; 83; 35; 85; 36
15,45,0.12828,0.33333,75; 15; 32; 66; 10; 32; 45; 81; 35; 21
42,75,0.10443,0.56,45; 42; 61; 69; 65; 32; 75; 26; 75; 85
34,74,0.10425,0.45946,33; 34; 5; 33; 23; 9; 74; 31; 68; 77
49,62,0.11233,0.79032,36; 49; 62; 57; 66; 40; 62; 55; 35; 37
16,66,0.11416,0.24242,7; 16; 48; 73; 50; 85; 66; 38; 42; 41
55,70,0.10402,0.78571,16; 55; 67; 36; 73; 78; 70; 61; 63; 37
27,83,0.09084,0.3253,8; 27; 10; 64; 35; 73; 83; 77; 80; 17
14,47,0.13642,0.29787,12; 14; 62; 39; 82; 20; 47; 22; 22; 22
69,84,0.08026,0.82143,47; 69; 5; 69; 26; 81; 84; 64; 33; 67
21,72,0.10379,0.29167,36; 21; 5; 54; 34; 33; 72; 72; 83; 79
21,76,0.10063,0.27632,23; 21; 59; 77; 34; 66; 76; 21; 44; 68
14,49,0.13038,0.28571,26; 14; 83; 24; 22; 66; 49; 62; 14; 9
11,24,0.14102,0.45833,47; 11; 85; 69; 39; 49; 24; 59; 71; 38
7,14,0.12963,0.5,76; 7; 16; 85; 57; 20; 14; 59; 25; 18
42,51,0.13586,0.82353,19; 42; 16; 29; 44; 62; 51; 27; 60; 26
46,82,0.0943,0.56098,80; 46; 74; 39; 44; 62; 82; 21; 32; 15
62,72,0.09103,0.86111,68; 62; 63; 62; 18; 29; 72; 38; 57; 69
13,35,0.13398,0.37143,63; 13; 83; 35; 57; 27; 35; 70; 83; 35
9,30,0.14288,0.3,80; 9; 39; 66; 69; 66; 30; 16; 44; 8
20,66,0.11206,0.30303,24; 20; 7; 53; 48; 41; 66; 40; 68; 28
18,64,0.11805,0.28125,55; 18; 53; 13; 78; 20; 64; 48; 11; 34
49,57,0.12012,0.85965,85; 49; 85; 16; 7; 85; 57; 69; 19; 14
16,48,0.13425,0.33333,6; 16; 9; 54; 21; 41; 48; 18; 10; 44
6,17,0.11606,0.35294,47; 6; 64; 68; 46; 56; 17; 62; 5; 59
31,37,0.14521,0.83784,48; 31; 85; 25; 46; 71; 37; 13; 45; 44
16,66,0.10966,0.24242,82; 16; 32; 13; 9; 10; 66; 9; 43; 72
16,56,0.12539,0.28571,39; 16; 37; 85; 15; 40; 56; 19; 13; 66
24,76,0.0975,0.31579,40; 24; 68; 45; 53; 19; 76; 44; 60; 28
36,78,0.10265,0.46154,63; 36; 66; 57; 44; 34; 78; 13; 38; 30
49,60,0.117,0.81667,28; 49; 81; 48; 38; 10; 60; 57; 9; 16
56,68,0.09893,0.82353,9; 56; 63; 10; 22; 42; 68; 85; 5; 39
22,77,0.09466,0.28571,84; 22; 70; 29; 71; 11; 77; 27; 38; 76
25,45,0.13356,0.55556,60; 25; 9; 27; 39; 31; 45; 64; 50; 32
50,63,0.11536,0.79365,6; 50; 39; 16; 71; 77; 63; 54; 7; 85
56,71,0.10165,0.78873,76; 56; 72; 27; 22; 5; 71; 72; 55; 24
15,41,0.14194,0.36585,27; 15; 54; 68; 72; 19; 41; 65; 55; 74
39,80,0.10018,0.4875,15; 39; 40; 34; 55; 85; 80; 83; 16; 70
45,57,0.1249,0.78947,64; 45; 46; 80; 68; 80; 57; 40; 19; 22
28,76,0.09709,0.36842,22; 28; 10; 45; 22; 81; 76; 71; 73; 68
24,80,0.09359,0.3,7; 24; 16; 84; 34; 67; 80; 39; 27; 62
21,71,0.10194,0.29577,27; 21; 6; 44; 8; 24; 71; 7; 61; 39
20,80,0.09109,0.25,78; 20; 21; 38; 45; 27; 80; 51; 40; 35
19,34,0.13393,0.55882,52; 19; 38; 71; 41; 14; 34; 47; 19; 77
29,63,0.11522,0.46032,69; 29; 57; 55; 31; 73; 63; 41; 11; 16
42,84,0.09768,0.5,9; 42; 53; 58; 34; 62; 84; 21; 80; 18
20,83,0.09413,0.24096,31; 20; 20; 73; 30; 19; 83; 25; 13; 56
22,76,0.1032,0.28947,79; 22; 52; 39; 8; 20; 76; 27; 27; 33
28,85,0.10248,0.32941,34; 28; 67; 10; 69; 23; 85; 69; 38; 59
64,81,0.08411,0.79012,34; 64; 40; 21; 83; 56; 81; 32; 37; 16
31,67,0.10682,0.46269,24; 31; 17; 71; 35; 14; 67; 28; 57; 71
14,43,0.13602,0.32558,66; 14; 34; 65; 5; 30; 43; 66; 67; 7
25,77,0.10649,0.32468,23; 25; 76; 34; 67; 43; 77; 22; 27; 47
22,66,0.10938,0.33333,55; 22; 32; 53; 57; 72; 66; 48; 42; 48
20,41,0.13048,0.4878,35; 20; 57; 21; 55; 65; 41; 32; 20; 16
14,28,0.13927,0.5,43; 14; 80; 39; 73; 40; 28; 78; 42; 37
25,72,0.10894,0.34722,32; 25; 51; 73; 52; 30; 72; 75; 65; 27
18,57,0.1235,0.31579,11; 18; 75; 5; 14; 52; 57; 18; 69; 31
51,64,0.11351,0.79688,57; 51; 40; 9; 15; 8; 64; 77; 48; 45
23,28,0.13466,0.82143,17; 23; 22; 76; 5; 14; 28; 65; 25; 85
58,69,0.09713,0.84058,27; 58; 32; 81; 80; 69; 69; 30; 21; 84
23,71,0.11022,0.32394,32; 23; 19; 45; 61; 5; 71; 45; 20; 37
30,54,0.12821,0.55556,22; 30; 18; 81; 39; 51; 54; 59; 22; 25
26,31,0.12983,0.83871,53; 26; 47; 31; 15; 44; 31; 66; 37; 21
6,19,0.1151,0.31579,34; 6; 70; 78; 40; 60; 19; 58; 67; 66
17,48,0.12985,0.35417,80; 17; 10; 74; 5; 43; 48; 42; 10; 7
12,15,0.13524,0.8,56; 12; 57; 15; 15; 43; 15; 68; 21; 46
28,35,0.13468,0.8,36; 28; 78; 58; 78; 36; 35; 77; 17; 72
37,47,0.14021,0.78723,18; 37; 5; 62; 81; 24; 47; 25; 24; 55
34,68,0.10952,0.5,47; 34; 60; 28; 52; 47; 68; 51; 25; 34
60,75,0.08869,0.8,26; 60; 71; 24; 21; 11; 75; 69; 59; 39
24,28,0.13227,0.85714,84; 24; 15; 46; 41; 39; 28; 56; 41; 57
10,20,0.13813,0.5,67; 10; 57; 53; 40; 85; 20; 29; 60; 50
38,83,0.08855,0.45783,12; 38; 42; 23; 67; 62; 83; 33; 82; 52
38,45,0.13564,0.84444,16; 38; 37; 40; 81; 55; 45; 8; 68; 85
11,37,0.14108,0.2973,59; 11; 66; 20; 81; 41; 37; 25; 85; 85
19,75,0.09669,0.25333,10; 19; 79; 71; 64; 31; 75; 18; 10; 58
9,27,0.14625,0.33333,79; 9; 73; 21; 56; 74; 27; 18; 6; 21
39,69,0.10342,0.56522,55; 39; 23; 10; 73; 66; 69; 41; 43; 18
18,39,0.13515,0.46154,22; 18; 80; 57; 67; 39; 39; 68; 64; 63
8,10,0.13661,0.8,77; 8; 81; 83; 70; 13; 10; 84; 55; 14
15,43,0.13837,0.34884,30; 15; 50; 74; 69; 29; 43; 40; 10; 57
22,75,0.11031,0.29333,72; 22; 60; 51; 5; 69; 75; 48; 37; 47
32,37,0.14316,0.86486,13; 32; 83; 31; 51; 42; 37; 6; 46; 84
28,35,0.14353,0.8,62; 28; 27; 58; 56; 10; 35; 72; 29; 53
15,41,0.13685,0.36585,75; 15; 25; 49; 40; 13; 41; 81; 76; 46
13,51,0.13198,0.2549,32; 13; 77; 57; 5; 11; 51; 73; 21; 20
18,63,0.11614,0.28571,74; 18; 23; 67; 70; 36; 63; 75; 41; 75
56,71,0.09836,0.78873,79; 56; 34; 58; 29; 30; 71; 45; 18; 34
16,28,0.13719,0.57143,44; 16; 44; 61; 66; 72; 28; 42; 75; 18
25,29,0.14052,0.86207,22; 25; 60; 77; 7; 52; 29; 17; 85; 51
16,50,0.12853,0.32,74; 16; 31; 43; 72; 46; 50; 21; 64; 72
28,75,0.09269,0.37333,29; 28; 14; 20; 56; 46; 75; 53; 18; 44
23,63,0.11769,0.36508,10; 23; 41; 38; 62; 58; 63; 42; 72; 75
8,23,0.13156,0.34783,16; 8; 82; 16; 19; 81; 23; 49; 27; 12
51,61,0.11399,0.83607,28; 51; 43; 11; 59; 18; 61; 30; 81; 66
24,74,0.09963,0.32432,26; 24; 47; 13; 55; 6; 74; 75; 77; 33
13,46,0.13369,0.28261,31; 13; 16; 78; 72; 65; 46; 72; 23; 71
56,68,0.09926,0.82353,38; 56; 66; 57; 14; 58; 68; 10; 59; 15
25,79,0.10028,0.31646,45; 25; 82; 49; 14; 20; 79; 58; 53; 20
23,71,0.11121,0.32394,8; 23; 41; 20; 20; 57; 71; 6; 74; 36
32,38,0.14095,0.84211,30; 32; 51; 13; 57; 21; 38; 13; 59; 22
16,57,0.12307,0.2807,60; 16; 17; 24; 24; 51; 57; 74; 81; 65
18,71,0.10989,0.25352,34; 18; 71; 37; 72; 41; 71; 77; 69; 29
12,36,0.1401,0.33333,71; 12; 43; 58; 43; 73; 36; 64; 26; 70
24,83,0.09415,0.28916,38; 24; 44; 23; 51; 72; 83; 69; 50; 66
12,49,0.13585,0.2449,34; 12; 63; 74; 25; 18; 49; 28; 67; 5
22,63,0.11791,0.34921,80; 22; 46; 71; 84; 5; 63; 58; 54; 60
35,72,0.10746,0.48611,37; 35; 23; 46; 37; 11; 72; 11; 32; 66
58,73,0.09766,0.79452,30; 58; 34; 31; 71; 24; 73; 76; 51; 61
40,82,0.09488,0.4878,70; 40; 6; 39; 71; 77; 82; 75; 39; 55
38,76,0.10016,0.5,53; 38; 74; 28; 30; 47; 76; 81; 50; 51
50,58,0.11928,0.86207,57; 50; 5; 35; 21; 66; 58; 60; 15; 16
24,42,0.13095,0.57143,52; 24; 57; 41; 74; 18; 42; 41; 7; 35
8,33,0.13127,0.24242,30; 8; 58; 54; 78; 66; 33; 34; 38; 81
17,69,0.11013,0.24638,58; 17; 62; 32; 49; 62; 69; 12; 80; 70
68,81,0.07702,0.83951,67; 68; 37; 22; 45; 24; 81; 54; 52; 27
62,74,0.08958,0.83784,79; 62; 81; 61; 8; 84; 74; 26; 11; 57
17,61,0.12084,0.27869,39; 17; 68; 45; 6; 16; 61; 39; 69; 83
61,76,0.08984,0.80263,72; 61; 72; 82; 12; 41; 76; 80; 73; 34
46,58,0.12664,0.7931,44; 46; 50; 41; 72; 58; 58; 25; 70; 66
41,84,0.09529,0.4881,35; 41; 10; 67; 68; 66; 84; 71; 51; 20
19,55,0.12811,0.34545,72; 19; 47; 40; 22; 15; 55; 22; 74; 20
15,27,0.13813,0.55556,52; 15; 16; 71; 57; 25; 27; 5; 54; 22
48,85,0.10342,0.56471,19; 48; 55; 79; 53; 20; 85; 39; 80; 71
67,84,0.08178,0.79762,71; 67; 49; 14; 14; 29; 84; 14; 36; 29
55,64,0.1058,0.85938,18; 55; 62; 54; 35; 42; 64; 18; 82; 15
7,29,0.12717,0.24138,7; 7; 23; 48; 53; 14; 29; 30; 23; 8
16,46,0.13286,0.34783,66; 16; 22; 79; 83; 12; 46; 80; 85; 49
47,83,0.09016,0.56627,31; 47; 37; 9; 73; 59; 83; 6; 23; 15
8,16,0.13479,0.5,9; 8; 69; 51; 26; 12; 16; 65; 82; 71
44,79,0.10444,0.55696,79; 44; 40; 9; 32; 38; 79; 75; 58; 49
36,79,0.10054,0.4557,42; 36; 67; 52; 81; 36; 79; 43; 51; 33
12,37,0.1339,0.32432,72; 12; 28; 20; 42; 77; 37; 24; 5; 28
49,60,0.11121,0.81667,48; 49; 54; 59; 57; 79; 60; 67; 59; 42
33,41,0.13536,0.80488,7; 33; 35; 45; 19; 32; 41; 85; 73; 7
32,64,0.11976,0.5,56; 32; 18; 68; 37; 11; 64; 23; 45; 52
53,65,0.11539,0.81538,32; 53; 66; 55; 31; 18; 65; 75; 24; 27
13,41,0.13553,0.31707,52; 13; 38; 61; 83; 75; 41; 17; 24; 11
25,78,0.10425,0.32051,65; 25; 44; 16; 74; 37; 78; 23; 8; 42
39,70,0.10582,0.55714,15; 39; 82; 50; 78; 38; 70; 69; 34; 52
22,68,0.10715,0.32353,78; 22; 48; 35; 34; 40; 68; 12; 17; 30
37,43,0.138,0.86047,33; 37; 83; 31; 20; 76; 43; 76; 41; 38
21,75,0.09643,0.28,45; 21; 59; 17; 83; 31; 75; 73; 54; 75
5,10,0.11015,0.5,84; 5; 19; 52; 18; 42; 10; 71; 24; 46
17,57,0.12346,0.29825,44; 17; 38; 61; 27; 33; 57; 50; 49; 62
25,85,0.09676,0.29412,34; 25; 13; 32; 54; 27; 85; 55; 52; 76
22,74,0.10424,0.2973,84; 22; 59; 6; 26; 52; 74; 74; 72; 26
11,46,0.13734,0.23913,85; 11; 25; 26; 80; 31; 46; 73; 66; 66
22,75,0.1016,0.29333,76; 22; 83; 40; 35; 38; 75; 23; 7; 58
63,80,0.08522,0.7875,66; 63; 38; 7; 32; 8; 80; 24; 34; 56
49,61,0.1185,0.80328,52; 49; 75; 83; 54; 18; 61; 81; 40; 78
56,70,0.09917,0.8,62; 56; 79; 75; 64; 16; 70; 58; 7; 67
30,53,0.12879,0.56604,59; 30; 61; 39; 75; 66; 53; 17; 23; 71
43,77,0.11192,0.55844,59; 43; 47; 60; 77; 64; 77; 8; 44; 84
10,33,0.13421,0.30303,21; 10; 25; 26; 8; 70; 33; 51; 7; 77
55,64,0.10839,0.85938,47; 55; 25; 47; 82; 50; 64; 74; 61; 28
16,49,0.13489,0.32653,76; 16; 33; 53; 27; 37; 49; 50; 30; 76
52,65,0.11099,0.8,71; 52; 5; 62; 33; 79; 65; 55; 41; 27
23,50,0.12904,0.46,70; 23; 7; 52; 35; 46; 50; 62; 55; 23
73,85,0.07446,0.85882,30; 73; 31; 35; 85; 70; 85; 48; 57; 67
24,65,0.11613,0.36923,45; 24; 31; 41; 29; 28; 65; 17; 40; 10
25,72,0.10717,0.34722,55; 25; 23; 68; 38; 26; 72; 63; 7; 57
12,37,0.13864,0.32432,18; 12; 77; 64; 70; 77; 37; 84; 73; 19
10,40,0.13828,0.25,51; 10; 80; 57; 12; 66; 40; 26; 19; 13
37,80,0.09865,0.4625,34; 37; 39; 21; 15; 61; 80; 50; 66; 71
26,33,0.1371,0.78788,62; 26; 64; 63; 19; 26; 33; 31; 77; 71
18,73,0.0993,0.24658,7; 18; 54; 73; 44; 34; 73; 54; 24; 41
13,26,0.13081,0.5,53; 13; 28; 48; 46; 21; 26; 5; 80; 78
23,46,0.13649,0.5,57; 23; 42; 39; 85; 53; 46; 53; 78; 46
37,47,0.14211,0.78723,17; 37; 35; 21; 22; 47; 47; 77; 58; 9
25,83,0.09132,0.3012,82; 25; 66; 54; 10; 80; 83; 31; 10; 65
5,9,0.10751,0.55556,39; 5; 59; 33; 18; 17; 9; 65; 76; 74
21,66,0.1183,0.31818,5; 21; 19; 19; 66; 32; 66; 23; 42; 46
48,85,0.09412,0.56471,15; 48; 36; 18; 23; 41; 85; 49; 82; 49
13,26,0.13935,0.5,50; 13; 78; 22; 42; 83; 26; 22; 41; 55
32,69,0.10821,0.46377,13; 32; 12; 71; 51; 45; 69; 34; 55; 7
18,62,0.11518,0.29032,35; 18; 70; 39; 9; 24; 62; 15; 12; 50
57,68,0.10157,0.83824,31; 57; 31; 33; 56; 31; 68; 52; 57; 19
27,33,0.1282,0.81818,77; 27; 71; 48; 60; 80; 33; 30; 20; 6
41,82,0.09719,0.5,59; 41; 45; 10; 80; 29; 82; 32; 77; 74
33,59,0.11981,0.55932,14; 33; 58; 9; 38; 5; 59; 81; 21; 31
11,14,0.1351,0.78571,47; 11; 22; 63; 26; 47; 14; 10; 34; 83
20,35,0.12989,0.57143,27; 20; 63; 85; 42; 8; 35; 77; 61; 47
31,68,0.11207,0.45588,78; 31; 33; 77; 63; 25; 68; 79; 49; 41
35,76,0.10027,0.46053,59; 35; 31; 85; 58; 37; 76; 19; 69; 9
64,76,0.08582,0.84211,30; 64; 57; 34; 77; 80; 76; 42; 49; 54
26,71,0.10313,0.3662,8; 26; 78; 64; 80; 8; 71; 58; 62; 54
61,76,0.08693,0.80263,47; 61; 82; 5; 62; 25; 76; 61; 29; 7
9,27,0.14363,0.33333,29; 9; 27; 68; 15; 75; 27; 56; 84; 59
23,28,0.13683,0.82143,29; 23; 78; 82; 20; 21; 28; 20; 16; 44
10,20,0.13478,0.5,46; 10; 70; 78; 56; 73; 20; 72; 18; 70
34,60,0.12065,0.56667,10; 34; 51; 72; 66; 36; 60; 38; 50; 13
39,49,0.12693,0.79592,41; 39; 69; 24; 25; 12; 49; 18; 62; 32
19,34,0.13267,0.55882,84; 19; 58; 83; 54; 18; 34; 68; 48; 6
24,68,0.09808,0.35294,64; 24; 70; 58; 53; 18; 68; 50; 42; 54
39,85,0.09213,0.45882,38; 39; 70; 84; 20; 67; 85; 13; 35; 10
23,79,0.09869,0.29114,85; 23; 34; 41; 75; 63; 79; 53; 42; 53
10,31,0.13956,0.32258,38; 10; 5; 58; 75; 43; 31; 64; 71; 44
20,70,0.11195,0.28571,26; 20; 83; 80; 78; 58; 70; 32; 7; 6
49,61,0.12296,0.80328,18; 49; 27; 9; 16; 55; 61; 73; 49; 70
18,36,0.12753,0.5,56; 18; 32; 10; 19; 75; 36; 54; 84; 55
48,60,0.116,0.8,55; 48; 39; 83; 22; 36; 60; 50; 52; 40
31,55,0.1262,0.56364,76; 31; 78; 47; 60; 23; 55; 12; 15; 70
25,71,0.10582,0.35211,51; 25; 38; 16; 79; 29; 71; 65; 53; 13
23,77,0.09837,0.2987,48; 23; 25; 35; 74; 16; 77; 75; 45; 72
19,55,0.12124,0.34545,6; 19; 42; 16; 50; 56; 55; 37; 19; 33
18,65,0.11151,0.27692,79; 18; 75; 14; 33; 23; 65; 85; 64; 40
9,26,0.14778,0.34615,83; 9; 7; 33; 44; 68; 26; 16; 6; 44
63,80,0.08354,0.7875,5; 63; 80; 40; 40; 52; 80; 21; 82; 39
41,72,0.1101,0.56944,33; 41; 45; 22; 52; 8; 72; 71; 65; 53
27,82,0.09935,0.32927,15; 27; 73; 69; 10; 13; 82; 39; 69; 85
19,78,0.09265,0.24359,45; 19; 43; 49; 54; 9; 78; 26; 49; 61
19,59,0.11856,0.32203,70; 19; 11; 44; 5; 45; 59; 52; 15; 37
26,71,0.10458,0.3662,13; 26; 63; 83; 27; 25; 71; 12; 40; 18
15,46,0.13477,0.32609,6; 15; 19; 82; 66; 54; 46; 77; 79; 81
20,71,0.1076,0.28169,62; 20; 47; 69; 69; 26; 71; 8; 12; 48
21,66,0.11124,0.31818,61; 21; 14; 42; 67; 7; 66; 84; 6; 78
41,83,0.09489,0.49398,45; 41; 11; 60; 47; 33; 83; 30; 26; 78
18,49,0.12868,0.36735,15; 18; 11; 30; 43; 70; 49; 60; 77; 31
72,84,0.07547,0.85714,77; 72; 23; 47; 33; 56; 84; 22; 66; 38
15,27,0.13691,0.55556,5; 15; 71; 61; 57; 84; 27; 27; 25; 75
19,64,0.10272,0.29688,42; 19; 23; 76; 32; 7; 64; 5; 68; 82
43,76,0.10406,0.56579,68; 43; 79; 34; 16; 31; 76; 76; 37; 67
26,31,0.14098,0.83871,37; 26; 56; 75; 18; 30; 31; 24; 85; 28
23,78,0.10218,0.29487,71; 23; 25; 8; 58; 50; 78; 7; 36; 18
25,78,0.10367,0.32051,81; 25; 85; 32; 7; 9; 78; 21; 21; 49
24,83,0.09124,0.28916,26; 24; 65; 68; 35; 64; 83; 31; 29; 42
58,71,0.09295,0.8169,6; 58; 60; 36; 56; 43; 71; 68; 74; 80
66,79,0.07994,0.83544,68; 66; 23; 75; 39; 31; 79; 7; 83; 82
35,61,0.12163,0.57377,60; 35; 62; 32; 68; 81; 61; 24; 43; 28
19,41,0.12724,0.46341,23; 19; 50; 53; 26; 14; 41; 74; 51; 24
33,68,0.10327,0.48529,29; 33; 64; 71; 76; 26; 68; 77; 6; 12
68,79,0.08387,0.86076,44; 68; 79; 72; 35; 85; 79; 61; 55; 80
64,74,0.08417,0.86486,24; 64; 41; 71; 45; 47; 74; 71; 21; 49
12,50,0.13362,0.24,41; 12; 50; 55; 75; 18; 50; 14; 28; 73
61,76,0.08914,0.80263,12; 61; 56; 36; 29; 38; 76; 34; 52; 48
47,57,0.11988,0.82456,69; 47; 8; 34; 5; 16; 57; 16; 55; 31
6,17,0.1106,0.35294,16; 6; 47; 47; 46; 10; 17; 12; 58; 22
54,66,0.09936,0.81818,31; 54; 31; 48; 45; 33; 66; 76; 40; 45
18,71,0.10438,0.25352,37; 18; 72; 72; 45; 42; 71; 79; 5; 77
46,82,0.09289,0.56098,85; 46; 55; 78; 49; 60; 82; 34; 21; 61
7,14,0.12123,0.5,72; 7; 9; 61; 17; 16; 14; 77; 12; 9
7,24,0.12547,0.29167,8; 7; 31; 27; 84; 78; 24; 39; 47; 17
14,56,0.12881,0.25,40; 14; 77; 17; 75; 69; 56; 43; 85; 59
57,68,0.10312,0.83824,23; 57; 43; 19; 35; 21; 68; 46; 17; 76
19,22,0.13059,0.86364,69; 19; 71; 48; 74; 19; 22; 74; 78; 57
23,70,0.1054,0.32857,85; 23; 17; 62; 36; 47; 70; 65; 72; 46
59,75,0.08956,0.78667,61; 59; 32; 66; 69; 50; 75; 43; 26; 81
31,37,0.13234,0.83784,30; 31; 80; 25; 69; 68; 37; 9; 67; 36
55,70,0.10049,0.78571,81; 55; 67; 42; 23; 84; 70; 25; 30; 48
7,23,0.12044,0.30435,40; 7; 27; 19; 69; 75; 23; 64; 37; 66
39,70,0.11048,0.55714,60; 39; 77; 15; 79; 83; 70; 40; 13; 71
16,49,0.13334,0.32653,23; 16; 77; 69; 28; 47; 49; 44; 46; 74
10,41,0.13671,0.2439,55; 10; 30; 81; 27; 67; 41; 79; 25; 36
19,76,0.10011,0.25,40; 19; 80; 10; 76; 23; 76; 50; 8; 30
6,19,0.12636,0.31579,64; 6; 13; 21; 66; 24; 19; 62; 24; 48
7,24,0.131,0.29167,28; 7; 74; 66; 61; 25; 24; 37; 39; 30
30,82,0.0981,0.36585,52; 30; 6; 39; 37; 46; 82; 78; 84; 81
12,40,0.14084,0.3,38; 12; 17; 16; 57; 59; 40; 78; 70; 72
16,43,0.13574,0.37209,83; 16; 27; 42; 45; 30; 43; 57; 60; 70
19,66,0.11212,0.28788,72; 19; 21; 77; 23; 33; 66; 39; 28; 35
38,44,0.13781,0.86364,45; 38; 55; 51; 9; 62; 44; 76; 72; 20
11,46,0.14762,0.23913,63; 11; 25; 68; 27; 33; 46; 81; 29; 46
57,71,0.10002,0.80282,39; 57; 33; 37; 15; 8; 71; 80; 72; 59
14,49,0.13231,0.28571,68; 14; 29; 23; 75; 67; 49; 65; 34; 8
46,81,0.09539,0.5679,26; 46; 7; 34; 8; 73; 81; 39; 70; 26
25,75,0.1066,0.33333,27; 25; 81; 64; 39; 6; 75; 59; 16; 9
23,65,0.11541,0.35385,45; 23; 11; 21; 63; 47; 65; 64; 29; 20
66,82,0.07958,0.80488,15; 66; 68; 16; 6; 57; 82; 83; 26; 28
20,35,0.13921,0.57143,26; 20; 51; 49; 80; 66; 35; 49; 35; 16
19,77,0.10182,0.24675,43; 19; 36; 84; 47; 28; 77; 46; 11; 44
11,24,0.13756,0.45833,80; 11; 49; 29; 77; 43; 24; 50; 48; 57
9,11,0.14418,0.81818,80; 9; 47; 67; 73; 63; 11; 58; 39; 84
16,65,0.11051,0.24615,7; 16; 7; 29; 33; 57; 65; 20; 71; 66
16,58,0.12185,0.27586,5; 16; 66; 56; 55; 16; 58; 28; 29; 48
20,57,0.12506,0.35088,32; 20; 25; 84; 69; 45; 57; 59; 53; 29
26,31,0.13195,0.83871,74; 26; 49; 55; 67; 12; 31; 8; 21; 73
10,31,0.13516,0.32258,45; 10; 14; 24; 37; 31; 31; 12; 45; 39
37,75,0.10285,0.49333,60; 37; 34; 65; 32; 20; 75; 74; 32; 23
55,69,0.0988,0.7971,35; 55; 36; 44; 76; 19; 69; 10; 76; 17
12,40,0.14077,0.3,63; 12; 64; 54; 66; 45; 40; 74; 68; 75
46,58,0.1262,0.7931,35; 46; 51; 56; 47; 20; 58; 39; 51; 65
6,19,0.11056,0.31579,14; 6; 67; 79; 45; 84; 19; 62; 11; 8
38,76,0.09658,0.5,34; 38; 8; 28; 82; 12; 76; 62; 29; 66
62,76,0.08826,0.81579,67; 62; 66; 61; 41; 29; 76; 77; 77; 62
50,58,0.11854,0.86207,77; 50; 44; 24; 49; 51; 58; 85; 19; 41
21,76,0.10011,0.27632,32; 21; 19; 59; 72; 79; 76; 72; 51; 80
11,40,0.14558,0.275,79; 11; 47; 75; 26; 74; 40; 8; 71; 84
47,82,0.09292,0.57317,29; 47; 75; 85; 28; 84; 82; 84; 10; 30
24,80,0.09519,0.3,17; 24; 79; 52; 18; 78; 80; 82; 48; 5
42,53,0.13269,0.79245,41; 42; 13; 29; 79; 23; 53; 65; 57; 44
21,63,0.11544,0.33333,56; 21; 65; 6; 10; 38; 63; 47; 52; 28
57,72,0.10004,0.79167,61; 57; 21; 32; 78; 8; 72; 45; 62; 47
20,80,0.10061,0.25,70; 20; 85; 31; 57; 64; 80; 19; 28; 26
21,73,0.09687,0.28767,84; 21; 81; 5; 35; 10; 73; 64; 6; 5
35,62,0.11544,0.56452,21; 35; 28; 58; 82; 59; 62; 6; 58; 46
37,81,0.09722,0.45679,67; 37; 43; 38; 22; 52; 81; 19; 79; 36
36,72,0.11183,0.5,43; 36; 35; 77; 27; 7; 72; 67; 62; 78
35,61,0.11808,0.57377,28; 35; 31; 61; 79; 76; 61; 15; 49; 52
13,54,0.12233,0.24074,80; 13; 57; 15; 33; 49; 54; 66; 35; 12
12,51,0.13219,0.23529,24; 12; 40; 32; 66; 16; 51; 78; 15; 14
10,31,0.14849,0.32258,47; 10; 13; 85; 16; 75; 31; 83; 27; 14
19,52,0.13091,0.36538,46; 19; 28; 20; 70; 24; 52; 46; 29; 63
15,41,0.1328,0.36585,67; 15; 76; 67; 25; 73; 41; 13; 30; 43
22,67,0.10911,0.32836,70; 22; 63; 47; 31; 68; 67; 10; 24; 66
6,18,0.11322,0.33333,40; 6; 51; 34; 63; 74; 18; 56; 54; 73
45,57,0.11732,0.78947,16; 45; 34; 19; 52; 50; 57; 77; 56; 43
18,37,0.1334,0.48649,82; 18; 26; 47; 46; 80; 37; 14; 26; 8
16,20,0.12786,0.8,76; 16; 27; 31; 33; 8; 20; 41; 21; 48
20,62,0.11414,0.32258,39; 20; 68; 72; 38; 47; 62; 76; 73; 35
23,50,0.12788,0.46,43; 23; 52; 69; 21; 54; 50; 17; 59; 69
20,54,0.12691,0.37037,22; 20; 28; 33; 66; 83; 54; 49; 78; 82
20,60,0.11497,0.33333,18; 20; 85; 18; 58; 70; 60; 67; 64; 68
14,55,0.12889,0.25455,52; 14; 45; 6; 34; 40; 55; 76; 60; 26
15,54,0.12513,0.27778,62; 15; 63; 82; 29; 32; 54; 56; 85; 39
30,60,0.11696,0.5,76; 30; 38; 60; 81; 77; 60; 64; 34; 9
15,50,0.13222,0.3,22; 15; 22; 65; 75; 10; 50; 9; 14; 14
59,74,0.09211,0.7973,68; 59; 56; 83; 6; 45; 74; 66; 8; 53
40,72,0.10027,0.55556,83; 40; 56; 49; 70; 19; 72; 55; 45; 28
70,85,0.07669,0.82353,33; 70; 21; 5; 17; 63; 85; 61; 48; 11
25,51,0.13326,0.4902,14; 25; 47; 11; 81; 83; 51; 6; 43; 39
33,67,0.11671,0.49254,42; 33; 59; 76; 53; 27; 67; 42; 24; 75
5,21,0.09574,0.2381,72; 5; 13; 30; 27; 15; 21; 65; 69; 10
21,46,0.13202,0.45652,52; 21; 7; 22; 29; 53; 46; 19; 28; 38
42,75,0.10241,0.56,58; 42; 40; 80; 12; 23; 75; 28; 39; 76
38,45,0.13899,0.84444,72; 38; 51; 34; 17; 74; 45; 84; 53; 19
27,47,0.139,0.57447,26; 27; 36; 60; 24; 17; 47; 47; 48; 43
29,84,0.08994,0.34524,81; 29; 43; 28; 47; 68; 84; 57; 45; 32
27,59,0.1215,0.45763,71; 27; 17; 40; 79; 36; 59; 64; 11; 5
29,78,0.10115,0.37179,63; 29; 70; 5; 35; 74; 78; 84; 51; 85
33,41,0.134,0.80488,40; 33; 13; 47; 56; 27; 41; 32; 34; 31
18,72,0.10067,0.25,57; 18; 58; 55; 50; 48; 72; 15; 23; 28
22,59,0.123,0.37288,65; 22; 27; 15; 59; 65; 59; 55; 8; 45
67,82,0.07688,0.81707,12; 67; 49; 11; 47; 36; 82; 45; 76; 57
26,75,0.10214,0.34667,9; 26; 85; 82; 36; 32; 75; 70; 78; 5
24,42,0.12733,0.57143,11; 24; 85; 66; 70; 34; 42; 72; 58; 53
16,63,0.11788,0.25397,10; 16; 16; 55; 49; 85; 63; 47; 7; 27
22,63,0.11076,0.34921,80; 22; 54; 77; 47; 18; 63; 56; 10; 20
65,77,0.0895,0.84416,49; 65; 16; 81; 81; 33; 77; 84; 17; 9
18,55,0.12548,0.32727,31; 18; 55; 51; 54; 27; 55; 37; 34; 75
21,83,0.08982,0.25301,40; 21; 13; 22; 71; 80; 83; 27; 78; 25
31,54,0.1266,0.57407,32; 31; 49; 38; 53; 19; 54; 28; 25; 52
59,69,0.09886,0.85507,36; 59; 41; 26; 7; 21; 69; 54; 83; 16
11,24,0.13277,0.45833,85; 11; 5; 44; 80; 84; 24; 46; 6; 52
13,39,0.12401,0.33333,55; 13; 59; 46; 9; 74; 39; 66; 27; 39
34,69,0.10582,0.49275,8; 34; 44; 61; 21; 39; 69; 23; 20; 25
17,53,0.12976,0.32075,70; 17; 30; 78; 61; 80; 53; 48; 31; 36
43,50,0.12797,0.86,85; 43; 17; 81; 25; 43; 50; 45; 81; 43
31,84,0.09397,0.36905,45; 31; 57; 69; 41; 46; 84; 63; 36; 39
19,55,0.12831,0.34545,57; 19; 15; 65; 85; 14; 55; 13; 40; 61
68,85,0.07523,0.8,57; 68; 37; 74; 81; 15; 85; 15; 27; 70
28,85,0.09384,0.32941,61; 28; 13; 31; 26; 84; 85; 59; 79; 84
52,62,0.11254,0.83871,28; 52; 8; 34; 9; 34; 62; 83; 36; 33
40,80,0.09367,0.5,45; 40; 40; 62; 38; 65; 80; 49; 10; 73
70,83,0.07879,0.84337,60; 70; 29; 20; 80; 71; 83; 47; 42; 22
24,82,0.09532,0.29268,61; 24; 84; 58; 14; 11; 82; 44; 33; 29
12,42,0.14006,0.28571,77; 12; 77; 49; 28; 43; 42; 83; 9; 38
23,66,0.10761,0.34848,9; 23; 84; 39; 43; 76; 66; 28; 55; 42
43,51,0.12726,0.84314,30; 43; 29; 63; 34; 79; 51; 54; 62; 34
38,77,0.09919,0.49351,19; 38; 63; 45; 50; 43; 77; 18; 9; 54
32,64,0.11759,0.5,24; 32; 17; 49; 33; 6; 64; 20; 70; 35
25,50,0.12954,0.5,84; 25; 17; 33; 85; 9; 50; 25; 84; 75
19,57,0.11739,0.33333,49; 19; 75; 48; 22; 31; 57; 10; 67; 77
28,50,0.12986,0.56,58; 28; 22; 19; 42; 15; 50; 57; 22; 39
19,24,0.12354,0.79167,55; 19; 28; 6; 49; 14; 24; 50; 37; 28
10,33,0.13601,0.30303,41; 10; 64; 73; 77; 18; 33; 24; 51; 22
20,41,0.13833,0.4878,76; 20; 85; 28; 39; 48; 41; 37; 20; 27
10,33,0.14462,0.30303,22; 10; 71; 34; 48; 17; 33; 83; 40; 82
20,66,0.11282,0.30303,65; 20; 5; 19; 60; 17; 66; 56; 7; 75
70,81,0.08287,0.8642,85; 70; 13; 59; 38; 66; 81; 77; 36; 50
17,46,0.13361,0.36957,45; 17; 40; 81; 20; 68; 46; 50; 8; 56
23,40,0.13654,0.575,41; 23; 49; 24; 45; 84; 40; 38; 50; 20
18,71,0.1068,0.25352,65; 18; 17; 20; 43; 75; 71; 69; 43; 44
18,72,0.10165,0.25,32; 18; 66; 27; 60; 56; 72; 48; 61; 9
21,74,0.10165,0.28378,46; 21; 9; 56; 23; 72; 74; 28; 11; 49
9,16,0.13727,0.5625,68; 9; 76; 13; 38; 68; 16; 70; 61; 14
21,85,0.08964,0.24706,75; 21; 50; 21; 74; 82; 85; 41; 63; 68
12,51,0.14097,0.23529,11; 12; 32; 75; 14; 9; 51; 18; 70; 82
39,85,0.0965,0.45882,78; 39; 50; 32; 53; 51; 85; 61; 46; 67
5,15,0.09877,0.33333,46; 5; 30; 75; 52; 84; 15; 14; 21; 52
21,71,0.10994,0.29577,51; 21; 28; 46; 11; 22; 71; 10; 80; 13
19,55,0.13015,0.34545,64; 19; 30; 18; 58; 7; 55; 70; 7; 47
26,74,0.09799,0.35135,10; 26; 26; 82; 9; 69; 74; 60; 38; 34
41,49,0.13263,0.83673,25; 41; 54; 35; 18; 78; 49; 31; 84; 84
27,59,0.12724,0.45763,50; 27; 81; 54; 36; 12; 59; 51; 64; 30
50,63,0.11725,0.79365,38; 50; 23; 23; 13; 82; 63; 25; 8; 29
19,39,0.13516,0.48718,20; 19; 27; 68; 40; 14; 39; 65; 30; 21
12,40,0.13217,0.3,21; 12; 26; 54; 39; 70; 40; 10; 64; 39
19,65,0.11372,0.29231,24; 19; 34; 37; 49; 52; 65; 61; 18; 31
55,69,0.0996,0.7971,35; 55; 60; 29; 57; 15; 69; 69; 77; 9
43,54,0.12714,0.7963,68; 43; 25; 81; 68; 53; 54; 75; 20; 39
41,49,0.1381,0.83673,48; 41; 58; 35; 44; 9; 49; 56; 75; 70
12,14,0.13353,0.85714,10; 12; 50; 82; 25; 27; 14; 45; 27; 19
7,23,0.12109,0.30435,5; 7; 53; 14; 59; 76; 23; 79; 84; 80
13,55,0.12736,0.23636,15; 13; 68; 51; 14; 62; 55; 76; 71; 8
25,68,0.10688,0.36765,83; 25; 73; 67; 55; 64; 68; 27; 8; 5
56,71,0.09675,0.78873,69; 56; 38; 60; 8; 9; 71; 83; 56; 81
43,51,0.13495,0.84314,15; 43; 64; 34; 82; 14; 51; 36; 39; 21
39,69,0.10819,0.56522,69; 39; 63; 74; 33; 25; 69; 45; 19; 60
46,81,0.10278,0.5679,84; 46; 30; 46; 60; 38; 81; 26; 28; 8
23,28,0.13297,0.82143,7; 23; 28; 12; 32; 17; 28; 25; 60; 47
16,53,0.12997,0.30189,79; 16; 43; 71; 52; 48; 53; 61; 7; 61
5,21,0.09872,0.2381,62; 5; 58; 22; 48; 47; 21; 69; 44; 84
39,85,0.08393,0.45882,60; 39; 30; 27; 13; 49; 85; 28; 16; 80
24,65,0.11343,0.36923,51; 24; 75; 27; 49; 83; 65; 70; 15; 26
47,56,0.12336,0.83929,55; 47; 17; 63; 75; 23; 56; 77; 68; 80
23,29,0.12878,0.7931,18; 23; 64; 47; 22; 75; 29; 76; 60; 22
22,59,0.12025,0.37288,18; 22; 19; 29; 44; 6; 59; 71; 24; 68
22,77,0.09169,0.28571,66; 22; 42; 69; 31; 19; 77; 44; 23; 83
59,72,0.09128,0.81944,67; 59; 45; 61; 7; 40; 72; 41; 31; 39
18,37,0.12817,0.48649,50; 18; 22; 43; 71; 74; 37; 36; 33; 28
17,48,0.1326,0.35417,49; 17; 63; 78; 80; 74; 48; 21; 10; 50
13,46,0.13795,0.28261,61; 13; 12; 56; 47; 36; 46; 58; 39; 49
41,73,0.10251,0.56164,10; 41; 36; 75; 13; 25; 73; 51; 59; 78
30,81,0.09644,0.37037,14; 30; 47; 13; 10; 47; 81; 60; 37; 35
18,73,0.097,0.24658,66; 18; 29; 27; 53; 72; 73; 21; 29; 30
17,72,0.10269,0.23611,63; 17; 10; 46; 59; 84; 72; 23; 41; 37
38,78,0.10208,0.48718,28; 38; 8; 40; 29; 11; 78; 13; 30; 72
68,83,0.07728,0.81928,22; 68; 82; 41; 45; 57; 83; 25; 58; 61
70,81,0.07897,0.8642,83; 70; 8; 54; 75; 42; 81; 33; 67; 34
18,63,0.11458,0.28571,10; 18; 73; 22; 38; 58; 63; 65; 76; 6
25,54,0.13034,0.46296,70; 25; 52; 42; 32; 57; 54; 38; 22; 66
38,83,0.08991,0.45783,16; 38; 36; 34; 15; 51; 83; 31; 43; 54
31,63,0.11345,0.49206,23; 31; 62; 13; 55; 78; 63; 57; 70; 22
20,79,0.09292,0.25316,21; 20; 57; 29; 68; 60; 79; 29; 26; 12
28,50,0.13044,0.56,46; 28; 19; 8; 11; 15; 50; 76; 24; 58
13,39,0.13392,0.33333,74; 13; 37; 40; 53; 44; 39; 6; 66; 50
52,62,0.11024,0.83871,21; 52; 83; 35; 65; 20; 62; 39; 22; 16
60,75,0.08757,0.8,27; 60; 38; 14; 38; 48; 75; 72; 47; 70
15,51,0.13568,0.29412,5; 15; 27; 74; 61; 83; 51; 7; 76; 51
24,73,0.10581,0.32877,74; 24; 44; 23; 8; 64; 73; 6; 67; 7
57,72,0.08923,0.79167,49; 57; 77; 67; 34; 61; 72; 47; 21; 24
31,54,0.1312,0.57407,27; 31; 80; 15; 10; 23; 54; 26; 60; 48
25,72,0.10444,0.34722,16; 25; 20; 60; 24; 63; 72; 6; 76; 78
14,25,0.13832,0.56,72; 14; 78; 70; 31; 48; 25; 62; 42; 70
19,80,0.09387,0.2375,51; 19; 17; 66; 10; 29; 80; 34; 50; 60
33,67,0.10616,0.49254,61; 33; 5; 19; 5; 36; 67; 82; 62; 5
18,60,0.11344,0.3,16; 18; 74; 38; 65; 38; 60; 43; 10; 43
25,78,0.107,0.32051,34; 25; 84; 39; 7; 55; 78; 79; 21; 74
49,60,0.11797,0.81667,77; 49; 75; 11; 13; 23; 60; 14; 64; 40
18,63,0.1182,0.28571,34; 18; 27; 50; 81; 47; 63; 50; 16; 55
30,82,0.10328,0.36585,69; 30; 76; 57; 51; 34; 82; 9; 82; 80
37,80,0.09776,0.4625,66; 37; 21; 20; 54; 22; 80; 31; 65; 11
7,22,0.12836,0.31818,7; 7; 36; 5; 20; 81; 22; 11; 41; 50
36,63,0.11572,0.57143,14; 36; 80; 64; 47; 54; 63; 47; 21; 85
49,62,0.11182,0.79032,85; 49; 64; 83; 7; 26; 62; 5; 58; 66
63,79,0.08715,0.79747,8; 63; 84; 63; 65; 26; 79; 66; 32; 77
6,19,0.11357,0.31579,9; 6; 60; 29; 20; 75; 19; 71; 6; 68
30,81,0.09974,0.37037,56; 30; 58; 35; 44; 68; 81; 38; 8; 44
28,34,0.13197,0.82353,80; 28; 53; 16; 11; 64; 34; 31; 22; 49
42,75,0.10213,0.56,81; 42; 7; 56; 14; 53; 75; 73; 75; 39
14,47,0.13879,0.29787,42; 14; 31; 33; 8; 50; 47; 45; 61; 32
24,75,0.09782,0.32,30; 24; 59; 63; 49; 64; 75; 30; 53; 36
8,33,0.12906,0.24242,49; 8; 42; 66; 60; 9; 33; 43; 26; 73
13,52,0.13638,0.25,49; 13; 83; 7; 14; 39; 52; 69; 37; 60
6,18,0.11659,0.33333,70; 6; 55; 80; 51; 32; 18; 9; 51; 20
30,82,0.09828,0.36585,33; 30; 82; 80; 37; 82; 82; 41; 54; 44
67,78,0.08368,0.85897,79; 67; 33; 53; 41; 50; 78; 68; 55; 43
12,36,0.14328,0.33333,43; 12; 36; 83; 85; 21; 36; 46; 23; 11
62,78,0.08766,0.79487,51; 62; 49; 12; 39; 12; 78; 8; 16; 22
16,55,0.12847,0.29091,32; 16; 25; 42; 12; 5; 55; 45; 85; 72
16,68,0.10817,0.23529,41; 16; 38; 85; 85; 83; 68; 46; 37; 32
23,65,0.1147,0.35385,9; 23; 71; 36; 84; 46; 65; 52; 46; 80
14,28,0.1289,0.5,33; 14; 44; 30; 75; 39; 28; 15; 84; 69
24,48,0.12733,0.5,67; 24; 19; 43; 16; 74; 48; 78; 65; 77
70,85,0.07603,0.82353,34; 70; 38; 74; 70; 18; 85; 57; 36; 38
61,77,0.08871,0.79221,56; 61; 28; 28; 40; 53; 77; 50; 82; 64
41,49,0.1404,0.83673,27; 41; 58; 77; 13; 41; 49; 47; 11; 44
10,41,0.13756,0.2439,50; 10; 78; 22; 42; 48; 41; 83; 71; 13
61,76,0.09559,0.80263,83; 61; 67; 36; 42; 25; 76; 29; 32; 56
20,36,0.14178,0.55556,61; 20; 68; 76; 13; 19; 36; 77; 64; 42
36,44,0.13391,0.81818,41; 36; 76; 37; 30; 38; 44; 51; 66; 72
29,78,0.09898,0.37179,53; 29; 31; 81; 20; 84; 78; 5; 22; 13
17,30,0.12373,0.56667,59; 17; 31; 44; 9; 45; 30; 7; 44; 30
23,78,0.09283,0.29487,55; 23; 77; 35; 47; 85; 78; 62; 57; 52
18,57,0.12293,0.31579,27; 18; 62; 26; 55; 81; 57; 42; 14; 27
17,59,0.12249,0.28814,17; 17; 44; 33; 27; 30; 59; 40; 78; 58
20,81,0.10041,0.24691,61; 20; 11; 68; 80; 44; 81; 83; 8; 60
20,84,0.08712,0.2381,79; 20; 19; 6; 30; 37; 84; 5; 16; 69
58,69,0.09618,0.84058,57; 58; 62; 32; 74; 20; 69; 66; 9; 30
22,28,0.13654,0.78571,43; 22; 54; 52; 46; 85; 28; 82; 59; 63
18,60,0.11407,0.3,5; 18; 26; 82; 12; 37; 60; 61; 64; 28
25,79,0.0883,0.31646,45; 25; 65; 68; 25; 81; 79; 36; 15; 66
28,49,0.12611,0.57143,28; 28; 48; 27; 26; 23; 49; 10; 51; 78
35,44,0.1379,0.79545,12; 35; 59; 56; 17; 70; 44; 79; 83; 56
18,71,0.10556,0.25352,32; 18; 27; 38; 18; 28; 71; 35; 56; 81
70,83,0.07655,0.84337,78; 70; 35; 31; 82; 35; 83; 63; 46; 16
37,45,0.13243,0.82222,58; 37; 54; 56; 35; 47; 45; 61; 12; 24
18,61,0.1142,0.29508,47; 18; 80; 41; 28; 6; 61; 48; 29; 20
65,79,0.07991,0.82278,5; 65; 84; 14; 77; 43; 79; 39; 37; 26
16,43,0.13683,0.37209,60; 16; 75; 38; 14; 30; 43; 22; 17; 57
30,82,0.09791,0.36585,8; 30; 56; 24; 40; 77; 82; 47; 76; 22
55,64,0.11025,0.85938,21; 55; 62; 82; 61; 10; 64; 5; 37; 77
48,61,0.11873,0.78689,51; 48; 29; 48; 23; 82; 61; 83; 29; 79
22,74,0.10059,0.2973,31; 22; 17; 14; 23; 34; 74; 26; 46; 77
65,82,0.07999,0.79268,5; 65; 42; 75; 81; 13; 82; 79; 70; 33
26,82,0.09566,0.31707,26; 26; 43; 39; 37; 8; 82; 55; 14; 85
19,22,0.12815,0.86364,51; 19; 41; 20; 43; 28; 22; 10; 18; 82
23,71,0.10272,0.32394,50; 23; 78; 50; 35; 23; 71; 55; 68; 38
23,66,0.11158,0.34848,79; 23; 10; 42; 22; 32; 66; 54; 15; 40
30,61,0.12347,0.4918,58; 30; 75; 68; 25; 14; 61; 48; 49; 16
26,78,0.09473,0.33333,26; 26; 77; 15; 31; 56; 78; 47; 57; 32
7,23,0.12979,0.30435,65; 7; 78; 22; 28; 17; 23; 38; 28; 75
20,35,0.13104,0.57143,84; 20; 71; 44; 43; 78; 35; 68; 10; 6
22,59,0.11217,0.37288,43; 22; 26; 60; 21; 23; 59; 20; 76; 78
24,68,0.1088,0.35294,17; 24; 84; 44; 53; 32; 68; 37; 12; 58
41,84,0.10175,0.4881,12; 41; 45; 14; 51; 52; 84; 41; 84; 59
18,54,0.12448,0.33333,80; 18; 44; 52; 53; 26; 54; 44; 62; 19
36,42,0.13908,0.85714,62; 36; 72; 45; 15; 51; 42; 34; 15; 20
64,74,0.08908,0.86486,28; 64; 78; 69; 76; 19; 74; 61; 30; 19
35,71,0.10046,0.49296,5; 35; 26; 31; 27; 21; 71; 9; 38; 38
32,37,0.13525,0.86486,48; 32; 7; 66; 28; 11; 37; 7; 7; 28
23,72,0.10182,0.31944,68; 23; 41; 85; 78; 83; 72; 53; 7; 19
50,63,0.11464,0.79365,61; 50; 18; 60; 16; 22; 63; 52; 17; 58
28,56,0.1214,0.5,85; 28; 81; 59; 75; 47; 56; 8; 14; 15
35,72,0.10824,0.48611,59; 35; 38; 57; 10; 62; 72; 48; 75; 82
11,34,0.14099,0.32353,17; 11; 26; 85; 71; 14; 34; 39; 20; 7
22,77,0.09758,0.28571,5; 22; 81; 79; 61; 30; 77; 43; 42; 69
38,77,0.10277,0.49351,21; 38; 78; 60; 57; 42; 77; 81; 64; 85
7,23,0.12738,0.30435,52; 7; 40; 37; 52; 50; 23; 47; 82; 24
40,82,0.10016,0.4878,52; 40; 72; 8; 11; 13; 82; 32; 56; 42
16,58,0.12619,0.27586,82; 16; 7; 7; 75; 69; 58; 10; 77; 75
12,37,0.14196,0.32432,8; 12; 42; 14; 20; 80; 37; 18; 31; 36
23,63,0.11547,0.36508,44; 23; 73; 52; 74; 5; 63; 62; 56; 11
16,32,0.1415,0.5,44; 16; 13; 18; 80; 53; 32; 52; 33; 27
48,57,0.12577,0.84211,24; 48; 22; 81; 65; 5; 57; 30; 78; 27
68,83,0.07899,0.81928,37; 68; 7; 21; 47; 53; 83; 36; 73; 51
18,55,0.12248,0.32727,26; 18; 15; 53; 45; 29; 55; 54; 51; 72
9,11,0.14345,0.81818,61; 9; 32; 73; 21; 80; 11; 11; 35; 38
40,71,0.11128,0.56338,57; 40; 74; 50; 25; 41; 71; 37; 65; 63
10,31,0.13989,0.32258,24; 10; 6; 46; 25; 72; 31; 62; 13; 34
64,81,0.07787,0.79012,56; 64; 31; 69; 7; 12; 81; 42; 65; 30
45,57,0.13511,0.78947,22; 45; 18; 44; 10; 56; 57; 33; 81; 9
32,40,0.13264,0.8,69; 32; 66; 17; 85; 12; 40; 77; 82; 48
13,26,0.13361,0.5,15; 13; 23; 48; 8; 28; 26; 55; 84; 51
16,53,0.12364,0.30189,56; 16; 30; 8; 71; 55; 53; 52; 80; 69
18,64,0.11252,0.28125,16; 18; 52; 16; 16; 41; 64; 52; 51; 55
18,51,0.13336,0.35294,59; 18; 14; 12; 6; 33; 51; 45; 9; 36
54,64,0.1135,0.84375,76; 54; 72; 16; 10; 78; 64; 24; 35; 17
20,68,0.11029,0.29412,20; 20; 78; 67; 48; 69; 68; 21; 41; 68
13,35,0.13243,0.37143,81; 13; 62; 11; 9; 75; 35; 12; 13; 77
15,54,0.12694,0.27778,12; 15; 20; 23; 63; 33; 54; 75; 16; 54
50,61,0.11225,0.81967,45; 50; 42; 72; 21; 13; 61; 80; 70; 17
44,55,0.12429,0.8,74; 44; 71; 62; 66; 8; 55; 59; 70; 55
21,84,0.0918,0.25,31; 21; 79; 57; 57; 9; 84; 67; 66; 79
36,73,0.10425,0.49315,28; 36; 51; 85; 78; 82; 73; 40; 38; 78
24,80,0.09702,0.3,73; 24; 30; 42; 57; 17; 80; 47; 77; 47
42,75,0.10185,0.56,84; 42; 65; 56; 41; 56; 75; 39; 75; 20
23,82,0.09476,0.28049,72; 23; 57; 82; 41; 11; 82; 70; 20; 30
14,48,0.13201,0.29167,79; 14; 74; 58; 83; 48; 48; 69; 46; 15
36,43,0.14049,0.83721,25; 36; 23; 46; 60; 74; 43; 63; 64; 11
17,67,0.11124,0.25373,45; 17; 22; 17; 77; 48; 67; 56; 7; 80
21,71,0.0998,0.29577,75; 21; 61; 10; 10; 34; 71; 74; 68; 34
13,47,0.12856,0.2766,36; 13; 49; 78; 71; 10; 47; 42; 30; 33
36,79,0.0918,0.4557,69; 36; 83; 76; 80; 80; 79; 36; 52; 71
18,55,0.12129,0.32727,63; 18; 58; 58; 37; 64; 55; 19; 17; 17
17,67,0.11352,0.25373,8; 17; 8; 74; 27; 81; 67; 14; 26; 63
11,46,0.13845,0.23913,77; 11; 41; 19; 64; 21; 46; 16; 17; 79
17,53,0.12606,0.32075,20; 17; 11; 20; 18; 75; 53; 26; 71; 22
9,18,0.14077,0.5,6; 9; 38; 44; 29; 75; 18; 58; 28; 85
41,83,0.08966,0.49398,66; 41; 30; 9; 24; 25; 83; 66; 44; 21
70,81,0.07553,0.8642,34; 70; 48; 69; 60; 18; 81; 26; 76; 35
28,85,0.0926,0.32941,20; 28; 71; 15; 30; 26; 85; 45; 80; 21
35,63,0.11775,0.55556,33; 35; 7; 20; 39; 73; 63; 73; 35; 8
21,71,0.11047,0.29577,9; 21; 6; 77; 30; 14; 71; 27; 75; 33
20,79,0.09077,0.25316,76; 20; 79; 50; 61; 54; 79; 27; 68; 61
62,72,0.09485,0.86111,13; 62; 6; 55; 38; 76; 72; 75; 13; 55
23,81,0.09551,0.28395,45; 23; 53; 41; 28; 68; 81; 9; 59; 41
65,79,0.07862,0.82278,39; 65; 65; 56; 53; 46; 79; 28; 62; 77
12,50,0.13408,0.24,54; 12; 16; 17; 42; 44; 50; 66; 62; 10
35,70,0.11131,0.5,38; 35; 38; 63; 62; 37; 70; 59; 71; 11
10,33,0.13223,0.30303,63; 10; 53; 67; 57; 65; 33; 64; 5; 18
15,59,0.1187,0.25424,64; 15; 38; 19; 47; 18; 59; 43; 36; 35
51,59,0.11196,0.86441,68; 51; 55; 76; 78; 12; 59; 27; 41; 65
23,41,0.13793,0.56098,50; 23; 42; 16; 65; 53; 41; 78; 37; 76
36,74,0.10793,0.48649,82; 36; 28; 69; 41; 43; 74; 63; 28; 63
21,72,0.10742,0.29167,85; 21; 14; 31; 63; 58; 72; 31; 66; 70
14,48,0.12825,0.29167,15; 14; 18; 16; 39; 40; 48; 81; 8; 34
48,60,0.11414,0.8,54; 48; 56; 23; 57; 58; 60; 80; 49; 39
15,61,0.12103,0.2459,73; 15; 27; 26; 26; 58; 61; 65; 52; 81
13,53,0.13259,0.24528,36; 13; 57; 46; 82; 69; 53; 84; 18; 36
23,41,0.14154,0.56098,75; 23; 12; 82; 32; 72; 41; 8; 64; 14
19,57,0.12212,0.33333,19; 19; 85; 39; 67; 59; 57; 15; 49; 48
31,63,0.12386,0.49206,30; 31; 40; 35; 72; 40; 63; 16; 18; 29
58,73,0.09372,0.79452,69; 58; 65; 26; 18; 44; 73; 83; 46; 15
26,53,0.12613,0.49057,13; 26; 67; 6; 48; 40; 53; 60; 60; 29
14,47,0.13529,0.29787,19; 14; 50; 49; 18; 47; 47; 65; 55; 73
27,82,0.09406,0.32927,32; 27; 58; 45; 56; 29; 82; 12; 45; 68
58,71,0.09241,0.8169,16; 58; 47; 70; 82; 25; 71; 47; 70; 9
50,63,0.11965,0.79365,36; 50; 66; 51; 8; 71; 63; 60; 26; 9
55,70,0.10142,0.78571,33; 55; 58; 43; 27; 17; 70; 54; 27; 81
30,61,0.12137,0.4918,41; 30; 43; 84; 69; 9; 61; 25; 60; 59
38,82,0.09016,0.46341,32; 38; 82; 82; 59; 39; 82; 82; 42; 60
18,49,0.12316,0.36735,70; 18; 42; 52; 53; 12; 49; 26; 10; 44
50,63,0.11646,0.79365,22; 50; 48; 11; 38; 69; 63; 81; 67; 5
36,79,0.09214,0.4557,69; 36; 64; 76; 12; 56; 79; 67; 33; 74
6,13,0.1165,0.46154,38; 6; 68; 19; 33; 34; 13; 7; 52; 67
30,85,0.10084,0.35294,64; 30; 54; 37; 15; 28; 85; 8; 30; 61
37,76,0.11154,0.48684,23; 37; 72; 14; 37; 64; 76; 10; 44; 13
9,18,0.14704,0.5,28; 9; 27; 81; 57; 74; 18; 32; 70; 80
67,85,0.07839,0.78824,34; 67; 23; 49; 52; 14; 85; 39; 40; 11
27,48,0.13165,0.5625,52; 27; 34; 62; 30; 29; 48; 33; 69; 85
8,10,0.13594,0.8,10; 8; 81; 34; 20; 41; 10; 85; 5; 34
13,35,0.13426,0.37143,77; 13; 40; 59; 84; 31; 35; 57; 5; 6
37,45,0.13297,0.82222,19; 37; 39; 51; 5; 40; 45; 57; 65; 28
25,79,0.10824,0.31646,69; 25; 81; 39; 20; 19; 79; 47; 5; 37
13,40,0.13682,0.325,20; 13; 83; 51; 6; 5; 40; 25; 66; 37
60,70,0.09987,0.85714,22; 60; 26; 75; 13; 84; 70; 71; 40; 72
47,57,0.12429,0.82456,55; 47; 80; 9; 15; 84; 57; 27; 85; 57
26,70,0.10805,0.37143,64; 26; 57; 27; 45; 63; 70; 8; 40; 27
15,47,0.13204,0.31915,25; 15; 14; 24; 26; 57; 47; 49; 15; 84
23,83,0.09824,0.27711,56; 23; 39; 42; 45; 20; 83; 55; 47; 57
20,83,0.09109,0.24096,22; 20; 77; 11; 62; 78; 83; 50; 33; 27
40,71,0.11457,0.56338,76; 40; 25; 39; 41; 18; 71; 25; 37; 69
9,26,0.14251,0.34615,66; 9; 39; 13; 43; 44; 26; 16; 47; 71
29,52,0.1245,0.55769,52; 29; 5; 71; 59; 83; 52; 7; 49; 54
22,69,0.09946,0.31884,47; 22; 15; 60; 81; 76; 69; 79; 68; 25
46,82,0.10362,0.56098,37; 46; 77; 18; 8; 51; 82; 55; 55; 72
28,56,0.12827,0.5,78; 28; 51; 23; 77; 85; 56; 48; 8; 21
60,70,0.08742,0.85714,72; 60; 84; 40; 77; 21; 70; 6; 68; 37
35,71,0.11463,0.49296,62; 35; 12; 74; 25; 61; 71; 50; 33; 40
37,80,0.09992,0.4625,83; 37; 47; 51; 55; 26; 80; 15; 62; 61
59,75,0.09027,0.78667,81; 59; 51; 61; 35; 62; 75; 37; 10; 77
19,51,0.12864,0.37255,41; 19; 66; 62; 58; 83; 51; 60; 17; 57
17,59,0.11921,0.28814,70; 17; 54; 63; 70; 8; 59; 81; 40; 15
6,7,0.10501,0.85714,11; 6; 84; 53; 67; 35; 7; 69; 21; 15
28,76,0.09529,0.36842,85; 28; 84; 80; 28; 68; 76; 34; 53; 42
31,38,0.13301,0.81579,37; 31; 60; 25; 83; 38; 38; 54; 22; 36
17,46,0.13454,0.36957,68; 17; 74; 17; 72; 60; 46; 10; 14; 74
37,44,0.14184,0.84091,69; 37; 49; 79; 35; 8; 44; 74; 31; 43
28,49,0.12399,0.57143,6; 28; 26; 35; 26; 49; 49; 13; 83; 76
22,60,0.10934,0.36667,29; 22; 72; 80; 66; 25; 60; 23; 54; 19
25,29,0.13088,0.86207,53; 25; 20; 74; 38; 82; 29; 25; 31; 83
40,72,0.11305,0.55556,76; 40; 67; 58; 9; 84; 72; 67; 19; 8
46,58,0.12059,0.7931,14; 46; 74; 16; 66; 23; 58; 79; 12; 23
53,65,0.1059,0.81538,38; 53; 40; 22; 69; 71; 65; 50; 26; 27
37,47,0.13827,0.78723,36; 37; 63; 60; 40; 67; 47; 74; 40; 35
38,68,0.11108,0.55882,69; 38; 33; 84; 23; 64; 68; 59; 79; 65
17,35,0.13589,0.48571,45; 17; 11; 70; 11; 23; 35; 21; 48; 84
67,85,0.07877,0.78824,56; 67; 24; 48; 5; 22; 85; 60; 32; 40
72,84,0.07554,0.85714,76; 72; 26; 24; 16; 76; 84; 24; 17; 44
38,67,0.09489,0.56716,8; 38; 14; 49; 73; 45; 67; 19; 40; 72
51,61,0.11786,0.83607,17; 51; 24; 67; 52; 7; 61; 25; 5; 7
48,85,0.09257,0.56471,76; 48; 76; 30; 74; 74; 85; 37; 50; 84
61,73,0.08963,0.83562,52; 61; 18; 34; 73; 68; 73; 45; 22; 40
48,57,0.12351,0.84211,57; 48; 83; 34; 19; 53; 57; 38; 52; 56
16,63,0.11906,0.25397,14; 16; 61; 65; 11; 56; 63; 70; 69; 25
28,80,0.10263,0.35,9; 28; 84; 65; 55; 84; 80; 49; 56; 85
63,80,0.08431,0.7875,78; 63; 58; 42; 64; 58; 80; 63; 47; 52
13,28,0.14007,0.46429,16; 13; 30; 9; 84; 77; 28; 7; 43; 28
45,79,0.10787,0.56962,73; 45; 48; 34; 25; 13; 79; 56; 39; 78
29,52,0.13612,0.55769,20; 29; 77; 75; 66; 51; 52; 64; 32; 70
10,30,0.13836,0.33333,10; 10; 57; 11; 54; 46; 30; 50; 30; 58
12,41,0.13567,0.29268,61; 12; 35; 65; 26; 40; 41; 40; 17; 5
17,67,0.11101,0.25373,57; 17; 47; 40; 57; 44; 67; 63; 59; 66
13,40,0.13784,0.325,50; 13; 65; 76; 25; 73; 40; 69; 29; 43
48,61,0.11471,0.78689,18; 48; 19; 40; 47; 67; 61; 64; 79; 24
67,85,0.07738,0.78824,25; 67; 13; 69; 82; 9; 85; 61; 43; 76
25,51,0.12662,0.4902,26; 25; 22; 27; 56; 71; 51; 8; 75; 59
44,51,0.12725,0.86275,61; 44; 15; 19; 46; 18; 51; 36; 42; 28
12,38,0.14422,0.31579,13; 12; 31; 84; 81; 73; 38; 83; 36; 8
7,22,0.119,0.31818,38; 7; 51; 83; 22; 58; 22; 47; 12; 21
20,40,0.14058,0.5,84; 20; 23; 67; 48; 52; 40; 9; 52; 64
29,51,0.12822,0.56863,34; 29; 6; 57; 20; 68; 51; 75; 36; 55
50,63,0.11463,0.79365,50; 50; 73; 37; 54; 24; 63; 35; 30; 54
46,56,0.12526,0.82143,45; 46; 67; 85; 22; 48; 56; 30; 46; 58
53,67,0.11217,0.79104,35; 53; 26; 46; 21; 52; 67; 24; 80; 69
19,68,0.11273,0.27941,17; 19; 32; 13; 82; 52; 68; 74; 45; 15
25,50,0.12859,0.5,27; 25; 23; 30; 44; 44; 50; 83; 15; 5
66,83,0.07794,0.79518,25; 66; 72; 30; 17; 79; 83; 65; 7; 17
24,82,0.09073,0.29268,50; 24; 33; 81; 70; 69; 82; 71; 56; 46
53,63,0.11125,0.84127,65; 53; 84; 49; 10; 61; 63; 12; 45; 82
27,48,0.13553,0.5625,44; 27; 23; 57; 22; 70; 48; 63; 25; 33
43,54,0.1313,0.7963,25; 43; 84; 14; 81; 60; 54; 19; 68; 75
26,74,0.10044,0.35135,40; 26; 56; 78; 79; 46; 74; 37; 38; 19
13,47,0.13919,0.2766,69; 13; 30; 26; 80; 84; 47; 44; 85; 30
15,50,0.12743,0.3,65; 15; 25; 59; 13; 10; 50; 29; 52; 15
9,27,0.14375,0.33333,32; 9; 6; 77; 76; 45; 27; 30; 65; 42
25,79,0.10006,0.31646,22; 25; 85; 59; 52; 34; 79; 62; 19; 33
18,54,0.12073,0.33333,7; 18; 32; 84; 28; 64; 54; 56; 40; 59
47,59,0.12053,0.79661,40; 47; 34; 55; 63; 13; 59; 56; 13; 77
25,29,0.13638,0.86207,61; 25; 8; 30; 26; 53; 29; 52; 54; 39
11,31,0.13488,0.35484,24; 11; 19; 50; 18; 40; 31; 6; 84; 34
23,29,0.13809,0.7931,6; 23; 17; 34; 39; 83; 29; 51; 36; 55
54,68,0.10502,0.79412,39; 54; 45; 70; 50; 69; 68; 21; 28; 51
16,35,0.12673,0.45714,10; 16; 69; 10; 28; 30; 35; 28; 68; 23
37,80,0.10274,0.4625,21; 37; 71; 60; 51; 65; 80; 70; 74; 71
71,85,0.07457,0.83529,69; 71; 59; 10; 46; 62; 85; 39; 24; 9
18,76,0.0993,0.23684,82; 18; 26; 17; 50; 72; 76; 6; 43; 48
60,73,0.09524,0.82192,26; 60; 28; 41; 10; 42; 73; 21; 19; 48
49,60,0.1137,0.81667,82; 49; 40; 54; 64; 17; 60; 68; 59; 18
73,85,0.07475,0.85882,26; 73; 6; 25; 16; 31; 85; 37; 22; 31
18,39,0.13418,0.46154,24; 18; 34; 56; 28; 22; 39; 10; 64; 42
66,82,0.0804,0.80488,51; 66; 52; 27; 22; 52; 82; 69; 71; 60
38,76,0.09762,0.5,72; 38; 17; 21; 61; 77; 76; 53; 25; 35
20,63,0.11212,0.31746,73; 20; 20; 22; 15; 30; 63; 66; 80; 12
24,30,0.12964,0.8,22; 24; 56; 26; 23; 73; 30; 45; 51; 26
66,84,0.07851,0.78571,12; 66; 83; 59; 56; 25; 84; 19; 59; 10
41,51,0.13554,0.80392,78; 41; 35; 84; 75; 63; 51; 53; 68; 5
20,84,0.09298,0.2381,20; 20; 36; 62; 73; 15; 84; 49; 16; 82
31,38,0.1338,0.81579,31; 31; 32; 22; 7; 9; 38; 38; 55; 72
23,83,0.08696,0.27711,49; 23; 73; 52; 19; 27; 83; 8; 24; 28
11,22,0.13176,0.5,68; 11; 80; 50; 76; 17; 22; 17; 55; 22
9,36,0.13932,0.25,10; 9; 36; 38; 78; 66; 36; 82; 34; 59
36,72,0.1071,0.5,15; 36; 48; 73; 25; 65; 72; 76; 24; 52
30,61,0.11239,0.4918,38; 30; 73; 43; 12; 7; 61; 67; 82; 6
26,57,0.12289,0.45614,18; 26; 23; 7; 84; 44; 57; 69; 25; 21
44,55,0.13249,0.8,43; 44; 84; 83; 38; 54; 55; 77; 8; 72
72,84,0.07571,0.85714,62; 72; 39; 60; 29; 53; 84; 46; 62; 82
27,84,0.09039,0.32143,31; 27; 30; 45; 24; 18; 84; 31; 57; 70
36,63,0.11504,0.57143,38; 36; 21; 82; 5; 45; 63; 78; 84; 53
12,14,0.13267,0.85714,61; 12; 44; 33; 35; 14; 14; 8; 66; 15
9,26,0.13872,0.34615,34; 9; 39; 61; 14; 22; 26; 32; 62; 65
24,49,0.12811,0.4898,83; 24; 76; 18; 20; 18; 49; 48; 71; 26
23,62,0.11461,0.37097,19; 23; 56; 53; 52; 6; 62; 42; 56; 41
22,78,0.10847,0.28205,42; 22; 27; 43; 60; 22; 78; 16; 56; 60
32,40,0.14147,0.8,48; 32; 24; 33; 6; 41; 40; 46; 78; 68
42,53,0.129,0.79245,7; 42; 58; 49; 39; 77; 53; 60; 7; 79
8,24,0.1252,0.33333,64; 8; 7; 9; 17; 6; 24; 78; 77; 35
31,62,0.11824,0.5,57; 31; 78; 56; 32; 9; 62; 76; 29; 50
14,59,0.11851,0.23729,43; 14; 19; 26; 22; 73; 59; 78; 54; 5
44,78,0.09463,0.5641,30; 44; 85; 54; 54; 35; 78; 66; 84; 84
66,77,0.08452,0.85714,14; 66; 58; 61; 19; 70; 77; 17; 27; 54
18,36,0.12815,0.5,39; 18; 28; 63; 33; 77; 36; 76; 49; 44
16,55,0.12344,0.29091,60; 16; 77; 49; 26; 57; 55; 53; 68; 23
62,76,0.0911,0.81579,70; 62; 68; 18; 79; 77; 76; 8; 57; 56
9,11,0.14268,0.81818,24; 9; 14; 50; 28; 23; 11; 40; 74; 19
47,83,0.09582,0.56627,21; 47; 21; 44; 77; 16; 83; 6; 66; 64
20,61,0.1179,0.32787,56; 20; 20; 28; 63; 66; 61; 51; 70; 57
38,77,0.09971,0.49351,60; 38; 77; 68; 73; 73; 77; 43; 30; 60
59,69,0.0992,0.85507,65; 59; 38; 36; 10; 71; 69; 71; 21; 33
21,57,0.12279,0.36842,62; 21; 38; 32; 60; 51; 57; 31; 42; 79
23,70,0.11229,0.32857,48; 23; 72; 76; 71; 56; 70; 61; 59; 28
47,83,0.09053,0.56627,38; 47; 26; 69; 40; 72; 83; 79; 49; 83
11,14,0.13947,0.78571,21; 11; 49; 79; 54; 32; 14; 57; 29; 53
11,38,0.13831,0.28947,82; 11; 22; 49; 17; 8; 38; 57; 53; 57
37,46,0.13608,0.80435,7; 37; 11; 31; 32; 59; 46; 46; 59; 54
12,40,0.14361,0.3,60; 12; 76; 85; 11; 42; 40; 6; 15; 29
59,72,0.09005,0.81944,81; 59; 40; 52; 73; 52; 72; 60; 31; 47
18,74,0.10352,0.24324,29; 18; 60; 41; 71; 52; 74; 41; 57; 81
53,63,0.10932,0.84127,49; 53; 61; 30; 51; 64; 63; 70; 49; 20
19,55,0.11794,0.34545,34; 19; 15; 15; 27; 52; 55; 62; 46; 11
23,77,0.09877,0.2987,62; 23; 76; 16; 65; 41; 77; 54; 79; 41
24,49,0.12608,0.4898,24; 24; 70; 39; 24; 60; 49; 33; 82; 79
11,14,0.13571,0.78571,15; 11; 64; 27; 39; 49; 14; 45; 20; 57
44,79,0.10039,0.55696,55; 44; 40; 51; 76; 23; 79; 35; 28; 21
5,10,0.11148,0.5,21; 5; 57; 22; 85; 81; 10; 36; 53; 83
17,52,0.12695,0.32692,12; 17; 31; 40; 48; 82; 52; 47; 48; 39
25,67,0.11434,0.37313,39; 25; 45; 68; 21; 6; 67; 36; 27; 42
26,56,0.12294,0.46429,24; 26; 73; 48; 49; 80; 56; 57; 43; 62
26,71,0.10146,0.3662,72; 26; 20; 32; 81; 54; 71; 48; 8; 6
15,43,0.1363,0.34884,24; 15; 57; 19; 14; 62; 43; 69; 29; 41
15,61,0.11483,0.2459,31; 15; 68; 77; 9; 47; 61; 6; 46; 82
23,82,0.09974,0.28049,85; 23; 66; 7; 14; 83; 82; 50; 63; 73
17,49,0.12886,0.34694,61; 17; 69; 81; 30; 66; 49; 24; 44; 16
14,48,0.13828,0.29167,51; 14; 10; 17; 30; 27; 48; 54; 69; 53
45,81,0.09642,0.55556,71; 45; 61; 42; 51; 46; 81; 24; 10; 26
15,53,0.12794,0.28302,51; 15; 75; 81; 78; 24; 53; 67; 73; 13
40,81,0.09864,0.49383,25; 40; 7; 42; 19; 33; 81; 14; 40; 60
26,56,0.1315,0.46429,69; 26; 35; 38; 84; 26; 56; 45; 79; 47
32,64,0.11279,0.5,8; 32; 39; 41; 47; 62; 64; 53; 49; 41
19,64,0.10819,0.29688,17; 19; 25; 49; 44; 37; 64; 33; 5; 12
21,42,0.13747,0.5,76; 21; 32; 8; 61; 55; 42; 62; 84; 68
37,81,0.09725,0.45679,19; 37; 77; 31; 12; 30; 81; 73; 28; 53
15,47,0.13637,0.31915,50; 15; 20; 23; 14; 25; 47; 40; 28; 21
36,44,0.13798,0.81818,81; 36; 5; 38; 30; 35; 44; 50; 27; 75
18,57,0.1195,0.31579,77; 18; 19; 38; 17; 85; 57; 27; 69; 77
10,42,0.14331,0.2381,56; 10; 27; 30; 28; 75; 42; 46; 38; 23
22,73,0.10508,0.30137,61; 22; 27; 68; 41; 25; 73; 75; 41; 71
33,68,0.1076,0.48529,66; 33; 32; 55; 44; 12; 68; 57; 20; 70
56,70,0.09903,0.8,41; 56; 71; 39; 56; 56; 70; 23; 19; 60
26,53,0.12374,0.49057,8; 26; 38; 46; 26; 45; 53; 13; 21; 77
36,79,0.10167,0.4557,6; 36; 19; 5; 33; 17; 79; 72; 26; 17
36,79,0.09837,0.4557,84; 36; 73; 16; 81; 62; 79; 34; 43; 74
18,60,0.11755,0.3,22; 18; 29; 24; 36; 36; 60; 53; 41; 69
8,14,0.13046,0.57143,14; 8; 34; 22; 81; 62; 14; 12; 74; 8
10,27,0.13876,0.37037,44; 10; 17; 80; 20; 43; 27; 12; 26; 5
51,61,0.1146,0.83607,46; 51; 6; 20; 5; 20; 61; 52; 27; 74
66,84,0.07929,0.78571,83; 66; 70; 58; 13; 16; 84; 36; 25; 14
14,58,0.12047,0.24138,76; 14; 41; 28; 24; 66; 58; 50; 68; 70
22,76,0.10044,0.28947,25; 22; 19; 58; 83; 61; 76; 21; 26; 72
22,62,0.1147,0.35484,65; 22; 35; 7; 50; 21; 62; 79; 58; 78
8,32,0.13516,0.25,39; 8; 23; 41; 53; 81; 32; 44; 42; 21
21,46,0.13731,0.45652,37; 21; 31; 25; 18; 40; 46; 51; 76; 82
37,75,0.1091,0.49333,40; 37; 32; 37; 22; 56; 75; 30; 64; 20
17,67,0.10902,0.25373,34; 17; 32; 52; 60; 20; 67; 26; 10; 20
58,73,0.09663,0.79452,24; 58; 57; 47; 53; 30; 73; 26; 81; 32
23,79,0.1033,0.29114,63; 23; 70; 49; 24; 36; 79; 12; 44; 35
28,80,0.10189,0.35,82; 28; 46; 33; 28; 78; 80; 11; 14; 13
62,74,0.09381,0.83784,25; 62; 5; 67; 50; 73; 74; 61; 48; 27
36,79,0.09843,0.4557,64; 36; 10; 29; 23; 44; 79; 83; 59; 20
7,22,0.11925,0.31818,32; 7; 26; 58; 20; 23; 22; 77; 30; 42
41,83,0.09793,0.49398,39; 41; 54; 40; 18; 15; 83; 28; 25; 65
22,45,0.13101,0.48889,40; 22; 30; 48; 10; 81; 45; 36; 48; 8
31,37,0.13916,0.83784,25; 31; 74; 34; 13; 35; 37; 24; 77; 9
22,74,0.10112,0.2973,11; 22; 81; 55; 46; 19; 74; 11; 76; 28
20,66,0.11215,0.30303,47; 20; 34; 53; 25; 79; 66; 11; 52; 64
22,60,0.11733,0.36667,13; 22; 80; 75; 41; 78; 60; 19; 24; 9
33,59,0.12507,0.55932,52; 33; 19; 15; 61; 16; 59; 44; 52; 8
15,52,0.12336,0.28846,78; 15; 39; 83; 70; 77; 52; 75; 5; 67
63,77,0.08434,0.81818,41; 63; 34; 74; 24; 62; 77; 34; 21; 27
68,81,0.07969,0.83951,23; 68; 67; 7; 32; 10; 81; 29; 16; 44
19,57,0.12087,0.33333,69; 19; 13; 49; 16; 39; 57; 79; 12; 68
39,84,0.10025,0.46429,85; 39; 44; 48; 15; 47; 84; 65; 80; 15
20,69,0.10616,0.28986,18; 20; 75; 39; 45; 17; 69; 10; 33; 76
40,70,0.10997,0.57143,62; 40; 6; 84; 81; 72; 70; 24; 25; 44
67,82,0.07529,0.81707,6; 67; 30; 19; 41; 26; 82; 9; 35; 64
38,67,0.10615,0.56716,79; 38; 12; 53; 72; 57; 67; 27; 28; 10
68,83,0.07569,0.81928,41; 68; 64; 35; 54; 69; 83; 17; 85; 35
21,71,0.10396,0.29577,42; 21; 73; 51; 10; 68; 71; 72; 14; 45
11,30,0.14359,0.36667,33; 11; 57; 32; 36; 50; 30; 9; 69; 70
26,81,0.09229,0.32099,23; 26; 48; 70; 21; 11; 81; 57; 76; 49
13,52,0.13381,0.25,26; 13; 72; 42; 48; 57; 52; 6; 68; 67
59,70,0.0863,0.84286,47; 59; 85; 59; 45; 15; 70; 72; 72; 61
20,35,0.13238,0.57143,84; 20; 40; 46; 7; 30; 35; 7; 29; 14
56,68,0.10022,0.82353,77; 56; 6; 24; 34; 61; 68; 47; 56; 85
18,71,0.09919,0.25352,78; 18; 42; 60; 34; 25; 71; 82; 57; 52
70,83,0.07525,0.84337,16; 70; 41; 45; 43; 10; 83; 55; 41; 17
23,66,0.11281,0.34848,82; 23; 28; 25; 28; 48; 66; 44; 28; 54
37,47,0.13095,0.78723,70; 37; 65; 76; 82; 75; 47; 19; 37; 12
27,78,0.09552,0.34615,36; 27; 60; 26; 33; 27; 78; 23; 5; 13
48,85,0.08425,0.56471,62; 48; 72; 83; 14; 25; 85; 52; 62; 70
8,23,0.13362,0.34783,7; 8; 41; 82; 62; 50; 23; 59; 50; 73
61,77,0.09048,0.79221,76; 61; 55; 82; 61; 70; 77; 65; 16; 17
63,75,0.08934,0.84,71; 63; 84; 34; 28; 77; 75; 71; 58; 41
43,77,0.10389,0.55844,70; 43; 69; 46; 65; 5; 77; 63; 74; 37
22,69,0.1055,0.31884,5; 22; 63; 75; 51; 14; 69; 74; 68; 28
51,64,0.11112,0.79688,7; 51; 22; 58; 52; 82; 64; 54; 54; 36
29,78,0.10408,0.37179,16; 29; 47; 51; 45; 68; 78; 13; 85; 10
25,79,0.10226,0.31646,9; 25; 20; 57; 49; 10; 79; 54; 48; 80
28,84,0.09434,0.33333,28; 28; 30; 15; 70; 76; 84; 55; 47; 70
70,85,0.07423,0.82353,48; 70; 9; 49; 71; 52; 85; 85; 46; 28
11,22,0.13547,0.5,37; 11; 83; 54; 34; 63; 22; 85; 7; 83
19,79,0.10121,0.24051,6; 19; 58; 25; 42; 74; 79; 54; 77; 82
62,78,0.08792,0.79487,85; 62; 65; 37; 33; 22; 78; 40; 35; 56
67,82,0.07991,0.81707,83; 67; 19; 45; 37; 66; 82; 70; 76; 75
28,61,0.11357,0.45902,29; 28; 46; 32; 49; 74; 61; 84; 23; 28
16,28,0.12782,0.57143,6; 16; 69; 68; 77; 16; 28; 30; 24; 10
16,53,0.1304,0.30189,85; 16; 71; 56; 81; 25; 53; 73; 50; 73
42,74,0.11,0.56757,39; 42; 84; 66; 33; 65; 74; 16; 37; 26
12,34,0.13577,0.35294,75; 12; 22; 71; 28; 28; 34; 11; 32; 83
21,46,0.13005,0.45652,62; 21; 14; 28; 44; 72; 46; 32; 46; 62
19,41,0.13037,0.46341,5; 19; 49; 63; 17; 17; 41; 7; 54; 79
29,63,0.12349,0.46032,62; 29; 21; 70; 46; 53; 63; 12; 42; 20
44,56,0.13613,0.78571,33; 44; 23; 47; 32; 30; 56; 7; 55; 70
13,28,0.12918,0.46429,17; 13; 82; 48; 17; 74; 28; 12; 56; 14
33,59,0.11693,0.55932,75; 33; 22; 73; 47; 43; 59; 56; 21; 83
21,75,0.09871,0.28,42; 21; 83; 9; 74; 80; 75; 69; 60; 9
31,36,0.1325,0.86111,58; 31; 57; 15; 28; 79; 36; 10; 66; 75
32,40,0.14333,0.8,12; 32; 42; 39; 68; 65; 40; 22; 44; 9
21,65,0.11183,0.32308,73; 21; 6; 66; 9; 78; 65; 18; 76; 6
33,41,0.1365,0.80488,11; 33; 79; 38; 69; 69; 41; 19; 64; 13
66,79,0.08309,0.83544,37; 66; 62; 85; 34; 71; 79; 45; 43; 72
56,65,0.10555,0.86154,83; 56; 10; 11; 23; 22; 65; 23; 53; 41
28,79,0.10271,0.35443,67; 28; 81; 44; 7; 27; 79; 82; 54; 65
26,46,0.13712,0.56522,69; 26; 64; 50; 53; 77; 46; 78; 48; 73
66,83,0.08007,0.79518,29; 66; 62; 37; 41; 43; 83; 49; 51; 7
38,82,0.09353,0.46341,81; 38; 53; 68; 82; 22; 82; 6; 40; 24
53,63,0.11373,0.84127,34; 53; 41; 15; 27; 8; 63; 75; 11; 73
6,18,0.1119,0.33333,78; 6; 9; 51; 51; 19; 18; 14; 76; 75
39,68,0.11861,0.57353,60; 39; 71; 46; 24; 7; 68; 59; 8; 16
64,80,0.08257,0.8,37; 64; 30; 41; 15; 56; 80; 85; 33; 72
39,78,0.09902,0.5,68; 39; 20; 42; 51; 72; 78; 18; 8; 41
17,48,0.12548,0.35417,50; 17; 25; 46; 47; 69; 48; 71; 13; 47
41,83,0.09575,0.49398,77; 41; 42; 37; 49; 65; 83; 65; 79; 48
28,56,0.13142,0.5,62; 28; 78; 50; 62; 64; 56; 15; 63; 47
31,37,0.13574,0.83784,66; 31; 49; 27; 62; 66; 37; 38; 54; 83
31,83,0.09425,0.37349,85; 31; 50; 15; 62; 28; 83; 18; 38; 68
13,46,0.13641,0.28261,48; 13; 77; 61; 48; 39; 46; 28; 51; 58
27,59,0.11667,0.45763,20; 27; 66; 81; 64; 8; 59; 17; 61; 13
16,49,0.13036,0.32653,76; 16; 69; 22; 31; 48; 49; 27; 14; 18
30,60,0.12614,0.5,28; 30; 37; 19; 69; 19; 60; 32; 62; 35
20,83,0.09763,0.24096,20; 20; 24; 57; 65; 30; 83; 71; 7; 72
22,79,0.1066,0.27848,31; 22; 75; 85; 79; 28; 79; 80; 81; 18
15,19,0.13138,0.78947,45; 15; 54; 83; 27; 19; 19; 30; 70; 74
32,64,0.11799,0.5,25; 32; 28; 31; 19; 60; 64; 22; 51; 75
29,59,0.11686,0.49153,18; 29; 29; 40; 56; 71; 59; 24; 35; 24
15,63,0.11359,0.2381,23; 15; 56; 52; 85; 10; 63; 14; 35; 8
24,84,0.08834,0.28571,83; 24; 57; 5; 74; 63; 84; 34; 72; 55
13,28,0.13819,0.46429,17; 13; 47; 65; 65; 45; 28; 68; 78; 15
61,76,0.08453,0.80263,77; 61; 67; 23; 7; 31; 76; 17; 61; 75
26,80,0.09767,0.325,37; 26; 56; 28; 76; 55; 80; 47; 24; 70
14,47,0.13485,0.29787,35; 14; 69; 24; 22; 63; 47; 48; 50; 69
7,24,0.12211,0.29167,55; 7; 7; 15; 28; 66; 24; 21; 68; 48
17,35,0.13246,0.48571,49; 17; 9; 22; 17; 85; 35; 22; 48; 59
6,25,0.11243,0.24,5; 6; 73; 8; 44; 49; 25; 31; 47; 45
8,34,0.1361,0.23529,74; 8; 8; 67; 43; 21; 34; 28; 36; 81
40,71,0.11143,0.56338,33; 40; 43; 75; 68; 77; 71; 28; 84; 16
19,79,0.10086,0.24051,9; 19; 79; 57; 50; 33; 79; 6; 85; 14
30,53,0.13304,0.56604,76; 30; 46; 40; 46; 20; 53; 74; 40; 37
61,77,0.08416,0.79221,85; 61; 30; 65; 70; 28; 77; 34; 54; 72
6,13,0.1251,0.46154,43; 6; 8; 9; 75; 56; 13; 83; 85; 72
9,11,0.15,0.81818,29; 9; 55; 29; 67; 83; 11; 67; 60; 9
19,69,0.10834,0.27536,45; 19; 22; 77; 32; 7; 69; 52; 33; 56
38,68,0.10775,0.55882,75; 38; 19; 6; 62; 5; 68; 46; 15; 65
13,40,0.13499,0.325,75; 13; 59; 26; 57; 76; 40; 45; 54; 42
8,32,0.13213,0.25,5; 8; 5; 69; 61; 49; 32; 27; 68; 81
19,80,0.09628,0.2375,19; 19; 19; 78; 54; 54; 80; 43; 26; 68
26,52,0.12544,0.5,32; 26; 55; 65; 28; 22; 52; 47; 9; 25
69,80,0.07894,0.8625,45; 69; 55; 15; 31; 68; 80; 29; 13; 20
61,73,0.0928,0.83562,56; 61; 22; 7; 55; 75; 73; 63; 49; 23
26,81,0.10214,0.32099,11; 26; 43; 6; 64; 33; 81; 6; 35; 78
12,41,0.14186,0.29268,23; 12; 34; 68; 85; 51; 41; 68; 64; 54
49,58,0.11835,0.84483,16; 49; 72; 73; 45; 42; 58; 66; 71; 77
23,69,0.10768,0.33333,36; 23; 82; 65; 49; 80; 69; 42; 69; 54
8,33,0.13663,0.24242,50; 8; 58; 65; 71; 23; 33; 82; 56; 85
19,75,0.10193,0.25333,79; 19; 47; 46; 73; 14; 75; 29; 37; 47
18,22,0.12853,0.81818,42; 18; 40; 52; 16; 68; 22; 16; 20; 52
10,34,0.13828,0.29412,75; 10; 70; 69; 20; 55; 34; 83; 67; 23
20,82,0.0897,0.2439,84; 20; 13; 40; 46; 19; 82; 25; 53; 58
30,38,0.1354,0.78947,59; 30; 83; 31; 5; 26; 38; 63; 84; 49
18,22,0.12614,0.81818,61; 18; 18; 49; 59; 52; 22; 14; 52; 28
6,25,0.11582,0.24,52; 6; 69; 35; 20; 49; 25; 58; 5; 5
31,37,0.13301,0.83784,25; 31; 41; 53; 74; 52; 37; 37; 11; 62
18,71,0.103,0.25352,50; 18; 81; 85; 25; 6; 71; 8; 54; 18
36,74,0.10758,0.48649,55; 36; 5; 68; 70; 59; 74; 46; 51; 57
58,73,0.09389,0.79452,32; 58; 9; 52; 10; 69; 73; 24; 58; 85
47,83,0.09226,0.56627,63; 47; 25; 62; 14; 38; 83; 30; 36; 83
20,70,0.11007,0.28571,17; 20; 60; 27; 63; 52; 70; 60; 81; 67
71,83,0.07612,0.85542,41; 71; 26; 24; 22; 52; 83; 79; 9; 71
8,14,0.12986,0.57143,14; 8; 58; 13; 68; 77; 14; 70; 67; 49
27,83,0.10782,0.3253,31; 27; 80; 7; 54; 32; 83; 28; 16; 23
49,61,0.11752,0.80328,15; 49; 31; 62; 14; 63; 61; 58; 28; 71
19,54,0.127,0.35185,80; 19; 65; 74; 84; 68; 54; 21; 46; 35
38,82,0.09464,0.46341,9; 38; 81; 37; 15; 43; 82; 34; 7; 77
22,44,0.13564,0.5,35; 22; 30; 70; 42; 12; 44; 40; 11; 65
20,35,0.13464,0.57143,22; 20; 5; 61; 81; 33; 35; 46; 80; 70
33,68,0.10782,0.48529,80; 33; 54; 77; 24; 64; 68; 38; 67; 34
42,84,0.0957,0.5,50; 42; 80; 79; 36; 41; 84; 54; 25; 9
7,23,0.13334,0.30435,60; 7; 80; 75; 74; 24; 23; 62; 16; 71
13,51,0.13051,0.2549,54; 13; 68; 54; 82; 50; 51; 41; 27; 72
51,64,0.11413,0.79688,50; 51; 42; 6; 38; 73; 64; 36; 35; 21
35,62,0.10957,0.56452,85; 35; 33; 39; 39; 71; 62; 52; 80; 16
20,72,0.10155,0.27778,31; 20; 68; 17; 21; 28; 72; 21; 68; 22
42,51,0.13525,0.82353,59; 42; 74; 20; 35; 17; 51; 22; 27; 25
33,58,0.116,0.56897,76; 33; 68; 17; 76; 46; 58; 46; 25; 32
15,60,0.11871,0.25,65; 15; 83; 30; 38; 66; 60; 29; 9; 28
59,69,0.09576,0.85507,75; 59; 39; 67; 60; 19; 69; 6; 35; 32
45,81,0.10395,0.55556,22; 45; 20; 26; 84; 53; 81; 8; 48; 13
26,74,0.10779,0.35135,66; 26; 48; 13; 62; 22; 74; 72; 58; 75
41,84,0.09813,0.4881,41; 41; 16; 77; 85; 59; 84; 52; 76; 59
62,76,0.08973,0.81579,28; 62; 11; 67; 61; 82; 76; 82; 70; 41
41,51,0.13196,0.80392,55; 41; 16; 60; 8; 22; 51; 84; 41; 69
25,79,0.09596,0.31646,18; 25; 69; 34; 66; 24; 79; 43; 6; 67
23,28,0.13483,0.82143,71; 23; 11; 24; 48; 56; 28; 52; 8; 84
6,7,0.10725,0.85714,28; 6; 76; 34; 49; 22; 7; 47; 51; 12
28,61,0.11539,0.45902,27; 28; 18; 69; 47; 31; 61; 78; 66; 18
17,72,0.11041,0.23611,75; 17; 53; 85; 5; 49; 72; 25; 66; 38
30,53,0.13598,0.56604,49; 30; 16; 66; 68; 75; 53; 6; 13; 24
29,78,0.11236,0.37179,15; 29; 71; 22; 71; 61; 78; 55; 83; 69
15,53,0.12811,0.28302,41; 15; 61; 15; 13; 56; 53; 69; 57; 46
18,62,0.1143,0.29032,7; 18; 63; 77; 57; 32; 62; 36; 25; 9
57,72,0.09423,0.79167,44; 57; 24; 70; 12; 53; 72; 40; 13; 79
20,54,0.12368,0.37037,20; 20; 58; 53; 76; 67; 54; 82; 82; 15
8,29,0.13674,0.27586,14; 8; 44; 32; 66; 37; 29; 9; 67; 63
18,22,0.12576,0.81818,54; 18; 49; 5; 84; 79; 22; 22; 17; 62
34,70,0.11157,0.48571,71; 34; 75; 36; 23; 50; 70; 8; 57; 50
17,52,0.12477,0.32692,10; 17; 63; 18; 12; 49; 52; 66; 24; 75
59,74,0.09137,0.7973,84; 59; 73; 59; 67; 77; 74; 7; 31; 47
36,74,0.11285,0.48649,31; 36; 71; 6; 34; 16; 74; 16; 11; 31
27,48,0.13481,0.5625,25; 27; 13; 79; 26; 64; 48; 78; 63; 60
37,47,0.13773,0.78723,59; 37; 65; 17; 68; 58; 47; 52; 15; 65
61,74,0.08947,0.82432,23; 61; 46; 16; 20; 44; 74; 11; 10; 49
16,32,0.12491,0.5,30; 16; 18; 26; 24; 62; 32; 61; 85; 11
10,20,0.14333,0.5,77; 10; 51; 27; 70; 11; 20; 40; 31; 57
15,41,0.14422,0.36585,17; 15; 42; 71; 27; 47; 41; 11; 68; 59
25,82,0.09882,0.30488,66; 25; 27; 23; 36; 72; 82; 74; 10; 62
17,51,0.13064,0.33333,72; 17; 71; 39; 55; 6; 51; 65; 13; 48
11,31,0.13394,0.35484,29; 11; 16; 15; 47; 5; 31; 67; 61; 72
21,76,0.09926,0.27632,81; 21; 24; 42; 50; 13; 76; 17; 30; 50
24,75,0.10758,0.32,23; 24; 18; 40; 42; 64; 75; 21; 13; 60
5,20,0.1033,0.25,23; 5; 67; 46; 10; 47; 20; 19; 69; 6
58,71,0.09985,0.8169,67; 58; 80; 77; 5; 85; 71; 73; 85; 49
9,37,0.14502,0.24324,83; 9; 25; 79; 51; 48; 37; 11; 51; 48
50,58,0.12311,0.86207,38; 50; 57; 82; 62; 45; 58; 80; 79; 66
21,85,0.08557,0.24706,14; 21; 41; 23; 28; 50; 85; 37; 54; 46
52,66,0.10907,0.78788,52; 52; 19; 20; 20; 13; 66; 60; 68; 73
25,67,0.11316,0.37313,48; 25; 52; 31; 25; 57; 67; 76; 84; 61
16,54,0.12652,0.2963,21; 16; 63; 73; 37; 26; 54; 35; 84; 19
7,20,0.12741,0.35,56; 7; 38; 56; 39; 25; 20; 19; 67; 15
14,50,0.13009,0.28,38; 14; 31; 52; 73; 18; 50; 68; 58; 84
34,70,0.10759,0.48571,6; 34; 11; 44; 69; 56; 70; 10; 57; 31
18,60,0.11854,0.3,47; 18; 10; 53; 36; 63; 60; 56; 28; 29
18,37,0.12892,0.48649,50; 18; 55; 44; 78; 44; 37; 47; 21; 50
8,16,0.13617,0.5,48; 8; 57; 30; 84; 60; 16; 80; 54; 70
11,37,0.13769,0.2973,57; 11; 6; 51; 71; 54; 37; 17; 55; 46
59,69,0.09303,0.85507,79; 59; 28; 37; 25; 65; 69; 78; 83; 7
22,75,0.10114,0.29333,83; 22; 12; 34; 80; 10; 75; 73; 7; 11
18,65,0.11056,0.27692,57; 18; 40; 29; 21; 63; 65; 60; 72; 33
16,66,0.11502,0.24242,66; 16; 83; 59; 14; 11; 66; 52; 47; 59
13,43,0.13714,0.30233,10; 13; 77; 75; 6; 65; 43; 63; 57; 8
18,64,0.11654,0.28125,73; 18; 62; 14; 37; 56; 64; 22; 7; 33
35,72,0.10656,0.48611,40; 35; 60; 13; 48; 9; 72; 36; 20; 57
5,9,0.11796,0.55556,59; 5; 70; 49; 81; 85; 9; 19; 74; 56
30,54,0.13119,0.55556,33; 30; 48; 12; 49; 13; 54; 51; 83; 58
23,81,0.09123,0.28395,6; 23; 17; 77; 28; 17; 81; 51; 48; 62
10,27,0.1329,0.37037,62; 10; 13; 74; 46; 79; 27; 59; 66; 27
69,84,0.07479,0.82143,51; 69; 70; 31; 78; 31; 84; 43; 29; 74
26,53,0.13044,0.49057,18; 26; 76; 34; 80; 54; 53; 41; 14; 14
30,60,0.11908,0.5,38; 30; 32; 63; 15; 25; 60; 58; 14; 36
43,54,0.12779,0.7963,18; 43; 78; 48; 25; 78; 54; 56; 61; 82
20,41,0.13749,0.4878,40; 20; 48; 25; 76; 27; 41; 40; 43; 30
18,36,0.13037,0.5,79; 18; 80; 29; 79; 39; 36; 47; 40; 63
40,72,0.10402,0.55556,16; 40; 66; 72; 42; 66; 72; 27; 19; 6
38,83,0.09305,0.45783,33; 38; 24; 25; 75; 12; 83; 48; 80; 29
10,40,0.14482,0.25,17; 10; 81; 14; 57; 45; 40; 10; 63; 71
58,69,0.09714,0.84058,13; 58; 52; 9; 10; 7; 69; 12; 44; 85
36,45,0.14008,0.8,52; 36; 54; 81; 10; 55; 45; 82; 21; 82
31,37,0.13882,0.83784,66; 31; 36; 55; 48; 73; 37; 78; 12; 31
19,38,0.13018,0.5,78; 19; 38; 17; 18; 56; 38; 40; 59; 44
17,61,0.11591,0.27869,78; 17; 10; 21; 83; 45; 61; 60; 33; 28
33,67,0.11295,0.49254,84; 33; 77; 23; 37; 80; 67; 62; 49; 75
23,47,0.12961,0.48936,76; 23; 39; 58; 75; 62; 47; 46; 47; 21
42,51,0.13216,0.82353,12; 42; 58; 48; 9; 30; 51; 27; 27; 17
39,78,0.10613,0.5,81; 39; 70; 12; 46; 35; 78; 54; 24; 11
12,41,0.13652,0.29268,77; 12; 58; 46; 77; 72; 41; 45; 69; 37
12,38,0.14051,0.31579,20; 12; 49; 26; 59; 24; 38; 75; 85; 75
7,28,0.12509,0.25,73; 7; 56; 29; 78; 79; 28; 73; 38; 11
23,70,0.10641,0.32857,80; 23; 84; 16; 8; 31; 70; 44; 77; 49
62,74,0.08489,0.83784,24; 62; 28; 39; 81; 46; 74; 11; 8; 68
22,69,0.10574,0.31884,74; 22; 54; 13; 9; 84; 69; 34; 43; 44
26,71,0.10699,0.3662,51; 26; 82; 7; 36; 84; 71; 17; 81; 40
36,63,0.12456,0.57143,37; 36; 24; 34; 25; 64; 63; 78; 83; 29
29,59,0.1221,0.49153,11; 29; 70; 41; 15; 61; 59; 7; 21; 62
16,43,0.13205,0.37209,25; 16; 8; 29; 66; 52; 43; 69; 14; 42
11,14,0.14011,0.78571,13; 11; 81; 15; 70; 26; 14; 20; 64; 9
69,84,0.07631,0.82143,67; 69; 14; 53; 27; 22; 84; 13; 68; 73
31,54,0.12988,0.57407,83; 31; 8; 12; 55; 72; 54; 19; 58; 12
17,56,0.12412,0.30357,63; 17; 34; 61; 70; 31; 56; 33; 76; 68
13,45,0.13606,0.28889,84; 13; 24; 13; 54; 41; 45; 64; 64; 81
19,79,0.09942,0.24051,61; 19; 60; 31; 14; 34; 79; 18; 85; 30
17,49,0.1363,0.34694,65; 17; 71; 43; 73; 8; 49; 33; 21; 9
47,57,0.12783,0.82456,6; 47; 68; 54; 51; 60; 57; 56; 16; 82
34,70,0.10501,0.48571,29; 34; 37; 26; 21; 21; 70; 78; 67; 9
15,59,0.13066,0.25424,79; 15; 61; 17; 44; 78; 59; 51; 37; 76
37,43,0.14415,0.86047,7; 37; 34; 42; 24; 68; 43; 50; 47; 82
59,72,0.0929,0.81944,35; 59; 53; 84; 48; 19; 72; 71; 29; 8
25,79,0.10947,0.31646,53; 25; 36; 6; 82; 23; 79; 41; 26; 51
20,66,0.11073,0.30303,14; 20; 34; 12; 66; 20; 66; 69; 45; 30
59,75,0.09009,0.78667,18; 59; 66; 28; 35; 33; 75; 25; 34; 15
8,23,0.13051,0.34783,81; 8; 20; 35; 27; 9; 23; 80; 59; 39
15,43,0.13464,0.34884,27; 15; 12; 5; 13; 9; 43; 32; 35; 62
18,51,0.12879,0.35294,68; 18; 68; 75; 58; 25; 51; 27; 40; 52
36,45,0.13933,0.8,14; 36; 53; 22; 18; 75; 45; 85; 33; 33
26,70,0.10214,0.37143,76; 26; 26; 72; 28; 42; 70; 83; 54; 31
67,78,0.08403,0.85897,21; 67; 20; 17; 85; 29; 78; 19; 17; 41
60,76,0.08831,0.78947,60; 60; 65; 37; 21; 54; 76; 26; 49; 20
8,32,0.13126,0.25,82; 8; 57; 68; 25; 42; 32; 9; 38; 78
31,39,0.12657,0.79487,7; 31; 44; 12; 18; 41; 39; 20; 9; 81
45,80,0.11266,0.5625,31; 45; 44; 17; 80; 41; 80; 80; 75; 82
5,18,0.10362,0.27778,75; 5; 22; 35; 9; 69; 18; 85; 19; 21
33,71,0.10584,0.46479,20; 33; 23; 77; 41; 18; 71; 85; 40; 80
24,80,0.10033,0.3,51; 24; 24; 12; 48; 60; 80; 61; 20; 45
19,63,0.11651,0.30159,78; 19; 77; 74; 60; 28; 63; 29; 51; 79
58,71,0.09272,0.8169,11; 58; 8; 57; 75; 9; 71; 67; 45; 6
12,24,0.13878,0.5,64; 12; 50; 34; 6; 15; 24; 70; 51; 44
54,63,0.1119,0.85714,17; 54; 54; 52; 23; 24; 63; 48; 73; 17
9,38,0.14732,0.23684,83; 9; 30; 51; 54; 42; 38; 61; 77; 76
10,42,0.13382,0.2381,34; 10; 69; 30; 71; 80; 42; 45; 44; 23
26,81,0.09668,0.32099,68; 26; 52; 51; 49; 69; 81; 65; 13; 43
23,77,0.10118,0.2987,12; 23; 80; 45; 18; 39; 77; 67; 24; 6
9,32,0.13628,0.28125,22; 9; 29; 35; 12; 40; 32; 25; 27; 51
14,40,0.14042,0.35,20; 14; 53; 36; 39; 84; 40; 50; 83; 57
9,30,0.14294,0.3,25; 9; 77; 85; 20; 62; 30; 9; 41; 71
31,36,0.13601,0.86111,30; 31; 72; 23; 57; 70; 36; 7; 54; 80
15,30,0.13012,0.5,39; 15; 44; 57; 42; 30; 30; 68; 56; 66
41,52,0.13151,0.78846,24; 41; 7; 82; 28; 59; 52; 23; 57; 42
65,79,0.08094,0.82278,36; 65; 66; 56; 73; 13; 79; 40; 7; 48
5,10,0.11223,0.5,42; 5; 54; 75; 66; 59; 10; 44; 33; 73
25,83,0.09707,0.3012,41; 25; 58; 52; 61; 49; 83; 19; 70; 30
19,69,0.1067,0.27536,56; 19; 47; 25; 8; 29; 69; 11; 80; 30
5,20,0.10135,0.25,41; 5; 21; 10; 18; 36; 20; 15; 55; 42
23,28,0.13732,0.82143,48; 23; 78; 45; 56; 37; 28; 37; 67; 21
69,82,0.07623,0.84146,20; 69; 59; 11; 52; 61; 82; 54; 66; 70
15,60,0.11598,0.25,12; 15; 33; 38; 11; 63; 60; 46; 17; 38
9,16,0.14154,0.5625,67; 9; 71; 35; 18; 37; 16; 75; 72; 17
8,33,0.13329,0.24242,67; 8; 70; 23; 14; 8; 33; 77; 8; 66
27,81,0.10247,0.33333,40; 27; 69; 41; 73; 40; 81; 23; 38; 41
16,67,0.11003,0.23881,84; 16; 65; 33; 50; 66; 67; 54; 83; 55
28,76,0.09426,0.36842,40; 28; 29; 6; 31; 32; 76; 20; 82; 48
31,55,0.12957,0.56364,53; 31; 36; 53; 65; 85; 55; 76; 71; 83
45,57,0.1329,0.78947,62; 45; 77; 34; 15; 58; 57; 83; 45; 83
30,61,0.12706,0.4918,24; 30; 36; 18; 15; 64; 61; 74; 56; 51
12,15,0.13461,0.8,67; 12; 8; 56; 69; 40; 15; 22; 40; 23
21,83,0.09933,0.25301,41; 21; 26; 76; 46; 35; 83; 42; 65; 8
17,48,0.13405,0.35417,40; 17; 6; 69; 11; 73; 48; 52; 28; 58
64,78,0.08803,0.82051,11; 64; 42; 73; 60; 76; 78; 28; 43; 75
22,76,0.1037,0.28947,62; 22; 13; 15; 26; 39; 76; 36; 69; 35
14,42,0.13658,0.33333,72; 14; 33; 15; 65; 52; 42; 74; 17; 75
32,69,0.10925,0.46377,57; 32; 22; 80; 18; 28; 69; 22; 53; 27
61,74,0.08924,0.82432,10; 61; 23; 23; 62; 54; 74; 73; 85; 27
42,51,0.13489,0.82353,73; 42; 73; 25; 18; 69; 51; 54; 62; 15
21,69,0.10938,0.30435,36; 21; 57; 22; 28; 61; 69; 31; 7; 20
29,84,0.10276,0.34524,78; 29; 5; 23; 5; 75; 84; 55; 54; 24
28,81,0.09569,0.34568,28; 28; 32; 78; 64; 69; 81; 85; 85; 37
16,28,0.13471,0.57143,27; 16; 77; 85; 41; 49; 28; 74; 80; 84
16,55,0.12867,0.29091,54; 16; 82; 61; 27; 68; 55; 69; 50; 39
18,57,0.12285,0.31579,51; 18; 59; 10; 7; 71; 57; 39; 23; 11
18,22,0.12666,0.81818,50; 18; 9; 73; 83; 78; 22; 41; 83; 10
22,63,0.10847,0.34921,56; 22; 15; 40; 10; 64; 63; 76; 51; 67
42,75,0.10393,0.56,37; 42; 66; 14; 40; 13; 75; 72; 80; 35
9,26,0.14115,0.34615,5; 9; 38; 34; 9; 70; 26; 41; 67; 77
22,66,0.10883,0.33333,44; 22; 9; 71; 64; 24; 66; 26; 78; 79
38,45,0.14095,0.84444,67; 38; 65; 43; 71; 18; 45; 15; 34; 29
28,61,0.11801,0.45902,79; 28; 18; 6; 82; 39; 61; 27; 60; 75
25,83,0.09337,0.3012,54; 25; 49; 38; 66; 37; 83; 85; 54; 76
66,77,0.08638,0.85714,81; 66; 46; 23; 66; 65; 77; 57; 69; 81
18,39,0.13266,0.46154,17; 18; 65; 43; 28; 43; 39; 38; 65; 13
17,56,0.12685,0.30357,46; 17; 13; 45; 63; 78; 56; 45; 41; 64
17,60,0.12285,0.28333,45; 17; 54; 85; 55; 14; 60; 79; 28; 62
30,35,0.14044,0.85714,51; 30; 77; 74; 78; 8; 35; 57; 43; 36
20,68,0.10698,0.29412,25; 20; 5; 72; 47; 32; 68; 52; 56; 67
18,62,0.11466,0.29032,56; 18; 15; 19; 28; 39; 62; 68; 5; 60
51,64,0.11219,0.79688,51; 51; 61; 64; 8; 72; 64; 67; 21; 52
64,74,0.08777,0.86486,56; 64; 60; 83; 25; 26; 74; 65; 83; 75
22,45,0.13529,0.48889,47; 22; 41; 68; 81; 44; 45; 75; 85; 44
64,74,0.08636,0.86486,31; 64; 16; 11; 33; 8; 74; 47; 77; 19
18,37,0.13772,0.48649,30; 18; 43; 57; 49; 46; 37; 84; 60; 44
24,49,0.13126,0.4898,21; 24; 11; 50; 73; 10; 49; 7; 47; 31
43,50,0.13438,0.86,34; 43; 6; 41; 44; 64; 50; 81; 32; 28
22,77,0.09536,0.28571,15; 22; 8; 12; 36; 36; 77; 34; 48; 34
10,30,0.14047,0.33333,75; 10; 74; 8; 12; 28; 30; 68; 16; 16
19,39,0.13724,0.48718,74; 19; 41; 85; 43; 29; 39; 69; 38; 61
30,38,0.13581,0.78947,15; 30; 26; 46; 6; 42; 38; 44; 39; 76
44,77,0.10496,0.57143,32; 44; 69; 84; 21; 31; 77; 46; 33; 33
8,32,0.14159,0.25,38; 8; 78; 74; 23; 79; 32; 81; 6; 35
29,59,0.12789,0.49153,54; 29; 64; 66; 76; 52; 59; 57; 74; 80
11,40,0.13814,0.275,31; 11; 77; 17; 18; 10; 40; 40; 75; 48
55,64,0.10989,0.85938,66; 55; 21; 29; 34; 81; 64; 56; 19; 38
7,19,0.12361,0.36842,74; 7; 84; 8; 21; 25; 19; 59; 84; 84
31,55,0.12929,0.56364,41; 31; 77; 70; 50; 63; 55; 62; 67; 73
43,75,0.10362,0.57333,61; 43; 52; 16; 50; 83; 75; 75; 85; 18
14,25,0.13128,0.56,47; 14; 42; 6; 80; 55; 25; 5; 71; 49
25,71,0.10383,0.35211,25; 25; 7; 45; 12; 6; 71; 13; 20; 69
41,72,0.10777,0.56944,57; 41; 78; 56; 84; 55; 72; 83; 27; 69
19,38,0.13511,0.5,80; 19; 47; 66; 19; 37; 38; 82; 66; 66
59,75,0.08995,0.78667,77; 59; 62; 22; 81; 70; 75; 83; 81; 56
8,27,0.13994,0.2963,28; 8; 24; 67; 10; 17; 27; 19; 46; 14
58,71,0.09913,0.8169,20; 58; 55; 69; 51; 24; 71; 73; 30; 15
15,46,0.1307,0.32609,68; 15; 31; 75; 56; 35; 46; 48; 22; 44
45,56,0.13104,0.80357,65; 45; 80; 72; 44; 74; 56; 14; 31; 80
24,73,0.10041,0.32877,57; 24; 71; 7; 59; 9; 73; 57; 80; 38
39,84,0.08936,0.46429,62; 39; 21; 21; 28; 36; 84; 65; 15; 72
23,81,0.08783,0.28395,43; 23; 52; 43; 62; 85; 81; 27; 81; 35
69,80,0.08206,0.8625,77; 69; 80; 21; 7; 67; 80; 30; 69; 59
22,39,0.13136,0.5641,85; 22; 8; 53; 17; 6; 39; 8; 62; 37
14,38,0.13654,0.36842,53; 14; 5; 77; 58; 22; 38; 36; 16; 81
64,80,0.08179,0.8,20; 64; 18; 23; 55; 26; 80; 6; 18; 43
10,20,0.13327,0.5,45; 10; 64; 21; 19; 8; 20; 38; 41; 36
14,57,0.12078,0.24561,48; 14; 30; 30; 47; 76; 57; 50; 57; 35
63,80,0.08582,0.7875,51; 63; 31; 12; 22; 8; 80; 65; 18; 41
41,83,0.09122,0.49398,73; 41; 83; 45; 16; 66; 83; 62; 38; 15
27,59,0.12758,0.45763,78; 27; 60; 75; 22; 56; 59; 36; 59; 8
17,56,0.12736,0.30357,54; 17; 76; 21; 74; 8; 56; 42; 78; 20
56,70,0.09859,0.8,33; 56; 42; 43; 57; 6; 70; 73; 10; 18
18,21,0.12905,0.85714,79; 18; 65; 85; 56; 23; 21; 80; 22; 77
21,71,0.10811,0.29577,41; 21; 18; 39; 71; 13; 71; 65; 79; 32
23,66,0.10775,0.34848,38; 23; 67; 44; 63; 81; 66; 72; 75; 31
32,39,0.13737,0.82051,55; 32; 15; 56; 75; 64; 39; 68; 8; 11
17,57,0.12666,0.29825,52; 17; 78; 53; 75; 24; 57; 36; 49; 49
51,62,0.11799,0.82258,44; 51; 38; 64; 6; 39; 62; 27; 42; 73
48,57,0.11725,0.84211,30; 48; 17; 16; 59; 47; 57; 69; 42; 29
42,74,0.10912,0.56757,62; 42; 16; 14; 37; 83; 74; 26; 12; 10
35,62,0.11337,0.56452,12; 35; 67; 63; 13; 34; 62; 17; 84; 19
31,83,0.09156,0.37349,63; 31; 70; 53; 6; 55; 83; 34; 77; 62
6,20,0.11091,0.3,79; 6; 47; 84; 79; 22; 20; 56; 77; 15
35,72,0.10279,0.48611,7; 35; 69; 81; 48; 40; 72; 80; 19; 70
12,50,0.12953,0.24,8; 12; 26; 21; 28; 71; 50; 63; 85; 73
5,15,0.10276,0.33333,58; 5; 78; 28; 41; 47; 15; 79; 55; 78
36,79,0.10265,0.4557,17; 36; 15; 43; 29; 42; 79; 17; 57; 18
20,41,0.13495,0.4878,25; 20; 17; 69; 65; 29; 41; 29; 45; 57
14,56,0.12508,0.25,50; 14; 74; 63; 44; 15; 56; 56; 83; 33
16,67,0.10787,0.23881,12; 16; 78; 83; 25; 24; 67; 35; 85; 78
30,38,0.14285,0.78947,28; 30; 15; 44; 8; 85; 38; 73; 33; 76
25,82,0.0951,0.30488,77; 25; 79; 23; 26; 70; 82; 17; 5; 12
20,63,0.11368,0.31746,61; 20; 28; 23; 19; 8; 63; 73; 16; 49
17,70,0.10905,0.24286,29; 17; 10; 47; 59; 79; 70; 75; 50; 84
19,63,0.11453,0.30159,48; 19; 39; 72; 74; 43; 63; 5; 15; 68
19,64,0.11344,0.29688,80; 19; 13; 48; 61; 84; 64; 67; 31; 43
18,54,0.12773,0.33333,79; 18; 27; 29; 7; 71; 54; 49; 14; 23
15,60,0.12229,0.25,59; 15; 42; 12; 27; 9; 60; 52; 18; 71
68,83,0.07551,0.81928,78; 68; 12; 56; 34; 6; 83; 34; 35; 75
38,78,0.10275,0.48718,19; 38; 5; 68; 41; 79; 78; 42; 26; 27
27,85,0.0891,0.31765,52; 27; 14; 53; 13; 20; 85; 27; 47; 81
28,76,0.09248,0.36842,19; 28; 11; 44; 59; 19; 76; 37; 42; 12
22,44,0.135,0.5,6; 22; 33; 36; 65; 51; 44; 59; 56; 84
12,26,0.13209,0.46154,38; 12; 81; 13; 67; 43; 26; 16; 19; 24
25,67,0.10778,0.37313,11; 25; 51; 68; 72; 76; 67; 75; 68; 53
21,43,0.13539,0.48837,58; 21; 75; 40; 11; 74; 43; 66; 53; 39
10,30,0.1374,0.33333,13; 10; 39; 40; 81; 85; 30; 57; 53; 69
34,68,0.10528,0.5,22; 34; 52; 30; 40; 51; 68; 45; 38; 62
22,59,0.11926,0.37288,33; 22; 29; 22; 37; 53; 59; 66; 20; 18
16,58,0.12151,0.27586,59; 16; 63; 60; 79; 30; 58; 6; 67; 43
24,30,0.13929,0.8,65; 24; 78; 36; 33; 74; 30; 45; 78; 48
34,60,0.1166,0.56667,80; 34; 77; 57; 48; 9; 60; 67; 31; 19
65,82,0.08389,0.79268,84; 65; 35; 69; 28; 76; 82; 54; 45; 78
37,81,0.09361,0.45679,34; 37; 12; 73; 39; 42; 81; 16; 77; 8
7,22,0.12885,0.31818,69; 7; 20; 79; 65; 61; 22; 32; 19; 20
21,43,0.13699,0.48837,26; 21; 37; 25; 52; 28; 43; 27; 67; 66
24,28,0.13447,0.85714,65; 24; 71; 32; 33; 14; 28; 64; 5; 52
32,65,0.11544,0.49231,20; 32; 52; 79; 74; 23; 65; 74; 81; 24
16,20,0.13347,0.8,38; 16; 65; 15; 10; 76; 20; 27; 14; 10
33,59,0.12785,0.55932,83; 33; 73; 76; 46; 8; 59; 65; 52; 75
27,34,0.13242,0.79412,82; 27; 39; 76; 48; 64; 34; 15; 11; 46
25,44,0.13818,0.56818,9; 25; 42; 71; 72; 19; 44; 84; 52; 28
31,55,0.12128,0.56364,25; 31; 30; 19; 69; 17; 55; 25; 71; 64
56,70,0.09593,0.8,41; 56; 13; 37; 55; 26; 70; 44; 27; 38
40,70,0.11507,0.57143,80; 40; 81; 50; 83; 13; 70; 37; 16; 40
46,58,0.12518,0.7931,66; 46; 38; 72; 9; 45; 58; 38; 33; 19
33,68,0.10662,0.48529,20; 33; 9; 24; 63; 43; 68; 5; 67; 76
71,83,0.07493,0.85542,66; 71; 19; 8; 45; 14; 83; 26; 56; 42
40,50,0.12191,0.8,52; 40; 32; 67; 55; 15; 50; 41; 65; 83
16,57,0.12095,0.2807,36; 16; 59; 66; 25; 26; 57; 78; 68; 49
42,50,0.12745,0.84,40; 42; 50; 51; 12; 40; 50; 8; 80; 68
21,74,0.09802,0.28378,17; 21; 55; 17; 59; 46; 74; 32; 63; 72
66,82,0.08063,0.80488,28; 66; 33; 8; 52; 81; 82; 5; 45; 41
8,16,0.13107,0.5,18; 8; 11; 9; 42; 12; 16; 84; 78; 73
19,67,0.1132,0.28358,30; 19; 36; 8; 53; 66; 67; 59; 74; 47
14,57,0.11983,0.24561,78; 14; 33; 45; 43; 27; 57; 11; 30; 11
12,48,0.13733,0.25,20; 12; 77; 23; 25; 32; 48; 74; 31; 8
30,65,0.11873,0.46154,65; 30; 6; 52; 48; 45; 65; 82; 58; 39
19,59,0.11931,0.32203,22; 19; 60; 61; 59; 57; 59; 79; 9; 79
13,47,0.1356,0.2766,21; 13; 19; 22; 83; 65; 47; 51; 47; 58
22,73,0.0988,0.30137,11; 22; 61; 68; 8; 33; 73; 36; 61; 25
42,75,0.09435,0.56,35; 42; 14; 32; 11; 81; 75; 54; 22; 69
5,10,0.11297,0.5,34; 5; 69; 53; 40; 18; 10; 18; 84; 26
15,43,0.13693,0.34884,40; 15; 51; 30; 79; 78; 43; 67; 78; 44
6,12,0.11603,0.5,77; 6; 56; 31; 50; 85; 12; 52; 36; 38
15,52,0.13107,0.28846,41; 15; 30; 13; 27; 50; 52; 57; 64; 85
20,69,0.10966,0.28986,77; 20; 44; 40; 33; 46; 69; 52; 62; 15
27,54,0.12657,0.5,84; 27; 35; 45; 13; 72; 54; 61; 8; 8
26,53,0.12839,0.49057,55; 26; 66; 76; 58; 27; 53; 31; 48; 19
34,68,0.10532,0.5,55; 34; 22; 42; 37; 61; 68; 35; 51; 74
25,85,0.08997,0.29412,39; 25; 61; 52; 29; 39; 85; 56; 61; 13
43,76,0.0984,0.56579,81; 43; 48; 11; 71; 71; 76; 11; 79; 42
36,43,0.13922,0.83721,14; 36; 32; 68; 68; 28; 43; 70; 67; 68
34,70,0.10366,0.48571,44; 34; 55; 65; 66; 31; 70; 13; 22; 14
37,46,0.13186,0.80435,14; 37; 15; 85; 54; 6; 46; 82; 81; 44
70,85,0.07747,0.82353,76; 70; 64; 48; 28; 7; 85; 26; 62; 38
21,66,0.11341,0.31818,23; 21; 8; 13; 7; 62; 66; 10; 42; 38
67,85,0.0769,0.78824,19; 67; 41; 21; 51; 74; 85; 19; 6; 22
24,83,0.09306,0.28916,23; 24; 8; 85; 34; 46; 83; 7; 6; 60
31,39,0.1412,0.79487,80; 31; 44; 15; 37; 51; 39; 85; 79; 81
45,57,0.12391,0.78947,49; 45; 11; 76; 26; 68; 57; 42; 59; 62
12,48,0.13838,0.25,30; 12; 14; 29; 66; 53; 48; 24; 36; 81
37,66,0.1072,0.56061,41; 37; 22; 28; 66; 64; 66; 32; 38; 47
26,56,0.12891,0.46429,7; 26; 81; 53; 27; 70; 56; 63; 16; 79
23,47,0.12784,0.48936,35; 23; 7; 51; 18; 80; 47; 59; 42; 38
12,14,0.13762,0.85714,30; 12; 61; 7; 14; 31; 14; 80; 59; 12
44,77,0.11338,0.57143,22; 44; 44; 54; 81; 77; 77; 19; 15; 35
9,31,0.15036,0.29032,85; 9; 5; 35; 30; 32; 31; 23; 7; 54
40,70,0.11315,0.57143,67; 40; 23; 27; 11; 12; 70; 68; 42; 60
16,49,0.13304,0.32653,20; 16; 10; 43; 13; 46; 49; 58; 63; 6
51,62,0.11179,0.82258,71; 51; 76; 22; 84; 39; 62; 82; 13; 80
15,62,0.11727,0.24194,49; 15; 69; 24; 63; 19; 62; 19; 5; 64
13,51,0.12875,0.2549,76; 13; 42; 35; 54; 78; 51; 65; 18; 47
17,34,0.13562,0.5,75; 17; 61; 14; 28; 80; 34; 72; 50; 15
10,40,0.13762,0.25,63; 10; 28; 84; 30; 20; 40; 50; 18; 18
24,68,0.1121,0.35294,52; 24; 41; 49; 6; 31; 68; 48; 83; 69
9,11,0.14152,0.81818,36; 9; 83; 71; 74; 44; 11; 36; 24; 80
65,81,0.08118,0.80247,40; 65; 36; 75; 67; 8; 81; 20; 48; 8
17,53,0.13057,0.32075,14; 17; 25; 13; 49; 70; 53; 60; 26; 55
17,35,0.13515,0.48571,29; 17; 21; 42; 36; 40; 35; 52; 20; 9
21,83,0.09284,0.25301,67; 21; 85; 13; 16; 65; 83; 6; 15; 5
13,53,0.12558,0.24528,51; 13; 58; 49; 40; 67; 53; 85; 24; 35
26,52,0.13018,0.5,44; 26; 81; 54; 54; 28; 52; 67; 14; 61
23,78,0.10089,0.29487,5; 23; 45; 60; 26; 71; 78; 45; 19; 20
14,17,0.13641,0.82353,27; 14; 52; 24; 17; 69; 17; 77; 29; 52
64,78,0.08743,0.82051,33; 64; 29; 16; 84; 44; 78; 56; 11; 57
21,42,0.13227,0.5,82; 21; 9; 22; 52; 20; 42; 29; 13; 12
31,62,0.12007,0.5,84; 31; 76; 25; 52; 10; 62; 28; 85; 64
64,80,0.09059,0.8,45; 64; 66; 5; 50; 25; 80; 34; 32; 69
21,60,0.11749,0.35,83; 21; 75; 49; 10; 75; 60; 52; 9; 26
23,69,0.10237,0.33333,8; 23; 13; 78; 78; 8; 69; 37; 55; 22
24,42,0.1356,0.57143,83; 24; 43; 6; 11; 46; 42; 26; 5; 30
61,71,0.09237,0.85915,12; 61; 85; 23; 84; 73; 71; 48; 37; 26
59,72,0.09611,0.81944,61; 59; 68; 16; 42; 50; 72; 21; 16; 23
30,54,0.12467,0.55556,28; 30; 15; 74; 85; 13; 54; 33; 45; 11
9,11,0.1476,0.81818,47; 9; 82; 64; 37; 17; 11; 8; 21; 84
29,83,0.09817,0.3494,31; 29; 10; 25; 25; 45; 83; 45; 48; 43
9,28,0.14059,0.32143,32; 9; 85; 20; 51; 73; 28; 20; 39; 71
59,70,0.09005,0.84286,71; 59; 31; 34; 44; 49; 70; 84; 26; 5
19,34,0.13698,0.55882,6; 19; 8; 57; 79; 76; 34; 63; 24; 49
35,72,0.10249,0.48611,5; 35; 67; 57; 20; 10; 72; 66; 51; 36
49,61,0.11435,0.80328,39; 49; 8; 25; 51; 47; 61; 81; 42; 29
22,80,0.1018,0.275,84; 22; 34; 77; 65; 51; 80; 8; 21; 67
14,43,0.13288,0.32558,13; 14; 17; 18; 25; 43; 43; 21; 17; 28
56,65,0.10323,0.86154,43; 56; 26; 32; 58; 52; 65; 26; 57; 50
62,76,0.08837,0.81579,49; 62; 9; 42; 40; 36; 76; 78; 45; 45
24,81,0.09315,0.2963,70; 24; 58; 81; 61; 43; 81; 20; 85; 5
62,72,0.09323,0.86111,48; 62; 53; 14; 51; 7; 72; 7; 36; 65
13,41,0.1387,0.31707,24; 13; 32; 53; 61; 37; 41; 53; 39; 83
14,46,0.13903,0.30435,79; 14; 61; 20; 60; 22; 46; 57; 68; 41
12,49,0.13459,0.2449,41; 12; 15; 47; 49; 18; 49; 58; 19; 21
13,54,0.12632,0.24074,25; 13; 62; 14; 50; 77; 54; 27; 58; 26
47,83,0.0917,0.56627,21; 47; 85; 9; 59; 79; 83; 75; 72; 27
28,85,0.08893,0.32941,9; 28; 44; 10; 56; 83; 85; 36; 78; 54
9,30,0.14486,0.3,84; 9; 39; 60; 21; 63; 30; 42; 8; 25
7,19,0.12641,0.36842,36; 7; 8; 24; 63; 79; 19; 33; 59; 20
41,72,0.10951,0.56944,25; 41; 24; 31; 8; 19; 72; 42; 31; 71
13,23,0.13246,0.56522,28; 13; 7; 50; 76; 50; 23; 14; 67; 58
18,72,0.10664,0.25,10; 18; 33; 43; 80; 6; 72; 50; 83; 33
59,75,0.09106,0.78667,11; 59; 12; 20; 61; 15; 75; 52; 36; 7
37,80,0.10145,0.4625,71; 37; 83; 26; 64; 28; 80; 8; 8; 75
72,84,0.07424,0.85714,29; 72; 15; 9; 54; 84; 84; 69; 79; 32
29,78,0.10316,0.37179,10; 29; 72; 63; 46; 36; 78; 44; 55; 72
7,29,0.13406,0.24138,19; 7; 10; 59; 34; 65; 29; 43; 37; 83
33,41,0.13807,0.80488,59; 33; 16; 24; 12; 10; 41; 23; 85; 37
9,30,0.13869,0.3,47; 9; 14; 29; 8; 30; 30; 75; 32; 84
27,73,0.1105,0.36986,27; 27; 40; 14; 13; 7; 73; 82; 7; 64
16,19,0.13161,0.84211,44; 16; 10; 69; 18; 85; 19; 28; 61; 23
26,82,0.0922,0.31707,19; 26; 82; 56; 28; 55; 82; 31; 73; 66
53,63,0.11844,0.84127,84; 53; 62; 28; 78; 47; 63; 47; 31; 85
66,82,0.07703,0.80488,28; 66; 21; 57; 36; 54; 82; 12; 24; 39
10,20,0.13243,0.5,26; 10; 83; 24; 69; 16; 20; 26; 68; 8
18,71,0.10038,0.25352,43; 18; 72; 40; 45; 20; 71; 84; 5; 72
38,68,0.1146,0.55882,36; 38; 78; 11; 79; 72; 68; 71; 9; 65
16,53,0.13149,0.30189,32; 16; 18; 7; 68; 76; 53; 45; 81; 41
39,68,0.11429,0.57353,58; 39; 41; 36; 32; 52; 68; 58; 5; 35
47,59,0.12117,0.79661,77; 47; 16; 56; 68; 30; 59; 22; 80; 33
43,75,0.1024,0.57333,42; 43; 58; 13; 12; 76; 75; 73; 52; 57
14,49,0.13129,0.28571,49; 14; 76; 72; 28; 13; 49; 24; 70; 75
39,78,0.10585,0.5,10; 39; 17; 54; 84; 13; 78; 32; 80; 10
12,34,0.13637,0.35294,85; 12; 67; 38; 85; 41; 34; 6; 35; 32
72,84,0.07267,0.85714,44; 72; 22; 66; 34; 38; 84; 83; 50; 53
26,46,0.13386,0.56522,72; 26; 13; 45; 21; 28; 46; 59; 55; 66
21,83,0.0881,0.25301,70; 21; 31; 45; 35; 24; 83; 69; 5; 85
10,42,0.13026,0.2381,49; 10; 84; 8; 57; 65; 42; 9; 72; 13
32,57,0.13131,0.5614,48; 32; 32; 13; 13; 27; 57; 72; 5; 36
35,61,0.11046,0.57377,32; 35; 82; 37; 51; 33; 61; 85; 76; 58
11,38,0.13038,0.28947,15; 11; 29; 64; 54; 17; 38; 65; 30; 78
20,84,0.09204,0.2381,40; 20; 28; 5; 39; 75; 84; 57; 54; 27
49,60,0.11481,0.81667,12; 49; 77; 76; 43; 16; 60; 76; 63; 7
47,57,0.1205,0.82456,36; 47; 71; 78; 63; 68; 57; 5; 41; 14
11,45,0.14713,0.24444,21; 11; 17; 27; 72; 43; 45; 66; 50; 14
31,83,0.09247,0.37349,9; 31; 33; 39; 44; 35; 83; 71; 45; 37
9,18,0.13489,0.5,78; 9; 6; 58; 69; 85; 18; 76; 78; 32
21,42,0.12947,0.5,57; 21; 68; 78; 67; 36; 42; 10; 16; 62
68,85,0.07667,0.8,63; 68; 41; 30; 81; 73; 85; 46; 14; 33
13,23,0.12828,0.56522,18; 13; 44; 55; 64; 17; 23; 22; 65; 37
21,84,0.09474,0.25,70; 21; 6; 55; 52; 47; 84; 51; 18; 66
14,59,0.12324,0.23729,74; 14; 45; 9; 30; 54; 59; 71; 22; 42
18,22,0.13131,0.81818,73; 18; 75; 47; 31; 22; 22; 79; 21; 53
36,74,0.11061,0.48649,29; 36; 52; 12; 24; 78; 74; 22; 33; 67
20,61,0.11539,0.32787,22; 20; 11; 84; 74; 11; 61; 11; 72; 23
39,80,0.10162,0.4875,13; 39; 63; 31; 12; 8; 80; 50; 21; 70
46,82,0.10131,0.56098,74; 46; 76; 60; 29; 56; 82; 83; 8; 65
19,75,0.09699,0.25333,40; 19; 53; 67; 34; 30; 75; 18; 37; 35
54,66,0.10512,0.81818,17; 54; 73; 7; 37; 68; 66; 22; 64; 68
18,39,0.14028,0.46154,73; 18; 20; 84; 52; 37; 39; 11; 16; 26
42,84,0.0969,0.5,57; 42; 40; 50; 61; 39; 84; 77; 25; 33
6,12,0.11724,0.5,44; 6; 85; 31; 68; 72; 12; 72; 42; 13
27,55,0.12622,0.49091,48; 27; 66; 24; 45; 76; 55; 58; 68; 12
32,40,0.1399,0.8,49; 32; 68; 14; 82; 75; 40; 51; 57; 26
24,48,0.12388,0.5,9; 24; 61; 54; 84; 67; 48; 48; 44; 14
56,68,0.10375,0.82353,44; 56; 19; 67; 65; 60; 68; 36; 21; 8
55,67,0.10525,0.8209,37; 55; 19; 10; 13; 82; 67; 9; 5; 31
60,70,0.09671,0.85714,71; 60; 21; 77; 30; 59; 70; 43; 6; 75
27,84,0.09697,0.32143,66; 27; 69; 26; 22; 20; 84; 79; 65; 39
11,34,0.1414,0.32353,26; 11; 64; 30; 67; 27; 34; 78; 53; 23
38,76,0.10984,0.5,55; 38; 53; 52; 76; 59; 76; 21; 21; 71
27,55,0.12403,0.49091,37; 27; 42; 40; 78; 37; 55; 20; 76; 6
63,77,0.08667,0.81818,63; 63; 29; 66; 63; 47; 77; 23; 83; 57
6,13,0.11853,0.46154,46; 6; 6; 10; 70; 40; 13; 34; 5; 76
20,82,0.09196,0.2439,60; 20; 27; 48; 45; 62; 82; 84; 21; 82
23,76,0.10411,0.30263,73; 23; 42; 37; 55; 76; 76; 29; 34; 10
25,84,0.09424,0.29762,74; 25; 50; 28; 13; 35; 84; 36; 42; 67
19,34,0.13502,0.55882,7; 19; 84; 70; 85; 65; 34; 37; 15; 82
15,19,0.13065,0.78947,85; 15; 9; 29; 19; 69; 19; 33; 55; 53
24,68,0.10946,0.35294,75; 24; 30; 31; 74; 57; 68; 6; 70; 61
31,54,0.12454,0.57407,10; 31; 20; 51; 84; 10; 54; 17; 64; 65
28,34,0.13617,0.82353,48; 28; 65; 32; 81; 58; 34; 74; 49; 13
24,65,0.11701,0.36923,7; 24; 18; 18; 58; 48; 65; 27; 46; 47
57,71,0.09347,0.80282,8; 57; 63; 35; 69; 76; 71; 12; 37; 40
25,68,0.10661,0.36765,14; 25; 85; 33; 40; 31; 68; 26; 70; 61
26,79,0.10161,0.32911,46; 26; 33; 10; 15; 28; 79; 66; 38; 33
62,78,0.09239,0.79487,8; 62; 9; 68; 60; 65; 78; 51; 46; 28
49,61,0.11571,0.80328,77; 49; 33; 25; 12; 46; 61; 70; 40; 67
7,25,0.1267,0.28,82; 7; 54; 23; 15; 73; 25; 74; 25; 10
11,30,0.15013,0.36667,35; 11; 47; 51; 68; 30; 30; 58; 45; 70
35,63,0.11307,0.55556,82; 35; 60; 75; 46; 26; 63; 80; 73; 53
48,84,0.09283,0.57143,49; 48; 51; 27; 17; 45; 84; 70; 59; 67
69,82,0.07854,0.84146,11; 69; 51; 41; 41; 47; 82; 60; 25; 29
70,83,0.07663,0.84337,45; 70; 43; 59; 33; 64; 83; 75; 14; 8
11,34,0.13466,0.32353,70; 11; 62; 75; 75; 82; 34; 39; 49; 8
25,77,0.09642,0.32468,22; 25; 66; 44; 48; 45; 77; 72; 80; 19
15,63,0.11886,0.2381,17; 15; 52; 41; 15; 68; 63; 59; 39; 39
69,82,0.07742,0.84146,61; 69; 14; 45; 75; 5; 82; 36; 78; 49
16,49,0.13738,0.32653,63; 16; 62; 42; 81; 24; 49; 84; 61; 56
22,79,0.09481,0.27848,5; 22; 16; 25; 70; 51; 79; 66; 83; 40
53,63,0.1118,0.84127,84; 53; 7; 75; 12; 7; 63; 18; 24; 29
64,78,0.08473,0.82051,83; 64; 25; 62; 34; 56; 78; 78; 77; 71
12,37,0.13866,0.32432,39; 12; 45; 59; 11; 48; 37; 62; 20; 40
48,85,0.0937,0.56471,76; 48; 40; 5; 27; 61; 85; 57; 68; 63
32,38,0.13346,0.84211,19; 32; 36; 13; 59; 54; 38; 25; 68; 33
43,76,0.10349,0.56579,52; 43; 47; 77; 28; 31; 76; 57; 14; 58
42,75,0.1061,0.56,37; 42; 43; 80; 60; 5; 75; 42; 60; 70
21,74,0.09752,0.28378,13; 21; 13; 23; 75; 58; 74; 37; 30; 65
25,77,0.09797,0.32468,45; 25; 28; 82; 77; 80; 77; 65; 26; 75
44,56,0.12529,0.78571,60; 44; 39; 55; 13; 52; 56; 72; 74; 39
17,46,0.13278,0.36957,52; 17; 67; 49; 80; 48; 46; 78; 73; 71
13,44,0.14368,0.29545,83; 13; 15; 85; 19; 68; 44; 52; 61; 72
31,84,0.10281,0.36905,23; 31; 68; 56; 75; 54; 84; 21; 18; 12
8,28,0.13659,0.28571,35; 8; 43; 10; 6; 24; 28; 72; 27; 46
19,69,0.10486,0.27536,26; 19; 54; 69; 76; 34; 69; 75; 70; 36
63,80,0.08555,0.7875,18; 63; 78; 66; 30; 7; 80; 20; 67; 32
27,55,0.13311,0.49091,29; 27; 71; 29; 62; 78; 55; 44; 31; 84
18,56,0.12554,0.32143,85; 18; 58; 42; 37; 67; 56; 36; 48; 21
60,76,0.09137,0.78947,75; 60; 65; 45; 26; 74; 76; 24; 55; 80
26,81,0.09931,0.32099,25; 26; 23; 73; 82; 79; 81; 37; 32; 84
24,69,0.11252,0.34783,55; 24; 11; 28; 73; 70; 69; 77; 51; 7
27,54,0.12433,0.5,13; 27; 64; 22; 8; 23; 54; 77; 11; 61
50,58,0.12446,0.86207,60; 50; 12; 66; 27; 14; 58; 38; 33; 81
16,53,0.13153,0.30189,63; 16; 69; 11; 27; 33; 53; 52; 75; 51
17,61,0.12648,0.27869,64; 17; 28; 7; 47; 40; 61; 49; 84; 36
15,62,0.11566,0.24194,74; 15; 21; 76; 45; 32; 62; 23; 50; 85
11,34,0.13726,0.32353,8; 11; 53; 12; 32; 70; 34; 44; 61; 62
10,31,0.1466,0.32258,73; 10; 9; 17; 42; 21; 31; 79; 55; 23
38,78,0.10458,0.48718,46; 38; 21; 75; 67; 69; 78; 32; 31; 66
45,56,0.13142,0.80357,47; 45; 16; 55; 43; 68; 56; 26; 48; 46
50,61,0.11499,0.81967,10; 50; 47; 15; 45; 54; 61; 73; 14; 53
12,51,0.13254,0.23529,78; 12; 50; 70; 77; 13; 51; 69; 65; 48
27,55,0.13045,0.49091,48; 27; 63; 31; 84; 66; 55; 40; 40; 9
65,76,0.08735,0.85526,10; 65; 53; 9; 54; 83; 76; 62; 66; 58
22,78,0.0979,0.28205,52; 22; 66; 18; 21; 11; 78; 74; 68; 39
37,44,0.13993,0.84091,47; 37; 8; 41; 64; 63; 44; 18; 28; 15
17,34,0.14036,0.5,38; 17; 66; 30; 23; 19; 34; 24; 36; 85
43,50,0.13677,0.86,60; 43; 56; 39; 17; 13; 50; 84; 28; 50
13,43,0.13789,0.30233,56; 13; 70; 81; 29; 24; 43; 36; 46; 21
14,38,0.13121,0.36842,81; 14; 22; 7; 40; 11; 38; 31; 75; 27
8,27,0.13418,0.2963,83; 8; 33; 61; 35; 61; 27; 39; 40; 23
28,75,0.09696,0.37333,12; 28; 22; 40; 65; 42; 75; 63; 80; 34
42,74,0.10015,0.56757,16; 42; 67; 39; 85; 77; 74; 77; 43; 49
8,29,0.13691,0.27586,11; 8; 73; 13; 24; 18; 29; 23; 26; 85
41,83,0.09798,0.49398,30; 41; 16; 38; 74; 5; 83; 65; 20; 82
67,78,0.08405,0.85897,13; 67; 76; 69; 79; 40; 78; 25; 39; 10
27,83,0.09516,0.3253,73; 27; 53; 9; 12; 21; 83; 73; 40; 56
17,69,0.10828,0.24638,69; 17; 35; 84; 53; 66; 69; 15; 28; 69
54,64,0.11073,0.84375,9; 54; 18; 53; 78; 67; 64; 6; 67; 45
16,65,0.11359,0.24615,33; 16; 8; 5; 6; 52; 65; 12; 47; 57
16,58,0.12051,0.27586,6; 16; 15; 50; 28; 54; 58; 54; 67; 45
54,68,0.10445,0.79412,29; 54; 25; 45; 37; 44; 68; 13; 8; 82
13,54,0.12763,0.24074,54; 13; 64; 24; 82; 64; 54; 66; 53; 47
58,71,0.09851,0.8169,7; 58; 38; 18; 39; 77; 71; 50; 56; 44
27,78,0.10841,0.34615,43; 27; 26; 60; 45; 70; 78; 31; 83; 12
47,59,0.11808,0.79661,32; 47; 58; 11; 20; 47; 59; 71; 74; 61
24,74,0.10294,0.32432,73; 24; 75; 26; 51; 9; 74; 33; 12; 84
54,63,0.11655,0.85714,80; 54; 45; 53; 29; 26; 63; 45; 56; 74
33,67,0.1021,0.49254,69; 33; 69; 65; 37; 30; 67; 40; 5; 72
15,60,0.10961,0.25,84; 15; 81; 7; 14; 72; 60; 68; 58; 35
12,37,0.14215,0.32432,36; 12; 68; 74; 13; 5; 37; 59; 21; 48
21,64,0.10783,0.32812,49; 21; 28; 29; 67; 64; 64; 58; 24; 39
60,73,0.09168,0.82192,78; 60; 30; 67; 75; 24; 73; 34; 9; 76
59,75,0.08676,0.78667,46; 59; 11; 10; 85; 67; 75; 27; 82; 60
7,14,0.13455,0.5,58; 7; 5; 64; 59; 23; 14; 55; 9; 54
18,65,0.11638,0.27692,59; 18; 47; 33; 45; 35; 65; 19; 59; 14
26,31,0.14331,0.83871,9; 26; 7; 20; 13; 67; 31; 35; 61; 53
16,57,0.12213,0.2807,27; 16; 46; 45; 11; 31; 57; 65; 37; 75
39,70,0.11289,0.55714,22; 39; 5; 73; 14; 64; 70; 27; 37; 44
8,24,0.13273,0.33333,35; 8; 50; 33; 50; 40; 24; 39; 53; 52
26,33,0.13429,0.78788,82; 26; 83; 72; 60; 35; 33; 22; 43; 20
51,64,0.1147,0.79688,63; 51; 83; 60; 67; 17; 64; 47; 83; 44
27,48,0.13623,0.5625,9; 27; 61; 80; 83; 77; 48; 47; 23; 33
13,45,0.13665,0.28889,29; 13; 76; 40; 37; 75; 45; 69; 32; 37
26,31,0.12331,0.83871,14; 26; 8; 64; 64; 24; 31; 75; 68; 32
33,59,0.11998,0.55932,28; 33; 66; 71; 80; 51; 59; 30; 64; 27
63,77,0.08725,0.81818,66; 63; 10; 77; 41; 82; 77; 39; 81; 55
58,73,0.09102,0.79452,14; 58; 84; 8; 84; 31; 73; 60; 28; 40
13,37,0.13334,0.35135,66; 13; 49; 37; 61; 40; 37; 28; 31; 23
25,71,0.10414,0.35211,58; 25; 28; 22; 7; 66; 71; 76; 37; 23
18,72,0.10378,0.25,35; 18; 9; 47; 68; 28; 72; 75; 19; 39
5,20,0.10304,0.25,85; 5; 43; 80; 29; 6; 20; 44; 32; 42
46,82,0.09309,0.56098,39; 46; 44; 13; 10; 72; 82; 57; 53; 37
20,67,0.10612,0.29851,80; 20; 9; 36; 48; 81; 67; 66; 7; 24
26,33,0.13415,0.78788,40; 26; 38; 32; 61; 31; 33; 72; 32; 63
7,29,0.12931,0.24138,28; 7; 28; 32; 83; 74; 29; 34; 57; 16
31,62,0.11751,0.5,60; 31; 82; 63; 42; 54; 62; 37; 68; 57
23,81,0.09354,0.28395,35; 23; 81; 72; 42; 37; 81; 8; 61; 59
22,76,0.09841,0.28947,20; 22; 25; 23; 26; 70; 76; 37; 6; 54
28,81,0.0941,0.34568,82; 28; 22; 45; 17; 67; 81; 80; 41; 51
49,57,0.12529,0.85965,32; 49; 16; 53; 16; 30; 57; 31; 24; 40
39,78,0.10228,0.5,5; 39; 24; 66; 56; 79; 78; 49; 83; 55
45,81,0.10359,0.55556,20; 45; 11; 52; 28; 68; 81; 52; 53; 17
46,55,0.13315,0.83636,7; 46; 55; 64; 68; 7; 55; 63; 76; 26
21,85,0.0794,0.24706,13; 21; 22; 9; 78; 53; 85; 9; 83; 48
26,75,0.10031,0.34667,76; 26; 27; 83; 6; 51; 75; 48; 19; 53
20,62,0.11814,0.32258,24; 20; 49; 65; 67; 33; 62; 31; 42; 84
21,46,0.13109,0.45652,79; 21; 78; 5; 50; 68; 46; 51; 63; 16
16,66,0.1088,0.24242,65; 16; 58; 47; 58; 5; 66; 45; 72; 7
31,63,0.11577,0.49206,13; 31; 14; 29; 25; 67; 63; 7; 55; 8
9,31,0.14175,0.29032,77; 9; 24; 24; 22; 71; 31; 47; 21; 21
25,76,0.10312,0.32895,65; 25; 19; 73; 46; 32; 76; 13; 68; 23
27,83,0.0851,0.3253,77; 27; 26; 85; 68; 5; 83; 18; 61; 49
18,39,0.13006,0.46154,11; 18; 58; 61; 35; 21; 39; 20; 65; 8
59,75,0.08834,0.78667,11; 59; 48; 5; 39; 11; 75; 24; 83; 22
64,76,0.08648,0.84211,15; 64; 82; 54; 12; 72; 76; 45; 68; 31
19,75,0.09909,0.25333,16; 19; 30; 73; 54; 8; 75; 18; 22; 79
27,81,0.0963,0.33333,24; 27; 67; 82; 29; 30; 81; 79; 15; 80
17,59,0.11587,0.28814,44; 17; 82; 7; 71; 26; 59; 38; 68; 37
30,81,0.09103,0.37037,32; 30; 65; 29; 25; 57; 81; 73; 21; 24
48,61,0.12069,0.78689,21; 48; 59; 38; 47; 20; 61; 37; 53; 32
57,72,0.09053,0.79167,84; 57; 14; 54; 20; 58; 72; 61; 43; 34
31,39,0.13255,0.79487,47; 31; 38; 39; 39; 43; 39; 33; 85; 49
22,69,0.09915,0.31884,51; 22; 35; 78; 38; 42; 69; 14; 49; 82
20,40,0.1386,0.5,43; 20; 16; 32; 77; 37; 40; 55; 62; 70
30,60,0.11958,0.5,48; 30; 46; 6; 72; 48; 60; 79; 55; 56
41,73,0.1064,0.56164,59; 41; 22; 69; 28; 64; 73; 46; 40; 35
20,69,0.10428,0.28986,10; 20; 7; 39; 19; 10; 69; 73; 64; 50
42,51,0.12994,0.82353,19; 42; 22; 69; 37; 34; 51; 9; 65; 52
65,79,0.08109,0.82278,40; 65; 61; 24; 37; 12; 79; 33; 9; 22
17,56,0.12278,0.30357,26; 17; 46; 79; 19; 25; 56; 78; 53; 12
13,46,0.13087,0.28261,30; 13; 7; 43; 37; 71; 46; 85; 58; 33
14,43,0.13038,0.32558,77; 14; 77; 42; 38; 7; 43; 19; 12; 69
38,45,0.14201,0.84444,15; 38; 82; 30; 82; 42; 45; 18; 29; 9
23,79,0.10346,0.29114,39; 23; 51; 83; 8; 34; 79; 37; 24; 66
27,59,0.11946,0.45763,43; 27; 35; 52; 20; 46; 59; 27; 61; 16
13,28,0.13377,0.46429,61; 13; 42; 37; 7; 83; 28; 11; 65; 19
20,80,0.10191,0.25,42; 20; 27; 28; 65; 70; 80; 17; 74; 28
18,54,0.12139,0.33333,25; 18; 29; 80; 49; 6; 54; 78; 12; 65
17,46,0.13312,0.36957,5; 17; 57; 82; 14; 17; 46; 81; 46; 42
15,43,0.13608,0.34884,82; 15; 69; 19; 44; 68; 43; 74; 76; 24
20,62,0.11706,0.32258,78; 20; 85; 46; 27; 27; 62; 71; 76; 77
15,46,0.14052,0.32609,62; 15; 49; 30; 10; 22; 46; 55; 83; 6
16,56,0.12493,0.28571,33; 16; 19; 42; 17; 81; 56; 85; 35; 59
36,72,0.11247,0.5,7; 36; 83; 79; 12; 13; 72; 9; 73; 21
22,63,0.11025,0.34921,71; 22; 29; 50; 31; 79; 63; 29; 62; 65
19,59,0.11795,0.32203,38; 19; 45; 85; 10; 66; 59; 72; 79; 5
17,56,0.12436,0.30357,33; 17; 38; 20; 73; 47; 56; 19; 21; 54
39,69,0.10412,0.56522,66; 39; 48; 58; 55; 25; 69; 50; 85; 46
25,51,0.13079,0.4902,25; 25; 40; 54; 43; 17; 51; 52; 78; 12
16,28,0.13386,0.57143,36; 16; 51; 5; 39; 69; 28; 65; 69; 31
24,73,0.10928,0.32877,32; 24; 15; 43; 9; 34; 73; 31; 34; 31
23,65,0.10925,0.35385,34; 23; 68; 29; 24; 31; 65; 31; 47; 28
14,58,0.1222,0.24138,27; 14; 65; 24; 84; 12; 58; 76; 23; 45
21,60,0.11629,0.35,76; 21; 27; 70; 16; 80; 60; 14; 15; 30
15,43,0.1303,0.34884,16; 15; 75; 32; 36; 67; 43; 45; 52; 20
14,47,0.1324,0.29787,35; 14; 44; 77; 57; 37; 47; 29; 33; 79
18,52,0.12356,0.34615,48; 18; 61; 28; 79; 32; 52; 12; 77; 35
21,72,0.11485,0.29167,16; 21; 38; 78; 69; 23; 72; 76; 12; 67
65,76,0.08203,0.85526,79; 65; 78; 9; 28; 59; 76; 6; 8; 6
60,73,0.09013,0.82192,76; 60; 17; 61; 26; 70; 73; 43; 23; 12
35,76,0.10697,0.46053,40; 35; 22; 71; 76; 39; 76; 30; 16; 20
50,63,0.11015,0.79365,46; 50; 80; 25; 41; 29; 63; 70; 13; 68
22,79,0.09386,0.27848,52; 22; 56; 7; 76; 21; 79; 24; 79; 9
13,54,0.13195,0.24074,47; 13; 51; 71; 57; 41; 54; 59; 61; 22
26,71,0.10378,0.3662,71; 26; 55; 59; 60; 28; 71; 48; 77; 30
7,29,0.13321,0.24138,81; 7; 53; 65; 51; 32; 29; 15; 83; 81
25,45,0.14498,0.55556,7; 25; 58; 69; 55; 57; 45; 82; 54; 36
6,25,0.10695,0.24,21; 6; 62; 36; 69; 72; 25; 36; 80; 19
8,34,0.13601,0.23529,84; 8; 34; 53; 65; 39; 34; 34; 10; 67
35,70,0.11059,0.5,29; 35; 80; 47; 15; 66; 70; 7; 84; 31
21,84,0.09121,0.25,26; 21; 38; 55; 75; 43; 84; 11; 74; 64
17,58,0.11857,0.2931,71; 17; 30; 13; 30; 68; 58; 27; 76; 20
7,28,0.12326,0.25,28; 7; 66; 69; 78; 41; 28; 78; 14; 23
37,80,0.09897,0.4625,26; 37; 64; 57; 27; 69; 80; 72; 19; 19
41,72,0.10405,0.56944,75; 41; 38; 42; 59; 75; 72; 21; 23; 33
47,83,0.09316,0.56627,17; 47; 83; 46; 70; 70; 83; 16; 78; 63
13,35,0.13561,0.37143,18; 13; 57; 67; 26; 17; 35; 40; 18; 41
7,22,0.12422,0.31818,22; 7; 30; 38; 65; 15; 22; 29; 7; 44
65,77,0.08488,0.84416,73; 65; 43; 67; 12; 18; 77; 39; 57; 24
25,45,0.13384,0.55556,7; 25; 10; 13; 27; 61; 45; 82; 51; 64
24,28,0.13191,0.85714,63; 24; 78; 37; 34; 28; 28; 75; 48; 53
17,68,0.11091,0.25,40; 17; 16; 12; 25; 18; 68; 7; 34; 77
26,79,0.10706,0.32911,25; 26; 24; 51; 5; 69; 79; 57; 22; 44
47,56,0.12067,0.83929,61; 47; 41; 55; 6; 60; 56; 24; 50; 61
7,25,0.13022,0.28,52; 7; 18; 79; 54; 6; 25; 46; 66; 28
9,11,0.14272,0.81818,40; 9; 54; 75; 59; 82; 11; 49; 38; 60
18,51,0.12008,0.35294,21; 18; 22; 14; 68; 50; 51; 41; 16; 50
29,59,0.11466,0.49153,25; 29; 72; 9; 69; 46; 59; 55; 21; 58
18,22,0.12669,0.81818,14; 18; 48; 19; 68; 11; 22; 68; 67; 24
22,59,0.11747,0.37288,60; 22; 77; 84; 43; 34; 59; 76; 33; 73
11,45,0.14308,0.24444,67; 11; 26; 72; 60; 10; 45; 44; 33; 46
18,22,0.12622,0.81818,16; 18; 50; 8; 56; 21; 22; 26; 15; 17
40,71,0.10799,0.56338,71; 40; 46; 38; 72; 83; 71; 12; 60; 46
28,49,0.13235,0.57143,11; 28; 5; 40; 76; 65; 49; 25; 7; 51
8,14,0.13403,0.57143,21; 8; 38; 36; 13; 35; 14; 24; 78; 13
23,81,0.09425,0.28395,18; 23; 80; 75; 70; 60; 81; 28; 71; 75
64,74,0.08957,0.86486,52; 64; 71; 64; 13; 66; 74; 55; 40; 44
36,43,0.13879,0.83721,53; 36; 13; 81; 77; 9; 43; 80; 53; 58
35,70,0.11476,0.5,40; 35; 69; 13; 23; 20; 70; 61; 45; 34
22,78,0.09078,0.28205,17; 22; 36; 34; 46; 56; 78; 45; 63; 12
55,64,0.10514,0.85938,47; 55; 80; 66; 44; 9; 64; 36; 20; 47
12,15,0.14352,0.8,52; 12; 36; 32; 47; 6; 15; 80; 7; 72
32,65,0.11361,0.49231,18; 32; 9; 84; 47; 23; 65; 38; 78; 38
61,74,0.09348,0.82432,45; 61; 65; 40; 61; 64; 74; 35; 14; 51
16,46,0.13748,0.34783,39; 16; 71; 16; 5; 29; 46; 52; 16; 10
38,67,0.11047,0.56716,69; 38; 38; 26; 34; 38; 67; 84; 32; 53
54,63,0.11003,0.85714,23; 54; 13; 50; 85; 17; 63; 20; 75; 69
36,73,0.10305,0.49315,27; 36; 26; 6; 32; 70; 73; 9; 19; 34
11,40,0.14003,0.275,46; 11; 73; 47; 58; 46; 40; 56; 58; 76
15,59,0.11984,0.25424,21; 15; 79; 5; 84; 59; 59; 59; 83; 38
20,80,0.09598,0.25,61; 20; 12; 84; 73; 18; 80; 52; 27; 23
41,82,0.09307,0.5,45; 41; 80; 32; 55; 5; 82; 38; 16; 85
40,82,0.09485,0.4878,41; 40; 68; 36; 9; 8; 82; 54; 8; 30
20,70,0.1087,0.28571,79; 20; 54; 24; 30; 78; 70; 60; 79; 27
13,41,0.14278,0.31707,25; 13; 46; 48; 68; 53; 41; 66; 74; 74
23,63,0.11206,0.36508,23; 23; 55; 57; 54; 11; 63; 60; 80; 11
36,78,0.10622,0.46154,73; 36; 60; 63; 78; 34; 78; 61; 18; 29
21,83,0.09227,0.25301,16; 21; 52; 54; 41; 25; 83; 43; 40; 6
41,52,0.12499,0.78846,27; 41; 78; 70; 71; 12; 52; 18; 65; 71
24,76,0.09913,0.31579,18; 24; 75; 31; 53; 26; 76; 60; 11; 45
24,48,0.1408,0.5,52; 24; 71; 28; 30; 64; 48; 52; 85; 13
34,60,0.12141,0.56667,55; 34; 62; 20; 35; 47; 60; 11; 25; 30
29,84,0.09081,0.34524,56; 29; 19; 55; 23; 13; 84; 39; 72; 9
14,28,0.13826,0.5,66; 14; 50; 55; 75; 83; 28; 72; 23; 33
13,47,0.13623,0.2766,55; 13; 6; 60; 80; 39; 47; 57; 21; 58
54,66,0.10673,0.81818,84; 54; 59; 36; 65; 84; 66; 73; 23; 58
21,84,0.08507,0.25,43; 21; 80; 25; 63; 84; 84; 16; 58; 72
63,75,0.08751,0.84,41; 63; 77; 61; 41; 12; 75; 53; 15; 23
10,18,0.13454,0.55556,13; 10; 49; 54; 8; 29; 18; 48; 72; 26
66,83,0.07623,0.79518,70; 66; 59; 62; 80; 57; 83; 43; 15; 8
19,76,0.09965,0.25,36; 19; 46; 68; 22; 38; 76; 69; 6; 18
18,76,0.10681,0.23684,33; 18; 22; 85; 83; 62; 76; 29; 42; 29
59,69,0.0911,0.85507,27; 59; 39; 48; 36; 27; 69; 46; 77; 33
22,39,0.13102,0.5641,9; 22; 5; 49; 26; 48; 39; 10; 73; 53
19,52,0.13196,0.36538,48; 19; 9; 31; 72; 19; 52; 69; 41; 11
38,44,0.14319,0.86364,47; 38; 15; 74; 27; 59; 44; 15; 84; 5
13,53,0.12332,0.24528,64; 13; 59; 23; 44; 69; 53; 48; 74; 35
61,76,0.08905,0.80263,49; 61; 6; 12; 6; 47; 76; 20; 54; 82
11,39,0.13694,0.28205,6; 11; 77; 23; 75; 43; 39; 11; 13; 16
34,69,0.1171,0.49275,83; 34; 12; 62; 85; 66; 69; 71; 69; 74
14,57,0.12086,0.24561,19; 14; 52; 48; 12; 45; 57; 73; 81; 31
16,68,0.1219,0.23529,8; 16; 80; 35; 7; 56; 68; 29; 80; 61
20,67,0.10601,0.29851,64; 20; 5; 79; 21; 51; 67; 46; 39; 17
11,22,0.13323,0.5,31; 11; 25; 53; 25; 23; 22; 49; 82; 52
24,65,0.11369,0.36923,85; 24; 36; 73; 23; 58; 65; 76; 56; 20
32,65,0.11432,0.49231,83; 32; 26; 9; 24; 49; 65; 30; 31; 53
61,71,0.09251,0.85915,79; 61; 73; 80; 80; 6; 71; 21; 44; 13
16,67,0.11194,0.23881,80; 16; 11; 78; 52; 79; 67; 75; 71; 71
27,59,0.12658,0.45763,12; 27; 59; 44; 16; 46; 59; 52; 32; 58
30,82,0.08361,0.36585,79; 30; 52; 32; 57; 9; 82; 31; 36; 15
16,67,0.10796,0.23881,57; 16; 79; 37; 44; 28; 67; 35; 13; 5
25,67,0.10666,0.37313,43; 25; 31; 78; 78; 48; 67; 7; 40; 13
9,37,0.14731,0.24324,71; 9; 85; 46; 56; 80; 37; 54; 66; 10
15,50,0.13059,0.3,9; 15; 12; 18; 6; 76; 50; 16; 65; 43
71,85,0.07282,0.83529,78; 71; 43; 11; 67; 50; 85; 66; 63; 14
16,19,0.13414,0.84211,72; 16; 29; 49; 69; 81; 19; 35; 34; 6
67,78,0.08282,0.85897,48; 67; 23; 33; 40; 50; 78; 48; 24; 76
6,7,0.10491,0.85714,64; 6; 25; 13; 30; 72; 7; 16; 63; 57
61,77,0.08543,0.79221,37; 61; 44; 12; 78; 19; 77; 39; 31; 58
19,54,0.12601,0.35185,66; 19; 5; 52; 47; 84; 54; 81; 21; 72
35,76,0.09783,0.46053,73; 35; 10; 74; 15; 42; 76; 36; 75; 12
19,63,0.11187,0.30159,34; 19; 6; 82; 33; 85; 63; 24; 31; 64
9,26,0.14259,0.34615,11; 9; 55; 46; 21; 36; 26; 12; 59; 13
14,49,0.13327,0.28571,63; 14; 58; 79; 79; 58; 49; 12; 10; 45
48,84,0.0887,0.57143,18; 48; 34; 17; 28; 71; 84; 60; 13; 67
27,82,0.09509,0.32927,78; 27; 78; 69; 15; 53; 82; 47; 18; 37
9,31,0.13737,0.29032,48; 9; 25; 66; 40; 85; 31; 56; 69; 34
34,70,0.1106,0.48571,35; 34; 74; 65; 78; 80; 70; 13; 76; 36
55,69,0.09585,0.7971,81; 55; 12; 69; 84; 49; 69; 8; 7; 17
44,55,0.12493,0.8,85; 44; 80; 44; 80; 55; 55; 13; 68; 15
11,39,0.13985,0.28205,69; 11; 84; 80; 68; 13; 39; 21; 25; 27
38,67,0.12094,0.56716,21; 38; 82; 12; 69; 45; 67; 49; 68; 46
29,59,0.11543,0.49153,54; 29; 27; 74; 51; 19; 59; 70; 78; 36
68,83,0.07898,0.81928,47; 68; 6; 31; 70; 61; 83; 27; 5; 24
11,34,0.14047,0.32353,42; 11; 13; 19; 85; 70; 34; 8; 19; 62
31,83,0.09303,0.37349,79; 31; 11; 69; 68; 15; 83; 6; 41; 33
18,39,0.13642,0.46154,50; 18; 28; 75; 76; 26; 39; 66; 21; 71
12,37,0.13482,0.32432,79; 12; 15; 37; 15; 57; 37; 73; 69; 10
19,58,0.11851,0.32759,14; 19; 45; 35; 31; 24; 58; 46; 71; 21
32,37,0.12576,0.86486,45; 32; 56; 6; 11; 64; 37; 72; 10; 13
22,63,0.11847,0.34921,26; 22; 28; 70; 44; 35; 63; 47; 20; 27
62,76,0.09144,0.81579,62; 62; 51; 15; 83; 15; 76; 28; 32; 75
21,66,0.10754,0.31818,21; 21; 16; 8; 35; 30; 66; 12; 17; 58
19,41,0.13796,0.46341,15; 19; 76; 37; 51; 40; 41; 9; 10; 59
12,36,0.13136,0.33333,54; 12; 64; 35; 35; 71; 36; 37; 12; 36
28,79,0.10351,0.35443,35; 28; 19; 14; 10; 61; 79; 16; 55; 65
63,75,0.08975,0.84,25; 63; 81; 20; 11; 68; 75; 30; 38; 83
16,63,0.11591,0.25397,48; 16; 39; 8; 61; 81; 63; 68; 75; 37
34,61,0.12263,0.55738,14; 34; 11; 81; 24; 39; 61; 23; 85; 33
26,70,0.10823,0.37143,32; 26; 24; 54; 16; 59; 70; 50; 47; 81
63,79,0.08397,0.79747,80; 63; 25; 48; 14; 55; 79; 70; 35; 49
17,60,0.11963,0.28333,82; 17; 78; 36; 8; 65; 60; 18; 39; 15
34,61,0.11612,0.55738,23; 34; 42; 71; 31; 19; 61; 70; 53; 25
20,68,0.11033,0.29412,78; 20; 33; 67; 43; 9; 68; 65; 21; 51
14,46,0.13696,0.30435,30; 14; 18; 57; 15; 34; 46; 31; 35; 41
41,49,0.12966,0.83673,8; 41; 22; 17; 63; 53; 49; 72; 40; 46
23,65,0.11264,0.35385,81; 23; 69; 26; 85; 35; 65; 13; 40; 42
18,32,0.12718,0.5625,35; 18; 69; 82; 65; 85; 32; 60; 74; 48
38,76,0.10932,0.5,84; 38; 58; 65; 11; 35; 76; 36; 82; 40
11,34,0.13902,0.32353,60; 11; 76; 42; 73; 45; 34; 61; 72; 39
47,84,0.09734,0.55952,14; 47; 67; 9; 62; 21; 84; 43; 73; 82
13,44,0.13918,0.29545,65; 13; 56; 63; 39; 39; 44; 62; 63; 54
18,39,0.13413,0.46154,71; 18; 6; 21; 23; 73; 39; 27; 55; 85
29,63,0.11526,0.46032,26; 29; 11; 71; 81; 19; 63; 77; 81; 17
60,73,0.08932,0.82192,77; 60; 81; 57; 50; 35; 73; 44; 41; 11
21,75,0.09708,0.28,69; 21; 76; 85; 18; 60; 75; 16; 14; 73
19,75,0.0941,0.25333,58; 19; 24; 69; 20; 15; 75; 58; 29; 78
24,74,0.1018,0.32432,16; 24; 70; 65; 33; 32; 74; 49; 33; 50
16,19,0.13486,0.84211,15; 16; 5; 78; 51; 28; 19; 79; 73; 50
7,19,0.12685,0.36842,21; 7; 16; 31; 68; 28; 19; 5; 10; 22
36,79,0.09449,0.4557,26; 36; 44; 71; 35; 46; 79; 21; 25; 59
37,65,0.10855,0.56923,11; 37; 60; 55; 28; 15; 65; 31; 76; 58
62,72,0.09278,0.86111,6; 62; 25; 72; 17; 24; 72; 74; 66; 58
12,41,0.1394,0.29268,80; 12; 13; 32; 15; 50; 41; 76; 36; 75
30,65,0.10918,0.46154,58; 30; 23; 57; 39; 61; 65; 52; 13; 59
43,50,0.1395,0.86,37; 43; 28; 36; 18; 53; 50; 77; 9; 30
26,80,0.09099,0.325,70; 26; 37; 48; 50; 83; 80; 57; 38; 59
69,84,0.07525,0.82143,29; 69; 38; 25; 22; 70; 84; 37; 8; 68
22,45,0.13615,0.48889,14; 22; 67; 55; 79; 38; 45; 22; 25; 34
34,68,0.10274,0.5,35; 34; 85; 8; 41; 21; 68; 57; 64; 26
24,68,0.10864,0.35294,80; 24; 71; 37; 66; 31; 68; 84; 28; 30
10,18,0.12867,0.55556,19; 10; 64; 10; 39; 37; 18; 56; 43; 55
20,35,0.13826,0.57143,11; 20; 9; 32; 44; 57; 35; 49; 50; 44
37,66,0.12349,0.56061,75; 37; 55; 72; 40; 41; 66; 68; 13; 81
5,20,0.10312,0.25,73; 5; 83; 15; 5; 23; 20; 48; 69; 10
19,78,0.09937,0.24359,31; 19; 28; 46; 25; 8; 78; 57; 37; 60
43,76,0.10994,0.56579,29; 43; 76; 62; 47; 20; 76; 63; 71; 44
14,40,0.13619,0.35,73; 14; 45; 38; 75; 31; 40; 45; 39; 12
63,75,0.08621,0.84,48; 63; 53; 29; 26; 41; 75; 64; 62; 18
48,60,0.12374,0.8,84; 48; 84; 35; 54; 43; 60; 74; 60; 12
20,83,0.08936,0.24096,12; 20; 27; 83; 55; 60; 83; 84; 24; 50
14,43,0.13405,0.32558,60; 14; 51; 60; 35; 40; 43; 73; 26; 33
19,75,0.10605,0.25333,79; 19; 74; 27; 26; 52; 75; 20; 67; 28
37,65,0.11675,0.56923,83; 37; 17; 8; 14; 53; 65; 38; 49; 52
11,37,0.14617,0.2973,75; 11; 69; 27; 39; 51; 37; 54; 82; 57
30,61,0.11945,0.4918,68; 30; 18; 39; 14; 6; 61; 7; 46; 59
21,72,0.10746,0.29167,79; 21; 32; 23; 84; 34; 72; 55; 27; 39
23,29,0.1327,0.7931,52; 23; 77; 46; 59; 77; 29; 7; 75; 9
31,68,0.11058,0.45588,42; 31; 74; 22; 46; 63; 68; 74; 17; 83
31,68,0.11392,0.45588,12; 31; 6; 43; 26; 32; 68; 68; 5; 63
60,70,0.09706,0.85714,70; 60; 25; 47; 6; 82; 70; 25; 51; 22
8,10,0.1442,0.8,9; 8; 70; 52; 25; 38; 10; 54; 45; 31
17,58,0.12257,0.2931,18; 17; 38; 53; 6; 16; 58; 44; 19; 52
25,76,0.10309,0.32895,44; 25; 49; 82; 37; 35; 76; 49; 5; 6
14,38,0.13132,0.36842,77; 14; 25; 25; 36; 66; 38; 51; 74; 27
22,77,0.09609,0.28571,83; 22; 47; 67; 17; 33; 77; 51; 45; 45
18,21,0.12722,0.85714,37; 18; 59; 17; 32; 43; 21; 5; 22; 76
35,71,0.11478,0.49296,17; 35; 70; 30; 10; 82; 71; 37; 5; 75
14,56,0.12365,0.25,33; 14; 10; 39; 24; 39; 56; 45; 26; 47
22,28,0.13201,0.78571,66; 22; 76; 73; 56; 32; 28; 55; 16; 14
21,76,0.10233,0.27632,12; 21; 69; 19; 5; 28; 76; 45; 22; 65
21,60,0.11799,0.35,45; 21; 20; 53; 45; 16; 60; 6; 19; 35
65,81,0.08,0.80247,74; 65; 45; 41; 51; 14; 81; 21; 52; 58
20,63,0.11413,0.31746,79; 20; 20; 21; 19; 33; 63; 6; 59; 35
67,82,0.0769,0.81707,53; 67; 52; 69; 53; 42; 82; 34; 31; 8
36,79,0.10682,0.4557,7; 36; 62; 6; 83; 70; 79; 67; 43; 13
57,71,0.09875,0.80282,32; 57; 73; 78; 51; 49; 71; 39; 50; 81
38,83,0.09731,0.45783,62; 38; 7; 21; 58; 78; 83; 16; 15; 22
13,47,0.13092,0.2766,59; 13; 19; 32; 43; 64; 47; 47; 39; 80
16,53,0.13115,0.30189,58; 16; 64; 39; 40; 81; 53; 8; 78; 43
23,77,0.10191,0.2987,25; 23; 21; 11; 34; 7; 77; 82; 78; 26
55,69,0.10548,0.7971,49; 55; 44; 49; 26; 22; 69; 42; 41; 63
25,79,0.09821,0.31646,59; 25; 23; 26; 30; 74; 79; 44; 81; 43
25,77,0.09971,0.32468,31; 25; 9; 38; 30; 38; 77; 27; 31; 5
21,70,0.10463,0.3,5; 21; 72; 64; 60; 77; 70; 37; 81; 15
61,77,0.08989,0.79221,49; 61; 64; 78; 37; 84; 77; 46; 75; 78
29,78,0.09728,0.37179,12; 29; 54; 37; 45; 46; 78; 55; 5; 70
54,66,0.10642,0.81818,12; 54; 8; 55; 19; 79; 66; 65; 35; 74
24,84,0.09747,0.28571,25; 24; 76; 75; 84; 52; 84; 61; 81; 25
15,63,0.1162,0.2381,11; 15; 28; 24; 58; 16; 63; 63; 42; 17
5,21,0.09745,0.2381,45; 5; 73; 17; 47; 9; 21; 78; 74; 55
36,63,0.12155,0.57143,67; 36; 24; 40; 50; 82; 63; 54; 27; 30
27,82,0.08983,0.32927,15; 27; 74; 15; 66; 77; 82; 80; 45; 55
20,63,0.10325,0.31746,30; 20; 35; 83; 36; 85; 63; 38; 22; 58
15,60,0.11593,0.25,56; 15; 42; 73; 15; 42; 60; 82; 41; 5
24,65,0.11904,0.36923,78; 24; 41; 15; 17; 7; 65; 13; 22; 41
23,28,0.12813,0.82143,11; 23; 22; 45; 43; 55; 28; 65; 27; 22
22,79,0.09794,0.27848,56; 22; 19; 70; 80; 66; 79; 46; 6; 79
46,81,0.10025,0.5679,7; 46; 39; 50; 5; 76; 81; 69; 70; 21
7,14,0.12706,0.5,35; 7; 76; 11; 56; 61; 14; 26; 9; 17
16,67,0.10922,0.23881,22; 16; 24; 56; 66; 30; 67; 59; 15; 44
26,81,0.09666,0.32099,77; 26; 82; 63; 44; 73; 81; 13; 40; 53
24,82,0.09238,0.29268,42; 24; 37; 14; 30; 80; 82; 28; 82; 40
15,61,0.12066,0.2459,28; 15; 59; 71; 69; 53; 61; 40; 63; 69
40,50,0.13885,0.8,75; 40; 10; 45; 75; 75; 50; 19; 39; 50
18,72,0.10321,0.25,54; 18; 83; 61; 54; 52; 72; 62; 76; 21
44,79,0.0976,0.55696,32; 44; 81; 70; 80; 50; 79; 76; 59; 40
40,72,0.10429,0.55556,9; 40; 5; 13; 79; 40; 72; 18; 82; 36
33,71,0.1091,0.46479,34; 33; 44; 7; 78; 7; 71; 33; 12; 68
8,24,0.13196,0.33333,14; 8; 73; 18; 13; 17; 24; 32; 56; 64
10,31,0.13785,0.32258,56; 10; 7; 80; 75; 22; 31; 82; 70; 14
18,62,0.11173,0.29032,37; 18; 8; 72; 21; 82; 62; 73; 27; 14
23,29,0.13718,0.7931,56; 23; 19; 63; 10; 54; 29; 22; 46; 7
44,77,0.10169,0.57143,27; 44; 65; 35; 83; 54; 77; 48; 75; 14
23,50,0.13209,0.46,10; 23; 59; 68; 52; 26; 50; 15; 50; 32
65,81,0.08149,0.80247,54; 65; 47; 59; 32; 74; 81; 48; 54; 69
20,54,0.12354,0.37037,59; 20; 27; 34; 40; 39; 54; 60; 84; 59
7,20,0.12618,0.35,57; 7; 47; 52; 5; 16; 20; 51; 47; 56
14,56,0.12693,0.25,41; 14; 82; 49; 20; 65; 56; 51; 50; 26
31,39,0.13647,0.79487,42; 31; 36; 82; 10; 62; 39; 48; 35; 40
25,84,0.09462,0.29762,85; 25; 38; 74; 9; 8; 84; 72; 60; 28
24,75,0.10058,0.32,73; 24; 79; 16; 65; 13; 75; 7; 58; 47
12,34,0.14018,0.35294,33; 12; 8; 50; 61; 85; 34; 51; 14; 42
14,48,0.13612,0.29167,79; 14; 78; 82; 72; 22; 48; 15; 11; 84
10,18,0.13979,0.55556,56; 10; 43; 22; 84; 24; 18; 84; 72; 8
25,76,0.10075,0.32895,8; 25; 21; 75; 48; 80; 76; 55; 68; 71
41,52,0.13511,0.78846,49; 41; 39; 24; 57; 66; 52; 61; 62; 38
8,32,0.13367,0.25,37; 8; 65; 62; 70; 76; 32; 52; 43; 80
17,56,0.12088,0.30357,30; 17; 38; 6; 33; 72; 56; 47; 48; 63
67,78,0.08193,0.85897,57; 67; 42; 47; 79; 18; 78; 80; 13; 53
29,63,0.12323,0.46032,8; 29; 36; 49; 36; 62; 63; 67; 37; 54
21,65,0.11448,0.32308,49; 21; 19; 15; 79; 10; 65; 49; 81; 60
34,61,0.12167,0.55738,12; 34; 68; 19; 56; 56; 61; 38; 77; 42
63,80,0.08148,0.7875,23; 63; 27; 56; 70; 61; 80; 49; 74; 7
16,55,0.12919,0.29091,12; 16; 63; 14; 5; 35; 55; 56; 64; 65
62,76,0.08429,0.81579,67; 62; 54; 35; 35; 56; 76; 59; 81; 40
57,72,0.09567,0.79167,58; 57; 71; 68; 27; 30; 72; 51; 66; 36
61,77,0.089,0.79221,76; 61; 19; 55; 54; 63; 77; 70; 17; 51
46,56,0.12644,0.82143,64; 46; 11; 40; 64; 58; 56; 32; 38; 57
13,28,0.13521,0.46429,38; 13; 82; 68; 63; 74; 28; 35; 55; 47
36,73,0.10146,0.49315,83; 36; 26; 77; 22; 69; 73; 52; 73; 37
14,59,0.12392,0.23729,65; 14; 80; 66; 76; 54; 59; 33; 28; 13
31,84,0.08433,0.36905,55; 31; 13; 72; 33; 23; 84; 35; 50; 16
15,61,0.1081,0.2459,45; 15; 8; 23; 6; 11; 61; 22; 56; 83
56,68,0.104,0.82353,65; 56; 54; 58; 24; 42; 68; 62; 83; 50
18,54,0.12584,0.33333,71; 18; 22; 15; 68; 45; 54; 22; 52; 72
13,28,0.13649,0.46429,27; 13; 60; 24; 84; 82; 28; 54; 53; 9
16,57,0.12511,0.2807,9; 16; 54; 79; 76; 83; 57; 25; 34; 26
30,35,0.14212,0.85714,28; 30; 49; 14; 33; 77; 35; 13; 52; 19
20,72,0.10418,0.27778,41; 20; 21; 14; 49; 11; 72; 74; 34; 31
29,82,0.10522,0.35366,75; 29; 31; 69; 34; 32; 82; 39; 35; 63
68,81,0.07886,0.83951,20; 68; 56; 80; 44; 67; 81; 25; 65; 32
19,69,0.10449,0.27536,72; 19; 16; 61; 54; 13; 69; 59; 7; 47
19,57,0.12526,0.33333,71; 19; 61; 44; 59; 80; 57; 31; 83; 49
59,69,0.1024,0.85507,62; 59; 64; 79; 38; 20; 69; 82; 58; 58
48,60,0.11859,0.8,45; 48; 85; 56; 45; 56; 60; 13; 20; 44
13,45,0.13122,0.28889,24; 13; 63; 9; 51; 46; 45; 71; 19; 81
7,25,0.12308,0.28,36; 7; 28; 79; 75; 35; 25; 56; 51; 38
25,29,0.13451,0.86207,63; 25; 25; 58; 75; 17; 29; 72; 22; 74
47,82,0.09798,0.57317,73; 47; 9; 56; 36; 65; 82; 70; 61; 61
19,80,0.09294,0.2375,44; 19; 38; 62; 46; 80; 80; 25; 78; 34
18,61,0.10965,0.29508,84; 18; 15; 76; 71; 29; 61; 82; 59; 55
53,67,0.10974,0.79104,62; 53; 70; 70; 83; 64; 67; 22; 51; 22
45,79,0.09839,0.56962,35; 45; 33; 76; 9; 39; 79; 39; 69; 9
6,25,0.11745,0.24,39; 6; 79; 65; 61; 24; 25; 69; 16; 76
34,74,0.10744,0.45946,82; 34; 70; 39; 46; 70; 74; 44; 68; 32
9,16,0.13972,0.5625,40; 9; 80; 9; 63; 71; 16; 36; 41; 72
17,68,0.10289,0.25,75; 17; 16; 59; 41; 44; 68; 26; 59; 9
19,63,0.11419,0.30159,47; 19; 68; 50; 46; 61; 63; 51; 29; 62
20,63,0.11572,0.31746,70; 20; 71; 30; 41; 58; 63; 36; 59; 51
39,84,0.09806,0.46429,65; 39; 35; 76; 23; 58; 84; 46; 43; 70
20,72,0.0978,0.27778,82; 20; 14; 17; 73; 54; 72; 20; 81; 53
17,61,0.1191,0.27869,6; 17; 81; 47; 60; 23; 61; 65; 14; 27
33,41,0.12958,0.80488,11; 33; 60; 50; 42; 27; 41; 28; 37; 65
11,37,0.13726,0.2973,63; 11; 51; 84; 29; 20; 37; 63; 26; 56
69,82,0.07793,0.84146,83; 69; 17; 41; 67; 6; 82; 64; 14; 12
44,77,0.10229,0.57143,21; 44; 59; 48; 12; 72; 77; 65; 85; 43
20,82,0.09604,0.2439,85; 20; 59; 71; 70; 17; 82; 68; 61; 16
53,65,0.10821,0.81538,37; 53; 24; 15; 24; 23; 65; 44; 15; 50
14,58,0.1236,0.24138,43; 14; 17; 15; 39; 27; 58; 71; 16; 19
6,20,0.11078,0.3,21; 6; 13; 51; 56; 17; 20; 64; 50; 67
6,20,0.11478,0.3,39; 6; 73; 39; 34; 48; 20; 11; 46; 69
19,39,0.13833,0.48718,14; 19; 37; 85; 63; 85; 39; 80; 52; 78
25,75,0.10804,0.33333,21; 25; 64; 27; 18; 76; 75; 14; 56; 50
18,74,0.09994,0.24324,61; 18; 67; 85; 80; 35; 74; 28; 43; 62
32,37,0.13487,0.86486,34; 32; 65; 33; 66; 82; 37; 46; 54; 24
17,69,0.11065,0.24638,78; 17; 71; 76; 49; 67; 69; 34; 69; 24
63,75,0.08858,0.84,37; 63; 56; 67; 6; 59; 75; 41; 23; 24
19,79,0.1005,0.24051,9; 19; 26; 52; 76; 24; 79; 17; 24; 49
13,52,0.12573,0.25,72; 13; 51; 44; 60; 82; 52; 78; 57; 15
19,68,0.11612,0.27941,59; 19; 44; 32; 60; 84; 68; 68; 23; 8
27,54,0.13051,0.5,8; 27; 10; 68; 51; 8; 54; 18; 81; 11
18,71,0.10563,0.25352,69; 18; 50; 50; 17; 21; 71; 46; 17; 54
49,62,0.11855,0.79032,26; 49; 48; 49; 9; 6; 62; 45; 18; 27
23,83,0.08948,0.27711,9; 23; 50; 39; 36; 49; 83; 16; 53; 74
6,21,0.11502,0.28571,56; 6; 14; 72; 38; 61; 21; 56; 43; 85
29,83,0.09319,0.3494,15; 29; 55; 14; 35; 82; 83; 68; 67; 9
34,43,0.12718,0.7907,43; 34; 83; 26; 75; 52; 43; 46; 47; 56
39,84,0.09439,0.46429,35; 39; 6; 66; 51; 62; 84; 68; 65; 58
22,74,0.0982,0.2973,52; 22; 19; 73; 85; 82; 74; 54; 8; 14
20,84,0.09165,0.2381,41; 20; 47; 29; 30; 23; 84; 39; 54; 24
35,63,0.12281,0.55556,14; 35; 62; 34; 62; 78; 63; 60; 70; 8
38,77,0.10342,0.49351,44; 38; 83; 62; 42; 14; 77; 45; 67; 74
39,68,0.10446,0.57353,79; 39; 7; 52; 77; 9; 68; 37; 35; 78
63,75,0.07804,0.84,79; 63; 21; 18; 80; 59; 75; 56; 85; 80
63,77,0.0847,0.81818,44; 63; 78; 11; 24; 33; 77; 31; 61; 6
45,55,0.13592,0.81818,62; 45; 45; 60; 27; 39; 55; 55; 72; 65
48,57,0.11823,0.84211,53; 48; 63; 18; 66; 45; 57; 52; 33; 57
39,68,0.10846,0.57353,36; 39; 68; 44; 51; 69; 68; 75; 20; 53
42,85,0.09437,0.49412,79; 42; 20; 30; 31; 85; 85; 19; 65; 70
27,55,0.13539,0.49091,20; 27; 78; 74; 40; 66; 55; 27; 62; 31
24,82,0.08739,0.29268,42; 24; 81; 9; 73; 18; 82; 39; 22; 55
45,55,0.13214,0.81818,58; 45; 20; 77; 30; 55; 55; 37; 78; 40
7,29,0.12237,0.24138,32; 7; 24; 52; 7; 23; 29; 8; 66; 13
20,25,0.12173,0.8,59; 20; 59; 56; 62; 73; 25; 38; 46; 60
36,74,0.10916,0.48649,50; 36; 71; 20; 60; 51; 74; 66; 11; 29
24,85,0.09659,0.28235,56; 24; 79; 69; 23; 73; 85; 22; 49; 43
19,80,0.09103,0.2375,33; 19; 60; 33; 31; 61; 80; 25; 68; 48
20,69,0.10628,0.28986,32; 20; 52; 40; 8; 31; 69; 61; 68; 27
37,80,0.10383,0.4625,82; 37; 29; 12; 16; 74; 80; 29; 6; 18
26,70,0.10659,0.37143,17; 26; 7; 29; 40; 8; 70; 34; 82; 76
47,83,0.09357,0.56627,68; 47; 14; 62; 56; 64; 83; 81; 22; 54
24,43,0.13808,0.55814,19; 24; 17; 19; 73; 31; 43; 25; 72; 43
7,28,0.13373,0.25,30; 7; 52; 50; 6; 10; 28; 46; 7; 9
21,46,0.13252,0.45652,16; 21; 73; 5; 32; 20; 46; 40; 6; 59
20,54,0.12226,0.37037,30; 20; 15; 24; 13; 12; 54; 79; 31; 69
35,62,0.11811,0.56452,14; 35; 17; 27; 13; 71; 62; 72; 64; 46
67,80,0.07708,0.8375,85; 67; 13; 36; 85; 32; 80; 26; 21; 27
19,79,0.10224,0.24051,42; 19; 64; 9; 20; 20; 79; 51; 31; 84
25,82,0.09395,0.30488,67; 25; 63; 9; 37; 29; 82; 77; 53; 77
15,52,0.13374,0.28846,15; 15; 27; 5; 39; 72; 52; 22; 58; 76
33,67,0.1166,0.49254,51; 33; 53; 66; 76; 9; 67; 27; 78; 35
24,75,0.11077,0.32,13; 24; 26; 35; 34; 10; 75; 67; 80; 26
42,53,0.12677,0.79245,80; 42; 39; 69; 71; 17; 53; 18; 23; 64
6,17,0.11646,0.35294,36; 6; 45; 38; 64; 20; 17; 21; 82; 81
19,57,0.11559,0.33333,38; 19; 39; 57; 63; 75; 57; 22; 17; 7
40,49,0.13602,0.81633,73; 40; 38; 50; 60; 35; 49; 36; 58; 24
38,77,0.10355,0.49351,35; 38; 68; 25; 5; 67; 77; 42; 18; 57
73,85,0.07611,0.85882,71; 73; 82; 9; 64; 75; 85; 73; 47; 42
26,80,0.10115,0.325,47; 26; 78; 30; 80; 23; 80; 15; 77; 23
22,76,0.0999,0.28947,31; 22; 13; 6; 38; 68; 76; 12; 75; 55
45,81,0.10171,0.55556,85; 45; 65; 64; 15; 18; 81; 39; 46; 17
19,58,0.11967,0.32759,24; 19; 77; 48; 78; 84; 58; 61; 83; 24
18,21,0.13068,0.85714,60; 18; 48; 74; 29; 39; 21; 16; 56; 13
20,67,0.11273,0.29851,35; 20; 30; 9; 7; 48; 67; 18; 16; 28
34,60,0.12109,0.56667,54; 34; 29; 21; 44; 11; 60; 37; 33; 51
29,58,0.12972,0.5,61; 29; 46; 12; 76; 54; 58; 31; 12; 74
50,61,0.1166,0.81967,62; 50; 62; 54; 25; 41; 61; 29; 37; 65
17,35,0.14177,0.48571,77; 17; 45; 63; 39; 36; 35; 85; 78; 8
21,85,0.0892,0.24706,44; 21; 67; 63; 45; 39; 85; 43; 76; 18
59,74,0.08921,0.7973,78; 59; 39; 59; 49; 68; 74; 34; 75; 80
24,49,0.12418,0.4898,64; 24; 58; 8; 83; 42; 49; 35; 11; 29
24,83,0.09747,0.28916,63; 24; 52; 9; 13; 53; 83; 40; 26; 22
36,79,0.09947,0.4557,70; 36; 16; 80; 84; 7; 79; 36; 16; 54
43,50,0.13701,0.86,21; 43; 49; 64; 45; 16; 50; 36; 9; 34
17,59,0.11839,0.28814,39; 17; 61; 40; 28; 33; 59; 48; 60; 59
41,50,0.13679,0.82,6; 41; 9; 50; 46; 6; 50; 47; 66; 58
30,60,0.12276,0.5,21; 30; 31; 81; 51; 16; 60; 72; 29; 44
18,56,0.1235,0.32143,12; 18; 57; 45; 68; 64; 56; 69; 26; 65
37,75,0.09571,0.49333,59; 37; 26; 44; 15; 29; 75; 23; 44; 69
13,47,0.1374,0.2766,66; 13; 69; 27; 49; 78; 47; 22; 40; 67
36,73,0.10715,0.49315,55; 36; 30; 5; 65; 31; 73; 15; 46; 84
6,24,0.12549,0.25,31; 6; 44; 43; 47; 69; 24; 19; 77; 78
39,80,0.10741,0.4875,24; 39; 21; 73; 73; 84; 80; 71; 48; 70
14,46,0.13189,0.30435,6; 14; 41; 58; 48; 67; 46; 77; 52; 39
57,66,0.10405,0.86364,54; 57; 11; 78; 11; 36; 66; 56; 62; 12
10,35,0.13962,0.28571,9; 10; 26; 54; 36; 58; 35; 42; 56; 85
11,14,0.13232,0.78571,77; 11; 62; 25; 21; 28; 14; 50; 23; 82
22,77,0.10165,0.28571,34; 22; 24; 6; 36; 73; 77; 6; 34; 52
37,81,0.09474,0.45679,45; 37; 70; 16; 70; 30; 81; 28; 34; 32
16,28,0.13849,0.57143,53; 16; 56; 80; 53; 61; 28; 46; 8; 85
48,57,0.119,0.84211,68; 48; 59; 23; 17; 59; 57; 14; 28; 58
37,66,0.11068,0.56061,47; 37; 20; 63; 77; 77; 66; 43; 62; 78
18,52,0.12616,0.34615,34; 18; 49; 32; 58; 12; 52; 49; 70; 7
7,14,0.12226,0.5,52; 7; 42; 7; 13; 78; 14; 68; 36; 35
56,71,0.10439,0.78873,32; 56; 25; 6; 82; 6; 71; 61; 45; 49
68,79,0.08349,0.86076,52; 68; 80; 63; 24; 69; 79; 84; 67; 7
30,38,0.13401,0.78947,65; 30; 48; 66; 26; 63; 38; 24; 69; 67
70,83,0.0778,0.84337,69; 70; 63; 68; 44; 8; 83; 29; 50; 11
7,23,0.12719,0.30435,53; 7; 53; 63; 42; 78; 23; 31; 75; 85
23,76,0.1036,0.30263,58; 23; 33; 71; 27; 44; 76; 30; 14; 64
5,21,0.09791,0.2381,43; 5; 41; 9; 15; 56; 21; 71; 29; 11
16,63,0.1147,0.25397,18; 16; 64; 49; 32; 5; 63; 37; 14; 8
8,14,0.12706,0.57143,12; 8; 44; 33; 36; 13; 14; 59; 41; 72
12,36,0.13772,0.33333,78; 12; 61; 14; 12; 79; 36; 10; 79; 83
17,53,0.12946,0.32075,44; 17; 78; 12; 78; 14; 53; 33; 64; 6
22,78,0.09707,0.28205,20; 22; 70; 46; 61; 84; 78; 43; 40; 76
22,59,0.11862,0.37288,43; 22; 52; 40; 62; 72; 59; 83; 35; 54
7,20,0.12726,0.35,66; 7; 17; 15; 45; 31; 20; 17; 5; 31
25,51,0.13191,0.4902,74; 25; 29; 73; 6; 29; 51; 57; 78; 54
17,46,0.13329,0.36957,76; 17; 21; 59; 63; 9; 46; 22; 25; 48
67,80,0.07777,0.8375,31; 67; 9; 68; 21; 51; 80; 41; 42; 54
54,66,0.10867,0.81818,51; 54; 82; 78; 16; 37; 66; 64; 70; 36
19,63,0.11921,0.30159,56; 19; 83; 46; 65; 24; 63; 37; 41; 62
31,36,0.14084,0.86111,58; 31; 50; 43; 51; 37; 36; 82; 67; 18
65,81,0.08139,0.80247,27; 65; 10; 60; 73; 35; 81; 60; 75; 80
6,24,0.10904,0.25,22; 6; 66; 52; 59; 27; 24; 76; 42; 49
20,69,0.10843,0.28986,16; 20; 19; 24; 31; 21; 69; 61; 56; 76
16,65,0.1125,0.24615,33; 16; 67; 30; 76; 75; 65; 52; 5; 46
15,41,0.13211,0.36585,9; 15; 31; 30; 72; 18; 41; 16; 27; 43
25,51,0.13902,0.4902,40; 25; 23; 35; 61; 6; 51; 17; 44; 79
11,39,0.14053,0.28205,43; 11; 54; 38; 31; 55; 39; 20; 25; 57
31,67,0.11587,0.46269,66; 31; 42; 84; 72; 32; 67; 8; 46; 43
12,36,0.14378,0.33333,5; 12; 72; 24; 46; 50; 36; 37; 56; 38
31,63,0.11613,0.49206,23; 31; 7; 49; 51; 17; 63; 58; 62; 23
18,71,0.10189,0.25352,63; 18; 24; 40; 5; 80; 71; 43; 29; 44
42,53,0.13036,0.79245,68; 42; 82; 28; 28; 58; 53; 84; 15; 66
37,66,0.1189,0.56061,31; 37; 45; 8; 56; 30; 66; 41; 54; 72
19,77,0.10188,0.24675,40; 19; 84; 21; 13; 79; 77; 55; 43; 55
46,80,0.09961,0.575,66; 46; 75; 70; 63; 40; 80; 49; 18; 33
16,55,0.121,0.29091,47; 16; 41; 38; 38; 6; 55; 35; 54; 5
21,83,0.09107,0.25301,44; 21; 81; 17; 12; 78; 83; 51; 37; 14
63,79,0.08698,0.79747,40; 63; 77; 54; 5; 74; 79; 84; 53; 77
18,57,0.11559,0.31579,66; 18; 60; 57; 73; 83; 57; 79; 54; 55
49,61,0.11867,0.80328,71; 49; 34; 38; 20; 78; 61; 68; 39; 73
22,75,0.09703,0.29333,70; 22; 37; 13; 63; 41; 75; 53; 17; 28
10,20,0.12967,0.5,77; 10; 65; 16; 83; 47; 20; 24; 80; 65
15,30,0.14283,0.5,47; 15; 84; 28; 35; 57; 30; 32; 28; 70
30,85,0.09434,0.35294,83; 30; 47; 32; 68; 60; 85; 44; 27; 27
31,55,0.12741,0.56364,84; 31; 6; 80; 74; 21; 55; 33; 33; 27
24,42,0.12977,0.57143,25; 24; 16; 34; 19; 9; 42; 74; 39; 33
15,41,0.13828,0.36585,37; 15; 66; 53; 32; 6; 41; 54; 65; 22
19,67,0.1062,0.28358,21; 19; 10; 19; 67; 42; 67; 75; 73; 75
27,82,0.10133,0.32927,63; 27; 71; 60; 33; 48; 82; 81; 61; 80
42,74,0.10937,0.56757,19; 42; 13; 60; 61; 43; 74; 64; 36; 73
31,39,0.13689,0.79487,47; 31; 35; 53; 35; 37; 39; 31; 29; 76
24,84,0.08616,0.28571,19; 24; 44; 6; 9; 69; 84; 25; 54; 43
11,14,0.13836,0.78571,40; 11; 58; 22; 19; 13; 14; 83; 38; 15
21,75,0.09756,0.28,19; 21; 64; 75; 47; 58; 75; 75; 34; 13
23,81,0.0927,0.28395,36; 23; 66; 12; 65; 78; 81; 46; 55; 18
45,57,0.12595,0.78947,40; 45; 74; 81; 75; 42; 57; 34; 31; 77
17,51,0.12615,0.33333,41; 17; 76; 49; 46; 34; 51; 43; 22; 64
6,20,0.11272,0.3,64; 6; 82; 25; 64; 15; 20; 78; 43; 43
46,58,0.12373,0.7931,79; 46; 31; 11; 28; 55; 58; 74; 75; 69
23,81,0.09101,0.28395,56; 23; 6; 22; 55; 23; 81; 43; 66; 33
53,65,0.10837,0.81538,56; 53; 37; 14; 80; 10; 65; 53; 14; 71
24,73,0.10192,0.32877,11; 24; 66; 35; 62; 58; 73; 48; 50; 8
23,28,0.13714,0.82143,79; 23; 15; 48; 8; 51; 28; 7; 79; 65
47,59,0.11365,0.79661,59; 47; 48; 31; 26; 30; 59; 11; 82; 14
22,39,0.13662,0.5641,74; 22; 46; 48; 75; 21; 39; 36; 85; 54
33,42,0.13052,0.78571,21; 33; 68; 41; 22; 19; 42; 26; 17; 65
19,60,0.12138,0.31667,73; 19; 53; 6; 29; 7; 60; 27; 60; 44
9,32,0.14026,0.28125,19; 9; 60; 36; 41; 29; 32; 85; 44; 24
35,71,0.10161,0.49296,70; 35; 38; 69; 27; 15; 71; 62; 35; 24
36,45,0.13718,0.8,23; 36; 83; 17; 12; 82; 45; 50; 6; 17
47,84,0.09414,0.55952,38; 47; 26; 31; 19; 18; 84; 69; 39; 66
40,82,0.09067,0.4878,70; 40; 42; 9; 72; 47; 82; 19; 9; 56
58,73,0.09363,0.79452,68; 58; 85; 7; 7; 71; 73; 78; 53; 41
33,68,0.10393,0.48529,71; 33; 9; 57; 16; 8; 68; 46; 73; 12
61,74,0.09255,0.82432,6; 61; 48; 77; 5; 84; 74; 59; 75; 9
24,52,0.12695,0.46154,5; 24; 19; 50; 11; 49; 52; 53; 38; 44
16,20,0.13524,0.8,75; 16; 31; 60; 44; 51; 20; 30; 78; 15
15,51,0.12841,0.29412,17; 15; 29; 38; 15; 16; 51; 38; 73; 54
37,81,0.10306,0.45679,35; 37; 31; 47; 41; 33; 81; 47; 10; 23
17,56,0.12663,0.30357,21; 17; 54; 58; 65; 50; 56; 20; 52; 25
24,48,0.1227,0.5,40; 24; 17; 77; 29; 41; 48; 71; 9; 79
10,20,0.13847,0.5,78; 10; 79; 6; 55; 37; 20; 38; 67; 55
42,74,0.10977,0.56757,53; 42; 10; 49; 66; 79; 74; 25; 73; 56
26,71,0.10248,0.3662,13; 26; 30; 47; 47; 24; 71; 45; 43; 41
28,49,0.13342,0.57143,80; 28; 30; 52; 82; 55; 49; 29; 19; 21
8,27,0.13893,0.2963,74; 8; 60; 78; 29; 41; 27; 70; 28; 80
68,85,0.07718,0.8,53; 68; 18; 48; 82; 68; 85; 28; 78; 14
21,65,0.11233,0.32308,19; 21; 59; 48; 11; 55; 65; 7; 27; 50
25,77,0.09969,0.32468,57; 25; 34; 44; 9; 61; 77; 75; 69; 39
33,66,0.1141,0.5,52; 33; 74; 50; 34; 33; 66; 44; 36; 15
30,85,0.103,0.35294,83; 30; 42; 54; 26; 10; 85; 59; 50; 74
29,59,0.11921,0.49153,23; 29; 32; 10; 27; 14; 59; 43; 63; 76
18,75,0.10095,0.24,13; 18; 20; 84; 21; 10; 75; 68; 6; 31
21,43,0.13045,0.48837,29; 21; 18; 75; 44; 77; 43; 80; 40; 18
16,48,0.13254,0.33333,17; 16; 84; 33; 8; 71; 48; 11; 41; 51
16,54,0.1302,0.2963,74; 16; 53; 78; 41; 8; 54; 13; 10; 5
22,60,0.11887,0.36667,76; 22; 37; 72; 67; 37; 60; 35; 43; 23
17,61,0.1168,0.27869,13; 17; 31; 21; 13; 23; 61; 63; 48; 10
31,39,0.12687,0.79487,17; 31; 35; 34; 78; 75; 39; 9; 13; 76
34,60,0.11908,0.56667,23; 34; 30; 59; 63; 57; 60; 18; 51; 30
10,36,0.14208,0.27778,23; 10; 83; 46; 24; 59; 36; 23; 51; 63
13,23,0.13281,0.56522,72; 13; 32; 78; 54; 13; 23; 26; 84; 78
20,82,0.08513,0.2439,24; 20; 63; 69; 56; 83; 82; 20; 61; 45
13,26,0.1359,0.5,43; 13; 51; 58; 9; 45; 26; 58; 51; 85
21,46,0.13475,0.45652,72; 21; 11; 57; 22; 30; 46; 32; 71; 18
27,84,0.09149,0.32143,70; 27; 45; 85; 85; 36; 84; 54; 22; 81
35,72,0.10977,0.48611,57; 35; 29; 61; 78; 19; 72; 78; 65; 66
30,60,0.1245,0.5,85; 30; 24; 48; 5; 61; 60; 73; 17; 62
29,84,0.09332,0.34524,61; 29; 78; 65; 5; 42; 84; 32; 70; 64
30,54,0.13502,0.55556,84; 30; 73; 34; 38; 39; 54; 20; 32; 48
24,42,0.13418,0.57143,71; 24; 58; 51; 9; 5; 42; 23; 11; 55
19,67,0.11073,0.28358,46; 19; 44; 85; 62; 12; 67; 73; 45; 8
24,82,0.10199,0.29268,47; 24; 66; 15; 13; 23; 82; 40; 15; 78
32,70,0.10614,0.45714,30; 32; 50; 19; 76; 48; 70; 9; 77; 11
9,32,0.13876,0.28125,57; 9; 76; 50; 27; 58; 32; 7; 84; 28
27,55,0.13655,0.49091,62; 27; 69; 68; 20; 27; 55; 20; 57; 50
68,79,0.08044,0.86076,44; 68; 61; 11; 71; 12; 79; 70; 70; 37
67,85,0.07712,0.78824,34; 67; 15; 16; 60; 8; 85; 28; 47; 69
10,33,0.13703,0.30303,42; 10; 82; 13; 29; 36; 33; 81; 17; 46
13,47,0.137,0.2766,19; 13; 64; 21; 79; 85; 47; 78; 84; 46
13,45,0.13412,0.28889,24; 13; 73; 84; 28; 51; 45; 65; 35; 57
20,35,0.12545,0.57143,78; 20; 83; 23; 34; 45; 35; 72; 78; 7
17,57,0.11806,0.29825,65; 17; 10; 54; 31; 37; 57; 41; 21; 11
16,32,0.13332,0.5,76; 16; 56; 52; 10; 54; 32; 51; 35; 57
44,51,0.12864,0.86275,55; 44; 27; 15; 26; 14; 51; 13; 24; 70
34,43,0.13578,0.7907,72; 34; 75; 81; 24; 33; 43; 31; 17; 83
42,84,0.09561,0.5,83; 42; 12; 27; 5; 7; 84; 28; 41; 74
13,55,0.13623,0.23636,11; 13; 44; 59; 58; 35; 55; 40; 49; 23
22,59,0.12147,0.37288,14; 22; 37; 81; 82; 81; 59; 63; 67; 14
25,78,0.10197,0.32051,37; 25; 72; 51; 45; 10; 78; 79; 26; 73
18,73,0.10188,0.24658,71; 18; 30; 11; 84; 30; 73; 62; 67; 59
20,83,0.09274,0.24096,68; 20; 9; 50; 28; 67; 83; 67; 28; 21
53,67,0.11141,0.79104,70; 53; 68; 63; 65; 14; 67; 9; 40; 54
25,68,0.10615,0.36765,82; 25; 45; 26; 29; 51; 68; 85; 83; 13
19,63,0.11262,0.30159,23; 19; 66; 68; 16; 29; 63; 20; 31; 41
16,68,0.1084,0.23529,11; 16; 54; 27; 31; 69; 68; 14; 15; 67
7,14,0.12489,0.5,78; 7; 73; 69; 16; 67; 14; 47; 40; 39
66,77,0.08001,0.85714,80; 66; 30; 44; 9; 74; 77; 34; 54; 67
11,40,0.14056,0.275,23; 11; 55; 9; 81; 75; 40; 48; 22; 27
18,56,0.12142,0.32143,59; 18; 51; 37; 18; 15; 56; 25; 72; 36
41,73,0.10425,0.56164,85; 41; 48; 28; 11; 6; 73; 59; 71; 37
22,63,0.10881,0.34921,77; 22; 78; 6; 63; 60; 63; 71; 66; 43
38,76,0.10097,0.5,70; 38; 50; 20; 82; 13; 76; 31; 33; 23
60,76,0.08323,0.78947,8; 60; 24; 72; 82; 7; 76; 31; 23; 55
27,84,0.09742,0.32143,35; 27; 82; 80; 45; 29; 84; 54; 32; 18
55,69,0.10202,0.7971,43; 55; 12; 64; 57; 52; 69; 81; 9; 11
18,57,0.11939,0.31579,55; 18; 36; 5; 57; 12; 57; 16; 59; 81
39,49,0.13356,0.79592,25; 39; 58; 7; 55; 82; 49; 20; 23; 11
21,83,0.09023,0.25301,51; 21; 36; 44; 62; 49; 83; 39; 41; 74
12,26,0.13111,0.46154,45; 12; 76; 53; 25; 56; 26; 58; 8; 40
64,76,0.09067,0.84211,9; 64; 63; 84; 56; 16; 76; 71; 34; 59
22,45,0.13344,0.48889,40; 22; 61; 67; 71; 55; 45; 45; 37; 81
18,21,0.12725,0.85714,38; 18; 39; 54; 20; 38; 21; 35; 15; 77
46,55,0.13222,0.83636,79; 46; 66; 55; 8; 46; 55; 47; 57; 37
58,73,0.09478,0.79452,30; 58; 57; 68; 17; 80; 73; 27; 15; 65
13,35,0.13349,0.37143,18; 13; 26; 41; 46; 53; 35; 39; 47; 37
36,79,0.10997,0.4557,27; 36; 67; 5; 24; 37; 79; 45; 65; 12
28,61,0.12247,0.45902,78; 28; 29; 25; 35; 53; 61; 16; 47; 16
50,58,0.12067,0.86207,21; 50; 5; 73; 15; 68; 58; 27; 41; 70
16,58,0.11991,0.27586,11; 16; 48; 7; 74; 69; 58; 65; 48; 82
21,70,0.10631,0.3,54; 21; 59; 27; 18; 20; 70; 66; 77; 64
7,20,0.1308,0.35,32; 7; 80; 79; 72; 8; 20; 24; 66; 44
18,52,0.12734,0.34615,68; 18; 58; 77; 76; 28; 52; 29; 33; 56
49,61,0.11683,0.80328,49; 49; 28; 85; 75; 76; 61; 40; 62; 49
55,64,0.11039,0.85938,82; 55; 31; 40; 24; 42; 64; 32; 29; 18
30,85,0.09367,0.35294,34; 30; 8; 81; 51; 77; 85; 18; 71; 26
42,74,0.10525,0.56757,27; 42; 43; 59; 17; 84; 74; 26; 68; 60
32,69,0.10949,0.46377,17; 32; 8; 12; 67; 68; 69; 74; 62; 81
37,47,0.13922,0.78723,45; 37; 71; 6; 42; 41; 47; 32; 65; 48
29,51,0.13409,0.56863,57; 29; 13; 14; 28; 28; 51; 17; 50; 85
47,57,0.12207,0.82456,83; 47; 44; 80; 34; 19; 57; 25; 56; 75
29,79,0.10955,0.36709,68; 29; 17; 38; 6; 12; 79; 36; 27; 62
40,50,0.13266,0.8,62; 40; 58; 31; 31; 46; 50; 36; 59; 22
6,19,0.12112,0.31579,11; 6; 72; 19; 36; 62; 19; 82; 34; 49
23,46,0.13681,0.5,83; 23; 81; 58; 52; 82; 46; 80; 42; 65
33,58,0.12202,0.56897,71; 33; 13; 76; 50; 7; 58; 80; 70; 24
38,67,0.11119,0.56716,31; 38; 71; 47; 29; 30; 67; 8; 61; 39
63,79,0.08729,0.79747,59; 63; 58; 44; 39; 45; 79; 66; 80; 28
18,75,0.10371,0.24,44; 18; 51; 47; 22; 41; 75; 62; 10; 10
42,49,0.12896,0.85714,19; 42; 43; 42; 10; 23; 49; 30; 22; 12
28,56,0.12738,0.5,77; 28; 51; 49; 56; 45; 56; 20; 24; 8
61,74,0.08778,0.82432,70; 61; 8; 16; 21; 16; 74; 65; 14; 20
15,59,0.12508,0.25424,63; 15; 47; 36; 82; 83; 59; 45; 74; 32
26,75,0.09987,0.34667,54; 26; 7; 51; 44; 23; 75; 40; 66; 71
21,74,0.09937,0.28378,85; 21; 17; 16; 78; 31; 74; 18; 62; 70
5,10,0.10989,0.5,79; 5; 41; 83; 54; 76; 10; 48; 70; 75
13,54,0.12739,0.24074,76; 13; 58; 56; 47; 11; 54; 60; 69; 73
43,50,0.13682,0.86,55; 43; 41; 46; 69; 29; 50; 45; 72; 77
33,59,0.12113,0.55932,23; 33; 53; 14; 34; 70; 59; 71; 33; 23
31,38,0.14325,0.81579,25; 31; 58; 14; 11; 49; 38; 70; 53; 15
22,78,0.09672,0.28205,77; 22; 65; 54; 84; 73; 78; 55; 60; 20
14,40,0.13702,0.35,79; 14; 38; 71; 26; 19; 40; 37; 26; 57
38,68,0.10545,0.55882,62; 38; 41; 63; 48; 56; 68; 10; 84; 78
41,84,0.08922,0.4881,76; 41; 66; 39; 58; 8; 84; 66; 51; 81
41,82,0.10325,0.5,45; 41; 24; 63; 51; 69; 82; 19; 69; 8
56,65,0.1028,0.86154,23; 56; 10; 37; 17; 36; 65; 36; 34; 11
21,69,0.10617,0.30435,35; 21; 77; 57; 9; 29; 69; 40; 23; 5
41,83,0.10164,0.49398,57; 41; 11; 13; 44; 25; 83; 39; 75; 69
7,25,0.12562,0.28,26; 7; 70; 34; 13; 64; 25; 57; 15; 8
56,70,0.10075,0.8,44; 56; 16; 9; 61; 9; 70; 7; 54; 46
42,74,0.10908,0.56757,27; 42; 26; 52; 75; 35; 74; 10; 58; 75
23,82,0.09859,0.28049,27; 23; 25; 25; 24; 35; 82; 26; 54; 62
19,51,0.12445,0.37255,6; 19; 8; 64; 6; 5; 51; 56; 50; 68
29,84,0.0938,0.34524,44; 29; 68; 35; 8; 7; 84; 84; 13; 6
39,49,0.13729,0.79592,46; 39; 18; 14; 8; 12; 49; 63; 27; 29
62,72,0.09349,0.86111,9; 62; 24; 59; 14; 18; 72; 28; 52; 13
47,82,0.09783,0.57317,19; 47; 47; 78; 62; 34; 82; 44; 24; 37
26,78,0.10523,0.33333,10; 26; 29; 48; 47; 79; 78; 57; 72; 35
23,41,0.14251,0.56098,56; 23; 53; 48; 76; 62; 41; 48; 35; 44
32,40,0.12899,0.8,46; 32; 10; 75; 64; 24; 40; 27; 68; 62
14,47,0.13377,0.29787,62; 14; 72; 49; 61; 85; 47; 20; 32; 38
8,29,0.13175,0.27586,81; 8; 43; 67; 45; 35; 29; 17; 77; 24
20,54,0.13087,0.37037,8; 20; 16; 31; 50; 55; 54; 58; 62; 78
14,57,0.12117,0.24561,68; 14; 70; 7; 84; 48; 57; 63; 62; 70
19,55,0.1148,0.34545,59; 19; 9; 68; 19; 41; 55; 79; 45; 16
11,34,0.14253,0.32353,22; 11; 26; 71; 50; 39; 34; 60; 70; 71
9,11,0.14077,0.81818,82; 9; 65; 19; 70; 20; 11; 24; 74; 45
29,51,0.13091,0.56863,15; 29; 27; 84; 82; 56; 51; 52; 6; 13
32,40,0.13236,0.8,33; 32; 40; 16; 7; 55; 40; 57; 62; 72
26,70,0.10865,0.37143,43; 26; 12; 33; 28; 8; 70; 36; 78; 19
24,48,0.1269,0.5,75; 24; 24; 76; 77; 75; 48; 29; 59; 32
6,21,0.10939,0.28571,66; 6; 36; 16; 60; 26; 21; 24; 12; 81
18,52,0.1223,0.34615,81; 18; 8; 78; 69; 64; 52; 59; 32; 71
24,42,0.13154,0.57143,68; 24; 34; 34; 75; 79; 42; 60; 44; 63
24,42,0.12676,0.57143,49; 24; 10; 41; 75; 32; 42; 26; 41; 26
34,61,0.1138,0.55738,34; 34; 35; 45; 7; 52; 61; 74; 68; 34
56,70,0.09682,0.8,53; 56; 79; 81; 35; 59; 70; 36; 67; 40
32,65,0.11129,0.49231,42; 32; 40; 53; 52; 43; 65; 62; 85; 5
19,39,0.13996,0.48718,52; 19; 14; 58; 68; 62; 39; 57; 33; 12
56,71,0.10336,0.78873,63; 56; 28; 36; 19; 50; 71; 24; 76; 73
73,85,0.07656,0.85882,41; 73; 6; 15; 74; 33; 85; 50; 44; 80
9,18,0.13882,0.5,77; 9; 14; 51; 26; 76; 18; 81; 54; 42
32,56,0.12372,0.57143,18; 32; 63; 81; 76; 23; 56; 76; 13; 24
61,77,0.08823,0.79221,67; 61; 30; 77; 69; 5; 77; 40; 42; 75
8,34,0.13406,0.23529,41; 8; 46; 68; 35; 41; 34; 29; 80; 11
30,61,0.12026,0.4918,13; 30; 9; 64; 36; 30; 61; 65; 30; 68
24,69,0.10155,0.34783,37; 24; 55; 18; 58; 79; 69; 60; 57; 76
44,77,0.10632,0.57143,57; 44; 30; 5; 69; 78; 77; 46; 42; 24
18,74,0.09795,0.24324,13; 18; 62; 78; 27; 72; 74; 55; 74; 33
7,23,0.12826,0.30435,34; 7; 63; 85; 21; 82; 23; 58; 76; 59
43,51,0.12438,0.84314,68; 43; 71; 22; 30; 53; 51; 62; 13; 39
19,52,0.13567,0.36538,33; 19; 45; 57; 5; 75; 52; 61; 28; 11
67,80,0.07705,0.8375,77; 67; 56; 28; 37; 71; 80; 54; 69; 37
12,38,0.13994,0.31579,80; 12; 11; 7; 5; 23; 38; 40; 21; 66
28,80,0.10413,0.35,46; 28; 25; 48; 72; 62; 80; 59; 45; 5
29,58,0.11973,0.5,68; 29; 50; 28; 74; 18; 58; 10; 39; 33
26,33,0.13269,0.78788,30; 26; 37; 62; 79; 38; 33; 22; 43; 63
62,76,0.08715,0.81579,49; 62; 15; 25; 46; 74; 76; 20; 50; 57
47,83,0.0959,0.56627,48; 47; 63; 83; 13; 23; 83; 15; 44; 46
22,39,0.13829,0.5641,84; 22; 71; 59; 44; 71; 39; 75; 15; 20
39,85,0.09583,0.45882,19; 39; 79; 85; 70; 71; 85; 54; 42; 48
19,58,0.11988,0.32759,54; 19; 46; 26; 7; 69; 58; 46; 59; 39
15,59,0.11741,0.25424,8; 15; 56; 81; 79; 28; 59; 84; 79; 27
11,46,0.13624,0.23913,9; 11; 52; 33; 20; 26; 46; 59; 13; 71
14,17,0.13381,0.82353,70; 14; 12; 35; 13; 54; 17; 72; 69; 28
36,78,0.10548,0.46154,50; 36; 48; 46; 21; 8; 78; 75; 67; 48
42,75,0.10073,0.56,27; 42; 77; 84; 27; 66; 75; 56; 39; 8
8,23,0.1384,0.34783,55; 8; 15; 20; 23; 76; 23; 44; 9; 21
21,75,0.09775,0.28,62; 21; 31; 11; 75; 51; 75; 11; 56; 24
25,78,0.0958,0.32051,61; 25; 7; 69; 62; 15; 78; 41; 5; 56
28,85,0.09128,0.32941,56; 28; 82; 59; 10; 38; 85; 75; 18; 79
25,68,0.1078,0.36765,30; 25; 73; 79; 15; 32; 68; 21; 33; 68
13,51,0.12872,0.2549,50; 13; 15; 32; 78; 85; 51; 23; 65; 8
8,24,0.13364,0.33333,42; 8; 75; 75; 37; 81; 24; 33; 18; 32
9,32,0.14098,0.28125,65; 9; 52; 36; 54; 20; 32; 30; 43; 37
46,82,0.10021,0.56098,11; 46; 55; 76; 70; 56; 82; 9; 17; 21
8,23,0.1381,0.34783,29; 8; 57; 84; 20; 33; 23; 16; 43; 71
46,55,0.13124,0.83636,83; 46; 83; 78; 57; 82; 55; 19; 15; 80
12,43,0.13611,0.27907,34; 12; 19; 85; 27; 11; 43; 77; 34; 77
17,68,0.10349,0.25,24; 17; 64; 7; 39; 66; 68; 37; 15; 72
10,33,0.14177,0.30303,41; 10; 75; 27; 62; 58; 33; 49; 58; 32
13,35,0.14377,0.37143,76; 13; 29; 24; 18; 13; 35; 58; 82; 47
15,19,0.12598,0.78947,61; 15; 77; 62; 7; 58; 19; 62; 45; 59
14,59,0.12134,0.23729,15; 14; 13; 84; 19; 30; 59; 16; 35; 76
9,26,0.14585,0.34615,79; 9; 70; 80; 56; 28; 26; 69; 39; 43
22,76,0.09605,0.28947,79; 22; 16; 35; 32; 11; 76; 43; 15; 66
19,79,0.09727,0.24051,5; 19; 37; 12; 19; 76; 79; 76; 59; 36
20,63,0.11223,0.31746,44; 20; 19; 78; 27; 27; 63; 82; 44; 67
20,84,0.09091,0.2381,33; 20; 28; 41; 25; 60; 84; 28; 54; 18
18,22,0.12831,0.81818,74; 18; 21; 10; 67; 10; 22; 10; 54; 68
5,21,0.10441,0.2381,30; 5; 25; 58; 41; 67; 21; 74; 54; 32
16,66,0.11802,0.24242,40; 16; 39; 37; 68; 44; 66; 77; 45; 13
24,74,0.10058,0.32432,25; 24; 76; 77; 37; 68; 74; 49; 69; 65
39,84,0.09202,0.46429,40; 39; 73; 8; 71; 6; 84; 46; 79; 6
38,78,0.10809,0.48718,51; 38; 80; 70; 67; 8; 78; 19; 8; 82
50,58,0.12522,0.86207,35; 50; 46; 29; 32; 60; 58; 51; 54; 58
42,84,0.0973,0.5,49; 42; 66; 7; 30; 82; 84; 72; 44; 39
68,83,0.0783,0.81928,34; 68; 77; 51; 74; 84; 83; 27; 60; 55
16,50,0.13199,0.32,71; 16; 74; 20; 55; 24; 50; 18; 75; 67
31,63,0.12318,0.49206,8; 31; 53; 49; 64; 16; 63; 84; 84; 66
27,33,0.12852,0.81818,19; 27; 38; 62; 5; 37; 33; 82; 81; 47
17,30,0.12755,0.56667,54; 17; 63; 18; 26; 79; 30; 49; 8; 16
14,28,0.12932,0.5,44; 14; 77; 66; 18; 64; 28; 7; 44; 44
14,55,0.13123,0.25455,79; 14; 63; 59; 62; 61; 55; 25; 33; 6
24,52,0.12909,0.46154,80; 24; 46; 35; 19; 36; 52; 42; 26; 17
49,57,0.11939,0.85965,42; 49; 72; 13; 24; 46; 57; 15; 32; 79
66,84,0.07627,0.78571,11; 66; 59; 52; 83; 20; 84; 77; 32; 55
16,35,0.13288,0.45714,14; 16; 46; 50; 71; 18; 35; 25; 16; 18
66,83,0.08072,0.79518,65; 66; 31; 13; 49; 7; 83; 14; 41; 56
40,72,0.10572,0.55556,45; 40; 37; 84; 78; 19; 72; 82; 49; 40
15,61,0.12174,0.2459,60; 15; 25; 29; 78; 78; 61; 69; 14; 6
47,57,0.12048,0.82456,83; 47; 54; 74; 35; 40; 57; 10; 29; 47
61,73,0.09309,0.83562,38; 61; 18; 19; 63; 58; 73; 50; 80; 84
5,10,0.10589,0.5,50; 5; 28; 73; 66; 52; 10; 65; 67; 16
19,24,0.13347,0.79167,55; 19; 63; 51; 50; 55; 24; 60; 50; 69
34,61,0.11602,0.55738,14; 34; 61; 44; 36; 83; 61; 39; 60; 42
27,85,0.09269,0.31765,13; 27; 34; 66; 65; 65; 85; 63; 54; 15
12,42,0.13905,0.28571,38; 12; 57; 15; 12; 14; 42; 48; 57; 64
15,19,0.12779,0.78947,26; 15; 22; 17; 53; 47; 19; 53; 75; 10
15,43,0.13619,0.34884,17; 15; 16; 60; 35; 50; 43; 84; 51; 75
66,82,0.08262,0.80488,27; 66; 63; 37; 41; 48; 82; 28; 29; 85
31,84,0.09029,0.36905,8; 31; 68; 48; 34; 41; 84; 71; 15; 79
69,84,0.07733,0.82143,19; 69; 66; 50; 74; 76; 84; 79; 51; 83
17,59,0.12039,0.28814,85; 17; 66; 12; 12; 25; 59; 57; 32; 29
23,40,0.14112,0.575,61; 23; 60; 61; 85; 17; 40; 52; 76; 17
13,26,0.1267,0.5,61; 13; 58; 65; 68; 81; 26; 63; 24; 26
13,26,0.1331,0.5,31; 13; 81; 26; 25; 35; 26; 33; 32; 52
15,46,0.13221,0.32609,76; 15; 59; 52; 68; 82; 46; 55; 24; 63
7,25,0.12388,0.28,13; 7; 6; 39; 81; 69; 25; 8; 66; 32
34,43,0.1353,0.7907,55; 34; 84; 39; 33; 73; 43; 65; 63; 33
19,68,0.10834,0.27941,5; 19; 50; 83; 85; 14; 68; 56; 20; 70
6,12,0.12345,0.5,55; 6; 72; 19; 73; 13; 12; 72; 11; 80
31,68,0.11873,0.45588,8; 31; 46; 27; 53; 55; 68; 70; 51; 51
18,37,0.12791,0.48649,85; 18; 70; 82; 25; 26; 37; 8; 70; 47
61,76,0.08373,0.80263,69; 61; 84; 20; 33; 66; 76; 69; 75; 37
16,57,0.11623,0.2807,21; 16; 76; 84; 34; 64; 57; 72; 49; 42
8,23,0.13125,0.34783,46; 8; 39; 23; 65; 14; 23; 82; 78; 37
59,72,0.09788,0.81944,15; 59; 50; 49; 14; 7; 72; 35; 71; 38
22,79,0.10086,0.27848,37; 22; 85; 21; 27; 45; 79; 40; 28; 39
29,83,0.08834,0.3494,52; 29; 55; 15; 26; 5; 83; 38; 28; 40
15,46,0.13218,0.32609,28; 15; 15; 76; 65; 19; 46; 21; 42; 55
55,69,0.1068,0.7971,38; 55; 37; 17; 72; 40; 69; 52; 55; 25
32,38,0.13565,0.84211,52; 32; 13; 77; 50; 55; 38; 14; 29; 56
25,85,0.09691,0.29412,79; 25; 15; 7; 34; 67; 85; 17; 83; 12
5,17,0.10781,0.29412,70; 5; 23; 16; 81; 11; 17; 5; 25; 64
44,78,0.1067,0.5641,78; 44; 42; 18; 36; 45; 78; 49; 5; 39
13,54,0.12901,0.24074,64; 13; 84; 70; 31; 67; 54; 73; 15; 71
47,57,0.12343,0.82456,7; 47; 41; 12; 74; 45; 57; 77; 67; 40
12,43,0.14101,0.27907,30; 12; 84; 40; 10; 83; 43; 65; 33; 53
16,20,0.13275,0.8,44; 16; 51; 58; 7; 84; 20; 49; 45; 5
5,21,0.09985,0.2381,61; 5; 41; 56; 5; 64; 21; 19; 14; 42
39,85,0.09814,0.45882,77; 39; 28; 70; 52; 70; 85; 55; 5; 27
73,85,0.07302,0.85882,5; 73; 35; 78; 84; 18; 85; 29; 77; 26
24,80,0.1019,0.3,64; 24; 36; 9; 22; 46; 80; 16; 85; 32
17,58,0.11642,0.2931,22; 17; 65; 36; 37; 58; 58; 63; 79; 27
20,62,0.11366,0.32258,24; 20; 16; 27; 10; 46; 62; 41; 84; 78
50,61,0.11977,0.81967,28; 50; 55; 18; 20; 45; 61; 54; 17; 51
15,60,0.11819,0.25,29; 15; 29; 19; 58; 28; 60; 30; 37; 22
6,25,0.11414,0.24,13; 6; 15; 85; 61; 28; 25; 7; 14; 19
34,68,0.11098,0.5,45; 34; 61; 36; 64; 35; 68; 82; 83; 39
33,42,0.13591,0.78571,38; 33; 27; 42; 58; 29; 42; 51; 84; 50
24,69,0.10944,0.34783,54; 24; 63; 24; 81; 17; 69; 70; 79; 61
16,68,0.10876,0.23529,5; 16; 57; 42; 61; 73; 68; 63; 70; 6
14,46,0.13673,0.30435,41; 14; 28; 39; 53; 60; 46; 43; 73; 64
16,35,0.13759,0.45714,75; 16; 7; 72; 74; 44; 35; 61; 29; 79
40,71,0.10844,0.56338,73; 40; 81; 66; 56; 61; 71; 66; 52; 16
34,60,0.11921,0.56667,26; 34; 40; 75; 72; 6; 60; 30; 84; 14
19,24,0.12578,0.79167,58; 19; 26; 58; 26; 74; 24; 17; 83; 27
18,36,0.13282,0.5,76; 18; 80; 8; 19; 67; 36; 49; 48; 70
17,53,0.13085,0.32075,54; 17; 33; 77; 76; 24; 53; 49; 61; 46
22,39,0.13453,0.5641,78; 22; 5; 46; 72; 68; 39; 48; 34; 42
5,20,0.1041,0.25,33; 5; 47; 65; 81; 75; 20; 47; 70; 82
18,75,0.09345,0.24,49; 18; 83; 47; 85; 7; 75; 24; 25; 77
34,68,0.11354,0.5,23; 34; 25; 7; 68; 76; 68; 34; 34; 57
15,60,0.11554,0.25,38; 15; 11; 34; 54; 47; 60; 75; 58; 72
27,48,0.12676,0.5625,19; 27; 31; 47; 76; 12; 48; 37; 60; 20
24,65,0.11161,0.36923,74; 24; 10; 23; 66; 69; 65; 73; 49; 13
7,29,0.12738,0.24138,52; 7; 16; 37; 43; 36; 29; 44; 31; 12
14,58,0.12398,0.24138,73; 14; 33; 27; 58; 37; 58; 44; 27; 43
37,47,0.13965,0.78723,32; 37; 9; 29; 66; 41; 47; 42; 5; 73
5,18,0.10606,0.27778,46; 5; 65; 64; 64; 55; 18; 28; 54; 5
15,61,0.12267,0.2459,78; 15; 59; 84; 22; 51; 61; 46; 9; 15
12,14,0.1394,0.85714,51; 12; 47; 24; 55; 58; 14; 51; 61; 43
27,85,0.08445,0.31765,33; 27; 64; 65; 55; 85; 85; 30; 37; 43
16,35,0.13257,0.45714,48; 16; 38; 5; 85; 10; 35; 70; 5; 65
22,78,0.09492,0.28205,48; 22; 72; 58; 79; 6; 78; 19; 60; 26
27,59,0.12208,0.45763,77; 27; 68; 25; 65; 19; 59; 75; 9; 68
19,65,0.11056,0.29231,40; 19; 59; 77; 60; 8; 65; 63; 31; 69
22,80,0.09178,0.275,75; 22; 64; 59; 17; 82; 80; 60; 52; 67
61,74,0.09258,0.82432,24; 61; 60; 7; 52; 37; 74; 16; 15; 56
17,60,0.12037,0.28333,20; 17; 83; 43; 45; 33; 60; 56; 55; 13
33,41,0.13897,0.80488,40; 33; 74; 60; 80; 67; 41; 54; 20; 37
27,47,0.13253,0.57447,42; 27; 48; 5; 40; 39; 47; 45; 23; 66
62,74,0.0892,0.83784,85; 62; 37; 32; 48; 44; 74; 26; 30; 11
39,84,0.10013,0.46429,58; 39; 44; 11; 17; 14; 84; 43; 11; 30
48,57,0.12756,0.84211,55; 48; 32; 11; 25; 46; 57; 10; 44; 11
38,82,0.09873,0.46341,23; 38; 64; 83; 42; 16; 82; 64; 34; 6
36,78,0.0978,0.46154,13; 36; 71; 49; 83; 58; 78; 6; 47; 37
22,68,0.11312,0.32353,16; 22; 30; 71; 24; 24; 68; 63; 66; 14
14,49,0.12967,0.28571,79; 14; 72; 54; 67; 39; 49; 49; 48; 64
54,64,0.1096,0.84375,70; 54; 37; 63; 62; 7; 64; 19; 34; 5
10,36,0.13773,0.27778,40; 10; 51; 37; 6; 22; 36; 8; 8; 56
14,42,0.14032,0.33333,31; 14; 60; 38; 76; 70; 42; 48; 29; 54
20,36,0.12981,0.55556,74; 20; 16; 79; 38; 18; 36; 46; 45; 17
23,46,0.13215,0.5,32; 23; 74; 11; 30; 82; 46; 24; 10; 29
15,59,0.11705,0.25424,76; 15; 23; 35; 75; 74; 59; 85; 30; 44
24,30,0.13286,0.8,18; 24; 55; 57; 54; 34; 30; 64; 72; 85
54,64,0.11065,0.84375,79; 54; 64; 6; 17; 60; 64; 30; 64; 70
23,40,0.13621,0.575,5; 23; 46; 49; 75; 73; 40; 85; 39; 52
64,74,0.08877,0.86486,75; 64; 18; 43; 29; 68; 74; 36; 66; 35
19,80,0.0903,0.2375,8; 19; 30; 51; 72; 28; 80; 50; 72; 77
21,72,0.09857,0.29167,74; 21; 27; 45; 59; 43; 72; 26; 23; 10
72,84,0.07445,0.85714,67; 72; 68; 45; 63; 27; 84; 15; 44; 69
21,65,0.11005,0.32308,63; 21; 32; 18; 55; 15; 65; 21; 60; 70
47,83,0.09831,0.56627,34; 47; 61; 61; 36; 72; 83; 43; 56; 64
8,34,0.13559,0.23529,66; 8; 5; 31; 37; 59; 34; 52; 25; 45
33,58,0.12348,0.56897,22; 33; 44; 49; 23; 83; 58; 14; 18; 79
35,72,0.10593,0.48611,83; 35; 9; 80; 24; 7; 72; 52; 11; 53
26,78,0.10597,0.33333,66; 26; 22; 56; 77; 17; 78; 47; 19; 49
22,77,0.09613,0.28571,57; 22; 38; 5; 35; 83; 77; 82; 15; 6
21,85,0.08602,0.24706,72; 21; 22; 20; 58; 6; 85; 65; 45; 24
30,81,0.09648,0.37037,20; 30; 81; 52; 60; 84; 81; 46; 10; 56
19,55,0.12706,0.34545,49; 19; 21; 39; 20; 24; 55; 20; 59; 10
28,84,0.09334,0.33333,80; 28; 38; 85; 68; 27; 84; 59; 65; 64
15,52,0.13281,0.28846,10; 15; 77; 59; 24; 39; 52; 46; 39; 17
21,85,0.08704,0.24706,68; 21; 64; 66; 47; 30; 85; 62; 40; 11
18,21,0.13328,0.85714,45; 18; 49; 60; 71; 52; 21; 73; 45; 71
40,71,0.11534,0.56338,80; 40; 26; 39; 75; 34; 71; 46; 43; 46
38,67,0.1167,0.56716,63; 38; 42; 63; 13; 12; 67; 51; 40; 65
49,60,0.10676,0.81667,76; 49; 31; 37; 77; 46; 60; 43; 57; 61
18,60,0.11614,0.3,58; 18; 28; 84; 36; 64; 60; 24; 73; 46
22,39,0.12695,0.5641,81; 22; 48; 54; 85; 78; 39; 41; 48; 14
20,35,0.13282,0.57143,22; 20; 64; 55; 82; 15; 35; 82; 59; 49
34,60,0.12004,0.56667,46; 34; 43; 75; 36; 49; 60; 83; 24; 35
11,22,0.13249,0.5,76; 11; 68; 23; 6; 11; 22; 40; 85; 21
16,55,0.12302,0.29091,72; 16; 71; 23; 7; 51; 55; 51; 23; 8
13,44,0.13413,0.29545,50; 13; 36; 8; 15; 20; 44; 85; 65; 75
8,23,0.13671,0.34783,16; 8; 5; 39; 14; 17; 23; 40; 18; 17
16,64,0.11584,0.25,41; 16; 81; 49; 70; 74; 64; 65; 68; 18
51,61,0.11469,0.83607,47; 51; 22; 44; 33; 65; 61; 25; 10; 55
20,70,0.10933,0.28571,24; 20; 10; 71; 84; 34; 70; 39; 75; 25
27,34,0.13717,0.79412,48; 27; 55; 54; 54; 36; 34; 53; 24; 15
19,68,0.10991,0.27941,63; 19; 63; 65; 55; 21; 68; 61; 9; 9
37,74,0.11005,0.5,31; 37; 12; 84; 58; 27; 74; 46; 49; 28
38,44,0.13938,0.86364,13; 38; 74; 79; 78; 54; 44; 17; 60; 62
30,60,0.12653,0.5,47; 30; 55; 55; 70; 65; 60; 13; 78; 79
22,79,0.09765,0.27848,46; 22; 51; 60; 49; 62; 79; 17; 61; 44
7,23,0.127,0.30435,47; 7; 73; 61; 41; 45; 23; 70; 81; 16
10,31,0.13783,0.32258,82; 10; 38; 24; 40; 46; 31; 53; 55; 69
29,52,0.13112,0.55769,36; 29; 63; 23; 42; 49; 52; 13; 33; 54
18,65,0.11568,0.27692,21; 18; 46; 69; 61; 63; 65; 41; 63; 52
28,35,0.14031,0.8,38; 28; 61; 84; 52; 80; 35; 7; 43; 47
15,27,0.13018,0.55556,24; 15; 34; 73; 74; 54; 27; 26; 33; 10
19,51,0.12442,0.37255,49; 19; 78; 55; 67; 77; 51; 81; 20; 64
72,84,0.07756,0.85714,5; 72; 29; 6; 16; 22; 84; 58; 26; 7
26,74,0.1039,0.35135,57; 26; 72; 21; 44; 19; 74; 40; 28; 26
15,53,0.13362,0.28302,26; 15; 43; 63; 58; 20; 53; 24; 43; 76
19,57,0.11964,0.33333,12; 19; 14; 23; 76; 32; 57; 8; 58; 83
62,76,0.08844,0.81579,61; 62; 39; 17; 34; 5; 76; 46; 57; 14
34,60,0.11895,0.56667,43; 34; 22; 76; 71; 8; 60; 5; 76; 25
23,66,0.11209,0.34848,31; 23; 22; 67; 45; 82; 66; 54; 35; 38
31,38,0.14686,0.81579,12; 31; 59; 39; 75; 67; 38; 74; 53; 32
14,17,0.13388,0.82353,76; 14; 80; 13; 14; 66; 17; 19; 36; 26
22,67,0.10671,0.32836,21; 22; 83; 15; 15; 9; 67; 41; 78; 67
61,74,0.09266,0.82432,21; 61; 51; 66; 58; 56; 74; 39; 84; 51
60,76,0.09593,0.78947,20; 60; 73; 39; 40; 70; 76; 66; 52; 20
10,27,0.13983,0.37037,10; 10; 15; 75; 36; 20; 27; 53; 32; 11
19,55,0.12262,0.34545,60; 19; 24; 47; 53; 28; 55; 78; 19; 7
56,71,0.10196,0.78873,16; 56; 79; 57; 21; 79; 71; 34; 21; 27
16,49,0.13189,0.32653,65; 16; 28; 30; 6; 77; 49; 80; 14; 78
13,39,0.13045,0.33333,22; 13; 21; 24; 28; 52; 39; 19; 6; 85
45,79,0.09897,0.56962,21; 45; 25; 40; 30; 28; 79; 77; 50; 52
24,43,0.13593,0.55814,45; 24; 39; 23; 13; 14; 43; 79; 20; 69
18,55,0.12263,0.32727,64; 18; 24; 78; 55; 55; 55; 59; 47; 31
43,75,0.10351,0.57333,33; 43; 31; 30; 66; 46; 75; 17; 19; 25
37,65,0.11674,0.56923,12; 37; 68; 20; 49; 76; 65; 63; 71; 12
65,77,0.08473,0.84416,18; 65; 63; 37; 46; 7; 77; 25; 78; 58
10,20,0.13245,0.5,10; 10; 47; 22; 62; 25; 20; 78; 11; 18
30,60,0.12334,0.5,81; 30; 15; 85; 21; 10; 60; 5; 46; 43
21,42,0.13269,0.5,77; 21; 29; 75; 84; 6; 42; 28; 51; 29
41,49,0.12712,0.83673,37; 41; 25; 35; 58; 29; 49; 49; 40; 58
9,37,0.13977,0.24324,16; 9; 38; 40; 29; 14; 37; 84; 24; 75
37,44,0.13457,0.84091,60; 37; 74; 52; 65; 65; 44; 13; 49; 76
41,72,0.10532,0.56944,13; 41; 62; 32; 26; 66; 72; 80; 63; 62
36,72,0.10898,0.5,17; 36; 73; 25; 11; 58; 72; 79; 24; 72
19,34,0.1316,0.55882,19; 19; 42; 69; 38; 11; 34; 67; 70; 76
20,71,0.11075,0.28169,60; 20; 28; 68; 39; 5; 71; 13; 47; 65
18,37,0.13684,0.48649,82; 18; 30; 69; 68; 43; 37; 33; 50; 68
58,73,0.0964,0.79452,33; 58; 30; 46; 43; 22; 73; 71; 21; 17
27,73,0.10611,0.36986,58; 27; 12; 16; 70; 52; 73; 35; 67; 49
61,76,0.09119,0.80263,51; 61; 67; 50; 46; 73; 76; 73; 27; 63
14,50,0.13307,0.28,81; 14; 60; 83; 55; 14; 50; 46; 26; 11
45,57,0.12071,0.78947,62; 45; 35; 58; 47; 65; 57; 24; 50; 30
33,71,0.11042,0.46479,85; 33; 27; 14; 77; 81; 71; 49; 57; 13
11,38,0.13142,0.28947,73; 11; 22; 56; 78; 83; 38; 61; 65; 38
13,26,0.13555,0.5,70; 13; 25; 28; 81; 62; 26; 77; 76; 23
41,49,0.13663,0.83673,20; 41; 13; 61; 53; 77; 49; 34; 18; 62
17,71,0.10673,0.23944,57; 17; 35; 17; 71; 32; 71; 12; 62; 12
14,48,0.12705,0.29167,83; 14; 26; 30; 13; 55; 48; 53; 18; 9
8,14,0.13683,0.57143,6; 8; 83; 70; 66; 59; 14; 26; 62; 48
37,47,0.13816,0.78723,18; 37; 29; 78; 39; 83; 47; 57; 20; 51
20,40,0.13206,0.5,46; 20; 48; 83; 80; 15; 40; 5; 40; 57
21,70,0.10299,0.3,65; 21; 84; 61; 73; 31; 70; 36; 62; 71
48,60,0.11839,0.8,18; 48; 42; 54; 11; 66; 60; 13; 41; 69
14,56,0.12561,0.25,9; 14; 31; 33; 41; 55; 56; 14; 73; 7
46,56,0.12169,0.82143,73; 46; 70; 83; 63; 39; 56; 11; 28; 48
21,75,0.10735,0.28,65; 21; 27; 22; 28; 8; 75; 78; 73; 48
12,34,0.14055,0.35294,47; 12; 79; 42; 51; 81; 34; 62; 81; 54
30,38,0.13004,0.78947,10; 30; 51; 52; 12; 83; 38; 13; 11; 35
8,24,0.13954,0.33333,57; 8; 70; 85; 79; 45; 24; 5; 37; 45
34,69,0.11116,0.49275,80; 34; 46; 66; 48; 55; 69; 84; 37; 47
24,81,0.10143,0.2963,63; 24; 47; 23; 16; 84; 81; 37; 7; 62
8,33,0.13317,0.24242,56; 8; 30; 42; 11; 44; 33; 54; 25; 63
40,49,0.13699,0.81633,38; 40; 17; 8; 46; 66; 49; 7; 53; 65
24,74,0.09899,0.32432,81; 24; 18; 79; 26; 46; 74; 26; 82; 14
64,74,0.08734,0.86486,63; 64; 57; 10; 43; 30; 74; 51; 39; 54
41,72,0.10418,0.56944,8; 41; 85; 48; 24; 50; 72; 17; 34; 11
24,80,0.09898,0.3,41; 24; 58; 6; 29; 31; 80; 77; 76; 27
36,63,0.1247,0.57143,71; 36; 78; 46; 22; 48; 63; 62; 82; 79
13,28,0.13567,0.46429,28; 13; 56; 19; 22; 36; 28; 69; 13; 62
54,64,0.11073,0.84375,56; 54; 14; 41; 14; 43; 64; 34; 79; 39
8,23,0.13434,0.34783,20; 8; 72; 7; 82; 53; 23; 81; 75; 25
18,73,0.09882,0.24658,22; 18; 24; 69; 80; 79; 73; 84; 76; 73
19,57,0.12346,0.33333,13; 19; 62; 45; 67; 18; 57; 22; 26; 17
23,83,0.09897,0.27711,51; 23; 16; 22; 57; 26; 83; 49; 44; 63
63,75,0.09252,0.84,84; 63; 48; 70; 36; 46; 75; 57; 38; 70
56,70,0.09897,0.8,25; 56; 60; 54; 38; 48; 70; 48; 67; 5
43,50,0.13089,0.86,22; 43; 17; 64; 82; 30; 50; 20; 11; 32
9,26,0.14025,0.34615,63; 9; 44; 20; 46; 83; 26; 12; 75; 14
23,77,0.10539,0.2987,18; 23; 12; 13; 80; 81; 77; 78; 28; 11
16,35,0.13228,0.45714,70; 16; 44; 21; 55; 28; 35; 24; 32; 10
6,21,0.11659,0.28571,81; 6; 12; 41; 33; 57; 21; 69; 41; 45
12,43,0.13903,0.27907,57; 12; 84; 21; 44; 69; 43; 25; 11; 49
37,80,0.11275,0.4625,34; 37; 71; 80; 85; 11; 80; 10; 48; 43
30,53,0.12875,0.56604,69; 30; 46; 60; 29; 60; 53; 42; 57; 10
24,42,0.13994,0.57143,40; 24; 81; 23; 17; 25; 42; 58; 74; 65
17,58,0.12427,0.2931,19; 17; 46; 62; 48; 84; 58; 64; 35; 31
52,65,0.10335,0.8,25; 52; 18; 53; 46; 78; 65; 37; 37; 83
12,40,0.13883,0.3,35; 12; 81; 51; 51; 80; 40; 32; 46; 25
17,70,0.10658,0.24286,69; 17; 80; 12; 13; 71; 70; 26; 36; 68
18,71,0.10836,0.25352,50; 18; 52; 37; 42; 67; 71; 14; 59; 39
35,76,0.10889,0.46053,83; 35; 22; 23; 71; 29; 76; 26; 26; 11
15,45,0.13507,0.33333,41; 15; 20; 72; 6; 14; 45; 18; 16; 33
67,84,0.07403,0.79762,15; 67; 5; 7; 8; 49; 84; 13; 60; 14
14,47,0.13584,0.29787,78; 14; 81; 36; 45; 65; 47; 71; 69; 67
64,80,0.08138,0.8,18; 64; 15; 29; 76; 59; 80; 70; 74; 65
39,69,0.1109,0.56522,54; 39; 27; 31; 34; 8; 69; 50; 84; 7
55,70,0.09385,0.78571,49; 55; 83; 54; 74; 67; 70; 39; 84; 78
8,33,0.1361,0.24242,80; 8; 80; 65; 66; 37; 33; 56; 62; 28
27,84,0.09751,0.32143,61; 27; 73; 47; 30; 47; 84; 38; 47; 72
25,50,0.1316,0.5,34; 25; 71; 11; 17; 6; 50; 66; 41; 52
33,58,0.12223,0.56897,66; 33; 20; 85; 16; 68; 58; 50; 44; 64
33,72,0.1065,0.45833,22; 33; 14; 61; 52; 69; 72; 81; 20; 11
40,82,0.08436,0.4878,57; 40; 48; 72; 66; 43; 82; 10; 44; 58
21,57,0.12294,0.36842,46; 21; 23; 83; 60; 72; 57; 5; 60; 62
24,85,0.09395,0.28235,21; 24; 57; 36; 77; 54; 85; 68; 10; 17
9,11,0.14517,0.81818,20; 9; 55; 42; 23; 8; 11; 77; 22; 43
37,75,0.10082,0.49333,73; 37; 71; 7; 28; 66; 75; 50; 22; 38
8,23,0.13882,0.34783,67; 8; 13; 14; 61; 83; 23; 42; 74; 7
61,76,0.08604,0.80263,16; 61; 79; 36; 41; 37; 76; 24; 38; 20
23,83,0.09783,0.27711,67; 23; 47; 30; 58; 70; 83; 32; 24; 83
17,56,0.12177,0.30357,9; 17; 67; 25; 72; 71; 56; 38; 12; 27
15,27,0.13506,0.55556,69; 15; 59; 84; 39; 61; 27; 72; 12; 8
8,28,0.138,0.28571,64; 8; 44; 59; 64; 43; 28; 62; 5; 30
37,81,0.09469,0.45679,31; 37; 71; 14; 16; 81; 81; 67; 32; 28
46,80,0.09858,0.575,43; 46; 22; 26; 28; 23; 80; 62; 70; 28
32,56,0.12294,0.57143,66; 32; 53; 42; 68; 29; 56; 52; 38; 11
23,70,0.10587,0.32857,39; 23; 35; 6; 64; 15; 70; 16; 50; 10
6,12,0.11933,0.5,38; 6; 16; 41; 78; 76; 12; 62; 8; 81
23,62,0.11955,0.37097,36; 23; 42; 82; 11; 15; 62; 66; 85; 53
56,71,0.09707,0.78873,82; 56; 47; 6; 48; 65; 71; 83; 22; 32
26,70,0.11375,0.37143,51; 26; 59; 65; 13; 46; 70; 31; 50; 68
13,44,0.13976,0.29545,26; 13; 74; 19; 53; 85; 44; 33; 14; 74
40,50,0.12688,0.8,74; 40; 77; 18; 45; 77; 50; 51; 79; 56
42,51,0.13289,0.82353,27; 42; 60; 48; 42; 85; 51; 20; 53; 41
42,74,0.09794,0.56757,19; 42; 50; 83; 69; 75; 74; 69; 44; 77
32,39,0.13132,0.82051,24; 32; 76; 34; 72; 66; 39; 27; 64; 67
49,57,0.1258,0.85965,19; 49; 57; 74; 40; 34; 57; 28; 59; 53
36,42,0.13009,0.85714,16; 36; 42; 54; 12; 82; 42; 57; 10; 38
23,73,0.09604,0.31507,77; 23; 8; 70; 37; 12; 73; 71; 18; 28
23,66,0.11906,0.34848,48; 23; 14; 16; 21; 77; 66; 31; 29; 19
15,53,0.1299,0.28302,30; 15; 65; 64; 48; 55; 53; 33; 85; 21
37,44,0.14255,0.84091,18; 37; 52; 15; 38; 46; 44; 38; 74; 56
57,68,0.10235,0.83824,21; 57; 35; 79; 68; 65; 68; 30; 67; 41
26,56,0.12052,0.46429,9; 26; 53; 8; 15; 60; 56; 6; 23; 30
20,25,0.12942,0.8,76; 20; 73; 51; 30; 28; 25; 25; 25; 36
14,58,0.12114,0.24138,23; 14; 23; 25; 40; 32; 58; 30; 83; 31
9,37,0.13919,0.24324,21; 9; 62; 80; 32; 52; 37; 48; 74; 10
63,73,0.08727,0.86301,36; 63; 29; 46; 23; 69; 73; 28; 40; 83
20,83,0.09273,0.24096,23; 20; 72; 42; 79; 36; 83; 85; 52; 64
29,83,0.10205,0.3494,84; 29; 29; 54; 20; 43; 83; 38; 52; 71
16,56,0.12643,0.28571,47; 16; 26; 66; 85; 28; 56; 43; 20; 21
38,78,0.10149,0.48718,56; 38; 67; 19; 36; 17; 78; 56; 71; 62
36,43,0.13844,0.83721,78; 36; 7; 25; 34; 71; 43; 61; 34; 49
19,80,0.09603,0.2375,79; 19; 8; 37; 68; 20; 80; 59; 71; 26
20,81,0.09616,0.24691,20; 20; 66; 63; 85; 36; 81; 64; 58; 46
14,50,0.13194,0.28,11; 14; 71; 46; 43; 40; 50; 8; 57; 23
10,40,0.14043,0.25,31; 10; 47; 78; 34; 21; 40; 69; 78; 53
67,85,0.07494,0.78824,27; 67; 57; 16; 61; 44; 85; 59; 41; 77
57,66,0.10082,0.86364,12; 57; 71; 38; 17; 32; 66; 33; 59; 33
40,70,0.10318,0.57143,61; 40; 16; 79; 31; 60; 70; 20; 80; 44
67,82,0.08077,0.81707,64; 67; 82; 24; 69; 17; 82; 64; 36; 85
23,41,0.13485,0.56098,68; 23; 43; 21; 63; 33; 41; 66; 40; 80
35,76,0.10186,0.46053,71; 35; 38; 9; 5; 58; 76; 12; 31; 47
10,27,0.13816,0.37037,57; 10; 80; 12; 54; 63; 27; 55; 75; 8
20,62,0.11522,0.32258,67; 20; 5; 5; 29; 26; 62; 8; 60; 29
21,25,0.13468,0.84,42; 21; 8; 39; 16; 22; 25; 23; 18; 85
10,40,0.14213,0.25,46; 10; 29; 65; 63; 73; 40; 66; 42; 52
39,84,0.10086,0.46429,25; 39; 46; 46; 74; 22; 84; 82; 13; 79
28,35,0.13871,0.8,39; 28; 30; 66; 14; 58; 35; 38; 8; 48
11,38,0.13549,0.28947,49; 11; 16; 50; 67; 23; 38; 24; 68; 42
14,25,0.13349,0.56,23; 14; 51; 32; 81; 57; 25; 59; 82; 28
17,56,0.12501,0.30357,83; 17; 15; 78; 39; 38; 56; 81; 76; 17
59,72,0.09229,0.81944,47; 59; 30; 12; 83; 14; 72; 30; 34; 65
16,19,0.12999,0.84211,65; 16; 27; 80; 9; 24; 19; 70; 24; 78
23,41,0.13677,0.56098,17; 23; 16; 33; 23; 6; 41; 67; 40; 29
24,30,0.13724,0.8,65; 24; 71; 5; 61; 26; 30; 25; 27; 32
19,63,0.12002,0.30159,77; 19; 81; 55; 9; 76; 63; 51; 13; 63
21,46,0.13342,0.45652,60; 21; 15; 36; 31; 28; 46; 44; 16; 11
28,79,0.10221,0.35443,20; 28; 25; 56; 45; 33; 79; 26; 9; 72
22,63,0.1179,0.34921,73; 22; 69; 50; 65; 17; 63; 17; 80; 80
17,71,0.10553,0.23944,49; 17; 41; 51; 36; 52; 71; 50; 34; 40
10,20,0.13842,0.5,27; 10; 23; 36; 37; 82; 20; 81; 49; 75
23,70,0.11098,0.32857,75; 23; 48; 14; 36; 20; 70; 70; 52; 23
11,45,0.13953,0.24444,36; 11; 67; 60; 72; 17; 45; 80; 22; 56
34,69,0.11544,0.49275,52; 34; 22; 7; 50; 76; 69; 33; 27; 46
28,57,0.12267,0.49123,37; 28; 21; 16; 21; 60; 57; 68; 55; 73
7,21,0.12621,0.33333,12; 7; 79; 37; 41; 48; 21; 21; 65; 66
57,68,0.10303,0.83824,27; 57; 40; 68; 44; 17; 68; 7; 77; 70
30,38,0.13776,0.78947,69; 30; 28; 69; 19; 84; 38; 61; 59; 20
36,78,0.09827,0.46154,9; 36; 46; 83; 23; 76; 78; 6; 44; 31
5,21,0.10218,0.2381,48; 5; 46; 13; 39; 17; 21; 41; 73; 14
66,82,0.08042,0.80488,81; 66; 59; 80; 42; 19; 82; 61; 80; 83
37,80,0.09712,0.4625,43; 37; 76; 15; 16; 58; 80; 85; 34; 55
13,23,0.13266,0.56522,10; 13; 5; 41; 77; 49; 23; 6; 61; 64
19,69,0.10279,0.27536,12; 19; 47; 73; 30; 29; 69; 68; 72; 54
21,25,0.13712,0.84,85; 21; 83; 9; 28; 8; 25; 18; 6; 25
10,35,0.14705,0.28571,11; 10; 11; 19; 79; 56; 35; 15; 7; 64
18,64,0.11272,0.28125,28; 18; 9; 61; 12; 11; 64; 63; 82; 61
69,84,0.07757,0.82143,7; 69; 11; 73; 78; 46; 84; 82; 17; 16
25,67,0.11298,0.37313,85; 25; 25; 41; 57; 81; 67; 67; 50; 10
18,21,0.13374,0.85714,84; 18; 50; 28; 85; 24; 21; 84; 80; 34
50,58,0.11596,0.86207,69; 50; 49; 29; 67; 82; 58; 33; 5; 68
21,57,0.12094,0.36842,45; 21; 54; 39; 58; 27; 57; 10; 44; 34
25,67,0.11391,0.37313,22; 25; 41; 25; 62; 20; 67; 64; 54; 42
21,71,0.10056,0.29577,74; 21; 85; 37; 35; 16; 71; 79; 75; 35
24,82,0.10336,0.29268,32; 24; 33; 47; 58; 85; 82; 41; 32; 80
36,74,0.10157,0.48649,49; 36; 16; 38; 83; 65; 74; 76; 6; 43
24,72,0.10446,0.33333,57; 24; 72; 57; 41; 40; 72; 48; 67; 58
13,43,0.13966,0.30233,25; 13; 15; 14; 51; 12; 43; 10; 39; 44
9,16,0.14101,0.5625,31; 9; 76; 40; 51; 61; 16; 20; 57; 38
19,68,0.10976,0.27941,28; 19; 53; 24; 12; 54; 68; 50; 71; 84
27,78,0.10286,0.34615,5; 27; 12; 59; 8; 39; 78; 15; 69; 21
46,80,0.0989,0.575,42; 46; 28; 27; 73; 72; 80; 54; 79; 43
28,81,0.10781,0.34568,49; 28; 53; 49; 37; 79; 81; 12; 64; 14
36,42,0.1364,0.85714,35; 36; 23; 69; 59; 48; 42; 13; 44; 71
10,20,0.13548,0.5,71; 10; 11; 38; 56; 57; 20; 24; 55; 11
25,77,0.10787,0.32468,40; 25; 18; 71; 12; 46; 77; 30; 83; 45
39,85,0.09551,0.45882,23; 39; 44; 8; 77; 46; 85; 5; 6; 34
21,76,0.09715,0.27632,60; 21; 21; 17; 35; 67; 76; 55; 41; 35
14,42,0.12998,0.33333,50; 14; 44; 34; 74; 67; 42; 8; 14; 13
17,34,0.13758,0.5,35; 17; 35; 80; 22; 7; 34; 49; 33; 46
23,79,0.09386,0.29114,78; 23; 32; 79; 48; 32; 79; 81; 39; 22
14,43,0.13309,0.32558,81; 14; 44; 68; 7; 51; 43; 60; 26; 43
13,55,0.12235,0.23636,84; 13; 12; 50; 46; 83; 55; 43; 17; 54
13,54,0.12881,0.24074,9; 13; 73; 34; 21; 49; 54; 72; 35; 9
26,78,0.10233,0.33333,32; 26; 23; 5; 81; 48; 78; 56; 38; 66
23,78,0.09306,0.29487,80; 23; 29; 29; 6; 67; 78; 50; 40; 80
29,78,0.11193,0.37179,26; 29; 74; 68; 46; 22; 78; 40; 53; 58
18,49,0.12856,0.36735,68; 18; 14; 24; 18; 67; 49; 14; 72; 25
67,80,0.08411,0.8375,23; 67; 17; 82; 41; 76; 80; 11; 69; 39
5,18,0.09656,0.27778,40; 5; 62; 70; 31; 70; 18; 19; 19; 34
14,56,0.12053,0.25,57; 14; 65; 6; 61; 5; 56; 54; 61; 53
36,78,0.09946,0.46154,48; 36; 20; 69; 69; 40; 78; 42; 37; 35
30,82,0.10348,0.36585,57; 30; 50; 18; 40; 55; 82; 63; 41; 49
16,66,0.11016,0.24242,59; 16; 48; 20; 28; 81; 66; 43; 11; 25
41,73,0.10656,0.56164,30; 41; 57; 81; 75; 20; 73; 81; 82; 8
24,82,0.09911,0.29268,44; 24; 74; 15; 84; 17; 82; 47; 43; 51
39,79,0.101,0.49367,40; 39; 83; 23; 31; 52; 79; 59; 5; 38
14,28,0.12838,0.5,83; 14; 28; 61; 64; 64; 28; 54; 25; 81
19,38,0.12973,0.5,31; 19; 46; 85; 83; 18; 38; 35; 25; 54
42,75,0.1027,0.56,64; 42; 64; 62; 23; 19; 75; 48; 74; 42
36,42,0.13665,0.85714,71; 36; 54; 29; 66; 57; 42; 27; 79; 71
55,64,0.10743,0.85938,24; 55; 37; 46; 17; 51; 64; 48; 75; 12
51,62,0.11353,0.82258,64; 51; 45; 39; 9; 5; 62; 79; 19; 25
32,40,0.13708,0.8,42; 32; 79; 50; 54; 60; 40; 53; 6; 8
17,52,0.12678,0.32692,45; 17; 49; 52; 58; 11; 52; 78; 61; 84
22,62,0.11065,0.35484,11; 22; 50; 61; 51; 80; 62; 20; 7; 26
13,54,0.13319,0.24074,61; 13; 21; 58; 79; 73; 54; 6; 8; 73
14,17,0.13202,0.82353,39; 14; 65; 24; 40; 36; 17; 10; 17; 29
42,84,0.0928,0.5,15; 42; 35; 14; 13; 20; 84; 85; 5; 28
18,76,0.10204,0.23684,12; 18; 52; 72; 70; 65; 76; 58; 78; 71
23,65,0.11872,0.35385,32; 23; 5; 79; 29; 9; 65; 51; 68; 10
14,28,0.12812,0.5,40; 14; 52; 14; 16; 67; 28; 57; 8; 60
51,61,0.11555,0.83607,40; 51; 20; 18; 85; 72; 61; 62; 54; 51
37,66,0.11679,0.56061,75; 37; 55; 81; 58; 17; 66; 73; 37; 51
26,81,0.10019,0.32099,29; 26; 14; 44; 17; 40; 81; 63; 82; 31
44,79,0.09984,0.55696,35; 44; 26; 18; 57; 75; 79; 85; 8; 7
44,79,0.10247,0.55696,66; 44; 12; 28; 79; 14; 79; 60; 39; 59
10,18,0.13509,0.55556,51; 10; 24; 81; 67; 7; 18; 42; 33; 35
9,18,0.14114,0.5,71; 9; 27; 48; 67; 45; 18; 51; 72; 49
23,82,0.10018,0.28049,64; 23; 56; 82; 85; 77; 82; 81; 59; 14
20,61,0.11617,0.32787,37; 20; 85; 6; 68; 14; 61; 20; 31; 70
7,22,0.1328,0.31818,13; 7; 31; 64; 84; 31; 22; 68; 43; 17
35,62,0.12562,0.56452,13; 35; 8; 78; 23; 23; 62; 44; 11; 24
23,83,0.0944,0.27711,52; 23; 21; 19; 84; 44; 83; 45; 56; 82
23,28,0.13213,0.82143,64; 23; 42; 39; 9; 28; 28; 54; 64; 36
23,29,0.14086,0.7931,69; 23; 31; 76; 51; 82; 29; 59; 24; 54
29,52,0.13627,0.55769,13; 29; 24; 82; 77; 35; 52; 46; 39; 23
42,85,0.09084,0.49412,8; 42; 52; 69; 41; 69; 85; 49; 85; 66
34,74,0.10453,0.45946,58; 34; 27; 6; 28; 61; 74; 28; 28; 56
28,50,0.13262,0.56,24; 28; 5; 85; 78; 42; 50; 58; 43; 35
15,46,0.13368,0.32609,43; 15; 45; 18; 70; 64; 46; 73; 51; 30
20,70,0.10775,0.28571,76; 20; 78; 10; 80; 39; 70; 27; 70; 70
12,15,0.13408,0.8,81; 12; 47; 52; 23; 29; 15; 59; 37; 49
18,57,0.12394,0.31579,58; 18; 37; 39; 78; 40; 57; 24; 84; 29
10,34,0.14177,0.29412,16; 10; 66; 58; 9; 47; 34; 23; 71; 24
25,78,0.10259,0.32051,37; 25; 64; 82; 9; 77; 78; 82; 71; 80
38,83,0.08973,0.45783,81; 38; 34; 66; 42; 20; 83; 37; 13; 51
14,25,0.12738,0.56,24; 14; 22; 65; 45; 64; 25; 23; 16; 17
19,60,0.11449,0.31667,46; 19; 28; 31; 34; 5; 60; 15; 68; 54
12,50,0.12599,0.24,17; 12; 12; 78; 33; 44; 50; 60; 52; 79
17,61,0.1187,0.27869,40; 17; 41; 46; 68; 27; 61; 14; 56; 75
19,51,0.12475,0.37255,15; 19; 84; 54; 69; 82; 51; 26; 73; 77
41,50,0.13793,0.82,50; 41; 33; 5; 11; 68; 50; 48; 65; 35
36,44,0.13673,0.81818,26; 36; 56; 10; 36; 36; 44; 5; 5; 57
18,52,0.12968,0.34615,39; 18; 19; 50; 20; 24; 52; 82; 67; 53
39,70,0.11379,0.55714,70; 39; 76; 38; 14; 81; 70; 82; 8; 85
17,49,0.13258,0.34694,26; 17; 70; 30; 14; 74; 49; 48; 25; 44
19,66,0.10833,0.28788,36; 19; 46; 40; 40; 9; 66; 23; 34; 22
15,59,0.12652,0.25424,71; 15; 20; 84; 25; 76; 59; 27; 51; 84
13,44,0.14514,0.29545,20; 13; 17; 48; 71; 84; 44; 74; 15; 69
12,15,0.13475,0.8,58; 12; 8; 15; 35; 60; 15; 65; 76; 52
37,46,0.13358,0.80435,82; 37; 37; 72; 84; 52; 46; 64; 84; 15
19,63,0.1138,0.30159,52; 19; 13; 76; 22; 60; 63; 10; 29; 17
10,20,0.13602,0.5,32; 10; 84; 11; 67; 23; 20; 16; 41; 57
39,68,0.11461,0.57353,18; 39; 58; 52; 20; 65; 68; 64; 42; 54
13,23,0.141,0.56522,71; 13; 72; 38; 8; 25; 23; 19; 7; 44
9,27,0.142,0.33333,43; 9; 55; 76; 66; 15; 27; 80; 19; 34
22,80,0.09421,0.275,34; 22; 40; 56; 22; 24; 80; 68; 16; 24
70,81,0.07474,0.8642,74; 70; 44; 51; 34; 35; 81; 47; 39; 26
34,70,0.10381,0.48571,71; 34; 66; 45; 47; 25; 70; 26; 82; 27
18,63,0.11633,0.28571,65; 18; 79; 25; 10; 85; 63; 25; 16; 65
29,59,0.11845,0.49153,79; 29; 53; 55; 6; 20; 59; 51; 18; 36
38,83,0.09259,0.45783,82; 38; 68; 19; 20; 15; 83; 66; 17; 58
32,40,0.13637,0.8,77; 32; 58; 19; 16; 22; 40; 56; 11; 80
30,85,0.08699,0.35294,75; 30; 81; 24; 48; 77; 85; 65; 55; 53
18,73,0.09864,0.24658,37; 18; 9; 60; 54; 51; 73; 27; 16; 31
12,21,0.13677,0.57143,78; 12; 65; 76; 79; 74; 21; 31; 75; 61
64,81,0.08111,0.79012,26; 64; 23; 39; 13; 79; 81; 46; 69; 42
24,85,0.08805,0.28235,32; 24; 81; 33; 12; 54; 85; 50; 40; 24
37,66,0.10823,0.56061,24; 37; 78; 62; 21; 52; 66; 51; 49; 53
44,77,0.10147,0.57143,60; 44; 45; 82; 57; 64; 77; 21; 43; 63
12,38,0.13435,0.31579,13; 12; 81; 45; 22; 85; 38; 67; 74; 7
71,85,0.07414,0.83529,40; 71; 20; 22; 38; 67; 85; 71; 59; 79
17,34,0.13281,0.5,77; 17; 21; 64; 78; 17; 34; 13; 43; 68
7,25,0.12869,0.28,30; 7; 11; 11; 11; 51; 25; 35; 50; 66
15,54,0.12536,0.27778,82; 15; 8; 58; 34; 5; 54; 31; 30; 40
14,28,0.13731,0.5,85; 14; 11; 26; 69; 56; 28; 21; 73; 5
54,64,0.10966,0.84375,78; 54; 19; 10; 63; 37; 64; 74; 36; 37
15,41,0.13128,0.36585,67; 15; 22; 52; 51; 7; 41; 58; 51; 70
25,44,0.13812,0.56818,63; 25; 23; 51; 67; 81; 44; 29; 69; 76
23,28,0.13295,0.82143,65; 23; 10; 66; 53; 68; 28; 17; 39; 45
65,77,0.09,0.84416,83; 65; 75; 34; 57; 28; 77; 54; 7; 81
38,68,0.11203,0.55882,60; 38; 30; 37; 11; 62; 68; 26; 12; 61
20,36,0.13744,0.55556,44; 20; 83; 63; 53; 37; 36; 47; 62; 35
33,67,0.10952,0.49254,32; 33; 83; 10; 44; 68; 67; 8; 12; 39
38,77,0.10032,0.49351,76; 38; 65; 6; 27; 64; 77; 63; 12; 77
15,47,0.1309,0.31915,55; 15; 16; 20; 48; 74; 47; 81; 47; 12
26,81,0.10078,0.32099,72; 26; 6; 58; 27; 48; 81; 78; 41; 54
16,50,0.13256,0.32,54; 16; 25; 76; 62; 24; 50; 68; 80; 67
10,18,0.14135,0.55556,41; 10; 32; 10; 66; 66; 18; 59; 52; 34
15,51,0.12817,0.29412,8; 15; 21; 70; 29; 27; 51; 37; 80; 47
20,40,0.1343,0.5,13; 20; 77; 43; 64; 20; 40; 19; 69; 53
15,61,0.1234,0.2459,52; 15; 76; 21; 26; 84; 61; 84; 61; 16
5,21,0.10205,0.2381,56; 5; 43; 19; 5; 68; 21; 39; 32; 16
6,17,0.11873,0.35294,38; 6; 51; 41; 56; 61; 17; 9; 79; 58
65,82,0.08234,0.79268,5; 65; 72; 71; 48; 15; 82; 52; 40; 57
55,67,0.11208,0.8209,9; 55; 7; 50; 19; 5; 67; 31; 10; 10
16,64,0.11377,0.25,14; 16; 78; 61; 73; 68; 64; 23; 26; 21
41,72,0.11348,0.56944,28; 41; 16; 81; 57; 84; 72; 52; 19; 58
9,16,0.13616,0.5625,52; 9; 68; 81; 7; 80; 16; 76; 46; 54
17,52,0.13508,0.32692,31; 17; 27; 19; 69; 82; 52; 85; 21; 53
18,55,0.1219,0.32727,31; 18; 9; 58; 78; 59; 55; 59; 13; 50
31,36,0.13347,0.86111,70; 31; 48; 49; 76; 37; 36; 71; 49; 73
19,79,0.10127,0.24051,76; 19; 11; 77; 6; 52; 79; 42; 31; 50
44,56,0.12652,0.78571,70; 44; 70; 75; 44; 70; 56; 11; 13; 82
5,10,0.11076,0.5,35; 5; 39; 83; 35; 64; 10; 38; 57; 37
38,76,0.10727,0.5,26; 38; 7; 23; 78; 43; 76; 6; 36; 39
11,40,0.13922,0.275,39; 11; 6; 63; 72; 54; 40; 77; 73; 6
19,55,0.12347,0.34545,48; 19; 13; 9; 33; 80; 55; 39; 44; 77
22,78,0.09405,0.28205,27; 22; 31; 69; 60; 34; 78; 85; 45; 39
18,73,0.10196,0.24658,42; 18; 42; 42; 80; 65; 73; 59; 35; 10
11,33,0.14215,0.33333,69; 11; 30; 15; 35; 60; 33; 15; 70; 33
19,24,0.13161,0.79167,57; 19; 20; 58; 20; 6; 24; 51; 21; 44
22,39,0.13312,0.5641,40; 22; 51; 60; 64; 80; 39; 18; 79; 31
28,76,0.09702,0.36842,83; 28; 56; 62; 17; 80; 76; 63; 64; 33
7,14,0.12248,0.5,70; 7; 24; 68; 30; 49; 14; 75; 23; 59
37,75,0.09833,0.49333,77; 37; 10; 83; 54; 81; 75; 53; 55; 78
7,19,0.12315,0.36842,60; 7; 35; 39; 59; 69; 19; 56; 23; 13
31,83,0.08986,0.37349,60; 31; 57; 39; 11; 63; 83; 38; 65; 27
33,68,0.1131,0.48529,21; 33; 77; 46; 44; 38; 68; 31; 18; 69
44,77,0.10744,0.57143,58; 44; 82; 58; 79; 32; 77; 70; 72; 42
47,56,0.12423,0.83929,34; 47; 12; 28; 37; 74; 56; 29; 43; 57
15,50,0.12888,0.3,83; 15; 40; 35; 65; 80; 50; 66; 73; 84
53,65,0.11514,0.81538,12; 53; 79; 46; 66; 53; 65; 53; 32; 19
37,45,0.13913,0.82222,47; 37; 65; 22; 6; 53; 45; 24; 66; 54
62,76,0.08784,0.81579,11; 62; 19; 33; 7; 8; 76; 52; 30; 62
36,44,0.13086,0.81818,69; 36; 30; 30; 12; 37; 44; 31; 23; 22
60,73,0.0872,0.82192,57; 60; 75; 55; 9; 84; 73; 55; 29; 68
56,70,0.10323,0.8,35; 56; 83; 56; 47; 70; 70; 9; 24; 17
57,72,0.0978,0.79167,41; 57; 35; 14; 59; 60; 72; 74; 42; 64
30,35,0.13201,0.85714,29; 30; 37; 85; 23; 35; 35; 29; 64; 42
23,73,0.10566,0.31507,25; 23; 80; 56; 17; 25; 73; 44; 7; 38
37,75,0.10301,0.49333,81; 37; 73; 48; 77; 39; 75; 83; 55; 78
19,22,0.1313,0.86364,17; 19; 19; 58; 68; 45; 22; 62; 9; 59
23,80,0.10355,0.2875,41; 23; 24; 65; 10; 9; 80; 61; 23; 60
28,75,0.10067,0.37333,76; 28; 34; 51; 16; 67; 75; 9; 6; 81
21,73,0.10331,0.28767,85; 21; 77; 20; 6; 68; 73; 36; 61; 28
13,26,0.13225,0.5,13; 13; 83; 49; 48; 59; 26; 13; 81; 15
12,48,0.14201,0.25,10; 12; 37; 35; 31; 9; 48; 85; 7; 73
14,59,0.11862,0.23729,79; 14; 17; 82; 85; 29; 59; 37; 45; 59
19,75,0.09783,0.25333,13; 19; 54; 50; 82; 10; 75; 39; 70; 47
23,71,0.10606,0.32394,75; 23; 18; 45; 82; 11; 71; 56; 27; 26
21,25,0.13067,0.84,67; 21; 72; 35; 12; 38; 25; 46; 60; 25
16,56,0.12749,0.28571,17; 16; 44; 55; 13; 50; 56; 22; 38; 65
25,79,0.10138,0.31646,31; 25; 22; 17; 79; 21; 79; 46; 53; 45
26,57,0.11781,0.45614,17; 26; 81; 14; 80; 59; 57; 60; 40; 62
17,71,0.11156,0.23944,28; 17; 45; 72; 33; 41; 71; 30; 60; 73
16,20,0.13289,0.8,71; 16; 22; 46; 53; 32; 20; 66; 23; 53
17,68,0.10839,0.25,66; 17; 19; 48; 42; 65; 68; 37; 35; 7
50,63,0.11664,0.79365,19; 50; 16; 39; 59; 62; 63; 68; 46; 17
6,18,0.10495,0.33333,74; 6; 30; 41; 78; 6; 18; 37; 83; 68
37,44,0.14169,0.84091,55; 37; 11; 85; 74; 12; 44; 54; 55; 60
48,56,0.12035,0.85714,34; 48; 20; 68; 17; 41; 56; 64; 31; 65
54,63,0.11413,0.85714,11; 54; 17; 76; 54; 33; 63; 55; 11; 76
23,73,0.10144,0.31507,11; 23; 46; 14; 33; 30; 73; 11; 74; 32
60,75,0.09229,0.8,15; 60; 9; 9; 13; 35; 75; 80; 27; 83
15,47,0.13851,0.31915,29; 15; 62; 16; 14; 85; 47; 34; 44; 27
61,77,0.08606,0.79221,6; 61; 5; 69; 27; 60; 77; 54; 83; 52
17,57,0.11956,0.29825,72; 17; 37; 25; 84; 23; 57; 12; 37; 31
42,51,0.13374,0.82353,73; 42; 78; 44; 17; 64; 51; 42; 12; 65
12,38,0.13636,0.31579,20; 12; 81; 30; 47; 10; 38; 16; 33; 41
25,77,0.10311,0.32468,70; 25; 34; 57; 11; 62; 77; 59; 43; 58
19,76,0.09647,0.25,78; 19; 16; 17; 76; 13; 76; 71; 55; 84
20,35,0.13237,0.57143,20; 20; 34; 22; 32; 43; 35; 71; 18; 83
13,26,0.13013,0.5,85; 13; 30; 60; 73; 18; 26; 73; 50; 84
42,50,0.12888,0.84,12; 42; 70; 14; 61; 75; 50; 26; 26; 10
24,82,0.09216,0.29268,54; 24; 11; 13; 26; 25; 82; 32; 77; 17
66,84,0.07941,0.78571,43; 66; 19; 76; 74; 54; 84; 28; 26; 83
7,23,0.12606,0.30435,77; 7; 57; 29; 71; 78; 23; 57; 10; 42
31,37,0.13404,0.83784,35; 31; 53; 55; 22; 39; 37; 22; 48; 55
27,77,0.10595,0.35065,83; 27; 44; 73; 7; 55; 77; 40; 45; 74
46,58,0.12617,0.7931,11; 46; 77; 45; 9; 61; 58; 39; 19; 75
34,70,0.1065,0.48571,61; 34; 20; 61; 25; 64; 70; 54; 47; 38
22,77,0.09679,0.28571,27; 22; 51; 33; 69; 36; 77; 83; 39; 30
37,74,0.10001,0.5,34; 37; 85; 19; 64; 54; 74; 48; 55; 61
18,62,0.11029,0.29032,62; 18; 13; 29; 38; 23; 62; 54; 21; 50
19,54,0.12569,0.35185,70; 19; 68; 11; 31; 39; 54; 48; 80; 67
51,61,0.11285,0.83607,84; 51; 77; 22; 80; 19; 61; 72; 58; 23
17,46,0.13062,0.36957,9; 17; 48; 5; 26; 26; 46; 75; 58; 35
24,82,0.09483,0.29268,47; 24; 8; 81; 23; 49; 82; 54; 7; 63
8,29,0.1378,0.27586,35; 8; 39; 64; 24; 55; 29; 82; 58; 29
23,83,0.1015,0.27711,75; 23; 59; 8; 45; 73; 83; 42; 41; 34
22,77,0.10102,0.28571,68; 22; 8; 69; 11; 16; 77; 56; 25; 33
45,80,0.10655,0.5625,43; 45; 32; 78; 80; 68; 80; 20; 48; 63
26,78,0.10239,0.33333,72; 26; 27; 84; 56; 65; 78; 36; 15; 15
18,65,0.11456,0.27692,55; 18; 76; 67; 35; 16; 65; 75; 71; 47
53,67,0.11234,0.79104,59; 53; 27; 44; 84; 66; 67; 29; 37; 44
47,56,0.12372,0.83929,40; 47; 39; 28; 77; 10; 56; 73; 63; 16
22,45,0.13318,0.48889,64; 22; 84; 71; 5; 13; 45; 69; 15; 70
8,27,0.13869,0.2963,23; 8; 35; 78; 56; 53; 27; 73; 9; 80
23,40,0.13171,0.575,25; 23; 82; 24; 57; 47; 40; 35; 48; 25
32,56,0.12718,0.57143,69; 32; 73; 71; 11; 74; 56; 65; 76; 53
27,32,0.13218,0.84375,55; 27; 37; 79; 48; 13; 32; 15; 14; 32
19,51,0.12867,0.37255,9; 19; 39; 16; 15; 81; 51; 5; 63; 5
22,69,0.09931,0.31884,42; 22; 50; 61; 66; 38; 69; 64; 42; 67
66,79,0.08073,0.83544,33; 66; 22; 14; 13; 85; 79; 85; 39; 24
22,67,0.10792,0.32836,51; 22; 25; 40; 68; 8; 67; 55; 18; 60
32,57,0.12784,0.5614,64; 32; 18; 37; 22; 10; 57; 25; 68; 72
10,42,0.14105,0.2381,10; 10; 85; 16; 60; 29; 42; 26; 48; 39
31,84,0.09646,0.36905,5; 31; 34; 80; 37; 29; 84; 81; 76; 37
32,57,0.12787,0.5614,29; 32; 64; 55; 26; 21; 57; 60; 43; 77
35,63,0.12093,0.55556,64; 35; 48; 8; 38; 84; 63; 68; 81; 54
20,60,0.1226,0.33333,30; 20; 68; 67; 30; 52; 60; 11; 26; 55
51,59,0.11842,0.86441,80; 51; 67; 29; 15; 33; 59; 38; 82; 77
40,81,0.09406,0.49383,55; 40; 39; 26; 69; 55; 81; 40; 36; 78
27,82,0.09601,0.32927,19; 27; 49; 55; 28; 7; 82; 31; 72; 63
14,55,0.12543,0.25455,16; 14; 64; 59; 26; 51; 55; 25; 74; 54
27,34,0.14477,0.79412,28; 27; 16; 84; 30; 84; 34; 10; 44; 51
30,35,0.1244,0.85714,67; 30; 59; 32; 67; 10; 35; 62; 71; 31
55,69,0.09901,0.7971,45; 55; 44; 19; 16; 14; 69; 34; 74; 37
42,49,0.13551,0.85714,5; 42; 62; 36; 18; 84; 49; 59; 22; 84
16,57,0.12346,0.2807,82; 16; 83; 77; 69; 10; 57; 69; 59; 67
48,57,0.12799,0.84211,48; 48; 58; 73; 70; 77; 57; 32; 73; 7
19,66,0.11627,0.28788,8; 19; 37; 59; 73; 50; 66; 25; 56; 66
28,61,0.11536,0.45902,84; 28; 52; 27; 67; 53; 61; 58; 55; 21
32,64,0.11211,0.5,7; 32; 17; 82; 80; 14; 64; 81; 18; 73
36,78,0.0998,0.46154,71; 36; 71; 17; 44; 33; 78; 29; 12; 42
53,65,0.11273,0.81538,73; 53; 53; 81; 12; 22; 65; 43; 21; 71
23,41,0.13428,0.56098,47; 23; 80; 16; 57; 51; 41; 45; 11; 66
43,54,0.12696,0.7963,19; 43; 8; 34; 16; 11; 54; 75; 48; 34
20,85,0.08421,0.23529,62; 20; 64; 47; 43; 82; 85; 57; 47; 50
49,57,0.12312,0.85965,64; 49; 42; 29; 51; 24; 57; 34; 8; 67
16,55,0.12989,0.29091,11; 16; 28; 40; 40; 8; 55; 27; 54; 36
31,63,0.11049,0.49206,58; 31; 63; 50; 47; 44; 63; 32; 64; 21
26,31,0.136,0.83871,32; 26; 37; 37; 19; 77; 31; 5; 57; 69
40,82,0.10622,0.4878,84; 40; 34; 34; 24; 47; 82; 69; 17; 78
19,39,0.12643,0.48718,63; 19; 64; 14; 52; 6; 39; 6; 26; 64
19,68,0.10198,0.27941,76; 19; 78; 39; 81; 84; 68; 24; 57; 60
68,79,0.08361,0.86076,26; 68; 49; 32; 37; 74; 79; 66; 76; 78
22,76,0.10103,0.28947,49; 22; 78; 85; 53; 70; 76; 49; 57; 68
39,84,0.0886,0.46429,85; 39; 66; 38; 63; 39; 84; 59; 66; 58
38,82,0.09444,0.46341,68; 38; 29; 49; 26; 8; 82; 76; 66; 37
25,72,0.10618,0.34722,16; 25; 26; 22; 76; 73; 72; 32; 73; 27
17,34,0.13854,0.5,62; 17; 15; 80; 13; 58; 34; 84; 60; 14
13,55,0.13024,0.23636,16; 13; 79; 25; 21; 11; 55; 54; 64; 14
16,66,0.10976,0.24242,16; 16; 38; 39; 40; 47; 66; 74; 41; 74
59,70,0.10115,0.84286,71; 59; 74; 19; 6; 37; 70; 81; 73; 81
49,61,0.11666,0.80328,41; 49; 85; 6; 29; 80; 61; 46; 72; 67
24,30,0.13749,0.8,63; 24; 80; 47; 79; 61; 30; 39; 23; 39
25,83,0.09994,0.3012,48; 25; 77; 33; 10; 71; 83; 47; 72; 49
29,79,0.10275,0.36709,81; 29; 68; 85; 19; 75; 79; 82; 16; 17
7,23,0.12953,0.30435,41; 7; 17; 53; 21; 75; 23; 74; 18; 48
16,66,0.11114,0.24242,56; 16; 71; 27; 85; 10; 66; 55; 29; 5
23,80,0.10144,0.2875,11; 23; 20; 54; 35; 38; 80; 47; 14; 56
17,49,0.12895,0.34694,19; 17; 40; 28; 23; 6; 49; 79; 80; 36
22,60,0.11332,0.36667,62; 22; 8; 47; 80; 20; 60; 30; 75; 36
39,49,0.13123,0.79592,42; 39; 74; 69; 23; 65; 49; 42; 21; 62
35,63,0.11342,0.55556,28; 35; 71; 52; 34; 51; 63; 79; 83; 33
28,81,0.10404,0.34568,58; 28; 78; 21; 54; 21; 81; 16; 59; 56
12,14,0.1382,0.85714,60; 12; 34; 64; 61; 54; 14; 27; 15; 43
19,80,0.10129,0.2375,85; 19; 32; 8; 81; 42; 80; 26; 77; 84
24,75,0.10018,0.32,61; 24; 11; 66; 9; 22; 75; 41; 77; 19
24,83,0.09316,0.28916,46; 24; 37; 53; 31; 82; 83; 13; 47; 6
53,67,0.10445,0.79104,57; 53; 36; 39; 57; 50; 67; 64; 85; 84
18,75,0.10115,0.24,11; 18; 73; 7; 77; 16; 75; 75; 38; 85
47,56,0.12738,0.83929,21; 47; 76; 59; 21; 6; 56; 70; 25; 17
19,60,0.11627,0.31667,71; 19; 82; 35; 83; 52; 60; 82; 13; 68
62,76,0.08766,0.81579,45; 62; 75; 69; 34; 53; 76; 35; 43; 62
13,47,0.13207,0.2766,64; 13; 46; 53; 38; 21; 47; 22; 34; 84
16,55,0.12783,0.29091,16; 16; 20; 25; 16; 67; 55; 53; 79; 8
73,85,0.07408,0.85882,38; 73; 82; 21; 11; 75; 85; 51; 55; 25
52,65,0.10959,0.8,32; 52; 43; 71; 79; 84; 65; 41; 21; 81
20,35,0.13401,0.57143,41; 20; 74; 74; 37; 9; 35; 52; 64; 7
27,47,0.1353,0.57447,9; 27; 11; 61; 16; 27; 47; 23; 68; 64
15,60,0.11335,0.25,39; 15; 43; 57; 15; 65; 60; 68; 7; 17
38,44,0.13891,0.86364,35; 38; 83; 58; 5; 8; 44; 53; 35; 47
58,73,0.09614,0.79452,73; 58; 71; 9; 23; 65; 73; 81; 8; 74
27,32,0.12984,0.84375,70; 27; 56; 77; 31; 83; 32; 65; 83; 12
5,17,0.10682,0.29412,24; 5; 80; 76; 42; 62; 17; 25; 21; 57
24,49,0.12948,0.4898,44; 24; 66; 50; 15; 5; 49; 53; 61; 7
36,45,0.13671,0.8,58; 36; 52; 23; 59; 15; 45; 28; 62; 71
52,66,0.10982,0.78788,29; 52; 26; 49; 53; 44; 66; 79; 23; 82
21,83,0.09162,0.25301,68; 21; 85; 29; 85; 22; 83; 20; 18; 12
22,69,0.11012,0.31884,43; 22; 12; 52; 6; 83; 69; 17; 79; 28
18,64,0.11342,0.28125,11; 18; 14; 76; 55; 81; 64; 70; 23; 29
40,71,0.11546,0.56338,44; 40; 49; 82; 84; 7; 71; 24; 26; 12
32,37,0.1431,0.86486,72; 32; 11; 69; 41; 68; 37; 23; 25; 21
69,82,0.07534,0.84146,84; 69; 8; 79; 33; 71; 82; 51; 59; 25
44,55,0.13727,0.8,19; 44; 78; 81; 60; 38; 55; 27; 82; 74
26,52,0.13209,0.5,76; 26; 44; 45; 85; 5; 52; 51; 76; 78
5,10,0.10817,0.5,16; 5; 84; 75; 35; 22; 10; 8; 76; 45
13,39,0.13533,0.33333,61; 13; 22; 41; 29; 11; 39; 36; 45; 39
39,84,0.09187,0.46429,84; 39; 39; 6; 65; 63; 84; 79; 43; 58
13,35,0.13095,0.37143,24; 13; 39; 15; 60; 38; 35; 12; 58; 43
26,75,0.10398,0.34667,35; 26; 17; 82; 29; 73; 75; 25; 60; 40
28,34,0.13805,0.82353,29; 28; 52; 44; 6; 34; 34; 48; 50; 59
40,70,0.11324,0.57143,23; 40; 28; 38; 22; 24; 70; 64; 33; 58
63,79,0.08611,0.79747,61; 63; 13; 12; 33; 55; 79; 65; 45; 54
18,56,0.11782,0.32143,80; 18; 45; 17; 60; 44; 56; 51; 7; 62
35,61,0.12259,0.57377,18; 35; 43; 36; 40; 67; 61; 31; 35; 82
7,21,0.12128,0.33333,42; 7; 19; 40; 22; 32; 21; 24; 85; 40
9,38,0.14829,0.23684,25; 9; 84; 71; 84; 26; 38; 78; 46; 10
31,62,0.1299,0.5,30; 31; 85; 64; 37; 54; 62; 73; 45; 7
23,77,0.10099,0.2987,77; 23; 15; 81; 25; 50; 77; 54; 47; 11
71,85,0.07412,0.83529,59; 71; 73; 62; 85; 69; 85; 33; 6; 82
6,21,0.11242,0.28571,46; 6; 66; 73; 45; 50; 21; 38; 46; 14
52,62,0.11974,0.83871,33; 52; 77; 31; 65; 53; 62; 30; 33; 8
21,83,0.08075,0.25301,13; 21; 45; 25; 76; 54; 83; 72; 24; 42
16,32,0.13335,0.5,48; 16; 41; 39; 38; 20; 32; 29; 72; 30
67,82,0.07967,0.81707,54; 67; 38; 48; 54; 22; 82; 61; 65; 25
6,17,0.11617,0.35294,7; 6; 23; 24; 33; 22; 17; 75; 42; 70
20,61,0.11253,0.32787,47; 20; 71; 79; 65; 21; 61; 70; 21; 9
59,74,0.08979,0.7973,85; 59; 27; 25; 55; 68; 74; 18; 77; 40
11,14,0.135,0.78571,85; 11; 63; 13; 83; 15; 14; 15; 49; 58
26,71,0.10803,0.3662,19; 26; 52; 70; 10; 77; 71; 38; 58; 82
15,19,0.13058,0.78947,70; 15; 43; 12; 46; 61; 19; 28; 70; 76
6,18,0.1146,0.33333,48; 6; 52; 38; 42; 75; 18; 6; 64; 7
9,18,0.14029,0.5,52; 9; 13; 62; 84; 73; 18; 38; 28; 71
5,21,0.0995,0.2381,83; 5; 17; 78; 59; 75; 21; 25; 12; 10
39,70,0.11659,0.55714,36; 39; 17; 66; 17; 43; 70; 56; 44; 14
40,72,0.11227,0.55556,67; 40; 27; 76; 30; 29; 72; 59; 21; 46
17,30,0.13234,0.56667,51; 17; 72; 46; 69; 15; 30; 69; 49; 69
22,67,0.10717,0.32836,29; 22; 36; 30; 11; 77; 67; 36; 33; 19
17,70,0.11022,0.24286,26; 17; 31; 70; 51; 83; 70; 31; 57; 43
26,81,0.09549,0.32099,63; 26; 7; 7; 31; 20; 81; 44; 76; 44
13,40,0.13942,0.325,45; 13; 8; 70; 11; 71; 40; 33; 67; 76
22,60,0.1183,0.36667,38; 22; 67; 40; 30; 46; 60; 56; 66; 73
35,70,0.11375,0.5,40; 35; 35; 75; 72; 68; 70; 47; 79; 32
21,71,0.10526,0.29577,49; 21; 69; 33; 24; 20; 71; 53; 31; 27
25,45,0.14032,0.55556,35; 25; 35; 35; 5; 28; 45; 57; 21; 12
64,81,0.08054,0.79012,13; 64; 13; 62; 30; 23; 81; 54; 58; 60
38,67,0.11407,0.56716,41; 38; 71; 13; 49; 46; 67; 46; 81; 61
26,80,0.10276,0.325,47; 26; 71; 47; 42; 29; 80; 71; 31; 19
60,73,0.08728,0.82192,67; 60; 11; 65; 79; 79; 73; 22; 31; 64
20,81,0.09495,0.24691,35; 20; 67; 50; 11; 35; 81; 29; 9; 48
21,69,0.11228,0.30435,25; 21; 60; 43; 6; 65; 69; 8; 35; 25
20,36,0.13421,0.55556,12; 20; 66; 52; 37; 35; 36; 12; 79; 84
21,57,0.12058,0.36842,5; 21; 16; 14; 67; 80; 57; 66; 24; 57
17,37,0.1337,0.45946,9; 17; 16; 85; 54; 33; 37; 20; 32; 18
50,61,0.11811,0.81967,9; 50; 83; 17; 13; 43; 61; 57; 5; 65
48,57,0.11663,0.84211,18; 48; 22; 52; 32; 41; 57; 63; 60; 14
14,57,0.12217,0.24561,12; 14; 47; 47; 45; 49; 57; 53; 84; 16
6,18,0.11638,0.33333,58; 6; 75; 40; 40; 25; 18; 51; 67; 9
10,27,0.14348,0.37037,35; 10; 7; 10; 40; 18; 27; 20; 9; 20
32,70,0.11239,0.45714,77; 32; 23; 16; 32; 70; 70; 66; 19; 68
36,44,0.14607,0.81818,68; 36; 80; 42; 74; 76; 44; 27; 68; 33
16,32,0.13156,0.5,74; 16; 61; 75; 15; 30; 32; 63; 66; 22
47,57,0.12443,0.82456,54; 47; 63; 45; 47; 70; 57; 29; 27; 68
24,84,0.09002,0.28571,54; 24; 28; 20; 11; 84; 84; 84; 17; 15
62,76,0.08665,0.81579,54; 62; 51; 42; 66; 74; 76; 66; 19; 51
25,50,0.13139,0.5,29; 25; 70; 35; 79; 75; 50; 17; 68; 29
56,68,0.09746,0.82353,64; 56; 17; 72; 41; 30; 68; 9; 57; 39
32,70,0.10025,0.45714,5; 32; 8; 70; 56; 6; 70; 44; 77; 42
12,37,0.13525,0.32432,60; 12; 9; 51; 36; 20; 37; 19; 57; 74
14,58,0.12366,0.24138,21; 14; 13; 77; 13; 53; 58; 59; 35; 78
33,66,0.11568,0.5,28; 33; 67; 66; 33; 30; 66; 34; 77; 35
27,73,0.10445,0.36986,23; 27; 17; 85; 30; 22; 73; 59; 25; 45
19,52,0.12835,0.36538,36; 19; 60; 29; 6; 47; 52; 11; 31; 60
66,82,0.08077,0.80488,66; 66; 35; 51; 58; 66; 82; 47; 77; 43
10,42,0.13146,0.2381,64; 10; 69; 55; 73; 72; 42; 45; 83; 60
58,73,0.09729,0.79452,39; 58; 40; 84; 26; 45; 73; 70; 29; 32
19,64,0.11107,0.29688,59; 19; 15; 8; 35; 82; 64; 48; 56; 58
38,48,0.1402,0.79167,12; 38; 43; 20; 31; 69; 48; 22; 25; 18
11,22,0.13607,0.5,22; 11; 11; 73; 51; 39; 22; 24; 54; 9
19,66,0.11384,0.28788,27; 19; 64; 37; 20; 58; 66; 26; 46; 60
30,61,0.12542,0.4918,28; 30; 65; 70; 33; 62; 61; 45; 28; 32
20,84,0.09189,0.2381,67; 20; 58; 23; 62; 84; 84; 68; 12; 10
71,85,0.07648,0.83529,13; 71; 13; 10; 14; 26; 85; 38; 16; 45
10,40,0.13677,0.25,78; 10; 6; 28; 61; 6; 40; 71; 42; 73
54,64,0.11158,0.84375,70; 54; 12; 17; 13; 61; 64; 35; 46; 22
14,59,0.12222,0.23729,60; 14; 73; 75; 32; 57; 59; 49; 18; 41
12,49,0.13738,0.2449,41; 12; 40; 85; 16; 48; 49; 59; 63; 15
27,59,0.11569,0.45763,38; 27; 32; 51; 66; 36; 59; 35; 27; 75
28,34,0.13491,0.82353,22; 28; 72; 6; 6; 36; 34; 26; 82; 63
38,67,0.12237,0.56716,14; 38; 60; 66; 50; 62; 67; 13; 52; 56
10,40,0.14173,0.25,76; 10; 81; 5; 68; 24; 40; 79; 25; 50
9,31,0.14466,0.29032,55; 9; 15; 58; 59; 8; 31; 47; 78; 14
29,84,0.09947,0.34524,59; 29; 70; 72; 50; 58; 84; 61; 59; 25
20,71,0.10449,0.28169,17; 20; 47; 78; 76; 62; 71; 8; 78; 71
10,34,0.14365,0.29412,48; 10; 83; 76; 61; 18; 34; 36; 62; 81
41,49,0.1345,0.83673,63; 41; 37; 22; 26; 41; 49; 58; 8; 28
27,78,0.10544,0.34615,65; 27; 78; 38; 63; 63; 78; 35; 49; 33
37,75,0.09491,0.49333,10; 37; 7; 35; 58; 73; 75; 74; 78; 74
47,82,0.09017,0.57317,6; 47; 73; 6; 38; 47; 82; 7; 5; 29
32,39,0.1335,0.82051,35; 32; 68; 85; 9; 35; 39; 24; 70; 7
19,59,0.1168,0.32203,23; 19; 84; 65; 6; 21; 59; 70; 7; 5
27,85,0.09114,0.31765,69; 27; 6; 76; 21; 56; 85; 10; 71; 42
19,64,0.10531,0.29688,50; 19; 84; 37; 23; 26; 64; 8; 7; 70
14,50,0.13559,0.28,7; 14; 39; 65; 26; 35; 50; 45; 16; 76
11,33,0.13645,0.33333,57; 11; 43; 19; 5; 68; 33; 35; 46; 39
34,60,0.11499,0.56667,51; 34; 80; 41; 9; 37; 60; 10; 74; 75
44,77,0.0998,0.57143,21; 44; 30; 79; 48; 50; 77; 73; 76; 58
7,25,0.13459,0.28,22; 7; 59; 80; 46; 18; 25; 81; 74; 22
16,55,0.12692,0.29091,76; 16; 23; 14; 61; 42; 55; 9; 66; 60
26,53,0.12281,0.49057,57; 26; 52; 76; 10; 20; 53; 37; 60; 19
22,69,0.10786,0.31884,17; 22; 61; 63; 19; 34; 69; 30; 31; 43
20,62,0.11771,0.32258,63; 20; 20; 66; 76; 5; 62; 51; 85; 23
55,70,0.09935,0.78571,20; 55; 37; 6; 29; 53; 70; 51; 59; 23
12,24,0.1377,0.5,80; 12; 12; 25; 34; 83; 24; 56; 24; 24
14,43,0.13505,0.32558,60; 14; 28; 83; 83; 32; 43; 50; 81; 16
27,84,0.0844,0.32143,70; 27; 30; 79; 41; 9; 84; 43; 41; 21
35,72,0.11347,0.48611,65; 35; 37; 33; 29; 50; 72; 58; 9; 19
56,71,0.09492,0.78873,72; 56; 44; 75; 7; 29; 71; 19; 58; 70
44,79,0.10676,0.55696,27; 44; 13; 34; 41; 73; 79; 43; 67; 29
16,20,0.13084,0.8,19; 16; 5; 13; 33; 43; 20; 56; 23; 36
16,35,0.12663,0.45714,65; 16; 75; 17; 48; 15; 35; 5; 8; 65
11,37,0.13976,0.2973,12; 11; 57; 66; 16; 33; 37; 53; 57; 80
9,11,0.14385,0.81818,77; 9; 36; 78; 8; 84; 11; 82; 74; 26
64,74,0.08703,0.86486,53; 64; 17; 27; 30; 33; 74; 14; 11; 69
22,59,0.11707,0.37288,10; 22; 7; 22; 39; 65; 59; 5; 49; 49
55,69,0.09938,0.7971,47; 55; 83; 19; 42; 78; 69; 72; 81; 73
36,63,0.1165,0.57143,49; 36; 39; 25; 71; 43; 63; 64; 27; 71
25,68,0.11415,0.36765,36; 25; 34; 10; 69; 57; 68; 77; 80; 16
49,60,0.11867,0.81667,19; 49; 51; 39; 76; 24; 60; 16; 58; 44
32,56,0.11729,0.57143,30; 32; 44; 22; 30; 66; 56; 30; 76; 5
13,41,0.13886,0.31707,19; 13; 44; 9; 21; 38; 41; 44; 43; 65
52,62,0.1041,0.83871,43; 52; 28; 46; 84; 30; 62; 29; 69; 54
42,53,0.1304,0.79245,39; 42; 51; 68; 44; 62; 53; 32; 26; 35
35,70,0.10272,0.5,49; 35; 11; 7; 82; 84; 70; 16; 68; 19
15,19,0.13784,0.78947,27; 15; 12; 54; 15; 16; 19; 66; 60; 5
63,79,0.08571,0.79747,27; 63; 71; 67; 69; 65; 79; 82; 75; 49
12,24,0.13559,0.5,55; 12; 62; 6; 45; 14; 24; 16; 36; 26
36,79,0.10352,0.4557,39; 36; 14; 46; 30; 29; 79; 51; 30; 47
9,38,0.14213,0.23684,15; 9; 67; 7; 79; 20; 38; 17; 84; 79
29,52,0.13938,0.55769,11; 29; 25; 35; 8; 52; 52; 55; 25; 32
11,46,0.14047,0.23913,85; 11; 58; 26; 30; 22; 46; 37; 11; 58
21,85,0.08898,0.24706,8; 21; 71; 83; 25; 43; 85; 30; 55; 74
21,65,0.10873,0.32308,68; 21; 27; 81; 39; 75; 65; 48; 63; 44
59,70,0.09313,0.84286,48; 59; 35; 52; 64; 39; 70; 65; 11; 38
18,32,0.12924,0.5625,63; 18; 47; 76; 53; 55; 32; 66; 84; 83
37,46,0.13459,0.80435,48; 37; 66; 8; 52; 71; 46; 27; 33; 41
18,55,0.12631,0.32727,56; 18; 13; 77; 23; 73; 55; 30; 23; 82
30,53,0.12458,0.56604,18; 30; 18; 72; 30; 9; 53; 44; 32; 43
33,68,0.10604,0.48529,54; 33; 8; 10; 34; 49; 68; 21; 12; 44
23,70,0.11195,0.32857,77; 23; 32; 44; 50; 26; 70; 46; 10; 19
16,63,0.12356,0.25397,10; 16; 17; 44; 23; 63; 63; 85; 48; 74
19,38,0.13173,0.5,49; 19; 15; 54; 82; 71; 38; 69; 31; 76
35,44,0.13441,0.79545,22; 35; 29; 81; 44; 63; 44; 5; 43; 41
5,17,0.10329,0.29412,50; 5; 71; 54; 63; 66; 17; 7; 6; 11
25,85,0.09705,0.29412,27; 25; 67; 47; 60; 15; 85; 15; 27; 37
28,80,0.09517,0.35,19; 28; 50; 85; 40; 73; 80; 84; 57; 81
22,63,0.12002,0.34921,53; 22; 76; 44; 24; 51; 63; 66; 33; 71
13,47,0.13819,0.2766,11; 13; 55; 80; 52; 5; 47; 63; 11; 64
32,56,0.1229,0.57143,36; 32; 55; 36; 5; 65; 56; 77; 33; 30
59,72,0.10097,0.81944,6; 59; 59; 51; 12; 39; 72; 64; 63; 51
13,23,0.1297,0.56522,14; 13; 61; 79; 39; 10; 23; 68; 13; 7
63,73,0.09069,0.86301,84; 63; 34; 53; 48; 46; 73; 5; 53; 5
21,46,0.14368,0.45652,59; 21; 30; 22; 34; 69; 46; 48; 82; 75
46,81,0.09818,0.5679,81; 46; 18; 52; 59; 44; 81; 81; 75; 67
20,41,0.13808,0.4878,6; 20; 63; 14; 28; 26; 41; 51; 48; 21
59,72,0.09842,0.81944,79; 59; 11; 39; 55; 21; 72; 27; 64; 73
24,81,0.10452,0.2963,44; 24; 49; 40; 55; 34; 81; 43; 65; 10
25,71,0.10757,0.35211,12; 25; 19; 23; 24; 58; 71; 71; 52; 19
30,53,0.12726,0.56604,48; 30; 69; 82; 19; 67; 53; 51; 45; 41
63,79,0.09126,0.79747,68; 63; 47; 72; 75; 20; 79; 31; 32; 21
5,21,0.09639,0.2381,56; 5; 35; 7; 33; 77; 21; 64; 56; 16
24,83,0.0939,0.28916,24; 24; 50; 21; 29; 75; 83; 16; 84; 42
23,62,0.12183,0.37097,71; 23; 60; 56; 46; 38; 62; 82; 83; 64
14,43,0.13111,0.32558,68; 14; 8; 39; 77; 20; 43; 8; 49; 54
9,32,0.13796,0.28125,13; 9; 12; 27; 54; 62; 32; 46; 30; 32
11,44,0.14125,0.25,65; 11; 42; 7; 67; 28; 44; 49; 78; 11
11,44,0.14039,0.25,78; 11; 41; 66; 84; 73; 44; 17; 58; 63
29,63,0.11984,0.46032,76; 29; 50; 82; 64; 78; 63; 38; 69; 51
18,76,0.09859,0.23684,22; 18; 72; 66; 7; 69; 76; 69; 74; 57
73,85,0.07279,0.85882,18; 73; 74; 83; 81; 76; 85; 40; 47; 20
19,41,0.13143,0.46341,56; 19; 15; 17; 35; 23; 41; 27; 66; 84
28,35,0.13518,0.8,70; 28; 40; 5; 7; 30; 35; 69; 22; 25
23,47,0.13464,0.48936,31; 23; 77; 61; 18; 66; 47; 49; 5; 5
36,74,0.09943,0.48649,58; 36; 40; 48; 41; 34; 74; 49; 58; 57
18,61,0.11471,0.29508,18; 18; 37; 9; 73; 51; 61; 76; 27; 47
65,77,0.0791,0.84416,79; 65; 36; 72; 40; 82; 77; 18; 75; 40
16,57,0.12316,0.2807,55; 16; 28; 44; 66; 66; 57; 17; 64; 81
70,81,0.08146,0.8642,68; 70; 34; 34; 59; 31; 81; 38; 15; 68
6,13,0.11264,0.46154,29; 6; 57; 23; 55; 8; 13; 55; 62; 20
13,43,0.13769,0.30233,69; 13; 84; 85; 52; 54; 43; 16; 37; 74
14,46,0.13674,0.30435,66; 14; 83; 32; 74; 64; 46; 77; 14; 80
22,59,0.11674,0.37288,40; 22; 14; 30; 41; 50; 59; 19; 70; 6
28,49,0.1304,0.57143,47; 28; 83; 56; 74; 39; 49; 80; 41; 34
13,52,0.13008,0.25,29; 13; 42; 48; 73; 72; 52; 84; 30; 49
14,59,0.11646,0.23729,42; 14; 14; 27; 37; 62; 59; 37; 59; 85
12,43,0.14729,0.27907,10; 12; 58; 44; 37; 34; 43; 36; 47; 9
29,78,0.0994,0.37179,76; 29; 76; 27; 67; 81; 78; 51; 69; 65
10,33,0.13759,0.30303,69; 10; 85; 71; 12; 35; 33; 54; 78; 70
23,41,0.13058,0.56098,25; 23; 82; 16; 40; 41; 41; 11; 40; 61
19,55,0.1244,0.34545,16; 19; 30; 20; 24; 59; 55; 67; 57; 44
34,60,0.12402,0.56667,41; 34; 78; 59; 61; 57; 60; 29; 27; 74
29,79,0.10517,0.36709,79; 29; 13; 79; 51; 81; 79; 80; 70; 63
19,69,0.10913,0.27536,69; 19; 41; 11; 73; 22; 69; 52; 80; 78
44,51,0.1303,0.86275,51; 44; 52; 65; 7; 31; 51; 52; 32; 56
20,57,0.12072,0.35088,35; 20; 12; 14; 70; 19; 57; 10; 32; 26
14,28,0.12418,0.5,59; 14; 20; 44; 68; 73; 28; 15; 35; 48
27,83,0.09424,0.3253,41; 27; 22; 6; 73; 70; 83; 48; 85; 55
5,18,0.10673,0.27778,53; 5; 32; 9; 21; 70; 18; 71; 57; 28
12,37,0.13517,0.32432,55; 12; 34; 37; 58; 25; 37; 80; 34; 70
25,76,0.10012,0.32895,62; 25; 45; 78; 25; 5; 76; 77; 72; 21
19,66,0.11111,0.28788,45; 19; 61; 82; 60; 67; 66; 55; 25; 7
23,78,0.10408,0.29487,53; 23; 85; 22; 23; 23; 78; 5; 49; 70
43,50,0.13423,0.86,64; 43; 84; 74; 19; 18; 50; 27; 54; 76
24,52,0.13174,0.46154,43; 24; 50; 24; 76; 10; 52; 43; 38; 20
18,22,0.13124,0.81818,73; 18; 50; 27; 26; 50; 22; 12; 23; 42
18,62,0.11323,0.29032,18; 18; 64; 26; 44; 51; 62; 8; 35; 70
20,54,0.12303,0.37037,75; 20; 14; 49; 38; 57; 54; 26; 66; 28
10,36,0.13443,0.27778,16; 10; 60; 53; 34; 51; 36; 13; 74; 61
32,38,0.13492,0.84211,18; 32; 26; 5; 46; 61; 38; 44; 63; 35
10,42,0.14582,0.2381,32; 10; 75; 60; 41; 61; 42; 36; 55; 16
27,47,0.1351,0.57447,72; 27; 13; 36; 8; 74; 47; 57; 47; 75
15,51,0.12878,0.29412,80; 15; 63; 44; 27; 43; 51; 31; 42; 18
60,73,0.0938,0.82192,52; 60; 18; 68; 77; 32; 73; 41; 20; 60
13,51,0.13097,0.2549,57; 13; 18; 7; 8; 22; 51; 80; 37; 85
21,70,0.11261,0.3,47; 21; 51; 67; 53; 74; 70; 47; 85; 45
12,49,0.13685,0.2449,66; 12; 59; 70; 33; 67; 49; 18; 49; 6
19,51,0.12897,0.37255,65; 19; 73; 32; 80; 54; 51; 56; 24; 78
22,59,0.11772,0.37288,55; 22; 12; 70; 17; 15; 59; 19; 48; 70
10,40,0.13601,0.25,40; 10; 67; 81; 80; 14; 40; 53; 12; 52
66,77,0.08569,0.85714,40; 66; 6; 20; 31; 47; 77; 18; 66; 46
26,31,0.13042,0.83871,8; 26; 71; 18; 74; 9; 31; 66; 21; 84
19,58,0.11847,0.32759,36; 19; 20; 30; 16; 65; 58; 9; 9; 41
19,51,0.12535,0.37255,5; 19; 28; 56; 45; 54; 51; 50; 37; 46
16,64,0.11797,0.25,78; 16; 61; 20; 8; 74; 64; 43; 50; 9
22,73,0.10106,0.30137,32; 22; 60; 34; 19; 39; 73; 83; 28; 17
19,75,0.09912,0.25333,10; 19; 27; 66; 26; 45; 75; 35; 83; 83
9,37,0.1452,0.24324,49; 9; 34; 21; 6; 30; 37; 50; 31; 38
17,51,0.12683,0.33333,79; 17; 71; 74; 44; 16; 51; 66; 33; 56
40,82,0.10144,0.4878,39; 40; 5; 26; 39; 81; 82; 38; 43; 61
42,50,0.13181,0.84,33; 42; 68; 80; 59; 77; 50; 5; 23; 8
13,40,0.13525,0.325,36; 13; 57; 76; 68; 54; 40; 75; 19; 78
20,25,0.14216,0.8,72; 20; 12; 68; 36; 30; 25; 80; 30; 50
18,75,0.09595,0.24,82; 18; 42; 6; 65; 85; 75; 50; 59; 42
13,47,0.13591,0.2766,6; 13; 5; 67; 73; 72; 47; 10; 84; 82
20,71,0.10402,0.28169,12; 20; 74; 19; 21; 68; 71; 80; 47; 56
23,41,0.134,0.56098,48; 23; 66; 23; 12; 51; 41; 65; 72; 48
53,66,0.11225,0.80303,67; 53; 49; 17; 34; 62; 66; 55; 14; 58
54,66,0.10399,0.81818,40; 54; 26; 46; 41; 27; 66; 48; 48; 70
24,72,0.10071,0.33333,72; 24; 33; 42; 84; 58; 72; 75; 11; 35
28,61,0.11461,0.45902,55; 28; 19; 80; 41; 30; 61; 30; 61; 68
19,24,0.12304,0.79167,36; 19; 67; 30; 56; 61; 24; 44; 31; 37
56,68,0.09829,0.82353,47; 56; 51; 82; 73; 85; 68; 6; 5; 70
18,76,0.09429,0.23684,77; 18; 77; 43; 41; 29; 76; 71; 28; 34
59,74,0.08997,0.7973,18; 59; 40; 28; 32; 41; 74; 74; 72; 69
64,76,0.08826,0.84211,29; 64; 17; 85; 15; 39; 76; 56; 37; 84
65,76,0.08756,0.85526,31; 65; 47; 64; 15; 55; 76; 75; 51; 69
19,57,0.12147,0.33333,33; 19; 66; 78; 42; 54; 57; 46; 55; 28
35,44,0.13873,0.79545,10; 35; 46; 61; 19; 54; 44; 67; 73; 49
31,63,0.11173,0.49206,41; 31; 59; 39; 15; 67; 63; 8; 71; 38
38,44,0.13443,0.86364,31; 38; 63; 70; 68; 69; 44; 77; 23; 52
29,51,0.13325,0.56863,11; 29; 32; 41; 54; 66; 51; 25; 84; 23
36,63,0.1185,0.57143,84; 36; 43; 16; 14; 66; 63; 11; 8; 60
42,50,0.13301,0.84,75; 42; 70; 53; 21; 37; 50; 22; 63; 34
25,54,0.12678,0.46296,13; 25; 74; 11; 42; 50; 54; 41; 15; 9
31,38,0.1415,0.81579,66; 31; 52; 45; 42; 37; 38; 17; 61; 75
65,79,0.0775,0.82278,74; 65; 14; 39; 21; 42; 79; 13; 16; 85
19,76,0.09524,0.25,43; 19; 55; 26; 26; 15; 76; 11; 19; 39
6,13,0.10686,0.46154,41; 6; 65; 9; 26; 48; 13; 25; 47; 22
20,35,0.13072,0.57143,74; 20; 31; 13; 30; 23; 35; 73; 44; 53
22,74,0.09986,0.2973,26; 22; 43; 17; 8; 46; 74; 56; 69; 10
8,27,0.13731,0.2963,35; 8; 30; 30; 42; 48; 27; 17; 6; 58
16,58,0.12478,0.27586,52; 16; 74; 23; 29; 12; 58; 75; 14; 59
13,41,0.12792,0.31707,7; 13; 35; 26; 32; 73; 41; 6; 33; 55
5,21,0.10102,0.2381,41; 5; 41; 20; 71; 58; 21; 24; 26; 22
34,43,0.14021,0.7907,85; 34; 17; 70; 84; 64; 43; 49; 70; 49
15,63,0.11577,0.2381,50; 15; 9; 61; 76; 69; 63; 31; 57; 60
37,65,0.1177,0.56923,54; 37; 5; 53; 35; 76; 65; 71; 14; 7
64,74,0.08771,0.86486,48; 64; 74; 22; 19; 69; 74; 35; 50; 67
37,44,0.14042,0.84091,21; 37; 84; 42; 83; 35; 44; 84; 18; 15
56,68,0.10049,0.82353,73; 56; 16; 17; 6; 40; 68; 65; 22; 28
17,52,0.12681,0.32692,13; 17; 44; 57; 34; 24; 52; 20; 55; 35
12,24,0.13384,0.5,33; 12; 68; 79; 53; 10; 24; 6; 35; 46
37,65,0.11783,0.56923,27; 37; 64; 85; 42; 76; 65; 21; 8; 10
29,82,0.09398,0.35366,33; 29; 30; 39; 16; 83; 82; 74; 58; 37
37,80,0.1013,0.4625,58; 37; 25; 66; 27; 82; 80; 10; 43; 58
14,57,0.12522,0.24561,61; 14; 53; 32; 42; 19; 57; 62; 53; 73
11,22,0.13715,0.5,10; 11; 45; 49; 64; 72; 22; 60; 52; 77
33,71,0.10042,0.46479,73; 33; 85; 75; 68; 7; 71; 50; 41; 18
41,84,0.09564,0.4881,79; 41; 84; 26; 17; 24; 84; 77; 17; 50
25,54,0.13025,0.46296,27; 25; 67; 32; 61; 75; 54; 62; 76; 11
38,48,0.14175,0.79167,76; 38; 83; 78; 45; 26; 48; 44; 77; 38
21,57,0.11725,0.36842,73; 21; 5; 44; 63; 35; 57; 34; 57; 40
56,70,0.09724,0.8,43; 56; 77; 50; 58; 6; 70; 41; 22; 6
41,84,0.09015,0.4881,83; 41; 16; 69; 83; 76; 84; 7; 9; 7
19,51,0.12817,0.37255,21; 19; 15; 59; 80; 18; 51; 66; 40; 41
59,69,0.09403,0.85507,54; 59; 85; 42; 59; 19; 69; 29; 70; 58
32,38,0.14155,0.84211,37; 32; 82; 31; 79; 15; 38; 53; 85; 26
14,49,0.131,0.28571,9; 14; 9; 14; 43; 62; 49; 21; 70; 12
23,83,0.09415,0.27711,39; 23; 5; 17; 56; 11; 83; 37; 26; 16
11,22,0.14204,0.5,46; 11; 65; 47; 70; 41; 22; 66; 79; 37
25,68,0.11364,0.36765,40; 25; 52; 73; 9; 52; 68; 32; 21; 8
12,34,0.13352,0.35294,50; 12; 30; 56; 67; 64; 34; 37; 62; 19
24,83,0.09663,0.28916,54; 24; 20; 65; 58; 5; 83; 29; 43; 49
19,69,0.10784,0.27536,68; 19; 58; 75; 15; 24; 69; 58; 20; 27
41,73,0.11136,0.56164,83; 41; 61; 42; 78; 52; 73; 61; 27; 33
16,58,0.12104,0.27586,40; 16; 32; 81; 69; 28; 58; 10; 84; 12
59,74,0.09337,0.7973,80; 59; 50; 35; 45; 68; 74; 79; 38; 82
18,75,0.10301,0.24,29; 18; 67; 66; 83; 59; 75; 83; 28; 50
35,62,0.11353,0.56452,80; 35; 61; 67; 62; 70; 62; 73; 33; 37
24,74,0.09771,0.32432,53; 24; 80; 55; 46; 45; 74; 56; 68; 70
46,55,0.13047,0.83636,34; 46; 28; 58; 22; 19; 55; 13; 27; 45
32,70,0.10821,0.45714,63; 32; 68; 22; 39; 19; 70; 30; 69; 50
44,78,0.1073,0.5641,49; 44; 32; 80; 83; 5; 78; 26; 54; 72
23,79,0.10277,0.29114,38; 23; 26; 43; 55; 82; 79; 83; 10; 43
10,33,0.13885,0.30303,40; 10; 80; 77; 32; 31; 33; 9; 64; 28
19,76,0.09874,0.25,74; 19; 82; 46; 30; 9; 76; 18; 53; 62
17,67,0.11018,0.25373,5; 17; 28; 15; 59; 23; 67; 25; 83; 65
22,28,0.13801,0.78571,19; 22; 37; 51; 34; 47; 28; 27; 53; 38
35,70,0.10161,0.5,70; 35; 17; 13; 38; 48; 70; 9; 29; 35
60,70,0.09251,0.85714,26; 60; 70; 8; 43; 59; 70; 69; 23; 84
57,72,0.09031,0.79167,82; 57; 62; 63; 67; 53; 72; 34; 29; 40
15,51,0.13032,0.29412,79; 15; 7; 56; 83; 56; 51; 83; 53; 27
51,61,0.11081,0.83607,10; 51; 37; 64; 28; 79; 61; 82; 69; 22
42,75,0.1098,0.56,57; 42; 43; 57; 43; 14; 75; 63; 45; 65
23,29,0.1387,0.7931,41; 23; 72; 43; 44; 16; 29; 17; 66; 7
9,27,0.14051,0.33333,58; 9; 58; 83; 17; 79; 27; 12; 46; 13
16,57,0.11753,0.2807,10; 16; 42; 26; 58; 51; 57; 63; 40; 52
38,76,0.10494,0.5,47; 38; 25; 82; 15; 80; 76; 21; 53; 63
11,22,0.13814,0.5,54; 11; 80; 7; 57; 38; 22; 75; 15; 49
13,40,0.1363,0.325,14; 13; 42; 47; 49; 52; 40; 15; 47; 80
25,76,0.11081,0.32895,34; 25; 46; 13; 47; 49; 76; 24; 8; 41
21,69,0.10512,0.30435,22; 21; 14; 61; 35; 32; 69; 18; 66; 15
12,36,0.13594,0.33333,25; 12; 41; 75; 62; 23; 36; 30; 58; 68
19,78,0.09694,0.24359,63; 19; 24; 49; 49; 50; 78; 61; 78; 54
35,76,0.09644,0.46053,78; 35; 73; 6; 57; 79; 76; 72; 73; 6
16,46,0.13879,0.34783,70; 16; 76; 58; 47; 69; 46; 51; 20; 63
26,53,0.12845,0.49057,28; 26; 33; 74; 59; 71; 53; 22; 62; 11
12,34,0.13457,0.35294,41; 12; 7; 39; 70; 34; 34; 31; 69; 49
19,79,0.09563,0.24051,34; 19; 77; 28; 43; 35; 79; 23; 16; 20
9,30,0.14216,0.3,29; 9; 41; 71; 16; 16; 30; 27; 73; 73
61,73,0.08944,0.83562,41; 61; 43; 33; 6; 74; 73; 76; 52; 5
8,14,0.1337,0.57143,76; 8; 71; 59; 20; 45; 14; 56; 19; 38
39,84,0.08706,0.46429,64; 39; 25; 59; 28; 62; 84; 7; 30; 55
8,23,0.14234,0.34783,54; 8; 37; 6; 52; 18; 23; 66; 32; 74
23,71,0.1052,0.32394,74; 23; 6; 18; 16; 11; 71; 67; 68; 83
14,59,0.11756,0.23729,38; 14; 43; 65; 50; 65; 59; 84; 58; 28
14,56,0.13171,0.25,48; 14; 35; 52; 33; 60; 56; 73; 16; 22
22,39,0.13154,0.5641,10; 22; 51; 11; 27; 64; 39; 37; 47; 43
22,74,0.09819,0.2973,36; 22; 66; 50; 45; 81; 74; 68; 40; 67
46,56,0.1291,0.82143,21; 46; 7; 18; 58; 79; 56; 77; 59; 41
68,83,0.07674,0.81928,53; 68; 31; 52; 66; 17; 83; 44; 80; 25
66,82,0.07959,0.80488,43; 66; 56; 52; 55; 42; 82; 78; 63; 52
9,27,0.14728,0.33333,33; 9; 54; 83; 37; 47; 27; 5; 25; 81
28,49,0.13055,0.57143,46; 28; 71; 80; 25; 62; 49; 26; 33; 11
12,37,0.13577,0.32432,51; 12; 33; 44; 44; 12; 37; 39; 45; 41
29,78,0.09575,0.37179,40; 29; 76; 84; 54; 79; 78; 8; 55; 64
16,54,0.12781,0.2963,64; 16; 45; 44; 55; 68; 54; 53; 58; 66
11,34,0.14087,0.32353,72; 11; 75; 28; 71; 66; 34; 27; 32; 45
48,85,0.09027,0.56471,75; 48; 17; 23; 16; 56; 85; 30; 11; 70
45,81,0.10601,0.55556,39; 45; 71; 45; 41; 30; 81; 65; 80; 81
30,35,0.13902,0.85714,53; 30; 29; 19; 39; 84; 35; 73; 80; 37
8,28,0.13624,0.28571,10; 8; 82; 29; 47; 38; 28; 10; 24; 14
15,41,0.13986,0.36585,26; 15; 8; 17; 28; 15; 41; 67; 29; 79
15,41,0.13896,0.36585,36; 15; 81; 82; 13; 31; 41; 16; 20; 28
25,68,0.11148,0.36765,29; 25; 16; 27; 5; 34; 68; 68; 76; 61
31,67,0.11246,0.46269,69; 31; 49; 53; 34; 81; 67; 83; 16; 38
36,78,0.1115,0.46154,81; 36; 18; 10; 9; 10; 78; 43; 17; 26
19,60,0.11795,0.31667,31; 19; 44; 62; 33; 7; 60; 76; 46; 66
53,63,0.11413,0.84127,63; 53; 12; 49; 24; 11; 63; 15; 34; 31
22,67,0.1064,0.32836,50; 22; 83; 80; 13; 80; 67; 14; 24; 28
18,64,0.1085,0.28125,51; 18; 44; 33; 59; 55; 64; 40; 50; 24
43,76,0.10462,0.56579,68; 43; 20; 7; 54; 55; 76; 77; 11; 14
14,50,0.12612,0.28,38; 14; 19; 62; 13; 84; 50; 54; 78; 65
29,58,0.12079,0.5,6; 29; 34; 12; 65; 79; 58; 58; 17; 21
28,76,0.10004,0.36842,11; 28; 22; 16; 85; 51; 76; 42; 5; 28
38,76,0.09958,0.5,46; 38; 12; 71; 62; 66; 76; 75; 13; 58
29,84,0.10223,0.34524,63; 29; 80; 66; 67; 72; 84; 42; 81; 49
15,60,0.11364,0.25,34; 15; 69; 70; 67; 43; 60; 22; 83; 68
5,18,0.10493,0.27778,62; 5; 57; 56; 43; 21; 18; 7; 10; 13
35,76,0.10678,0.46053,62; 35; 17; 28; 10; 73; 76; 60; 11; 62
18,61,0.12142,0.29508,19; 18; 28; 80; 17; 6; 61; 71; 50; 55
13,47,0.13082,0.2766,11; 13; 24; 78; 53; 31; 47; 44; 21; 52
51,64,0.11148,0.79688,48; 51; 18; 8; 12; 22; 64; 27; 65; 75
16,54,0.12921,0.2963,59; 16; 29; 43; 26; 73; 54; 45; 13; 25
30,61,0.1154,0.4918,57; 30; 76; 46; 17; 64; 61; 40; 62; 38
30,61,0.12044,0.4918,35; 30; 12; 69; 27; 7; 61; 58; 13; 32
23,82,0.09989,0.28049,18; 23; 60; 55; 16; 39; 82; 10; 32; 22
26,53,0.12859,0.49057,67; 26; 84; 30; 31; 10; 53; 7; 47; 42
59,72,0.09051,0.81944,73; 59; 31; 64; 56; 46; 72; 79; 30; 82
42,84,0.09904,0.5,12; 42; 20; 53; 21; 41; 84; 55; 67; 21
16,43,0.1283,0.37209,17; 16; 5; 51; 19; 65; 43; 82; 76; 59
17,61,0.12098,0.27869,32; 17; 64; 39; 39; 80; 61; 44; 19; 74
24,80,0.0958,0.3,27; 24; 50; 11; 24; 66; 80; 44; 14; 20
71,83,0.07726,0.85542,28; 71; 45; 68; 68; 41; 83; 38; 17; 24
10,41,0.1412,0.2439,52; 10; 12; 74; 52; 30; 41; 11; 19; 12
60,73,0.09433,0.82192,71; 60; 39; 27; 13; 61; 73; 20; 66; 48
15,19,0.12732,0.78947,40; 15; 70; 83; 62; 11; 19; 77; 82; 82
69,84,0.07459,0.82143,47; 69; 25; 82; 71; 81; 84; 31; 45; 43
19,24,0.12717,0.79167,45; 19; 24; 61; 42; 70; 24; 79; 81; 32
6,20,0.10499,0.3,50; 6; 41; 66; 13; 82; 20; 67; 61; 75
15,51,0.12967,0.29412,8; 15; 64; 63; 42; 36; 51; 56; 54; 29
8,10,0.14084,0.8,80; 8; 6; 47; 36; 66; 10; 48; 11; 55
16,20,0.1342,0.8,83; 16; 37; 38; 28; 70; 20; 79; 11; 30
11,30,0.13794,0.36667,13; 11; 52; 31; 14; 42; 30; 17; 19; 63
11,31,0.13201,0.35484,23; 11; 74; 77; 30; 70; 31; 6; 46; 6
10,34,0.13197,0.29412,66; 10; 48; 20; 84; 5; 34; 28; 17; 52
20,66,0.11636,0.30303,79; 20; 45; 79; 83; 32; 66; 79; 45; 85
29,82,0.09195,0.35366,43; 29; 17; 81; 65; 82; 82; 38; 31; 78
19,64,0.11484,0.29688,5; 19; 45; 59; 38; 70; 64; 75; 65; 33
27,84,0.09473,0.32143,11; 27; 18; 33; 14; 10; 84; 73; 28; 39
20,63,0.1184,0.31746,60; 20; 17; 77; 66; 83; 63; 67; 58; 23
15,63,0.11472,0.2381,23; 15; 58; 12; 82; 5; 63; 65; 67; 63
21,65,0.11057,0.32308,75; 21; 16; 32; 61; 9; 65; 46; 62; 10
15,30,0.13608,0.5,6; 15; 41; 61; 48; 26; 30; 11; 79; 24
24,30,0.13255,0.8,16; 24; 48; 13; 50; 64; 30; 39; 45; 61
16,48,0.1302,0.33333,32; 16; 5; 32; 63; 59; 48; 40; 48; 6
16,65,0.11192,0.24615,37; 16; 73; 28; 83; 85; 65; 36; 49; 74
37,66,0.11171,0.56061,67; 37; 7; 75; 60; 72; 66; 71; 84; 52
55,70,0.1058,0.78571,57; 55; 23; 69; 34; 15; 70; 54; 15; 49
12,42,0.14306,0.28571,24; 12; 36; 78; 65; 18; 42; 74; 54; 43
28,75,0.10462,0.37333,13; 28; 20; 49; 20; 85; 75; 65; 16; 31
25,77,0.09971,0.32468,16; 25; 15; 44; 59; 31; 77; 73; 44; 29
36,64,0.11506,0.5625,42; 36; 33; 58; 44; 40; 64; 57; 34; 74
33,66,0.11769,0.5,31; 33; 32; 60; 35; 35; 66; 67; 71; 82
20,41,0.13808,0.4878,59; 20; 34; 50; 21; 48; 41; 52; 63; 34
9,26,0.14752,0.34615,38; 9; 69; 37; 8; 27; 26; 76; 39; 11
30,65,0.1109,0.46154,13; 30; 24; 73; 31; 82; 65; 76; 77; 38
25,67,0.1075,0.37313,49; 25; 35; 43; 13; 72; 67; 30; 23; 9
20,85,0.08468,0.23529,57; 20; 18; 79; 36; 29; 85; 30; 76; 27
62,78,0.08487,0.79487,75; 62; 22; 17; 68; 31; 78; 49; 40; 50
40,81,0.09465,0.49383,64; 40; 74; 59; 9; 62; 81; 26; 40; 52
24,65,0.10784,0.36923,71; 24; 71; 28; 55; 29; 65; 41; 49; 32
42,84,0.09815,0.5,77; 42; 40; 6; 10; 71; 84; 84; 37; 78
26,70,0.11012,0.37143,61; 26; 7; 21; 52; 62; 70; 44; 35; 80
66,84,0.07816,0.78571,44; 66; 44; 46; 59; 74; 84; 16; 26; 11
19,54,0.12092,0.35185,55; 19; 35; 31; 64; 85; 54; 61; 75; 41
6,25,0.11295,0.24,26; 6; 40; 54; 42; 69; 25; 24; 34; 81
54,64,0.11192,0.84375,7; 54; 59; 43; 31; 59; 64; 73; 42; 33
46,82,0.0973,0.56098,27; 46; 24; 85; 69; 76; 82; 74; 24; 35
14,56,0.11938,0.25,64; 14; 71; 65; 58; 13; 56; 53; 35; 18
21,25,0.13485,0.84,15; 21; 68; 83; 55; 50; 25; 35; 37; 10
26,53,0.13117,0.49057,11; 26; 34; 34; 61; 79; 53; 5; 42; 13
43,51,0.13227,0.84314,75; 43; 43; 10; 64; 51; 51; 74; 56; 80
39,68,0.11644,0.57353,43; 39; 41; 85; 83; 17; 68; 39; 50; 42
47,84,0.09278,0.55952,54; 47; 9; 16; 29; 69; 84; 77; 8; 11
22,80,0.09516,0.275,46; 22; 50; 46; 74; 43; 80; 62; 77; 59
24,43,0.13422,0.55814,65; 24; 80; 58; 81; 50; 43; 61; 19; 56
48,60,0.11767,0.8,10; 48; 7; 48; 50; 77; 60; 14; 21; 52
12,43,0.14111,0.27907,71; 12; 44; 38; 28; 7; 43; 21; 16; 76
34,74,0.10073,0.45946,22; 34; 68; 67; 70; 64; 74; 57; 19; 83
23,46,0.13184,0.5,82; 23; 51; 38; 40; 38; 46; 16; 40; 71
65,81,0.07613,0.80247,74; 65; 33; 80; 30; 36; 81; 15; 10; 39
67,78,0.08524,0.85897,12; 67; 13; 64; 66; 66; 78; 65; 57; 80
23,77,0.09769,0.2987,35; 23; 16; 59; 32; 58; 77; 52; 17; 36
32,39,0.13795,0.82051,33; 32; 85; 20; 28; 58; 39; 69; 34; 83
23,28,0.13216,0.82143,46; 23; 47; 21; 67; 49; 28; 34; 34; 70
26,81,0.09474,0.32099,19; 26; 85; 82; 75; 11; 81; 5; 5; 6
31,62,0.12069,0.5,82; 31; 48; 79; 19; 11; 62; 38; 84; 49
39,69,0.10972,0.56522,74; 39; 22; 40; 61; 66; 69; 47; 29; 30
27,73,0.09982,0.36986,61; 27; 71; 46; 12; 12; 73; 52; 75; 14
34,74,0.10294,0.45946,20; 34; 43; 65; 48; 27; 74; 41; 59; 27
20,36,0.12841,0.55556,67; 20; 24; 74; 61; 11; 36; 13; 74; 10
25,50,0.12913,0.5,17; 25; 13; 31; 18; 53; 50; 31; 34; 75
25,84,0.0943,0.29762,61; 25; 14; 12; 32; 59; 84; 44; 67; 70
41,52,0.13715,0.78846,40; 41; 14; 63; 43; 9; 52; 26; 78; 75
15,59,0.11704,0.25424,52; 15; 50; 74; 52; 17; 59; 6; 50; 68
71,85,0.0743,0.83529,31; 71; 62; 61; 28; 12; 85; 7; 72; 52
28,56,0.12848,0.5,83; 28; 45; 75; 27; 67; 56; 58; 28; 77
27,73,0.10796,0.36986,60; 27; 25; 47; 45; 32; 73; 70; 15; 76
8,32,0.14411,0.25,64; 8; 48; 35; 22; 52; 32; 71; 61; 68
21,46,0.13482,0.45652,82; 21; 29; 24; 76; 51; 46; 23; 14; 50
41,50,0.13564,0.82,60; 41; 65; 17; 6; 51; 50; 51; 58; 19
18,76,0.09832,0.23684,78; 18; 58; 56; 28; 15; 76; 57; 33; 53
37,75,0.10912,0.49333,29; 37; 64; 53; 61; 39; 75; 29; 35; 41
23,28,0.13392,0.82143,31; 23; 37; 82; 42; 6; 28; 35; 12; 44
24,80,0.10211,0.3,17; 24; 75; 13; 67; 70; 80; 84; 43; 43
22,60,0.11895,0.36667,7; 22; 54; 22; 78; 57; 60; 42; 58; 61
13,43,0.13512,0.30233,58; 13; 35; 44; 44; 82; 43; 33; 61; 71
16,57,0.12373,0.2807,76; 16; 69; 70; 41; 66; 57; 55; 62; 79
39,49,0.13314,0.79592,26; 39; 23; 26; 64; 80; 49; 8; 11; 6
24,80,0.09089,0.3,71; 24; 26; 35; 26; 11; 80; 21; 37; 55
67,84,0.07972,0.79762,81; 67; 76; 25; 36; 57; 84; 79; 44; 16
38,67,0.11922,0.56716,25; 38; 85; 46; 72; 14; 67; 40; 38; 50
25,72,0.11178,0.34722,66; 25; 73; 61; 84; 28; 72; 63; 46; 34
16,35,0.13122,0.45714,29; 16; 83; 83; 46; 40; 35; 27; 54; 68
21,84,0.08861,0.25,32; 21; 36; 48; 22; 28; 84; 52; 48; 57
18,37,0.12587,0.48649,21; 18; 8; 52; 16; 66; 37; 52; 53; 5
13,26,0.13304,0.5,55; 13; 47; 47; 24; 78; 26; 69; 83; 55
53,63,0.11509,0.84127,59; 53; 30; 21; 78; 20; 63; 61; 24; 82
14,25,0.131,0.56,45; 14; 55; 14; 72; 18; 25; 14; 17; 32
14,48,0.13076,0.29167,48; 14; 43; 22; 72; 49; 48; 32; 14; 84
60,75,0.09304,0.8,37; 60; 5; 70; 21; 30; 75; 68; 81; 41
29,58,0.1286,0.5,35; 29; 78; 59; 19; 66; 58; 70; 47; 71
22,62,0.1241,0.35484,34; 22; 22; 72; 78; 57; 62; 35; 14; 10
19,51,0.12202,0.37255,11; 19; 37; 30; 65; 15; 51; 83; 19; 57
9,11,0.14841,0.81818,65; 9; 66; 41; 39; 43; 11; 56; 14; 64
12,41,0.14095,0.29268,14; 12; 32; 29; 20; 43; 41; 57; 25; 11
26,53,0.12582,0.49057,17; 26; 38; 28; 76; 50; 53; 26; 53; 69
7,22,0.12134,0.31818,78; 7; 43; 76; 48; 68; 22; 61; 55; 44
42,49,0.13555,0.85714,34; 42; 52; 16; 26; 41; 49; 14; 31; 73
13,44,0.13655,0.29545,41; 13; 9; 66; 58; 78; 44; 72; 48; 34
21,74,0.10437,0.28378,75; 21; 79; 78; 27; 55; 74; 59; 84; 16
16,20,0.1283,0.8,47; 16; 84; 56; 39; 83; 20; 51; 22; 19
35,76,0.09236,0.46053,18; 35; 5; 74; 19; 21; 76; 32; 84; 46
6,24,0.11968,0.25,69; 6; 78; 82; 52; 35; 24; 10; 69; 47
13,41,0.13995,0.31707,83; 13; 71; 67; 84; 77; 41; 13; 36; 82
17,53,0.12925,0.32075,78; 17; 27; 33; 83; 18; 53; 46; 19; 72
23,70,0.1066,0.32857,54; 23; 68; 40; 44; 84; 70; 36; 26; 56
31,83,0.09205,0.37349,84; 31; 84; 59; 69; 45; 83; 73; 27; 63
18,22,0.12557,0.81818,45; 18; 65; 37; 72; 46; 22; 9; 42; 46
25,45,0.13595,0.55556,11; 25; 51; 60; 31; 61; 45; 6; 15; 10
64,78,0.08459,0.82051,85; 64; 71; 21; 33; 62; 78; 55; 53; 43
39,69,0.10874,0.56522,20; 39; 43; 76; 6; 78; 69; 78; 33; 76
16,56,0.12371,0.28571,63; 16; 75; 46; 35; 68; 56; 8; 63; 33
39,79,0.09412,0.49367,76; 39; 14; 16; 20; 10; 79; 46; 26; 70
39,80,0.10615,0.4875,20; 39; 82; 71; 76; 38; 80; 37; 57; 34
31,63,0.11232,0.49206,59; 31; 8; 44; 47; 40; 63; 72; 19; 73
22,48,0.1268,0.45833,7; 22; 84; 85; 70; 40; 48; 24; 76; 38
36,79,0.09839,0.4557,9; 36; 49; 57; 25; 50; 79; 77; 26; 63
12,40,0.13901,0.3,71; 12; 76; 42; 54; 34; 40; 63; 75; 84
27,82,0.10092,0.32927,85; 27; 82; 80; 29; 77; 82; 43; 25; 14
37,47,0.1367,0.78723,85; 37; 40; 54; 29; 68; 47; 5; 6; 20
17,70,0.112,0.24286,38; 17; 76; 83; 48; 42; 70; 69; 37; 66
12,14,0.1373,0.85714,25; 12; 13; 5; 10; 42; 14; 72; 82; 41
22,67,0.10503,0.32836,55; 22; 66; 76; 42; 40; 67; 70; 17; 49
19,38,0.13964,0.5,37; 19; 47; 27; 24; 62; 38; 11; 5; 38
6,12,0.11859,0.5,29; 6; 20; 73; 5; 36; 12; 32; 48; 6
71,85,0.0742,0.83529,65; 71; 79; 70; 11; 38; 85; 25; 64; 67
27,82,0.10265,0.32927,79; 27; 11; 70; 52; 31; 82; 78; 25; 43
14,40,0.13235,0.35,26; 14; 58; 23; 5; 8; 40; 62; 16; 19
26,57,0.11756,0.45614,33; 26; 37; 17; 82; 23; 57; 69; 18; 83
23,83,0.09111,0.27711,6; 23; 77; 18; 73; 9; 83; 5; 24; 41
47,57,0.12836,0.82456,53; 47; 68; 73; 73; 59; 57; 57; 62; 31
20,62,0.1139,0.32258,14; 20; 48; 68; 38; 27; 62; 19; 29; 70
40,49,0.13232,0.81633,11; 40; 55; 82; 57; 43; 49; 60; 50; 73
38,45,0.13988,0.84444,11; 38; 65; 47; 46; 6; 45; 77; 84; 6
20,63,0.11724,0.31746,44; 20; 50; 50; 68; 17; 63; 80; 51; 53
23,77,0.10277,0.2987,58; 23; 49; 84; 60; 72; 77; 61; 18; 69
41,73,0.11005,0.56164,80; 41; 54; 65; 19; 79; 73; 59; 60; 59
28,49,0.1296,0.57143,71; 28; 62; 43; 54; 22; 49; 68; 56; 71
16,63,0.11833,0.25397,67; 16; 6; 35; 42; 34; 63; 46; 75; 50
24,74,0.10563,0.32432,31; 24; 25; 65; 57; 10; 74; 26; 61; 75
21,37,0.12907,0.56757,68; 21; 76; 63; 59; 80; 37; 20; 39; 28
30,38,0.13354,0.78947,53; 30; 79; 28; 47; 55; 38; 71; 40; 73
37,46,0.139,0.80435,33; 37; 14; 36; 5; 76; 46; 36; 6; 30
23,82,0.09009,0.28049,12; 23; 7; 12; 18; 9; 82; 8; 38; 17
19,79,0.09346,0.24051,51; 19; 5; 79; 55; 64; 79; 15; 23; 54
16,43,0.1347,0.37209,57; 16; 81; 58; 23; 80; 43; 33; 6; 67
24,82,0.10593,0.29268,48; 24; 68; 45; 61; 41; 82; 11; 53; 11
14,49,0.1351,0.28571,35; 14; 15; 38; 71; 11; 49; 40; 63; 44
19,79,0.09565,0.24051,81; 19; 54; 43; 66; 11; 79; 68; 43; 62
14,46,0.1299,0.30435,12; 14; 84; 65; 70; 48; 46; 45; 25; 37
43,76,0.09903,0.56579,26; 43; 28; 62; 10; 5; 76; 9; 32; 66
42,51,0.1337,0.82353,79; 42; 37; 21; 15; 79; 51; 28; 52; 37
11,38,0.14064,0.28947,18; 11; 5; 76; 25; 33; 38; 47; 23; 65
30,54,0.11769,0.55556,7; 30; 37; 30; 57; 57; 54; 30; 79; 77
20,85,0.08762,0.23529,35; 20; 16; 49; 16; 25; 85; 22; 84; 72
10,27,0.12569,0.37037,79; 10; 53; 43; 58; 77; 27; 31; 46; 24
18,56,0.12834,0.32143,71; 18; 55; 34; 63; 15; 56; 70; 75; 62
26,70,0.10499,0.37143,29; 26; 38; 41; 22; 85; 70; 37; 41; 48
11,45,0.14165,0.24444,23; 11; 12; 82; 32; 29; 45; 39; 19; 63
10,42,0.13732,0.2381,26; 10; 12; 36; 76; 8; 42; 79; 18; 58
11,31,0.13951,0.35484,67; 11; 62; 32; 76; 19; 31; 79; 29; 76
42,74,0.10263,0.56757,31; 42; 66; 23; 68; 42; 74; 52; 57; 35
72,84,0.0743,0.85714,74; 72; 68; 59; 56; 32; 84; 55; 67; 76
6,21,0.10809,0.28571,63; 6; 10; 37; 17; 11; 21; 70; 46; 66
26,81,0.10166,0.32099,8; 26; 11; 84; 55; 62; 81; 77; 76; 11
22,74,0.09492,0.2973,58; 22; 50; 58; 68; 51; 74; 9; 5; 60
33,71,0.10051,0.46479,76; 33; 11; 81; 65; 10; 71; 38; 70; 63
21,64,0.11493,0.32812,66; 21; 54; 24; 79; 68; 64; 54; 24; 48
65,77,0.08393,0.84416,31; 65; 41; 81; 22; 68; 77; 15; 52; 61
29,82,0.09612,0.35366,16; 29; 82; 10; 17; 13; 82; 66; 19; 45
7,19,0.12878,0.36842,75; 7; 10; 53; 49; 47; 19; 65; 76; 41
14,44,0.13841,0.31818,27; 14; 73; 60; 66; 29; 44; 61; 42; 16
24,48,0.13295,0.5,67; 24; 47; 74; 81; 11; 48; 73; 27; 60
21,60,0.12128,0.35,30; 21; 83; 81; 37; 48; 60; 80; 35; 78
22,44,0.13437,0.5,24; 22; 64; 12; 52; 66; 44; 67; 33; 22
49,57,0.12272,0.85965,16; 49; 49; 65; 41; 80; 57; 11; 25; 29
21,37,0.1392,0.56757,62; 21; 68; 59; 64; 13; 37; 84; 56; 22
36,43,0.13351,0.83721,22; 36; 21; 79; 50; 73; 43; 77; 71; 35
11,22,0.13908,0.5,24; 11; 53; 65; 69; 13; 22; 77; 61; 68
22,80,0.09123,0.275,11; 22; 48; 34; 65; 72; 80; 71; 56; 61
23,70,0.10428,0.32857,5; 23; 25; 39; 24; 10; 70; 50; 84; 70
15,54,0.1297,0.27778,43; 15; 29; 50; 48; 28; 54; 44; 42; 41
10,27,0.13773,0.37037,61; 10; 80; 23; 49; 16; 27; 80; 23; 66
50,61,0.11201,0.81967,68; 50; 60; 10; 52; 44; 61; 60; 13; 71
17,48,0.14003,0.35417,72; 17; 6; 45; 48; 30; 48; 65; 68; 71
51,61,0.11808,0.83607,22; 51; 16; 62; 72; 82; 61; 24; 38; 12
27,55,0.12709,0.49091,10; 27; 24; 69; 30; 59; 55; 77; 53; 21
36,63,0.11802,0.57143,10; 36; 68; 46; 24; 38; 63; 66; 12; 59
22,44,0.1361,0.5,24; 22; 13; 77; 85; 22; 44; 75; 54; 83
12,34,0.13944,0.35294,8; 12; 10; 56; 82; 32; 34; 63; 52; 8
41,83,0.09488,0.49398,42; 41; 35; 80; 22; 38; 83; 32; 42; 35
47,57,0.12478,0.82456,78; 47; 70; 43; 46; 72; 57; 19; 80; 18
37,45,0.1375,0.82222,72; 37; 21; 47; 37; 66; 45; 9; 77; 68
8,28,0.13301,0.28571,41; 8; 51; 75; 71; 47; 28; 45; 14; 41
19,54,0.12827,0.35185,82; 19; 32; 71; 59; 13; 54; 27; 22; 13
17,58,0.12414,0.2931,47; 17; 65; 11; 63; 47; 58; 14; 77; 45
12,50,0.13187,0.24,11; 12; 23; 62; 39; 31; 50; 72; 6; 84
10,40,0.1409,0.25,42; 10; 48; 82; 41; 58; 40; 25; 48; 53
33,68,0.11581,0.48529,30; 33; 39; 66; 10; 56; 68; 22; 27; 9
54,68,0.10405,0.79412,34; 54; 59; 5; 43; 66; 68; 28; 65; 74
39,79,0.10594,0.49367,82; 39; 68; 66; 8; 36; 79; 17; 32; 20
55,70,0.09858,0.78571,55; 55; 9; 33; 52; 80; 70; 68; 19; 42
37,44,0.14338,0.84091,59; 37; 48; 5; 81; 19; 44; 67; 17; 33
25,85,0.08984,0.29412,29; 25; 65; 74; 75; 83; 85; 81; 74; 33
68,79,0.08425,0.86076,60; 68; 66; 77; 5; 19; 79; 52; 84; 40
38,67,0.11023,0.56716,58; 38; 74; 64; 76; 59; 67; 9; 23; 26
22,69,0.10855,0.31884,31; 22; 33; 23; 63; 60; 69; 22; 68; 17
5,21,0.09539,0.2381,38; 5; 69; 52; 48; 60; 21; 12; 69; 12
19,52,0.12512,0.36538,40; 19; 85; 25; 55; 73; 52; 80; 33; 40
14,43,0.13771,0.32558,66; 14; 82; 29; 70; 23; 43; 58; 61; 80
37,80,0.09595,0.4625,60; 37; 79; 41; 23; 18; 80; 73; 9; 74
16,64,0.11476,0.25,73; 16; 58; 56; 6; 47; 64; 7; 60; 39
37,46,0.13749,0.80435,80; 37; 6; 38; 66; 19; 46; 27; 73; 63
41,52,0.13064,0.78846,65; 41; 69; 83; 72; 16; 52; 66; 85; 6
12,49,0.13124,0.2449,36; 12; 16; 69; 34; 29; 49; 83; 41; 37
11,14,0.13985,0.78571,17; 11; 56; 43; 75; 64; 14; 41; 14; 25
44,77,0.10576,0.57143,67; 44; 58; 33; 35; 16; 77; 53; 49; 70
22,45,0.13854,0.48889,69; 22; 72; 66; 37; 42; 45; 8; 73; 19
39,49,0.12706,0.79592,73; 39; 71; 79; 8; 76; 49; 26; 35; 9
11,37,0.131,0.2973,8; 11; 10; 29; 63; 29; 37; 80; 55; 61
53,65,0.11118,0.81538,52; 53; 13; 9; 29; 29; 65; 40; 44; 78
15,45,0.1394,0.33333,25; 15; 54; 71; 58; 84; 45; 11; 50; 48
20,80,0.09379,0.25,8; 20; 25; 42; 34; 41; 80; 48; 75; 80
47,84,0.096,0.55952,79; 47; 8; 52; 16; 9; 84; 6; 6; 20
65,79,0.07938,0.82278,5; 65; 72; 76; 11; 23; 79; 11; 48; 24
23,46,0.13746,0.5,57; 23; 78; 50; 74; 64; 46; 42; 25; 33
32,64,0.1174,0.5,59; 32; 17; 83; 42; 34; 64; 61; 57; 64
66,82,0.08143,0.80488,62; 66; 51; 63; 74; 36; 82; 14; 64; 51
34,60,0.11452,0.56667,70; 34; 74; 51; 49; 51; 60; 19; 54; 47
32,70,0.10953,0.45714,69; 32; 39; 40; 68; 81; 70; 25; 70; 11
31,54,0.12355,0.57407,75; 31; 44; 37; 36; 53; 54; 84; 50; 30
24,85,0.08758,0.28235,46; 24; 13; 81; 6; 72; 85; 85; 15; 71
67,85,0.0791,0.78824,46; 67; 33; 51; 60; 7; 85; 22; 62; 68
10,33,0.13674,0.30303,17; 10; 40; 24; 24; 12; 33; 76; 31; 61
21,66,0.119,0.31818,68; 21; 9; 68; 57; 50; 66; 76; 77; 70
31,39,0.13748,0.79487,85; 31; 13; 15; 19; 18; 39; 76; 55; 85
38,76,0.10545,0.5,80; 38; 9; 62; 7; 43; 76; 27; 61; 5
42,84,0.09513,0.5,35; 42; 53; 23; 68; 75; 84; 29; 73; 9
24,75,0.09674,0.32,48; 24; 28; 59; 49; 48; 75; 64; 29; 7
52,65,0.11064,0.8,37; 52; 23; 43; 38; 81; 65; 53; 10; 15
7,29,0.12426,0.24138,40; 7; 76; 9; 85; 50; 29; 67; 25; 20
10,35,0.14131,0.28571,34; 10; 6; 20; 60; 73; 35; 23; 84; 15
21,74,0.09993,0.28378,83; 21; 41; 54; 22; 16; 74; 77; 20; 16
27,55,0.12554,0.49091,31; 27; 26; 77; 39; 83; 55; 52; 38; 72
38,77,0.09562,0.49351,71; 38; 32; 26; 81; 50; 77; 70; 64; 42
19,65,0.10587,0.29231,83; 19; 49; 72; 16; 20; 65; 36; 73; 28
30,38,0.13253,0.78947,34; 30; 30; 83; 65; 27; 38; 56; 54; 48
21,66,0.10555,0.31818,52; 21; 65; 22; 41; 44; 66; 28; 73; 81
18,73,0.1011,0.24658,76; 18; 34; 21; 40; 63; 73; 45; 7; 82
22,39,0.12694,0.5641,48; 22; 83; 7; 45; 19; 39; 53; 80; 48
36,64,0.11153,0.5625,77; 36; 25; 14; 16; 26; 64; 44; 25; 78
19,22,0.12727,0.86364,75; 19; 55; 39; 77; 60; 22; 8; 48; 56
25,50,0.13304,0.5,61; 25; 35; 24; 56; 14; 50; 42; 79; 52
23,62,0.12059,0.37097,35; 23; 6; 83; 65; 38; 62; 43; 70; 41
7,21,0.11619,0.33333,38; 7; 16; 23; 33; 72; 21; 56; 45; 62
12,14,0.1345,0.85714,69; 12; 41; 31; 43; 52; 14; 24; 83; 45
6,18,0.11273,0.33333,49; 6; 72; 68; 20; 76; 18; 53; 85; 36
24,28,0.14197,0.85714,34; 24; 78; 61; 75; 66; 28; 50; 17; 12
15,45,0.13655,0.33333,11; 15; 21; 77; 43; 79; 45; 49; 72; 40
33,68,0.10713,0.48529,17; 33; 79; 37; 77; 50; 68; 62; 68; 15
24,79,0.0964,0.3038,21; 24; 56; 82; 32; 72; 79; 60; 57; 43
22,59,0.12335,0.37288,33; 22; 51; 71; 41; 61; 59; 76; 45; 40
26,31,0.13062,0.83871,50; 26; 76; 73; 15; 72; 31; 5; 40; 46
7,14,0.12875,0.5,35; 7; 69; 18; 58; 63; 14; 17; 54; 51
19,80,0.09358,0.2375,61; 19; 81; 73; 42; 82; 80; 6; 48; 67
20,35,0.13386,0.57143,63; 20; 62; 7; 25; 27; 35; 85; 62; 72
44,77,0.0989,0.57143,8; 44; 62; 9; 41; 55; 77; 85; 76; 35
8,25,0.12979,0.32,7; 8; 9; 74; 63; 42; 25; 43; 75; 84
21,42,0.13495,0.5,78; 21; 77; 66; 40; 80; 42; 84; 10; 35
35,70,0.10844,0.5,78; 35; 61; 38; 77; 69; 70; 48; 16; 34
64,74,0.0899,0.86486,62; 64; 44; 46; 7; 71; 74; 17; 80; 13
57,72,0.09671,0.79167,70; 57; 50; 83; 39; 22; 72; 51; 71; 71
25,54,0.12943,0.46296,48; 25; 47; 70; 69; 21; 54; 49; 84; 61
54,66,0.10764,0.81818,43; 54; 38; 49; 73; 80; 66; 51; 70; 12
21,46,0.12872,0.45652,38; 21; 45; 54; 64; 43; 46; 68; 17; 39
58,73,0.08851,0.79452,83; 58; 38; 48; 32; 76; 73; 61; 83; 58
12,37,0.13996,0.32432,80; 12; 11; 35; 38; 19; 37; 56; 49; 39
17,48,0.13139,0.35417,18; 17; 64; 68; 26; 20; 48; 40; 70; 38
69,84,0.0735,0.82143,34; 69; 50; 36; 28; 80; 84; 9; 72; 49
64,74,0.0883,0.86486,11; 64; 40; 38; 53; 66; 74; 14; 10; 70
8,28,0.1326,0.28571,17; 8; 16; 73; 28; 31; 28; 20; 80; 32
14,43,0.13918,0.32558,59; 14; 46; 23; 52; 43; 43; 28; 9; 5
8,10,0.13683,0.8,84; 8; 70; 35; 12; 17; 10; 56; 68; 19
10,27,0.13297,0.37037,58; 10; 17; 40; 55; 32; 27; 81; 20; 64
25,75,0.10285,0.33333,79; 25; 9; 62; 19; 51; 75; 85; 15; 30
26,56,0.12851,0.46429,41; 26; 33; 24; 17; 85; 56; 63; 54; 27
26,70,0.11532,0.37143,12; 26; 45; 31; 68; 57; 70; 34; 84; 47
25,68,0.11612,0.36765,42; 25; 56; 57; 24; 40; 68; 12; 72; 62
34,43,0.13649,0.7907,27; 34; 11; 64; 85; 54; 43; 84; 57; 41
38,45,0.1399,0.84444,34; 38; 22; 31; 56; 54; 45; 32; 81; 31
41,72,0.1069,0.56944,67; 41; 36; 65; 84; 53; 72; 66; 62; 30
8,27,0.13875,0.2963,27; 8; 63; 69; 8; 81; 27; 8; 43; 65
59,70,0.09808,0.84286,53; 59; 10; 25; 82; 17; 70; 30; 84; 64
59,72,0.09172,0.81944,12; 59; 67; 63; 28; 58; 72; 36; 22; 81
18,74,0.1032,0.24324,48; 18; 82; 8; 17; 10; 74; 8; 41; 84
25,78,0.10894,0.32051,20; 25; 14; 43; 10; 78; 78; 11; 9; 44
41,52,0.13337,0.78846,48; 41; 44; 26; 40; 28; 52; 28; 32; 83
48,60,0.11637,0.8,34; 48; 66; 60; 50; 13; 60; 34; 8; 63
26,52,0.13076,0.5,74; 26; 13; 22; 80; 32; 52; 19; 55; 14
25,68,0.10953,0.36765,30; 25; 58; 80; 16; 24; 68; 36; 35; 27
65,76,0.0804,0.85526,29; 65; 32; 58; 19; 78; 76; 82; 52; 41
36,42,0.13458,0.85714,32; 36; 61; 75; 44; 35; 42; 52; 72; 16
68,79,0.0814,0.86076,52; 68; 80; 63; 44; 30; 79; 12; 75; 49
23,80,0.10441,0.2875,40; 23; 36; 85; 22; 50; 80; 80; 56; 26
15,62,0.11613,0.24194,59; 15; 80; 85; 62; 26; 62; 10; 67; 73
23,80,0.09388,0.2875,42; 23; 36; 14; 26; 56; 80; 56; 13; 77
35,44,0.13722,0.79545,69; 35; 23; 26; 71; 19; 44; 7; 8; 85
6,19,0.11917,0.31579,62; 6; 9; 47; 70; 62; 19; 56; 70; 43
11,22,0.13695,0.5,48; 11; 18; 20; 14; 18; 22; 68; 45; 63
15,63,0.1212,0.2381,59; 15; 7; 62; 35; 55; 63; 52; 69; 56
10,27,0.13291,0.37037,47; 10; 42; 32; 5; 5; 27; 31; 9; 17
21,73,0.10148,0.28767,26; 21; 37; 18; 39; 80; 73; 37; 19; 29
51,64,0.10873,0.79688,50; 51; 33; 15; 40; 18; 64; 31; 21; 22
35,71,0.10798,0.49296,72; 35; 79; 70; 62; 83; 71; 36; 66; 63
12,51,0.13777,0.23529,66; 12; 43; 81; 6; 17; 51; 24; 5; 51
22,62,0.11718,0.35484,55; 22; 38; 27; 68; 13; 62; 33; 37; 8
34,60,0.11852,0.56667,14; 34; 76; 18; 36; 27; 60; 7; 57; 56
27,73,0.10187,0.36986,35; 27; 73; 33; 55; 6; 73; 17; 6; 56
13,41,0.14153,0.31707,53; 13; 5; 61; 6; 36; 41; 48; 41; 20
20,82,0.0901,0.2439,13; 20; 30; 18; 71; 65; 82; 65; 21; 19
37,66,0.12025,0.56061,70; 37; 67; 20; 76; 6; 66; 78; 39; 10
5,20,0.09578,0.25,83; 5; 69; 72; 76; 70; 20; 5; 83; 77
13,51,0.12639,0.2549,69; 13; 65; 27; 84; 40; 51; 78; 14; 5
7,24,0.12368,0.29167,81; 7; 35; 60; 64; 58; 24; 83; 63; 59
14,44,0.1372,0.31818,59; 14; 58; 21; 80; 70; 44; 40; 14; 78
50,63,0.11201,0.79365,73; 50; 61; 58; 50; 63; 63; 47; 13; 10
47,57,0.12492,0.82456,75; 47; 67; 28; 50; 48; 57; 20; 6; 30
25,45,0.12856,0.55556,56; 25; 16; 19; 56; 16; 45; 9; 69; 59
59,75,0.09094,0.78667,11; 59; 23; 69; 18; 28; 75; 16; 78; 63
54,64,0.10888,0.84375,61; 54; 33; 19; 17; 34; 64; 57; 72; 63
20,36,0.13343,0.55556,35; 20; 24; 57; 51; 57; 36; 39; 54; 39
31,83,0.09351,0.37349,47; 31; 84; 54; 25; 15; 83; 54; 39; 23
27,82,0.09345,0.32927,69; 27; 60; 38; 45; 80; 82; 21; 53; 34
21,46,0.12846,0.45652,7; 21; 16; 53; 59; 27; 46; 66; 29; 30
22,67,0.10974,0.32836,40; 22; 63; 15; 69; 54; 67; 80; 73; 83
7,22,0.11773,0.31818,58; 7; 69; 12; 71; 67; 22; 68; 37; 71
26,31,0.14225,0.83871,27; 26; 18; 79; 39; 12; 31; 8; 84; 69
20,35,0.13152,0.57143,58; 20; 31; 18; 74; 85; 35; 8; 68; 49
13,54,0.12624,0.24074,19; 13; 65; 83; 55; 55; 54; 80; 74; 8
48,85,0.08839,0.56471,12; 48; 47; 35; 52; 18; 85; 52; 39; 77
42,84,0.10117,0.5,81; 42; 38; 17; 24; 78; 84; 70; 22; 43
46,80,0.09491,0.575,73; 46; 22; 78; 23; 51; 80; 68; 29; 22
11,44,0.14435,0.25,44; 11; 45; 54; 36; 64; 44; 13; 71; 45
37,65,0.12254,0.56923,9; 37; 19; 83; 66; 79; 65; 72; 7; 80
53,67,0.10716,0.79104,73; 53; 47; 12; 45; 34; 67; 26; 44; 40
12,37,0.13738,0.32432,33; 12; 76; 63; 62; 40; 37; 76; 50; 30
7,25,0.12831,0.28,38; 7; 62; 77; 26; 9; 25; 38; 61; 38
27,47,0.13527,0.57447,81; 27; 39; 70; 18; 30; 47; 77; 52; 56
17,70,0.10899,0.24286,78; 17; 5; 71; 49; 40; 70; 82; 14; 12
8,16,0.1335,0.5,12; 8; 54; 84; 56; 16; 16; 60; 16; 46
22,62,0.11647,0.35484,23; 22; 26; 50; 85; 79; 62; 34; 39; 66
21,43,0.13645,0.48837,65; 21; 52; 27; 14; 53; 43; 11; 44; 6
10,30,0.14697,0.33333,57; 10; 49; 35; 30; 69; 30; 50; 59; 64
32,40,0.13592,0.8,27; 32; 36; 67; 47; 71; 40; 70; 28; 55
24,48,0.13077,0.5,53; 24; 50; 39; 77; 10; 48; 74; 57; 24
24,52,0.12915,0.46154,76; 24; 5; 63; 80; 63; 52; 10; 84; 79
62,76,0.08819,0.81579,56; 62; 55; 33; 13; 76; 76; 12; 23; 6
50,63,0.11482,0.79365,12; 50; 38; 63; 50; 12; 63; 64; 54; 52
13,54,0.12637,0.24074,80; 13; 75; 37; 36; 6; 54; 39; 51; 58
54,63,0.11115,0.85714,57; 54; 47; 39; 33; 13; 63; 54; 74; 45
7,25,0.12671,0.28,7; 7; 82; 16; 18; 26; 25; 17; 79; 14
10,42,0.13644,0.2381,68; 10; 49; 52; 83; 22; 42; 30; 40; 74
42,75,0.09946,0.56,52; 42; 7; 36; 77; 22; 75; 67; 75; 46
7,28,0.12456,0.25,83; 7; 5; 53; 21; 44; 28; 66; 33; 49
56,67,0.10517,0.83582,78; 56; 25; 74; 19; 79; 67; 73; 43; 35
28,80,0.10457,0.35,70; 28; 6; 21; 30; 71; 80; 5; 84; 68
11,39,0.13785,0.28205,22; 11; 13; 26; 24; 79; 39; 80; 66; 36
16,35,0.13251,0.45714,71; 16; 15; 43; 30; 9; 35; 59; 64; 9
69,82,0.07708,0.84146,61; 69; 61; 10; 14; 35; 82; 42; 72; 45
39,49,0.1305,0.79592,76; 39; 67; 55; 74; 71; 49; 60; 81; 78
9,30,0.1456,0.3,38; 9; 69; 85; 78; 59; 30; 18; 81; 45
11,22,0.13286,0.5,48; 11; 19; 75; 78; 84; 22; 34; 22; 29
18,39,0.13403,0.46154,76; 18; 81; 76; 44; 78; 39; 16; 47; 44
42,75,0.09963,0.56,47; 42; 65; 24; 63; 19; 75; 44; 5; 51
16,65,0.11307,0.24615,61; 16; 69; 18; 76; 21; 65; 70; 42; 6
62,78,0.086,0.79487,9; 62; 15; 31; 71; 20; 78; 60; 13; 72
9,30,0.14001,0.3,71; 9; 80; 40; 38; 82; 30; 15; 80; 56
51,59,0.11888,0.86441,66; 51; 46; 80; 21; 79; 59; 17; 49; 12
65,79,0.0853,0.82278,47; 65; 8; 82; 76; 47; 79; 23; 40; 22
22,74,0.10496,0.2973,61; 22; 53; 59; 41; 49; 74; 51; 21; 49
21,76,0.09645,0.27632,21; 21; 43; 26; 13; 21; 76; 79; 62; 72
27,77,0.08789,0.35065,32; 27; 59; 70; 67; 78; 77; 13; 63; 49
68,81,0.07747,0.83951,52; 68; 78; 38; 13; 22; 81; 53; 40; 7
55,67,0.10252,0.8209,13; 55; 14; 32; 76; 31; 67; 30; 46; 66
39,68,0.11621,0.57353,51; 39; 9; 58; 47; 48; 68; 10; 20; 48
32,70,0.10979,0.45714,24; 32; 37; 83; 12; 10; 70; 49; 62; 83
19,52,0.12778,0.36538,5; 19; 6; 70; 73; 73; 52; 77; 64; 10
18,51,0.12522,0.35294,48; 18; 75; 17; 5; 73; 51; 19; 31; 7
18,63,0.11579,0.28571,70; 18; 25; 65; 17; 35; 63; 82; 22; 49
10,40,0.13771,0.25,70; 10; 81; 69; 72; 80; 40; 64; 85; 40
67,80,0.0799,0.8375,41; 67; 24; 52; 71; 16; 80; 50; 64; 67
8,23,0.13093,0.34783,9; 8; 64; 66; 77; 20; 23; 10; 11; 80
23,28,0.13235,0.82143,46; 23; 27; 70; 62; 31; 28; 13; 15; 72
47,57,0.12565,0.82456,16; 47; 64; 60; 36; 33; 57; 83; 44; 18
7,23,0.12744,0.30435,72; 7; 34; 52; 82; 51; 23; 25; 9; 28
23,81,0.09321,0.28395,25; 23; 13; 12; 41; 38; 81; 18; 60; 40
22,78,0.1047,0.28205,10; 22; 24; 9; 57; 57; 78; 5; 79; 64
16,20,0.13547,0.8,5; 16; 80; 74; 33; 46; 20; 16; 79; 11
25,78,0.10732,0.32051,6; 25; 85; 23; 54; 66; 78; 80; 7; 13
14,38,0.13773,0.36842,49; 14; 61; 61; 54; 44; 38; 41; 75; 66
15,59,0.11416,0.25424,83; 15; 44; 66; 33; 12; 59; 68; 67; 7
37,66,0.11488,0.56061,51; 37; 26; 83; 73; 5; 66; 70; 73; 75
11,38,0.14092,0.28947,60; 11; 44; 34; 76; 42; 38; 9; 47; 65
20,36,0.13126,0.55556,45; 20; 23; 61; 71; 69; 36; 19; 66; 57
14,42,0.13804,0.33333,27; 14; 33; 5; 6; 37; 42; 24; 18; 46
19,76,0.10571,0.25,72; 19; 15; 56; 14; 69; 76; 5; 50; 79
21,25,0.12853,0.84,21; 21; 12; 31; 83; 21; 25; 49; 50; 18
16,64,0.11822,0.25,34; 16; 37; 67; 38; 14; 64; 9; 26; 26
29,52,0.13776,0.55769,61; 29; 41; 62; 15; 14; 52; 50; 47; 23
20,62,0.11106,0.32258,56; 20; 84; 37; 34; 34; 62; 23; 42; 37
62,78,0.08529,0.79487,25; 62; 71; 56; 81; 52; 78; 9; 24; 18
25,71,0.10672,0.35211,55; 25; 8; 70; 10; 41; 71; 48; 66; 60
12,49,0.13268,0.2449,56; 12; 30; 19; 10; 43; 49; 29; 43; 71
17,58,0.12127,0.2931,22; 17; 66; 40; 66; 38; 58; 28; 13; 5
24,43,0.13558,0.55814,61; 24; 76; 37; 84; 73; 43; 25; 64; 60
5,15,0.10252,0.33333,37; 5; 78; 81; 63; 11; 15; 56; 46; 47
16,32,0.12911,0.5,8; 16; 50; 50; 53; 31; 32; 55; 55; 12
17,70,0.10459,0.24286,80; 17; 70; 49; 34; 72; 70; 17; 38; 42
9,16,0.14278,0.5625,63; 9; 43; 60; 18; 25; 16; 46; 20; 42
7,25,0.13011,0.28,54; 7; 83; 18; 6; 64; 25; 35; 37; 23
14,47,0.1357,0.29787,81; 14; 34; 80; 52; 49; 47; 25; 67; 72
19,76,0.10248,0.25,36; 19; 78; 11; 40; 55; 76; 79; 79; 62
18,51,0.12662,0.35294,59; 18; 13; 43; 54; 65; 51; 45; 76; 40
21,64,0.11084,0.32812,13; 21; 58; 35; 52; 24; 64; 16; 42; 45
23,77,0.09673,0.2987,22; 23; 85; 39; 71; 26; 77; 11; 56; 62
33,59,0.11663,0.55932,56; 33; 83; 9; 8; 55; 59; 65; 45; 78
21,37,0.13621,0.56757,33; 21; 73; 11; 79; 83; 37; 57; 26; 51
32,40,0.14214,0.8,24; 32; 69; 50; 65; 71; 40; 42; 12; 46
23,77,0.09766,0.2987,57; 23; 29; 82; 70; 85; 77; 50; 5; 83
40,81,0.10375,0.49383,80; 40; 30; 38; 5; 37; 81; 33; 80; 12
15,52,0.13086,0.28846,38; 15; 22; 36; 46; 43; 52; 44; 65; 17
25,85,0.09612,0.29412,35; 25; 81; 34; 61; 65; 85; 36; 22; 37
35,44,0.13448,0.79545,69; 35; 48; 27; 30; 23; 44; 37; 47; 48
27,47,0.13925,0.57447,23; 27; 31; 22; 67; 38; 47; 52; 16; 41
29,51,0.13485,0.56863,46; 29; 22; 50; 45; 29; 51; 64; 36; 17
19,63,0.11963,0.30159,30; 19; 65; 40; 53; 85; 63; 16; 47; 15
19,77,0.09309,0.24675,37; 19; 76; 53; 28; 24; 77; 57; 47; 24
30,82,0.09488,0.36585,16; 30; 82; 26; 71; 60; 82; 43; 85; 64
63,75,0.08762,0.84,65; 63; 72; 25; 7; 82; 75; 43; 31; 72
7,22,0.12283,0.31818,70; 7; 31; 63; 80; 36; 22; 12; 22; 76
50,61,0.11686,0.81967,66; 50; 37; 29; 77; 66; 61; 80; 78; 41
40,80,0.0947,0.5,82; 40; 29; 84; 19; 76; 80; 63; 50; 11
20,80,0.09802,0.25,58; 20; 39; 71; 36; 29; 80; 6; 52; 16
29,51,0.13158,0.56863,48; 29; 79; 38; 20; 83; 51; 50; 79; 56
64,76,0.08528,0.84211,47; 64; 55; 19; 27; 40; 76; 71; 25; 82
33,59,0.11976,0.55932,66; 33; 78; 69; 57; 62; 59; 75; 17; 35
21,73,0.10145,0.28767,73; 21; 63; 77; 24; 82; 73; 50; 32; 35
18,37,0.13256,0.48649,44; 18; 84; 29; 52; 29; 37; 29; 18; 31
9,28,0.14421,0.32143,83; 9; 19; 25; 69; 16; 28; 77; 39; 37
32,38,0.13833,0.84211,85; 32; 31; 76; 7; 78; 38; 26; 60; 33
21,60,0.1202,0.35,41; 21; 43; 39; 48; 6; 60; 69; 68; 41
49,61,0.11735,0.80328,78; 49; 43; 6; 19; 47; 61; 75; 77; 33
23,62,0.11221,0.37097,9; 23; 52; 39; 23; 57; 62; 22; 59; 47
18,72,0.10256,0.25,42; 18; 45; 58; 81; 79; 72; 43; 5; 19
11,34,0.14004,0.32353,46; 11; 30; 17; 30; 43; 34; 27; 73; 13
37,44,0.1331,0.84091,48; 37; 63; 79; 39; 61; 44; 15; 40; 54
59,72,0.09028,0.81944,48; 59; 9; 41; 29; 17; 72; 53; 29; 11
20,66,0.10738,0.30303,20; 20; 73; 38; 5; 16; 66; 28; 27; 30
54,68,0.10925,0.79412,19; 54; 66; 65; 32; 29; 68; 25; 15; 17
26,80,0.09363,0.325,11; 26; 36; 56; 76; 69; 80; 64; 67; 26
22,62,0.11314,0.35484,37; 22; 17; 65; 80; 16; 62; 49; 27; 76
17,61,0.12018,0.27869,59; 17; 14; 35; 28; 70; 61; 51; 16; 18
34,60,0.11665,0.56667,69; 34; 53; 14; 37; 66; 60; 76; 25; 65
6,19,0.10839,0.31579,84; 6; 78; 72; 53; 27; 19; 50; 41; 76
23,80,0.09284,0.2875,71; 23; 51; 35; 45; 11; 80; 42; 15; 44
26,70,0.10455,0.37143,40; 26; 67; 78; 61; 17; 70; 65; 17; 43
21,25,0.13844,0.84,39; 21; 24; 39; 42; 18; 25; 78; 39; 61
7,28,0.12176,0.25,73; 7; 30; 8; 70; 31; 28; 52; 44; 56
32,37,0.13841,0.86486,25; 32; 80; 66; 40; 53; 37; 25; 26; 31
36,78,0.11248,0.46154,35; 36; 18; 78; 22; 59; 78; 13; 49; 50
17,57,0.11808,0.29825,62; 17; 77; 48; 78; 75; 57; 13; 39; 50
17,68,0.11447,0.25,41; 17; 79; 41; 62; 30; 68; 12; 50; 81
38,67,0.11357,0.56716,60; 38; 19; 9; 47; 83; 67; 56; 68; 51
19,38,0.12583,0.5,47; 19; 39; 9; 36; 63; 38; 54; 26; 81
63,79,0.08307,0.79747,13; 63; 38; 59; 63; 50; 79; 48; 26; 22
63,79,0.08209,0.79747,5; 63; 21; 56; 28; 48; 79; 17; 74; 38
8,25,0.12722,0.32,61; 8; 20; 38; 69; 43; 25; 41; 81; 44
31,54,0.1292,0.57407,47; 31; 78; 61; 8; 58; 54; 52; 25; 78
14,47,0.12878,0.29787,70; 14; 76; 83; 59; 50; 47; 80; 23; 16
25,72,0.09607,0.34722,10; 25; 24; 60; 17; 71; 72; 40; 47; 51
21,42,0.13165,0.5,23; 21; 42; 31; 65; 68; 42; 50; 39; 44
17,53,0.13191,0.32075,33; 17; 12; 58; 51; 21; 53; 83; 61; 71
21,84,0.09131,0.25,36; 21; 82; 54; 46; 64; 84; 24; 50; 63
13,35,0.13534,0.37143,85; 13; 66; 55; 77; 45; 35; 80; 60; 23
29,52,0.13039,0.55769,59; 29; 7; 37; 30; 77; 52; 34; 6; 57
68,83,0.07642,0.81928,30; 68; 14; 36; 24; 5; 83; 20; 36; 71
42,75,0.10802,0.56,17; 42; 41; 58; 30; 17; 75; 69; 48; 9
40,81,0.09809,0.49383,37; 40; 47; 76; 27; 79; 81; 78; 69; 18
32,57,0.12726,0.5614,76; 32; 60; 35; 14; 11; 57; 26; 25; 78
64,76,0.08895,0.84211,81; 64; 64; 67; 35; 15; 76; 25; 28; 23
13,39,0.13416,0.33333,75; 13; 40; 34; 23; 62; 39; 59; 24; 59
70,85,0.07069,0.82353,19; 70; 44; 17; 27; 67; 85; 79; 68; 26
64,76,0.08472,0.84211,43; 64; 50; 28; 79; 28; 76; 43; 56; 54
14,38,0.14353,0.36842,44; 14; 48; 39; 5; 46; 38; 49; 50; 9
37,80,0.10151,0.4625,25; 37; 82; 14; 54; 58; 80; 49; 66; 41
19,77,0.09543,0.24675,77; 19; 85; 28; 74; 40; 77; 9; 69; 28
14,50,0.12875,0.28,57; 14; 21; 19; 20; 61; 50; 67; 31; 71
19,39,0.13456,0.48718,84; 19; 23; 13; 15; 80; 39; 45; 16; 5
16,55,0.1264,0.29091,54; 16; 27; 65; 31; 13; 55; 11; 27; 6
19,68,0.11129,0.27941,64; 19; 18; 37; 24; 33; 68; 80; 76; 31
27,55,0.12921,0.49091,85; 27; 22; 76; 12; 26; 55; 14; 74; 70
22,60,0.12053,0.36667,82; 22; 10; 27; 64; 39; 60; 54; 76; 15
59,70,0.09457,0.84286,46; 59; 18; 21; 23; 65; 70; 48; 71; 27
36,63,0.11394,0.57143,19; 36; 38; 5; 10; 83; 63; 81; 9; 51
40,72,0.10458,0.55556,57; 40; 25; 9; 13; 82; 72; 14; 22; 77
13,41,0.14148,0.31707,73; 13; 42; 23; 48; 15; 41; 66; 59; 48
67,82,0.07694,0.81707,68; 67; 21; 30; 7; 57; 82; 63; 53; 39
17,57,0.11991,0.29825,37; 17; 15; 16; 50; 11; 57; 40; 61; 77
30,82,0.10197,0.36585,73; 30; 37; 79; 31; 12; 82; 75; 52; 38
16,35,0.13386,0.45714,46; 16; 52; 72; 17; 9; 35; 64; 51; 6
19,54,0.12857,0.35185,66; 19; 20; 76; 83; 34; 54; 39; 48; 50
15,53,0.13302,0.28302,11; 15; 62; 71; 28; 51; 53; 47; 43; 51
19,39,0.12581,0.48718,36; 19; 53; 12; 35; 52; 39; 17; 49; 38
24,65,0.11216,0.36923,20; 24; 9; 27; 37; 80; 65; 9; 41; 68
15,59,0.12104,0.25424,26; 15; 30; 82; 55; 28; 59; 31; 75; 36
41,72,0.10614,0.56944,74; 41; 39; 84; 65; 6; 72; 78; 72; 54
12,40,0.14026,0.3,62; 12; 56; 8; 78; 47; 40; 24; 54; 13
52,62,0.11583,0.83871,53; 52; 64; 53; 35; 64; 62; 49; 15; 22
69,82,0.07987,0.84146,85; 69; 84; 73; 33; 16; 82; 14; 74; 26
68,79,0.08191,0.86076,35; 68; 6; 37; 22; 18; 79; 40; 17; 81
7,22,0.12659,0.31818,17; 7; 46; 83; 30; 63; 22; 67; 77; 58
35,70,0.11009,0.5,38; 35; 63; 16; 34; 69; 70; 81; 6; 5
26,33,0.13545,0.78788,71; 26; 81; 67; 58; 17; 33; 15; 31; 27
26,46,0.13398,0.56522,62; 26; 11; 50; 55; 80; 46; 5; 32; 6
16,28,0.13154,0.57143,49; 16; 78; 23; 39; 66; 28; 53; 54; 42
25,84,0.10088,0.29762,11; 25; 26; 43; 61; 5; 84; 60; 67; 18
12,26,0.13833,0.46154,47; 12; 45; 5; 46; 58; 26; 11; 58; 16
8,32,0.13474,0.25,18; 8; 7; 42; 39; 44; 32; 38; 75; 28
16,19,0.13204,0.84211,74; 16; 61; 26; 38; 57; 19; 30; 23; 17
26,78,0.11197,0.33333,24; 26; 53; 33; 52; 32; 78; 16; 61; 13
13,26,0.13501,0.5,49; 13; 13; 44; 8; 77; 26; 78; 23; 54
9,36,0.14035,0.25,70; 9; 28; 40; 76; 36; 36; 61; 58; 74
63,80,0.08794,0.7875,62; 63; 30; 47; 9; 55; 80; 57; 27; 73
37,65,0.11549,0.56923,67; 37; 80; 10; 25; 48; 65; 56; 18; 53
43,75,0.09621,0.57333,45; 43; 38; 46; 19; 26; 75; 39; 15; 70
31,38,0.14439,0.81579,44; 31; 22; 26; 16; 58; 38; 66; 26; 59
15,53,0.13084,0.28302,62; 15; 29; 59; 52; 37; 53; 18; 72; 22
10,31,0.13746,0.32258,43; 10; 33; 74; 78; 59; 31; 37; 70; 71
12,38,0.13985,0.31579,42; 12; 73; 7; 32; 21; 38; 50; 70; 28
19,51,0.12768,0.37255,22; 19; 27; 31; 29; 12; 51; 75; 79; 78
60,76,0.08399,0.78947,29; 60; 17; 8; 80; 82; 76; 62; 27; 8
19,77,0.1074,0.24675,85; 19; 10; 21; 36; 52; 77; 52; 33; 77
38,45,0.1403,0.84444,68; 38; 17; 56; 62; 39; 45; 28; 20; 38
16,28,0.12651,0.57143,38; 16; 17; 43; 24; 41; 28; 28; 14; 46
27,81,0.0984,0.33333,65; 27; 33; 40; 59; 26; 81; 22; 27; 7
12,38,0.13932,0.31579,83; 12; 47; 7; 67; 37; 38; 32; 38; 29
27,59,0.11817,0.45763,41; 27; 12; 72; 24; 37; 59; 68; 58; 19
48,56,0.12346,0.85714,64; 48; 44; 16; 66; 39; 56; 28; 73; 31
18,57,0.1166,0.31579,78; 18; 82; 79; 15; 42; 57; 71; 51; 36
12,14,0.13113,0.85714,49; 12; 77; 14; 11; 64; 14; 42; 74; 19
9,30,0.14081,0.3,69; 9; 14; 36; 13; 37; 30; 47; 79; 79
16,50,0.12882,0.32,31; 16; 54; 7; 20; 15; 50; 8; 45; 41
38,82,0.09992,0.46341,18; 38; 38; 50; 61; 25; 82; 76; 54; 55
24,81,0.10089,0.2963,51; 24; 15; 48; 55; 71; 81; 52; 77; 40
17,71,0.10159,0.23944,34; 17; 6; 85; 75; 49; 71; 21; 39; 33
23,80,0.09586,0.2875,16; 23; 51; 63; 46; 42; 80; 35; 15; 26
61,77,0.08535,0.79221,76; 61; 84; 57; 84; 51; 77; 28; 7; 20
70,83,0.07559,0.84337,19; 70; 42; 81; 71; 64; 83; 37; 60; 76
69,82,0.07747,0.84146,52; 69; 7; 56; 25; 67; 82; 60; 73; 36
23,41,0.13666,0.56098,71; 23; 38; 67; 15; 14; 41; 84; 61; 58
39,78,0.10337,0.5,29; 39; 43; 57; 16; 7; 78; 73; 45; 52
41,51,0.12585,0.80392,33; 41; 22; 37; 31; 6; 51; 17; 31; 30
25,84,0.09443,0.29762,32; 25; 61; 35; 70; 65; 84; 76; 68; 81
16,56,0.12849,0.28571,64; 16; 66; 84; 61; 35; 56; 8; 79; 70
69,82,0.07642,0.84146,65; 69; 6; 81; 68; 24; 82; 15; 30; 75
24,85,0.09297,0.28235,79; 24; 28; 54; 33; 34; 85; 15; 55; 30
25,85,0.09265,0.29412,73; 25; 67; 81; 67; 51; 85; 83; 64; 65
60,73,0.09232,0.82192,7; 60; 68; 61; 78; 57; 73; 56; 17; 54
20,54,0.1288,0.37037,35; 20; 73; 65; 50; 7; 54; 62; 57; 9
19,24,0.13495,0.79167,16; 19; 74; 11; 74; 5; 24; 65; 55; 67
31,67,0.11105,0.46269,9; 31; 28; 22; 74; 56; 67; 48; 82; 52
32,39,0.14431,0.82051,83; 32; 78; 65; 46; 53; 39; 38; 54; 58
31,62,0.11388,0.5,27; 31; 13; 50; 46; 70; 62; 10; 11; 78
27,54,0.1327,0.5,32; 27; 62; 82; 29; 63; 54; 75; 16; 83
12,26,0.13554,0.46154,31; 12; 70; 79; 46; 35; 26; 71; 73; 54
14,55,0.12488,0.25455,81; 14; 31; 67; 9; 30; 55; 51; 67; 38
23,65,0.11013,0.35385,56; 23; 26; 53; 83; 21; 65; 65; 48; 27
67,78,0.08212,0.85897,52; 67; 30; 64; 45; 6; 78; 76; 85; 67
13,47,0.13306,0.2766,59; 13; 38; 8; 43; 18; 47; 62; 16; 71
64,76,0.09364,0.84211,73; 64; 67; 7; 57; 35; 76; 59; 19; 42
5,15,0.09978,0.33333,66; 5; 38; 36; 23; 30; 15; 73; 32; 46
16,20,0.13025,0.8,10; 16; 76; 69; 6; 76; 20; 67; 48; 32
31,54,0.12681,0.57407,61; 31; 55; 22; 82; 66; 54; 81; 17; 34
23,46,0.1353,0.5,66; 23; 57; 51; 37; 34; 46; 60; 53; 19
64,76,0.08404,0.84211,17; 64; 77; 8; 44; 54; 76; 50; 32; 49
38,68,0.11299,0.55882,81; 38; 60; 5; 7; 18; 68; 38; 19; 77
14,48,0.13418,0.29167,65; 14; 76; 82; 85; 45; 48; 7; 18; 71
28,49,0.12913,0.57143,38; 28; 85; 18; 44; 21; 49; 23; 74; 73
41,84,0.10232,0.4881,72; 41; 62; 45; 45; 83; 84; 28; 42; 38
66,82,0.08091,0.80488,17; 66; 42; 36; 14; 83; 82; 61; 9; 71
14,44,0.13224,0.31818,29; 14; 31; 34; 43; 62; 44; 49; 52; 49
25,77,0.10491,0.32468,63; 25; 18; 82; 60; 36; 77; 40; 41; 14
9,27,0.1449,0.33333,20; 9; 26; 32; 67; 76; 27; 53; 32; 62
31,37,0.13428,0.83784,23; 31; 42; 74; 29; 78; 37; 54; 20; 12
19,34,0.13015,0.55882,46; 19; 13; 32; 69; 57; 34; 56; 15; 14
25,51,0.12512,0.4902,53; 25; 24; 10; 17; 62; 51; 56; 82; 72
11,44,0.13956,0.25,18; 11; 65; 37; 76; 33; 44; 36; 35; 60
41,52,0.12718,0.78846,81; 41; 34; 6; 39; 42; 52; 39; 35; 44
31,37,0.12812,0.83784,84; 31; 33; 81; 76; 39; 37; 78; 6; 45
19,51,0.12602,0.37255,58; 19; 39; 65; 60; 40; 51; 12; 74; 49
24,83,0.08869,0.28916,29; 24; 31; 44; 17; 77; 83; 67; 9; 69
50,61,0.11687,0.81967,80; 50; 68; 36; 45; 79; 61; 43; 41; 22
23,41,0.13174,0.56098,81; 23; 82; 73; 70; 5; 41; 47; 68; 79
14,47,0.13509,0.29787,5; 14; 58; 61; 71; 15; 47; 45; 79; 82
52,65,0.10763,0.8,36; 52; 27; 73; 25; 69; 65; 74; 9; 6
38,68,0.1138,0.55882,14; 38; 57; 40; 54; 74; 68; 29; 35; 23
26,78,0.09709,0.33333,32; 26; 53; 74; 18; 36; 78; 9; 41; 68
8,34,0.13286,0.23529,7; 8; 23; 75; 9; 24; 34; 63; 62; 63
21,25,0.1369,0.84,82; 21; 76; 45; 56; 25; 25; 7; 84; 69
9,37,0.14454,0.24324,33; 9; 81; 80; 21; 22; 37; 63; 85; 69
30,61,0.11575,0.4918,22; 30; 26; 71; 83; 24; 61; 79; 26; 85
21,71,0.10139,0.29577,65; 21; 15; 40; 35; 52; 71; 63; 46; 33
35,63,0.1202,0.55556,36; 35; 19; 81; 24; 53; 63; 60; 77; 23
42,50,0.13357,0.84,16; 42; 27; 43; 71; 81; 50; 9; 36; 17
21,43,0.13783,0.48837,31; 21; 8; 28; 8; 13; 43; 85; 72; 34
28,76,0.10626,0.36842,29; 28; 40; 34; 5; 41; 76; 56; 67; 57
20,41,0.13389,0.4878,79; 20; 59; 54; 14; 28; 41; 32; 13; 81
14,28,0.1312,0.5,52; 14; 60; 46; 50; 79; 28; 39; 54; 47
15,47,0.1282,0.31915,83; 15; 82; 84; 36; 54; 47; 31; 35; 11
20,84,0.08894,0.2381,36; 20; 79; 54; 78; 74; 84; 22; 78; 43
16,53,0.12731,0.30189,85; 16; 51; 20; 32; 9; 53; 75; 24; 17
32,38,0.13265,0.84211,32; 32; 18; 22; 51; 21; 38; 81; 42; 8
53,66,0.11276,0.80303,12; 53; 50; 15; 84; 54; 66; 15; 82; 78
22,79,0.10114,0.27848,77; 22; 73; 32; 65; 47; 79; 37; 18; 33
33,71,0.10142,0.46479,29; 33; 65; 29; 32; 35; 71; 21; 29; 48
24,65,0.11008,0.36923,76; 24; 12; 54; 19; 33; 65; 61; 19; 54
10,27,0.13814,0.37037,42; 10; 81; 73; 29; 50; 27; 67; 74; 18
17,57,0.12769,0.29825,74; 17; 68; 81; 6; 50; 57; 28; 38; 12
41,84,0.10002,0.4881,62; 41; 11; 20; 60; 49; 84; 24; 85; 22
42,50,0.1396,0.84,14; 42; 81; 45; 79; 30; 50; 41; 69; 73
32,65,0.11896,0.49231,28; 32; 70; 55; 28; 76; 65; 35; 42; 78
18,75,0.09841,0.24,47; 18; 67; 77; 15; 11; 75; 79; 85; 84
47,82,0.09724,0.57317,32; 47; 42; 79; 18; 9; 82; 49; 5; 49
5,18,0.10906,0.27778,63; 5; 47; 46; 7; 51; 18; 56; 56; 27
24,74,0.10455,0.32432,75; 24; 47; 38; 47; 61; 74; 8; 63; 36
54,64,0.12202,0.84375,22; 54; 14; 68; 73; 17; 64; 19; 57; 26
17,37,0.13091,0.45946,43; 17; 69; 51; 63; 28; 37; 57; 52; 51
17,67,0.10978,0.25373,24; 17; 64; 69; 9; 60; 67; 14; 60; 40
28,80,0.09569,0.35,52; 28; 10; 14; 31; 35; 80; 69; 48; 7
22,78,0.09469,0.28205,35; 22; 18; 18; 74; 17; 78; 68; 21; 8
21,60,0.11402,0.35,19; 21; 49; 50; 13; 40; 60; 74; 24; 23
23,69,0.1118,0.33333,50; 23; 21; 50; 53; 19; 69; 71; 31; 52
6,21,0.11293,0.28571,48; 6; 44; 37; 41; 60; 21; 85; 13; 13
12,42,0.14263,0.28571,54; 12; 85; 8; 56; 43; 42; 52; 40; 17
36,44,0.13898,0.81818,49; 36; 71; 85; 53; 20; 44; 5; 38; 70
28,56,0.12833,0.5,66; 28; 17; 41; 24; 43; 56; 38; 62; 31
56,67,0.10075,0.83582,60; 56; 47; 6; 58; 73; 67; 65; 70; 82
20,25,0.12596,0.8,44; 20; 46; 22; 32; 46; 25; 51; 32; 48
23,28,0.14164,0.82143,24; 23; 67; 43; 17; 45; 28; 70; 58; 9
14,59,0.12115,0.23729,63; 14; 31; 64; 19; 52; 59; 60; 47; 59
46,58,0.11609,0.7931,20; 46; 54; 34; 33; 57; 58; 43; 45; 51
31,54,0.1293,0.57407,37; 31; 79; 44; 63; 25; 54; 20; 61; 61
39,78,0.106,0.5,6; 39; 85; 20; 8; 50; 78; 33; 41; 72
25,75,0.10619,0.33333,10; 25; 82; 38; 15; 18; 75; 60; 61; 47
21,64,0.11273,0.32812,54; 21; 17; 78; 71; 70; 64; 72; 39; 51
64,78,0.08447,0.82051,53; 64; 10; 5; 35; 38; 78; 8; 33; 57
15,53,0.12518,0.28302,73; 15; 13; 75; 67; 55; 53; 25; 18; 80
24,82,0.08975,0.29268,14; 24; 46; 85; 26; 14; 82; 61; 59; 18
5,21,0.09589,0.2381,49; 5; 53; 56; 29; 21; 21; 5; 31; 11
5,15,0.10635,0.33333,85; 5; 27; 72; 66; 32; 15; 84; 41; 44
6,25,0.12541,0.24,38; 6; 18; 35; 8; 71; 25; 49; 11; 10
20,72,0.10546,0.27778,70; 20; 82; 65; 71; 31; 72; 50; 9; 22
21,70,0.10527,0.3,32; 21; 80; 34; 74; 63; 70; 80; 25; 66
35,62,0.11589,0.56452,34; 35; 21; 10; 58; 30; 62; 22; 10; 71
13,51,0.12351,0.2549,68; 13; 25; 24; 29; 25; 51; 15; 65; 77
23,80,0.10192,0.2875,5; 23; 78; 67; 15; 75; 80; 82; 78; 43
9,38,0.14045,0.23684,43; 9; 66; 67; 45; 69; 38; 85; 20; 62
61,74,0.09214,0.82432,84; 61; 51; 24; 33; 52; 74; 29; 28; 42
9,31,0.13773,0.29032,9; 9; 51; 77; 55; 32; 31; 64; 84; 47
42,49,0.13669,0.85714,8; 42; 55; 58; 34; 56; 49; 50; 23; 42
30,54,0.13304,0.55556,40; 30; 24; 82; 44; 6; 54; 20; 52; 80
34,74,0.09881,0.45946,6; 34; 67; 49; 53; 31; 74; 78; 77; 79
15,63,0.11967,0.2381,42; 15; 45; 65; 56; 60; 63; 34; 61; 26
18,32,0.12671,0.5625,72; 18; 5; 10; 44; 56; 32; 37; 24; 26
52,62,0.11148,0.83871,68; 52; 75; 69; 83; 7; 62; 12; 18; 55
12,15,0.13735,0.8,83; 12; 68; 57; 12; 69; 15; 39; 59; 85
64,81,0.08675,0.79012,11; 64; 23; 60; 14; 68; 81; 46; 17; 32
59,72,0.09368,0.81944,84; 59; 83; 80; 69; 16; 72; 49; 59; 5
19,77,0.09883,0.24675,56; 19; 44; 48; 54; 74; 77; 40; 72; 60
23,83,0.0895,0.27711,10; 23; 53; 35; 36; 64; 83; 80; 58; 36
33,68,0.10601,0.48529,66; 33; 24; 29; 61; 38; 68; 31; 26; 64
15,30,0.13791,0.5,83; 15; 43; 50; 47; 26; 30; 13; 38; 57
23,66,0.11132,0.34848,12; 23; 29; 72; 20; 25; 66; 26; 69; 38
49,57,0.12102,0.85965,23; 49; 7; 20; 13; 18; 57; 14; 44; 16
22,75,0.10417,0.29333,61; 22; 12; 46; 26; 45; 75; 11; 39; 29
18,75,0.10422,0.24,21; 18; 78; 17; 77; 82; 75; 76; 61; 5
14,49,0.13841,0.28571,42; 14; 41; 73; 83; 62; 49; 24; 51; 47
5,17,0.10311,0.29412,44; 5; 31; 28; 12; 74; 17; 85; 55; 31
33,59,0.11917,0.55932,15; 33; 11; 24; 84; 58; 59; 23; 64; 81
29,79,0.09549,0.36709,76; 29; 81; 32; 45; 61; 79; 11; 83; 32
38,48,0.12904,0.79167,6; 38; 49; 24; 32; 20; 48; 33; 58; 59
20,69,0.10603,0.28986,32; 20; 11; 56; 38; 81; 69; 51; 52; 80
6,18,0.11343,0.33333,49; 6; 28; 41; 46; 70; 18; 7; 7; 16
19,63,0.11097,0.30159,68; 19; 31; 68; 76; 9; 63; 48; 14; 43
49,61,0.11449,0.80328,46; 49; 69; 43; 41; 27; 61; 67; 76; 40
10,18,0.1388,0.55556,48; 10; 8; 33; 60; 39; 18; 42; 67; 8
7,21,0.1267,0.33333,57; 7; 60; 85; 29; 60; 21; 28; 14; 11
51,61,0.11865,0.83607,64; 51; 75; 41; 24; 77; 61; 71; 22; 9
12,48,0.13852,0.25,11; 12; 68; 28; 70; 24; 48; 80; 42; 19
13,39,0.13809,0.33333,17; 13; 59; 59; 57; 60; 39; 38; 57; 43
19,77,0.09714,0.24675,85; 19; 34; 29; 66; 74; 77; 74; 67; 84
17,60,0.11811,0.28333,75; 17; 17; 58; 29; 55; 60; 20; 37; 64
30,65,0.11214,0.46154,50; 30; 30; 72; 22; 62; 65; 72; 58; 69
10,20,0.1348,0.5,77; 10; 7; 60; 43; 56; 20; 64; 8; 81
33,42,0.12991,0.78571,39; 33; 59; 34; 30; 39; 42; 15; 25; 34
10,27,0.13462,0.37037,33; 10; 75; 51; 69; 25; 27; 30; 43; 61
31,38,0.13564,0.81579,16; 31; 5; 26; 66; 19; 38; 51; 16; 56
41,84,0.10206,0.4881,31; 41; 61; 69; 53; 5; 84; 71; 72; 65
31,62,0.11856,0.5,20; 31; 11; 6; 36; 18; 62; 76; 84; 70
21,64,0.11359,0.32812,32; 21; 79; 66; 83; 69; 64; 58; 34; 54
12,48,0.12796,0.25,41; 12; 35; 11; 50; 55; 48; 79; 62; 53
8,27,0.13184,0.2963,59; 8; 7; 85; 55; 49; 27; 73; 59; 85
27,34,0.13406,0.79412,6; 27; 9; 64; 33; 67; 34; 46; 47; 61
29,83,0.09307,0.3494,14; 29; 79; 66; 78; 38; 83; 7; 23; 49
19,38,0.13369,0.5,17; 19; 84; 18; 47; 76; 38; 55; 85; 83
17,58,0.1184,0.2931,51; 17; 38; 5; 29; 25; 58; 28; 41; 42
41,49,0.13583,0.83673,71; 41; 79; 30; 70; 45; 49; 59; 17; 76
63,77,0.09146,0.81818,61; 63; 5; 34; 57; 35; 77; 16; 33; 53
44,79,0.09749,0.55696,84; 44; 57; 21; 67; 75; 79; 25; 55; 70
29,52,0.13733,0.55769,35; 29; 55; 30; 59; 6; 52; 49; 12; 48
55,67,0.10544,0.8209,83; 55; 80; 18; 5; 77; 67; 57; 60; 9
56,65,0.10394,0.86154,30; 56; 13; 44; 20; 58; 65; 21; 68; 72
22,68,0.10283,0.32353,21; 22; 12; 62; 33; 45; 68; 59; 70; 31
31,36,0.13804,0.86111,22; 31; 41; 32; 44; 37; 36; 48; 55; 62
38,83,0.09976,0.45783,49; 38; 77; 70; 40; 22; 83; 44; 79; 56
18,71,0.10394,0.25352,83; 18; 81; 38; 11; 48; 71; 66; 61; 48
22,28,0.13669,0.78571,56; 22; 73; 14; 7; 58; 28; 29; 13; 76
19,66,0.10726,0.28788,44; 19; 60; 39; 69; 72; 66; 7; 52; 53
31,36,0.13794,0.86111,38; 31; 68; 41; 66; 75; 36; 44; 44; 84
24,48,0.13715,0.5,26; 24; 49; 11; 50; 39; 48; 43; 52; 60
9,31,0.13846,0.29032,32; 9; 30; 7; 68; 29; 31; 29; 80; 70
29,59,0.12066,0.49153,11; 29; 22; 12; 15; 38; 59; 43; 11; 13
14,58,0.1135,0.24138,68; 14; 72; 55; 62; 52; 58; 73; 7; 47
32,56,0.11669,0.57143,27; 32; 30; 51; 60; 53; 56; 32; 78; 8
22,68,0.10746,0.32353,41; 22; 53; 23; 61; 41; 68; 54; 30; 84
16,48,0.13574,0.33333,27; 16; 7; 66; 46; 79; 48; 14; 81; 46
39,49,0.13592,0.79592,48; 39; 51; 82; 60; 35; 49; 70; 9; 58
16,58,0.12017,0.27586,54; 16; 56; 48; 69; 55; 58; 27; 35; 6
22,69,0.09999,0.31884,41; 22; 54; 8; 25; 52; 69; 23; 68; 36
13,39,0.13272,0.33333,72; 13; 12; 63; 45; 11; 39; 40; 21; 40
55,67,0.10701,0.8209,80; 55; 12; 21; 24; 54; 67; 20; 27; 55
55,69,0.09925,0.7971,15; 55; 62; 28; 37; 73; 69; 40; 68; 78
53,63,0.11512,0.84127,44; 53; 55; 56; 23; 29; 63; 52; 80; 38
33,59,0.12072,0.55932,31; 33; 11; 29; 45; 79; 59; 50; 81; 10
12,42,0.14454,0.28571,56; 12; 39; 13; 76; 54; 42; 26; 14; 9
20,72,0.10565,0.27778,71; 20; 43; 48; 30; 38; 72; 34; 10; 17
23,29,0.13096,0.7931,68; 23; 55; 56; 47; 63; 29; 63; 16; 35
53,67,0.1065,0.79104,32; 53; 25; 7; 26; 35; 67; 11; 9; 63
57,72,0.09249,0.79167,70; 57; 23; 73; 83; 79; 72; 12; 20; 19
18,75,0.10324,0.24,46; 18; 25; 84; 57; 6; 75; 35; 42; 16
38,68,0.11223,0.55882,33; 38; 51; 54; 47; 71; 68; 10; 63; 21
16,43,0.13524,0.37209,56; 16; 32; 25; 14; 83; 43; 48; 32; 76
9,16,0.13799,0.5625,6; 9; 45; 27; 42; 54; 16; 47; 31; 39
31,68,0.11527,0.45588,71; 31; 56; 11; 24; 8; 68; 44; 37; 47
12,24,0.1421,0.5,5; 12; 35; 8; 71; 82; 24; 42; 16; 30
15,54,0.12851,0.27778,12; 15; 28; 30; 71; 5; 54; 49; 68; 20
61,76,0.08489,0.80263,66; 61; 28; 21; 27; 22; 76; 42; 66; 12
58,69,0.09984,0.84058,15; 58; 52; 39; 29; 8; 69; 73; 65; 20
20,70,0.10538,0.28571,50; 20; 45; 84; 82; 36; 70; 66; 48; 25
24,52,0.11983,0.46154,76; 24; 85; 62; 10; 18; 52; 42; 75; 39
27,78,0.09741,0.34615,85; 27; 55; 80; 42; 28; 78; 44; 46; 46
20,69,0.10574,0.28986,53; 20; 17; 56; 57; 47; 69; 29; 60; 44
35,63,0.11432,0.55556,39; 35; 11; 29; 85; 15; 63; 68; 70; 12
64,80,0.08338,0.8,79; 64; 39; 60; 11; 75; 80; 84; 68; 62
29,82,0.09293,0.35366,19; 29; 40; 32; 14; 46; 82; 80; 30; 55
24,72,0.10944,0.33333,75; 24; 18; 31; 58; 42; 72; 10; 22; 73
26,53,0.12953,0.49057,20; 26; 64; 45; 15; 16; 53; 9; 50; 21
20,70,0.10297,0.28571,67; 20; 71; 34; 75; 39; 70; 73; 33; 13
22,66,0.10735,0.33333,49; 22; 83; 7; 17; 28; 66; 6; 26; 72
19,51,0.12901,0.37255,12; 19; 5; 12; 59; 37; 51; 28; 46; 62
5,21,0.10345,0.2381,57; 5; 42; 41; 15; 76; 21; 57; 18; 54
22,75,0.09865,0.29333,47; 22; 54; 85; 81; 84; 75; 37; 32; 19
46,80,0.09948,0.575,48; 46; 36; 53; 45; 68; 80; 84; 72; 9
8,33,0.13236,0.24242,18; 8; 45; 57; 68; 52; 33; 74; 54; 7
27,47,0.13562,0.57447,68; 27; 55; 40; 44; 82; 47; 33; 77; 45
39,70,0.10789,0.55714,13; 39; 34; 78; 37; 76; 70; 9; 20; 15
10,36,0.13659,0.27778,46; 10; 54; 20; 50; 28; 36; 15; 19; 31
9,37,0.14107,0.24324,51; 9; 65; 61; 31; 19; 37; 57; 82; 55
65,81,0.0815,0.80247,10; 65; 76; 15; 47; 27; 81; 47; 69; 72
17,52,0.12978,0.32692,33; 17; 19; 77; 5; 10; 52; 5; 53; 49
15,47,0.1292,0.31915,28; 15; 68; 56; 14; 72; 47; 55; 81; 25
24,69,0.10561,0.34783,21; 24; 67; 71; 63; 9; 69; 29; 49; 48
31,83,0.09161,0.37349,71; 31; 15; 65; 43; 68; 83; 63; 65; 80
16,58,0.11898,0.27586,27; 16; 44; 17; 82; 43; 58; 16; 45; 34
23,81,0.09761,0.28395,7; 23; 34; 22; 66; 22; 81; 11; 13; 41
27,32,0.13317,0.84375,41; 27; 46; 43; 56; 25; 32; 42; 69; 8
55,70,0.10317,0.78571,82; 55; 53; 45; 55; 13; 70; 60; 58; 60
15,60,0.11734,0.25,72; 15; 18; 41; 80; 44; 60; 54; 27; 41
23,63,0.11219,0.36508,5; 23; 29; 66; 44; 68; 63; 38; 12; 28
17,35,0.13228,0.48571,10; 17; 55; 28; 74; 20; 35; 32; 10; 12
22,59,0.11709,0.37288,79; 22; 64; 46; 71; 45; 59; 22; 61; 6
10,34,0.13119,0.29412,20; 10; 13; 77; 16; 57; 34; 43; 84; 48
30,85,0.10112,0.35294,5; 30; 40; 70; 55; 61; 85; 18; 41; 62
24,42,0.13296,0.57143,70; 24; 17; 21; 41; 16; 42; 61; 57; 10
70,81,0.07506,0.8642,65; 70; 64; 23; 45; 85; 81; 10; 46; 55
42,85,0.09538,0.49412,14; 42; 28; 59; 73; 27; 85; 28; 65; 17
31,67,0.1139,0.46269,8; 31; 54; 22; 69; 71; 67; 39; 11; 41
29,79,0.09923,0.36709,36; 29; 70; 69; 45; 81; 79; 9; 76; 49
22,59,0.11987,0.37288,52; 22; 10; 36; 84; 35; 59; 76; 54; 6
15,60,0.11557,0.25,14; 15; 66; 18; 26; 19; 60; 56; 16; 14
47,83,0.08907,0.56627,43; 47; 14; 24; 26; 84; 83; 30; 74; 30
20,57,0.1205,0.35088,26; 20; 22; 59; 68; 35; 57; 56; 28; 43
27,55,0.12505,0.49091,56; 27; 17; 72; 45; 30; 55; 50; 62; 31
15,41,0.13986,0.36585,59; 15; 28; 55; 32; 73; 41; 77; 6; 10
23,77,0.10267,0.2987,58; 23; 85; 21; 70; 45; 77; 38; 27; 26
64,74,0.08937,0.86486,69; 64; 30; 68; 32; 5; 74; 77; 16; 64
15,59,0.12353,0.25424,51; 15; 56; 55; 47; 77; 59; 59; 71; 30
30,61,0.12383,0.4918,49; 30; 46; 14; 21; 18; 61; 55; 5; 75
24,75,0.10405,0.32,39; 24; 62; 83; 13; 49; 75; 77; 31; 81
40,70,0.11336,0.57143,40; 40; 26; 22; 72; 48; 70; 27; 23; 31
14,56,0.1253,0.25,76; 14; 7; 7; 41; 42; 56; 22; 7; 20
25,85,0.09385,0.29412,73; 25; 49; 18; 28; 67; 85; 58; 22; 18
19,69,0.10446,0.27536,70; 19; 77; 56; 53; 57; 69; 48; 64; 84
8,14,0.14328,0.57143,42; 8; 23; 63; 37; 56; 14; 51; 13; 59
22,79,0.09972,0.27848,24; 22; 59; 19; 8; 31; 79; 69; 42; 38
63,73,0.09402,0.86301,8; 63; 20; 19; 64; 36; 73; 44; 11; 9
51,64,0.1119,0.79688,75; 51; 70; 13; 67; 44; 64; 16; 16; 19
39,80,0.10605,0.4875,64; 39; 62; 69; 66; 24; 80; 36; 84; 45
51,61,0.11513,0.83607,85; 51; 19; 85; 57; 35; 61; 64; 10; 53
18,63,0.11414,0.28571,34; 18; 60; 81; 62; 59; 63; 47; 80; 81
27,59,0.12016,0.45763,70; 27; 55; 50; 79; 75; 59; 44; 54; 71
17,61,0.11743,0.27869,24; 17; 58; 85; 71; 49; 61; 44; 49; 56
18,76,0.09478,0.23684,80; 18; 22; 40; 21; 51; 76; 44; 37; 76
41,72,0.10563,0.56944,43; 41; 70; 20; 47; 78; 72; 47; 32; 12
62,76,0.08856,0.81579,29; 62; 70; 8; 43; 82; 76; 29; 41; 69
29,59,0.12599,0.49153,24; 29; 45; 56; 75; 30; 59; 82; 58; 44
24,48,0.13097,0.5,17; 24; 71; 5; 83; 74; 48; 34; 46; 51
16,50,0.13267,0.32,84; 16; 55; 29; 8; 82; 50; 42; 44; 48
18,36,0.12887,0.5,77; 18; 8; 33; 23; 65; 36; 85; 83; 16
19,34,0.13011,0.55882,17; 19; 16; 24; 71; 15; 34; 52; 54; 67
27,81,0.09239,0.33333,66; 27; 27; 61; 84; 47; 81; 43; 73; 6
18,39,0.1393,0.46154,73; 18; 57; 39; 37; 32; 39; 36; 24; 77
19,69,0.11041,0.27536,73; 19; 70; 60; 7; 83; 69; 43; 31; 71
46,80,0.09485,0.575,61; 46; 61; 15; 19; 45; 80; 81; 51; 85
17,61,0.11783,0.27869,59; 17; 12; 14; 60; 22; 61; 77; 48; 10
24,49,0.13346,0.4898,18; 24; 82; 78; 72; 32; 49; 18; 57; 81
23,72,0.10599,0.31944,57; 23; 76; 72; 13; 7; 72; 39; 10; 25
10,27,0.13986,0.37037,66; 10; 84; 52; 7; 71; 27; 74; 44; 52
11,45,0.13751,0.24444,72; 11; 52; 34; 20; 34; 45; 41; 36; 21
22,39,0.13559,0.5641,25; 22; 33; 34; 52; 27; 39; 15; 12; 18
25,79,0.09915,0.31646,6; 25; 12; 55; 81; 28; 79; 22; 68; 26
14,44,0.13716,0.31818,36; 14; 76; 16; 7; 39; 44; 70; 83; 58
23,65,0.11169,0.35385,73; 23; 10; 10; 16; 16; 65; 63; 21; 78
32,70,0.11525,0.45714,54; 32; 39; 5; 21; 54; 70; 24; 29; 10
27,84,0.11345,0.32143,40; 27; 54; 26; 48; 78; 84; 53; 84; 84
27,77,0.10485,0.35065,34; 27; 72; 37; 37; 16; 77; 73; 75; 84
17,49,0.12778,0.34694,57; 17; 23; 63; 39; 30; 49; 66; 32; 28
67,78,0.08972,0.85897,26; 67; 66; 31; 49; 13; 78; 8; 74; 66
58,69,0.09835,0.84058,79; 58; 84; 65; 53; 27; 69; 77; 28; 65
22,80,0.09714,0.275,8; 22; 59; 62; 26; 82; 80; 79; 66; 75
30,81,0.09263,0.37037,24; 30; 68; 71; 39; 82; 81; 24; 56; 56
15,53,0.12863,0.28302,77; 15; 80; 22; 55; 59; 53; 45; 36; 24
8,33,0.13755,0.24242,45; 8; 16; 68; 46; 30; 33; 35; 68; 54
21,85,0.09685,0.24706,8; 21; 39; 47; 15; 27; 85; 13; 23; 5
36,64,0.1197,0.5625,44; 36; 65; 30; 44; 50; 64; 19; 54; 31
47,84,0.09579,0.55952,44; 47; 37; 46; 18; 78; 84; 19; 14; 39
47,82,0.09591,0.57317,83; 47; 33; 85; 28; 26; 82; 7; 81; 75
46,56,0.13252,0.82143,78; 46; 63; 44; 81; 20; 56; 68; 82; 66
47,59,0.12085,0.79661,26; 47; 35; 25; 50; 61; 59; 81; 76; 74
19,80,0.09773,0.2375,67; 19; 49; 76; 85; 46; 80; 35; 47; 63
24,82,0.1,0.29268,25; 24; 73; 71; 28; 21; 82; 28; 83; 24
10,27,0.13476,0.37037,21; 10; 27; 57; 78; 52; 27; 52; 77; 58
71,83,0.07671,0.85542,68; 71; 14; 43; 19; 83; 83; 50; 66; 24
30,53,0.12708,0.56604,85; 30; 75; 62; 34; 78; 53; 36; 70; 40
41,50,0.12816,0.82,9; 41; 10; 74; 7; 71; 50; 38; 18; 73
13,40,0.14089,0.325,30; 13; 48; 63; 54; 61; 40; 58; 21; 75
43,54,0.13423,0.7963,80; 43; 20; 69; 16; 55; 54; 77; 25; 15
8,27,0.13644,0.2963,55; 8; 36; 85; 84; 54; 27; 84; 28; 63
20,85,0.08131,0.23529,73; 20; 8; 48; 37; 36; 85; 76; 47; 85
15,41,0.14158,0.36585,49; 15; 30; 19; 62; 21; 41; 7; 58; 57
54,64,0.10965,0.84375,28; 54; 70; 70; 18; 39; 64; 55; 82; 48
10,41,0.14156,0.2439,8; 10; 85; 10; 24; 5; 41; 59; 53; 30
20,36,0.1299,0.55556,81; 20; 20; 6; 59; 37; 36; 73; 23; 7
14,17,0.13238,0.82353,5; 14; 58; 48; 74; 33; 17; 65; 34; 72
26,31,0.13059,0.83871,25; 26; 52; 72; 57; 48; 31; 30; 73; 32
20,81,0.0916,0.24691,50; 20; 85; 28; 82; 20; 81; 9; 62; 30
30,82,0.09415,0.36585,73; 30; 17; 85; 31; 15; 82; 68; 81; 16
8,33,0.14059,0.24242,85; 8; 85; 35; 5; 41; 33; 34; 73; 34
20,82,0.09291,0.2439,58; 20; 84; 40; 63; 65; 82; 41; 43; 31
41,50,0.13845,0.82,22; 41; 63; 30; 41; 26; 50; 26; 11; 65
20,40,0.13868,0.5,50; 20; 45; 70; 8; 49; 40; 6; 63; 60
9,27,0.14021,0.33333,49; 9; 22; 48; 83; 52; 27; 62; 75; 47
19,41,0.1346,0.46341,29; 19; 64; 33; 34; 33; 41; 33; 22; 70
23,40,0.13897,0.575,49; 23; 35; 78; 44; 72; 40; 18; 58; 69
39,85,0.09412,0.45882,9; 39; 66; 77; 6; 9; 85; 27; 5; 42
26,46,0.12885,0.56522,26; 26; 48; 8; 79; 77; 46; 47; 50; 74
19,65,0.11127,0.29231,69; 19; 15; 80; 40; 38; 65; 63; 77; 7
23,76,0.09937,0.30263,50; 23; 36; 67; 11; 83; 76; 72; 15; 82
36,63,0.11405,0.57143,15; 36; 40; 34; 40; 28; 63; 77; 69; 5
23,40,0.13469,0.575,22; 23; 46; 27; 31; 20; 40; 31; 69; 72
16,43,0.14573,0.37209,12; 16; 81; 61; 5; 50; 43; 33; 34; 29
55,64,0.11123,0.85938,36; 55; 38; 50; 14; 66; 64; 58; 34; 51
20,63,0.1106,0.31746,7; 20; 65; 31; 21; 63; 63; 65; 61; 80
32,39,0.13259,0.82051,52; 32; 5; 48; 78; 67; 39; 76; 72; 80
35,61,0.10909,0.57377,9; 35; 11; 51; 9; 81; 61; 26; 30; 49
16,54,0.12349,0.2963,60; 16; 33; 57; 16; 68; 54; 35; 60; 26
29,82,0.10182,0.35366,76; 29; 33; 83; 57; 41; 82; 40; 15; 21
71,83,0.07499,0.85542,78; 71; 49; 72; 62; 9; 83; 64; 78; 49
32,57,0.1238,0.5614,46; 32; 29; 26; 27; 43; 57; 23; 15; 40
48,57,0.11992,0.84211,35; 48; 13; 75; 27; 7; 57; 16; 44; 17
14,40,0.13882,0.35,25; 14; 48; 77; 23; 56; 40; 80; 85; 74
30,54,0.12884,0.55556,41; 30; 61; 48; 7; 60; 54; 36; 45; 37
18,51,0.12866,0.35294,52; 18; 30; 27; 36; 85; 51; 46; 42; 73
17,68,0.11293,0.25,77; 17; 11; 75; 84; 76; 68; 61; 9; 42
8,14,0.13387,0.57143,84; 8; 28; 76; 55; 78; 14; 74; 56; 78
61,77,0.08656,0.79221,56; 61; 32; 65; 68; 18; 77; 82; 83; 81
26,33,0.13554,0.78788,12; 26; 12; 62; 37; 79; 33; 23; 60; 28
43,77,0.0986,0.55844,62; 43; 62; 48; 80; 39; 77; 56; 21; 70
59,69,0.10037,0.85507,69; 59; 59; 62; 10; 55; 69; 79; 70; 26
18,21,0.1238,0.85714,28; 18; 78; 84; 55; 59; 21; 43; 37; 70
29,79,0.09571,0.36709,15; 29; 43; 53; 68; 9; 79; 66; 56; 70
15,43,0.13965,0.34884,47; 15; 30; 25; 82; 41; 43; 31; 20; 44
67,78,0.08733,0.85897,36; 67; 21; 68; 33; 9; 78; 52; 25; 30
21,57,0.12369,0.36842,82; 21; 49; 43; 56; 41; 57; 37; 24; 45
40,70,0.1017,0.57143,67; 40; 76; 25; 73; 48; 70; 20; 32; 17
69,80,0.07532,0.8625,82; 69; 47; 26; 17; 62; 80; 21; 7; 67
22,79,0.09489,0.27848,79; 22; 10; 57; 42; 68; 79; 57; 67; 51
58,71,0.09803,0.8169,60; 58; 16; 10; 18; 81; 71; 14; 80; 33
19,41,0.12987,0.46341,70; 19; 67; 11; 56; 42; 41; 22; 59; 38
7,21,0.12491,0.33333,19; 7; 67; 12; 39; 12; 21; 35; 78; 9
14,48,0.13262,0.29167,9; 14; 76; 36; 82; 5; 48; 67; 37; 26
20,36,0.12106,0.55556,17; 20; 43; 40; 6; 69; 36; 79; 13; 66
29,51,0.13525,0.56863,50; 29; 68; 34; 28; 8; 51; 5; 42; 68
61,73,0.09515,0.83562,24; 61; 6; 66; 80; 20; 73; 26; 30; 24
66,84,0.07838,0.78571,18; 66; 49; 53; 22; 58; 84; 42; 32; 48
44,55,0.13721,0.8,48; 44; 13; 35; 52; 48; 55; 49; 5; 10
73,85,0.07578,0.85882,31; 73; 64; 55; 10; 44; 85; 9; 68; 14
5,18,0.09619,0.27778,83; 5; 69; 17; 27; 35; 18; 12; 66; 17
20,72,0.10435,0.27778,38; 20; 76; 23; 22; 46; 72; 78; 72; 43
56,71,0.09976,0.78873,13; 56; 74; 37; 82; 15; 71; 7; 60; 13
14,42,0.14009,0.33333,11; 14; 84; 28; 73; 69; 42; 17; 59; 25
44,56,0.12031,0.78571,60; 44; 39; 32; 28; 71; 56; 43; 77; 64
22,39,0.12351,0.5641,45; 22; 19; 19; 51; 36; 39; 29; 41; 58
20,63,0.11198,0.31746,84; 20; 59; 57; 22; 34; 63; 32; 49; 63
41,83,0.09804,0.49398,73; 41; 34; 23; 56; 7; 83; 11; 61; 21
24,74,0.09846,0.32432,63; 24; 34; 11; 69; 37; 74; 46; 38; 71
69,80,0.07999,0.8625,77; 69; 12; 17; 54; 31; 80; 47; 45; 30
36,72,0.09971,0.5,55; 36; 37; 61; 77; 58; 72; 52; 71; 15
12,24,0.14365,0.5,81; 12; 11; 79; 85; 12; 24; 41; 53; 52
7,25,0.12372,0.28,48; 7; 12; 47; 42; 81; 25; 45; 70; 30
9,16,0.13977,0.5625,80; 9; 71; 63; 70; 22; 16; 73; 63; 10
18,76,0.09891,0.23684,28; 18; 38; 67; 68; 46; 76; 42; 47; 28
19,64,0.11001,0.29688,12; 19; 5; 46; 28; 68; 64; 38; 46; 80
24,80,0.10374,0.3,68; 24; 82; 33; 40; 39; 80; 19; 85; 44
71,85,0.07579,0.83529,31; 71; 35; 74; 9; 24; 85; 6; 43; 75
63,80,0.08099,0.7875,8; 63; 68; 52; 71; 34; 80; 64; 36; 79
41,50,0.1392,0.82,11; 41; 42; 37; 27; 47; 50; 80; 53; 48
11,46,0.1403,0.23913,24; 11; 7; 71; 16; 73; 46; 29; 40; 59
39,70,0.11448,0.55714,11; 39; 32; 56; 61; 72; 70; 54; 69; 85
8,29,0.13865,0.27586,79; 8; 71; 23; 81; 39; 29; 40; 50; 60
28,80,0.10503,0.35,14; 28; 68; 27; 33; 29; 80; 45; 52; 45
49,58,0.11925,0.84483,10; 49; 29; 15; 71; 21; 58; 23; 8; 66
60,73,0.09431,0.82192,39; 60; 38; 24; 19; 82; 73; 76; 72; 79
13,54,0.13112,0.24074,82; 13; 29; 71; 25; 54; 54; 82; 44; 17
13,28,0.13628,0.46429,82; 13; 59; 23; 10; 82; 28; 50; 25; 28
23,83,0.09382,0.27711,30; 23; 38; 18; 59; 18; 83; 28; 55; 60
33,71,0.10065,0.46479,41; 33; 42; 80; 81; 65; 71; 68; 73; 10
67,78,0.08772,0.85897,40; 67; 9; 15; 23; 21; 78; 30; 63; 50
21,60,0.11247,0.35,73; 21; 63; 56; 82; 53; 60; 31; 27; 61
33,72,0.09901,0.45833,32; 33; 62; 24; 19; 72; 72; 28; 73; 26
33,59,0.12193,0.55932,84; 33; 77; 77; 77; 38; 59; 59; 5; 74
25,84,0.09109,0.29762,10; 25; 65; 58; 28; 64; 84; 83; 53; 64
27,32,0.12956,0.84375,26; 27; 45; 14; 17; 31; 32; 56; 55; 79
41,82,0.09208,0.5,85; 41; 51; 9; 60; 17; 82; 66; 33; 68
17,34,0.13205,0.5,5; 17; 61; 57; 69; 45; 34; 58; 66; 11
44,55,0.12983,0.8,50; 44; 45; 79; 12; 47; 55; 69; 45; 56
28,81,0.09542,0.34568,80; 28; 40; 45; 13; 68; 81; 72; 79; 13
41,51,0.12355,0.80392,13; 41; 22; 35; 56; 36; 51; 20; 14; 69
56,68,0.10249,0.82353,35; 56; 75; 78; 74; 21; 68; 52; 61; 7
43,77,0.10113,0.55844,84; 43; 82; 26; 23; 52; 77; 65; 69; 59
26,80,0.10192,0.325,18; 26; 35; 20; 23; 52; 80; 47; 43; 25
22,67,0.11586,0.32836,51; 22; 40; 80; 68; 83; 67; 41; 44; 55
22,60,0.11382,0.36667,67; 22; 53; 83; 24; 32; 60; 52; 22; 70
9,36,0.13605,0.25,25; 9; 49; 71; 17; 36; 36; 20; 71; 82
15,52,0.12841,0.28846,60; 15; 40; 36; 12; 67; 52; 6; 47; 73
20,66,0.11321,0.30303,35; 20; 41; 78; 24; 60; 66; 50; 45; 54
59,75,0.09072,0.78667,52; 59; 15; 68; 47; 45; 75; 14; 21; 44
29,58,0.12682,0.5,75; 29; 74; 12; 42; 55; 58; 62; 85; 54
23,82,0.09466,0.28049,33; 23; 73; 20; 55; 22; 82; 39; 32; 81
35,62,0.11153,0.56452,6; 35; 69; 81; 71; 48; 62; 69; 77; 53
31,63,0.11454,0.49206,40; 31; 71; 46; 62; 54; 63; 58; 41; 30
43,54,0.13895,0.7963,28; 43; 24; 56; 18; 50; 54; 54; 45; 62
19,38,0.13257,0.5,32; 19; 70; 25; 16; 63; 38; 74; 73; 82
13,53,0.12937,0.24528,64; 13; 18; 50; 68; 47; 53; 32; 42; 72
22,28,0.12776,0.78571,60; 22; 57; 37; 59; 50; 28; 47; 59; 12
15,45,0.13372,0.33333,72; 15; 75; 16; 69; 63; 45; 41; 60; 18
17,68,0.1142,0.25,60; 17; 14; 52; 83; 30; 68; 76; 33; 32
44,78,0.10794,0.5641,43; 44; 81; 20; 47; 15; 78; 13; 36; 18
19,67,0.10899,0.28358,17; 19; 53; 84; 7; 26; 67; 78; 59; 55
31,36,0.13172,0.86111,17; 31; 48; 82; 59; 32; 36; 22; 5; 32
41,72,0.10886,0.56944,33; 41; 66; 64; 59; 68; 72; 33; 64; 66
36,78,0.10736,0.46154,72; 36; 60; 20; 48; 14; 78; 81; 27; 43
33,58,0.11704,0.56897,74; 33; 18; 49; 76; 52; 58; 17; 56; 68
39,78,0.10885,0.5,37; 39; 54; 83; 19; 71; 78; 28; 45; 10
20,83,0.09136,0.24096,71; 20; 32; 16; 11; 10; 83; 71; 65; 34
33,67,0.10751,0.49254,56; 33; 62; 55; 11; 28; 67; 47; 46; 62
19,77,0.09663,0.24675,69; 19; 37; 32; 71; 24; 77; 65; 40; 50
31,37,0.13967,0.83784,85; 31; 29; 20; 19; 69; 37; 6; 47; 69
26,31,0.13325,0.83871,26; 26; 56; 49; 12; 44; 31; 58; 39; 62
18,54,0.12817,0.33333,7; 18; 60; 60; 62; 72; 54; 18; 76; 9
71,85,0.07294,0.83529,49; 71; 12; 17; 19; 30; 85; 32; 10; 41
18,21,0.1274,0.85714,75; 18; 53; 60; 32; 31; 21; 50; 42; 28
27,73,0.10845,0.36986,41; 27; 32; 14; 53; 32; 73; 29; 12; 27
28,49,0.12568,0.57143,9; 28; 78; 44; 56; 83; 49; 45; 42; 60
33,58,0.12308,0.56897,39; 33; 67; 54; 11; 36; 58; 38; 24; 68
25,75,0.10898,0.33333,68; 25; 19; 35; 77; 54; 75; 10; 19; 11
16,66,0.11404,0.24242,52; 16; 16; 36; 38; 30; 66; 23; 34; 55
30,61,0.12575,0.4918,44; 30; 81; 13; 82; 40; 61; 67; 64; 42
29,84,0.0948,0.34524,26; 29; 46; 45; 28; 9; 84; 31; 31; 35
10,42,0.15107,0.2381,11; 10; 47; 64; 68; 81; 42; 56; 34; 78
38,82,0.09084,0.46341,22; 38; 31; 77; 76; 34; 82; 11; 46; 82
16,46,0.13859,0.34783,28; 16; 29; 85; 23; 41; 46; 23; 11; 13
13,51,0.12496,0.2549,40; 13; 32; 60; 29; 24; 51; 27; 82; 48
18,76,0.10196,0.23684,55; 18; 20; 9; 44; 57; 76; 26; 62; 11
39,79,0.09929,0.49367,23; 39; 35; 9; 54; 22; 79; 31; 62; 78
23,40,0.1301,0.575,75; 23; 45; 53; 46; 31; 40; 51; 59; 28
9,32,0.13695,0.28125,26; 9; 28; 57; 38; 81; 32; 61; 43; 50
15,46,0.13295,0.32609,32; 15; 73; 62; 15; 68; 46; 33; 73; 84
45,55,0.13053,0.81818,31; 45; 77; 30; 68; 12; 55; 77; 19; 38
6,25,0.12084,0.24,15; 6; 7; 39; 53; 16; 25; 44; 22; 51
51,62,0.11426,0.82258,42; 51; 31; 61; 49; 68; 62; 41; 11; 15
47,56,0.12565,0.83929,35; 47; 72; 81; 31; 15; 56; 76; 63; 23
30,81,0.09744,0.37037,10; 30; 28; 23; 6; 8; 81; 40; 5; 63
28,85,0.09324,0.32941,29; 28; 47; 58; 20; 78; 85; 36; 21; 79
23,71,0.10609,0.32394,9; 23; 8; 11; 46; 44; 71; 73; 46; 59
32,38,0.12538,0.84211,12; 32; 75; 24; 14; 38; 38; 8; 12; 76
24,82,0.09671,0.29268,33; 24; 67; 33; 67; 28; 82; 64; 36; 11
46,82,0.10076,0.56098,57; 46; 42; 63; 26; 56; 82; 16; 76; 43
24,65,0.11546,0.36923,75; 24; 44; 63; 84; 15; 65; 71; 39; 31
28,79,0.09434,0.35443,58; 28; 8; 81; 69; 55; 79; 62; 7; 51
38,77,0.099,0.49351,68; 38; 81; 64; 37; 26; 77; 17; 19; 9
70,85,0.0784,0.82353,77; 70; 45; 31; 65; 81; 85; 77; 59; 63
28,56,0.13068,0.5,35; 28; 10; 67; 77; 43; 56; 58; 16; 80
44,79,0.09177,0.55696,65; 44; 18; 14; 31; 62; 79; 28; 77; 8
61,73,0.09252,0.83562,31; 61; 6; 58; 7; 23; 73; 50; 66; 83
15,54,0.12789,0.27778,81; 15; 28; 60; 29; 14; 54; 64; 26; 66
27,47,0.13846,0.57447,11; 27; 23; 21; 52; 82; 47; 40; 18; 42
50,58,0.11715,0.86207,30; 50; 9; 60; 85; 80; 58; 82; 31; 82
16,67,0.11487,0.23881,30; 16; 36; 60; 73; 52; 67; 63; 45; 41
21,43,0.1302,0.48837,68; 21; 42; 66; 16; 20; 43; 6; 58; 73
71,83,0.07746,0.85542,42; 71; 68; 26; 50; 82; 83; 51; 34; 21
33,67,0.10823,0.49254,73; 33; 62; 43; 28; 51; 67; 74; 35; 76
21,84,0.09223,0.25,41; 21; 10; 82; 32; 68; 84; 61; 53; 55
12,43,0.13698,0.27907,80; 12; 31; 22; 38; 18; 43; 68; 72; 66
6,25,0.11222,0.24,50; 6; 75; 33; 64; 82; 25; 32; 31; 85
15,61,0.11529,0.2459,69; 15; 77; 7; 74; 28; 61; 7; 21; 45
38,76,0.10075,0.5,56; 38; 65; 55; 45; 34; 76; 79; 6; 10
15,63,0.11807,0.2381,31; 15; 85; 13; 55; 68; 63; 14; 47; 46
13,44,0.14098,0.29545,78; 13; 68; 11; 15; 10; 44; 78; 82; 49
31,36,0.13731,0.86111,52; 31; 27; 6; 20; 68; 36; 20; 72; 37
7,20,0.12117,0.35,12; 7; 10; 44; 44; 34; 20; 15; 45; 75
24,81,0.09792,0.2963,75; 24; 81; 36; 40; 7; 81; 69; 64; 26
38,83,0.09921,0.45783,71; 38; 56; 64; 39; 57; 83; 68; 65; 66
19,41,0.13485,0.46341,10; 19; 29; 17; 79; 60; 41; 31; 71; 63
32,38,0.1452,0.84211,17; 32; 60; 74; 46; 27; 38; 26; 21; 65
58,73,0.09601,0.79452,59; 58; 52; 64; 43; 23; 73; 46; 35; 45
25,67,0.11562,0.37313,75; 25; 20; 29; 30; 68; 67; 63; 70; 69
25,79,0.10247,0.31646,30; 25; 55; 41; 29; 71; 79; 6; 80; 22
36,64,0.1159,0.5625,30; 36; 23; 46; 77; 67; 64; 66; 48; 5
28,75,0.10242,0.37333,43; 28; 59; 15; 17; 66; 75; 21; 37; 12
27,73,0.1062,0.36986,21; 27; 68; 82; 74; 56; 73; 82; 73; 20
19,38,0.13252,0.5,26; 19; 24; 50; 8; 37; 38; 29; 73; 72
12,14,0.13686,0.85714,79; 12; 38; 23; 72; 5; 14; 66; 5; 63
62,74,0.08635,0.83784,75; 62; 22; 25; 51; 64; 74; 85; 80; 39
49,60,0.11967,0.81667,57; 49; 47; 64; 31; 27; 60; 35; 29; 35
19,78,0.09789,0.24359,62; 19; 10; 60; 22; 56; 78; 37; 62; 78
16,66,0.11096,0.24242,22; 16; 7; 70; 54; 74; 66; 65; 52; 41
30,53,0.12609,0.56604,35; 30; 77; 26; 43; 16; 53; 79; 83; 15
57,68,0.09701,0.83824,76; 57; 55; 42; 31; 82; 68; 45; 53; 52
15,43,0.13731,0.34884,67; 15; 81; 50; 61; 38; 43; 37; 62; 7
31,37,0.1325,0.83784,29; 31; 12; 12; 52; 46; 37; 73; 78; 39
58,71,0.09423,0.8169,5; 58; 67; 59; 47; 17; 71; 39; 72; 13
6,7,0.10695,0.85714,70; 6; 82; 57; 53; 15; 7; 43; 7; 34
11,24,0.13888,0.45833,83; 11; 46; 54; 73; 50; 24; 29; 40; 39
34,74,0.10447,0.45946,64; 34; 71; 56; 9; 33; 74; 69; 63; 10
39,80,0.098,0.4875,19; 39; 28; 19; 28; 47; 80; 84; 35; 72
11,39,0.13659,0.28205,69; 11; 72; 81; 60; 74; 39; 62; 79; 68
49,61,0.11913,0.80328,80; 49; 67; 36; 17; 38; 61; 41; 57; 49
54,66,0.1101,0.81818,49; 54; 50; 26; 21; 28; 66; 10; 69; 63
56,68,0.10518,0.82353,46; 56; 31; 81; 45; 9; 68; 35; 64; 54
16,48,0.12844,0.33333,73; 16; 19; 5; 9; 52; 48; 34; 62; 47
32,70,0.10507,0.45714,40; 32; 41; 52; 31; 33; 70; 69; 35; 24
32,37,0.13022,0.86486,72; 32; 20; 38; 49; 76; 37; 14; 13; 81
46,81,0.10376,0.5679,61; 46; 41; 35; 32; 12; 81; 59; 36; 39
36,72,0.11244,0.5,9; 36; 12; 56; 23; 25; 72; 50; 80; 39
34,69,0.10873,0.49275,15; 34; 27; 84; 79; 15; 69; 66; 82; 20
38,78,0.09914,0.48718,78; 38; 66; 44; 41; 22; 78; 42; 35; 38
20,41,0.12995,0.4878,22; 20; 15; 63; 68; 45; 41; 58; 28; 10
34,68,0.11067,0.5,32; 34; 49; 9; 14; 52; 68; 83; 76; 19
10,27,0.14415,0.37037,76; 10; 8; 43; 35; 62; 27; 54; 63; 7
14,47,0.13173,0.29787,32; 14; 18; 71; 12; 85; 47; 73; 59; 61
32,70,0.10812,0.45714,24; 32; 50; 83; 73; 84; 70; 33; 79; 84
26,81,0.10026,0.32099,29; 26; 69; 79; 13; 56; 81; 11; 58; 5
40,82,0.10013,0.4878,66; 40; 62; 11; 33; 14; 82; 12; 79; 16
8,16,0.1312,0.5,8; 8; 29; 31; 48; 42; 16; 8; 39; 68
27,55,0.11923,0.49091,73; 27; 63; 36; 31; 8; 55; 23; 6; 52
29,84,0.0828,0.34524,55; 29; 45; 24; 42; 68; 84; 14; 28; 46
21,37,0.13747,0.56757,43; 21; 5; 85; 81; 8; 37; 15; 71; 48
58,71,0.0928,0.8169,29; 58; 36; 78; 26; 70; 71; 63; 43; 64
13,28,0.13511,0.46429,19; 13; 46; 54; 18; 26; 28; 47; 21; 78
19,34,0.13155,0.55882,5; 19; 73; 35; 54; 15; 34; 65; 26; 54
63,73,0.08622,0.86301,55; 63; 66; 32; 46; 51; 73; 59; 54; 49
23,28,0.13517,0.82143,84; 23; 26; 49; 36; 69; 28; 62; 44; 45
15,60,0.12143,0.25,52; 15; 85; 63; 73; 85; 60; 50; 28; 44
15,63,0.1093,0.2381,30; 15; 19; 13; 30; 32; 63; 52; 50; 31
47,59,0.12515,0.79661,76; 47; 10; 29; 17; 63; 59; 48; 46; 50
54,63,0.10787,0.85714,79; 54; 46; 17; 62; 70; 63; 84; 74; 27
59,72,0.09223,0.81944,34; 59; 27; 78; 45; 77; 72; 22; 23; 36
40,81,0.10301,0.49383,8; 40; 71; 7; 18; 56; 81; 68; 6; 45
51,59,0.11381,0.86441,54; 51; 32; 48; 45; 38; 59; 32; 50; 66
40,70,0.10719,0.57143,53; 40; 76; 78; 34; 48; 70; 64; 74; 43
29,82,0.10504,0.35366,50; 29; 42; 78; 18; 82; 82; 27; 65; 40
10,40,0.13282,0.25,71; 10; 28; 24; 31; 53; 40; 49; 35; 29
36,74,0.10707,0.48649,32; 36; 17; 33; 38; 67; 74; 54; 63; 48
46,80,0.09539,0.575,51; 46; 17; 27; 41; 9; 80; 35; 45; 26
40,71,0.10703,0.56338,10; 40; 48; 33; 8; 51; 71; 65; 74; 9
28,84,0.10209,0.33333,43; 28; 83; 85; 28; 81; 84; 32; 77; 60
17,48,0.13254,0.35417,23; 17; 29; 61; 40; 66; 48; 76; 59; 42
36,45,0.13353,0.8,80; 36; 52; 42; 62; 39; 45; 16; 53; 71
9,26,0.14449,0.34615,6; 9; 12; 59; 60; 54; 26; 57; 69; 27
40,50,0.12678,0.8,20; 40; 54; 69; 70; 64; 50; 72; 51; 43
38,44,0.13581,0.86364,53; 38; 54; 44; 41; 59; 44; 18; 22; 44
16,54,0.12829,0.2963,49; 16; 50; 6; 52; 59; 54; 45; 7; 73
69,82,0.07924,0.84146,13; 69; 55; 38; 69; 56; 82; 22; 8; 81
45,57,0.1248,0.78947,67; 45; 13; 34; 75; 74; 57; 54; 69; 54
9,28,0.14811,0.32143,83; 9; 6; 51; 78; 55; 28; 37; 12; 53
17,30,0.13178,0.56667,53; 17; 49; 42; 15; 44; 30; 33; 19; 10
60,75,0.09521,0.8,71; 60; 68; 74; 52; 82; 75; 65; 26; 68
19,65,0.11474,0.29231,5; 19; 62; 59; 78; 48; 65; 72; 68; 29
13,40,0.12993,0.325,48; 13; 67; 54; 10; 76; 40; 6; 28; 28
27,59,0.12137,0.45763,55; 27; 83; 85; 62; 10; 59; 42; 57; 47
28,49,0.13253,0.57143,26; 28; 67; 66; 70; 72; 49; 32; 83; 27
7,19,0.12507,0.36842,67; 7; 67; 61; 53; 81; 19; 48; 70; 37
49,57,0.12134,0.85965,58; 49; 11; 52; 83; 74; 57; 21; 45; 80
17,37,0.13242,0.45946,54; 17; 10; 5; 40; 40; 37; 64; 24; 10
13,44,0.13815,0.29545,78; 13; 50; 62; 35; 33; 44; 52; 32; 67
43,77,0.10381,0.55844,14; 43; 84; 70; 12; 53; 77; 22; 38; 39
15,59,0.12115,0.25424,76; 15; 61; 73; 9; 30; 59; 13; 5; 69
31,36,0.14035,0.86111,36; 31; 23; 56; 8; 54; 36; 13; 60; 72
7,29,0.12611,0.24138,26; 7; 35; 34; 17; 8; 29; 61; 36; 5
11,37,0.14054,0.2973,26; 11; 51; 71; 15; 28; 37; 5; 52; 22
46,80,0.09919,0.575,59; 46; 48; 17; 41; 8; 80; 57; 14; 45
15,53,0.12773,0.28302,76; 15; 34; 58; 66; 45; 53; 75; 56; 32
14,55,0.12063,0.25455,26; 14; 48; 70; 12; 5; 55; 51; 61; 21
27,54,0.13712,0.5,13; 27; 34; 56; 12; 73; 54; 61; 81; 70
46,56,0.12213,0.82143,81; 46; 21; 71; 10; 73; 56; 23; 63; 31
21,76,0.09621,0.27632,33; 21; 20; 78; 10; 65; 76; 75; 44; 5
8,29,0.14002,0.27586,66; 8; 31; 18; 23; 67; 29; 60; 85; 14
37,65,0.11835,0.56923,76; 37; 22; 6; 46; 6; 65; 62; 68; 16
28,79,0.10819,0.35443,45; 28; 32; 64; 10; 55; 79; 60; 10; 81
70,85,0.07413,0.82353,54; 70; 13; 27; 44; 15; 85; 60; 42; 44
37,74,0.10554,0.5,13; 37; 5; 26; 58; 38; 74; 45; 38; 80
11,45,0.13661,0.24444,29; 11; 47; 39; 58; 49; 45; 5; 28; 5
40,50,0.13056,0.8,31; 40; 56; 22; 80; 10; 50; 31; 82; 51
28,57,0.12512,0.49123,52; 28; 57; 9; 56; 83; 57; 83; 5; 34
24,79,0.09684,0.3038,47; 24; 15; 34; 82; 81; 79; 29; 69; 43
64,74,0.08795,0.86486,24; 64; 70; 31; 84; 69; 74; 68; 29; 47
36,63,0.11947,0.57143,83; 36; 57; 18; 12; 77; 63; 35; 35; 9
19,51,0.12585,0.37255,85; 19; 67; 40; 60; 82; 51; 82; 14; 11
31,83,0.09412,0.37349,22; 31; 79; 24; 18; 31; 83; 8; 50; 12
59,70,0.09328,0.84286,43; 59; 19; 23; 76; 55; 70; 67; 48; 56
13,35,0.13604,0.37143,8; 13; 48; 56; 80; 27; 35; 31; 19; 29
54,68,0.10014,0.79412,30; 54; 26; 61; 6; 52; 68; 44; 8; 72
16,65,0.11321,0.24615,13; 16; 35; 23; 83; 57; 65; 17; 70; 39
21,65,0.10652,0.32308,73; 21; 38; 52; 22; 18; 65; 11; 17; 62
12,41,0.14122,0.29268,43; 12; 60; 64; 16; 51; 41; 24; 85; 70
19,76,0.09638,0.25,72; 19; 51; 83; 69; 72; 76; 26; 5; 59
52,62,0.11321,0.83871,13; 52; 15; 9; 69; 20; 62; 20; 34; 12
8,32,0.13591,0.25,56; 8; 41; 56; 49; 56; 32; 6; 25; 36
44,78,0.10068,0.5641,13; 44; 10; 47; 43; 28; 78; 7; 24; 62
29,78,0.09912,0.37179,62; 29; 67; 30; 40; 10; 78; 7; 56; 9
31,54,0.13931,0.57407,22; 31; 68; 60; 5; 33; 54; 76; 51; 49
61,74,0.0888,0.82432,57; 61; 39; 73; 44; 53; 74; 59; 83; 73
26,71,0.1091,0.3662,36; 26; 24; 45; 61; 62; 71; 56; 25; 65
10,30,0.13725,0.33333,75; 10; 67; 62; 57; 72; 30; 10; 43; 85
34,43,0.14,0.7907,62; 34; 11; 30; 24; 23; 43; 74; 40; 27
21,73,0.10117,0.28767,58; 21; 26; 10; 69; 44; 73; 17; 24; 63
11,14,0.13379,0.78571,68; 11; 58; 15; 13; 5; 14; 58; 14; 82
19,55,0.12189,0.34545,9; 19; 77; 65; 46; 54; 55; 77; 84; 47
33,58,0.12513,0.56897,59; 33; 37; 10; 26; 33; 58; 8; 78; 37
22,77,0.09297,0.28571,82; 22; 26; 53; 54; 57; 77; 23; 13; 73
12,26,0.14028,0.46154,46; 12; 9; 70; 30; 37; 26; 15; 78; 48
56,67,0.09997,0.83582,76; 56; 37; 84; 60; 68; 67; 59; 46; 46
11,38,0.13898,0.28947,52; 11; 68; 60; 35; 15; 38; 13; 52; 84
18,37,0.13842,0.48649,53; 18; 47; 5; 58; 74; 37; 77; 60; 85
47,59,0.12212,0.79661,43; 47; 69; 76; 29; 76; 59; 48; 38; 57
21,72,0.10043,0.29167,29; 21; 29; 40; 65; 45; 72; 78; 38; 81
28,79,0.1025,0.35443,9; 28; 24; 75; 8; 17; 79; 85; 14; 35
28,84,0.09277,0.33333,32; 28; 43; 25; 78; 64; 84; 11; 32; 9
12,40,0.13851,0.3,58; 12; 31; 45; 45; 27; 40; 84; 19; 28
71,83,0.07576,0.85542,64; 71; 38; 78; 5; 50; 83; 20; 37; 35
16,68,0.10922,0.23529,77; 16; 20; 58; 34; 82; 68; 32; 42; 62
36,72,0.10461,0.5,85; 36; 78; 25; 36; 52; 72; 14; 70; 31
64,81,0.08387,0.79012,57; 64; 12; 71; 9; 17; 81; 12; 64; 7
21,83,0.10033,0.25301,15; 21; 5; 77; 51; 45; 83; 83; 84; 60
27,82,0.09621,0.32927,20; 27; 26; 46; 61; 41; 82; 11; 54; 62
28,35,0.13091,0.8,76; 28; 34; 64; 26; 33; 35; 42; 79; 15
37,46,0.13908,0.80435,66; 37; 58; 84; 42; 68; 46; 22; 9; 27
38,68,0.1042,0.55882,67; 38; 12; 81; 40; 27; 68; 16; 76; 73
5,9,0.11117,0.55556,69; 5; 57; 45; 33; 29; 9; 48; 45; 35
56,67,0.10302,0.83582,79; 56; 20; 66; 71; 29; 67; 27; 27; 83
18,60,0.11936,0.3,60; 18; 75; 16; 73; 71; 60; 78; 67; 13
32,57,0.11989,0.5614,46; 32; 72; 43; 83; 58; 57; 81; 77; 36
25,71,0.11361,0.35211,9; 25; 10; 52; 38; 36; 71; 82; 40; 55
63,80,0.08015,0.7875,49; 63; 27; 41; 66; 49; 80; 8; 62; 57
25,71,0.10486,0.35211,14; 25; 57; 32; 64; 41; 71; 49; 77; 40
20,66,0.10633,0.30303,39; 20; 12; 62; 83; 12; 66; 82; 27; 82
37,65,0.11294,0.56923,63; 37; 81; 71; 21; 37; 65; 63; 82; 20
26,78,0.10105,0.33333,66; 26; 8; 77; 11; 81; 78; 14; 61; 67
58,69,0.09772,0.84058,53; 58; 85; 48; 63; 65; 69; 43; 23; 61
13,37,0.13838,0.35135,70; 13; 32; 46; 28; 72; 37; 57; 64; 54
28,49,0.13463,0.57143,25; 28; 39; 79; 75; 28; 49; 20; 7; 62
7,28,0.12569,0.25,15; 7; 28; 66; 28; 76; 28; 25; 17; 22
37,65,0.1148,0.56923,30; 37; 63; 26; 82; 12; 65; 48; 85; 21
47,83,0.09472,0.56627,6; 47; 48; 36; 51; 53; 83; 33; 53; 72
24,28,0.13525,0.85714,66; 24; 37; 63; 19; 34; 28; 44; 63; 67
7,24,0.11907,0.29167,27; 7; 14; 43; 53; 22; 24; 50; 18; 46
39,84,0.10112,0.46429,37; 39; 82; 10; 48; 5; 84; 13; 37; 71
30,38,0.14348,0.78947,71; 30; 32; 19; 52; 71; 38; 75; 35; 36
46,81,0.09846,0.5679,25; 46; 77; 61; 23; 67; 81; 64; 46; 81
18,39,0.13574,0.46154,21; 18; 42; 58; 29; 32; 39; 70; 55; 57
20,62,0.11349,0.32258,64; 20; 15; 78; 72; 35; 62; 36; 85; 57
6,18,0.11045,0.33333,24; 6; 58; 10; 45; 25; 18; 84; 20; 33
24,84,0.0896,0.28571,10; 24; 50; 72; 13; 56; 84; 23; 66; 61
67,80,0.07811,0.8375,75; 67; 20; 22; 27; 69; 80; 61; 73; 53
12,40,0.13284,0.3,27; 12; 76; 17; 15; 14; 40; 19; 64; 61
26,71,0.10435,0.3662,16; 26; 13; 24; 13; 40; 71; 53; 75; 49
17,71,0.10349,0.23944,36; 17; 20; 56; 8; 32; 71; 20; 61; 75
12,14,0.13534,0.85714,11; 12; 7; 19; 60; 77; 14; 47; 20; 10
37,65,0.11357,0.56923,51; 37; 75; 63; 39; 26; 65; 45; 72; 25
15,54,0.13413,0.27778,16; 15; 71; 58; 52; 32; 54; 14; 78; 19
64,80,0.08333,0.8,58; 64; 19; 38; 17; 31; 80; 10; 14; 5
6,20,0.11256,0.3,65; 6; 54; 8; 74; 17; 20; 79; 47; 43
20,81,0.09896,0.24691,47; 20; 19; 20; 55; 65; 81; 25; 61; 47
26,70,0.11106,0.37143,77; 26; 63; 52; 29; 82; 70; 33; 82; 11
13,40,0.14136,0.325,79; 13; 60; 41; 57; 16; 40; 51; 66; 39
13,47,0.13447,0.2766,57; 13; 68; 82; 27; 57; 47; 26; 63; 54
35,62,0.10382,0.56452,30; 35; 76; 46; 71; 53; 62; 62; 60; 69
19,52,0.12882,0.36538,61; 19; 66; 12; 42; 12; 52; 5; 25; 50
15,27,0.14569,0.55556,85; 15; 29; 12; 42; 43; 27; 42; 17; 11
62,76,0.0867,0.81579,63; 62; 46; 29; 19; 15; 76; 44; 25; 36
23,73,0.1087,0.31507,23; 23; 16; 35; 24; 64; 73; 75; 65; 64
23,78,0.09467,0.29487,37; 23; 51; 83; 82; 61; 78; 23; 6; 59
19,52,0.12467,0.36538,13; 19; 16; 43; 28; 42; 52; 82; 82; 12
23,46,0.13451,0.5,75; 23; 55; 32; 72; 30; 46; 69; 17; 22
31,84,0.08901,0.36905,38; 31; 37; 48; 65; 7; 84; 85; 58; 34
10,42,0.13951,0.2381,17; 10; 73; 69; 73; 26; 42; 83; 23; 34
13,37,0.13334,0.35135,56; 13; 34; 26; 10; 12; 37; 21; 25; 29
8,34,0.13133,0.23529,15; 8; 58; 19; 77; 49; 34; 71; 81; 63
14,48,0.12907,0.29167,55; 14; 39; 80; 85; 70; 48; 8; 29; 8
20,79,0.1008,0.25316,68; 20; 39; 38; 77; 81; 79; 57; 48; 49
25,78,0.10453,0.32051,56; 25; 68; 69; 15; 10; 78; 60; 81; 59
22,28,0.138,0.78571,59; 22; 34; 21; 84; 14; 28; 50; 26; 56
22,63,0.11373,0.34921,68; 22; 64; 28; 69; 48; 63; 15; 45; 68
65,82,0.07728,0.79268,11; 65; 28; 76; 11; 34; 82; 34; 44; 37
30,65,0.1178,0.46154,43; 30; 85; 27; 69; 60; 65; 50; 18; 82
62,78,0.085,0.79487,72; 62; 46; 14; 47; 22; 78; 14; 14; 33
22,62,0.1159,0.35484,46; 22; 46; 21; 6; 21; 62; 84; 66; 46
17,37,0.12975,0.45946,25; 17; 6; 17; 14; 14; 37; 47; 71; 84
6,13,0.1149,0.46154,25; 6; 41; 20; 11; 16; 13; 10; 15; 64
34,43,0.1314,0.7907,82; 34; 31; 65; 39; 5; 43; 32; 9; 12
22,74,0.10103,0.2973,47; 22; 17; 13; 56; 16; 74; 60; 19; 52
22,62,0.11534,0.35484,46; 22; 71; 44; 18; 6; 62; 37; 11; 25
45,55,0.12468,0.81818,43; 45; 35; 53; 18; 44; 55; 51; 56; 21
13,51,0.1332,0.2549,20; 13; 14; 20; 81; 17; 51; 28; 25; 30
51,62,0.11934,0.82258,20; 51; 5; 78; 69; 81; 62; 14; 70; 14
36,45,0.13651,0.8,72; 36; 81; 14; 39; 7; 45; 62; 10; 24
8,25,0.15339,0.32,16; 8; 73; 54; 74; 73; 25; 25; 11; 16
17,53,0.12025,0.32075,57; 17; 56; 23; 69; 71; 53; 11; 18; 21
23,81,0.09737,0.28395,11; 23; 76; 29; 40; 80; 81; 19; 77; 8
23,63,0.11764,0.36508,68; 23; 37; 37; 34; 59; 63; 48; 48; 32
34,61,0.12061,0.55738,47; 34; 39; 15; 20; 81; 61; 14; 71; 60
33,68,0.11485,0.48529,12; 33; 9; 21; 9; 10; 68; 74; 75; 52
24,69,0.1144,0.34783,43; 24; 5; 84; 9; 45; 69; 35; 67; 58
21,69,0.10942,0.30435,39; 21; 25; 6; 8; 13; 69; 81; 26; 81
14,56,0.12642,0.25,21; 14; 39; 36; 81; 36; 56; 5; 22; 59
67,85,0.07851,0.78824,11; 67; 58; 25; 41; 37; 85; 82; 6; 71
18,49,0.12716,0.36735,59; 18; 17; 71; 58; 82; 49; 12; 72; 68
23,79,0.10175,0.29114,38; 23; 15; 67; 35; 59; 79; 28; 72; 38
19,60,0.11454,0.31667,6; 19; 21; 75; 27; 10; 60; 79; 72; 69
27,54,0.13197,0.5,84; 27; 33; 74; 13; 70; 54; 34; 15; 9
44,51,0.13211,0.86275,52; 44; 29; 46; 39; 64; 51; 39; 47; 49
14,47,0.1384,0.29787,22; 14; 16; 8; 45; 73; 47; 9; 12; 39
46,55,0.12811,0.83636,59; 46; 68; 40; 31; 70; 55; 82; 82; 25
19,64,0.11182,0.29688,36; 19; 31; 66; 24; 37; 64; 6; 29; 34
11,38,0.14481,0.28947,16; 11; 73; 8; 56; 68; 38; 84; 56; 35
20,84,0.08479,0.2381,53; 20; 69; 26; 81; 16; 84; 48; 17; 7
28,57,0.11949,0.49123,20; 28; 35; 28; 82; 72; 57; 46; 6; 75
37,75,0.10633,0.49333,28; 37; 64; 38; 18; 68; 75; 40; 61; 54
42,50,0.13814,0.84,78; 42; 35; 67; 19; 63; 50; 69; 80; 46
22,28,0.13553,0.78571,52; 22; 33; 48; 44; 40; 28; 79; 74; 66
14,57,0.13021,0.24561,66; 14; 30; 17; 13; 18; 57; 8; 66; 67
44,79,0.1055,0.55696,13; 44; 44; 71; 21; 68; 79; 37; 22; 54
17,69,0.11292,0.24638,12; 17; 20; 11; 35; 15; 69; 22; 64; 76
58,69,0.09589,0.84058,44; 58; 54; 38; 36; 81; 69; 29; 72; 11
23,78,0.0988,0.29487,14; 23; 42; 15; 5; 62; 78; 27; 43; 15
25,68,0.1145,0.36765,9; 25; 6; 84; 17; 45; 68; 48; 69; 63
24,65,0.11105,0.36923,57; 24; 77; 21; 53; 76; 65; 47; 61; 5
22,63,0.112,0.34921,38; 22; 28; 61; 82; 54; 63; 39; 47; 37
12,48,0.13867,0.25,8; 12; 49; 77; 35; 18; 48; 46; 74; 79
26,46,0.13496,0.56522,60; 26; 60; 20; 44; 25; 46; 17; 6; 27
15,46,0.13149,0.32609,48; 15; 40; 16; 66; 76; 46; 55; 24; 10
11,22,0.13947,0.5,25; 11; 53; 32; 11; 81; 22; 77; 63; 24
37,75,0.10578,0.49333,63; 37; 5; 61; 71; 65; 75; 78; 73; 14
37,80,0.08935,0.4625,43; 37; 32; 27; 7; 55; 80; 82; 69; 77
23,81,0.09192,0.28395,6; 23; 9; 13; 33; 38; 81; 43; 16; 7
20,85,0.09849,0.23529,56; 20; 80; 85; 47; 46; 85; 27; 31; 30
6,7,0.10634,0.85714,16; 6; 32; 5; 62; 52; 7; 28; 5; 60
18,60,0.11236,0.3,52; 18; 20; 78; 83; 26; 60; 44; 20; 53
13,28,0.13578,0.46429,83; 13; 69; 62; 75; 76; 28; 41; 46; 20
36,72,0.11205,0.5,56; 36; 64; 77; 40; 69; 72; 52; 77; 73
5,15,0.10763,0.33333,52; 5; 11; 29; 64; 31; 15; 38; 28; 71
36,45,0.12789,0.8,60; 36; 60; 11; 62; 17; 45; 36; 44; 31
17,57,0.12383,0.29825,36; 17; 64; 58; 69; 50; 57; 19; 38; 48
62,72,0.09381,0.86111,71; 62; 53; 37; 67; 48; 72; 57; 81; 44
66,83,0.07891,0.79518,82; 66; 64; 47; 39; 63; 83; 16; 20; 60
6,24,0.11612,0.25,16; 6; 58; 80; 75; 55; 24; 46; 19; 73
21,83,0.09184,0.25301,60; 21; 57; 71; 47; 29; 83; 77; 25; 62
16,63,0.11131,0.25397,33; 16; 30; 12; 71; 67; 63; 40; 77; 69
15,47,0.13193,0.31915,31; 15; 57; 29; 51; 50; 47; 22; 22; 69
64,81,0.08051,0.79012,14; 64; 10; 78; 21; 43; 81; 13; 85; 51
35,63,0.11572,0.55556,78; 35; 32; 13; 83; 81; 63; 30; 25; 74
8,29,0.1341,0.27586,38; 8; 24; 20; 52; 82; 29; 62; 33; 80
35,71,0.10632,0.49296,40; 35; 32; 83; 60; 44; 71; 44; 46; 59
24,72,0.10252,0.33333,42; 24; 23; 28; 31; 61; 72; 31; 78; 82
48,84,0.09129,0.57143,37; 48; 41; 48; 33; 48; 84; 56; 23; 21
18,57,0.12002,0.31579,66; 18; 15; 83; 25; 21; 57; 9; 30; 51
26,57,0.12538,0.45614,46; 26; 11; 51; 10; 13; 57; 70; 35; 12
21,72,0.10795,0.29167,67; 21; 47; 47; 7; 32; 72; 32; 37; 30
13,44,0.13758,0.29545,18; 13; 42; 31; 57; 61; 44; 9; 18; 59
61,71,0.09191,0.85915,61; 61; 29; 57; 30; 81; 71; 49; 40; 28
68,81,0.07885,0.83951,76; 68; 70; 40; 48; 41; 81; 36; 55; 64
11,45,0.14465,0.24444,56; 11; 19; 68; 13; 74; 45; 15; 83; 78
49,62,0.11087,0.79032,9; 49; 47; 76; 69; 34; 62; 42; 56; 51
19,51,0.12574,0.37255,20; 19; 14; 9; 21; 17; 51; 80; 6; 24
21,72,0.11011,0.29167,57; 21; 67; 51; 29; 32; 72; 68; 42; 31
8,24,0.12969,0.33333,36; 8; 60; 25; 7; 84; 24; 41; 52; 83
19,69,0.11133,0.27536,11; 19; 56; 6; 7; 42; 69; 52; 64; 65
20,68,0.10751,0.29412,13; 20; 15; 17; 53; 60; 68; 5; 9; 8
12,24,0.14263,0.5,51; 12; 23; 49; 19; 37; 24; 20; 78; 78
16,49,0.13079,0.32653,83; 16; 30; 15; 56; 46; 49; 80; 74; 35
56,71,0.1018,0.78873,42; 56; 23; 30; 28; 39; 71; 39; 37; 36
20,69,0.11355,0.28986,57; 20; 34; 77; 55; 77; 69; 60; 34; 60
39,84,0.09402,0.46429,47; 39; 59; 40; 15; 14; 84; 54; 10; 17
22,80,0.09447,0.275,74; 22; 75; 77; 63; 85; 80; 42; 57; 56
30,82,0.09759,0.36585,55; 30; 53; 46; 79; 62; 82; 20; 82; 5
25,71,0.10289,0.35211,32; 25; 31; 6; 24; 55; 71; 10; 48; 19
39,78,0.10686,0.5,57; 39; 71; 59; 50; 56; 78; 59; 30; 31
16,43,0.13585,0.37209,16; 16; 18; 80; 66; 45; 43; 79; 54; 20
51,64,0.11454,0.79688,58; 51; 43; 77; 8; 52; 64; 38; 46; 7
27,85,0.08548,0.31765,41; 27; 11; 43; 55; 63; 85; 69; 46; 57
10,31,0.14664,0.32258,58; 10; 52; 83; 23; 35; 31; 43; 78; 10
10,36,0.13844,0.27778,49; 10; 74; 8; 7; 41; 36; 29; 45; 46
9,11,0.1448,0.81818,39; 9; 50; 19; 37; 18; 11; 71; 34; 9
16,54,0.12982,0.2963,43; 16; 71; 18; 71; 51; 54; 10; 52; 50
19,68,0.10464,0.27941,70; 19; 9; 41; 21; 61; 68; 25; 39; 17
6,20,0.11031,0.3,60; 6; 14; 41; 84; 7; 20; 22; 82; 75
17,34,0.12838,0.5,70; 17; 38; 53; 79; 30; 34; 45; 16; 48
25,50,0.13332,0.5,36; 25; 30; 10; 32; 76; 50; 49; 24; 20
17,71,0.10266,0.23944,72; 17; 75; 56; 33; 18; 71; 51; 32; 48
61,74,0.09036,0.82432,17; 61; 13; 22; 67; 67; 74; 56; 13; 8
10,35,0.13778,0.28571,40; 10; 55; 61; 82; 59; 35; 8; 25; 13
54,66,0.10116,0.81818,21; 54; 7; 84; 40; 49; 66; 18; 67; 83
6,18,0.10954,0.33333,48; 6; 73; 43; 64; 84; 18; 60; 75; 78
33,68,0.11631,0.48529,43; 33; 76; 51; 58; 68; 68; 76; 70; 34
50,61,0.11581,0.81967,23; 50; 75; 5; 48; 80; 61; 76; 36; 23
21,63,0.11649,0.33333,80; 21; 33; 53; 34; 24; 63; 40; 14; 34
39,84,0.095,0.46429,10; 39; 14; 10; 47; 81; 84; 35; 11; 71
37,66,0.12069,0.56061,48; 37; 85; 62; 51; 29; 66; 30; 31; 43
25,29,0.13693,0.86207,19; 25; 64; 30; 25; 68; 29; 61; 24; 47
22,75,0.10336,0.29333,33; 22; 72; 82; 20; 25; 75; 73; 38; 57
48,56,0.12854,0.85714,67; 48; 53; 60; 52; 43; 56; 60; 23; 21
32,39,0.13972,0.82051,74; 32; 32; 79; 28; 18; 39; 84; 40; 19
15,53,0.12687,0.28302,25; 15; 71; 77; 63; 48; 53; 5; 76; 8
56,70,0.09753,0.8,24; 56; 59; 59; 20; 62; 70; 16; 7; 37
25,44,0.13581,0.56818,42; 25; 30; 44; 13; 79; 44; 17; 54; 34
15,41,0.13843,0.36585,17; 15; 55; 13; 31; 83; 41; 35; 80; 32
33,59,0.12123,0.55932,39; 33; 83; 45; 17; 49; 59; 46; 70; 85
9,16,0.14233,0.5625,67; 9; 11; 20; 30; 7; 16; 60; 57; 31
12,34,0.13237,0.35294,15; 12; 70; 38; 49; 53; 34; 26; 70; 21
10,42,0.14484,0.2381,84; 10; 6; 41; 45; 13; 42; 44; 43; 37
28,49,0.13054,0.57143,70; 28; 49; 9; 55; 16; 49; 61; 58; 25
13,37,0.1406,0.35135,82; 13; 47; 70; 85; 29; 37; 54; 63; 43
16,56,0.12861,0.28571,22; 16; 67; 46; 51; 49; 56; 35; 70; 50
68,85,0.07582,0.8,28; 68; 66; 27; 16; 35; 85; 7; 7; 72
69,84,0.07678,0.82143,26; 69; 64; 77; 74; 82; 84; 62; 14; 6
26,46,0.13142,0.56522,83; 26; 53; 83; 15; 52; 46; 68; 65; 42
22,60,0.10688,0.36667,16; 22; 5; 72; 43; 36; 60; 13; 76; 46
25,76,0.1079,0.32895,45; 25; 61; 79; 23; 52; 76; 21; 46; 45
9,31,0.14563,0.29032,46; 9; 61; 16; 70; 84; 31; 16; 48; 20
32,39,0.13879,0.82051,37; 32; 37; 53; 73; 62; 39; 73; 8; 6
16,46,0.13194,0.34783,62; 16; 45; 79; 60; 35; 46; 42; 33; 78
22,60,0.12012,0.36667,71; 22; 80; 79; 84; 26; 60; 44; 25; 63
46,58,0.11975,0.7931,45; 46; 75; 79; 66; 48; 58; 52; 24; 25
14,42,0.13356,0.33333,39; 14; 64; 71; 72; 64; 42; 36; 22; 72
27,33,0.12731,0.81818,24; 27; 61; 56; 13; 48; 33; 59; 37; 49
35,72,0.1028,0.48611,60; 35; 9; 16; 59; 46; 72; 31; 77; 70
24,84,0.08969,0.28571,19; 24; 23; 30; 23; 57; 84; 12; 80; 30
28,57,0.11821,0.49123,59; 28; 22; 76; 7; 84; 57; 51; 74; 46
13,55,0.12588,0.23636,16; 13; 6; 28; 55; 67; 55; 67; 36; 24
34,69,0.10939,0.49275,42; 34; 42; 78; 40; 72; 69; 29; 74; 49
10,34,0.14088,0.29412,55; 10; 34; 80; 33; 17; 34; 31; 29; 43
67,80,0.07774,0.8375,74; 67; 35; 56; 23; 23; 80; 25; 18; 78
19,34,0.12969,0.55882,74; 19; 68; 47; 80; 22; 34; 12; 76; 24
13,37,0.13654,0.35135,52; 13; 9; 66; 63; 45; 37; 32; 62; 39
46,56,0.13545,0.82143,54; 46; 53; 61; 65; 14; 56; 43; 30; 60
16,20,0.13204,0.8,18; 16; 79; 45; 61; 66; 20; 49; 26; 34
62,74,0.09397,0.83784,19; 62; 41; 21; 43; 67; 74; 12; 58; 75
13,44,0.12973,0.29545,28; 13; 45; 13; 15; 40; 44; 8; 9; 15
19,67,0.10818,0.28358,52; 19; 76; 70; 56; 30; 67; 72; 7; 36
24,83,0.0944,0.28916,34; 24; 32; 40; 31; 5; 83; 32; 59; 35
23,78,0.10229,0.29487,12; 23; 84; 24; 42; 50; 78; 16; 10; 64
18,51,0.13086,0.35294,10; 18; 69; 71; 62; 60; 51; 21; 41; 24
28,85,0.09606,0.32941,85; 28; 53; 55; 83; 58; 85; 43; 37; 79
15,54,0.12011,0.27778,45; 15; 27; 63; 49; 78; 54; 10; 75; 23
38,44,0.14502,0.86364,30; 38; 51; 21; 70; 84; 44; 17; 55; 81
17,48,0.13373,0.35417,65; 17; 33; 52; 78; 53; 48; 17; 14; 15
12,38,0.12956,0.31579,74; 12; 19; 71; 46; 56; 38; 63; 42; 83
36,44,0.13312,0.81818,55; 36; 41; 39; 6; 33; 44; 51; 36; 68
21,71,0.10421,0.29577,68; 21; 28; 74; 51; 20; 71; 32; 23; 74
29,79,0.10614,0.36709,68; 29; 35; 31; 54; 48; 79; 35; 60; 54
9,30,0.14094,0.3,53; 9; 7; 32; 47; 84; 30; 77; 64; 75
15,61,0.11631,0.2459,49; 15; 59; 32; 12; 9; 61; 47; 20; 41
60,73,0.09263,0.82192,37; 60; 18; 20; 71; 7; 73; 13; 23; 37
41,49,0.13989,0.83673,77; 41; 30; 53; 12; 37; 49; 41; 46; 42
11,46,0.14468,0.23913,20; 11; 74; 30; 74; 18; 46; 52; 22; 27
25,50,0.14342,0.5,57; 25; 83; 59; 41; 67; 50; 37; 58; 43
54,64,0.10683,0.84375,40; 54; 11; 26; 55; 35; 64; 62; 47; 11
24,28,0.14312,0.85714,76; 24; 70; 51; 71; 28; 28; 69; 28; 76
6,25,0.11951,0.24,35; 6; 35; 6; 41; 69; 25; 13; 62; 68
50,58,0.12388,0.86207,8; 50; 34; 28; 68; 39; 58; 43; 64; 9
17,72,0.1063,0.23611,51; 17; 41; 83; 66; 48; 72; 31; 72; 57
11,44,0.14239,0.25,23; 11; 43; 16; 63; 33; 44; 11; 11; 42
7,23,0.12573,0.30435,85; 7; 85; 28; 48; 43; 23; 53; 26; 76
24,73,0.09979,0.32877,47; 24; 82; 10; 53; 18; 73; 10; 9; 45
9,18,0.13629,0.5,59; 9; 44; 32; 45; 38; 18; 37; 71; 12
20,84,0.09712,0.2381,27; 20; 17; 36; 20; 34; 84; 60; 61; 68
8,25,0.13414,0.32,28; 8; 61; 9; 80; 76; 25; 49; 77; 80
16,35,0.13672,0.45714,57; 16; 42; 40; 81; 25; 35; 23; 80; 5
37,74,0.1015,0.5,79; 37; 9; 59; 39; 62; 74; 21; 73; 47
27,81,0.10348,0.33333,56; 27; 44; 56; 40; 22; 81; 19; 71; 16
12,37,0.13006,0.32432,78; 12; 59; 25; 62; 75; 37; 33; 56; 58
21,83,0.09178,0.25301,34; 21; 5; 32; 20; 65; 83; 37; 82; 83
33,72,0.09737,0.45833,17; 33; 48; 65; 16; 64; 72; 45; 81; 40
8,29,0.13505,0.27586,6; 8; 27; 61; 43; 15; 29; 70; 76; 83
26,53,0.13105,0.49057,78; 26; 34; 36; 47; 24; 53; 20; 60; 8
38,45,0.14107,0.84444,46; 38; 44; 9; 69; 52; 45; 13; 78; 55
18,51,0.138,0.35294,53; 18; 44; 84; 50; 24; 51; 50; 73; 12
62,78,0.09023,0.79487,10; 62; 14; 72; 12; 66; 78; 70; 67; 80
36,64,0.11687,0.5625,25; 36; 42; 54; 29; 85; 64; 70; 12; 10
24,68,0.10992,0.35294,37; 24; 76; 9; 20; 35; 68; 81; 37; 49
65,79,0.08446,0.82278,37; 65; 50; 55; 63; 14; 79; 33; 85; 28
18,36,0.1352,0.5,51; 18; 68; 52; 56; 63; 36; 39; 33; 72
60,73,0.09694,0.82192,36; 60; 41; 49; 76; 82; 73; 26; 26; 11
24,49,0.13651,0.4898,47; 24; 46; 26; 10; 72; 49; 65; 72; 74
32,57,0.12284,0.5614,62; 32; 23; 72; 13; 30; 57; 63; 23; 33
15,61,0.11774,0.2459,24; 15; 62; 11; 66; 42; 61; 55; 56; 23
30,85,0.09918,0.35294,22; 30; 60; 22; 24; 54; 85; 30; 15; 75
18,74,0.10454,0.24324,27; 18; 67; 37; 80; 81; 74; 37; 78; 77
41,51,0.12983,0.80392,35; 41; 77; 13; 76; 85; 51; 32; 78; 21
13,44,0.13222,0.29545,28; 13; 33; 49; 77; 23; 44; 44; 79; 59
9,32,0.14844,0.28125,20; 9; 27; 73; 15; 65; 32; 48; 48; 63
12,43,0.14006,0.27907,77; 12; 28; 68; 51; 84; 43; 22; 19; 5
27,84,0.09136,0.32143,27; 27; 69; 46; 67; 39; 84; 11; 30; 72
11,31,0.13276,0.35484,47; 11; 58; 35; 51; 30; 31; 19; 74; 30
23,62,0.11559,0.37097,51; 23; 51; 17; 25; 76; 62; 41; 34; 33
43,50,0.13501,0.86,31; 43; 12; 74; 81; 24; 50; 85; 26; 56
46,58,0.12015,0.7931,51; 46; 68; 71; 6; 39; 58; 38; 17; 23
32,69,0.11692,0.46377,83; 32; 46; 42; 22; 36; 69; 53; 65; 78
51,59,0.11005,0.86441,68; 51; 5; 47; 48; 15; 59; 58; 78; 74
17,35,0.13413,0.48571,77; 17; 58; 27; 36; 78; 35; 44; 14; 77
42,51,0.13245,0.82353,50; 42; 43; 56; 83; 76; 51; 9; 79; 38
68,81,0.07977,0.83951,78; 68; 80; 71; 59; 83; 81; 60; 41; 67
36,74,0.09598,0.48649,75; 36; 58; 33; 54; 40; 74; 49; 72; 53
22,77,0.10286,0.28571,69; 22; 39; 64; 82; 32; 77; 67; 15; 82
23,46,0.12974,0.5,50; 23; 53; 68; 82; 23; 46; 67; 55; 49
58,69,0.09181,0.84058,84; 58; 29; 28; 82; 79; 69; 50; 54; 66
65,81,0.07951,0.80247,10; 65; 73; 22; 64; 54; 81; 47; 60; 83
34,43,0.13301,0.7907,77; 34; 52; 51; 27; 74; 43; 77; 41; 32
24,84,0.09723,0.28571,12; 24; 7; 47; 35; 27; 84; 45; 6; 73
32,40,0.12803,0.8,35; 32; 45; 58; 12; 40; 40; 73; 8; 24
18,37,0.1284,0.48649,78; 18; 21; 12; 84; 29; 37; 70; 65; 46
19,78,0.0986,0.24359,83; 19; 78; 60; 49; 69; 78; 41; 79; 53
31,62,0.11707,0.5,54; 31; 39; 8; 8; 85; 62; 46; 81; 28
66,79,0.07881,0.83544,31; 66; 61; 10; 53; 79; 79; 10; 15; 35
12,34,0.14001,0.35294,22; 12; 22; 8; 53; 81; 34; 52; 65; 71
41,49,0.13429,0.83673,14; 41; 14; 47; 18; 72; 49; 20; 35; 24
42,50,0.12658,0.84,13; 42; 21; 5; 64; 81; 50; 25; 81; 75
25,79,0.09996,0.31646,21; 25; 28; 81; 35; 53; 79; 25; 29; 33
22,78,0.10359,0.28205,84; 22; 56; 52; 17; 74; 78; 19; 85; 31
39,68,0.11492,0.57353,18; 39; 52; 63; 55; 48; 68; 56; 52; 69
44,56,0.12117,0.78571,58; 44; 15; 26; 42; 60; 56; 55; 13; 29
68,83,0.07721,0.81928,10; 68; 61; 29; 76; 81; 83; 73; 54; 18
42,75,0.10027,0.56,7; 42; 50; 53; 84; 54; 75; 12; 17; 67
23,28,0.13054,0.82143,34; 23; 85; 82; 55; 54; 28; 83; 45; 68
19,75,0.10248,0.25333,68; 19; 50; 84; 82; 34; 75; 39; 38; 39
18,63,0.11547,0.28571,5; 18; 11; 32; 25; 69; 63; 67; 5; 31
10,27,0.13538,0.37037,78; 10; 70; 25; 22; 28; 27; 22; 81; 42
15,41,0.14308,0.36585,82; 15; 66; 43; 45; 63; 41; 45; 57; 50
11,39,0.1422,0.28205,72; 11; 21; 85; 9; 50; 39; 26; 37; 40
7,29,0.12897,0.24138,24; 7; 52; 6; 15; 27; 29; 24; 27; 73
26,57,0.12587,0.45614,39; 26; 30; 44; 61; 15; 57; 30; 61; 66
24,43,0.1281,0.55814,31; 24; 18; 16; 23; 21; 43; 37; 18; 12
15,59,0.12417,0.25424,10; 15; 55; 77; 53; 30; 59; 82; 66; 50
22,68,0.09724,0.32353,65; 22; 23; 80; 10; 10; 68; 83; 74; 25
21,42,0.138,0.5,53; 21; 39; 8; 82; 20; 42; 28; 18; 24
27,77,0.10766,0.35065,37; 27; 52; 12; 75; 47; 77; 6; 22; 35
63,73,0.0887,0.86301,32; 63; 69; 74; 66; 82; 73; 24; 80; 78
41,72,0.10435,0.56944,33; 41; 73; 64; 21; 43; 72; 39; 9; 10
44,78,0.10514,0.5641,53; 44; 33; 26; 14; 28; 78; 43; 37; 49
30,65,0.11298,0.46154,66; 30; 84; 59; 54; 46; 65; 39; 21; 26
16,53,0.1368,0.30189,42; 16; 70; 39; 17; 43; 53; 5; 13; 70
71,85,0.07686,0.83529,10; 71; 34; 70; 64; 69; 85; 22; 68; 5
27,55,0.1238,0.49091,18; 27; 77; 8; 65; 79; 55; 56; 18; 71
36,63,0.10899,0.57143,76; 36; 63; 56; 16; 85; 63; 19; 6; 72
71,83,0.07718,0.85542,23; 71; 62; 79; 58; 67; 83; 17; 50; 13
21,75,0.09523,0.28,85; 21; 63; 16; 53; 46; 75; 15; 8; 51
47,57,0.11521,0.82456,46; 47; 27; 54; 35; 11; 57; 15; 52; 59
8,23,0.13278,0.34783,51; 8; 85; 73; 49; 53; 23; 26; 82; 5
37,65,0.11606,0.56923,72; 37; 28; 23; 23; 57; 65; 45; 9; 38
17,58,0.1213,0.2931,45; 17; 14; 12; 13; 11; 58; 46; 48; 76
29,82,0.09406,0.35366,45; 29; 9; 80; 36; 25; 82; 49; 60; 58
6,19,0.11648,0.31579,71; 6; 26; 83; 81; 66; 19; 53; 15; 45
12,14,0.1344,0.85714,30; 12; 56; 28; 54; 73; 14; 16; 16; 23
28,49,0.13107,0.57143,62; 28; 51; 33; 8; 73; 49; 45; 40; 6
18,63,0.11562,0.28571,54; 18; 49; 59; 68; 41; 63; 82; 69; 23
16,53,0.13115,0.30189,45; 16; 79; 33; 44; 42; 53; 25; 79; 75
36,42,0.13781,0.85714,28; 36; 72; 49; 72; 37; 42; 72; 9; 32
17,30,0.12431,0.56667,74; 17; 42; 15; 48; 55; 30; 85; 8; 19
12,24,0.13227,0.5,32; 12; 75; 55; 51; 48; 24; 15; 82; 56
40,80,0.09869,0.5,13; 40; 44; 61; 64; 69; 80; 48; 60; 43
61,71,0.09246,0.85915,6; 61; 23; 22; 68; 42; 71; 58; 48; 46
70,83,0.07566,0.84337,36; 70; 81; 84; 20; 62; 83; 26; 64; 22
15,53,0.13291,0.28302,59; 15; 28; 24; 72; 33; 53; 38; 44; 46
15,50,0.13002,0.3,27; 15; 12; 38; 62; 76; 50; 37; 59; 44
58,71,0.09219,0.8169,31; 58; 69; 81; 40; 25; 71; 85; 23; 77
11,37,0.13972,0.2973,36; 11; 61; 23; 53; 58; 37; 81; 20; 45
25,29,0.1434,0.86207,56; 25; 75; 74; 67; 25; 29; 62; 47; 45
13,52,0.13151,0.25,77; 13; 67; 40; 73; 11; 52; 7; 60; 72
65,77,0.08193,0.84416,26; 65; 9; 19; 15; 25; 77; 47; 68; 83
13,45,0.13936,0.28889,81; 13; 58; 40; 20; 13; 45; 55; 47; 60
9,26,0.14635,0.34615,36; 9; 41; 57; 7; 64; 26; 70; 32; 57
37,47,0.13454,0.78723,48; 37; 13; 29; 31; 74; 47; 72; 73; 34
20,67,0.10799,0.29851,63; 20; 65; 7; 40; 65; 67; 20; 59; 69
48,56,0.12728,0.85714,38; 48; 80; 18; 26; 32; 56; 43; 83; 54
19,22,0.13008,0.86364,64; 19; 74; 82; 51; 25; 22; 7; 77; 84
35,61,0.12009,0.57377,66; 35; 37; 48; 80; 19; 61; 54; 79; 74
11,46,0.13641,0.23913,23; 11; 41; 29; 40; 28; 46; 21; 59; 60
13,44,0.14049,0.29545,73; 13; 53; 81; 66; 56; 44; 84; 27; 66
20,72,0.1022,0.27778,45; 20; 52; 69; 12; 63; 72; 61; 68; 32
11,44,0.14055,0.25,26; 11; 37; 13; 37; 83; 44; 7; 24; 23
31,55,0.14078,0.56364,39; 31; 74; 35; 14; 46; 55; 69; 69; 43
25,84,0.09863,0.29762,21; 25; 36; 26; 79; 56; 84; 57; 42; 75
15,53,0.11936,0.28302,75; 15; 6; 39; 59; 70; 53; 38; 57; 9
33,58,0.12151,0.56897,69; 33; 52; 11; 78; 37; 58; 54; 58; 38
25,84,0.1014,0.29762,54; 25; 81; 81; 60; 57; 84; 63; 27; 68
66,82,0.08077,0.80488,70; 66; 80; 35; 37; 13; 82; 17; 45; 23
22,60,0.11877,0.36667,66; 22; 15; 5; 8; 14; 60; 72; 22; 69
17,58,0.12139,0.2931,44; 17; 23; 58; 50; 42; 58; 52; 71; 46
9,28,0.13537,0.32143,76; 9; 30; 63; 31; 10; 28; 74; 53; 42
25,75,0.10648,0.33333,35; 25; 51; 71; 79; 30; 75; 61; 28; 51
67,82,0.0751,0.81707,11; 67; 15; 69; 38; 30; 82; 63; 43; 81
8,25,0.12946,0.32,10; 8; 20; 9; 7; 59; 25; 27; 29; 25
68,83,0.08025,0.81928,35; 68; 32; 58; 55; 68; 83; 17; 12; 56
16,68,0.11205,0.23529,19; 16; 25; 64; 25; 45; 68; 43; 45; 14
16,68,0.10708,0.23529,85; 16; 70; 82; 32; 61; 68; 83; 66; 67
11,14,0.1363,0.78571,29; 11; 9; 11; 55; 30; 14; 20; 18; 14
72,84,0.07395,0.85714,23; 72; 7; 73; 71; 84; 84; 41; 48; 77
11,14,0.13523,0.78571,56; 11; 45; 48; 10; 67; 14; 50; 21; 81
45,81,0.09775,0.55556,54; 45; 72; 63; 17; 55; 81; 37; 50; 74
43,54,0.13041,0.7963,41; 43; 12; 76; 18; 11; 54; 10; 8; 18
21,75,0.09414,0.28,66; 21; 76; 59; 42; 20; 75; 71; 84; 81
29,78,0.10246,0.37179,55; 29; 33; 33; 74; 78; 78; 18; 41; 65
29,78,0.1083,0.37179,49; 29; 9; 33; 22; 71; 78; 85; 53; 76
12,50,0.13303,0.24,10; 12; 47; 61; 68; 42; 50; 5; 55; 49
18,60,0.10937,0.3,52; 18; 69; 7; 18; 31; 60; 25; 9; 78
24,83,0.09663,0.28916,13; 24; 33; 62; 58; 30; 83; 46; 27; 20
68,83,0.07747,0.81928,64; 68; 53; 35; 9; 29; 83; 54; 60; 31
17,57,0.12167,0.29825,68; 17; 24; 81; 23; 15; 57; 36; 69; 73
13,51,0.13104,0.2549,24; 13; 54; 61; 48; 36; 51; 79; 56; 42
15,59,0.12329,0.25424,84; 15; 30; 47; 26; 19; 59; 30; 45; 15
19,66,0.10677,0.28788,56; 19; 41; 46; 33; 39; 66; 34; 18; 49
67,78,0.08119,0.85897,76; 67; 6; 10; 76; 33; 78; 48; 5; 58
8,28,0.13904,0.28571,28; 8; 14; 58; 26; 27; 28; 72; 53; 72
33,66,0.10702,0.5,63; 33; 46; 29; 70; 60; 66; 8; 69; 66
13,54,0.12936,0.24074,51; 13; 13; 41; 79; 43; 54; 24; 51; 17
40,49,0.13508,0.81633,56; 40; 44; 18; 14; 81; 49; 53; 29; 26
21,46,0.12603,0.45652,30; 21; 67; 75; 42; 23; 46; 56; 67; 49
14,50,0.13251,0.28,10; 14; 81; 29; 81; 65; 50; 19; 79; 26
29,51,0.13136,0.56863,69; 29; 55; 22; 24; 72; 51; 20; 71; 33
6,12,0.11885,0.5,63; 6; 18; 20; 50; 71; 12; 18; 43; 53
55,70,0.09733,0.78571,12; 55; 78; 67; 59; 82; 70; 72; 73; 27
17,58,0.12366,0.2931,62; 17; 31; 35; 85; 17; 58; 43; 85; 17
56,67,0.10562,0.83582,81; 56; 66; 74; 82; 80; 67; 54; 63; 20
22,67,0.10261,0.32836,14; 22; 15; 82; 41; 75; 67; 35; 16; 11
40,82,0.09515,0.4878,18; 40; 32; 69; 5; 29; 82; 83; 50; 36
26,70,0.10512,0.37143,57; 26; 70; 6; 46; 37; 70; 8; 83; 27
7,14,0.1215,0.5,67; 7; 83; 20; 49; 61; 14; 71; 36; 63
62,72,0.09092,0.86111,9; 62; 68; 21; 18; 32; 72; 10; 18; 65
24,76,0.10018,0.31579,8; 24; 76; 14; 18; 58; 76; 61; 47; 64
10,31,0.14198,0.32258,72; 10; 19; 57; 79; 52; 31; 8; 59; 41
22,67,0.11321,0.32836,22; 22; 27; 46; 39; 52; 67; 14; 10; 63
18,49,0.11996,0.36735,21; 18; 82; 60; 58; 53; 49; 17; 60; 27
15,61,0.124,0.2459,49; 15; 16; 51; 17; 48; 61; 15; 20; 26
31,38,0.13893,0.81579,46; 31; 16; 80; 73; 61; 38; 11; 32; 78
18,39,0.13654,0.46154,45; 18; 37; 61; 33; 42; 39; 19; 6; 74
35,44,0.13682,0.79545,13; 35; 56; 9; 65; 17; 44; 34; 10; 32
15,60,0.12065,0.25,41; 15; 38; 77; 36; 49; 60; 84; 61; 84
14,43,0.13582,0.32558,52; 14; 69; 44; 50; 9; 43; 47; 58; 75
15,52,0.12914,0.28846,83; 15; 40; 59; 7; 66; 52; 69; 56; 38
65,79,0.08459,0.82278,68; 65; 20; 48; 61; 49; 79; 22; 26; 33
14,49,0.1301,0.28571,73; 14; 36; 7; 20; 13; 49; 77; 84; 26
16,67,0.11048,0.23881,17; 16; 21; 59; 67; 62; 67; 59; 60; 58
30,60,0.1245,0.5,46; 30; 31; 80; 55; 56; 60; 38; 63; 61
41,72,0.10353,0.56944,42; 41; 9; 36; 84; 18; 72; 27; 44; 13
20,84,0.08905,0.2381,6; 20; 21; 28; 60; 9; 84; 37; 71; 56
36,43,0.13774,0.83721,64; 36; 54; 45; 36; 79; 43; 39; 49; 17
24,79,0.10114,0.3038,22; 24; 50; 64; 63; 62; 79; 51; 64; 35
43,51,0.13356,0.84314,30; 43; 48; 45; 33; 27; 51; 82; 57; 31
44,55,0.12733,0.8,83; 44; 5; 82; 84; 8; 55; 47; 46; 24
5,20,0.10295,0.25,85; 5; 84; 46; 6; 69; 20; 10; 24; 8
27,83,0.10606,0.3253,11; 27; 51; 79; 34; 82; 83; 12; 58; 70
12,42,0.13857,0.28571,48; 12; 53; 37; 69; 25; 42; 79; 15; 83
24,48,0.13489,0.5,63; 24; 19; 31; 23; 40; 48; 6; 74; 77
25,67,0.11561,0.37313,62; 25; 69; 9; 60; 56; 67; 80; 84; 40
64,78,0.08541,0.82051,47; 64; 46; 80; 63; 61; 78; 45; 74; 15
20,85,0.08905,0.23529,56; 20; 21; 21; 17; 26; 85; 12; 11; 14
38,83,0.09714,0.45783,8; 38; 57; 64; 53; 68; 83; 28; 32; 64
9,37,0.14409,0.24324,12; 9; 23; 46; 52; 26; 37; 64; 48; 8
18,52,0.12631,0.34615,81; 18; 53; 27; 57; 16; 52; 29; 35; 66
46,81,0.0956,0.5679,78; 46; 46; 34; 61; 67; 81; 38; 22; 76
11,45,0.13608,0.24444,41; 11; 37; 26; 16; 68; 45; 53; 12; 38
39,85,0.09453,0.45882,25; 39; 63; 37; 84; 33; 85; 7; 70; 50
22,39,0.12515,0.5641,37; 22; 37; 36; 10; 23; 39; 22; 16; 34
8,16,0.12977,0.5,15; 8; 52; 33; 41; 36; 16; 8; 63; 48
50,58,0.11937,0.86207,52; 50; 16; 6; 10; 51; 58; 11; 57; 79
16,57,0.11977,0.2807,21; 16; 59; 66; 74; 78; 57; 20; 29; 17
32,56,0.12019,0.57143,50; 32; 38; 76; 84; 44; 56; 74; 55; 28
22,39,0.13486,0.5641,48; 22; 49; 67; 77; 72; 39; 9; 14; 14
22,39,0.13538,0.5641,52; 22; 53; 74; 58; 76; 39; 46; 37; 64
26,31,0.13701,0.83871,15; 26; 40; 25; 75; 49; 31; 14; 82; 79
26,78,0.09992,0.33333,53; 26; 48; 29; 7; 57; 78; 13; 21; 81
31,55,0.12491,0.56364,8; 31; 42; 52; 58; 59; 55; 43; 33; 73
16,48,0.13441,0.33333,68; 16; 14; 61; 28; 20; 48; 45; 27; 83
15,53,0.12315,0.28302,46; 15; 73; 26; 66; 59; 53; 26; 65; 32
22,74,0.10222,0.2973,46; 22; 36; 81; 46; 6; 74; 81; 73; 81
20,36,0.13467,0.55556,30; 20; 82; 81; 24; 17; 36; 52; 82; 63
21,63,0.12313,0.33333,40; 21; 35; 42; 83; 13; 63; 21; 10; 9
29,51,0.12904,0.56863,81; 29; 75; 25; 64; 62; 51; 48; 84; 31
49,57,0.11683,0.85965,80; 49; 84; 40; 43; 56; 57; 23; 42; 33
22,69,0.1028,0.31884,13; 22; 39; 72; 78; 61; 69; 45; 75; 52
22,39,0.13732,0.5641,22; 22; 59; 84; 73; 80; 39; 65; 19; 43
29,78,0.10846,0.37179,58; 29; 9; 13; 47; 51; 78; 80; 41; 33
39,68,0.10526,0.57353,22; 39; 62; 58; 57; 81; 68; 84; 30; 67
8,32,0.1288,0.25,62; 8; 53; 12; 51; 14; 32; 85; 53; 11
26,82,0.09056,0.31707,80; 26; 66; 63; 52; 5; 82; 10; 38; 67
38,82,0.10185,0.46341,67; 38; 75; 52; 70; 15; 82; 26; 63; 12
24,84,0.09142,0.28571,29; 24; 60; 54; 46; 17; 84; 33; 46; 47
29,79,0.09671,0.36709,58; 29; 64; 57; 26; 29; 79; 28; 44; 35
51,59,0.11753,0.86441,55; 51; 38; 51; 50; 50; 59; 75; 48; 27
10,31,0.1416,0.32258,44; 10; 59; 6; 69; 55; 31; 47; 16; 28
26,82,0.09078,0.31707,73; 26; 44; 13; 79; 76; 82; 32; 17; 48
67,80,0.08205,0.8375,45; 67; 58; 85; 59; 69; 80; 11; 9; 37
66,79,0.08264,0.83544,33; 66; 29; 24; 84; 57; 79; 51; 84; 46
8,16,0.13532,0.5,77; 8; 82; 73; 34; 18; 16; 54; 33; 15
12,36,0.13833,0.33333,64; 12; 23; 63; 59; 75; 36; 75; 50; 27
43,76,0.09852,0.56579,56; 43; 5; 56; 23; 11; 76; 7; 14; 19
41,52,0.13255,0.78846,70; 41; 25; 47; 23; 15; 52; 55; 15; 24
61,73,0.09295,0.83562,25; 61; 53; 31; 63; 80; 73; 49; 34; 83
41,52,0.13373,0.78846,33; 41; 35; 84; 40; 48; 52; 28; 26; 70
6,24,0.11296,0.25,16; 6; 30; 38; 71; 60; 24; 20; 16; 55
67,85,0.07574,0.78824,52; 67; 15; 53; 12; 52; 85; 85; 82; 59
20,85,0.08693,0.23529,80; 20; 31; 82; 66; 11; 85; 6; 26; 38
13,55,0.12828,0.23636,59; 13; 73; 21; 78; 7; 55; 62; 48; 42
15,51,0.12393,0.29412,28; 15; 75; 26; 69; 43; 51; 12; 17; 80
16,28,0.13519,0.57143,63; 16; 85; 65; 14; 58; 28; 51; 43; 62
41,83,0.10326,0.49398,83; 41; 85; 24; 50; 43; 83; 43; 24; 32
19,52,0.12614,0.36538,68; 19; 10; 33; 33; 25; 52; 34; 85; 35
24,84,0.0948,0.28571,16; 24; 16; 26; 26; 70; 84; 77; 74; 53
43,77,0.09817,0.55844,16; 43; 63; 24; 67; 26; 77; 80; 30; 9
28,57,0.12674,0.49123,83; 28; 56; 25; 23; 50; 57; 9; 32; 51
10,41,0.13239,0.2439,12; 10; 72; 79; 45; 17; 41; 13; 64; 10
41,73,0.11077,0.56164,43; 41; 62; 73; 34; 56; 73; 18; 85; 38
28,79,0.09151,0.35443,69; 28; 74; 15; 6; 15; 79; 55; 19; 19
48,85,0.08914,0.56471,81; 48; 56; 62; 24; 84; 85; 17; 72; 7
27,54,0.12447,0.5,79; 27; 31; 33; 70; 18; 54; 20; 20; 68
8,24,0.13798,0.33333,42; 8; 58; 63; 17; 16; 24; 6; 25; 36
24,65,0.11097,0.36923,40; 24; 83; 9; 47; 70; 65; 44; 53; 13
28,84,0.09126,0.33333,19; 28; 81; 33; 8; 69; 84; 31; 26; 16
45,56,0.13093,0.80357,29; 45; 36; 80; 66; 81; 56; 13; 41; 31
8,28,0.13027,0.28571,28; 8; 11; 46; 49; 54; 28; 43; 69; 80
39,85,0.09449,0.45882,54; 39; 50; 50; 62; 77; 85; 14; 64; 69
26,52,0.13007,0.5,26; 26; 8; 60; 58; 24; 52; 40; 24; 9
59,70,0.10147,0.84286,60; 59; 79; 18; 59; 71; 70; 39; 47; 39
29,63,0.11817,0.46032,76; 29; 5; 39; 62; 60; 63; 30; 20; 75
39,49,0.13709,0.79592,9; 39; 35; 69; 52; 20; 49; 62; 8; 41
56,68,0.09804,0.82353,12; 56; 53; 9; 54; 76; 68; 60; 84; 40
5,10,0.10648,0.5,8; 5; 73; 16; 82; 60; 10; 37; 75; 20
25,67,0.10709,0.37313,74; 25; 70; 17; 67; 43; 67; 12; 19; 5
24,65,0.11314,0.36923,60; 24; 66; 61; 50; 73; 65; 28; 61; 67
7,19,0.12256,0.36842,13; 7; 32; 31; 65; 82; 19; 31; 44; 17
64,76,0.0927,0.84211,7; 64; 8; 51; 48; 14; 76; 30; 61; 49
19,41,0.13105,0.46341,38; 19; 70; 27; 53; 70; 41; 24; 57; 45
7,19,0.12705,0.36842,25; 7; 48; 40; 72; 17; 19; 63; 59; 85
25,67,0.10303,0.37313,43; 25; 83; 60; 43; 32; 67; 8; 14; 64
10,27,0.13755,0.37037,49; 10; 8; 59; 79; 26; 27; 82; 82; 30
9,28,0.14262,0.32143,14; 9; 56; 60; 50; 26; 28; 50; 60; 50
24,85,0.0928,0.28235,28; 24; 35; 21; 80; 54; 85; 14; 54; 59
24,49,0.12896,0.4898,6; 24; 29; 71; 50; 61; 49; 41; 42; 63
66,79,0.08552,0.83544,43; 66; 79; 46; 9; 63; 79; 18; 20; 83
32,64,0.10729,0.5,5; 32; 5; 76; 50; 48; 64; 26; 15; 7
23,65,0.11325,0.35385,34; 23; 26; 66; 60; 61; 65; 21; 77; 5
22,74,0.09917,0.2973,40; 22; 8; 40; 62; 38; 74; 5; 19; 15
72,84,0.07256,0.85714,17; 72; 19; 24; 82; 85; 84; 9; 39; 57
67,82,0.07832,0.81707,33; 67; 44; 78; 29; 45; 82; 52; 33; 14
28,76,0.10348,0.36842,24; 28; 64; 68; 16; 24; 76; 21; 38; 72
67,78,0.08233,0.85897,43; 67; 25; 12; 27; 11; 78; 17; 8; 65
20,61,0.11812,0.32787,70; 20; 24; 5; 33; 54; 61; 28; 50; 78
53,66,0.10615,0.80303,59; 53; 14; 14; 52; 70; 66; 26; 60; 85
66,82,0.0798,0.80488,57; 66; 51; 17; 63; 61; 82; 15; 39; 69
17,69,0.10648,0.24638,50; 17; 43; 36; 46; 35; 69; 54; 24; 65
38,77,0.10742,0.49351,33; 38; 18; 71; 35; 41; 77; 31; 84; 6
57,71,0.09427,0.80282,40; 57; 47; 85; 32; 48; 71; 77; 44; 73
38,67,0.11189,0.56716,69; 38; 20; 68; 18; 11; 67; 21; 14; 50
29,63,0.12374,0.46032,53; 29; 36; 23; 75; 32; 63; 60; 68; 85
9,32,0.1442,0.28125,65; 9; 52; 67; 46; 10; 32; 63; 47; 50
20,68,0.10626,0.29412,60; 20; 31; 43; 60; 69; 68; 38; 35; 31
13,43,0.13748,0.30233,27; 13; 81; 70; 29; 59; 43; 56; 50; 68
60,76,0.08984,0.78947,44; 60; 14; 65; 32; 5; 76; 51; 39; 84
68,79,0.07822,0.86076,10; 68; 44; 9; 69; 32; 79; 50; 29; 28
36,79,0.09994,0.4557,83; 36; 42; 22; 23; 16; 79; 81; 78; 19
29,58,0.12359,0.5,18; 29; 28; 8; 24; 79; 58; 83; 62; 75
64,78,0.08459,0.82051,65; 64; 29; 45; 51; 52; 78; 49; 80; 83
26,78,0.10241,0.33333,81; 26; 36; 21; 83; 48; 78; 61; 26; 62
33,41,0.13263,0.80488,51; 33; 64; 51; 6; 21; 41; 40; 49; 69
21,71,0.10388,0.29577,16; 21; 65; 45; 53; 73; 71; 74; 72; 60
64,74,0.08719,0.86486,72; 64; 25; 8; 54; 80; 74; 71; 58; 75
22,66,0.10506,0.33333,52; 22; 28; 70; 60; 50; 66; 33; 6; 24
35,61,0.11418,0.57377,72; 35; 39; 38; 9; 51; 61; 64; 70; 29
24,79,0.1019,0.3038,23; 24; 49; 70; 85; 16; 79; 58; 34; 20
27,83,0.09343,0.3253,54; 27; 52; 41; 21; 74; 83; 32; 47; 7
23,66,0.11188,0.34848,79; 23; 55; 85; 76; 51; 66; 56; 45; 19
18,62,0.11933,0.29032,41; 18; 57; 85; 42; 77; 62; 62; 80; 44
8,10,0.13744,0.8,7; 8; 41; 78; 53; 31; 10; 25; 33; 32
18,51,0.12536,0.35294,74; 18; 70; 48; 29; 32; 51; 46; 44; 36
18,60,0.10944,0.3,63; 18; 50; 56; 56; 77; 60; 64; 24; 23
27,47,0.13756,0.57447,69; 27; 83; 41; 63; 17; 47; 81; 23; 7
28,76,0.10629,0.36842,46; 28; 10; 24; 54; 8; 76; 60; 44; 59
15,46,0.13558,0.32609,5; 15; 68; 65; 11; 74; 46; 51; 12; 24
23,69,0.10545,0.33333,11; 23; 66; 16; 42; 85; 69; 9; 27; 77
20,83,0.08526,0.24096,68; 20; 26; 55; 57; 69; 83; 9; 62; 12
61,76,0.08759,0.80263,75; 61; 71; 84; 79; 72; 76; 13; 75; 13
43,77,0.10395,0.55844,39; 43; 60; 24; 82; 42; 77; 41; 7; 43
49,60,0.11435,0.81667,63; 49; 22; 19; 13; 46; 60; 31; 78; 63
11,31,0.13436,0.35484,56; 11; 76; 30; 50; 34; 31; 24; 9; 9
18,74,0.09674,0.24324,25; 18; 78; 75; 59; 74; 74; 29; 24; 78
24,28,0.13402,0.85714,48; 24; 67; 39; 6; 10; 28; 69; 23; 7
25,79,0.10182,0.31646,50; 25; 34; 74; 7; 20; 79; 43; 16; 55
12,42,0.13872,0.28571,49; 12; 7; 27; 44; 27; 42; 36; 37; 54
28,75,0.10691,0.37333,38; 28; 9; 42; 46; 77; 75; 53; 67; 26
16,43,0.13473,0.37209,34; 16; 26; 72; 19; 12; 43; 14; 37; 23
25,78,0.10512,0.32051,47; 25; 5; 61; 12; 80; 78; 12; 14; 84
38,48,0.1345,0.79167,80; 38; 45; 60; 40; 63; 48; 34; 24; 12
18,62,0.11294,0.29032,60; 18; 74; 32; 47; 35; 62; 10; 51; 67
63,77,0.08772,0.81818,54; 63; 71; 61; 41; 50; 77; 7; 58; 43
68,85,0.0759,0.8,25; 68; 44; 22; 57; 68; 85; 70; 27; 32
18,54,0.12329,0.33333,73; 18; 83; 26; 77; 8; 54; 77; 81; 34
66,82,0.08314,0.80488,82; 66; 21; 22; 26; 71; 82; 49; 65; 47
30,81,0.10288,0.37037,23; 30; 11; 85; 39; 72; 81; 32; 31; 82
21,74,0.09913,0.28378,67; 21; 40; 9; 24; 73; 74; 65; 29; 39
7,29,0.12759,0.24138,22; 7; 47; 82; 59; 49; 29; 21; 60; 45
31,83,0.09194,0.37349,38; 31; 70; 62; 71; 63; 83; 55; 81; 26
10,36,0.14296,0.27778,23; 10; 23; 53; 47; 40; 36; 80; 11; 33
18,49,0.12618,0.36735,37; 18; 25; 35; 42; 71; 49; 84; 40; 76
44,56,0.12407,0.78571,18; 44; 44; 70; 55; 27; 56; 65; 15; 11
20,80,0.10039,0.25,76; 20; 60; 8; 8; 27; 80; 7; 30; 37
22,80,0.0935,0.275,28; 22; 11; 23; 26; 72; 80; 74; 22; 82
12,24,0.13735,0.5,19; 12; 43; 33; 20; 8; 24; 19; 23; 32
64,78,0.08994,0.82051,63; 64; 23; 22; 68; 9; 78; 11; 10; 26
43,54,0.13124,0.7963,23; 43; 24; 51; 11; 32; 54; 78; 45; 49
23,65,0.11483,0.35385,82; 23; 36; 65; 34; 38; 65; 35; 44; 26
19,77,0.09766,0.24675,45; 19; 57; 16; 32; 19; 77; 65; 81; 12
57,71,0.0975,0.80282,18; 57; 13; 41; 62; 61; 71; 79; 39; 34
66,79,0.08108,0.83544,20; 66; 70; 66; 49; 70; 79; 28; 26; 28
43,51,0.12842,0.84314,37; 43; 14; 73; 64; 38; 51; 75; 47; 45
8,33,0.13999,0.24242,60; 8; 32; 41; 16; 13; 33; 6; 43; 34
10,40,0.14057,0.25,18; 10; 50; 64; 21; 83; 40; 53; 14; 77
10,31,0.13174,0.32258,52; 10; 68; 25; 53; 24; 31; 32; 65; 33
18,60,0.11445,0.3,5; 18; 17; 65; 13; 24; 60; 36; 16; 11
62,78,0.0886,0.79487,85; 62; 37; 13; 46; 12; 78; 73; 81; 16
27,78,0.10409,0.34615,66; 27; 40; 81; 15; 10; 78; 60; 6; 23
15,53,0.1299,0.28302,75; 15; 9; 84; 19; 9; 53; 44; 43; 72
58,71,0.10007,0.8169,30; 58; 21; 49; 24; 60; 71; 24; 22; 8
9,26,0.1404,0.34615,38; 9; 64; 23; 77; 44; 26; 62; 28; 5
7,21,0.12788,0.33333,18; 7; 33; 74; 40; 30; 21; 31; 46; 32
49,62,0.11422,0.79032,77; 49; 15; 81; 67; 22; 62; 7; 49; 68
12,51,0.13263,0.23529,79; 12; 20; 66; 14; 11; 51; 61; 76; 39
49,62,0.11473,0.79032,22; 49; 60; 19; 19; 44; 62; 10; 5; 43
63,79,0.08694,0.79747,38; 63; 68; 78; 10; 49; 79; 58; 78; 84
45,56,0.11864,0.80357,60; 45; 74; 83; 55; 34; 56; 79; 64; 75
25,54,0.12925,0.46296,27; 25; 56; 25; 58; 78; 54; 64; 70; 25
11,34,0.14254,0.32353,49; 11; 55; 29; 40; 8; 34; 72; 53; 29
59,75,0.09775,0.78667,62; 59; 48; 58; 50; 73; 75; 84; 39; 51
27,48,0.13703,0.5625,73; 27; 82; 75; 19; 11; 48; 12; 63; 30
50,58,0.11807,0.86207,75; 50; 56; 38; 17; 19; 58; 25; 8; 39
14,58,0.12277,0.24138,28; 14; 27; 30; 35; 41; 58; 40; 57; 25
49,60,0.11966,0.81667,30; 49; 66; 40; 36; 77; 60; 64; 65; 32
22,79,0.09032,0.27848,82; 22; 60; 26; 8; 78; 79; 41; 6; 28
16,67,0.10528,0.23881,16; 16; 54; 10; 18; 61; 67; 79; 65; 70
43,54,0.1376,0.7963,34; 43; 46; 78; 80; 22; 54; 36; 55; 22
16,54,0.12465,0.2963,82; 16; 19; 72; 84; 23; 54; 46; 23; 44
17,34,0.13019,0.5,81; 17; 71; 72; 50; 46; 34; 35; 26; 82
11,22,0.13434,0.5,52; 11; 44; 83; 16; 45; 22; 7; 22; 41
6,21,0.11483,0.28571,57; 6; 45; 13; 28; 49; 21; 37; 23; 26
58,71,0.09132,0.8169,56; 58; 57; 13; 76; 16; 71; 11; 67; 60
38,44,0.13475,0.86364,81; 38; 76; 12; 43; 75; 44; 27; 74; 63
15,47,0.1384,0.31915,24; 15; 72; 83; 54; 6; 47; 41; 77; 33
38,83,0.09634,0.45783,29; 38; 24; 85; 75; 67; 83; 32; 39; 31
13,44,0.13636,0.29545,20; 13; 19; 10; 43; 81; 44; 10; 64; 42
15,45,0.13396,0.33333,54; 15; 84; 72; 20; 55; 45; 18; 48; 45
25,51,0.136,0.4902,21; 25; 70; 57; 33; 10; 51; 19; 64; 66
5,17,0.10473,0.29412,80; 5; 80; 75; 42; 47; 17; 84; 41; 25
55,67,0.10357,0.8209,36; 55; 48; 37; 55; 31; 67; 19; 83; 47
52,66,0.10881,0.78788,84; 52; 14; 78; 77; 38; 66; 27; 79; 72
33,42,0.13515,0.78571,15; 33; 46; 61; 30; 19; 42; 34; 25; 37
17,69,0.10558,0.24638,76; 17; 71; 22; 16; 42; 69; 9; 80; 12
30,65,0.11772,0.46154,8; 30; 7; 53; 74; 47; 65; 39; 11; 82
43,77,0.10901,0.55844,69; 43; 73; 85; 41; 46; 77; 11; 47; 26
14,38,0.13177,0.36842,31; 14; 10; 80; 25; 24; 38; 16; 17; 5
12,37,0.14498,0.32432,11; 12; 18; 69; 81; 44; 37; 43; 53; 12
24,81,0.09769,0.2963,66; 24; 82; 24; 23; 45; 81; 50; 57; 13
29,78,0.10442,0.37179,21; 29; 32; 45; 71; 41; 78; 16; 62; 39
15,52,0.12863,0.28846,76; 15; 67; 35; 6; 68; 52; 45; 82; 9
26,71,0.10277,0.3662,53; 26; 24; 23; 32; 20; 71; 62; 66; 9
18,60,0.11674,0.3,72; 18; 81; 59; 49; 51; 60; 38; 81; 71
21,76,0.1034,0.27632,29; 21; 81; 79; 60; 61; 76; 70; 47; 81
46,55,0.13158,0.83636,52; 46; 84; 5; 73; 81; 55; 41; 46; 28
15,59,0.1178,0.25424,74; 15; 18; 54; 22; 80; 59; 19; 5; 28
21,83,0.08943,0.25301,52; 21; 82; 50; 83; 36; 83; 70; 54; 37
50,58,0.12367,0.86207,31; 50; 9; 45; 17; 50; 58; 49; 15; 54
51,61,0.11628,0.83607,83; 51; 30; 55; 63; 82; 61; 81; 26; 53
27,73,0.10996,0.36986,69; 27; 35; 56; 63; 69; 73; 19; 68; 71
50,58,0.11419,0.86207,82; 50; 41; 23; 49; 73; 58; 39; 16; 29
5,9,0.10905,0.55556,11; 5; 84; 35; 46; 66; 9; 81; 32; 77
48,60,0.12064,0.8,72; 48; 39; 24; 53; 67; 60; 55; 24; 82
39,79,0.10712,0.49367,38; 39; 13; 55; 78; 5; 79; 45; 80; 45
35,61,0.12701,0.57377,15; 35; 85; 74; 34; 63; 61; 53; 7; 13
20,81,0.08971,0.24691,81; 20; 10; 48; 84; 19; 81; 43; 47; 13
17,57,0.12251,0.29825,12; 17; 14; 39; 35; 61; 57; 58; 58; 82
22,78,0.09788,0.28205,52; 22; 41; 31; 11; 55; 78; 76; 83; 72
22,44,0.13156,0.5,42; 22; 81; 67; 17; 64; 44; 62; 31; 51
15,41,0.13567,0.36585,81; 15; 12; 38; 68; 33; 41; 71; 68; 49
13,55,0.12752,0.23636,13; 13; 85; 21; 39; 75; 55; 20; 72; 28
21,76,0.09018,0.27632,48; 21; 38; 58; 84; 22; 76; 37; 85; 21
13,51,0.12911,0.2549,65; 13; 47; 27; 52; 50; 51; 23; 14; 54
25,72,0.10843,0.34722,70; 25; 72; 66; 39; 73; 72; 41; 65; 11
61,77,0.08628,0.79221,46; 61; 28; 34; 34; 81; 77; 84; 42; 25
8,23,0.12835,0.34783,61; 8; 66; 76; 13; 9; 23; 46; 17; 58
11,24,0.1339,0.45833,55; 11; 72; 14; 49; 73; 24; 81; 36; 16
15,30,0.13265,0.5,19; 15; 51; 31; 24; 33; 30; 59; 74; 64
10,18,0.13744,0.55556,11; 10; 63; 30; 48; 45; 18; 84; 51; 35
15,47,0.13813,0.31915,69; 15; 60; 35; 68; 66; 47; 53; 17; 33
16,58,0.12644,0.27586,32; 16; 17; 61; 64; 12; 58; 57; 35; 78
5,17,0.10629,0.29412,33; 5; 50; 47; 23; 81; 17; 54; 60; 18
8,25,0.12806,0.32,36; 8; 9; 43; 74; 14; 25; 63; 42; 30
6,7,0.11433,0.85714,31; 6; 25; 83; 47; 43; 7; 82; 81; 26
22,73,0.0998,0.30137,77; 22; 20; 31; 27; 70; 73; 18; 49; 31
33,71,0.1081,0.46479,18; 33; 53; 36; 64; 18; 71; 32; 62; 5
27,32,0.13132,0.84375,81; 27; 39; 23; 33; 84; 32; 59; 83; 66
18,65,0.10944,0.27692,10; 18; 76; 68; 34; 71; 65; 74; 30; 72
55,64,0.10897,0.85938,48; 55; 69; 25; 11; 46; 64; 6; 23; 17
68,81,0.08087,0.83951,10; 68; 82; 17; 22; 24; 81; 38; 53; 80
20,54,0.12462,0.37037,80; 20; 20; 49; 84; 83; 54; 65; 34; 19
14,50,0.12891,0.28,13; 14; 13; 34; 57; 60; 50; 78; 54; 59
18,64,0.107,0.28125,75; 18; 35; 62; 19; 64; 64; 40; 6; 77
25,76,0.10089,0.32895,30; 25; 62; 22; 12; 26; 76; 60; 50; 77
14,46,0.13216,0.30435,55; 14; 47; 8; 29; 14; 46; 40; 12; 73
17,58,0.11822,0.2931,60; 17; 31; 56; 9; 23; 58; 40; 73; 82
34,68,0.11309,0.5,6; 34; 51; 84; 8; 36; 68; 10; 28; 36
5,10,0.10266,0.5,28; 5; 7; 58; 41; 20; 10; 22; 57; 20
18,55,0.12122,0.32727,6; 18; 40; 32; 73; 76; 55; 58; 27; 64
7,19,0.12516,0.36842,79; 7; 32; 62; 67; 47; 19; 7; 53; 7
60,70,0.09745,0.85714,63; 60; 15; 33; 69; 74; 70; 28; 19; 23
17,35,0.13527,0.48571,10; 17; 57; 16; 74; 26; 35; 33; 15; 16
11,31,0.13722,0.35484,19; 11; 61; 44; 37; 36; 31; 36; 69; 83
17,58,0.1231,0.2931,29; 17; 23; 46; 45; 67; 58; 36; 75; 13
55,64,0.10468,0.85938,8; 55; 52; 10; 26; 61; 64; 76; 81; 6
41,52,0.13008,0.78846,7; 41; 32; 12; 68; 84; 52; 79; 51; 25
15,62,0.11556,0.24194,75; 15; 31; 13; 51; 62; 62; 12; 46; 83
22,78,0.09901,0.28205,18; 22; 20; 60; 25; 46; 78; 8; 62; 45
16,20,0.13034,0.8,43; 16; 28; 64; 47; 51; 20; 8; 84; 66
47,82,0.10458,0.57317,42; 47; 43; 46; 58; 14; 82; 63; 39; 80
34,60,0.11847,0.56667,83; 34; 69; 65; 51; 45; 60; 82; 78; 78
18,49,0.12985,0.36735,27; 18; 75; 33; 47; 73; 49; 60; 51; 72
24,76,0.1019,0.31579,14; 24; 71; 64; 13; 72; 76; 39; 68; 51
65,79,0.08404,0.82278,71; 65; 76; 23; 82; 24; 79; 51; 25; 82
12,24,0.13416,0.5,42; 12; 46; 23; 72; 34; 24; 69; 65; 44
59,70,0.10023,0.84286,15; 59; 64; 81; 40; 37; 70; 50; 33; 39
22,73,0.09514,0.30137,7; 22; 45; 21; 5; 43; 73; 78; 77; 65
9,31,0.146,0.29032,81; 9; 57; 21; 31; 13; 31; 26; 24; 79
39,78,0.104,0.5,59; 39; 6; 78; 53; 61; 78; 11; 52; 15
62,76,0.08294,0.81579,17; 62; 14; 40; 32; 23; 76; 49; 64; 84
34,70,0.10981,0.48571,15; 34; 7; 64; 44; 77; 70; 75; 40; 17
31,83,0.10232,0.37349,30; 31; 75; 73; 42; 82; 83; 6; 21; 14
9,28,0.14169,0.32143,51; 9; 31; 10; 20; 64; 28; 56; 25; 82
6,18,0.11236,0.33333,78; 6; 27; 5; 75; 72; 18; 7; 62; 74
19,75,0.10259,0.25333,27; 19; 61; 84; 80; 76; 75; 14; 61; 16
18,32,0.12844,0.5625,5; 18; 54; 47; 49; 44; 32; 8; 65; 78
23,63,0.11312,0.36508,30; 23; 66; 54; 44; 7; 63; 68; 46; 40
64,76,0.08462,0.84211,66; 64; 47; 34; 80; 47; 76; 12; 53; 46
9,11,0.14403,0.81818,49; 9; 60; 67; 58; 43; 11; 26; 70; 47
17,67,0.10977,0.25373,27; 17; 13; 20; 45; 71; 67; 58; 28; 15
16,66,0.10639,0.24242,85; 16; 24; 82; 18; 43; 66; 11; 29; 49
24,69,0.11506,0.34783,59; 24; 23; 81; 84; 15; 69; 73; 19; 28
31,38,0.13568,0.81579,45; 31; 37; 45; 82; 67; 38; 27; 11; 62
64,80,0.0821,0.8,62; 64; 23; 53; 12; 6; 80; 28; 34; 70
19,22,0.12894,0.86364,81; 19; 73; 44; 35; 80; 22; 42; 23; 64
23,47,0.13876,0.48936,24; 23; 52; 12; 71; 81; 47; 81; 51; 37
13,47,0.13444,0.2766,64; 13; 36; 12; 25; 43; 47; 40; 19; 66
23,62,0.11711,0.37097,53; 23; 69; 68; 24; 51; 62; 46; 82; 56
13,35,0.13489,0.37143,62; 13; 42; 13; 45; 11; 35; 23; 43; 39
13,39,0.13686,0.33333,82; 13; 26; 22; 67; 9; 39; 17; 43; 74
8,25,0.13406,0.32,73; 8; 21; 35; 77; 18; 25; 19; 41; 55
12,14,0.14042,0.85714,68; 12; 52; 81; 76; 39; 14; 10; 65; 9
7,29,0.12671,0.24138,54; 7; 20; 17; 45; 84; 29; 12; 76; 83
23,83,0.08566,0.27711,13; 23; 85; 51; 79; 15; 83; 77; 24; 6
47,57,0.1236,0.82456,20; 47; 55; 59; 41; 83; 57; 79; 33; 29
16,63,0.11189,0.25397,19; 16; 31; 74; 43; 60; 63; 15; 15; 36
28,34,0.14026,0.82353,51; 28; 9; 18; 64; 34; 34; 84; 42; 18
48,61,0.12438,0.78689,61; 48; 73; 56; 7; 51; 61; 41; 41; 74
19,24,0.1304,0.79167,10; 19; 16; 64; 13; 39; 24; 19; 13; 5
24,73,0.10742,0.32877,46; 24; 84; 68; 10; 25; 73; 23; 52; 72
28,49,0.13774,0.57143,58; 28; 70; 16; 75; 35; 49; 22; 53; 38
35,71,0.11702,0.49296,65; 35; 27; 81; 33; 17; 71; 55; 37; 84
67,85,0.07356,0.78824,9; 67; 49; 31; 51; 5; 85; 47; 73; 6
20,80,0.09353,0.25,31; 20; 78; 35; 35; 49; 80; 8; 36; 73
34,43,0.13527,0.7907,52; 34; 64; 41; 49; 8; 43; 19; 16; 49
42,49,0.12854,0.85714,39; 42; 62; 78; 53; 81; 49; 41; 14; 30
64,80,0.08424,0.8,36; 64; 48; 64; 46; 40; 80; 80; 17; 44
20,68,0.10331,0.29412,57; 20; 48; 80; 79; 34; 68; 41; 6; 38
12,38,0.13129,0.31579,29; 12; 79; 76; 35; 52; 38; 69; 37; 85
15,27,0.13037,0.55556,44; 15; 70; 26; 27; 32; 27; 62; 42; 25
16,46,0.13196,0.34783,28; 16; 68; 61; 70; 37; 46; 52; 57; 18
34,69,0.11244,0.49275,17; 34; 79; 33; 66; 24; 69; 38; 52; 49
13,47,0.13895,0.2766,11; 13; 84; 80; 19; 54; 47; 40; 72; 53
36,78,0.10176,0.46154,31; 36; 76; 45; 76; 70; 78; 8; 16; 47
16,65,0.11133,0.24615,73; 16; 73; 13; 59; 70; 65; 21; 36; 81
57,72,0.09305,0.79167,37; 57; 26; 59; 10; 61; 72; 16; 61; 54
19,51,0.13037,0.37255,55; 19; 38; 28; 51; 37; 51; 77; 44; 43
31,67,0.11198,0.46269,43; 31; 75; 31; 17; 14; 67; 74; 51; 63
9,27,0.14269,0.33333,38; 9; 76; 12; 42; 52; 27; 30; 64; 8
57,68,0.10116,0.83824,45; 57; 60; 62; 19; 59; 68; 47; 34; 38
60,70,0.09728,0.85714,73; 60; 43; 27; 82; 83; 70; 34; 46; 24
37,65,0.11817,0.56923,33; 37; 62; 17; 36; 40; 65; 57; 20; 13
12,48,0.13263,0.25,73; 12; 16; 64; 36; 16; 48; 82; 11; 5
26,53,0.12365,0.49057,17; 26; 71; 12; 19; 68; 53; 74; 38; 66
45,57,0.12496,0.78947,7; 45; 29; 79; 26; 83; 57; 51; 67; 22
44,79,0.10481,0.55696,9; 44; 9; 32; 44; 52; 79; 44; 75; 78
64,81,0.07735,0.79012,58; 64; 74; 32; 38; 9; 81; 12; 42; 49
35,70,0.11287,0.5,57; 35; 70; 58; 10; 37; 70; 81; 77; 56
17,60,0.12105,0.28333,37; 17; 16; 26; 9; 37; 60; 12; 16; 70
7,19,0.12186,0.36842,66; 7; 47; 68; 20; 56; 19; 59; 36; 7
11,30,0.13973,0.36667,49; 11; 27; 11; 46; 84; 30; 81; 40; 47
11,39,0.14092,0.28205,35; 11; 47; 45; 73; 30; 39; 19; 35; 20
8,23,0.12831,0.34783,48; 8; 43; 50; 79; 55; 23; 57; 75; 47
19,59,0.11119,0.32203,52; 19; 50; 18; 52; 65; 59; 53; 79; 34
59,72,0.09418,0.81944,63; 59; 53; 76; 27; 54; 72; 52; 64; 54
13,53,0.12643,0.24528,34; 13; 60; 73; 38; 69; 53; 74; 50; 12
15,54,0.12573,0.27778,11; 15; 51; 7; 43; 6; 54; 63; 34; 5
23,77,0.09881,0.2987,16; 23; 34; 30; 10; 28; 77; 6; 29; 81
12,49,0.12919,0.2449,24; 12; 43; 8; 21; 19; 49; 50; 26; 70
32,69,0.10691,0.46377,57; 32; 36; 69; 50; 13; 69; 29; 23; 19
27,73,0.11001,0.36986,78; 27; 48; 75; 42; 39; 73; 25; 77; 60
40,70,0.10846,0.57143,27; 40; 15; 52; 40; 24; 70; 73; 67; 59
15,61,0.11894,0.2459,50; 15; 24; 43; 18; 36; 61; 6; 8; 22
6,21,0.1104,0.28571,57; 6; 32; 70; 29; 28; 21; 70; 11; 58
12,36,0.14398,0.33333,74; 12; 57; 20; 8; 7; 36; 44; 41; 19
5,17,0.10784,0.29412,72; 5; 77; 39; 5; 29; 17; 75; 48; 58
21,85,0.08831,0.24706,23; 21; 7; 5; 73; 85; 85; 85; 12; 62
12,26,0.13367,0.46154,22; 12; 12; 79; 67; 65; 26; 54; 63; 18
39,79,0.1133,0.49367,84; 39; 63; 16; 21; 62; 79; 50; 31; 59
15,19,0.13554,0.78947,52; 15; 45; 31; 45; 62; 19; 40; 26; 78
17,46,0.12289,0.36957,34; 17; 37; 81; 5; 47; 46; 54; 78; 82
15,30,0.1336,0.5,29; 15; 27; 71; 8; 27; 30; 5; 83; 34
16,49,0.1276,0.32653,21; 16; 6; 67; 76; 15; 49; 54; 85; 85
41,72,0.10658,0.56944,52; 41; 81; 41; 78; 85; 72; 66; 79; 31
11,38,0.14335,0.28947,52; 11; 31; 49; 18; 20; 38; 68; 77; 60
48,60,0.12093,0.8,12; 48; 44; 74; 73; 11; 60; 58; 47; 45
22,76,0.09678,0.28947,28; 22; 81; 53; 12; 43; 76; 57; 14; 66
26,53,0.12369,0.49057,9; 26; 73; 78; 43; 73; 53; 17; 41; 17
27,77,0.1049,0.35065,49; 27; 57; 26; 28; 14; 77; 67; 49; 31
38,48,0.13061,0.79167,28; 38; 78; 69; 31; 74; 48; 67; 29; 64
8,32,0.13523,0.25,74; 8; 83; 73; 26; 32; 32; 81; 12; 16
16,68,0.10928,0.23529,74; 16; 51; 69; 9; 18; 68; 77; 71; 5
70,83,0.07287,0.84337,84; 70; 63; 24; 31; 15; 83; 80; 48; 72
15,52,0.13066,0.28846,72; 15; 83; 39; 15; 22; 52; 9; 20; 27
27,47,0.13561,0.57447,84; 27; 10; 44; 21; 50; 47; 21; 49; 36
16,35,0.13708,0.45714,50; 16; 12; 29; 30; 75; 35; 8; 53; 61
7,22,0.12129,0.31818,45; 7; 20; 36; 76; 10; 22; 43; 51; 83
8,33,0.14011,0.24242,26; 8; 34; 13; 54; 60; 33; 49; 12; 65
17,67,0.10999,0.25373,85; 17; 49; 71; 78; 38; 67; 75; 39; 35
13,46,0.1402,0.28261,22; 13; 58; 12; 70; 48; 46; 35; 57; 9
67,80,0.07873,0.8375,55; 67; 59; 70; 22; 72; 80; 18; 26; 48
40,71,0.11039,0.56338,10; 40; 37; 27; 7; 56; 71; 12; 5; 58
24,72,0.10758,0.33333,57; 24; 56; 73; 44; 10; 72; 12; 10; 35
5,10,0.097,0.5,10; 5; 22; 18; 9; 54; 10; 54; 19; 28
8,23,0.13245,0.34783,56; 8; 22; 70; 25; 23; 23; 26; 11; 46
14,49,0.13158,0.28571,82; 14; 84; 20; 25; 74; 49; 55; 43; 52
37,75,0.10309,0.49333,6; 37; 51; 33; 12; 49; 75; 71; 34; 63
33,59,0.11617,0.55932,11; 33; 16; 11; 43; 27; 59; 9; 84; 11
25,79,0.11015,0.31646,65; 25; 13; 54; 42; 26; 79; 23; 15; 19
43,76,0.1046,0.56579,36; 43; 67; 44; 36; 8; 76; 43; 85; 85
7,14,0.12126,0.5,57; 7; 29; 46; 13; 61; 14; 28; 45; 71
8,10,0.13598,0.8,6; 8; 57; 26; 12; 43; 10; 33; 26; 53
11,44,0.13871,0.25,63; 11; 19; 27; 5; 28; 44; 42; 80; 43
45,81,0.09331,0.55556,55; 45; 25; 35; 33; 20; 81; 9; 27; 34
21,71,0.10151,0.29577,76; 21; 22; 80; 34; 47; 71; 53; 59; 41
22,69,0.10077,0.31884,55; 22; 42; 81; 26; 29; 69; 12; 23; 27
71,83,0.0748,0.85542,72; 71; 45; 52; 61; 63; 83; 21; 42; 23
11,24,0.14069,0.45833,61; 11; 46; 62; 65; 16; 24; 69; 56; 13
6,20,0.11624,0.3,42; 6; 63; 6; 12; 60; 20; 53; 15; 14
17,67,0.10079,0.25373,20; 17; 37; 30; 61; 68; 67; 58; 59; 31
21,60,0.1157,0.35,30; 21; 59; 35; 7; 81; 60; 43; 39; 6
16,54,0.12971,0.2963,12; 16; 54; 85; 76; 15; 54; 72; 38; 12
38,68,0.10642,0.55882,32; 38; 11; 44; 69; 71; 68; 45; 72; 38
51,59,0.1216,0.86441,42; 51; 81; 65; 19; 83; 59; 76; 61; 69
19,66,0.10651,0.28788,23; 19; 13; 8; 10; 31; 66; 34; 18; 83
18,51,0.12381,0.35294,40; 18; 74; 50; 16; 35; 51; 17; 29; 28
6,18,0.11022,0.33333,10; 6; 5; 45; 66; 40; 18; 49; 74; 22
16,65,0.12102,0.24615,27; 16; 78; 51; 9; 79; 65; 10; 56; 60
53,67,0.10558,0.79104,57; 53; 25; 38; 38; 47; 67; 79; 63; 65
21,37,0.13213,0.56757,32; 21; 48; 70; 29; 49; 37; 72; 45; 17
68,83,0.07926,0.81928,84; 68; 85; 12; 11; 12; 83; 83; 82; 67
21,84,0.08573,0.25,46; 21; 71; 48; 72; 83; 84; 6; 40; 39
17,60,0.11998,0.28333,23; 17; 54; 46; 40; 71; 60; 5; 7; 41
36,42,0.13552,0.85714,20; 36; 82; 59; 63; 28; 42; 80; 57; 57
24,85,0.08931,0.28235,80; 24; 32; 10; 22; 66; 85; 83; 66; 68
43,54,0.13497,0.7963,52; 43; 81; 23; 43; 47; 54; 7; 75; 19
24,84,0.08747,0.28571,22; 24; 15; 56; 26; 74; 84; 81; 49; 7
23,82,0.09275,0.28049,73; 23; 40; 60; 59; 78; 82; 64; 7; 48
12,38,0.13891,0.31579,70; 12; 84; 37; 75; 52; 38; 41; 25; 35
27,84,0.09728,0.32143,9; 27; 69; 42; 77; 23; 84; 29; 33; 12
12,34,0.13614,0.35294,5; 12; 34; 10; 35; 33; 34; 44; 41; 64
29,58,0.12678,0.5,50; 29; 15; 74; 79; 53; 58; 52; 38; 65
22,48,0.13588,0.45833,69; 22; 48; 52; 34; 59; 48; 10; 18; 77
15,62,0.1231,0.24194,85; 15; 5; 28; 82; 37; 62; 41; 51; 37
63,79,0.08573,0.79747,37; 63; 33; 68; 66; 67; 79; 12; 57; 70
13,46,0.13749,0.28261,49; 13; 81; 56; 27; 44; 46; 60; 72; 5
37,46,0.13514,0.80435,24; 37; 63; 53; 69; 23; 46; 37; 26; 45
29,63,0.11209,0.46032,64; 29; 27; 8; 75; 66; 63; 28; 15; 10
12,24,0.13926,0.5,41; 12; 30; 53; 53; 9; 24; 84; 10; 9
33,67,0.11486,0.49254,66; 33; 75; 48; 59; 21; 67; 55; 18; 47
65,79,0.08347,0.82278,74; 65; 14; 32; 42; 11; 79; 59; 74; 46
6,7,0.10256,0.85714,55; 6; 12; 20; 61; 7; 7; 42; 66; 56
11,44,0.13957,0.25,46; 11; 66; 67; 39; 81; 44; 53; 70; 41
30,60,0.12862,0.5,59; 30; 45; 29; 22; 14; 60; 61; 5; 42
44,78,0.09877,0.5641,35; 44; 68; 44; 48; 37; 78; 19; 9; 23
25,78,0.10416,0.32051,82; 25; 12; 9; 59; 47; 78; 81; 81; 57
21,43,0.13096,0.48837,38; 21; 66; 35; 76; 37; 43; 27; 54; 10
25,78,0.09209,0.32051,28; 25; 47; 67; 25; 8; 78; 59; 67; 73
9,31,0.14272,0.29032,65; 9; 47; 60; 56; 18; 31; 35; 10; 81
23,77,0.0984,0.2987,5; 23; 82; 44; 56; 67; 77; 15; 37; 13
59,70,0.09669,0.84286,61; 59; 11; 51; 65; 79; 70; 51; 45; 56
21,76,0.09491,0.27632,43; 21; 7; 25; 31; 84; 76; 9; 48; 53
23,82,0.09559,0.28049,22; 23; 65; 76; 20; 18; 82; 6; 70; 27
34,70,0.1058,0.48571,75; 34; 6; 71; 9; 36; 70; 11; 9; 82
72,84,0.07608,0.85714,30; 72; 79; 61; 58; 65; 84; 70; 44; 76
15,61,0.11808,0.2459,26; 15; 59; 79; 15; 23; 61; 29; 43; 73
12,21,0.14136,0.57143,80; 12; 51; 9; 50; 28; 21; 15; 33; 46
28,85,0.09779,0.32941,82; 28; 35; 27; 55; 28; 85; 14; 55; 76
16,57,0.12163,0.2807,6; 16; 31; 78; 66; 30; 57; 9; 12; 12
52,65,0.11376,0.8,38; 52; 20; 82; 15; 39; 65; 65; 59; 19
24,74,0.1099,0.32432,28; 24; 30; 35; 15; 20; 74; 63; 52; 22
23,76,0.08805,0.30263,21; 23; 31; 64; 5; 53; 76; 45; 21; 25
23,29,0.12498,0.7931,14; 23; 85; 71; 6; 25; 29; 33; 26; 82
21,69,0.10809,0.30435,33; 21; 35; 61; 17; 49; 69; 46; 9; 38
22,73,0.10509,0.30137,75; 22; 29; 60; 70; 20; 73; 11; 62; 79
13,51,0.13547,0.2549,40; 13; 9; 81; 83; 22; 51; 85; 37; 62
24,49,0.1332,0.4898,77; 24; 68; 19; 52; 77; 49; 24; 39; 76
44,79,0.10106,0.55696,65; 44; 21; 50; 82; 49; 79; 35; 30; 43
27,59,0.11126,0.45763,19; 27; 43; 56; 70; 35; 59; 53; 38; 21
29,78,0.10214,0.37179,29; 29; 28; 25; 60; 35; 78; 20; 23; 70
14,46,0.13336,0.30435,8; 14; 47; 40; 55; 63; 46; 85; 33; 36
7,28,0.13149,0.25,20; 7; 29; 9; 17; 74; 28; 57; 84; 61
20,85,0.09002,0.23529,39; 20; 74; 61; 23; 70; 85; 26; 28; 41
44,56,0.12813,0.78571,83; 44; 63; 69; 36; 47; 56; 64; 12; 21
21,65,0.10855,0.32308,12; 21; 15; 30; 18; 9; 65; 26; 34; 21
7,20,0.11813,0.35,74; 7; 38; 60; 46; 83; 20; 52; 49; 65
6,13,0.11832,0.46154,7; 6; 73; 58; 67; 51; 13; 79; 83; 68
21,42,0.13717,0.5,7; 21; 56; 61; 21; 73; 42; 7; 61; 25
31,63,0.11975,0.49206,18; 31; 33; 63; 55; 81; 63; 8; 70; 28
9,38,0.14507,0.23684,34; 9; 14; 25; 79; 64; 38; 53; 34; 8
20,61,0.11657,0.32787,46; 20; 46; 84; 30; 33; 61; 43; 34; 75
26,71,0.10642,0.3662,74; 26; 13; 25; 22; 57; 71; 22; 62; 45
31,84,0.09846,0.36905,41; 31; 84; 75; 36; 63; 84; 49; 36; 32
27,83,0.08657,0.3253,69; 27; 59; 61; 65; 52; 83; 74; 48; 19
59,69,0.09573,0.85507,73; 59; 8; 9; 49; 74; 69; 38; 39; 66
21,43,0.13764,0.48837,35; 21; 57; 9; 52; 8; 43; 25; 18; 54
30,85,0.09407,0.35294,39; 30; 47; 71; 26; 31; 85; 37; 82; 57
28,81,0.09444,0.34568,38; 28; 18; 70; 32; 36; 81; 26; 81; 39
27,83,0.09993,0.3253,16; 27; 82; 33; 19; 72; 83; 31; 48; 67
16,57,0.12731,0.2807,61; 16; 62; 43; 11; 45; 57; 71; 56; 46
25,68,0.1088,0.36765,54; 25; 5; 41; 66; 5; 68; 27; 20; 39
6,24,0.1189,0.25,30; 6; 29; 72; 38; 60; 24; 7; 58; 8
26,82,0.09609,0.31707,80; 26; 14; 59; 74; 78; 82; 54; 76; 70
18,63,0.10948,0.28571,85; 18; 40; 29; 57; 84; 63; 27; 72; 41
14,47,0.13083,0.29787,40; 14; 58; 45; 28; 22; 47; 53; 60; 21
41,72,0.10486,0.56944,9; 41; 7; 23; 27; 48; 72; 26; 58; 54
37,75,0.10801,0.49333,18; 37; 22; 61; 65; 64; 75; 58; 76; 85
22,62,0.11259,0.35484,35; 22; 28; 85; 65; 80; 62; 5; 10; 70
15,51,0.13647,0.29412,15; 15; 30; 24; 7; 18; 51; 67; 70; 20
12,14,0.13186,0.85714,60; 12; 77; 54; 11; 47; 14; 9; 63; 71
24,49,0.13532,0.4898,29; 24; 13; 62; 35; 85; 49; 84; 55; 45
27,82,0.09832,0.32927,51; 27; 37; 39; 63; 85; 82; 72; 49; 45
25,51,0.13311,0.4902,11; 25; 52; 64; 63; 37; 51; 80; 6; 47
24,48,0.13,0.5,50; 24; 48; 13; 62; 25; 48; 42; 11; 16
36,72,0.10807,0.5,76; 36; 43; 65; 70; 21; 72; 25; 33; 38
14,50,0.13074,0.28,22; 14; 74; 7; 49; 46; 50; 46; 35; 18
6,18,0.11982,0.33333,20; 6; 53; 44; 8; 62; 18; 50; 81; 25
59,69,0.10056,0.85507,49; 59; 44; 73; 31; 14; 69; 13; 46; 47
15,47,0.12553,0.31915,7; 15; 24; 25; 14; 79; 47; 12; 47; 17
10,18,0.1408,0.55556,36; 10; 42; 60; 72; 42; 18; 75; 17; 43
30,82,0.10431,0.36585,82; 30; 28; 84; 5; 83; 82; 51; 9; 70
23,71,0.10903,0.32394,66; 23; 13; 8; 52; 79; 71; 46; 70; 50
10,34,0.14335,0.29412,52; 10; 81; 63; 23; 13; 34; 74; 22; 75
69,84,0.08462,0.82143,85; 69; 61; 36; 82; 56; 84; 80; 41; 55
20,84,0.08906,0.2381,42; 20; 62; 37; 68; 72; 84; 67; 79; 72
20,69,0.1118,0.28986,45; 20; 14; 60; 9; 68; 69; 43; 84; 54
6,17,0.12204,0.35294,22; 6; 13; 34; 12; 30; 17; 83; 17; 69
47,57,0.12422,0.82456,74; 47; 48; 80; 5; 69; 57; 19; 20; 17
40,50,0.12691,0.8,61; 40; 13; 15; 33; 29; 50; 75; 39; 71
28,81,0.09845,0.34568,11; 28; 46; 29; 83; 29; 81; 24; 49; 78
64,74,0.08841,0.86486,73; 64; 73; 77; 42; 29; 74; 27; 51; 69
68,85,0.07567,0.8,45; 68; 75; 72; 33; 37; 85; 81; 69; 84
52,62,0.11461,0.83871,10; 52; 23; 83; 31; 65; 62; 10; 50; 20
22,75,0.10064,0.29333,43; 22; 6; 81; 22; 34; 75; 30; 20; 54
57,68,0.09647,0.83824,78; 57; 62; 18; 65; 28; 68; 23; 33; 53
43,76,0.10972,0.56579,78; 43; 13; 74; 37; 51; 76; 51; 12; 28
32,56,0.11504,0.57143,73; 32; 30; 65; 56; 5; 56; 49; 43; 71
19,51,0.12657,0.37255,83; 19; 28; 64; 48; 85; 51; 10; 12; 83
25,83,0.10132,0.3012,5; 25; 26; 56; 20; 42; 83; 7; 68; 76
64,74,0.08976,0.86486,81; 64; 48; 47; 81; 11; 74; 15; 14; 17
59,72,0.09487,0.81944,84; 59; 37; 70; 32; 25; 72; 46; 46; 49
25,84,0.09908,0.29762,69; 25; 44; 67; 28; 55; 84; 54; 40; 84
26,75,0.09709,0.34667,70; 26; 69; 69; 32; 85; 75; 40; 51; 23
62,78,0.09181,0.79487,45; 62; 33; 65; 33; 45; 78; 76; 17; 66
36,42,0.13346,0.85714,33; 36; 54; 78; 73; 45; 42; 42; 71; 20
23,40,0.13153,0.575,77; 23; 85; 59; 42; 19; 40; 54; 60; 37
11,37,0.13721,0.2973,80; 11; 62; 84; 73; 48; 37; 36; 36; 58
62,72,0.09055,0.86111,26; 62; 26; 31; 66; 6; 72; 51; 41; 66
22,44,0.13266,0.5,78; 22; 60; 22; 16; 78; 44; 76; 10; 61
39,79,0.09754,0.49367,27; 39; 38; 72; 35; 81; 79; 38; 25; 52
34,43,0.13243,0.7907,27; 34; 6; 30; 20; 67; 43; 43; 77; 82
67,82,0.08093,0.81707,13; 67; 74; 18; 19; 64; 82; 21; 55; 11
10,31,0.14128,0.32258,5; 10; 23; 75; 78; 71; 31; 38; 47; 49
7,22,0.12936,0.31818,68; 7; 41; 47; 66; 11; 22; 22; 39; 75
14,57,0.12082,0.24561,7; 14; 41; 52; 56; 63; 57; 70; 46; 64
39,85,0.09223,0.45882,52; 39; 45; 39; 67; 59; 85; 8; 19; 10
18,61,0.11597,0.29508,78; 18; 66; 42; 22; 68; 61; 25; 50; 79
45,55,0.1332,0.81818,17; 45; 38; 60; 40; 73; 55; 82; 33; 71
65,77,0.08522,0.84416,42; 65; 57; 68; 69; 58; 77; 24; 84; 7
19,65,0.11342,0.29231,31; 19; 8; 67; 37; 27; 65; 5; 72; 18
6,7,0.11131,0.85714,69; 6; 12; 43; 77; 18; 7; 22; 19; 18
7,23,0.13025,0.30435,69; 7; 84; 53; 75; 15; 23; 57; 43; 43
19,80,0.09928,0.2375,35; 19; 47; 23; 31; 46; 80; 51; 61; 58
23,82,0.09651,0.28049,13; 23; 19; 13; 42; 38; 82; 65; 76; 26
22,62,0.11835,0.35484,33; 22; 26; 32; 53; 69; 62; 53; 8; 70
65,77,0.08673,0.84416,81; 65; 80; 34; 33; 12; 77; 47; 44; 45
17,51,0.12953,0.33333,48; 17; 39; 68; 54; 74; 51; 6; 39; 47
28,50,0.13841,0.56,54; 28; 78; 85; 64; 81; 50; 6; 36; 7
22,66,0.11191,0.33333,18; 22; 71; 49; 9; 12; 66; 13; 54; 6
49,57,0.12479,0.85965,67; 49; 59; 17; 59; 50; 57; 6; 82; 76
27,85,0.0944,0.31765,72; 27; 42; 82; 77; 25; 85; 31; 9; 62
18,60,0.11186,0.3,14; 18; 34; 45; 14; 32; 60; 45; 10; 78
19,64,0.11406,0.29688,5; 19; 44; 21; 36; 75; 64; 52; 56; 25
37,43,0.1337,0.86047,33; 37; 59; 79; 51; 39; 43; 66; 53; 38
19,78,0.09543,0.24359,78; 19; 67; 68; 69; 37; 78; 76; 15; 82
37,44,0.13365,0.84091,27; 37; 30; 58; 79; 68; 44; 29; 15; 60
18,56,0.12473,0.32143,14; 18; 12; 75; 19; 56; 56; 52; 9; 74
20,80,0.09524,0.25,56; 20; 34; 35; 55; 68; 80; 79; 65; 15
52,62,0.11301,0.83871,85; 52; 58; 61; 36; 35; 62; 69; 11; 24
56,65,0.10624,0.86154,11; 56; 75; 21; 24; 33; 65; 37; 58; 20
31,62,0.11197,0.5,66; 31; 65; 6; 58; 75; 62; 62; 68; 6
17,71,0.10496,0.23944,48; 17; 13; 76; 7; 68; 71; 62; 26; 75
68,83,0.07334,0.81928,82; 68; 44; 56; 68; 13; 83; 79; 80; 77
21,74,0.10252,0.28378,13; 21; 53; 42; 52; 82; 74; 14; 41; 71
42,75,0.1044,0.56,38; 42; 52; 76; 25; 28; 75; 23; 68; 48
23,62,0.11926,0.37097,52; 23; 42; 20; 75; 7; 62; 29; 79; 42
34,60,0.12084,0.56667,71; 34; 17; 78; 41; 20; 60; 68; 84; 31
62,74,0.08989,0.83784,56; 62; 82; 6; 79; 23; 74; 73; 31; 9
44,77,0.10341,0.57143,58; 44; 62; 28; 83; 23; 77; 31; 36; 37
22,60,0.11507,0.36667,44; 22; 30; 68; 12; 64; 60; 11; 6; 75
17,37,0.12765,0.45946,5; 17; 42; 38; 39; 17; 37; 16; 72; 19
14,43,0.13237,0.32558,73; 14; 19; 53; 79; 26; 43; 6; 37; 39
20,57,0.1272,0.35088,26; 20; 79; 43; 75; 73; 57; 63; 6; 68
13,45,0.13819,0.28889,59; 13; 30; 71; 29; 18; 45; 30; 7; 9
49,61,0.11649,0.80328,60; 49; 6; 69; 77; 36; 61; 5; 40; 30
21,75,0.09135,0.28,54; 21; 34; 28; 71; 53; 75; 85; 45; 82
30,60,0.11542,0.5,78; 30; 45; 49; 54; 45; 60; 51; 77; 37
49,58,0.11889,0.84483,66; 49; 26; 79; 49; 11; 58; 66; 35; 7
14,46,0.13175,0.30435,62; 14; 70; 40; 10; 24; 46; 51; 19; 78
14,40,0.13796,0.35,27; 14; 14; 16; 21; 29; 40; 9; 75; 52
19,66,0.10898,0.28788,55; 19; 61; 14; 19; 14; 66; 76; 15; 14
30,53,0.12915,0.56604,42; 30; 10; 16; 38; 69; 53; 9; 77; 26
27,47,0.13635,0.57447,61; 27; 10; 42; 68; 54; 47; 19; 61; 70
14,17,0.13422,0.82353,20; 14; 24; 45; 28; 59; 17; 46; 14; 61
24,82,0.0938,0.29268,27; 24; 22; 39; 46; 24; 82; 46; 20; 84
40,81,0.08941,0.49383,64; 40; 67; 82; 56; 22; 81; 74; 69; 31
25,54,0.12383,0.46296,83; 25; 16; 8; 62; 25; 54; 74; 6; 8
13,26,0.13545,0.5,81; 13; 10; 6; 71; 71; 26; 51; 34; 65
42,51,0.12813,0.82353,18; 42; 83; 57; 43; 18; 51; 27; 80; 16
20,62,0.11866,0.32258,7; 20; 39; 73; 13; 56; 62; 38; 80; 64
61,71,0.09563,0.85915,80; 61; 63; 17; 47; 62; 71; 71; 74; 81
15,54,0.12811,0.27778,38; 15; 49; 69; 47; 32; 54; 85; 27; 83
7,25,0.12927,0.28,28; 7; 45; 64; 36; 5; 25; 82; 76; 16
44,78,0.10613,0.5641,51; 44; 63; 41; 54; 71; 78; 59; 70; 13
21,74,0.10229,0.28378,28; 21; 62; 8; 46; 39; 74; 37; 15; 55
18,21,0.13252,0.85714,75; 18; 84; 20; 50; 21; 21; 13; 22; 54
17,30,0.13247,0.56667,65; 17; 39; 82; 31; 43; 30; 61; 23; 50
21,65,0.11577,0.32308,66; 21; 46; 30; 81; 17; 65; 55; 43; 14
50,61,0.1173,0.81967,70; 50; 5; 74; 36; 27; 61; 27; 58; 13
42,51,0.12713,0.82353,22; 42; 57; 75; 83; 23; 51; 47; 33; 80
22,78,0.10235,0.28205,76; 22; 7; 79; 15; 10; 78; 25; 14; 79
33,67,0.11348,0.49254,60; 33; 11; 17; 24; 42; 67; 84; 32; 29
18,57,0.11671,0.31579,41; 18; 75; 85; 26; 60; 57; 25; 28; 38
17,48,0.12976,0.35417,52; 17; 70; 32; 84; 82; 48; 59; 45; 55
22,75,0.09687,0.29333,5; 22; 7; 81; 27; 55; 75; 43; 8; 38
5,21,0.10028,0.2381,64; 5; 69; 11; 21; 78; 21; 26; 12; 84
35,71,0.1082,0.49296,40; 35; 53; 74; 12; 11; 71; 54; 8; 30
37,80,0.09073,0.4625,61; 37; 17; 77; 31; 73; 80; 52; 79; 66
33,41,0.14309,0.80488,65; 33; 12; 54; 14; 79; 41; 68; 85; 49
67,82,0.07506,0.81707,73; 67; 24; 22; 7; 84; 82; 6; 7; 34
61,73,0.09298,0.83562,51; 61; 76; 17; 12; 20; 73; 19; 60; 31
5,15,0.10316,0.33333,24; 5; 20; 57; 46; 34; 15; 68; 33; 44
22,75,0.10519,0.29333,83; 22; 29; 72; 34; 52; 75; 10; 36; 70
21,66,0.11576,0.31818,19; 21; 56; 16; 37; 42; 66; 81; 54; 53
20,66,0.11124,0.30303,14; 20; 83; 50; 50; 13; 66; 50; 35; 76
13,55,0.12791,0.23636,61; 13; 23; 17; 10; 38; 55; 50; 58; 30
26,33,0.13964,0.78788,19; 26; 62; 6; 67; 18; 33; 42; 61; 27
28,81,0.10014,0.34568,59; 28; 69; 85; 9; 68; 81; 81; 64; 22
26,79,0.10217,0.32911,24; 26; 12; 78; 48; 57; 79; 21; 11; 54
19,68,0.1113,0.27941,31; 19; 76; 42; 45; 34; 68; 19; 18; 42
11,37,0.13243,0.2973,37; 11; 23; 8; 61; 60; 37; 46; 54; 66
7,20,0.12576,0.35,39; 7; 75; 55; 68; 12; 20; 73; 43; 79
27,73,0.10577,0.36986,29; 27; 79; 76; 7; 60; 73; 70; 52; 80
25,54,0.12836,0.46296,72; 25; 50; 43; 54; 53; 54; 34; 34; 23
7,14,0.12034,0.5,22; 7; 82; 81; 20; 21; 14; 49; 8; 47
30,65,0.11377,0.46154,47; 30; 21; 32; 6; 78; 65; 16; 15; 30
6,21,0.12522,0.28571,63; 6; 25; 43; 82; 24; 21; 15; 62; 53
57,66,0.10142,0.86364,27; 57; 79; 8; 70; 35; 66; 56; 58; 22
6,12,0.11807,0.5,47; 6; 32; 73; 43; 63; 12; 80; 78; 17
20,72,0.10546,0.27778,42; 20; 50; 42; 75; 38; 72; 15; 18; 25
20,71,0.10406,0.28169,13; 20; 5; 21; 39; 48; 71; 79; 37; 55
49,61,0.11666,0.80328,11; 49; 63; 85; 40; 48; 61; 70; 55; 54
46,80,0.09907,0.575,39; 46; 55; 81; 71; 65; 80; 43; 35; 16
8,33,0.12906,0.24242,74; 8; 43; 7; 26; 32; 33; 73; 47; 61
25,77,0.10458,0.32468,76; 25; 7; 79; 8; 84; 77; 38; 9; 7
20,81,0.09338,0.24691,65; 20; 47; 19; 52; 56; 81; 65; 57; 75
18,55,0.12529,0.32727,72; 18; 53; 46; 80; 22; 55; 49; 36; 14
59,75,0.08922,0.78667,48; 59; 73; 77; 58; 7; 75; 6; 83; 76
14,47,0.13799,0.29787,56; 14; 62; 47; 45; 63; 47; 55; 37; 84
64,81,0.08368,0.79012,10; 64; 83; 38; 79; 85; 81; 57; 34; 48
36,44,0.14527,0.81818,79; 36; 82; 82; 62; 41; 44; 31; 40; 42
5,10,0.11494,0.5,83; 5; 53; 83; 32; 56; 10; 39; 20; 68
44,79,0.10249,0.55696,35; 44; 51; 55; 80; 16; 79; 49; 8; 74
23,47,0.13309,0.48936,67; 23; 36; 22; 82; 74; 47; 5; 75; 54
23,47,0.12641,0.48936,32; 23; 20; 48; 38; 16; 47; 71; 74; 25
32,56,0.12627,0.57143,65; 32; 69; 52; 66; 69; 56; 41; 46; 28
23,28,0.13139,0.82143,79; 23; 30; 70; 50; 66; 28; 19; 83; 12
17,57,0.12728,0.29825,21; 17; 9; 53; 69; 21; 57; 21; 68; 73
40,49,0.13558,0.81633,39; 40; 6; 34; 72; 33; 49; 6; 47; 56
27,55,0.12619,0.49091,5; 27; 49; 18; 85; 56; 55; 45; 50; 78
13,51,0.13198,0.2549,51; 13; 37; 42; 46; 73; 51; 31; 58; 13
39,79,0.10274,0.49367,36; 39; 17; 11; 30; 36; 79; 55; 35; 38
62,72,0.09028,0.86111,25; 62; 53; 63; 52; 39; 72; 77; 11; 81
64,80,0.08223,0.8,57; 64; 68; 27; 10; 46; 80; 9; 66; 79
44,55,0.13262,0.8,52; 44; 25; 27; 15; 40; 55; 24; 59; 76
6,19,0.11878,0.31579,66; 6; 28; 31; 49; 36; 19; 83; 20; 26
45,79,0.10312,0.56962,19; 45; 21; 39; 66; 85; 79; 83; 76; 85
65,77,0.08275,0.84416,24; 65; 62; 74; 69; 11; 77; 84; 32; 8
51,59,0.12057,0.86441,24; 51; 19; 58; 52; 79; 59; 28; 69; 16
32,70,0.1098,0.45714,17; 32; 6; 67; 30; 79; 70; 14; 69; 82
20,82,0.0988,0.2439,35; 20; 35; 41; 9; 11; 82; 25; 37; 75
23,83,0.09073,0.27711,30; 23; 67; 44; 71; 66; 83; 33; 79; 43
20,81,0.09299,0.24691,16; 20; 33; 17; 76; 40; 81; 78; 8; 9
44,77,0.10314,0.57143,68; 44; 28; 28; 83; 62; 77; 81; 84; 46
23,29,0.14472,0.7931,26; 23; 60; 27; 36; 30; 29; 82; 65; 17
35,71,0.0894,0.49296,47; 35; 62; 40; 61; 19; 71; 78; 31; 56
13,23,0.12065,0.56522,21; 13; 7; 13; 11; 38; 23; 55; 36; 26
7,22,0.12238,0.31818,33; 7; 68; 69; 66; 51; 22; 52; 85; 21
29,82,0.09933,0.35366,50; 29; 17; 30; 46; 46; 82; 56; 48; 35
56,68,0.10467,0.82353,55; 56; 82; 51; 47; 31; 68; 49; 76; 18
24,49,0.1255,0.4898,35; 24; 15; 34; 61; 77; 49; 19; 65; 28
17,48,0.13927,0.35417,23; 17; 53; 32; 78; 77; 48; 34; 62; 82
7,28,0.12774,0.25,78; 7; 35; 60; 32; 9; 28; 74; 69; 70
20,84,0.09089,0.2381,23; 20; 83; 42; 60; 62; 84; 77; 11; 13
24,43,0.13705,0.55814,8; 24; 81; 14; 82; 7; 43; 8; 48; 28
16,32,0.13213,0.5,39; 16; 49; 62; 76; 31; 32; 60; 17; 79
35,70,0.10733,0.5,62; 35; 33; 5; 45; 44; 70; 42; 14; 34
53,63,0.11208,0.84127,49; 53; 64; 45; 39; 48; 63; 79; 55; 21
52,62,0.11562,0.83871,67; 52; 53; 19; 34; 20; 62; 66; 53; 83
32,40,0.13876,0.8,43; 32; 16; 42; 19; 19; 40; 55; 24; 24
13,44,0.14119,0.29545,70; 13; 69; 20; 55; 36; 44; 29; 39; 18
33,66,0.11523,0.5,76; 33; 37; 41; 70; 9; 66; 9; 40; 10
37,75,0.09627,0.49333,46; 37; 73; 69; 40; 65; 75; 49; 43; 74
9,16,0.14082,0.5625,76; 9; 44; 25; 27; 25; 16; 63; 63; 75
27,81,0.10213,0.33333,25; 27; 29; 69; 75; 53; 81; 66; 31; 53
62,72,0.09029,0.86111,80; 62; 48; 70; 39; 73; 72; 69; 18; 81
19,66,0.11374,0.28788,75; 19; 63; 15; 34; 20; 66; 47; 82; 18
15,19,0.12569,0.78947,53; 15; 13; 50; 6; 9; 19; 29; 47; 5
21,84,0.09643,0.25,27; 21; 29; 5; 12; 50; 84; 57; 48; 64
23,80,0.10418,0.2875,40; 23; 55; 57; 18; 30; 80; 26; 66; 60
16,65,0.11467,0.24615,35; 16; 15; 56; 56; 61; 65; 65; 65; 7
6,25,0.11801,0.24,69; 6; 80; 58; 52; 73; 25; 6; 18; 68
10,30,0.14357,0.33333,78; 10; 74; 5; 43; 13; 30; 77; 5; 30
41,83,0.09308,0.49398,71; 41; 63; 47; 83; 21; 83; 12; 68; 30
25,71,0.10408,0.35211,52; 25; 28; 56; 67; 15; 71; 78; 60; 16
57,66,0.10211,0.86364,12; 57; 75; 10; 70; 27; 66; 23; 77; 21
26,46,0.13008,0.56522,42; 26; 27; 19; 19; 15; 46; 40; 73; 43
10,42,0.13852,0.2381,25; 10; 18; 81; 79; 72; 42; 35; 21; 71
27,77,0.10436,0.35065,80; 27; 15; 40; 81; 43; 77; 34; 44; 52
21,46,0.12928,0.45652,14; 21; 22; 81; 82; 26; 46; 74; 75; 68
40,82,0.08446,0.4878,6; 40; 65; 33; 54; 65; 82; 16; 31; 14
41,52,0.14311,0.78846,26; 41; 75; 19; 56; 33; 52; 79; 9; 65
39,69,0.10483,0.56522,54; 39; 33; 85; 73; 63; 69; 40; 52; 41
13,39,0.13873,0.33333,13; 13; 46; 76; 64; 34; 39; 57; 71; 8
19,65,0.11107,0.29231,85; 19; 12; 43; 46; 84; 65; 60; 24; 11
45,80,0.09541,0.5625,7; 45; 10; 68; 63; 9; 80; 19; 78; 33
7,24,0.12365,0.29167,74; 7; 20; 34; 31; 51; 24; 71; 35; 60
27,73,0.10138,0.36986,28; 27; 32; 73; 5; 5; 73; 47; 24; 65
43,51,0.1342,0.84314,21; 43; 14; 8; 48; 57; 51; 55; 22; 38
23,63,0.1202,0.36508,65; 23; 75; 68; 63; 51; 63; 28; 71; 59
15,62,0.12074,0.24194,45; 15; 9; 83; 81; 57; 62; 42; 70; 25
43,76,0.11039,0.56579,46; 43; 38; 52; 81; 82; 76; 59; 46; 23
22,69,0.10271,0.31884,79; 22; 9; 15; 15; 17; 69; 13; 12; 7
45,57,0.12804,0.78947,18; 45; 39; 68; 11; 69; 57; 63; 77; 65
29,83,0.10025,0.3494,26; 29; 56; 84; 71; 12; 83; 12; 41; 6
31,38,0.13665,0.81579,23; 31; 48; 11; 37; 27; 38; 24; 13; 11
31,39,0.14135,0.79487,38; 31; 29; 25; 31; 75; 39; 57; 16; 54
56,67,0.10304,0.83582,61; 56; 39; 40; 36; 72; 67; 46; 82; 66
9,16,0.13791,0.5625,81; 9; 21; 35; 9; 43; 16; 23; 72; 23
57,68,0.09814,0.83824,47; 57; 25; 7; 75; 71; 68; 81; 57; 23
17,59,0.11675,0.28814,51; 17; 74; 68; 68; 72; 59; 59; 57; 48
17,56,0.12702,0.30357,27; 17; 79; 70; 63; 24; 56; 74; 51; 79
47,82,0.09622,0.57317,63; 47; 51; 26; 14; 42; 82; 79; 68; 25
24,80,0.10842,0.3,11; 24; 26; 51; 39; 47; 80; 56; 40; 74
21,84,0.08411,0.25,41; 21; 83; 31; 68; 68; 84; 59; 10; 12
39,69,0.10792,0.56522,18; 39; 50; 74; 8; 66; 69; 9; 56; 40
69,80,0.07835,0.8625,40; 69; 21; 63; 41; 60; 80; 54; 62; 52
48,56,0.117,0.85714,63; 48; 18; 61; 18; 18; 56; 33; 61; 5
13,28,0.13438,0.46429,78; 13; 79; 14; 66; 6; 28; 70; 32; 26
5,20,0.10097,0.25,65; 5; 77; 41; 39; 25; 20; 54; 59; 52
24,69,0.11522,0.34783,8; 24; 45; 63; 43; 24; 69; 68; 29; 55
24,81,0.10035,0.2963,76; 24; 59; 38; 80; 62; 81; 8; 32; 33
60,76,0.09061,0.78947,22; 60; 17; 28; 54; 55; 76; 46; 52; 66
46,58,0.12746,0.7931,66; 46; 24; 67; 83; 22; 58; 74; 58; 17
19,51,0.12726,0.37255,20; 19; 43; 38; 38; 82; 51; 51; 18; 54
55,69,0.10294,0.7971,9; 55; 53; 58; 25; 44; 69; 59; 29; 59
53,63,0.10586,0.84127,69; 53; 38; 56; 46; 44; 63; 64; 48; 20
6,25,0.11006,0.24,53; 6; 26; 65; 37; 43; 25; 27; 27; 26
27,85,0.09165,0.31765,25; 27; 44; 59; 58; 23; 85; 29; 79; 79
65,76,0.08709,0.85526,6; 65; 25; 79; 59; 47; 76; 85; 20; 85
16,58,0.11897,0.27586,75; 16; 78; 14; 85; 8; 58; 12; 83; 34
56,70,0.10523,0.8,52; 56; 46; 52; 73; 10; 70; 39; 20; 41
40,82,0.09601,0.4878,8; 40; 26; 82; 14; 77; 82; 26; 27; 55
8,27,0.13368,0.2963,83; 8; 55; 71; 18; 34; 27; 84; 5; 39
17,59,0.11821,0.28814,27; 17; 51; 72; 48; 45; 59; 82; 57; 67
10,20,0.1341,0.5,22; 10; 34; 64; 74; 8; 20; 7; 59; 7
25,71,0.10754,0.35211,63; 25; 66; 77; 83; 76; 71; 57; 20; 38
39,68,0.11218,0.57353,47; 39; 57; 14; 78; 18; 68; 52; 37; 7
19,58,0.12282,0.32759,22; 19; 44; 30; 58; 49; 58; 31; 11; 17
22,45,0.13252,0.48889,12; 22; 29; 18; 52; 63; 45; 31; 23; 41
42,85,0.10061,0.49412,34; 42; 76; 62; 60; 79; 85; 11; 12; 66
32,57,0.12462,0.5614,59; 32; 43; 34; 75; 35; 57; 66; 22; 74
14,43,0.14059,0.32558,54; 14; 32; 9; 50; 85; 43; 7; 56; 76
29,51,0.12316,0.56863,80; 29; 67; 68; 84; 28; 51; 11; 46; 24
70,83,0.07595,0.84337,56; 70; 79; 67; 54; 17; 83; 39; 67; 51
40,49,0.13595,0.81633,74; 40; 85; 28; 59; 49; 49; 85; 50; 85
31,37,0.1435,0.83784,47; 31; 28; 5; 56; 76; 37; 34; 72; 41
69,84,0.07743,0.82143,21; 69; 52; 19; 48; 8; 84; 7; 69; 52
15,27,0.13713,0.55556,20; 15; 69; 79; 24; 43; 27; 7; 13; 31
29,51,0.1361,0.56863,80; 29; 40; 48; 41; 31; 51; 69; 67; 35
13,40,0.13802,0.325,51; 13; 77; 44; 77; 41; 40; 62; 85; 46
16,28,0.13644,0.57143,23; 16; 52; 30; 42; 72; 28; 5; 80; 85
24,74,0.10782,0.32432,10; 24; 26; 27; 36; 23; 74; 63; 7; 28
27,73,0.10743,0.36986,71; 27; 43; 52; 51; 26; 73; 51; 50; 47
20,80,0.10201,0.25,61; 20; 74; 43; 82; 66; 80; 24; 81; 23
54,68,0.09971,0.79412,37; 54; 5; 8; 56; 37; 68; 64; 43; 40
20,83,0.09485,0.24096,36; 20; 35; 74; 79; 37; 83; 69; 82; 30
54,66,0.10686,0.81818,60; 54; 25; 13; 48; 29; 66; 14; 73; 42
16,50,0.13155,0.32,36; 16; 21; 9; 14; 53; 50; 19; 11; 64
25,77,0.09991,0.32468,23; 25; 11; 6; 59; 55; 77; 60; 43; 67
10,34,0.13873,0.29412,21; 10; 64; 12; 73; 81; 34; 56; 54; 22
27,33,0.1333,0.81818,33; 27; 23; 72; 73; 37; 33; 72; 83; 65
22,45,0.13047,0.48889,78; 22; 36; 19; 40; 21; 45; 12; 84; 31
21,74,0.10209,0.28378,34; 21; 34; 59; 64; 73; 74; 49; 40; 32
28,35,0.12923,0.8,50; 28; 52; 19; 74; 29; 35; 29; 13; 8
54,64,0.10633,0.84375,47; 54; 16; 51; 69; 67; 64; 83; 79; 69
15,59,0.11619,0.25424,79; 15; 63; 33; 24; 8; 59; 83; 75; 47
36,73,0.10202,0.49315,84; 36; 53; 70; 10; 73; 73; 35; 43; 46
38,48,0.13569,0.79167,41; 38; 17; 47; 43; 47; 48; 9; 33; 46
12,34,0.1346,0.35294,20; 12; 18; 20; 76; 51; 34; 44; 41; 26
17,59,0.11978,0.28814,26; 17; 49; 45; 63; 20; 59; 47; 71; 11
43,77,0.0991,0.55844,19; 43; 40; 18; 74; 50; 77; 70; 51; 33
18,64,0.11303,0.28125,19; 18; 52; 62; 19; 40; 64; 49; 20; 23
6,7,0.11296,0.85714,81; 6; 76; 58; 59; 62; 7; 50; 22; 68
24,30,0.1339,0.8,8; 24; 52; 64; 23; 31; 30; 72; 67; 22
33,68,0.10768,0.48529,79; 33; 30; 9; 24; 62; 68; 19; 41; 66
38,82,0.09521,0.46341,51; 38; 44; 83; 70; 81; 82; 32; 60; 46
13,44,0.13902,0.29545,69; 13; 39; 50; 34; 76; 44; 29; 75; 76
13,54,0.11984,0.24074,12; 13; 53; 82; 64; 32; 54; 85; 48; 57
41,83,0.08993,0.49398,49; 41; 71; 33; 38; 77; 83; 63; 29; 47
13,46,0.14137,0.28261,30; 13; 62; 30; 43; 52; 46; 69; 10; 79
23,82,0.10151,0.28049,25; 23; 59; 51; 44; 55; 82; 11; 80; 22
49,62,0.11775,0.79032,60; 49; 53; 69; 47; 57; 62; 16; 67; 62
65,81,0.07995,0.80247,26; 65; 80; 84; 13; 40; 81; 14; 28; 13
29,83,0.10232,0.3494,69; 29; 64; 47; 39; 68; 83; 19; 40; 16
69,84,0.07871,0.82143,70; 69; 28; 20; 63; 19; 84; 21; 68; 84
20,40,0.13759,0.5,61; 20; 20; 32; 30; 55; 40; 23; 43; 29
17,34,0.13195,0.5,50; 17; 54; 65; 41; 63; 34; 33; 33; 47
25,71,0.10449,0.35211,59; 25; 57; 54; 12; 46; 71; 85; 8; 62
38,45,0.14101,0.84444,58; 38; 11; 73; 69; 53; 45; 38; 49; 76
5,10,0.10932,0.5,73; 5; 78; 19; 44; 15; 10; 24; 24; 28
21,69,0.11087,0.30435,20; 21; 16; 52; 35; 11; 69; 66; 30; 22
11,14,0.13557,0.78571,81; 11; 61; 20; 64; 24; 14; 84; 35; 82
22,63,0.11093,0.34921,58; 22; 6; 51; 17; 52; 63; 43; 65; 69
42,75,0.10614,0.56,30; 42; 69; 40; 53; 67; 75; 60; 21; 20
43,76,0.10455,0.56579,58; 43; 49; 29; 79; 9; 76; 65; 55; 63
8,25,0.13962,0.32,26; 8; 30; 12; 43; 49; 25; 20; 61; 44
13,51,0.13301,0.2549,20; 13; 48; 46; 25; 42; 51; 70; 70; 32
13,28,0.13665,0.46429,39; 13; 21; 15; 17; 10; 28; 26; 37; 79
13,39,0.1413,0.33333,60; 13; 24; 77; 46; 8; 39; 45; 36; 78
6,7,0.11243,0.85714,60; 6; 69; 53; 79; 84; 7; 55; 57; 9
12,14,0.13043,0.85714,65; 12; 85; 31; 16; 14; 14; 59; 16; 81
14,55,0.12688,0.25455,75; 14; 82; 82; 23; 71; 55; 17; 71; 65
15,59,0.12073,0.25424,41; 15; 63; 50; 70; 25; 59; 85; 57; 26
16,56,0.12325,0.28571,55; 16; 47; 65; 64; 81; 56; 27; 54; 82
12,15,0.13838,0.8,37; 12; 74; 67; 14; 55; 15; 35; 10; 10
60,70,0.09598,0.85714,60; 60; 23; 83; 69; 18; 70; 52; 14; 81
30,82,0.11131,0.36585,76; 30; 70; 46; 84; 46; 82; 74; 41; 49
22,79,0.09413,0.27848,38; 22; 62; 44; 48; 46; 79; 30; 13; 56
35,44,0.13463,0.79545,50; 35; 22; 68; 39; 9; 44; 22; 38; 72
42,84,0.09776,0.5,74; 42; 36; 10; 5; 8; 84; 78; 58; 47
21,75,0.09409,0.28,15; 21; 40; 41; 33; 55; 75; 82; 58; 51
19,66,0.11709,0.28788,58; 19; 68; 5; 46; 76; 66; 14; 6; 37
13,23,0.13669,0.56522,54; 13; 61; 72; 8; 66; 23; 49; 33; 49
22,77,0.10257,0.28571,22; 22; 62; 44; 52; 9; 77; 85; 32; 15
28,49,0.13395,0.57143,73; 28; 27; 72; 15; 34; 49; 34; 78; 58
21,84,0.09135,0.25,35; 21; 60; 39; 19; 34; 84; 38; 63; 56
20,84,0.09171,0.2381,24; 20; 44; 71; 44; 8; 84; 83; 37; 37
39,79,0.10588,0.49367,11; 39; 48; 83; 37; 22; 79; 33; 27; 34
46,80,0.10267,0.575,84; 46; 71; 67; 77; 59; 80; 19; 14; 66
5,20,0.09441,0.25,35; 5; 54; 79; 54; 77; 20; 7; 68; 11
9,36,0.14265,0.25,39; 9; 43; 43; 20; 6; 36; 27; 69; 67
25,71,0.1095,0.35211,41; 25; 61; 45; 28; 68; 71; 65; 14; 29
13,53,0.13103,0.24528,46; 13; 65; 48; 25; 6; 53; 20; 9; 69
66,77,0.08566,0.85714,6; 66; 22; 42; 15; 70; 77; 65; 26; 27
14,49,0.13242,0.28571,45; 14; 68; 43; 26; 84; 49; 25; 59; 29
20,79,0.09567,0.25316,75; 20; 29; 49; 57; 14; 79; 60; 57; 73
58,71,0.09427,0.8169,58; 58; 43; 66; 19; 9; 71; 68; 11; 82
17,46,0.1344,0.36957,74; 17; 68; 67; 82; 59; 46; 77; 36; 22
30,61,0.11781,0.4918,62; 30; 37; 12; 78; 10; 61; 85; 73; 61
11,24,0.13923,0.45833,82; 11; 17; 27; 72; 63; 24; 77; 25; 16
20,60,0.11687,0.33333,33; 20; 72; 20; 11; 49; 60; 39; 76; 12
12,50,0.13221,0.24,64; 12; 73; 27; 79; 51; 50; 25; 16; 18
45,56,0.13671,0.80357,63; 45; 5; 52; 6; 15; 56; 8; 18; 69
24,76,0.09465,0.31579,6; 24; 76; 30; 17; 58; 76; 70; 36; 71
41,52,0.13714,0.78846,49; 41; 7; 71; 34; 73; 52; 8; 61; 79
42,74,0.11169,0.56757,43; 42; 14; 55; 9; 17; 74; 30; 14; 17
25,79,0.10376,0.31646,69; 25; 11; 12; 53; 80; 79; 68; 33; 63
11,30,0.12769,0.36667,18; 11; 12; 7; 28; 51; 30; 70; 46; 29
21,63,0.11369,0.33333,47; 21; 47; 7; 25; 28; 63; 64; 40; 59
19,39,0.13037,0.48718,66; 19; 43; 57; 36; 18; 39; 11; 75; 62
15,52,0.12963,0.28846,56; 15; 38; 72; 72; 16; 52; 7; 11; 74
32,64,0.11776,0.5,33; 32; 83; 64; 16; 54; 64; 36; 77; 71
11,34,0.13601,0.32353,29; 11; 81; 34; 58; 23; 34; 33; 80; 48
25,29,0.1409,0.86207,42; 25; 74; 35; 53; 45; 29; 25; 14; 35
18,62,0.11687,0.29032,17; 18; 83; 67; 82; 50; 62; 67; 14; 43
27,54,0.13544,0.5,25; 27; 61; 66; 33; 84; 54; 84; 9; 22
18,75,0.10248,0.24,85; 18; 32; 7; 82; 14; 75; 81; 65; 50
21,69,0.10199,0.30435,68; 21; 17; 27; 9; 79; 69; 77; 71; 69
20,83,0.08915,0.24096,57; 20; 36; 15; 67; 27; 83; 48; 22; 18
49,60,0.12065,0.81667,61; 49; 17; 31; 39; 34; 60; 71; 47; 47
28,81,0.09264,0.34568,28; 28; 58; 32; 42; 30; 81; 23; 11; 65
18,62,0.11987,0.29032,65; 18; 22; 66; 74; 6; 62; 51; 43; 81
20,84,0.09047,0.2381,60; 20; 51; 51; 34; 21; 84; 72; 85; 64
18,76,0.09786,0.23684,34; 18; 24; 10; 49; 79; 76; 85; 15; 11
16,56,0.12627,0.28571,36; 16; 80; 65; 60; 21; 56; 66; 47; 30
18,32,0.12482,0.5625,34; 18; 32; 57; 68; 25; 32; 60; 12; 25
28,84,0.09658,0.33333,44; 28; 10; 53; 27; 51; 84; 64; 15; 55
7,22,0.13029,0.31818,60; 7; 9; 84; 43; 63; 22; 34; 56; 12
65,82,0.08443,0.79268,63; 65; 14; 6; 77; 24; 82; 12; 72; 72
36,42,0.12587,0.85714,48; 36; 40; 74; 34; 80; 42; 52; 7; 48
21,66,0.11457,0.31818,81; 21; 24; 40; 76; 85; 66; 35; 47; 76
60,70,0.09859,0.85714,48; 60; 77; 5; 41; 63; 70; 13; 9; 46
22,80,0.09803,0.275,9; 22; 26; 35; 72; 37; 80; 32; 32; 38
35,62,0.10847,0.56452,61; 35; 65; 42; 30; 8; 62; 30; 54; 80
18,52,0.13009,0.34615,83; 18; 42; 44; 24; 73; 52; 7; 58; 20
14,38,0.13851,0.36842,54; 14; 79; 28; 59; 30; 38; 45; 31; 55
67,85,0.07734,0.78824,73; 67; 15; 28; 82; 62; 85; 34; 8; 55
23,65,0.11384,0.35385,10; 23; 40; 28; 69; 60; 65; 45; 64; 28
16,53,0.12621,0.30189,45; 16; 62; 42; 77; 47; 53; 67; 7; 14
50,58,0.11604,0.86207,14; 50; 25; 69; 46; 29; 58; 45; 62; 58
24,68,0.10623,0.35294,55; 24; 44; 39; 48; 11; 68; 79; 48; 72
49,61,0.11842,0.80328,34; 49; 53; 46; 38; 71; 61; 45; 57; 16
26,56,0.12278,0.46429,37; 26; 46; 9; 21; 50; 56; 12; 37; 25
19,52,0.12372,0.36538,54; 19; 50; 28; 38; 64; 52; 42; 21; 55
15,62,0.11789,0.24194,28; 15; 47; 55; 14; 80; 62; 85; 72; 32
23,73,0.1045,0.31507,54; 23; 41; 52; 74; 37; 73; 48; 6; 55
14,44,0.13691,0.31818,56; 14; 60; 67; 6; 57; 44; 5; 14; 54
51,62,0.11627,0.82258,85; 51; 40; 77; 25; 56; 62; 79; 51; 28
12,26,0.13841,0.46154,51; 12; 14; 10; 39; 34; 26; 57; 52; 55
33,41,0.13797,0.80488,51; 33; 74; 17; 16; 66; 41; 26; 5; 59
45,57,0.12725,0.78947,71; 45; 23; 47; 74; 59; 57; 8; 34; 72
35,72,0.10767,0.48611,32; 35; 75; 29; 9; 56; 72; 12; 30; 64
69,84,0.07444,0.82143,70; 69; 83; 56; 81; 76; 84; 45; 8; 59
14,28,0.13362,0.5,35; 14; 15; 24; 23; 25; 28; 31; 6; 33
21,73,0.10312,0.28767,46; 21; 19; 66; 9; 49; 73; 7; 48; 77
25,82,0.09813,0.30488,40; 25; 49; 13; 83; 48; 82; 45; 34; 24
10,36,0.14125,0.27778,73; 10; 82; 11; 9; 60; 36; 26; 10; 50
22,63,0.11423,0.34921,22; 22; 25; 44; 31; 52; 63; 50; 24; 28
32,69,0.11261,0.46377,75; 32; 27; 22; 75; 47; 69; 83; 42; 44
11,46,0.13919,0.23913,37; 11; 38; 28; 7; 81; 46; 55; 22; 72
22,74,0.10714,0.2973,49; 22; 80; 18; 19; 83; 74; 8; 29; 43
10,40,0.14074,0.25,80; 10; 37; 31; 25; 39; 40; 18; 49; 29
19,39,0.13447,0.48718,40; 19; 55; 57; 60; 72; 39; 59; 50; 64
17,72,0.10944,0.23611,59; 17; 28; 50; 7; 75; 72; 75; 69; 58
26,33,0.14099,0.78788,75; 26; 9; 26; 23; 59; 33; 64; 45; 51
16,66,0.11104,0.24242,25; 16; 41; 50; 83; 47; 66; 7; 61; 15
66,77,0.08328,0.85714,14; 66; 52; 9; 41; 25; 77; 63; 47; 34
37,81,0.10283,0.45679,11; 37; 80; 74; 9; 33; 81; 48; 22; 10
62,72,0.09382,0.86111,64; 62; 82; 5; 76; 17; 72; 64; 69; 41
11,22,0.13155,0.5,39; 11; 36; 72; 44; 8; 22; 51; 46; 24
22,48,0.13284,0.45833,56; 22; 62; 79; 59; 48; 48; 75; 75; 39
25,84,0.09606,0.29762,77; 25; 20; 35; 43; 66; 84; 69; 67; 53
32,69,0.10549,0.46377,5; 32; 57; 64; 25; 21; 69; 70; 33; 39
23,62,0.11452,0.37097,18; 23; 75; 85; 73; 40; 62; 65; 37; 52
31,63,0.12256,0.49206,33; 31; 14; 20; 65; 80; 63; 28; 17; 62
32,70,0.10567,0.45714,11; 32; 62; 67; 6; 27; 70; 9; 9; 43
27,33,0.13433,0.81818,44; 27; 38; 60; 6; 39; 33; 26; 74; 73
14,57,0.12241,0.24561,47; 14; 37; 63; 24; 15; 57; 28; 5; 35
19,79,0.0994,0.24051,54; 19; 9; 15; 7; 58; 79; 29; 6; 39
19,65,0.11705,0.29231,69; 19; 16; 80; 21; 63; 65; 23; 67; 39
26,71,0.10982,0.3662,84; 26; 28; 73; 68; 64; 71; 35; 52; 54
41,49,0.13169,0.83673,76; 41; 54; 68; 82; 48; 49; 44; 41; 49
35,44,0.13593,0.79545,6; 35; 79; 34; 52; 7; 44; 50; 80; 59
20,36,0.12613,0.55556,67; 20; 63; 45; 68; 41; 36; 38; 78; 75
64,78,0.08671,0.82051,42; 64; 44; 58; 32; 56; 78; 75; 74; 9
69,84,0.07653,0.82143,84; 69; 78; 16; 13; 18; 84; 9; 25; 85
47,59,0.1234,0.79661,74; 47; 62; 12; 22; 39; 59; 8; 27; 62
25,72,0.10265,0.34722,27; 25; 72; 26; 81; 63; 72; 65; 43; 45
15,50,0.13406,0.3,81; 15; 22; 12; 24; 71; 50; 17; 55; 72
28,50,0.13481,0.56,72; 28; 73; 46; 71; 80; 50; 19; 78; 83
23,46,0.12998,0.5,7; 23; 53; 81; 72; 70; 46; 77; 33; 60
38,76,0.10423,0.5,75; 38; 53; 50; 61; 13; 76; 30; 26; 74
56,71,0.08994,0.78873,66; 56; 7; 47; 21; 66; 71; 22; 62; 84
25,68,0.11284,0.36765,57; 25; 83; 62; 79; 11; 68; 27; 38; 12
26,31,0.13169,0.83871,17; 26; 28; 39; 52; 44; 31; 61; 50; 33
11,14,0.1382,0.78571,40; 11; 19; 82; 50; 53; 14; 49; 63; 67
9,30,0.14437,0.3,18; 9; 75; 69; 71; 85; 30; 67; 16; 81
18,32,0.13642,0.5625,13; 18; 82; 52; 79; 81; 32; 68; 44; 13
34,74,0.09577,0.45946,85; 34; 29; 26; 34; 41; 74; 46; 49; 20
12,48,0.13772,0.25,73; 12; 29; 26; 57; 15; 48; 20; 59; 41
9,32,0.14249,0.28125,80; 9; 79; 34; 12; 37; 32; 24; 64; 30
64,81,0.08107,0.79012,8; 64; 68; 49; 77; 24; 81; 75; 26; 20
33,58,0.11457,0.56897,41; 33; 24; 79; 75; 54; 58; 59; 7; 68
23,76,0.10466,0.30263,62; 23; 75; 33; 71; 37; 76; 46; 25; 37
41,83,0.10009,0.49398,70; 41; 66; 65; 61; 52; 83; 20; 82; 62
41,50,0.13666,0.82,66; 41; 52; 40; 56; 38; 50; 53; 49; 59
37,81,0.09133,0.45679,79; 37; 61; 12; 6; 7; 81; 22; 68; 37
19,79,0.09457,0.24051,49; 19; 23; 74; 56; 39; 79; 44; 84; 21
15,41,0.13327,0.36585,64; 15; 20; 16; 59; 56; 41; 85; 20; 81
37,74,0.0996,0.5,65; 37; 37; 56; 50; 65; 74; 50; 80; 7
21,72,0.10773,0.29167,39; 21; 21; 19; 25; 23; 72; 5; 51; 65
26,52,0.12966,0.5,16; 26; 12; 22; 78; 76; 52; 70; 44; 82
54,64,0.11017,0.84375,75; 54; 72; 8; 56; 28; 64; 58; 49; 17
7,25,0.12788,0.28,54; 7; 36; 75; 54; 21; 25; 80; 28; 70
21,85,0.09423,0.24706,5; 21; 35; 83; 57; 16; 85; 69; 11; 6
26,57,0.12103,0.45614,10; 26; 42; 59; 74; 56; 57; 23; 25; 46
27,73,0.10658,0.36986,80; 27; 48; 13; 64; 79; 73; 39; 54; 34
29,82,0.09669,0.35366,23; 29; 30; 34; 11; 35; 82; 41; 57; 24
16,57,0.12066,0.2807,46; 16; 24; 38; 73; 56; 57; 7; 62; 31
23,28,0.12758,0.82143,35; 23; 83; 47; 52; 85; 28; 23; 12; 24
70,85,0.07631,0.82353,51; 70; 14; 57; 69; 64; 85; 74; 39; 80
40,80,0.10503,0.5,82; 40; 76; 65; 75; 72; 80; 50; 35; 32
57,68,0.09854,0.83824,41; 57; 79; 22; 45; 46; 68; 42; 37; 70
31,36,0.14029,0.86111,45; 31; 9; 46; 52; 64; 36; 45; 21; 39
10,40,0.14478,0.25,8; 10; 17; 42; 45; 54; 40; 52; 29; 56
27,78,0.10276,0.34615,67; 27; 68; 33; 84; 36; 78; 22; 36; 20
67,84,0.07643,0.79762,22; 67; 38; 37; 13; 42; 84; 38; 20; 74
18,32,0.13042,0.5625,56; 18; 78; 18; 10; 23; 32; 27; 56; 26
45,55,0.13841,0.81818,36; 45; 38; 10; 20; 48; 55; 78; 56; 57
22,77,0.0988,0.28571,34; 22; 39; 84; 18; 13; 77; 71; 80; 29
21,75,0.10038,0.28,85; 21; 47; 64; 35; 38; 75; 68; 39; 78
47,59,0.1205,0.79661,35; 47; 80; 46; 84; 57; 59; 47; 75; 52
48,60,0.119,0.8,85; 48; 41; 17; 32; 10; 60; 25; 33; 69
35,62,0.11799,0.56452,46; 35; 70; 78; 69; 19; 62; 26; 73; 66
44,56,0.12792,0.78571,24; 44; 46; 6; 84; 76; 56; 58; 77; 55
20,63,0.1125,0.31746,73; 20; 43; 48; 42; 34; 63; 56; 27; 44
18,64,0.11419,0.28125,34; 18; 42; 79; 74; 63; 64; 12; 17; 77
16,53,0.12422,0.30189,66; 16; 7; 72; 31; 44; 53; 50; 70; 35
44,77,0.10458,0.57143,16; 44; 12; 17; 80; 18; 77; 43; 33; 54
21,76,0.09837,0.27632,9; 21; 10; 68; 61; 66; 76; 75; 10; 53
61,71,0.09165,0.85915,55; 61; 71; 18; 15; 48; 71; 11; 5; 68
62,76,0.08867,0.81579,54; 62; 77; 45; 16; 42; 76; 14; 58; 15
55,70,0.10293,0.78571,19; 55; 18; 47; 8; 35; 70; 64; 22; 10
47,56,0.12276,0.83929,52; 47; 32; 42; 22; 20; 56; 34; 21; 73
59,75,0.08613,0.78667,80; 59; 51; 55; 44; 82; 75; 35; 62; 24
34,60,0.12851,0.56667,44; 34; 47; 6; 25; 67; 60; 83; 36; 15
5,10,0.11329,0.5,18; 5; 28; 77; 72; 61; 10; 11; 26; 74
26,78,0.10174,0.33333,57; 26; 62; 40; 80; 5; 78; 7; 83; 30
27,73,0.09963,0.36986,67; 27; 44; 38; 32; 70; 73; 78; 17; 42
43,51,0.12785,0.84314,82; 43; 32; 68; 73; 81; 51; 59; 18; 8
10,42,0.13933,0.2381,76; 10; 46; 29; 29; 69; 42; 16; 21; 70
65,79,0.08573,0.82278,50; 65; 79; 23; 28; 51; 79; 45; 72; 12
28,35,0.14263,0.8,11; 28; 85; 85; 13; 44; 35; 11; 11; 78
48,57,0.12196,0.84211,51; 48; 28; 84; 82; 15; 57; 36; 55; 13
19,69,0.10143,0.27536,67; 19; 49; 58; 56; 45; 69; 80; 68; 60
44,79,0.09645,0.55696,75; 44; 82; 60; 80; 66; 79; 9; 42; 12
21,63,0.1183,0.33333,69; 21; 34; 7; 71; 77; 63; 74; 16; 45
20,40,0.12962,0.5,73; 20; 74; 34; 27; 71; 40; 49; 6; 51
8,24,0.13757,0.33333,30; 8; 6; 84; 73; 15; 24; 6; 64; 27
51,61,0.10701,0.83607,36; 51; 28; 33; 36; 16; 61; 47; 35; 44
17,30,0.13072,0.56667,50; 17; 83; 38; 43; 22; 30; 43; 22; 7
16,46,0.13935,0.34783,56; 16; 56; 40; 73; 28; 46; 44; 74; 84
14,55,0.12298,0.25455,67; 14; 50; 76; 64; 36; 55; 30; 32; 45
19,79,0.09959,0.24051,30; 19; 65; 46; 31; 21; 79; 85; 84; 63
46,81,0.10258,0.5679,15; 46; 64; 55; 25; 77; 81; 67; 62; 65
35,63,0.116,0.55556,27; 35; 50; 34; 33; 46; 63; 41; 27; 7
17,34,0.13212,0.5,5; 17; 14; 35; 30; 81; 34; 39; 70; 68
22,45,0.13738,0.48889,74; 22; 71; 41; 42; 30; 45; 42; 24; 8
7,24,0.13033,0.29167,63; 7; 25; 38; 69; 81; 24; 22; 78; 5
35,62,0.1286,0.56452,9; 35; 69; 32; 22; 81; 62; 71; 84; 69
14,56,0.12122,0.25,14; 14; 22; 21; 36; 17; 56; 65; 7; 9
40,72,0.10706,0.55556,34; 40; 53; 14; 19; 40; 72; 17; 8; 38
41,83,0.10198,0.49398,81; 41; 9; 28; 74; 17; 83; 29; 63; 61
65,77,0.08467,0.84416,29; 65; 6; 24; 5; 36; 77; 81; 45; 65
32,37,0.13625,0.86486,19; 32; 62; 75; 38; 44; 37; 68; 68; 68
28,35,0.1342,0.8,43; 28; 14; 42; 39; 10; 35; 18; 40; 23
14,48,0.13228,0.29167,45; 14; 35; 74; 45; 57; 48; 39; 49; 9
13,51,0.12845,0.2549,46; 13; 46; 70; 73; 5; 51; 43; 32; 52
18,39,0.13066,0.46154,54; 18; 57; 80; 5; 24; 39; 59; 28; 32
60,76,0.0931,0.78947,40; 60; 42; 27; 57; 45; 76; 81; 65; 19
39,85,0.09945,0.45882,44; 39; 9; 68; 18; 31; 85; 19; 33; 84
23,41,0.14181,0.56098,51; 23; 29; 84; 63; 68; 41; 10; 20; 34
12,38,0.1391,0.31579,22; 12; 72; 43; 82; 81; 38; 25; 38; 5
36,45,0.13218,0.8,52; 36; 31; 36; 21; 78; 45; 26; 34; 32
10,27,0.13328,0.37037,70; 10; 45; 26; 63; 82; 27; 74; 23; 67
26,80,0.10104,0.325,58; 26; 26; 55; 18; 42; 80; 11; 46; 71
37,80,0.10179,0.4625,74; 37; 76; 40; 72; 45; 80; 31; 34; 48
17,67,0.11725,0.25373,59; 17; 82; 29; 59; 42; 67; 11; 54; 59
26,70,0.10487,0.37143,42; 26; 49; 8; 15; 49; 70; 31; 19; 29
24,42,0.13301,0.57143,39; 24; 25; 81; 29; 73; 42; 40; 10; 60
13,26,0.12809,0.5,48; 13; 23; 8; 15; 32; 26; 15; 84; 50
27,33,0.13098,0.81818,13; 27; 13; 68; 41; 51; 33; 29; 43; 64
43,51,0.13272,0.84314,46; 43; 24; 71; 26; 18; 51; 33; 81; 46
38,76,0.10657,0.5,72; 38; 28; 23; 41; 84; 76; 60; 28; 58
19,63,0.10992,0.30159,77; 19; 45; 16; 42; 42; 63; 57; 84; 62
22,28,0.1344,0.78571,32; 22; 26; 19; 68; 18; 28; 85; 64; 8
23,29,0.13864,0.7931,58; 23; 29; 14; 24; 43; 29; 39; 68; 21
17,71,0.10372,0.23944,27; 17; 68; 48; 27; 20; 71; 36; 72; 23
8,34,0.12899,0.23529,46; 8; 11; 32; 36; 52; 34; 44; 53; 60
64,74,0.08965,0.86486,72; 64; 70; 72; 11; 74; 74; 38; 9; 54
28,61,0.11653,0.45902,5; 28; 40; 45; 6; 60; 61; 81; 34; 67
20,81,0.09418,0.24691,43; 20; 20; 31; 70; 85; 81; 15; 36; 5
16,65,0.10638,0.24615,45; 16; 74; 73; 22; 67; 65; 36; 72; 50
45,80,0.1012,0.5625,6; 45; 40; 46; 65; 5; 80; 23; 7; 27
27,54,0.13174,0.5,56; 27; 30; 25; 19; 15; 54; 35; 71; 78
32,57,0.12608,0.5614,59; 32; 37; 52; 34; 65; 57; 54; 17; 36
45,81,0.10566,0.55556,45; 45; 47; 51; 25; 28; 81; 5; 52; 60
24,28,0.13719,0.85714,50; 24; 37; 76; 18; 47; 28; 10; 48; 12
26,79,0.10185,0.32911,53; 26; 71; 83; 29; 26; 79; 54; 28; 69
65,81,0.08447,0.80247,78; 65; 80; 62; 68; 32; 81; 45; 58; 13
29,78,0.10076,0.37179,12; 29; 32; 16; 62; 7; 78; 24; 31; 72
17,53,0.12401,0.32075,40; 17; 53; 82; 37; 29; 53; 80; 19; 59
63,77,0.08808,0.81818,44; 63; 65; 20; 54; 40; 77; 78; 39; 67
41,83,0.09487,0.49398,63; 41; 69; 35; 52; 63; 83; 17; 84; 26
18,22,0.12317,0.81818,59; 18; 29; 7; 11; 68; 22; 80; 16; 27
18,56,0.12323,0.32143,16; 18; 10; 66; 39; 24; 56; 41; 38; 17
32,37,0.13071,0.86486,5; 32; 84; 20; 46; 35; 37; 8; 18; 32
32,56,0.13076,0.57143,64; 32; 53; 53; 45; 40; 56; 38; 53; 48
40,50,0.12634,0.8,7; 40; 40; 53; 78; 55; 50; 81; 50; 45
41,84,0.10147,0.4881,37; 41; 62; 77; 32; 57; 84; 75; 42; 55
33,41,0.1376,0.80488,29; 33; 25; 29; 39; 60; 41; 64; 17; 27
17,37,0.13559,0.45946,85; 17; 36; 39; 45; 73; 37; 31; 65; 46
51,62,0.11,0.82258,57; 51; 66; 37; 20; 16; 62; 82; 30; 38
23,63,0.12231,0.36508,83; 23; 72; 10; 60; 81; 63; 27; 52; 49
11,22,0.14357,0.5,48; 11; 13; 79; 31; 38; 22; 22; 17; 36
53,63,0.1088,0.84127,35; 53; 49; 62; 18; 65; 63; 61; 78; 40
36,43,0.13606,0.83721,39; 36; 16; 58; 25; 70; 43; 28; 9; 8
45,56,0.12817,0.80357,19; 45; 10; 34; 77; 30; 56; 17; 28; 50
23,41,0.13101,0.56098,74; 23; 13; 26; 33; 49; 41; 60; 13; 46
20,71,0.10318,0.28169,68; 20; 40; 45; 16; 22; 71; 58; 79; 33
26,75,0.09022,0.34667,77; 26; 9; 70; 42; 12; 75; 27; 51; 25
12,41,0.1364,0.29268,60; 12; 15; 15; 55; 19; 41; 13; 74; 18
33,68,0.11438,0.48529,68; 33; 18; 40; 52; 71; 68; 57; 83; 11
20,66,0.10722,0.30303,24; 20; 73; 31; 19; 5; 66; 64; 76; 18
17,59,0.12285,0.28814,52; 17; 81; 37; 11; 38; 59; 45; 79; 76
33,67,0.11251,0.49254,37; 33; 73; 57; 50; 59; 67; 34; 29; 58
23,78,0.10072,0.29487,7; 23; 37; 20; 40; 57; 78; 32; 53; 50
22,73,0.10247,0.30137,56; 22; 12; 20; 22; 82; 73; 34; 33; 81
20,36,0.13058,0.55556,84; 20; 38; 59; 80; 36; 36; 5; 81; 39
20,61,0.11891,0.32787,8; 20; 82; 76; 24; 75; 61; 54; 70; 34
13,53,0.129,0.24528,83; 13; 30; 20; 57; 25; 53; 45; 68; 78
23,40,0.13316,0.575,67; 23; 33; 76; 55; 9; 40; 20; 17; 39
48,57,0.12057,0.84211,41; 48; 42; 14; 8; 8; 57; 18; 63; 36
14,42,0.13383,0.33333,14; 14; 64; 78; 59; 67; 42; 43; 24; 80
23,71,0.1047,0.32394,53; 23; 66; 71; 54; 26; 71; 75; 23; 30
23,82,0.09199,0.28049,25; 23; 35; 81; 76; 74; 82; 80; 41; 15
19,58,0.12506,0.32759,85; 19; 27; 61; 55; 25; 58; 19; 28; 16
20,84,0.09201,0.2381,62; 20; 12; 67; 85; 67; 84; 32; 15; 19
19,59,0.11739,0.32203,65; 19; 79; 26; 20; 55; 59; 19; 72; 12
24,52,0.13276,0.46154,69; 24; 50; 80; 37; 31; 52; 77; 12; 41
19,51,0.12782,0.37255,12; 19; 82; 75; 18; 37; 51; 13; 11; 84
19,66,0.11437,0.28788,84; 19; 11; 13; 34; 15; 66; 42; 15; 40
33,72,0.10415,0.45833,23; 33; 23; 6; 34; 18; 72; 76; 81; 61
15,30,0.13401,0.5,13; 15; 51; 7; 13; 6; 30; 24; 65; 85
17,35,0.13565,0.48571,81; 17; 9; 67; 11; 28; 35; 9; 18; 78
21,83,0.09332,0.25301,81; 21; 35; 68; 72; 31; 83; 18; 28; 22
23,28,0.13601,0.82143,47; 23; 9; 72; 25; 73; 28; 27; 48; 61
10,33,0.13923,0.30303,12; 10; 52; 81; 53; 42; 33; 30; 35; 23
60,73,0.09831,0.82192,79; 60; 77; 43; 67; 38; 73; 25; 85; 64
48,61,0.11781,0.78689,49; 48; 82; 10; 71; 6; 61; 18; 75; 29
6,24,0.1175,0.25,45; 6; 28; 50; 37; 74; 24; 23; 41; 67
8,29,0.12821,0.27586,16; 8; 64; 84; 79; 71; 29; 69; 32; 32
10,27,0.14566,0.37037,53; 10; 42; 38; 5; 29; 27; 34; 8; 16
43,51,0.13525,0.84314,6; 43; 45; 11; 47; 38; 51; 57; 9; 50
68,83,0.07691,0.81928,8; 68; 51; 19; 54; 28; 83; 78; 37; 16
33,67,0.10945,0.49254,5; 33; 47; 39; 40; 15; 67; 16; 46; 38
40,49,0.13796,0.81633,19; 40; 11; 71; 24; 19; 49; 7; 36; 41
34,74,0.10243,0.45946,77; 34; 56; 80; 52; 30; 74; 31; 24; 22
16,35,0.13395,0.45714,85; 16; 23; 62; 72; 47; 35; 80; 9; 38
11,24,0.13585,0.45833,23; 11; 37; 52; 40; 29; 24; 25; 38; 14
20,67,0.10636,0.29851,77; 20; 39; 59; 80; 22; 67; 77; 52; 76
17,60,0.11903,0.28333,12; 17; 77; 30; 81; 40; 60; 26; 75; 53
21,46,0.12712,0.45652,5; 21; 82; 12; 35; 36; 46; 19; 9; 52
17,69,0.11013,0.24638,75; 17; 78; 20; 40; 66; 69; 56; 59; 46
10,31,0.14017,0.32258,5; 10; 35; 70; 25; 78; 31; 46; 36; 8
65,77,0.08827,0.84416,17; 65; 18; 82; 66; 8; 77; 63; 28; 67
68,81,0.07947,0.83951,18; 68; 32; 41; 28; 42; 81; 45; 36; 17
13,47,0.13222,0.2766,22; 13; 42; 71; 17; 19; 47; 41; 41; 76
26,80,0.09922,0.325,85; 26; 46; 47; 6; 72; 80; 58; 45; 67
43,76,0.10309,0.56579,6; 43; 19; 38; 83; 27; 76; 33; 46; 80
24,48,0.13125,0.5,6; 24; 18; 82; 54; 35; 48; 14; 55; 10
30,81,0.09555,0.37037,33; 30; 10; 7; 11; 28; 81; 50; 10; 51
12,26,0.1316,0.46154,70; 12; 24; 78; 39; 36; 26; 14; 27; 51
42,51,0.12759,0.82353,35; 42; 27; 85; 75; 13; 51; 21; 33; 12
10,36,0.13536,0.27778,85; 10; 41; 74; 41; 68; 36; 71; 43; 69
26,75,0.09571,0.34667,9; 26; 21; 7; 61; 50; 75; 26; 40; 78
26,31,0.13199,0.83871,43; 26; 58; 58; 37; 71; 31; 81; 67; 43
21,60,0.12092,0.35,78; 21; 79; 58; 19; 78; 60; 31; 35; 75
24,84,0.09143,0.28571,83; 24; 80; 37; 60; 8; 84; 76; 43; 74
50,61,0.11287,0.81967,20; 50; 41; 53; 61; 69; 61; 70; 32; 72
25,50,0.13833,0.5,11; 25; 79; 75; 22; 25; 50; 59; 15; 27
15,50,0.12929,0.3,83; 15; 62; 44; 21; 53; 50; 60; 20; 73
29,83,0.09319,0.3494,32; 29; 63; 59; 56; 16; 83; 11; 73; 68
7,21,0.12959,0.33333,59; 7; 80; 28; 85; 25; 21; 56; 66; 50
19,65,0.11792,0.29231,74; 19; 38; 22; 41; 50; 65; 13; 77; 43
31,39,0.13355,0.79487,6; 31; 49; 79; 49; 42; 39; 58; 75; 39
17,68,0.10654,0.25,67; 17; 39; 42; 50; 69; 68; 26; 72; 25
43,77,0.10785,0.55844,68; 43; 5; 31; 81; 32; 77; 28; 54; 52
13,35,0.14602,0.37143,20; 13; 74; 83; 6; 59; 35; 66; 36; 41
49,62,0.11043,0.79032,9; 49; 56; 33; 41; 81; 62; 80; 61; 44
26,53,0.13675,0.49057,40; 26; 49; 80; 28; 83; 53; 57; 24; 28
42,75,0.10745,0.56,23; 42; 18; 5; 40; 33; 75; 42; 38; 44
10,20,0.13184,0.5,49; 10; 41; 23; 10; 64; 20; 44; 39; 40
19,76,0.10204,0.25,45; 19; 30; 27; 37; 71; 76; 50; 82; 80
34,74,0.1025,0.45946,73; 34; 59; 43; 58; 64; 74; 78; 74; 80
24,43,0.144,0.55814,33; 24; 31; 10; 43; 34; 43; 17; 27; 74
25,72,0.10933,0.34722,37; 25; 10; 40; 7; 34; 72; 43; 82; 44
58,69,0.0949,0.84058,7; 58; 79; 26; 60; 76; 69; 37; 48; 11
23,62,0.12277,0.37097,48; 23; 57; 22; 45; 59; 62; 64; 30; 35
5,18,0.10259,0.27778,63; 5; 75; 60; 6; 49; 18; 30; 9; 23
47,56,0.12284,0.83929,57; 47; 83; 71; 76; 35; 56; 7; 16; 85
29,83,0.09318,0.3494,48; 29; 12; 55; 25; 35; 83; 27; 28; 79
44,79,0.11013,0.55696,74; 44; 36; 81; 83; 46; 79; 25; 9; 43
41,83,0.09789,0.49398,78; 41; 50; 63; 50; 44; 83; 49; 32; 78
30,54,0.12432,0.55556,18; 30; 19; 27; 15; 58; 54; 24; 37; 11
19,65,0.11646,0.29231,71; 19; 43; 84; 79; 60; 65; 62; 80; 7
60,70,0.0916,0.85714,84; 60; 67; 51; 26; 20; 70; 67; 56; 76
23,78,0.09689,0.29487,30; 23; 47; 64; 56; 26; 78; 78; 61; 77
63,73,0.09288,0.86301,81; 63; 29; 76; 51; 69; 73; 29; 40; 34
25,29,0.14186,0.86207,58; 25; 48; 68; 38; 82; 29; 58; 60; 73
55,70,0.09979,0.78571,25; 55; 50; 69; 84; 15; 70; 79; 50; 19
18,32,0.13658,0.5625,57; 18; 69; 8; 53; 56; 32; 53; 49; 47
20,68,0.1107,0.29412,61; 20; 45; 36; 46; 71; 68; 69; 77; 82
13,52,0.12747,0.25,37; 13; 24; 55; 6; 54; 52; 65; 57; 31
30,61,0.11491,0.4918,60; 30; 51; 9; 10; 27; 61; 54; 75; 61
36,43,0.13346,0.83721,33; 36; 37; 14; 49; 37; 43; 53; 43; 42
8,27,0.14216,0.2963,34; 8; 52; 84; 29; 5; 27; 26; 33; 20
42,50,0.13522,0.84,58; 42; 53; 25; 73; 24; 50; 47; 40; 36
64,78,0.08626,0.82051,77; 64; 17; 38; 65; 49; 78; 56; 57; 17
61,73,0.09371,0.83562,11; 61; 76; 31; 43; 60; 73; 51; 9; 49
25,72,0.10838,0.34722,76; 25; 20; 81; 48; 46; 72; 67; 50; 41
30,82,0.09359,0.36585,28; 30; 67; 69; 20; 59; 82; 6; 84; 23
35,44,0.13704,0.79545,41; 35; 46; 22; 36; 57; 44; 62; 46; 41
24,82,0.0949,0.29268,28; 24; 68; 31; 46; 79; 82; 26; 16; 47
19,55,0.12184,0.34545,52; 19; 66; 27; 59; 46; 55; 63; 83; 59
13,40,0.13635,0.325,29; 13; 20; 47; 75; 78; 40; 84; 29; 18
24,81,0.09207,0.2963,61; 24; 46; 50; 42; 74; 81; 14; 29; 58
26,81,0.10263,0.32099,21; 26; 12; 27; 47; 41; 81; 18; 11; 55
19,66,0.11392,0.28788,28; 19; 18; 50; 45; 42; 66; 8; 38; 79
17,57,0.12721,0.29825,85; 17; 80; 74; 82; 32; 57; 79; 57; 33
44,55,0.13037,0.8,83; 44; 38; 71; 43; 68; 55; 15; 42; 23
20,71,0.11203,0.28169,78; 20; 54; 20; 19; 75; 71; 48; 26; 61
6,25,0.11389,0.24,6; 6; 77; 68; 8; 28; 25; 6; 74; 38
35,62,0.11763,0.56452,37; 35; 79; 13; 40; 29; 62; 71; 9; 41
61,74,0.09144,0.82432,56; 61; 47; 29; 73; 12; 74; 82; 7; 32
18,75,0.10083,0.24,61; 18; 48; 84; 57; 64; 75; 17; 43; 59
17,49,0.12961,0.34694,42; 17; 68; 63; 36; 52; 49; 70; 25; 78
52,62,0.11329,0.83871,18; 52; 56; 25; 74; 34; 62; 37; 85; 61
25,78,0.10215,0.32051,8; 25; 43; 36; 51; 49; 78; 64; 79; 45
17,46,0.12718,0.36957,84; 17; 72; 52; 78; 46; 46; 55; 64; 57
24,83,0.0854,0.28916,67; 24; 20; 85; 66; 8; 83; 25; 32; 81
41,84,0.09362,0.4881,27; 41; 23; 39; 43; 64; 84; 63; 30; 59
25,68,0.10399,0.36765,16; 25; 22; 23; 64; 39; 68; 30; 25; 80
35,44,0.14165,0.79545,74; 35; 21; 54; 5; 41; 44; 79; 36; 11
16,64,0.11768,0.25,39; 16; 21; 60; 77; 68; 64; 5; 7; 35
22,59,0.11684,0.37288,54; 22; 74; 36; 31; 37; 59; 28; 26; 14
63,80,0.08407,0.7875,41; 63; 9; 84; 45; 26; 80; 33; 22; 80
20,72,0.09927,0.27778,14; 20; 60; 50; 26; 84; 72; 84; 48; 27
37,65,0.11023,0.56923,83; 37; 32; 41; 81; 7; 65; 65; 12; 73
18,72,0.1009,0.25,72; 18; 46; 46; 44; 7; 72; 52; 18; 41
24,82,0.09791,0.29268,53; 24; 9; 23; 49; 37; 82; 51; 22; 7
16,20,0.13375,0.8,59; 16; 60; 8; 28; 24; 20; 75; 13; 39
68,85,0.07932,0.8,49; 68; 69; 14; 56; 53; 85; 33; 79; 54
13,37,0.13117,0.35135,46; 13; 51; 29; 68; 78; 37; 65; 14; 30
22,59,0.1243,0.37288,81; 22; 62; 20; 65; 85; 59; 28; 53; 65
20,71,0.10907,0.28169,60; 20; 6; 55; 83; 42; 71; 22; 78; 16
8,25,0.13489,0.32,50; 8; 81; 33; 35; 67; 25; 36; 69; 36
65,82,0.08452,0.79268,12; 65; 28; 34; 72; 54; 82; 49; 61; 50
25,45,0.13997,0.55556,44; 25; 20; 12; 74; 50; 45; 43; 56; 80
45,79,0.10526,0.56962,73; 45; 8; 63; 35; 34; 79; 60; 79; 67
19,51,0.12988,0.37255,74; 19; 63; 37; 6; 48; 51; 68; 21; 41
10,27,0.1289,0.37037,18; 10; 73; 38; 61; 60; 27; 38; 50; 24
26,52,0.13203,0.5,29; 26; 56; 55; 70; 42; 52; 30; 6; 44
23,62,0.1189,0.37097,54; 23; 34; 8; 28; 39; 62; 64; 14; 23
21,85,0.08739,0.24706,13; 21; 51; 15; 72; 10; 85; 22; 25; 47
23,70,0.1037,0.32857,70; 23; 14; 62; 27; 20; 70; 18; 27; 10
37,44,0.13032,0.84091,17; 37; 31; 68; 48; 19; 44; 17; 64; 39
24,42,0.13223,0.57143,43; 24; 56; 42; 26; 73; 42; 46; 53; 56
53,63,0.11752,0.84127,37; 53; 9; 36; 65; 82; 63; 45; 33; 37
33,42,0.13266,0.78571,44; 33; 30; 59; 50; 58; 42; 32; 23; 26
24,65,0.11295,0.36923,24; 24; 20; 82; 36; 38; 65; 32; 19; 61
50,63,0.11485,0.79365,11; 50; 25; 67; 32; 49; 63; 59; 47; 66
36,74,0.09839,0.48649,46; 36; 61; 36; 8; 26; 74; 37; 46; 11
24,75,0.10278,0.32,28; 24; 43; 79; 44; 84; 75; 33; 46; 66
24,79,0.09925,0.3038,19; 24; 60; 7; 39; 70; 79; 60; 75; 51
15,52,0.13421,0.28846,58; 15; 24; 22; 67; 8; 52; 68; 57; 27
41,49,0.13036,0.83673,11; 41; 17; 58; 35; 63; 49; 42; 15; 57
39,49,0.13814,0.79592,36; 39; 11; 27; 15; 23; 49; 49; 34; 80
20,82,0.0883,0.2439,35; 20; 65; 27; 39; 77; 82; 74; 61; 81
15,47,0.13001,0.31915,16; 15; 16; 78; 33; 35; 47; 82; 22; 51
30,85,0.09683,0.35294,66; 30; 69; 47; 80; 37; 85; 42; 17; 7
61,77,0.09234,0.79221,81; 61; 82; 69; 35; 22; 77; 35; 14; 59
30,65,0.11139,0.46154,20; 30; 21; 32; 85; 76; 65; 15; 64; 77
24,28,0.13317,0.85714,79; 24; 74; 47; 25; 40; 28; 35; 56; 67
33,68,0.11887,0.48529,71; 33; 23; 15; 74; 21; 68; 79; 68; 82
23,40,0.13677,0.575,50; 23; 52; 26; 54; 48; 40; 67; 75; 53
17,35,0.13875,0.48571,42; 17; 68; 29; 41; 60; 35; 6; 17; 78
22,28,0.13258,0.78571,37; 22; 34; 30; 40; 72; 28; 7; 5; 5
39,84,0.10188,0.46429,6; 39; 80; 46; 22; 61; 84; 59; 52; 30
40,72,0.10396,0.55556,40; 40; 31; 28; 28; 6; 72; 77; 61; 19
26,57,0.12187,0.45614,62; 26; 62; 20; 20; 56; 57; 21; 54; 43
18,36,0.13171,0.5,54; 18; 19; 29; 47; 71; 36; 69; 13; 62
64,80,0.0889,0.8,61; 64; 30; 41; 46; 28; 80; 23; 41; 67
10,31,0.13606,0.32258,17; 10; 29; 85; 49; 63; 31; 50; 85; 83
33,72,0.10597,0.45833,79; 33; 40; 75; 77; 45; 72; 53; 9; 61
17,34,0.1345,0.5,13; 17; 19; 17; 19; 28; 34; 79; 8; 11
65,77,0.0814,0.84416,23; 65; 82; 6; 62; 40; 77; 33; 83; 48
18,52,0.12977,0.34615,61; 18; 42; 15; 62; 79; 52; 53; 18; 81
10,27,0.13249,0.37037,20; 10; 77; 62; 14; 75; 27; 64; 18; 20
35,76,0.103,0.46053,65; 35; 41; 61; 10; 42; 76; 80; 48; 76
18,61,0.11216,0.29508,68; 18; 77; 68; 70; 76; 61; 14; 19; 52
22,67,0.11095,0.32836,5; 22; 39; 34; 70; 31; 67; 38; 68; 22
13,23,0.13377,0.56522,46; 13; 12; 68; 59; 77; 23; 69; 81; 41
15,51,0.12907,0.29412,12; 15; 21; 47; 82; 56; 51; 16; 45; 32
60,75,0.09074,0.8,20; 60; 16; 41; 69; 63; 75; 38; 10; 46
31,84,0.09602,0.36905,76; 31; 8; 63; 34; 49; 84; 34; 68; 41
23,83,0.09355,0.27711,85; 23; 45; 81; 77; 21; 83; 43; 18; 35
27,59,0.12703,0.45763,6; 27; 23; 68; 54; 24; 59; 29; 67; 39
62,74,0.08755,0.83784,58; 62; 47; 54; 77; 84; 74; 63; 76; 70
60,70,0.09665,0.85714,74; 60; 6; 77; 40; 13; 70; 48; 37; 29
14,48,0.12723,0.29167,77; 14; 36; 63; 11; 27; 48; 84; 53; 7
20,41,0.1303,0.4878,13; 20; 74; 79; 67; 83; 41; 22; 25; 51
37,76,0.09963,0.48684,48; 37; 32; 51; 47; 55; 76; 49; 12; 27
22,60,0.11937,0.36667,41; 22; 80; 68; 20; 12; 60; 79; 20; 39
14,49,0.13368,0.28571,40; 14; 23; 15; 53; 39; 49; 77; 23; 16
51,64,0.10939,0.79688,54; 51; 69; 84; 39; 18; 64; 16; 39; 68
24,80,0.09854,0.3,68; 24; 60; 25; 15; 38; 80; 7; 37; 79
10,42,0.13396,0.2381,42; 10; 26; 42; 48; 11; 42; 55; 29; 61
30,35,0.13062,0.85714,7; 30; 77; 61; 75; 6; 35; 27; 14; 67
47,59,0.12272,0.79661,9; 47; 42; 12; 50; 80; 59; 85; 6; 67
42,50,0.12773,0.84,59; 42; 71; 25; 80; 62; 50; 71; 83; 49
26,78,0.09806,0.33333,79; 26; 68; 30; 50; 56; 78; 42; 34; 50
31,84,0.09025,0.36905,11; 31; 80; 29; 11; 44; 84; 41; 21; 67
12,48,0.13597,0.25,51; 12; 39; 75; 7; 66; 48; 63; 65; 6
11,30,0.13644,0.36667,17; 11; 57; 25; 85; 47; 30; 73; 64; 60
66,82,0.07857,0.80488,38; 66; 6; 51; 39; 61; 82; 30; 31; 48
39,84,0.09756,0.46429,76; 39; 57; 38; 27; 40; 84; 13; 53; 81
20,62,0.11735,0.32258,38; 20; 9; 41; 16; 74; 62; 83; 12; 81
45,79,0.10784,0.56962,16; 45; 64; 47; 71; 18; 79; 20; 5; 83
47,56,0.12677,0.83929,53; 47; 69; 38; 69; 48; 56; 39; 57; 8
17,68,0.10634,0.25,82; 17; 49; 40; 47; 7; 68; 6; 81; 72
38,77,0.10917,0.49351,25; 38; 57; 55; 67; 81; 77; 35; 15; 60
40,80,0.10313,0.5,22; 40; 44; 55; 69; 46; 80; 11; 83; 79
65,76,0.0863,0.85526,83; 65; 12; 81; 29; 75; 76; 64; 20; 21
40,50,0.13236,0.8,82; 40; 81; 25; 70; 27; 50; 85; 83; 22
19,55,0.12895,0.34545,79; 19; 45; 62; 70; 37; 55; 67; 65; 49
17,68,0.11117,0.25,24; 17; 63; 12; 50; 80; 68; 31; 14; 31
9,36,0.13726,0.25,75; 9; 19; 19; 50; 26; 36; 57; 32; 27
39,68,0.1199,0.57353,32; 39; 63; 42; 19; 19; 68; 37; 17; 9
34,68,0.11296,0.5,51; 34; 47; 32; 72; 27; 68; 33; 79; 48
46,82,0.09673,0.56098,46; 46; 72; 33; 75; 7; 82; 10; 63; 70
24,79,0.09894,0.3038,54; 24; 10; 47; 37; 53; 79; 63; 77; 22
48,60,0.11264,0.8,71; 48; 83; 12; 77; 53; 60; 74; 70; 61
8,23,0.1396,0.34783,46; 8; 64; 61; 42; 63; 23; 58; 49; 68
48,60,0.12324,0.8,81; 48; 71; 15; 11; 55; 60; 46; 23; 57
25,78,0.09547,0.32051,66; 25; 51; 47; 68; 37; 78; 13; 48; 75
59,69,0.09895,0.85507,45; 59; 18; 26; 49; 34; 69; 39; 28; 21
18,61,0.11997,0.29508,62; 18; 58; 17; 10; 82; 61; 46; 15; 34
32,39,0.13584,0.82051,30; 32; 60; 53; 69; 7; 39; 49; 50; 6
23,62,0.11897,0.37097,81; 23; 59; 64; 33; 14; 62; 61; 25; 46
19,39,0.1362,0.48718,17; 19; 21; 43; 61; 48; 39; 39; 26; 17
41,52,0.12993,0.78846,68; 41; 51; 6; 62; 31; 52; 28; 31; 71
26,82,0.09702,0.31707,44; 26; 25; 77; 81; 57; 82; 46; 23; 77
14,50,0.13193,0.28,18; 14; 31; 17; 8; 21; 50; 55; 68; 48
27,73,0.11032,0.36986,75; 27; 17; 32; 81; 61; 73; 47; 49; 46
48,84,0.09888,0.57143,71; 48; 14; 60; 18; 38; 84; 49; 40; 70
34,70,0.10331,0.48571,47; 34; 46; 56; 62; 23; 70; 46; 34; 33
23,41,0.13321,0.56098,38; 23; 50; 59; 77; 69; 41; 83; 32; 28
46,58,0.11815,0.7931,84; 46; 47; 62; 83; 75; 58; 46; 72; 76
48,84,0.09292,0.57143,12; 48; 64; 57; 40; 44; 84; 19; 82; 36
22,78,0.09232,0.28205,35; 22; 68; 71; 70; 33; 78; 5; 51; 58
6,21,0.12339,0.28571,31; 6; 18; 17; 20; 53; 21; 39; 24; 80
40,70,0.10924,0.57143,52; 40; 46; 41; 10; 73; 70; 40; 76; 55
8,25,0.14115,0.32,62; 8; 13; 72; 85; 50; 25; 40; 83; 40
27,33,0.13616,0.81818,68; 27; 67; 70; 21; 83; 33; 45; 17; 19
44,77,0.1057,0.57143,52; 44; 45; 79; 13; 61; 77; 11; 9; 11
22,60,0.12476,0.36667,69; 22; 16; 17; 11; 72; 60; 78; 61; 51
55,64,0.10167,0.85938,62; 55; 69; 79; 13; 41; 64; 44; 39; 17
19,59,0.11514,0.32203,27; 19; 30; 55; 81; 16; 59; 26; 49; 42
12,37,0.14029,0.32432,80; 12; 49; 43; 10; 57; 37; 23; 81; 67
5,18,0.09972,0.27778,60; 5; 9; 43; 42; 8; 18; 39; 6; 77
20,70,0.10764,0.28571,48; 20; 65; 17; 35; 75; 70; 63; 6; 27
24,30,0.13455,0.8,45; 24; 8; 34; 72; 80; 30; 48; 31; 27
11,37,0.14393,0.2973,29; 11; 17; 9; 10; 59; 37; 17; 16; 33
54,64,0.10495,0.84375,33; 54; 67; 74; 59; 43; 64; 46; 67; 22
16,49,0.12947,0.32653,72; 16; 83; 9; 52; 60; 49; 37; 34; 56
19,51,0.12679,0.37255,23; 19; 11; 29; 25; 78; 51; 38; 43; 68
6,7,0.10365,0.85714,17; 6; 41; 37; 53; 37; 7; 60; 16; 75
42,85,0.09752,0.49412,20; 42; 8; 13; 51; 9; 85; 17; 62; 49
21,64,0.11329,0.32812,75; 21; 53; 36; 42; 70; 64; 34; 71; 6
22,73,0.09916,0.30137,59; 22; 23; 17; 55; 78; 73; 37; 21; 41
41,84,0.09824,0.4881,30; 41; 68; 66; 58; 45; 84; 47; 59; 29
18,39,0.13695,0.46154,40; 18; 36; 54; 16; 31; 39; 70; 43; 15
21,73,0.1055,0.28767,29; 21; 53; 45; 22; 38; 73; 55; 79; 51
22,68,0.1108,0.32353,12; 22; 49; 85; 61; 70; 68; 73; 68; 5
13,51,0.13156,0.2549,28; 13; 22; 57; 49; 31; 51; 38; 16; 22
23,73,0.09981,0.31507,10; 23; 65; 79; 12; 18; 73; 67; 66; 78
19,55,0.12157,0.34545,28; 19; 18; 6; 44; 61; 55; 33; 46; 55
43,75,0.10252,0.57333,64; 43; 13; 22; 77; 66; 75; 80; 47; 16
72,84,0.07376,0.85714,5; 72; 76; 19; 74; 78; 84; 70; 27; 38
59,72,0.09669,0.81944,66; 59; 18; 35; 7; 70; 72; 58; 12; 41
13,47,0.1272,0.2766,58; 13; 38; 7; 49; 29; 47; 82; 26; 13
14,58,0.12073,0.24138,24; 14; 51; 9; 47; 39; 58; 69; 16; 79
14,46,0.13146,0.30435,58; 14; 68; 79; 85; 61; 46; 63; 63; 74
19,65,0.1056,0.29231,40; 19; 26; 46; 43; 82; 65; 58; 7; 78
15,52,0.12532,0.28846,65; 15; 24; 53; 53; 63; 52; 26; 79; 78
28,57,0.12828,0.49123,29; 28; 6; 51; 28; 22; 57; 73; 62; 27
9,18,0.13561,0.5,9; 9; 37; 62; 24; 23; 18; 25; 35; 70
26,81,0.10284,0.32099,29; 26; 20; 34; 21; 12; 81; 73; 12; 25
63,73,0.08733,0.86301,46; 63; 38; 40; 51; 25; 73; 6; 79; 79
38,77,0.10323,0.49351,40; 38; 60; 62; 25; 65; 77; 51; 10; 20
38,82,0.09064,0.46341,68; 38; 11; 32; 50; 17; 82; 69; 68; 83
23,83,0.09705,0.27711,72; 23; 24; 67; 62; 73; 83; 75; 48; 52
40,71,0.11096,0.56338,12; 40; 61; 42; 47; 12; 71; 32; 26; 83
17,68,0.1154,0.25,37; 17; 62; 11; 81; 65; 68; 74; 34; 23
6,20,0.11283,0.3,9; 6; 42; 15; 15; 46; 20; 15; 58; 49
29,82,0.10067,0.35366,49; 29; 24; 69; 82; 32; 82; 7; 85; 67
48,84,0.09472,0.57143,73; 48; 11; 25; 27; 17; 84; 15; 18; 47
32,39,0.13429,0.82051,44; 32; 52; 76; 62; 61; 39; 82; 16; 23
28,34,0.13728,0.82353,18; 28; 18; 45; 85; 7; 34; 85; 15; 32
7,20,0.12821,0.35,8; 7; 11; 82; 48; 71; 20; 72; 85; 64
20,63,0.11294,0.31746,22; 20; 65; 58; 76; 34; 63; 22; 38; 43
24,74,0.10561,0.32432,21; 24; 45; 8; 26; 41; 74; 25; 60; 57
33,42,0.13575,0.78571,43; 33; 59; 74; 82; 58; 42; 56; 21; 12
41,49,0.13628,0.83673,73; 41; 63; 43; 30; 26; 49; 50; 22; 30
17,56,0.12321,0.30357,48; 17; 43; 30; 28; 54; 56; 56; 39; 51
30,60,0.1264,0.5,64; 30; 5; 64; 83; 13; 60; 16; 78; 82
14,56,0.12917,0.25,35; 14; 31; 12; 16; 19; 56; 50; 26; 25
6,19,0.11498,0.31579,36; 6; 24; 68; 32; 66; 19; 22; 84; 54
37,43,0.13226,0.86047,35; 37; 42; 16; 83; 80; 43; 21; 83; 25
21,75,0.10568,0.28,60; 21; 22; 26; 67; 50; 75; 24; 71; 43
16,54,0.12856,0.2963,82; 16; 40; 17; 13; 62; 54; 31; 66; 63
8,28,0.13701,0.28571,54; 8; 24; 84; 27; 52; 28; 70; 81; 73
19,66,0.11301,0.28788,6; 19; 46; 29; 73; 69; 66; 61; 38; 35
47,83,0.09798,0.56627,44; 47; 59; 70; 60; 22; 83; 30; 22; 63
37,75,0.09982,0.49333,35; 37; 70; 28; 54; 83; 75; 69; 16; 15
12,41,0.12796,0.29268,19; 12; 67; 27; 30; 18; 41; 83; 14; 38
12,48,0.13503,0.25,71; 12; 84; 39; 50; 48; 48; 34; 37; 35
49,57,0.12302,0.85965,73; 49; 24; 64; 24; 7; 57; 53; 64; 40
46,55,0.12521,0.83636,60; 46; 39; 62; 30; 80; 55; 85; 12; 35
34,68,0.10961,0.5,79; 34; 41; 18; 7; 54; 68; 12; 67; 7
55,67,0.10657,0.8209,19; 55; 48; 65; 40; 17; 67; 74; 41; 84
7,20,0.1192,0.35,67; 7; 19; 54; 51; 44; 20; 80; 80; 11
23,79,0.10755,0.29114,35; 23; 58; 52; 64; 15; 79; 22; 73; 73
8,27,0.13751,0.2963,61; 8; 61; 54; 66; 18; 27; 17; 41; 51
6,20,0.11691,0.3,31; 6; 51; 5; 75; 17; 20; 54; 6; 54
55,69,0.09767,0.7971,68; 55; 17; 16; 36; 56; 69; 76; 32; 80
15,60,0.115,0.25,60; 15; 11; 54; 20; 26; 60; 5; 8; 79
26,56,0.12833,0.46429,64; 26; 11; 77; 74; 31; 56; 49; 45; 67
22,62,0.12274,0.35484,22; 22; 33; 67; 44; 44; 62; 42; 44; 79
23,66,0.11258,0.34848,46; 23; 9; 10; 32; 72; 66; 45; 83; 49
49,61,0.11446,0.80328,76; 49; 60; 41; 66; 53; 61; 30; 19; 46
37,46,0.13466,0.80435,61; 37; 60; 32; 40; 67; 46; 27; 70; 62
47,59,0.11536,0.79661,76; 47; 67; 47; 77; 83; 59; 53; 79; 77
19,66,0.10997,0.28788,71; 19; 61; 79; 75; 40; 66; 7; 45; 81
20,70,0.10748,0.28571,9; 20; 77; 19; 80; 52; 70; 18; 39; 64
42,84,0.09855,0.5,30; 42; 61; 65; 43; 22; 84; 13; 63; 28
16,57,0.12037,0.2807,47; 16; 22; 69; 17; 9; 57; 79; 45; 82
45,79,0.09622,0.56962,24; 45; 64; 26; 77; 67; 79; 82; 37; 26
8,25,0.13548,0.32,63; 8; 28; 78; 65; 72; 25; 23; 43; 43
27,73,0.10275,0.36986,58; 27; 82; 25; 72; 78; 73; 40; 5; 36
63,79,0.08554,0.79747,5; 63; 68; 55; 64; 29; 79; 26; 18; 73
29,59,0.12175,0.49153,19; 29; 26; 50; 12; 77; 59; 17; 9; 42
68,83,0.07382,0.81928,15; 68; 77; 46; 12; 12; 83; 48; 42; 38
23,76,0.10738,0.30263,27; 23; 73; 58; 55; 56; 76; 73; 14; 47
47,82,0.09153,0.57317,10; 47; 59; 75; 66; 35; 82; 12; 60; 69
16,43,0.13729,0.37209,37; 16; 42; 67; 8; 77; 43; 9; 80; 54
19,52,0.12652,0.36538,60; 19; 7; 39; 9; 23; 52; 85; 54; 17
26,46,0.13435,0.56522,26; 26; 21; 80; 32; 66; 46; 84; 71; 63
17,70,0.1092,0.24286,37; 17; 5; 20; 79; 27; 70; 51; 36; 11
52,65,0.10622,0.8,32; 52; 65; 24; 23; 27; 65; 66; 9; 17
12,51,0.13846,0.23529,81; 12; 71; 46; 15; 13; 51; 8; 8; 58
12,49,0.13673,0.2449,53; 12; 62; 55; 56; 62; 49; 30; 29; 14
19,65,0.10544,0.29231,17; 19; 47; 62; 67; 50; 65; 42; 62; 65
19,39,0.13177,0.48718,62; 19; 37; 66; 38; 80; 39; 37; 40; 50
26,81,0.09792,0.32099,73; 26; 13; 30; 18; 17; 81; 66; 19; 16
17,35,0.13199,0.48571,48; 17; 81; 5; 73; 52; 35; 9; 58; 21
33,58,0.122,0.56897,37; 33; 18; 35; 24; 38; 58; 85; 47; 57
38,77,0.10186,0.49351,27; 38; 29; 41; 22; 83; 77; 61; 19; 53
67,84,0.07446,0.79762,11; 67; 53; 69; 11; 76; 84; 28; 20; 58
15,54,0.1354,0.27778,54; 15; 38; 61; 49; 50; 54; 25; 33; 30
27,32,0.13916,0.84375,57; 27; 32; 12; 21; 19; 32; 44; 59; 5
11,37,0.13836,0.2973,41; 11; 30; 49; 25; 58; 37; 68; 69; 10
14,44,0.1401,0.31818,47; 14; 26; 82; 77; 22; 44; 6; 9; 37
12,40,0.14144,0.3,17; 12; 16; 47; 63; 80; 40; 69; 73; 79
21,42,0.13154,0.5,69; 21; 50; 71; 67; 62; 42; 57; 51; 71
16,43,0.14003,0.37209,31; 16; 49; 11; 83; 25; 43; 8; 79; 71
22,79,0.09519,0.27848,57; 22; 38; 69; 37; 24; 79; 36; 55; 47
51,62,0.11529,0.82258,71; 51; 68; 38; 67; 21; 62; 58; 30; 80
26,71,0.11016,0.3662,28; 26; 73; 53; 49; 74; 71; 11; 45; 21
24,52,0.13016,0.46154,20; 24; 5; 14; 9; 32; 52; 27; 69; 6
38,45,0.13639,0.84444,5; 38; 61; 16; 50; 13; 45; 68; 56; 13
60,70,0.09403,0.85714,33; 60; 58; 47; 76; 30; 70; 60; 48; 17
13,23,0.13192,0.56522,11; 13; 9; 44; 23; 36; 23; 54; 72; 54
62,72,0.09469,0.86111,71; 62; 85; 43; 49; 78; 72; 18; 35; 52
34,68,0.11667,0.5,53; 34; 68; 33; 49; 71; 68; 47; 84; 43
5,10,0.10118,0.5,70; 5; 31; 58; 75; 26; 10; 41; 39; 65
30,61,0.12359,0.4918,64; 30; 59; 29; 63; 35; 61; 48; 64; 54
63,77,0.08486,0.81818,79; 63; 11; 33; 22; 41; 77; 28; 30; 75
65,77,0.08298,0.84416,36; 65; 35; 52; 15; 29; 77; 33; 61; 83
17,72,0.1116,0.23611,29; 17; 78; 49; 69; 52; 72; 44; 39; 84
19,59,0.11757,0.32203,69; 19; 39; 53; 58; 67; 59; 59; 8; 47
30,81,0.09165,0.37037,44; 30; 82; 59; 74; 35; 81; 48; 25; 44
28,35,0.14385,0.8,29; 28; 44; 54; 60; 84; 35; 84; 50; 18
18,63,0.11666,0.28571,36; 18; 58; 10; 38; 80; 63; 14; 12; 17
39,70,0.11692,0.55714,62; 39; 54; 23; 65; 10; 70; 54; 53; 6
10,27,0.14087,0.37037,18; 10; 55; 79; 85; 53; 27; 9; 10; 66
36,45,0.14221,0.8,80; 36; 63; 64; 31; 11; 45; 47; 35; 28
13,41,0.13551,0.31707,25; 13; 47; 38; 19; 52; 41; 25; 58; 65
16,54,0.12781,0.2963,60; 16; 63; 74; 63; 33; 54; 84; 9; 79
19,78,0.09564,0.24359,73; 19; 32; 54; 64; 51; 78; 83; 84; 8
60,73,0.09474,0.82192,36; 60; 37; 85; 19; 74; 73; 85; 14; 63
27,33,0.1372,0.81818,62; 27; 65; 28; 20; 35; 33; 22; 9; 84
58,69,0.09707,0.84058,47; 58; 77; 78; 34; 34; 69; 75; 81; 44
30,53,0.12709,0.56604,67; 30; 33; 63; 70; 15; 53; 68; 22; 56
19,68,0.10544,0.27941,73; 19; 11; 55; 18; 14; 68; 25; 5; 52
28,57,0.12372,0.49123,6; 28; 38; 81; 20; 53; 57; 69; 9; 69
18,22,0.12344,0.81818,35; 18; 68; 29; 72; 77; 22; 15; 13; 17
17,48,0.12782,0.35417,60; 17; 60; 8; 30; 84; 48; 70; 35; 83
28,61,0.12065,0.45902,34; 28; 18; 52; 25; 37; 61; 49; 41; 47
18,57,0.11756,0.31579,60; 18; 30; 8; 32; 82; 57; 35; 12; 46
42,84,0.09326,0.5,47; 42; 58; 33; 27; 78; 84; 83; 13; 36
52,62,0.11684,0.83871,77; 52; 75; 34; 24; 24; 62; 9; 56; 35
35,72,0.10178,0.48611,54; 35; 20; 49; 78; 7; 72; 47; 33; 79
66,84,0.07818,0.78571,50; 66; 10; 85; 60; 59; 84; 20; 39; 33
18,63,0.11048,0.28571,53; 18; 18; 53; 46; 81; 63; 44; 16; 55
32,65,0.11231,0.49231,59; 32; 69; 29; 40; 70; 65; 13; 9; 69
35,76,0.10599,0.46053,44; 35; 27; 13; 41; 38; 76; 47; 77; 81
20,54,0.12215,0.37037,23; 20; 66; 37; 73; 46; 54; 38; 67; 47
13,53,0.12909,0.24528,49; 13; 47; 64; 45; 5; 53; 64; 8; 21
24,65,0.113,0.36923,81; 24; 28; 6; 55; 44; 65; 70; 40; 49
21,43,0.13013,0.48837,85; 21; 67; 81; 47; 33; 43; 42; 6; 5
33,68,0.11032,0.48529,46; 33; 72; 29; 28; 34; 68; 28; 15; 73
21,64,0.11407,0.32812,78; 21; 45; 63; 74; 71; 64; 33; 85; 84
17,72,0.10661,0.23611,29; 17; 81; 63; 64; 80; 72; 47; 8; 6
11,30,0.14309,0.36667,74; 11; 61; 27; 65; 42; 30; 85; 72; 46
26,78,0.09527,0.33333,49; 26; 5; 10; 22; 82; 78; 30; 16; 58
62,78,0.08839,0.79487,48; 62; 27; 27; 14; 20; 78; 62; 25; 60
5,21,0.09081,0.2381,7; 5; 70; 83; 71; 53; 21; 65; 82; 76
28,57,0.12279,0.49123,70; 28; 61; 46; 38; 68; 57; 54; 62; 35
16,53,0.12708,0.30189,38; 16; 15; 14; 53; 27; 53; 75; 59; 39
61,77,0.0898,0.79221,38; 61; 7; 65; 14; 65; 77; 19; 44; 43
13,43,0.13455,0.30233,41; 13; 75; 35; 9; 78; 43; 10; 16; 15
44,79,0.09917,0.55696,21; 44; 26; 68; 67; 11; 79; 65; 74; 74
12,21,0.13557,0.57143,51; 12; 31; 45; 40; 28; 21; 17; 20; 56
24,30,0.12979,0.8,79; 24; 44; 70; 31; 42; 30; 13; 8; 41
23,73,0.10704,0.31507,43; 23; 83; 54; 82; 50; 73; 66; 33; 38
43,50,0.12951,0.86,30; 43; 26; 30; 29; 7; 50; 48; 76; 30
17,46,0.1356,0.36957,80; 17; 8; 80; 60; 8; 46; 48; 45; 72
29,52,0.12969,0.55769,43; 29; 80; 42; 12; 10; 52; 71; 32; 45
19,41,0.12686,0.46341,82; 19; 8; 35; 29; 40; 41; 10; 20; 62
15,62,0.11675,0.24194,82; 15; 54; 18; 13; 82; 62; 37; 83; 50
17,37,0.13886,0.45946,12; 17; 37; 62; 6; 66; 37; 28; 84; 64
16,66,0.11406,0.24242,83; 16; 50; 13; 54; 37; 66; 44; 26; 77
63,80,0.07952,0.7875,45; 63; 47; 75; 20; 8; 80; 52; 32; 56
18,22,0.12444,0.81818,70; 18; 60; 5; 75; 20; 22; 76; 21; 15
19,80,0.10564,0.2375,68; 19; 56; 67; 37; 61; 80; 63; 66; 22
49,62,0.11989,0.79032,47; 49; 46; 78; 55; 56; 62; 75; 24; 24
21,73,0.09936,0.28767,7; 21; 62; 49; 42; 22; 73; 76; 45; 42
38,44,0.13896,0.86364,8; 38; 36; 40; 41; 69; 44; 70; 8; 74
15,47,0.13647,0.31915,18; 15; 21; 10; 41; 25; 47; 76; 36; 68
44,56,0.13052,0.78571,14; 44; 72; 68; 23; 70; 56; 45; 14; 10
7,25,0.13307,0.28,52; 7; 29; 81; 59; 78; 25; 75; 13; 69
20,57,0.12598,0.35088,47; 20; 68; 85; 84; 66; 57; 48; 39; 64
25,44,0.14101,0.56818,73; 25; 22; 34; 46; 8; 44; 61; 39; 74
23,82,0.09739,0.28049,22; 23; 62; 24; 85; 79; 82; 22; 57; 26
12,38,0.13772,0.31579,58; 12; 81; 11; 37; 19; 38; 7; 37; 6
8,29,0.13808,0.27586,13; 8; 36; 65; 37; 26; 29; 77; 50; 24
28,80,0.09381,0.35,47; 28; 5; 23; 31; 7; 80; 25; 7; 8
31,84,0.09498,0.36905,79; 31; 51; 33; 40; 44; 84; 45; 72; 60
33,72,0.10663,0.45833,16; 33; 12; 50; 32; 10; 72; 64; 81; 45
26,57,0.12191,0.45614,30; 26; 9; 8; 82; 60; 57; 77; 69; 23
6,19,0.11863,0.31579,12; 6; 16; 57; 12; 82; 19; 45; 77; 23
56,68,0.10153,0.82353,69; 56; 21; 73; 5; 5; 68; 6; 49; 67
22,78,0.10422,0.28205,45; 22; 31; 12; 55; 66; 78; 68; 85; 60
38,77,0.09946,0.49351,36; 38; 8; 18; 70; 85; 77; 7; 17; 29
16,32,0.12913,0.5,74; 16; 57; 81; 34; 36; 32; 26; 26; 55
23,77,0.10442,0.2987,16; 23; 55; 80; 33; 51; 77; 73; 63; 80
17,56,0.11971,0.30357,20; 17; 22; 56; 29; 73; 56; 36; 13; 17
16,19,0.1353,0.84211,53; 16; 79; 80; 8; 10; 19; 60; 26; 28
11,44,0.14116,0.25,24; 11; 5; 64; 5; 45; 44; 64; 6; 64
18,54,0.1282,0.33333,5; 18; 82; 12; 46; 83; 54; 19; 33; 31
59,70,0.0957,0.84286,75; 59; 37; 41; 37; 21; 70; 56; 71; 33
66,82,0.0783,0.80488,12; 66; 10; 54; 46; 65; 82; 50; 5; 22
8,24,0.13443,0.33333,14; 8; 68; 22; 80; 16; 24; 43; 8; 48
23,40,0.1342,0.575,76; 23; 48; 27; 68; 77; 40; 43; 63; 83
26,33,0.12803,0.78788,75; 26; 12; 5; 8; 64; 33; 62; 61; 33
45,57,0.11809,0.78947,32; 45; 48; 30; 46; 56; 57; 30; 29; 24
33,42,0.13693,0.78571,77; 33; 52; 14; 32; 23; 42; 23; 59; 54
8,27,0.13447,0.2963,8; 8; 20; 13; 69; 14; 27; 56; 58; 82
33,59,0.11887,0.55932,5; 33; 69; 31; 31; 61; 59; 42; 5; 25
8,10,0.13947,0.8,68; 8; 17; 36; 22; 33; 10; 23; 19; 60
16,53,0.12692,0.30189,36; 16; 54; 83; 41; 9; 53; 21; 7; 16
9,26,0.14457,0.34615,16; 9; 73; 45; 43; 31; 26; 76; 39; 40
28,57,0.12649,0.49123,28; 28; 61; 60; 32; 40; 57; 47; 40; 9
15,53,0.12696,0.28302,16; 15; 73; 8; 64; 18; 53; 77; 36; 76
13,55,0.12505,0.23636,70; 13; 34; 71; 53; 75; 55; 75; 59; 24
22,39,0.12873,0.5641,23; 22; 74; 35; 71; 7; 39; 51; 33; 33
18,37,0.13404,0.48649,66; 18; 48; 36; 28; 79; 37; 35; 41; 60
37,81,0.09774,0.45679,68; 37; 24; 11; 16; 12; 81; 38; 79; 70
16,35,0.13088,0.45714,81; 16; 68; 33; 29; 36; 35; 59; 63; 59
24,68,0.10766,0.35294,28; 24; 23; 61; 15; 22; 68; 29; 17; 79
25,67,0.11112,0.37313,52; 25; 59; 68; 85; 38; 67; 62; 45; 50
18,74,0.09808,0.24324,77; 18; 71; 36; 17; 38; 74; 85; 66; 44
58,69,0.09504,0.84058,59; 58; 80; 46; 26; 29; 69; 9; 12; 40
59,75,0.09271,0.78667,59; 59; 13; 7; 37; 76; 75; 85; 11; 8
23,46,0.14054,0.5,8; 23; 28; 85; 85; 83; 46; 74; 69; 9
20,72,0.10443,0.27778,7; 20; 55; 47; 66; 37; 72; 36; 26; 22
15,43,0.13755,0.34884,31; 15; 30; 57; 45; 63; 43; 80; 77; 18
35,44,0.1327,0.79545,20; 35; 60; 52; 59; 21; 44; 43; 75; 55
22,77,0.10797,0.28571,28; 22; 18; 75; 14; 48; 77; 40; 33; 29
41,83,0.09998,0.49398,55; 41; 60; 15; 74; 26; 83; 42; 39; 81
30,60,0.12197,0.5,65; 30; 48; 68; 55; 8; 60; 48; 37; 63
31,37,0.13401,0.83784,84; 31; 59; 60; 46; 85; 37; 23; 47; 71
20,81,0.09143,0.24691,36; 20; 62; 35; 6; 25; 81; 10; 73; 34
15,46,0.13414,0.32609,75; 15; 49; 35; 25; 40; 46; 27; 52; 54
46,56,0.12438,0.82143,72; 46; 29; 40; 64; 33; 56; 45; 69; 55
30,81,0.1004,0.37037,51; 30; 70; 80; 33; 15; 81; 61; 50; 32
29,83,0.10184,0.3494,40; 29; 68; 44; 46; 37; 83; 51; 57; 82
23,78,0.09749,0.29487,16; 23; 51; 35; 49; 17; 78; 18; 29; 47
45,79,0.10222,0.56962,32; 45; 22; 49; 31; 33; 79; 16; 28; 58
12,51,0.13587,0.23529,40; 12; 21; 16; 60; 53; 51; 46; 56; 59
70,81,0.08004,0.8642,64; 70; 18; 16; 18; 50; 81; 51; 39; 37
16,19,0.12736,0.84211,31; 16; 60; 9; 26; 66; 19; 62; 61; 80
38,76,0.10402,0.5,84; 38; 32; 24; 64; 8; 76; 55; 84; 80
20,83,0.09309,0.24096,83; 20; 29; 63; 53; 29; 83; 9; 58; 9
17,34,0.1363,0.5,61; 17; 44; 71; 60; 85; 34; 36; 58; 5
71,85,0.07782,0.83529,7; 71; 5; 31; 49; 52; 85; 6; 5; 11
24,52,0.13302,0.46154,77; 24; 66; 40; 6; 59; 52; 42; 28; 31
17,51,0.12492,0.33333,62; 17; 51; 18; 26; 85; 51; 23; 30; 49
50,58,0.11624,0.86207,32; 50; 60; 5; 79; 38; 58; 31; 53; 85
18,51,0.12962,0.35294,53; 18; 67; 69; 53; 5; 51; 41; 10; 29
32,37,0.14124,0.86486,48; 32; 79; 26; 68; 64; 37; 21; 43; 70
13,23,0.13396,0.56522,76; 13; 25; 74; 72; 50; 23; 15; 41; 29
22,69,0.1044,0.31884,47; 22; 64; 17; 65; 26; 69; 72; 58; 43
14,47,0.13344,0.29787,46; 14; 26; 44; 45; 54; 47; 17; 76; 56
31,55,0.12671,0.56364,82; 31; 47; 27; 85; 44; 55; 53; 38; 14
24,43,0.13298,0.55814,26; 24; 34; 46; 34; 59; 43; 43; 38; 6
32,39,0.13109,0.82051,67; 32; 30; 83; 17; 11; 39; 53; 18; 62
27,81,0.10471,0.33333,9; 27; 42; 25; 83; 7; 81; 19; 37; 28
21,73,0.10721,0.28767,78; 21; 23; 41; 19; 38; 73; 53; 12; 59
30,53,0.12321,0.56604,51; 30; 14; 39; 66; 85; 53; 9; 45; 9
18,73,0.09778,0.24658,33; 18; 9; 83; 48; 64; 73; 46; 73; 26
47,57,0.12242,0.82456,40; 47; 67; 19; 51; 37; 57; 34; 43; 49
13,47,0.13378,0.2766,30; 13; 83; 64; 9; 28; 47; 24; 39; 60
22,74,0.09814,0.2973,17; 22; 28; 81; 33; 50; 74; 72; 27; 45
16,50,0.12481,0.32,28; 16; 60; 73; 79; 46; 50; 68; 80; 78
45,80,0.10845,0.5625,17; 45; 32; 56; 83; 14; 80; 73; 29; 62
33,67,0.11084,0.49254,12; 33; 26; 66; 51; 70; 67; 50; 5; 48
22,77,0.09557,0.28571,23; 22; 75; 33; 9; 43; 77; 8; 23; 12
13,51,0.12576,0.2549,49; 13; 59; 79; 20; 15; 51; 53; 7; 13
14,28,0.13031,0.5,19; 14; 15; 85; 11; 17; 28; 54; 60; 66
20,70,0.10558,0.28571,57; 20; 15; 64; 6; 62; 70; 40; 27; 63
22,28,0.13191,0.78571,51; 22; 25; 46; 34; 83; 28; 76; 47; 68
18,60,0.11338,0.3,33; 18; 74; 70; 71; 43; 60; 68; 79; 39
37,44,0.13787,0.84091,19; 37; 47; 19; 25; 30; 44; 42; 80; 34
57,71,0.10109,0.80282,18; 57; 55; 51; 32; 57; 71; 24; 29; 32
34,61,0.11888,0.55738,73; 34; 6; 58; 25; 12; 61; 53; 36; 73
56,70,0.1013,0.8,60; 56; 39; 7; 48; 61; 70; 39; 17; 31
9,11,0.14523,0.81818,84; 9; 32; 64; 27; 14; 11; 15; 44; 18
31,36,0.13821,0.86111,76; 31; 57; 47; 14; 72; 36; 52; 75; 36
26,81,0.10157,0.32099,67; 26; 73; 84; 15; 74; 81; 68; 10; 12
37,66,0.11786,0.56061,6; 37; 76; 7; 64; 85; 66; 45; 10; 30
12,48,0.13458,0.25,10; 12; 76; 10; 72; 29; 48; 12; 51; 13
36,45,0.13095,0.8,60; 36; 36; 5; 31; 62; 45; 83; 13; 69
22,62,0.12183,0.35484,17; 22; 12; 33; 67; 72; 62; 79; 85; 32
21,57,0.11964,0.36842,58; 21; 49; 26; 49; 85; 57; 27; 59; 58
16,54,0.12629,0.2963,20; 16; 38; 13; 9; 26; 54; 25; 37; 77
8,23,0.13784,0.34783,19; 8; 43; 63; 57; 13; 23; 38; 44; 59
19,59,0.11935,0.32203,20; 19; 19; 61; 85; 32; 59; 22; 11; 10
22,68,0.10702,0.32353,53; 22; 76; 62; 35; 18; 68; 41; 81; 8
7,24,0.12755,0.29167,71; 7; 21; 82; 67; 63; 24; 69; 53; 63
28,79,0.10195,0.35443,11; 28; 76; 56; 59; 5; 79; 34; 80; 78
20,84,0.09199,0.2381,66; 20; 45; 43; 37; 18; 84; 52; 57; 69
25,77,0.10407,0.32468,72; 25; 85; 45; 31; 51; 77; 42; 49; 65
18,55,0.12337,0.32727,18; 18; 36; 56; 68; 43; 55; 21; 34; 79
34,74,0.09442,0.45946,75; 34; 23; 55; 72; 26; 74; 58; 5; 10
68,79,0.08006,0.86076,72; 68; 85; 16; 22; 65; 79; 13; 17; 28
20,54,0.12031,0.37037,23; 20; 8; 8; 82; 74; 54; 83; 19; 80
40,72,0.11271,0.55556,56; 40; 50; 80; 61; 33; 72; 45; 80; 44
20,66,0.11431,0.30303,57; 20; 84; 77; 72; 22; 66; 29; 72; 33
29,59,0.12779,0.49153,53; 29; 10; 74; 59; 22; 59; 57; 65; 19
15,52,0.12661,0.28846,48; 15; 34; 38; 28; 66; 52; 30; 55; 62
28,84,0.08516,0.33333,33; 28; 36; 13; 24; 42; 84; 85; 53; 76
8,33,0.13587,0.24242,25; 8; 52; 85; 29; 11; 33; 35; 68; 17
22,74,0.10277,0.2973,76; 22; 56; 58; 63; 67; 74; 13; 31; 44
5,18,0.10036,0.27778,63; 5; 11; 54; 31; 13; 18; 10; 73; 5
27,48,0.13705,0.5625,63; 27; 28; 33; 18; 76; 48; 22; 45; 45
8,27,0.13678,0.2963,8; 8; 37; 29; 36; 28; 27; 78; 21; 8
12,38,0.12785,0.31579,57; 12; 85; 68; 51; 76; 38; 31; 8; 63
22,44,0.13711,0.5,48; 22; 50; 6; 73; 37; 44; 67; 5; 54
37,47,0.13009,0.78723,56; 37; 22; 31; 68; 36; 47; 44; 58; 55
16,35,0.13468,0.45714,49; 16; 41; 42; 16; 19; 35; 33; 27; 25
63,73,0.08358,0.86301,13; 63; 66; 19; 38; 55; 73; 46; 73; 76
49,57,0.12092,0.85965,49; 49; 60; 64; 84; 23; 57; 48; 37; 84
7,19,0.12252,0.36842,16; 7; 34; 49; 61; 43; 19; 77; 80; 81
35,71,0.10739,0.49296,24; 35; 65; 74; 14; 31; 71; 20; 20; 45
47,57,0.12295,0.82456,52; 47; 26; 19; 57; 29; 57; 66; 28; 75
20,57,0.12314,0.35088,11; 20; 42; 56; 63; 17; 57; 36; 8; 35
25,79,0.10416,0.31646,59; 25; 11; 79; 72; 35; 79; 37; 25; 51
26,78,0.10116,0.33333,67; 26; 12; 77; 57; 15; 78; 51; 46; 49
45,57,0.12394,0.78947,63; 45; 16; 17; 55; 32; 57; 73; 58; 77
23,77,0.09587,0.2987,76; 23; 12; 69; 40; 38; 77; 85; 72; 82
20,82,0.10053,0.2439,35; 20; 73; 79; 18; 53; 82; 75; 13; 65
41,52,0.12107,0.78846,75; 41; 26; 20; 79; 81; 52; 31; 27; 34
28,57,0.12078,0.49123,5; 28; 78; 42; 83; 5; 57; 6; 66; 41
23,65,0.11459,0.35385,70; 23; 40; 22; 47; 74; 65; 5; 33; 77
15,61,0.12199,0.2459,81; 15; 39; 18; 34; 49; 61; 42; 58; 17
25,75,0.11064,0.33333,9; 25; 12; 60; 11; 18; 75; 45; 50; 32
64,74,0.08958,0.86486,82; 64; 57; 29; 49; 15; 74; 73; 75; 37
47,82,0.10711,0.57317,34; 47; 82; 32; 76; 73; 82; 36; 16; 23
23,65,0.10402,0.35385,79; 23; 64; 5; 35; 44; 65; 81; 71; 61
40,71,0.1087,0.56338,6; 40; 10; 38; 63; 65; 71; 84; 41; 18
56,67,0.10217,0.83582,61; 56; 52; 31; 21; 32; 67; 67; 58; 83
13,40,0.13205,0.325,22; 13; 24; 71; 52; 67; 40; 25; 54; 46
32,40,0.14332,0.8,24; 32; 77; 17; 77; 61; 40; 64; 43; 75
39,79,0.10593,0.49367,15; 39; 49; 11; 40; 48; 79; 53; 50; 46
35,76,0.09067,0.46053,11; 35; 21; 47; 25; 16; 76; 49; 5; 55
54,64,0.11153,0.84375,10; 54; 59; 14; 77; 54; 64; 83; 69; 38
37,46,0.1308,0.80435,63; 37; 44; 6; 81; 32; 46; 15; 29; 59
22,78,0.09855,0.28205,46; 22; 60; 63; 54; 83; 78; 73; 14; 27
40,80,0.10028,0.5,71; 40; 74; 55; 79; 19; 80; 11; 75; 37
26,74,0.10494,0.35135,80; 26; 9; 28; 44; 54; 74; 82; 65; 39
18,36,0.13579,0.5,41; 18; 57; 50; 33; 13; 36; 48; 10; 80
20,70,0.09931,0.28571,80; 20; 11; 72; 43; 28; 70; 44; 66; 41
30,60,0.1237,0.5,17; 30; 43; 19; 61; 66; 60; 26; 10; 32
16,54,0.12798,0.2963,10; 16; 38; 13; 73; 78; 54; 48; 70; 79
16,57,0.11864,0.2807,41; 16; 47; 21; 9; 46; 57; 47; 36; 52
19,54,0.12137,0.35185,46; 19; 29; 49; 51; 39; 54; 32; 34; 27
24,74,0.10135,0.32432,74; 24; 21; 11; 12; 39; 74; 14; 15; 83
13,43,0.13317,0.30233,20; 13; 6; 68; 73; 34; 43; 22; 6; 11
68,85,0.07653,0.8,6; 68; 44; 27; 20; 22; 85; 28; 85; 49
39,49,0.13536,0.79592,38; 39; 35; 66; 11; 67; 49; 20; 57; 53
19,68,0.11089,0.27941,11; 19; 11; 27; 73; 16; 68; 21; 62; 80
19,52,0.13019,0.36538,46; 19; 34; 53; 63; 63; 52; 29; 19; 78
23,28,0.12398,0.82143,73; 23; 45; 42; 24; 70; 28; 18; 34; 74
21,74,0.09664,0.28378,18; 21; 58; 63; 60; 59; 74; 6; 42; 38
28,84,0.09271,0.33333,33; 28; 77; 49; 32; 57; 84; 24; 29; 45
30,81,0.10366,0.37037,17; 30; 61; 52; 51; 84; 81; 77; 21; 69
20,81,0.09381,0.24691,20; 20; 74; 14; 66; 21; 81; 34; 80; 48
59,69,0.10241,0.85507,63; 59; 39; 77; 80; 52; 69; 43; 67; 69
20,54,0.13054,0.37037,28; 20; 74; 69; 11; 80; 54; 58; 29; 25
9,27,0.13912,0.33333,56; 9; 74; 7; 33; 55; 27; 63; 55; 84
41,84,0.09084,0.4881,69; 41; 28; 73; 48; 58; 84; 82; 37; 28
30,35,0.13705,0.85714,64; 30; 44; 28; 54; 66; 35; 42; 18; 14
16,64,0.11061,0.25,82; 16; 17; 9; 8; 22; 64; 61; 62; 27
12,43,0.1322,0.27907,62; 12; 75; 63; 15; 8; 43; 55; 53; 56
23,63,0.11443,0.36508,52; 23; 6; 63; 48; 81; 63; 82; 56; 5
17,30,0.13174,0.56667,73; 17; 81; 63; 62; 73; 30; 82; 20; 52
71,85,0.07333,0.83529,82; 71; 11; 70; 25; 58; 85; 58; 28; 36
11,44,0.14573,0.25,7; 11; 15; 16; 44; 62; 44; 76; 24; 83
27,32,0.13099,0.84375,60; 27; 65; 58; 37; 36; 32; 34; 31; 68
7,29,0.13153,0.24138,29; 7; 28; 54; 84; 42; 29; 63; 61; 19
37,75,0.10859,0.49333,72; 37; 78; 59; 14; 75; 75; 60; 35; 65
17,56,0.12095,0.30357,19; 17; 39; 5; 47; 65; 56; 21; 53; 9
20,81,0.09918,0.24691,65; 20; 67; 50; 79; 16; 81; 61; 80; 14
28,49,0.13885,0.57143,11; 28; 26; 51; 71; 15; 49; 39; 19; 55
24,82,0.09866,0.29268,61; 24; 74; 69; 63; 45; 82; 30; 53; 39
35,62,0.12193,0.56452,85; 35; 39; 75; 36; 30; 62; 29; 29; 62
45,57,0.12603,0.78947,74; 45; 8; 9; 37; 13; 57; 51; 85; 42
8,16,0.13,0.5,57; 8; 63; 77; 7; 40; 16; 66; 59; 38
67,82,0.07729,0.81707,70; 67; 14; 42; 23; 56; 82; 71; 61; 42
17,70,0.10579,0.24286,61; 17; 53; 65; 31; 33; 70; 28; 63; 34
24,75,0.0982,0.32,9; 24; 31; 71; 66; 41; 75; 10; 9; 19
6,18,0.10457,0.33333,82; 6; 75; 15; 79; 84; 18; 38; 36; 74
18,71,0.09908,0.25352,82; 18; 5; 81; 72; 25; 71; 47; 23; 79
15,60,0.12019,0.25,66; 15; 31; 66; 65; 5; 60; 50; 17; 11
11,22,0.13728,0.5,78; 11; 8; 38; 10; 23; 22; 31; 23; 60
39,69,0.1108,0.56522,43; 39; 85; 61; 22; 58; 69; 43; 31; 63
21,85,0.09466,0.24706,79; 21; 19; 30; 57; 57; 85; 73; 67; 80
31,83,0.09904,0.37349,8; 31; 63; 19; 51; 75; 83; 78; 22; 50
14,25,0.13022,0.56,60; 14; 78; 74; 31; 44; 25; 76; 14; 85
19,68,0.10527,0.27941,60; 19; 39; 12; 53; 64; 68; 64; 33; 59
39,78,0.1004,0.5,31; 39; 83; 85; 83; 22; 78; 69; 11; 16
35,63,0.12075,0.55556,11; 35; 5; 22; 85; 15; 63; 5; 28; 61
34,68,0.11314,0.5,7; 34; 50; 29; 8; 83; 68; 83; 9; 53
17,56,0.12677,0.30357,51; 17; 64; 8; 80; 6; 56; 77; 22; 32
21,69,0.11586,0.30435,51; 21; 74; 52; 47; 64; 69; 36; 46; 71
5,18,0.10246,0.27778,11; 5; 69; 33; 62; 48; 18; 31; 13; 57
18,60,0.11447,0.3,80; 18; 52; 11; 21; 65; 60; 63; 7; 35
33,72,0.10739,0.45833,80; 33; 18; 84; 37; 51; 72; 51; 85; 74
64,81,0.08153,0.79012,19; 64; 79; 56; 74; 52; 81; 36; 52; 51
19,69,0.10131,0.27536,49; 19; 27; 45; 17; 18; 69; 50; 23; 59
49,62,0.11713,0.79032,71; 49; 11; 56; 33; 82; 62; 63; 48; 52
6,24,0.11549,0.25,80; 6; 66; 73; 45; 49; 24; 78; 57; 61
22,74,0.10044,0.2973,21; 22; 66; 31; 76; 43; 74; 85; 81; 21
12,24,0.13661,0.5,51; 12; 81; 69; 40; 48; 24; 9; 28; 12
9,31,0.14323,0.29032,38; 9; 22; 58; 18; 55; 31; 25; 26; 30
9,18,0.13681,0.5,74; 9; 54; 65; 76; 55; 18; 78; 28; 83
5,10,0.09874,0.5,82; 5; 20; 55; 16; 29; 10; 84; 39; 38
23,40,0.13285,0.575,76; 23; 37; 39; 43; 41; 40; 76; 8; 79
25,72,0.10878,0.34722,62; 25; 74; 82; 41; 25; 72; 31; 44; 50
9,18,0.13315,0.5,34; 9; 61; 54; 22; 25; 18; 38; 37; 82
28,79,0.0974,0.35443,14; 28; 13; 56; 31; 81; 79; 63; 36; 47
21,66,0.106,0.31818,81; 21; 57; 39; 84; 49; 66; 74; 37; 52
38,77,0.0945,0.49351,16; 38; 15; 82; 28; 58; 77; 76; 45; 15
67,85,0.07439,0.78824,55; 67; 44; 75; 42; 36; 85; 80; 26; 81
18,73,0.09875,0.24658,57; 18; 38; 42; 84; 61; 73; 27; 83; 62
18,32,0.13407,0.5625,23; 18; 35; 83; 49; 75; 32; 68; 9; 78
14,57,0.12381,0.24561,10; 14; 66; 62; 57; 60; 57; 75; 28; 24
58,69,0.0966,0.84058,62; 58; 56; 64; 44; 29; 69; 77; 17; 33
10,27,0.14862,0.37037,67; 10; 11; 72; 61; 43; 27; 40; 21; 72
47,82,0.08912,0.57317,79; 47; 74; 18; 45; 45; 82; 80; 64; 12
6,13,0.1209,0.46154,61; 6; 48; 45; 78; 7; 13; 20; 45; 31
15,59,0.12236,0.25424,63; 15; 69; 32; 75; 22; 59; 28; 51; 16
8,10,0.136,0.8,48; 8; 19; 69; 15; 36; 10; 75; 32; 12
39,69,0.10268,0.56522,34; 39; 34; 85; 79; 69; 69; 19; 30; 79
39,70,0.10676,0.55714,13; 39; 32; 21; 24; 30; 70; 60; 48; 44
41,72,0.10851,0.56944,9; 41; 11; 79; 35; 82; 72; 57; 53; 53
15,61,0.11355,0.2459,28; 15; 17; 38; 57; 19; 61; 17; 61; 28
16,55,0.11568,0.29091,75; 16; 33; 71; 60; 83; 55; 13; 44; 84
5,20,0.09552,0.25,38; 5; 52; 81; 5; 38; 20; 65; 37; 37
20,81,0.09293,0.24691,10; 20; 7; 15; 82; 67; 81; 67; 47; 44
33,72,0.10974,0.45833,21; 33; 38; 20; 74; 45; 72; 8; 13; 55
22,62,0.11893,0.35484,17; 22; 50; 5; 58; 61; 62; 77; 61; 71
20,35,0.13218,0.57143,27; 20; 82; 72; 23; 83; 35; 79; 33; 63
16,53,0.12534,0.30189,72; 16; 80; 45; 25; 34; 53; 35; 40; 6
33,41,0.13375,0.80488,54; 33; 34; 34; 19; 77; 41; 19; 41; 31
33,71,0.10519,0.46479,38; 33; 47; 6; 29; 67; 71; 67; 55; 69
12,34,0.13643,0.35294,25; 12; 15; 66; 12; 75; 34; 23; 8; 43
11,37,0.13286,0.2973,10; 11; 67; 28; 41; 9; 37; 62; 63; 32
35,44,0.13904,0.79545,63; 35; 61; 69; 75; 27; 44; 20; 64; 57
7,14,0.12629,0.5,27; 7; 34; 69; 34; 13; 14; 67; 44; 19
11,46,0.14052,0.23913,15; 11; 67; 50; 50; 80; 46; 50; 13; 6
18,39,0.12625,0.46154,8; 18; 75; 9; 20; 72; 39; 28; 36; 75
23,76,0.10368,0.30263,76; 23; 43; 45; 36; 75; 76; 44; 74; 39
17,58,0.12373,0.2931,51; 17; 60; 14; 77; 12; 58; 35; 49; 24
44,77,0.10176,0.57143,20; 44; 71; 51; 37; 64; 77; 8; 62; 8
11,14,0.13622,0.78571,24; 11; 80; 49; 65; 35; 14; 32; 51; 6
22,44,0.13177,0.5,58; 22; 44; 14; 52; 23; 44; 56; 46; 64
18,36,0.13563,0.5,14; 18; 17; 53; 80; 30; 36; 26; 35; 45
13,37,0.13659,0.35135,10; 13; 20; 35; 19; 67; 37; 22; 69; 84
25,78,0.10397,0.32051,75; 25; 29; 18; 57; 49; 78; 59; 51; 75
20,85,0.08792,0.23529,28; 20; 34; 75; 16; 33; 85; 61; 70; 19
65,76,0.0821,0.85526,70; 65; 23; 49; 84; 42; 76; 26; 23; 10
9,27,0.13845,0.33333,46; 9; 23; 44; 68; 17; 27; 9; 19; 27
40,72,0.11051,0.55556,77; 40; 37; 21; 69; 48; 72; 44; 74; 16
31,83,0.09529,0.37349,36; 31; 19; 77; 18; 35; 83; 51; 20; 21
16,57,0.12451,0.2807,34; 16; 62; 73; 13; 46; 57; 33; 69; 65
40,70,0.1149,0.57143,73; 40; 37; 27; 66; 80; 70; 14; 59; 33
48,84,0.08883,0.57143,25; 48; 33; 69; 64; 73; 84; 23; 32; 32
23,71,0.10514,0.32394,13; 23; 55; 34; 51; 27; 71; 27; 12; 39
28,50,0.13151,0.56,19; 28; 24; 23; 22; 43; 50; 52; 13; 75
25,79,0.11035,0.31646,37; 25; 8; 65; 74; 63; 79; 5; 38; 25
21,37,0.1432,0.56757,6; 21; 59; 58; 74; 56; 37; 47; 28; 29
38,48,0.13918,0.79167,14; 38; 36; 54; 52; 6; 48; 37; 66; 65
59,74,0.09466,0.7973,23; 59; 21; 68; 79; 48; 74; 50; 15; 55
29,84,0.08803,0.34524,20; 29; 14; 61; 70; 71; 84; 59; 6; 51
40,82,0.10416,0.4878,45; 40; 22; 74; 71; 46; 82; 47; 81; 28
45,79,0.10696,0.56962,41; 45; 30; 72; 30; 63; 79; 16; 29; 29
64,81,0.08074,0.79012,52; 64; 9; 40; 39; 16; 81; 52; 71; 65
21,60,0.12059,0.35,41; 21; 68; 23; 85; 56; 60; 64; 27; 70
13,26,0.13478,0.5,33; 13; 12; 18; 82; 64; 26; 35; 62; 23
27,73,0.1055,0.36986,59; 27; 85; 53; 47; 39; 73; 61; 22; 77
51,62,0.11522,0.82258,14; 51; 78; 17; 41; 62; 62; 61; 81; 83
32,69,0.10757,0.46377,17; 32; 76; 69; 24; 67; 69; 48; 23; 57
22,62,0.10911,0.35484,28; 22; 49; 83; 8; 75; 62; 28; 85; 12
59,75,0.0847,0.78667,13; 59; 19; 60; 85; 41; 75; 36; 58; 8
11,22,0.13577,0.5,48; 11; 65; 65; 45; 48; 22; 10; 37; 45
27,32,0.1279,0.84375,74; 27; 6; 20; 21; 60; 32; 56; 11; 38
33,72,0.11141,0.45833,67; 33; 68; 32; 70; 72; 72; 15; 19; 56
13,54,0.12774,0.24074,39; 13; 56; 6; 41; 44; 54; 37; 47; 12
12,37,0.13595,0.32432,9; 12; 7; 85; 48; 45; 37; 41; 60; 50
41,83,0.09518,0.49398,25; 41; 50; 51; 65; 5; 83; 51; 57; 40
53,65,0.10429,0.81538,28; 53; 70; 67; 73; 11; 65; 66; 40; 39
10,36,0.14101,0.27778,75; 10; 59; 5; 16; 40; 36; 37; 74; 43
10,20,0.13167,0.5,65; 10; 82; 61; 19; 5; 20; 50; 54; 43
36,44,0.13838,0.81818,38; 36; 6; 70; 62; 20; 44; 58; 81; 71
27,77,0.10011,0.35065,83; 27; 36; 55; 22; 16; 77; 65; 16; 79
25,85,0.09519,0.29412,54; 25; 51; 27; 22; 79; 85; 43; 76; 8
26,79,0.10568,0.32911,84; 26; 10; 64; 58; 75; 79; 33; 5; 58
42,84,0.09291,0.5,10; 42; 45; 80; 49; 56; 84; 41; 48; 25
26,56,0.12706,0.46429,38; 26; 83; 28; 34; 79; 56; 45; 82; 35
16,48,0.13178,0.33333,47; 16; 83; 27; 50; 52; 48; 19; 63; 7
17,60,0.12159,0.28333,10; 17; 39; 39; 49; 85; 60; 15; 75; 9
23,66,0.10831,0.34848,68; 23; 75; 55; 59; 54; 66; 33; 52; 15
13,53,0.12864,0.24528,26; 13; 42; 77; 77; 63; 53; 32; 73; 55
11,14,0.14329,0.78571,20; 11; 24; 57; 26; 41; 14; 46; 46; 7
18,37,0.13188,0.48649,23; 18; 58; 61; 55; 9; 37; 73; 59; 20
67,80,0.07975,0.8375,22; 67; 73; 28; 83; 58; 80; 58; 46; 67
38,82,0.09479,0.46341,39; 38; 14; 83; 67; 13; 82; 17; 78; 21
41,84,0.09339,0.4881,5; 41; 32; 33; 70; 71; 84; 81; 33; 45
55,70,0.1009,0.78571,28; 55; 54; 10; 30; 78; 70; 85; 26; 16
6,7,0.10259,0.85714,62; 6; 9; 13; 59; 84; 7; 68; 59; 69
8,27,0.1364,0.2963,19; 8; 71; 85; 18; 42; 27; 76; 43; 19
61,76,0.09097,0.80263,48; 61; 44; 20; 78; 20; 76; 59; 15; 67
19,78,0.10081,0.24359,60; 19; 62; 64; 69; 40; 78; 31; 18; 18
10,20,0.1327,0.5,69; 10; 54; 59; 18; 85; 20; 67; 28; 41
25,51,0.1293,0.4902,62; 25; 49; 61; 78; 83; 51; 61; 50; 55
42,49,0.12967,0.85714,38; 42; 21; 65; 19; 82; 49; 56; 82; 23
43,75,0.10449,0.57333,77; 43; 31; 36; 46; 8; 75; 30; 57; 56
68,85,0.07706,0.8,70; 68; 74; 80; 52; 48; 85; 70; 12; 73
18,74,0.10309,0.24324,19; 18; 51; 26; 66; 28; 74; 46; 82; 16
53,63,0.11373,0.84127,34; 53; 71; 20; 64; 58; 63; 73; 70; 20
40,81,0.10487,0.49383,32; 40; 67; 46; 8; 37; 81; 63; 25; 60
20,80,0.09615,0.25,22; 20; 49; 18; 50; 11; 80; 60; 44; 13
56,65,0.10766,0.86154,35; 56; 64; 15; 72; 41; 65; 37; 36; 70
33,42,0.13359,0.78571,62; 33; 81; 58; 5; 42; 42; 79; 18; 46
60,75,0.08925,0.8,79; 60; 8; 68; 56; 51; 75; 67; 64; 25
25,29,0.13122,0.86207,11; 25; 76; 39; 54; 63; 29; 73; 21; 42
25,68,0.11312,0.36765,50; 25; 70; 78; 68; 13; 68; 54; 81; 29
71,83,0.07554,0.85542,43; 71; 83; 14; 52; 35; 83; 22; 60; 76
11,39,0.1476,0.28205,83; 11; 68; 75; 55; 38; 39; 24; 35; 59
14,57,0.12413,0.24561,9; 14; 84; 80; 66; 58; 57; 59; 16; 60
18,57,0.12381,0.31579,68; 18; 16; 66; 44; 12; 57; 9; 70; 36
50,63,0.11304,0.79365,75; 50; 8; 36; 35; 5; 63; 57; 55; 41
24,72,0.10516,0.33333,34; 24; 30; 10; 55; 77; 72; 37; 40; 32
24,76,0.09761,0.31579,74; 24; 22; 54; 49; 66; 76; 58; 68; 62
7,20,0.12975,0.35,59; 7; 23; 36; 44; 35; 20; 74; 54; 29
15,51,0.12189,0.29412,45; 15; 53; 48; 20; 34; 51; 69; 81; 47
32,64,0.11973,0.5,60; 32; 31; 56; 25; 61; 64; 46; 31; 14
34,43,0.13951,0.7907,85; 34; 32; 35; 81; 58; 43; 66; 18; 14
10,42,0.13568,0.2381,67; 10; 27; 58; 76; 18; 42; 71; 13; 31
9,26,0.13732,0.34615,59; 9; 37; 42; 85; 60; 26; 71; 77; 82
25,71,0.11231,0.35211,81; 25; 42; 54; 49; 69; 71; 83; 20; 67
23,73,0.10266,0.31507,56; 23; 23; 15; 79; 61; 73; 10; 46; 64
49,62,0.11419,0.79032,67; 49; 83; 73; 67; 68; 62; 38; 58; 63
39,70,0.11287,0.55714,52; 39; 56; 19; 23; 62; 70; 72; 6; 85
55,67,0.10791,0.8209,79; 55; 51; 29; 16; 63; 67; 7; 53; 24
39,70,0.11239,0.55714,37; 39; 10; 75; 65; 59; 70; 15; 61; 15
7,25,0.13106,0.28,17; 7; 78; 37; 30; 82; 25; 61; 62; 44
21,65,0.10862,0.32308,61; 21; 23; 6; 48; 55; 65; 48; 57; 80
44,77,0.09555,0.57143,81; 44; 64; 32; 5; 38; 77; 35; 66; 84
27,78,0.10785,0.34615,8; 27; 24; 60; 17; 65; 78; 8; 55; 27
16,32,0.13709,0.5,50; 16; 8; 65; 70; 57; 32; 46; 19; 55
31,36,0.13404,0.86111,8; 31; 21; 36; 35; 31; 36; 29; 64; 56
13,39,0.13597,0.33333,32; 13; 18; 64; 54; 71; 39; 55; 42; 55
18,75,0.09719,0.24,16; 18; 68; 54; 13; 70; 75; 60; 65; 72
30,81,0.10017,0.37037,10; 30; 49; 49; 35; 59; 81; 51; 43; 28
25,51,0.12926,0.4902,24; 25; 52; 14; 55; 23; 51; 48; 71; 6
17,30,0.13186,0.56667,49; 17; 65; 31; 56; 71; 30; 17; 24; 40
10,42,0.13348,0.2381,68; 10; 40; 65; 18; 16; 42; 64; 49; 18
35,63,0.11387,0.55556,81; 35; 81; 65; 52; 85; 63; 12; 61; 23
21,76,0.09924,0.27632,78; 21; 27; 36; 13; 37; 76; 50; 28; 31
71,85,0.07468,0.83529,70; 71; 72; 19; 20; 51; 85; 66; 26; 47
7,24,0.12795,0.29167,81; 7; 74; 22; 25; 47; 24; 77; 18; 30
46,56,0.12141,0.82143,35; 46; 61; 76; 79; 83; 56; 20; 16; 64
49,57,0.11816,0.85965,85; 49; 7; 42; 23; 35; 57; 54; 33; 51
35,72,0.10178,0.48611,78; 35; 80; 30; 49; 82; 72; 78; 49; 13
16,20,0.1299,0.8,80; 16; 27; 57; 44; 50; 20; 85; 66; 46
71,83,0.07563,0.85542,67; 71; 79; 84; 17; 26; 83; 7; 43; 63
27,77,0.09975,0.35065,57; 27; 60; 23; 83; 78; 77; 47; 15; 54
41,51,0.13519,0.80392,73; 41; 82; 45; 66; 60; 51; 18; 5; 59
36,44,0.12939,0.81818,70; 36; 44; 83; 49; 54; 44; 54; 80; 22
39,70,0.10693,0.55714,79; 39; 22; 77; 7; 46; 70; 66; 82; 61
42,75,0.10722,0.56,74; 42; 43; 23; 10; 27; 75; 48; 19; 14
17,69,0.10667,0.24638,43; 17; 17; 85; 48; 53; 69; 44; 73; 23
27,84,0.09803,0.32143,32; 27; 34; 80; 5; 51; 84; 41; 62; 39
29,78,0.09597,0.37179,41; 29; 79; 35; 64; 57; 78; 5; 47; 38
17,34,0.12859,0.5,69; 17; 84; 30; 50; 22; 34; 33; 38; 59
17,46,0.13834,0.36957,82; 17; 50; 14; 81; 15; 46; 53; 58; 52
61,76,0.08998,0.80263,80; 61; 28; 69; 52; 21; 76; 28; 31; 36
19,65,0.11974,0.29231,37; 19; 47; 78; 55; 61; 65; 55; 78; 38
12,26,0.14011,0.46154,42; 12; 13; 37; 65; 25; 26; 80; 31; 38
32,70,0.10491,0.45714,10; 32; 24; 73; 39; 48; 70; 68; 62; 20
56,65,0.11583,0.86154,58; 56; 7; 35; 69; 63; 65; 65; 25; 19
21,60,0.11608,0.35,41; 21; 67; 41; 83; 61; 60; 19; 67; 43
65,81,0.08157,0.80247,41; 65; 8; 15; 25; 17; 81; 81; 58; 30
26,56,0.12888,0.46429,57; 26; 33; 56; 5; 10; 56; 38; 36; 9
21,69,0.10703,0.30435,10; 21; 76; 82; 32; 22; 69; 67; 38; 15
43,54,0.13322,0.7963,60; 43; 17; 25; 29; 83; 54; 33; 82; 77
38,76,0.10305,0.5,52; 38; 62; 46; 25; 15; 76; 78; 23; 27
24,81,0.09049,0.2963,60; 24; 28; 56; 61; 13; 81; 24; 20; 32
67,80,0.08093,0.8375,17; 67; 45; 51; 68; 19; 80; 18; 62; 6
56,67,0.10369,0.83582,84; 56; 80; 45; 8; 36; 67; 6; 36; 23
14,17,0.13198,0.82353,63; 14; 24; 84; 64; 33; 17; 55; 48; 75
5,10,0.10876,0.5,63; 5; 20; 43; 52; 43; 10; 60; 51; 53
59,69,0.09434,0.85507,41; 59; 37; 66; 6; 46; 69; 56; 7; 20
20,85,0.08737,0.23529,10; 20; 48; 9; 43; 84; 85; 61; 21; 85
41,83,0.09661,0.49398,14; 41; 19; 38; 12; 69; 83; 22; 64; 55
57,66,0.10148,0.86364,62; 57; 31; 17; 30; 73; 66; 24; 5; 16
19,54,0.12712,0.35185,85; 19; 64; 50; 41; 33; 54; 33; 24; 10
11,30,0.13926,0.36667,83; 11; 11; 77; 40; 30; 30; 55; 63; 69
36,74,0.1052,0.48649,74; 36; 31; 29; 67; 79; 74; 11; 39; 23
10,20,0.13308,0.5,28; 10; 80; 45; 23; 71; 20; 64; 63; 19
19,66,0.11159,0.28788,63; 19; 33; 81; 85; 10; 66; 8; 56; 44
32,38,0.13475,0.84211,83; 32; 33; 26; 66; 51; 38; 77; 31; 24
18,64,0.11518,0.28125,20; 18; 21; 85; 30; 16; 64; 50; 32; 21
16,28,0.13407,0.57143,59; 16; 67; 30; 84; 79; 28; 13; 50; 76
26,57,0.12039,0.45614,19; 26; 6; 34; 21; 15; 57; 59; 25; 21
32,69,0.10732,0.46377,59; 32; 56; 30; 72; 66; 69; 34; 46; 5
15,19,0.131,0.78947,37; 15; 27; 20; 77; 6; 19; 53; 75; 20
69,84,0.07569,0.82143,78; 69; 22; 16; 24; 16; 84; 51; 17; 20
26,80,0.10355,0.325,53; 26; 66; 26; 31; 57; 80; 9; 12; 7
18,74,0.10328,0.24324,85; 18; 74; 15; 62; 28; 74; 69; 60; 79
48,60,0.11894,0.8,21; 48; 49; 60; 64; 78; 60; 85; 10; 66
16,55,0.13037,0.29091,51; 16; 27; 32; 7; 39; 55; 77; 28; 29
32,38,0.13796,0.84211,22; 32; 28; 59; 21; 51; 38; 82; 43; 8
27,77,0.09992,0.35065,22; 27; 34; 26; 24; 77; 77; 9; 56; 64
6,7,0.10572,0.85714,35; 6; 38; 5; 59; 55; 7; 8; 32; 22
21,37,0.13217,0.56757,22; 21; 66; 19; 73; 62; 37; 12; 56; 24
15,53,0.12511,0.28302,64; 15; 18; 11; 37; 29; 53; 18; 70; 78
20,68,0.10756,0.29412,34; 20; 78; 48; 21; 74; 68; 69; 55; 35
66,83,0.07602,0.79518,73; 66; 58; 60; 19; 76; 83; 38; 13; 47
43,77,0.10085,0.55844,28; 43; 62; 52; 81; 56; 77; 18; 70; 41
22,78,0.09703,0.28205,37; 22; 47; 57; 83; 74; 78; 35; 60; 62
33,41,0.13339,0.80488,65; 33; 42; 51; 5; 59; 41; 35; 10; 55
47,84,0.09345,0.55952,13; 47; 8; 72; 24; 16; 84; 29; 19; 38
42,74,0.10435,0.56757,76; 42; 70; 71; 31; 29; 74; 32; 13; 71
14,17,0.1296,0.82353,44; 14; 74; 50; 7; 43; 17; 39; 53; 18
11,45,0.14096,0.24444,50; 11; 56; 54; 13; 28; 45; 84; 24; 32
7,20,0.12266,0.35,12; 7; 79; 57; 69; 80; 20; 66; 60; 51
14,59,0.11534,0.23729,36; 14; 15; 42; 78; 54; 59; 34; 61; 72
26,53,0.1245,0.49057,54; 26; 22; 54; 13; 14; 53; 75; 12; 24
21,64,0.11812,0.32812,75; 21; 15; 32; 15; 50; 64; 67; 60; 57
5,15,0.09186,0.33333,68; 5; 43; 48; 65; 84; 15; 17; 45; 59
41,49,0.13632,0.83673,26; 41; 85; 62; 71; 49; 49; 78; 72; 32
38,67,0.11085,0.56716,29; 38; 62; 62; 15; 47; 67; 22; 46; 58
53,63,0.11165,0.84127,70; 53; 13; 82; 14; 33; 63; 64; 26; 33
35,71,0.1107,0.49296,65; 35; 36; 47; 7; 48; 71; 71; 79; 47
28,50,0.13065,0.56,67; 28; 83; 82; 25; 69; 50; 50; 7; 64
12,26,0.1405,0.46154,54; 12; 34; 78; 85; 67; 26; 36; 42; 57
24,79,0.09877,0.3038,58; 24; 74; 85; 5; 68; 79; 13; 78; 21
51,59,0.11855,0.86441,18; 51; 77; 43; 6; 24; 59; 75; 32; 76
22,62,0.11627,0.35484,19; 22; 29; 66; 47; 20; 62; 59; 55; 36
13,47,0.13762,0.2766,81; 13; 66; 46; 61; 47; 47; 13; 52; 67
42,75,0.10566,0.56,50; 42; 85; 77; 24; 21; 75; 42; 13; 55
12,36,0.14076,0.33333,44; 12; 54; 5; 62; 29; 36; 9; 62; 51
20,80,0.09836,0.25,60; 20; 27; 62; 51; 35; 80; 59; 57; 34
69,82,0.08178,0.84146,13; 69; 11; 33; 71; 10; 82; 12; 53; 45
47,84,0.09365,0.55952,61; 47; 47; 58; 41; 50; 84; 33; 17; 62
18,57,0.10779,0.31579,44; 18; 21; 71; 46; 12; 57; 40; 18; 61
13,23,0.1354,0.56522,7; 13; 25; 53; 18; 78; 23; 16; 81; 70
13,43,0.13581,0.30233,19; 13; 40; 40; 85; 41; 43; 79; 15; 21
35,72,0.10459,0.48611,6; 35; 49; 28; 30; 75; 72; 79; 14; 60
46,82,0.09275,0.56098,22; 46; 40; 54; 29; 83; 82; 69; 20; 54
23,81,0.09595,0.28395,19; 23; 64; 48; 38; 44; 81; 6; 53; 13
12,41,0.13833,0.29268,57; 12; 33; 74; 74; 34; 41; 85; 46; 34
13,23,0.13024,0.56522,28; 13; 75; 34; 51; 75; 23; 71; 67; 12
27,55,0.13244,0.49091,69; 27; 55; 26; 75; 65; 55; 70; 56; 47
30,53,0.13865,0.56604,14; 30; 65; 42; 64; 8; 53; 74; 73; 71
45,80,0.09688,0.5625,6; 45; 55; 30; 17; 66; 80; 57; 53; 30
24,43,0.12882,0.55814,6; 24; 55; 12; 64; 42; 43; 17; 52; 75
12,14,0.13102,0.85714,64; 12; 46; 50; 66; 5; 14; 61; 77; 49
24,82,0.09386,0.29268,19; 24; 73; 17; 44; 81; 82; 82; 66; 48
10,36,0.1394,0.27778,52; 10; 78; 63; 6; 63; 36; 52; 9; 34
8,34,0.14005,0.23529,39; 8; 32; 25; 34; 7; 34; 11; 70; 51
36,63,0.11493,0.57143,33; 36; 65; 6; 29; 34; 63; 37; 17; 26
40,71,0.10973,0.56338,35; 40; 16; 8; 78; 7; 71; 60; 19; 16
33,66,0.1118,0.5,46; 33; 10; 77; 41; 82; 66; 74; 21; 74
46,58,0.12561,0.7931,30; 46; 15; 50; 84; 30; 58; 54; 19; 21
18,61,0.11849,0.29508,23; 18; 66; 17; 51; 26; 61; 62; 74; 70
13,46,0.13729,0.28261,53; 13; 62; 69; 70; 81; 46; 25; 64; 70
8,25,0.13335,0.32,79; 8; 24; 69; 5; 19; 25; 78; 74; 20
32,70,0.10725,0.45714,79; 32; 25; 7; 36; 41; 70; 64; 31; 43
5,18,0.10242,0.27778,32; 5; 11; 25; 80; 71; 18; 21; 71; 43
18,49,0.12859,0.36735,65; 18; 40; 85; 58; 85; 49; 34; 62; 55
34,69,0.10902,0.49275,47; 34; 65; 30; 53; 23; 69; 38; 6; 72
7,14,0.12882,0.5,80; 7; 50; 19; 59; 6; 14; 10; 80; 22
20,40,0.13083,0.5,9; 20; 11; 53; 14; 6; 40; 77; 58; 14
56,67,0.10118,0.83582,81; 56; 21; 60; 33; 70; 67; 84; 53; 30
22,69,0.10577,0.31884,31; 22; 10; 37; 48; 42; 69; 35; 11; 48
16,35,0.14068,0.45714,62; 16; 41; 10; 29; 58; 35; 69; 66; 47
58,69,0.09484,0.84058,77; 58; 15; 38; 74; 9; 69; 71; 29; 64
33,72,0.1043,0.45833,22; 33; 26; 27; 39; 63; 72; 19; 71; 72
42,51,0.1349,0.82353,35; 42; 13; 19; 19; 39; 51; 77; 7; 25
21,46,0.13323,0.45652,42; 21; 53; 33; 42; 59; 46; 84; 79; 40
13,40,0.13536,0.325,61; 13; 9; 45; 63; 55; 40; 40; 6; 60
71,85,0.07433,0.83529,77; 71; 8; 72; 56; 77; 85; 72; 17; 71
64,76,0.08138,0.84211,40; 64; 37; 61; 38; 21; 76; 83; 82; 18
50,61,0.11401,0.81967,72; 50; 81; 57; 54; 7; 61; 75; 48; 55
42,49,0.13016,0.85714,18; 42; 48; 81; 73; 16; 49; 50; 72; 39
43,51,0.11926,0.84314,71; 43; 29; 53; 51; 74; 51; 57; 39; 13
12,36,0.13215,0.33333,44; 12; 61; 36; 52; 10; 36; 72; 49; 12
19,78,0.09385,0.24359,46; 19; 27; 28; 17; 8; 78; 48; 39; 28
25,45,0.13428,0.55556,75; 25; 67; 55; 38; 49; 45; 44; 54; 51
68,79,0.07707,0.86076,43; 68; 42; 75; 59; 84; 79; 29; 27; 84
23,76,0.10306,0.30263,61; 23; 36; 61; 38; 36; 76; 66; 79; 70
12,24,0.13747,0.5,36; 12; 16; 74; 50; 15; 24; 66; 27; 59
17,60,0.11969,0.28333,83; 17; 27; 70; 26; 80; 60; 42; 28; 56
12,42,0.13708,0.28571,6; 12; 35; 38; 37; 83; 42; 83; 11; 66
21,76,0.09965,0.27632,21; 21; 15; 14; 83; 52; 76; 23; 46; 64
20,81,0.09545,0.24691,55; 20; 81; 62; 41; 26; 81; 81; 27; 85
33,72,0.10138,0.45833,11; 33; 25; 78; 18; 60; 72; 51; 16; 37
45,80,0.10143,0.5625,39; 45; 26; 28; 34; 53; 80; 41; 7; 66
13,45,0.14095,0.28889,44; 13; 54; 83; 84; 13; 45; 32; 59; 58
28,75,0.10473,0.37333,54; 28; 50; 16; 7; 40; 75; 28; 67; 81
11,45,0.13814,0.24444,56; 11; 43; 6; 6; 58; 45; 54; 50; 29
13,46,0.12739,0.28261,54; 13; 65; 39; 63; 21; 46; 68; 41; 74
44,51,0.13568,0.86275,61; 44; 70; 25; 12; 34; 51; 60; 48; 72
46,82,0.09716,0.56098,79; 46; 63; 42; 71; 16; 82; 70; 15; 15
16,68,0.11147,0.23529,25; 16; 21; 22; 30; 85; 68; 73; 10; 68
13,44,0.14345,0.29545,58; 13; 23; 74; 75; 81; 44; 9; 10; 56
36,64,0.11377,0.5625,61; 36; 7; 11; 77; 5; 64; 45; 82; 73
54,68,0.10125,0.79412,24; 54; 37; 37; 6; 42; 68; 24; 73; 55
67,80,0.07977,0.8375,46; 67; 50; 11; 73; 27; 80; 9; 62; 73
29,82,0.09227,0.35366,66; 29; 49; 52; 70; 13; 82; 52; 43; 76
41,51,0.12324,0.80392,52; 41; 78; 33; 77; 15; 51; 18; 13; 9
25,44,0.14385,0.56818,44; 25; 12; 10; 5; 10; 44; 71; 84; 46
8,33,0.14237,0.24242,63; 8; 61; 29; 34; 66; 33; 77; 15; 85
24,69,0.11192,0.34783,76; 24; 20; 60; 24; 9; 69; 18; 12; 72
27,84,0.09407,0.32143,5; 27; 78; 74; 65; 81; 84; 28; 66; 31
20,70,0.1039,0.28571,42; 20; 50; 28; 73; 6; 70; 43; 71; 22
61,73,0.09854,0.83562,16; 61; 31; 14; 61; 32; 73; 82; 22; 62
18,64,0.11359,0.28125,35; 18; 35; 45; 60; 10; 64; 32; 43; 42
49,61,0.11397,0.80328,12; 49; 23; 20; 35; 5; 61; 7; 29; 67
57,72,0.09736,0.79167,23; 57; 75; 23; 9; 26; 72; 59; 63; 70
10,42,0.144,0.2381,16; 10; 50; 57; 44; 70; 42; 38; 42; 58
11,31,0.13716,0.35484,45; 11; 30; 81; 19; 73; 31; 47; 6; 83
15,62,0.11861,0.24194,67; 15; 49; 19; 44; 71; 62; 54; 44; 15
41,50,0.13222,0.82,26; 41; 32; 54; 31; 70; 50; 59; 51; 73
42,51,0.13605,0.82353,55; 42; 80; 68; 30; 17; 51; 30; 75; 69
43,50,0.12401,0.86,50; 43; 65; 52; 44; 17; 50; 32; 57; 29
52,65,0.10986,0.8,65; 52; 59; 15; 19; 78; 65; 20; 5; 8
24,81,0.1048,0.2963,56; 24; 27; 66; 39; 13; 81; 24; 76; 26
49,61,0.11663,0.80328,31; 49; 46; 74; 72; 43; 61; 77; 52; 66
42,74,0.11016,0.56757,5; 42; 28; 29; 64; 16; 74; 73; 56; 14
27,85,0.09498,0.31765,22; 27; 11; 78; 31; 43; 85; 31; 65; 61
16,54,0.12502,0.2963,5; 16; 84; 17; 14; 16; 54; 57; 18; 58
25,29,0.13952,0.86207,54; 25; 85; 83; 5; 36; 29; 48; 49; 37
14,58,0.12588,0.24138,83; 14; 45; 85; 44; 44; 58; 34; 62; 65
27,59,0.1161,0.45763,67; 27; 65; 64; 50; 71; 59; 66; 56; 66
31,39,0.13528,0.79487,12; 31; 13; 84; 7; 23; 39; 9; 11; 70
24,76,0.105,0.31579,21; 24; 68; 34; 43; 22; 76; 50; 14; 69
43,77,0.10745,0.55844,52; 43; 45; 57; 42; 35; 77; 66; 15; 36
25,84,0.09247,0.29762,68; 25; 85; 50; 30; 6; 84; 56; 47; 44
26,53,0.12922,0.49057,67; 26; 47; 18; 8; 23; 53; 52; 81; 60
38,67,0.11799,0.56716,82; 38; 29; 36; 40; 19; 67; 45; 6; 43
29,58,0.12357,0.5,20; 29; 30; 70; 7; 66; 58; 40; 78; 36
14,38,0.1342,0.36842,85; 14; 38; 20; 80; 25; 38; 72; 42; 72
26,71,0.10675,0.3662,49; 26; 33; 20; 66; 10; 71; 15; 70; 46
31,62,0.11232,0.5,21; 31; 52; 21; 15; 15; 62; 45; 77; 56
51,61,0.11445,0.83607,20; 51; 54; 32; 10; 85; 61; 43; 27; 28
17,61,0.11947,0.27869,7; 17; 82; 12; 16; 53; 61; 11; 67; 54
27,77,0.10287,0.35065,66; 27; 31; 58; 34; 78; 77; 34; 11; 85
43,77,0.10122,0.55844,14; 43; 7; 71; 75; 13; 77; 33; 21; 77
67,80,0.08186,0.8375,33; 67; 26; 71; 52; 56; 80; 72; 11; 44
31,36,0.13896,0.86111,14; 31; 35; 5; 61; 7; 36; 53; 24; 6
6,17,0.11163,0.35294,30; 6; 76; 85; 33; 19; 17; 35; 18; 47
21,76,0.10083,0.27632,74; 21; 24; 70; 64; 40; 76; 72; 38; 45
21,84,0.08583,0.25,59; 21; 31; 24; 56; 42; 84; 80; 65; 9
24,30,0.13973,0.8,73; 24; 33; 15; 72; 36; 30; 61; 7; 17
21,63,0.11248,0.33333,53; 21; 26; 70; 78; 78; 63; 53; 42; 25
10,40,0.14564,0.25,15; 10; 32; 69; 5; 6; 40; 27; 84; 52
43,75,0.10128,0.57333,15; 43; 20; 5; 64; 38; 75; 37; 79; 47
43,50,0.13746,0.86,79; 43; 24; 36; 62; 60; 50; 43; 28; 49
28,56,0.12048,0.5,76; 28; 51; 58; 51; 43; 56; 45; 40; 24
33,41,0.13899,0.80488,8; 33; 48; 13; 42; 10; 41; 65; 35; 36
28,56,0.12373,0.5,8; 28; 10; 48; 5; 16; 56; 66; 44; 58
16,56,0.12336,0.28571,37; 16; 56; 71; 40; 10; 56; 27; 15; 82
54,66,0.10867,0.81818,57; 54; 70; 57; 53; 39; 66; 9; 82; 82
35,61,0.1248,0.57377,48; 35; 34; 29; 18; 61; 61; 73; 75; 17
23,40,0.13985,0.575,25; 23; 65; 63; 34; 13; 40; 71; 72; 63
26,52,0.13029,0.5,75; 26; 23; 42; 33; 71; 52; 82; 73; 53
35,61,0.116,0.57377,50; 35; 56; 41; 24; 45; 61; 10; 79; 27
63,75,0.09353,0.84,34; 63; 35; 27; 14; 53; 75; 19; 49; 6
18,36,0.13579,0.5,8; 18; 16; 50; 71; 74; 36; 69; 46; 40
51,59,0.11952,0.86441,52; 51; 37; 64; 22; 10; 59; 76; 64; 19
38,48,0.13932,0.79167,63; 38; 31; 28; 60; 81; 48; 13; 10; 69
59,72,0.09753,0.81944,80; 59; 50; 28; 43; 15; 72; 77; 38; 73
15,50,0.12895,0.3,75; 15; 24; 21; 14; 64; 50; 60; 39; 42
62,72,0.08835,0.86111,36; 62; 25; 52; 69; 15; 72; 72; 7; 55
41,52,0.12994,0.78846,56; 41; 74; 54; 62; 13; 52; 17; 73; 44
68,83,0.07845,0.81928,50; 68; 7; 17; 74; 72; 83; 42; 22; 74
56,67,0.1009,0.83582,9; 56; 36; 73; 72; 8; 67; 60; 37; 36
40,82,0.09409,0.4878,78; 40; 78; 76; 77; 38; 82; 56; 82; 33
53,65,0.10861,0.81538,17; 53; 57; 9; 35; 63; 65; 35; 72; 37
20,66,0.10938,0.30303,80; 20; 59; 12; 77; 52; 66; 10; 50; 74
19,41,0.13925,0.46341,60; 19; 23; 72; 10; 49; 41; 38; 19; 63
46,81,0.09643,0.5679,31; 46; 55; 42; 8; 68; 81; 12; 67; 12
28,79,0.09929,0.35443,65; 28; 30; 46; 28; 7; 79; 71; 9; 54
36,64,0.11558,0.5625,11; 36; 16; 44; 38; 7; 64; 81; 74; 81
13,46,0.13957,0.28261,24; 13; 24; 59; 52; 69; 46; 80; 76; 72
65,81,0.07959,0.80247,45; 65; 65; 18; 66; 78; 81; 45; 75; 85
63,80,0.08178,0.7875,42; 63; 72; 81; 39; 51; 80; 18; 12; 82
56,67,0.10001,0.83582,62; 56; 55; 20; 47; 78; 67; 21; 56; 7
30,61,0.12241,0.4918,61; 30; 5; 54; 51; 19; 61; 38; 57; 63
23,80,0.09501,0.2875,9; 23; 68; 35; 74; 11; 80; 73; 42; 65
32,39,0.13823,0.82051,37; 32; 22; 55; 60; 75; 39; 8; 54; 66
45,55,0.1288,0.81818,16; 45; 47; 69; 37; 27; 55; 60; 16; 20
35,61,0.12186,0.57377,58; 35; 18; 38; 60; 80; 61; 77; 52; 77
57,66,0.10559,0.86364,18; 57; 21; 33; 59; 24; 66; 43; 85; 30
6,19,0.124,0.31579,18; 6; 39; 5; 64; 22; 19; 72; 64; 77
8,27,0.13469,0.2963,20; 8; 61; 28; 37; 35; 27; 47; 9; 26
16,68,0.10981,0.23529,58; 16; 72; 40; 28; 78; 68; 70; 70; 26
21,83,0.0889,0.25301,13; 21; 76; 49; 81; 60; 83; 11; 49; 32
23,46,0.13256,0.5,37; 23; 77; 60; 82; 29; 46; 85; 74; 53
37,46,0.13654,0.80435,59; 37; 77; 56; 9; 26; 46; 70; 54; 25
22,45,0.12989,0.48889,50; 22; 76; 78; 63; 33; 45; 42; 80; 60
25,82,0.09539,0.30488,47; 25; 77; 40; 26; 44; 82; 54; 74; 60
15,30,0.12557,0.5,65; 15; 81; 48; 38; 58; 30; 79; 71; 74
23,63,0.11513,0.36508,24; 23; 84; 62; 33; 74; 63; 10; 46; 33
34,69,0.11028,0.49275,25; 34; 41; 17; 13; 48; 69; 84; 39; 49
56,68,0.09593,0.82353,44; 56; 83; 70; 42; 68; 68; 63; 69; 71
23,63,0.1163,0.36508,60; 23; 26; 84; 42; 7; 63; 10; 23; 57
31,84,0.08505,0.36905,40; 31; 56; 11; 21; 54; 84; 5; 55; 13
19,52,0.1218,0.36538,73; 19; 36; 50; 67; 66; 52; 5; 83; 73
8,23,0.13083,0.34783,60; 8; 27; 83; 20; 56; 23; 27; 15; 5
34,74,0.09975,0.45946,20; 34; 78; 81; 78; 45; 74; 53; 31; 18
63,80,0.08357,0.7875,29; 63; 83; 53; 8; 70; 80; 9; 11; 11
36,43,0.13343,0.83721,19; 36; 30; 54; 60; 60; 43; 76; 41; 27
8,32,0.13322,0.25,76; 8; 81; 38; 41; 80; 32; 13; 50; 45
53,66,0.10542,0.80303,13; 53; 26; 76; 55; 52; 66; 68; 61; 29
20,81,0.09052,0.24691,44; 20; 26; 73; 16; 28; 81; 70; 71; 72
27,47,0.14153,0.57447,43; 27; 21; 46; 41; 31; 47; 16; 27; 67
19,24,0.13305,0.79167,51; 19; 25; 37; 81; 25; 24; 8; 54; 18
53,66,0.10829,0.80303,83; 53; 44; 67; 72; 29; 66; 74; 49; 50
58,71,0.09587,0.8169,57; 58; 66; 31; 15; 66; 71; 38; 37; 45
15,61,0.11826,0.2459,29; 15; 69; 61; 25; 10; 61; 51; 10; 19
61,76,0.08374,0.80263,41; 61; 61; 8; 19; 67; 76; 67; 17; 36
19,60,0.11717,0.31667,59; 19; 47; 70; 85; 22; 60; 41; 43; 85
45,81,0.10047,0.55556,53; 45; 20; 71; 81; 8; 81; 83; 42; 74
67,78,0.08126,0.85897,17; 67; 64; 48; 18; 73; 78; 48; 34; 40
27,47,0.13389,0.57447,15; 27; 66; 15; 17; 60; 47; 63; 27; 25
59,70,0.09704,0.84286,65; 59; 76; 27; 33; 27; 70; 23; 57; 20
36,78,0.10201,0.46154,70; 36; 13; 16; 61; 80; 78; 78; 55; 45
5,17,0.10781,0.29412,63; 5; 38; 49; 47; 58; 17; 18; 72; 29
48,85,0.08914,0.56471,72; 48; 70; 81; 25; 9; 85; 18; 85; 38
24,75,0.10209,0.32,64; 24; 29; 35; 45; 49; 75; 41; 52; 40
23,29,0.14031,0.7931,19; 23; 42; 10; 26; 79; 29; 22; 68; 49
55,64,0.10885,0.85938,56; 55; 67; 19; 69; 13; 64; 37; 52; 22
8,23,0.13176,0.34783,42; 8; 41; 37; 62; 13; 23; 69; 73; 35
66,82,0.08062,0.80488,34; 66; 47; 46; 33; 25; 82; 46; 35; 60
17,49,0.13108,0.34694,73; 17; 35; 45; 64; 23; 49; 51; 56; 75
35,70,0.10602,0.5,60; 35; 60; 22; 30; 34; 70; 14; 64; 18
46,55,0.12647,0.83636,58; 46; 74; 73; 6; 20; 55; 45; 58; 76
10,36,0.14167,0.27778,40; 10; 41; 16; 70; 80; 36; 32; 75; 58
18,64,0.11427,0.28125,42; 18; 75; 72; 66; 15; 64; 17; 68; 83
6,7,0.10908,0.85714,80; 6; 77; 76; 70; 23; 7; 53; 35; 37
14,56,0.12534,0.25,60; 14; 37; 69; 73; 63; 56; 68; 27; 57
18,64,0.10767,0.28125,30; 18; 63; 38; 10; 59; 64; 71; 43; 78
38,67,0.11166,0.56716,67; 38; 46; 69; 10; 79; 67; 14; 72; 32
24,68,0.10989,0.35294,56; 24; 25; 78; 20; 44; 68; 63; 73; 50
27,73,0.10501,0.36986,69; 27; 30; 37; 40; 48; 73; 46; 63; 66
40,80,0.09594,0.5,78; 40; 37; 11; 35; 13; 80; 77; 39; 41
67,82,0.07869,0.81707,63; 67; 32; 27; 32; 27; 82; 41; 33; 52
27,84,0.09289,0.32143,6; 27; 48; 44; 59; 10; 84; 76; 13; 75
12,37,0.12874,0.32432,27; 12; 55; 75; 46; 61; 37; 75; 16; 67
64,78,0.08388,0.82051,24; 64; 26; 25; 71; 21; 78; 10; 62; 6
10,34,0.13902,0.29412,15; 10; 49; 28; 82; 53; 34; 29; 74; 27
37,46,0.13177,0.80435,56; 37; 46; 9; 56; 28; 46; 17; 74; 49
16,57,0.12358,0.2807,25; 16; 81; 52; 11; 62; 57; 69; 9; 41
41,84,0.1004,0.4881,67; 41; 55; 14; 72; 71; 84; 42; 34; 10
61,71,0.09361,0.85915,42; 61; 81; 29; 13; 7; 71; 45; 8; 56
48,56,0.11761,0.85714,70; 48; 8; 48; 9; 13; 56; 15; 56; 37
11,37,0.13628,0.2973,68; 11; 47; 83; 84; 23; 37; 75; 26; 32
15,47,0.13471,0.31915,55; 15; 53; 20; 35; 57; 47; 78; 83; 33
37,43,0.13072,0.86047,30; 37; 40; 44; 76; 8; 43; 52; 85; 84
25,82,0.08867,0.30488,56; 25; 79; 67; 6; 65; 82; 77; 53; 78
22,66,0.11025,0.33333,59; 22; 84; 38; 69; 62; 66; 48; 68; 49
20,69,0.10459,0.28986,29; 20; 37; 24; 78; 59; 69; 15; 32; 60
59,70,0.10046,0.84286,5; 59; 11; 84; 35; 71; 70; 51; 67; 61
15,62,0.11617,0.24194,12; 15; 52; 18; 30; 81; 62; 29; 13; 67
21,84,0.08299,0.25,20; 21; 83; 79; 58; 55; 84; 83; 26; 35
8,33,0.13885,0.24242,62; 8; 41; 70; 43; 31; 33; 5; 23; 14
12,49,0.13284,0.2449,63; 12; 12; 47; 50; 59; 49; 50; 67; 53
31,39,0.1363,0.79487,22; 31; 83; 8; 81; 21; 39; 24; 59; 9
6,20,0.11064,0.3,84; 6; 29; 76; 75; 39; 20; 85; 49; 76
19,79,0.10526,0.24051,85; 19; 77; 85; 77; 73; 79; 30; 32; 53
35,44,0.13369,0.79545,21; 35; 6; 65; 64; 9; 44; 37; 59; 10
33,66,0.1084,0.5,44; 33; 51; 27; 20; 68; 66; 63; 43; 64
62,78,0.08739,0.79487,49; 62; 73; 14; 40; 65; 78; 40; 24; 26
12,26,0.14011,0.46154,69; 12; 37; 12; 44; 45; 26; 82; 84; 32
15,59,0.1208,0.25424,72; 15; 36; 28; 36; 43; 59; 80; 70; 67
30,53,0.1293,0.56604,47; 30; 40; 39; 63; 7; 53; 77; 77; 42
19,22,0.13176,0.86364,45; 19; 27; 51; 50; 22; 22; 13; 59; 59
16,68,0.1111,0.23529,21; 16; 55; 23; 83; 33; 68; 47; 29; 41
19,52,0.12519,0.36538,58; 19; 43; 84; 57; 31; 52; 43; 47; 44
40,81,0.10825,0.49383,8; 40; 71; 66; 18; 35; 81; 50; 79; 36
66,82,0.07747,0.80488,48; 66; 23; 7; 5; 30; 82; 77; 84; 69
17,71,0.10751,0.23944,23; 17; 43; 66; 29; 64; 71; 12; 6; 32
16,57,0.12558,0.2807,9; 16; 24; 35; 52; 8; 57; 49; 74; 31
18,64,0.11266,0.28125,55; 18; 17; 34; 54; 52; 64; 62; 64; 69
7,28,0.12368,0.25,26; 7; 84; 24; 45; 69; 28; 5; 18; 52
38,78,0.09486,0.48718,59; 38; 59; 48; 25; 70; 78; 76; 49; 57
37,66,0.11523,0.56061,78; 37; 72; 16; 7; 62; 66; 61; 21; 67
22,78,0.09668,0.28205,26; 22; 66; 67; 12; 82; 78; 82; 17; 49
19,34,0.12982,0.55882,82; 19; 67; 20; 40; 16; 34; 11; 59; 53
28,81,0.09566,0.34568,39; 28; 19; 65; 64; 7; 81; 9; 24; 78
27,73,0.10933,0.36986,35; 27; 85; 41; 63; 42; 73; 53; 22; 77
31,83,0.0909,0.37349,43; 31; 36; 48; 62; 29; 83; 71; 12; 60
62,74,0.09041,0.83784,44; 62; 73; 47; 66; 51; 74; 73; 23; 9
12,49,0.13982,0.2449,60; 12; 7; 58; 39; 40; 49; 44; 52; 37
37,74,0.1078,0.5,32; 37; 84; 75; 33; 66; 74; 42; 68; 85
16,28,0.1347,0.57143,60; 16; 73; 64; 24; 12; 28; 45; 41; 35
21,60,0.11803,0.35,62; 21; 52; 22; 82; 53; 60; 84; 20; 12
19,41,0.13035,0.46341,75; 19; 33; 36; 20; 31; 41; 72; 54; 57
27,81,0.09513,0.33333,22; 27; 6; 47; 38; 47; 81; 14; 6; 56
24,68,0.11145,0.35294,10; 24; 61; 18; 67; 70; 68; 82; 66; 23
43,54,0.1281,0.7963,11; 43; 74; 39; 67; 40; 54; 79; 11; 43
11,37,0.14041,0.2973,49; 11; 14; 61; 76; 81; 37; 72; 21; 80
18,72,0.11283,0.25,6; 18; 82; 27; 19; 83; 72; 26; 31; 7
34,43,0.13862,0.7907,37; 34; 13; 84; 58; 84; 43; 81; 30; 42
34,68,0.11739,0.5,21; 34; 29; 13; 83; 83; 68; 27; 16; 69
28,35,0.1322,0.8,17; 28; 10; 45; 33; 73; 35; 53; 36; 29
16,58,0.12902,0.27586,55; 16; 43; 14; 43; 77; 58; 52; 5; 54
40,50,0.13292,0.8,75; 40; 80; 53; 66; 22; 50; 63; 29; 58
38,76,0.10273,0.5,45; 38; 59; 22; 6; 28; 76; 71; 19; 8
28,49,0.13613,0.57143,73; 28; 20; 49; 68; 68; 49; 77; 56; 39
19,38,0.13051,0.5,46; 19; 46; 15; 5; 45; 38; 10; 59; 17
9,11,0.14959,0.81818,31; 9; 37; 85; 29; 77; 11; 81; 47; 72
25,75,0.10008,0.33333,22; 25; 63; 62; 52; 65; 75; 72; 46; 65
34,68,0.10702,0.5,80; 34; 57; 56; 17; 37; 68; 83; 78; 18
5,21,0.08885,0.2381,62; 5; 65; 73; 15; 79; 21; 45; 34; 72
25,72,0.10866,0.34722,68; 25; 31; 35; 11; 10; 72; 71; 45; 8
37,66,0.11591,0.56061,46; 37; 61; 54; 33; 56; 66; 25; 85; 56
25,51,0.13208,0.4902,19; 25; 22; 49; 30; 31; 51; 79; 29; 71
36,43,0.14354,0.83721,25; 36; 41; 49; 12; 67; 43; 42; 75; 9
39,79,0.09988,0.49367,61; 39; 61; 36; 6; 27; 79; 83; 74; 55
53,67,0.1063,0.79104,12; 53; 24; 58; 23; 41; 67; 76; 75; 7
29,58,0.12688,0.5,84; 29; 27; 78; 74; 43; 58; 61; 66; 78
16,50,0.12528,0.32,56; 16; 10; 27; 29; 81; 50; 64; 62; 10
32,40,0.1369,0.8,28; 32; 59; 73; 30; 80; 40; 11; 63; 80
56,65,0.10633,0.86154,17; 56; 45; 19; 12; 67; 65; 62; 76; 9
19,34,0.13046,0.55882,81; 19; 31; 49; 22; 68; 34; 52; 9; 46
17,72,0.10187,0.23611,60; 17; 73; 48; 53; 53; 72; 38; 7; 21
23,78,0.09837,0.29487,84; 23; 76; 50; 52; 49; 78; 79; 69; 56
25,79,0.09544,0.31646,8; 25; 25; 36; 64; 44; 79; 58; 30; 41
48,60,0.11891,0.8,83; 48; 59; 25; 16; 8; 60; 73; 69; 44
47,59,0.12028,0.79661,23; 47; 14; 56; 52; 23; 59; 15; 37; 13
37,45,0.14159,0.82222,23; 37; 82; 63; 48; 69; 45; 63; 20; 42
20,25,0.14129,0.8,47; 20; 61; 37; 20; 44; 25; 28; 47; 18
7,23,0.12406,0.30435,57; 7; 11; 44; 16; 72; 23; 43; 51; 60
20,62,0.11546,0.32258,40; 20; 37; 42; 31; 55; 62; 35; 63; 75
19,52,0.12949,0.36538,52; 19; 34; 27; 24; 83; 52; 74; 35; 10
38,48,0.13254,0.79167,69; 38; 19; 11; 75; 63; 48; 32; 84; 67
21,42,0.13371,0.5,39; 21; 10; 38; 67; 30; 42; 26; 47; 8
66,82,0.07842,0.80488,76; 66; 76; 40; 21; 64; 82; 59; 36; 25
52,66,0.11266,0.78788,30; 52; 33; 9; 65; 52; 66; 60; 65; 57
65,82,0.08173,0.79268,65; 65; 75; 27; 49; 9; 82; 74; 43; 46
6,25,0.12401,0.24,31; 6; 23; 36; 40; 83; 25; 13; 73; 22
12,43,0.13817,0.27907,48; 12; 7; 66; 32; 27; 43; 57; 74; 36
24,28,0.13313,0.85714,44; 24; 83; 52; 34; 44; 28; 21; 39; 85
50,61,0.11396,0.81967,17; 50; 70; 29; 57; 10; 61; 47; 31; 24
43,77,0.10963,0.55844,32; 43; 48; 41; 60; 13; 77; 82; 78; 23
65,77,0.08805,0.84416,41; 65; 28; 52; 80; 60; 77; 30; 11; 34
28,61,0.11977,0.45902,68; 28; 76; 77; 52; 62; 61; 40; 10; 6
59,72,0.09278,0.81944,43; 59; 34; 13; 34; 38; 72; 55; 12; 13
33,58,0.12156,0.56897,57; 33; 21; 65; 49; 57; 58; 20; 17; 18
52,66,0.10953,0.78788,82; 52; 25; 56; 37; 51; 66; 54; 70; 20
20,60,0.121,0.33333,78; 20; 30; 33; 27; 15; 60; 39; 54; 46
6,18,0.11426,0.33333,28; 6; 40; 54; 8; 63; 18; 46; 40; 33
27,59,0.11899,0.45763,84; 27; 76; 40; 72; 40; 59; 26; 20; 45
15,30,0.13604,0.5,48; 15; 51; 82; 52; 41; 30; 29; 49; 39
39,68,0.11225,0.57353,83; 39; 10; 35; 31; 47; 68; 73; 10; 81
19,66,0.11096,0.28788,70; 19; 65; 47; 61; 46; 66; 22; 70; 59
33,71,0.11091,0.46479,48; 33; 71; 50; 53; 14; 71; 50; 54; 73
7,23,0.12503,0.30435,72; 7; 26; 31; 30; 24; 23; 5; 71; 45
13,54,0.12422,0.24074,45; 13; 55; 60; 16; 70; 54; 8; 61; 81
39,84,0.09569,0.46429,41; 39; 85; 56; 56; 81; 84; 45; 81; 62
55,64,0.10363,0.85938,84; 55; 21; 65; 46; 61; 64; 21; 42; 13
17,68,0.11783,0.25,37; 17; 35; 21; 82; 29; 68; 22; 42; 83
20,81,0.08772,0.24691,32; 20; 13; 32; 49; 10; 81; 77; 6; 8
21,66,0.10899,0.31818,30; 21; 57; 28; 20; 62; 66; 56; 26; 6
24,75,0.10241,0.32,50; 24; 7; 30; 39; 38; 75; 5; 7; 67
7,24,0.13234,0.29167,76; 7; 17; 74; 64; 65; 24; 35; 74; 18
25,84,0.08802,0.29762,18; 25; 48; 17; 52; 29; 84; 75; 18; 49
23,69,0.10751,0.33333,27; 23; 47; 68; 25; 23; 69; 11; 79; 16
42,50,0.13512,0.84,16; 42; 72; 6; 72; 44; 50; 25; 80; 47
14,50,0.13416,0.28,27; 14; 46; 13; 26; 40; 50; 82; 12; 80
19,80,0.09274,0.2375,13; 19; 74; 17; 53; 71; 80; 72; 35; 10
26,78,0.10758,0.33333,72; 26; 85; 70; 44; 38; 78; 83; 53; 24
15,47,0.13718,0.31915,22; 15; 57; 17; 53; 23; 47; 21; 25; 59
46,58,0.12576,0.7931,56; 46; 50; 21; 74; 83; 58; 49; 74; 63
16,55,0.12334,0.29091,82; 16; 65; 24; 73; 57; 55; 27; 39; 47
29,51,0.13372,0.56863,39; 29; 16; 5; 17; 47; 51; 27; 9; 24
46,55,0.12888,0.83636,62; 46; 22; 36; 76; 64; 55; 47; 67; 53
22,67,0.11162,0.32836,69; 22; 16; 33; 42; 27; 67; 45; 43; 77
23,41,0.13212,0.56098,7; 23; 76; 80; 57; 15; 41; 37; 76; 49
37,43,0.14013,0.86047,42; 37; 58; 65; 45; 61; 43; 36; 5; 22
13,53,0.13308,0.24528,53; 13; 46; 58; 43; 23; 53; 27; 59; 25
40,71,0.1101,0.56338,10; 40; 24; 75; 75; 69; 71; 30; 62; 33
43,76,0.10223,0.56579,78; 43; 73; 59; 50; 65; 76; 71; 17; 30
37,65,0.11111,0.56923,74; 37; 61; 63; 46; 60; 65; 85; 41; 74
11,46,0.13575,0.23913,19; 11; 72; 78; 73; 30; 46; 29; 23; 84
18,71,0.10698,0.25352,9; 18; 83; 33; 11; 18; 71; 13; 50; 55
17,46,0.14318,0.36957,58; 17; 82; 79; 75; 82; 46; 10; 6; 81
22,44,0.12764,0.5,29; 22; 33; 84; 5; 71; 44; 9; 58; 28
16,32,0.12667,0.5,72; 16; 61; 56; 52; 6; 32; 31; 73; 40
43,76,0.10214,0.56579,6; 43; 40; 85; 6; 74; 76; 43; 35; 16
54,64,0.11117,0.84375,51; 54; 23; 81; 39; 32; 64; 53; 71; 60
35,62,0.11634,0.56452,67; 35; 42; 8; 81; 46; 62; 51; 25; 13
5,9,0.11772,0.55556,71; 5; 15; 55; 82; 45; 9; 58; 61; 9
70,83,0.07907,0.84337,32; 70; 34; 69; 15; 22; 83; 22; 77; 52
41,84,0.09023,0.4881,70; 41; 23; 65; 55; 60; 84; 74; 80; 41
9,31,0.14539,0.29032,82; 9; 64; 60; 48; 73; 31; 53; 64; 60
23,81,0.0905,0.28395,33; 23; 62; 7; 20; 71; 81; 55; 15; 49
56,67,0.10682,0.83582,22; 56; 70; 83; 63; 74; 67; 73; 78; 19
35,71,0.10703,0.49296,38; 35; 38; 14; 15; 45; 71; 32; 63; 8
18,37,0.13208,0.48649,75; 18; 62; 84; 5; 82; 37; 50; 12; 32
39,79,0.1115,0.49367,37; 39; 55; 80; 43; 61; 79; 69; 54; 46
28,76,0.0986,0.36842,76; 28; 70; 52; 35; 62; 76; 12; 60; 65
63,73,0.08862,0.86301,68; 63; 54; 80; 51; 67; 73; 80; 12; 71
36,79,0.10012,0.4557,26; 36; 32; 10; 18; 71; 79; 28; 8; 28
21,25,0.13211,0.84,61; 21; 66; 78; 39; 10; 25; 38; 68; 54
30,65,0.12728,0.46154,8; 30; 14; 55; 43; 48; 65; 80; 13; 63
46,82,0.09941,0.56098,23; 46; 43; 46; 19; 36; 82; 78; 6; 22
16,49,0.13151,0.32653,53; 16; 79; 30; 71; 22; 49; 74; 49; 23
11,24,0.13293,0.45833,28; 11; 25; 29; 66; 6; 24; 72; 25; 32
11,40,0.14215,0.275,75; 11; 85; 25; 52; 12; 40; 48; 33; 54
16,66,0.11607,0.24242,42; 16; 39; 57; 74; 60; 66; 56; 13; 29
7,28,0.12466,0.25,7; 7; 44; 52; 68; 74; 28; 46; 47; 69
68,79,0.07953,0.86076,15; 68; 15; 68; 52; 55; 79; 10; 82; 85
17,34,0.13819,0.5,70; 17; 39; 31; 69; 75; 34; 53; 60; 72
21,74,0.10662,0.28378,49; 21; 58; 36; 74; 11; 74; 5; 39; 32
13,55,0.12316,0.23636,27; 13; 65; 73; 43; 33; 55; 60; 79; 68
36,45,0.13582,0.8,5; 36; 11; 85; 35; 9; 45; 22; 22; 30
37,81,0.09979,0.45679,31; 37; 30; 33; 85; 83; 81; 26; 34; 47
38,45,0.14078,0.84444,47; 38; 36; 34; 12; 74; 45; 45; 37; 29
5,10,0.10389,0.5,78; 5; 68; 8; 16; 61; 10; 35; 85; 65
39,78,0.09963,0.5,72; 39; 29; 83; 23; 8; 78; 79; 6; 48
53,63,0.11008,0.84127,23; 53; 76; 49; 71; 20; 63; 72; 71; 59
50,63,0.10676,0.79365,77; 50; 5; 50; 37; 54; 63; 59; 42; 8
7,24,0.13444,0.29167,48; 7; 22; 77; 36; 52; 24; 33; 61; 69
20,41,0.13769,0.4878,29; 20; 34; 25; 23; 6; 41; 59; 20; 57
23,63,0.12393,0.36508,66; 23; 73; 54; 79; 69; 63; 72; 80; 61
24,65,0.10925,0.36923,14; 24; 18; 7; 8; 25; 65; 46; 6; 17
45,79,0.09779,0.56962,18; 45; 44; 45; 21; 40; 79; 58; 6; 78
10,40,0.14326,0.25,39; 10; 32; 18; 40; 56; 40; 46; 71; 48
21,74,0.10439,0.28378,12; 21; 8; 22; 35; 11; 74; 50; 40; 68
22,48,0.13607,0.45833,13; 22; 25; 63; 41; 81; 48; 18; 51; 64
27,81,0.0987,0.33333,56; 27; 73; 71; 24; 46; 81; 80; 57; 36
38,67,0.10574,0.56716,50; 38; 7; 48; 55; 5; 67; 25; 37; 19
23,83,0.09817,0.27711,52; 23; 15; 35; 52; 56; 83; 48; 43; 74
41,51,0.13561,0.80392,10; 41; 50; 54; 28; 13; 51; 38; 74; 81
18,76,0.09607,0.23684,78; 18; 82; 78; 51; 36; 76; 67; 15; 42
23,47,0.13791,0.48936,8; 23; 58; 77; 62; 19; 47; 78; 64; 13
37,81,0.09785,0.45679,32; 37; 70; 65; 48; 34; 81; 66; 82; 70
39,85,0.09902,0.45882,77; 39; 80; 24; 79; 78; 85; 34; 47; 66
44,55,0.12637,0.8,15; 44; 32; 67; 20; 83; 55; 47; 7; 68
23,81,0.09609,0.28395,33; 23; 77; 52; 55; 75; 81; 20; 74; 25
62,76,0.08647,0.81579,68; 62; 38; 49; 17; 40; 76; 76; 58; 72
23,70,0.10775,0.32857,32; 23; 20; 29; 60; 82; 70; 33; 71; 79
33,42,0.13852,0.78571,14; 33; 31; 58; 61; 65; 42; 20; 36; 25
21,57,0.12078,0.36842,44; 21; 44; 26; 83; 41; 57; 32; 26; 58
28,76,0.11106,0.36842,51; 28; 17; 76; 10; 61; 76; 12; 63; 74
28,49,0.12863,0.57143,51; 28; 85; 62; 31; 44; 49; 53; 8; 77
54,66,0.11391,0.81818,43; 54; 7; 54; 83; 44; 66; 16; 13; 77
21,57,0.11939,0.36842,85; 21; 11; 65; 24; 75; 57; 68; 43; 14
19,52,0.12734,0.36538,73; 19; 78; 55; 51; 7; 52; 33; 35; 47
17,35,0.14161,0.48571,52; 17; 21; 13; 68; 53; 35; 61; 67; 53
28,80,0.09124,0.35,34; 28; 72; 19; 28; 34; 80; 24; 46; 71
11,46,0.14389,0.23913,39; 11; 39; 38; 17; 72; 46; 27; 15; 75
21,37,0.13046,0.56757,21; 21; 72; 49; 83; 44; 37; 29; 70; 37
34,74,0.10821,0.45946,33; 34; 70; 11; 75; 81; 74; 45; 42; 85
28,61,0.11818,0.45902,64; 28; 27; 8; 70; 81; 61; 52; 14; 70
15,54,0.12249,0.27778,67; 15; 28; 21; 24; 58; 54; 45; 52; 21
55,69,0.10052,0.7971,33; 55; 20; 75; 77; 15; 69; 85; 13; 26
20,36,0.14055,0.55556,77; 20; 35; 15; 6; 74; 36; 43; 83; 62
26,71,0.11318,0.3662,72; 26; 28; 57; 56; 54; 71; 83; 34; 81
26,70,0.10892,0.37143,80; 26; 37; 14; 70; 46; 70; 85; 47; 34
24,83,0.08395,0.28916,82; 24; 77; 63; 43; 29; 83; 66; 28; 19
12,49,0.13292,0.2449,5; 12; 52; 23; 44; 12; 49; 59; 30; 80
11,33,0.13806,0.33333,64; 11; 44; 43; 82; 29; 33; 30; 51; 35
12,24,0.14203,0.5,75; 12; 15; 9; 35; 57; 24; 64; 70; 53
27,55,0.12885,0.49091,82; 27; 75; 7; 62; 30; 55; 37; 24; 60
16,19,0.13623,0.84211,11; 16; 31; 25; 26; 39; 19; 14; 63; 79
28,76,0.10238,0.36842,28; 28; 82; 20; 23; 17; 76; 18; 48; 59
26,31,0.13291,0.83871,31; 26; 80; 11; 78; 14; 31; 66; 57; 49
26,82,0.10426,0.31707,27; 26; 6; 56; 67; 84; 82; 10; 68; 50
20,72,0.10777,0.27778,27; 20; 55; 8; 12; 58; 72; 84; 45; 10
44,55,0.13201,0.8,59; 44; 54; 81; 74; 72; 55; 62; 58; 28
30,81,0.09805,0.37037,68; 30; 79; 19; 68; 64; 81; 13; 45; 60
23,63,0.11281,0.36508,49; 23; 19; 72; 18; 24; 63; 73; 30; 27
25,78,0.10735,0.32051,71; 25; 68; 63; 32; 34; 78; 65; 76; 16
31,68,0.10425,0.45588,59; 31; 59; 77; 9; 56; 68; 81; 57; 39
30,81,0.10159,0.37037,17; 30; 56; 54; 71; 24; 81; 31; 63; 82
19,24,0.12622,0.79167,66; 19; 62; 8; 65; 35; 24; 76; 76; 29
23,78,0.10561,0.29487,57; 23; 69; 52; 5; 82; 78; 17; 17; 60
17,59,0.12249,0.28814,37; 17; 14; 55; 29; 75; 59; 58; 78; 35
28,84,0.09659,0.33333,58; 28; 12; 66; 32; 36; 84; 45; 27; 79
13,54,0.1301,0.24074,49; 13; 26; 54; 32; 24; 54; 83; 84; 52
24,83,0.08831,0.28916,43; 24; 39; 67; 85; 85; 83; 62; 34; 71
57,66,0.10599,0.86364,68; 57; 7; 69; 23; 83; 66; 25; 75; 8
56,70,0.0995,0.8,36; 56; 56; 80; 59; 25; 70; 73; 10; 58
28,49,0.1307,0.57143,16; 28; 61; 14; 54; 34; 49; 50; 43; 65
28,56,0.12776,0.5,20; 28; 32; 79; 20; 77; 56; 53; 70; 28
38,45,0.13663,0.84444,46; 38; 61; 80; 27; 17; 45; 62; 6; 39
20,67,0.10672,0.29851,38; 20; 17; 15; 44; 64; 67; 73; 71; 34
39,69,0.10939,0.56522,65; 39; 64; 38; 26; 26; 69; 48; 68; 45
67,78,0.08613,0.85897,50; 67; 68; 82; 35; 77; 78; 40; 31; 25
41,84,0.09839,0.4881,45; 41; 34; 39; 67; 39; 84; 55; 62; 57
17,52,0.12442,0.32692,29; 17; 41; 30; 14; 11; 52; 49; 63; 46
20,69,0.10492,0.28986,34; 20; 79; 9; 71; 51; 69; 50; 26; 49
27,33,0.13499,0.81818,24; 27; 8; 76; 31; 84; 33; 15; 18; 25
23,28,0.1411,0.82143,55; 23; 40; 84; 78; 70; 28; 26; 62; 27
38,44,0.13561,0.86364,40; 38; 57; 15; 48; 83; 44; 83; 57; 22
68,81,0.08157,0.83951,13; 68; 43; 32; 39; 62; 81; 75; 69; 76
8,14,0.1367,0.57143,72; 8; 49; 48; 53; 34; 14; 47; 71; 31
23,62,0.11063,0.37097,37; 23; 77; 78; 74; 71; 62; 8; 7; 28
22,39,0.13493,0.5641,84; 22; 8; 85; 75; 68; 39; 52; 35; 47
5,21,0.10751,0.2381,54; 5; 16; 63; 27; 15; 21; 79; 33; 55
61,73,0.09161,0.83562,29; 61; 24; 74; 44; 57; 73; 67; 77; 58
7,25,0.13378,0.28,45; 7; 28; 11; 41; 33; 25; 23; 82; 76
28,34,0.13096,0.82353,19; 28; 72; 25; 6; 24; 34; 17; 57; 11
18,54,0.12448,0.33333,50; 18; 71; 58; 69; 47; 54; 36; 7; 44
13,47,0.13711,0.2766,17; 13; 44; 39; 85; 73; 47; 17; 5; 9
27,73,0.10727,0.36986,41; 27; 12; 77; 67; 26; 73; 53; 57; 81
27,77,0.09609,0.35065,20; 27; 25; 57; 71; 76; 77; 83; 38; 48
28,34,0.13155,0.82353,81; 28; 53; 54; 8; 12; 34; 53; 48; 62
23,46,0.13623,0.5,46; 23; 24; 44; 65; 39; 46; 74; 83; 39
33,66,0.11658,0.5,75; 33; 43; 76; 5; 64; 66; 42; 28; 15
22,60,0.12551,0.36667,73; 22; 62; 20; 67; 70; 60; 27; 66; 18
39,85,0.09399,0.45882,37; 39; 65; 40; 64; 32; 85; 9; 28; 66
30,61,0.12407,0.4918,59; 30; 66; 12; 31; 71; 61; 55; 16; 66
11,34,0.13681,0.32353,58; 11; 55; 61; 28; 58; 34; 81; 65; 22
44,55,0.13294,0.8,16; 44; 13; 57; 12; 62; 55; 11; 15; 70
7,19,0.12297,0.36842,44; 7; 65; 47; 64; 54; 19; 77; 40; 82
18,64,0.11432,0.28125,43; 18; 53; 64; 49; 20; 64; 40; 48; 52
20,79,0.09856,0.25316,36; 20; 6; 33; 46; 10; 79; 48; 5; 77
46,58,0.1212,0.7931,37; 46; 13; 79; 6; 45; 58; 19; 74; 26
20,82,0.09863,0.2439,58; 20; 14; 6; 7; 55; 82; 32; 6; 78
26,56,0.12267,0.46429,59; 26; 62; 34; 22; 53; 56; 5; 56; 7
23,73,0.11002,0.31507,11; 23; 19; 20; 32; 82; 73; 38; 62; 6
34,60,0.1221,0.56667,73; 34; 84; 65; 59; 50; 60; 76; 56; 17
20,70,0.10374,0.28571,70; 20; 55; 43; 50; 50; 70; 27; 82; 62
5,18,0.09201,0.27778,72; 5; 74; 84; 84; 84; 18; 71; 13; 74
35,71,0.10503,0.49296,29; 35; 55; 48; 32; 20; 71; 75; 75; 6
13,51,0.12623,0.2549,80; 13; 69; 84; 51; 39; 51; 27; 80; 57
14,48,0.13368,0.29167,24; 14; 31; 20; 59; 66; 48; 81; 61; 51
13,55,0.12623,0.23636,17; 13; 24; 84; 72; 85; 55; 32; 35; 59
39,85,0.08845,0.45882,73; 39; 65; 17; 81; 5; 85; 60; 58; 27
28,81,0.09726,0.34568,59; 28; 50; 46; 26; 49; 81; 15; 45; 35
15,54,0.12524,0.27778,66; 15; 52; 28; 60; 34; 54; 41; 12; 78
33,67,0.11011,0.49254,80; 33; 29; 66; 78; 41; 67; 20; 84; 7
59,70,0.09252,0.84286,23; 59; 11; 7; 53; 80; 70; 5; 47; 74
17,58,0.12603,0.2931,73; 17; 30; 30; 7; 66; 58; 79; 56; 18
66,84,0.07671,0.78571,43; 66; 84; 44; 81; 74; 84; 69; 29; 13
43,51,0.13509,0.84314,22; 43; 55; 40; 82; 14; 51; 47; 32; 22
66,84,0.07451,0.78571,52; 66; 31; 82; 47; 18; 84; 10; 12; 75
69,82,0.0769,0.84146,36; 69; 73; 11; 32; 25; 82; 84; 29; 5
12,38,0.14457,0.31579,83; 12; 37; 30; 70; 76; 38; 55; 69; 32
41,49,0.13484,0.83673,46; 41; 32; 68; 54; 84; 49; 29; 68; 31
40,80,0.10097,0.5,14; 40; 70; 69; 59; 7; 80; 37; 14; 67
27,34,0.13185,0.79412,55; 27; 27; 54; 46; 60; 34; 81; 67; 6
8,14,0.13191,0.57143,5; 8; 73; 12; 14; 34; 14; 24; 61; 78
19,60,0.1166,0.31667,47; 19; 5; 15; 27; 82; 60; 83; 41; 82
9,27,0.13824,0.33333,11; 9; 29; 84; 66; 27; 27; 79; 85; 15
40,82,0.09248,0.4878,49; 40; 78; 56; 78; 17; 82; 79; 85; 6
35,62,0.11563,0.56452,80; 35; 64; 64; 67; 69; 62; 12; 23; 38
54,66,0.10665,0.81818,30; 54; 42; 18; 21; 50; 66; 67; 44; 25
56,70,0.10473,0.8,81; 56; 65; 79; 22; 84; 70; 20; 22; 66
19,67,0.11106,0.28358,69; 19; 29; 77; 41; 80; 67; 59; 19; 28
30,65,0.11868,0.46154,68; 30; 80; 62; 13; 73; 65; 38; 31; 67
21,66,0.10792,0.31818,7; 21; 32; 26; 65; 17; 66; 75; 73; 41
15,53,0.12663,0.28302,7; 15; 17; 37; 22; 71; 53; 22; 8; 82
71,83,0.0761,0.85542,78; 71; 68; 65; 18; 30; 83; 72; 31; 36
22,80,0.09799,0.275,38; 22; 72; 16; 73; 66; 80; 83; 27; 85
19,55,0.11453,0.34545,71; 19; 46; 84; 23; 13; 55; 48; 37; 44
54,63,0.10989,0.85714,38; 54; 22; 60; 78; 67; 63; 75; 43; 41
39,78,0.10831,0.5,79; 39; 24; 82; 59; 20; 78; 42; 37; 44
24,74,0.10776,0.32432,75; 24; 36; 83; 38; 13; 74; 42; 10; 41
43,75,0.10833,0.57333,18; 43; 65; 68; 76; 29; 75; 24; 84; 62
32,38,0.13601,0.84211,75; 32; 26; 21; 73; 36; 38; 45; 18; 43
36,79,0.10584,0.4557,46; 36; 69; 6; 12; 40; 79; 81; 24; 62
22,76,0.11065,0.28947,9; 22; 60; 63; 59; 16; 76; 42; 10; 81
11,22,0.13104,0.5,32; 11; 38; 46; 82; 67; 22; 60; 39; 54
42,50,0.13211,0.84,29; 42; 15; 24; 79; 6; 50; 77; 67; 61
18,71,0.10448,0.25352,83; 18; 45; 69; 10; 15; 71; 81; 78; 33
26,33,0.13424,0.78788,85; 26; 10; 27; 19; 38; 33; 5; 52; 73
17,49,0.13217,0.34694,69; 17; 45; 70; 15; 67; 49; 83; 9; 50
27,77,0.10766,0.35065,54; 27; 13; 44; 73; 53; 77; 56; 32; 17
8,32,0.13878,0.25,35; 8; 57; 28; 39; 18; 32; 45; 68; 22
36,45,0.14546,0.8,31; 36; 55; 35; 35; 13; 45; 62; 25; 76
64,78,0.08338,0.82051,58; 64; 65; 78; 28; 14; 78; 63; 59; 31
30,81,0.09693,0.37037,17; 30; 52; 32; 25; 55; 81; 47; 76; 53
11,46,0.14695,0.23913,34; 11; 8; 19; 65; 16; 46; 76; 12; 49
15,43,0.13438,0.34884,64; 15; 67; 61; 74; 74; 43; 6; 39; 22
15,62,0.11524,0.24194,67; 15; 82; 13; 28; 40; 62; 39; 56; 62
36,73,0.10727,0.49315,24; 36; 70; 69; 14; 73; 73; 28; 72; 6
18,54,0.12773,0.33333,34; 18; 85; 34; 63; 56; 54; 61; 7; 78
34,69,0.10692,0.49275,28; 34; 71; 46; 13; 24; 69; 58; 73; 23
22,68,0.11091,0.32353,43; 22; 12; 23; 74; 82; 68; 39; 79; 42
16,68,0.10476,0.23529,72; 16; 30; 65; 84; 42; 68; 62; 63; 71
22,67,0.10837,0.32836,66; 22; 57; 78; 44; 6; 67; 58; 53; 8
40,72,0.10401,0.55556,11; 40; 37; 62; 53; 50; 72; 63; 28; 76
15,43,0.13819,0.34884,56; 15; 84; 31; 81; 31; 43; 61; 82; 83
19,55,0.1217,0.34545,63; 19; 71; 59; 54; 39; 55; 77; 28; 46
33,71,0.09924,0.46479,48; 33; 27; 30; 63; 62; 71; 35; 54; 43
40,70,0.10849,0.57143,43; 40; 67; 81; 39; 46; 70; 64; 59; 83
11,37,0.1375,0.2973,33; 11; 45; 23; 41; 74; 37; 28; 30; 51
13,45,0.13182,0.28889,33; 13; 34; 28; 43; 32; 45; 76; 62; 24
18,32,0.13399,0.5625,37; 18; 18; 46; 72; 11; 32; 36; 32; 69
28,84,0.09334,0.33333,7; 28; 62; 62; 47; 53; 84; 47; 27; 36
34,69,0.10839,0.49275,18; 34; 26; 42; 40; 85; 69; 5; 40; 24
32,37,0.12706,0.86486,42; 32; 10; 71; 25; 67; 37; 67; 50; 47
7,19,0.12239,0.36842,52; 7; 51; 28; 65; 79; 19; 49; 55; 13
54,68,0.10701,0.79412,37; 54; 78; 13; 9; 66; 68; 5; 45; 84
44,79,0.09847,0.55696,72; 44; 28; 24; 55; 83; 79; 52; 13; 31
7,23,0.12505,0.30435,31; 7; 28; 74; 61; 76; 23; 54; 52; 83
21,37,0.1297,0.56757,12; 21; 64; 30; 58; 38; 37; 80; 84; 23
24,49,0.13705,0.4898,36; 24; 85; 18; 26; 55; 49; 73; 65; 54
38,44,0.13334,0.86364,11; 38; 71; 15; 68; 62; 44; 21; 82; 29
27,48,0.1422,0.5625,41; 27; 71; 74; 8; 49; 48; 30; 31; 14
17,68,0.10759,0.25,5; 17; 30; 58; 79; 12; 68; 74; 76; 25
24,81,0.09867,0.2963,69; 24; 69; 28; 58; 55; 81; 82; 40; 23
34,70,0.10823,0.48571,48; 34; 75; 45; 64; 20; 70; 55; 46; 58
18,61,0.1129,0.29508,33; 18; 14; 28; 28; 28; 61; 77; 16; 40
21,74,0.1029,0.28378,61; 21; 60; 84; 60; 24; 74; 43; 6; 41
71,85,0.0739,0.83529,35; 71; 21; 37; 77; 46; 85; 23; 75; 27
18,72,0.10266,0.25,7; 18; 27; 28; 27; 74; 72; 55; 16; 21
23,80,0.09532,0.2875,58; 23; 43; 70; 41; 36; 80; 84; 75; 20
15,47,0.13528,0.31915,67; 15; 7; 70; 48; 52; 47; 46; 48; 30
16,35,0.1283,0.45714,62; 16; 51; 37; 36; 84; 35; 68; 30; 33
23,69,0.10372,0.33333,37; 23; 10; 33; 84; 40; 69; 41; 80; 49
8,29,0.13555,0.27586,77; 8; 80; 74; 32; 14; 29; 27; 41; 41
57,68,0.09708,0.83824,31; 57; 85; 51; 67; 73; 68; 50; 58; 38
56,67,0.1015,0.83582,44; 56; 70; 60; 84; 48; 67; 46; 27; 44
49,62,0.10974,0.79032,68; 49; 5; 27; 60; 17; 62; 76; 15; 60
46,80,0.09704,0.575,26; 46; 66; 74; 18; 19; 80; 15; 71; 50
8,32,0.13478,0.25,46; 8; 15; 69; 31; 32; 32; 24; 41; 71
18,37,0.12962,0.48649,76; 18; 70; 22; 8; 7; 37; 60; 84; 25
16,54,0.12896,0.2963,26; 16; 73; 45; 79; 59; 54; 6; 22; 37
10,35,0.1445,0.28571,59; 10; 58; 38; 35; 56; 35; 82; 79; 6
20,63,0.11522,0.31746,14; 20; 11; 30; 35; 40; 63; 41; 19; 19
42,49,0.14029,0.85714,78; 42; 58; 32; 28; 36; 49; 12; 85; 14
19,34,0.1313,0.55882,16; 19; 85; 72; 46; 22; 34; 17; 41; 35
16,63,0.11925,0.25397,27; 16; 53; 18; 57; 64; 63; 33; 12; 22
39,79,0.09815,0.49367,10; 39; 41; 19; 31; 84; 79; 77; 77; 45
24,74,0.10418,0.32432,84; 24; 70; 7; 32; 68; 74; 64; 26; 25
16,64,0.11546,0.25,83; 16; 17; 55; 20; 50; 64; 15; 18; 68
12,49,0.13085,0.2449,33; 12; 64; 67; 66; 13; 49; 41; 59; 14
31,38,0.13738,0.81579,64; 31; 12; 57; 6; 71; 38; 49; 65; 81
7,21,0.13136,0.33333,63; 7; 85; 17; 30; 44; 21; 42; 49; 48
12,24,0.13537,0.5,17; 12; 68; 18; 63; 36; 24; 46; 33; 55
30,82,0.09486,0.36585,20; 30; 39; 67; 23; 35; 82; 49; 81; 50
12,49,0.13494,0.2449,26; 12; 72; 28; 75; 23; 49; 67; 44; 53
14,46,0.13432,0.30435,58; 14; 53; 79; 33; 10; 46; 67; 10; 9
33,66,0.11075,0.5,8; 33; 23; 7; 63; 27; 66; 37; 5; 62
18,73,0.09771,0.24658,31; 18; 10; 81; 66; 8; 73; 45; 42; 71
14,47,0.13092,0.29787,38; 14; 17; 65; 27; 71; 47; 59; 13; 58
26,74,0.10327,0.35135,24; 26; 30; 57; 78; 35; 74; 65; 26; 10
23,65,0.11286,0.35385,33; 23; 47; 18; 54; 36; 65; 15; 42; 36
16,56,0.11914,0.28571,42; 16; 77; 81; 29; 38; 56; 56; 72; 28
11,46,0.13153,0.23913,51; 11; 69; 6; 22; 9; 46; 64; 80; 51
52,62,0.11908,0.83871,26; 52; 25; 71; 68; 49; 62; 66; 85; 55
19,57,0.12374,0.33333,21; 19; 62; 31; 43; 79; 57; 67; 37; 45
39,78,0.09374,0.5,42; 39; 30; 19; 7; 5; 78; 71; 13; 33
19,69,0.10479,0.27536,27; 19; 15; 48; 66; 36; 69; 78; 32; 63
48,57,0.12336,0.84211,51; 48; 79; 33; 13; 76; 57; 31; 20; 71
28,61,0.11984,0.45902,61; 28; 9; 10; 32; 8; 61; 12; 42; 65
21,66,0.0967,0.31818,43; 21; 34; 53; 18; 35; 66; 60; 67; 72
25,44,0.13122,0.56818,43; 25; 49; 43; 13; 32; 44; 67; 43; 50
6,12,0.10938,0.5,32; 6; 36; 22; 69; 84; 12; 67; 28; 55
39,69,0.11416,0.56522,49; 39; 54; 35; 35; 14; 69; 60; 27; 59
26,71,0.105,0.3662,52; 26; 24; 29; 78; 44; 71; 58; 33; 52
19,60,0.11569,0.31667,78; 19; 71; 52; 70; 79; 60; 41; 43; 9
44,51,0.13552,0.86275,47; 44; 30; 10; 42; 56; 51; 55; 31; 60
19,38,0.12531,0.5,39; 19; 47; 56; 83; 60; 38; 5; 65; 12
14,59,0.1223,0.23729,72; 14; 6; 14; 79; 71; 59; 49; 55; 69
31,55,0.12215,0.56364,22; 31; 80; 71; 57; 66; 55; 18; 42; 34
19,67,0.10721,0.28358,5; 19; 56; 51; 72; 62; 67; 67; 50; 78
6,20,0.1106,0.3,78; 6; 52; 22; 9; 70; 20; 44; 54; 42
49,62,0.12173,0.79032,37; 49; 66; 64; 25; 78; 62; 57; 82; 55
30,81,0.0979,0.37037,11; 30; 81; 17; 20; 55; 81; 34; 9; 64
26,81,0.09331,0.32099,5; 26; 26; 82; 41; 19; 81; 55; 78; 40
69,80,0.07902,0.8625,41; 69; 6; 25; 76; 26; 80; 30; 36; 13
5,18,0.09931,0.27778,44; 5; 67; 72; 53; 77; 18; 55; 37; 27
16,35,0.14056,0.45714,17; 16; 26; 66; 44; 15; 35; 25; 68; 22
12,50,0.13019,0.24,61; 12; 61; 53; 40; 19; 50; 21; 50; 74
57,71,0.09822,0.80282,43; 57; 46; 40; 11; 66; 71; 23; 31; 77
24,81,0.08838,0.2963,78; 24; 31; 55; 81; 24; 81; 81; 41; 26
16,54,0.13278,0.2963,45; 16; 46; 67; 57; 32; 54; 36; 80; 53
11,31,0.13607,0.35484,21; 11; 51; 52; 56; 75; 31; 62; 49; 35
21,25,0.13283,0.84,85; 21; 41; 60; 79; 17; 25; 19; 65; 60
49,62,0.12205,0.79032,61; 49; 25; 6; 51; 50; 62; 74; 80; 34
29,59,0.11769,0.49153,58; 29; 77; 29; 37; 35; 59; 59; 63; 26
33,72,0.09988,0.45833,67; 33; 7; 83; 74; 84; 72; 69; 68; 33
43,75,0.10525,0.57333,71; 43; 82; 63; 49; 59; 75; 85; 28; 42
35,44,0.14127,0.79545,81; 35; 23; 25; 77; 70; 44; 53; 43; 76
16,54,0.12823,0.2963,6; 16; 33; 25; 63; 13; 54; 62; 18; 42
27,47,0.13198,0.57447,35; 27; 38; 19; 27; 73; 47; 69; 26; 32
29,79,0.10519,0.36709,9; 29; 36; 35; 43; 80; 79; 77; 56; 46
39,69,0.10808,0.56522,13; 39; 64; 41; 55; 19; 69; 43; 60; 14
44,56,0.11957,0.78571,36; 44; 12; 31; 75; 69; 56; 47; 10; 34
35,61,0.11249,0.57377,32; 35; 49; 22; 48; 57; 61; 39; 65; 48
44,55,0.13179,0.8,20; 44; 77; 21; 75; 21; 55; 18; 40; 54
40,72,0.10913,0.55556,80; 40; 7; 34; 6; 26; 72; 23; 36; 80
63,80,0.08589,0.7875,85; 63; 30; 26; 75; 22; 80; 49; 15; 46
32,40,0.13672,0.8,13; 32; 84; 80; 66; 36; 40; 46; 12; 68
55,70,0.09779,0.78571,21; 55; 47; 12; 82; 16; 70; 27; 74; 9
12,14,0.14242,0.85714,41; 12; 33; 83; 6; 81; 14; 17; 23; 68
30,65,0.12009,0.46154,5; 30; 7; 76; 49; 77; 65; 45; 62; 27
33,59,0.12319,0.55932,78; 33; 73; 24; 83; 76; 59; 52; 46; 18
25,79,0.09549,0.31646,51; 25; 9; 32; 38; 70; 79; 13; 44; 22
36,72,0.11366,0.5,47; 36; 75; 72; 82; 20; 72; 40; 32; 28
14,25,0.13213,0.56,11; 14; 47; 52; 47; 69; 25; 21; 77; 84
44,78,0.10759,0.5641,53; 44; 12; 84; 25; 29; 78; 7; 23; 27
39,68,0.11335,0.57353,39; 39; 82; 5; 29; 82; 68; 64; 62; 56
17,68,0.11166,0.25,34; 17; 55; 84; 66; 8; 68; 76; 14; 36
55,64,0.10635,0.85938,57; 55; 63; 72; 49; 46; 64; 33; 46; 9
33,72,0.10355,0.45833,68; 33; 71; 42; 19; 8; 72; 22; 85; 66
22,66,0.10866,0.33333,36; 22; 81; 40; 12; 25; 66; 84; 34; 33
42,49,0.13634,0.85714,85; 42; 66; 30; 31; 75; 49; 59; 33; 68
19,41,0.13424,0.46341,17; 19; 12; 7; 33; 49; 41; 5; 34; 30
61,71,0.09557,0.85915,51; 61; 56; 82; 49; 49; 71; 75; 45; 5
20,72,0.10341,0.27778,46; 20; 14; 39; 13; 55; 72; 35; 5; 52
25,77,0.1075,0.32468,57; 25; 66; 5; 83; 63; 77; 65; 11; 23
46,56,0.128,0.82143,77; 46; 79; 35; 75; 20; 56; 36; 70; 62
6,12,0.11635,0.5,48; 6; 78; 63; 59; 27; 12; 17; 58; 84
21,64,0.12059,0.32812,37; 21; 26; 76; 44; 10; 64; 8; 82; 65
29,82,0.09178,0.35366,56; 29; 70; 57; 58; 73; 82; 69; 23; 32
7,28,0.12714,0.25,73; 7; 30; 38; 23; 52; 28; 43; 83; 29
9,32,0.13788,0.28125,73; 9; 82; 47; 58; 78; 32; 38; 14; 48
26,31,0.13057,0.83871,61; 26; 85; 39; 38; 81; 31; 33; 34; 28
48,56,0.12373,0.85714,15; 48; 82; 5; 83; 59; 56; 65; 23; 44
25,50,0.13156,0.5,57; 25; 78; 58; 8; 78; 50; 57; 33; 82
29,78,0.10871,0.37179,10; 29; 27; 41; 53; 21; 78; 8; 62; 30
59,70,0.09274,0.84286,50; 59; 18; 30; 73; 15; 70; 64; 19; 19
30,65,0.12202,0.46154,73; 30; 36; 25; 62; 71; 65; 22; 35; 26
17,46,0.13508,0.36957,6; 17; 46; 42; 58; 63; 46; 81; 38; 26
26,46,0.13857,0.56522,81; 26; 57; 43; 32; 10; 46; 33; 61; 67
17,58,0.12347,0.2931,33; 17; 6; 27; 67; 15; 58; 38; 63; 52
32,64,0.11834,0.5,67; 32; 61; 42; 26; 32; 64; 84; 40; 50
48,85,0.08931,0.56471,71; 48; 63; 40; 84; 43; 85; 43; 76; 43
44,79,0.10611,0.55696,11; 44; 42; 74; 36; 25; 79; 42; 45; 28
33,58,0.12526,0.56897,8; 33; 69; 83; 55; 47; 58; 71; 19; 79
17,69,0.11362,0.24638,53; 17; 7; 27; 69; 10; 69; 15; 62; 13
26,75,0.09764,0.34667,63; 26; 70; 15; 75; 15; 75; 78; 11; 51
39,84,0.09122,0.46429,61; 39; 39; 40; 38; 47; 84; 35; 11; 35
20,25,0.13082,0.8,77; 20; 71; 7; 32; 55; 25; 39; 64; 58
15,51,0.12933,0.29412,77; 15; 20; 8; 51; 9; 51; 30; 82; 69
61,71,0.09145,0.85915,34; 61; 34; 37; 80; 57; 71; 31; 12; 47
22,28,0.13734,0.78571,52; 22; 77; 26; 79; 47; 28; 68; 77; 53
16,58,0.12212,0.27586,6; 16; 68; 40; 77; 16; 58; 73; 24; 50
22,59,0.11777,0.37288,23; 22; 17; 41; 5; 83; 59; 68; 9; 26
13,53,0.12554,0.24528,79; 13; 66; 9; 63; 21; 53; 28; 58; 42
24,83,0.08945,0.28916,14; 24; 25; 5; 38; 31; 83; 54; 24; 38
29,83,0.0963,0.3494,75; 29; 71; 22; 83; 79; 83; 15; 13; 9
45,81,0.10581,0.55556,68; 45; 12; 72; 39; 33; 81; 80; 65; 54
18,62,0.1133,0.29032,45; 18; 13; 59; 83; 68; 62; 64; 64; 6
23,46,0.13832,0.5,12; 23; 33; 23; 67; 6; 46; 22; 48; 19
67,84,0.07826,0.79762,53; 67; 44; 69; 71; 43; 84; 27; 75; 14
16,28,0.13856,0.57143,65; 16; 9; 37; 27; 54; 28; 79; 62; 19
8,14,0.13084,0.57143,77; 8; 13; 48; 53; 72; 14; 71; 45; 65
62,76,0.08545,0.81579,84; 62; 16; 56; 52; 44; 76; 23; 9; 25
25,82,0.1019,0.30488,9; 25; 58; 30; 62; 73; 82; 42; 73; 19
29,52,0.13243,0.55769,17; 29; 70; 68; 34; 16; 52; 71; 25; 62
18,71,0.106,0.25352,69; 18; 39; 69; 48; 66; 71; 57; 39; 61
31,68,0.10892,0.45588,17; 31; 85; 21; 58; 32; 68; 12; 55; 28
25,54,0.12815,0.46296,82; 25; 22; 54; 85; 20; 54; 29; 18; 6
20,62,0.11826,0.32258,32; 20; 70; 32; 30; 47; 62; 37; 52; 9
39,49,0.13383,0.79592,72; 39; 39; 40; 28; 27; 49; 60; 38; 68
19,59,0.12165,0.32203,36; 19; 19; 37; 26; 79; 59; 16; 62; 61
22,66,0.11132,0.33333,31; 22; 52; 63; 41; 27; 66; 82; 77; 38
9,30,0.14286,0.3,76; 9; 66; 16; 25; 30; 30; 10; 49; 14
17,56,0.12728,0.30357,48; 17; 12; 49; 23; 70; 56; 70; 29; 54
64,76,0.09069,0.84211,48; 64; 79; 27; 14; 19; 76; 32; 42; 12
31,54,0.12437,0.57407,82; 31; 20; 82; 58; 7; 54; 60; 37; 70
16,28,0.1378,0.57143,58; 16; 20; 31; 43; 44; 28; 16; 57; 12
36,43,0.13375,0.83721,47; 36; 15; 58; 69; 17; 43; 39; 60; 29
41,72,0.10609,0.56944,72; 41; 38; 66; 62; 25; 72; 36; 44; 30
46,82,0.09463,0.56098,28; 46; 68; 28; 57; 68; 82; 65; 17; 83
14,25,0.13119,0.56,78; 14; 27; 31; 23; 32; 25; 11; 47; 5
69,84,0.0723,0.82143,61; 69; 68; 82; 37; 29; 84; 43; 40; 22
25,67,0.10943,0.37313,44; 25; 71; 36; 20; 24; 67; 67; 41; 76
7,28,0.12541,0.25,59; 7; 60; 60; 85; 22; 28; 48; 22; 78
40,82,0.09408,0.4878,73; 40; 34; 45; 53; 36; 82; 10; 68; 10
24,68,0.11152,0.35294,68; 24; 80; 82; 75; 30; 68; 45; 16; 11
19,66,0.11512,0.28788,74; 19; 16; 70; 56; 30; 66; 22; 8; 80
40,82,0.09397,0.4878,82; 40; 68; 25; 56; 36; 82; 79; 9; 10
25,67,0.11417,0.37313,54; 25; 67; 44; 85; 27; 67; 21; 25; 72
16,50,0.13435,0.32,38; 16; 8; 30; 36; 15; 50; 39; 18; 47
42,53,0.12725,0.79245,25; 42; 83; 21; 80; 47; 53; 59; 31; 51
19,51,0.12978,0.37255,68; 19; 81; 36; 65; 80; 51; 78; 57; 39
14,55,0.12386,0.25455,69; 14; 57; 67; 5; 23; 55; 7; 9; 45
47,57,0.12304,0.82456,26; 47; 40; 44; 31; 24; 57; 17; 26; 84
10,42,0.14275,0.2381,36; 10; 7; 57; 13; 46; 42; 54; 31; 40
20,63,0.11714,0.31746,75; 20; 33; 46; 26; 74; 63; 78; 6; 64
38,83,0.09453,0.45783,83; 38; 83; 45; 74; 48; 83; 10; 85; 46
12,41,0.13372,0.29268,8; 12; 82; 49; 38; 27; 41; 59; 53; 10
28,35,0.14046,0.8,57; 28; 64; 20; 30; 49; 35; 57; 61; 75
71,85,0.07445,0.83529,20; 71; 53; 81; 14; 20; 85; 33; 57; 5
48,85,0.09043,0.56471,17; 48; 84; 11; 60; 56; 85; 8; 83; 76
16,43,0.13709,0.37209,47; 16; 46; 5; 56; 65; 43; 21; 5; 51
22,45,0.14132,0.48889,50; 22; 42; 46; 32; 58; 45; 63; 66; 22
16,54,0.12964,0.2963,50; 16; 23; 73; 49; 64; 54; 62; 69; 46
17,52,0.13022,0.32692,22; 17; 25; 80; 50; 10; 52; 19; 55; 47
11,30,0.13563,0.36667,63; 11; 58; 31; 14; 6; 30; 83; 10; 83
21,74,0.10611,0.28378,69; 21; 29; 54; 11; 71; 74; 49; 52; 43
28,35,0.12741,0.8,65; 28; 14; 27; 42; 19; 35; 51; 65; 7
29,59,0.12453,0.49153,78; 29; 25; 12; 66; 27; 59; 54; 16; 27
54,68,0.10461,0.79412,6; 54; 51; 14; 54; 25; 68; 77; 60; 12
31,54,0.13037,0.57407,52; 31; 66; 70; 20; 5; 54; 25; 47; 7
16,49,0.13445,0.32653,28; 16; 38; 65; 27; 61; 49; 12; 18; 6
7,28,0.13324,0.25,13; 7; 23; 40; 57; 17; 28; 11; 17; 45
48,56,0.12398,0.85714,30; 48; 13; 47; 35; 35; 56; 34; 24; 42
23,78,0.09761,0.29487,28; 23; 79; 55; 35; 60; 78; 84; 32; 19
19,66,0.11241,0.28788,53; 19; 8; 79; 68; 63; 66; 49; 47; 63
51,62,0.11977,0.82258,28; 51; 19; 33; 24; 34; 62; 32; 35; 33
37,46,0.14223,0.80435,52; 37; 66; 84; 30; 27; 46; 34; 52; 13
49,60,0.11766,0.81667,24; 49; 82; 76; 81; 59; 60; 42; 16; 53
61,73,0.09364,0.83562,49; 61; 25; 17; 59; 43; 73; 11; 30; 34
22,79,0.09164,0.27848,14; 22; 54; 19; 26; 73; 79; 16; 65; 83
70,81,0.0792,0.8642,76; 70; 66; 29; 74; 38; 81; 61; 17; 16
61,73,0.09101,0.83562,53; 61; 48; 56; 17; 9; 73; 65; 31; 18
27,33,0.13659,0.81818,16; 27; 73; 82; 62; 15; 33; 79; 10; 18
10,20,0.13558,0.5,38; 10; 48; 81; 6; 44; 20; 64; 12; 8
18,37,0.12684,0.48649,79; 18; 76; 7; 54; 14; 37; 12; 56; 52
16,58,0.11719,0.27586,10; 16; 24; 14; 31; 18; 58; 5; 6; 17
25,82,0.09148,0.30488,57; 25; 65; 83; 51; 62; 82; 41; 14; 9
70,81,0.07862,0.8642,35; 70; 38; 85; 62; 66; 81; 28; 72; 12
40,82,0.09466,0.4878,43; 40; 73; 39; 41; 31; 82; 15; 46; 33
18,56,0.11807,0.32143,78; 18; 66; 81; 40; 23; 56; 62; 50; 22
34,68,0.10981,0.5,39; 34; 61; 38; 37; 75; 68; 14; 25; 39
44,51,0.14322,0.86275,46; 44; 39; 17; 10; 10; 51; 69; 55; 76
35,71,0.1088,0.49296,26; 35; 41; 5; 45; 35; 71; 62; 21; 73
16,65,0.11477,0.24615,18; 16; 79; 12; 56; 45; 65; 79; 13; 73
5,9,0.11067,0.55556,58; 5; 83; 40; 25; 47; 9; 48; 36; 84
33,67,0.1143,0.49254,80; 33; 58; 83; 10; 18; 67; 75; 24; 77
31,38,0.13546,0.81579,56; 31; 36; 10; 17; 6; 38; 43; 24; 59
24,76,0.09761,0.31579,7; 24; 19; 11; 18; 26; 76; 48; 28; 65
45,79,0.10313,0.56962,21; 45; 49; 53; 30; 62; 79; 64; 23; 45
22,79,0.09654,0.27848,68; 22; 67; 40; 60; 58; 79; 73; 7; 31
18,55,0.12758,0.32727,13; 18; 38; 9; 27; 32; 55; 5; 6; 13
68,81,0.07889,0.83951,13; 68; 18; 50; 40; 67; 81; 45; 80; 13
27,82,0.09877,0.32927,70; 27; 49; 12; 36; 33; 82; 80; 13; 84
25,44,0.14102,0.56818,60; 25; 6; 59; 14; 65; 44; 10; 72; 65
38,77,0.10834,0.49351,62; 38; 65; 15; 65; 71; 77; 11; 40; 37
51,61,0.11089,0.83607,74; 51; 29; 30; 7; 11; 61; 17; 76; 69
16,50,0.1322,0.32,17; 16; 58; 44; 63; 65; 50; 22; 73; 13
18,65,0.11466,0.27692,61; 18; 51; 25; 50; 11; 65; 36; 84; 30
31,83,0.08846,0.37349,41; 31; 76; 66; 35; 6; 83; 83; 49; 69
16,48,0.12248,0.33333,84; 16; 68; 28; 61; 9; 48; 33; 54; 32
7,22,0.12548,0.31818,78; 7; 72; 53; 6; 5; 22; 69; 47; 17
5,9,0.11059,0.55556,45; 5; 68; 22; 63; 68; 9; 52; 33; 14
58,69,0.09419,0.84058,51; 58; 11; 82; 70; 38; 69; 47; 78; 56
50,58,0.11739,0.86207,28; 50; 85; 24; 10; 69; 58; 9; 49; 65
36,63,0.11621,0.57143,78; 36; 30; 83; 62; 9; 63; 70; 70; 60
59,74,0.09372,0.7973,36; 59; 61; 57; 34; 5; 74; 71; 73; 49
60,70,0.10323,0.85714,38; 60; 49; 70; 29; 45; 70; 7; 54; 12
58,69,0.0977,0.84058,65; 58; 62; 36; 83; 71; 69; 7; 61; 55
31,54,0.12391,0.57407,62; 31; 50; 26; 19; 17; 54; 24; 50; 22
11,34,0.13528,0.32353,38; 11; 46; 26; 16; 29; 34; 45; 61; 52
16,48,0.13434,0.33333,51; 16; 18; 40; 24; 64; 48; 76; 81; 10
19,75,0.1011,0.25333,32; 19; 16; 72; 59; 56; 75; 49; 68; 16
42,53,0.12652,0.79245,6; 42; 51; 59; 76; 25; 53; 69; 45; 6
5,18,0.10473,0.27778,58; 5; 29; 15; 61; 10; 18; 16; 36; 67
11,40,0.13038,0.275,49; 11; 37; 12; 50; 32; 40; 54; 30; 75
48,85,0.0859,0.56471,22; 48; 80; 58; 20; 23; 85; 41; 19; 65
49,61,0.1121,0.80328,12; 49; 16; 30; 60; 83; 61; 29; 55; 15
30,82,0.09149,0.36585,79; 30; 71; 14; 11; 28; 82; 15; 36; 61
32,65,0.11605,0.49231,80; 32; 76; 15; 79; 73; 65; 48; 18; 72
64,76,0.08508,0.84211,85; 64; 56; 14; 83; 61; 76; 58; 25; 38
44,55,0.13579,0.8,43; 44; 21; 45; 57; 49; 55; 73; 22; 83
20,66,0.11225,0.30303,45; 20; 74; 46; 43; 51; 66; 6; 35; 42
40,81,0.09775,0.49383,31; 40; 28; 18; 70; 11; 81; 70; 15; 56
37,74,0.11129,0.5,26; 37; 81; 61; 40; 55; 74; 41; 59; 15
20,67,0.10459,0.29851,36; 20; 5; 9; 35; 17; 67; 69; 15; 35
8,32,0.13748,0.25,53; 8; 35; 51; 83; 29; 32; 82; 85; 42
38,48,0.13365,0.79167,19; 38; 23; 70; 62; 44; 48; 10; 54; 36
38,76,0.09625,0.5,11; 38; 54; 83; 55; 66; 76; 14; 43; 50
27,55,0.12021,0.49091,30; 27; 22; 12; 57; 82; 55; 73; 55; 75
33,59,0.11832,0.55932,58; 33; 56; 65; 73; 50; 59; 74; 35; 74
41,52,0.13811,0.78846,80; 41; 74; 21; 16; 10; 52; 44; 15; 65
11,38,0.13511,0.28947,40; 11; 70; 43; 59; 38; 38; 75; 21; 75
19,79,0.10188,0.24051,34; 19; 18; 26; 27; 38; 79; 54; 78; 40
43,51,0.13526,0.84314,41; 43; 56; 78; 54; 18; 51; 8; 40; 27
34,61,0.11679,0.55738,68; 34; 84; 79; 22; 61; 61; 69; 22; 29
21,42,0.13197,0.5,50; 21; 17; 20; 55; 36; 42; 45; 17; 9
20,54,0.12023,0.37037,34; 20; 29; 31; 20; 21; 54; 23; 44; 17
18,76,0.09902,0.23684,5; 18; 20; 20; 58; 33; 76; 51; 53; 53
20,36,0.12599,0.55556,29; 20; 79; 19; 6; 21; 36; 73; 45; 39
13,28,0.14104,0.46429,22; 13; 41; 63; 76; 57; 28; 65; 42; 63
10,18,0.13024,0.55556,23; 10; 74; 37; 36; 66; 18; 24; 81; 8
17,60,0.12039,0.28333,23; 17; 13; 70; 84; 43; 60; 81; 64; 48
43,77,0.10259,0.55844,15; 43; 22; 74; 44; 68; 77; 73; 11; 43
20,41,0.13547,0.4878,69; 20; 11; 73; 74; 24; 41; 24; 57; 64
53,66,0.11365,0.80303,43; 53; 37; 76; 11; 76; 66; 6; 46; 57
40,49,0.13538,0.81633,17; 40; 19; 81; 78; 84; 49; 80; 12; 60
27,47,0.12768,0.57447,80; 27; 24; 50; 77; 28; 47; 42; 53; 66
67,84,0.07682,0.79762,13; 67; 60; 60; 9; 20; 84; 62; 78; 79
21,71,0.10838,0.29577,46; 21; 73; 10; 49; 45; 71; 53; 68; 7
17,46,0.14139,0.36957,68; 17; 41; 8; 8; 25; 46; 35; 48; 36
20,84,0.08787,0.2381,48; 20; 76; 30; 56; 29; 84; 63; 28; 76
6,19,0.11804,0.31579,28; 6; 46; 34; 36; 50; 19; 21; 70; 68
15,27,0.12813,0.55556,73; 15; 69; 41; 80; 35; 27; 50; 56; 36
9,11,0.1415,0.81818,16; 9; 57; 32; 10; 23; 11; 23; 6; 28
49,60,0.11991,0.81667,51; 49; 58; 21; 12; 29; 60; 74; 25; 60
6,24,0.10891,0.25,6; 6; 54; 25; 14; 64; 24; 71; 65; 14
24,65,0.11885,0.36923,10; 24; 29; 28; 30; 19; 65; 30; 83; 71
16,68,0.11149,0.23529,37; 16; 76; 53; 65; 50; 68; 64; 30; 38
69,82,0.07689,0.84146,74; 69; 42; 21; 31; 82; 82; 24; 21; 72
22,39,0.13008,0.5641,68; 22; 78; 47; 60; 62; 39; 71; 14; 82
42,75,0.10805,0.56,39; 42; 82; 48; 78; 70; 75; 13; 81; 68
43,76,0.11095,0.56579,40; 43; 47; 24; 14; 38; 76; 10; 8; 83
23,73,0.10146,0.31507,8; 23; 58; 23; 42; 10; 73; 45; 22; 58
38,83,0.09687,0.45783,75; 38; 50; 43; 65; 63; 83; 26; 78; 66
20,61,0.11154,0.32787,55; 20; 5; 77; 67; 9; 61; 11; 28; 54
24,48,0.13687,0.5,83; 24; 23; 9; 12; 41; 48; 67; 35; 15
31,63,0.11338,0.49206,21; 31; 24; 37; 42; 14; 63; 32; 56; 32
12,21,0.13533,0.57143,13; 12; 37; 8; 52; 71; 21; 52; 67; 20
13,53,0.13003,0.24528,56; 13; 63; 85; 40; 29; 53; 67; 32; 30
28,81,0.10528,0.34568,60; 28; 66; 83; 51; 42; 81; 10; 24; 15
15,54,0.1237,0.27778,10; 15; 22; 76; 16; 17; 54; 34; 35; 50
10,40,0.13998,0.25,34; 10; 77; 40; 81; 34; 40; 71; 15; 17
12,26,0.13575,0.46154,12; 12; 15; 51; 78; 81; 26; 20; 81; 17
14,28,0.13962,0.5,65; 14; 41; 58; 21; 52; 28; 79; 75; 79
14,49,0.13001,0.28571,79; 14; 81; 53; 42; 79; 49; 71; 27; 17
41,52,0.13405,0.78846,64; 41; 26; 45; 35; 49; 52; 65; 43; 84
6,12,0.12169,0.5,37; 6; 71; 45; 28; 18; 12; 7; 15; 24
55,64,0.10912,0.85938,64; 55; 80; 84; 29; 79; 64; 47; 32; 84
9,32,0.14215,0.28125,29; 9; 79; 44; 25; 33; 32; 68; 30; 44
18,64,0.10556,0.28125,32; 18; 66; 83; 16; 57; 64; 45; 43; 39
63,79,0.08731,0.79747,7; 63; 5; 53; 37; 40; 79; 33; 37; 63
22,28,0.13021,0.78571,5; 22; 52; 28; 31; 27; 28; 68; 48; 70
56,68,0.09962,0.82353,7; 56; 82; 67; 68; 70; 68; 5; 74; 21
56,71,0.10054,0.78873,41; 56; 58; 54; 18; 33; 71; 23; 74; 52
20,40,0.13821,0.5,84; 20; 42; 77; 29; 47; 40; 57; 43; 52
63,77,0.08682,0.81818,22; 63; 54; 84; 62; 26; 77; 63; 72; 45
5,18,0.10209,0.27778,58; 5; 74; 31; 18; 38; 18; 56; 63; 52
18,61,0.11457,0.29508,63; 18; 48; 69; 27; 85; 61; 44; 45; 37
8,24,0.1298,0.33333,68; 8; 49; 9; 64; 11; 24; 43; 40; 24
27,77,0.09709,0.35065,65; 27; 26; 31; 53; 12; 77; 49; 64; 26
28,61,0.12048,0.45902,9; 28; 36; 75; 17; 51; 61; 51; 9; 84
51,59,0.11704,0.86441,13; 51; 33; 72; 55; 63; 59; 80; 8; 54
28,56,0.12271,0.5,79; 28; 23; 42; 51; 57; 56; 60; 13; 38
18,75,0.09853,0.24,32; 18; 44; 16; 68; 15; 75; 14; 79; 74
40,81,0.09541,0.49383,66; 40; 18; 76; 35; 46; 81; 52; 27; 22
35,62,0.12472,0.56452,24; 35; 70; 29; 46; 40; 62; 61; 55; 44
36,78,0.1019,0.46154,41; 36; 20; 43; 32; 62; 78; 29; 82; 40
26,56,0.11934,0.46429,66; 26; 10; 75; 31; 55; 56; 23; 43; 12
15,47,0.13246,0.31915,43; 15; 65; 56; 43; 22; 47; 24; 39; 32
19,22,0.13357,0.86364,7; 19; 60; 84; 85; 84; 22; 40; 7; 72
9,38,0.14053,0.23684,41; 9; 52; 20; 9; 84; 38; 50; 12; 47
37,80,0.09404,0.4625,40; 37; 9; 10; 79; 74; 80; 52; 33; 52
25,50,0.1273,0.5,20; 25; 51; 30; 83; 63; 50; 71; 48; 53
7,28,0.12814,0.25,54; 7; 21; 64; 21; 30; 28; 52; 5; 80
40,80,0.10437,0.5,66; 40; 68; 83; 46; 25; 80; 80; 63; 71
36,42,0.13085,0.85714,51; 36; 10; 39; 44; 38; 42; 35; 79; 11
20,60,0.11707,0.33333,49; 20; 30; 53; 17; 58; 60; 81; 55; 73
10,31,0.13898,0.32258,55; 10; 55; 78; 36; 17; 31; 5; 51; 61
17,51,0.12774,0.33333,83; 17; 46; 79; 27; 41; 51; 63; 9; 45
33,66,0.11287,0.5,32; 33; 24; 60; 9; 63; 66; 75; 23; 37
22,28,0.13462,0.78571,56; 22; 67; 6; 29; 49; 28; 64; 33; 12
35,62,0.11636,0.56452,14; 35; 40; 32; 30; 32; 62; 40; 35; 21
24,81,0.09737,0.2963,33; 24; 70; 16; 21; 82; 81; 43; 23; 38
31,63,0.11877,0.49206,12; 31; 79; 14; 84; 41; 63; 49; 84; 8
30,38,0.14442,0.78947,7; 30; 66; 66; 63; 61; 38; 72; 11; 72
8,10,0.13716,0.8,27; 8; 49; 48; 26; 10; 10; 79; 68; 78
22,63,0.10878,0.34921,83; 22; 27; 80; 63; 81; 63; 45; 39; 64
12,21,0.13754,0.57143,78; 12; 84; 47; 59; 79; 21; 25; 19; 27
12,50,0.13894,0.24,85; 12; 14; 77; 76; 60; 50; 14; 55; 63
15,30,0.13362,0.5,9; 15; 36; 48; 73; 74; 30; 67; 22; 52
7,14,0.13098,0.5,31; 7; 71; 43; 59; 81; 14; 34; 74; 32
52,62,0.11379,0.83871,39; 52; 9; 62; 34; 16; 62; 84; 46; 56
22,44,0.14068,0.5,80; 22; 54; 12; 60; 85; 44; 24; 77; 65
18,62,0.11461,0.29032,18; 18; 76; 63; 35; 70; 62; 25; 32; 80
28,49,0.13417,0.57143,76; 28; 15; 11; 9; 83; 49; 74; 34; 69
51,59,0.11469,0.86441,42; 51; 11; 16; 22; 39; 59; 83; 6; 40
13,52,0.13545,0.25,45; 13; 85; 78; 59; 45; 52; 48; 33; 36
24,85,0.08848,0.28235,46; 24; 47; 30; 52; 11; 85; 75; 79; 35
34,70,0.11339,0.48571,50; 34; 78; 14; 79; 46; 70; 70; 15; 36
12,14,0.14107,0.85714,79; 12; 65; 80; 52; 46; 14; 67; 80; 14
20,80,0.09892,0.25,25; 20; 36; 81; 34; 56; 80; 72; 62; 23
20,40,0.13906,0.5,38; 20; 16; 72; 71; 17; 40; 39; 28; 82
16,43,0.13692,0.37209,13; 16; 53; 16; 66; 30; 43; 42; 22; 50
12,40,0.13816,0.3,18; 12; 24; 47; 51; 34; 40; 40; 59; 41
66,77,0.08729,0.85714,36; 66; 55; 42; 66; 62; 77; 26; 36; 51
18,57,0.11655,0.31579,25; 18; 7; 37; 26; 15; 57; 7; 26; 23
22,44,0.13633,0.5,41; 22; 81; 52; 38; 67; 44; 44; 32; 19
25,77,0.10696,0.32468,28; 25; 20; 7; 45; 33; 77; 80; 25; 49
60,73,0.09437,0.82192,17; 60; 19; 14; 29; 29; 73; 39; 51; 28
32,57,0.12292,0.5614,59; 32; 51; 72; 52; 77; 57; 22; 59; 36
23,62,0.11616,0.37097,64; 23; 51; 38; 17; 48; 62; 12; 74; 72
66,79,0.08016,0.83544,61; 66; 71; 75; 58; 45; 79; 64; 47; 16
30,65,0.11713,0.46154,61; 30; 58; 49; 61; 54; 65; 22; 41; 7
11,38,0.13196,0.28947,26; 11; 20; 34; 80; 11; 38; 53; 40; 83
62,78,0.08689,0.79487,52; 62; 83; 43; 5; 79; 78; 78; 32; 55
25,45,0.14055,0.55556,46; 25; 12; 77; 62; 79; 45; 78; 70; 63
43,54,0.13447,0.7963,51; 43; 7; 38; 67; 63; 54; 12; 14; 45
65,79,0.08262,0.82278,53; 65; 21; 81; 9; 24; 79; 62; 65; 32
19,75,0.09948,0.25333,56; 19; 34; 21; 76; 36; 75; 17; 40; 23
12,49,0.12694,0.2449,23; 12; 56; 41; 67; 7; 49; 20; 46; 68
31,55,0.12683,0.56364,21; 31; 76; 61; 15; 13; 55; 64; 42; 12
24,76,0.10757,0.31579,51; 24; 32; 9; 16; 24; 76; 27; 32; 44
28,50,0.13213,0.56,20; 28; 41; 17; 54; 59; 50; 28; 74; 50
44,77,0.10031,0.57143,70; 44; 50; 50; 75; 39; 77; 75; 65; 27
67,78,0.07669,0.85897,35; 67; 9; 38; 70; 44; 78; 35; 65; 22
19,67,0.10593,0.28358,79; 19; 6; 76; 73; 33; 67; 20; 73; 60
11,45,0.14405,0.24444,53; 11; 67; 66; 63; 30; 45; 23; 71; 11
14,55,0.13278,0.25455,18; 14; 29; 31; 56; 45; 55; 18; 60; 48
6,17,0.10658,0.35294,37; 6; 36; 69; 34; 42; 17; 15; 64; 20
6,20,0.11876,0.3,70; 6; 75; 82; 53; 56; 20; 11; 28; 8
35,70,0.11092,0.5,32; 35; 71; 21; 33; 16; 70; 36; 67; 66
14,28,0.13497,0.5,64; 14; 64; 37; 70; 60; 28; 73; 25; 26
20,41,0.1358,0.4878,69; 20; 45; 18; 82; 22; 41; 5; 77; 73
15,53,0.12726,0.28302,26; 15; 77; 53; 35; 34; 53; 83; 72; 5
18,22,0.1205,0.81818,56; 18; 40; 8; 25; 45; 22; 32; 79; 37
23,65,0.1192,0.35385,65; 23; 30; 41; 71; 58; 65; 25; 43; 7
26,71,0.10673,0.3662,37; 26; 41; 82; 6; 49; 71; 66; 63; 20
21,57,0.12084,0.36842,82; 21; 66; 33; 64; 63; 57; 58; 81; 46
17,30,0.1391,0.56667,14; 17; 19; 77; 46; 80; 30; 9; 49; 47
22,78,0.09634,0.28205,55; 22; 72; 17; 27; 32; 78; 14; 59; 30
21,25,0.13381,0.84,67; 21; 42; 28; 39; 77; 25; 75; 48; 58
15,63,0.11394,0.2381,46; 15; 59; 57; 53; 67; 63; 79; 24; 35
29,52,0.12926,0.55769,57; 29; 30; 40; 85; 44; 52; 26; 45; 22
7,14,0.12509,0.5,45; 7; 9; 58; 43; 19; 14; 37; 21; 41
21,76,0.09874,0.27632,40; 21; 72; 63; 34; 58; 76; 52; 69; 72
28,49,0.14164,0.57143,35; 28; 46; 68; 65; 15; 49; 42; 19; 81
34,60,0.12431,0.56667,79; 34; 46; 54; 25; 41; 60; 77; 79; 64
16,63,0.11335,0.25397,41; 16; 82; 27; 60; 36; 63; 7; 45; 58
54,64,0.10838,0.84375,13; 54; 31; 37; 37; 12; 64; 82; 16; 26
12,43,0.13727,0.27907,34; 12; 12; 16; 43; 13; 43; 75; 59; 53
10,18,0.13232,0.55556,32; 10; 58; 15; 32; 75; 18; 47; 62; 79
6,13,0.10693,0.46154,60; 6; 81; 46; 10; 39; 13; 20; 19; 8
44,79,0.10596,0.55696,41; 44; 63; 53; 59; 75; 79; 66; 20; 41
43,51,0.12782,0.84314,24; 43; 27; 15; 22; 24; 51; 71; 21; 25
28,34,0.1367,0.82353,6; 28; 75; 21; 68; 77; 34; 73; 37; 32
19,34,0.13233,0.55882,26; 19; 8; 51; 27; 39; 34; 33; 61; 69
67,85,0.07861,0.78824,75; 67; 76; 56; 9; 22; 85; 73; 84; 21
19,34,0.12393,0.55882,8; 19; 44; 12; 74; 11; 34; 11; 19; 48
7,24,0.12824,0.29167,81; 7; 8; 42; 74; 42; 24; 47; 56; 13
14,38,0.13462,0.36842,76; 14; 78; 78; 47; 26; 38; 12; 83; 8
61,71,0.09631,0.85915,11; 61; 24; 43; 18; 25; 71; 62; 25; 58
42,75,0.10318,0.56,35; 42; 5; 65; 85; 83; 75; 40; 57; 37
31,36,0.13134,0.86111,10; 31; 43; 67; 19; 30; 36; 69; 30; 30
71,85,0.07495,0.83529,44; 71; 33; 81; 44; 77; 85; 68; 22; 25
23,29,0.13225,0.7931,69; 23; 75; 82; 27; 62; 29; 32; 40; 39
27,84,0.09284,0.32143,71; 27; 45; 59; 9; 26; 84; 70; 19; 28
46,56,0.12904,0.82143,56; 46; 42; 35; 48; 45; 56; 36; 57; 75
23,47,0.1334,0.48936,82; 23; 12; 6; 67; 20; 47; 29; 11; 37
19,78,0.10414,0.24359,53; 19; 49; 22; 15; 23; 78; 64; 79; 15
20,41,0.13284,0.4878,67; 20; 61; 73; 63; 70; 41; 7; 22; 52
59,75,0.09162,0.78667,49; 59; 15; 52; 79; 16; 75; 56; 59; 74
32,56,0.12415,0.57143,14; 32; 63; 82; 61; 24; 56; 83; 53; 16
48,57,0.11875,0.84211,71; 48; 50; 7; 73; 33; 57; 40; 8; 15
12,26,0.13771,0.46154,36; 12; 13; 21; 85; 62; 26; 30; 83; 16
26,33,0.12834,0.78788,39; 26; 18; 79; 35; 51; 33; 79; 19; 18
14,43,0.13616,0.32558,20; 14; 74; 21; 72; 79; 43; 55; 39; 71
25,67,0.12113,0.37313,21; 25; 14; 57; 10; 9; 67; 84; 21; 75
27,85,0.09783,0.31765,56; 27; 41; 17; 34; 67; 85; 30; 7; 78
6,12,0.12144,0.5,33; 6; 73; 24; 12; 84; 12; 61; 11; 65
21,25,0.12853,0.84,68; 21; 85; 79; 8; 72; 25; 35; 9; 31
19,51,0.12777,0.37255,5; 19; 57; 67; 59; 59; 51; 18; 13; 67
38,44,0.13308,0.86364,15; 38; 28; 24; 23; 29; 44; 29; 39; 30
66,83,0.07651,0.79518,57; 66; 43; 62; 47; 11; 83; 64; 71; 23
43,75,0.09416,0.57333,59; 43; 44; 49; 65; 63; 75; 28; 85; 77
42,53,0.14148,0.79245,36; 42; 22; 71; 67; 73; 53; 60; 63; 72
10,41,0.14765,0.2439,77; 10; 6; 65; 63; 61; 41; 44; 66; 44
33,66,0.11409,0.5,51; 33; 80; 18; 63; 17; 66; 74; 44; 64
32,56,0.12707,0.57143,37; 32; 7; 47; 76; 71; 56; 79; 55; 67
6,24,0.12053,0.25,83; 6; 68; 62; 16; 67; 24; 32; 55; 67
43,75,0.10675,0.57333,48; 43; 63; 39; 27; 83; 75; 17; 38; 69
35,70,0.10583,0.5,70; 35; 41; 73; 49; 67; 70; 71; 76; 57
11,14,0.13537,0.78571,20; 11; 68; 61; 19; 24; 14; 75; 9; 57
25,77,0.09904,0.32468,38; 25; 28; 52; 21; 31; 77; 25; 76; 35
65,77,0.09187,0.84416,17; 65; 45; 22; 33; 56; 77; 33; 41; 24
7,29,0.12082,0.24138,32; 7; 33; 60; 8; 85; 29; 39; 24; 56
9,31,0.14451,0.29032,75; 9; 35; 44; 68; 65; 31; 81; 8; 14
49,57,0.1185,0.85965,26; 49; 8; 14; 52; 65; 57; 39; 42; 55
10,34,0.14386,0.29412,75; 10; 65; 60; 66; 48; 34; 28; 38; 71
25,85,0.09516,0.29412,5; 25; 65; 41; 69; 85; 85; 18; 50; 26
60,70,0.09805,0.85714,72; 60; 53; 81; 51; 34; 70; 14; 36; 44
42,49,0.13184,0.85714,33; 42; 57; 56; 70; 26; 49; 66; 61; 31
27,78,0.10017,0.34615,75; 27; 53; 41; 43; 69; 78; 69; 70; 63
29,78,0.09725,0.37179,63; 29; 48; 10; 41; 80; 78; 19; 19; 50
9,38,0.14552,0.23684,54; 9; 65; 40; 12; 39; 38; 9; 58; 16
25,75,0.10634,0.33333,17; 25; 85; 76; 26; 30; 75; 55; 78; 38
23,70,0.11005,0.32857,57; 23; 31; 17; 39; 38; 70; 46; 78; 39
16,67,0.1112,0.23881,59; 16; 24; 37; 24; 49; 67; 63; 19; 44
22,74,0.1057,0.2973,22; 22; 14; 72; 30; 10; 74; 48; 30; 22
11,45,0.14019,0.24444,12; 11; 46; 50; 85; 37; 45; 79; 59; 47
25,78,0.09013,0.32051,63; 25; 74; 30; 35; 13; 78; 51; 17; 80
33,72,0.10238,0.45833,85; 33; 64; 27; 15; 35; 72; 76; 50; 52
47,82,0.09638,0.57317,25; 47; 51; 67; 72; 33; 82; 66; 58; 50
48,61,0.11735,0.78689,66; 48; 37; 46; 23; 28; 61; 31; 62; 11
8,32,0.13366,0.25,47; 8; 57; 66; 24; 12; 32; 76; 16; 52
36,79,0.10296,0.4557,67; 36; 56; 82; 41; 33; 79; 19; 68; 11
13,23,0.13165,0.56522,64; 13; 48; 44; 20; 28; 23; 9; 26; 54
12,38,0.13434,0.31579,20; 12; 51; 75; 34; 7; 38; 21; 73; 17
35,44,0.13998,0.79545,20; 35; 27; 56; 14; 77; 44; 38; 20; 47
42,84,0.08721,0.5,73; 42; 19; 84; 6; 25; 84; 42; 40; 26
30,81,0.10721,0.37037,54; 30; 8; 71; 77; 81; 81; 9; 68; 48
41,72,0.11412,0.56944,38; 41; 65; 59; 53; 23; 72; 13; 74; 80
26,75,0.09407,0.34667,73; 26; 82; 54; 6; 60; 75; 30; 22; 71
33,67,0.11031,0.49254,46; 33; 29; 27; 24; 18; 67; 46; 34; 58
39,69,0.1221,0.56522,26; 39; 39; 8; 82; 71; 69; 50; 42; 18
6,21,0.11232,0.28571,11; 6; 78; 78; 50; 17; 21; 48; 65; 80
25,85,0.09941,0.29412,50; 25; 60; 85; 7; 15; 85; 79; 63; 26
24,69,0.11014,0.34783,43; 24; 60; 21; 33; 33; 69; 65; 84; 80
37,74,0.11058,0.5,16; 37; 31; 82; 9; 80; 74; 10; 76; 62
21,71,0.10558,0.29577,10; 21; 65; 67; 20; 55; 71; 71; 31; 23
38,77,0.09901,0.49351,40; 38; 27; 5; 32; 82; 77; 74; 24; 81
28,84,0.093,0.33333,49; 28; 11; 78; 40; 65; 84; 65; 35; 50
20,70,0.11081,0.28571,40; 20; 59; 30; 80; 67; 70; 61; 6; 64
50,61,0.11681,0.81967,74; 50; 44; 22; 24; 12; 61; 25; 5; 15
15,52,0.12672,0.28846,67; 15; 32; 75; 17; 42; 52; 22; 8; 25
41,49,0.13642,0.83673,69; 41; 27; 51; 45; 85; 49; 6; 73; 51
46,58,0.12617,0.7931,76; 46; 18; 57; 19; 19; 58; 81; 19; 62
13,43,0.14121,0.30233,77; 13; 77; 79; 83; 46; 43; 58; 28; 56
19,52,0.13098,0.36538,77; 19; 20; 22; 54; 46; 52; 67; 70; 31
8,23,0.13304,0.34783,68; 8; 39; 47; 20; 66; 23; 19; 75; 18
21,83,0.10011,0.25301,83; 21; 61; 56; 39; 5; 83; 57; 65; 78
16,68,0.10626,0.23529,32; 16; 70; 42; 5; 51; 68; 48; 30; 18
39,49,0.13487,0.79592,31; 39; 58; 73; 73; 38; 49; 6; 85; 35
34,61,0.11823,0.55738,62; 34; 19; 71; 68; 18; 61; 10; 43; 67
22,66,0.11398,0.33333,29; 22; 65; 75; 22; 66; 66; 83; 40; 66
59,72,0.09161,0.81944,23; 59; 19; 75; 76; 24; 72; 60; 67; 85
44,51,0.13241,0.86275,52; 44; 70; 78; 24; 9; 51; 20; 7; 74
25,68,0.11214,0.36765,17; 25; 17; 45; 35; 59; 68; 45; 57; 10
22,67,0.10567,0.32836,51; 22; 55; 42; 37; 25; 67; 12; 36; 77
28,50,0.12826,0.56,70; 28; 6; 41; 18; 71; 50; 75; 19; 5
42,85,0.09277,0.49412,62; 42; 11; 14; 20; 29; 85; 70; 39; 76
9,31,0.14227,0.29032,11; 9; 24; 51; 17; 70; 31; 68; 66; 55
36,79,0.08844,0.4557,49; 36; 24; 47; 85; 33; 79; 36; 7; 51
17,71,0.10623,0.23944,19; 17; 46; 30; 70; 78; 71; 21; 16; 38
37,76,0.10309,0.48684,56; 37; 18; 31; 83; 80; 76; 60; 60; 63
43,54,0.13269,0.7963,31; 43; 76; 43; 63; 85; 54; 6; 19; 39
25,77,0.10247,0.32468,50; 25; 28; 27; 35; 5; 77; 20; 34; 71
68,85,0.07815,0.8,13; 68; 26; 38; 48; 41; 85; 14; 40; 45
31,83,0.09015,0.37349,85; 31; 38; 9; 19; 24; 83; 48; 53; 38
44,77,0.09976,0.57143,13; 44; 13; 29; 7; 18; 77; 48; 44; 66
33,68,0.11003,0.48529,67; 33; 44; 31; 82; 58; 68; 44; 83; 17
13,40,0.13592,0.325,64; 13; 40; 60; 17; 49; 40; 61; 15; 6
18,72,0.11197,0.25,46; 18; 36; 62; 64; 8; 72; 15; 73; 26
21,75,0.10502,0.28,56; 21; 79; 82; 44; 9; 75; 29; 82; 74
18,60,0.11518,0.3,18; 18; 5; 63; 79; 16; 60; 77; 28; 30
46,81,0.09685,0.5679,52; 46; 49; 71; 65; 62; 81; 19; 26; 72
30,61,0.11551,0.4918,35; 30; 69; 45; 80; 75; 61; 67; 9; 35
57,68,0.09779,0.83824,58; 57; 69; 44; 75; 84; 68; 6; 48; 5
22,63,0.11253,0.34921,50; 22; 40; 27; 48; 34; 63; 14; 63; 19
11,46,0.13336,0.23913,20; 11; 58; 48; 19; 10; 46; 29; 21; 5
31,67,0.10565,0.46269,68; 31; 69; 47; 27; 48; 67; 40; 74; 78
66,84,0.07783,0.78571,5; 66; 66; 70; 53; 26; 84; 64; 12; 35
48,56,0.11977,0.85714,24; 48; 42; 38; 80; 49; 56; 36; 10; 5
67,78,0.07929,0.85897,24; 67; 7; 9; 27; 81; 78; 74; 60; 16
39,80,0.09415,0.4875,77; 39; 60; 70; 80; 81; 80; 63; 25; 27
10,31,0.13615,0.32258,67; 10; 55; 29; 65; 47; 31; 18; 79; 67
14,56,0.12526,0.25,44; 14; 67; 57; 28; 79; 56; 9; 71; 39
42,49,0.13212,0.85714,50; 42; 5; 62; 40; 18; 49; 79; 54; 66
7,19,0.12505,0.36842,63; 7; 13; 23; 19; 8; 19; 13; 51; 71
19,57,0.1226,0.33333,11; 19; 13; 30; 70; 18; 57; 80; 24; 42
69,82,0.08152,0.84146,32; 69; 28; 32; 32; 28; 82; 18; 9; 32
22,45,0.13976,0.48889,76; 22; 30; 44; 15; 39; 45; 34; 51; 20
17,56,0.12479,0.30357,36; 17; 71; 9; 54; 71; 56; 8; 65; 11
27,81,0.09024,0.33333,40; 27; 58; 21; 65; 22; 81; 40; 42; 38
17,56,0.12466,0.30357,77; 17; 72; 33; 46; 84; 56; 36; 57; 34
38,48,0.13019,0.79167,24; 38; 59; 28; 50; 41; 48; 84; 15; 32
31,67,0.11289,0.46269,52; 31; 41; 73; 15; 74; 67; 57; 16; 85
42,51,0.13188,0.82353,12; 42; 46; 76; 6; 22; 51; 78; 56; 44
18,61,0.11668,0.29508,47; 18; 45; 81; 43; 29; 61; 58; 17; 44
48,61,0.11403,0.78689,32; 48; 29; 54; 7; 65; 61; 65; 79; 64
36,63,0.11983,0.57143,45; 36; 80; 20; 30; 55; 63; 27; 85; 70
27,77,0.09746,0.35065,84; 27; 51; 62; 85; 48; 77; 25; 60; 56
12,43,0.14152,0.27907,48; 12; 29; 41; 13; 78; 43; 15; 21; 40
11,40,0.14708,0.275,6; 11; 65; 44; 75; 23; 40; 14; 71; 8
40,80,0.10317,0.5,77; 40; 78; 77; 47; 11; 80; 28; 76; 67
17,49,0.13836,0.34694,47; 17; 81; 48; 54; 72; 49; 20; 19; 42
5,17,0.09418,0.29412,74; 5; 75; 51; 21; 37; 17; 18; 83; 79
37,76,0.09472,0.48684,27; 37; 68; 60; 32; 50; 76; 23; 66; 28
18,76,0.09632,0.23684,26; 18; 43; 66; 62; 9; 76; 55; 43; 45
22,78,0.10144,0.28205,51; 22; 23; 73; 11; 21; 78; 7; 58; 58
25,54,0.13143,0.46296,13; 25; 65; 54; 65; 41; 54; 70; 26; 79
26,31,0.14141,0.83871,34; 26; 38; 79; 51; 37; 31; 38; 53; 54
23,82,0.09664,0.28049,74; 23; 61; 83; 71; 49; 82; 78; 36; 55
14,43,0.13766,0.32558,66; 14; 46; 85; 22; 9; 43; 62; 84; 68
19,68,0.10844,0.27941,50; 19; 69; 63; 77; 43; 68; 84; 49; 78
23,77,0.09895,0.2987,14; 23; 6; 25; 9; 9; 77; 70; 78; 69
9,11,0.14434,0.81818,60; 9; 62; 41; 58; 69; 11; 17; 45; 19
17,59,0.12639,0.28814,45; 17; 39; 31; 56; 65; 59; 13; 84; 84
18,73,0.10537,0.24658,50; 18; 15; 29; 62; 26; 73; 70; 23; 36
37,46,0.12158,0.80435,63; 37; 27; 34; 50; 21; 46; 60; 37; 25
23,79,0.09938,0.29114,40; 23; 26; 28; 84; 17; 79; 79; 53; 35
36,78,0.09692,0.46154,42; 36; 26; 75; 62; 53; 78; 76; 30; 80
28,80,0.10543,0.35,6; 28; 38; 52; 16; 73; 80; 32; 39; 9
16,48,0.13197,0.33333,75; 16; 24; 37; 38; 31; 48; 27; 26; 58
70,83,0.07681,0.84337,60; 70; 68; 43; 19; 19; 83; 35; 51; 72
64,80,0.08003,0.8,76; 64; 32; 61; 23; 59; 80; 71; 74; 76
18,55,0.12457,0.32727,64; 18; 52; 33; 60; 23; 55; 30; 19; 25
20,71,0.10279,0.28169,38; 20; 21; 57; 18; 46; 71; 26; 29; 63
12,51,0.12888,0.23529,47; 12; 23; 76; 83; 47; 51; 37; 29; 6
39,69,0.10362,0.56522,31; 39; 45; 35; 41; 66; 69; 22; 12; 14
19,68,0.11409,0.27941,82; 19; 51; 66; 47; 64; 68; 6; 42; 66
22,66,0.10932,0.33333,16; 22; 22; 8; 46; 62; 66; 38; 65; 29
12,51,0.12977,0.23529,56; 12; 85; 38; 6; 15; 51; 20; 61; 19
19,65,0.10878,0.29231,38; 19; 35; 61; 39; 60; 65; 10; 11; 38
63,79,0.0838,0.79747,22; 63; 17; 63; 17; 65; 79; 28; 17; 30
45,57,0.12253,0.78947,16; 45; 55; 39; 5; 19; 57; 41; 47; 63
39,79,0.10117,0.49367,28; 39; 57; 5; 5; 77; 79; 10; 21; 74
50,61,0.11184,0.81967,42; 50; 55; 10; 11; 40; 61; 32; 63; 84
25,77,0.09732,0.32468,23; 25; 69; 57; 30; 74; 77; 72; 79; 61
20,83,0.09122,0.24096,48; 20; 14; 70; 42; 77; 83; 80; 64; 67
5,15,0.10297,0.33333,81; 5; 83; 48; 51; 26; 15; 85; 69; 81
37,47,0.14407,0.78723,14; 37; 12; 35; 73; 78; 47; 54; 18; 5
36,73,0.10655,0.49315,79; 36; 53; 14; 42; 32; 73; 7; 63; 64
22,79,0.09531,0.27848,46; 22; 8; 40; 34; 17; 79; 67; 59; 79
6,20,0.11379,0.3,68; 6; 69; 84; 11; 66; 20; 11; 47; 24
13,53,0.12757,0.24528,84; 13; 44; 29; 36; 59; 53; 70; 49; 30
17,61,0.11698,0.27869,32; 17; 39; 5; 66; 81; 61; 61; 15; 79
23,65,0.10877,0.35385,29; 23; 70; 28; 67; 15; 65; 24; 71; 62
40,70,0.11628,0.57143,11; 40; 84; 67; 25; 7; 70; 67; 53; 49
21,25,0.13126,0.84,31; 21; 13; 23; 81; 81; 25; 72; 38; 73
20,35,0.13402,0.57143,69; 20; 79; 64; 17; 16; 35; 83; 25; 82
58,69,0.09583,0.84058,30; 58; 25; 51; 10; 18; 69; 36; 44; 36
41,83,0.10296,0.49398,20; 41; 67; 75; 13; 70; 83; 25; 24; 30
61,77,0.08653,0.79221,20; 61; 84; 62; 83; 55; 77; 51; 85; 15
67,84,0.07442,0.79762,18; 67; 36; 8; 31; 36; 84; 28; 56; 52
14,40,0.14517,0.35,42; 14; 84; 34; 28; 67; 40; 59; 32; 10
55,70,0.09737,0.78571,46; 55; 32; 17; 57; 60; 70; 74; 32; 46
21,46,0.13373,0.45652,53; 21; 13; 46; 34; 24; 46; 27; 34; 69
54,63,0.1166,0.85714,32; 54; 50; 67; 73; 63; 63; 47; 76; 25
25,44,0.1403,0.56818,30; 25; 66; 66; 56; 9; 44; 75; 60; 62
18,57,0.12115,0.31579,27; 18; 56; 33; 10; 40; 57; 23; 33; 20
28,61,0.12181,0.45902,41; 28; 62; 77; 56; 62; 61; 33; 7; 18
22,80,0.0918,0.275,85; 22; 20; 50; 68; 78; 80; 10; 44; 33
28,80,0.09699,0.35,83; 28; 48; 33; 34; 58; 80; 34; 60; 63
23,41,0.13152,0.56098,8; 23; 85; 52; 66; 61; 41; 41; 32; 29
19,55,0.12149,0.34545,46; 19; 45; 81; 13; 83; 55; 12; 78; 10
18,71,0.09986,0.25352,57; 18; 22; 37; 36; 54; 71; 42; 9; 30
17,72,0.09874,0.23611,37; 17; 13; 51; 53; 45; 72; 53; 84; 80
16,50,0.12627,0.32,55; 16; 59; 76; 50; 70; 50; 54; 41; 38
30,61,0.11508,0.4918,30; 30; 48; 71; 30; 65; 61; 46; 70; 59
66,83,0.07691,0.79518,73; 66; 9; 49; 60; 54; 83; 51; 49; 18
39,70,0.11458,0.55714,63; 39; 34; 12; 6; 15; 70; 34; 82; 56
18,36,0.13822,0.5,48; 18; 49; 28; 59; 77; 36; 55; 47; 47
17,61,0.1193,0.27869,82; 17; 9; 7; 5; 25; 61; 83; 39; 19
36,79,0.09874,0.4557,44; 36; 12; 18; 50; 20; 79; 47; 43; 83
37,80,0.099,0.4625,25; 37; 36; 54; 69; 35; 80; 76; 22; 25
41,82,0.09663,0.5,5; 41; 81; 58; 46; 9; 82; 79; 66; 70
17,58,0.12293,0.2931,12; 17; 61; 58; 40; 66; 58; 43; 43; 74
19,65,0.11383,0.29231,48; 19; 50; 21; 78; 28; 65; 70; 25; 79
29,78,0.10594,0.37179,73; 29; 16; 9; 55; 54; 78; 32; 58; 10
37,43,0.13054,0.86047,44; 37; 25; 75; 70; 57; 43; 57; 54; 61
16,64,0.1148,0.25,7; 16; 30; 71; 67; 5; 64; 56; 40; 16
8,28,0.12998,0.28571,23; 8; 23; 45; 6; 19; 28; 47; 38; 25
12,48,0.13915,0.25,29; 12; 50; 48; 82; 5; 48; 61; 76; 5
17,71,0.11135,0.23944,69; 17; 60; 16; 14; 18; 71; 50; 11; 21
16,19,0.13103,0.84211,19; 16; 83; 9; 41; 15; 19; 34; 54; 47
27,84,0.09415,0.32143,12; 27; 27; 8; 29; 8; 84; 10; 22; 84
58,71,0.09679,0.8169,60; 58; 62; 31; 12; 75; 71; 10; 83; 74
14,49,0.12926,0.28571,25; 14; 67; 45; 49; 79; 49; 9; 18; 68
61,73,0.09607,0.83562,22; 61; 75; 64; 21; 50; 73; 27; 22; 35
22,76,0.10199,0.28947,57; 22; 14; 13; 56; 48; 76; 17; 61; 16
30,81,0.09537,0.37037,69; 30; 38; 83; 72; 30; 81; 36; 40; 43
6,12,0.11967,0.5,68; 6; 30; 7; 74; 40; 12; 74; 63; 17
44,79,0.10401,0.55696,25; 44; 31; 46; 47; 5; 79; 22; 43; 26
68,83,0.07647,0.81928,74; 68; 16; 74; 41; 74; 83; 71; 59; 72
34,61,0.12592,0.55738,84; 34; 73; 69; 19; 74; 61; 46; 73; 82
9,28,0.14295,0.32143,44; 9; 50; 26; 18; 71; 28; 78; 56; 55
17,67,0.10808,0.25373,72; 17; 5; 30; 85; 83; 67; 37; 67; 48
9,18,0.13861,0.5,34; 9; 22; 35; 55; 84; 18; 42; 31; 48
21,43,0.13355,0.48837,44; 21; 81; 72; 71; 9; 43; 12; 84; 26
14,55,0.12628,0.25455,39; 14; 45; 65; 53; 16; 55; 81; 28; 5
55,67,0.10617,0.8209,57; 55; 77; 26; 30; 16; 67; 46; 50; 78
14,38,0.13491,0.36842,42; 14; 35; 60; 66; 39; 38; 48; 83; 65
10,41,0.1322,0.2439,40; 10; 31; 71; 78; 49; 41; 34; 36; 75
21,70,0.10888,0.3,68; 21; 18; 47; 44; 54; 70; 79; 47; 55
50,58,0.12044,0.86207,50; 50; 61; 36; 49; 67; 58; 8; 23; 12
57,72,0.09909,0.79167,82; 57; 21; 63; 59; 5; 72; 8; 9; 49
46,81,0.09288,0.5679,83; 46; 50; 78; 16; 41; 81; 44; 49; 44
73,85,0.07529,0.85882,7; 73; 21; 72; 77; 59; 85; 65; 23; 48
22,44,0.14402,0.5,50; 22; 44; 10; 63; 64; 44; 18; 45; 66
42,74,0.11019,0.56757,45; 42; 15; 23; 62; 51; 74; 16; 52; 7
45,81,0.09647,0.55556,46; 45; 48; 70; 16; 9; 81; 12; 37; 81
12,37,0.143,0.32432,45; 12; 41; 62; 6; 26; 37; 27; 72; 19
38,82,0.10513,0.46341,81; 38; 67; 67; 85; 76; 82; 77; 29; 59
20,69,0.10787,0.28986,9; 20; 13; 76; 31; 14; 69; 54; 38; 31
14,55,0.1201,0.25455,62; 14; 8; 78; 28; 77; 55; 40; 39; 57
21,42,0.13883,0.5,39; 21; 71; 67; 60; 57; 42; 24; 36; 84
30,53,0.13019,0.56604,39; 30; 79; 80; 52; 5; 53; 35; 79; 35
16,57,0.12482,0.2807,41; 16; 83; 36; 49; 47; 57; 13; 45; 28
14,46,0.13278,0.30435,64; 14; 26; 44; 37; 48; 46; 7; 51; 17
22,69,0.10671,0.31884,75; 22; 34; 14; 74; 13; 69; 80; 44; 68
51,64,0.11287,0.79688,73; 51; 19; 67; 33; 21; 64; 20; 24; 26
20,25,0.1273,0.8,82; 20; 77; 24; 55; 60; 25; 59; 81; 80
45,55,0.1286,0.81818,80; 45; 58; 71; 13; 21; 55; 25; 73; 36
22,44,0.12908,0.5,46; 22; 22; 11; 31; 6; 44; 46; 10; 84
24,28,0.13709,0.85714,37; 24; 31; 70; 37; 67; 28; 40; 64; 24
28,80,0.0915,0.35,30; 28; 77; 70; 70; 80; 80; 46; 70; 73
17,34,0.12538,0.5,36; 17; 28; 46; 20; 33; 34; 17; 43; 63
25,68,0.10496,0.36765,46; 25; 63; 57; 61; 73; 68; 53; 10; 24
7,24,0.1245,0.29167,57; 7; 24; 31; 7; 74; 24; 70; 10; 29
18,65,0.10764,0.27692,36; 18; 23; 45; 71; 72; 65; 8; 40; 56
35,72,0.10881,0.48611,52; 35; 17; 64; 19; 66; 72; 55; 70; 73
64,80,0.08576,0.8,24; 64; 85; 10; 8; 73; 80; 40; 70; 78
33,71,0.10563,0.46479,35; 33; 35; 81; 12; 10; 71; 48; 35; 39
20,83,0.09399,0.24096,25; 20; 24; 59; 13; 32; 83; 59; 69; 20
19,76,0.09555,0.25,64; 19; 14; 17; 51; 73; 76; 8; 18; 14
30,38,0.12948,0.78947,14; 30; 13; 17; 78; 15; 38; 58; 10; 44
17,37,0.14098,0.45946,41; 17; 84; 25; 39; 6; 37; 44; 77; 36
38,67,0.11636,0.56716,37; 38; 74; 10; 7; 45; 67; 19; 81; 55
21,42,0.13043,0.5,64; 21; 17; 69; 75; 81; 42; 85; 5; 13
43,51,0.14651,0.84314,62; 43; 78; 32; 14; 67; 51; 15; 25; 73
23,29,0.13002,0.7931,35; 23; 13; 75; 80; 80; 29; 35; 45; 18
15,46,0.13467,0.32609,29; 15; 7; 74; 53; 58; 46; 43; 29; 32
14,46,0.13267,0.30435,26; 14; 45; 73; 45; 21; 46; 36; 39; 70
25,51,0.13197,0.4902,7; 25; 54; 56; 23; 26; 51; 62; 77; 8
30,82,0.09346,0.36585,13; 30; 25; 34; 76; 58; 82; 19; 34; 57
13,55,0.1279,0.23636,57; 13; 46; 55; 31; 33; 55; 11; 9; 7
8,33,0.14243,0.24242,63; 8; 41; 35; 74; 38; 33; 6; 35; 29
7,25,0.13225,0.28,81; 7; 31; 48; 78; 48; 25; 56; 37; 54
23,81,0.09684,0.28395,52; 23; 78; 55; 38; 82; 81; 66; 44; 66
16,19,0.129,0.84211,49; 16; 39; 76; 68; 40; 19; 29; 49; 51
31,68,0.10837,0.45588,73; 31; 13; 6; 64; 12; 68; 28; 7; 31
43,51,0.13115,0.84314,21; 43; 41; 71; 45; 34; 51; 47; 35; 38
29,82,0.09973,0.35366,84; 29; 34; 79; 36; 28; 82; 18; 38; 63
13,47,0.13015,0.2766,50; 13; 80; 78; 46; 26; 47; 70; 49; 45
57,68,0.09964,0.83824,46; 57; 82; 65; 81; 25; 68; 39; 11; 76
13,53,0.12925,0.24528,60; 13; 26; 57; 64; 20; 53; 68; 11; 10
56,68,0.10095,0.82353,56; 56; 73; 69; 11; 28; 68; 8; 50; 16
20,82,0.09153,0.2439,82; 20; 70; 69; 28; 17; 82; 79; 20; 28
61,73,0.09324,0.83562,33; 61; 33; 68; 57; 25; 73; 8; 46; 69
33,67,0.11197,0.49254,68; 33; 22; 45; 7; 31; 67; 81; 39; 66
69,82,0.07925,0.84146,32; 69; 54; 65; 42; 34; 82; 41; 39; 45
36,73,0.10656,0.49315,7; 36; 71; 38; 6; 58; 73; 40; 77; 46
45,57,0.12915,0.78947,18; 45; 24; 20; 23; 38; 57; 12; 68; 56
40,49,0.13666,0.81633,16; 40; 73; 31; 65; 50; 49; 58; 71; 13
40,80,0.09284,0.5,50; 40; 85; 79; 22; 72; 80; 26; 27; 73
16,43,0.13483,0.37209,46; 16; 72; 73; 25; 61; 43; 49; 79; 52
10,41,0.14243,0.2439,22; 10; 57; 8; 54; 61; 41; 48; 37; 79
11,46,0.14544,0.23913,35; 11; 77; 80; 46; 9; 46; 82; 44; 18
21,72,0.0975,0.29167,51; 21; 59; 57; 35; 34; 72; 68; 81; 82
21,64,0.11898,0.32812,58; 21; 53; 49; 30; 38; 64; 8; 69; 55
39,85,0.09665,0.45882,32; 39; 45; 49; 45; 36; 85; 57; 6; 41
7,25,0.12933,0.28,78; 7; 75; 78; 9; 28; 25; 29; 74; 79
6,25,0.11196,0.24,75; 6; 15; 63; 27; 40; 25; 67; 14; 81
16,43,0.13552,0.37209,54; 16; 44; 51; 18; 7; 43; 49; 6; 57
27,59,0.12083,0.45763,11; 27; 50; 74; 30; 12; 59; 46; 28; 55
23,29,0.12976,0.7931,53; 23; 23; 24; 54; 46; 29; 60; 42; 54
23,47,0.11996,0.48936,29; 23; 67; 62; 15; 71; 47; 77; 7; 74
51,61,0.1123,0.83607,46; 51; 22; 47; 62; 66; 61; 70; 73; 44
21,76,0.09898,0.27632,59; 21; 8; 29; 33; 29; 76; 41; 56; 20
12,26,0.13858,0.46154,27; 12; 46; 82; 68; 28; 26; 62; 58; 27
44,77,0.10535,0.57143,18; 44; 18; 26; 62; 72; 77; 44; 36; 74
31,68,0.10887,0.45588,75; 31; 41; 20; 36; 56; 68; 15; 8; 20
13,40,0.13798,0.325,60; 13; 26; 57; 57; 57; 40; 14; 8; 84
39,68,0.10101,0.57353,76; 39; 56; 9; 75; 77; 68; 47; 65; 56
19,60,0.11096,0.31667,46; 19; 23; 56; 85; 52; 60; 71; 62; 45
35,63,0.11811,0.55556,17; 35; 30; 27; 61; 34; 63; 15; 30; 11
27,59,0.11958,0.45763,82; 27; 52; 59; 51; 41; 59; 26; 62; 29
7,22,0.12185,0.31818,78; 7; 51; 79; 59; 76; 22; 57; 15; 24
29,58,0.1299,0.5,51; 29; 54; 63; 69; 23; 58; 43; 31; 72
26,70,0.1067,0.37143,27; 26; 65; 85; 40; 81; 70; 44; 71; 17
66,79,0.08531,0.83544,16; 66; 23; 65; 15; 80; 79; 17; 38; 36
31,68,0.11048,0.45588,17; 31; 16; 27; 80; 13; 68; 52; 72; 72
10,33,0.13557,0.30303,69; 10; 24; 8; 64; 22; 33; 75; 76; 31
10,18,0.13242,0.55556,10; 10; 54; 66; 12; 25; 18; 6; 28; 52
46,58,0.12384,0.7931,11; 46; 29; 76; 68; 79; 58; 63; 59; 37
12,24,0.13506,0.5,76; 12; 79; 71; 68; 23; 24; 29; 66; 16
13,46,0.13756,0.28261,44; 13; 55; 21; 63; 36; 46; 5; 6; 69
39,78,0.09135,0.5,8; 39; 29; 54; 84; 8; 78; 65; 34; 58
7,20,0.12967,0.35,85; 7; 48; 68; 80; 31; 20; 39; 33; 30
18,62,0.11678,0.29032,16; 18; 26; 10; 69; 49; 62; 82; 35; 46
20,71,0.11014,0.28169,49; 20; 75; 80; 53; 19; 71; 65; 40; 63
29,83,0.08434,0.3494,68; 29; 59; 13; 40; 20; 83; 17; 59; 61
33,66,0.12269,0.5,46; 33; 83; 27; 51; 40; 66; 19; 41; 50
60,73,0.09,0.82192,61; 60; 20; 73; 22; 24; 73; 6; 51; 58
38,76,0.10078,0.5,42; 38; 81; 16; 51; 55; 76; 77; 34; 67
49,58,0.11872,0.84483,39; 49; 22; 64; 48; 85; 58; 31; 72; 38
31,84,0.0977,0.36905,51; 31; 69; 58; 31; 79; 84; 44; 67; 60
66,83,0.07882,0.79518,19; 66; 63; 30; 22; 33; 83; 72; 52; 23
37,80,0.09886,0.4625,50; 37; 68; 39; 65; 84; 80; 6; 81; 51
20,63,0.11136,0.31746,30; 20; 21; 63; 42; 28; 63; 65; 55; 57
71,83,0.07715,0.85542,41; 71; 24; 51; 65; 13; 83; 64; 27; 41
63,80,0.08574,0.7875,29; 63; 10; 62; 71; 18; 80; 9; 39; 66
22,62,0.11115,0.35484,41; 22; 16; 9; 51; 18; 62; 41; 8; 38
10,31,0.13601,0.32258,28; 10; 20; 75; 30; 77; 31; 16; 51; 29
6,7,0.10013,0.85714,36; 6; 7; 28; 62; 23; 7; 50; 85; 84
43,50,0.14156,0.86,57; 43; 70; 39; 65; 48; 50; 25; 5; 78
12,36,0.13661,0.33333,56; 12; 81; 54; 7; 65; 36; 6; 55; 12
18,72,0.10295,0.25,22; 18; 77; 36; 59; 50; 72; 77; 57; 47
18,22,0.12858,0.81818,7; 18; 14; 54; 38; 6; 22; 13; 66; 9
11,38,0.14486,0.28947,38; 11; 60; 24; 9; 60; 38; 61; 32; 14
31,63,0.11856,0.49206,81; 31; 49; 9; 31; 40; 63; 79; 15; 58
26,57,0.12503,0.45614,28; 26; 78; 19; 25; 62; 57; 28; 34; 72
21,84,0.09144,0.25,66; 21; 75; 83; 18; 45; 84; 77; 35; 52
22,62,0.12296,0.35484,49; 22; 20; 65; 47; 43; 62; 38; 10; 17
14,17,0.13208,0.82353,26; 14; 26; 72; 21; 71; 17; 37; 43; 16
59,72,0.0961,0.81944,50; 59; 71; 14; 6; 17; 72; 21; 38; 11
17,53,0.1337,0.32075,61; 17; 61; 5; 67; 34; 53; 81; 37; 51
65,79,0.08483,0.82278,65; 65; 78; 21; 84; 55; 79; 57; 56; 52
24,79,0.10604,0.3038,12; 24; 21; 28; 44; 22; 79; 59; 13; 19
18,32,0.12279,0.5625,9; 18; 9; 84; 6; 34; 32; 24; 6; 85
7,19,0.12455,0.36842,50; 7; 84; 10; 62; 54; 19; 71; 73; 45
22,45,0.13844,0.48889,27; 22; 24; 35; 46; 12; 45; 34; 74; 33
17,61,0.11133,0.27869,15; 17; 65; 17; 48; 48; 61; 61; 51; 75
22,68,0.11083,0.32353,5; 22; 84; 16; 30; 56; 68; 13; 75; 36
23,82,0.09758,0.28049,11; 23; 55; 71; 41; 43; 82; 40; 8; 48
18,52,0.12344,0.34615,84; 18; 37; 38; 75; 73; 52; 25; 71; 11
24,68,0.10605,0.35294,53; 24; 75; 60; 34; 13; 68; 75; 63; 62
30,38,0.14059,0.78947,9; 30; 15; 36; 24; 50; 38; 25; 81; 9
54,66,0.10735,0.81818,48; 54; 37; 17; 78; 21; 66; 77; 42; 43
9,30,0.1398,0.3,56; 9; 20; 42; 71; 51; 30; 57; 54; 15
38,45,0.13555,0.84444,59; 38; 85; 10; 35; 25; 45; 25; 9; 12
19,75,0.09969,0.25333,82; 19; 8; 85; 15; 56; 75; 72; 41; 77
19,38,0.13405,0.5,51; 19; 74; 19; 14; 27; 38; 36; 62; 38
39,68,0.10687,0.57353,51; 39; 85; 78; 63; 50; 68; 73; 11; 74
18,32,0.13651,0.5625,50; 18; 76; 69; 39; 50; 32; 20; 45; 27
19,54,0.12138,0.35185,85; 19; 61; 13; 43; 5; 54; 60; 38; 77
20,62,0.11801,0.32258,39; 20; 55; 5; 63; 38; 62; 45; 79; 10
5,17,0.09734,0.29412,26; 5; 67; 42; 56; 66; 17; 26; 14; 5
36,45,0.1383,0.8,71; 36; 72; 77; 32; 17; 45; 9; 83; 46
21,70,0.10106,0.3,18; 21; 78; 30; 29; 8; 70; 30; 22; 33
27,82,0.09814,0.32927,49; 27; 19; 48; 48; 11; 82; 57; 11; 48
26,81,0.09122,0.32099,9; 26; 45; 22; 20; 54; 81; 34; 52; 17
18,39,0.13433,0.46154,38; 18; 12; 65; 7; 49; 39; 67; 51; 79
6,13,0.1155,0.46154,51; 6; 28; 52; 45; 81; 13; 16; 80; 47
19,67,0.1142,0.28358,66; 19; 37; 17; 33; 72; 67; 28; 51; 34
25,72,0.10907,0.34722,31; 25; 68; 62; 66; 51; 72; 57; 34; 30
14,43,0.13428,0.32558,56; 14; 29; 58; 12; 49; 43; 82; 28; 51
10,27,0.14632,0.37037,8; 10; 39; 80; 43; 82; 27; 20; 77; 82
14,56,0.11989,0.25,41; 14; 57; 15; 21; 9; 56; 36; 82; 7
7,14,0.12697,0.5,34; 7; 62; 46; 39; 53; 14; 48; 9; 71
22,48,0.13016,0.45833,31; 22; 27; 6; 15; 29; 48; 8; 82; 51
37,66,0.11155,0.56061,80; 37; 53; 24; 63; 68; 66; 6; 43; 22
29,52,0.12724,0.55769,83; 29; 5; 13; 18; 8; 52; 13; 26; 64
54,64,0.10781,0.84375,61; 54; 45; 39; 19; 83; 64; 59; 22; 5
31,37,0.13464,0.83784,26; 31; 30; 5; 12; 81; 37; 11; 81; 46
11,34,0.14122,0.32353,45; 11; 65; 54; 77; 51; 34; 6; 65; 53
48,60,0.11671,0.8,44; 48; 85; 35; 44; 33; 60; 19; 48; 32
15,51,0.13585,0.29412,33; 15; 64; 69; 56; 68; 51; 63; 44; 61
15,19,0.12927,0.78947,30; 15; 73; 17; 49; 48; 19; 12; 26; 16
34,60,0.12333,0.56667,75; 34; 74; 46; 72; 56; 60; 59; 77; 14
53,65,0.11003,0.81538,69; 53; 73; 39; 64; 49; 65; 49; 58; 30
11,38,0.13744,0.28947,55; 11; 57; 59; 9; 10; 38; 62; 15; 35
10,30,0.1487,0.33333,12; 10; 37; 15; 59; 53; 30; 57; 39; 84
24,80,0.09321,0.3,34; 24; 27; 30; 37; 20; 80; 66; 72; 83
43,50,0.12929,0.86,7; 43; 27; 11; 52; 14; 50; 17; 63; 22
20,54,0.12607,0.37037,14; 20; 33; 10; 71; 10; 54; 65; 55; 35
59,70,0.09236,0.84286,51; 59; 75; 69; 32; 80; 70; 43; 66; 82
28,57,0.12047,0.49123,67; 28; 37; 84; 64; 40; 57; 85; 8; 22
26,46,0.13892,0.56522,76; 26; 12; 71; 17; 23; 46; 64; 40; 62
24,76,0.09552,0.31579,50; 24; 35; 75; 77; 24; 76; 12; 9; 61
16,64,0.11129,0.25,35; 16; 70; 27; 5; 6; 64; 31; 7; 28
49,60,0.11821,0.81667,78; 49; 68; 8; 39; 47; 60; 63; 19; 20
18,56,0.12368,0.32143,67; 18; 33; 25; 11; 60; 56; 51; 7; 19
5,17,0.10927,0.29412,70; 5; 11; 68; 76; 27; 17; 7; 25; 66
56,67,0.10428,0.83582,59; 56; 47; 85; 46; 25; 67; 44; 44; 47
21,43,0.136,0.48837,78; 21; 40; 70; 76; 28; 43; 9; 73; 29
42,75,0.11061,0.56,17; 42; 61; 36; 34; 73; 75; 85; 48; 8
31,38,0.14123,0.81579,44; 31; 19; 25; 28; 27; 38; 21; 14; 48
28,57,0.12461,0.49123,80; 28; 46; 79; 37; 70; 57; 26; 83; 41
35,72,0.10257,0.48611,57; 35; 25; 64; 77; 12; 72; 37; 83; 17
22,63,0.1217,0.34921,11; 22; 38; 31; 36; 11; 63; 72; 25; 73
30,60,0.12636,0.5,35; 30; 14; 60; 73; 83; 60; 65; 66; 52
24,42,0.1369,0.57143,60; 24; 38; 73; 12; 80; 42; 81; 58; 62
53,65,0.10697,0.81538,21; 53; 17; 20; 33; 77; 65; 55; 54; 62
12,24,0.13565,0.5,37; 12; 37; 16; 42; 35; 24; 43; 59; 83
20,83,0.0935,0.24096,64; 20; 54; 7; 14; 20; 83; 22; 75; 60
23,82,0.09796,0.28049,71; 23; 47; 62; 33; 9; 82; 29; 66; 35
37,80,0.10406,0.4625,43; 37; 28; 56; 22; 34; 80; 63; 74; 35
13,54,0.13254,0.24074,39; 13; 50; 82; 30; 57; 54; 70; 17; 41
32,39,0.13768,0.82051,41; 32; 44; 9; 22; 15; 39; 46; 25; 21
24,72,0.11274,0.33333,84; 24; 31; 9; 73; 40; 72; 84; 22; 15
18,74,0.10315,0.24324,67; 18; 43; 85; 83; 22; 74; 66; 78; 32
21,43,0.13194,0.48837,53; 21; 21; 34; 43; 75; 43; 67; 37; 43
28,81,0.10146,0.34568,42; 28; 64; 22; 43; 18; 81; 23; 16; 45
26,81,0.09712,0.32099,22; 26; 18; 28; 20; 76; 81; 7; 75; 74
19,64,0.11399,0.29688,65; 19; 20; 20; 41; 70; 64; 13; 85; 42
53,65,0.10494,0.81538,85; 53; 76; 41; 41; 80; 65; 81; 44; 75
20,72,0.10677,0.27778,29; 20; 54; 71; 19; 17; 72; 44; 17; 6
28,49,0.13034,0.57143,15; 28; 63; 55; 34; 85; 49; 52; 57; 75
28,35,0.13282,0.8,23; 28; 57; 24; 47; 62; 35; 73; 72; 25
18,56,0.12141,0.32143,46; 18; 67; 7; 42; 13; 56; 56; 34; 24
41,82,0.10064,0.5,34; 41; 63; 47; 78; 44; 82; 38; 70; 45
68,83,0.07979,0.81928,42; 68; 13; 71; 74; 32; 83; 71; 10; 77
35,70,0.11278,0.5,76; 35; 17; 6; 40; 42; 70; 57; 56; 85
60,73,0.08847,0.82192,68; 60; 7; 76; 53; 19; 73; 63; 13; 10
18,39,0.13635,0.46154,52; 18; 81; 23; 72; 70; 39; 38; 5; 77
71,83,0.07549,0.85542,24; 71; 76; 26; 42; 11; 83; 39; 38; 54
14,44,0.13565,0.31818,16; 14; 64; 73; 54; 20; 44; 53; 15; 36
20,54,0.12115,0.37037,24; 20; 50; 55; 63; 11; 54; 17; 16; 37
16,28,0.13789,0.57143,15; 16; 70; 17; 14; 37; 28; 47; 57; 54
38,76,0.0916,0.5,79; 38; 54; 5; 66; 11; 76; 56; 65; 57
26,56,0.1229,0.46429,35; 26; 69; 47; 82; 60; 56; 72; 51; 61
22,66,0.1053,0.33333,46; 22; 10; 81; 67; 9; 66; 57; 72; 41
26,46,0.13233,0.56522,49; 26; 32; 62; 30; 27; 46; 44; 8; 76
21,25,0.12869,0.84,79; 21; 84; 38; 14; 57; 25; 77; 40; 75
40,71,0.10666,0.56338,5; 40; 25; 65; 49; 26; 71; 81; 81; 43
25,51,0.14308,0.4902,45; 25; 64; 71; 50; 32; 51; 83; 69; 22
55,64,0.10574,0.85938,27; 55; 34; 52; 22; 53; 64; 45; 27; 82
21,60,0.11717,0.35,32; 21; 68; 27; 67; 53; 60; 49; 63; 60
31,37,0.13371,0.83784,73; 31; 83; 36; 41; 79; 37; 61; 62; 60
20,82,0.09132,0.2439,51; 20; 64; 9; 12; 44; 82; 40; 67; 68
18,72,0.10428,0.25,46; 18; 66; 18; 53; 50; 72; 6; 22; 48
26,71,0.1033,0.3662,27; 26; 49; 55; 47; 73; 71; 55; 49; 53
18,73,0.10194,0.24658,72; 18; 70; 64; 52; 43; 73; 40; 80; 76
18,75,0.09943,0.24,76; 18; 31; 72; 10; 8; 75; 6; 73; 56
27,85,0.09644,0.31765,85; 27; 79; 6; 25; 38; 85; 26; 48; 81
24,68,0.10763,0.35294,8; 24; 14; 11; 14; 61; 68; 23; 42; 39
23,76,0.1042,0.30263,50; 23; 35; 49; 44; 73; 76; 42; 49; 51
22,45,0.13572,0.48889,38; 22; 48; 60; 50; 70; 45; 85; 72; 30
29,82,0.08609,0.35366,85; 29; 63; 22; 70; 29; 82; 40; 67; 56
66,79,0.07611,0.83544,40; 66; 34; 34; 24; 63; 79; 37; 27; 56
29,84,0.09633,0.34524,39; 29; 33; 82; 70; 46; 84; 53; 35; 25
29,79,0.10197,0.36709,38; 29; 8; 14; 67; 83; 79; 56; 83; 35
14,28,0.13497,0.5,19; 14; 35; 11; 29; 27; 28; 36; 55; 13
17,37,0.13408,0.45946,49; 17; 83; 17; 66; 68; 37; 59; 56; 56
64,74,0.0883,0.86486,54; 64; 30; 58; 42; 42; 74; 77; 57; 85
16,43,0.13719,0.37209,27; 16; 41; 43; 63; 33; 43; 41; 68; 35
15,46,0.13453,0.32609,84; 15; 38; 15; 46; 42; 46; 14; 22; 15
10,40,0.14546,0.25,43; 10; 59; 66; 31; 46; 40; 17; 69; 77
49,58,0.12528,0.84483,30; 49; 71; 67; 8; 34; 58; 77; 80; 34
16,19,0.12554,0.84211,82; 16; 78; 34; 29; 51; 19; 53; 23; 28
37,65,0.11072,0.56923,70; 37; 23; 16; 7; 68; 65; 12; 70; 44
7,25,0.13413,0.28,12; 7; 15; 59; 71; 40; 25; 8; 39; 56
49,57,0.11702,0.85965,44; 49; 67; 13; 17; 40; 57; 65; 32; 80
24,75,0.09769,0.32,82; 24; 14; 69; 76; 41; 75; 55; 66; 39
39,79,0.09985,0.49367,68; 39; 47; 44; 69; 55; 79; 28; 83; 35
39,79,0.10127,0.49367,68; 39; 18; 26; 49; 48; 79; 22; 19; 13
16,67,0.10841,0.23881,60; 16; 44; 42; 50; 19; 67; 60; 37; 75
66,77,0.08135,0.85714,56; 66; 57; 10; 12; 64; 77; 47; 46; 79
20,67,0.11518,0.29851,46; 20; 67; 81; 59; 7; 67; 74; 34; 65
63,80,0.08768,0.7875,49; 63; 57; 69; 79; 73; 80; 82; 59; 40
19,67,0.10584,0.28358,72; 19; 49; 76; 20; 35; 67; 41; 64; 46
16,48,0.13506,0.33333,8; 16; 64; 59; 75; 59; 48; 60; 52; 15
21,74,0.09761,0.28378,8; 21; 46; 76; 33; 5; 74; 35; 72; 32
26,74,0.10043,0.35135,24; 26; 34; 34; 37; 58; 74; 85; 31; 20
58,69,0.09825,0.84058,57; 58; 12; 42; 57; 62; 69; 75; 80; 62
17,30,0.13091,0.56667,84; 17; 19; 32; 7; 80; 30; 81; 77; 15
31,67,0.10969,0.46269,76; 31; 68; 22; 28; 84; 67; 62; 18; 55
28,85,0.09835,0.32941,45; 28; 79; 35; 50; 29; 85; 43; 17; 67
24,74,0.09966,0.32432,54; 24; 76; 48; 15; 36; 74; 74; 75; 26
21,83,0.0967,0.25301,38; 21; 85; 74; 65; 14; 83; 62; 70; 32
10,35,0.13875,0.28571,66; 10; 23; 6; 40; 74; 35; 42; 17; 7
23,65,0.11366,0.35385,57; 23; 30; 57; 24; 7; 65; 80; 66; 28
25,29,0.13939,0.86207,37; 25; 25; 44; 27; 43; 29; 62; 44; 56
19,78,0.10156,0.24359,80; 19; 38; 81; 85; 7; 78; 24; 59; 68
14,56,0.12175,0.25,58; 14; 36; 46; 84; 51; 56; 75; 42; 71
36,42,0.14,0.85714,74; 36; 63; 31; 39; 43; 42; 29; 73; 77
39,78,0.10343,0.5,30; 39; 18; 50; 81; 55; 78; 79; 63; 83
28,75,0.104,0.37333,73; 28; 28; 16; 35; 70; 75; 38; 62; 65
12,36,0.13675,0.33333,33; 12; 56; 12; 53; 33; 36; 79; 65; 83
58,71,0.09384,0.8169,57; 58; 27; 70; 25; 76; 71; 38; 64; 50
9,16,0.13759,0.5625,24; 9; 19; 55; 10; 80; 16; 58; 42; 20
15,46,0.12827,0.32609,5; 15; 38; 18; 9; 18; 46; 56; 48; 34
10,27,0.14294,0.37037,70; 10; 52; 63; 40; 51; 27; 7; 21; 68
25,79,0.09836,0.31646,49; 25; 69; 83; 33; 44; 79; 6; 16; 16
42,74,0.11126,0.56757,53; 42; 21; 27; 16; 74; 74; 27; 28; 49
33,67,0.11008,0.49254,24; 33; 57; 10; 79; 46; 67; 39; 52; 79
20,25,0.13812,0.8,46; 20; 34; 36; 65; 19; 25; 42; 43; 47
23,80,0.09592,0.2875,82; 23; 80; 36; 85; 9; 80; 22; 61; 8
5,10,0.11032,0.5,39; 5; 22; 5; 33; 20; 10; 72; 52; 61
24,42,0.12997,0.57143,74; 24; 9; 35; 69; 20; 42; 74; 20; 28
34,68,0.11788,0.5,73; 34; 61; 23; 70; 18; 68; 7; 79; 75
13,52,0.12816,0.25,57; 13; 11; 44; 5; 26; 52; 72; 58; 59
29,83,0.09195,0.3494,79; 29; 66; 13; 5; 49; 83; 55; 13; 77
65,79,0.08604,0.82278,16; 65; 59; 6; 25; 38; 79; 48; 36; 29
71,83,0.07445,0.85542,56; 71; 59; 50; 70; 62; 83; 37; 52; 71
17,72,0.10326,0.23611,80; 17; 75; 13; 24; 24; 72; 81; 55; 7
43,77,0.10381,0.55844,14; 43; 31; 73; 57; 35; 77; 77; 39; 47
38,83,0.09409,0.45783,52; 38; 52; 80; 52; 61; 83; 41; 66; 18
31,39,0.13755,0.79487,30; 31; 78; 54; 79; 58; 39; 36; 60; 57
11,46,0.13402,0.23913,67; 11; 84; 71; 68; 21; 46; 22; 34; 27
10,41,0.14202,0.2439,21; 10; 56; 45; 78; 47; 41; 10; 80; 47
12,37,0.13828,0.32432,13; 12; 57; 36; 11; 74; 37; 28; 23; 34
20,82,0.09576,0.2439,51; 20; 8; 81; 11; 12; 82; 17; 17; 83
30,35,0.13386,0.85714,10; 30; 82; 6; 14; 41; 35; 35; 28; 78
20,82,0.09394,0.2439,45; 20; 40; 63; 6; 16; 82; 48; 46; 43
6,12,0.12239,0.5,15; 6; 79; 46; 45; 8; 12; 39; 18; 63
17,58,0.12472,0.2931,58; 17; 17; 10; 34; 38; 58; 25; 74; 39
10,36,0.14404,0.27778,11; 10; 52; 26; 25; 72; 36; 25; 14; 50
39,69,0.11006,0.56522,40; 39; 44; 55; 64; 52; 69; 71; 5; 66
18,39,0.12538,0.46154,55; 18; 68; 66; 11; 71; 39; 72; 11; 67
18,65,0.10607,0.27692,48; 18; 78; 71; 40; 13; 65; 22; 76; 37
30,38,0.13098,0.78947,38; 30; 15; 51; 73; 16; 38; 63; 35; 80
18,22,0.12599,0.81818,30; 18; 79; 52; 62; 50; 22; 85; 58; 82
28,35,0.13427,0.8,65; 28; 41; 37; 32; 82; 35; 24; 79; 40
33,58,0.12807,0.56897,68; 33; 74; 74; 44; 62; 58; 81; 36; 28
20,80,0.09079,0.25,30; 20; 29; 84; 31; 28; 80; 58; 29; 10
48,84,0.08933,0.57143,83; 48; 6; 13; 40; 79; 84; 15; 62; 15
18,36,0.13744,0.5,33; 18; 28; 62; 83; 12; 36; 14; 21; 29
28,56,0.12182,0.5,66; 28; 5; 9; 43; 38; 56; 42; 63; 72
25,75,0.10937,0.33333,32; 25; 42; 19; 16; 54; 75; 61; 59; 65
39,85,0.09864,0.45882,80; 39; 12; 56; 24; 59; 85; 30; 19; 53
16,53,0.12686,0.30189,37; 16; 80; 61; 46; 54; 53; 80; 26; 81
16,53,0.13282,0.30189,84; 16; 74; 11; 62; 39; 53; 5; 74; 31
15,41,0.13447,0.36585,19; 15; 76; 35; 82; 38; 41; 55; 75; 14
22,73,0.10073,0.30137,76; 22; 8; 23; 68; 24; 73; 58; 51; 44
11,44,0.14434,0.25,78; 11; 38; 29; 78; 32; 44; 47; 22; 66
67,78,0.08142,0.85897,84; 67; 74; 65; 65; 31; 78; 82; 69; 59
24,43,0.13598,0.55814,21; 24; 71; 29; 10; 74; 43; 49; 56; 68
19,78,0.09736,0.24359,77; 19; 50; 76; 23; 81; 78; 31; 56; 14
23,66,0.11518,0.34848,64; 23; 14; 28; 17; 80; 66; 33; 32; 30
13,41,0.13869,0.31707,48; 13; 14; 27; 73; 10; 41; 6; 18; 22
23,29,0.12648,0.7931,36; 23; 31; 5; 20; 83; 29; 44; 22; 72
12,24,0.13525,0.5,70; 12; 33; 29; 12; 76; 24; 52; 40; 6
69,82,0.07739,0.84146,67; 69; 46; 49; 84; 82; 82; 19; 15; 75
18,57,0.12457,0.31579,60; 18; 74; 12; 79; 34; 57; 82; 64; 68
15,52,0.13445,0.28846,45; 15; 47; 54; 11; 85; 52; 69; 63; 50
42,84,0.09253,0.5,72; 42; 6; 72; 24; 49; 84; 36; 29; 75
37,81,0.0997,0.45679,6; 37; 11; 76; 59; 35; 81; 14; 84; 70
35,71,0.1112,0.49296,82; 35; 76; 78; 19; 61; 71; 32; 63; 30
9,18,0.13849,0.5,7; 9; 78; 55; 74; 70; 18; 34; 13; 81
22,80,0.09422,0.275,44; 22; 20; 50; 16; 23; 80; 76; 32; 23
19,51,0.1371,0.37255,52; 19; 12; 29; 51; 39; 51; 73; 35; 17
18,75,0.09859,0.24,50; 18; 46; 27; 14; 12; 75; 46; 85; 80
56,71,0.10584,0.78873,56; 56; 25; 20; 67; 33; 71; 66; 83; 67
15,53,0.12991,0.28302,53; 15; 27; 68; 82; 39; 53; 55; 75; 19
35,71,0.1104,0.49296,15; 35; 22; 34; 84; 21; 71; 45; 78; 46
22,45,0.13398,0.48889,55; 22; 81; 81; 83; 45; 45; 69; 28; 24
35,61,0.11827,0.57377,81; 35; 68; 45; 47; 31; 61; 13; 26; 6
17,52,0.12602,0.32692,63; 17; 11; 35; 67; 52; 52; 35; 33; 21
65,77,0.08251,0.84416,83; 65; 64; 27; 74; 47; 77; 80; 18; 8
11,14,0.13757,0.78571,53; 11; 18; 17; 84; 55; 14; 62; 76; 45
17,46,0.13918,0.36957,82; 17; 81; 15; 37; 41; 46; 60; 58; 46
29,51,0.13332,0.56863,38; 29; 45; 73; 25; 70; 51; 74; 36; 75
19,63,0.11414,0.30159,82; 19; 50; 35; 24; 21; 63; 78; 18; 6
18,75,0.09465,0.24,48; 18; 50; 14; 10; 23; 75; 75; 49; 81
9,37,0.14072,0.24324,15; 9; 67; 83; 45; 63; 37; 78; 57; 48
26,33,0.13954,0.78788,39; 26; 67; 17; 63; 55; 33; 11; 22; 38
50,58,0.12122,0.86207,55; 50; 61; 80; 45; 68; 58; 14; 69; 57
11,22,0.12812,0.5,59; 11; 82; 21; 53; 12; 22; 65; 35; 77
18,73,0.10246,0.24658,40; 18; 54; 55; 51; 77; 73; 70; 44; 60
43,77,0.10736,0.55844,16; 43; 41; 22; 67; 75; 77; 75; 36; 55
24,84,0.09451,0.28571,54; 24; 77; 9; 70; 49; 84; 50; 29; 59
15,43,0.13377,0.34884,11; 15; 81; 64; 23; 35; 43; 54; 25; 34
66,82,0.08086,0.80488,40; 66; 22; 58; 61; 41; 82; 12; 72; 75
23,63,0.11706,0.36508,14; 23; 74; 68; 62; 58; 63; 47; 64; 13
34,61,0.11551,0.55738,83; 34; 30; 31; 77; 46; 61; 75; 46; 26
15,41,0.13171,0.36585,23; 15; 56; 52; 82; 85; 41; 31; 77; 31
34,68,0.10552,0.5,56; 34; 63; 25; 84; 42; 68; 53; 13; 17
12,24,0.13273,0.5,44; 12; 38; 7; 41; 82; 24; 70; 64; 47
16,46,0.13457,0.34783,10; 16; 72; 55; 75; 6; 46; 35; 8; 50
45,80,0.09505,0.5625,80; 45; 37; 85; 58; 84; 80; 77; 56; 22
14,42,0.14391,0.33333,41; 14; 7; 54; 65; 7; 42; 58; 79; 44
12,26,0.13975,0.46154,19; 12; 80; 74; 29; 38; 26; 22; 84; 38
19,76,0.09502,0.25,54; 19; 85; 16; 20; 17; 76; 9; 41; 31
20,81,0.09441,0.24691,55; 20; 43; 29; 53; 58; 81; 73; 22; 14
29,59,0.12525,0.49153,5; 29; 74; 37; 41; 59; 59; 28; 26; 67
7,24,0.12186,0.29167,55; 7; 12; 76; 41; 14; 24; 65; 65; 80
29,51,0.12756,0.56863,85; 29; 18; 51; 34; 33; 51; 49; 66; 25
14,17,0.12793,0.82353,6; 14; 82; 48; 71; 24; 17; 17; 56; 63
20,81,0.08989,0.24691,30; 20; 16; 17; 5; 53; 81; 47; 13; 83
13,53,0.12978,0.24528,81; 13; 20; 6; 34; 65; 53; 77; 41; 16
26,33,0.12667,0.78788,32; 26; 6; 16; 24; 23; 33; 46; 8; 12
37,75,0.10521,0.49333,29; 37; 47; 19; 15; 76; 75; 47; 40; 19
12,26,0.13784,0.46154,60; 12; 11; 32; 30; 85; 26; 80; 39; 84
42,53,0.13068,0.79245,10; 42; 67; 48; 74; 69; 53; 71; 43; 56
14,40,0.13536,0.35,75; 14; 83; 76; 14; 73; 40; 85; 18; 82
8,24,0.1388,0.33333,54; 8; 49; 65; 81; 29; 24; 13; 61; 39
20,70,0.11002,0.28571,47; 20; 30; 31; 61; 84; 70; 19; 39; 24
47,82,0.09816,0.57317,59; 47; 18; 26; 27; 20; 82; 55; 57; 20
18,39,0.13441,0.46154,5; 18; 69; 26; 57; 41; 39; 45; 54; 30
18,37,0.12947,0.48649,51; 18; 49; 63; 58; 60; 37; 79; 28; 22
65,77,0.0826,0.84416,76; 65; 37; 8; 44; 68; 77; 54; 77; 53
31,68,0.10604,0.45588,42; 31; 76; 85; 24; 39; 68; 7; 11; 33
55,69,0.09802,0.7971,48; 55; 10; 29; 61; 49; 69; 84; 25; 79
14,46,0.13445,0.30435,42; 14; 58; 44; 44; 38; 46; 39; 25; 8
8,10,0.13658,0.8,18; 8; 9; 26; 67; 22; 10; 77; 9; 77
9,31,0.15077,0.29032,25; 9; 57; 43; 5; 21; 31; 56; 57; 40
25,54,0.13059,0.46296,66; 25; 48; 29; 43; 28; 54; 65; 56; 76
19,24,0.12868,0.79167,20; 19; 50; 14; 31; 85; 24; 60; 80; 72
10,27,0.14095,0.37037,21; 10; 79; 77; 49; 38; 27; 81; 7; 65
53,63,0.1073,0.84127,21; 53; 65; 83; 36; 80; 63; 35; 71; 61
19,63,0.11494,0.30159,14; 19; 54; 45; 32; 12; 63; 82; 83; 59
12,41,0.14506,0.29268,20; 12; 63; 9; 77; 23; 41; 80; 61; 23
36,79,0.10418,0.4557,19; 36; 39; 52; 48; 7; 79; 34; 16; 28
17,68,0.11206,0.25,36; 17; 57; 41; 57; 51; 68; 79; 60; 84
12,48,0.14415,0.25,46; 12; 12; 63; 79; 17; 48; 79; 82; 74
55,67,0.10101,0.8209,54; 55; 47; 43; 40; 48; 67; 85; 37; 53
51,59,0.11702,0.86441,32; 51; 58; 33; 8; 83; 59; 10; 8; 31
13,35,0.14261,0.37143,18; 13; 38; 27; 40; 81; 35; 11; 44; 53
27,55,0.12973,0.49091,48; 27; 57; 72; 50; 53; 55; 74; 71; 37
65,77,0.08372,0.84416,48; 65; 23; 8; 49; 45; 77; 5; 12; 21
19,66,0.1141,0.28788,28; 19; 8; 60; 20; 20; 66; 67; 5; 69
16,58,0.12026,0.27586,48; 16; 38; 31; 5; 82; 58; 50; 62; 17
13,54,0.12368,0.24074,15; 13; 17; 53; 79; 76; 54; 15; 56; 50
36,73,0.10753,0.49315,80; 36; 22; 85; 62; 9; 73; 56; 41; 82
11,31,0.12338,0.35484,8; 11; 30; 67; 68; 54; 31; 55; 63; 28
9,26,0.1407,0.34615,30; 9; 40; 66; 53; 70; 26; 74; 81; 53
67,78,0.08109,0.85897,75; 67; 21; 58; 49; 39; 78; 26; 79; 62
25,76,0.09833,0.32895,61; 25; 43; 81; 45; 73; 76; 17; 31; 22
48,57,0.12113,0.84211,32; 48; 51; 73; 21; 34; 57; 70; 30; 85
12,21,0.13679,0.57143,71; 12; 85; 57; 59; 58; 21; 35; 55; 47
19,51,0.13112,0.37255,80; 19; 38; 60; 33; 73; 51; 48; 85; 33
30,53,0.12876,0.56604,22; 30; 56; 20; 59; 43; 53; 13; 72; 19
36,44,0.13435,0.81818,17; 36; 42; 8; 44; 42; 44; 67; 20; 45
19,80,0.0938,0.2375,11; 19; 80; 39; 41; 71; 80; 54; 52; 49
6,12,0.11409,0.5,65; 6; 59; 47; 6; 21; 12; 37; 39; 78
16,43,0.12932,0.37209,29; 16; 24; 31; 5; 41; 43; 58; 56; 22
69,84,0.07475,0.82143,39; 69; 59; 71; 82; 29; 84; 13; 28; 83
37,80,0.10219,0.4625,29; 37; 35; 64; 74; 55; 80; 23; 29; 8
20,36,0.12892,0.55556,40; 20; 57; 40; 16; 79; 36; 43; 29; 69
11,39,0.14355,0.28205,35; 11; 85; 55; 58; 59; 39; 8; 29; 52
12,38,0.14201,0.31579,40; 12; 17; 43; 74; 57; 38; 10; 10; 66
10,34,0.14471,0.29412,26; 10; 76; 33; 81; 26; 34; 44; 84; 23
25,45,0.13491,0.55556,23; 25; 33; 58; 26; 31; 45; 75; 27; 73
72,84,0.07348,0.85714,73; 72; 13; 34; 6; 28; 84; 76; 52; 74
16,32,0.13055,0.5,46; 16; 47; 50; 19; 8; 32; 12; 40; 64
42,53,0.12618,0.79245,82; 42; 71; 62; 54; 50; 53; 84; 25; 37
22,60,0.11253,0.36667,45; 22; 33; 6; 82; 38; 60; 84; 5; 59
65,81,0.0824,0.80247,72; 65; 71; 71; 45; 12; 81; 36; 64; 51
39,68,0.10886,0.57353,23; 39; 19; 51; 83; 65; 68; 40; 11; 9
30,38,0.13715,0.78947,22; 30; 16; 42; 14; 57; 38; 64; 80; 55
50,58,0.12557,0.86207,72; 50; 23; 57; 53; 25; 58; 58; 60; 76
25,77,0.09504,0.32468,32; 25; 61; 51; 56; 45; 77; 26; 29; 9
6,21,0.11217,0.28571,26; 6; 75; 62; 59; 11; 21; 65; 67; 23
13,46,0.13496,0.28261,34; 13; 48; 48; 68; 57; 46; 51; 43; 42
41,51,0.13121,0.80392,55; 41; 46; 29; 16; 77; 51; 65; 17; 39
25,85,0.08965,0.29412,32; 25; 54; 76; 20; 51; 85; 35; 64; 22
15,51,0.12671,0.29412,47; 15; 23; 12; 28; 26; 51; 57; 23; 53
8,16,0.13279,0.5,80; 8; 54; 16; 49; 78; 16; 56; 39; 74
18,65,0.1072,0.27692,66; 18; 12; 5; 16; 24; 65; 85; 39; 34
7,29,0.12548,0.24138,9; 7; 11; 35; 54; 73; 29; 64; 65; 62
23,77,0.10211,0.2987,81; 23; 46; 85; 73; 55; 77; 22; 31; 60
36,64,0.118,0.5625,78; 36; 53; 78; 54; 75; 64; 66; 24; 31
65,81,0.08029,0.80247,22; 65; 57; 83; 13; 46; 81; 63; 79; 12
29,79,0.10318,0.36709,20; 29; 82; 13; 23; 67; 79; 32; 12; 27
22,74,0.09525,0.2973,28; 22; 43; 28; 62; 55; 74; 65; 37; 57
17,46,0.13371,0.36957,33; 17; 74; 45; 32; 82; 46; 24; 56; 78
32,56,0.1253,0.57143,80; 32; 79; 69; 41; 27; 56; 6; 24; 82
40,72,0.11003,0.55556,18; 40; 79; 40; 60; 81; 72; 46; 49; 25
22,60,0.11989,0.36667,65; 22; 58; 8; 6; 72; 60; 10; 83; 25
42,74,0.09886,0.56757,60; 42; 61; 27; 66; 27; 74; 72; 74; 46
53,63,0.11436,0.84127,38; 53; 49; 60; 43; 45; 63; 22; 48; 39
23,71,0.11371,0.32394,47; 23; 30; 85; 62; 45; 71; 33; 12; 84
19,68,0.10543,0.27941,27; 19; 41; 17; 59; 37; 68; 11; 5; 57
41,83,0.08901,0.49398,23; 41; 45; 63; 54; 47; 83; 83; 53; 54
24,84,0.08314,0.28571,38; 24; 20; 36; 35; 31; 84; 64; 37; 46
19,51,0.12901,0.37255,66; 19; 23; 50; 16; 42; 51; 30; 25; 68
60,76,0.09223,0.78947,61; 60; 36; 41; 27; 74; 76; 14; 64; 53
22,77,0.09878,0.28571,20; 22; 48; 49; 26; 43; 77; 12; 33; 20
7,28,0.12785,0.25,22; 7; 66; 55; 71; 44; 28; 55; 23; 5
24,43,0.1367,0.55814,56; 24; 25; 50; 63; 38; 43; 38; 8; 14
8,10,0.14207,0.8,67; 8; 47; 22; 57; 53; 10; 59; 60; 47
27,59,0.11726,0.45763,37; 27; 76; 21; 76; 16; 59; 63; 58; 79
19,24,0.12916,0.79167,23; 19; 23; 56; 33; 7; 24; 48; 13; 40
21,65,0.11349,0.32308,35; 21; 67; 66; 8; 41; 65; 44; 59; 12
12,51,0.12764,0.23529,81; 12; 6; 82; 17; 53; 51; 67; 43; 71
10,42,0.14731,0.2381,85; 10; 42; 83; 34; 44; 42; 42; 15; 10
23,65,0.11743,0.35385,79; 23; 82; 84; 16; 11; 65; 8; 38; 40
21,70,0.10982,0.3,84; 21; 28; 84; 61; 24; 70; 48; 57; 6
62,76,0.08841,0.81579,10; 62; 19; 58; 74; 41; 76; 54; 16; 5
36,64,0.11548,0.5625,5; 36; 39; 85; 76; 6; 64; 59; 33; 53
8,16,0.13573,0.5,71; 8; 85; 18; 51; 5; 16; 45; 37; 25
23,78,0.1043,0.29487,61; 23; 81; 60; 25; 63; 78; 8; 45; 30
24,83,0.08681,0.28916,11; 24; 37; 81; 12; 78; 83; 59; 15; 47
26,80,0.09277,0.325,79; 26; 16; 16; 40; 80; 80; 5; 16; 21
25,54,0.12385,0.46296,84; 25; 80; 15; 36; 22; 54; 29; 46; 62
19,51,0.12313,0.37255,61; 19; 25; 32; 61; 85; 51; 8; 40; 26
34,43,0.13609,0.7907,66; 34; 45; 11; 63; 23; 43; 30; 6; 48
20,70,0.10437,0.28571,44; 20; 63; 55; 42; 5; 70; 10; 26; 16
33,66,0.11031,0.5,60; 33; 63; 25; 54; 22; 66; 71; 57; 18
20,68,0.10608,0.29412,39; 20; 42; 48; 51; 5; 68; 48; 37; 17
24,76,0.09904,0.31579,21; 24; 68; 54; 36; 30; 76; 72; 71; 13
8,27,0.13584,0.2963,16; 8; 6; 50; 50; 83; 27; 67; 79; 43
19,64,0.11346,0.29688,33; 19; 11; 70; 29; 48; 64; 83; 52; 72
42,85,0.09188,0.49412,52; 42; 68; 61; 8; 59; 85; 70; 44; 54
70,85,0.07483,0.82353,47; 70; 77; 45; 85; 16; 85; 83; 48; 81
17,37,0.14046,0.45946,14; 17; 77; 73; 25; 84; 37; 72; 14; 76
35,76,0.10459,0.46053,72; 35; 27; 42; 55; 77; 76; 65; 75; 32
28,35,0.14395,0.8,10; 28; 61; 50; 38; 24; 35; 37; 9; 7
32,38,0.13722,0.84211,26; 32; 46; 51; 24; 21; 38; 34; 26; 36
5,15,0.09082,0.33333,71; 5; 79; 50; 8; 42; 15; 10; 70; 33
5,10,0.10552,0.5,27; 5; 78; 65; 75; 58; 10; 42; 30; 83
11,14,0.13418,0.78571,23; 11; 51; 47; 37; 71; 14; 27; 42; 61
15,41,0.13464,0.36585,84; 15; 31; 85; 35; 35; 41; 69; 44; 75
28,49,0.13254,0.57143,74; 28; 14; 74; 49; 29; 49; 7; 38; 33
28,57,0.12423,0.49123,82; 28; 71; 38; 38; 72; 57; 83; 33; 47
35,76,0.09969,0.46053,21; 35; 5; 28; 17; 78; 76; 25; 48; 53
59,72,0.09089,0.81944,65; 59; 54; 8; 35; 24; 72; 81; 13; 57
39,70,0.107,0.55714,54; 39; 8; 12; 19; 26; 70; 42; 35; 56
25,84,0.09088,0.29762,10; 25; 85; 5; 42; 28; 84; 53; 37; 45
5,10,0.10664,0.5,24; 5; 35; 50; 52; 27; 10; 27; 47; 12
10,42,0.14489,0.2381,75; 10; 42; 76; 79; 31; 42; 36; 62; 26
8,32,0.13369,0.25,42; 8; 42; 44; 37; 63; 32; 54; 55; 15
16,58,0.12348,0.27586,43; 16; 25; 43; 23; 21; 58; 41; 24; 11
56,70,0.10086,0.8,62; 56; 63; 12; 5; 12; 70; 43; 60; 61
27,84,0.08848,0.32143,66; 27; 82; 48; 44; 52; 84; 83; 72; 14
9,18,0.13302,0.5,77; 9; 22; 36; 15; 85; 18; 26; 55; 85
69,84,0.07601,0.82143,20; 69; 42; 60; 65; 84; 84; 67; 61; 9
70,83,0.07778,0.84337,85; 70; 36; 34; 34; 46; 83; 62; 56; 35
23,69,0.10483,0.33333,54; 23; 41; 71; 70; 49; 69; 81; 8; 70
44,77,0.10067,0.57143,45; 44; 49; 9; 59; 13; 77; 63; 12; 44
41,84,0.09534,0.4881,30; 41; 61; 6; 75; 11; 84; 76; 19; 56
6,17,0.11864,0.35294,72; 6; 38; 27; 67; 29; 17; 78; 34; 82
38,83,0.1022,0.45783,30; 38; 18; 60; 43; 45; 83; 22; 44; 38
15,53,0.12967,0.28302,55; 15; 34; 35; 60; 54; 53; 58; 14; 18
9,11,0.14669,0.81818,46; 9; 56; 19; 66; 37; 11; 64; 62; 52
29,63,0.12026,0.46032,45; 29; 5; 14; 36; 10; 63; 51; 65; 67
18,65,0.10254,0.27692,69; 18; 16; 6; 41; 82; 65; 40; 71; 14
18,32,0.13193,0.5625,36; 18; 5; 77; 85; 6; 32; 74; 16; 38
23,71,0.10654,0.32394,7; 23; 44; 30; 45; 19; 71; 51; 46; 9
17,34,0.13391,0.5,45; 17; 31; 14; 40; 40; 34; 27; 23; 59
19,54,0.12869,0.35185,47; 19; 59; 6; 16; 7; 54; 5; 78; 66
10,31,0.1384,0.32258,68; 10; 37; 19; 80; 68; 31; 53; 32; 12
23,77,0.1013,0.2987,57; 23; 23; 84; 19; 53; 77; 35; 84; 74
68,81,0.07844,0.83951,54; 68; 39; 42; 58; 73; 81; 64; 7; 82
19,79,0.09619,0.24051,77; 19; 58; 9; 22; 84; 79; 11; 85; 37
54,66,0.10074,0.81818,8; 54; 16; 16; 51; 31; 66; 85; 17; 46
26,81,0.09755,0.32099,84; 26; 34; 18; 32; 30; 81; 30; 14; 61
16,35,0.12992,0.45714,21; 16; 32; 12; 24; 74; 35; 48; 8; 13
18,51,0.13365,0.35294,11; 18; 31; 35; 52; 18; 51; 15; 5; 60
9,18,0.14368,0.5,84; 9; 47; 46; 47; 72; 18; 82; 47; 49
16,66,0.11369,0.24242,54; 16; 40; 42; 85; 80; 66; 73; 56; 72
14,17,0.13131,0.82353,79; 14; 63; 60; 77; 61; 17; 79; 15; 47
22,63,0.11397,0.34921,40; 22; 44; 33; 22; 76; 63; 31; 50; 54
73,85,0.075,0.85882,69; 73; 64; 24; 6; 64; 85; 85; 30; 34
16,20,0.13027,0.8,69; 16; 27; 18; 70; 42; 20; 60; 26; 49
47,59,0.12279,0.79661,33; 47; 17; 67; 83; 32; 59; 84; 37; 83
7,24,0.12211,0.29167,20; 7; 68; 68; 61; 62; 24; 60; 22; 44
20,70,0.10777,0.28571,32; 20; 53; 46; 12; 16; 70; 61; 69; 37
10,34,0.14231,0.29412,70; 10; 82; 16; 29; 36; 34; 13; 32; 63
60,75,0.08853,0.8,42; 60; 48; 30; 6; 9; 75; 48; 26; 57
23,73,0.10329,0.31507,28; 23; 18; 39; 36; 48; 73; 52; 82; 72
16,20,0.13412,0.8,53; 16; 62; 69; 59; 77; 20; 31; 79; 35
19,24,0.12928,0.79167,25; 19; 69; 25; 62; 5; 24; 51; 57; 84
44,51,0.12951,0.86275,18; 44; 81; 34; 15; 31; 51; 25; 42; 75
39,70,0.10471,0.55714,33; 39; 5; 69; 44; 67; 70; 33; 30; 38
46,58,0.12177,0.7931,34; 46; 83; 26; 47; 69; 58; 44; 83; 15
18,61,0.12655,0.29508,85; 18; 20; 9; 37; 77; 61; 18; 67; 68
23,81,0.09657,0.28395,58; 23; 33; 47; 55; 70; 81; 80; 19; 37
19,51,0.13165,0.37255,42; 19; 37; 82; 72; 57; 51; 16; 72; 19
66,83,0.07917,0.79518,25; 66; 80; 62; 36; 83; 83; 14; 37; 36
25,79,0.09881,0.31646,73; 25; 26; 53; 61; 83; 79; 58; 77; 85
31,62,0.11343,0.5,84; 31; 70; 34; 49; 30; 62; 17; 72; 32
6,20,0.10904,0.3,21; 6; 51; 61; 77; 72; 20; 28; 48; 75
22,63,0.11201,0.34921,29; 22; 34; 32; 51; 64; 63; 76; 84; 27
23,70,0.11025,0.32857,83; 23; 57; 75; 36; 67; 70; 24; 82; 56
21,84,0.09112,0.25,56; 21; 8; 8; 68; 49; 84; 24; 20; 83
16,49,0.13412,0.32653,52; 16; 14; 33; 66; 85; 49; 17; 43; 27
17,51,0.13167,0.33333,48; 17; 11; 61; 53; 19; 51; 47; 13; 14
14,46,0.13062,0.30435,17; 14; 56; 7; 24; 5; 46; 16; 65; 76
27,73,0.10527,0.36986,46; 27; 21; 74; 58; 6; 73; 7; 22; 37
22,69,0.11135,0.31884,44; 22; 30; 26; 69; 69; 69; 74; 73; 29
16,56,0.12105,0.28571,7; 16; 30; 31; 10; 57; 56; 77; 43; 63
8,10,0.13965,0.8,28; 8; 14; 49; 8; 75; 10; 42; 37; 10
6,25,0.11595,0.24,42; 6; 64; 10; 55; 11; 25; 15; 40; 9
28,57,0.11966,0.49123,58; 28; 83; 47; 40; 19; 57; 72; 67; 46
19,41,0.12642,0.46341,40; 19; 28; 29; 58; 36; 41; 10; 62; 60
31,68,0.10895,0.45588,6; 31; 5; 38; 56; 5; 68; 15; 17; 83
8,25,0.13363,0.32,63; 8; 51; 80; 39; 52; 25; 38; 7; 53
21,66,0.11294,0.31818,46; 21; 13; 62; 34; 28; 66; 77; 70; 51
5,21,0.09892,0.2381,26; 5; 22; 18; 24; 6; 21; 31; 37; 24
24,48,0.13244,0.5,66; 24; 64; 15; 26; 44; 48; 27; 41; 40
17,71,0.10634,0.23944,81; 17; 49; 50; 18; 61; 71; 42; 49; 9
14,55,0.12639,0.25455,38; 14; 10; 12; 71; 40; 55; 53; 71; 46
12,14,0.13403,0.85714,84; 12; 48; 24; 61; 35; 14; 57; 6; 70
44,55,0.12979,0.8,20; 44; 9; 40; 52; 58; 55; 45; 10; 76
31,38,0.13956,0.81579,10; 31; 28; 57; 6; 69; 38; 69; 42; 59
18,39,0.13376,0.46154,54; 18; 82; 10; 39; 33; 39; 5; 9; 15
31,62,0.11904,0.5,72; 31; 70; 7; 62; 58; 62; 10; 11; 68
14,57,0.11955,0.24561,62; 14; 28; 77; 62; 13; 57; 65; 55; 23
38,44,0.14233,0.86364,11; 38; 73; 61; 73; 20; 44; 58; 19; 32
13,26,0.13213,0.5,79; 13; 45; 42; 41; 42; 26; 41; 68; 50
16,46,0.1321,0.34783,53; 16; 20; 27; 19; 25; 46; 10; 27; 19
24,28,0.13867,0.85714,58; 24; 14; 25; 41; 16; 28; 62; 62; 56
27,78,0.09591,0.34615,34; 27; 52; 68; 26; 29; 78; 41; 60; 30
13,37,0.13465,0.35135,51; 13; 47; 80; 26; 52; 37; 53; 79; 70
18,63,0.1105,0.28571,65; 18; 47; 68; 83; 63; 63; 66; 37; 63
37,76,0.10402,0.48684,81; 37; 67; 32; 20; 56; 76; 63; 85; 50
48,56,0.11459,0.85714,80; 48; 24; 34; 66; 82; 56; 15; 70; 34
32,65,0.11769,0.49231,72; 32; 7; 70; 26; 59; 65; 55; 25; 69
41,82,0.09638,0.5,51; 41; 51; 14; 7; 71; 82; 76; 56; 19
6,20,0.11794,0.3,45; 6; 70; 56; 37; 36; 20; 36; 31; 10
27,77,0.09138,0.35065,24; 27; 5; 80; 32; 21; 77; 6; 42; 64
16,20,0.13073,0.8,12; 16; 13; 75; 83; 35; 20; 80; 41; 50
23,46,0.13405,0.5,80; 23; 74; 15; 33; 30; 46; 83; 37; 38
40,49,0.13271,0.81633,45; 40; 47; 78; 52; 40; 49; 18; 85; 68
26,46,0.13495,0.56522,11; 26; 24; 67; 53; 45; 46; 73; 23; 63
60,70,0.09536,0.85714,41; 60; 40; 77; 54; 27; 70; 35; 84; 71
36,78,0.10476,0.46154,64; 36; 37; 34; 32; 52; 78; 11; 82; 56
18,62,0.11422,0.29032,69; 18; 13; 75; 26; 72; 62; 72; 34; 75
17,68,0.11085,0.25,12; 17; 43; 73; 18; 76; 68; 11; 70; 48
25,51,0.13145,0.4902,15; 25; 5; 66; 62; 75; 51; 36; 80; 43
17,59,0.1188,0.28814,22; 17; 56; 34; 48; 20; 59; 10; 59; 80
23,71,0.10123,0.32394,35; 23; 18; 62; 40; 77; 71; 62; 83; 75
42,75,0.10233,0.56,24; 42; 61; 29; 5; 24; 75; 36; 43; 82
25,68,0.1102,0.36765,33; 25; 15; 51; 40; 22; 68; 81; 21; 37
32,65,0.10957,0.49231,20; 32; 77; 76; 47; 60; 65; 39; 34; 55
20,60,0.11225,0.33333,65; 20; 58; 60; 76; 37; 60; 11; 63; 83
59,74,0.08993,0.7973,6; 59; 29; 56; 9; 81; 74; 65; 84; 81
52,66,0.10846,0.78788,67; 52; 43; 71; 79; 42; 66; 9; 51; 29
20,35,0.13515,0.57143,44; 20; 62; 77; 63; 67; 35; 8; 23; 41
19,58,0.12477,0.32759,71; 19; 49; 43; 29; 19; 58; 24; 36; 78
28,79,0.09787,0.35443,48; 28; 12; 27; 35; 35; 79; 57; 25; 19
8,23,0.13556,0.34783,13; 8; 69; 27; 49; 70; 23; 24; 31; 52
18,49,0.13316,0.36735,74; 18; 28; 52; 39; 24; 49; 10; 60; 55
16,54,0.11961,0.2963,59; 16; 21; 60; 29; 82; 54; 68; 82; 61
30,54,0.12584,0.55556,52; 30; 19; 71; 41; 62; 54; 26; 14; 56
31,54,0.12684,0.57407,41; 31; 65; 48; 52; 24; 54; 59; 72; 34
16,54,0.12891,0.2963,11; 16; 17; 22; 83; 85; 54; 57; 30; 79
49,62,0.1159,0.79032,65; 49; 45; 16; 37; 77; 62; 30; 14; 19
26,56,0.12391,0.46429,45; 26; 29; 42; 70; 53; 56; 34; 36; 58
67,85,0.07819,0.78824,52; 67; 27; 57; 36; 46; 85; 81; 28; 19
39,68,0.1172,0.57353,39; 39; 13; 17; 83; 23; 68; 28; 77; 55
32,37,0.13383,0.86486,41; 32; 53; 11; 22; 71; 37; 14; 13; 44
10,20,0.1343,0.5,81; 10; 76; 40; 39; 16; 20; 11; 48; 77
26,70,0.10639,0.37143,75; 26; 45; 84; 23; 63; 70; 76; 32; 74
24,75,0.09841,0.32,51; 24; 5; 84; 80; 62; 75; 77; 46; 85
19,22,0.12573,0.86364,21; 19; 73; 22; 78; 66; 22; 30; 16; 60
15,19,0.13086,0.78947,67; 15; 7; 60; 76; 59; 19; 61; 18; 18
40,49,0.13814,0.81633,13; 40; 56; 19; 84; 5; 49; 67; 16; 14
25,72,0.11064,0.34722,15; 25; 54; 72; 75; 85; 72; 85; 76; 24
63,80,0.08518,0.7875,44; 63; 11; 21; 49; 68; 80; 30; 69; 65
40,80,0.09913,0.5,34; 40; 6; 14; 38; 38; 80; 46; 48; 68
26,79,0.09488,0.32911,78; 26; 21; 6; 65; 52; 79; 35; 55; 79
8,34,0.13508,0.23529,47; 8; 57; 56; 46; 12; 34; 15; 31; 26
16,57,0.12229,0.2807,19; 16; 84; 45; 13; 38; 57; 29; 14; 39
64,80,0.09195,0.8,69; 64; 74; 57; 59; 5; 80; 35; 69; 75
13,28,0.13035,0.46429,22; 13; 63; 10; 64; 8; 28; 13; 18; 8
20,85,0.08876,0.23529,52; 20; 78; 64; 70; 12; 85; 35; 63; 71
11,33,0.139,0.33333,21; 11; 10; 44; 62; 26; 33; 12; 79; 42
21,66,0.11064,0.31818,39; 21; 49; 67; 23; 45; 66; 84; 24; 32
43,50,0.13847,0.86,28; 43; 6; 59; 62; 62; 50; 80; 43; 54
51,62,0.11267,0.82258,18; 51; 53; 14; 28; 31; 62; 52; 48; 39
65,82,0.07781,0.79268,61; 65; 71; 11; 85; 65; 82; 49; 11; 57
11,33,0.13736,0.33333,35; 11; 81; 46; 74; 61; 33; 56; 58; 44
24,79,0.09737,0.3038,25; 24; 65; 20; 55; 61; 79; 26; 31; 18
28,49,0.13335,0.57143,13; 28; 43; 14; 61; 69; 49; 82; 40; 54
23,78,0.10017,0.29487,20; 23; 6; 12; 15; 41; 78; 24; 60; 56
32,38,0.13871,0.84211,37; 32; 49; 15; 84; 21; 38; 77; 38; 74
23,40,0.12976,0.575,10; 23; 10; 83; 60; 79; 40; 32; 47; 11
22,62,0.11455,0.35484,38; 22; 38; 62; 82; 33; 62; 54; 11; 46
35,44,0.13649,0.79545,49; 35; 85; 21; 34; 74; 44; 40; 74; 48
33,68,0.11439,0.48529,52; 33; 37; 46; 65; 26; 68; 80; 25; 40
15,52,0.12773,0.28846,56; 15; 82; 30; 39; 8; 52; 57; 35; 5
59,74,0.0875,0.7973,47; 59; 21; 47; 68; 48; 74; 70; 41; 84
70,85,0.07646,0.82353,18; 70; 49; 7; 70; 57; 85; 69; 13; 66
14,44,0.13684,0.31818,48; 14; 62; 34; 70; 40; 44; 82; 35; 52
40,70,0.091,0.57143,38; 40; 80; 75; 62; 21; 70; 32; 75; 40
15,45,0.1395,0.33333,42; 15; 27; 12; 61; 43; 45; 27; 79; 69
18,49,0.12978,0.36735,53; 18; 39; 36; 43; 6; 49; 78; 68; 18
11,33,0.13736,0.33333,41; 11; 75; 79; 31; 40; 33; 66; 82; 44
28,85,0.0942,0.32941,75; 28; 25; 79; 58; 56; 85; 10; 38; 17
41,82,0.09562,0.5,27; 41; 78; 14; 9; 64; 82; 25; 77; 51
27,59,0.12415,0.45763,73; 27; 32; 30; 5; 18; 59; 65; 63; 9
19,80,0.10021,0.2375,42; 19; 84; 74; 48; 14; 80; 5; 5; 80
16,65,0.10928,0.24615,80; 16; 78; 77; 42; 80; 65; 35; 84; 67
14,56,0.123,0.25,7; 14; 28; 75; 56; 31; 56; 22; 71; 25
21,76,0.09652,0.27632,21; 21; 63; 7; 25; 71; 76; 58; 33; 51
17,69,0.1096,0.24638,38; 17; 67; 61; 36; 68; 69; 25; 15; 55
7,29,0.12347,0.24138,80; 7; 70; 67; 56; 27; 29; 81; 9; 62
15,27,0.13285,0.55556,54; 15; 65; 35; 74; 33; 27; 57; 46; 46
20,67,0.10316,0.29851,60; 20; 29; 5; 79; 69; 67; 84; 8; 49
19,58,0.11901,0.32759,38; 19; 24; 58; 60; 11; 58; 74; 17; 17
48,61,0.11925,0.78689,47; 48; 54; 34; 17; 36; 61; 40; 15; 30
34,60,0.11821,0.56667,71; 34; 83; 27; 14; 25; 60; 22; 85; 61
38,78,0.10152,0.48718,37; 38; 18; 36; 51; 52; 78; 42; 67; 84
10,41,0.13542,0.2439,30; 10; 76; 84; 8; 71; 41; 15; 60; 41
52,65,0.11025,0.8,17; 52; 80; 20; 7; 12; 65; 85; 38; 70
57,72,0.09908,0.79167,6; 57; 64; 45; 66; 77; 72; 8; 31; 54
61,77,0.08614,0.79221,38; 61; 44; 81; 46; 59; 77; 61; 28; 14
38,78,0.10882,0.48718,6; 38; 57; 58; 55; 12; 78; 62; 83; 46
16,63,0.11544,0.25397,6; 16; 71; 42; 17; 31; 63; 16; 69; 73
29,63,0.11838,0.46032,30; 29; 33; 58; 24; 19; 63; 63; 78; 6
18,37,0.13367,0.48649,17; 18; 15; 85; 25; 69; 37; 35; 24; 29
25,85,0.10086,0.29412,79; 25; 39; 73; 59; 5; 85; 9; 48; 35
27,34,0.13653,0.79412,17; 27; 71; 32; 50; 44; 34; 49; 30; 36
55,64,0.11663,0.85938,23; 55; 39; 60; 49; 28; 64; 75; 67; 11
19,58,0.13,0.32759,11; 19; 21; 75; 67; 15; 58; 43; 52; 74
21,43,0.13694,0.48837,25; 21; 11; 64; 23; 64; 43; 61; 68; 66
17,34,0.1324,0.5,61; 17; 28; 19; 42; 17; 34; 80; 37; 85
23,63,0.12021,0.36508,48; 23; 41; 70; 39; 45; 63; 8; 8; 83
43,50,0.13207,0.86,17; 43; 12; 7; 52; 34; 50; 70; 43; 40
15,50,0.13187,0.3,12; 15; 77; 5; 29; 81; 50; 29; 9; 44
19,76,0.09761,0.25,42; 19; 76; 54; 80; 59; 76; 50; 32; 11
26,79,0.09412,0.32911,77; 26; 58; 17; 38; 64; 79; 53; 74; 64
26,82,0.10151,0.31707,75; 26; 6; 21; 14; 27; 82; 63; 21; 85
16,55,0.1256,0.29091,71; 16; 29; 13; 51; 69; 55; 33; 74; 67
63,79,0.08942,0.79747,85; 63; 81; 15; 45; 16; 79; 39; 22; 37
14,43,0.13495,0.32558,75; 14; 31; 70; 74; 26; 43; 31; 74; 54
6,24,0.11531,0.25,27; 6; 56; 42; 52; 69; 24; 30; 47; 71
65,77,0.08592,0.84416,66; 65; 71; 83; 83; 8; 77; 57; 60; 85
49,61,0.11659,0.80328,82; 49; 44; 48; 16; 9; 61; 20; 77; 75
69,84,0.07311,0.82143,29; 69; 40; 18; 76; 59; 84; 56; 35; 24
22,79,0.09647,0.27848,21; 22; 49; 17; 34; 70; 79; 6; 11; 14
35,70,0.1094,0.5,11; 35; 14; 42; 11; 42; 70; 32; 84; 80
38,67,0.11128,0.56716,52; 38; 17; 85; 54; 33; 67; 43; 32; 18
36,73,0.10838,0.49315,26; 36; 11; 80; 31; 44; 73; 31; 68; 69
14,25,0.1428,0.56,5; 14; 47; 8; 82; 55; 25; 54; 51; 14
55,70,0.10929,0.78571,14; 55; 32; 40; 19; 51; 70; 33; 33; 52
18,36,0.13577,0.5,72; 18; 30; 25; 38; 6; 36; 57; 63; 81
45,81,0.09818,0.55556,74; 45; 25; 15; 16; 45; 81; 60; 5; 44
64,81,0.08497,0.79012,34; 64; 29; 82; 47; 7; 81; 18; 55; 63
25,51,0.13403,0.4902,85; 25; 77; 49; 40; 15; 51; 81; 60; 42
71,85,0.07467,0.83529,16; 71; 68; 42; 15; 63; 85; 8; 17; 32
18,73,0.10313,0.24658,84; 18; 79; 61; 50; 10; 73; 29; 63; 20
16,53,0.12675,0.30189,65; 16; 29; 33; 62; 47; 53; 12; 25; 60
21,42,0.13046,0.5,19; 21; 52; 14; 35; 60; 42; 38; 29; 75
23,82,0.10199,0.28049,32; 23; 7; 14; 42; 39; 82; 45; 54; 43
18,72,0.1022,0.25,84; 18; 12; 79; 76; 71; 72; 81; 70; 57
48,57,0.12565,0.84211,43; 48; 23; 55; 48; 29; 57; 23; 27; 56
29,79,0.0972,0.36709,68; 29; 25; 79; 22; 80; 79; 64; 19; 26
19,57,0.12766,0.33333,49; 19; 60; 71; 32; 25; 57; 56; 39; 65
5,18,0.09587,0.27778,17; 5; 57; 62; 60; 72; 18; 40; 59; 24
33,67,0.11035,0.49254,61; 33; 50; 30; 38; 76; 67; 22; 51; 55
11,30,0.14556,0.36667,67; 11; 49; 23; 31; 36; 30; 13; 50; 55
6,25,0.10982,0.24,56; 6; 32; 45; 29; 36; 25; 56; 70; 40
27,78,0.10416,0.34615,57; 27; 78; 65; 68; 6; 78; 84; 12; 79
16,19,0.12665,0.84211,43; 16; 17; 66; 45; 38; 19; 30; 44; 81
6,19,0.10993,0.31579,21; 6; 8; 82; 48; 65; 19; 62; 77; 18
44,79,0.1094,0.55696,70; 44; 12; 54; 26; 81; 79; 47; 50; 44
20,66,0.11242,0.30303,49; 20; 55; 63; 35; 81; 66; 8; 43; 60
48,56,0.11862,0.85714,80; 48; 81; 14; 68; 15; 56; 58; 50; 14
6,12,0.12224,0.5,26; 6; 23; 68; 14; 37; 12; 21; 85; 51
13,53,0.13126,0.24528,20; 13; 37; 79; 82; 32; 53; 47; 21; 54
40,71,0.10448,0.56338,44; 40; 55; 11; 41; 36; 71; 81; 16; 37
5,21,0.10371,0.2381,33; 5; 26; 30; 55; 63; 21; 38; 35; 79
18,57,0.11889,0.31579,30; 18; 78; 68; 18; 38; 57; 53; 74; 47
16,43,0.13784,0.37209,46; 16; 21; 42; 45; 71; 43; 77; 67; 68
12,48,0.13334,0.25,60; 12; 66; 72; 28; 19; 48; 55; 10; 38
66,84,0.07611,0.78571,75; 66; 25; 83; 81; 19; 84; 8; 80; 51
7,22,0.12074,0.31818,18; 7; 18; 15; 34; 21; 22; 27; 17; 85
26,80,0.10075,0.325,63; 26; 53; 31; 9; 59; 80; 10; 48; 51
38,82,0.10424,0.46341,60; 38; 77; 78; 61; 64; 82; 63; 81; 28
20,84,0.0939,0.2381,30; 20; 79; 6; 71; 67; 84; 41; 61; 73
24,80,0.09543,0.3,46; 24; 15; 62; 53; 26; 80; 65; 79; 40
11,40,0.13401,0.275,22; 11; 39; 56; 80; 36; 40; 79; 37; 11
22,39,0.12531,0.5641,53; 22; 13; 26; 6; 10; 39; 60; 16; 46
56,65,0.10683,0.86154,35; 56; 30; 79; 14; 23; 65; 34; 13; 30
26,56,0.12406,0.46429,77; 26; 61; 38; 78; 30; 56; 55; 10; 69
64,76,0.08733,0.84211,64; 64; 10; 18; 5; 77; 76; 52; 82; 43
23,65,0.10715,0.35385,45; 23; 45; 20; 39; 11; 65; 5; 43; 23
65,82,0.07915,0.79268,63; 65; 74; 32; 55; 52; 82; 35; 28; 48
22,45,0.13493,0.48889,74; 22; 57; 40; 84; 51; 45; 74; 41; 81
31,37,0.13445,0.83784,35; 31; 35; 8; 17; 23; 37; 75; 69; 33
9,30,0.1385,0.3,63; 9; 79; 48; 60; 84; 30; 29; 35; 67
57,68,0.10481,0.83824,84; 57; 56; 39; 80; 26; 68; 28; 85; 62
65,82,0.081,0.79268,47; 65; 32; 41; 39; 48; 82; 68; 32; 9
26,53,0.12417,0.49057,28; 26; 23; 6; 13; 40; 53; 49; 53; 17
50,61,0.11089,0.81967,33; 50; 36; 69; 20; 79; 61; 39; 59; 67
44,78,0.10336,0.5641,21; 44; 82; 35; 30; 40; 78; 10; 73; 62
37,44,0.13199,0.84091,80; 37; 55; 80; 5; 49; 44; 32; 68; 68
19,78,0.09659,0.24359,25; 19; 61; 19; 31; 64; 78; 73; 64; 83
26,81,0.0982,0.32099,21; 26; 24; 16; 55; 53; 81; 23; 18; 6
28,80,0.10816,0.35,42; 28; 22; 73; 61; 68; 80; 50; 18; 32
15,63,0.11467,0.2381,61; 15; 19; 20; 63; 74; 63; 66; 70; 22
18,39,0.13202,0.46154,11; 18; 32; 48; 67; 34; 39; 59; 31; 39
62,78,0.08955,0.79487,48; 62; 41; 61; 9; 77; 78; 54; 41; 10
22,66,0.11661,0.33333,61; 22; 57; 37; 36; 84; 66; 42; 67; 45
10,18,0.13036,0.55556,53; 10; 28; 65; 22; 66; 18; 16; 31; 23
10,20,0.13542,0.5,67; 10; 42; 55; 32; 22; 20; 73; 81; 75
15,19,0.13124,0.78947,36; 15; 7; 21; 70; 43; 19; 81; 31; 72
18,75,0.09868,0.24,24; 18; 57; 68; 67; 53; 75; 76; 84; 55
13,39,0.13207,0.33333,56; 13; 23; 22; 59; 81; 39; 23; 30; 31
51,64,0.11255,0.79688,81; 51; 70; 67; 5; 12; 64; 80; 46; 74
32,65,0.11433,0.49231,34; 32; 70; 65; 33; 43; 65; 6; 45; 66
66,77,0.08224,0.85714,21; 66; 78; 41; 48; 55; 77; 67; 21; 34
17,57,0.12595,0.29825,32; 17; 14; 40; 20; 69; 57; 10; 32; 63
35,44,0.14081,0.79545,22; 35; 82; 51; 49; 48; 44; 49; 68; 22
28,50,0.13022,0.56,25; 28; 27; 6; 34; 67; 50; 67; 28; 8
35,61,0.11899,0.57377,25; 35; 18; 76; 66; 80; 61; 67; 6; 50
22,69,0.09761,0.31884,63; 22; 28; 9; 74; 45; 69; 16; 70; 43
19,78,0.09174,0.24359,70; 19; 59; 42; 59; 69; 78; 59; 38; 80
60,76,0.09445,0.78947,79; 60; 58; 82; 22; 42; 76; 58; 79; 45
9,30,0.14605,0.3,61; 9; 85; 57; 55; 16; 30; 29; 85; 35
27,81,0.09262,0.33333,74; 27; 54; 68; 44; 32; 81; 47; 51; 61
27,84,0.09309,0.32143,15; 27; 6; 53; 59; 66; 84; 60; 68; 44
23,29,0.13807,0.7931,76; 23; 8; 12; 37; 45; 29; 18; 48; 6
19,68,0.10649,0.27941,43; 19; 64; 27; 70; 50; 68; 20; 56; 12
13,26,0.13168,0.5,45; 13; 56; 11; 17; 53; 26; 67; 6; 19
64,81,0.08216,0.79012,79; 64; 27; 55; 32; 65; 81; 12; 58; 73
34,60,0.11699,0.56667,70; 34; 30; 78; 11; 63; 60; 58; 40; 52
18,39,0.12756,0.46154,30; 18; 63; 64; 50; 35; 39; 53; 22; 85
25,45,0.13369,0.55556,31; 25; 47; 62; 61; 24; 45; 61; 32; 54
30,53,0.13054,0.56604,77; 30; 37; 80; 53; 38; 53; 30; 70; 63
18,56,0.1193,0.32143,84; 18; 33; 12; 41; 39; 56; 84; 39; 65
15,50,0.13695,0.3,34; 15; 66; 60; 67; 46; 50; 24; 29; 21
24,49,0.13182,0.4898,78; 24; 21; 68; 37; 49; 49; 28; 14; 52
45,55,0.12974,0.81818,11; 45; 6; 68; 68; 74; 55; 62; 74; 8
53,66,0.1083,0.80303,25; 53; 57; 31; 71; 24; 66; 15; 49; 11
41,51,0.13891,0.80392,70; 41; 64; 72; 40; 47; 51; 61; 72; 9
15,43,0.13416,0.34884,20; 15; 72; 63; 18; 67; 43; 57; 84; 36
16,49,0.13087,0.32653,5; 16; 83; 15; 26; 73; 49; 81; 44; 42
57,71,0.09644,0.80282,68; 57; 14; 19; 8; 20; 71; 64; 75; 64
16,43,0.13782,0.37209,8; 16; 72; 79; 37; 75; 43; 35; 26; 19
22,59,0.11803,0.37288,38; 22; 52; 75; 73; 78; 59; 46; 59; 30
17,49,0.13203,0.34694,74; 17; 40; 12; 27; 15; 49; 57; 19; 78
27,47,0.13502,0.57447,71; 27; 33; 18; 63; 64; 47; 59; 26; 14
15,60,0.11748,0.25,54; 15; 59; 42; 23; 77; 60; 42; 19; 51
20,36,0.13848,0.55556,59; 20; 10; 40; 8; 6; 36; 55; 81; 53
14,58,0.12572,0.24138,64; 14; 31; 85; 77; 46; 58; 84; 35; 54
23,73,0.10198,0.31507,43; 23; 29; 64; 6; 25; 73; 7; 5; 7
5,10,0.10842,0.5,54; 5; 20; 19; 67; 49; 10; 74; 67; 61
26,52,0.1247,0.5,20; 26; 46; 68; 55; 48; 52; 46; 57; 6
49,60,0.11804,0.81667,9; 49; 13; 81; 6; 41; 60; 59; 65; 5
33,42,0.13412,0.78571,51; 33; 17; 65; 59; 8; 42; 30; 72; 85
7,19,0.12476,0.36842,50; 7; 76; 5; 80; 68; 19; 5; 48; 79
12,24,0.13867,0.5,53; 12; 10; 65; 68; 76; 24; 32; 80; 61
16,68,0.11469,0.23529,33; 16; 76; 37; 62; 71; 68; 8; 6; 26
25,79,0.09717,0.31646,56; 25; 41; 80; 9; 45; 79; 50; 28; 11
34,69,0.10793,0.49275,44; 34; 47; 37; 51; 30; 69; 26; 33; 32
25,51,0.12852,0.4902,34; 25; 40; 81; 70; 70; 51; 60; 12; 77
24,76,0.10416,0.31579,64; 24; 56; 51; 80; 64; 76; 19; 66; 62
31,68,0.11114,0.45588,63; 31; 29; 53; 22; 15; 68; 85; 82; 57
25,68,0.10559,0.36765,44; 25; 21; 72; 53; 65; 68; 41; 43; 17
17,48,0.1326,0.35417,33; 17; 74; 64; 68; 7; 48; 54; 79; 35
20,25,0.13667,0.8,45; 20; 45; 10; 60; 33; 25; 17; 83; 61
31,67,0.10417,0.46269,58; 31; 11; 24; 17; 52; 67; 42; 69; 71
26,57,0.12149,0.45614,85; 26; 35; 44; 38; 77; 57; 16; 68; 30
30,53,0.12394,0.56604,45; 30; 18; 74; 37; 47; 53; 58; 67; 17
32,40,0.13111,0.8,82; 32; 82; 31; 36; 69; 40; 38; 42; 68
26,70,0.10983,0.37143,44; 26; 20; 17; 24; 22; 70; 37; 24; 75
9,36,0.14375,0.25,69; 9; 85; 38; 61; 73; 36; 52; 65; 14
5,18,0.10337,0.27778,35; 5; 18; 43; 50; 70; 18; 71; 72; 80
55,67,0.10413,0.8209,26; 55; 48; 11; 26; 42; 67; 71; 57; 61
42,49,0.1301,0.85714,61; 42; 20; 46; 39; 56; 49; 22; 66; 11
26,82,0.0908,0.31707,60; 26; 77; 21; 31; 53; 82; 85; 55; 28
61,71,0.09495,0.85915,35; 61; 18; 61; 77; 46; 71; 67; 28; 50
25,85,0.08904,0.29412,13; 25; 61; 9; 84; 7; 85; 77; 60; 23
5,21,0.09718,0.2381,18; 5; 59; 64; 51; 42; 21; 65; 22; 10
19,39,0.14188,0.48718,37; 19; 7; 85; 62; 47; 39; 6; 58; 53
45,56,0.12945,0.80357,32; 45; 9; 5; 74; 32; 56; 36; 35; 85
23,72,0.10421,0.31944,26; 23; 46; 71; 83; 65; 72; 30; 52; 18
43,76,0.10483,0.56579,39; 43; 75; 70; 19; 25; 76; 65; 74; 14
25,51,0.13409,0.4902,62; 25; 12; 40; 41; 55; 51; 59; 71; 21
19,69,0.10336,0.27536,7; 19; 38; 25; 50; 68; 69; 58; 85; 21
12,26,0.1324,0.46154,25; 12; 7; 46; 5; 20; 26; 44; 55; 59
32,56,0.13029,0.57143,22; 32; 15; 9; 64; 30; 56; 68; 74; 67
16,58,0.1202,0.27586,79; 16; 59; 64; 14; 77; 58; 32; 77; 66
18,64,0.1174,0.28125,62; 18; 6; 27; 55; 37; 64; 55; 82; 29
21,76,0.10104,0.27632,47; 21; 26; 22; 58; 47; 76; 74; 42; 52
30,81,0.09357,0.37037,78; 30; 72; 28; 74; 67; 81; 14; 37; 6
32,56,0.12424,0.57143,67; 32; 43; 62; 58; 13; 56; 15; 71; 24
11,33,0.14163,0.33333,33; 11; 63; 11; 35; 7; 33; 28; 51; 51
27,81,0.09882,0.33333,66; 27; 48; 78; 67; 27; 81; 28; 14; 41
22,76,0.1034,0.28947,35; 22; 36; 35; 37; 56; 76; 59; 5; 53
9,38,0.14126,0.23684,33; 9; 31; 38; 50; 18; 38; 40; 36; 45
21,65,0.11098,0.32308,77; 21; 53; 45; 62; 65; 65; 84; 37; 29
26,71,0.10319,0.3662,81; 26; 49; 38; 49; 64; 71; 18; 67; 73
22,44,0.13192,0.5,34; 22; 16; 81; 36; 63; 44; 57; 42; 85
22,74,0.10234,0.2973,42; 22; 28; 61; 9; 41; 74; 66; 55; 40
28,75,0.1054,0.37333,66; 28; 84; 40; 72; 13; 75; 77; 11; 71
20,63,0.11351,0.31746,56; 20; 72; 17; 14; 68; 63; 38; 62; 40
38,77,0.09787,0.49351,42; 38; 15; 15; 37; 82; 77; 5; 80; 52
20,60,0.12083,0.33333,62; 20; 68; 55; 67; 63; 60; 17; 69; 65
20,63,0.10905,0.31746,78; 20; 78; 18; 13; 73; 63; 32; 79; 78
10,30,0.14496,0.33333,13; 10; 33; 31; 59; 30; 30; 49; 25; 49
35,76,0.09976,0.46053,30; 35; 66; 85; 22; 80; 76; 41; 85; 15
20,36,0.13936,0.55556,9; 20; 14; 29; 48; 36; 36; 73; 12; 56
23,82,0.09239,0.28049,34; 23; 12; 45; 54; 41; 82; 30; 13; 40
14,28,0.13745,0.5,17; 14; 27; 41; 5; 40; 28; 79; 28; 7
70,85,0.07483,0.82353,84; 70; 59; 25; 67; 42; 85; 34; 80; 80
9,32,0.1438,0.28125,13; 9; 44; 43; 58; 23; 32; 55; 30; 67
11,31,0.13342,0.35484,64; 11; 44; 78; 59; 79; 31; 84; 79; 64
24,85,0.08872,0.28235,80; 24; 12; 5; 21; 60; 85; 51; 46; 72
21,72,0.10082,0.29167,38; 21; 75; 63; 12; 38; 72; 35; 43; 77
52,66,0.10791,0.78788,35; 52; 20; 36; 49; 43; 66; 34; 7; 81
41,52,0.13352,0.78846,66; 41; 51; 62; 44; 51; 52; 16; 64; 43
72,84,0.07502,0.85714,13; 72; 8; 72; 21; 30; 84; 56; 29; 52
32,38,0.1386,0.84211,24; 32; 79; 80; 34; 43; 38; 42; 12; 27
48,57,0.11447,0.84211,82; 48; 6; 21; 21; 31; 57; 49; 81; 52
13,28,0.13536,0.46429,81; 13; 69; 82; 29; 18; 28; 47; 66; 80
16,46,0.13864,0.34783,74; 16; 32; 13; 23; 84; 46; 20; 85; 83
20,68,0.10916,0.29412,64; 20; 33; 27; 15; 25; 68; 24; 26; 81
38,78,0.09833,0.48718,61; 38; 55; 41; 29; 68; 78; 39; 16; 76
54,64,0.10985,0.84375,22; 54; 84; 40; 6; 64; 64; 62; 62; 8
17,69,0.10478,0.24638,66; 17; 59; 69; 48; 17; 69; 77; 31; 48
37,74,0.10382,0.5,34; 37; 31; 18; 31; 37; 74; 45; 46; 13
15,46,0.13934,0.32609,12; 15; 13; 41; 85; 73; 46; 63; 57; 15
22,68,0.11344,0.32353,47; 22; 58; 31; 31; 8; 68; 74; 78; 47
20,35,0.13293,0.57143,64; 20; 80; 13; 84; 28; 35; 57; 73; 19
68,83,0.0751,0.81928,65; 68; 65; 52; 27; 37; 83; 75; 32; 59
10,42,0.14573,0.2381,85; 10; 30; 41; 11; 62; 42; 48; 35; 24
41,73,0.11012,0.56164,83; 41; 66; 20; 76; 44; 73; 14; 17; 13
21,46,0.1302,0.45652,23; 21; 28; 69; 14; 7; 46; 79; 22; 6
18,61,0.10686,0.29508,13; 18; 16; 5; 6; 24; 61; 45; 7; 50
43,51,0.13274,0.84314,10; 43; 47; 37; 83; 63; 51; 85; 54; 47
21,85,0.08694,0.24706,47; 21; 54; 75; 29; 69; 85; 5; 25; 43
14,38,0.13098,0.36842,79; 14; 31; 65; 76; 21; 38; 35; 33; 43
13,39,0.14396,0.33333,10; 13; 30; 23; 14; 32; 39; 64; 31; 68
19,79,0.09619,0.24051,58; 19; 46; 37; 33; 70; 79; 34; 48; 41
21,63,0.11311,0.33333,49; 21; 8; 10; 8; 54; 63; 36; 30; 65
17,37,0.13331,0.45946,49; 17; 29; 52; 41; 7; 37; 47; 33; 37
18,49,0.1179,0.36735,26; 18; 52; 13; 51; 40; 49; 44; 12; 53
22,69,0.11046,0.31884,5; 22; 59; 13; 59; 45; 69; 56; 28; 48
19,68,0.10396,0.27941,83; 19; 27; 83; 47; 75; 68; 61; 10; 53
12,14,0.13644,0.85714,80; 12; 45; 9; 26; 83; 14; 25; 50; 10
16,28,0.13303,0.57143,61; 16; 79; 16; 45; 68; 28; 67; 15; 8
12,21,0.13725,0.57143,55; 12; 7; 7; 56; 51; 21; 9; 46; 42
27,47,0.13905,0.57447,11; 27; 34; 37; 58; 22; 47; 12; 75; 28
14,49,0.1296,0.28571,76; 14; 70; 47; 5; 67; 49; 23; 63; 14
48,61,0.11776,0.78689,30; 48; 13; 37; 57; 17; 61; 41; 79; 60
28,57,0.12151,0.49123,13; 28; 8; 80; 5; 18; 57; 63; 81; 25
21,60,0.12039,0.35,76; 21; 49; 74; 71; 16; 60; 37; 56; 68
22,79,0.0931,0.27848,29; 22; 44; 63; 58; 53; 79; 11; 26; 49
62,78,0.07977,0.79487,36; 62; 57; 48; 69; 5; 78; 34; 68; 25
27,81,0.10057,0.33333,20; 27; 14; 80; 9; 51; 81; 17; 52; 44
33,41,0.13994,0.80488,46; 33; 17; 15; 35; 26; 41; 23; 59; 72
70,81,0.07671,0.8642,53; 70; 55; 76; 56; 45; 81; 66; 26; 42
68,85,0.07384,0.8,81; 68; 42; 60; 72; 77; 85; 30; 48; 56
64,81,0.08144,0.79012,53; 64; 50; 77; 66; 24; 81; 64; 16; 5
19,78,0.09801,0.24359,78; 19; 48; 57; 41; 55; 78; 70; 7; 36
17,61,0.1215,0.27869,85; 17; 25; 25; 19; 80; 61; 68; 68; 9
30,54,0.13351,0.55556,7; 30; 37; 74; 77; 6; 54; 20; 13; 21
24,49,0.12841,0.4898,72; 24; 85; 59; 18; 17; 49; 16; 58; 85
10,41,0.1352,0.2439,59; 10; 31; 78; 47; 47; 41; 25; 60; 85
16,58,0.11907,0.27586,12; 16; 8; 65; 29; 56; 58; 7; 85; 36
27,55,0.13237,0.49091,64; 27; 16; 5; 61; 48; 55; 68; 34; 57
16,46,0.1342,0.34783,29; 16; 7; 57; 46; 44; 46; 81; 11; 44
20,85,0.08921,0.23529,10; 20; 59; 59; 13; 30; 85; 41; 78; 5
22,59,0.12059,0.37288,19; 22; 11; 33; 65; 79; 59; 58; 56; 47
45,55,0.12222,0.81818,63; 45; 37; 67; 40; 42; 55; 12; 55; 58
69,84,0.0785,0.82143,73; 69; 52; 20; 35; 79; 84; 85; 20; 28
7,19,0.12491,0.36842,67; 7; 40; 53; 40; 84; 19; 52; 46; 82
6,25,0.11456,0.24,57; 6; 66; 18; 43; 10; 25; 72; 17; 30
68,83,0.07644,0.81928,36; 68; 64; 18; 28; 11; 83; 23; 63; 32
30,65,0.1131,0.46154,85; 30; 36; 29; 47; 45; 65; 23; 58; 76
18,36,0.12936,0.5,80; 18; 30; 74; 30; 10; 36; 15; 68; 11
53,63,0.11195,0.84127,13; 53; 78; 8; 26; 61; 63; 16; 65; 26
7,29,0.12446,0.24138,75; 7; 67; 46; 40; 62; 29; 81; 71; 25
22,69,0.10625,0.31884,12; 22; 5; 31; 59; 71; 69; 58; 19; 84
55,64,0.11031,0.85938,51; 55; 48; 85; 75; 48; 64; 40; 12; 45
17,68,0.10994,0.25,41; 17; 47; 78; 44; 34; 68; 41; 65; 50
60,76,0.0915,0.78947,16; 60; 73; 56; 41; 13; 76; 29; 40; 45
64,80,0.08209,0.8,55; 64; 13; 42; 68; 33; 80; 32; 12; 39
30,54,0.13379,0.55556,19; 30; 43; 14; 54; 58; 54; 60; 83; 71
14,46,0.13664,0.30435,70; 14; 19; 30; 75; 40; 46; 62; 16; 44
22,77,0.09567,0.28571,80; 22; 17; 85; 7; 66; 77; 49; 24; 25
41,49,0.1292,0.83673,21; 41; 66; 75; 7; 17; 49; 65; 40; 74
36,42,0.13689,0.85714,66; 36; 55; 50; 44; 20; 42; 58; 76; 57
65,77,0.08473,0.84416,77; 65; 52; 34; 46; 33; 77; 31; 21; 74
18,62,0.12112,0.29032,12; 18; 17; 7; 61; 65; 62; 55; 55; 37
25,45,0.13972,0.55556,50; 25; 51; 26; 56; 37; 45; 33; 31; 35
21,64,0.10757,0.32812,83; 21; 38; 23; 56; 13; 64; 29; 25; 51
37,45,0.137,0.82222,29; 37; 46; 25; 57; 62; 45; 16; 80; 26
6,19,0.1107,0.31579,61; 6; 73; 49; 47; 26; 19; 7; 36; 18
65,81,0.0818,0.80247,8; 65; 7; 55; 8; 23; 81; 20; 74; 75
13,23,0.13284,0.56522,85; 13; 52; 63; 46; 79; 23; 20; 15; 51
16,46,0.13225,0.34783,85; 16; 33; 55; 18; 42; 46; 34; 42; 9
32,69,0.09825,0.46377,34; 32; 6; 37; 69; 78; 69; 46; 36; 81
46,56,0.13153,0.82143,30; 46; 69; 62; 64; 72; 56; 34; 84; 34
16,32,0.14218,0.5,21; 16; 70; 49; 40; 80; 32; 75; 21; 60
51,61,0.1148,0.83607,33; 51; 69; 65; 32; 48; 61; 63; 21; 11
69,80,0.07898,0.8625,77; 69; 60; 42; 24; 45; 80; 35; 75; 67
36,74,0.10515,0.48649,64; 36; 84; 71; 84; 37; 74; 45; 49; 51
20,62,0.11919,0.32258,48; 20; 32; 64; 49; 30; 62; 30; 85; 84
57,72,0.09757,0.79167,6; 57; 70; 45; 15; 54; 72; 19; 59; 82
40,80,0.09837,0.5,17; 40; 26; 18; 22; 18; 80; 63; 82; 69
11,39,0.1394,0.28205,9; 11; 67; 7; 22; 70; 39; 20; 78; 36
20,63,0.118,0.31746,40; 20; 79; 58; 56; 34; 63; 59; 10; 56
5,18,0.09958,0.27778,32; 5; 59; 33; 28; 22; 18; 83; 72; 36
13,39,0.1411,0.33333,11; 13; 9; 71; 8; 45; 39; 53; 84; 33
14,28,0.13671,0.5,16; 14; 54; 83; 8; 11; 28; 70; 75; 75
20,82,0.08789,0.2439,45; 20; 82; 75; 25; 32; 82; 52; 14; 67
28,56,0.12748,0.5,45; 28; 33; 51; 13; 35; 56; 35; 49; 15
20,66,0.10754,0.30303,38; 20; 28; 28; 79; 18; 66; 76; 72; 75
20,66,0.10961,0.30303,36; 20; 46; 77; 8; 71; 66; 26; 29; 55
42,75,0.10319,0.56,33; 42; 64; 68; 53; 71; 75; 21; 52; 7
20,60,0.11278,0.33333,20; 20; 18; 63; 84; 41; 60; 21; 10; 5
17,69,0.10824,0.24638,18; 17; 34; 33; 85; 60; 69; 7; 82; 69
16,56,0.12672,0.28571,46; 16; 23; 47; 59; 13; 56; 80; 47; 52
63,75,0.08678,0.84,31; 63; 39; 77; 36; 64; 75; 69; 61; 47
30,82,0.09594,0.36585,18; 30; 74; 84; 55; 75; 82; 51; 7; 81
14,25,0.12978,0.56,63; 14; 83; 59; 41; 18; 25; 23; 85; 8
14,50,0.13046,0.28,35; 14; 40; 45; 10; 8; 50; 80; 39; 33
10,30,0.14225,0.33333,69; 10; 12; 25; 22; 24; 30; 23; 64; 10
30,85,0.0973,0.35294,29; 30; 61; 70; 42; 14; 85; 52; 46; 35
19,54,0.126,0.35185,35; 19; 54; 33; 71; 23; 54; 73; 54; 81
37,75,0.10002,0.49333,17; 37; 37; 17; 20; 53; 75; 68; 84; 31
63,79,0.09011,0.79747,34; 63; 16; 74; 23; 37; 79; 28; 47; 18
33,72,0.1133,0.45833,6; 33; 83; 27; 12; 38; 72; 46; 62; 27
16,49,0.13155,0.32653,59; 16; 82; 85; 77; 35; 49; 68; 9; 53
27,85,0.08318,0.31765,36; 27; 9; 51; 82; 73; 85; 30; 56; 55
44,78,0.10381,0.5641,14; 44; 16; 7; 6; 53; 78; 9; 83; 75
37,45,0.13344,0.82222,64; 37; 35; 19; 57; 38; 45; 77; 48; 23
38,78,0.09481,0.48718,66; 38; 38; 23; 64; 74; 78; 37; 58; 45
23,77,0.09793,0.2987,68; 23; 35; 79; 46; 44; 77; 44; 37; 24
23,76,0.09879,0.30263,22; 23; 7; 82; 85; 10; 76; 73; 15; 21
48,60,0.12049,0.8,25; 48; 29; 14; 20; 9; 60; 22; 50; 32
15,54,0.13039,0.27778,81; 15; 44; 17; 33; 70; 54; 79; 17; 13
12,51,0.1377,0.23529,47; 12; 35; 13; 43; 29; 51; 36; 21; 40
7,25,0.12895,0.28,35; 7; 28; 73; 54; 59; 25; 16; 15; 64
73,85,0.07508,0.85882,54; 73; 56; 14; 21; 22; 85; 26; 70; 5
41,72,0.10036,0.56944,45; 41; 32; 21; 76; 37; 72; 76; 12; 31
22,74,0.09913,0.2973,20; 22; 58; 47; 52; 11; 74; 34; 60; 47
7,22,0.1275,0.31818,55; 7; 80; 84; 14; 15; 22; 29; 65; 48
19,52,0.12224,0.36538,78; 19; 7; 58; 68; 74; 52; 68; 65; 32
8,32,0.13763,0.25,77; 8; 12; 79; 16; 73; 32; 29; 29; 21
14,59,0.11805,0.23729,80; 14; 31; 64; 26; 51; 59; 80; 29; 67
26,46,0.134,0.56522,85; 26; 20; 17; 24; 66; 46; 83; 56; 63
25,71,0.11516,0.35211,81; 25; 29; 20; 61; 49; 71; 41; 62; 15
15,63,0.11769,0.2381,79; 15; 45; 33; 32; 17; 63; 75; 7; 30
12,49,0.13688,0.2449,35; 12; 83; 80; 71; 42; 49; 29; 23; 30
28,84,0.08837,0.33333,40; 28; 43; 18; 25; 7; 84; 23; 8; 61
25,54,0.1239,0.46296,44; 25; 28; 43; 58; 51; 54; 20; 14; 64
15,60,0.12273,0.25,13; 15; 50; 25; 33; 36; 60; 30; 18; 21
26,31,0.14488,0.83871,45; 26; 80; 77; 39; 26; 31; 54; 58; 22
14,49,0.13738,0.28571,56; 14; 13; 43; 52; 50; 49; 8; 23; 15
17,48,0.12698,0.35417,69; 17; 48; 55; 27; 8; 48; 27; 38; 31
5,10,0.10892,0.5,73; 5; 38; 85; 36; 49; 10; 63; 69; 18
23,29,0.12906,0.7931,77; 23; 65; 66; 6; 45; 29; 40; 60; 25
14,17,0.13415,0.82353,73; 14; 52; 79; 61; 46; 17; 22; 23; 83
53,66,0.10147,0.80303,52; 53; 51; 54; 49; 27; 66; 63; 64; 72
19,79,0.10228,0.24051,77; 19; 36; 60; 59; 25; 79; 13; 61; 49
39,80,0.0956,0.4875,73; 39; 16; 35; 37; 5; 80; 82; 79; 49
28,56,0.12737,0.5,19; 28; 60; 62; 16; 45; 56; 37; 60; 59
14,47,0.13387,0.29787,69; 14; 24; 36; 69; 44; 47; 62; 75; 77
37,44,0.14339,0.84091,7; 37; 36; 60; 6; 16; 44; 19; 54; 43
61,76,0.087,0.80263,64; 61; 83; 19; 51; 70; 76; 43; 37; 41
27,55,0.12452,0.49091,31; 27; 35; 54; 67; 68; 55; 18; 48; 60
68,81,0.07575,0.83951,5; 68; 75; 26; 69; 74; 81; 59; 80; 8
25,29,0.13451,0.86207,69; 25; 60; 30; 42; 6; 29; 26; 53; 50
65,79,0.08363,0.82278,23; 65; 55; 60; 48; 39; 79; 32; 14; 43
23,71,0.10394,0.32394,23; 23; 61; 27; 42; 24; 71; 41; 9; 34
25,76,0.09717,0.32895,70; 25; 66; 67; 21; 84; 76; 85; 43; 37
18,49,0.13556,0.36735,14; 18; 76; 72; 43; 54; 49; 42; 16; 13
60,73,0.09053,0.82192,10; 60; 79; 63; 15; 5; 73; 10; 10; 29
9,16,0.13766,0.5625,81; 9; 84; 64; 64; 76; 16; 41; 45; 55
35,70,0.10678,0.5,42; 35; 35; 25; 68; 67; 70; 76; 61; 42
25,44,0.1233,0.56818,15; 25; 50; 16; 42; 47; 44; 25; 81; 34
66,79,0.08494,0.83544,74; 66; 77; 12; 79; 71; 79; 84; 74; 8
28,85,0.0932,0.32941,39; 28; 51; 54; 14; 79; 85; 12; 18; 47
42,74,0.10312,0.56757,38; 42; 19; 52; 54; 36; 74; 32; 27; 31
26,70,0.10612,0.37143,62; 26; 24; 20; 11; 30; 70; 51; 41; 13
19,63,0.11225,0.30159,41; 19; 24; 56; 21; 48; 63; 69; 8; 64
8,28,0.13897,0.28571,54; 8; 10; 26; 69; 19; 28; 43; 24; 32
55,67,0.10102,0.8209,64; 55; 17; 45; 50; 73; 67; 67; 24; 47
66,84,0.07866,0.78571,67; 66; 44; 18; 34; 51; 84; 14; 19; 59
27,59,0.12163,0.45763,42; 27; 37; 40; 65; 9; 59; 27; 27; 14
53,63,0.11133,0.84127,77; 53; 28; 21; 61; 31; 63; 56; 32; 30
42,75,0.106,0.56,43; 42; 70; 47; 20; 31; 75; 71; 72; 80
22,77,0.09713,0.28571,17; 22; 69; 57; 12; 59; 77; 66; 82; 42
53,65,0.11115,0.81538,42; 53; 74; 24; 49; 57; 65; 5; 72; 25
40,49,0.13821,0.81633,19; 40; 35; 25; 17; 60; 49; 33; 27; 35
51,59,0.1235,0.86441,28; 51; 56; 27; 78; 75; 59; 37; 5; 17
26,57,0.12975,0.45614,56; 26; 36; 81; 49; 7; 57; 40; 65; 19
24,84,0.08673,0.28571,31; 24; 21; 20; 80; 77; 84; 64; 68; 48
24,49,0.13127,0.4898,56; 24; 49; 10; 12; 43; 49; 14; 18; 80
27,82,0.10455,0.32927,62; 27; 85; 14; 55; 54; 82; 24; 82; 13
17,69,0.10794,0.24638,68; 17; 35; 14; 40; 42; 69; 51; 41; 28
22,74,0.09373,0.2973,13; 22; 24; 81; 64; 8; 74; 41; 83; 35
12,26,0.13668,0.46154,80; 12; 6; 16; 7; 36; 26; 70; 61; 69
12,26,0.13451,0.46154,77; 12; 50; 84; 36; 38; 26; 48; 7; 12
58,71,0.0976,0.8169,19; 58; 66; 69; 76; 71; 71; 29; 81; 24
26,82,0.09529,0.31707,81; 26; 75; 49; 74; 61; 82; 5; 58; 79
5,9,0.11417,0.55556,24; 5; 83; 13; 46; 54; 9; 27; 49; 18
13,37,0.13925,0.35135,51; 13; 7; 66; 50; 11; 37; 44; 53; 68
65,76,0.08328,0.85526,7; 65; 30; 65; 45; 19; 76; 65; 61; 10
8,16,0.1307,0.5,32; 8; 60; 20; 17; 13; 16; 22; 7; 23
18,61,0.11717,0.29508,84; 18; 51; 42; 9; 17; 61; 58; 47; 81
5,18,0.10069,0.27778,34; 5; 74; 77; 57; 68; 18; 22; 32; 73
47,84,0.09641,0.55952,43; 47; 37; 65; 51; 38; 84; 8; 5; 85
45,80,0.10206,0.5625,82; 45; 27; 40; 16; 31; 80; 15; 12; 27
12,38,0.13389,0.31579,27; 12; 79; 22; 15; 20; 38; 23; 29; 25
25,72,0.11116,0.34722,7; 25; 79; 58; 27; 35; 72; 57; 27; 27
37,80,0.10228,0.4625,27; 37; 48; 66; 51; 36; 80; 69; 24; 76
10,31,0.14137,0.32258,39; 10; 15; 51; 72; 33; 31; 64; 25; 10
54,66,0.10425,0.81818,23; 54; 69; 19; 16; 13; 66; 21; 25; 52
18,71,0.1079,0.25352,6; 18; 20; 47; 8; 9; 71; 46; 24; 23
54,63,0.11121,0.85714,80; 54; 27; 11; 25; 18; 63; 17; 17; 54
15,50,0.12633,0.3,80; 15; 45; 23; 73; 36; 50; 71; 18; 31
40,49,0.13596,0.81633,12; 40; 73; 73; 63; 67; 49; 69; 72; 72
22,62,0.1142,0.35484,25; 22; 48; 52; 33; 19; 62; 34; 62; 65
27,33,0.13239,0.81818,43; 27; 63; 27; 70; 80; 33; 38; 81; 23
14,55,0.12877,0.25455,20; 14; 34; 44; 25; 15; 55; 38; 28; 47
22,59,0.11714,0.37288,27; 22; 44; 43; 16; 46; 59; 69; 55; 69
27,48,0.14008,0.5625,50; 27; 37; 23; 25; 31; 48; 5; 65; 38
49,57,0.11867,0.85965,65; 49; 56; 52; 82; 28; 57; 26; 56; 31
21,43,0.13501,0.48837,30; 21; 83; 68; 75; 49; 43; 64; 52; 82
31,62,0.10891,0.5,9; 31; 48; 57; 17; 65; 62; 56; 83; 74
15,60,0.11771,0.25,62; 15; 51; 77; 74; 19; 60; 24; 11; 5
16,32,0.12461,0.5,24; 16; 12; 11; 58; 79; 32; 44; 77; 26
13,41,0.134,0.31707,6; 13; 80; 36; 25; 41; 41; 78; 61; 30
36,42,0.13085,0.85714,47; 36; 52; 37; 57; 26; 42; 5; 51; 34
41,83,0.09698,0.49398,44; 41; 22; 33; 69; 73; 83; 10; 61; 34
41,52,0.12767,0.78846,60; 41; 54; 9; 74; 11; 52; 17; 81; 18
37,43,0.13576,0.86047,74; 37; 77; 7; 29; 37; 43; 9; 13; 64
35,63,0.11846,0.55556,54; 35; 82; 76; 47; 39; 63; 79; 51; 65
11,22,0.1365,0.5,43; 11; 11; 77; 42; 83; 22; 41; 33; 36
72,84,0.07407,0.85714,70; 72; 45; 48; 79; 75; 84; 45; 23; 57
20,57,0.12547,0.35088,62; 20; 64; 74; 12; 5; 57; 82; 26; 45
25,72,0.10803,0.34722,66; 25; 38; 44; 78; 42; 72; 70; 16; 29
14,48,0.12913,0.29167,16; 14; 85; 25; 38; 42; 48; 11; 57; 33
68,85,0.07731,0.8,59; 68; 50; 41; 25; 13; 85; 83; 77; 49
6,12,0.12434,0.5,78; 6; 74; 85; 58; 6; 12; 78; 59; 7
9,32,0.13654,0.28125,38; 9; 26; 75; 82; 40; 32; 29; 31; 6
30,85,0.09186,0.35294,47; 30; 63; 61; 39; 29; 85; 43; 77; 63
10,31,0.13775,0.32258,13; 10; 74; 53; 36; 30; 31; 22; 46; 56
9,30,0.14755,0.3,61; 9; 10; 75; 15; 13; 30; 21; 27; 16
26,33,0.13387,0.78788,21; 26; 51; 79; 54; 17; 33; 57; 36; 85
46,82,0.09232,0.56098,74; 46; 56; 25; 85; 83; 82; 65; 26; 72
20,72,0.1064,0.27778,45; 20; 30; 46; 51; 27; 72; 22; 79; 12
36,79,0.10066,0.4557,6; 36; 23; 13; 30; 85; 79; 65; 40; 36
16,64,0.11378,0.25,18; 16; 76; 10; 71; 68; 64; 32; 44; 52
14,38,0.13479,0.36842,53; 14; 81; 5; 47; 52; 38; 69; 23; 54
15,19,0.13244,0.78947,37; 15; 20; 75; 69; 57; 19; 8; 32; 50
28,76,0.09791,0.36842,77; 28; 36; 75; 67; 50; 76; 6; 85; 34
29,51,0.13724,0.56863,19; 29; 17; 83; 70; 66; 51; 68; 23; 80
59,75,0.09459,0.78667,12; 59; 18; 78; 18; 41; 75; 72; 30; 38
23,40,0.13799,0.575,31; 23; 85; 40; 64; 8; 40; 57; 70; 27
20,66,0.1127,0.30303,57; 20; 49; 36; 37; 51; 66; 23; 43; 41
16,35,0.13237,0.45714,52; 16; 43; 16; 44; 60; 35; 65; 18; 26
13,26,0.1299,0.5,46; 13; 40; 8; 82; 80; 26; 70; 59; 30
48,56,0.12813,0.85714,31; 48; 9; 58; 76; 27; 56; 58; 5; 25
56,70,0.09939,0.8,77; 56; 19; 80; 70; 8; 70; 73; 77; 47
66,79,0.08337,0.83544,35; 66; 23; 84; 5; 9; 79; 23; 37; 20
10,40,0.14344,0.25,50; 10; 28; 56; 45; 11; 40; 25; 41; 35
28,61,0.11877,0.45902,8; 28; 56; 38; 59; 38; 61; 48; 63; 82
10,34,0.14004,0.29412,42; 10; 44; 22; 81; 61; 34; 60; 60; 83
24,28,0.13504,0.85714,35; 24; 69; 30; 21; 20; 28; 29; 12; 43
24,84,0.09585,0.28571,51; 24; 57; 27; 66; 58; 84; 58; 82; 69
32,64,0.1199,0.5,45; 32; 31; 18; 63; 24; 64; 59; 48; 45
26,75,0.10314,0.34667,50; 26; 69; 75; 26; 31; 75; 36; 27; 75
5,15,0.1024,0.33333,41; 5; 83; 78; 9; 59; 15; 72; 81; 24
18,39,0.13629,0.46154,12; 18; 61; 68; 32; 73; 39; 72; 69; 33
22,66,0.11637,0.33333,37; 22; 73; 6; 74; 41; 66; 41; 15; 77
20,35,0.13244,0.57143,17; 20; 14; 55; 61; 33; 35; 28; 83; 10
40,81,0.09278,0.49383,43; 40; 11; 26; 70; 60; 81; 55; 58; 64
33,72,0.1078,0.45833,79; 33; 31; 10; 32; 19; 72; 33; 62; 79
31,68,0.10703,0.45588,8; 31; 29; 58; 85; 51; 68; 63; 39; 64
29,51,0.12961,0.56863,60; 29; 72; 27; 24; 73; 51; 38; 73; 27
36,42,0.13908,0.85714,25; 36; 25; 81; 29; 31; 42; 53; 17; 84
10,31,0.13708,0.32258,71; 10; 42; 55; 65; 27; 31; 43; 14; 20
60,75,0.08892,0.8,47; 60; 35; 75; 74; 47; 75; 77; 61; 14
26,53,0.12908,0.49057,50; 26; 51; 21; 38; 31; 53; 6; 75; 80
14,50,0.1264,0.28,10; 14; 62; 34; 73; 58; 50; 15; 26; 83
16,56,0.12177,0.28571,70; 16; 16; 9; 85; 57; 56; 46; 8; 16
30,53,0.12803,0.56604,80; 30; 62; 27; 78; 79; 53; 60; 26; 31
18,21,0.13243,0.85714,36; 18; 12; 35; 28; 52; 21; 14; 85; 54
23,82,0.09538,0.28049,74; 23; 84; 71; 65; 77; 82; 28; 26; 19
34,70,0.10976,0.48571,34; 34; 46; 43; 57; 44; 70; 25; 61; 76
48,61,0.11568,0.78689,84; 48; 76; 23; 33; 67; 61; 55; 16; 75
56,65,0.1093,0.86154,15; 56; 59; 65; 12; 76; 65; 76; 30; 35
69,84,0.07788,0.82143,18; 69; 74; 49; 79; 7; 84; 56; 69; 49
5,17,0.10137,0.29412,42; 5; 15; 33; 16; 27; 17; 55; 75; 50
55,69,0.09991,0.7971,20; 55; 11; 9; 50; 60; 69; 12; 49; 6
30,54,0.13108,0.55556,16; 30; 28; 73; 38; 32; 54; 6; 72; 71
36,78,0.10824,0.46154,72; 36; 44; 39; 12; 56; 78; 82; 46; 77
36,72,0.11052,0.5,48; 36; 50; 84; 24; 24; 72; 20; 33; 24
31,68,0.10511,0.45588,11; 31; 67; 70; 10; 42; 68; 55; 84; 24
25,78,0.09159,0.32051,29; 25; 11; 14; 19; 59; 78; 51; 63; 25
41,84,0.09234,0.4881,27; 41; 26; 59; 10; 44; 84; 21; 48; 58
26,82,0.09542,0.31707,48; 26; 78; 12; 55; 70; 82; 30; 61; 11
38,78,0.10512,0.48718,23; 38; 23; 80; 81; 62; 78; 74; 10; 14
23,41,0.12889,0.56098,58; 23; 60; 56; 65; 83; 41; 23; 33; 49
26,46,0.13111,0.56522,58; 26; 61; 37; 70; 45; 46; 42; 10; 11
31,55,0.12782,0.56364,20; 31; 59; 32; 13; 43; 55; 18; 51; 12
60,75,0.08886,0.8,79; 60; 72; 59; 28; 41; 75; 67; 26; 54
50,58,0.11579,0.86207,48; 50; 83; 62; 25; 27; 58; 73; 31; 47
16,55,0.12701,0.29091,55; 16; 10; 16; 23; 37; 55; 42; 32; 45
73,85,0.0752,0.85882,46; 73; 69; 74; 83; 15; 85; 13; 47; 13
41,72,0.10704,0.56944,77; 41; 41; 9; 79; 44; 72; 82; 7; 61
14,17,0.13127,0.82353,32; 14; 27; 66; 77; 66; 17; 34; 58; 71
46,81,0.1007,0.5679,55; 46; 40; 61; 26; 75; 81; 75; 21; 36
33,41,0.12817,0.80488,12; 33; 54; 65; 57; 40; 41; 70; 17; 13
25,50,0.13324,0.5,80; 25; 67; 35; 71; 23; 50; 49; 8; 58
26,31,0.1347,0.83871,49; 26; 42; 85; 5; 79; 31; 39; 61; 73
6,13,0.11246,0.46154,41; 6; 49; 43; 54; 37; 13; 61; 74; 68
8,23,0.12746,0.34783,50; 8; 37; 67; 46; 28; 23; 11; 8; 68
43,50,0.13051,0.86,68; 43; 41; 65; 58; 13; 50; 7; 44; 18
10,18,0.1389,0.55556,56; 10; 75; 31; 55; 66; 18; 58; 73; 75
37,47,0.13984,0.78723,5; 37; 50; 72; 31; 72; 47; 66; 82; 43
14,58,0.12614,0.24138,12; 14; 51; 85; 77; 83; 58; 11; 70; 58
20,72,0.10704,0.27778,59; 20; 84; 15; 27; 25; 72; 51; 36; 68
5,9,0.11673,0.55556,82; 5; 9; 82; 35; 72; 9; 56; 46; 7
61,77,0.08626,0.79221,77; 61; 45; 60; 32; 62; 77; 16; 25; 79
45,80,0.10154,0.5625,37; 45; 78; 52; 84; 27; 80; 21; 56; 70
37,47,0.13236,0.78723,8; 37; 54; 56; 14; 75; 47; 15; 5; 6
23,66,0.1152,0.34848,38; 23; 26; 26; 5; 51; 66; 15; 56; 84
12,42,0.14166,0.28571,53; 12; 63; 73; 52; 44; 42; 31; 19; 37
59,74,0.09043,0.7973,53; 59; 41; 59; 22; 41; 74; 77; 23; 37
22,80,0.09685,0.275,9; 22; 82; 6; 32; 53; 80; 9; 72; 24
19,39,0.13961,0.48718,84; 19; 27; 26; 35; 46; 39; 44; 66; 52
34,60,0.12144,0.56667,81; 34; 81; 23; 82; 56; 60; 19; 82; 8
14,50,0.1338,0.28,71; 14; 55; 8; 12; 46; 50; 62; 25; 40
19,54,0.12114,0.35185,79; 19; 65; 47; 65; 6; 54; 69; 60; 16
18,72,0.1054,0.25,45; 18; 55; 58; 45; 37; 72; 52; 57; 25
38,82,0.09609,0.46341,43; 38; 42; 66; 82; 16; 82; 41; 18; 81
52,62,0.10785,0.83871,40; 52; 10; 76; 45; 31; 62; 85; 63; 55
36,42,0.13087,0.85714,77; 36; 31; 75; 41; 41; 42; 65; 81; 70
25,44,0.13256,0.56818,14; 25; 80; 41; 10; 77; 44; 44; 55; 64
32,64,0.1223,0.5,72; 32; 51; 77; 47; 38; 64; 55; 67; 21
46,55,0.12373,0.83636,41; 46; 33; 9; 26; 12; 55; 52; 66; 9
14,48,0.13144,0.29167,12; 14; 58; 18; 29; 31; 48; 32; 36; 43
16,68,0.11165,0.23529,60; 16; 36; 28; 25; 80; 68; 36; 18; 59
69,84,0.07524,0.82143,79; 69; 76; 49; 39; 51; 84; 36; 48; 21
52,66,0.10734,0.78788,31; 52; 16; 26; 14; 62; 66; 34; 29; 84
20,69,0.10521,0.28986,25; 20; 46; 11; 70; 7; 69; 20; 50; 61
31,38,0.13419,0.81579,20; 31; 21; 17; 17; 40; 38; 41; 62; 79
19,57,0.12213,0.33333,65; 19; 51; 8; 15; 25; 57; 21; 24; 74
20,61,0.12109,0.32787,8; 20; 48; 49; 74; 61; 61; 65; 31; 76
12,50,0.13208,0.24,52; 12; 26; 58; 38; 28; 50; 55; 19; 39
23,65,0.12148,0.35385,24; 23; 17; 67; 60; 32; 65; 12; 22; 51
41,73,0.11038,0.56164,11; 41; 66; 69; 75; 45; 73; 19; 6; 25
17,60,0.11997,0.28333,49; 17; 70; 48; 68; 81; 60; 67; 18; 28
9,32,0.13223,0.28125,38; 9; 19; 36; 25; 52; 32; 66; 22; 15
8,34,0.13416,0.23529,71; 8; 30; 9; 31; 47; 34; 16; 55; 32
66,83,0.07609,0.79518,35; 66; 52; 16; 71; 70; 83; 83; 39; 19
17,46,0.13777,0.36957,73; 17; 18; 22; 62; 21; 46; 15; 56; 30
22,74,0.10295,0.2973,50; 22; 38; 81; 45; 19; 74; 30; 61; 7
18,63,0.11612,0.28571,63; 18; 79; 17; 50; 41; 63; 41; 47; 28
24,52,0.12726,0.46154,39; 24; 14; 67; 13; 62; 52; 74; 47; 13
12,41,0.13898,0.29268,20; 12; 35; 79; 72; 35; 41; 69; 15; 64
28,57,0.12102,0.49123,20; 28; 26; 82; 69; 43; 57; 71; 72; 62
27,84,0.09755,0.32143,11; 27; 85; 54; 32; 70; 84; 69; 15; 16
28,75,0.10298,0.37333,23; 28; 82; 70; 53; 58; 75; 62; 68; 69
13,47,0.13948,0.2766,6; 13; 5; 21; 27; 84; 47; 83; 84; 46
26,79,0.09901,0.32911,33; 26; 10; 5; 81; 85; 79; 66; 26; 26
41,83,0.09471,0.49398,77; 41; 54; 19; 6; 23; 83; 27; 15; 10
20,41,0.13614,0.4878,23; 20; 32; 78; 44; 84; 41; 79; 24; 74
16,55,0.12448,0.29091,29; 16; 57; 63; 44; 65; 55; 48; 33; 38
43,75,0.10672,0.57333,16; 43; 16; 15; 45; 53; 75; 74; 61; 83
52,65,0.1092,0.8,47; 52; 52; 38; 7; 13; 65; 60; 50; 46
24,80,0.09293,0.3,16; 24; 48; 33; 82; 39; 80; 41; 58; 36
68,85,0.07812,0.8,37; 68; 60; 52; 83; 70; 85; 71; 47; 61
41,82,0.09485,0.5,78; 41; 16; 37; 77; 33; 82; 18; 81; 18
25,29,0.13357,0.86207,7; 25; 74; 11; 79; 19; 29; 31; 40; 70
11,39,0.13291,0.28205,59; 11; 63; 56; 46; 49; 39; 19; 36; 74
19,79,0.09748,0.24051,33; 19; 35; 30; 36; 30; 79; 63; 66; 73
31,39,0.13239,0.79487,25; 31; 15; 84; 51; 7; 39; 49; 62; 52
23,28,0.13039,0.82143,61; 23; 46; 50; 62; 37; 28; 55; 67; 52
17,35,0.14012,0.48571,7; 17; 33; 74; 47; 13; 35; 43; 22; 85
21,73,0.11113,0.28767,44; 21; 60; 58; 50; 39; 73; 84; 40; 21
20,81,0.09634,0.24691,5; 20; 49; 59; 65; 65; 81; 41; 71; 85
11,24,0.13586,0.45833,36; 11; 9; 40; 26; 9; 24; 7; 72; 70
42,84,0.10298,0.5,5; 42; 72; 63; 18; 33; 84; 20; 58; 55
23,47,0.13849,0.48936,60; 23; 72; 63; 59; 68; 47; 35; 11; 50
52,62,0.10676,0.83871,57; 52; 65; 48; 22; 41; 62; 22; 85; 20
25,76,0.1096,0.32895,53; 25; 36; 58; 82; 53; 76; 35; 37; 56
8,34,0.13745,0.23529,9; 8; 60; 10; 71; 16; 34; 5; 6; 54
8,27,0.1358,0.2963,61; 8; 14; 15; 74; 7; 27; 39; 85; 33
17,51,0.12544,0.33333,49; 17; 64; 53; 75; 32; 51; 24; 32; 79
32,39,0.1355,0.82051,68; 32; 71; 77; 63; 12; 39; 56; 40; 26
65,76,0.08085,0.85526,46; 65; 26; 15; 39; 73; 76; 12; 58; 18
16,32,0.12999,0.5,42; 16; 6; 38; 75; 34; 32; 40; 18; 85
49,61,0.12051,0.80328,48; 49; 32; 20; 54; 76; 61; 75; 6; 80
25,68,0.11008,0.36765,63; 25; 71; 85; 43; 19; 68; 13; 52; 28
49,60,0.11394,0.81667,9; 49; 14; 67; 60; 24; 60; 52; 76; 28
20,80,0.09449,0.25,34; 20; 68; 7; 34; 29; 80; 82; 8; 11
11,38,0.1395,0.28947,28; 11; 70; 76; 23; 64; 38; 84; 21; 84
15,63,0.11609,0.2381,78; 15; 50; 39; 49; 63; 63; 50; 5; 79
66,77,0.08425,0.85714,45; 66; 18; 5; 73; 78; 77; 76; 44; 81
62,76,0.08764,0.81579,38; 62; 5; 24; 11; 80; 76; 76; 77; 56
21,63,0.11701,0.33333,42; 21; 75; 10; 13; 60; 63; 72; 54; 11
10,18,0.12901,0.55556,7; 10; 67; 20; 67; 83; 18; 83; 44; 42
27,84,0.09896,0.32143,45; 27; 20; 12; 60; 11; 84; 53; 39; 6
36,73,0.11035,0.49315,30; 36; 63; 82; 20; 67; 73; 67; 78; 16
15,50,0.13437,0.3,8; 15; 75; 65; 44; 27; 50; 13; 45; 36
22,62,0.11619,0.35484,62; 22; 67; 54; 61; 38; 62; 50; 13; 67
16,43,0.13408,0.37209,37; 16; 81; 41; 68; 15; 43; 29; 27; 38
17,60,0.12539,0.28333,35; 17; 81; 69; 28; 62; 60; 79; 62; 78
17,30,0.14019,0.56667,27; 17; 54; 81; 50; 22; 30; 39; 54; 63
61,73,0.0939,0.83562,45; 61; 52; 66; 65; 72; 73; 82; 68; 25
23,41,0.14106,0.56098,41; 23; 7; 13; 27; 78; 41; 49; 23; 15
20,57,0.11761,0.35088,74; 20; 24; 42; 43; 76; 57; 49; 57; 65
23,81,0.09274,0.28395,59; 23; 31; 20; 64; 24; 81; 40; 70; 64
36,72,0.11207,0.5,25; 36; 77; 6; 30; 83; 72; 80; 68; 45
19,58,0.12713,0.32759,52; 19; 28; 26; 25; 74; 58; 15; 80; 47
41,82,0.1019,0.5,22; 41; 64; 46; 39; 76; 82; 49; 44; 44
25,72,0.10896,0.34722,51; 25; 29; 43; 7; 35; 72; 75; 26; 30
11,30,0.12844,0.36667,12; 11; 54; 55; 32; 66; 30; 17; 85; 44
19,79,0.0963,0.24051,62; 19; 72; 55; 17; 41; 79; 20; 21; 73
25,82,0.10106,0.30488,75; 25; 49; 55; 30; 57; 82; 17; 33; 25
19,58,0.12562,0.32759,29; 19; 33; 23; 30; 71; 58; 39; 81; 72
30,35,0.13207,0.85714,58; 30; 44; 47; 25; 17; 35; 82; 24; 78
37,81,0.08998,0.45679,47; 37; 10; 48; 14; 22; 81; 56; 76; 85
47,82,0.08587,0.57317,49; 47; 17; 11; 38; 55; 82; 7; 64; 79
23,29,0.13108,0.7931,13; 23; 85; 45; 36; 36; 29; 66; 10; 73
38,83,0.09326,0.45783,45; 38; 72; 83; 46; 34; 83; 22; 5; 38
66,77,0.08544,0.85714,44; 66; 45; 29; 75; 60; 77; 56; 68; 48
18,71,0.10746,0.25352,83; 18; 30; 47; 66; 45; 71; 80; 31; 42
25,85,0.09131,0.29412,44; 25; 6; 59; 14; 54; 85; 36; 72; 21
29,82,0.099,0.35366,73; 29; 41; 31; 68; 18; 82; 32; 70; 33
14,28,0.13098,0.5,65; 14; 55; 7; 36; 40; 28; 58; 25; 8
23,47,0.13348,0.48936,49; 23; 85; 17; 85; 25; 47; 26; 41; 29
14,47,0.13664,0.29787,42; 14; 46; 42; 63; 75; 47; 62; 59; 70
37,46,0.13306,0.80435,73; 37; 79; 78; 37; 27; 46; 68; 16; 47
32,65,0.11872,0.49231,37; 32; 28; 7; 31; 49; 65; 47; 7; 38
8,10,0.14061,0.8,60; 8; 34; 6; 42; 80; 10; 31; 32; 67
18,22,0.13445,0.81818,26; 18; 62; 60; 56; 28; 22; 64; 55; 55
11,24,0.13422,0.45833,46; 11; 35; 26; 75; 54; 24; 24; 13; 34
19,38,0.1311,0.5,52; 19; 72; 6; 10; 50; 38; 40; 71; 7
30,60,0.12145,0.5,46; 30; 28; 9; 61; 81; 60; 62; 62; 29
66,83,0.07858,0.79518,29; 66; 24; 45; 17; 42; 83; 17; 20; 22
32,65,0.11061,0.49231,74; 32; 6; 7; 20; 78; 65; 28; 53; 19
31,68,0.10873,0.45588,22; 31; 14; 43; 53; 64; 68; 76; 18; 66
48,60,0.12034,0.8,77; 48; 76; 26; 10; 64; 60; 16; 41; 63
42,85,0.09298,0.49412,9; 42; 11; 70; 18; 15; 85; 80; 18; 45
11,46,0.13862,0.23913,8; 11; 75; 47; 81; 84; 46; 26; 14; 70
64,78,0.08366,0.82051,39; 64; 29; 17; 55; 48; 78; 8; 77; 19
7,21,0.11926,0.33333,50; 7; 33; 9; 71; 74; 21; 50; 37; 30
41,49,0.12741,0.83673,17; 41; 40; 5; 40; 67; 49; 34; 5; 61
27,81,0.09779,0.33333,54; 27; 64; 72; 38; 85; 81; 9; 38; 63
9,26,0.13914,0.34615,78; 9; 57; 59; 77; 8; 26; 78; 68; 82
19,57,0.12908,0.33333,76; 19; 20; 11; 46; 55; 57; 52; 38; 68
18,32,0.12849,0.5625,24; 18; 52; 30; 59; 45; 32; 32; 27; 55
22,78,0.09611,0.28205,43; 22; 38; 16; 37; 14; 78; 33; 41; 20
17,71,0.10965,0.23944,81; 17; 46; 38; 46; 7; 71; 24; 72; 58
16,46,0.136,0.34783,50; 16; 78; 16; 74; 70; 46; 54; 24; 44
16,63,0.11564,0.25397,41; 16; 82; 14; 83; 60; 63; 52; 83; 42
23,72,0.10234,0.31944,72; 23; 21; 65; 12; 56; 72; 73; 67; 68
22,62,0.12177,0.35484,61; 22; 14; 65; 77; 5; 62; 83; 6; 46
66,77,0.08361,0.85714,62; 66; 76; 68; 29; 59; 77; 21; 55; 28
19,68,0.10657,0.27941,40; 19; 83; 14; 21; 60; 68; 48; 12; 27
32,70,0.10508,0.45714,38; 32; 25; 69; 78; 35; 70; 53; 50; 44
39,84,0.0887,0.46429,63; 39; 8; 28; 43; 57; 84; 38; 79; 83
26,31,0.1366,0.83871,19; 26; 67; 67; 38; 81; 31; 17; 21; 83
21,70,0.11136,0.3,36; 21; 19; 10; 36; 45; 70; 82; 30; 31
34,68,0.1085,0.5,38; 34; 9; 53; 22; 46; 68; 29; 33; 53
11,40,0.13287,0.275,25; 11; 61; 29; 30; 15; 40; 74; 40; 68
17,61,0.11413,0.27869,31; 17; 79; 43; 37; 81; 61; 59; 46; 35
12,26,0.1381,0.46154,80; 12; 79; 61; 46; 73; 26; 42; 60; 51
66,79,0.08327,0.83544,15; 66; 21; 26; 26; 5; 79; 36; 50; 83
27,77,0.10328,0.35065,50; 27; 21; 70; 35; 71; 77; 10; 70; 70
17,46,0.13037,0.36957,22; 17; 51; 41; 27; 60; 46; 43; 85; 52
27,81,0.08928,0.33333,10; 27; 40; 69; 55; 78; 81; 69; 78; 42
9,11,0.14582,0.81818,49; 9; 16; 56; 55; 38; 11; 26; 6; 58
13,40,0.13304,0.325,66; 13; 37; 31; 51; 11; 40; 5; 35; 16
28,79,0.09236,0.35443,37; 28; 81; 13; 55; 29; 79; 85; 71; 23
33,41,0.13747,0.80488,9; 33; 26; 82; 71; 55; 41; 11; 48; 22
41,83,0.09275,0.49398,76; 41; 78; 17; 28; 34; 83; 55; 33; 47
10,27,0.14299,0.37037,7; 10; 83; 69; 52; 21; 27; 43; 40; 76
21,72,0.10708,0.29167,27; 21; 26; 26; 7; 82; 72; 11; 77; 67
26,53,0.13707,0.49057,19; 26; 6; 39; 25; 47; 53; 79; 52; 80
59,75,0.09524,0.78667,69; 59; 15; 80; 81; 8; 75; 52; 34; 54
23,65,0.11226,0.35385,59; 23; 18; 24; 76; 71; 65; 23; 35; 23
6,20,0.12098,0.3,47; 6; 49; 48; 21; 72; 20; 12; 64; 8
71,85,0.07206,0.83529,22; 71; 49; 82; 5; 38; 85; 14; 25; 45
19,64,0.11907,0.29688,19; 19; 21; 64; 51; 78; 64; 60; 85; 37
33,41,0.13792,0.80488,5; 33; 81; 22; 41; 21; 41; 61; 74; 70
63,80,0.08042,0.7875,16; 63; 16; 36; 33; 49; 80; 75; 62; 53
16,35,0.13187,0.45714,9; 16; 66; 37; 79; 18; 35; 65; 22; 42
26,74,0.10226,0.35135,48; 26; 67; 34; 44; 55; 74; 62; 30; 73
15,41,0.13527,0.36585,72; 15; 73; 34; 24; 20; 41; 41; 5; 16
41,51,0.13539,0.80392,71; 41; 79; 10; 70; 20; 51; 42; 12; 69
18,65,0.1117,0.27692,62; 18; 75; 24; 8; 13; 65; 43; 16; 24
26,75,0.10305,0.34667,36; 26; 69; 61; 5; 47; 75; 77; 59; 46
45,81,0.10055,0.55556,37; 45; 74; 36; 33; 61; 81; 47; 71; 54
69,82,0.07641,0.84146,31; 69; 47; 25; 28; 38; 82; 16; 8; 82
42,49,0.13671,0.85714,83; 42; 30; 73; 13; 22; 49; 48; 26; 47
23,82,0.09375,0.28049,44; 23; 62; 61; 35; 62; 82; 63; 30; 70
16,53,0.12669,0.30189,9; 16; 36; 69; 78; 78; 53; 76; 71; 27
20,60,0.11598,0.33333,85; 20; 62; 72; 5; 12; 60; 78; 21; 28
71,83,0.0765,0.85542,24; 71; 75; 8; 35; 79; 83; 42; 71; 17
14,58,0.12508,0.24138,26; 14; 36; 22; 6; 69; 58; 22; 58; 26
23,69,0.112,0.33333,11; 23; 80; 85; 45; 76; 69; 42; 42; 12
12,40,0.14441,0.3,78; 12; 54; 19; 21; 17; 40; 46; 14; 48
9,18,0.14264,0.5,84; 9; 58; 30; 45; 71; 18; 50; 43; 66
19,77,0.09833,0.24675,32; 19; 7; 24; 14; 81; 77; 58; 38; 39
19,39,0.13389,0.48718,21; 19; 47; 20; 39; 55; 39; 66; 78; 16
27,84,0.09317,0.32143,54; 27; 6; 67; 54; 83; 84; 84; 68; 84
24,76,0.10346,0.31579,76; 24; 85; 79; 79; 82; 76; 11; 24; 17
46,58,0.12552,0.7931,7; 46; 70; 80; 16; 41; 58; 36; 14; 9
15,54,0.131,0.27778,68; 15; 61; 75; 38; 72; 54; 79; 19; 46
36,72,0.11097,0.5,41; 36; 31; 78; 67; 69; 72; 67; 77; 76
23,69,0.11197,0.33333,22; 23; 84; 6; 6; 66; 69; 38; 30; 52
29,83,0.09638,0.3494,32; 29; 62; 41; 37; 18; 83; 41; 36; 73
9,11,0.14209,0.81818,10; 9; 53; 74; 24; 56; 11; 49; 45; 22
24,79,0.10364,0.3038,10; 24; 71; 29; 69; 10; 79; 26; 19; 15
19,51,0.12852,0.37255,21; 19; 48; 66; 22; 41; 51; 84; 38; 47
18,61,0.1167,0.29508,15; 18; 44; 79; 40; 54; 61; 77; 61; 29
10,18,0.13401,0.55556,35; 10; 46; 54; 7; 41; 18; 19; 10; 22
58,69,0.09353,0.84058,16; 58; 11; 60; 25; 24; 69; 45; 38; 5
51,62,0.12172,0.82258,5; 51; 67; 53; 9; 76; 62; 11; 36; 32
56,71,0.10024,0.78873,57; 56; 44; 82; 38; 22; 71; 72; 75; 66
16,20,0.12763,0.8,74; 16; 78; 11; 18; 73; 20; 41; 58; 34
45,55,0.13105,0.81818,9; 45; 33; 82; 71; 54; 55; 74; 68; 39
36,73,0.10741,0.49315,68; 36; 38; 81; 42; 60; 73; 82; 81; 12
12,43,0.14008,0.27907,39; 12; 72; 34; 11; 43; 43; 31; 79; 10
17,37,0.12824,0.45946,17; 17; 19; 61; 40; 62; 37; 58; 39; 40
16,54,0.1297,0.2963,65; 16; 27; 75; 85; 36; 54; 25; 25; 79
47,84,0.09136,0.55952,44; 47; 66; 44; 42; 41; 84; 62; 34; 39
38,48,0.13383,0.79167,46; 38; 42; 78; 37; 53; 48; 43; 74; 78
22,59,0.12479,0.37288,25; 22; 13; 53; 42; 68; 59; 79; 42; 38
17,53,0.12893,0.32075,20; 17; 27; 79; 47; 84; 53; 34; 43; 21
12,36,0.13512,0.33333,49; 12; 67; 7; 32; 9; 36; 23; 69; 41
32,70,0.10826,0.45714,56; 32; 6; 56; 61; 64; 70; 47; 46; 64
23,41,0.14322,0.56098,9; 23; 31; 45; 16; 53; 41; 71; 33; 54
32,57,0.12172,0.5614,27; 32; 70; 20; 36; 79; 57; 30; 66; 81
18,71,0.1095,0.25352,33; 18; 66; 77; 58; 37; 71; 79; 35; 62
26,82,0.09465,0.31707,45; 26; 65; 65; 30; 85; 82; 37; 7; 31
40,80,0.10215,0.5,15; 40; 27; 57; 75; 29; 80; 53; 40; 31
11,31,0.14034,0.35484,65; 11; 64; 53; 59; 35; 31; 53; 63; 13
19,68,0.11336,0.27941,56; 19; 32; 25; 23; 52; 68; 13; 67; 15
10,20,0.13773,0.5,61; 10; 41; 36; 80; 10; 20; 71; 14; 51
19,55,0.13133,0.34545,78; 19; 40; 37; 18; 60; 55; 69; 5; 72
21,57,0.12708,0.36842,61; 21; 43; 8; 46; 73; 57; 20; 10; 61
63,73,0.0902,0.86301,52; 63; 52; 16; 32; 69; 73; 29; 65; 21
31,62,0.11863,0.5,30; 31; 67; 38; 32; 26; 62; 45; 60; 34
28,75,0.10202,0.37333,54; 28; 43; 27; 50; 44; 75; 58; 82; 36
7,22,0.12345,0.31818,22; 7; 80; 23; 10; 78; 22; 74; 79; 82
20,36,0.12924,0.55556,57; 20; 74; 7; 85; 33; 36; 43; 47; 21
6,21,0.11336,0.28571,30; 6; 70; 7; 9; 14; 21; 52; 33; 74
6,18,0.1042,0.33333,54; 6; 14; 81; 34; 19; 18; 9; 63; 80
53,67,0.10715,0.79104,65; 53; 27; 57; 79; 51; 67; 65; 24; 60
14,55,0.12204,0.25455,45; 14; 16; 71; 57; 54; 55; 33; 42; 51
30,54,0.12412,0.55556,77; 30; 70; 52; 69; 81; 54; 64; 19; 15
16,63,0.11725,0.25397,72; 16; 54; 48; 49; 67; 63; 12; 21; 55
22,48,0.12771,0.45833,32; 22; 56; 9; 44; 9; 48; 51; 12; 48
17,35,0.12973,0.48571,29; 17; 7; 74; 48; 61; 35; 68; 11; 21
24,48,0.13295,0.5,57; 24; 21; 40; 79; 72; 48; 75; 66; 30
68,79,0.08197,0.86076,64; 68; 79; 29; 85; 25; 79; 71; 59; 40
7,20,0.1223,0.35,47; 7; 62; 10; 74; 48; 20; 5; 63; 19
31,54,0.13062,0.57407,58; 31; 83; 18; 27; 21; 54; 70; 75; 59
38,76,0.09711,0.5,19; 38; 62; 78; 84; 20; 76; 37; 13; 76
7,25,0.12389,0.28,56; 7; 23; 71; 62; 70; 25; 71; 54; 48
51,64,0.1051,0.79688,74; 51; 19; 19; 50; 38; 64; 40; 40; 77
24,84,0.08372,0.28571,79; 24; 13; 11; 48; 58; 84; 56; 9; 63
64,81,0.08495,0.79012,55; 64; 39; 9; 63; 48; 81; 78; 68; 38
29,82,0.10358,0.35366,54; 29; 56; 9; 75; 44; 82; 83; 17; 70
11,22,0.12976,0.5,33; 11; 15; 81; 11; 47; 22; 11; 65; 74
18,60,0.11481,0.3,27; 18; 45; 42; 12; 27; 60; 15; 71; 62
56,71,0.09801,0.78873,5; 56; 37; 35; 28; 61; 71; 19; 11; 48
30,60,0.11519,0.5,16; 30; 48; 35; 51; 27; 60; 82; 12; 26
15,43,0.13147,0.34884,6; 15; 41; 42; 43; 15; 43; 61; 38; 15
47,83,0.09186,0.56627,56; 47; 6; 83; 38; 85; 83; 8; 34; 65
14,48,0.13962,0.29167,13; 14; 15; 49; 31; 76; 48; 7; 9; 82
18,21,0.13193,0.85714,37; 18; 16; 10; 28; 7; 21; 25; 79; 38
19,68,0.10548,0.27941,66; 19; 25; 79; 85; 74; 68; 28; 75; 69
9,32,0.13414,0.28125,10; 9; 78; 46; 45; 26; 32; 73; 42; 40
14,25,0.12907,0.56,35; 14; 32; 43; 70; 77; 25; 38; 42; 58
13,40,0.13453,0.325,75; 13; 11; 47; 37; 59; 40; 55; 35; 7
23,69,0.11424,0.33333,33; 23; 25; 37; 14; 28; 69; 36; 16; 37
21,85,0.08773,0.24706,30; 21; 47; 57; 57; 70; 85; 8; 41; 66
40,71,0.11815,0.56338,15; 40; 31; 43; 65; 58; 71; 81; 22; 39
13,44,0.1417,0.29545,68; 13; 39; 73; 19; 13; 44; 52; 71; 18
11,44,0.14077,0.25,78; 11; 35; 84; 79; 10; 44; 47; 33; 14
10,36,0.14127,0.27778,85; 10; 33; 10; 25; 28; 36; 67; 82; 71
38,82,0.09708,0.46341,39; 38; 60; 85; 29; 33; 82; 36; 18; 55
29,84,0.09381,0.34524,11; 29; 81; 43; 6; 35; 84; 27; 52; 74
48,61,0.11565,0.78689,79; 48; 51; 37; 64; 5; 61; 7; 60; 51
44,55,0.12273,0.8,80; 44; 15; 13; 28; 5; 55; 58; 81; 16
29,59,0.1253,0.49153,27; 29; 28; 50; 34; 65; 59; 32; 29; 68
17,60,0.11341,0.28333,44; 17; 34; 42; 81; 55; 60; 67; 12; 72
16,49,0.13029,0.32653,8; 16; 10; 60; 9; 9; 49; 38; 45; 71
41,83,0.10248,0.49398,50; 41; 49; 44; 5; 81; 83; 39; 27; 49
24,85,0.08138,0.28235,19; 24; 73; 22; 65; 80; 85; 71; 40; 27
8,32,0.13167,0.25,8; 8; 80; 69; 71; 52; 32; 78; 37; 43
16,49,0.13325,0.32653,19; 16; 57; 18; 49; 73; 49; 33; 13; 76
9,36,0.14625,0.25,42; 9; 67; 22; 21; 68; 36; 47; 7; 75
27,83,0.09997,0.3253,47; 27; 59; 8; 63; 64; 83; 64; 48; 67
8,14,0.13443,0.57143,56; 8; 57; 5; 64; 85; 14; 51; 55; 53
45,56,0.12953,0.80357,5; 45; 74; 39; 21; 39; 56; 29; 83; 53
20,85,0.08806,0.23529,48; 20; 24; 42; 53; 52; 85; 20; 9; 16
59,72,0.09456,0.81944,20; 59; 46; 68; 70; 85; 72; 53; 81; 5
52,62,0.10706,0.83871,17; 52; 67; 79; 23; 78; 62; 62; 24; 52
25,75,0.10463,0.33333,59; 25; 57; 71; 80; 53; 75; 25; 74; 7
24,85,0.09368,0.28235,61; 24; 12; 43; 64; 55; 85; 82; 66; 58
28,80,0.09307,0.35,12; 28; 42; 38; 68; 29; 80; 53; 16; 61
38,83,0.09812,0.45783,58; 38; 80; 65; 8; 42; 83; 62; 69; 31
10,31,0.14181,0.32258,55; 10; 18; 51; 85; 64; 31; 5; 84; 72
24,28,0.1293,0.85714,68; 24; 45; 81; 34; 43; 28; 79; 72; 81
31,83,0.09575,0.37349,71; 31; 11; 38; 80; 52; 83; 30; 59; 10
45,57,0.12946,0.78947,50; 45; 84; 25; 37; 60; 57; 50; 69; 46
19,55,0.11863,0.34545,60; 19; 52; 63; 78; 9; 55; 10; 34; 10
43,51,0.1372,0.84314,21; 43; 62; 78; 50; 61; 51; 31; 36; 34
23,66,0.11094,0.34848,20; 23; 50; 39; 84; 9; 66; 13; 67; 7
19,67,0.1155,0.28358,5; 19; 5; 29; 78; 82; 67; 17; 85; 41
12,34,0.14064,0.35294,81; 12; 24; 71; 39; 52; 34; 13; 70; 78
27,84,0.08838,0.32143,40; 27; 59; 43; 76; 59; 84; 51; 80; 13
18,36,0.12612,0.5,60; 18; 38; 7; 61; 77; 36; 28; 57; 67
59,75,0.08583,0.78667,59; 59; 28; 65; 5; 38; 75; 79; 6; 85
20,82,0.09709,0.2439,18; 20; 45; 16; 59; 27; 82; 41; 66; 50
10,33,0.14395,0.30303,50; 10; 23; 39; 14; 70; 33; 76; 63; 53
22,74,0.10009,0.2973,25; 22; 42; 55; 5; 49; 74; 23; 19; 36
16,53,0.13201,0.30189,30; 16; 44; 12; 11; 67; 53; 60; 80; 16
12,49,0.13184,0.2449,53; 12; 85; 48; 78; 71; 49; 27; 46; 74
14,25,0.13239,0.56,26; 14; 15; 28; 45; 76; 25; 33; 9; 74
12,41,0.13648,0.29268,65; 12; 68; 72; 77; 57; 41; 28; 58; 7
16,55,0.12338,0.29091,57; 16; 20; 77; 35; 6; 55; 12; 17; 36
20,71,0.10416,0.28169,28; 20; 15; 60; 56; 84; 71; 64; 45; 62
22,74,0.1023,0.2973,20; 22; 51; 41; 55; 81; 74; 39; 62; 23
7,23,0.13348,0.30435,36; 7; 54; 33; 27; 60; 23; 62; 79; 51
44,51,0.12824,0.86275,39; 44; 72; 76; 41; 29; 51; 59; 8; 78
18,32,0.13086,0.5625,78; 18; 43; 43; 28; 35; 32; 10; 61; 72
22,68,0.10559,0.32353,28; 22; 69; 6; 12; 83; 68; 79; 69; 82
15,41,0.13536,0.36585,85; 15; 55; 19; 80; 46; 41; 46; 85; 39
51,62,0.11962,0.82258,84; 51; 68; 31; 60; 61; 62; 74; 74; 32
60,73,0.09366,0.82192,54; 60; 84; 79; 30; 70; 73; 32; 62; 72
37,74,0.11463,0.5,50; 37; 39; 61; 19; 82; 74; 6; 74; 41
17,53,0.13434,0.32075,7; 17; 83; 50; 61; 55; 53; 24; 68; 8
16,48,0.13164,0.33333,20; 16; 41; 78; 37; 6; 48; 29; 23; 77
19,69,0.09903,0.27536,53; 19; 29; 81; 45; 5; 69; 15; 78; 63
8,10,0.13733,0.8,27; 8; 20; 22; 66; 68; 10; 11; 34; 24
39,69,0.10332,0.56522,45; 39; 5; 27; 16; 58; 69; 17; 19; 74
58,71,0.09387,0.8169,54; 58; 24; 51; 36; 58; 71; 24; 41; 20
9,36,0.14267,0.25,66; 9; 51; 21; 82; 29; 36; 10; 34; 83
25,85,0.09264,0.29412,16; 25; 57; 71; 22; 62; 85; 19; 79; 75
19,63,0.11123,0.30159,6; 19; 7; 6; 52; 77; 63; 10; 9; 25
17,46,0.13986,0.36957,47; 17; 55; 22; 8; 64; 46; 21; 23; 73
19,51,0.12893,0.37255,30; 19; 13; 10; 65; 72; 51; 34; 19; 12
47,83,0.09393,0.56627,7; 47; 29; 46; 35; 21; 83; 52; 8; 32
45,57,0.12736,0.78947,28; 45; 57; 26; 20; 53; 57; 63; 11; 30
18,74,0.1011,0.24324,5; 18; 9; 57; 67; 23; 74; 66; 6; 17
63,77,0.08749,0.81818,9; 63; 73; 25; 68; 55; 77; 27; 31; 84
17,49,0.1352,0.34694,78; 17; 17; 79; 32; 24; 49; 52; 85; 76
33,58,0.12764,0.56897,71; 33; 82; 71; 19; 79; 58; 34; 10; 36
12,41,0.14475,0.29268,19; 12; 19; 43; 58; 51; 41; 44; 53; 28
19,51,0.12074,0.37255,9; 19; 12; 63; 33; 45; 51; 52; 51; 78
19,75,0.09589,0.25333,10; 19; 45; 66; 72; 44; 75; 65; 12; 67
48,84,0.09392,0.57143,84; 48; 75; 83; 72; 55; 84; 28; 83; 61
9,28,0.14267,0.32143,28; 9; 15; 60; 78; 82; 28; 22; 74; 65
14,58,0.12354,0.24138,21; 14; 75; 52; 55; 12; 58; 60; 65; 11
37,80,0.09862,0.4625,9; 37; 59; 8; 54; 61; 80; 61; 77; 74
34,74,0.10619,0.45946,5; 34; 62; 20; 50; 84; 74; 64; 60; 14
21,43,0.13116,0.48837,30; 21; 78; 78; 6; 5; 43; 12; 23; 37
24,43,0.13632,0.55814,31; 24; 39; 47; 74; 63; 43; 55; 55; 8
31,67,0.12221,0.46269,78; 31; 56; 78; 48; 60; 67; 13; 56; 46
20,82,0.09242,0.2439,60; 20; 23; 65; 74; 50; 82; 62; 19; 27
39,79,0.09647,0.49367,79; 39; 81; 44; 85; 78; 79; 68; 55; 25
15,19,0.13738,0.78947,74; 15; 58; 58; 24; 40; 19; 39; 42; 69
16,49,0.12873,0.32653,15; 16; 9; 59; 38; 65; 49; 22; 10; 70
14,49,0.13431,0.28571,7; 14; 8; 19; 19; 76; 49; 34; 29; 21
37,76,0.10157,0.48684,80; 37; 85; 60; 9; 67; 76; 35; 59; 14
12,24,0.13507,0.5,49; 12; 57; 49; 73; 24; 24; 5; 41; 15
23,66,0.10701,0.34848,18; 23; 11; 58; 77; 56; 66; 41; 28; 41
26,82,0.09979,0.31707,74; 26; 49; 25; 9; 19; 82; 64; 46; 57
17,37,0.12984,0.45946,51; 17; 75; 39; 34; 29; 37; 42; 10; 69
24,69,0.11011,0.34783,33; 24; 82; 75; 60; 18; 69; 47; 29; 37
22,79,0.09046,0.27848,17; 22; 6; 10; 27; 19; 79; 5; 36; 65
13,46,0.13939,0.28261,47; 13; 79; 23; 7; 58; 46; 9; 45; 37
44,79,0.10709,0.55696,39; 44; 52; 79; 51; 34; 79; 55; 36; 54
30,65,0.11221,0.46154,50; 30; 26; 18; 73; 72; 65; 72; 55; 83
26,75,0.10876,0.34667,44; 26; 50; 46; 82; 35; 75; 45; 60; 46
41,51,0.13067,0.80392,67; 41; 46; 81; 83; 43; 51; 63; 47; 13
9,28,0.13751,0.32143,45; 9; 18; 59; 39; 85; 28; 38; 81; 15
23,66,0.11029,0.34848,62; 23; 60; 7; 26; 8; 66; 35; 16; 13
21,70,0.10933,0.3,11; 21; 53; 15; 48; 66; 70; 20; 27; 40
18,56,0.12017,0.32143,17; 18; 33; 69; 68; 63; 56; 82; 27; 6
26,33,0.12916,0.78788,38; 26; 22; 45; 6; 51; 33; 33; 13; 33
16,58,0.12337,0.27586,29; 16; 14; 30; 44; 50; 58; 63; 10; 24
20,84,0.09026,0.2381,70; 20; 22; 23; 83; 65; 84; 69; 81; 80
16,49,0.13513,0.32653,31; 16; 69; 17; 23; 21; 49; 41; 69; 68
6,7,0.10895,0.85714,12; 6; 34; 35; 9; 82; 7; 13; 33; 58
28,76,0.10685,0.36842,33; 28; 27; 78; 9; 26; 76; 19; 39; 73
32,69,0.11135,0.46377,49; 32; 18; 81; 31; 47; 69; 75; 58; 7
32,39,0.13874,0.82051,74; 32; 54; 65; 55; 54; 39; 34; 11; 72
45,56,0.1292,0.80357,72; 45; 58; 16; 72; 80; 56; 68; 18; 63
17,68,0.10573,0.25,64; 17; 71; 32; 85; 20; 68; 39; 53; 74
6,7,0.10384,0.85714,35; 6; 35; 81; 36; 62; 7; 83; 82; 78
43,51,0.13153,0.84314,60; 43; 11; 75; 75; 49; 51; 6; 75; 46
24,79,0.10389,0.3038,33; 24; 21; 40; 69; 67; 79; 17; 36; 35
61,76,0.08954,0.80263,31; 61; 14; 65; 17; 68; 76; 61; 47; 47
26,71,0.10879,0.3662,78; 26; 37; 67; 10; 45; 71; 5; 54; 15
10,36,0.13939,0.27778,25; 10; 7; 39; 42; 31; 36; 34; 35; 31
38,77,0.10402,0.49351,13; 38; 44; 17; 11; 72; 77; 71; 60; 16
65,77,0.09032,0.84416,69; 65; 81; 6; 39; 73; 77; 22; 48; 31
26,33,0.13455,0.78788,44; 26; 50; 13; 77; 64; 33; 41; 29; 75
61,77,0.09363,0.79221,17; 61; 9; 20; 11; 21; 77; 47; 76; 33
67,82,0.07851,0.81707,61; 67; 10; 78; 56; 42; 82; 11; 8; 11
38,45,0.13167,0.84444,76; 38; 38; 49; 20; 34; 45; 51; 34; 62
46,58,0.12482,0.7931,55; 46; 23; 71; 58; 30; 58; 38; 67; 15
28,75,0.10991,0.37333,64; 28; 55; 84; 55; 76; 75; 11; 49; 28
17,46,0.13387,0.36957,58; 17; 38; 41; 47; 11; 46; 47; 33; 71
28,79,0.0965,0.35443,57; 28; 51; 18; 80; 18; 79; 32; 52; 67
38,44,0.12815,0.86364,57; 38; 46; 12; 17; 74; 44; 49; 12; 28
52,62,0.11364,0.83871,73; 52; 50; 48; 83; 17; 62; 68; 77; 22
6,20,0.11255,0.3,76; 6; 53; 6; 52; 41; 20; 78; 13; 32
21,75,0.0963,0.28,14; 21; 42; 66; 18; 42; 75; 15; 34; 30
29,83,0.08728,0.3494,23; 29; 8; 22; 78; 67; 83; 46; 38; 84
13,28,0.135,0.46429,7; 13; 10; 14; 74; 5; 28; 8; 57; 78
10,36,0.14184,0.27778,58; 10; 84; 22; 13; 55; 36; 39; 43; 76
61,73,0.0919,0.83562,47; 61; 24; 74; 44; 57; 73; 35; 73; 74
42,50,0.12767,0.84,33; 42; 25; 37; 21; 18; 50; 59; 54; 55
51,59,0.11012,0.86441,53; 51; 32; 42; 67; 28; 59; 76; 37; 82
39,78,0.10122,0.5,57; 39; 49; 75; 60; 39; 78; 25; 11; 37
18,60,0.11906,0.3,82; 18; 43; 83; 82; 77; 60; 55; 26; 39
22,45,0.13399,0.48889,15; 22; 38; 14; 21; 33; 45; 59; 54; 78
24,83,0.10052,0.28916,24; 24; 81; 83; 27; 77; 83; 48; 64; 13
17,51,0.13025,0.33333,7; 17; 36; 16; 21; 33; 51; 48; 66; 79
25,79,0.10346,0.31646,53; 25; 17; 47; 63; 32; 79; 60; 19; 80
62,72,0.08845,0.86111,21; 62; 73; 78; 13; 79; 72; 53; 73; 79
36,74,0.10312,0.48649,78; 36; 20; 9; 41; 58; 74; 28; 79; 73
19,67,0.10589,0.28358,59; 19; 42; 43; 25; 10; 67; 43; 57; 16
12,15,0.14182,0.8,26; 12; 64; 71; 9; 28; 15; 14; 40; 79
56,70,0.10132,0.8,13; 56; 51; 47; 40; 7; 70; 36; 57; 10
66,79,0.07886,0.83544,47; 66; 62; 16; 21; 45; 79; 52; 14; 48
37,75,0.09472,0.49333,57; 37; 28; 24; 53; 28; 75; 19; 12; 65
10,20,0.1418,0.5,63; 10; 58; 21; 57; 39; 20; 11; 12; 37
27,48,0.13817,0.5625,72; 27; 33; 7; 48; 43; 48; 82; 50; 46
20,61,0.12078,0.32787,41; 20; 34; 18; 13; 45; 61; 69; 9; 52
21,71,0.10125,0.29577,35; 21; 35; 11; 81; 85; 71; 44; 55; 54
34,60,0.11503,0.56667,59; 34; 84; 17; 63; 15; 60; 41; 85; 46
12,40,0.13511,0.3,22; 12; 85; 43; 78; 78; 40; 55; 68; 64
13,26,0.14076,0.5,38; 13; 32; 14; 28; 67; 26; 41; 65; 18
27,32,0.13401,0.84375,13; 27; 54; 31; 53; 33; 32; 41; 22; 56
24,52,0.12951,0.46154,84; 24; 54; 31; 84; 58; 52; 76; 75; 68
19,34,0.13235,0.55882,61; 19; 34; 8; 33; 59; 34; 69; 54; 75
24,83,0.09054,0.28916,74; 24; 35; 85; 37; 17; 83; 25; 28; 57
41,84,0.09219,0.4881,33; 41; 61; 28; 20; 50; 84; 22; 16; 17
29,59,0.12638,0.49153,13; 29; 53; 36; 15; 43; 59; 71; 82; 50
13,54,0.13068,0.24074,31; 13; 38; 59; 19; 6; 54; 41; 54; 54
51,61,0.12129,0.83607,21; 51; 66; 77; 80; 31; 61; 56; 68; 53
7,22,0.12095,0.31818,55; 7; 13; 74; 41; 50; 22; 24; 42; 67
11,37,0.14972,0.2973,71; 11; 43; 60; 70; 52; 37; 80; 6; 38
19,24,0.13227,0.79167,59; 19; 62; 41; 45; 73; 24; 5; 41; 66
40,81,0.0958,0.49383,83; 40; 19; 80; 23; 30; 81; 22; 26; 67
28,79,0.10356,0.35443,38; 28; 14; 22; 26; 82; 79; 6; 20; 14
37,46,0.14476,0.80435,57; 37; 50; 9; 18; 74; 46; 51; 85; 56
55,70,0.10622,0.78571,83; 55; 38; 65; 29; 49; 70; 6; 6; 21
30,38,0.13513,0.78947,33; 30; 7; 49; 60; 49; 38; 44; 27; 65
12,24,0.13199,0.5,10; 12; 7; 77; 45; 34; 24; 49; 62; 57
44,55,0.12267,0.8,23; 44; 49; 45; 42; 60; 55; 14; 72; 44
14,55,0.12679,0.25455,32; 14; 85; 41; 82; 81; 55; 70; 30; 81
35,72,0.10317,0.48611,44; 35; 35; 42; 10; 31; 72; 44; 42; 24
13,23,0.13513,0.56522,15; 13; 26; 6; 15; 81; 23; 22; 60; 64
30,60,0.12533,0.5,33; 30; 33; 22; 13; 52; 60; 23; 22; 12
20,66,0.11019,0.30303,49; 20; 5; 71; 46; 8; 66; 32; 15; 47
66,79,0.0815,0.83544,63; 66; 57; 29; 68; 84; 79; 19; 5; 22
17,35,0.13894,0.48571,11; 17; 76; 69; 31; 55; 35; 17; 70; 18
54,63,0.11152,0.85714,52; 54; 41; 75; 7; 23; 63; 47; 56; 30
29,58,0.12828,0.5,77; 29; 42; 66; 16; 16; 58; 66; 7; 49
23,80,0.08958,0.2875,21; 23; 67; 44; 35; 25; 80; 65; 80; 8
28,34,0.13394,0.82353,38; 28; 79; 56; 69; 67; 34; 12; 55; 53
15,52,0.12931,0.28846,5; 15; 46; 57; 79; 23; 52; 41; 76; 25
11,33,0.13458,0.33333,13; 11; 68; 73; 74; 36; 33; 32; 26; 25
15,51,0.1342,0.29412,26; 15; 59; 22; 63; 71; 51; 55; 20; 16
13,53,0.13215,0.24528,52; 13; 85; 71; 16; 69; 53; 66; 81; 71
21,57,0.12767,0.36842,65; 21; 53; 77; 75; 29; 57; 34; 60; 30
34,74,0.10615,0.45946,21; 34; 80; 38; 18; 85; 74; 43; 7; 27
43,76,0.10589,0.56579,15; 43; 39; 13; 26; 45; 76; 63; 38; 75
54,68,0.10096,0.79412,5; 54; 21; 81; 64; 27; 68; 18; 73; 85
17,35,0.13458,0.48571,55; 17; 52; 42; 76; 19; 35; 44; 5; 53
16,19,0.13489,0.84211,61; 16; 28; 50; 27; 34; 19; 12; 8; 78
21,74,0.10582,0.28378,38; 21; 45; 44; 69; 66; 74; 35; 83; 22
25,29,0.13744,0.86207,71; 25; 7; 58; 74; 60; 29; 5; 84; 15
34,69,0.10655,0.49275,60; 34; 79; 78; 43; 46; 69; 14; 71; 59
20,54,0.12622,0.37037,57; 20; 18; 37; 61; 85; 54; 51; 27; 46
28,81,0.10311,0.34568,58; 28; 66; 63; 66; 9; 81; 78; 80; 76
24,48,0.1369,0.5,18; 24; 54; 9; 28; 83; 48; 54; 63; 26
22,79,0.0956,0.27848,47; 22; 82; 34; 12; 22; 79; 54; 6; 73
47,82,0.09939,0.57317,9; 47; 24; 36; 46; 22; 82; 61; 61; 39
19,52,0.1269,0.36538,71; 19; 25; 33; 63; 16; 52; 81; 7; 22
55,69,0.10406,0.7971,42; 55; 35; 20; 47; 47; 69; 76; 52; 36
63,75,0.09211,0.84,31; 63; 82; 81; 62; 84; 75; 22; 17; 9
45,55,0.12895,0.81818,16; 45; 83; 82; 77; 74; 55; 68; 9; 10
55,64,0.10987,0.85938,16; 55; 6; 61; 82; 72; 64; 13; 11; 49
32,56,0.12101,0.57143,72; 32; 71; 28; 26; 18; 56; 52; 32; 16
36,79,0.10113,0.4557,8; 36; 34; 45; 74; 49; 79; 75; 22; 17
68,81,0.07985,0.83951,26; 68; 13; 6; 80; 65; 81; 29; 65; 30
67,85,0.07533,0.78824,16; 67; 75; 12; 78; 29; 85; 23; 45; 85
20,54,0.13258,0.37037,34; 20; 58; 31; 79; 53; 54; 68; 50; 34
56,65,0.10707,0.86154,60; 56; 82; 27; 6; 76; 65; 20; 15; 63
49,58,0.11408,0.84483,78; 49; 73; 19; 59; 7; 58; 83; 71; 18
25,67,0.1124,0.37313,14; 25; 36; 61; 43; 67; 67; 10; 69; 84
65,82,0.08338,0.79268,5; 65; 15; 78; 34; 39; 82; 32; 9; 40
22,69,0.10427,0.31884,62; 22; 7; 71; 47; 78; 69; 66; 18; 35
21,75,0.10905,0.28,47; 21; 51; 73; 26; 76; 75; 21; 70; 49
16,48,0.13707,0.33333,34; 16; 59; 28; 25; 27; 48; 43; 52; 6
59,75,0.09296,0.78667,66; 59; 49; 36; 41; 10; 75; 30; 10; 51
47,59,0.12316,0.79661,55; 47; 5; 64; 28; 14; 59; 37; 57; 38
26,52,0.12204,0.5,25; 26; 39; 33; 71; 15; 52; 74; 25; 45
6,12,0.11579,0.5,14; 6; 59; 61; 51; 35; 12; 63; 23; 20
14,48,0.13542,0.29167,26; 14; 24; 50; 30; 8; 48; 15; 43; 21
27,73,0.10383,0.36986,80; 27; 61; 58; 82; 30; 73; 45; 42; 33
17,30,0.14104,0.56667,16; 17; 39; 71; 36; 53; 30; 60; 9; 40
46,81,0.09949,0.5679,45; 46; 71; 53; 42; 73; 81; 74; 40; 61
17,67,0.1132,0.25373,18; 17; 67; 45; 40; 42; 67; 79; 73; 10
24,68,0.11206,0.35294,42; 24; 64; 54; 18; 29; 68; 48; 38; 28
28,80,0.10044,0.35,76; 28; 85; 79; 42; 16; 80; 29; 46; 69
28,57,0.12083,0.49123,71; 28; 55; 62; 77; 9; 57; 17; 39; 78
40,81,0.10023,0.49383,26; 40; 84; 13; 11; 84; 81; 52; 45; 22
37,45,0.13575,0.82222,69; 37; 17; 35; 55; 39; 45; 71; 8; 75
15,63,0.11742,0.2381,10; 15; 30; 45; 57; 54; 63; 32; 62; 59
30,81,0.09675,0.37037,73; 30; 65; 45; 42; 37; 81; 43; 76; 43
49,57,0.11686,0.85965,21; 49; 48; 75; 56; 50; 57; 32; 46; 50
26,52,0.13606,0.5,58; 26; 58; 48; 5; 43; 52; 76; 41; 51
19,24,0.12743,0.79167,9; 19; 62; 29; 22; 24; 24; 68; 33; 34
39,49,0.13407,0.79592,66; 39; 51; 64; 50; 80; 49; 32; 40; 39
23,29,0.13356,0.7931,28; 23; 27; 78; 24; 78; 29; 13; 33; 64
38,67,0.11265,0.56716,10; 38; 13; 80; 39; 44; 67; 10; 56; 23
48,56,0.12472,0.85714,53; 48; 56; 76; 24; 37; 56; 45; 42; 45
47,84,0.09771,0.55952,79; 47; 63; 12; 71; 63; 84; 6; 48; 14
13,35,0.13436,0.37143,8; 13; 79; 60; 40; 77; 35; 46; 7; 26
18,56,0.12443,0.32143,35; 18; 26; 58; 38; 57; 56; 59; 47; 62
27,84,0.09384,0.32143,65; 27; 6; 15; 62; 76; 84; 25; 81; 10
38,68,0.10905,0.55882,27; 38; 58; 68; 47; 45; 68; 60; 56; 13
16,55,0.12733,0.29091,84; 16; 79; 79; 85; 18; 55; 41; 17; 30
6,18,0.11171,0.33333,66; 6; 74; 49; 14; 14; 18; 6; 22; 8
16,28,0.13686,0.57143,44; 16; 64; 22; 21; 78; 28; 24; 48; 47
44,55,0.1278,0.8,7; 44; 7; 18; 58; 52; 55; 80; 75; 30
17,49,0.12907,0.34694,75; 17; 54; 44; 83; 18; 49; 29; 9; 76
22,76,0.09542,0.28947,28; 22; 84; 19; 83; 67; 76; 37; 56; 21
33,41,0.13814,0.80488,29; 33; 19; 48; 73; 64; 41; 50; 12; 48
13,55,0.11926,0.23636,19; 13; 9; 6; 66; 84; 55; 28; 29; 13
68,81,0.07931,0.83951,69; 68; 39; 15; 9; 73; 81; 25; 14; 43
35,70,0.11048,0.5,12; 35; 25; 54; 34; 17; 70; 15; 80; 41
14,57,0.12548,0.24561,54; 14; 9; 58; 40; 33; 57; 43; 29; 81
17,52,0.12575,0.32692,60; 17; 61; 10; 79; 40; 52; 49; 77; 13
52,62,0.10844,0.83871,72; 52; 5; 34; 19; 40; 62; 31; 75; 16
13,28,0.12685,0.46429,8; 13; 78; 66; 59; 6; 28; 64; 85; 19
17,37,0.13793,0.45946,46; 17; 26; 71; 58; 51; 37; 65; 30; 81
15,46,0.12267,0.32609,47; 15; 63; 49; 75; 22; 46; 26; 16; 52
27,83,0.09981,0.3253,69; 27; 49; 65; 20; 70; 83; 84; 42; 40
35,62,0.1132,0.56452,5; 35; 11; 15; 31; 41; 62; 79; 82; 23
24,84,0.09384,0.28571,68; 24; 62; 53; 22; 51; 84; 28; 47; 73
22,44,0.13843,0.5,64; 22; 50; 13; 30; 53; 44; 49; 16; 53
23,40,0.14024,0.575,80; 23; 32; 12; 42; 9; 40; 15; 24; 20
23,47,0.13318,0.48936,24; 23; 74; 78; 59; 60; 47; 84; 27; 46
13,45,0.13531,0.28889,12; 13; 20; 47; 70; 29; 45; 43; 16; 63
25,82,0.10469,0.30488,10; 25; 39; 10; 22; 63; 82; 11; 27; 30
17,34,0.13324,0.5,20; 17; 34; 71; 41; 57; 34; 44; 55; 79
55,67,0.10155,0.8209,34; 55; 22; 10; 57; 29; 67; 32; 21; 45
34,69,0.11445,0.49275,18; 34; 22; 38; 42; 18; 69; 61; 56; 15
37,44,0.13217,0.84091,51; 37; 47; 71; 33; 38; 44; 33; 16; 29
42,51,0.12487,0.82353,5; 42; 6; 26; 26; 70; 51; 39; 60; 5
24,85,0.08473,0.28235,36; 24; 59; 17; 81; 41; 85; 67; 37; 58
66,83,0.08265,0.79518,8; 66; 82; 11; 76; 9; 83; 22; 14; 82
21,70,0.10952,0.3,14; 21; 53; 45; 28; 36; 70; 20; 65; 61
21,25,0.13653,0.84,50; 21; 60; 44; 29; 15; 25; 83; 30; 32
59,75,0.08632,0.78667,76; 59; 16; 67; 8; 25; 75; 51; 24; 9
8,33,0.12792,0.24242,37; 8; 55; 22; 21; 28; 33; 84; 35; 57
17,35,0.13096,0.48571,18; 17; 32; 58; 57; 76; 35; 66; 34; 54
28,35,0.14163,0.8,50; 28; 22; 36; 44; 76; 35; 6; 48; 61
39,80,0.0987,0.4875,55; 39; 78; 27; 62; 81; 80; 42; 22; 27
37,81,0.09857,0.45679,15; 37; 46; 30; 67; 28; 81; 19; 7; 39
42,49,0.13772,0.85714,59; 42; 71; 50; 66; 42; 49; 15; 38; 48
24,65,0.10909,0.36923,13; 24; 70; 76; 44; 29; 65; 11; 52; 40
30,38,0.14214,0.78947,81; 30; 21; 70; 69; 75; 38; 37; 61; 77
39,69,0.11458,0.56522,53; 39; 28; 41; 62; 13; 69; 65; 79; 50
61,71,0.09437,0.85915,25; 61; 27; 35; 16; 65; 71; 17; 66; 29
37,80,0.09076,0.4625,65; 37; 79; 59; 79; 56; 80; 21; 47; 80
12,34,0.14205,0.35294,63; 12; 9; 53; 16; 5; 34; 19; 32; 50
21,25,0.12862,0.84,43; 21; 8; 76; 55; 65; 25; 71; 74; 49
60,76,0.09369,0.78947,85; 60; 47; 27; 14; 85; 76; 6; 46; 39
46,58,0.12256,0.7931,32; 46; 85; 42; 76; 68; 58; 5; 73; 34
27,34,0.13347,0.79412,37; 27; 43; 82; 52; 6; 34; 24; 34; 60
14,44,0.13658,0.31818,18; 14; 63; 7; 15; 56; 44; 67; 61; 54
20,62,0.1172,0.32258,8; 20; 61; 29; 63; 80; 62; 34; 57; 29
60,75,0.09102,0.8,23; 60; 22; 55; 8; 10; 75; 60; 35; 24
37,80,0.09561,0.4625,7; 37; 58; 41; 70; 55; 80; 16; 80; 46
35,63,0.12211,0.55556,38; 35; 66; 82; 33; 76; 63; 17; 39; 5
24,76,0.10089,0.31579,40; 24; 6; 51; 12; 78; 76; 19; 81; 9
19,24,0.13205,0.79167,68; 19; 62; 57; 43; 14; 24; 15; 78; 74
53,66,0.10981,0.80303,32; 53; 60; 84; 26; 6; 66; 44; 43; 59
13,51,0.13518,0.2549,49; 13; 67; 30; 26; 53; 51; 75; 32; 59
18,22,0.13658,0.81818,20; 18; 21; 28; 36; 68; 22; 10; 42; 58
25,67,0.11229,0.37313,67; 25; 70; 62; 22; 28; 67; 47; 35; 57
21,46,0.13506,0.45652,14; 21; 70; 84; 12; 52; 46; 33; 12; 46
59,74,0.09313,0.7973,67; 59; 6; 25; 54; 18; 74; 83; 83; 84
16,48,0.13531,0.33333,32; 16; 82; 84; 25; 27; 48; 16; 59; 39
41,52,0.13242,0.78846,65; 41; 83; 41; 32; 13; 52; 51; 7; 62
6,25,0.1091,0.24,35; 6; 26; 68; 64; 65; 25; 28; 63; 59
66,77,0.08381,0.85714,67; 66; 27; 17; 11; 47; 77; 41; 71; 73
21,66,0.11353,0.31818,70; 21; 40; 12; 8; 70; 66; 23; 25; 30
26,82,0.10551,0.31707,39; 26; 75; 67; 51; 42; 82; 71; 35; 63
13,53,0.13064,0.24528,64; 13; 80; 8; 80; 49; 53; 77; 82; 76
18,22,0.11903,0.81818,77; 18; 80; 61; 16; 38; 22; 46; 64; 19
18,64,0.11327,0.28125,11; 18; 11; 72; 36; 78; 64; 31; 25; 72
64,80,0.08438,0.8,27; 64; 22; 72; 60; 70; 80; 48; 26; 47
48,56,0.12473,0.85714,40; 48; 45; 40; 20; 33; 56; 25; 75; 30
8,27,0.12878,0.2963,24; 8; 28; 71; 26; 23; 27; 76; 51; 57
43,50,0.1362,0.86,34; 43; 43; 33; 16; 36; 50; 20; 85; 22
8,32,0.13289,0.25,27; 8; 14; 22; 39; 5; 32; 71; 15; 12
21,63,0.11805,0.33333,63; 21; 44; 40; 22; 9; 63; 36; 21; 36
65,77,0.08274,0.84416,27; 65; 45; 58; 83; 34; 77; 20; 74; 22
30,61,0.12324,0.4918,66; 30; 70; 42; 42; 63; 61; 16; 34; 6
31,54,0.13104,0.57407,18; 31; 51; 23; 24; 22; 54; 32; 11; 74
35,61,0.11921,0.57377,37; 35; 51; 56; 21; 37; 61; 24; 13; 76
16,20,0.12895,0.8,39; 16; 46; 31; 56; 71; 20; 79; 73; 18
16,55,0.12532,0.29091,77; 16; 29; 84; 83; 83; 55; 16; 62; 20
45,79,0.1049,0.56962,40; 45; 64; 32; 13; 58; 79; 23; 61; 27
43,51,0.13172,0.84314,13; 43; 48; 13; 59; 22; 51; 45; 45; 65
27,73,0.10619,0.36986,69; 27; 34; 74; 61; 20; 73; 9; 38; 38
29,83,0.10049,0.3494,51; 29; 51; 81; 50; 15; 83; 47; 55; 71
23,50,0.132,0.46,55; 23; 32; 64; 5; 13; 50; 46; 16; 68
16,43,0.13745,0.37209,77; 16; 22; 27; 16; 85; 43; 12; 59; 60
11,30,0.13871,0.36667,14; 11; 24; 55; 61; 39; 30; 49; 72; 45
15,45,0.13358,0.33333,20; 15; 64; 36; 25; 8; 45; 71; 11; 15
45,79,0.09553,0.56962,85; 45; 11; 69; 58; 41; 79; 61; 23; 40
20,69,0.10839,0.28986,51; 20; 62; 27; 71; 10; 69; 74; 15; 63
26,57,0.12857,0.45614,83; 26; 14; 30; 30; 59; 57; 41; 19; 48
18,52,0.12518,0.34615,7; 18; 43; 52; 66; 6; 52; 12; 80; 12
13,46,0.13614,0.28261,28; 13; 69; 58; 5; 56; 46; 63; 11; 27
39,79,0.1042,0.49367,54; 39; 56; 74; 85; 6; 79; 60; 53; 54
27,33,0.13388,0.81818,9; 27; 5; 82; 83; 15; 33; 8; 50; 62
36,78,0.09923,0.46154,81; 36; 82; 85; 78; 18; 78; 68; 56; 5
68,81,0.07886,0.83951,17; 68; 48; 9; 40; 6; 81; 18; 19; 79
21,74,0.10794,0.28378,22; 21; 74; 79; 70; 32; 74; 25; 6; 77
24,68,0.11113,0.35294,36; 24; 65; 79; 52; 41; 68; 32; 77; 33
16,55,0.12809,0.29091,42; 16; 70; 41; 45; 26; 55; 35; 26; 29
23,77,0.09654,0.2987,82; 23; 51; 8; 50; 73; 77; 78; 27; 27
44,77,0.1077,0.57143,49; 44; 74; 19; 16; 17; 77; 24; 18; 80
30,60,0.11826,0.5,62; 30; 36; 26; 42; 56; 60; 18; 6; 59
65,82,0.07772,0.79268,16; 65; 67; 39; 17; 23; 82; 74; 72; 77
22,73,0.09254,0.30137,12; 22; 31; 35; 85; 13; 73; 45; 38; 5
15,62,0.1137,0.24194,16; 15; 85; 29; 36; 46; 62; 68; 52; 30
20,71,0.10578,0.28169,83; 20; 51; 60; 11; 59; 71; 20; 37; 76
14,46,0.14294,0.30435,10; 14; 36; 29; 7; 56; 46; 33; 27; 8
11,38,0.13961,0.28947,39; 11; 42; 49; 18; 67; 38; 31; 64; 80
66,77,0.08167,0.85714,77; 66; 37; 39; 81; 20; 77; 71; 47; 56
16,63,0.11798,0.25397,43; 16; 9; 26; 68; 37; 63; 18; 80; 20
29,82,0.09547,0.35366,30; 29; 43; 78; 82; 26; 82; 45; 67; 26
10,36,0.13774,0.27778,12; 10; 33; 80; 30; 46; 36; 64; 77; 28
16,19,0.12779,0.84211,55; 16; 24; 12; 52; 40; 19; 32; 30; 50
24,48,0.13681,0.5,84; 24; 46; 20; 48; 78; 48; 62; 28; 35
9,31,0.14252,0.29032,28; 9; 78; 74; 82; 24; 31; 51; 71; 24
16,58,0.12263,0.27586,73; 16; 81; 13; 82; 76; 58; 65; 9; 28
41,51,0.13698,0.80392,60; 41; 7; 34; 12; 33; 51; 72; 17; 84
27,59,0.12952,0.45763,16; 27; 50; 29; 63; 69; 59; 38; 67; 81
29,52,0.13541,0.55769,74; 29; 11; 66; 42; 69; 52; 82; 64; 50
65,81,0.08149,0.80247,37; 65; 52; 49; 78; 32; 81; 69; 71; 37
16,50,0.1237,0.32,81; 16; 52; 83; 28; 35; 50; 54; 53; 66
66,77,0.08272,0.85714,30; 66; 15; 85; 30; 66; 77; 63; 85; 29
15,60,0.11344,0.25,67; 15; 59; 36; 81; 70; 60; 80; 39; 35
19,64,0.11609,0.29688,85; 19; 81; 13; 49; 35; 64; 64; 78; 17
21,71,0.10028,0.29577,17; 21; 70; 67; 29; 84; 71; 63; 66; 64
22,39,0.12488,0.5641,44; 22; 31; 75; 15; 36; 39; 54; 63; 53
18,64,0.11097,0.28125,68; 18; 58; 34; 85; 37; 64; 82; 8; 23
23,71,0.10402,0.32394,66; 23; 10; 14; 13; 21; 71; 39; 63; 15
59,72,0.08435,0.81944,81; 59; 47; 74; 78; 34; 72; 73; 9; 32
45,81,0.10613,0.55556,9; 45; 79; 42; 84; 17; 81; 76; 57; 77
23,72,0.10845,0.31944,18; 23; 57; 81; 36; 26; 72; 6; 57; 81
13,28,0.13779,0.46429,51; 13; 79; 17; 23; 64; 28; 71; 39; 21
6,25,0.11592,0.24,79; 6; 53; 74; 8; 63; 25; 20; 35; 41
16,35,0.1304,0.45714,71; 16; 83; 38; 59; 81; 35; 84; 70; 32
42,49,0.13155,0.85714,52; 42; 53; 77; 45; 43; 49; 36; 70; 38
17,51,0.13119,0.33333,56; 17; 19; 24; 70; 22; 51; 77; 20; 71
20,25,0.13326,0.8,9; 20; 29; 24; 17; 7; 25; 80; 40; 71
26,79,0.0988,0.32911,20; 26; 28; 66; 50; 68; 79; 27; 40; 20
19,78,0.10194,0.24359,10; 19; 55; 65; 24; 81; 78; 68; 14; 14
16,66,0.10901,0.24242,74; 16; 74; 19; 43; 84; 66; 74; 64; 84
17,57,0.11828,0.29825,59; 17; 7; 41; 42; 82; 57; 35; 24; 9
38,45,0.13195,0.84444,56; 38; 54; 7; 25; 72; 45; 19; 51; 62
17,53,0.13166,0.32075,48; 17; 24; 16; 76; 6; 53; 6; 79; 69
14,38,0.1383,0.36842,53; 14; 85; 51; 55; 27; 38; 60; 40; 27
12,41,0.13941,0.29268,7; 12; 40; 16; 16; 68; 41; 82; 34; 8
21,72,0.10068,0.29167,13; 21; 54; 42; 30; 24; 72; 58; 61; 63
26,33,0.1328,0.78788,70; 26; 31; 45; 22; 28; 33; 67; 21; 35
23,78,0.09826,0.29487,41; 23; 11; 73; 55; 29; 78; 23; 8; 41
66,82,0.07878,0.80488,69; 66; 56; 45; 56; 69; 82; 15; 85; 59
58,71,0.09438,0.8169,82; 58; 40; 21; 76; 12; 71; 42; 27; 65
12,40,0.14324,0.3,34; 12; 54; 55; 43; 12; 40; 6; 42; 75
32,64,0.11744,0.5,43; 32; 38; 33; 72; 22; 64; 81; 9; 64
7,29,0.12786,0.24138,33; 7; 48; 64; 47; 85; 29; 36; 40; 6
42,50,0.13782,0.84,57; 42; 33; 18; 79; 12; 50; 38; 40; 23
16,28,0.13022,0.57143,14; 16; 71; 60; 6; 26; 28; 30; 66; 21
14,42,0.13859,0.33333,77; 14; 52; 5; 45; 84; 42; 19; 22; 62
30,54,0.1257,0.55556,42; 30; 17; 53; 16; 79; 54; 52; 32; 10
5,17,0.10027,0.29412,62; 5; 33; 49; 85; 81; 17; 84; 47; 39
18,52,0.12363,0.34615,20; 18; 5; 11; 77; 8; 52; 70; 31; 82
25,83,0.08602,0.3012,55; 25; 81; 31; 70; 80; 83; 34; 29; 61
70,81,0.07761,0.8642,19; 70; 73; 9; 81; 6; 81; 74; 57; 79
18,73,0.10409,0.24658,24; 18; 76; 82; 55; 54; 73; 38; 9; 27
36,63,0.12061,0.57143,49; 36; 62; 26; 57; 29; 63; 15; 56; 52
23,82,0.09419,0.28049,56; 23; 47; 58; 71; 52; 82; 58; 24; 27
10,41,0.13452,0.2439,56; 10; 16; 64; 28; 59; 41; 73; 31; 11
16,53,0.12466,0.30189,21; 16; 72; 78; 52; 71; 53; 49; 32; 50
29,83,0.09464,0.3494,19; 29; 34; 26; 32; 6; 83; 20; 73; 16
18,71,0.10314,0.25352,36; 18; 11; 28; 21; 62; 71; 58; 59; 14
17,34,0.12977,0.5,7; 17; 72; 46; 22; 37; 34; 44; 69; 26
12,15,0.14066,0.8,47; 12; 84; 69; 72; 45; 15; 60; 26; 32
21,63,0.11851,0.33333,14; 21; 76; 41; 45; 41; 63; 70; 25; 51
26,46,0.13262,0.56522,56; 26; 55; 17; 26; 34; 46; 7; 20; 74
11,44,0.14289,0.25,58; 11; 70; 67; 77; 52; 44; 72; 76; 14
19,78,0.10017,0.24359,45; 19; 25; 35; 36; 37; 78; 30; 84; 12
17,59,0.11915,0.28814,21; 17; 59; 11; 39; 5; 59; 71; 33; 74
21,37,0.13545,0.56757,20; 21; 82; 45; 13; 58; 37; 82; 80; 80
22,67,0.10376,0.32836,20; 22; 13; 14; 76; 63; 67; 38; 54; 66
63,77,0.08127,0.81818,6; 63; 42; 8; 45; 8; 77; 46; 47; 21
34,61,0.1205,0.55738,10; 34; 63; 5; 16; 43; 61; 33; 64; 7
42,74,0.10163,0.56757,74; 42; 26; 24; 60; 51; 74; 53; 45; 53
57,68,0.10264,0.83824,52; 57; 73; 51; 57; 85; 68; 14; 62; 56
28,34,0.1339,0.82353,19; 28; 11; 23; 80; 74; 34; 17; 53; 8
23,50,0.12865,0.46,53; 23; 11; 6; 58; 72; 50; 12; 63; 64
33,41,0.13684,0.80488,47; 33; 50; 26; 7; 35; 41; 26; 70; 71
59,69,0.10014,0.85507,28; 59; 70; 45; 82; 5; 69; 80; 42; 17
14,44,0.14158,0.31818,46; 14; 30; 33; 16; 74; 44; 74; 44; 46
22,28,0.14306,0.78571,15; 22; 83; 51; 76; 20; 28; 75; 8; 22
21,25,0.13721,0.84,43; 21; 28; 21; 62; 37; 25; 38; 72; 23
45,56,0.11916,0.80357,51; 45; 81; 73; 79; 17; 56; 5; 34; 83
59,75,0.08719,0.78667,45; 59; 77; 39; 79; 19; 75; 72; 19; 41
47,83,0.09687,0.56627,39; 47; 21; 24; 40; 29; 83; 41; 30; 28
47,57,0.12431,0.82456,56; 47; 74; 70; 8; 16; 57; 66; 70; 11
60,70,0.09437,0.85714,27; 60; 51; 45; 20; 21; 70; 8; 36; 81
11,38,0.14477,0.28947,20; 11; 66; 84; 24; 21; 38; 76; 28; 54
26,46,0.13064,0.56522,56; 26; 31; 83; 19; 80; 46; 27; 50; 20
23,62,0.11883,0.37097,79; 23; 65; 68; 84; 10; 62; 32; 82; 48
54,63,0.11078,0.85714,27; 54; 53; 60; 38; 15; 63; 43; 83; 13
9,30,0.1386,0.3,38; 9; 64; 82; 43; 37; 30; 18; 75; 80
55,67,0.10448,0.8209,28; 55; 21; 68; 13; 40; 67; 83; 53; 28
21,25,0.1293,0.84,55; 21; 9; 73; 83; 66; 25; 82; 9; 58
8,34,0.13469,0.23529,15; 8; 79; 39; 84; 60; 34; 18; 9; 78
49,60,0.11968,0.81667,9; 49; 5; 64; 25; 58; 60; 54; 32; 62
42,49,0.13493,0.85714,61; 42; 19; 15; 15; 58; 49; 60; 10; 69
26,33,0.13383,0.78788,82; 26; 33; 49; 85; 25; 33; 25; 12; 80
19,55,0.12785,0.34545,62; 19; 8; 8; 77; 70; 55; 21; 83; 27
44,77,0.09922,0.57143,7; 44; 15; 15; 84; 73; 77; 39; 84; 19
20,35,0.13136,0.57143,82; 20; 81; 37; 15; 45; 35; 32; 12; 40
11,44,0.14352,0.25,72; 11; 42; 71; 45; 6; 44; 75; 24; 9
13,46,0.1381,0.28261,82; 13; 79; 34; 50; 36; 46; 72; 8; 7
33,59,0.12545,0.55932,72; 33; 50; 80; 75; 66; 59; 78; 21; 40
53,63,0.11289,0.84127,59; 53; 28; 43; 45; 76; 63; 54; 26; 27
15,27,0.12727,0.55556,32; 15; 19; 53; 64; 25; 27; 11; 53; 63
31,63,0.11544,0.49206,57; 31; 43; 57; 32; 38; 63; 58; 34; 21
19,64,0.11513,0.29688,69; 19; 67; 39; 46; 37; 64; 73; 48; 6
40,70,0.11191,0.57143,9; 40; 9; 31; 14; 57; 70; 8; 85; 81
28,79,0.10522,0.35443,62; 28; 68; 85; 67; 21; 79; 81; 25; 23
27,78,0.09324,0.34615,34; 27; 52; 46; 66; 33; 78; 17; 41; 78
13,41,0.13505,0.31707,39; 13; 58; 37; 18; 17; 41; 8; 79; 31
20,84,0.08879,0.2381,80; 20; 49; 40; 61; 41; 84; 65; 46; 41
14,44,0.13451,0.31818,62; 14; 58; 57; 9; 66; 44; 73; 79; 52
35,61,0.1214,0.57377,42; 35; 70; 13; 57; 10; 61; 49; 35; 32
18,72,0.10297,0.25,16; 18; 38; 61; 63; 32; 72; 21; 21; 77
30,53,0.1323,0.56604,24; 30; 55; 34; 71; 71; 53; 60; 23; 50
19,77,0.10004,0.24675,79; 19; 70; 73; 82; 61; 77; 57; 36; 68
35,63,0.12002,0.55556,59; 35; 11; 9; 77; 64; 63; 49; 16; 26
40,50,0.13274,0.8,45; 40; 46; 14; 64; 81; 50; 45; 36; 52
32,39,0.12733,0.82051,55; 32; 17; 69; 35; 23; 39; 59; 62; 73
15,47,0.13311,0.31915,56; 15; 12; 56; 49; 69; 47; 69; 26; 60
28,79,0.09768,0.35443,53; 28; 76; 62; 14; 12; 79; 83; 47; 11
9,32,0.13992,0.28125,73; 9; 77; 22; 76; 14; 32; 41; 44; 54
13,35,0.13927,0.37143,48; 13; 55; 24; 41; 45; 35; 6; 30; 26
45,81,0.11557,0.55556,77; 45; 79; 53; 78; 10; 81; 34; 21; 20
13,45,0.13659,0.28889,77; 13; 53; 25; 14; 59; 45; 71; 41; 68
25,44,0.14196,0.56818,7; 25; 48; 29; 19; 13; 44; 26; 60; 11
19,68,0.10374,0.27941,24; 19; 80; 79; 80; 60; 68; 63; 72; 36
17,67,0.11231,0.25373,27; 17; 47; 28; 33; 63; 67; 60; 53; 74
19,24,0.12997,0.79167,26; 19; 54; 33; 85; 18; 24; 17; 85; 32
10,18,0.13184,0.55556,34; 10; 68; 25; 32; 63; 18; 25; 70; 63
33,41,0.14291,0.80488,66; 33; 6; 21; 42; 81; 41; 17; 54; 54
18,60,0.11706,0.3,58; 18; 75; 27; 80; 70; 60; 84; 49; 33
11,34,0.13231,0.32353,34; 11; 82; 72; 9; 22; 34; 43; 55; 12
42,85,0.09138,0.49412,50; 42; 57; 57; 70; 59; 85; 52; 59; 45
57,71,0.09353,0.80282,40; 57; 35; 31; 47; 33; 71; 26; 76; 78
23,28,0.1401,0.82143,13; 23; 12; 45; 27; 14; 28; 27; 44; 63
26,79,0.10371,0.32911,73; 26; 68; 60; 15; 66; 79; 32; 73; 82
7,20,0.11699,0.35,80; 7; 84; 76; 80; 19; 20; 71; 52; 30
57,66,0.10483,0.86364,78; 57; 35; 44; 6; 8; 66; 48; 15; 69
13,53,0.1263,0.24528,79; 13; 27; 72; 56; 68; 53; 72; 31; 21
8,28,0.13988,0.28571,73; 8; 51; 34; 16; 28; 28; 9; 36; 8
29,58,0.12992,0.5,22; 29; 47; 7; 25; 27; 58; 39; 77; 84
12,38,0.13486,0.31579,23; 12; 47; 66; 64; 5; 38; 85; 60; 5
25,71,0.10822,0.35211,13; 25; 71; 31; 16; 14; 71; 51; 39; 81
18,51,0.13547,0.35294,34; 18; 80; 20; 21; 50; 51; 25; 46; 56
6,18,0.11484,0.33333,27; 6; 41; 48; 41; 19; 18; 24; 78; 20
19,41,0.13611,0.46341,83; 19; 27; 28; 62; 56; 41; 55; 10; 83
11,46,0.13957,0.23913,8; 11; 52; 80; 57; 39; 46; 25; 57; 35
68,81,0.08027,0.83951,11; 68; 75; 75; 39; 7; 81; 33; 69; 18
19,78,0.09842,0.24359,20; 19; 24; 46; 67; 71; 78; 50; 24; 83
22,48,0.132,0.45833,50; 22; 38; 51; 58; 11; 48; 54; 63; 18
13,45,0.1372,0.28889,54; 13; 25; 36; 48; 69; 45; 43; 29; 53
31,63,0.1157,0.49206,77; 31; 34; 20; 19; 16; 63; 54; 49; 29
10,31,0.13948,0.32258,23; 10; 29; 10; 28; 55; 31; 21; 8; 18
17,37,0.14418,0.45946,49; 17; 70; 43; 39; 30; 37; 41; 26; 55
12,34,0.13729,0.35294,72; 12; 75; 7; 77; 36; 34; 75; 25; 85
7,21,0.12267,0.33333,37; 7; 52; 52; 48; 26; 21; 48; 53; 49
13,55,0.13058,0.23636,30; 13; 15; 60; 26; 25; 55; 44; 77; 63
11,22,0.13781,0.5,82; 11; 64; 20; 28; 41; 22; 62; 65; 16
9,18,0.13743,0.5,17; 9; 38; 9; 6; 79; 18; 57; 14; 49
42,74,0.10518,0.56757,60; 42; 68; 20; 44; 74; 74; 21; 14; 51
28,49,0.12821,0.57143,63; 28; 83; 10; 54; 6; 49; 25; 9; 72
17,69,0.10866,0.24638,47; 17; 59; 39; 32; 13; 69; 29; 29; 35
26,82,0.09601,0.31707,79; 26; 27; 72; 80; 83; 82; 65; 71; 62
36,73,0.09544,0.49315,40; 36; 77; 79; 75; 6; 73; 48; 8; 80
24,69,0.11068,0.34783,23; 24; 85; 28; 20; 18; 69; 81; 77; 24
11,39,0.14343,0.28205,85; 11; 58; 41; 77; 25; 39; 13; 55; 59
23,29,0.13207,0.7931,24; 23; 80; 40; 32; 19; 29; 56; 80; 62
16,58,0.12358,0.27586,55; 16; 24; 5; 50; 67; 58; 33; 29; 77
26,56,0.12751,0.46429,21; 26; 85; 83; 73; 84; 56; 33; 18; 36
54,63,0.11251,0.85714,18; 54; 33; 7; 24; 5; 63; 38; 43; 84
73,85,0.0735,0.85882,76; 73; 8; 61; 22; 48; 85; 12; 59; 81
24,30,0.12247,0.8,75; 24; 62; 11; 11; 84; 30; 77; 60; 76
42,51,0.12986,0.82353,73; 42; 54; 67; 35; 37; 51; 43; 74; 63
10,41,0.13736,0.2439,62; 10; 37; 44; 65; 79; 41; 39; 59; 31
49,57,0.11849,0.85965,34; 49; 57; 48; 67; 33; 57; 60; 59; 78
26,57,0.12598,0.45614,34; 26; 32; 18; 46; 41; 57; 6; 49; 84
54,66,0.10763,0.81818,32; 54; 64; 79; 70; 58; 66; 48; 21; 84
7,23,0.11925,0.30435,83; 7; 44; 12; 41; 72; 23; 71; 41; 31
9,28,0.14204,0.32143,56; 9; 64; 81; 32; 72; 28; 56; 78; 48
18,62,0.11466,0.29032,11; 18; 32; 50; 31; 40; 62; 43; 73; 85
19,38,0.13194,0.5,82; 19; 16; 77; 28; 56; 38; 43; 10; 25
15,62,0.11627,0.24194,17; 15; 55; 55; 81; 32; 62; 42; 42; 44
16,54,0.13064,0.2963,66; 16; 79; 26; 17; 13; 54; 57; 27; 19
13,53,0.12698,0.24528,32; 13; 74; 72; 67; 49; 53; 71; 7; 84
36,64,0.11522,0.5625,18; 36; 9; 29; 49; 13; 64; 79; 43; 84
73,85,0.07659,0.85882,19; 73; 79; 57; 66; 74; 85; 53; 14; 61
59,74,0.09417,0.7973,54; 59; 52; 85; 66; 20; 74; 44; 42; 16
6,24,0.11721,0.25,61; 6; 77; 35; 30; 72; 24; 12; 58; 75
5,21,0.09332,0.2381,50; 5; 5; 39; 74; 53; 21; 19; 66; 37
35,44,0.13049,0.79545,46; 35; 29; 11; 25; 26; 44; 82; 63; 15
27,54,0.12822,0.5,31; 27; 40; 11; 14; 26; 54; 56; 61; 33
10,20,0.13654,0.5,66; 10; 78; 36; 49; 77; 20; 22; 19; 31
6,17,0.12245,0.35294,53; 6; 6; 19; 7; 53; 17; 58; 26; 32
24,49,0.13735,0.4898,27; 24; 16; 29; 44; 60; 49; 40; 72; 14
22,75,0.10647,0.29333,77; 22; 83; 47; 7; 35; 75; 41; 51; 25
24,49,0.12627,0.4898,36; 24; 64; 14; 13; 57; 49; 45; 30; 57
33,41,0.13698,0.80488,9; 33; 27; 55; 20; 39; 41; 74; 39; 17
51,62,0.11269,0.82258,13; 51; 66; 55; 20; 49; 62; 71; 10; 70
10,18,0.13541,0.55556,18; 10; 7; 74; 40; 31; 18; 58; 62; 51
36,79,0.1049,0.4557,49; 36; 44; 85; 51; 44; 79; 44; 41; 9
18,64,0.11317,0.28125,40; 18; 74; 37; 8; 18; 64; 6; 28; 40
59,74,0.09428,0.7973,21; 59; 66; 38; 46; 69; 74; 48; 34; 85
55,67,0.10196,0.8209,8; 55; 15; 79; 59; 73; 67; 39; 26; 44
12,37,0.13755,0.32432,70; 12; 69; 56; 26; 66; 37; 24; 22; 50
29,79,0.09847,0.36709,47; 29; 29; 80; 14; 50; 79; 55; 73; 23
56,68,0.10431,0.82353,43; 56; 24; 15; 19; 69; 68; 62; 33; 46
23,46,0.13229,0.5,36; 23; 76; 39; 5; 67; 46; 42; 84; 43
37,66,0.11195,0.56061,42; 37; 13; 23; 49; 37; 66; 43; 39; 41
19,24,0.13141,0.79167,30; 19; 35; 37; 70; 56; 24; 55; 84; 22
11,44,0.14111,0.25,7; 11; 79; 22; 50; 79; 44; 22; 45; 23
29,63,0.1179,0.46032,33; 29; 73; 76; 33; 72; 63; 81; 12; 68
49,58,0.1219,0.84483,68; 49; 69; 35; 36; 31; 58; 56; 73; 41
10,27,0.14075,0.37037,72; 10; 35; 10; 78; 82; 27; 16; 52; 83
61,71,0.09418,0.85915,30; 61; 52; 26; 46; 75; 71; 39; 44; 54
14,17,0.13551,0.82353,52; 14; 44; 40; 11; 59; 17; 70; 20; 37
40,50,0.12553,0.8,9; 40; 11; 82; 43; 26; 50; 55; 59; 16
23,71,0.10338,0.32394,43; 23; 58; 15; 18; 81; 71; 66; 47; 81
54,63,0.10976,0.85714,20; 54; 26; 22; 18; 25; 63; 81; 8; 29
29,78,0.10618,0.37179,32; 29; 22; 85; 84; 13; 78; 26; 83; 63
25,68,0.11606,0.36765,36; 25; 32; 85; 19; 62; 68; 46; 35; 68
36,78,0.10165,0.46154,54; 36; 15; 12; 79; 77; 78; 59; 68; 11
44,78,0.10776,0.5641,59; 44; 75; 54; 27; 22; 78; 68; 67; 59
67,85,0.07705,0.78824,52; 67; 83; 31; 51; 5; 85; 53; 54; 25
29,79,0.09977,0.36709,60; 29; 84; 6; 66; 13; 79; 47; 39; 29
9,37,0.1411,0.24324,22; 9; 61; 11; 35; 53; 37; 72; 82; 80
25,82,0.10043,0.30488,38; 25; 8; 82; 43; 7; 82; 78; 37; 71
31,67,0.10882,0.46269,25; 31; 36; 61; 36; 6; 67; 7; 40; 64
27,32,0.13767,0.84375,47; 27; 79; 51; 65; 20; 32; 44; 30; 59
15,54,0.12561,0.27778,60; 15; 79; 11; 72; 83; 54; 32; 37; 51
16,65,0.11391,0.24615,21; 16; 73; 31; 64; 25; 65; 60; 67; 12
26,53,0.1338,0.49057,38; 26; 71; 51; 55; 36; 53; 10; 23; 68
27,85,0.09707,0.31765,18; 27; 76; 53; 52; 46; 85; 14; 83; 5
14,40,0.13979,0.35,8; 14; 67; 48; 60; 15; 40; 23; 7; 27
38,76,0.10183,0.5,71; 38; 10; 37; 85; 35; 76; 10; 61; 24
41,51,0.13497,0.80392,28; 41; 75; 32; 76; 47; 51; 38; 24; 28
57,68,0.09697,0.83824,64; 57; 20; 27; 38; 12; 68; 49; 13; 44
11,44,0.14385,0.25,70; 11; 64; 72; 17; 74; 44; 37; 38; 72
24,83,0.09598,0.28916,26; 24; 63; 18; 58; 6; 83; 82; 44; 6
33,58,0.12168,0.56897,77; 33; 8; 42; 54; 37; 58; 8; 76; 35
20,66,0.10946,0.30303,21; 20; 47; 62; 46; 16; 66; 78; 67; 59
19,80,0.09593,0.2375,67; 19; 42; 33; 21; 14; 80; 78; 43; 61
18,39,0.13809,0.46154,79; 18; 68; 13; 26; 5; 39; 21; 82; 57
10,40,0.14335,0.25,51; 10; 62; 38; 54; 13; 40; 46; 33; 6
23,40,0.13758,0.575,83; 23; 39; 42; 52; 71; 40; 19; 47; 74
19,69,0.10661,0.27536,38; 19; 80; 47; 33; 32; 69; 7; 61; 24
31,36,0.13944,0.86111,69; 31; 56; 67; 43; 77; 36; 53; 52; 45
31,54,0.12982,0.57407,27; 31; 24; 54; 43; 20; 54; 59; 62; 45
20,80,0.09562,0.25,25; 20; 63; 36; 75; 51; 80; 72; 52; 64
32,40,0.13839,0.8,66; 32; 70; 9; 68; 5; 40; 19; 9; 85
24,42,0.13258,0.57143,55; 24; 24; 70; 23; 75; 42; 78; 64; 45
18,54,0.12728,0.33333,68; 18; 85; 68; 85; 47; 54; 82; 17; 47
22,80,0.09536,0.275,67; 22; 28; 74; 71; 59; 80; 32; 83; 14
20,25,0.13362,0.8,71; 20; 79; 70; 50; 40; 25; 33; 70; 77
15,45,0.13596,0.33333,43; 15; 56; 11; 73; 77; 45; 37; 83; 19
6,25,0.11232,0.24,21; 6; 24; 25; 70; 23; 25; 21; 85; 72
40,80,0.09455,0.5,14; 40; 54; 69; 45; 64; 80; 26; 76; 48
29,51,0.1357,0.56863,78; 29; 75; 42; 66; 32; 51; 79; 75; 85
33,41,0.13978,0.80488,22; 33; 64; 13; 50; 6; 41; 23; 49; 53
6,24,0.11572,0.25,79; 6; 12; 84; 14; 12; 24; 27; 24; 20
27,34,0.13163,0.79412,62; 27; 58; 53; 40; 74; 34; 49; 39; 47
30,38,0.13378,0.78947,80; 30; 29; 16; 40; 43; 38; 45; 43; 51
21,85,0.08747,0.24706,30; 21; 54; 77; 82; 34; 85; 45; 57; 25
54,64,0.10707,0.84375,27; 54; 44; 29; 66; 52; 64; 71; 85; 80
22,66,0.11916,0.33333,56; 22; 61; 74; 46; 77; 66; 81; 12; 57
39,49,0.13577,0.79592,55; 39; 28; 41; 6; 28; 49; 42; 80; 56
7,23,0.12244,0.30435,67; 7; 28; 38; 73; 8; 23; 20; 66; 73
57,72,0.09749,0.79167,45; 57; 61; 44; 85; 60; 72; 8; 38; 47
8,34,0.13524,0.23529,55; 8; 76; 20; 18; 48; 34; 59; 68; 14
24,48,0.12868,0.5,17; 24; 58; 36; 51; 28; 48; 22; 13; 14
56,67,0.10179,0.83582,34; 56; 13; 72; 46; 70; 67; 73; 81; 25
30,82,0.09575,0.36585,42; 30; 67; 13; 43; 36; 82; 46; 9; 83
20,41,0.13733,0.4878,51; 20; 59; 53; 59; 63; 41; 59; 10; 42
25,77,0.10655,0.32468,83; 25; 84; 63; 38; 73; 77; 38; 71; 60
11,37,0.13555,0.2973,22; 11; 49; 58; 68; 49; 37; 60; 56; 30
6,19,0.11427,0.31579,22; 6; 45; 34; 84; 56; 19; 15; 30; 42
7,20,0.12495,0.35,66; 7; 36; 13; 66; 66; 20; 26; 23; 52
24,42,0.13797,0.57143,34; 24; 69; 71; 70; 59; 42; 67; 24; 69
22,63,0.1165,0.34921,11; 22; 17; 12; 32; 38; 63; 67; 13; 18
22,78,0.09572,0.28205,45; 22; 25; 30; 48; 13; 78; 53; 45; 73
17,61,0.11723,0.27869,40; 17; 23; 64; 83; 30; 61; 26; 61; 28
47,82,0.10671,0.57317,5; 47; 32; 84; 17; 75; 82; 18; 66; 31
21,75,0.09876,0.28,57; 21; 7; 14; 27; 34; 75; 37; 10; 81
16,54,0.13084,0.2963,29; 16; 68; 71; 78; 25; 54; 75; 77; 48
25,82,0.10891,0.30488,22; 25; 44; 76; 6; 19; 82; 44; 81; 83
11,34,0.13988,0.32353,37; 11; 69; 24; 32; 5; 34; 22; 46; 17
17,56,0.12112,0.30357,79; 17; 22; 63; 75; 7; 56; 71; 81; 30
23,80,0.09512,0.2875,18; 23; 28; 68; 52; 23; 80; 67; 11; 48
15,53,0.12803,0.28302,23; 15; 73; 78; 11; 47; 53; 64; 26; 58
17,37,0.13161,0.45946,11; 17; 29; 52; 77; 19; 37; 34; 34; 82
21,63,0.11884,0.33333,30; 21; 39; 67; 63; 60; 63; 24; 5; 23
23,66,0.11938,0.34848,77; 23; 18; 31; 39; 59; 66; 76; 39; 44
14,46,0.14101,0.30435,42; 14; 30; 41; 56; 83; 46; 84; 25; 79
48,60,0.11576,0.8,33; 48; 9; 65; 79; 41; 60; 63; 55; 77
26,75,0.10837,0.34667,26; 26; 30; 80; 58; 50; 75; 27; 73; 79
33,67,0.11623,0.49254,8; 33; 80; 63; 69; 39; 67; 56; 78; 71
9,16,0.13461,0.5625,21; 9; 54; 12; 83; 34; 16; 9; 71; 66
32,70,0.11355,0.45714,80; 32; 30; 63; 59; 51; 70; 70; 74; 32
40,49,0.13715,0.81633,80; 40; 17; 24; 12; 19; 49; 6; 24; 83
12,38,0.13488,0.31579,66; 12; 39; 17; 47; 28; 38; 71; 28; 25
32,38,0.12723,0.84211,36; 32; 22; 76; 62; 80; 38; 13; 17; 18
9,26,0.14396,0.34615,73; 9; 20; 77; 12; 59; 26; 71; 62; 62
38,44,0.13513,0.86364,28; 38; 23; 59; 10; 29; 44; 44; 67; 31
15,45,0.13666,0.33333,9; 15; 36; 83; 44; 83; 45; 63; 59; 16
27,73,0.10068,0.36986,20; 27; 58; 77; 68; 70; 73; 81; 34; 13
34,61,0.11705,0.55738,21; 34; 8; 52; 67; 63; 61; 43; 12; 71
68,81,0.08155,0.83951,9; 68; 66; 42; 82; 76; 81; 29; 12; 40
23,50,0.13676,0.46,75; 23; 56; 77; 73; 28; 50; 14; 8; 79
36,43,0.13455,0.83721,70; 36; 73; 47; 19; 23; 43; 58; 6; 75
19,75,0.10315,0.25333,65; 19; 20; 52; 55; 25; 75; 47; 12; 44
47,84,0.09314,0.55952,14; 47; 34; 55; 63; 17; 84; 43; 63; 47
10,35,0.14474,0.28571,26; 10; 50; 49; 84; 81; 35; 54; 51; 61
61,73,0.08905,0.83562,46; 61; 53; 35; 65; 7; 73; 26; 35; 29
43,54,0.13259,0.7963,50; 43; 74; 58; 50; 67; 54; 22; 40; 83
55,69,0.10084,0.7971,40; 55; 49; 78; 39; 84; 69; 63; 60; 72
14,40,0.13631,0.35,84; 14; 70; 32; 46; 22; 40; 44; 46; 67
41,83,0.10399,0.49398,34; 41; 14; 37; 33; 28; 83; 71; 85; 12
16,43,0.13281,0.37209,51; 16; 32; 49; 66; 28; 43; 63; 68; 33
65,82,0.08094,0.79268,46; 65; 18; 83; 8; 57; 82; 83; 46; 77
31,84,0.11012,0.36905,39; 31; 33; 80; 19; 69; 84; 52; 77; 13
6,17,0.1138,0.35294,29; 6; 58; 66; 22; 38; 17; 37; 62; 16
6,13,0.11554,0.46154,19; 6; 58; 70; 23; 54; 13; 25; 59; 58
40,50,0.13818,0.8,37; 40; 32; 16; 67; 60; 50; 44; 36; 40
17,48,0.13361,0.35417,56; 17; 63; 34; 62; 6; 48; 14; 55; 22
15,43,0.14346,0.34884,20; 15; 45; 25; 21; 75; 43; 85; 25; 61
16,32,0.12746,0.5,23; 16; 70; 76; 39; 38; 32; 5; 84; 5
26,74,0.10738,0.35135,70; 26; 73; 60; 76; 8; 74; 85; 13; 55
9,11,0.14462,0.81818,26; 9; 44; 81; 9; 39; 11; 32; 84; 8
12,24,0.13151,0.5,17; 12; 57; 46; 72; 55; 24; 29; 7; 27
14,38,0.13622,0.36842,26; 14; 30; 34; 24; 38; 38; 27; 66; 81
28,35,0.13877,0.8,33; 28; 32; 43; 41; 30; 35; 39; 78; 79
44,51,0.13401,0.86275,73; 44; 59; 25; 67; 38; 51; 62; 70; 40
37,43,0.13297,0.86047,32; 37; 15; 17; 53; 13; 43; 30; 51; 70
67,78,0.08192,0.85897,72; 67; 50; 62; 71; 76; 78; 85; 58; 39
32,64,0.11655,0.5,47; 32; 43; 10; 38; 41; 64; 36; 49; 49
16,65,0.109,0.24615,21; 16; 64; 43; 84; 72; 65; 41; 19; 85
21,76,0.0979,0.27632,27; 21; 12; 6; 67; 14; 76; 18; 65; 82
29,83,0.08933,0.3494,49; 29; 7; 73; 9; 10; 83; 18; 11; 7
69,84,0.07466,0.82143,49; 69; 20; 62; 14; 55; 84; 52; 11; 39
31,39,0.13845,0.79487,34; 31; 34; 83; 12; 58; 39; 12; 61; 32
23,80,0.1006,0.2875,10; 23; 75; 62; 21; 67; 80; 18; 40; 35
48,56,0.12157,0.85714,14; 48; 49; 17; 40; 7; 56; 46; 26; 35
15,52,0.125,0.28846,5; 15; 62; 49; 20; 53; 52; 83; 14; 47
34,43,0.13177,0.7907,16; 34; 9; 22; 39; 55; 43; 68; 28; 34
44,56,0.12141,0.78571,84; 44; 50; 57; 25; 68; 56; 12; 10; 49
23,65,0.10889,0.35385,78; 23; 43; 26; 8; 83; 65; 38; 61; 53
20,82,0.09343,0.2439,84; 20; 46; 65; 15; 53; 82; 11; 16; 9
48,57,0.12826,0.84211,68; 48; 28; 83; 37; 78; 57; 17; 10; 16
52,62,0.11757,0.83871,73; 52; 6; 11; 45; 33; 62; 74; 12; 47
21,64,0.11294,0.32812,39; 21; 44; 70; 26; 44; 64; 85; 68; 83
53,67,0.10391,0.79104,40; 53; 72; 59; 28; 68; 67; 40; 78; 22
27,83,0.09593,0.3253,37; 27; 24; 41; 12; 73; 83; 80; 27; 77
24,28,0.13741,0.85714,18; 24; 33; 52; 81; 84; 28; 52; 37; 83
18,54,0.12759,0.33333,8; 18; 55; 7; 34; 42; 54; 57; 72; 53
39,69,0.10896,0.56522,48; 39; 42; 67; 65; 5; 69; 55; 13; 12
9,30,0.14636,0.3,63; 9; 80; 35; 70; 41; 30; 49; 53; 31
37,46,0.13389,0.80435,64; 37; 55; 6; 57; 23; 46; 18; 40; 5
36,78,0.0884,0.46154,84; 36; 29; 79; 66; 17; 78; 52; 7; 24
15,53,0.13323,0.28302,84; 15; 51; 49; 84; 78; 53; 33; 47; 59
23,50,0.12989,0.46,62; 23; 47; 81; 50; 36; 50; 78; 61; 64
39,84,0.09,0.46429,54; 39; 49; 12; 35; 63; 84; 46; 59; 44
14,42,0.13459,0.33333,25; 14; 9; 27; 81; 75; 42; 81; 56; 70
7,23,0.12692,0.30435,69; 7; 83; 72; 61; 67; 23; 51; 24; 7
27,83,0.10063,0.3253,41; 27; 59; 26; 73; 78; 83; 51; 62; 83
10,40,0.14416,0.25,37; 10; 39; 59; 75; 72; 40; 36; 68; 37
20,35,0.13239,0.57143,14; 20; 57; 13; 16; 33; 35; 52; 67; 61
30,35,0.13743,0.85714,60; 30; 77; 53; 46; 82; 35; 77; 22; 77
19,78,0.09314,0.24359,69; 19; 10; 65; 19; 61; 78; 8; 45; 45
24,72,0.10633,0.33333,79; 24; 84; 52; 39; 6; 72; 8; 48; 20
40,72,0.10202,0.55556,78; 40; 69; 36; 20; 45; 72; 46; 37; 7
5,10,0.10936,0.5,15; 5; 62; 9; 63; 59; 10; 20; 68; 14
29,82,0.09165,0.35366,20; 29; 19; 49; 58; 42; 82; 69; 67; 16
13,28,0.13341,0.46429,62; 13; 11; 71; 12; 80; 28; 27; 52; 20
24,83,0.09834,0.28916,7; 24; 20; 16; 64; 36; 83; 29; 76; 17
46,82,0.09089,0.56098,60; 46; 36; 83; 36; 50; 82; 30; 14; 14
27,33,0.14033,0.81818,80; 27; 5; 20; 55; 65; 33; 26; 53; 38
67,82,0.07669,0.81707,26; 67; 68; 30; 33; 28; 82; 57; 44; 8
48,57,0.11798,0.84211,21; 48; 30; 79; 13; 66; 57; 24; 48; 76
18,63,0.11394,0.28571,76; 18; 79; 25; 13; 5; 63; 77; 30; 71
5,21,0.09883,0.2381,11; 5; 58; 6; 65; 38; 21; 69; 56; 42
39,79,0.10195,0.49367,44; 39; 63; 51; 27; 29; 79; 6; 11; 68
12,49,0.13322,0.2449,14; 12; 21; 20; 74; 18; 49; 8; 85; 53
20,70,0.10126,0.28571,48; 20; 73; 61; 43; 28; 70; 44; 66; 44
41,82,0.09712,0.5,19; 41; 74; 60; 56; 31; 82; 74; 31; 79
42,51,0.13331,0.82353,13; 42; 35; 41; 61; 12; 51; 75; 38; 64
12,26,0.13522,0.46154,14; 12; 62; 30; 68; 70; 26; 11; 49; 63
17,49,0.13109,0.34694,40; 17; 79; 76; 33; 19; 49; 16; 9; 21
18,61,0.11818,0.29508,60; 18; 55; 17; 84; 16; 61; 44; 42; 12
21,57,0.12025,0.36842,15; 21; 26; 51; 67; 61; 57; 46; 79; 27
18,61,0.11235,0.29508,41; 18; 66; 23; 70; 12; 61; 22; 83; 41
58,69,0.09703,0.84058,85; 58; 42; 28; 7; 30; 69; 72; 63; 83
15,30,0.13232,0.5,64; 15; 76; 32; 5; 63; 30; 85; 59; 48
20,40,0.13161,0.5,73; 20; 18; 25; 19; 23; 40; 6; 39; 74
28,57,0.12897,0.49123,51; 28; 57; 11; 13; 25; 57; 84; 33; 19
11,40,0.14162,0.275,11; 11; 56; 68; 20; 44; 40; 82; 53; 5
19,57,0.12232,0.33333,79; 19; 79; 40; 73; 46; 57; 21; 49; 77
13,35,0.13242,0.37143,23; 13; 34; 63; 73; 5; 35; 72; 78; 84
21,25,0.13099,0.84,50; 21; 83; 6; 69; 61; 25; 35; 7; 44
30,82,0.09274,0.36585,51; 30; 54; 72; 84; 9; 82; 42; 79; 64
60,76,0.0853,0.78947,19; 60; 65; 62; 69; 24; 76; 74; 52; 30
25,84,0.09307,0.29762,80; 25; 52; 22; 34; 39; 84; 11; 44; 18
21,85,0.09225,0.24706,37; 21; 7; 34; 33; 63; 85; 50; 46; 57
15,45,0.13656,0.33333,29; 15; 42; 80; 59; 43; 45; 11; 44; 12
17,52,0.12667,0.32692,81; 17; 29; 85; 9; 46; 52; 17; 81; 84
30,65,0.1153,0.46154,21; 30; 53; 43; 34; 71; 65; 8; 61; 83
22,60,0.11767,0.36667,56; 22; 22; 49; 18; 28; 60; 76; 81; 16
61,76,0.09027,0.80263,74; 61; 56; 51; 36; 26; 76; 33; 65; 29
33,67,0.11696,0.49254,76; 33; 15; 47; 65; 20; 67; 47; 27; 20
14,17,0.13039,0.82353,14; 14; 65; 37; 28; 12; 17; 13; 84; 10
20,79,0.09431,0.25316,55; 20; 16; 28; 61; 28; 79; 68; 8; 25
68,85,0.07587,0.8,74; 68; 56; 16; 81; 31; 85; 58; 49; 44
37,76,0.09493,0.48684,16; 37; 77; 8; 73; 74; 76; 21; 13; 24
48,57,0.12139,0.84211,25; 48; 5; 20; 40; 14; 57; 82; 69; 15
23,40,0.12849,0.575,73; 23; 19; 79; 64; 47; 40; 51; 50; 75
31,62,0.1167,0.5,67; 31; 78; 63; 35; 76; 62; 67; 63; 41
13,41,0.13291,0.31707,63; 13; 66; 56; 50; 60; 41; 38; 63; 19
26,31,0.13866,0.83871,35; 26; 33; 51; 12; 30; 31; 74; 37; 7
37,65,0.10927,0.56923,14; 37; 37; 35; 9; 21; 65; 5; 84; 17
27,47,0.13004,0.57447,25; 27; 44; 27; 64; 31; 47; 60; 63; 68
40,70,0.10541,0.57143,46; 40; 19; 56; 53; 7; 70; 68; 18; 71
21,83,0.08735,0.25301,14; 21; 46; 44; 80; 19; 83; 41; 67; 48
34,70,0.11284,0.48571,81; 34; 8; 27; 59; 45; 70; 73; 53; 17
25,83,0.09399,0.3012,39; 25; 76; 17; 70; 35; 83; 61; 62; 59
12,51,0.1377,0.23529,24; 12; 71; 15; 51; 59; 51; 56; 63; 57
39,85,0.10009,0.45882,79; 39; 10; 31; 36; 20; 85; 11; 60; 13
32,57,0.11464,0.5614,44; 32; 56; 63; 60; 23; 57; 29; 24; 72
14,46,0.14301,0.30435,78; 14; 49; 42; 18; 80; 46; 73; 16; 80
37,66,0.11285,0.56061,46; 37; 40; 35; 5; 33; 66; 36; 51; 19
16,63,0.11661,0.25397,35; 16; 19; 54; 51; 83; 63; 58; 74; 40
65,79,0.08367,0.82278,8; 65; 16; 80; 35; 34; 79; 62; 37; 20
24,49,0.12808,0.4898,59; 24; 30; 73; 71; 27; 49; 69; 36; 12
12,14,0.13098,0.85714,73; 12; 11; 12; 17; 71; 14; 74; 36; 44
13,47,0.13259,0.2766,73; 13; 64; 6; 32; 34; 47; 16; 80; 67
24,76,0.1049,0.31579,42; 24; 79; 55; 35; 56; 76; 78; 46; 71
19,69,0.1051,0.27536,71; 19; 22; 68; 14; 44; 69; 6; 17; 53
23,81,0.10107,0.28395,61; 23; 55; 54; 44; 18; 81; 16; 9; 65
12,21,0.13392,0.57143,39; 12; 51; 77; 41; 19; 21; 42; 69; 5
48,60,0.11262,0.8,78; 48; 32; 57; 32; 16; 60; 69; 63; 7
22,79,0.09106,0.27848,26; 22; 37; 45; 9; 37; 79; 54; 15; 69
11,45,0.13629,0.24444,58; 11; 22; 66; 41; 13; 45; 46; 84; 31
61,76,0.08949,0.80263,34; 61; 41; 27; 34; 83; 76; 23; 80; 27
37,80,0.0991,0.4625,44; 37; 61; 64; 56; 53; 80; 44; 36; 11
47,56,0.12412,0.83929,15; 47; 39; 58; 46; 71; 56; 40; 19; 40
10,33,0.14134,0.30303,22; 10; 52; 71; 42; 6; 33; 73; 75; 15
20,57,0.11772,0.35088,8; 20; 60; 37; 61; 30; 57; 75; 11; 19
35,61,0.11784,0.57377,41; 35; 70; 37; 71; 65; 61; 8; 56; 71
39,84,0.10291,0.46429,38; 39; 39; 42; 60; 36; 84; 61; 25; 64
16,63,0.11594,0.25397,80; 16; 21; 68; 50; 8; 63; 21; 37; 12
48,61,0.11683,0.78689,71; 48; 64; 49; 39; 79; 61; 84; 60; 20
24,28,0.13656,0.85714,44; 24; 14; 60; 41; 19; 28; 11; 72; 9
24,43,0.13499,0.55814,67; 24; 44; 54; 49; 16; 43; 57; 55; 37
25,83,0.09373,0.3012,64; 25; 28; 12; 83; 6; 83; 59; 61; 16
14,28,0.13166,0.5,26; 14; 81; 35; 23; 47; 28; 25; 53; 6
15,62,0.11767,0.24194,57; 15; 63; 34; 83; 73; 62; 20; 60; 18
28,35,0.13293,0.8,39; 28; 51; 39; 74; 84; 35; 30; 17; 48
69,82,0.07877,0.84146,49; 69; 54; 32; 29; 25; 82; 24; 21; 41
18,71,0.10245,0.25352,67; 18; 79; 68; 9; 27; 71; 14; 56; 33
24,52,0.12906,0.46154,25; 24; 72; 22; 53; 15; 52; 41; 75; 76
11,40,0.14352,0.275,51; 11; 63; 67; 65; 54; 40; 37; 12; 44
15,53,0.13101,0.28302,29; 15; 32; 24; 16; 17; 53; 58; 23; 50
30,60,0.11702,0.5,23; 30; 49; 67; 43; 26; 60; 30; 71; 56
23,50,0.13511,0.46,57; 23; 25; 38; 49; 64; 50; 58; 40; 63
25,83,0.1016,0.3012,21; 25; 52; 71; 69; 85; 83; 42; 47; 34
32,69,0.10809,0.46377,83; 32; 34; 56; 68; 83; 69; 24; 56; 55
7,29,0.12353,0.24138,9; 7; 13; 9; 37; 68; 29; 62; 51; 21
21,66,0.11348,0.31818,74; 21; 83; 70; 81; 76; 66; 17; 43; 8
19,41,0.13965,0.46341,56; 19; 39; 6; 28; 80; 41; 15; 62; 21
27,73,0.10757,0.36986,55; 27; 26; 36; 59; 26; 73; 19; 7; 63
21,37,0.12871,0.56757,59; 21; 13; 19; 14; 63; 37; 47; 56; 82
34,74,0.10141,0.45946,42; 34; 19; 15; 64; 54; 74; 17; 22; 79
19,59,0.11845,0.32203,52; 19; 65; 24; 12; 27; 59; 41; 41; 42
50,63,0.11576,0.79365,29; 50; 47; 52; 69; 46; 63; 44; 46; 55
26,53,0.12621,0.49057,40; 26; 81; 54; 66; 12; 53; 74; 12; 12
44,51,0.12923,0.86275,77; 44; 77; 41; 49; 13; 51; 18; 52; 25
21,63,0.11587,0.33333,49; 21; 15; 20; 46; 40; 63; 78; 34; 25
17,53,0.12723,0.32075,35; 17; 82; 75; 68; 24; 53; 21; 53; 71
35,71,0.11063,0.49296,50; 35; 9; 52; 39; 75; 71; 56; 78; 26
13,54,0.12705,0.24074,8; 13; 37; 30; 23; 66; 54; 74; 46; 57
20,57,0.12214,0.35088,67; 20; 85; 81; 12; 24; 57; 47; 8; 55
60,73,0.09264,0.82192,46; 60; 59; 80; 75; 73; 73; 69; 77; 59
45,80,0.10259,0.5625,66; 45; 37; 46; 61; 17; 80; 75; 53; 67
11,14,0.13755,0.78571,37; 11; 34; 46; 29; 28; 14; 24; 72; 11
37,46,0.13894,0.80435,50; 37; 12; 22; 75; 66; 46; 27; 33; 19
18,32,0.1312,0.5625,57; 18; 62; 31; 71; 52; 32; 26; 14; 80
38,82,0.10184,0.46341,21; 38; 44; 55; 34; 24; 82; 85; 51; 27
22,68,0.11193,0.32353,60; 22; 65; 44; 10; 44; 68; 23; 54; 74
38,78,0.09035,0.48718,51; 38; 47; 15; 22; 75; 78; 12; 58; 53
31,39,0.13577,0.79487,27; 31; 30; 37; 62; 58; 39; 23; 42; 35
16,65,0.11723,0.24615,43; 16; 45; 13; 68; 14; 65; 24; 73; 84
12,14,0.13692,0.85714,13; 12; 24; 82; 11; 59; 14; 31; 84; 7
14,50,0.12865,0.28,79; 14; 27; 79; 47; 84; 50; 26; 13; 29
8,10,0.13664,0.8,85; 8; 81; 11; 60; 75; 10; 26; 15; 73
39,68,0.10985,0.57353,56; 39; 70; 30; 39; 60; 68; 70; 69; 83
39,49,0.13492,0.79592,18; 39; 11; 32; 85; 15; 49; 69; 40; 41
12,34,0.14283,0.35294,7; 12; 48; 58; 56; 41; 34; 45; 60; 29
12,50,0.13772,0.24,27; 12; 20; 84; 59; 34; 50; 33; 20; 20
37,74,0.1057,0.5,21; 37; 53; 39; 84; 23; 74; 46; 26; 26
6,21,0.11705,0.28571,57; 6; 28; 81; 66; 78; 21; 26; 6; 77
18,22,0.12653,0.81818,69; 18; 13; 72; 82; 15; 22; 40; 49; 17
18,51,0.12583,0.35294,39; 18; 73; 6; 26; 45; 51; 5; 48; 19
21,66,0.11302,0.31818,14; 21; 52; 36; 28; 37; 66; 68; 15; 9
16,43,0.13815,0.37209,15; 16; 78; 12; 60; 9; 43; 32; 9; 74
17,68,0.11216,0.25,64; 17; 52; 11; 33; 82; 68; 67; 50; 38
6,19,0.12431,0.31579,60; 6; 5; 85; 37; 70; 19; 26; 73; 62
47,56,0.12283,0.83929,38; 47; 69; 79; 14; 49; 56; 56; 60; 21
20,41,0.13799,0.4878,14; 20; 25; 72; 85; 40; 41; 52; 69; 63
64,76,0.08476,0.84211,26; 64; 27; 77; 42; 8; 76; 41; 23; 16
34,70,0.10888,0.48571,50; 34; 17; 75; 83; 69; 70; 72; 25; 48
21,42,0.13937,0.5,80; 21; 56; 13; 16; 48; 42; 37; 72; 76
26,57,0.12544,0.45614,19; 26; 35; 5; 12; 63; 57; 54; 74; 38
18,64,0.11181,0.28125,10; 18; 25; 11; 52; 13; 64; 15; 46; 84
39,80,0.09829,0.4875,58; 39; 18; 41; 53; 67; 80; 44; 27; 53
53,67,0.10444,0.79104,40; 53; 14; 81; 52; 50; 67; 67; 69; 64
18,39,0.13395,0.46154,34; 18; 31; 23; 33; 33; 39; 43; 82; 77
17,51,0.12813,0.33333,67; 17; 77; 49; 42; 78; 51; 37; 24; 30
55,70,0.10134,0.78571,79; 55; 61; 33; 58; 24; 70; 72; 60; 77
10,41,0.13919,0.2439,65; 10; 80; 9; 54; 18; 41; 26; 56; 23
28,81,0.09704,0.34568,76; 28; 63; 79; 10; 56; 81; 9; 24; 61
16,20,0.13511,0.8,14; 16; 24; 39; 37; 21; 20; 28; 21; 66
12,21,0.1304,0.57143,12; 12; 64; 28; 68; 15; 21; 64; 10; 62
45,79,0.09745,0.56962,21; 45; 16; 21; 40; 81; 79; 71; 68; 17
10,42,0.14856,0.2381,27; 10; 74; 66; 32; 13; 42; 6; 71; 27
47,56,0.1213,0.83929,8; 47; 61; 56; 51; 61; 56; 55; 40; 16
29,82,0.08845,0.35366,10; 29; 59; 37; 74; 35; 82; 72; 15; 73
23,78,0.09821,0.29487,57; 23; 9; 50; 32; 63; 78; 59; 66; 70
42,85,0.09428,0.49412,59; 42; 45; 11; 59; 82; 85; 33; 77; 62
27,34,0.13369,0.79412,44; 27; 9; 60; 32; 32; 34; 53; 18; 80
31,68,0.11309,0.45588,51; 31; 53; 56; 35; 24; 68; 79; 74; 53
22,74,0.10162,0.2973,51; 22; 79; 31; 73; 64; 74; 37; 7; 49
28,57,0.11439,0.49123,48; 28; 16; 57; 5; 73; 57; 39; 53; 10
18,39,0.1345,0.46154,61; 18; 26; 71; 76; 10; 39; 13; 20; 74
7,23,0.13601,0.30435,23; 7; 48; 46; 13; 55; 23; 47; 52; 55
28,75,0.1082,0.37333,36; 28; 63; 59; 62; 17; 75; 58; 11; 68
20,25,0.12463,0.8,48; 20; 49; 59; 19; 69; 25; 40; 50; 32
14,48,0.12514,0.29167,45; 14; 12; 51; 18; 5; 48; 52; 79; 73
11,34,0.14002,0.32353,35; 11; 75; 36; 69; 81; 34; 46; 51; 52
26,33,0.13546,0.78788,77; 26; 82; 44; 58; 45; 33; 66; 11; 70
44,79,0.09728,0.55696,25; 44; 52; 70; 36; 19; 79; 70; 28; 75
25,75,0.0975,0.33333,27; 25; 32; 43; 48; 9; 75; 65; 47; 29
31,84,0.09241,0.36905,5; 31; 33; 15; 54; 48; 84; 42; 44; 68
22,48,0.13145,0.45833,9; 22; 42; 54; 73; 7; 48; 73; 65; 81
11,24,0.13923,0.45833,40; 11; 63; 12; 29; 50; 24; 22; 24; 37
13,23,0.12634,0.56522,73; 13; 73; 81; 34; 27; 23; 59; 20; 76
12,50,0.13373,0.24,18; 12; 77; 73; 31; 73; 50; 77; 6; 24
25,71,0.10733,0.35211,24; 25; 78; 52; 65; 54; 71; 72; 46; 18
7,23,0.12598,0.30435,28; 7; 60; 28; 23; 49; 23; 62; 70; 18
27,54,0.13074,0.5,64; 27; 69; 52; 66; 33; 54; 13; 53; 85
56,71,0.09461,0.78873,28; 56; 44; 48; 27; 28; 71; 51; 46; 84
23,70,0.10569,0.32857,9; 23; 71; 73; 82; 62; 70; 34; 9; 78
35,71,0.10376,0.49296,65; 35; 77; 10; 29; 79; 71; 64; 42; 11
36,72,0.10695,0.5,13; 36; 81; 63; 75; 34; 72; 75; 49; 10
14,40,0.13831,0.35,84; 14; 52; 39; 38; 66; 40; 25; 28; 26
36,42,0.14103,0.85714,75; 36; 80; 77; 8; 18; 42; 58; 36; 44
20,61,0.11411,0.32787,27; 20; 47; 21; 32; 17; 61; 34; 69; 22
41,50,0.12826,0.82,5; 41; 82; 48; 82; 63; 50; 25; 39; 34
18,75,0.09649,0.24,81; 18; 11; 21; 58; 48; 75; 5; 25; 52
15,59,0.12129,0.25424,73; 15; 51; 8; 9; 34; 59; 5; 41; 55
15,43,0.14209,0.34884,85; 15; 80; 11; 32; 69; 43; 27; 46; 85
65,81,0.0822,0.80247,40; 65; 77; 69; 34; 75; 81; 24; 49; 82
21,71,0.10216,0.29577,9; 21; 38; 49; 52; 19; 71; 48; 11; 8
23,47,0.13865,0.48936,62; 23; 50; 71; 68; 37; 47; 85; 51; 50
43,54,0.12408,0.7963,24; 43; 54; 69; 59; 7; 54; 51; 17; 62
16,58,0.11948,0.27586,29; 16; 36; 24; 7; 64; 58; 82; 68; 40
38,82,0.09385,0.46341,16; 38; 68; 56; 82; 37; 82; 39; 24; 44
47,84,0.0959,0.55952,66; 47; 13; 67; 40; 74; 84; 49; 78; 20
15,45,0.13507,0.33333,16; 15; 33; 76; 36; 23; 45; 72; 24; 21
20,80,0.09489,0.25,5; 20; 15; 67; 70; 28; 80; 59; 47; 12
47,56,0.12733,0.83929,39; 47; 37; 73; 29; 56; 56; 35; 59; 12
45,55,0.12361,0.81818,70; 45; 31; 68; 73; 39; 55; 8; 66; 10
10,40,0.13833,0.25,8; 10; 46; 47; 57; 71; 40; 20; 78; 34
54,66,0.10843,0.81818,25; 54; 34; 37; 56; 9; 66; 77; 75; 82
60,70,0.09898,0.85714,67; 60; 5; 19; 70; 63; 70; 77; 85; 10
55,67,0.10328,0.8209,31; 55; 48; 75; 6; 40; 67; 61; 71; 81
39,78,0.09744,0.5,55; 39; 78; 84; 6; 5; 78; 39; 80; 53
46,55,0.13285,0.83636,19; 46; 63; 20; 24; 79; 55; 51; 32; 25
10,31,0.13728,0.32258,55; 10; 72; 8; 15; 29; 31; 36; 27; 25
62,72,0.09315,0.86111,30; 62; 11; 50; 35; 32; 72; 6; 12; 81
18,39,0.12699,0.46154,73; 18; 39; 58; 33; 42; 39; 47; 51; 21
19,39,0.13812,0.48718,84; 19; 12; 77; 46; 41; 39; 58; 38; 55
17,49,0.13497,0.34694,48; 17; 66; 15; 55; 22; 49; 47; 8; 5
13,43,0.13092,0.30233,85; 13; 14; 24; 75; 57; 43; 30; 16; 19
22,76,0.10694,0.28947,41; 22; 39; 25; 13; 36; 76; 44; 70; 9
26,31,0.13395,0.83871,45; 26; 32; 21; 44; 22; 31; 40; 44; 6
69,82,0.0817,0.84146,34; 69; 14; 32; 64; 35; 82; 24; 83; 75
37,66,0.11116,0.56061,50; 37; 23; 47; 45; 44; 66; 24; 27; 6
60,70,0.09459,0.85714,58; 60; 58; 79; 59; 5; 70; 41; 24; 32
38,77,0.10579,0.49351,32; 38; 31; 74; 70; 50; 77; 43; 54; 5
31,83,0.08871,0.37349,9; 31; 43; 59; 35; 69; 83; 81; 21; 53
16,48,0.13136,0.33333,76; 16; 28; 84; 26; 17; 48; 44; 66; 37
55,70,0.10366,0.78571,56; 55; 14; 61; 60; 27; 70; 22; 74; 56
24,84,0.09105,0.28571,54; 24; 9; 5; 38; 23; 84; 39; 30; 63
36,72,0.11286,0.5,29; 36; 62; 69; 32; 42; 72; 35; 75; 37
18,64,0.11144,0.28125,55; 18; 64; 37; 60; 18; 64; 77; 65; 54
15,60,0.11764,0.25,60; 15; 54; 26; 51; 23; 60; 51; 14; 59
28,56,0.12243,0.5,50; 28; 71; 12; 52; 49; 56; 83; 22; 70
68,79,0.08079,0.86076,38; 68; 55; 31; 57; 41; 79; 83; 14; 41
32,37,0.13697,0.86486,39; 32; 30; 17; 35; 29; 37; 17; 55; 6
18,54,0.12218,0.33333,52; 18; 33; 27; 24; 50; 54; 62; 69; 12
8,34,0.12936,0.23529,74; 8; 72; 22; 45; 41; 34; 29; 16; 5
53,66,0.10708,0.80303,58; 53; 60; 27; 61; 68; 66; 23; 21; 42
19,64,0.1116,0.29688,65; 19; 62; 6; 20; 82; 64; 6; 19; 80
20,61,0.11557,0.32787,59; 20; 27; 83; 77; 40; 61; 21; 62; 15
20,71,0.10791,0.28169,19; 20; 48; 68; 71; 51; 71; 78; 82; 57
12,15,0.13496,0.8,6; 12; 51; 16; 26; 61; 15; 14; 44; 10
25,67,0.11504,0.37313,68; 25; 45; 57; 26; 63; 67; 45; 47; 58
16,19,0.13936,0.84211,63; 16; 62; 43; 34; 23; 19; 9; 65; 40
47,59,0.11763,0.79661,25; 47; 34; 29; 36; 37; 59; 69; 46; 14
26,70,0.11252,0.37143,50; 26; 43; 41; 64; 68; 70; 17; 44; 46
18,65,0.11636,0.27692,34; 18; 17; 53; 80; 9; 65; 65; 80; 34
33,42,0.1383,0.78571,35; 33; 48; 34; 46; 62; 42; 13; 48; 69
28,49,0.13745,0.57143,42; 28; 16; 38; 6; 43; 49; 36; 14; 16
14,28,0.13604,0.5,70; 14; 76; 66; 54; 53; 28; 7; 30; 67
20,85,0.08799,0.23529,10; 20; 80; 44; 40; 6; 85; 70; 75; 64
22,44,0.13301,0.5,29; 22; 34; 21; 56; 49; 44; 7; 29; 76
12,42,0.13794,0.28571,66; 12; 8; 85; 47; 29; 42; 56; 39; 67
29,51,0.12806,0.56863,48; 29; 33; 75; 9; 26; 51; 19; 85; 58
38,77,0.10001,0.49351,21; 38; 85; 25; 48; 31; 77; 59; 71; 15
40,82,0.09817,0.4878,55; 40; 76; 62; 6; 14; 82; 23; 21; 15
59,75,0.09135,0.78667,54; 59; 81; 14; 51; 39; 75; 28; 5; 15
30,82,0.10244,0.36585,38; 30; 67; 25; 77; 43; 82; 28; 59; 61
21,57,0.12222,0.36842,48; 21; 21; 12; 59; 39; 57; 61; 38; 43
37,44,0.13825,0.84091,65; 37; 75; 19; 20; 10; 44; 71; 20; 22
26,70,0.11489,0.37143,73; 26; 24; 25; 40; 14; 70; 49; 59; 32
20,63,0.11382,0.31746,30; 20; 30; 84; 70; 82; 63; 80; 63; 72
61,77,0.08842,0.79221,19; 61; 40; 26; 45; 65; 77; 29; 41; 21
28,56,0.12942,0.5,85; 28; 59; 81; 22; 30; 56; 63; 52; 82
5,21,0.10713,0.2381,46; 5; 44; 80; 79; 70; 21; 31; 7; 31
31,36,0.12749,0.86111,56; 31; 37; 11; 10; 7; 36; 39; 61; 69
23,63,0.10962,0.36508,78; 23; 63; 18; 33; 25; 63; 9; 59; 35
42,85,0.09804,0.49412,74; 42; 51; 32; 68; 7; 85; 78; 60; 25
20,68,0.10554,0.29412,44; 20; 72; 79; 25; 75; 68; 80; 28; 77
19,24,0.12882,0.79167,46; 19; 51; 43; 31; 19; 24; 16; 79; 72
20,79,0.09722,0.25316,18; 20; 48; 36; 65; 75; 79; 8; 71; 28
51,59,0.11784,0.86441,72; 51; 66; 83; 10; 79; 59; 66; 43; 23
32,38,0.13877,0.84211,84; 32; 83; 39; 57; 83; 38; 27; 46; 39
11,45,0.14546,0.24444,76; 11; 71; 55; 49; 69; 45; 73; 68; 63
20,85,0.08781,0.23529,81; 20; 24; 27; 19; 23; 85; 45; 52; 17
32,69,0.10752,0.46377,51; 32; 85; 61; 36; 9; 69; 84; 65; 59
31,55,0.1342,0.56364,11; 31; 27; 72; 5; 22; 55; 59; 70; 7
7,20,0.12137,0.35,55; 7; 63; 63; 52; 78; 20; 57; 79; 29
32,38,0.13754,0.84211,11; 32; 67; 51; 18; 17; 38; 64; 55; 42
37,81,0.09302,0.45679,57; 37; 56; 55; 81; 37; 81; 83; 43; 6
14,48,0.13349,0.29167,56; 14; 83; 17; 63; 34; 48; 60; 54; 74
66,77,0.08262,0.85714,27; 66; 77; 23; 50; 14; 77; 85; 68; 16
20,80,0.09641,0.25,48; 20; 17; 29; 47; 8; 80; 40; 39; 23
32,69,0.12058,0.46377,68; 32; 64; 50; 80; 12; 69; 50; 46; 52
24,84,0.09066,0.28571,69; 24; 26; 78; 7; 7; 84; 18; 6; 25
63,77,0.09004,0.81818,14; 63; 16; 19; 30; 19; 77; 76; 21; 12
59,72,0.08747,0.81944,21; 59; 83; 15; 21; 61; 72; 77; 41; 52
17,67,0.10842,0.25373,35; 17; 78; 75; 6; 30; 67; 76; 32; 5
68,81,0.08246,0.83951,53; 68; 50; 78; 18; 39; 81; 28; 41; 58
14,44,0.13037,0.31818,14; 14; 37; 52; 46; 11; 44; 68; 78; 9
15,59,0.11764,0.25424,75; 15; 54; 52; 23; 45; 59; 52; 64; 10
23,83,0.08927,0.27711,9; 23; 10; 58; 58; 44; 83; 79; 46; 82
10,34,0.13876,0.29412,66; 10; 81; 67; 55; 28; 34; 61; 62; 40
18,60,0.11571,0.3,58; 18; 26; 62; 52; 46; 60; 48; 69; 42
35,63,0.10737,0.55556,49; 35; 28; 30; 53; 38; 63; 54; 36; 40
22,73,0.09668,0.30137,60; 22; 22; 69; 8; 13; 73; 81; 43; 61
10,30,0.13795,0.33333,75; 10; 32; 32; 43; 31; 30; 30; 65; 22
28,35,0.13162,0.8,54; 28; 85; 61; 85; 73; 35; 14; 32; 64
18,60,0.11674,0.3,21; 18; 34; 36; 61; 20; 60; 40; 49; 20
17,30,0.13774,0.56667,80; 17; 33; 22; 37; 22; 30; 54; 64; 47
23,77,0.10018,0.2987,49; 23; 68; 78; 18; 74; 77; 5; 66; 73
11,22,0.13437,0.5,84; 11; 5; 21; 12; 28; 22; 22; 45; 28
18,64,0.10954,0.28125,17; 18; 56; 58; 24; 47; 64; 62; 62; 56
18,36,0.13276,0.5,57; 18; 53; 16; 30; 51; 36; 44; 55; 50
36,72,0.10363,0.5,65; 36; 49; 64; 68; 68; 72; 10; 47; 52
17,60,0.11884,0.28333,79; 17; 25; 43; 54; 44; 60; 58; 75; 44
17,71,0.10478,0.23944,15; 17; 57; 73; 48; 43; 71; 17; 27; 23
19,41,0.1342,0.46341,77; 19; 9; 9; 83; 47; 41; 64; 68; 61
23,73,0.10986,0.31507,39; 23; 25; 53; 69; 43; 73; 40; 33; 35
6,21,0.11814,0.28571,69; 6; 36; 35; 14; 30; 21; 40; 18; 81
41,52,0.13061,0.78846,45; 41; 37; 52; 24; 76; 52; 59; 37; 82
20,62,0.11587,0.32258,41; 20; 5; 58; 79; 58; 62; 55; 75; 20
10,36,0.14026,0.27778,69; 10; 17; 32; 18; 52; 36; 57; 9; 63
23,81,0.09817,0.28395,69; 23; 43; 76; 75; 84; 81; 10; 11; 37
16,32,0.13192,0.5,5; 16; 8; 71; 25; 30; 32; 58; 21; 67
36,79,0.09779,0.4557,69; 36; 74; 28; 8; 65; 79; 56; 57; 29
19,67,0.10732,0.28358,51; 19; 38; 37; 22; 75; 67; 9; 81; 16
24,79,0.09826,0.3038,51; 24; 82; 32; 59; 31; 79; 43; 56; 26
29,59,0.12134,0.49153,82; 29; 8; 35; 18; 81; 59; 20; 43; 54
21,85,0.09134,0.24706,58; 21; 48; 54; 58; 58; 85; 32; 31; 74
34,74,0.10342,0.45946,8; 34; 84; 44; 62; 51; 74; 11; 39; 78
9,36,0.14226,0.25,22; 9; 84; 84; 58; 16; 36; 74; 24; 62
63,77,0.08942,0.81818,27; 63; 14; 38; 68; 47; 77; 69; 59; 24
19,79,0.09824,0.24051,36; 19; 83; 40; 39; 67; 79; 57; 24; 60
34,60,0.12298,0.56667,70; 34; 51; 8; 5; 81; 60; 44; 26; 68
7,19,0.12575,0.36842,76; 7; 22; 26; 53; 37; 19; 48; 14; 59
22,68,0.10671,0.32353,56; 22; 29; 22; 37; 10; 68; 66; 82; 36
61,76,0.08539,0.80263,31; 61; 57; 11; 13; 33; 76; 33; 26; 14
34,69,0.1122,0.49275,61; 34; 46; 48; 15; 29; 69; 46; 75; 29
32,57,0.12054,0.5614,30; 32; 23; 67; 38; 53; 57; 10; 6; 81
13,23,0.13188,0.56522,30; 13; 84; 23; 36; 58; 23; 47; 38; 53
10,31,0.14446,0.32258,67; 10; 38; 46; 55; 44; 31; 8; 25; 32
17,69,0.10829,0.24638,82; 17; 78; 34; 58; 27; 69; 47; 37; 78
23,28,0.13193,0.82143,47; 23; 60; 35; 44; 16; 28; 5; 85; 35
13,54,0.13178,0.24074,24; 13; 70; 42; 82; 33; 54; 34; 73; 66
19,24,0.13207,0.79167,40; 19; 68; 23; 18; 55; 24; 66; 53; 71
9,27,0.14559,0.33333,21; 9; 6; 77; 15; 38; 27; 69; 76; 67
30,61,0.11597,0.4918,70; 30; 58; 56; 67; 21; 61; 48; 34; 39
20,82,0.0884,0.2439,66; 20; 52; 45; 76; 5; 82; 78; 53; 22
27,59,0.12713,0.45763,59; 27; 80; 52; 9; 27; 59; 33; 48; 15
32,37,0.13487,0.86486,84; 32; 79; 15; 8; 35; 37; 80; 6; 54
35,76,0.10359,0.46053,73; 35; 30; 44; 62; 31; 76; 52; 60; 52
10,34,0.13543,0.29412,38; 10; 75; 58; 11; 85; 34; 37; 81; 84
52,66,0.11183,0.78788,9; 52; 45; 68; 33; 17; 66; 31; 46; 26
48,60,0.12059,0.8,79; 48; 21; 51; 38; 47; 60; 27; 62; 76
16,58,0.12378,0.27586,42; 16; 15; 8; 82; 44; 58; 58; 50; 57
14,46,0.12982,0.30435,12; 14; 41; 48; 34; 47; 46; 78; 5; 62
40,49,0.13666,0.81633,27; 40; 7; 60; 62; 62; 49; 49; 37; 47
8,24,0.13519,0.33333,69; 8; 21; 13; 61; 15; 24; 40; 77; 60
27,73,0.10402,0.36986,69; 27; 22; 72; 42; 24; 73; 43; 26; 11
36,79,0.1037,0.4557,57; 36; 9; 77; 57; 49; 79; 81; 59; 72
20,62,0.11255,0.32258,37; 20; 14; 5; 38; 79; 62; 8; 5; 59
28,49,0.13779,0.57143,30; 28; 30; 48; 10; 21; 49; 69; 8; 7
31,63,0.11779,0.49206,35; 31; 46; 65; 11; 51; 63; 39; 79; 54
60,73,0.0987,0.82192,30; 60; 36; 52; 29; 22; 73; 41; 27; 19
38,78,0.10053,0.48718,35; 38; 68; 82; 19; 34; 78; 9; 78; 40
24,85,0.08485,0.28235,54; 24; 56; 66; 66; 9; 85; 65; 10; 55
21,74,0.10611,0.28378,79; 21; 77; 58; 44; 29; 74; 61; 62; 28
53,65,0.1041,0.81538,48; 53; 85; 50; 27; 6; 65; 82; 77; 7
19,52,0.12661,0.36538,49; 19; 7; 62; 30; 69; 52; 51; 76; 56
54,68,0.10319,0.79412,74; 54; 60; 51; 34; 63; 68; 44; 31; 55
61,76,0.08865,0.80263,63; 61; 75; 83; 28; 14; 76; 10; 59; 78
22,45,0.13353,0.48889,64; 22; 22; 53; 35; 56; 45; 51; 5; 65
16,64,0.11422,0.25,85; 16; 10; 51; 59; 71; 64; 55; 27; 85
23,69,0.11104,0.33333,15; 23; 31; 85; 74; 25; 69; 21; 55; 59
7,24,0.1237,0.29167,43; 7; 12; 19; 9; 31; 24; 39; 39; 18
31,68,0.11397,0.45588,30; 31; 49; 25; 37; 35; 68; 54; 66; 65
14,25,0.12929,0.56,58; 14; 9; 11; 62; 77; 25; 59; 67; 44
31,37,0.13821,0.83784,6; 31; 56; 35; 38; 19; 37; 27; 10; 17
32,70,0.10726,0.45714,32; 32; 54; 31; 55; 43; 70; 63; 41; 10
12,36,0.13894,0.33333,35; 12; 52; 51; 44; 33; 36; 11; 47; 49
10,33,0.13223,0.30303,58; 10; 64; 75; 43; 61; 33; 67; 56; 17
32,40,0.14209,0.8,14; 32; 48; 76; 19; 12; 40; 84; 78; 54
65,82,0.0776,0.79268,52; 65; 69; 77; 60; 82; 82; 33; 40; 60
10,30,0.13354,0.33333,38; 10; 83; 28; 5; 80; 30; 68; 40; 77
59,74,0.09151,0.7973,55; 59; 67; 36; 25; 80; 74; 26; 21; 78
27,55,0.13329,0.49091,6; 27; 55; 22; 71; 81; 55; 70; 69; 65
14,40,0.13556,0.35,68; 14; 46; 13; 21; 69; 40; 56; 32; 42
32,39,0.13922,0.82051,79; 32; 27; 72; 24; 74; 39; 13; 64; 28
54,68,0.10675,0.79412,12; 54; 60; 64; 56; 80; 68; 63; 54; 80
13,46,0.13539,0.28261,31; 13; 32; 74; 18; 6; 46; 43; 80; 16
16,35,0.1428,0.45714,45; 16; 68; 29; 50; 40; 35; 46; 52; 27
36,43,0.14086,0.83721,5; 36; 81; 40; 40; 82; 43; 72; 84; 13
13,28,0.14141,0.46429,65; 13; 72; 11; 27; 41; 28; 7; 43; 67
5,15,0.10034,0.33333,73; 5; 56; 81; 59; 38; 15; 40; 20; 37
20,83,0.09367,0.24096,63; 20; 11; 28; 18; 27; 83; 85; 11; 75
18,32,0.13334,0.5625,55; 18; 70; 64; 81; 52; 32; 48; 33; 12
45,80,0.10491,0.5625,81; 45; 58; 28; 83; 29; 80; 46; 81; 63
43,50,0.14171,0.86,32; 43; 26; 51; 44; 49; 50; 82; 55; 19
44,78,0.10179,0.5641,31; 44; 18; 9; 59; 41; 78; 29; 42; 85
43,54,0.13095,0.7963,22; 43; 55; 72; 6; 61; 54; 79; 40; 13
57,72,0.10181,0.79167,72; 57; 72; 60; 82; 85; 72; 32; 5; 5
47,83,0.08934,0.56627,69; 47; 44; 44; 81; 44; 83; 58; 28; 76
49,58,0.1202,0.84483,79; 49; 80; 53; 39; 49; 58; 32; 65; 19
26,74,0.10396,0.35135,35; 26; 30; 37; 73; 22; 74; 10; 82; 66
47,59,0.12124,0.79661,44; 47; 9; 7; 29; 9; 59; 36; 31; 31
24,68,0.10867,0.35294,78; 24; 55; 64; 81; 62; 68; 43; 72; 15
17,68,0.10838,0.25,68; 17; 43; 64; 56; 52; 68; 71; 76; 10
19,64,0.11665,0.29688,23; 19; 26; 31; 42; 24; 64; 19; 78; 79
22,76,0.09659,0.28947,40; 22; 55; 59; 51; 31; 76; 62; 80; 72
39,70,0.11424,0.55714,59; 39; 10; 28; 72; 42; 70; 23; 64; 79
69,84,0.07862,0.82143,80; 69; 51; 54; 56; 61; 84; 10; 37; 31
8,16,0.13507,0.5,72; 8; 65; 7; 75; 69; 16; 64; 64; 47
22,77,0.09504,0.28571,63; 22; 79; 48; 29; 74; 77; 37; 42; 34
20,35,0.13821,0.57143,79; 20; 19; 7; 34; 68; 35; 45; 20; 77
28,57,0.11971,0.49123,35; 28; 72; 8; 63; 84; 57; 42; 7; 50
63,80,0.0832,0.7875,69; 63; 68; 26; 75; 49; 80; 59; 27; 19
8,27,0.12984,0.2963,65; 8; 21; 20; 30; 15; 27; 84; 23; 77
40,81,0.09496,0.49383,21; 40; 59; 46; 7; 15; 81; 63; 61; 62
36,44,0.13999,0.81818,51; 36; 77; 45; 55; 36; 44; 44; 74; 44
18,71,0.1045,0.25352,36; 18; 70; 76; 41; 32; 71; 47; 85; 37
23,73,0.10302,0.31507,61; 23; 20; 77; 64; 18; 73; 10; 76; 59
21,25,0.13664,0.84,72; 21; 18; 13; 80; 17; 25; 22; 36; 16
36,63,0.11924,0.57143,57; 36; 43; 40; 22; 45; 63; 17; 51; 46
9,32,0.14683,0.28125,59; 9; 34; 21; 21; 74; 32; 23; 85; 18
8,14,0.12987,0.57143,15; 8; 60; 5; 84; 66; 14; 54; 29; 32
11,37,0.13895,0.2973,47; 11; 34; 37; 51; 75; 37; 61; 59; 61
51,61,0.11353,0.83607,68; 51; 55; 44; 56; 42; 61; 77; 78; 9
57,72,0.09442,0.79167,39; 57; 32; 16; 85; 5; 72; 72; 12; 79
13,35,0.14098,0.37143,81; 13; 60; 73; 18; 5; 35; 22; 13; 55
26,79,0.0919,0.32911,40; 26; 29; 54; 75; 30; 79; 81; 66; 80
48,57,0.11817,0.84211,43; 48; 9; 66; 38; 7; 57; 56; 8; 17
56,68,0.10332,0.82353,9; 56; 6; 57; 51; 68; 68; 51; 32; 16
23,83,0.09192,0.27711,79; 23; 85; 53; 43; 26; 83; 23; 77; 48
14,49,0.12901,0.28571,57; 14; 72; 10; 50; 71; 49; 16; 19; 50
19,24,0.13208,0.79167,27; 19; 67; 82; 36; 65; 24; 19; 32; 14
28,57,0.13049,0.49123,82; 28; 55; 84; 52; 65; 57; 50; 52; 81
14,28,0.13577,0.5,20; 14; 80; 82; 55; 41; 28; 5; 47; 63
24,83,0.09042,0.28916,34; 24; 42; 64; 85; 50; 83; 84; 61; 36
22,80,0.09575,0.275,26; 22; 79; 40; 43; 33; 80; 84; 77; 23
18,65,0.11056,0.27692,6; 18; 79; 14; 25; 70; 65; 27; 73; 57
18,37,0.12764,0.48649,5; 18; 56; 30; 75; 53; 37; 19; 28; 27
31,83,0.09222,0.37349,41; 31; 83; 72; 51; 39; 83; 66; 36; 27
11,45,0.14111,0.24444,36; 11; 60; 48; 85; 5; 45; 33; 18; 50
21,76,0.10526,0.27632,65; 21; 22; 81; 78; 65; 76; 41; 56; 65
30,53,0.12521,0.56604,77; 30; 46; 13; 68; 56; 53; 50; 23; 22
56,67,0.10193,0.83582,29; 56; 63; 33; 43; 5; 67; 61; 61; 5
36,45,0.1372,0.8,74; 36; 29; 58; 39; 31; 45; 19; 31; 54
23,62,0.12114,0.37097,62; 23; 76; 36; 58; 52; 62; 28; 83; 58
69,80,0.07807,0.8625,22; 69; 76; 20; 6; 32; 80; 39; 56; 29
31,67,0.11187,0.46269,63; 31; 23; 58; 81; 15; 67; 47; 76; 65
8,33,0.13794,0.24242,35; 8; 18; 81; 56; 78; 33; 64; 18; 26
67,80,0.08038,0.8375,50; 67; 29; 26; 67; 57; 80; 85; 21; 75
50,58,0.11911,0.86207,80; 50; 26; 32; 79; 76; 58; 51; 81; 43
53,63,0.10949,0.84127,50; 53; 24; 14; 74; 79; 63; 78; 71; 25
27,73,0.10722,0.36986,7; 27; 66; 54; 20; 53; 73; 50; 60; 76
43,77,0.10336,0.55844,53; 43; 57; 69; 37; 47; 77; 28; 5; 81
12,37,0.13525,0.32432,79; 12; 22; 26; 64; 78; 37; 62; 81; 52
50,58,0.11399,0.86207,68; 50; 52; 26; 35; 58; 58; 77; 37; 49
30,82,0.09727,0.36585,40; 30; 18; 7; 10; 32; 82; 54; 53; 33
21,73,0.09639,0.28767,25; 21; 14; 69; 38; 73; 73; 61; 42; 14
37,81,0.1011,0.45679,7; 37; 54; 7; 55; 64; 81; 59; 77; 22
45,79,0.10715,0.56962,27; 45; 26; 62; 51; 54; 79; 41; 47; 13
67,78,0.08024,0.85897,41; 67; 37; 6; 47; 32; 78; 57; 74; 81
21,73,0.10122,0.28767,38; 21; 7; 25; 15; 61; 73; 7; 65; 46
24,69,0.11186,0.34783,82; 24; 16; 35; 17; 70; 69; 61; 20; 6
23,70,0.10512,0.32857,17; 23; 9; 27; 62; 84; 70; 47; 52; 26
13,26,0.13391,0.5,73; 13; 54; 50; 61; 41; 26; 50; 38; 19
23,79,0.10079,0.29114,31; 23; 74; 39; 47; 78; 79; 14; 49; 41
31,67,0.11743,0.46269,47; 31; 42; 76; 63; 42; 67; 82; 64; 27
66,79,0.08235,0.83544,8; 66; 67; 63; 30; 11; 79; 85; 33; 58
36,44,0.14076,0.81818,50; 36; 43; 13; 57; 16; 44; 16; 45; 8
20,25,0.13573,0.8,67; 20; 40; 85; 43; 66; 25; 69; 64; 40
66,77,0.0824,0.85714,15; 66; 50; 80; 63; 6; 77; 55; 30; 13
20,71,0.10544,0.28169,48; 20; 11; 49; 36; 25; 71; 30; 26; 25
68,85,0.07632,0.8,8; 68; 43; 18; 5; 38; 85; 51; 38; 6
60,73,0.0983,0.82192,64; 60; 67; 21; 63; 51; 73; 57; 12; 17
27,48,0.13472,0.5625,16; 27; 48; 62; 7; 78; 48; 12; 57; 52
24,48,0.12988,0.5,7; 24; 50; 63; 32; 30; 48; 84; 84; 80
59,75,0.09345,0.78667,19; 59; 26; 56; 31; 5; 75; 59; 80; 11
51,64,0.10535,0.79688,51; 51; 45; 18; 30; 36; 64; 51; 85; 60
18,64,0.10859,0.28125,51; 18; 61; 54; 40; 58; 64; 70; 39; 27
20,60,0.11595,0.33333,81; 20; 29; 42; 49; 17; 60; 57; 12; 44
34,70,0.10237,0.48571,38; 34; 68; 48; 24; 38; 70; 24; 82; 47
17,30,0.1312,0.56667,74; 17; 50; 67; 76; 65; 30; 74; 47; 29
16,66,0.11252,0.24242,25; 16; 57; 36; 11; 30; 66; 59; 78; 75
28,57,0.11853,0.49123,55; 28; 14; 18; 40; 52; 57; 30; 41; 66
30,65,0.11745,0.46154,37; 30; 56; 17; 84; 57; 65; 56; 14; 31
9,27,0.14226,0.33333,48; 9; 15; 66; 13; 5; 27; 52; 16; 6
10,31,0.14733,0.32258,78; 10; 37; 28; 30; 10; 31; 61; 50; 55
36,43,0.1445,0.83721,69; 36; 68; 36; 83; 73; 43; 78; 84; 82
55,67,0.10472,0.8209,55; 55; 68; 13; 34; 39; 67; 29; 40; 78
31,36,0.14324,0.86111,76; 31; 54; 21; 20; 51; 36; 61; 6; 51
20,25,0.1326,0.8,31; 20; 73; 58; 61; 78; 25; 75; 52; 14
40,49,0.13651,0.81633,50; 40; 43; 47; 78; 28; 49; 10; 72; 71
12,51,0.13623,0.23529,10; 12; 13; 73; 72; 69; 51; 21; 62; 21
31,67,0.10322,0.46269,14; 31; 54; 22; 70; 60; 67; 14; 76; 60
20,62,0.11559,0.32258,21; 20; 52; 44; 61; 6; 62; 80; 75; 84
28,84,0.09926,0.33333,49; 28; 59; 50; 51; 10; 84; 20; 28; 40
16,65,0.11337,0.24615,40; 16; 25; 9; 12; 83; 65; 34; 20; 37
29,84,0.09771,0.34524,43; 29; 30; 76; 33; 70; 84; 57; 39; 39
26,71,0.10631,0.3662,70; 26; 10; 77; 70; 76; 71; 24; 29; 53
67,82,0.0754,0.81707,26; 67; 43; 59; 76; 61; 82; 26; 50; 40
30,65,0.12127,0.46154,30; 30; 14; 59; 14; 55; 65; 55; 51; 25
24,73,0.10335,0.32877,10; 24; 6; 78; 30; 41; 73; 11; 61; 36
8,27,0.13778,0.2963,25; 8; 28; 23; 18; 19; 27; 79; 45; 31
23,40,0.12932,0.575,76; 23; 78; 16; 31; 33; 40; 61; 70; 19
53,65,0.1058,0.81538,46; 53; 13; 53; 32; 9; 65; 53; 27; 46
26,46,0.13697,0.56522,28; 26; 65; 45; 68; 46; 46; 54; 48; 6
23,46,0.13782,0.5,57; 23; 34; 76; 66; 62; 46; 32; 46; 6
41,52,0.13195,0.78846,73; 41; 40; 35; 69; 16; 52; 28; 77; 82
44,56,0.13016,0.78571,47; 44; 84; 78; 55; 47; 56; 50; 57; 17
23,72,0.10298,0.31944,59; 23; 23; 59; 63; 85; 72; 32; 41; 64
40,50,0.13454,0.8,77; 40; 58; 49; 33; 8; 50; 65; 62; 31
47,57,0.13031,0.82456,61; 47; 37; 65; 56; 50; 57; 61; 48; 40
36,73,0.10285,0.49315,84; 36; 23; 84; 78; 45; 73; 45; 60; 37
9,26,0.13935,0.34615,41; 9; 33; 59; 39; 54; 26; 47; 37; 82
67,78,0.08445,0.85897,68; 67; 32; 10; 77; 6; 78; 56; 14; 48
14,43,0.14366,0.32558,41; 14; 27; 7; 58; 12; 43; 46; 50; 35
43,51,0.13643,0.84314,10; 43; 33; 41; 11; 59; 51; 58; 65; 25
5,15,0.09521,0.33333,13; 5; 41; 35; 74; 58; 15; 51; 58; 85
72,84,0.0761,0.85714,47; 72; 61; 54; 12; 51; 84; 72; 40; 78
13,28,0.12684,0.46429,14; 13; 59; 8; 29; 21; 28; 16; 84; 72
40,82,0.0945,0.4878,29; 40; 22; 37; 45; 62; 82; 81; 20; 58
13,52,0.1298,0.25,22; 13; 58; 61; 80; 12; 52; 48; 47; 69
13,41,0.13742,0.31707,22; 13; 35; 77; 71; 14; 41; 59; 13; 48
15,51,0.13129,0.29412,26; 15; 81; 64; 59; 37; 51; 24; 30; 16
28,35,0.13102,0.8,84; 28; 66; 51; 27; 75; 35; 52; 70; 8
13,41,0.13373,0.31707,38; 13; 45; 50; 19; 6; 41; 25; 82; 55
25,75,0.10689,0.33333,69; 25; 35; 59; 11; 77; 75; 14; 76; 55
28,34,0.14006,0.82353,24; 28; 37; 72; 66; 57; 34; 33; 69; 25
18,49,0.12475,0.36735,77; 18; 56; 24; 43; 45; 49; 49; 65; 14
21,25,0.13682,0.84,64; 21; 20; 53; 34; 45; 25; 25; 32; 28
34,70,0.10174,0.48571,60; 34; 18; 67; 23; 73; 70; 46; 6; 57
33,41,0.14396,0.80488,20; 33; 47; 66; 37; 41; 41; 28; 60; 52
15,53,0.13003,0.28302,23; 15; 48; 37; 82; 68; 53; 66; 72; 75
6,19,0.11527,0.31579,47; 6; 24; 66; 24; 85; 19; 20; 75; 36
6,25,0.11498,0.24,43; 6; 17; 8; 52; 8; 25; 80; 40; 71
39,85,0.09698,0.45882,20; 39; 31; 36; 23; 39; 85; 55; 52; 47
18,71,0.10304,0.25352,85; 18; 53; 79; 59; 34; 71; 37; 61; 62
26,56,0.12581,0.46429,79; 26; 17; 20; 64; 79; 56; 15; 79; 15
71,85,0.0752,0.83529,31; 71; 83; 31; 30; 49; 85; 5; 21; 60
12,36,0.14346,0.33333,56; 12; 56; 80; 5; 63; 36; 60; 60; 79
11,34,0.13606,0.32353,25; 11; 65; 36; 25; 18; 34; 21; 16; 15
28,50,0.13366,0.56,12; 28; 6; 59; 44; 44; 50; 14; 30; 33
17,72,0.10647,0.23611,43; 17; 70; 81; 11; 21; 72; 67; 36; 32
42,84,0.09095,0.5,58; 42; 51; 22; 18; 76; 84; 38; 68; 7
16,68,0.113,0.23529,45; 16; 11; 11; 74; 84; 68; 15; 32; 72
20,67,0.11454,0.29851,48; 20; 19; 6; 53; 39; 67; 77; 80; 64
17,56,0.12754,0.30357,19; 17; 40; 20; 47; 22; 56; 5; 50; 21
53,67,0.10719,0.79104,64; 53; 44; 17; 67; 60; 67; 77; 37; 44
21,37,0.13748,0.56757,19; 21; 72; 10; 51; 78; 37; 67; 26; 26
57,68,0.10185,0.83824,51; 57; 41; 53; 63; 65; 68; 81; 56; 76
60,75,0.08999,0.8,75; 60; 54; 75; 58; 64; 75; 77; 33; 42
26,57,0.12622,0.45614,72; 26; 10; 8; 19; 28; 57; 38; 76; 72
21,85,0.08935,0.24706,65; 21; 8; 70; 83; 82; 85; 70; 16; 74
66,77,0.08313,0.85714,81; 66; 85; 50; 23; 33; 77; 13; 73; 21
25,67,0.11342,0.37313,42; 25; 32; 38; 44; 11; 67; 13; 38; 79
27,82,0.1015,0.32927,16; 27; 29; 74; 73; 64; 82; 63; 79; 49
45,80,0.09976,0.5625,31; 45; 30; 60; 72; 44; 80; 6; 47; 13
9,11,0.13779,0.81818,40; 9; 65; 24; 75; 82; 11; 46; 50; 76
16,58,0.12078,0.27586,34; 16; 36; 54; 26; 84; 58; 62; 79; 18
61,71,0.09707,0.85915,52; 61; 73; 56; 54; 23; 71; 12; 44; 38
5,21,0.09521,0.2381,32; 5; 67; 14; 82; 77; 21; 15; 34; 61
7,29,0.11846,0.24138,53; 7; 62; 9; 9; 33; 29; 79; 16; 58
21,76,0.09694,0.27632,79; 21; 69; 22; 76; 33; 76; 47; 65; 38
24,30,0.13194,0.8,58; 24; 60; 19; 19; 44; 30; 33; 61; 68
6,17,0.12078,0.35294,14; 6; 77; 34; 65; 18; 17; 37; 49; 5
41,83,0.10222,0.49398,64; 41; 40; 38; 41; 6; 83; 21; 55; 36
15,47,0.12737,0.31915,69; 15; 10; 10; 29; 46; 47; 37; 48; 12
33,66,0.1138,0.5,38; 33; 51; 36; 42; 31; 66; 81; 28; 40
29,84,0.10146,0.34524,6; 29; 66; 79; 47; 82; 84; 30; 17; 7
8,25,0.13827,0.32,70; 8; 82; 51; 69; 26; 25; 24; 70; 81
7,29,0.12375,0.24138,57; 7; 61; 7; 40; 68; 29; 83; 80; 27
11,38,0.1413,0.28947,64; 11; 61; 23; 60; 59; 38; 6; 30; 40
19,63,0.11252,0.30159,5; 19; 45; 70; 11; 33; 63; 78; 75; 80
16,50,0.13084,0.32,61; 16; 45; 77; 36; 71; 50; 85; 15; 45
41,50,0.13348,0.82,79; 41; 72; 50; 13; 21; 50; 75; 15; 82
39,79,0.08625,0.49367,57; 39; 40; 16; 11; 83; 79; 65; 53; 51
56,65,0.10826,0.86154,10; 56; 45; 69; 44; 55; 65; 81; 10; 67
55,64,0.1085,0.85938,11; 55; 57; 82; 76; 48; 64; 18; 55; 76
15,61,0.11468,0.2459,12; 15; 66; 83; 32; 23; 61; 37; 13; 33
24,75,0.10444,0.32,39; 24; 49; 74; 28; 34; 75; 13; 81; 31
33,71,0.10733,0.46479,66; 33; 32; 18; 73; 78; 71; 59; 44; 42
20,25,0.12909,0.8,61; 20; 66; 83; 20; 60; 25; 18; 68; 53
24,30,0.13412,0.8,25; 24; 63; 51; 71; 68; 30; 35; 9; 33
39,78,0.10462,0.5,72; 39; 47; 30; 44; 22; 78; 46; 36; 77
32,64,0.11304,0.5,74; 32; 47; 55; 44; 21; 64; 19; 69; 72
29,84,0.09,0.34524,46; 29; 59; 63; 69; 23; 84; 43; 75; 65
31,63,0.11571,0.49206,11; 31; 68; 44; 23; 28; 63; 37; 42; 44
20,72,0.09706,0.27778,17; 20; 23; 74; 76; 66; 72; 64; 59; 49
51,59,0.11907,0.86441,22; 51; 48; 20; 55; 85; 59; 40; 24; 52
21,60,0.11926,0.35,51; 21; 53; 82; 10; 37; 60; 79; 19; 44
10,34,0.13541,0.29412,50; 10; 23; 49; 14; 49; 34; 83; 25; 18
38,77,0.09787,0.49351,79; 38; 32; 12; 75; 59; 77; 16; 56; 22
29,58,0.1218,0.5,10; 29; 51; 26; 72; 7; 58; 46; 48; 54
7,29,0.12737,0.24138,41; 7; 49; 32; 16; 74; 29; 45; 82; 39
17,70,0.10868,0.24286,32; 17; 53; 33; 15; 39; 70; 58; 30; 9
19,38,0.13412,0.5,30; 19; 30; 14; 21; 50; 38; 20; 69; 44
20,54,0.1322,0.37037,76; 20; 74; 84; 76; 35; 54; 63; 37; 46
18,73,0.09274,0.24658,24; 18; 64; 72; 17; 31; 73; 75; 55; 77
14,56,0.12609,0.25,53; 14; 74; 38; 79; 72; 56; 44; 50; 35
18,56,0.1169,0.32143,54; 18; 14; 48; 33; 24; 56; 81; 18; 72
19,68,0.112,0.27941,42; 19; 19; 48; 40; 43; 68; 48; 31; 75
15,47,0.13096,0.31915,47; 15; 45; 13; 35; 14; 47; 40; 49; 7
14,47,0.13653,0.29787,17; 14; 13; 20; 15; 72; 47; 21; 38; 33
24,52,0.13496,0.46154,9; 24; 9; 59; 44; 61; 52; 16; 76; 25
25,83,0.08785,0.3012,22; 25; 60; 70; 52; 6; 83; 21; 13; 13
8,29,0.13694,0.27586,19; 8; 84; 36; 57; 46; 29; 34; 79; 54
21,84,0.0924,0.25,5; 21; 69; 49; 51; 73; 84; 70; 79; 40
36,79,0.10962,0.4557,74; 36; 64; 58; 32; 64; 79; 26; 73; 66
17,72,0.11203,0.23611,6; 17; 10; 39; 83; 12; 72; 13; 82; 63
24,79,0.09911,0.3038,82; 24; 23; 23; 71; 16; 79; 24; 49; 66
33,42,0.1441,0.78571,61; 33; 13; 50; 25; 31; 42; 70; 42; 72
66,84,0.07369,0.78571,83; 66; 18; 5; 6; 55; 84; 59; 55; 49
36,79,0.10766,0.4557,40; 36; 24; 27; 36; 44; 79; 5; 34; 82
26,71,0.1054,0.3662,17; 26; 34; 36; 83; 40; 71; 17; 43; 70
5,18,0.11024,0.27778,68; 5; 33; 59; 63; 29; 18; 33; 52; 39
19,78,0.10588,0.24359,68; 19; 72; 5; 74; 60; 78; 61; 56; 23
15,46,0.13209,0.32609,65; 15; 8; 51; 53; 36; 46; 21; 70; 9
52,66,0.10389,0.78788,76; 52; 57; 69; 6; 29; 66; 15; 14; 71
45,81,0.0967,0.55556,57; 45; 69; 25; 59; 61; 81; 61; 38; 56
63,75,0.09174,0.84,12; 63; 9; 48; 75; 65; 75; 43; 24; 24
6,7,0.10436,0.85714,49; 6; 58; 49; 12; 12; 7; 71; 35; 68
8,25,0.13097,0.32,18; 8; 38; 82; 77; 76; 25; 72; 7; 46
42,85,0.10631,0.49412,8; 42; 50; 28; 75; 80; 85; 85; 8; 70
13,23,0.12592,0.56522,10; 13; 31; 19; 7; 11; 23; 21; 40; 19
15,54,0.12826,0.27778,44; 15; 69; 46; 53; 30; 54; 69; 55; 33
45,57,0.12973,0.78947,67; 45; 36; 78; 52; 16; 57; 46; 36; 23
60,75,0.08753,0.8,40; 60; 54; 28; 44; 72; 75; 19; 57; 68
27,85,0.08638,0.31765,24; 27; 23; 66; 63; 7; 85; 67; 13; 43
46,58,0.12854,0.7931,82; 46; 61; 48; 49; 15; 58; 15; 41; 49
10,34,0.13808,0.29412,19; 10; 14; 71; 34; 12; 34; 13; 56; 84
12,36,0.14218,0.33333,21; 12; 63; 46; 38; 61; 36; 81; 70; 49
18,71,0.10753,0.25352,56; 18; 76; 71; 16; 6; 71; 73; 84; 60
8,32,0.13295,0.25,32; 8; 69; 43; 71; 7; 32; 41; 57; 37
51,61,0.11183,0.83607,59; 51; 76; 74; 29; 60; 61; 84; 81; 43
50,58,0.11973,0.86207,10; 50; 23; 77; 62; 80; 58; 78; 22; 77
6,21,0.12303,0.28571,22; 6; 28; 70; 6; 16; 21; 58; 34; 41
35,44,0.1336,0.79545,57; 35; 62; 56; 64; 48; 44; 14; 57; 77
54,68,0.10247,0.79412,14; 54; 53; 65; 59; 29; 68; 53; 80; 33
45,80,0.10134,0.5625,26; 45; 54; 8; 55; 25; 80; 23; 5; 19
28,56,0.12263,0.5,76; 28; 32; 39; 45; 76; 56; 74; 26; 50
35,72,0.10467,0.48611,64; 35; 11; 80; 79; 36; 72; 7; 80; 74
45,80,0.09674,0.5625,44; 45; 39; 8; 7; 33; 80; 54; 55; 57
27,34,0.13504,0.79412,50; 27; 50; 26; 14; 14; 34; 73; 76; 54
23,81,0.0894,0.28395,34; 23; 14; 32; 18; 66; 81; 64; 30; 70
36,78,0.09876,0.46154,23; 36; 74; 9; 65; 8; 78; 38; 51; 52
14,49,0.13117,0.28571,34; 14; 9; 71; 39; 74; 49; 84; 38; 46
29,59,0.11892,0.49153,69; 29; 55; 49; 28; 78; 59; 38; 18; 79
37,74,0.11101,0.5,84; 37; 36; 42; 7; 59; 74; 84; 40; 27
24,80,0.09341,0.3,46; 24; 20; 35; 28; 11; 80; 65; 76; 78
57,66,0.09958,0.86364,74; 57; 21; 19; 54; 69; 66; 26; 12; 28
21,74,0.09447,0.28378,33; 21; 52; 79; 55; 18; 74; 55; 30; 67
27,33,0.13358,0.81818,21; 27; 16; 43; 52; 22; 33; 74; 67; 67
58,71,0.09514,0.8169,19; 58; 47; 77; 55; 43; 71; 26; 68; 5
62,78,0.08582,0.79487,22; 62; 49; 29; 74; 80; 78; 77; 63; 52
27,81,0.09446,0.33333,60; 27; 25; 8; 10; 15; 81; 48; 15; 50
67,85,0.07292,0.78824,48; 67; 14; 47; 69; 33; 85; 81; 6; 78
64,74,0.08873,0.86486,25; 64; 26; 77; 44; 56; 74; 61; 40; 80
20,57,0.11859,0.35088,84; 20; 5; 79; 38; 83; 57; 75; 50; 85
65,79,0.08823,0.82278,71; 65; 83; 13; 59; 36; 79; 85; 12; 37
33,72,0.09852,0.45833,8; 33; 59; 53; 47; 38; 72; 15; 19; 71
15,60,0.11797,0.25,57; 15; 52; 54; 12; 15; 60; 48; 57; 80
25,71,0.10917,0.35211,27; 25; 26; 32; 45; 58; 71; 9; 66; 25
35,72,0.10205,0.48611,73; 35; 15; 18; 62; 9; 72; 12; 34; 13
28,81,0.10288,0.34568,15; 28; 24; 34; 42; 59; 81; 23; 71; 60
40,71,0.10988,0.56338,51; 40; 59; 42; 27; 42; 71; 51; 68; 11
55,69,0.10365,0.7971,10; 55; 48; 15; 60; 18; 69; 67; 56; 28
14,25,0.12971,0.56,85; 14; 41; 43; 78; 84; 25; 72; 44; 40
41,83,0.09386,0.49398,13; 41; 83; 5; 10; 82; 83; 41; 50; 76
39,84,0.09337,0.46429,76; 39; 58; 78; 35; 14; 84; 39; 40; 79
8,16,0.13509,0.5,65; 8; 34; 24; 56; 21; 16; 80; 66; 20
52,66,0.1097,0.78788,28; 52; 17; 36; 11; 18; 66; 57; 60; 31
25,44,0.14421,0.56818,64; 25; 77; 85; 79; 51; 44; 59; 26; 46
6,13,0.11048,0.46154,44; 6; 84; 5; 40; 17; 13; 49; 36; 26
18,72,0.09633,0.25,59; 18; 15; 10; 71; 8; 72; 44; 14; 52
19,76,0.09628,0.25,51; 19; 49; 21; 78; 73; 76; 84; 78; 71
42,85,0.08608,0.49412,35; 42; 35; 58; 20; 15; 85; 67; 11; 10
11,33,0.14007,0.33333,24; 11; 69; 66; 20; 29; 33; 39; 42; 66
68,81,0.08193,0.83951,49; 68; 57; 45; 40; 9; 81; 47; 31; 72
34,60,0.11666,0.56667,14; 34; 59; 31; 31; 69; 60; 65; 19; 83
20,84,0.08869,0.2381,10; 20; 29; 7; 26; 43; 84; 59; 33; 77
9,11,0.14166,0.81818,27; 9; 73; 75; 59; 76; 11; 35; 84; 40
59,72,0.09383,0.81944,59; 59; 24; 55; 27; 64; 72; 31; 8; 56
32,57,0.12854,0.5614,67; 32; 25; 28; 35; 8; 57; 47; 25; 56
20,81,0.09469,0.24691,27; 20; 26; 53; 74; 85; 81; 75; 63; 69
15,62,0.11774,0.24194,83; 15; 18; 11; 51; 74; 62; 44; 33; 31
17,59,0.12111,0.28814,41; 17; 16; 62; 73; 80; 59; 25; 32; 59
25,77,0.09555,0.32468,6; 25; 31; 11; 6; 75; 77; 31; 40; 18
13,35,0.13204,0.37143,28; 13; 31; 8; 61; 29; 35; 56; 28; 53
10,40,0.13656,0.25,49; 10; 45; 66; 25; 6; 40; 48; 47; 78
13,55,0.12835,0.23636,8; 13; 43; 5; 84; 31; 55; 61; 67; 72
22,45,0.12824,0.48889,29; 22; 67; 11; 63; 36; 45; 48; 67; 64
41,49,0.13278,0.83673,69; 41; 37; 31; 83; 23; 49; 47; 38; 37
14,42,0.13184,0.33333,60; 14; 59; 65; 13; 48; 42; 33; 5; 12
20,40,0.13475,0.5,76; 20; 7; 75; 79; 54; 40; 43; 80; 9
14,59,0.12905,0.23729,53; 14; 81; 26; 7; 7; 59; 46; 48; 54
15,60,0.1248,0.25,9; 15; 30; 85; 39; 58; 60; 77; 7; 21
29,82,0.09288,0.35366,48; 29; 52; 41; 55; 85; 82; 53; 5; 68
57,72,0.09787,0.79167,12; 57; 79; 29; 78; 50; 72; 44; 9; 59
43,50,0.13818,0.86,56; 43; 6; 38; 15; 75; 50; 47; 58; 34
39,68,0.09857,0.57353,28; 39; 61; 68; 78; 22; 68; 43; 67; 17
17,70,0.11168,0.24286,75; 17; 72; 50; 37; 55; 70; 8; 73; 32
14,49,0.13181,0.28571,26; 14; 64; 31; 76; 20; 49; 44; 77; 11
40,72,0.10836,0.55556,14; 40; 64; 29; 42; 66; 72; 75; 12; 18
9,16,0.13648,0.5625,11; 9; 80; 10; 81; 53; 16; 52; 75; 71
12,24,0.13745,0.5,84; 12; 55; 64; 12; 65; 24; 26; 60; 80
41,51,0.13622,0.80392,51; 41; 19; 48; 76; 16; 51; 32; 54; 79
29,58,0.13078,0.5,63; 29; 81; 51; 78; 79; 58; 75; 75; 15
60,75,0.09017,0.8,34; 60; 72; 26; 67; 75; 75; 55; 31; 32
36,72,0.10919,0.5,71; 36; 25; 57; 21; 53; 72; 53; 47; 25
14,44,0.14099,0.31818,72; 14; 52; 28; 19; 60; 44; 69; 57; 28
19,78,0.09894,0.24359,34; 19; 56; 74; 44; 28; 78; 40; 21; 73
13,54,0.12571,0.24074,79; 13; 41; 51; 27; 67; 54; 21; 81; 30
5,15,0.10155,0.33333,28; 5; 57; 64; 18; 31; 15; 12; 82; 40
22,45,0.14595,0.48889,34; 22; 8; 70; 71; 24; 45; 10; 35; 8
15,60,0.11658,0.25,77; 15; 73; 14; 23; 10; 60; 60; 16; 37
30,65,0.11388,0.46154,46; 30; 84; 8; 57; 72; 65; 47; 58; 47
33,68,0.10263,0.48529,22; 33; 69; 10; 38; 59; 68; 34; 78; 22
60,76,0.08751,0.78947,30; 60; 48; 14; 51; 55; 76; 57; 17; 32
30,54,0.13203,0.55556,50; 30; 50; 36; 20; 7; 54; 51; 61; 36
6,21,0.10876,0.28571,13; 6; 55; 81; 24; 47; 21; 37; 56; 12
42,50,0.13352,0.84,45; 42; 45; 9; 65; 32; 50; 70; 55; 27
14,43,0.13612,0.32558,19; 14; 59; 17; 64; 29; 43; 14; 35; 61
11,45,0.13735,0.24444,48; 11; 79; 82; 10; 59; 45; 42; 74; 36
33,71,0.11464,0.46479,66; 33; 35; 41; 6; 21; 71; 42; 59; 7
29,59,0.10948,0.49153,57; 29; 21; 63; 27; 62; 59; 82; 45; 38
21,83,0.09141,0.25301,77; 21; 13; 77; 30; 28; 83; 77; 13; 65
34,69,0.1047,0.49275,61; 34; 45; 30; 7; 6; 69; 40; 16; 84
20,68,0.10595,0.29412,69; 20; 33; 22; 70; 63; 68; 12; 26; 37
38,45,0.13005,0.84444,43; 38; 30; 5; 53; 38; 45; 77; 7; 77
21,66,0.1109,0.31818,80; 21; 80; 12; 61; 15; 66; 83; 44; 27
22,48,0.13324,0.45833,33; 22; 76; 79; 54; 39; 48; 25; 51; 20
34,43,0.13361,0.7907,38; 34; 71; 55; 46; 76; 43; 32; 56; 70
24,48,0.1327,0.5,8; 24; 85; 11; 41; 77; 48; 60; 84; 23
7,28,0.13244,0.25,68; 7; 30; 66; 41; 11; 28; 78; 42; 48
69,82,0.07753,0.84146,71; 69; 22; 47; 9; 81; 82; 15; 12; 15
18,57,0.11675,0.31579,68; 18; 38; 13; 49; 69; 57; 69; 29; 14
41,72,0.1127,0.56944,23; 41; 58; 13; 45; 78; 72; 9; 37; 67
20,54,0.12348,0.37037,35; 20; 59; 63; 48; 81; 54; 25; 51; 7
20,70,0.11276,0.28571,49; 20; 74; 50; 38; 59; 70; 78; 5; 27
42,75,0.10341,0.56,52; 42; 35; 19; 34; 53; 75; 51; 5; 70
5,15,0.10534,0.33333,25; 5; 68; 13; 46; 84; 15; 72; 53; 22
57,66,0.1005,0.86364,62; 57; 38; 32; 82; 61; 66; 44; 61; 16
25,75,0.10084,0.33333,20; 25; 84; 62; 84; 74; 75; 50; 42; 23
14,56,0.12636,0.25,31; 14; 72; 48; 77; 79; 56; 23; 49; 14
27,48,0.13853,0.5625,41; 27; 39; 14; 30; 24; 48; 70; 46; 44
16,32,0.13366,0.5,11; 16; 51; 17; 78; 83; 32; 28; 18; 37
16,53,0.13207,0.30189,52; 16; 78; 27; 49; 14; 53; 29; 5; 26
37,65,0.115,0.56923,79; 37; 70; 67; 75; 47; 65; 72; 30; 37
37,81,0.1028,0.45679,29; 37; 48; 33; 30; 68; 81; 8; 78; 53
21,71,0.10599,0.29577,67; 21; 50; 51; 75; 32; 71; 66; 53; 11
17,59,0.11914,0.28814,51; 17; 73; 8; 53; 48; 59; 79; 77; 7
32,39,0.14053,0.82051,59; 32; 69; 55; 46; 65; 39; 34; 72; 78
6,19,0.11385,0.31579,12; 6; 11; 36; 30; 18; 19; 40; 29; 26
71,83,0.07505,0.85542,16; 71; 58; 56; 44; 14; 83; 55; 68; 23
17,72,0.10691,0.23611,12; 17; 9; 20; 30; 69; 72; 41; 20; 62
17,46,0.13386,0.36957,81; 17; 31; 25; 36; 32; 46; 85; 69; 37
23,29,0.13554,0.7931,67; 23; 65; 76; 65; 81; 29; 82; 66; 32
5,20,0.10723,0.25,48; 5; 65; 22; 75; 53; 20; 53; 66; 80
7,19,0.13094,0.36842,37; 7; 20; 8; 55; 48; 19; 38; 61; 66
29,83,0.10108,0.3494,39; 29; 12; 18; 69; 37; 83; 63; 20; 18
26,33,0.13301,0.78788,81; 26; 42; 30; 29; 51; 33; 72; 11; 40
15,62,0.1184,0.24194,61; 15; 75; 19; 39; 12; 62; 19; 82; 30
16,57,0.12378,0.2807,23; 16; 46; 35; 51; 7; 57; 62; 40; 55
42,51,0.1322,0.82353,62; 42; 61; 22; 39; 35; 51; 38; 70; 9
64,74,0.09008,0.86486,43; 64; 47; 5; 8; 52; 74; 49; 53; 82
25,50,0.13173,0.5,14; 25; 16; 63; 44; 76; 50; 13; 73; 39
19,60,0.11641,0.31667,47; 19; 83; 13; 73; 13; 60; 27; 20; 68
32,70,0.10775,0.45714,58; 32; 66; 70; 55; 24; 70; 16; 15; 53
16,43,0.13192,0.37209,21; 16; 40; 33; 55; 68; 43; 15; 16; 71
68,83,0.07636,0.81928,73; 68; 83; 68; 73; 43; 83; 81; 70; 80
31,62,0.11922,0.5,29; 31; 43; 63; 38; 65; 62; 85; 28; 45
35,72,0.10423,0.48611,80; 35; 38; 77; 34; 78; 72; 42; 36; 28
29,52,0.13158,0.55769,68; 29; 76; 44; 41; 23; 52; 46; 67; 43
67,85,0.08055,0.78824,60; 67; 16; 32; 14; 56; 85; 31; 66; 75
45,57,0.11796,0.78947,5; 45; 61; 39; 52; 41; 57; 9; 53; 24
12,40,0.1402,0.3,22; 12; 32; 35; 83; 64; 40; 71; 41; 8
28,75,0.1038,0.37333,60; 28; 35; 40; 32; 44; 75; 49; 79; 43
16,57,0.12412,0.2807,21; 16; 27; 66; 19; 38; 57; 30; 6; 15
25,68,0.11521,0.36765,38; 25; 66; 25; 82; 6; 68; 37; 6; 61
9,32,0.14308,0.28125,68; 9; 29; 63; 19; 31; 32; 9; 76; 79
7,22,0.12742,0.31818,63; 7; 66; 38; 22; 23; 22; 14; 77; 59
17,61,0.11467,0.27869,28; 17; 38; 11; 80; 46; 61; 30; 43; 55
21,65,0.11224,0.32308,10; 21; 50; 44; 14; 39; 65; 76; 14; 35
23,65,0.11036,0.35385,33; 23; 14; 65; 31; 65; 65; 8; 36; 33
49,58,0.12321,0.84483,13; 49; 50; 28; 53; 68; 58; 72; 6; 9
62,78,0.08739,0.79487,57; 62; 40; 10; 80; 11; 78; 60; 80; 67
53,67,0.10576,0.79104,19; 53; 33; 61; 62; 25; 67; 40; 37; 57
12,49,0.13706,0.2449,13; 12; 18; 51; 36; 41; 49; 78; 14; 48
11,30,0.1399,0.36667,55; 11; 59; 50; 80; 7; 30; 66; 8; 79
35,70,0.10551,0.5,40; 35; 69; 66; 18; 84; 70; 48; 26; 32
13,37,0.1372,0.35135,84; 13; 28; 11; 52; 73; 37; 82; 54; 70
59,69,0.09436,0.85507,5; 59; 25; 35; 60; 58; 69; 33; 83; 9
16,67,0.10842,0.23881,36; 16; 25; 63; 52; 70; 67; 31; 29; 47
33,66,0.11185,0.5,58; 33; 81; 41; 14; 81; 66; 13; 44; 44
11,38,0.1377,0.28947,64; 11; 46; 21; 36; 39; 38; 60; 6; 38
18,63,0.11795,0.28571,83; 18; 73; 6; 17; 71; 63; 47; 51; 60
18,74,0.10504,0.24324,22; 18; 43; 20; 33; 5; 74; 48; 85; 53
30,60,0.1145,0.5,76; 30; 22; 8; 28; 60; 60; 49; 79; 54
69,82,0.07545,0.84146,76; 69; 70; 60; 74; 60; 82; 58; 30; 53
22,75,0.0956,0.29333,74; 22; 85; 5; 7; 67; 75; 52; 14; 30
61,76,0.08884,0.80263,68; 61; 27; 82; 64; 84; 76; 56; 12; 84
24,81,0.09762,0.2963,17; 24; 64; 77; 16; 26; 81; 37; 61; 25
33,58,0.12581,0.56897,56; 33; 18; 82; 45; 76; 58; 72; 55; 16
30,65,0.11197,0.46154,57; 30; 31; 67; 63; 75; 65; 65; 32; 85
26,46,0.13364,0.56522,16; 26; 80; 17; 21; 23; 46; 32; 43; 81
16,66,0.11551,0.24242,33; 16; 20; 57; 9; 44; 66; 39; 61; 24
11,22,0.13786,0.5,31; 11; 36; 19; 12; 18; 22; 77; 64; 7
14,47,0.13554,0.29787,53; 14; 85; 25; 5; 20; 47; 71; 85; 14
17,57,0.12819,0.29825,79; 17; 25; 51; 7; 12; 57; 27; 74; 85
21,42,0.11999,0.5,33; 21; 76; 23; 36; 45; 42; 50; 40; 27
55,64,0.10923,0.85938,58; 55; 14; 65; 71; 60; 64; 32; 72; 47
21,60,0.11459,0.35,75; 21; 35; 23; 38; 76; 60; 74; 82; 83
18,32,0.13006,0.5625,18; 18; 19; 68; 33; 43; 32; 12; 39; 63
25,71,0.09741,0.35211,8; 25; 41; 48; 12; 55; 71; 77; 48; 32
37,45,0.13843,0.82222,57; 37; 39; 25; 14; 53; 45; 57; 29; 24
10,35,0.13975,0.28571,16; 10; 21; 53; 52; 45; 35; 24; 74; 9
27,77,0.10379,0.35065,18; 27; 50; 45; 47; 20; 77; 68; 32; 35
14,38,0.1308,0.36842,63; 14; 14; 85; 66; 18; 38; 64; 29; 51
41,84,0.09717,0.4881,16; 41; 50; 49; 70; 51; 84; 7; 61; 18
20,69,0.10944,0.28986,31; 20; 80; 69; 7; 22; 69; 19; 72; 75
44,55,0.12713,0.8,9; 44; 74; 78; 53; 54; 55; 9; 8; 84
24,43,0.14136,0.55814,9; 24; 69; 18; 27; 58; 43; 21; 42; 85
49,60,0.11898,0.81667,42; 49; 62; 37; 79; 51; 60; 53; 24; 26
23,72,0.10775,0.31944,25; 23; 54; 23; 22; 80; 72; 57; 28; 81
23,63,0.11914,0.36508,14; 23; 79; 40; 15; 81; 63; 46; 23; 76
25,71,0.10435,0.35211,75; 25; 83; 36; 78; 54; 71; 41; 44; 19
19,24,0.13197,0.79167,36; 19; 68; 64; 82; 34; 24; 42; 12; 32
18,61,0.11442,0.29508,50; 18; 27; 51; 77; 29; 61; 23; 61; 75
36,78,0.10394,0.46154,57; 36; 70; 52; 76; 55; 78; 28; 48; 44
23,63,0.11296,0.36508,73; 23; 48; 31; 15; 73; 63; 63; 82; 27
8,10,0.13977,0.8,38; 8; 84; 17; 60; 9; 10; 56; 73; 52
43,76,0.10875,0.56579,50; 43; 76; 46; 69; 69; 76; 31; 9; 31
60,76,0.08815,0.78947,18; 60; 78; 39; 52; 19; 76; 74; 29; 27
33,66,0.11362,0.5,74; 33; 51; 84; 25; 62; 66; 25; 7; 20
34,74,0.10581,0.45946,81; 34; 9; 10; 62; 78; 74; 70; 40; 36
45,80,0.09844,0.5625,37; 45; 34; 12; 15; 82; 80; 59; 48; 70
19,59,0.12082,0.32203,50; 19; 42; 78; 58; 9; 59; 81; 5; 52
20,67,0.10233,0.29851,74; 20; 23; 38; 83; 36; 67; 7; 56; 55
23,73,0.10126,0.31507,13; 23; 43; 41; 79; 76; 73; 65; 62; 69
19,75,0.10003,0.25333,25; 19; 47; 64; 56; 23; 75; 34; 64; 32
24,79,0.10449,0.3038,44; 24; 51; 81; 22; 13; 79; 8; 36; 34
38,68,0.11045,0.55882,24; 38; 22; 83; 74; 26; 68; 8; 81; 14
56,68,0.10455,0.82353,24; 56; 28; 75; 56; 14; 68; 68; 25; 20
67,84,0.0745,0.79762,5; 67; 79; 26; 80; 70; 84; 22; 35; 11
25,29,0.13582,0.86207,19; 25; 68; 83; 57; 25; 29; 68; 69; 35
24,83,0.08536,0.28916,20; 24; 38; 85; 27; 42; 83; 36; 82; 29
65,82,0.07789,0.79268,75; 65; 32; 49; 11; 77; 82; 53; 80; 61
63,80,0.08409,0.7875,83; 63; 24; 27; 35; 63; 80; 6; 10; 61
22,63,0.11474,0.34921,17; 22; 38; 80; 10; 49; 63; 9; 77; 58
16,48,0.13104,0.33333,63; 16; 78; 9; 16; 81; 48; 52; 40; 46
42,53,0.12894,0.79245,20; 42; 16; 15; 81; 44; 53; 48; 69; 29
37,75,0.09638,0.49333,18; 37; 76; 33; 26; 42; 75; 33; 21; 25
29,52,0.12414,0.55769,84; 29; 16; 79; 7; 26; 52; 68; 53; 75
43,76,0.10352,0.56579,55; 43; 60; 14; 80; 24; 76; 7; 53; 10
20,79,0.10038,0.25316,30; 20; 21; 58; 21; 9; 79; 8; 10; 62
15,47,0.13555,0.31915,85; 15; 28; 75; 59; 85; 47; 66; 25; 37
11,24,0.13571,0.45833,81; 11; 12; 9; 32; 16; 24; 22; 24; 14
23,63,0.11094,0.36508,74; 23; 18; 17; 8; 80; 63; 22; 23; 32
20,66,0.10909,0.30303,48; 20; 66; 82; 45; 40; 66; 36; 10; 27
26,81,0.09676,0.32099,64; 26; 15; 59; 49; 82; 81; 79; 20; 8
32,38,0.1348,0.84211,43; 32; 25; 78; 61; 21; 38; 26; 82; 22
7,19,0.12957,0.36842,81; 7; 77; 42; 61; 69; 19; 31; 33; 6
37,80,0.09998,0.4625,73; 37; 5; 49; 76; 61; 80; 62; 68; 75
29,84,0.09404,0.34524,70; 29; 57; 17; 78; 11; 84; 20; 5; 51
16,65,0.11282,0.24615,75; 16; 23; 58; 32; 72; 65; 41; 52; 34
27,34,0.13985,0.79412,81; 27; 22; 85; 48; 41; 34; 13; 27; 14
19,76,0.10471,0.25,81; 19; 27; 8; 45; 13; 76; 64; 34; 56
23,83,0.09232,0.27711,57; 23; 32; 60; 82; 64; 83; 47; 49; 48
48,60,0.11611,0.8,50; 48; 54; 56; 27; 15; 60; 81; 18; 55
17,46,0.13779,0.36957,17; 17; 66; 11; 56; 29; 46; 22; 6; 52
16,49,0.12864,0.32653,81; 16; 46; 20; 61; 18; 49; 16; 73; 39
21,63,0.11623,0.33333,64; 21; 83; 76; 7; 44; 63; 80; 80; 74
20,36,0.13748,0.55556,81; 20; 48; 83; 21; 16; 36; 80; 75; 27
37,43,0.13568,0.86047,53; 37; 44; 55; 84; 66; 43; 48; 70; 58
11,44,0.14084,0.25,49; 11; 64; 34; 54; 35; 44; 62; 60; 12
11,34,0.13814,0.32353,58; 11; 58; 5; 24; 64; 34; 33; 70; 84
19,64,0.10685,0.29688,12; 19; 78; 48; 68; 5; 64; 77; 57; 6
23,70,0.10864,0.32857,59; 23; 36; 73; 18; 72; 70; 28; 65; 23
15,53,0.13119,0.28302,46; 15; 34; 29; 71; 81; 53; 33; 48; 58
50,58,0.124,0.86207,8; 50; 5; 63; 83; 57; 58; 24; 37; 29
27,34,0.14072,0.79412,22; 27; 69; 22; 13; 19; 34; 17; 72; 15
68,81,0.08274,0.83951,51; 68; 55; 5; 59; 63; 81; 21; 66; 30
16,54,0.12817,0.2963,34; 16; 82; 23; 31; 53; 54; 70; 51; 23
42,49,0.14089,0.85714,32; 42; 12; 84; 20; 67; 49; 5; 11; 23
9,30,0.15164,0.3,73; 9; 14; 45; 41; 69; 30; 47; 48; 20
11,14,0.13464,0.78571,79; 11; 56; 6; 41; 8; 14; 46; 48; 12
21,42,0.13412,0.5,67; 21; 78; 33; 69; 72; 42; 38; 69; 53
19,41,0.13753,0.46341,39; 19; 73; 45; 8; 15; 41; 5; 8; 56
17,30,0.12299,0.56667,49; 17; 18; 20; 85; 27; 30; 6; 43; 8
19,68,0.10671,0.27941,11; 19; 83; 33; 47; 36; 68; 52; 28; 26
20,41,0.13633,0.4878,64; 20; 62; 52; 75; 20; 41; 53; 7; 83
61,73,0.09701,0.83562,21; 61; 27; 42; 60; 47; 73; 67; 69; 42
57,66,0.09799,0.86364,10; 57; 71; 42; 50; 21; 66; 67; 14; 23
61,77,0.09147,0.79221,29; 61; 38; 75; 78; 84; 77; 68; 25; 54
23,65,0.10674,0.35385,61; 23; 81; 15; 66; 70; 65; 38; 15; 45
14,25,0.13416,0.56,50; 14; 47; 51; 5; 33; 25; 75; 19; 82
11,24,0.13396,0.45833,35; 11; 31; 27; 35; 13; 24; 5; 82; 13
32,70,0.11281,0.45714,30; 32; 44; 51; 30; 24; 70; 7; 82; 66
14,48,0.13479,0.29167,84; 14; 70; 48; 41; 75; 48; 75; 26; 82
14,28,0.13509,0.5,32; 14; 75; 85; 26; 27; 28; 49; 55; 18
9,30,0.14908,0.3,63; 9; 25; 58; 27; 52; 30; 35; 78; 54
32,57,0.12339,0.5614,33; 32; 29; 35; 43; 80; 57; 69; 16; 60
26,70,0.10408,0.37143,45; 26; 67; 9; 54; 65; 70; 26; 85; 53
20,62,0.11729,0.32258,46; 20; 68; 56; 78; 65; 62; 72; 61; 60
25,68,0.10137,0.36765,81; 25; 81; 46; 44; 44; 68; 9; 32; 27
37,81,0.10175,0.45679,9; 37; 61; 49; 84; 57; 81; 45; 16; 44
24,85,0.09471,0.28235,11; 24; 54; 41; 74; 36; 85; 30; 21; 49
27,34,0.13411,0.79412,68; 27; 10; 21; 70; 39; 34; 37; 29; 38
19,77,0.1044,0.24675,46; 19; 35; 28; 46; 71; 77; 68; 23; 40
18,71,0.10262,0.25352,12; 18; 25; 49; 64; 73; 71; 58; 24; 82
21,69,0.10442,0.30435,71; 21; 80; 30; 33; 48; 69; 45; 76; 80
28,76,0.09755,0.36842,9; 28; 82; 43; 49; 37; 76; 9; 84; 25
20,82,0.09557,0.2439,49; 20; 70; 48; 49; 78; 82; 64; 50; 64
19,64,0.11291,0.29688,14; 19; 22; 44; 58; 79; 64; 60; 32; 6
30,54,0.12045,0.55556,37; 30; 35; 13; 18; 43; 54; 66; 19; 69
42,84,0.09121,0.5,15; 42; 53; 80; 26; 62; 84; 80; 26; 43
14,49,0.12858,0.28571,34; 14; 52; 57; 17; 16; 49; 44; 58; 56
12,36,0.14016,0.33333,35; 12; 56; 58; 85; 62; 36; 79; 74; 48
63,80,0.08572,0.7875,61; 63; 81; 75; 27; 40; 80; 48; 72; 82
15,59,0.12328,0.25424,32; 15; 8; 38; 15; 26; 59; 63; 23; 56
48,60,0.11906,0.8,19; 48; 19; 34; 51; 59; 60; 58; 10; 46
19,69,0.10275,0.27536,50; 19; 15; 29; 12; 20; 69; 25; 50; 73
26,71,0.11164,0.3662,52; 26; 62; 10; 41; 58; 71; 43; 20; 52
24,76,0.10208,0.31579,69; 24; 26; 17; 78; 28; 76; 40; 34; 73
60,70,0.09268,0.85714,83; 60; 75; 39; 20; 19; 70; 8; 78; 27
5,10,0.11728,0.5,79; 5; 34; 39; 85; 55; 10; 68; 47; 26
23,71,0.10361,0.32394,69; 23; 17; 85; 42; 54; 71; 28; 24; 77
53,65,0.10658,0.81538,78; 53; 60; 56; 84; 80; 65; 71; 11; 7
46,58,0.12469,0.7931,12; 46; 12; 44; 48; 40; 58; 56; 70; 81
12,24,0.133,0.5,14; 12; 41; 14; 41; 21; 24; 49; 44; 16
37,75,0.10417,0.49333,46; 37; 22; 5; 56; 37; 75; 64; 31; 39
65,79,0.08436,0.82278,50; 65; 68; 73; 83; 16; 79; 79; 76; 28
25,79,0.10345,0.31646,42; 25; 71; 23; 37; 34; 79; 13; 77; 59
53,65,0.1111,0.81538,9; 53; 44; 8; 23; 36; 65; 44; 16; 37
6,21,0.11486,0.28571,25; 6; 20; 21; 44; 25; 21; 30; 5; 43
14,56,0.12692,0.25,54; 14; 78; 74; 52; 74; 56; 65; 69; 45
45,55,0.13152,0.81818,72; 45; 59; 20; 68; 62; 55; 20; 30; 72
19,54,0.12436,0.35185,28; 19; 75; 27; 38; 9; 54; 73; 29; 31
20,25,0.13432,0.8,77; 20; 60; 48; 19; 46; 25; 57; 74; 24
25,82,0.09987,0.30488,38; 25; 39; 80; 84; 49; 82; 28; 41; 38
39,68,0.11255,0.57353,68; 39; 25; 60; 7; 12; 68; 34; 40; 41
28,35,0.135,0.8,5; 28; 16; 59; 70; 71; 35; 60; 65; 20
14,47,0.13444,0.29787,85; 14; 72; 10; 16; 65; 47; 9; 76; 54
46,82,0.10343,0.56098,79; 46; 27; 52; 43; 30; 82; 69; 66; 64
7,14,0.121,0.5,61; 7; 50; 13; 6; 26; 14; 52; 84; 30
37,43,0.14076,0.86047,16; 37; 41; 18; 64; 43; 43; 30; 42; 26
63,77,0.08241,0.81818,56; 63; 7; 64; 50; 69; 77; 83; 48; 65
31,67,0.1024,0.46269,23; 31; 57; 55; 20; 68; 67; 42; 84; 47
46,80,0.09382,0.575,81; 46; 83; 13; 76; 50; 80; 74; 73; 44
30,65,0.11026,0.46154,28; 30; 79; 73; 58; 8; 65; 36; 57; 11
12,51,0.12965,0.23529,62; 12; 19; 47; 14; 76; 51; 84; 30; 50
17,49,0.13325,0.34694,33; 17; 56; 53; 11; 46; 49; 29; 41; 13
24,48,0.13194,0.5,12; 24; 64; 80; 65; 19; 48; 72; 48; 30
62,72,0.08885,0.86111,69; 62; 43; 42; 58; 44; 72; 49; 15; 55
25,29,0.13621,0.86207,35; 25; 33; 58; 16; 70; 29; 17; 12; 66
18,74,0.0995,0.24324,41; 18; 47; 55; 21; 30; 74; 72; 6; 20
37,46,0.13511,0.80435,75; 37; 26; 40; 57; 60; 46; 39; 8; 29
27,34,0.13341,0.79412,24; 27; 56; 66; 57; 7; 34; 7; 26; 12
15,51,0.12404,0.29412,28; 15; 14; 25; 23; 47; 51; 59; 12; 24
63,79,0.08796,0.79747,45; 63; 5; 28; 43; 40; 79; 19; 41; 60
27,34,0.13798,0.79412,55; 27; 61; 16; 45; 8; 34; 64; 69; 72
38,48,0.13402,0.79167,41; 38; 75; 70; 57; 35; 48; 41; 51; 42
40,70,0.10796,0.57143,36; 40; 59; 41; 67; 65; 70; 41; 31; 35
5,10,0.11055,0.5,45; 5; 34; 73; 82; 51; 10; 71; 6; 62
26,80,0.09859,0.325,58; 26; 51; 5; 73; 78; 80; 51; 84; 43
39,80,0.09675,0.4875,67; 39; 19; 47; 7; 21; 80; 52; 69; 57
50,58,0.11789,0.86207,70; 50; 64; 78; 44; 75; 58; 80; 65; 55
22,69,0.12173,0.31884,47; 22; 74; 43; 71; 9; 69; 74; 73; 13
18,32,0.12986,0.5625,16; 18; 66; 74; 17; 40; 32; 48; 69; 74
18,51,0.12806,0.35294,47; 18; 85; 36; 85; 55; 51; 85; 49; 66
31,63,0.12208,0.49206,60; 31; 63; 69; 31; 42; 63; 77; 39; 46
56,65,0.1075,0.86154,75; 56; 77; 24; 83; 15; 65; 79; 83; 76
6,13,0.11529,0.46154,69; 6; 53; 54; 60; 76; 13; 33; 54; 36
18,22,0.12473,0.81818,56; 18; 33; 79; 23; 45; 22; 70; 74; 19
23,70,0.10326,0.32857,19; 23; 27; 48; 68; 67; 70; 40; 36; 69
19,59,0.12097,0.32203,83; 19; 63; 43; 85; 38; 59; 44; 83; 43
65,76,0.08265,0.85526,15; 65; 6; 74; 52; 14; 76; 54; 50; 33
16,46,0.12902,0.34783,66; 16; 68; 29; 41; 85; 46; 9; 56; 63
62,76,0.08762,0.81579,83; 62; 36; 50; 61; 78; 76; 50; 7; 21
66,79,0.0805,0.83544,31; 66; 63; 10; 50; 46; 79; 54; 48; 18
23,82,0.09334,0.28049,66; 23; 66; 6; 22; 35; 82; 15; 70; 16
38,78,0.10651,0.48718,16; 38; 79; 63; 66; 66; 78; 66; 41; 59
27,77,0.10364,0.35065,40; 27; 47; 28; 53; 44; 77; 54; 10; 58
13,44,0.13479,0.29545,53; 13; 58; 17; 22; 11; 44; 83; 30; 29
23,80,0.09718,0.2875,81; 23; 77; 43; 77; 77; 80; 22; 6; 84
51,59,0.1155,0.86441,74; 51; 67; 83; 82; 30; 59; 7; 56; 42
16,43,0.13105,0.37209,42; 16; 13; 50; 27; 38; 43; 28; 56; 41
13,44,0.14457,0.29545,17; 13; 30; 35; 68; 49; 44; 73; 15; 37
36,72,0.11221,0.5,11; 36; 50; 14; 39; 60; 72; 22; 74; 43
28,56,0.11773,0.5,80; 28; 14; 19; 40; 34; 56; 55; 27; 69
25,45,0.13787,0.55556,84; 25; 49; 39; 26; 7; 45; 56; 82; 43
35,62,0.11691,0.56452,21; 35; 31; 40; 74; 30; 62; 19; 34; 73
62,72,0.0934,0.86111,27; 62; 42; 73; 24; 20; 72; 84; 5; 64
20,41,0.13945,0.4878,11; 20; 81; 61; 65; 20; 41; 76; 66; 50
42,53,0.13876,0.79245,83; 42; 22; 57; 41; 74; 53; 73; 73; 53
23,71,0.10394,0.32394,21; 23; 24; 37; 59; 82; 71; 75; 75; 26
18,71,0.10581,0.25352,52; 18; 74; 16; 83; 79; 71; 40; 31; 45
16,50,0.12975,0.32,46; 16; 9; 8; 21; 20; 50; 28; 15; 63
16,50,0.13071,0.32,51; 16; 67; 65; 64; 23; 50; 68; 9; 66
49,62,0.11556,0.79032,19; 49; 36; 69; 29; 22; 62; 39; 27; 19
50,63,0.11291,0.79365,84; 50; 71; 71; 11; 45; 63; 54; 42; 53
14,42,0.13836,0.33333,50; 14; 75; 66; 68; 46; 42; 43; 28; 17
22,48,0.12584,0.45833,71; 22; 68; 19; 30; 12; 48; 72; 5; 83
18,65,0.10697,0.27692,8; 18; 76; 15; 68; 28; 65; 43; 71; 33
67,85,0.07706,0.78824,37; 67; 7; 56; 32; 29; 85; 69; 52; 47
24,28,0.12788,0.85714,71; 24; 39; 20; 67; 13; 28; 52; 77; 5
37,65,0.10877,0.56923,57; 37; 85; 80; 22; 33; 65; 68; 46; 35
26,70,0.10748,0.37143,57; 26; 79; 26; 6; 34; 70; 15; 80; 18
33,58,0.12605,0.56897,21; 33; 60; 8; 16; 34; 58; 45; 61; 27
68,85,0.08019,0.8,70; 68; 85; 23; 33; 67; 85; 28; 78; 25
54,63,0.11108,0.85714,60; 54; 61; 61; 37; 18; 63; 80; 29; 8
40,82,0.0989,0.4878,82; 40; 59; 53; 40; 35; 82; 62; 41; 61
36,42,0.13991,0.85714,75; 36; 8; 56; 16; 62; 42; 29; 18; 44
12,49,0.13304,0.2449,68; 12; 45; 67; 18; 69; 49; 48; 83; 33
37,65,0.11349,0.56923,31; 37; 30; 24; 61; 60; 65; 60; 48; 63
20,82,0.08958,0.2439,50; 20; 40; 7; 76; 38; 82; 46; 34; 75
23,50,0.13132,0.46,62; 23; 56; 54; 80; 14; 50; 47; 31; 76
21,63,0.11585,0.33333,35; 21; 47; 10; 6; 14; 63; 82; 40; 45
42,74,0.10679,0.56757,38; 42; 31; 27; 24; 14; 74; 30; 7; 5
43,54,0.13114,0.7963,10; 43; 50; 24; 67; 22; 54; 9; 56; 84
11,30,0.13862,0.36667,33; 11; 11; 74; 46; 32; 30; 81; 67; 54
17,72,0.10557,0.23611,22; 17; 42; 7; 70; 57; 72; 34; 49; 26
34,70,0.10552,0.48571,80; 34; 77; 71; 72; 13; 70; 31; 58; 64
14,48,0.13061,0.29167,16; 14; 47; 24; 12; 56; 48; 28; 65; 76
16,68,0.10478,0.23529,14; 16; 23; 10; 84; 44; 68; 71; 66; 67
44,56,0.13356,0.78571,27; 44; 11; 16; 25; 19; 56; 28; 57; 25
44,55,0.13648,0.8,10; 44; 60; 18; 68; 72; 55; 49; 50; 75
34,70,0.10926,0.48571,31; 34; 37; 29; 34; 48; 70; 5; 68; 78
34,70,0.10356,0.48571,62; 34; 29; 83; 43; 82; 70; 53; 84; 68
15,45,0.13013,0.33333,10; 15; 27; 57; 7; 82; 45; 9; 85; 15
24,83,0.09787,0.28916,28; 24; 57; 72; 82; 85; 83; 38; 71; 8
29,84,0.09561,0.34524,23; 29; 31; 25; 29; 22; 84; 22; 79; 25
27,47,0.13423,0.57447,75; 27; 7; 76; 59; 62; 47; 20; 65; 41
19,39,0.12971,0.48718,12; 19; 35; 20; 40; 12; 39; 50; 52; 46
8,28,0.13486,0.28571,60; 8; 76; 27; 74; 19; 28; 20; 60; 31
9,37,0.14339,0.24324,34; 9; 48; 71; 74; 72; 37; 19; 34; 33
21,63,0.12389,0.33333,49; 21; 59; 49; 44; 60; 63; 44; 56; 61
54,64,0.11144,0.84375,42; 54; 26; 49; 27; 45; 64; 53; 31; 42
19,22,0.12731,0.86364,40; 19; 55; 24; 60; 52; 22; 48; 7; 38
12,14,0.13151,0.85714,75; 12; 22; 76; 48; 29; 14; 16; 16; 67
32,38,0.13728,0.84211,55; 32; 39; 63; 39; 66; 38; 49; 84; 62
20,83,0.08669,0.24096,34; 20; 49; 12; 9; 23; 83; 7; 8; 25
28,57,0.12392,0.49123,8; 28; 72; 21; 69; 5; 57; 67; 7; 78
14,58,0.12547,0.24138,66; 14; 45; 34; 59; 61; 58; 36; 47; 80
19,75,0.10102,0.25333,85; 19; 41; 61; 21; 39; 75; 7; 51; 43
20,67,0.10416,0.29851,23; 20; 19; 11; 22; 37; 67; 70; 59; 49
20,35,0.12664,0.57143,7; 20; 55; 74; 30; 8; 35; 83; 78; 6
38,68,0.10605,0.55882,33; 38; 56; 51; 37; 62; 68; 28; 53; 20
26,80,0.10225,0.325,81; 26; 77; 69; 51; 13; 80; 47; 73; 46
67,84,0.07771,0.79762,59; 67; 64; 66; 48; 8; 84; 60; 50; 6
20,57,0.1198,0.35088,76; 20; 44; 49; 15; 65; 57; 48; 54; 65
29,52,0.13512,0.55769,77; 29; 31; 77; 14; 62; 52; 15; 49; 38
21,84,0.09486,0.25,57; 21; 66; 73; 71; 49; 84; 15; 72; 77
14,57,0.11982,0.24561,77; 14; 84; 50; 30; 12; 57; 47; 44; 85
16,58,0.12119,0.27586,12; 16; 17; 80; 67; 76; 58; 64; 62; 47
21,65,0.1144,0.32308,70; 21; 37; 68; 35; 83; 65; 41; 74; 16
37,65,0.11484,0.56923,42; 37; 26; 11; 46; 50; 65; 13; 71; 52
37,66,0.11713,0.56061,15; 37; 34; 42; 20; 40; 66; 75; 42; 58
30,81,0.09742,0.37037,44; 30; 37; 72; 69; 62; 81; 67; 25; 13
5,20,0.10099,0.25,81; 5; 46; 56; 36; 16; 20; 84; 32; 65
32,69,0.11537,0.46377,59; 32; 8; 37; 34; 23; 69; 22; 85; 46
19,63,0.11585,0.30159,8; 19; 49; 40; 46; 19; 63; 41; 45; 61
23,83,0.10204,0.27711,36; 23; 20; 39; 64; 46; 83; 67; 50; 30
16,48,0.13309,0.33333,26; 16; 69; 11; 45; 47; 48; 78; 15; 54
27,33,0.12477,0.81818,78; 27; 47; 24; 39; 79; 33; 59; 8; 63
6,18,0.11664,0.33333,14; 6; 74; 70; 41; 55; 18; 56; 75; 25
23,81,0.09237,0.28395,64; 23; 36; 55; 21; 8; 81; 81; 6; 76
60,75,0.0934,0.8,68; 60; 80; 19; 63; 21; 75; 28; 73; 72
30,82,0.10349,0.36585,69; 30; 36; 9; 34; 73; 82; 74; 11; 43
26,31,0.13051,0.83871,81; 26; 71; 57; 59; 34; 31; 64; 39; 48
23,81,0.10226,0.28395,24; 23; 45; 44; 61; 23; 81; 25; 76; 85
7,29,0.13015,0.24138,54; 7; 75; 5; 52; 11; 29; 8; 62; 30
18,65,0.1079,0.27692,34; 18; 41; 5; 75; 51; 65; 49; 9; 31
23,70,0.11001,0.32857,21; 23; 9; 22; 74; 60; 70; 50; 38; 74
44,77,0.09585,0.57143,72; 44; 24; 12; 61; 45; 77; 23; 31; 60
70,83,0.07546,0.84337,38; 70; 78; 78; 69; 57; 83; 40; 32; 68
19,63,0.11956,0.30159,30; 19; 27; 33; 20; 61; 63; 78; 34; 8
41,73,0.10985,0.56164,5; 41; 66; 66; 61; 52; 73; 55; 78; 26
24,30,0.13466,0.8,83; 24; 13; 68; 43; 63; 30; 84; 78; 67
11,14,0.12932,0.78571,14; 11; 65; 69; 19; 54; 14; 32; 82; 38
13,55,0.13484,0.23636,82; 13; 46; 63; 82; 63; 55; 46; 51; 62
12,15,0.13362,0.8,77; 12; 63; 59; 16; 47; 15; 49; 44; 45
22,77,0.09978,0.28571,43; 22; 30; 61; 24; 80; 77; 44; 71; 54
19,57,0.12282,0.33333,33; 19; 41; 9; 34; 18; 57; 30; 20; 63
23,76,0.09645,0.30263,77; 23; 66; 39; 28; 20; 76; 74; 64; 23
12,21,0.14199,0.57143,15; 12; 69; 40; 35; 25; 21; 31; 34; 8
16,28,0.13795,0.57143,26; 16; 10; 36; 27; 16; 28; 26; 76; 69
8,27,0.13227,0.2963,42; 8; 44; 25; 47; 73; 27; 37; 75; 77
17,53,0.12978,0.32075,84; 17; 13; 51; 17; 68; 53; 67; 41; 60
24,74,0.10118,0.32432,74; 24; 39; 60; 84; 19; 74; 85; 36; 52
44,56,0.12072,0.78571,78; 44; 39; 76; 29; 34; 56; 65; 55; 47
21,63,0.11666,0.33333,69; 21; 24; 17; 45; 37; 63; 35; 61; 84
31,62,0.11853,0.5,80; 31; 62; 51; 15; 70; 62; 25; 75; 30
24,43,0.13866,0.55814,31; 24; 19; 26; 22; 14; 43; 53; 69; 11
30,61,0.11782,0.4918,25; 30; 82; 30; 37; 22; 61; 35; 77; 85
13,52,0.12876,0.25,31; 13; 52; 47; 54; 18; 52; 33; 82; 48
20,41,0.13813,0.4878,66; 20; 45; 16; 23; 77; 41; 44; 79; 60
25,68,0.1123,0.36765,39; 25; 18; 56; 11; 63; 68; 34; 29; 22
13,28,0.12963,0.46429,32; 13; 60; 30; 66; 62; 28; 24; 13; 85
21,70,0.11053,0.3,66; 21; 69; 10; 28; 40; 70; 53; 19; 74
62,76,0.08695,0.81579,38; 62; 84; 26; 70; 21; 76; 61; 55; 58
31,37,0.13914,0.83784,20; 31; 28; 16; 8; 77; 37; 37; 14; 69
19,78,0.09395,0.24359,43; 19; 11; 80; 52; 65; 78; 9; 82; 16
42,51,0.13094,0.82353,71; 42; 54; 16; 63; 8; 51; 17; 27; 41
32,64,0.11984,0.5,47; 32; 27; 21; 39; 7; 64; 69; 19; 51
20,67,0.10734,0.29851,42; 20; 68; 68; 20; 27; 67; 22; 9; 83
45,56,0.12309,0.80357,39; 45; 52; 24; 37; 17; 56; 56; 27; 10
7,20,0.12879,0.35,85; 7; 61; 79; 16; 58; 20; 74; 18; 26
43,51,0.1305,0.84314,30; 43; 26; 31; 44; 79; 51; 76; 56; 84
12,49,0.13202,0.2449,18; 12; 70; 35; 24; 85; 49; 21; 54; 24
21,74,0.10454,0.28378,49; 21; 75; 68; 58; 7; 74; 65; 72; 46
67,84,0.07415,0.79762,39; 67; 41; 57; 24; 51; 84; 58; 76; 34
26,80,0.09387,0.325,16; 26; 17; 49; 65; 48; 80; 75; 68; 10
28,84,0.09219,0.33333,72; 28; 42; 45; 26; 28; 84; 15; 73; 29
27,59,0.12114,0.45763,55; 27; 45; 65; 83; 76; 59; 16; 19; 72
14,59,0.1217,0.23729,26; 14; 74; 66; 32; 17; 59; 12; 47; 36
22,39,0.12927,0.5641,17; 22; 51; 51; 69; 6; 39; 85; 30; 83
27,55,0.12837,0.49091,83; 27; 44; 62; 49; 37; 55; 53; 18; 25
25,71,0.11206,0.35211,84; 25; 73; 73; 19; 13; 71; 35; 31; 17
69,82,0.07593,0.84146,65; 69; 13; 26; 80; 48; 82; 14; 69; 77
23,79,0.09925,0.29114,43; 23; 83; 11; 11; 64; 79; 24; 71; 25
26,82,0.09821,0.31707,44; 26; 34; 69; 80; 35; 82; 59; 63; 46
36,78,0.10387,0.46154,60; 36; 71; 38; 5; 54; 78; 6; 53; 39
23,79,0.09947,0.29114,46; 23; 7; 19; 22; 84; 79; 85; 33; 80
21,70,0.11097,0.3,53; 21; 50; 73; 71; 46; 70; 66; 67; 67
9,36,0.14292,0.25,8; 9; 56; 73; 75; 43; 36; 43; 73; 59
43,75,0.10603,0.57333,40; 43; 45; 11; 85; 43; 75; 38; 8; 12
23,65,0.11776,0.35385,38; 23; 85; 27; 81; 80; 65; 71; 46; 27
34,61,0.11916,0.55738,39; 34; 20; 15; 57; 56; 61; 11; 85; 79
32,37,0.1324,0.86486,32; 32; 72; 56; 7; 11; 37; 53; 77; 35
6,20,0.1166,0.3,77; 6; 28; 24; 14; 47; 20; 29; 65; 12
11,44,0.13635,0.25,82; 11; 57; 72; 54; 63; 44; 65; 39; 10
30,60,0.11724,0.5,79; 30; 80; 61; 76; 62; 60; 41; 20; 52
26,46,0.13631,0.56522,64; 26; 57; 42; 11; 67; 46; 54; 9; 8
12,21,0.13494,0.57143,57; 12; 36; 58; 69; 19; 21; 75; 58; 56
48,56,0.12607,0.85714,19; 48; 27; 62; 57; 65; 56; 81; 39; 6
22,28,0.14181,0.78571,39; 22; 15; 83; 61; 10; 28; 81; 53; 67
32,65,0.11549,0.49231,63; 32; 30; 54; 81; 40; 65; 55; 71; 61
21,85,0.09097,0.24706,22; 21; 62; 78; 45; 6; 85; 23; 64; 40
16,46,0.13656,0.34783,43; 16; 35; 6; 84; 32; 46; 43; 61; 17
16,64,0.11307,0.25,39; 16; 51; 36; 12; 74; 64; 82; 5; 24
55,70,0.09658,0.78571,58; 55; 11; 29; 16; 29; 70; 67; 13; 10
24,82,0.09498,0.29268,77; 24; 42; 11; 28; 78; 82; 33; 68; 28
18,32,0.1295,0.5625,16; 18; 83; 42; 75; 8; 32; 65; 48; 33
27,47,0.14371,0.57447,63; 27; 71; 20; 77; 56; 47; 76; 15; 31
16,49,0.12411,0.32653,14; 16; 72; 64; 75; 74; 49; 19; 60; 83
14,46,0.12831,0.30435,30; 14; 34; 15; 82; 38; 46; 44; 82; 50
53,63,0.10712,0.84127,47; 53; 48; 47; 41; 18; 63; 68; 85; 78
61,74,0.09039,0.82432,50; 61; 83; 68; 71; 43; 74; 8; 48; 28
12,41,0.13728,0.29268,64; 12; 11; 46; 61; 13; 41; 62; 52; 81
24,68,0.11123,0.35294,27; 24; 42; 74; 24; 37; 68; 14; 53; 25
36,73,0.1062,0.49315,57; 36; 79; 67; 38; 76; 73; 12; 70; 73
22,66,0.11551,0.33333,72; 22; 52; 78; 12; 67; 66; 7; 8; 65
17,70,0.1133,0.24286,44; 17; 46; 12; 43; 63; 70; 85; 51; 33
53,63,0.1123,0.84127,39; 53; 11; 45; 23; 78; 63; 72; 40; 56
8,32,0.13615,0.25,49; 8; 33; 39; 78; 83; 32; 26; 79; 50
17,34,0.13331,0.5,27; 17; 69; 46; 7; 58; 34; 43; 22; 20
29,59,0.12374,0.49153,20; 29; 5; 72; 83; 61; 59; 19; 56; 31
27,83,0.09015,0.3253,60; 27; 35; 85; 45; 6; 83; 82; 66; 8
36,74,0.10339,0.48649,75; 36; 74; 35; 42; 13; 74; 34; 82; 68
40,50,0.12994,0.8,75; 40; 71; 54; 28; 64; 50; 44; 26; 79
64,80,0.08814,0.8,31; 64; 34; 37; 75; 84; 80; 31; 76; 51
33,72,0.10948,0.45833,38; 33; 85; 73; 6; 47; 72; 47; 25; 11
31,54,0.13515,0.57407,29; 31; 81; 32; 41; 37; 54; 5; 12; 13
14,47,0.13772,0.29787,19; 14; 43; 72; 49; 58; 47; 57; 43; 36
40,50,0.12783,0.8,54; 40; 33; 27; 24; 80; 50; 70; 15; 40
13,44,0.13759,0.29545,39; 13; 63; 67; 24; 29; 44; 38; 57; 13
24,69,0.1082,0.34783,58; 24; 28; 75; 30; 18; 69; 82; 49; 46
6,21,0.11666,0.28571,59; 6; 22; 42; 40; 45; 21; 9; 22; 78
53,66,0.10683,0.80303,77; 53; 56; 13; 83; 80; 66; 26; 50; 47
50,58,0.11803,0.86207,68; 50; 22; 42; 78; 70; 58; 6; 14; 19
9,30,0.14804,0.3,43; 9; 41; 49; 65; 42; 30; 26; 23; 55
5,18,0.10312,0.27778,80; 5; 45; 49; 78; 66; 18; 19; 31; 11
48,56,0.12479,0.85714,21; 48; 29; 18; 44; 67; 56; 13; 49; 33
28,56,0.1157,0.5,55; 28; 34; 67; 42; 77; 56; 76; 30; 67
19,69,0.10376,0.27536,75; 19; 38; 6; 81; 64; 69; 15; 23; 10
49,58,0.11977,0.84483,51; 49; 31; 52; 7; 25; 58; 74; 54; 82
20,25,0.13956,0.8,62; 20; 84; 30; 72; 78; 25; 74; 68; 68
15,19,0.12987,0.78947,63; 15; 29; 47; 42; 69; 19; 6; 20; 50
36,63,0.11792,0.57143,11; 36; 81; 21; 45; 70; 63; 53; 56; 15
17,72,0.10803,0.23611,55; 17; 49; 62; 61; 54; 72; 85; 26; 5
10,36,0.14109,0.27778,48; 10; 85; 67; 54; 72; 36; 72; 63; 28
27,83,0.09336,0.3253,66; 27; 8; 73; 84; 10; 83; 70; 26; 67
40,49,0.12677,0.81633,6; 40; 82; 85; 26; 66; 49; 70; 85; 43
31,37,0.14138,0.83784,67; 31; 5; 43; 85; 63; 37; 69; 48; 67
53,67,0.10641,0.79104,58; 53; 10; 51; 31; 57; 67; 13; 42; 79
15,52,0.12995,0.28846,9; 15; 80; 67; 18; 7; 52; 37; 75; 24
35,61,0.11421,0.57377,81; 35; 32; 68; 45; 48; 61; 26; 74; 55
42,74,0.10478,0.56757,23; 42; 60; 41; 13; 34; 74; 30; 14; 38
16,19,0.12909,0.84211,45; 16; 31; 14; 59; 40; 19; 29; 21; 34
17,67,0.11408,0.25373,78; 17; 44; 38; 20; 35; 67; 46; 27; 77
19,68,0.10623,0.27941,26; 19; 74; 42; 41; 25; 68; 66; 51; 30
39,78,0.09779,0.5,78; 39; 74; 30; 7; 43; 78; 66; 63; 72
15,61,0.12271,0.2459,18; 15; 56; 55; 14; 55; 61; 53; 54; 53
25,83,0.10084,0.3012,75; 25; 76; 39; 47; 25; 83; 77; 9; 27
20,60,0.1159,0.33333,83; 20; 43; 70; 31; 44; 60; 81; 11; 53
9,18,0.13609,0.5,81; 9; 74; 76; 49; 55; 18; 68; 29; 61
28,61,0.11879,0.45902,64; 28; 64; 66; 17; 22; 61; 51; 71; 55
71,83,0.07783,0.85542,12; 71; 56; 45; 29; 6; 83; 84; 11; 21
53,67,0.10648,0.79104,63; 53; 73; 36; 32; 51; 67; 36; 15; 43
28,81,0.10622,0.34568,83; 28; 23; 12; 53; 43; 81; 70; 5; 14
31,36,0.13293,0.86111,36; 31; 7; 37; 46; 15; 36; 31; 41; 55
18,72,0.10272,0.25,68; 18; 53; 57; 85; 46; 72; 20; 39; 70
47,56,0.1247,0.83929,72; 47; 51; 68; 8; 17; 56; 52; 40; 35
20,67,0.11154,0.29851,54; 20; 13; 38; 48; 10; 67; 74; 25; 38
19,54,0.12187,0.35185,24; 19; 74; 45; 15; 66; 54; 64; 62; 28
20,63,0.11316,0.31746,34; 20; 13; 55; 8; 83; 63; 78; 23; 29
45,80,0.10644,0.5625,82; 45; 84; 56; 78; 84; 80; 43; 81; 24
18,76,0.12247,0.23684,5; 18; 47; 37; 23; 59; 76; 19; 67; 34
19,55,0.1283,0.34545,65; 19; 80; 18; 44; 29; 55; 37; 82; 65
33,71,0.10706,0.46479,16; 33; 23; 67; 55; 39; 71; 29; 58; 67
35,76,0.09843,0.46053,54; 35; 61; 57; 9; 22; 76; 29; 80; 69
17,56,0.12976,0.30357,74; 17; 81; 22; 24; 43; 56; 63; 58; 40
26,46,0.13842,0.56522,10; 26; 78; 71; 27; 68; 46; 22; 47; 17
19,59,0.11843,0.32203,73; 19; 22; 60; 6; 61; 59; 46; 73; 48
37,47,0.14105,0.78723,40; 37; 29; 25; 51; 80; 47; 18; 18; 38
10,31,0.14214,0.32258,81; 10; 61; 67; 24; 19; 31; 19; 22; 17
27,84,0.10232,0.32143,43; 27; 48; 31; 34; 23; 84; 72; 63; 20
6,19,0.11934,0.31579,60; 6; 69; 36; 76; 36; 19; 49; 79; 57
44,78,0.11045,0.5641,63; 44; 50; 11; 56; 16; 78; 39; 71; 15
70,83,0.07739,0.84337,27; 70; 47; 64; 76; 5; 83; 21; 70; 82
47,83,0.09034,0.56627,40; 47; 34; 65; 18; 27; 83; 48; 85; 83
23,28,0.12979,0.82143,49; 23; 77; 53; 65; 83; 28; 79; 40; 35
26,52,0.13183,0.5,43; 26; 9; 58; 12; 42; 52; 25; 19; 49
25,79,0.10449,0.31646,46; 25; 33; 21; 51; 77; 79; 75; 7; 17
69,84,0.07663,0.82143,33; 69; 76; 72; 54; 65; 84; 58; 38; 24
24,49,0.1292,0.4898,44; 24; 73; 45; 69; 81; 49; 71; 81; 42
38,77,0.10202,0.49351,83; 38; 6; 32; 84; 24; 77; 19; 11; 40
21,75,0.10478,0.28,47; 21; 34; 34; 53; 56; 75; 5; 80; 62
15,47,0.13372,0.31915,40; 15; 22; 67; 53; 33; 47; 70; 75; 66
19,65,0.11948,0.29231,64; 19; 36; 55; 6; 45; 65; 74; 70; 82
42,84,0.0903,0.5,51; 42; 84; 8; 7; 10; 84; 24; 14; 20
17,68,0.1123,0.25,41; 17; 17; 69; 46; 54; 68; 59; 33; 25
37,47,0.13664,0.78723,16; 37; 19; 57; 37; 82; 47; 19; 17; 84
31,67,0.11456,0.46269,39; 31; 54; 67; 16; 11; 67; 49; 37; 83
28,56,0.12946,0.5,38; 28; 43; 49; 37; 28; 56; 11; 46; 16
42,53,0.13391,0.79245,20; 42; 11; 9; 77; 10; 53; 65; 72; 73
19,63,0.11527,0.30159,47; 19; 59; 6; 77; 50; 63; 62; 28; 9
39,80,0.09515,0.4875,60; 39; 80; 73; 26; 14; 80; 27; 49; 79
7,23,0.11866,0.30435,33; 7; 36; 56; 40; 13; 23; 20; 56; 31
19,67,0.104,0.28358,72; 19; 22; 48; 62; 38; 67; 78; 74; 64
18,76,0.09752,0.23684,33; 18; 30; 31; 28; 10; 76; 42; 29; 77
31,62,0.11476,0.5,41; 31; 49; 85; 58; 49; 62; 46; 36; 8
26,78,0.10636,0.33333,54; 26; 26; 84; 42; 37; 78; 57; 41; 59
32,64,0.10412,0.5,8; 32; 51; 72; 9; 62; 64; 81; 51; 58
38,48,0.13519,0.79167,84; 38; 34; 63; 41; 34; 48; 54; 8; 38
18,75,0.10217,0.24,45; 18; 85; 70; 53; 62; 75; 9; 22; 19
28,56,0.12355,0.5,39; 28; 69; 69; 68; 32; 56; 11; 69; 81
38,77,0.10635,0.49351,81; 38; 19; 33; 27; 55; 77; 63; 40; 36
13,26,0.13413,0.5,15; 13; 36; 64; 43; 16; 26; 69; 74; 63
31,68,0.11137,0.45588,17; 31; 84; 61; 18; 16; 68; 72; 69; 23
18,72,0.10562,0.25,14; 18; 42; 31; 51; 29; 72; 38; 36; 71
22,59,0.11254,0.37288,5; 22; 49; 35; 31; 27; 59; 78; 5; 36
43,51,0.13232,0.84314,84; 43; 52; 53; 44; 12; 51; 36; 9; 43
20,25,0.13378,0.8,20; 20; 35; 84; 11; 66; 25; 44; 29; 52
72,84,0.07689,0.85714,63; 72; 60; 73; 8; 66; 84; 83; 19; 82
38,45,0.13846,0.84444,36; 38; 15; 65; 71; 49; 45; 29; 12; 21
21,75,0.09146,0.28,49; 21; 84; 65; 9; 85; 75; 26; 6; 7
16,63,0.11799,0.25397,19; 16; 42; 80; 35; 25; 63; 34; 62; 51
29,82,0.10143,0.35366,50; 29; 20; 82; 83; 69; 82; 55; 22; 84
21,37,0.12919,0.56757,81; 21; 17; 7; 56; 50; 37; 79; 32; 47
18,49,0.1299,0.36735,64; 18; 39; 19; 28; 65; 49; 52; 73; 43
42,84,0.09382,0.5,33; 42; 41; 54; 55; 11; 84; 65; 26; 54
32,56,0.13002,0.57143,28; 32; 23; 26; 20; 64; 56; 33; 25; 79
21,69,0.10725,0.30435,23; 21; 23; 83; 11; 13; 69; 15; 80; 20
7,20,0.12121,0.35,16; 7; 58; 15; 77; 48; 20; 81; 51; 64
47,57,0.12598,0.82456,46; 47; 25; 77; 49; 55; 57; 29; 56; 14
28,56,0.12809,0.5,16; 28; 33; 44; 84; 35; 56; 46; 28; 42
19,39,0.13816,0.48718,9; 19; 53; 62; 25; 23; 39; 31; 42; 5
31,68,0.10739,0.45588,21; 31; 78; 11; 67; 25; 68; 59; 43; 71
46,56,0.12601,0.82143,59; 46; 41; 46; 39; 33; 56; 69; 41; 15
63,80,0.08338,0.7875,6; 63; 53; 22; 59; 52; 80; 74; 34; 41
17,67,0.10883,0.25373,50; 17; 52; 38; 72; 70; 67; 79; 45; 26
27,32,0.13621,0.84375,79; 27; 38; 16; 22; 73; 32; 43; 47; 58
15,53,0.13111,0.28302,11; 15; 68; 21; 81; 38; 53; 21; 12; 19
24,84,0.10023,0.28571,45; 24; 58; 53; 9; 50; 84; 58; 29; 15
22,80,0.09616,0.275,11; 22; 57; 81; 21; 40; 80; 72; 79; 18
45,56,0.1262,0.80357,37; 45; 65; 71; 47; 29; 56; 46; 51; 28
26,80,0.09358,0.325,61; 26; 50; 13; 74; 11; 80; 16; 45; 42
5,21,0.09446,0.2381,69; 5; 65; 9; 54; 70; 21; 66; 42; 60
32,70,0.10955,0.45714,27; 32; 27; 77; 30; 43; 70; 71; 75; 55
39,69,0.11878,0.56522,75; 39; 67; 39; 7; 61; 69; 32; 22; 85
23,78,0.08957,0.29487,40; 23; 76; 85; 45; 84; 78; 70; 65; 85
40,82,0.0924,0.4878,51; 40; 83; 80; 20; 46; 82; 32; 26; 76
31,83,0.08735,0.37349,80; 31; 51; 73; 75; 39; 83; 18; 6; 53
7,23,0.12816,0.30435,79; 7; 80; 67; 51; 20; 23; 24; 27; 51
64,74,0.08755,0.86486,35; 64; 42; 54; 79; 66; 74; 83; 64; 72
40,80,0.10379,0.5,15; 40; 52; 44; 38; 59; 80; 55; 29; 79
14,44,0.13268,0.31818,21; 14; 79; 30; 42; 36; 44; 18; 58; 31
27,83,0.09081,0.3253,50; 27; 48; 63; 46; 8; 83; 52; 17; 38
16,67,0.11068,0.23881,83; 16; 75; 42; 12; 35; 67; 38; 17; 44
64,80,0.0851,0.8,44; 64; 42; 82; 46; 45; 80; 76; 33; 5
64,76,0.08209,0.84211,62; 64; 21; 63; 40; 27; 76; 39; 71; 68
13,40,0.13345,0.325,75; 13; 81; 29; 78; 35; 40; 78; 26; 50
15,46,0.13185,0.32609,28; 15; 5; 25; 40; 15; 46; 29; 13; 26
8,28,0.1346,0.28571,85; 8; 69; 72; 41; 18; 28; 13; 8; 44
36,42,0.1343,0.85714,13; 36; 24; 53; 34; 54; 42; 60; 18; 85
21,73,0.09893,0.28767,57; 21; 81; 48; 36; 17; 73; 81; 10; 53
21,46,0.12995,0.45652,26; 21; 14; 22; 53; 49; 46; 31; 84; 26
9,38,0.14032,0.23684,31; 9; 31; 19; 83; 55; 38; 66; 7; 82
42,53,0.13105,0.79245,21; 42; 43; 50; 11; 20; 53; 65; 9; 44
26,52,0.133,0.5,49; 26; 82; 85; 60; 21; 52; 84; 64; 18
15,46,0.13583,0.32609,80; 15; 7; 16; 55; 30; 46; 40; 76; 17
19,52,0.12265,0.36538,48; 19; 12; 35; 56; 54; 52; 56; 56; 74
59,69,0.09564,0.85507,17; 59; 6; 9; 16; 79; 69; 85; 79; 27
27,73,0.1074,0.36986,70; 27; 25; 32; 17; 56; 73; 58; 15; 47
23,40,0.13724,0.575,11; 23; 59; 12; 17; 32; 40; 30; 68; 57
16,65,0.11359,0.24615,5; 16; 66; 59; 57; 73; 65; 12; 78; 45
16,63,0.11699,0.25397,83; 16; 56; 48; 75; 71; 63; 58; 50; 18
19,77,0.09774,0.24675,24; 19; 63; 29; 28; 54; 77; 19; 58; 61
21,71,0.10642,0.29577,25; 21; 25; 57; 51; 47; 71; 35; 23; 17
23,47,0.13123,0.48936,83; 23; 23; 43; 9; 42; 47; 21; 55; 69
22,39,0.13178,0.5641,49; 22; 31; 72; 40; 42; 39; 28; 69; 29
42,84,0.09364,0.5,19; 42; 18; 34; 72; 71; 84; 51; 25; 82
14,59,0.12356,0.23729,60; 14; 84; 18; 67; 83; 59; 17; 52; 33
24,84,0.0978,0.28571,54; 24; 64; 29; 11; 85; 84; 28; 58; 83
11,44,0.14217,0.25,35; 11; 56; 21; 60; 71; 44; 46; 22; 32
44,55,0.13237,0.8,78; 44; 67; 70; 76; 19; 55; 74; 8; 60
13,55,0.12763,0.23636,59; 13; 65; 12; 45; 65; 55; 73; 33; 42
16,54,0.12886,0.2963,64; 16; 58; 75; 5; 58; 54; 46; 17; 36
28,56,0.13156,0.5,50; 28; 71; 32; 41; 68; 56; 79; 52; 76
24,30,0.1397,0.8,68; 24; 63; 27; 74; 36; 30; 53; 64; 7
11,33,0.13907,0.33333,30; 11; 57; 7; 34; 64; 33; 26; 34; 17
45,55,0.12907,0.81818,75; 45; 51; 52; 57; 76; 55; 7; 29; 72
36,64,0.10713,0.5625,41; 36; 17; 78; 13; 9; 64; 75; 21; 58
22,68,0.10427,0.32353,69; 22; 38; 5; 44; 60; 68; 10; 35; 54
51,59,0.12346,0.86441,42; 51; 41; 78; 66; 71; 59; 61; 33; 74
17,70,0.11354,0.24286,33; 17; 70; 42; 73; 7; 70; 52; 82; 49
22,60,0.11338,0.36667,25; 22; 20; 57; 69; 69; 60; 43; 27; 36
33,67,0.10779,0.49254,54; 33; 39; 44; 63; 46; 67; 68; 12; 9
38,67,0.11034,0.56716,37; 38; 62; 28; 31; 56; 67; 64; 44; 26
23,70,0.10675,0.32857,79; 23; 15; 19; 7; 84; 70; 10; 56; 17
40,80,0.09671,0.5,80; 40; 68; 32; 8; 57; 80; 53; 21; 54
71,85,0.07632,0.83529,32; 71; 78; 73; 6; 15; 85; 12; 29; 59
23,46,0.1313,0.5,62; 23; 55; 69; 69; 33; 46; 45; 22; 44
19,24,0.12763,0.79167,33; 19; 30; 63; 72; 56; 24; 32; 42; 55
19,60,0.11741,0.31667,10; 19; 58; 75; 11; 39; 60; 20; 14; 44
18,64,0.11586,0.28125,48; 18; 40; 59; 80; 12; 64; 23; 31; 21
22,77,0.10312,0.28571,74; 22; 9; 52; 69; 80; 77; 39; 17; 13
7,20,0.12574,0.35,53; 7; 10; 24; 78; 53; 20; 60; 74; 57
33,68,0.10942,0.48529,36; 33; 69; 50; 73; 74; 68; 11; 60; 61
23,79,0.08731,0.29114,60; 23; 24; 45; 20; 53; 79; 38; 72; 70
12,49,0.13109,0.2449,18; 12; 85; 68; 56; 81; 49; 69; 80; 58
19,80,0.09528,0.2375,84; 19; 31; 58; 27; 60; 80; 57; 54; 51
28,34,0.13769,0.82353,37; 28; 74; 54; 48; 76; 34; 81; 81; 74
12,51,0.13637,0.23529,70; 12; 29; 72; 43; 54; 51; 69; 55; 11
27,73,0.09767,0.36986,7; 27; 80; 59; 75; 60; 73; 9; 21; 15
14,40,0.13554,0.35,78; 14; 8; 45; 66; 25; 40; 58; 14; 79
19,66,0.1082,0.28788,66; 19; 45; 48; 77; 14; 66; 38; 21; 78
9,32,0.1441,0.28125,50; 9; 70; 25; 22; 20; 32; 81; 72; 37
11,38,0.14001,0.28947,40; 11; 64; 77; 59; 65; 38; 36; 7; 40
27,48,0.1372,0.5625,32; 27; 75; 69; 52; 63; 48; 84; 78; 85
38,44,0.13653,0.86364,33; 38; 42; 39; 8; 33; 44; 6; 37; 24
20,63,0.11384,0.31746,51; 20; 64; 66; 34; 32; 63; 19; 50; 19
21,37,0.13692,0.56757,35; 21; 25; 49; 57; 36; 37; 77; 56; 14
39,78,0.10467,0.5,76; 39; 43; 65; 79; 25; 78; 24; 32; 17
19,66,0.11332,0.28788,17; 19; 38; 83; 66; 53; 66; 64; 9; 31
38,45,0.13922,0.84444,21; 38; 45; 61; 83; 51; 45; 13; 83; 33
22,74,0.10107,0.2973,52; 22; 66; 40; 60; 84; 74; 29; 5; 67
31,55,0.12411,0.56364,13; 31; 19; 84; 52; 22; 55; 81; 53; 63
66,83,0.07808,0.79518,12; 66; 79; 81; 26; 66; 83; 39; 47; 19
23,69,0.11421,0.33333,32; 23; 32; 67; 22; 28; 69; 67; 60; 20
52,66,0.1112,0.78788,44; 52; 59; 9; 29; 36; 66; 38; 50; 37
15,43,0.13366,0.34884,55; 15; 10; 57; 37; 36; 43; 36; 60; 16
10,41,0.15164,0.2439,34; 10; 35; 69; 6; 20; 41; 61; 67; 58
26,78,0.09888,0.33333,57; 26; 72; 48; 13; 38; 78; 39; 48; 11
64,78,0.08836,0.82051,67; 64; 55; 10; 59; 7; 78; 52; 83; 80
19,54,0.12302,0.35185,10; 19; 56; 34; 59; 26; 54; 18; 54; 59
45,57,0.12214,0.78947,85; 45; 45; 36; 75; 53; 57; 26; 64; 27
16,63,0.11778,0.25397,43; 16; 38; 20; 83; 25; 63; 33; 59; 81
48,56,0.13236,0.85714,38; 48; 8; 78; 79; 53; 56; 15; 80; 54
29,51,0.12181,0.56863,58; 29; 41; 59; 56; 21; 51; 52; 48; 23
34,68,0.11021,0.5,41; 34; 60; 45; 82; 84; 68; 60; 79; 71
14,17,0.13077,0.82353,55; 14; 19; 9; 43; 19; 17; 77; 71; 35
17,68,0.11165,0.25,49; 17; 48; 49; 39; 14; 68; 27; 26; 72
21,76,0.09711,0.27632,55; 21; 17; 74; 81; 40; 76; 71; 74; 16
9,26,0.14068,0.34615,10; 9; 46; 21; 64; 53; 26; 66; 47; 18
8,29,0.13788,0.27586,13; 8; 31; 23; 22; 16; 29; 60; 6; 51
28,81,0.10189,0.34568,13; 28; 21; 84; 11; 6; 81; 28; 14; 37
40,49,0.13331,0.81633,22; 40; 59; 60; 46; 81; 49; 79; 69; 72
37,65,0.11559,0.56923,85; 37; 14; 84; 63; 46; 65; 64; 9; 24
9,36,0.14292,0.25,20; 9; 10; 66; 22; 53; 36; 31; 27; 37
24,74,0.10546,0.32432,44; 24; 26; 68; 21; 79; 74; 41; 83; 37
28,81,0.10181,0.34568,48; 28; 34; 26; 51; 80; 81; 32; 28; 10
19,58,0.11973,0.32759,39; 19; 51; 13; 33; 29; 58; 48; 23; 25
45,81,0.10224,0.55556,8; 45; 48; 5; 77; 15; 81; 59; 13; 56
28,50,0.12956,0.56,38; 28; 18; 10; 74; 71; 50; 24; 58; 57
68,81,0.07716,0.83951,58; 68; 55; 82; 60; 25; 81; 55; 56; 22
25,75,0.10701,0.33333,59; 25; 66; 61; 35; 59; 75; 33; 53; 41
6,19,0.11793,0.31579,49; 6; 83; 9; 16; 32; 19; 54; 38; 24
28,57,0.13019,0.49123,44; 28; 67; 66; 56; 29; 57; 32; 6; 14
14,17,0.1291,0.82353,77; 14; 52; 78; 47; 61; 17; 36; 76; 83
12,40,0.14208,0.3,52; 12; 77; 67; 39; 83; 40; 73; 51; 57
47,57,0.11469,0.82456,70; 47; 48; 45; 73; 26; 57; 22; 31; 50
36,78,0.10465,0.46154,60; 36; 63; 48; 53; 5; 78; 35; 34; 53
65,76,0.08225,0.85526,24; 65; 14; 7; 18; 14; 76; 44; 62; 25
10,27,0.13507,0.37037,42; 10; 73; 44; 77; 45; 27; 12; 22; 25
54,64,0.11194,0.84375,19; 54; 35; 51; 82; 21; 64; 82; 80; 61
70,85,0.07475,0.82353,9; 70; 15; 36; 39; 71; 85; 74; 28; 60
30,61,0.12295,0.4918,8; 30; 32; 82; 62; 73; 61; 17; 32; 8
10,33,0.13929,0.30303,85; 10; 47; 56; 81; 84; 33; 52; 39; 11
10,42,0.13694,0.2381,37; 10; 20; 24; 48; 24; 42; 54; 10; 50
34,61,0.11607,0.55738,48; 34; 74; 17; 23; 62; 61; 62; 27; 18
28,85,0.09741,0.32941,84; 28; 23; 38; 9; 77; 85; 25; 15; 17
22,44,0.13334,0.5,33; 22; 73; 41; 64; 42; 44; 55; 69; 62
14,40,0.1341,0.35,10; 14; 65; 17; 6; 46; 40; 59; 73; 20
20,62,0.11608,0.32258,11; 20; 85; 10; 29; 40; 62; 80; 68; 59
7,28,0.1222,0.25,26; 7; 80; 17; 32; 44; 28; 58; 55; 79
39,78,0.09291,0.5,14; 39; 46; 9; 82; 28; 78; 18; 24; 37
18,52,0.12624,0.34615,65; 18; 43; 59; 79; 65; 52; 74; 8; 73
56,68,0.09727,0.82353,79; 56; 78; 28; 40; 32; 68; 74; 80; 34
18,62,0.11818,0.29032,48; 18; 65; 43; 54; 72; 62; 76; 10; 29
51,64,0.11149,0.79688,62; 51; 12; 38; 44; 65; 64; 23; 29; 41
16,65,0.12038,0.24615,13; 16; 57; 56; 51; 72; 65; 19; 75; 60
25,54,0.13324,0.46296,7; 25; 55; 9; 59; 60; 54; 51; 38; 58
13,43,0.14128,0.30233,56; 13; 26; 38; 24; 31; 43; 60; 69; 49
32,64,0.11251,0.5,85; 32; 8; 8; 84; 67; 64; 74; 62; 59
21,71,0.10668,0.29577,12; 21; 12; 71; 22; 33; 71; 56; 39; 68
11,37,0.1425,0.2973,10; 11; 34; 72; 69; 68; 37; 20; 57; 63
20,57,0.12793,0.35088,46; 20; 85; 64; 16; 53; 57; 32; 77; 69
7,25,0.12093,0.28,79; 7; 43; 80; 31; 16; 25; 36; 74; 45
16,43,0.13639,0.37209,80; 16; 10; 18; 14; 48; 43; 81; 71; 33
31,55,0.13258,0.56364,38; 31; 79; 12; 44; 66; 55; 13; 55; 72
33,68,0.10721,0.48529,65; 33; 15; 61; 76; 5; 68; 47; 50; 24
16,66,0.11197,0.24242,77; 16; 19; 28; 13; 61; 66; 63; 55; 50
27,84,0.09456,0.32143,33; 27; 52; 30; 52; 14; 84; 57; 66; 49
19,22,0.1306,0.86364,17; 19; 33; 85; 85; 39; 22; 59; 65; 77
64,81,0.08292,0.79012,74; 64; 58; 75; 65; 73; 81; 38; 18; 13
68,85,0.07456,0.8,8; 68; 31; 78; 6; 67; 85; 71; 56; 62
22,80,0.10231,0.275,13; 22; 46; 43; 51; 28; 80; 44; 10; 13
38,45,0.14437,0.84444,85; 38; 52; 77; 55; 49; 45; 45; 25; 59
18,32,0.12823,0.5625,61; 18; 21; 67; 36; 71; 32; 42; 82; 41
15,61,0.11588,0.2459,7; 15; 75; 9; 65; 76; 61; 80; 19; 5
15,47,0.12627,0.31915,44; 15; 8; 15; 23; 37; 47; 31; 63; 55
24,48,0.12976,0.5,78; 24; 5; 57; 17; 50; 48; 27; 81; 37
36,45,0.14143,0.8,8; 36; 23; 22; 19; 20; 45; 38; 37; 81
19,63,0.1145,0.30159,14; 19; 28; 82; 49; 75; 63; 24; 71; 58
22,28,0.13576,0.78571,6; 22; 54; 60; 7; 32; 28; 39; 85; 40
27,48,0.13687,0.5625,74; 27; 68; 67; 16; 73; 48; 49; 75; 29
36,43,0.14173,0.83721,21; 36; 60; 33; 70; 8; 43; 63; 7; 26
28,75,0.1022,0.37333,50; 28; 73; 65; 30; 35; 75; 27; 63; 8
6,19,0.12358,0.31579,67; 6; 10; 35; 20; 79; 19; 62; 13; 29
8,23,0.13678,0.34783,65; 8; 11; 60; 23; 56; 23; 24; 9; 21
68,81,0.07835,0.83951,55; 68; 66; 60; 24; 69; 81; 42; 34; 54
12,15,0.13342,0.8,66; 12; 21; 26; 47; 70; 15; 17; 41; 21
33,71,0.09929,0.46479,15; 33; 41; 66; 53; 68; 71; 38; 85; 50
28,35,0.13236,0.8,33; 28; 57; 19; 51; 79; 35; 83; 59; 50
61,74,0.08257,0.82432,60; 61; 68; 27; 58; 74; 74; 84; 65; 48
26,31,0.14175,0.83871,44; 26; 8; 51; 23; 34; 31; 15; 80; 62
27,32,0.12696,0.84375,9; 27; 37; 40; 53; 24; 32; 25; 45; 49
31,55,0.13204,0.56364,59; 31; 79; 65; 39; 40; 55; 14; 36; 77
27,32,0.14,0.84375,43; 27; 66; 69; 80; 14; 32; 33; 56; 29
23,63,0.11207,0.36508,10; 23; 52; 78; 27; 52; 63; 22; 54; 49
16,49,0.12825,0.32653,9; 16; 56; 41; 44; 25; 49; 12; 56; 49
24,74,0.10323,0.32432,18; 24; 74; 66; 20; 79; 74; 14; 27; 61
14,42,0.13558,0.33333,83; 14; 52; 32; 25; 60; 42; 39; 72; 84
32,56,0.13179,0.57143,11; 32; 31; 19; 52; 10; 56; 8; 58; 28
7,22,0.12727,0.31818,11; 7; 56; 65; 65; 84; 22; 73; 84; 17
8,27,0.13569,0.2963,38; 8; 76; 9; 20; 73; 27; 64; 52; 80
5,21,0.10352,0.2381,25; 5; 32; 50; 10; 49; 21; 35; 26; 39
24,49,0.12676,0.4898,13; 24; 34; 40; 49; 47; 49; 66; 23; 71
31,55,0.1301,0.56364,59; 31; 9; 36; 27; 67; 55; 25; 47; 6
18,60,0.11547,0.3,48; 18; 57; 22; 55; 19; 60; 51; 40; 68
20,66,0.11057,0.30303,13; 20; 36; 14; 67; 80; 66; 48; 74; 7
18,55,0.12126,0.32727,47; 18; 31; 84; 8; 51; 55; 81; 68; 30
61,74,0.093,0.82432,28; 61; 6; 32; 59; 20; 74; 43; 7; 68
46,58,0.1237,0.7931,43; 46; 46; 54; 71; 83; 58; 73; 70; 39
26,53,0.12602,0.49057,59; 26; 28; 65; 63; 55; 53; 32; 34; 66
29,79,0.10941,0.36709,63; 29; 65; 45; 47; 82; 79; 12; 39; 68
37,65,0.11806,0.56923,40; 37; 6; 39; 68; 53; 65; 28; 51; 48
37,47,0.13968,0.78723,9; 37; 70; 70; 48; 47; 47; 36; 20; 75
19,60,0.11996,0.31667,83; 19; 33; 11; 21; 71; 60; 23; 28; 83
21,60,0.12003,0.35,34; 21; 47; 16; 56; 57; 60; 58; 48; 76
27,32,0.13188,0.84375,60; 27; 9; 55; 37; 45; 32; 42; 35; 51
63,73,0.08834,0.86301,46; 63; 66; 43; 63; 71; 73; 26; 77; 39
15,47,0.13054,0.31915,14; 15; 28; 62; 49; 49; 47; 11; 16; 38
32,64,0.11381,0.5,12; 32; 54; 58; 19; 28; 64; 29; 47; 63
21,70,0.10106,0.3,10; 21; 79; 26; 45; 26; 70; 23; 28; 62
32,37,0.13453,0.86486,12; 32; 29; 27; 10; 8; 37; 52; 12; 13
24,79,0.09495,0.3038,82; 24; 10; 8; 80; 20; 79; 65; 37; 74
10,40,0.13684,0.25,36; 10; 26; 26; 50; 75; 40; 31; 12; 82
17,59,0.11622,0.28814,83; 17; 57; 33; 21; 24; 59; 63; 77; 39
15,61,0.11574,0.2459,66; 15; 63; 20; 22; 11; 61; 82; 24; 58
37,76,0.10424,0.48684,82; 37; 72; 11; 46; 24; 76; 61; 68; 73
22,63,0.11231,0.34921,10; 22; 11; 40; 64; 33; 63; 68; 36; 28
7,24,0.13329,0.29167,56; 7; 80; 45; 19; 45; 24; 32; 41; 80
19,52,0.12743,0.36538,20; 19; 35; 75; 23; 36; 52; 25; 13; 34
13,46,0.14169,0.28261,16; 13; 11; 5; 28; 59; 46; 71; 26; 80
32,64,0.11566,0.5,77; 32; 24; 16; 36; 64; 64; 23; 52; 81
35,44,0.14752,0.79545,17; 35; 43; 75; 35; 71; 44; 6; 5; 44
16,20,0.12779,0.8,48; 16; 79; 16; 10; 81; 20; 25; 64; 26
61,73,0.09386,0.83562,41; 61; 49; 19; 79; 80; 73; 60; 55; 13
19,58,0.11835,0.32759,42; 19; 33; 45; 17; 41; 58; 53; 83; 41
14,57,0.11871,0.24561,11; 14; 66; 41; 72; 57; 57; 73; 35; 35
46,80,0.10566,0.575,5; 46; 70; 48; 45; 44; 80; 54; 61; 70
20,72,0.10117,0.27778,12; 20; 20; 75; 43; 75; 72; 63; 73; 71
25,72,0.10095,0.34722,16; 25; 82; 83; 84; 6; 72; 13; 60; 10
14,25,0.13788,0.56,58; 14; 58; 26; 73; 9; 25; 14; 75; 7
17,69,0.11277,0.24638,54; 17; 37; 34; 5; 15; 69; 26; 31; 58
20,72,0.10385,0.27778,36; 20; 19; 64; 54; 72; 72; 78; 46; 18
10,41,0.14572,0.2439,52; 10; 69; 81; 60; 70; 41; 77; 72; 5
23,41,0.12649,0.56098,12; 23; 50; 55; 75; 47; 41; 65; 66; 54
12,51,0.13332,0.23529,7; 12; 63; 67; 77; 66; 51; 47; 5; 75
19,55,0.12036,0.34545,69; 19; 62; 54; 21; 76; 55; 41; 79; 7
45,80,0.09467,0.5625,59; 45; 20; 32; 70; 17; 80; 20; 12; 49
7,28,0.12814,0.25,45; 7; 26; 43; 75; 5; 28; 33; 20; 33
26,82,0.09937,0.31707,55; 26; 12; 24; 16; 68; 82; 22; 21; 56
24,52,0.12888,0.46154,73; 24; 53; 22; 26; 19; 52; 65; 10; 79
27,32,0.12016,0.84375,78; 27; 78; 66; 68; 56; 32; 53; 42; 80
44,79,0.10578,0.55696,53; 44; 11; 62; 56; 84; 79; 50; 59; 44
48,61,0.11882,0.78689,84; 48; 37; 72; 47; 10; 61; 41; 6; 46
21,60,0.11672,0.35,68; 21; 49; 50; 32; 58; 60; 44; 63; 62
39,79,0.08822,0.49367,81; 39; 21; 50; 13; 52; 79; 42; 37; 61
33,72,0.10933,0.45833,21; 33; 9; 50; 41; 25; 72; 44; 54; 14
26,75,0.10357,0.34667,37; 26; 25; 62; 27; 75; 75; 29; 12; 31
9,11,0.15127,0.81818,61; 9; 22; 73; 13; 31; 11; 63; 48; 6
21,74,0.11051,0.28378,15; 21; 12; 45; 64; 39; 74; 70; 17; 5
41,50,0.13485,0.82,60; 41; 32; 34; 51; 34; 50; 39; 37; 7
29,52,0.13366,0.55769,24; 29; 42; 62; 72; 20; 52; 25; 46; 80
44,78,0.11318,0.5641,13; 44; 84; 71; 7; 40; 78; 31; 79; 64
11,46,0.14156,0.23913,14; 11; 43; 59; 42; 23; 46; 8; 66; 36
18,62,0.1187,0.29032,56; 18; 56; 83; 36; 40; 62; 5; 75; 55
6,12,0.11775,0.5,48; 6; 68; 73; 54; 61; 12; 85; 7; 83
9,36,0.1412,0.25,10; 9; 71; 61; 7; 17; 36; 35; 32; 48
15,63,0.11182,0.2381,28; 15; 62; 10; 34; 18; 63; 70; 7; 28
23,28,0.13435,0.82143,63; 23; 64; 9; 72; 46; 28; 69; 58; 66
22,79,0.09828,0.27848,20; 22; 76; 5; 55; 22; 79; 6; 56; 83
25,44,0.13965,0.56818,43; 25; 61; 85; 77; 38; 44; 29; 69; 51
18,56,0.11936,0.32143,38; 18; 83; 20; 13; 34; 56; 60; 63; 21
25,85,0.09423,0.29412,51; 25; 66; 36; 32; 28; 85; 80; 35; 23
49,61,0.11808,0.80328,57; 49; 23; 19; 37; 73; 61; 56; 30; 83
67,80,0.07902,0.8375,17; 67; 62; 66; 85; 65; 80; 38; 30; 64
67,80,0.07931,0.8375,65; 67; 49; 58; 78; 49; 80; 38; 24; 13
25,79,0.10345,0.31646,53; 25; 20; 25; 16; 39; 79; 46; 73; 19
9,27,0.13765,0.33333,65; 9; 77; 29; 30; 71; 27; 21; 10; 74
28,81,0.09916,0.34568,59; 28; 68; 85; 46; 10; 81; 31; 74; 53
26,71,0.10876,0.3662,11; 26; 64; 6; 43; 8; 71; 19; 36; 37
21,46,0.13901,0.45652,40; 21; 33; 43; 60; 72; 46; 73; 36; 27
21,60,0.11426,0.35,49; 21; 16; 56; 37; 71; 60; 46; 11; 85
19,58,0.11839,0.32759,75; 19; 31; 58; 36; 12; 58; 69; 62; 20
51,62,0.11172,0.82258,52; 51; 61; 76; 80; 70; 62; 79; 66; 67
26,52,0.12905,0.5,49; 26; 26; 12; 27; 63; 52; 77; 38; 85
16,64,0.11794,0.25,44; 16; 36; 12; 72; 16; 64; 84; 71; 33
48,84,0.09069,0.57143,55; 48; 68; 8; 15; 20; 84; 23; 67; 14
70,85,0.07744,0.82353,31; 70; 10; 39; 72; 48; 85; 33; 5; 83
19,66,0.11146,0.28788,16; 19; 65; 5; 6; 79; 66; 16; 51; 13
10,27,0.14785,0.37037,76; 10; 26; 57; 85; 65; 27; 51; 49; 53
13,28,0.13579,0.46429,69; 13; 56; 76; 44; 59; 28; 47; 22; 13
10,42,0.14702,0.2381,25; 10; 23; 28; 35; 15; 42; 77; 74; 35
18,60,0.1154,0.3,78; 18; 84; 85; 27; 54; 60; 84; 56; 34
57,72,0.09716,0.79167,67; 57; 49; 15; 47; 44; 72; 56; 43; 51
24,65,0.11312,0.36923,39; 24; 53; 67; 29; 55; 65; 31; 61; 20
25,85,0.09376,0.29412,23; 25; 85; 75; 40; 21; 85; 83; 42; 6
8,32,0.13669,0.25,19; 8; 25; 52; 51; 48; 32; 31; 18; 42
9,16,0.13874,0.5625,6; 9; 80; 16; 85; 13; 16; 66; 79; 83
42,49,0.13375,0.85714,16; 42; 70; 13; 5; 42; 49; 32; 69; 54
42,75,0.10588,0.56,44; 42; 26; 48; 75; 58; 75; 79; 75; 71
22,78,0.09557,0.28205,27; 22; 41; 6; 6; 55; 78; 29; 41; 19
63,73,0.09081,0.86301,25; 63; 18; 57; 59; 72; 73; 61; 70; 71
60,70,0.09582,0.85714,60; 60; 15; 33; 12; 6; 70; 50; 42; 49
59,69,0.09565,0.85507,15; 59; 15; 6; 64; 27; 69; 32; 69; 84
28,80,0.09862,0.35,30; 28; 76; 19; 6; 30; 80; 36; 50; 82
9,28,0.1428,0.32143,15; 9; 36; 82; 58; 72; 28; 26; 10; 57
36,73,0.09727,0.49315,27; 36; 84; 11; 18; 10; 73; 74; 12; 36
28,84,0.08905,0.33333,55; 28; 68; 21; 74; 53; 84; 68; 76; 52
49,57,0.12644,0.85965,40; 49; 65; 63; 35; 63; 57; 71; 72; 33
36,44,0.1372,0.81818,79; 36; 59; 47; 69; 26; 44; 27; 66; 37
16,67,0.10921,0.23881,9; 16; 82; 77; 43; 11; 67; 7; 24; 79
18,52,0.12873,0.34615,33; 18; 74; 5; 57; 32; 52; 56; 62; 56
36,78,0.09726,0.46154,72; 36; 59; 14; 42; 24; 78; 15; 76; 20
58,71,0.09756,0.8169,73; 58; 7; 83; 32; 58; 71; 24; 63; 78
29,83,0.09291,0.3494,27; 29; 38; 51; 5; 54; 83; 24; 62; 79
34,68,0.11017,0.5,82; 34; 82; 82; 57; 67; 68; 33; 41; 21
34,61,0.11743,0.55738,10; 34; 5; 5; 48; 80; 61; 8; 80; 79
67,84,0.08018,0.79762,24; 67; 21; 20; 9; 65; 84; 31; 33; 48
52,65,0.11627,0.8,23; 52; 59; 15; 76; 37; 65; 41; 49; 35
21,43,0.13553,0.48837,68; 21; 68; 16; 13; 60; 43; 76; 83; 59
63,79,0.08782,0.79747,63; 63; 51; 29; 32; 49; 79; 42; 64; 56
32,69,0.11338,0.46377,72; 32; 81; 43; 5; 79; 69; 48; 22; 20
49,57,0.11998,0.85965,45; 49; 21; 59; 74; 58; 57; 13; 7; 31
37,80,0.09435,0.4625,30; 37; 71; 32; 66; 49; 80; 15; 40; 42
38,77,0.10984,0.49351,22; 38; 60; 82; 38; 23; 77; 29; 29; 27
27,84,0.09788,0.32143,19; 27; 46; 50; 51; 42; 84; 41; 17; 49
23,47,0.12923,0.48936,71; 23; 22; 43; 27; 60; 47; 61; 34; 82
32,64,0.11596,0.5,19; 32; 44; 29; 48; 35; 64; 22; 13; 21
17,68,0.10988,0.25,54; 17; 74; 60; 53; 13; 68; 29; 67; 82
36,63,0.11731,0.57143,38; 36; 43; 33; 7; 70; 63; 80; 34; 76
25,82,0.10029,0.30488,43; 25; 69; 44; 43; 50; 82; 15; 8; 70
23,80,0.09902,0.2875,23; 23; 61; 38; 23; 67; 80; 59; 35; 75
15,61,0.12039,0.2459,5; 15; 48; 27; 85; 35; 61; 46; 38; 70
25,51,0.13064,0.4902,7; 25; 36; 44; 63; 10; 51; 41; 20; 22
11,39,0.14632,0.28205,11; 11; 67; 49; 5; 9; 39; 26; 9; 39
18,51,0.12461,0.35294,52; 18; 71; 15; 51; 61; 51; 46; 65; 72
30,85,0.09625,0.35294,6; 30; 23; 65; 41; 52; 85; 63; 16; 7
25,79,0.10475,0.31646,38; 25; 84; 52; 34; 83; 79; 6; 82; 36
26,80,0.098,0.325,74; 26; 41; 41; 29; 19; 80; 44; 83; 67
38,82,0.09926,0.46341,5; 38; 34; 12; 26; 42; 82; 55; 28; 37
46,82,0.10214,0.56098,38; 46; 82; 35; 32; 43; 82; 61; 83; 69
6,20,0.11255,0.3,62; 6; 23; 67; 5; 41; 20; 52; 84; 24
13,40,0.13844,0.325,29; 13; 60; 17; 38; 59; 40; 34; 15; 80
56,70,0.0925,0.8,74; 56; 65; 55; 74; 57; 70; 63; 74; 84
44,51,0.13632,0.86275,32; 44; 79; 63; 20; 68; 51; 58; 66; 24
11,14,0.13512,0.78571,77; 11; 82; 7; 55; 5; 14; 58; 72; 39
65,82,0.08291,0.79268,63; 65; 45; 60; 52; 14; 82; 25; 85; 40
7,29,0.12127,0.24138,26; 7; 70; 24; 11; 84; 29; 31; 6; 70
6,20,0.11085,0.3,53; 6; 77; 35; 57; 5; 20; 64; 38; 60
9,30,0.1418,0.3,59; 9; 79; 63; 53; 53; 30; 41; 38; 22
14,49,0.12967,0.28571,36; 14; 11; 47; 80; 35; 49; 69; 17; 48
42,51,0.1328,0.82353,54; 42; 10; 79; 84; 73; 51; 81; 41; 73
61,74,0.08754,0.82432,6; 61; 24; 73; 84; 14; 74; 69; 33; 44
8,29,0.14305,0.27586,34; 8; 48; 69; 78; 77; 29; 30; 81; 42
31,63,0.1221,0.49206,80; 31; 53; 13; 14; 58; 63; 80; 15; 53
37,65,0.10909,0.56923,63; 37; 6; 52; 37; 17; 65; 58; 29; 42
33,41,0.13246,0.80488,37; 33; 67; 42; 39; 34; 41; 83; 8; 53
27,54,0.13249,0.5,18; 27; 77; 74; 13; 19; 54; 42; 65; 34
18,49,0.1296,0.36735,7; 18; 23; 37; 44; 79; 49; 46; 75; 15
18,36,0.13563,0.5,28; 18; 49; 34; 11; 22; 36; 70; 43; 85
38,78,0.10097,0.48718,72; 38; 32; 27; 42; 26; 78; 32; 68; 27
18,62,0.11402,0.29032,77; 18; 18; 30; 52; 70; 62; 70; 73; 18
25,29,0.13523,0.86207,36; 25; 53; 43; 31; 27; 29; 71; 32; 83
11,22,0.14467,0.5,40; 11; 64; 35; 27; 37; 22; 60; 18; 52
61,76,0.08902,0.80263,50; 61; 20; 78; 20; 28; 76; 50; 77; 43
20,25,0.12733,0.8,83; 20; 55; 13; 80; 62; 25; 32; 46; 77
17,70,0.10701,0.24286,61; 17; 47; 52; 42; 5; 70; 30; 82; 6
53,67,0.1059,0.79104,24; 53; 37; 70; 71; 75; 67; 81; 47; 84
25,77,0.09671,0.32468,78; 25; 63; 5; 78; 61; 77; 43; 25; 10
26,80,0.104,0.325,55; 26; 33; 11; 80; 67; 80; 56; 51; 84
19,24,0.12841,0.79167,21; 19; 45; 9; 51; 47; 24; 65; 30; 46
18,71,0.10259,0.25352,67; 18; 44; 75; 63; 9; 71; 71; 57; 76
66,79,0.08321,0.83544,84; 66; 82; 67; 11; 78; 79; 53; 75; 25
21,25,0.13325,0.84,24; 21; 46; 21; 49; 41; 25; 22; 45; 36
7,29,0.121,0.24138,61; 7; 28; 32; 67; 62; 29; 61; 47; 7
17,69,0.10955,0.24638,47; 17; 59; 57; 25; 66; 69; 33; 80; 78
70,85,0.07732,0.82353,61; 70; 59; 40; 79; 65; 85; 6; 53; 78
27,78,0.09584,0.34615,77; 27; 65; 55; 11; 80; 78; 54; 66; 71
31,84,0.098,0.36905,78; 31; 51; 75; 61; 38; 84; 69; 76; 46
20,85,0.09785,0.23529,46; 20; 10; 10; 64; 68; 85; 71; 42; 36
23,78,0.1003,0.29487,81; 23; 12; 41; 73; 6; 78; 53; 30; 83
36,72,0.09952,0.5,29; 36; 21; 46; 54; 49; 72; 31; 30; 42
10,27,0.13249,0.37037,75; 10; 67; 49; 71; 8; 27; 28; 47; 84
59,70,0.09688,0.84286,64; 59; 38; 23; 9; 19; 70; 12; 59; 75
19,57,0.11768,0.33333,43; 19; 69; 62; 47; 77; 57; 65; 72; 24
50,63,0.11519,0.79365,7; 50; 8; 58; 52; 11; 63; 50; 83; 82
13,55,0.13023,0.23636,56; 13; 44; 57; 83; 49; 55; 80; 32; 14
31,67,0.11511,0.46269,11; 31; 84; 75; 79; 53; 67; 66; 59; 8
27,48,0.13937,0.5625,68; 27; 35; 60; 74; 80; 48; 32; 82; 75
25,68,0.11138,0.36765,55; 25; 28; 74; 11; 62; 68; 59; 25; 68
32,65,0.11622,0.49231,38; 32; 63; 59; 47; 8; 65; 84; 5; 56
50,63,0.11716,0.79365,8; 50; 63; 40; 30; 63; 63; 63; 22; 65
43,54,0.13112,0.7963,65; 43; 38; 17; 80; 67; 54; 24; 10; 72
36,45,0.14225,0.8,24; 36; 11; 16; 61; 24; 45; 14; 35; 60
13,41,0.13621,0.31707,28; 13; 63; 74; 70; 41; 41; 63; 72; 35
19,24,0.13248,0.79167,15; 19; 22; 70; 40; 14; 24; 35; 13; 42
18,73,0.09753,0.24658,83; 18; 16; 76; 59; 5; 73; 64; 49; 50
13,55,0.12289,0.23636,8; 13; 7; 55; 9; 66; 55; 60; 78; 61
32,64,0.12339,0.5,73; 32; 10; 43; 47; 15; 64; 45; 54; 38
68,85,0.07786,0.8,8; 68; 49; 54; 75; 23; 85; 26; 40; 74
11,45,0.13983,0.24444,62; 11; 18; 19; 38; 15; 45; 32; 68; 23
35,61,0.11955,0.57377,49; 35; 40; 26; 32; 73; 61; 58; 32; 27
59,69,0.09497,0.85507,15; 59; 42; 83; 84; 5; 69; 45; 16; 73
51,62,0.11365,0.82258,65; 51; 41; 70; 66; 80; 62; 52; 11; 62
36,74,0.10273,0.48649,23; 36; 37; 37; 14; 40; 74; 22; 53; 63
21,42,0.13579,0.5,46; 21; 58; 68; 53; 43; 42; 16; 14; 35
44,55,0.13325,0.8,78; 44; 60; 57; 71; 65; 55; 83; 11; 9
32,70,0.11119,0.45714,45; 32; 63; 35; 66; 26; 70; 85; 82; 30
28,85,0.08976,0.32941,46; 28; 49; 52; 76; 81; 85; 81; 56; 59
60,70,0.09838,0.85714,37; 60; 68; 85; 15; 51; 70; 15; 15; 24
46,55,0.13455,0.83636,17; 46; 37; 72; 62; 38; 55; 79; 45; 31
29,82,0.09328,0.35366,52; 29; 82; 74; 50; 56; 82; 67; 43; 46
36,78,0.09714,0.46154,84; 36; 47; 58; 73; 34; 78; 6; 73; 84
13,28,0.13358,0.46429,75; 13; 69; 65; 66; 49; 28; 52; 27; 42
36,43,0.13756,0.83721,46; 36; 20; 75; 21; 34; 43; 11; 42; 37
23,81,0.09084,0.28395,40; 23; 41; 42; 22; 69; 81; 38; 64; 30
60,76,0.08398,0.78947,77; 60; 55; 29; 33; 42; 76; 62; 62; 24
42,75,0.10589,0.56,82; 42; 47; 65; 64; 38; 75; 12; 30; 65
22,59,0.12302,0.37288,6; 22; 13; 50; 17; 81; 59; 85; 65; 78
29,84,0.09793,0.34524,23; 29; 46; 25; 54; 48; 84; 30; 26; 64
64,74,0.0895,0.86486,39; 64; 11; 24; 43; 78; 74; 25; 76; 46
62,72,0.09096,0.86111,53; 62; 71; 46; 69; 26; 72; 19; 76; 39
12,41,0.14598,0.29268,23; 12; 37; 16; 17; 21; 41; 30; 69; 47
44,55,0.12664,0.8,37; 44; 28; 7; 75; 72; 55; 25; 39; 21
51,64,0.11131,0.79688,10; 51; 64; 49; 37; 59; 64; 57; 43; 65
61,77,0.09104,0.79221,6; 61; 44; 64; 12; 72; 77; 85; 13; 14
13,41,0.13853,0.31707,60; 13; 67; 47; 85; 14; 41; 5; 65; 20
46,82,0.09718,0.56098,44; 46; 34; 37; 31; 16; 82; 69; 7; 16
9,11,0.14443,0.81818,39; 9; 69; 83; 82; 11; 11; 24; 61; 39
39,84,0.09964,0.46429,14; 39; 10; 30; 85; 76; 84; 85; 27; 35
18,72,0.10265,0.25,54; 18; 32; 47; 83; 64; 72; 6; 76; 29
12,51,0.13822,0.23529,52; 12; 40; 76; 19; 40; 51; 16; 66; 76
35,61,0.11906,0.57377,69; 35; 52; 65; 82; 48; 61; 79; 33; 20
9,26,0.13388,0.34615,70; 9; 28; 47; 56; 60; 26; 53; 31; 18
10,35,0.13159,0.28571,69; 10; 46; 8; 16; 19; 35; 9; 68; 83
14,17,0.13112,0.82353,31; 14; 53; 31; 7; 9; 17; 71; 26; 68
16,46,0.1303,0.34783,17; 16; 36; 69; 14; 60; 46; 69; 53; 38
13,43,0.13972,0.30233,14; 13; 44; 60; 82; 25; 43; 67; 16; 69
43,54,0.13088,0.7963,48; 43; 44; 79; 38; 56; 54; 48; 66; 54
27,32,0.13403,0.84375,69; 27; 43; 69; 15; 8; 32; 45; 27; 16
20,35,0.13557,0.57143,81; 20; 47; 67; 46; 15; 35; 55; 12; 80
39,84,0.09234,0.46429,63; 39; 44; 41; 28; 35; 84; 9; 37; 72
42,85,0.08671,0.49412,69; 42; 43; 53; 12; 38; 85; 75; 75; 67
39,69,0.11521,0.56522,43; 39; 23; 37; 43; 36; 69; 28; 5; 29
18,76,0.09547,0.23684,68; 18; 80; 13; 60; 47; 76; 16; 12; 36
8,32,0.13884,0.25,15; 8; 44; 33; 83; 65; 32; 51; 81; 74
30,61,0.12084,0.4918,49; 30; 54; 79; 43; 33; 61; 17; 22; 16
63,79,0.09106,0.79747,24; 63; 29; 78; 33; 76; 79; 23; 74; 80
12,38,0.1332,0.31579,75; 12; 19; 67; 52; 25; 38; 32; 16; 16
50,58,0.11937,0.86207,27; 50; 49; 65; 54; 26; 58; 12; 78; 51
21,66,0.11098,0.31818,54; 21; 29; 24; 79; 39; 66; 52; 19; 65
17,70,0.10848,0.24286,58; 17; 47; 31; 84; 37; 70; 53; 66; 78
43,50,0.13412,0.86,85; 43; 68; 46; 52; 44; 50; 32; 20; 14
13,45,0.14018,0.28889,75; 13; 70; 74; 63; 75; 45; 59; 25; 22
10,31,0.14455,0.32258,78; 10; 80; 44; 13; 42; 31; 75; 45; 9
23,50,0.13498,0.46,43; 23; 66; 56; 51; 23; 50; 62; 58; 41
61,76,0.08626,0.80263,32; 61; 31; 77; 54; 14; 76; 53; 65; 26
24,28,0.13104,0.85714,29; 24; 81; 29; 23; 14; 28; 24; 43; 56
36,42,0.13816,0.85714,24; 36; 47; 29; 10; 58; 42; 5; 76; 85
18,55,0.12166,0.32727,50; 18; 55; 27; 48; 6; 55; 42; 42; 35
31,55,0.133,0.56364,81; 31; 74; 67; 83; 30; 55; 25; 37; 20
36,73,0.10035,0.49315,78; 36; 49; 36; 21; 23; 73; 8; 69; 55
18,56,0.11954,0.32143,41; 18; 56; 74; 22; 41; 56; 37; 12; 49
42,75,0.10231,0.56,72; 42; 12; 84; 71; 12; 75; 85; 43; 43
20,40,0.13532,0.5,41; 20; 63; 69; 29; 24; 40; 46; 27; 44
20,41,0.13569,0.4878,12; 20; 37; 61; 39; 83; 41; 47; 37; 64
29,83,0.09744,0.3494,71; 29; 63; 67; 54; 18; 83; 69; 5; 8
40,71,0.10573,0.56338,37; 40; 43; 9; 49; 30; 71; 49; 44; 38
19,24,0.12366,0.79167,66; 19; 80; 57; 48; 84; 24; 67; 75; 25
16,63,0.12018,0.25397,66; 16; 9; 75; 47; 14; 63; 56; 58; 55
46,58,0.1266,0.7931,66; 46; 57; 45; 78; 41; 58; 73; 12; 44
44,79,0.1048,0.55696,33; 44; 26; 43; 19; 43; 79; 31; 41; 20
26,80,0.09779,0.325,24; 26; 29; 68; 73; 67; 80; 21; 5; 44
27,48,0.12981,0.5625,76; 27; 56; 80; 42; 18; 48; 82; 9; 49
26,79,0.10049,0.32911,52; 26; 16; 49; 53; 31; 79; 16; 71; 8
29,52,0.12795,0.55769,45; 29; 55; 29; 67; 27; 52; 28; 20; 31
17,30,0.1334,0.56667,33; 17; 74; 79; 17; 70; 30; 20; 59; 22
38,76,0.10646,0.5,28; 38; 72; 15; 52; 27; 76; 59; 46; 51
22,76,0.09438,0.28947,65; 22; 9; 50; 23; 54; 76; 24; 84; 82
32,40,0.13814,0.8,20; 32; 32; 63; 44; 60; 40; 59; 74; 84
69,80,0.07796,0.8625,73; 69; 14; 56; 49; 27; 80; 19; 62; 56
63,75,0.08946,0.84,23; 63; 47; 47; 21; 63; 75; 64; 56; 31
26,46,0.13802,0.56522,11; 26; 62; 18; 25; 79; 46; 38; 68; 40
23,66,0.10213,0.34848,66; 23; 48; 53; 72; 14; 66; 13; 24; 16
36,42,0.14786,0.85714,18; 36; 5; 69; 62; 22; 42; 70; 11; 45
47,57,0.12855,0.82456,83; 47; 80; 24; 72; 55; 57; 10; 68; 35
16,50,0.13728,0.32,6; 16; 71; 35; 24; 23; 50; 39; 9; 8
18,55,0.11713,0.32727,25; 18; 45; 72; 8; 35; 55; 48; 71; 53
6,17,0.10749,0.35294,36; 6; 57; 82; 25; 31; 17; 73; 38; 37
10,40,0.13901,0.25,81; 10; 17; 64; 62; 80; 40; 52; 81; 65
24,73,0.11102,0.32877,78; 24; 5; 16; 80; 34; 73; 45; 17; 8
40,71,0.11059,0.56338,68; 40; 59; 68; 80; 36; 71; 26; 27; 80
13,44,0.13471,0.29545,50; 13; 14; 83; 62; 34; 44; 82; 33; 48
24,82,0.09136,0.29268,76; 24; 55; 56; 66; 36; 82; 28; 59; 22
22,73,0.10248,0.30137,61; 22; 80; 54; 6; 58; 73; 5; 26; 73
13,46,0.1303,0.28261,40; 13; 39; 49; 28; 48; 46; 53; 85; 38
50,58,0.11679,0.86207,77; 50; 83; 80; 53; 77; 58; 64; 43; 80
9,18,0.13784,0.5,20; 9; 13; 83; 63; 61; 18; 26; 22; 30
28,35,0.12986,0.8,83; 28; 16; 51; 19; 83; 35; 13; 12; 38
39,78,0.10351,0.5,34; 39; 13; 74; 83; 8; 78; 53; 24; 27
39,78,0.10432,0.5,9; 39; 32; 46; 38; 77; 78; 57; 19; 24
18,61,0.11549,0.29508,30; 18; 80; 50; 20; 64; 61; 78; 34; 51
39,78,0.09987,0.5,64; 39; 76; 65; 45; 13; 78; 29; 16; 21
19,79,0.10021,0.24051,24; 19; 44; 66; 10; 39; 79; 45; 39; 31
20,25,0.13083,0.8,13; 20; 77; 13; 85; 24; 25; 17; 73; 74
21,57,0.12739,0.36842,44; 21; 56; 57; 77; 29; 57; 69; 36; 14
22,48,0.12923,0.45833,30; 22; 80; 19; 47; 41; 48; 50; 9; 17
16,32,0.13401,0.5,56; 16; 16; 69; 15; 34; 32; 18; 9; 52
21,75,0.09965,0.28,44; 21; 17; 73; 38; 36; 75; 20; 15; 53
29,83,0.09182,0.3494,27; 29; 45; 50; 14; 65; 83; 49; 16; 10
26,53,0.12742,0.49057,44; 26; 32; 56; 8; 82; 53; 45; 50; 38
16,64,0.11816,0.25,13; 16; 62; 47; 80; 77; 64; 19; 55; 33
25,84,0.09255,0.29762,41; 25; 68; 14; 79; 35; 84; 70; 29; 22
6,21,0.11134,0.28571,82; 6; 38; 35; 73; 68; 21; 12; 55; 44
17,72,0.10616,0.23611,21; 17; 70; 14; 49; 52; 72; 20; 12; 10
33,41,0.13982,0.80488,33; 33; 65; 35; 30; 78; 41; 75; 59; 35
8,28,0.13143,0.28571,32; 8; 55; 18; 9; 39; 28; 55; 71; 70
61,74,0.091,0.82432,77; 61; 38; 85; 64; 5; 74; 23; 54; 47
10,20,0.13343,0.5,40; 10; 69; 53; 42; 34; 20; 44; 78; 19
20,57,0.11901,0.35088,48; 20; 50; 13; 28; 16; 57; 12; 67; 18
29,52,0.1284,0.55769,18; 29; 19; 24; 5; 53; 52; 23; 28; 56
47,83,0.09401,0.56627,28; 47; 25; 11; 10; 8; 83; 64; 66; 57
25,75,0.10267,0.33333,61; 25; 45; 49; 79; 72; 75; 16; 29; 17
61,76,0.08678,0.80263,16; 61; 73; 51; 8; 60; 76; 17; 57; 85
63,77,0.08522,0.81818,41; 63; 11; 70; 85; 20; 77; 20; 31; 31
27,73,0.10652,0.36986,37; 27; 12; 16; 29; 7; 73; 42; 69; 80
27,73,0.10303,0.36986,75; 27; 10; 17; 45; 75; 73; 27; 30; 68
19,80,0.10075,0.2375,36; 19; 46; 83; 49; 65; 80; 71; 43; 43
26,81,0.09831,0.32099,9; 26; 77; 64; 46; 67; 81; 64; 34; 28
8,34,0.13664,0.23529,60; 8; 77; 11; 72; 78; 34; 19; 6; 83
28,81,0.10093,0.34568,7; 28; 19; 28; 66; 80; 81; 12; 84; 9
14,40,0.13504,0.35,38; 14; 17; 39; 57; 50; 40; 25; 33; 35
24,68,0.10923,0.35294,11; 24; 42; 78; 54; 12; 68; 59; 37; 8
5,10,0.10466,0.5,67; 5; 9; 18; 44; 63; 10; 57; 40; 16
33,71,0.10902,0.46479,25; 33; 77; 77; 20; 27; 71; 6; 74; 32
16,46,0.13582,0.34783,74; 16; 48; 78; 34; 55; 46; 64; 40; 64
9,26,0.13591,0.34615,84; 9; 24; 42; 50; 43; 26; 75; 42; 79
17,70,0.1105,0.24286,59; 17; 70; 5; 74; 71; 70; 45; 32; 10
12,41,0.13481,0.29268,14; 12; 40; 35; 62; 23; 41; 11; 74; 13
20,85,0.09599,0.23529,47; 20; 42; 50; 21; 77; 85; 31; 29; 14
25,77,0.11139,0.32468,44; 25; 15; 52; 6; 14; 77; 64; 54; 41
21,74,0.10234,0.28378,44; 21; 21; 55; 37; 43; 74; 79; 71; 23
22,60,0.11732,0.36667,46; 22; 83; 8; 50; 69; 60; 21; 68; 37
10,42,0.13373,0.2381,25; 10; 43; 16; 33; 70; 42; 75; 45; 39
39,79,0.09973,0.49367,30; 39; 37; 7; 35; 83; 79; 60; 57; 63
16,43,0.13864,0.37209,66; 16; 31; 68; 68; 12; 43; 28; 58; 80
6,17,0.1236,0.35294,32; 6; 24; 38; 18; 29; 17; 10; 42; 5
66,83,0.07691,0.79518,40; 66; 58; 16; 82; 5; 83; 37; 25; 58
69,82,0.07629,0.84146,11; 69; 83; 42; 35; 64; 82; 23; 80; 73
26,56,0.11856,0.46429,18; 26; 33; 54; 26; 40; 56; 31; 84; 32
27,77,0.09521,0.35065,18; 27; 82; 7; 12; 22; 77; 78; 76; 74
37,47,0.13743,0.78723,20; 37; 32; 37; 30; 64; 47; 34; 27; 72
19,38,0.13654,0.5,30; 19; 58; 28; 57; 74; 38; 49; 65; 47
31,39,0.14053,0.79487,9; 31; 16; 27; 36; 15; 39; 6; 40; 76
26,80,0.09159,0.325,75; 26; 6; 19; 5; 83; 80; 23; 44; 49
7,28,0.12585,0.25,23; 7; 19; 36; 10; 80; 28; 47; 82; 83
52,65,0.10275,0.8,30; 52; 44; 65; 70; 5; 65; 48; 64; 38
18,49,0.12974,0.36735,5; 18; 32; 21; 68; 74; 49; 41; 66; 7
20,68,0.1071,0.29412,27; 20; 80; 37; 22; 85; 68; 83; 82; 80
29,51,0.13517,0.56863,14; 29; 31; 56; 10; 70; 51; 82; 66; 7
16,63,0.11884,0.25397,22; 16; 52; 82; 56; 26; 63; 72; 14; 76
14,49,0.13075,0.28571,83; 14; 54; 5; 77; 58; 49; 69; 76; 27
7,19,0.1204,0.36842,21; 7; 79; 12; 13; 59; 19; 60; 56; 45
71,83,0.07654,0.85542,52; 71; 13; 31; 22; 72; 83; 47; 9; 81
24,82,0.09663,0.29268,31; 24; 80; 10; 37; 17; 82; 53; 20; 28
18,52,0.12126,0.34615,36; 18; 9; 70; 8; 72; 52; 66; 33; 67
20,40,0.13451,0.5,50; 20; 84; 77; 75; 53; 40; 48; 62; 37
7,23,0.13234,0.30435,42; 7; 10; 51; 80; 81; 23; 62; 64; 82
23,41,0.14183,0.56098,75; 23; 46; 83; 7; 31; 41; 32; 39; 10
66,77,0.08371,0.85714,61; 66; 19; 6; 63; 66; 77; 77; 16; 26
44,51,0.13332,0.86275,20; 44; 70; 18; 66; 55; 51; 60; 71; 74
21,43,0.13333,0.48837,58; 21; 39; 29; 22; 60; 43; 83; 5; 52
39,84,0.0949,0.46429,85; 39; 85; 16; 40; 33; 84; 32; 8; 79
29,78,0.11352,0.37179,75; 29; 24; 75; 64; 15; 78; 5; 44; 52
19,66,0.11052,0.28788,33; 19; 14; 6; 83; 16; 66; 10; 47; 20
30,38,0.14357,0.78947,61; 30; 42; 33; 55; 26; 38; 71; 51; 83
22,28,0.1395,0.78571,52; 22; 83; 29; 42; 64; 28; 52; 53; 24
9,30,0.14092,0.3,49; 9; 17; 77; 20; 23; 30; 69; 35; 9
18,74,0.10021,0.24324,40; 18; 77; 19; 20; 57; 74; 76; 30; 5
19,58,0.11839,0.32759,30; 19; 79; 60; 50; 8; 58; 69; 45; 68
25,85,0.09776,0.29412,22; 25; 64; 12; 10; 50; 85; 14; 12; 70
5,15,0.10301,0.33333,7; 5; 40; 78; 25; 36; 15; 64; 39; 27
20,25,0.12855,0.8,76; 20; 71; 34; 60; 7; 25; 34; 39; 29
52,66,0.10868,0.78788,64; 52; 62; 64; 21; 7; 66; 35; 57; 71
64,80,0.08213,0.8,49; 64; 29; 52; 60; 73; 80; 29; 41; 69
50,58,0.11189,0.86207,26; 50; 70; 69; 81; 82; 58; 84; 40; 36
40,81,0.10078,0.49383,28; 40; 36; 47; 55; 64; 81; 17; 30; 54
23,81,0.1019,0.28395,6; 23; 75; 27; 46; 80; 81; 76; 77; 71
21,83,0.09537,0.25301,29; 21; 85; 81; 52; 62; 83; 72; 79; 36
22,45,0.13577,0.48889,51; 22; 21; 22; 38; 7; 45; 9; 65; 74
16,53,0.13378,0.30189,40; 16; 62; 32; 73; 63; 53; 12; 16; 40
15,47,0.136,0.31915,23; 15; 52; 11; 41; 35; 47; 73; 55; 48
24,76,0.10026,0.31579,37; 24; 15; 33; 47; 30; 76; 13; 5; 31
45,56,0.12521,0.80357,50; 45; 73; 8; 17; 53; 56; 23; 77; 13
68,81,0.07957,0.83951,52; 68; 52; 9; 14; 50; 81; 11; 27; 12
19,67,0.10862,0.28358,78; 19; 57; 17; 72; 73; 67; 65; 41; 80
21,43,0.12899,0.48837,72; 21; 31; 11; 36; 5; 43; 63; 47; 80
14,48,0.12804,0.29167,35; 14; 37; 81; 13; 47; 48; 31; 9; 77
64,76,0.08499,0.84211,72; 64; 81; 27; 78; 58; 76; 47; 85; 79
52,66,0.10965,0.78788,26; 52; 47; 74; 6; 79; 66; 24; 78; 29
11,22,0.12774,0.5,62; 11; 24; 22; 65; 80; 22; 43; 24; 13
18,49,0.13194,0.36735,75; 18; 78; 27; 7; 59; 49; 73; 53; 26
44,77,0.10305,0.57143,82; 44; 66; 63; 26; 62; 77; 26; 72; 35
15,30,0.13222,0.5,55; 15; 55; 24; 78; 30; 30; 55; 51; 70
15,50,0.13003,0.3,18; 15; 54; 14; 42; 71; 50; 71; 16; 75
29,51,0.13038,0.56863,38; 29; 38; 37; 17; 26; 51; 46; 84; 38
31,62,0.1179,0.5,54; 31; 44; 24; 78; 36; 62; 54; 44; 47
34,61,0.12586,0.55738,37; 34; 34; 71; 84; 51; 61; 81; 6; 71
16,49,0.13142,0.32653,32; 16; 79; 52; 13; 36; 49; 37; 74; 34
12,42,0.14198,0.28571,50; 12; 39; 10; 24; 66; 42; 61; 70; 23
23,62,0.11714,0.37097,78; 23; 53; 77; 65; 9; 62; 67; 75; 8
11,34,0.13131,0.32353,29; 11; 38; 19; 39; 25; 34; 53; 26; 59
24,65,0.10978,0.36923,38; 24; 73; 79; 70; 41; 65; 80; 29; 22
35,44,0.13456,0.79545,65; 35; 51; 74; 29; 10; 44; 28; 46; 54
15,19,0.1275,0.78947,24; 15; 43; 74; 41; 40; 19; 39; 59; 26
10,36,0.13622,0.27778,74; 10; 65; 38; 23; 44; 36; 22; 17; 78
6,20,0.10169,0.3,46; 6; 66; 78; 30; 13; 20; 56; 54; 6
42,84,0.09499,0.5,79; 42; 63; 39; 21; 14; 84; 55; 73; 30
23,66,0.11245,0.34848,10; 23; 15; 21; 79; 12; 66; 64; 75; 19
37,46,0.13751,0.80435,46; 37; 73; 20; 22; 84; 46; 30; 52; 26
22,80,0.09635,0.275,59; 22; 77; 8; 19; 51; 80; 56; 58; 64
24,76,0.10194,0.31579,29; 24; 37; 62; 26; 21; 76; 22; 50; 75
47,82,0.10012,0.57317,47; 47; 48; 84; 62; 36; 82; 18; 71; 12
15,41,0.14051,0.36585,70; 15; 84; 54; 11; 42; 41; 47; 30; 25
61,74,0.09263,0.82432,71; 61; 68; 77; 71; 78; 74; 47; 11; 24
20,82,0.09411,0.2439,27; 20; 51; 31; 43; 74; 82; 39; 70; 16
26,33,0.13497,0.78788,6; 26; 7; 26; 19; 67; 33; 40; 70; 60
6,17,0.11009,0.35294,63; 6; 82; 38; 63; 14; 17; 45; 13; 80
23,50,0.12667,0.46,79; 23; 24; 50; 10; 81; 50; 19; 68; 75
6,18,0.10679,0.33333,39; 6; 9; 46; 38; 50; 18; 77; 66; 81
19,68,0.10805,0.27941,63; 19; 18; 77; 16; 13; 68; 34; 83; 83
31,62,0.12062,0.5,51; 31; 10; 16; 50; 52; 62; 20; 71; 34
40,49,0.13258,0.81633,8; 40; 8; 34; 24; 80; 49; 73; 63; 84
70,83,0.073,0.84337,78; 70; 14; 45; 12; 17; 83; 78; 34; 74
67,84,0.07476,0.79762,22; 67; 14; 57; 23; 52; 84; 33; 43; 41
22,44,0.13599,0.5,41; 22; 67; 53; 76; 50; 44; 24; 62; 6
14,56,0.12394,0.25,27; 14; 40; 12; 23; 81; 56; 33; 20; 72
20,66,0.1088,0.30303,38; 20; 13; 22; 50; 43; 66; 7; 36; 67
19,38,0.13614,0.5,62; 19; 33; 46; 17; 79; 38; 54; 38; 15
18,76,0.10424,0.23684,77; 18; 67; 33; 82; 65; 76; 26; 76; 50
39,68,0.11126,0.57353,28; 39; 14; 30; 72; 21; 68; 44; 68; 45
16,46,0.13792,0.34783,29; 16; 38; 17; 46; 80; 46; 36; 84; 61
17,30,0.13206,0.56667,50; 17; 68; 50; 57; 12; 30; 76; 59; 69
16,28,0.12859,0.57143,37; 16; 79; 16; 58; 7; 28; 73; 8; 33
24,49,0.12715,0.4898,66; 24; 7; 18; 19; 12; 49; 58; 22; 31
36,64,0.10848,0.5625,10; 36; 78; 37; 16; 58; 64; 34; 83; 71
58,69,0.09864,0.84058,78; 58; 81; 70; 69; 50; 69; 36; 20; 71
18,65,0.11001,0.27692,6; 18; 21; 42; 6; 50; 65; 76; 31; 47
56,65,0.10347,0.86154,9; 56; 23; 35; 21; 47; 65; 70; 41; 48
27,82,0.09442,0.32927,41; 27; 21; 60; 72; 35; 82; 72; 71; 31
63,80,0.07997,0.7875,73; 63; 6; 55; 64; 74; 80; 65; 60; 23
66,82,0.08209,0.80488,42; 66; 62; 84; 41; 16; 82; 61; 54; 19
18,52,0.12475,0.34615,49; 18; 66; 5; 45; 8; 52; 64; 42; 78
64,76,0.08227,0.84211,27; 64; 53; 28; 50; 20; 76; 17; 80; 32
43,77,0.11252,0.55844,47; 43; 12; 39; 75; 44; 77; 44; 82; 21
9,27,0.14039,0.33333,23; 9; 36; 35; 59; 75; 27; 40; 69; 58
30,61,0.11883,0.4918,75; 30; 38; 70; 16; 68; 61; 85; 19; 13
46,80,0.09977,0.575,13; 46; 37; 82; 37; 8; 80; 65; 54; 68
41,72,0.11134,0.56944,8; 41; 37; 8; 58; 22; 72; 85; 58; 76
21,43,0.13691,0.48837,16; 21; 56; 43; 79; 42; 43; 30; 67; 31
29,84,0.09978,0.34524,84; 29; 67; 63; 85; 13; 84; 81; 24; 5
26,53,0.13111,0.49057,77; 26; 13; 5; 67; 34; 53; 23; 62; 82
13,45,0.13807,0.28889,24; 13; 17; 45; 27; 46; 45; 50; 32; 74
64,80,0.09131,0.8,63; 64; 45; 75; 66; 34; 80; 22; 19; 60
15,53,0.13366,0.28302,36; 15; 63; 33; 76; 6; 53; 58; 28; 40
16,58,0.12162,0.27586,17; 16; 56; 62; 17; 71; 58; 64; 47; 38
50,63,0.11191,0.79365,39; 50; 5; 28; 46; 17; 63; 38; 24; 56
21,46,0.13453,0.45652,48; 21; 31; 12; 63; 52; 46; 25; 69; 52
32,57,0.12131,0.5614,20; 32; 77; 37; 51; 45; 57; 20; 10; 73
25,68,0.11011,0.36765,12; 25; 53; 19; 18; 50; 68; 34; 51; 84
15,30,0.13283,0.5,11; 15; 24; 27; 41; 20; 30; 52; 25; 70
36,79,0.10162,0.4557,82; 36; 12; 22; 26; 43; 79; 64; 56; 65
25,72,0.10953,0.34722,65; 25; 53; 21; 85; 22; 72; 26; 57; 81
16,54,0.12782,0.2963,7; 16; 19; 80; 81; 57; 54; 16; 58; 28
10,33,0.13496,0.30303,32; 10; 27; 5; 80; 15; 33; 42; 77; 55
18,74,0.11218,0.24324,8; 18; 59; 5; 77; 10; 74; 85; 79; 5
13,54,0.12511,0.24074,27; 13; 45; 53; 21; 30; 54; 19; 20; 56
18,57,0.11406,0.31579,20; 18; 47; 20; 14; 50; 57; 55; 82; 15
15,47,0.134,0.31915,50; 15; 19; 43; 40; 28; 47; 27; 50; 36
41,72,0.10789,0.56944,9; 41; 83; 56; 43; 85; 72; 77; 65; 77
24,49,0.12512,0.4898,67; 24; 63; 7; 30; 7; 49; 81; 43; 67
64,80,0.07866,0.8,66; 64; 54; 52; 50; 75; 80; 20; 78; 66
53,65,0.10837,0.81538,5; 53; 37; 64; 23; 73; 65; 24; 54; 14
60,75,0.09261,0.8,55; 60; 49; 27; 47; 66; 75; 77; 64; 30
29,58,0.1178,0.5,18; 29; 41; 40; 54; 5; 58; 48; 34; 19
10,27,0.1335,0.37037,19; 10; 44; 72; 25; 5; 27; 22; 6; 45
47,84,0.10015,0.55952,71; 47; 60; 10; 66; 56; 84; 52; 23; 25
28,80,0.10477,0.35,45; 28; 19; 5; 41; 39; 80; 27; 79; 42
21,65,0.10605,0.32308,33; 21; 56; 76; 79; 11; 65; 51; 49; 42
25,82,0.09563,0.30488,33; 25; 25; 64; 14; 83; 82; 71; 81; 49
19,66,0.11119,0.28788,15; 19; 13; 75; 43; 55; 66; 68; 44; 22
60,70,0.09869,0.85714,26; 60; 70; 9; 12; 57; 70; 66; 72; 80
37,74,0.10966,0.5,70; 37; 75; 42; 24; 43; 74; 83; 81; 61
41,52,0.12643,0.78846,24; 41; 57; 80; 9; 65; 52; 13; 38; 74
37,74,0.10935,0.5,61; 37; 61; 78; 28; 22; 74; 38; 44; 47
37,47,0.13904,0.78723,55; 37; 35; 68; 77; 67; 47; 23; 9; 11
24,69,0.11382,0.34783,70; 24; 83; 60; 68; 79; 69; 65; 74; 41
11,24,0.13853,0.45833,39; 11; 27; 19; 56; 81; 24; 26; 74; 26
12,38,0.13662,0.31579,32; 12; 45; 31; 42; 54; 38; 29; 26; 74
28,49,0.13842,0.57143,80; 28; 74; 43; 73; 70; 49; 81; 35; 60
26,71,0.10536,0.3662,30; 26; 36; 62; 55; 6; 71; 63; 6; 82
66,82,0.07835,0.80488,14; 66; 60; 67; 67; 81; 82; 23; 13; 51
17,51,0.13362,0.33333,18; 17; 67; 72; 17; 26; 51; 39; 36; 63
9,30,0.14581,0.3,17; 9; 22; 24; 54; 12; 30; 39; 64; 63
13,39,0.13104,0.33333,13; 13; 51; 9; 61; 26; 39; 76; 34; 16
18,63,0.11279,0.28571,48; 18; 42; 30; 66; 28; 63; 28; 47; 15
28,75,0.10629,0.37333,22; 28; 37; 47; 62; 24; 75; 67; 8; 23
14,42,0.14204,0.33333,52; 14; 14; 71; 74; 15; 42; 25; 5; 72
17,49,0.1322,0.34694,32; 17; 84; 5; 51; 51; 49; 64; 46; 78
40,80,0.09927,0.5,65; 40; 34; 34; 8; 33; 80; 75; 9; 23
5,18,0.10427,0.27778,82; 5; 29; 75; 13; 7; 18; 62; 21; 27
24,30,0.13359,0.8,82; 24; 41; 35; 12; 60; 30; 56; 39; 20
33,59,0.12305,0.55932,70; 33; 22; 38; 12; 18; 59; 54; 25; 45
60,70,0.09559,0.85714,63; 60; 41; 54; 81; 79; 70; 66; 47; 23
64,76,0.0853,0.84211,75; 64; 76; 37; 21; 54; 76; 22; 47; 58
69,84,0.0815,0.82143,5; 69; 25; 6; 43; 65; 84; 40; 53; 67
9,37,0.1419,0.24324,79; 9; 46; 45; 64; 46; 37; 62; 44; 64
41,83,0.10302,0.49398,46; 41; 23; 21; 51; 85; 83; 45; 58; 58
8,14,0.13324,0.57143,54; 8; 51; 38; 81; 9; 14; 46; 47; 85
16,56,0.12322,0.28571,48; 16; 54; 27; 51; 84; 56; 36; 31; 9
9,11,0.14426,0.81818,64; 9; 37; 69; 13; 34; 11; 12; 9; 46
13,37,0.13607,0.35135,15; 13; 18; 75; 22; 57; 37; 45; 12; 66
15,52,0.12976,0.28846,69; 15; 53; 48; 68; 49; 52; 31; 83; 30
22,74,0.09357,0.2973,6; 22; 40; 71; 66; 70; 74; 19; 41; 35
57,66,0.10168,0.86364,44; 57; 16; 36; 35; 43; 66; 64; 80; 19
12,43,0.13774,0.27907,24; 12; 59; 81; 65; 21; 43; 39; 22; 59
12,14,0.13486,0.85714,10; 12; 41; 9; 83; 32; 14; 16; 40; 77
9,26,0.14144,0.34615,19; 9; 67; 36; 18; 64; 26; 84; 60; 14
20,62,0.11718,0.32258,17; 20; 75; 21; 49; 77; 62; 67; 68; 12
25,51,0.12425,0.4902,69; 25; 55; 25; 47; 64; 51; 43; 22; 81
68,85,0.07593,0.8,82; 68; 69; 33; 5; 60; 85; 54; 56; 46
8,10,0.13831,0.8,64; 8; 6; 40; 35; 56; 10; 50; 81; 28
24,85,0.08456,0.28235,39; 24; 22; 60; 54; 17; 85; 63; 9; 62
19,69,0.10743,0.27536,71; 19; 55; 8; 74; 66; 69; 27; 66; 71
40,71,0.10486,0.56338,57; 40; 79; 77; 36; 74; 71; 67; 21; 82
25,83,0.09821,0.3012,21; 25; 67; 72; 75; 27; 83; 41; 42; 66
35,44,0.14341,0.79545,50; 35; 37; 18; 18; 40; 44; 7; 60; 67
64,76,0.08561,0.84211,24; 64; 15; 78; 26; 32; 76; 59; 78; 12
18,55,0.1232,0.32727,30; 18; 35; 38; 44; 40; 55; 55; 22; 41
18,54,0.12167,0.33333,17; 18; 32; 18; 30; 27; 54; 84; 20; 73
32,69,0.10462,0.46377,6; 32; 43; 39; 44; 36; 69; 27; 23; 37
30,35,0.13109,0.85714,12; 30; 76; 11; 60; 34; 35; 72; 11; 70
12,42,0.13761,0.28571,79; 12; 72; 46; 45; 5; 42; 71; 62; 42
36,42,0.13767,0.85714,5; 36; 59; 52; 53; 12; 42; 58; 51; 32
41,72,0.11006,0.56944,40; 41; 73; 42; 29; 85; 72; 24; 55; 21
8,32,0.13937,0.25,82; 8; 75; 36; 83; 51; 32; 57; 10; 29
36,63,0.11992,0.57143,51; 36; 47; 84; 45; 78; 63; 30; 30; 47
57,66,0.10178,0.86364,5; 57; 80; 6; 38; 15; 66; 25; 44; 74
35,72,0.10962,0.48611,60; 35; 31; 82; 31; 65; 72; 77; 74; 54
26,57,0.12466,0.45614,51; 26; 25; 14; 51; 37; 57; 16; 47; 43
28,75,0.09227,0.37333,18; 28; 43; 26; 26; 33; 75; 28; 7; 5
18,64,0.11454,0.28125,48; 18; 75; 10; 5; 55; 64; 81; 25; 42
12,14,0.14074,0.85714,84; 12; 18; 46; 51; 59; 14; 36; 12; 18
21,69,0.1085,0.30435,37; 21; 54; 62; 50; 9; 69; 46; 58; 37
33,59,0.12556,0.55932,43; 33; 56; 63; 56; 14; 59; 31; 62; 69
14,38,0.14059,0.36842,23; 14; 20; 15; 43; 8; 38; 19; 77; 41
17,34,0.14051,0.5,49; 17; 17; 19; 37; 62; 34; 68; 44; 53
16,65,0.11391,0.24615,62; 16; 68; 12; 38; 35; 65; 37; 67; 30
35,71,0.10477,0.49296,71; 35; 71; 36; 11; 73; 71; 83; 75; 71
18,37,0.12301,0.48649,49; 18; 22; 5; 20; 76; 37; 79; 23; 53
43,51,0.12636,0.84314,75; 43; 82; 58; 39; 24; 51; 28; 13; 56
48,60,0.1216,0.8,77; 48; 31; 43; 51; 26; 60; 81; 13; 55
48,60,0.12123,0.8,68; 48; 73; 23; 60; 65; 60; 65; 27; 84
27,82,0.10203,0.32927,64; 27; 77; 57; 22; 15; 82; 34; 81; 27
24,28,0.13931,0.85714,63; 24; 68; 85; 79; 12; 28; 31; 38; 65
22,44,0.13245,0.5,67; 22; 85; 75; 40; 81; 44; 78; 31; 38
14,59,0.12303,0.23729,25; 14; 70; 53; 21; 49; 59; 11; 66; 76
19,59,0.11658,0.32203,54; 19; 47; 50; 54; 80; 59; 27; 51; 62
68,83,0.08064,0.81928,14; 68; 60; 13; 27; 75; 83; 17; 41; 65
12,34,0.13269,0.35294,46; 12; 79; 6; 64; 49; 34; 41; 46; 63
18,76,0.09787,0.23684,43; 18; 54; 49; 20; 13; 76; 33; 53; 80
29,79,0.1021,0.36709,43; 29; 12; 34; 36; 38; 79; 28; 21; 34
9,11,0.14699,0.81818,63; 9; 65; 54; 20; 27; 11; 37; 14; 82
12,37,0.13401,0.32432,10; 12; 28; 74; 11; 25; 37; 40; 57; 33
12,14,0.14117,0.85714,41; 12; 68; 61; 31; 11; 14; 35; 67; 22
26,70,0.10893,0.37143,61; 26; 13; 81; 7; 57; 70; 51; 6; 13
22,44,0.13119,0.5,77; 22; 32; 17; 54; 35; 44; 65; 68; 49
64,76,0.08789,0.84211,14; 64; 8; 59; 75; 72; 76; 76; 65; 78
7,25,0.12284,0.28,59; 7; 71; 15; 41; 73; 25; 77; 30; 38
24,69,0.11062,0.34783,6; 24; 53; 64; 57; 34; 69; 44; 54; 35
19,65,0.11254,0.29231,78; 19; 9; 18; 16; 15; 65; 15; 72; 29
11,30,0.14032,0.36667,32; 11; 68; 81; 6; 24; 30; 46; 85; 27
12,24,0.12936,0.5,48; 12; 16; 70; 53; 10; 24; 39; 48; 40
8,14,0.12984,0.57143,65; 8; 49; 76; 7; 54; 14; 29; 27; 36
9,36,0.14403,0.25,71; 9; 20; 84; 61; 20; 36; 16; 76; 22
31,68,0.10668,0.45588,32; 31; 61; 72; 62; 82; 68; 74; 18; 61
21,72,0.0987,0.29167,48; 21; 85; 22; 80; 80; 72; 79; 65; 10
31,68,0.11014,0.45588,7; 31; 27; 74; 12; 75; 68; 34; 41; 75
17,68,0.10513,0.25,77; 17; 47; 70; 9; 61; 68; 24; 60; 5
17,53,0.12972,0.32075,67; 17; 29; 9; 8; 45; 53; 10; 76; 65
64,74,0.08754,0.86486,19; 64; 46; 41; 15; 84; 74; 17; 32; 16
37,45,0.14087,0.82222,73; 37; 77; 10; 23; 33; 45; 12; 85; 27
21,43,0.13104,0.48837,29; 21; 30; 9; 41; 79; 43; 47; 57; 72
56,67,0.1048,0.83582,25; 56; 34; 85; 55; 24; 67; 64; 60; 46
19,60,0.11792,0.31667,78; 19; 10; 76; 16; 43; 60; 47; 51; 42
41,51,0.12671,0.80392,23; 41; 54; 47; 64; 27; 51; 56; 18; 85
64,81,0.08257,0.79012,83; 64; 58; 45; 20; 29; 81; 34; 55; 19
31,36,0.14062,0.86111,7; 31; 32; 30; 20; 73; 36; 39; 66; 38
20,79,0.10238,0.25316,84; 20; 18; 39; 30; 29; 79; 54; 12; 25
38,48,0.13417,0.79167,79; 38; 27; 49; 31; 29; 48; 23; 66; 63
24,48,0.13347,0.5,45; 24; 81; 59; 74; 51; 48; 47; 62; 8
52,65,0.11237,0.8,37; 52; 21; 23; 42; 31; 65; 61; 54; 29
20,81,0.09367,0.24691,79; 20; 80; 73; 77; 48; 81; 5; 42; 44
19,22,0.12555,0.86364,52; 19; 47; 56; 5; 29; 22; 77; 72; 14
23,69,0.1124,0.33333,9; 23; 23; 51; 64; 71; 69; 82; 60; 66
22,75,0.09685,0.29333,24; 22; 71; 63; 46; 36; 75; 5; 47; 69
22,74,0.10068,0.2973,77; 22; 72; 77; 67; 83; 74; 16; 44; 51
13,37,0.13642,0.35135,34; 13; 74; 67; 63; 15; 37; 19; 9; 14
19,57,0.12396,0.33333,75; 19; 82; 76; 5; 81; 57; 85; 26; 15
29,51,0.1254,0.56863,38; 29; 64; 31; 41; 13; 51; 72; 83; 13
26,70,0.11236,0.37143,17; 26; 77; 38; 55; 18; 70; 6; 41; 43
50,61,0.11529,0.81967,43; 50; 9; 62; 55; 45; 61; 6; 29; 55
23,71,0.10101,0.32394,70; 23; 59; 67; 66; 27; 71; 30; 50; 50
23,47,0.13777,0.48936,47; 23; 26; 53; 52; 36; 47; 71; 79; 7
67,78,0.08291,0.85897,74; 67; 85; 64; 51; 13; 78; 30; 45; 43
7,23,0.12264,0.30435,8; 7; 16; 8; 28; 37; 23; 50; 85; 55
21,43,0.13817,0.48837,49; 21; 62; 16; 78; 26; 43; 29; 57; 71
30,85,0.08912,0.35294,12; 30; 30; 57; 12; 56; 85; 60; 82; 49
5,17,0.0989,0.29412,23; 5; 54; 25; 12; 11; 17; 81; 16; 79
40,72,0.11283,0.55556,62; 40; 77; 43; 54; 26; 72; 19; 48; 26
31,68,0.10604,0.45588,75; 31; 23; 33; 25; 10; 68; 11; 58; 38
17,68,0.10895,0.25,76; 17; 48; 50; 48; 84; 68; 81; 40; 60
36,79,0.10193,0.4557,36; 36; 65; 69; 13; 37; 79; 36; 62; 50
22,73,0.10088,0.30137,30; 22; 33; 32; 33; 73; 73; 30; 49; 10
24,72,0.10764,0.33333,81; 24; 68; 42; 21; 44; 72; 26; 71; 28
10,31,0.13904,0.32258,72; 10; 64; 76; 80; 21; 31; 38; 22; 35
16,63,0.11691,0.25397,46; 16; 33; 26; 60; 8; 63; 63; 65; 27
12,38,0.13769,0.31579,13; 12; 71; 59; 6; 40; 38; 57; 44; 35
14,55,0.12544,0.25455,41; 14; 82; 37; 80; 40; 55; 22; 34; 36
23,77,0.11068,0.2987,38; 23; 59; 63; 47; 32; 77; 82; 43; 44
50,61,0.11118,0.81967,42; 50; 72; 56; 77; 85; 61; 12; 21; 49
17,69,0.10609,0.24638,42; 17; 47; 73; 14; 17; 69; 34; 25; 80
14,49,0.12932,0.28571,46; 14; 42; 33; 36; 23; 49; 27; 46; 55
17,69,0.10339,0.24638,45; 17; 60; 35; 58; 62; 69; 59; 38; 43
19,76,0.09353,0.25,74; 19; 10; 25; 55; 32; 76; 60; 16; 17
13,40,0.14118,0.325,7; 13; 11; 25; 34; 59; 40; 63; 23; 11
38,67,0.11515,0.56716,84; 38; 67; 54; 75; 40; 67; 79; 81; 9
24,83,0.09227,0.28916,69; 24; 53; 74; 28; 80; 83; 58; 68; 60
31,62,0.11771,0.5,55; 31; 30; 47; 29; 81; 62; 5; 14; 53
30,61,0.12283,0.4918,39; 30; 37; 79; 64; 47; 61; 81; 80; 70
22,75,0.10124,0.29333,24; 22; 38; 85; 50; 85; 75; 34; 62; 54
44,55,0.13054,0.8,60; 44; 72; 61; 13; 52; 55; 7; 19; 19
17,56,0.12453,0.30357,57; 17; 81; 46; 70; 68; 56; 5; 32; 75
7,29,0.12584,0.24138,34; 7; 73; 60; 69; 28; 29; 27; 32; 22
45,80,0.10146,0.5625,82; 45; 70; 65; 12; 48; 80; 63; 80; 28
67,80,0.0809,0.8375,51; 67; 68; 61; 29; 29; 80; 53; 75; 72
14,57,0.12254,0.24561,11; 14; 56; 78; 32; 17; 57; 23; 19; 12
26,46,0.1391,0.56522,13; 26; 12; 42; 67; 50; 46; 28; 29; 12
45,80,0.09965,0.5625,82; 45; 66; 11; 28; 64; 80; 21; 73; 63
17,34,0.13575,0.5,30; 17; 31; 12; 45; 28; 34; 78; 42; 81
41,84,0.09491,0.4881,79; 41; 63; 28; 57; 11; 84; 7; 47; 49
50,63,0.11594,0.79365,50; 50; 65; 12; 74; 13; 63; 25; 45; 68
59,69,0.09466,0.85507,77; 59; 61; 19; 57; 85; 69; 26; 84; 12
31,68,0.11714,0.45588,25; 31; 55; 39; 58; 41; 68; 60; 42; 41
68,85,0.07591,0.8,40; 68; 20; 20; 39; 63; 85; 56; 64; 75
17,67,0.11276,0.25373,40; 17; 42; 65; 74; 75; 67; 16; 51; 15
9,11,0.14877,0.81818,65; 9; 63; 11; 80; 42; 11; 41; 39; 60
23,82,0.09083,0.28049,24; 23; 38; 32; 40; 60; 82; 44; 41; 33
40,49,0.14036,0.81633,29; 40; 8; 17; 65; 75; 49; 31; 31; 22
20,81,0.09105,0.24691,18; 20; 68; 15; 79; 62; 81; 43; 40; 49
11,14,0.13861,0.78571,85; 11; 14; 23; 35; 44; 14; 61; 29; 48
26,57,0.12339,0.45614,18; 26; 45; 85; 9; 17; 57; 5; 32; 66
23,66,0.10996,0.34848,32; 23; 13; 81; 54; 53; 66; 19; 73; 37
5,18,0.10285,0.27778,37; 5; 18; 84; 40; 25; 18; 61; 5; 26
17,51,0.125,0.33333,67; 17; 52; 40; 37; 80; 51; 64; 66; 38
69,80,0.07729,0.8625,36; 69; 49; 48; 56; 26; 80; 33; 57; 38
26,80,0.0923,0.325,84; 26; 36; 51; 16; 14; 80; 63; 33; 10
37,75,0.09704,0.49333,47; 37; 59; 69; 49; 77; 75; 9; 76; 62
43,76,0.10564,0.56579,15; 43; 11; 31; 23; 10; 76; 69; 72; 49
23,73,0.09766,0.31507,63; 23; 8; 42; 26; 56; 73; 79; 80; 25
61,73,0.08734,0.83562,66; 61; 85; 48; 61; 46; 73; 22; 81; 44
18,72,0.10882,0.25,76; 18; 65; 27; 22; 42; 72; 26; 58; 63
19,77,0.09901,0.24675,65; 19; 45; 31; 59; 65; 77; 5; 24; 56
7,29,0.13137,0.24138,27; 7; 36; 52; 67; 6; 29; 70; 68; 21
68,81,0.0789,0.83951,9; 68; 81; 73; 10; 51; 81; 71; 45; 57
69,80,0.07843,0.8625,75; 69; 62; 68; 54; 25; 80; 16; 77; 9
20,25,0.12542,0.8,37; 20; 50; 55; 24; 39; 25; 77; 36; 52
50,58,0.11504,0.86207,58; 50; 52; 83; 70; 81; 58; 72; 25; 80
21,71,0.10922,0.29577,40; 21; 7; 20; 32; 7; 71; 75; 33; 61
17,35,0.12845,0.48571,21; 17; 59; 85; 46; 64; 35; 40; 53; 34
12,43,0.1446,0.27907,53; 12; 68; 65; 9; 79; 43; 54; 56; 49
23,62,0.12252,0.37097,80; 23; 17; 13; 23; 65; 62; 33; 6; 29
18,57,0.11244,0.31579,13; 18; 71; 6; 28; 22; 57; 41; 36; 45
41,82,0.10786,0.5,19; 41; 75; 23; 75; 49; 82; 32; 55; 62
31,63,0.12126,0.49206,5; 31; 6; 23; 56; 57; 63; 44; 11; 19
25,85,0.09218,0.29412,30; 25; 12; 20; 53; 74; 85; 61; 76; 74
9,26,0.14558,0.34615,47; 9; 39; 72; 60; 8; 26; 46; 17; 42
20,81,0.09376,0.24691,20; 20; 37; 30; 47; 6; 81; 18; 65; 76
28,35,0.12891,0.8,18; 28; 16; 71; 66; 85; 35; 5; 72; 36
40,80,0.09806,0.5,79; 40; 74; 55; 25; 17; 80; 57; 23; 41
68,81,0.07613,0.83951,67; 68; 33; 67; 66; 58; 81; 37; 64; 45
16,56,0.11985,0.28571,67; 16; 49; 49; 34; 78; 56; 84; 56; 53
42,49,0.13564,0.85714,13; 42; 9; 76; 30; 72; 49; 68; 34; 49
10,30,0.13889,0.33333,6; 10; 27; 84; 28; 52; 30; 23; 80; 12
15,45,0.13927,0.33333,45; 15; 13; 72; 43; 21; 45; 62; 7; 54
68,83,0.07757,0.81928,25; 68; 51; 68; 40; 61; 83; 77; 68; 61
65,79,0.08522,0.82278,20; 65; 58; 70; 44; 7; 79; 50; 52; 73
66,83,0.07883,0.79518,72; 66; 81; 41; 29; 45; 83; 49; 38; 61
22,39,0.13099,0.5641,59; 22; 80; 38; 39; 24; 39; 61; 51; 61
33,66,0.11243,0.5,51; 33; 52; 57; 14; 80; 66; 57; 15; 39
22,48,0.13211,0.45833,50; 22; 60; 48; 8; 8; 48; 82; 20; 49
16,65,0.11349,0.24615,11; 16; 25; 76; 47; 75; 65; 65; 66; 26
21,37,0.12799,0.56757,42; 21; 69; 33; 64; 52; 37; 74; 36; 5
14,57,0.12165,0.24561,21; 14; 60; 44; 77; 34; 57; 20; 23; 17
14,56,0.12037,0.25,5; 14; 85; 44; 83; 18; 56; 82; 73; 42
27,84,0.09097,0.32143,38; 27; 58; 70; 61; 71; 84; 80; 51; 43
20,67,0.11043,0.29851,84; 20; 36; 48; 26; 79; 67; 83; 5; 9
23,66,0.11263,0.34848,64; 23; 48; 58; 60; 68; 66; 38; 47; 33
67,80,0.08189,0.8375,37; 67; 28; 46; 48; 6; 80; 8; 40; 58
31,36,0.13216,0.86111,54; 31; 24; 21; 52; 59; 36; 29; 11; 36
32,65,0.11117,0.49231,38; 32; 28; 25; 9; 17; 65; 56; 55; 7
25,84,0.09111,0.29762,75; 25; 11; 20; 36; 66; 84; 80; 25; 19
41,73,0.11106,0.56164,6; 41; 25; 78; 50; 46; 73; 31; 54; 14
23,65,0.11562,0.35385,63; 23; 61; 66; 29; 23; 65; 40; 11; 67
36,44,0.13271,0.81818,32; 36; 16; 78; 41; 28; 44; 13; 47; 5
39,49,0.12994,0.79592,74; 39; 80; 41; 14; 44; 49; 45; 59; 20
36,64,0.11813,0.5625,72; 36; 46; 21; 27; 71; 64; 18; 80; 60
24,42,0.12715,0.57143,36; 24; 46; 71; 12; 5; 42; 37; 58; 18
12,40,0.14378,0.3,76; 12; 12; 28; 22; 83; 40; 48; 32; 49
18,57,0.12519,0.31579,27; 18; 54; 77; 17; 42; 57; 71; 85; 25
12,34,0.13778,0.35294,69; 12; 24; 9; 85; 13; 34; 42; 75; 10
23,73,0.11042,0.31507,31; 23; 63; 84; 34; 28; 73; 54; 22; 67
34,43,0.13105,0.7907,30; 34; 84; 34; 51; 8; 43; 84; 45; 48
30,53,0.12439,0.56604,12; 30; 83; 85; 68; 73; 53; 9; 41; 12
29,83,0.09169,0.3494,65; 29; 66; 45; 76; 62; 83; 46; 71; 12
22,76,0.10551,0.28947,27; 22; 45; 33; 30; 52; 76; 8; 18; 44
13,41,0.13884,0.31707,60; 13; 39; 15; 12; 79; 41; 72; 15; 83
26,71,0.11564,0.3662,17; 26; 43; 40; 13; 61; 71; 32; 39; 33
37,76,0.10488,0.48684,82; 37; 18; 24; 71; 21; 76; 14; 48; 61
21,25,0.13594,0.84,56; 21; 16; 44; 61; 69; 25; 16; 76; 42
54,64,0.10806,0.84375,82; 54; 50; 58; 40; 64; 64; 18; 63; 6
10,18,0.13413,0.55556,23; 10; 85; 30; 71; 48; 18; 55; 32; 49
34,74,0.10204,0.45946,58; 34; 85; 84; 16; 22; 74; 56; 5; 43
32,70,0.1053,0.45714,31; 32; 39; 51; 29; 10; 70; 52; 64; 33
41,84,0.10006,0.4881,49; 41; 31; 46; 51; 75; 84; 36; 65; 27
24,79,0.0955,0.3038,18; 24; 28; 9; 36; 11; 79; 17; 63; 80
24,85,0.09403,0.28235,73; 24; 79; 20; 76; 44; 85; 63; 11; 83
13,39,0.13765,0.33333,79; 13; 82; 45; 24; 9; 39; 37; 65; 37
51,61,0.11647,0.83607,7; 51; 7; 18; 41; 13; 61; 15; 62; 50
44,55,0.13002,0.8,73; 44; 28; 11; 17; 35; 55; 76; 20; 6
47,83,0.09273,0.56627,23; 47; 71; 48; 65; 66; 83; 83; 72; 21
27,54,0.12592,0.5,43; 27; 21; 41; 44; 18; 54; 82; 27; 49
60,76,0.09079,0.78947,19; 60; 20; 60; 77; 60; 76; 9; 22; 67
18,52,0.12673,0.34615,38; 18; 80; 51; 52; 15; 52; 41; 20; 37
35,61,0.1198,0.57377,66; 35; 5; 50; 41; 70; 61; 58; 64; 54
8,27,0.13533,0.2963,71; 8; 20; 17; 14; 80; 27; 38; 84; 6
21,71,0.10394,0.29577,10; 21; 42; 18; 84; 22; 71; 53; 48; 7
7,25,0.13036,0.28,63; 7; 45; 45; 21; 71; 25; 79; 20; 18
46,56,0.12347,0.82143,14; 46; 52; 66; 41; 82; 56; 8; 41; 32
16,65,0.11235,0.24615,26; 16; 83; 5; 11; 34; 65; 20; 28; 6
16,57,0.12189,0.2807,8; 16; 16; 65; 35; 38; 57; 38; 46; 69
19,39,0.13349,0.48718,7; 19; 64; 56; 62; 45; 39; 52; 43; 34
8,28,0.1358,0.28571,57; 8; 83; 19; 50; 21; 28; 28; 61; 69
33,59,0.12382,0.55932,7; 33; 56; 75; 6; 59; 59; 82; 42; 66
48,56,0.12168,0.85714,57; 48; 37; 48; 82; 81; 56; 14; 61; 82
29,63,0.11496,0.46032,63; 29; 50; 7; 26; 35; 63; 76; 66; 82
71,85,0.07363,0.83529,10; 71; 69; 14; 83; 62; 85; 38; 80; 35
16,65,0.11263,0.24615,69; 16; 44; 52; 46; 37; 65; 59; 52; 25
52,65,0.11408,0.8,45; 52; 84; 10; 60; 43; 65; 12; 57; 42
14,49,0.13001,0.28571,71; 14; 48; 74; 22; 79; 49; 82; 55; 25
8,28,0.13,0.28571,69; 8; 20; 67; 77; 63; 28; 46; 18; 57
48,56,0.12531,0.85714,13; 48; 53; 7; 82; 37; 56; 76; 53; 67
20,79,0.09758,0.25316,70; 20; 5; 12; 63; 66; 79; 43; 15; 44
66,77,0.07992,0.85714,65; 66; 16; 59; 51; 82; 77; 70; 41; 80
8,25,0.14011,0.32,19; 8; 20; 62; 23; 60; 25; 53; 41; 50
38,45,0.13438,0.84444,23; 38; 36; 27; 45; 23; 45; 54; 23; 47
69,82,0.07805,0.84146,83; 69; 65; 59; 17; 84; 82; 83; 65; 59
9,18,0.1389,0.5,78; 9; 45; 61; 24; 79; 18; 12; 50; 53
47,83,0.09953,0.56627,44; 47; 43; 34; 25; 5; 83; 75; 47; 6
32,40,0.13535,0.8,45; 32; 16; 28; 40; 8; 40; 67; 54; 66
16,46,0.13499,0.34783,11; 16; 59; 26; 35; 77; 46; 64; 61; 58
30,53,0.1315,0.56604,80; 30; 45; 53; 17; 24; 53; 24; 81; 55
33,41,0.13227,0.80488,25; 33; 47; 40; 41; 80; 41; 50; 14; 76
12,24,0.13239,0.5,10; 12; 70; 54; 22; 59; 24; 29; 78; 32
24,79,0.10307,0.3038,24; 24; 41; 83; 29; 72; 79; 79; 35; 40
8,16,0.13373,0.5,35; 8; 83; 15; 83; 31; 16; 34; 7; 77
71,85,0.07383,0.83529,43; 71; 13; 76; 63; 23; 85; 77; 28; 33
20,66,0.11141,0.30303,28; 20; 32; 42; 58; 71; 66; 71; 84; 20
29,84,0.08939,0.34524,69; 29; 35; 40; 18; 63; 84; 9; 68; 8
16,48,0.13164,0.33333,35; 16; 56; 19; 15; 85; 48; 8; 54; 19
14,17,0.13153,0.82353,56; 14; 69; 59; 18; 41; 17; 77; 84; 55
36,45,0.13379,0.8,82; 36; 10; 36; 68; 63; 45; 65; 44; 16
20,36,0.13718,0.55556,84; 20; 60; 53; 59; 59; 36; 32; 11; 61
21,65,0.11343,0.32308,58; 21; 79; 73; 12; 17; 65; 43; 47; 64
43,75,0.10611,0.57333,78; 43; 67; 52; 12; 24; 75; 25; 71; 80
38,67,0.11165,0.56716,73; 38; 53; 43; 19; 75; 67; 61; 26; 42
16,55,0.1291,0.29091,45; 16; 49; 39; 48; 66; 55; 43; 31; 20
29,79,0.1016,0.36709,44; 29; 31; 59; 68; 16; 79; 27; 6; 12
27,73,0.10017,0.36986,7; 27; 72; 16; 37; 80; 73; 11; 41; 70
61,76,0.08462,0.80263,72; 61; 9; 83; 14; 20; 76; 77; 32; 57
62,78,0.08601,0.79487,79; 62; 77; 31; 8; 25; 78; 25; 52; 26
59,74,0.08717,0.7973,22; 59; 78; 5; 15; 13; 74; 74; 18; 64
63,79,0.08453,0.79747,79; 63; 30; 61; 48; 35; 79; 17; 61; 33
24,75,0.10412,0.32,64; 24; 77; 71; 23; 56; 75; 61; 56; 20
7,23,0.1277,0.30435,7; 7; 83; 33; 39; 60; 23; 38; 80; 34
25,82,0.08992,0.30488,9; 25; 28; 37; 8; 34; 82; 52; 32; 64
20,40,0.13651,0.5,8; 20; 23; 73; 61; 16; 40; 55; 7; 42
54,68,0.09852,0.79412,74; 54; 48; 14; 76; 63; 68; 39; 31; 32
28,80,0.09676,0.35,15; 28; 73; 70; 81; 10; 80; 71; 60; 24
71,85,0.07838,0.83529,46; 71; 12; 6; 36; 22; 85; 44; 79; 6
67,85,0.0757,0.78824,38; 67; 71; 27; 63; 70; 85; 41; 67; 15
11,30,0.1387,0.36667,37; 11; 76; 39; 15; 60; 30; 16; 73; 46
60,76,0.09596,0.78947,66; 60; 63; 62; 48; 51; 76; 82; 32; 9
33,42,0.13518,0.78571,61; 33; 65; 45; 49; 82; 42; 65; 36; 51
38,76,0.10076,0.5,39; 38; 8; 57; 54; 74; 76; 11; 14; 14
34,60,0.1176,0.56667,14; 34; 82; 84; 64; 49; 60; 85; 50; 28
15,30,0.13148,0.5,29; 15; 16; 13; 54; 73; 30; 13; 27; 81
21,76,0.09706,0.27632,44; 21; 36; 20; 42; 5; 76; 64; 68; 45
16,20,0.12798,0.8,17; 16; 50; 49; 52; 46; 20; 6; 70; 56
19,24,0.13631,0.79167,60; 19; 47; 73; 69; 84; 24; 72; 34; 69
9,30,0.13977,0.3,80; 9; 20; 10; 48; 8; 30; 51; 69; 61
15,47,0.13193,0.31915,41; 15; 23; 56; 62; 63; 47; 75; 45; 7
6,13,0.11566,0.46154,79; 6; 61; 30; 84; 70; 13; 13; 74; 79
20,85,0.09407,0.23529,47; 20; 55; 6; 82; 40; 85; 55; 59; 34
5,15,0.09853,0.33333,36; 5; 6; 61; 57; 51; 15; 10; 18; 23
32,57,0.13265,0.5614,75; 32; 33; 66; 75; 9; 57; 55; 28; 83
36,74,0.10269,0.48649,68; 36; 83; 47; 46; 74; 74; 69; 82; 80
28,81,0.09422,0.34568,24; 28; 58; 8; 20; 75; 81; 39; 62; 15
40,49,0.13682,0.81633,68; 40; 30; 76; 80; 56; 49; 9; 60; 41
28,81,0.09573,0.34568,49; 28; 14; 6; 82; 71; 81; 59; 12; 44
8,25,0.13714,0.32,26; 8; 47; 17; 10; 22; 25; 24; 41; 29
17,70,0.11033,0.24286,13; 17; 70; 45; 8; 77; 70; 43; 52; 46
8,34,0.13957,0.23529,13; 8; 67; 34; 29; 20; 34; 50; 22; 48
15,30,0.13894,0.5,23; 15; 36; 10; 43; 62; 30; 65; 26; 74
21,37,0.13132,0.56757,20; 21; 65; 51; 25; 73; 37; 78; 79; 72
58,71,0.09355,0.8169,60; 58; 43; 69; 49; 14; 71; 67; 28; 74
17,37,0.13432,0.45946,44; 17; 8; 7; 41; 46; 37; 68; 69; 50
22,39,0.13141,0.5641,43; 22; 12; 26; 33; 85; 39; 80; 76; 22
27,34,0.13738,0.79412,12; 27; 81; 22; 27; 44; 34; 34; 18; 50
29,52,0.13001,0.55769,7; 29; 62; 34; 31; 38; 52; 48; 31; 59
20,84,0.09049,0.2381,13; 20; 8; 64; 84; 31; 84; 84; 10; 66
20,36,0.13577,0.55556,23; 20; 78; 55; 25; 75; 36; 12; 41; 6
63,80,0.08334,0.7875,68; 63; 77; 77; 53; 82; 80; 51; 30; 71
30,65,0.11256,0.46154,57; 30; 72; 72; 63; 24; 65; 65; 84; 9
14,49,0.12641,0.28571,75; 14; 80; 49; 69; 48; 49; 5; 33; 27
15,62,0.11407,0.24194,72; 15; 62; 43; 71; 14; 62; 21; 29; 45
48,61,0.11878,0.78689,52; 48; 22; 47; 48; 66; 61; 5; 85; 62
7,21,0.12308,0.33333,73; 7; 5; 11; 44; 38; 21; 9; 20; 48
18,32,0.12864,0.5625,41; 18; 49; 80; 83; 74; 32; 28; 20; 9
32,40,0.1384,0.8,71; 32; 57; 82; 45; 38; 40; 53; 77; 79
24,48,0.12883,0.5,57; 24; 75; 29; 21; 80; 48; 48; 16; 85
11,44,0.13849,0.25,32; 11; 80; 55; 5; 35; 44; 39; 68; 30
32,64,0.11604,0.5,56; 32; 27; 16; 5; 59; 64; 32; 65; 5
17,51,0.12656,0.33333,48; 17; 29; 33; 44; 52; 51; 43; 34; 77
6,20,0.11305,0.3,83; 6; 64; 51; 46; 78; 20; 40; 25; 85
13,23,0.13701,0.56522,11; 13; 83; 32; 81; 80; 23; 71; 30; 57
52,65,0.1118,0.8,54; 52; 47; 80; 42; 54; 65; 33; 45; 44
48,61,0.11809,0.78689,28; 48; 65; 82; 14; 42; 61; 50; 42; 10
18,75,0.09575,0.24,5; 18; 8; 19; 49; 64; 75; 33; 60; 54
23,62,0.1234,0.37097,68; 23; 58; 9; 51; 33; 62; 31; 6; 62
24,83,0.09442,0.28916,60; 24; 18; 61; 26; 35; 83; 14; 73; 18
7,20,0.12212,0.35,61; 7; 72; 24; 71; 33; 20; 19; 80; 77
18,49,0.12998,0.36735,49; 18; 70; 61; 66; 10; 49; 41; 64; 67
51,61,0.11313,0.83607,36; 51; 65; 32; 45; 5; 61; 66; 44; 14
22,79,0.09706,0.27848,16; 22; 12; 28; 24; 74; 79; 68; 51; 83
66,84,0.07677,0.78571,68; 66; 22; 13; 54; 18; 84; 47; 19; 36
52,66,0.10615,0.78788,28; 52; 8; 71; 47; 57; 66; 59; 25; 49
9,27,0.13784,0.33333,49; 9; 25; 73; 32; 66; 27; 9; 46; 64
22,59,0.12509,0.37288,24; 22; 7; 81; 49; 24; 59; 10; 49; 49
6,24,0.11745,0.25,54; 6; 63; 61; 81; 27; 24; 82; 39; 76
25,72,0.11469,0.34722,51; 25; 57; 65; 80; 17; 72; 84; 18; 41
6,24,0.11361,0.25,28; 6; 41; 36; 72; 69; 24; 68; 54; 71
22,69,0.10449,0.31884,41; 22; 78; 28; 39; 38; 69; 57; 10; 16
54,63,0.10798,0.85714,75; 54; 22; 15; 81; 78; 63; 35; 27; 29
7,19,0.12344,0.36842,38; 7; 45; 50; 80; 32; 19; 8; 68; 46
60,73,0.09375,0.82192,48; 60; 54; 37; 56; 21; 73; 69; 37; 78
24,83,0.08694,0.28916,30; 24; 33; 31; 41; 46; 83; 73; 52; 47
29,82,0.09027,0.35366,33; 29; 10; 31; 50; 66; 82; 34; 21; 40
27,85,0.09909,0.31765,48; 27; 83; 82; 29; 77; 85; 9; 32; 55
37,75,0.10471,0.49333,11; 37; 51; 44; 20; 25; 75; 7; 56; 69
19,79,0.09658,0.24051,80; 19; 28; 38; 8; 50; 79; 28; 50; 54
42,85,0.1026,0.49412,77; 42; 79; 57; 61; 44; 85; 65; 45; 37
50,63,0.11834,0.79365,53; 50; 60; 42; 78; 80; 63; 7; 65; 36
20,67,0.10015,0.29851,23; 20; 71; 78; 39; 52; 67; 84; 45; 12
23,47,0.12866,0.48936,7; 23; 61; 75; 60; 20; 47; 81; 68; 75
18,74,0.09997,0.24324,71; 18; 32; 75; 17; 34; 74; 78; 20; 51
26,79,0.09805,0.32911,82; 26; 15; 62; 47; 9; 79; 32; 20; 25
30,85,0.09042,0.35294,48; 30; 53; 77; 48; 28; 85; 33; 81; 64
30,65,0.11859,0.46154,29; 30; 44; 44; 19; 80; 65; 48; 54; 74
37,76,0.10683,0.48684,17; 37; 27; 9; 11; 14; 76; 71; 57; 9
25,78,0.10094,0.32051,69; 25; 80; 75; 67; 52; 78; 34; 6; 31
64,76,0.08637,0.84211,56; 64; 13; 39; 12; 35; 76; 35; 17; 42
61,77,0.08563,0.79221,12; 61; 66; 76; 31; 29; 77; 23; 42; 82
5,17,0.10813,0.29412,75; 5; 61; 48; 80; 27; 17; 52; 23; 37
56,70,0.0977,0.8,48; 56; 72; 29; 12; 32; 70; 44; 81; 82
21,46,0.13016,0.45652,59; 21; 41; 24; 46; 72; 46; 45; 31; 30
10,31,0.14031,0.32258,47; 10; 30; 35; 59; 57; 31; 51; 23; 29
16,53,0.12685,0.30189,61; 16; 10; 54; 80; 70; 53; 82; 73; 69
70,81,0.07873,0.8642,82; 70; 21; 34; 21; 52; 81; 46; 49; 52
17,35,0.13027,0.48571,79; 17; 25; 41; 54; 7; 35; 76; 68; 43
45,80,0.10614,0.5625,15; 45; 27; 50; 35; 40; 80; 65; 67; 77
47,59,0.12097,0.79661,17; 47; 33; 10; 57; 32; 59; 43; 58; 80
21,72,0.10463,0.29167,83; 21; 14; 8; 61; 31; 72; 73; 51; 64
61,77,0.08789,0.79221,51; 61; 85; 25; 17; 9; 77; 67; 29; 5
37,46,0.14248,0.80435,61; 37; 37; 15; 84; 70; 46; 49; 60; 82
37,66,0.11439,0.56061,7; 37; 63; 69; 46; 14; 66; 30; 75; 54
45,80,0.11093,0.5625,52; 45; 19; 25; 54; 77; 80; 16; 5; 54
14,59,0.11621,0.23729,12; 14; 64; 79; 34; 12; 59; 21; 32; 31
28,79,0.09188,0.35443,82; 28; 20; 47; 14; 31; 79; 30; 50; 26
41,83,0.09496,0.49398,58; 41; 32; 69; 51; 47; 83; 28; 24; 71
39,79,0.09324,0.49367,70; 39; 51; 9; 24; 77; 79; 85; 74; 49
28,76,0.09784,0.36842,45; 28; 34; 77; 11; 33; 76; 10; 57; 47
17,53,0.12857,0.32075,38; 17; 30; 39; 5; 25; 53; 79; 49; 29
49,60,0.12085,0.81667,54; 49; 60; 60; 32; 61; 60; 55; 85; 52
6,12,0.11573,0.5,16; 6; 30; 36; 76; 72; 12; 65; 28; 50
31,62,0.12663,0.5,75; 31; 63; 85; 81; 68; 62; 26; 33; 31
31,68,0.1135,0.45588,69; 31; 21; 66; 85; 65; 68; 49; 20; 33
45,80,0.09926,0.5625,76; 45; 66; 81; 57; 39; 80; 44; 31; 52
65,81,0.08545,0.80247,80; 65; 25; 58; 7; 82; 81; 53; 8; 62
36,64,0.11078,0.5625,26; 36; 60; 37; 63; 74; 64; 73; 20; 64
61,73,0.09041,0.83562,78; 61; 51; 36; 37; 56; 73; 39; 13; 50
65,79,0.0851,0.82278,34; 65; 50; 7; 59; 39; 79; 57; 31; 44
5,18,0.09956,0.27778,12; 5; 75; 77; 36; 46; 18; 6; 25; 52
10,42,0.14254,0.2381,85; 10; 21; 11; 73; 62; 42; 59; 38; 15
23,78,0.09537,0.29487,48; 23; 45; 72; 57; 10; 78; 12; 49; 39
22,63,0.11623,0.34921,59; 22; 65; 20; 66; 29; 63; 56; 24; 77
24,82,0.09442,0.29268,39; 24; 32; 9; 10; 12; 82; 56; 26; 62
24,65,0.11296,0.36923,65; 24; 27; 44; 24; 15; 65; 57; 62; 27
8,16,0.13224,0.5,26; 8; 42; 38; 78; 79; 16; 53; 23; 77
21,70,0.11175,0.3,32; 21; 52; 74; 84; 25; 70; 51; 30; 5
22,76,0.10441,0.28947,50; 22; 45; 14; 46; 15; 76; 15; 58; 47
9,11,0.14165,0.81818,53; 9; 50; 70; 69; 56; 11; 8; 84; 60
16,49,0.12909,0.32653,6; 16; 55; 82; 24; 7; 49; 24; 39; 47
45,80,0.10379,0.5625,6; 45; 46; 23; 37; 76; 80; 43; 28; 76
18,75,0.10052,0.24,17; 18; 57; 5; 56; 9; 75; 49; 83; 30
60,76,0.08938,0.78947,8; 60; 20; 6; 12; 48; 76; 77; 78; 35
38,68,0.10982,0.55882,60; 38; 69; 32; 37; 27; 68; 60; 24; 79
18,39,0.13557,0.46154,34; 18; 11; 52; 5; 73; 39; 71; 49; 63
7,24,0.1253,0.29167,27; 7; 13; 68; 29; 68; 24; 64; 35; 21
19,67,0.11417,0.28358,46; 19; 69; 83; 53; 76; 67; 19; 11; 75
19,80,0.09534,0.2375,13; 19; 45; 54; 44; 81; 80; 44; 77; 55
53,67,0.105,0.79104,29; 53; 10; 27; 70; 31; 67; 47; 46; 5
8,10,0.14089,0.8,24; 8; 74; 47; 33; 47; 10; 50; 64; 76
48,61,0.11369,0.78689,38; 48; 55; 25; 11; 57; 61; 17; 33; 85
64,76,0.08662,0.84211,67; 64; 67; 15; 66; 41; 76; 52; 44; 39
53,66,0.10906,0.80303,51; 53; 32; 49; 83; 74; 66; 32; 24; 7
37,43,0.14148,0.86047,49; 37; 58; 46; 78; 22; 43; 44; 77; 59
17,67,0.11553,0.25373,79; 17; 62; 40; 59; 37; 67; 50; 66; 21
19,51,0.13079,0.37255,21; 19; 36; 38; 5; 44; 51; 31; 79; 49
29,83,0.09639,0.3494,67; 29; 8; 35; 62; 60; 83; 8; 57; 25
14,40,0.12798,0.35,75; 14; 70; 84; 40; 74; 40; 29; 36; 15
22,28,0.13227,0.78571,61; 22; 63; 39; 39; 18; 28; 21; 76; 21
16,66,0.11657,0.24242,32; 16; 71; 47; 85; 61; 66; 63; 67; 70
17,51,0.13284,0.33333,26; 17; 30; 20; 11; 21; 51; 30; 59; 58
12,50,0.13581,0.24,12; 12; 45; 49; 48; 10; 50; 14; 34; 5
72,84,0.07406,0.85714,43; 72; 11; 36; 33; 12; 84; 37; 83; 26
45,80,0.09972,0.5625,44; 45; 8; 10; 32; 30; 80; 12; 6; 33
38,83,0.09735,0.45783,24; 38; 29; 81; 31; 43; 83; 13; 42; 11
17,72,0.11006,0.23611,81; 17; 36; 34; 32; 76; 72; 11; 28; 42
23,77,0.10361,0.2987,62; 23; 9; 26; 39; 77; 77; 65; 13; 57
25,50,0.13594,0.5,54; 25; 78; 80; 82; 63; 50; 34; 51; 74
57,68,0.0994,0.83824,26; 57; 10; 79; 71; 50; 68; 65; 48; 22
18,55,0.1334,0.32727,25; 18; 73; 20; 46; 52; 55; 41; 61; 6
21,46,0.14084,0.45652,5; 21; 85; 38; 26; 21; 46; 76; 69; 77
23,82,0.09602,0.28049,29; 23; 74; 21; 13; 44; 82; 64; 67; 53
6,18,0.11507,0.33333,43; 6; 12; 46; 42; 80; 18; 33; 56; 8
65,76,0.0828,0.85526,80; 65; 47; 83; 63; 74; 76; 44; 48; 26
27,84,0.09453,0.32143,60; 27; 76; 59; 64; 65; 84; 26; 33; 60
20,71,0.11018,0.28169,31; 20; 84; 69; 41; 28; 71; 35; 30; 55
17,37,0.13632,0.45946,28; 17; 36; 72; 9; 20; 37; 52; 12; 10
44,78,0.11125,0.5641,77; 44; 66; 80; 83; 84; 78; 51; 68; 84
40,49,0.13386,0.81633,20; 40; 42; 73; 67; 25; 49; 32; 35; 51
19,60,0.12307,0.31667,31; 19; 81; 8; 18; 64; 60; 55; 19; 9
17,69,0.10674,0.24638,65; 17; 17; 58; 46; 69; 69; 31; 13; 58
44,55,0.1347,0.8,85; 44; 42; 79; 33; 26; 55; 20; 6; 8
20,68,0.109,0.29412,17; 20; 72; 43; 5; 6; 68; 14; 83; 32
37,46,0.13948,0.80435,58; 37; 77; 60; 64; 23; 46; 52; 32; 44
37,45,0.13625,0.82222,31; 37; 22; 68; 52; 69; 45; 5; 7; 74
32,69,0.10664,0.46377,30; 32; 20; 19; 50; 51; 69; 46; 30; 52
19,64,0.11558,0.29688,39; 19; 13; 28; 24; 71; 64; 29; 16; 84
29,52,0.12361,0.55769,62; 29; 35; 70; 36; 85; 52; 79; 17; 15
44,51,0.12917,0.86275,84; 44; 12; 77; 74; 55; 51; 25; 22; 12
23,78,0.10029,0.29487,71; 23; 56; 81; 31; 78; 78; 66; 47; 40
37,45,0.1352,0.82222,80; 37; 21; 19; 28; 47; 45; 76; 18; 71
11,14,0.13955,0.78571,48; 11; 63; 42; 64; 82; 14; 53; 81; 23
16,20,0.1279,0.8,41; 16; 43; 54; 34; 27; 20; 73; 62; 15
55,67,0.10575,0.8209,63; 55; 76; 74; 21; 52; 67; 70; 20; 52
61,74,0.09713,0.82432,47; 61; 78; 23; 10; 55; 74; 73; 30; 14
17,61,0.11974,0.27869,84; 17; 29; 11; 22; 38; 61; 17; 9; 53
27,33,0.13519,0.81818,40; 27; 50; 80; 35; 57; 33; 42; 38; 78
26,75,0.10442,0.34667,49; 26; 31; 55; 45; 10; 75; 57; 77; 12
20,60,0.12299,0.33333,74; 20; 9; 17; 15; 63; 60; 62; 66; 10
11,14,0.13635,0.78571,15; 11; 18; 27; 26; 70; 14; 57; 10; 80
24,43,0.14254,0.55814,31; 24; 70; 34; 12; 77; 43; 40; 63; 71
7,14,0.11907,0.5,57; 7; 48; 51; 44; 24; 14; 19; 61; 15
19,57,0.12223,0.33333,61; 19; 10; 61; 21; 17; 57; 30; 25; 62
24,42,0.12977,0.57143,65; 24; 51; 68; 29; 63; 42; 30; 38; 69
36,73,0.10485,0.49315,28; 36; 13; 17; 71; 75; 73; 45; 38; 74
23,83,0.09657,0.27711,47; 23; 61; 49; 50; 56; 83; 13; 68; 64
11,45,0.14477,0.24444,81; 11; 67; 84; 17; 50; 45; 71; 73; 12
22,60,0.12442,0.36667,77; 22; 11; 59; 60; 64; 60; 53; 43; 17
15,41,0.13392,0.36585,37; 15; 15; 46; 54; 52; 41; 24; 57; 82
22,67,0.11114,0.32836,16; 22; 73; 24; 39; 36; 67; 11; 69; 28
17,46,0.13508,0.36957,72; 17; 21; 33; 56; 29; 46; 74; 14; 84
47,56,0.12545,0.83929,31; 47; 52; 44; 74; 82; 56; 17; 61; 22
67,82,0.07486,0.81707,36; 67; 49; 62; 22; 66; 82; 42; 63; 46
40,70,0.1099,0.57143,30; 40; 29; 74; 51; 61; 70; 17; 22; 7
48,61,0.1192,0.78689,82; 48; 27; 20; 63; 53; 61; 82; 5; 9
37,74,0.10226,0.5,63; 37; 15; 85; 26; 27; 74; 14; 49; 75
18,54,0.12248,0.33333,23; 18; 34; 16; 77; 37; 54; 75; 22; 68
26,82,0.092,0.31707,71; 26; 14; 64; 82; 43; 82; 35; 42; 38
52,65,0.11365,0.8,63; 52; 56; 14; 14; 41; 65; 49; 66; 47
41,84,0.09782,0.4881,54; 41; 9; 6; 12; 51; 84; 65; 5; 59
17,53,0.13423,0.32075,82; 17; 23; 36; 9; 65; 53; 36; 53; 50
36,78,0.09446,0.46154,55; 36; 40; 66; 71; 47; 78; 42; 63; 8
14,57,0.12074,0.24561,83; 14; 9; 8; 73; 77; 57; 67; 66; 32
5,15,0.10665,0.33333,63; 5; 13; 60; 14; 77; 15; 60; 77; 66
65,81,0.07954,0.80247,30; 65; 59; 76; 20; 45; 81; 33; 27; 26
15,60,0.11692,0.25,84; 15; 70; 27; 40; 48; 60; 78; 39; 67
18,76,0.10051,0.23684,75; 18; 48; 66; 7; 45; 76; 66; 50; 13
26,52,0.12706,0.5,26; 26; 79; 80; 56; 37; 52; 83; 42; 26
20,67,0.11157,0.29851,79; 20; 74; 6; 67; 24; 67; 26; 6; 76
25,68,0.10652,0.36765,54; 25; 74; 19; 42; 73; 68; 30; 63; 47
41,73,0.10412,0.56164,54; 41; 71; 42; 81; 39; 73; 57; 70; 17
35,44,0.13497,0.79545,72; 35; 53; 61; 56; 39; 44; 67; 40; 80
31,39,0.14037,0.79487,49; 31; 34; 74; 15; 70; 39; 79; 58; 21
9,26,0.13662,0.34615,49; 9; 14; 47; 24; 56; 26; 30; 57; 78
23,50,0.12542,0.46,71; 23; 30; 45; 74; 74; 50; 63; 52; 80
16,65,0.11327,0.24615,71; 16; 6; 33; 75; 63; 65; 31; 42; 30
24,80,0.10174,0.3,19; 24; 41; 18; 23; 66; 80; 74; 74; 69
6,25,0.11902,0.24,76; 6; 50; 40; 53; 58; 25; 41; 81; 39
12,15,0.13396,0.8,75; 12; 45; 72; 16; 73; 15; 10; 13; 36
71,85,0.07399,0.83529,84; 71; 24; 55; 69; 11; 85; 53; 68; 6
15,51,0.12726,0.29412,79; 15; 75; 80; 33; 62; 51; 29; 24; 18
46,80,0.09764,0.575,80; 46; 83; 56; 18; 22; 80; 29; 46; 52
28,57,0.1276,0.49123,34; 28; 6; 85; 47; 67; 57; 5; 60; 20
14,56,0.12829,0.25,34; 14; 16; 74; 20; 33; 56; 26; 28; 73
7,29,0.12914,0.24138,51; 7; 16; 73; 52; 20; 29; 84; 19; 21
11,31,0.13547,0.35484,50; 11; 77; 75; 22; 12; 31; 59; 53; 41
21,74,0.10445,0.28378,75; 21; 84; 20; 8; 42; 74; 69; 52; 70
21,37,0.13693,0.56757,33; 21; 72; 24; 6; 65; 37; 44; 32; 84
16,58,0.12068,0.27586,30; 16; 83; 13; 44; 8; 58; 77; 49; 80
37,43,0.13661,0.86047,52; 37; 20; 26; 38; 56; 43; 15; 21; 27
27,84,0.09401,0.32143,60; 27; 61; 40; 63; 80; 84; 45; 35; 11
40,81,0.09553,0.49383,16; 40; 8; 47; 61; 32; 81; 19; 5; 32
22,69,0.10879,0.31884,64; 22; 81; 10; 67; 31; 69; 75; 12; 29
20,40,0.13446,0.5,13; 20; 41; 9; 13; 42; 40; 84; 39; 12
41,50,0.13537,0.82,57; 41; 58; 79; 38; 81; 50; 41; 68; 26
10,20,0.13572,0.5,22; 10; 85; 82; 28; 52; 20; 8; 39; 27
16,28,0.13369,0.57143,13; 16; 73; 60; 15; 43; 28; 58; 62; 58
5,18,0.09986,0.27778,39; 5; 29; 32; 56; 5; 18; 23; 36; 62
26,71,0.11155,0.3662,22; 26; 46; 13; 62; 15; 71; 79; 51; 11
20,72,0.10027,0.27778,17; 20; 62; 24; 28; 70; 72; 83; 46; 12
35,44,0.14561,0.79545,42; 35; 25; 17; 26; 59; 44; 18; 59; 41
33,68,0.11158,0.48529,49; 33; 38; 44; 18; 28; 68; 29; 46; 57
23,63,0.11558,0.36508,38; 23; 62; 73; 7; 10; 63; 20; 45; 17
11,24,0.13737,0.45833,53; 11; 42; 82; 59; 49; 24; 12; 7; 72
15,45,0.13944,0.33333,67; 15; 81; 85; 38; 30; 45; 29; 57; 31
26,46,0.13906,0.56522,31; 26; 5; 10; 81; 78; 46; 77; 76; 44
36,64,0.12344,0.5625,50; 36; 79; 38; 49; 61; 64; 9; 67; 71
13,55,0.12806,0.23636,81; 13; 58; 6; 64; 36; 55; 40; 13; 57
25,72,0.10342,0.34722,83; 25; 33; 34; 63; 9; 72; 44; 71; 16
66,79,0.08156,0.83544,18; 66; 85; 31; 26; 15; 79; 8; 60; 72
59,70,0.0988,0.84286,70; 59; 67; 77; 39; 85; 70; 79; 15; 9
24,49,0.12859,0.4898,23; 24; 51; 56; 77; 19; 49; 16; 84; 33
24,73,0.10349,0.32877,65; 24; 80; 11; 63; 44; 73; 22; 45; 52
43,75,0.10386,0.57333,41; 43; 50; 11; 39; 55; 75; 82; 47; 6
15,45,0.13117,0.33333,71; 15; 12; 8; 55; 43; 45; 52; 8; 63
20,72,0.10198,0.27778,22; 20; 14; 58; 52; 6; 72; 47; 10; 79
41,83,0.09429,0.49398,14; 41; 74; 70; 14; 46; 83; 61; 83; 70
17,59,0.12218,0.28814,14; 17; 82; 36; 69; 58; 59; 36; 6; 53
16,35,0.13708,0.45714,7; 16; 61; 84; 54; 13; 35; 7; 74; 24
68,79,0.08122,0.86076,42; 68; 19; 10; 5; 31; 79; 5; 29; 20
29,58,0.11964,0.5,71; 29; 53; 36; 77; 70; 58; 36; 59; 20
6,13,0.11196,0.46154,83; 6; 69; 74; 46; 59; 13; 17; 26; 72
5,15,0.10106,0.33333,49; 5; 83; 64; 15; 11; 15; 9; 24; 12
46,55,0.12739,0.83636,78; 46; 5; 6; 20; 57; 55; 26; 77; 12
26,52,0.13152,0.5,82; 26; 43; 48; 81; 84; 52; 77; 18; 58
18,72,0.10538,0.25,29; 18; 48; 9; 6; 11; 72; 19; 53; 46
34,60,0.12233,0.56667,40; 34; 77; 11; 27; 54; 60; 82; 9; 48
24,83,0.10134,0.28916,6; 24; 12; 55; 70; 30; 83; 10; 71; 40
25,71,0.10784,0.35211,49; 25; 13; 45; 66; 15; 71; 30; 38; 58
8,10,0.13679,0.8,37; 8; 12; 22; 47; 31; 10; 80; 50; 49
23,62,0.12109,0.37097,81; 23; 80; 58; 41; 33; 62; 83; 41; 45
41,83,0.09795,0.49398,30; 41; 45; 47; 22; 79; 83; 32; 81; 64
66,82,0.08361,0.80488,37; 66; 51; 26; 16; 83; 82; 17; 72; 9
6,19,0.11409,0.31579,52; 6; 7; 45; 41; 23; 19; 16; 26; 65
35,63,0.12064,0.55556,45; 35; 81; 79; 28; 26; 63; 36; 82; 25
33,68,0.11732,0.48529,13; 33; 77; 61; 56; 45; 68; 85; 30; 82
32,39,0.13754,0.82051,35; 32; 34; 77; 52; 58; 39; 63; 20; 43
19,38,0.14291,0.5,21; 19; 55; 55; 36; 35; 38; 66; 80; 36
19,38,0.13067,0.5,41; 19; 5; 71; 31; 36; 38; 80; 69; 60
5,15,0.10031,0.33333,75; 5; 78; 31; 14; 38; 15; 47; 46; 41
22,78,0.09506,0.28205,33; 22; 20; 13; 42; 65; 78; 33; 71; 27
23,46,0.13484,0.5,49; 23; 17; 35; 80; 43; 46; 12; 70; 84
7,19,0.13388,0.36842,71; 7; 51; 85; 43; 43; 19; 43; 77; 78
40,70,0.11115,0.57143,42; 40; 59; 8; 12; 53; 70; 17; 59; 19
8,24,0.13615,0.33333,73; 8; 32; 78; 25; 52; 24; 47; 53; 40
21,75,0.09969,0.28,82; 21; 54; 69; 58; 76; 75; 14; 69; 78
27,84,0.09028,0.32143,25; 27; 66; 19; 26; 24; 84; 63; 82; 21
61,74,0.09354,0.82432,35; 61; 70; 11; 54; 25; 74; 46; 61; 58
35,72,0.10933,0.48611,65; 35; 62; 72; 60; 49; 72; 23; 25; 25
52,62,0.1171,0.83871,64; 52; 78; 82; 41; 61; 62; 6; 62; 54
23,47,0.13567,0.48936,60; 23; 35; 35; 40; 15; 47; 72; 57; 45
21,73,0.10362,0.28767,11; 21; 49; 17; 44; 18; 73; 38; 22; 32
12,14,0.1369,0.85714,40; 12; 63; 38; 7; 8; 14; 62; 43; 25
7,19,0.12517,0.36842,21; 7; 63; 76; 20; 65; 19; 50; 9; 57
17,67,0.10952,0.25373,19; 17; 9; 45; 39; 22; 67; 77; 8; 16
27,54,0.12473,0.5,54; 27; 62; 65; 49; 40; 54; 7; 43; 71
21,65,0.11526,0.32308,36; 21; 17; 83; 14; 46; 65; 6; 42; 64
60,73,0.09883,0.82192,46; 60; 84; 18; 36; 33; 73; 72; 45; 62
19,60,0.11906,0.31667,22; 19; 39; 25; 65; 34; 60; 37; 64; 50
23,78,0.10108,0.29487,23; 23; 77; 24; 46; 55; 78; 14; 66; 62
9,36,0.14433,0.25,75; 9; 81; 36; 65; 44; 36; 62; 83; 14
23,76,0.09879,0.30263,37; 23; 19; 82; 62; 62; 76; 21; 50; 9
16,58,0.12152,0.27586,21; 16; 56; 10; 19; 29; 58; 28; 46; 66
8,28,0.14273,0.28571,19; 8; 5; 77; 47; 20; 28; 49; 34; 30
24,81,0.10132,0.2963,66; 24; 28; 20; 63; 63; 81; 80; 6; 39
65,82,0.07717,0.79268,64; 65; 52; 36; 23; 37; 82; 38; 28; 38
55,70,0.0973,0.78571,24; 55; 39; 14; 43; 62; 70; 10; 57; 7
64,76,0.08696,0.84211,12; 64; 72; 6; 59; 53; 76; 55; 64; 55
14,25,0.13363,0.56,21; 14; 66; 23; 24; 47; 25; 18; 44; 84
19,22,0.12715,0.86364,9; 19; 75; 5; 46; 63; 22; 61; 10; 22
29,51,0.13442,0.56863,57; 29; 72; 19; 12; 6; 51; 78; 32; 23
40,70,0.10274,0.57143,76; 40; 75; 75; 50; 45; 70; 68; 5; 22
31,84,0.09449,0.36905,60; 31; 37; 55; 49; 8; 84; 43; 82; 30
29,82,0.10552,0.35366,63; 29; 24; 83; 57; 43; 82; 61; 73; 17
21,83,0.0857,0.25301,79; 21; 84; 51; 12; 73; 83; 77; 49; 6
15,53,0.12226,0.28302,63; 15; 38; 82; 43; 17; 53; 59; 42; 44
19,79,0.09398,0.24051,11; 19; 44; 5; 32; 13; 79; 18; 57; 24
15,27,0.13485,0.55556,22; 15; 35; 11; 36; 46; 27; 37; 23; 63
23,71,0.10729,0.32394,9; 23; 40; 82; 76; 12; 71; 63; 36; 24
17,59,0.11612,0.28814,67; 17; 6; 31; 64; 51; 59; 11; 75; 34
48,60,0.1205,0.8,80; 48; 62; 36; 84; 39; 60; 75; 56; 66
25,72,0.10214,0.34722,65; 25; 66; 67; 47; 14; 72; 16; 22; 48
28,80,0.09235,0.35,14; 28; 57; 29; 20; 42; 80; 18; 59; 66
32,64,0.12315,0.5,59; 32; 11; 37; 13; 54; 64; 27; 65; 43
52,65,0.11148,0.8,58; 52; 78; 12; 52; 48; 65; 38; 65; 67
20,41,0.13659,0.4878,57; 20; 68; 6; 80; 49; 41; 69; 57; 27
22,77,0.09612,0.28571,54; 22; 83; 68; 66; 77; 77; 15; 31; 60
66,82,0.07894,0.80488,79; 66; 39; 40; 50; 11; 82; 39; 54; 77
41,84,0.0986,0.4881,53; 41; 13; 47; 19; 55; 84; 31; 38; 47
7,21,0.11957,0.33333,24; 7; 62; 52; 50; 31; 21; 19; 65; 57
18,52,0.12462,0.34615,42; 18; 50; 80; 50; 74; 52; 52; 70; 29
7,23,0.12919,0.30435,35; 7; 67; 39; 23; 73; 23; 28; 61; 56
67,85,0.07539,0.78824,20; 67; 71; 6; 57; 39; 85; 45; 46; 78
25,76,0.09371,0.32895,53; 25; 44; 29; 41; 51; 76; 49; 70; 46
24,84,0.09648,0.28571,50; 24; 53; 66; 24; 19; 84; 12; 84; 75
15,50,0.1297,0.3,36; 15; 54; 38; 40; 47; 50; 18; 46; 24
41,72,0.11451,0.56944,31; 41; 73; 12; 55; 51; 72; 40; 78; 85
13,51,0.12869,0.2549,70; 13; 68; 25; 15; 51; 51; 34; 52; 49
43,77,0.11016,0.55844,21; 43; 22; 84; 58; 75; 77; 36; 78; 71
17,48,0.13032,0.35417,20; 17; 28; 42; 50; 49; 48; 35; 83; 32
41,49,0.14001,0.83673,22; 41; 44; 38; 83; 7; 49; 48; 65; 35
27,82,0.09561,0.32927,61; 27; 52; 35; 24; 47; 82; 64; 65; 20
18,52,0.12344,0.34615,46; 18; 14; 83; 15; 64; 52; 39; 45; 71
15,63,0.1131,0.2381,62; 15; 69; 59; 27; 68; 63; 60; 9; 10
18,36,0.12628,0.5,10; 18; 72; 20; 31; 11; 36; 18; 58; 40
24,72,0.10033,0.33333,68; 24; 45; 21; 80; 22; 72; 37; 77; 16
43,51,0.13274,0.84314,76; 43; 83; 28; 18; 77; 51; 45; 46; 23
39,80,0.09805,0.4875,68; 39; 65; 51; 48; 13; 80; 7; 12; 81
14,55,0.13124,0.25455,69; 14; 35; 62; 5; 38; 55; 72; 85; 62
30,82,0.09972,0.36585,22; 30; 41; 56; 33; 39; 82; 81; 79; 84
28,35,0.13174,0.8,27; 28; 77; 64; 9; 55; 35; 16; 75; 45
24,30,0.14217,0.8,21; 24; 28; 85; 73; 58; 30; 15; 41; 51
56,65,0.1032,0.86154,34; 56; 35; 72; 75; 55; 65; 65; 15; 47
29,79,0.09511,0.36709,48; 29; 74; 26; 55; 41; 79; 17; 7; 23
55,67,0.10763,0.8209,40; 55; 11; 25; 28; 78; 67; 34; 75; 83
16,20,0.12769,0.8,66; 16; 39; 42; 49; 11; 20; 79; 52; 24
41,73,0.09887,0.56164,72; 41; 9; 65; 67; 8; 73; 48; 61; 11
8,23,0.13824,0.34783,60; 8; 39; 35; 62; 60; 23; 80; 7; 66
30,65,0.12097,0.46154,83; 30; 46; 34; 36; 68; 65; 72; 15; 23
19,58,0.11729,0.32759,54; 19; 24; 42; 70; 61; 58; 15; 7; 62
10,36,0.14145,0.27778,59; 10; 66; 17; 10; 74; 36; 37; 47; 42
17,34,0.12983,0.5,12; 17; 13; 49; 17; 39; 34; 33; 29; 60
18,72,0.10433,0.25,37; 18; 66; 37; 47; 60; 72; 8; 15; 63
8,32,0.13182,0.25,7; 8; 51; 81; 17; 73; 32; 47; 46; 8
34,60,0.11524,0.56667,48; 34; 50; 78; 45; 62; 60; 48; 37; 11
17,56,0.12364,0.30357,7; 17; 44; 12; 64; 65; 56; 74; 24; 48
46,55,0.13347,0.83636,67; 46; 23; 37; 24; 46; 55; 66; 26; 67
44,78,0.10392,0.5641,85; 44; 54; 11; 45; 23; 78; 77; 78; 35
16,49,0.12786,0.32653,70; 16; 56; 27; 76; 28; 49; 71; 55; 84
17,57,0.12518,0.29825,67; 17; 30; 40; 84; 42; 57; 9; 10; 83
69,80,0.08482,0.8625,70; 69; 22; 32; 82; 9; 80; 29; 8; 67
28,79,0.10309,0.35443,31; 28; 58; 68; 32; 25; 79; 58; 38; 23
63,79,0.08621,0.79747,81; 63; 79; 75; 62; 12; 79; 32; 12; 81
57,71,0.09775,0.80282,55; 57; 77; 49; 37; 75; 71; 47; 54; 63
29,84,0.09521,0.34524,39; 29; 18; 53; 32; 17; 84; 31; 65; 43
61,76,0.09076,0.80263,77; 61; 80; 18; 80; 39; 76; 85; 42; 57
21,64,0.1179,0.32812,18; 21; 51; 12; 7; 6; 64; 54; 72; 63
38,67,0.10878,0.56716,76; 38; 10; 12; 70; 77; 67; 37; 45; 9
23,29,0.13874,0.7931,67; 23; 47; 72; 63; 53; 29; 84; 21; 85
29,84,0.1049,0.34524,44; 29; 23; 26; 8; 39; 84; 6; 82; 43
21,43,0.13201,0.48837,9; 21; 24; 60; 39; 6; 43; 54; 10; 42
45,56,0.12858,0.80357,37; 45; 7; 45; 55; 22; 56; 72; 40; 6
12,36,0.13846,0.33333,55; 12; 51; 70; 43; 22; 36; 66; 79; 85
13,52,0.12901,0.25,66; 13; 80; 31; 77; 28; 52; 47; 80; 5
19,64,0.11587,0.29688,10; 19; 22; 9; 50; 33; 64; 44; 17; 42
14,48,0.12652,0.29167,5; 14; 42; 53; 51; 57; 48; 26; 81; 52
15,62,0.12525,0.24194,15; 15; 35; 35; 60; 39; 62; 48; 78; 74
37,81,0.09913,0.45679,7; 37; 26; 54; 68; 47; 81; 41; 75; 76
30,38,0.13518,0.78947,16; 30; 69; 59; 57; 62; 38; 76; 31; 50
12,24,0.13762,0.5,19; 12; 28; 56; 51; 9; 24; 84; 48; 30
27,81,0.09314,0.33333,39; 27; 73; 76; 42; 18; 81; 20; 71; 40
5,18,0.10108,0.27778,23; 5; 14; 35; 28; 29; 18; 15; 62; 31
9,18,0.13994,0.5,24; 9; 43; 83; 47; 75; 18; 62; 46; 73
33,72,0.10262,0.45833,77; 33; 65; 71; 15; 36; 72; 24; 23; 63
32,70,0.11288,0.45714,36; 32; 53; 76; 32; 81; 70; 72; 50; 78
12,50,0.13291,0.24,8; 12; 30; 58; 57; 12; 50; 72; 31; 28
41,72,0.11349,0.56944,42; 41; 77; 51; 37; 7; 72; 27; 11; 33
20,85,0.0922,0.23529,51; 20; 33; 57; 7; 69; 85; 14; 66; 45
35,44,0.1378,0.79545,10; 35; 51; 43; 55; 38; 44; 19; 35; 68
48,84,0.08428,0.57143,64; 48; 30; 7; 8; 24; 84; 11; 5; 42
20,62,0.11438,0.32258,51; 20; 60; 15; 16; 17; 62; 31; 25; 77
46,80,0.09822,0.575,40; 46; 20; 40; 32; 29; 80; 34; 27; 60
27,48,0.13575,0.5625,45; 27; 61; 25; 24; 48; 48; 75; 53; 80
24,48,0.12619,0.5,51; 24; 27; 26; 39; 47; 48; 85; 81; 54
9,26,0.13998,0.34615,27; 9; 8; 18; 49; 16; 26; 83; 85; 40
16,63,0.11719,0.25397,60; 16; 31; 38; 81; 38; 63; 11; 66; 32
42,51,0.12585,0.82353,48; 42; 43; 16; 54; 26; 51; 20; 22; 47
31,37,0.12816,0.83784,5; 31; 16; 72; 63; 25; 37; 70; 24; 82
13,26,0.13293,0.5,44; 13; 62; 18; 64; 7; 26; 70; 67; 63
18,21,0.13156,0.85714,24; 18; 30; 31; 57; 54; 21; 81; 41; 81
8,29,0.13098,0.27586,85; 8; 46; 54; 29; 66; 29; 23; 80; 50
52,62,0.11418,0.83871,42; 52; 56; 67; 82; 46; 62; 9; 62; 23
8,27,0.12932,0.2963,34; 8; 80; 82; 28; 25; 27; 70; 18; 13
22,69,0.10538,0.31884,14; 22; 44; 59; 18; 51; 69; 54; 58; 57
7,22,0.13295,0.31818,75; 7; 45; 12; 84; 39; 22; 78; 47; 70
16,46,0.13026,0.34783,6; 16; 13; 54; 59; 83; 46; 79; 10; 41
20,57,0.12273,0.35088,10; 20; 7; 27; 66; 8; 57; 29; 75; 46
60,76,0.0877,0.78947,57; 60; 73; 9; 59; 82; 76; 36; 17; 38
21,70,0.10923,0.3,48; 21; 42; 83; 74; 22; 70; 70; 7; 62
15,63,0.11368,0.2381,30; 15; 25; 53; 60; 24; 63; 41; 44; 83
43,54,0.13031,0.7963,22; 43; 72; 31; 19; 57; 54; 53; 18; 11
43,75,0.10786,0.57333,20; 43; 74; 62; 84; 85; 75; 67; 63; 36
31,36,0.13725,0.86111,14; 31; 66; 26; 20; 76; 36; 27; 32; 34
17,59,0.1172,0.28814,76; 17; 45; 14; 23; 37; 59; 47; 55; 47
19,79,0.09954,0.24051,63; 19; 56; 34; 73; 73; 79; 83; 60; 45
20,84,0.08469,0.2381,11; 20; 50; 65; 43; 83; 84; 65; 37; 43
54,64,0.10807,0.84375,84; 54; 61; 48; 29; 48; 64; 50; 59; 6
17,59,0.12009,0.28814,19; 17; 79; 77; 78; 47; 59; 84; 47; 46
39,85,0.0929,0.45882,45; 39; 42; 12; 13; 74; 85; 8; 42; 62
55,64,0.10413,0.85938,22; 55; 27; 82; 44; 12; 64; 59; 40; 20
31,63,0.10964,0.49206,66; 31; 78; 54; 16; 11; 63; 69; 41; 31
48,57,0.1224,0.84211,72; 48; 50; 9; 14; 65; 57; 55; 31; 84
18,74,0.10458,0.24324,18; 18; 57; 28; 19; 82; 74; 6; 49; 59
30,82,0.09113,0.36585,34; 30; 32; 59; 45; 10; 82; 31; 79; 50
48,85,0.09034,0.56471,78; 48; 48; 64; 31; 45; 85; 80; 80; 73
23,47,0.13986,0.48936,55; 23; 54; 53; 32; 70; 47; 18; 17; 42
43,76,0.10917,0.56579,59; 43; 63; 16; 24; 10; 76; 44; 7; 30
19,39,0.13676,0.48718,79; 19; 83; 69; 73; 75; 39; 43; 54; 85
21,63,0.11334,0.33333,12; 21; 77; 15; 63; 82; 63; 57; 70; 63
38,82,0.096,0.46341,11; 38; 71; 57; 63; 20; 82; 17; 23; 79
11,33,0.14225,0.33333,10; 11; 85; 56; 48; 56; 33; 47; 16; 20
8,24,0.13139,0.33333,53; 8; 49; 46; 83; 38; 24; 70; 14; 16
19,39,0.13105,0.48718,8; 19; 75; 37; 48; 14; 39; 19; 78; 44
49,61,0.11926,0.80328,55; 49; 31; 31; 35; 58; 61; 55; 24; 29
28,57,0.13128,0.49123,61; 28; 40; 9; 7; 56; 57; 56; 18; 42
31,37,0.14194,0.83784,31; 31; 57; 18; 11; 28; 37; 68; 84; 12
19,57,0.12526,0.33333,41; 19; 44; 52; 5; 28; 57; 83; 30; 65
6,18,0.11299,0.33333,27; 6; 84; 74; 67; 34; 18; 71; 70; 41
66,77,0.08473,0.85714,27; 66; 67; 73; 45; 33; 77; 26; 75; 31
15,59,0.13026,0.25424,42; 15; 52; 16; 66; 82; 59; 74; 24; 10
47,56,0.11899,0.83929,73; 47; 29; 61; 78; 37; 56; 36; 64; 40
37,43,0.13915,0.86047,85; 37; 25; 58; 28; 52; 43; 21; 73; 18
18,71,0.10488,0.25352,54; 18; 27; 60; 62; 71; 71; 21; 83; 84
36,78,0.10418,0.46154,21; 36; 81; 59; 29; 50; 78; 13; 61; 50
23,82,0.0978,0.28049,17; 23; 7; 5; 12; 64; 82; 35; 33; 36
20,82,0.0927,0.2439,16; 20; 14; 46; 62; 39; 82; 25; 76; 42
53,67,0.10279,0.79104,38; 53; 15; 78; 6; 65; 67; 65; 76; 37
8,27,0.13692,0.2963,61; 8; 69; 11; 69; 73; 27; 40; 59; 44
61,73,0.09072,0.83562,23; 61; 81; 71; 44; 75; 73; 29; 36; 16
54,66,0.1071,0.81818,19; 54; 42; 77; 43; 31; 66; 33; 59; 11
21,83,0.0922,0.25301,19; 21; 82; 37; 8; 53; 83; 9; 30; 41
25,45,0.13668,0.55556,82; 25; 81; 62; 13; 49; 45; 38; 38; 25
8,29,0.13884,0.27586,60; 8; 33; 13; 79; 26; 29; 31; 28; 68
31,84,0.09366,0.36905,39; 31; 70; 52; 27; 36; 84; 60; 13; 60
23,73,0.09962,0.31507,44; 23; 42; 83; 21; 6; 73; 50; 75; 47
42,74,0.10079,0.56757,74; 42; 31; 33; 17; 62; 74; 76; 39; 21
26,71,0.10909,0.3662,48; 26; 83; 74; 76; 16; 71; 56; 85; 7
14,44,0.13535,0.31818,24; 14; 51; 16; 28; 26; 44; 73; 63; 49
55,70,0.10292,0.78571,71; 55; 35; 14; 24; 45; 70; 84; 34; 74
18,60,0.11945,0.3,36; 18; 37; 49; 63; 25; 60; 24; 22; 32
19,78,0.09986,0.24359,24; 19; 17; 26; 61; 54; 78; 35; 19; 48
6,19,0.11131,0.31579,59; 6; 33; 26; 27; 37; 19; 65; 20; 14
47,57,0.12712,0.82456,34; 47; 39; 84; 30; 61; 57; 63; 48; 15
52,65,0.11182,0.8,60; 52; 68; 37; 53; 12; 65; 7; 78; 85
23,28,0.13619,0.82143,75; 23; 30; 49; 20; 76; 28; 32; 70; 13
60,70,0.09332,0.85714,22; 60; 65; 49; 85; 16; 70; 76; 39; 67
5,9,0.11518,0.55556,30; 5; 28; 80; 34; 72; 9; 19; 21; 36
32,65,0.11281,0.49231,10; 32; 42; 43; 17; 18; 65; 33; 47; 58
16,54,0.12333,0.2963,74; 16; 68; 27; 24; 7; 54; 30; 78; 44
15,45,0.13511,0.33333,68; 15; 68; 78; 85; 14; 45; 49; 76; 44
25,76,0.09972,0.32895,81; 25; 35; 28; 73; 24; 76; 16; 37; 35
23,76,0.10182,0.30263,80; 23; 57; 46; 36; 73; 76; 30; 62; 53
45,80,0.09716,0.5625,34; 45; 63; 74; 27; 77; 80; 38; 7; 60
34,68,0.10758,0.5,29; 34; 55; 19; 44; 11; 68; 72; 18; 61
43,75,0.1106,0.57333,47; 43; 53; 78; 36; 29; 75; 83; 15; 6
21,75,0.10099,0.28,27; 21; 16; 84; 21; 15; 75; 20; 29; 41
32,64,0.11535,0.5,16; 32; 52; 55; 67; 52; 64; 61; 9; 62
32,56,0.11665,0.57143,5; 32; 61; 19; 38; 36; 56; 69; 72; 77
26,53,0.13779,0.49057,32; 26; 34; 58; 35; 34; 53; 77; 81; 7
60,73,0.0893,0.82192,42; 60; 69; 65; 58; 21; 73; 67; 23; 46
25,79,0.10204,0.31646,67; 25; 40; 20; 46; 40; 79; 9; 24; 18
27,82,0.09659,0.32927,75; 27; 75; 32; 10; 16; 82; 51; 21; 49
38,83,0.09551,0.45783,11; 38; 10; 72; 58; 43; 83; 22; 33; 40
26,80,0.09731,0.325,59; 26; 10; 40; 73; 12; 80; 51; 36; 7
20,57,0.1198,0.35088,42; 20; 67; 10; 45; 57; 57; 44; 16; 78
13,55,0.12686,0.23636,85; 13; 12; 18; 45; 52; 55; 33; 10; 47
41,82,0.08922,0.5,69; 41; 67; 60; 13; 11; 82; 45; 53; 34
18,39,0.13375,0.46154,65; 18; 74; 12; 27; 82; 39; 29; 33; 20
26,74,0.09643,0.35135,17; 26; 79; 32; 62; 74; 74; 83; 83; 67
54,66,0.10492,0.81818,65; 54; 37; 63; 37; 49; 66; 28; 68; 21
17,71,0.1129,0.23944,47; 17; 36; 11; 13; 84; 71; 71; 27; 53
19,69,0.10719,0.27536,59; 19; 29; 44; 26; 57; 69; 53; 80; 57
35,62,0.11938,0.56452,58; 35; 35; 73; 5; 50; 62; 23; 55; 79
12,21,0.13424,0.57143,76; 12; 22; 10; 59; 47; 21; 48; 47; 69
42,49,0.13381,0.85714,77; 42; 41; 12; 60; 40; 49; 50; 49; 33
23,77,0.09838,0.2987,7; 23; 23; 29; 59; 62; 77; 14; 68; 15
19,63,0.11021,0.30159,76; 19; 69; 58; 64; 74; 63; 56; 50; 18
33,71,0.10924,0.46479,19; 33; 41; 18; 69; 23; 71; 23; 77; 23
11,46,0.13906,0.23913,12; 11; 57; 77; 67; 36; 46; 63; 37; 76
24,72,0.10774,0.33333,41; 24; 79; 15; 74; 53; 72; 31; 53; 44
44,55,0.13685,0.8,16; 44; 26; 13; 24; 57; 55; 49; 62; 79
14,56,0.12189,0.25,48; 14; 13; 6; 67; 74; 56; 58; 67; 83
19,38,0.12882,0.5,9; 19; 42; 29; 12; 26; 38; 11; 60; 22
30,65,0.12068,0.46154,31; 30; 5; 31; 85; 26; 65; 56; 78; 5
23,41,0.14178,0.56098,81; 23; 49; 5; 83; 5; 41; 80; 71; 38
5,10,0.11804,0.5,64; 5; 28; 82; 52; 13; 10; 33; 84; 75
12,26,0.1404,0.46154,77; 12; 33; 63; 12; 9; 26; 67; 69; 79
63,80,0.08503,0.7875,56; 63; 6; 33; 45; 5; 80; 37; 69; 12
55,69,0.09632,0.7971,34; 55; 49; 68; 30; 25; 69; 44; 18; 78
64,74,0.08654,0.86486,7; 64; 18; 8; 46; 81; 74; 19; 28; 27
20,57,0.11827,0.35088,73; 20; 78; 24; 8; 44; 57; 50; 41; 39
49,61,0.11525,0.80328,64; 49; 84; 41; 82; 74; 61; 48; 14; 78
29,83,0.10087,0.3494,32; 29; 28; 37; 62; 47; 83; 39; 85; 67
8,10,0.13335,0.8,59; 8; 24; 39; 27; 37; 10; 59; 55; 73
39,69,0.10409,0.56522,40; 39; 78; 60; 53; 40; 69; 7; 58; 67
21,25,0.12976,0.84,73; 21; 72; 46; 77; 63; 25; 46; 47; 73
23,78,0.1003,0.29487,15; 23; 38; 10; 36; 78; 78; 74; 35; 21
12,21,0.13385,0.57143,72; 12; 42; 14; 49; 84; 21; 6; 16; 48
19,54,0.12615,0.35185,78; 19; 49; 71; 12; 60; 54; 48; 56; 52
48,85,0.09217,0.56471,31; 48; 7; 27; 5; 18; 85; 7; 77; 38
24,81,0.10181,0.2963,8; 24; 45; 68; 27; 7; 81; 47; 64; 58
19,52,0.1214,0.36538,26; 19; 58; 47; 62; 74; 52; 24; 64; 23
23,41,0.13447,0.56098,13; 23; 51; 68; 14; 80; 41; 35; 22; 38
23,82,0.09851,0.28049,5; 23; 24; 47; 74; 54; 82; 14; 17; 11
21,46,0.14172,0.45652,42; 21; 63; 81; 17; 36; 46; 70; 62; 60
10,34,0.13628,0.29412,40; 10; 27; 21; 31; 20; 34; 65; 28; 15
17,52,0.12825,0.32692,45; 17; 39; 82; 33; 59; 52; 14; 13; 39
24,85,0.09719,0.28235,55; 24; 57; 59; 30; 42; 85; 68; 66; 9
20,79,0.09602,0.25316,7; 20; 58; 17; 63; 24; 79; 84; 62; 44
18,73,0.10646,0.24658,51; 18; 24; 77; 75; 59; 73; 43; 5; 36
6,19,0.11036,0.31579,27; 6; 28; 41; 59; 25; 19; 78; 34; 12
18,74,0.10134,0.24324,35; 18; 16; 12; 18; 81; 74; 68; 46; 49
38,67,0.11032,0.56716,18; 38; 47; 64; 77; 18; 67; 77; 8; 57
54,63,0.11009,0.85714,56; 54; 84; 70; 39; 67; 63; 63; 43; 30
13,46,0.13419,0.28261,22; 13; 76; 7; 43; 25; 46; 25; 14; 8
34,43,0.13978,0.7907,11; 34; 64; 81; 7; 19; 43; 12; 65; 46
66,79,0.08137,0.83544,43; 66; 36; 82; 45; 46; 79; 62; 24; 39
68,79,0.08297,0.86076,25; 68; 35; 23; 47; 60; 79; 70; 61; 64
6,18,0.10967,0.33333,9; 6; 15; 16; 19; 22; 18; 21; 64; 22
11,46,0.14161,0.23913,59; 11; 42; 52; 76; 85; 46; 54; 34; 60
34,68,0.10899,0.5,82; 34; 54; 29; 18; 9; 68; 58; 79; 8
8,29,0.14021,0.27586,22; 8; 63; 26; 78; 20; 29; 37; 19; 10
36,45,0.13465,0.8,69; 36; 38; 21; 73; 57; 45; 29; 51; 67
16,19,0.13,0.84211,50; 16; 30; 45; 14; 81; 19; 7; 12; 6
14,49,0.13241,0.28571,15; 14; 58; 13; 15; 62; 49; 60; 56; 8
17,34,0.1345,0.5,74; 17; 37; 46; 67; 24; 34; 44; 73; 12
32,38,0.14174,0.84211,46; 32; 36; 29; 49; 74; 38; 61; 78; 62
28,80,0.11036,0.35,40; 28; 29; 15; 38; 45; 80; 58; 17; 82
35,62,0.12117,0.56452,18; 35; 73; 33; 42; 22; 62; 38; 57; 55
66,82,0.08232,0.80488,84; 66; 30; 74; 48; 34; 82; 74; 75; 40
18,74,0.10021,0.24324,22; 18; 83; 26; 47; 45; 74; 21; 46; 12
18,76,0.09903,0.23684,18; 18; 42; 82; 56; 9; 76; 41; 8; 39
18,73,0.10347,0.24658,79; 18; 46; 74; 48; 35; 73; 37; 74; 69
23,28,0.1449,0.82143,22; 23; 76; 57; 33; 21; 28; 16; 72; 53
19,79,0.09098,0.24051,7; 19; 71; 56; 7; 61; 79; 66; 44; 31
36,45,0.13916,0.8,52; 36; 70; 27; 43; 52; 45; 60; 78; 42
16,67,0.1081,0.23881,63; 16; 75; 76; 30; 48; 67; 41; 68; 72
60,76,0.0867,0.78947,61; 60; 76; 79; 56; 21; 76; 38; 7; 55
20,36,0.13388,0.55556,40; 20; 71; 57; 38; 5; 36; 41; 51; 78
49,62,0.12144,0.79032,49; 49; 27; 70; 66; 84; 62; 75; 42; 52
6,21,0.11635,0.28571,24; 6; 31; 50; 25; 57; 21; 47; 19; 33
7,21,0.1227,0.33333,12; 7; 47; 44; 37; 70; 21; 20; 28; 37
13,51,0.13538,0.2549,62; 13; 27; 59; 74; 7; 51; 53; 21; 44
32,57,0.12693,0.5614,50; 32; 58; 82; 64; 45; 57; 6; 57; 18
46,81,0.09266,0.5679,16; 46; 36; 47; 42; 48; 81; 46; 61; 21
16,28,0.13188,0.57143,29; 16; 55; 55; 55; 16; 28; 9; 50; 15
11,37,0.13638,0.2973,32; 11; 46; 24; 63; 57; 37; 70; 9; 74
15,41,0.13181,0.36585,81; 15; 37; 5; 80; 38; 41; 8; 36; 74
32,69,0.10589,0.46377,75; 32; 12; 15; 42; 79; 69; 17; 75; 61
66,79,0.0772,0.83544,73; 66; 25; 8; 47; 25; 79; 9; 13; 73
25,29,0.13888,0.86207,21; 25; 69; 55; 46; 6; 29; 82; 47; 46
21,72,0.11162,0.29167,52; 21; 13; 77; 42; 19; 72; 40; 82; 80
20,84,0.0833,0.2381,28; 20; 12; 39; 61; 81; 84; 62; 18; 68
25,54,0.11916,0.46296,74; 25; 65; 63; 25; 68; 54; 77; 62; 60
39,69,0.11523,0.56522,83; 39; 80; 18; 28; 32; 69; 54; 63; 42
14,46,0.13656,0.30435,71; 14; 79; 82; 28; 50; 46; 37; 14; 62
25,67,0.11207,0.37313,81; 25; 79; 65; 6; 45; 67; 85; 5; 15
33,68,0.11411,0.48529,17; 33; 22; 66; 32; 6; 68; 76; 50; 42
41,50,0.1317,0.82,76; 41; 44; 82; 54; 32; 50; 74; 76; 5
36,72,0.1053,0.5,25; 36; 70; 52; 9; 17; 72; 32; 43; 42
33,71,0.1083,0.46479,74; 33; 63; 30; 56; 72; 71; 67; 25; 79
31,54,0.13199,0.57407,45; 31; 75; 79; 59; 8; 54; 24; 78; 15
10,36,0.14323,0.27778,64; 10; 22; 17; 5; 10; 36; 66; 48; 5
64,74,0.07979,0.86486,72; 64; 79; 33; 59; 62; 74; 34; 77; 65
67,80,0.07706,0.8375,49; 67; 47; 11; 28; 22; 80; 41; 19; 60
19,79,0.09025,0.24051,24; 19; 34; 81; 77; 63; 79; 61; 27; 8
29,59,0.11742,0.49153,78; 29; 80; 43; 76; 8; 59; 26; 80; 75
34,74,0.10185,0.45946,70; 34; 70; 34; 9; 35; 74; 19; 48; 26
19,65,0.11066,0.29231,13; 19; 35; 19; 22; 38; 65; 71; 25; 84
17,35,0.13495,0.48571,34; 17; 81; 53; 30; 69; 35; 5; 33; 71
55,69,0.09852,0.7971,43; 55; 32; 74; 53; 79; 69; 25; 25; 73
47,59,0.11774,0.79661,77; 47; 42; 56; 21; 60; 59; 8; 46; 29
11,33,0.13472,0.33333,65; 11; 11; 33; 10; 17; 33; 32; 47; 6
9,37,0.14135,0.24324,65; 9; 75; 34; 12; 47; 37; 72; 73; 10
33,42,0.13885,0.78571,13; 33; 22; 6; 20; 26; 42; 62; 67; 55
29,78,0.10845,0.37179,76; 29; 18; 39; 7; 18; 78; 77; 66; 47
69,84,0.07532,0.82143,15; 69; 80; 19; 39; 69; 84; 30; 6; 12
23,71,0.10679,0.32394,18; 23; 74; 41; 81; 69; 71; 59; 42; 9
19,22,0.12594,0.86364,49; 19; 74; 48; 69; 38; 22; 85; 62; 47
48,61,0.11503,0.78689,62; 48; 43; 51; 33; 40; 61; 33; 67; 47
24,30,0.14091,0.8,77; 24; 40; 48; 80; 25; 30; 21; 10; 46
26,33,0.13464,0.78788,53; 26; 37; 17; 53; 32; 33; 37; 75; 14
33,58,0.12643,0.56897,45; 33; 5; 33; 16; 77; 58; 66; 13; 42
68,85,0.0824,0.8,40; 68; 49; 5; 85; 45; 85; 34; 66; 39
7,25,0.12935,0.28,10; 7; 7; 65; 17; 51; 25; 55; 29; 71
15,47,0.13278,0.31915,47; 15; 47; 43; 83; 27; 47; 24; 45; 35
32,38,0.13718,0.84211,52; 32; 48; 61; 12; 61; 38; 30; 19; 17
30,82,0.09747,0.36585,59; 30; 64; 8; 18; 59; 82; 83; 66; 19
17,34,0.13622,0.5,44; 17; 19; 49; 22; 83; 34; 60; 51; 37
16,32,0.13908,0.5,31; 16; 74; 5; 35; 83; 32; 40; 82; 21
23,62,0.11518,0.37097,78; 23; 14; 71; 85; 34; 62; 12; 76; 16
17,68,0.11657,0.25,76; 17; 44; 19; 66; 13; 68; 67; 7; 27
11,40,0.14622,0.275,84; 11; 23; 72; 25; 43; 40; 16; 29; 44
24,69,0.10572,0.34783,76; 24; 51; 75; 71; 21; 69; 16; 50; 53
54,64,0.11388,0.84375,64; 54; 39; 49; 39; 66; 64; 7; 37; 61
68,83,0.0755,0.81928,49; 68; 31; 23; 7; 13; 83; 33; 30; 48
19,54,0.12363,0.35185,66; 19; 24; 45; 43; 13; 54; 67; 81; 41
40,71,0.11342,0.56338,79; 40; 76; 40; 63; 69; 71; 55; 38; 42
20,72,0.10212,0.27778,53; 20; 10; 57; 75; 41; 72; 27; 59; 30
60,73,0.09267,0.82192,41; 60; 44; 9; 28; 72; 73; 20; 36; 83
26,52,0.13051,0.5,83; 26; 73; 13; 7; 65; 52; 69; 82; 48
14,58,0.12911,0.24138,36; 14; 71; 40; 83; 71; 58; 7; 70; 13
42,51,0.13134,0.82353,40; 42; 14; 58; 36; 46; 51; 66; 68; 34
25,82,0.09642,0.30488,71; 25; 21; 64; 85; 5; 82; 62; 42; 41
12,40,0.13459,0.3,15; 12; 67; 71; 57; 18; 40; 80; 59; 10
22,74,0.1084,0.2973,25; 22; 64; 5; 84; 43; 74; 31; 69; 73
24,83,0.08773,0.28916,31; 24; 64; 72; 15; 5; 83; 30; 81; 26
20,57,0.11843,0.35088,69; 20; 75; 31; 11; 78; 57; 77; 28; 79
28,61,0.123,0.45902,85; 28; 54; 72; 67; 50; 61; 74; 18; 10
20,79,0.10082,0.25316,61; 20; 12; 39; 23; 59; 79; 27; 42; 59
6,13,0.10809,0.46154,60; 6; 16; 50; 69; 21; 13; 52; 59; 26
48,56,0.12899,0.85714,40; 48; 20; 35; 8; 61; 56; 29; 31; 30
21,65,0.10866,0.32308,53; 21; 10; 43; 50; 48; 65; 10; 50; 73
14,57,0.12426,0.24561,50; 14; 9; 37; 40; 45; 57; 84; 31; 45
14,55,0.12548,0.25455,13; 14; 5; 43; 80; 85; 55; 45; 70; 8
45,56,0.12479,0.80357,27; 45; 65; 13; 12; 6; 56; 8; 56; 26
25,82,0.0946,0.30488,71; 25; 66; 39; 83; 73; 82; 14; 53; 47
36,72,0.09951,0.5,69; 36; 68; 24; 29; 22; 72; 40; 77; 8
31,36,0.13375,0.86111,63; 31; 65; 25; 74; 49; 36; 83; 40; 45
66,82,0.0763,0.80488,43; 66; 48; 68; 19; 14; 82; 37; 60; 25
18,51,0.12996,0.35294,24; 18; 25; 65; 70; 24; 51; 25; 37; 65
54,63,0.10822,0.85714,55; 54; 82; 8; 41; 56; 63; 53; 47; 46
27,59,0.1254,0.45763,76; 27; 15; 75; 59; 39; 59; 10; 40; 55
14,28,0.12969,0.5,18; 14; 36; 42; 33; 7; 28; 66; 44; 45
18,52,0.12466,0.34615,44; 18; 42; 84; 79; 55; 52; 41; 9; 28
19,76,0.0934,0.25,62; 19; 33; 34; 67; 18; 76; 59; 59; 67
13,37,0.1347,0.35135,29; 13; 27; 51; 65; 35; 37; 56; 64; 12
26,31,0.13589,0.83871,25; 26; 82; 61; 9; 25; 31; 70; 16; 38
42,85,0.09217,0.49412,85; 42; 18; 5; 85; 64; 85; 57; 34; 83
22,60,0.11243,0.36667,19; 22; 58; 40; 51; 13; 60; 39; 21; 30
40,49,0.13139,0.81633,64; 40; 36; 19; 81; 85; 49; 62; 13; 76
12,48,0.13712,0.25,71; 12; 42; 67; 53; 50; 48; 29; 21; 47
65,76,0.08515,0.85526,46; 65; 46; 73; 46; 71; 76; 17; 65; 68
25,72,0.10851,0.34722,39; 25; 24; 30; 45; 17; 72; 65; 84; 55
22,79,0.09158,0.27848,72; 22; 13; 37; 39; 78; 79; 61; 7; 27
14,48,0.13253,0.29167,14; 14; 47; 50; 65; 52; 48; 29; 6; 71
26,53,0.12618,0.49057,43; 26; 37; 7; 65; 31; 53; 69; 41; 56
20,54,0.12342,0.37037,26; 20; 68; 22; 66; 80; 54; 33; 49; 11
26,33,0.13764,0.78788,61; 26; 53; 79; 10; 44; 33; 72; 40; 44
42,50,0.13398,0.84,18; 42; 45; 68; 37; 20; 50; 58; 31; 40
24,65,0.11194,0.36923,6; 24; 69; 83; 74; 73; 65; 71; 17; 31
47,82,0.09817,0.57317,33; 47; 56; 84; 21; 19; 82; 42; 52; 35
18,37,0.13371,0.48649,9; 18; 61; 6; 45; 21; 37; 55; 68; 13
7,23,0.12708,0.30435,21; 7; 31; 83; 84; 33; 23; 15; 48; 12
38,68,0.1106,0.55882,22; 38; 40; 74; 81; 47; 68; 18; 72; 42
56,65,0.1066,0.86154,61; 56; 21; 17; 52; 57; 65; 43; 36; 12
21,65,0.11793,0.32308,84; 21; 74; 71; 75; 54; 65; 33; 56; 36
25,76,0.10033,0.32895,25; 25; 19; 82; 78; 68; 76; 71; 28; 53
41,84,0.09699,0.4881,64; 41; 37; 64; 81; 73; 84; 85; 30; 8
42,53,0.12776,0.79245,66; 42; 8; 70; 60; 42; 53; 64; 57; 7
16,66,0.10533,0.24242,21; 16; 75; 31; 18; 24; 66; 23; 38; 67
67,85,0.07797,0.78824,36; 67; 74; 34; 45; 83; 85; 56; 75; 47
21,64,0.1128,0.32812,76; 21; 54; 27; 60; 66; 64; 83; 19; 44
40,80,0.09908,0.5,63; 40; 55; 34; 44; 44; 80; 73; 35; 37
68,81,0.07759,0.83951,65; 68; 34; 17; 63; 40; 81; 78; 63; 72
22,60,0.11514,0.36667,28; 22; 39; 66; 58; 59; 60; 44; 46; 81
31,55,0.12209,0.56364,81; 31; 48; 17; 29; 74; 55; 63; 13; 65
21,70,0.09707,0.3,45; 21; 57; 39; 6; 17; 70; 12; 70; 47
34,68,0.11811,0.5,15; 34; 66; 64; 53; 9; 68; 45; 71; 65
5,9,0.1134,0.55556,57; 5; 9; 76; 10; 27; 9; 36; 61; 23
38,77,0.0987,0.49351,57; 38; 25; 40; 59; 6; 77; 25; 50; 79
21,75,0.09743,0.28,49; 21; 21; 42; 20; 66; 75; 16; 37; 49
67,80,0.07911,0.8375,44; 67; 60; 49; 49; 80; 80; 36; 77; 36
35,76,0.09922,0.46053,14; 35; 74; 48; 43; 47; 76; 37; 63; 62
20,25,0.12307,0.8,42; 20; 64; 17; 36; 80; 25; 10; 76; 67
10,33,0.13541,0.30303,77; 10; 18; 23; 10; 19; 33; 29; 41; 37
48,56,0.1257,0.85714,64; 48; 18; 24; 38; 6; 56; 78; 49; 8
49,61,0.11234,0.80328,24; 49; 13; 32; 40; 66; 61; 5; 33; 52
36,72,0.10425,0.5,84; 36; 20; 19; 76; 74; 72; 38; 16; 26
35,76,0.10911,0.46053,10; 35; 50; 84; 50; 52; 76; 14; 35; 85
36,63,0.11483,0.57143,34; 36; 40; 28; 9; 24; 63; 32; 78; 17
69,84,0.07557,0.82143,53; 69; 10; 15; 60; 26; 84; 9; 7; 84
40,71,0.10729,0.56338,72; 40; 34; 44; 11; 30; 71; 55; 84; 49
16,48,0.13499,0.33333,65; 16; 74; 6; 6; 32; 48; 51; 62; 16
12,51,0.1368,0.23529,78; 12; 12; 40; 66; 59; 51; 43; 81; 75
25,44,0.13935,0.56818,50; 25; 5; 68; 59; 9; 44; 42; 76; 51
19,54,0.13317,0.35185,66; 19; 42; 17; 61; 67; 54; 19; 73; 61
44,77,0.09915,0.57143,5; 44; 42; 7; 49; 43; 77; 64; 35; 37
14,58,0.12082,0.24138,27; 14; 18; 15; 74; 83; 58; 19; 45; 77
12,26,0.13576,0.46154,70; 12; 15; 74; 7; 15; 26; 40; 5; 31
15,60,0.11815,0.25,65; 15; 37; 82; 73; 75; 60; 36; 54; 13
57,68,0.10168,0.83824,7; 57; 73; 66; 46; 80; 68; 74; 46; 43
17,35,0.12936,0.48571,73; 17; 80; 57; 17; 21; 35; 31; 69; 11
18,62,0.12148,0.29032,78; 18; 35; 33; 50; 9; 62; 65; 22; 78
12,38,0.1447,0.31579,48; 12; 5; 37; 15; 79; 38; 12; 55; 10
67,78,0.08331,0.85897,22; 67; 61; 77; 23; 78; 78; 58; 58; 70
8,33,0.13446,0.24242,80; 8; 85; 55; 74; 21; 33; 25; 81; 72
26,75,0.09766,0.34667,51; 26; 34; 78; 16; 17; 75; 70; 64; 18
7,20,0.11657,0.35,82; 7; 78; 48; 21; 83; 20; 57; 50; 34
23,71,0.10952,0.32394,46; 23; 21; 58; 22; 51; 71; 75; 34; 63
40,81,0.0976,0.49383,68; 40; 85; 22; 64; 42; 81; 18; 50; 8
9,30,0.14565,0.3,23; 9; 43; 15; 29; 66; 30; 53; 76; 57
41,84,0.09435,0.4881,60; 41; 25; 57; 64; 74; 84; 7; 81; 22
22,44,0.14154,0.5,29; 22; 36; 24; 68; 25; 44; 72; 27; 72
22,60,0.12142,0.36667,58; 22; 58; 24; 75; 58; 60; 44; 81; 13
36,63,0.12608,0.57143,5; 36; 49; 16; 53; 19; 63; 14; 42; 78
19,58,0.11932,0.32759,27; 19; 45; 78; 27; 47; 58; 25; 9; 34
24,65,0.11074,0.36923,74; 24; 65; 57; 54; 70; 65; 77; 71; 59
13,52,0.13071,0.25,18; 13; 22; 28; 10; 40; 52; 10; 82; 80
26,74,0.10222,0.35135,40; 26; 57; 21; 22; 24; 74; 40; 79; 10
12,48,0.13997,0.25,82; 12; 65; 74; 6; 57; 48; 59; 58; 64
6,18,0.11179,0.33333,73; 6; 48; 5; 21; 71; 18; 62; 20; 14
23,28,0.13573,0.82143,10; 23; 76; 47; 40; 27; 28; 6; 23; 17
22,45,0.1377,0.48889,55; 22; 68; 38; 18; 11; 45; 31; 21; 85
42,53,0.12732,0.79245,78; 42; 55; 25; 33; 70; 53; 70; 71; 6
18,37,0.13587,0.48649,12; 18; 46; 35; 7; 52; 37; 26; 43; 37
58,71,0.09606,0.8169,60; 58; 52; 51; 10; 24; 71; 20; 80; 28
19,39,0.13366,0.48718,52; 19; 50; 33; 22; 47; 39; 17; 7; 29
34,69,0.10533,0.49275,65; 34; 51; 63; 18; 79; 69; 11; 40; 40
48,57,0.12546,0.84211,31; 48; 72; 71; 33; 35; 57; 73; 54; 74
19,52,0.12963,0.36538,49; 19; 65; 39; 65; 70; 52; 71; 69; 80
35,62,0.12263,0.56452,70; 35; 10; 9; 34; 49; 62; 42; 12; 15
28,79,0.10044,0.35443,15; 28; 36; 69; 37; 43; 79; 74; 31; 53
18,22,0.13079,0.81818,5; 18; 18; 61; 48; 15; 22; 58; 61; 76
17,67,0.11122,0.25373,30; 17; 32; 69; 54; 32; 67; 82; 11; 50
14,59,0.13081,0.23729,6; 14; 13; 17; 40; 22; 59; 49; 44; 68
49,61,0.12533,0.80328,23; 49; 79; 74; 52; 33; 61; 20; 22; 19
23,62,0.11336,0.37097,7; 23; 40; 61; 74; 54; 62; 85; 76; 52
62,72,0.09105,0.86111,85; 62; 70; 38; 33; 64; 72; 48; 28; 45
52,65,0.10493,0.8,33; 52; 33; 61; 32; 68; 65; 75; 17; 13
9,31,0.13679,0.29032,82; 9; 14; 71; 42; 55; 31; 10; 38; 31
20,70,0.1067,0.28571,39; 20; 51; 53; 8; 41; 70; 83; 16; 73
9,38,0.14619,0.23684,35; 9; 61; 43; 31; 50; 38; 47; 12; 14
44,78,0.10133,0.5641,12; 44; 81; 46; 46; 18; 78; 21; 76; 43
19,22,0.11564,0.86364,36; 19; 34; 12; 32; 63; 22; 45; 20; 42
28,75,0.10167,0.37333,68; 28; 41; 51; 68; 36; 75; 25; 50; 13
21,74,0.10061,0.28378,45; 21; 55; 75; 48; 68; 74; 42; 20; 75
13,52,0.13092,0.25,64; 13; 37; 32; 85; 23; 52; 58; 59; 76
20,67,0.10711,0.29851,21; 20; 52; 63; 74; 38; 67; 45; 35; 20
11,37,0.13845,0.2973,74; 11; 24; 51; 26; 32; 37; 61; 12; 53
17,60,0.11764,0.28333,30; 17; 72; 69; 21; 80; 60; 12; 53; 8
17,58,0.1287,0.2931,81; 17; 37; 75; 44; 44; 58; 51; 22; 82
18,65,0.11269,0.27692,75; 18; 58; 67; 6; 35; 65; 27; 32; 12
59,72,0.09725,0.81944,45; 59; 78; 76; 36; 61; 72; 12; 18; 11
19,63,0.11645,0.30159,53; 19; 29; 78; 28; 55; 63; 30; 44; 36
6,18,0.11029,0.33333,58; 6; 7; 38; 36; 10; 18; 31; 48; 56
20,81,0.09736,0.24691,67; 20; 18; 40; 40; 40; 81; 78; 64; 23
27,85,0.09796,0.31765,79; 27; 67; 53; 68; 7; 85; 59; 71; 76
21,84,0.09233,0.25,25; 21; 74; 49; 67; 67; 84; 14; 76; 70
15,27,0.13798,0.55556,20; 15; 8; 33; 12; 61; 27; 64; 45; 85
25,83,0.09607,0.3012,13; 25; 50; 53; 72; 17; 83; 21; 47; 13
9,27,0.14584,0.33333,56; 9; 81; 45; 12; 31; 27; 58; 33; 69
23,82,0.089,0.28049,84; 23; 7; 14; 79; 59; 82; 47; 74; 37
39,79,0.09401,0.49367,52; 39; 30; 30; 41; 16; 79; 26; 46; 7
43,54,0.13284,0.7963,58; 43; 64; 30; 77; 82; 54; 40; 71; 25
19,79,0.10016,0.24051,22; 19; 28; 7; 61; 37; 79; 40; 53; 6
24,30,0.13254,0.8,9; 24; 43; 80; 69; 57; 30; 20; 50; 8
20,79,0.08947,0.25316,13; 20; 23; 41; 49; 78; 79; 23; 49; 31
27,77,0.1038,0.35065,7; 27; 32; 83; 21; 40; 77; 12; 25; 30
9,32,0.14347,0.28125,51; 9; 53; 27; 85; 21; 32; 50; 83; 40
46,82,0.09585,0.56098,60; 46; 27; 70; 76; 45; 82; 46; 5; 62
16,55,0.12358,0.29091,14; 16; 46; 67; 38; 15; 55; 14; 48; 61
53,65,0.1087,0.81538,40; 53; 14; 68; 49; 36; 65; 75; 14; 29
18,60,0.1148,0.3,19; 18; 73; 23; 71; 62; 60; 83; 45; 65
23,65,0.11125,0.35385,43; 23; 46; 70; 11; 30; 65; 23; 48; 85
31,37,0.13967,0.83784,68; 31; 27; 34; 53; 64; 37; 52; 70; 45
31,38,0.13407,0.81579,5; 31; 54; 76; 81; 14; 38; 52; 18; 10
23,82,0.09203,0.28049,6; 23; 51; 36; 21; 44; 82; 39; 45; 48
35,76,0.10028,0.46053,64; 35; 32; 68; 79; 83; 76; 69; 63; 38
40,72,0.10544,0.55556,41; 40; 73; 18; 69; 84; 72; 16; 32; 79
14,50,0.13276,0.28,13; 14; 80; 13; 51; 78; 50; 63; 19; 39
11,39,0.14373,0.28205,66; 11; 41; 62; 5; 63; 39; 83; 26; 66
19,38,0.13129,0.5,84; 19; 12; 8; 83; 39; 38; 5; 21; 41
10,36,0.14131,0.27778,50; 10; 55; 38; 5; 38; 36; 75; 12; 8
10,33,0.13181,0.30303,69; 10; 77; 15; 34; 70; 33; 66; 69; 45
24,81,0.09955,0.2963,38; 24; 72; 65; 61; 50; 81; 84; 61; 66
25,45,0.13512,0.55556,72; 25; 35; 56; 23; 71; 45; 29; 31; 74
8,16,0.1299,0.5,81; 8; 85; 8; 43; 34; 16; 51; 29; 10
32,69,0.10936,0.46377,76; 32; 16; 71; 26; 42; 69; 52; 66; 70
65,76,0.087,0.85526,37; 65; 65; 51; 74; 78; 76; 51; 12; 10
23,69,0.10419,0.33333,23; 23; 49; 85; 37; 50; 69; 22; 5; 82
16,56,0.12488,0.28571,29; 16; 58; 76; 52; 35; 56; 73; 37; 84
13,39,0.13504,0.33333,68; 13; 63; 11; 16; 54; 39; 46; 83; 64
13,37,0.13137,0.35135,64; 13; 64; 65; 57; 6; 37; 56; 80; 30
25,77,0.10537,0.32468,18; 25; 60; 81; 34; 17; 77; 43; 79; 47
8,14,0.129,0.57143,61; 8; 75; 25; 16; 68; 14; 52; 18; 18
16,32,0.13689,0.5,63; 16; 24; 42; 76; 19; 32; 40; 15; 79
61,71,0.092,0.85915,81; 61; 20; 23; 46; 15; 71; 61; 65; 25
40,80,0.1019,0.5,24; 40; 66; 25; 63; 66; 80; 45; 27; 43
7,19,0.12555,0.36842,83; 7; 78; 6; 21; 77; 19; 5; 9; 33
24,68,0.10925,0.35294,76; 24; 42; 6; 46; 24; 68; 63; 30; 64
30,60,0.11857,0.5,42; 30; 11; 70; 50; 8; 60; 69; 36; 85
16,53,0.1307,0.30189,19; 16; 10; 29; 13; 38; 53; 61; 40; 68
28,76,0.09898,0.36842,81; 28; 32; 28; 52; 40; 76; 38; 12; 67
27,73,0.10736,0.36986,17; 27; 40; 73; 5; 80; 73; 16; 21; 74
17,48,0.12897,0.35417,52; 17; 16; 25; 33; 20; 48; 77; 48; 41
65,77,0.08263,0.84416,31; 65; 19; 20; 51; 7; 77; 46; 73; 41
6,13,0.11558,0.46154,30; 6; 60; 75; 31; 46; 13; 77; 83; 66
24,30,0.12752,0.8,84; 24; 29; 7; 17; 57; 30; 85; 10; 29
9,11,0.14002,0.81818,24; 9; 31; 34; 21; 59; 11; 81; 18; 83
17,60,0.11551,0.28333,71; 17; 7; 77; 62; 64; 60; 50; 77; 72
64,76,0.08644,0.84211,64; 64; 85; 25; 61; 11; 76; 65; 53; 44
16,56,0.12321,0.28571,22; 16; 21; 66; 45; 54; 56; 60; 36; 5
8,33,0.13456,0.24242,80; 8; 67; 30; 19; 33; 33; 73; 35; 42
45,55,0.13061,0.81818,67; 45; 65; 26; 66; 22; 55; 73; 16; 60
42,74,0.1009,0.56757,84; 42; 23; 7; 18; 65; 74; 84; 65; 71
31,62,0.11854,0.5,27; 31; 42; 56; 46; 54; 62; 46; 52; 34
10,27,0.13332,0.37037,24; 10; 57; 35; 50; 68; 27; 16; 26; 79
55,64,0.10732,0.85938,34; 55; 8; 50; 5; 77; 64; 33; 10; 27
20,84,0.09946,0.2381,11; 20; 8; 47; 52; 5; 84; 9; 74; 26
38,68,0.11147,0.55882,5; 38; 56; 43; 11; 70; 68; 45; 85; 69
39,78,0.09712,0.5,5; 39; 36; 23; 77; 20; 78; 19; 13; 61
55,64,0.10492,0.85938,55; 55; 74; 5; 60; 83; 64; 66; 84; 53
49,57,0.11875,0.85965,42; 49; 60; 78; 58; 46; 57; 85; 13; 48
64,78,0.08452,0.82051,63; 64; 59; 69; 40; 63; 78; 63; 26; 83
29,58,0.12162,0.5,36; 29; 7; 34; 76; 20; 58; 23; 54; 73
11,45,0.13997,0.24444,47; 11; 46; 37; 53; 65; 45; 32; 65; 55
18,51,0.12872,0.35294,19; 18; 18; 84; 25; 15; 51; 65; 29; 46
37,80,0.09649,0.4625,62; 37; 54; 10; 70; 81; 80; 75; 24; 61
24,48,0.13203,0.5,34; 24; 7; 20; 38; 69; 48; 25; 22; 45
29,79,0.08646,0.36709,18; 29; 30; 50; 12; 35; 79; 32; 81; 9
23,72,0.10643,0.31944,64; 23; 69; 78; 71; 46; 72; 44; 74; 68
26,81,0.0967,0.32099,55; 26; 33; 40; 57; 14; 81; 56; 58; 43
63,80,0.08038,0.7875,42; 63; 58; 51; 35; 39; 80; 12; 54; 19
10,33,0.14251,0.30303,15; 10; 64; 78; 49; 47; 33; 14; 10; 8
42,85,0.08751,0.49412,27; 42; 57; 48; 71; 81; 85; 24; 81; 85
20,60,0.11777,0.33333,76; 20; 7; 67; 66; 34; 60; 44; 76; 22
15,45,0.13941,0.33333,62; 15; 30; 33; 26; 74; 45; 79; 43; 61
29,52,0.12617,0.55769,83; 29; 60; 6; 15; 20; 52; 35; 75; 70
16,56,0.11954,0.28571,41; 16; 55; 5; 69; 54; 56; 42; 59; 71
17,46,0.12734,0.36957,64; 17; 42; 38; 53; 15; 46; 83; 9; 61
16,66,0.11281,0.24242,30; 16; 12; 15; 54; 73; 66; 71; 75; 74
16,55,0.12274,0.29091,30; 16; 20; 85; 75; 71; 55; 72; 65; 34
28,76,0.10648,0.36842,74; 28; 59; 63; 49; 57; 76; 34; 79; 48
24,49,0.12944,0.4898,66; 24; 29; 69; 11; 53; 49; 48; 9; 72
20,84,0.091,0.2381,8; 20; 40; 10; 71; 60; 84; 61; 8; 19
26,79,0.10605,0.32911,9; 26; 7; 30; 74; 51; 79; 70; 16; 5
37,43,0.13142,0.86047,16; 37; 33; 28; 46; 13; 43; 57; 46; 41
16,28,0.13092,0.57143,44; 16; 51; 45; 26; 37; 28; 13; 84; 83
32,57,0.12063,0.5614,15; 32; 59; 80; 20; 57; 57; 16; 71; 52
50,58,0.12013,0.86207,30; 50; 30; 66; 12; 10; 58; 75; 41; 41
67,84,0.07806,0.79762,20; 67; 80; 6; 57; 36; 84; 59; 33; 6
55,70,0.10395,0.78571,43; 55; 23; 70; 65; 74; 70; 45; 64; 75
22,62,0.11254,0.35484,12; 22; 84; 21; 14; 72; 62; 13; 60; 52
8,24,0.13517,0.33333,38; 8; 81; 72; 23; 30; 24; 19; 15; 72
17,52,0.12935,0.32692,55; 17; 63; 25; 70; 13; 52; 53; 64; 56
18,51,0.1276,0.35294,11; 18; 51; 83; 80; 76; 51; 5; 25; 27
43,51,0.13002,0.84314,29; 43; 37; 31; 75; 59; 51; 32; 74; 14
38,83,0.09948,0.45783,16; 38; 36; 13; 67; 49; 83; 80; 16; 80
66,79,0.08192,0.83544,37; 66; 67; 80; 79; 71; 79; 18; 29; 73
22,60,0.11201,0.36667,83; 22; 46; 76; 49; 79; 60; 69; 16; 31
19,80,0.09804,0.2375,76; 19; 72; 52; 21; 15; 80; 83; 66; 56
7,24,0.12704,0.29167,33; 7; 74; 33; 66; 53; 24; 15; 25; 77
68,79,0.07782,0.86076,21; 68; 71; 82; 39; 12; 79; 7; 83; 49
28,81,0.10204,0.34568,39; 28; 14; 14; 42; 8; 81; 76; 31; 48
57,66,0.10481,0.86364,27; 57; 76; 57; 65; 19; 66; 12; 9; 56
18,74,0.09928,0.24324,26; 18; 20; 49; 24; 46; 74; 12; 22; 22
26,78,0.1003,0.33333,67; 26; 76; 8; 64; 19; 78; 28; 31; 81
27,85,0.08493,0.31765,28; 27; 72; 51; 40; 65; 85; 79; 6; 14
17,34,0.1362,0.5,72; 17; 76; 33; 85; 75; 34; 69; 83; 42
12,21,0.13907,0.57143,16; 12; 71; 24; 20; 28; 21; 37; 50; 13
29,59,0.1235,0.49153,48; 29; 65; 62; 76; 81; 59; 64; 30; 53
28,75,0.11113,0.37333,50; 28; 41; 51; 20; 39; 75; 26; 29; 44
8,25,0.13376,0.32,68; 8; 71; 81; 24; 18; 25; 24; 13; 13
20,63,0.12382,0.31746,65; 20; 56; 67; 47; 47; 63; 71; 46; 71
20,80,0.09312,0.25,75; 20; 34; 29; 19; 13; 80; 20; 5; 69
41,84,0.09608,0.4881,48; 41; 66; 40; 26; 44; 84; 84; 60; 65
19,57,0.12183,0.33333,67; 19; 12; 25; 29; 33; 57; 63; 63; 67
53,65,0.11505,0.81538,42; 53; 40; 56; 36; 5; 65; 48; 36; 66
22,79,0.09485,0.27848,82; 22; 9; 54; 22; 75; 79; 36; 40; 58
22,60,0.11749,0.36667,11; 22; 79; 67; 57; 70; 60; 12; 26; 64
70,81,0.07695,0.8642,29; 70; 19; 19; 11; 70; 81; 8; 51; 83
49,58,0.12651,0.84483,43; 49; 14; 30; 39; 24; 58; 15; 7; 5
17,67,0.1085,0.25373,56; 17; 44; 38; 55; 41; 67; 15; 60; 73
44,51,0.13517,0.86275,74; 44; 34; 60; 49; 85; 51; 52; 34; 61
10,34,0.13887,0.29412,72; 10; 68; 64; 66; 70; 34; 7; 59; 9
44,55,0.12999,0.8,66; 44; 83; 30; 59; 56; 55; 47; 59; 36
18,22,0.12565,0.81818,40; 18; 70; 83; 52; 14; 22; 31; 16; 56
28,84,0.09534,0.33333,52; 28; 28; 23; 79; 13; 84; 34; 76; 44
31,55,0.13371,0.56364,69; 31; 50; 68; 34; 9; 55; 60; 67; 62
24,80,0.09573,0.3,78; 24; 26; 48; 53; 28; 80; 63; 32; 85
17,52,0.13166,0.32692,40; 17; 16; 62; 64; 51; 52; 6; 58; 80
25,75,0.10573,0.33333,22; 25; 55; 41; 28; 70; 75; 78; 5; 69
12,14,0.13374,0.85714,24; 12; 55; 7; 84; 10; 14; 6; 72; 70
26,33,0.136,0.78788,14; 26; 85; 55; 27; 44; 33; 46; 19; 55
33,66,0.1168,0.5,29; 33; 22; 54; 10; 67; 66; 45; 25; 35
24,84,0.08499,0.28571,78; 24; 43; 66; 13; 31; 84; 46; 82; 80
11,30,0.14089,0.36667,25; 11; 5; 6; 16; 42; 30; 35; 11; 17
16,46,0.13237,0.34783,51; 16; 54; 70; 77; 15; 46; 42; 55; 28
26,31,0.13378,0.83871,71; 26; 12; 68; 30; 23; 31; 49; 61; 80
69,82,0.07688,0.84146,74; 69; 66; 25; 14; 50; 82; 63; 32; 18
18,49,0.12256,0.36735,84; 18; 59; 50; 29; 70; 49; 22; 59; 22
11,22,0.13113,0.5,59; 11; 63; 60; 79; 75; 22; 36; 20; 57
30,35,0.14016,0.85714,7; 30; 57; 69; 81; 81; 35; 14; 64; 57
22,60,0.1169,0.36667,13; 22; 27; 43; 78; 78; 60; 59; 51; 66
20,40,0.12745,0.5,82; 20; 46; 29; 54; 31; 40; 83; 25; 66
39,79,0.10294,0.49367,16; 39; 81; 76; 46; 11; 79; 25; 32; 70
21,25,0.12699,0.84,39; 21; 55; 30; 65; 79; 25; 29; 76; 38
16,64,0.11865,0.25,64; 16; 74; 51; 38; 35; 64; 22; 42; 43
39,78,0.09134,0.5,31; 39; 63; 29; 83; 71; 78; 30; 43; 52
57,66,0.10695,0.86364,43; 57; 10; 41; 61; 74; 66; 80; 48; 61
29,84,0.09189,0.34524,58; 29; 49; 28; 60; 10; 84; 67; 21; 20
27,84,0.09069,0.32143,35; 27; 42; 19; 58; 64; 84; 21; 29; 76
6,12,0.11919,0.5,37; 6; 43; 9; 35; 75; 12; 24; 59; 15
9,32,0.13828,0.28125,43; 9; 9; 54; 27; 52; 32; 51; 19; 73
28,35,0.1386,0.8,30; 28; 82; 43; 64; 70; 35; 39; 11; 85
47,56,0.12525,0.83929,83; 47; 47; 52; 7; 81; 56; 72; 77; 68
24,48,0.12974,0.5,71; 24; 40; 44; 15; 67; 48; 64; 81; 26
19,22,0.12301,0.86364,79; 19; 55; 9; 27; 11; 22; 9; 46; 25
13,55,0.12763,0.23636,76; 13; 9; 85; 84; 25; 55; 43; 41; 61
9,31,0.13411,0.29032,72; 9; 74; 41; 12; 79; 31; 76; 71; 30
36,43,0.14251,0.83721,83; 36; 28; 20; 8; 38; 43; 12; 77; 34
70,85,0.07469,0.82353,55; 70; 77; 18; 68; 6; 85; 77; 17; 63
31,83,0.09293,0.37349,55; 31; 31; 17; 23; 33; 83; 28; 59; 72
24,48,0.12236,0.5,64; 24; 5; 12; 81; 78; 48; 28; 25; 54
19,38,0.14207,0.5,68; 19; 8; 41; 48; 48; 38; 46; 83; 80
17,34,0.13434,0.5,73; 17; 19; 31; 51; 67; 34; 15; 62; 68
15,41,0.13636,0.36585,73; 15; 17; 48; 70; 59; 41; 72; 70; 59
28,76,0.09944,0.36842,23; 28; 40; 26; 46; 68; 76; 84; 77; 19
23,76,0.09639,0.30263,83; 23; 62; 46; 43; 11; 76; 67; 84; 64
33,58,0.13183,0.56897,56; 33; 38; 22; 49; 65; 58; 39; 77; 85
52,65,0.1118,0.8,50; 52; 46; 16; 76; 28; 65; 72; 31; 9
42,75,0.10661,0.56,29; 42; 24; 30; 5; 38; 75; 77; 63; 7
26,71,0.09551,0.3662,57; 26; 51; 84; 8; 5; 71; 29; 63; 24
16,64,0.11838,0.25,24; 16; 23; 48; 24; 53; 64; 52; 71; 15
66,82,0.07947,0.80488,28; 66; 70; 59; 11; 69; 82; 77; 8; 80
22,48,0.1287,0.45833,47; 22; 52; 63; 75; 48; 48; 31; 66; 22
39,80,0.09661,0.4875,33; 39; 45; 81; 25; 17; 80; 15; 21; 50
12,43,0.1454,0.27907,61; 12; 83; 16; 68; 48; 43; 75; 51; 85
43,77,0.10803,0.55844,31; 43; 59; 78; 33; 83; 77; 65; 34; 52
14,42,0.12779,0.33333,47; 14; 62; 60; 16; 43; 42; 36; 46; 72
19,68,0.1027,0.27941,7; 19; 24; 49; 63; 25; 68; 74; 74; 5
39,78,0.10298,0.5,25; 39; 7; 66; 43; 19; 78; 74; 40; 8
26,81,0.09423,0.32099,21; 26; 11; 18; 30; 23; 81; 15; 44; 68
64,74,0.08823,0.86486,62; 64; 18; 31; 45; 47; 74; 85; 57; 19
46,56,0.12703,0.82143,77; 46; 53; 82; 33; 50; 56; 73; 55; 46
23,28,0.1293,0.82143,74; 23; 37; 8; 47; 17; 28; 72; 50; 17
42,84,0.09664,0.5,36; 42; 50; 46; 74; 85; 84; 29; 70; 17
6,20,0.10478,0.3,44; 6; 78; 33; 31; 39; 20; 54; 77; 43
24,48,0.13294,0.5,71; 24; 19; 46; 52; 64; 48; 35; 8; 68
21,46,0.13233,0.45652,20; 21; 32; 40; 22; 51; 46; 5; 53; 81
36,42,0.13947,0.85714,34; 36; 78; 51; 28; 21; 42; 38; 62; 82
32,70,0.10702,0.45714,82; 32; 41; 36; 43; 27; 70; 15; 71; 80
63,75,0.09183,0.84,57; 63; 54; 27; 82; 47; 75; 40; 61; 11
32,65,0.11692,0.49231,42; 32; 61; 39; 48; 24; 65; 9; 83; 22
18,57,0.11683,0.31579,61; 18; 81; 5; 66; 79; 57; 26; 31; 84
26,57,0.1253,0.45614,34; 26; 47; 7; 30; 70; 57; 81; 51; 82
13,26,0.12913,0.5,62; 13; 71; 48; 58; 19; 26; 33; 43; 35
42,50,0.13817,0.84,68; 42; 49; 61; 69; 21; 50; 32; 30; 5
9,38,0.14589,0.23684,67; 9; 84; 47; 47; 5; 38; 78; 60; 14
17,71,0.10036,0.23944,75; 17; 81; 25; 39; 64; 71; 33; 25; 71
57,68,0.10172,0.83824,42; 57; 9; 18; 20; 36; 68; 78; 20; 43
13,46,0.13201,0.28261,22; 13; 66; 13; 38; 60; 46; 79; 82; 78
54,63,0.11265,0.85714,40; 54; 40; 68; 85; 69; 63; 32; 58; 85
9,31,0.14087,0.29032,74; 9; 65; 71; 62; 64; 31; 81; 85; 59
38,77,0.10616,0.49351,79; 38; 11; 46; 27; 50; 77; 36; 8; 72
24,80,0.09265,0.3,73; 24; 48; 57; 57; 6; 80; 15; 5; 71
12,36,0.13422,0.33333,53; 12; 67; 77; 27; 37; 36; 32; 20; 29
25,54,0.1297,0.46296,50; 25; 60; 33; 29; 46; 54; 53; 24; 9
19,24,0.13599,0.79167,74; 19; 54; 27; 78; 32; 24; 39; 45; 54
13,37,0.14115,0.35135,5; 13; 36; 76; 41; 29; 37; 47; 13; 56
23,79,0.09457,0.29114,40; 23; 11; 6; 78; 67; 79; 34; 73; 49
18,55,0.1239,0.32727,57; 18; 76; 53; 74; 16; 55; 27; 16; 38
64,74,0.08698,0.86486,70; 64; 78; 45; 60; 41; 74; 28; 27; 35
20,85,0.09508,0.23529,50; 20; 75; 26; 64; 48; 85; 73; 80; 48
42,74,0.1056,0.56757,7; 42; 57; 70; 84; 27; 74; 41; 67; 66
16,50,0.1323,0.32,15; 16; 21; 29; 41; 70; 50; 34; 26; 80
40,70,0.11074,0.57143,20; 40; 11; 31; 70; 32; 70; 85; 44; 44
21,73,0.10773,0.28767,69; 21; 43; 71; 70; 50; 73; 21; 44; 54
67,85,0.07993,0.78824,60; 67; 19; 58; 34; 51; 85; 74; 9; 61
20,35,0.13526,0.57143,49; 20; 40; 32; 33; 75; 35; 59; 50; 84
34,43,0.13577,0.7907,10; 34; 67; 78; 61; 54; 43; 69; 39; 44
23,29,0.12994,0.7931,51; 23; 6; 54; 23; 31; 29; 47; 82; 67
20,79,0.09464,0.25316,54; 20; 60; 16; 53; 44; 79; 70; 41; 74
49,57,0.11903,0.85965,27; 49; 56; 43; 12; 17; 57; 24; 27; 83
46,58,0.12082,0.7931,61; 46; 79; 14; 85; 15; 58; 73; 6; 24
30,85,0.09512,0.35294,71; 30; 85; 29; 72; 16; 85; 42; 43; 67
64,74,0.08672,0.86486,70; 64; 51; 25; 45; 51; 74; 82; 69; 30
14,47,0.13407,0.29787,47; 14; 17; 63; 35; 83; 47; 38; 79; 45
19,65,0.11157,0.29231,72; 19; 19; 59; 8; 62; 65; 83; 9; 45
23,77,0.09545,0.2987,43; 23; 33; 33; 39; 55; 77; 72; 50; 50
43,51,0.1332,0.84314,20; 43; 66; 77; 62; 12; 51; 31; 55; 6
10,41,0.13257,0.2439,74; 10; 24; 7; 20; 77; 41; 29; 21; 9
18,64,0.11467,0.28125,37; 18; 44; 49; 13; 34; 64; 59; 15; 76
15,60,0.12154,0.25,25; 15; 31; 19; 74; 28; 60; 58; 35; 46
44,77,0.10584,0.57143,28; 44; 23; 77; 26; 74; 77; 78; 5; 62
14,43,0.13556,0.32558,9; 14; 24; 18; 71; 77; 43; 8; 57; 24
65,77,0.08686,0.84416,45; 65; 11; 9; 21; 46; 77; 48; 24; 67
11,46,0.1439,0.23913,42; 11; 77; 85; 74; 37; 46; 32; 49; 18
15,59,0.11422,0.25424,68; 15; 35; 6; 26; 40; 59; 10; 22; 70
70,85,0.07419,0.82353,46; 70; 60; 56; 42; 85; 85; 8; 19; 33
23,70,0.11063,0.32857,25; 23; 6; 71; 56; 34; 70; 6; 46; 70
24,84,0.09599,0.28571,76; 24; 25; 24; 55; 71; 84; 31; 24; 24
24,81,0.09682,0.2963,27; 24; 56; 20; 9; 16; 81; 38; 8; 72
12,15,0.13518,0.8,38; 12; 31; 18; 24; 6; 15; 32; 17; 42
31,63,0.12328,0.49206,45; 31; 39; 15; 73; 25; 63; 42; 59; 72
16,64,0.11255,0.25,5; 16; 51; 69; 54; 17; 64; 50; 30; 26
20,67,0.11007,0.29851,61; 20; 70; 37; 19; 15; 67; 21; 67; 38
59,69,0.09247,0.85507,82; 59; 21; 31; 76; 57; 69; 72; 67; 62
65,79,0.08022,0.82278,47; 65; 25; 77; 74; 81; 79; 77; 61; 51
40,72,0.10914,0.55556,38; 40; 68; 81; 18; 64; 72; 5; 68; 30
30,35,0.14232,0.85714,33; 30; 12; 49; 49; 40; 35; 21; 75; 10
16,55,0.12834,0.29091,66; 16; 78; 27; 17; 70; 55; 36; 26; 78
23,76,0.10254,0.30263,42; 23; 76; 10; 29; 50; 76; 33; 37; 80
25,68,0.11053,0.36765,31; 25; 74; 47; 76; 10; 68; 74; 18; 33
56,68,0.10475,0.82353,73; 56; 24; 11; 81; 28; 68; 60; 45; 43
37,74,0.09356,0.5,24; 37; 52; 41; 19; 55; 74; 36; 29; 45
51,62,0.11668,0.82258,78; 51; 80; 35; 7; 13; 62; 70; 38; 58
17,57,0.12694,0.29825,48; 17; 51; 75; 45; 33; 57; 65; 69; 62
63,73,0.08492,0.86301,13; 63; 59; 36; 78; 32; 73; 24; 61; 33
14,44,0.14214,0.31818,52; 14; 19; 22; 25; 40; 44; 22; 42; 9
19,66,0.11123,0.28788,34; 19; 77; 63; 8; 73; 66; 29; 54; 84
47,57,0.11817,0.82456,61; 47; 85; 17; 21; 43; 57; 61; 11; 45
44,56,0.12447,0.78571,15; 44; 82; 51; 42; 64; 56; 27; 66; 27
8,32,0.13728,0.25,79; 8; 69; 81; 46; 67; 32; 29; 64; 73
21,84,0.09701,0.25,30; 21; 49; 34; 72; 59; 84; 12; 33; 69
61,76,0.09175,0.80263,77; 61; 16; 40; 34; 66; 76; 10; 77; 27
18,21,0.13124,0.85714,35; 18; 48; 63; 53; 69; 21; 39; 79; 71
31,54,0.13348,0.57407,81; 31; 59; 16; 55; 21; 54; 44; 20; 28
15,41,0.13961,0.36585,65; 15; 40; 70; 68; 67; 41; 10; 19; 68
63,80,0.08109,0.7875,85; 63; 39; 73; 24; 76; 80; 50; 33; 16
39,84,0.09322,0.46429,24; 39; 70; 33; 50; 75; 84; 62; 61; 58
39,78,0.09876,0.5,70; 39; 60; 66; 69; 42; 78; 41; 15; 47
12,50,0.1387,0.24,63; 12; 75; 19; 77; 47; 50; 72; 15; 51
20,82,0.08561,0.2439,39; 20; 57; 21; 26; 21; 82; 33; 63; 34
42,53,0.13299,0.79245,20; 42; 63; 30; 81; 56; 53; 10; 45; 76
32,69,0.10316,0.46377,85; 32; 54; 13; 45; 27; 69; 34; 80; 65
19,57,0.11995,0.33333,57; 19; 22; 32; 58; 71; 57; 6; 56; 49
5,18,0.09688,0.27778,52; 5; 50; 11; 80; 61; 18; 70; 80; 76
13,23,0.13325,0.56522,65; 13; 27; 19; 82; 17; 23; 48; 21; 33
36,78,0.10446,0.46154,72; 36; 81; 41; 85; 22; 78; 13; 34; 62
17,68,0.10557,0.25,59; 17; 68; 54; 26; 55; 68; 67; 85; 42
40,50,0.1329,0.8,60; 40; 71; 60; 6; 66; 50; 49; 85; 16
17,49,0.13344,0.34694,61; 17; 53; 82; 7; 42; 49; 67; 33; 84
12,51,0.12943,0.23529,16; 12; 36; 19; 65; 60; 51; 31; 50; 13
31,37,0.13616,0.83784,32; 31; 80; 75; 68; 25; 37; 7; 15; 78
52,66,0.11323,0.78788,9; 52; 11; 67; 37; 42; 66; 23; 75; 77
46,56,0.1217,0.82143,37; 46; 5; 39; 30; 68; 56; 45; 72; 9
6,21,0.11597,0.28571,6; 6; 66; 51; 25; 34; 21; 54; 74; 79
12,24,0.13083,0.5,17; 12; 72; 72; 33; 46; 24; 5; 33; 13
64,78,0.08587,0.82051,9; 64; 55; 17; 48; 81; 78; 15; 48; 79
52,66,0.11091,0.78788,53; 52; 31; 63; 82; 9; 66; 41; 17; 67
17,35,0.13606,0.48571,26; 17; 65; 10; 63; 29; 35; 39; 23; 58
38,77,0.09383,0.49351,67; 38; 76; 44; 5; 77; 77; 77; 46; 47
31,68,0.1126,0.45588,43; 31; 30; 12; 48; 17; 68; 40; 13; 21
16,32,0.14601,0.5,72; 16; 61; 82; 73; 73; 32; 57; 73; 67
13,55,0.12177,0.23636,70; 13; 65; 24; 22; 44; 55; 10; 37; 84
22,62,0.11354,0.35484,46; 22; 79; 37; 67; 14; 62; 30; 71; 6
15,30,0.1383,0.5,80; 15; 27; 21; 10; 49; 30; 30; 6; 47
16,66,0.11048,0.24242,11; 16; 34; 49; 15; 34; 66; 75; 74; 49
31,68,0.11208,0.45588,20; 31; 27; 75; 52; 49; 68; 43; 35; 28
21,43,0.13794,0.48837,21; 21; 27; 82; 24; 11; 43; 10; 24; 83
16,67,0.10851,0.23881,58; 16; 37; 30; 11; 65; 67; 15; 20; 63
6,13,0.10763,0.46154,29; 6; 76; 36; 10; 56; 13; 54; 24; 76
31,67,0.12168,0.46269,46; 31; 35; 53; 18; 8; 67; 56; 78; 68
70,83,0.07586,0.84337,41; 70; 10; 11; 12; 77; 83; 79; 60; 81
13,46,0.13547,0.28261,22; 13; 14; 43; 80; 25; 46; 47; 24; 81
51,61,0.11634,0.83607,24; 51; 45; 5; 28; 57; 61; 36; 55; 36
16,19,0.13041,0.84211,42; 16; 58; 44; 12; 39; 19; 45; 34; 30
21,73,0.10386,0.28767,42; 21; 21; 52; 70; 55; 73; 60; 45; 11
23,80,0.10408,0.2875,25; 23; 34; 78; 21; 85; 80; 33; 18; 74
6,12,0.12294,0.5,24; 6; 52; 15; 44; 81; 12; 69; 21; 45
22,69,0.10892,0.31884,56; 22; 32; 64; 5; 73; 69; 66; 44; 31
22,60,0.12081,0.36667,5; 22; 80; 83; 63; 25; 60; 64; 83; 81
45,81,0.09931,0.55556,45; 45; 77; 70; 81; 31; 81; 66; 64; 78
20,70,0.10531,0.28571,58; 20; 7; 30; 35; 25; 70; 9; 40; 84
44,56,0.12287,0.78571,62; 44; 40; 75; 58; 27; 56; 23; 47; 85
19,55,0.12075,0.34545,79; 19; 16; 14; 53; 5; 55; 29; 46; 53
25,54,0.12119,0.46296,7; 25; 20; 14; 34; 41; 54; 35; 83; 17
37,47,0.13169,0.78723,30; 37; 10; 41; 31; 39; 47; 12; 36; 80
19,60,0.12102,0.31667,62; 19; 73; 25; 26; 26; 60; 61; 21; 32
20,63,0.11226,0.31746,79; 20; 73; 10; 33; 75; 63; 27; 74; 5
40,82,0.1017,0.4878,28; 40; 26; 74; 24; 64; 82; 56; 81; 52
37,75,0.10799,0.49333,71; 37; 71; 81; 25; 26; 75; 11; 73; 50
15,19,0.12774,0.78947,67; 15; 16; 48; 48; 61; 19; 43; 5; 39
41,52,0.13015,0.78846,85; 41; 62; 71; 68; 13; 52; 62; 78; 65
39,70,0.11155,0.55714,44; 39; 16; 52; 63; 30; 70; 76; 61; 74
71,83,0.07634,0.85542,18; 71; 27; 7; 68; 79; 83; 66; 68; 7
41,50,0.13183,0.82,31; 41; 81; 57; 60; 70; 50; 78; 74; 45
48,85,0.09146,0.56471,71; 48; 28; 50; 48; 57; 85; 69; 23; 34
40,81,0.1013,0.49383,24; 40; 73; 52; 16; 29; 81; 42; 73; 27
63,79,0.08054,0.79747,72; 63; 68; 61; 81; 62; 79; 68; 75; 32
14,59,0.12522,0.23729,73; 14; 8; 18; 38; 80; 59; 20; 58; 50
24,82,0.08984,0.29268,28; 24; 46; 41; 77; 49; 82; 63; 47; 11
28,85,0.10906,0.32941,55; 28; 33; 29; 42; 38; 85; 9; 9; 21
65,79,0.0853,0.82278,85; 65; 47; 82; 68; 60; 79; 79; 38; 64
62,78,0.08254,0.79487,82; 62; 37; 21; 74; 5; 78; 50; 17; 57
24,80,0.101,0.3,35; 24; 7; 82; 42; 53; 80; 29; 61; 74
38,78,0.1064,0.48718,35; 38; 20; 19; 22; 76; 78; 82; 25; 78
7,25,0.12401,0.28,75; 7; 16; 26; 14; 76; 25; 25; 22; 24
64,81,0.08025,0.79012,70; 64; 30; 77; 75; 33; 81; 59; 25; 45
23,71,0.1092,0.32394,69; 23; 81; 5; 9; 13; 71; 15; 19; 78
11,33,0.13954,0.33333,60; 11; 78; 63; 55; 37; 33; 58; 27; 13
10,42,0.13572,0.2381,84; 10; 80; 27; 81; 38; 42; 14; 21; 9
30,53,0.12464,0.56604,61; 30; 77; 11; 14; 5; 53; 74; 60; 36
10,31,0.1426,0.32258,19; 10; 71; 61; 46; 6; 31; 32; 30; 25
38,83,0.10107,0.45783,60; 38; 51; 77; 83; 43; 83; 62; 57; 53
17,56,0.12792,0.30357,85; 17; 22; 77; 11; 46; 56; 45; 71; 63
10,31,0.15149,0.32258,53; 10; 58; 7; 69; 24; 31; 85; 84; 85
20,54,0.12447,0.37037,49; 20; 70; 27; 39; 68; 54; 76; 62; 64
34,70,0.10357,0.48571,68; 34; 79; 61; 58; 70; 70; 54; 37; 14
71,85,0.07628,0.83529,76; 71; 8; 84; 18; 68; 85; 47; 18; 15
34,69,0.1093,0.49275,73; 34; 71; 20; 16; 13; 69; 35; 42; 74
16,66,0.10851,0.24242,81; 16; 64; 44; 62; 60; 66; 43; 48; 33
19,34,0.12445,0.55882,32; 19; 73; 83; 85; 70; 34; 60; 62; 13
64,80,0.08439,0.8,14; 64; 14; 70; 68; 46; 80; 14; 16; 43
33,42,0.13712,0.78571,21; 33; 40; 75; 70; 57; 42; 81; 71; 29
50,63,0.11233,0.79365,7; 50; 24; 75; 56; 36; 63; 14; 26; 34
19,60,0.11385,0.31667,83; 19; 68; 14; 28; 22; 60; 8; 65; 10
23,83,0.0919,0.27711,29; 23; 29; 57; 68; 83; 83; 64; 59; 36
19,60,0.1191,0.31667,77; 19; 33; 56; 57; 68; 60; 54; 69; 76
64,81,0.08457,0.79012,66; 64; 17; 7; 39; 5; 81; 31; 53; 30
25,82,0.10553,0.30488,74; 25; 48; 32; 72; 45; 82; 63; 10; 41
41,52,0.13014,0.78846,25; 41; 41; 52; 38; 25; 52; 30; 29; 81
23,72,0.10721,0.31944,59; 23; 9; 57; 74; 34; 72; 46; 74; 27
39,85,0.098,0.45882,10; 39; 32; 72; 71; 64; 85; 85; 58; 69
14,47,0.13607,0.29787,52; 14; 27; 84; 58; 27; 47; 62; 62; 47
15,46,0.13093,0.32609,82; 15; 35; 13; 18; 42; 46; 12; 10; 56
15,50,0.1264,0.3,74; 15; 64; 51; 19; 27; 50; 25; 36; 18
43,51,0.129,0.84314,12; 43; 42; 5; 37; 47; 51; 52; 43; 56
22,73,0.10802,0.30137,29; 22; 40; 14; 66; 40; 73; 28; 57; 71
33,68,0.10498,0.48529,77; 33; 18; 18; 9; 74; 68; 27; 45; 8
54,64,0.11261,0.84375,60; 54; 24; 40; 32; 81; 64; 37; 81; 14
36,74,0.10518,0.48649,17; 36; 29; 8; 38; 35; 74; 49; 57; 29
26,56,0.12957,0.46429,76; 26; 79; 24; 10; 63; 56; 6; 47; 19
70,85,0.07365,0.82353,20; 70; 38; 36; 71; 56; 85; 80; 59; 58
18,64,0.10744,0.28125,77; 18; 29; 14; 63; 73; 64; 7; 83; 42
36,64,0.11803,0.5625,28; 36; 19; 47; 55; 63; 64; 75; 84; 42
38,68,0.11493,0.55882,64; 38; 51; 18; 31; 67; 68; 38; 44; 67
37,43,0.14003,0.86047,25; 37; 16; 37; 45; 51; 43; 37; 6; 22
22,59,0.12263,0.37288,14; 22; 49; 70; 85; 9; 59; 70; 77; 19
65,82,0.08312,0.79268,83; 65; 19; 73; 16; 37; 82; 64; 80; 53
50,63,0.11413,0.79365,60; 50; 30; 27; 72; 71; 63; 23; 5; 45
57,72,0.09191,0.79167,21; 57; 81; 12; 34; 48; 72; 63; 62; 32
36,44,0.13852,0.81818,26; 36; 38; 35; 60; 19; 44; 42; 42; 73
29,63,0.11796,0.46032,7; 29; 84; 45; 48; 21; 63; 12; 38; 13
20,67,0.10881,0.29851,33; 20; 25; 65; 63; 66; 67; 37; 15; 50
11,31,0.13911,0.35484,31; 11; 41; 85; 16; 31; 31; 54; 48; 76
25,54,0.12138,0.46296,11; 25; 26; 32; 6; 85; 54; 84; 53; 30
13,52,0.12602,0.25,80; 13; 84; 37; 15; 35; 52; 28; 68; 84
62,78,0.0893,0.79487,40; 62; 33; 50; 19; 57; 78; 59; 26; 79
69,84,0.07707,0.82143,80; 69; 75; 77; 29; 14; 84; 63; 31; 42
63,77,0.08721,0.81818,74; 63; 35; 26; 75; 82; 77; 46; 73; 14
29,84,0.09835,0.34524,6; 29; 30; 34; 73; 5; 84; 72; 47; 81
13,43,0.13538,0.30233,79; 13; 43; 8; 72; 17; 43; 66; 23; 12
25,51,0.13267,0.4902,52; 25; 16; 66; 79; 75; 51; 36; 70; 25
46,80,0.10444,0.575,40; 46; 33; 9; 62; 28; 80; 64; 9; 80
16,46,0.13633,0.34783,66; 16; 33; 71; 13; 64; 46; 65; 19; 35
47,82,0.09535,0.57317,47; 47; 71; 15; 68; 72; 82; 33; 6; 85
62,72,0.09416,0.86111,57; 62; 81; 19; 47; 20; 72; 6; 37; 16
28,61,0.1192,0.45902,36; 28; 12; 56; 77; 51; 61; 58; 72; 36
53,65,0.10652,0.81538,65; 53; 8; 56; 81; 47; 65; 62; 8; 31
9,26,0.13691,0.34615,67; 9; 7; 8; 10; 27; 26; 83; 70; 10
59,74,0.09249,0.7973,53; 59; 10; 32; 55; 23; 74; 53; 57; 38
22,66,0.11682,0.33333,34; 22; 63; 24; 27; 46; 66; 82; 11; 65
29,79,0.09822,0.36709,56; 29; 29; 61; 32; 77; 79; 62; 58; 27
25,72,0.11462,0.34722,82; 25; 17; 42; 19; 18; 72; 5; 57; 54
21,84,0.08891,0.25,30; 21; 69; 46; 11; 67; 84; 28; 40; 46
7,23,0.12597,0.30435,61; 7; 79; 47; 8; 42; 23; 80; 57; 17
53,67,0.10278,0.79104,85; 53; 18; 46; 33; 31; 67; 83; 11; 76
28,61,0.11928,0.45902,22; 28; 39; 29; 40; 82; 61; 57; 74; 37
23,78,0.09339,0.29487,35; 23; 25; 35; 54; 20; 78; 21; 71; 71
39,70,0.10981,0.55714,67; 39; 13; 7; 81; 46; 70; 26; 30; 22
12,42,0.14489,0.28571,67; 12; 75; 35; 65; 28; 42; 19; 23; 36
35,76,0.10025,0.46053,21; 35; 33; 37; 29; 84; 76; 37; 37; 74
20,40,0.13571,0.5,67; 20; 79; 9; 79; 25; 40; 7; 6; 22
13,47,0.13254,0.2766,30; 13; 48; 53; 54; 9; 47; 44; 83; 76
30,38,0.14644,0.78947,33; 30; 84; 59; 26; 65; 38; 17; 23; 14
14,40,0.13211,0.35,66; 14; 53; 74; 62; 60; 40; 64; 85; 56
14,42,0.13348,0.33333,30; 14; 40; 18; 30; 10; 42; 56; 47; 26
12,42,0.13816,0.28571,76; 12; 48; 25; 60; 45; 42; 59; 38; 62
29,82,0.09811,0.35366,9; 29; 20; 51; 28; 58; 82; 21; 60; 68
29,52,0.13726,0.55769,55; 29; 60; 45; 85; 9; 52; 55; 50; 61
31,67,0.10826,0.46269,70; 31; 33; 53; 7; 5; 67; 7; 64; 9
39,70,0.11473,0.55714,66; 39; 73; 32; 67; 31; 70; 15; 36; 7
12,48,0.13624,0.25,15; 12; 14; 81; 82; 9; 48; 75; 45; 46
55,67,0.10353,0.8209,38; 55; 69; 42; 36; 25; 67; 77; 18; 39
23,83,0.08835,0.27711,75; 23; 13; 48; 58; 19; 83; 68; 32; 47
46,55,0.12335,0.83636,5; 46; 81; 24; 8; 64; 55; 9; 53; 73
61,73,0.09391,0.83562,78; 61; 82; 12; 54; 70; 73; 5; 24; 7
18,51,0.133,0.35294,53; 18; 57; 52; 65; 65; 51; 6; 10; 19
16,49,0.13357,0.32653,12; 16; 74; 61; 64; 17; 49; 7; 81; 47
55,69,0.10621,0.7971,37; 55; 51; 62; 16; 23; 69; 11; 42; 18
15,59,0.12008,0.25424,12; 15; 24; 16; 74; 60; 59; 55; 71; 51
33,68,0.10431,0.48529,82; 33; 11; 8; 13; 80; 68; 25; 30; 50
43,54,0.12634,0.7963,84; 43; 42; 65; 72; 78; 54; 11; 71; 43
68,85,0.07671,0.8,23; 68; 29; 58; 57; 22; 85; 18; 21; 43
50,61,0.11666,0.81967,65; 50; 45; 78; 73; 16; 61; 18; 30; 49
47,82,0.10291,0.57317,44; 47; 9; 63; 77; 43; 82; 82; 31; 41
12,14,0.13786,0.85714,64; 12; 25; 5; 85; 71; 14; 61; 14; 44
64,78,0.08629,0.82051,84; 64; 11; 56; 52; 70; 78; 76; 9; 81
48,85,0.09204,0.56471,60; 48; 58; 21; 57; 82; 85; 24; 83; 76
11,40,0.14278,0.275,16; 11; 62; 81; 22; 24; 40; 46; 10; 5
62,78,0.08094,0.79487,11; 62; 40; 48; 73; 85; 78; 52; 6; 31
55,69,0.09868,0.7971,35; 55; 39; 58; 6; 52; 69; 23; 13; 46
32,37,0.12962,0.86486,31; 32; 53; 72; 79; 18; 37; 42; 35; 57
45,56,0.12027,0.80357,36; 45; 52; 49; 18; 31; 56; 85; 72; 10
21,76,0.10192,0.27632,84; 21; 79; 42; 7; 35; 76; 78; 24; 23
25,83,0.09134,0.3012,82; 25; 18; 18; 69; 73; 83; 23; 31; 37
15,46,0.13577,0.32609,14; 15; 85; 67; 24; 35; 46; 7; 53; 52
61,77,0.08686,0.79221,81; 61; 48; 58; 79; 37; 77; 21; 83; 41
26,80,0.10353,0.325,43; 26; 11; 79; 54; 15; 80; 11; 14; 19
20,81,0.09137,0.24691,25; 20; 23; 65; 59; 28; 81; 11; 72; 85
14,42,0.13415,0.33333,31; 14; 18; 72; 74; 11; 42; 47; 83; 33
47,83,0.09564,0.56627,72; 47; 11; 24; 13; 31; 83; 65; 52; 21
36,45,0.13593,0.8,18; 36; 20; 85; 37; 73; 45; 48; 21; 17
53,66,0.10884,0.80303,41; 53; 55; 51; 57; 26; 66; 36; 12; 55
16,55,0.12631,0.29091,65; 16; 40; 18; 76; 46; 55; 8; 6; 7
46,81,0.10249,0.5679,73; 46; 42; 39; 38; 8; 81; 51; 40; 53
45,56,0.12444,0.80357,83; 45; 30; 62; 17; 21; 56; 42; 54; 33
17,49,0.1366,0.34694,74; 17; 47; 6; 69; 83; 49; 5; 34; 77
56,71,0.097,0.78873,40; 56; 36; 77; 41; 38; 71; 52; 46; 77
67,85,0.07388,0.78824,63; 67; 26; 71; 79; 80; 85; 33; 81; 30
24,69,0.11177,0.34783,14; 24; 38; 14; 22; 28; 69; 45; 18; 69
14,57,0.12287,0.24561,14; 14; 30; 37; 23; 21; 57; 68; 85; 23
9,28,0.1403,0.32143,6; 9; 48; 40; 70; 84; 28; 65; 69; 69
22,79,0.10103,0.27848,6; 22; 39; 15; 79; 19; 79; 54; 77; 56
60,73,0.08835,0.82192,12; 60; 75; 38; 12; 59; 73; 11; 35; 58
10,41,0.13746,0.2439,41; 10; 74; 22; 43; 70; 41; 30; 44; 5
19,75,0.10145,0.25333,85; 19; 85; 18; 68; 78; 75; 65; 56; 45
26,79,0.10016,0.32911,60; 26; 10; 76; 14; 39; 79; 52; 77; 30
23,46,0.13608,0.5,31; 23; 30; 69; 68; 6; 46; 54; 22; 47
14,38,0.13531,0.36842,64; 14; 14; 83; 49; 79; 38; 31; 13; 16
19,65,0.10841,0.29231,76; 19; 68; 70; 12; 34; 65; 30; 11; 6
35,70,0.11316,0.5,72; 35; 57; 45; 73; 31; 70; 33; 11; 79
58,71,0.09901,0.8169,85; 58; 79; 17; 42; 9; 71; 53; 37; 25
19,38,0.13271,0.5,62; 19; 55; 49; 39; 30; 38; 13; 22; 68
33,67,0.10678,0.49254,10; 33; 71; 61; 9; 16; 67; 30; 13; 72
42,74,0.10322,0.56757,31; 42; 77; 18; 30; 59; 74; 63; 39; 9
21,70,0.10029,0.3,55; 21; 29; 56; 24; 81; 70; 43; 50; 27
68,85,0.07333,0.8,71; 68; 76; 78; 41; 14; 85; 58; 69; 61
34,60,0.12039,0.56667,49; 34; 12; 25; 55; 9; 60; 51; 27; 48
12,41,0.14228,0.29268,10; 12; 47; 84; 45; 84; 41; 73; 36; 83
19,80,0.09537,0.2375,68; 19; 83; 80; 37; 22; 80; 65; 39; 39
58,69,0.09483,0.84058,71; 58; 70; 55; 81; 68; 69; 20; 24; 31
20,63,0.11868,0.31746,9; 20; 10; 62; 14; 31; 63; 50; 60; 52
59,72,0.09942,0.81944,54; 59; 24; 26; 21; 62; 72; 34; 55; 33
57,71,0.1001,0.80282,61; 57; 25; 11; 14; 73; 71; 78; 40; 6
33,42,0.14129,0.78571,23; 33; 38; 22; 19; 16; 42; 24; 61; 37
55,69,0.10156,0.7971,74; 55; 18; 35; 45; 31; 69; 23; 37; 39
36,43,0.13674,0.83721,42; 36; 46; 57; 7; 6; 43; 9; 29; 51
13,47,0.13351,0.2766,21; 13; 13; 45; 17; 26; 47; 67; 48; 36
18,76,0.09621,0.23684,73; 18; 45; 54; 27; 80; 76; 20; 47; 6
55,67,0.10359,0.8209,56; 55; 34; 75; 72; 61; 67; 5; 31; 47
19,24,0.13033,0.79167,73; 19; 84; 51; 39; 75; 24; 35; 49; 74
39,68,0.11323,0.57353,61; 39; 57; 59; 35; 69; 68; 57; 31; 69
29,79,0.09158,0.36709,54; 29; 49; 13; 32; 75; 79; 32; 16; 32
21,46,0.13514,0.45652,84; 21; 72; 24; 64; 29; 46; 52; 17; 47
43,50,0.13017,0.86,41; 43; 61; 71; 45; 18; 50; 42; 45; 20
33,68,0.09841,0.48529,85; 33; 53; 46; 65; 46; 68; 10; 38; 80
66,77,0.08485,0.85714,55; 66; 55; 16; 14; 64; 77; 19; 44; 63
44,77,0.10088,0.57143,30; 44; 11; 70; 25; 79; 77; 5; 18; 71
10,27,0.13572,0.37037,16; 10; 29; 21; 5; 53; 27; 27; 83; 79
43,76,0.10345,0.56579,22; 43; 41; 12; 41; 43; 76; 41; 62; 8
16,53,0.12304,0.30189,68; 16; 18; 27; 20; 82; 53; 19; 78; 63
29,79,0.10035,0.36709,37; 29; 20; 6; 38; 8; 79; 5; 65; 57
7,23,0.12063,0.30435,35; 7; 69; 24; 22; 31; 23; 77; 30; 83
30,82,0.0911,0.36585,25; 30; 80; 25; 8; 26; 82; 58; 80; 14
14,56,0.1221,0.25,30; 14; 54; 48; 26; 73; 56; 29; 7; 13
35,76,0.10387,0.46053,67; 35; 42; 18; 11; 47; 76; 79; 69; 84
68,79,0.07987,0.86076,67; 68; 61; 15; 54; 60; 79; 30; 74; 8
42,50,0.13643,0.84,30; 42; 44; 15; 48; 8; 50; 73; 56; 44
21,70,0.10785,0.3,81; 21; 26; 75; 52; 15; 70; 42; 5; 81
44,77,0.09941,0.57143,9; 44; 16; 13; 38; 55; 77; 64; 16; 34
15,41,0.13172,0.36585,66; 15; 60; 81; 49; 29; 41; 27; 24; 32
10,36,0.13763,0.27778,22; 10; 8; 29; 5; 13; 36; 71; 50; 49
34,69,0.10162,0.49275,36; 34; 64; 39; 50; 49; 69; 69; 42; 62
23,65,0.11576,0.35385,73; 23; 82; 51; 65; 48; 65; 83; 14; 69
21,42,0.12788,0.5,36; 21; 19; 44; 82; 57; 42; 24; 47; 57
26,75,0.10439,0.34667,84; 26; 58; 48; 32; 53; 75; 82; 8; 30
64,80,0.08202,0.8,55; 64; 35; 5; 24; 40; 80; 83; 36; 58
26,74,0.10271,0.35135,82; 26; 73; 29; 57; 43; 74; 7; 59; 6
64,78,0.08132,0.82051,20; 64; 40; 38; 84; 17; 78; 85; 83; 42
63,73,0.09265,0.86301,58; 63; 69; 33; 51; 68; 73; 43; 9; 33
16,46,0.1301,0.34783,31; 16; 35; 53; 40; 9; 46; 76; 68; 30
39,85,0.08812,0.45882,20; 39; 21; 52; 81; 39; 85; 74; 27; 16
59,72,0.09791,0.81944,18; 59; 40; 80; 73; 20; 72; 48; 53; 79
56,65,0.10614,0.86154,78; 56; 42; 79; 40; 42; 65; 74; 77; 66
21,76,0.10032,0.27632,80; 21; 83; 13; 63; 49; 76; 50; 65; 64
20,84,0.094,0.2381,75; 20; 9; 39; 82; 9; 84; 38; 53; 27
23,40,0.13735,0.575,22; 23; 61; 25; 32; 53; 40; 56; 61; 47
38,82,0.09974,0.46341,48; 38; 60; 18; 58; 20; 82; 39; 30; 83
39,68,0.11024,0.57353,37; 39; 48; 51; 17; 57; 68; 56; 77; 5
25,79,0.10317,0.31646,22; 25; 54; 55; 55; 61; 79; 7; 82; 44
18,55,0.1226,0.32727,39; 18; 15; 13; 31; 38; 55; 83; 46; 62
18,21,0.13096,0.85714,16; 18; 84; 19; 66; 7; 21; 80; 64; 31
25,29,0.12961,0.86207,38; 25; 8; 22; 67; 31; 29; 49; 51; 16
40,71,0.10968,0.56338,24; 40; 52; 17; 10; 27; 71; 46; 29; 23
20,40,0.1323,0.5,55; 20; 41; 28; 61; 31; 40; 68; 22; 85
35,71,0.10486,0.49296,72; 35; 62; 63; 33; 43; 71; 70; 19; 40
18,37,0.13471,0.48649,31; 18; 74; 81; 79; 18; 37; 33; 74; 17
20,82,0.08996,0.2439,83; 20; 83; 62; 15; 47; 82; 48; 17; 43
16,58,0.1247,0.27586,81; 16; 57; 12; 43; 53; 58; 44; 28; 60
22,44,0.13643,0.5,14; 22; 57; 37; 82; 83; 44; 21; 27; 50
42,84,0.08773,0.5,36; 42; 82; 26; 41; 72; 84; 32; 32; 50
42,53,0.12442,0.79245,16; 42; 56; 49; 55; 13; 53; 29; 13; 29
24,79,0.10543,0.3038,34; 24; 85; 50; 39; 33; 79; 20; 53; 81
10,42,0.14894,0.2381,67; 10; 55; 27; 38; 84; 42; 9; 46; 11
10,36,0.13594,0.27778,26; 10; 18; 8; 16; 5; 36; 23; 64; 58
57,72,0.10171,0.79167,57; 57; 23; 37; 42; 71; 72; 36; 32; 83
38,78,0.0991,0.48718,8; 38; 85; 17; 10; 20; 78; 50; 47; 6
53,66,0.10726,0.80303,47; 53; 78; 15; 26; 56; 66; 39; 13; 62
25,67,0.11908,0.37313,35; 25; 62; 59; 5; 30; 67; 24; 30; 56
24,76,0.09517,0.31579,26; 24; 61; 49; 76; 82; 76; 52; 7; 63
13,39,0.13037,0.33333,75; 13; 43; 34; 85; 43; 39; 69; 63; 82
47,56,0.12116,0.83929,61; 47; 62; 44; 13; 28; 56; 40; 13; 78
7,25,0.12942,0.28,47; 7; 36; 28; 71; 72; 25; 33; 23; 65
63,73,0.09146,0.86301,32; 63; 75; 35; 18; 85; 73; 66; 65; 14
5,15,0.10201,0.33333,19; 5; 73; 43; 81; 82; 15; 63; 37; 44
13,40,0.13637,0.325,22; 13; 29; 47; 39; 41; 40; 29; 73; 25
68,83,0.07614,0.81928,80; 68; 68; 28; 29; 33; 83; 51; 36; 23
34,69,0.10943,0.49275,46; 34; 9; 21; 85; 7; 69; 21; 61; 7
17,35,0.13072,0.48571,59; 17; 84; 7; 6; 67; 35; 32; 24; 52
8,34,0.14039,0.23529,75; 8; 44; 20; 24; 67; 34; 64; 11; 5
44,55,0.12082,0.8,14; 44; 20; 77; 84; 71; 55; 23; 18; 26
66,79,0.082,0.83544,35; 66; 51; 83; 65; 10; 79; 34; 37; 22
18,63,0.11213,0.28571,44; 18; 55; 29; 44; 69; 63; 9; 55; 71
21,60,0.11919,0.35,30; 21; 50; 13; 31; 66; 60; 22; 57; 5
46,81,0.10112,0.5679,62; 46; 18; 12; 66; 53; 81; 60; 63; 49
20,84,0.09951,0.2381,32; 20; 64; 79; 65; 28; 84; 36; 85; 74
9,18,0.13576,0.5,20; 9; 14; 25; 84; 48; 18; 15; 46; 76
23,65,0.11426,0.35385,22; 23; 12; 83; 38; 50; 65; 20; 70; 50
15,45,0.12605,0.33333,38; 15; 55; 40; 80; 40; 45; 45; 21; 65
18,52,0.13067,0.34615,44; 18; 16; 59; 42; 37; 52; 9; 63; 11
14,44,0.13659,0.31818,78; 14; 26; 69; 30; 24; 44; 78; 26; 27
25,45,0.1446,0.55556,40; 25; 62; 32; 29; 64; 45; 6; 12; 59
21,70,0.10195,0.3,62; 21; 36; 75; 76; 18; 70; 49; 62; 70
18,37,0.13011,0.48649,63; 18; 6; 28; 56; 19; 37; 25; 7; 10
35,72,0.09838,0.48611,69; 35; 11; 9; 48; 49; 72; 27; 81; 64
31,63,0.11512,0.49206,35; 31; 10; 10; 61; 40; 63; 23; 31; 36
34,68,0.10096,0.5,7; 34; 53; 68; 48; 41; 68; 25; 70; 69
25,78,0.1052,0.32051,39; 25; 64; 37; 57; 85; 78; 76; 9; 45
38,45,0.13264,0.84444,52; 38; 47; 66; 16; 79; 45; 5; 78; 47
38,45,0.13548,0.84444,83; 38; 33; 17; 28; 28; 45; 85; 31; 45
22,59,0.12299,0.37288,21; 22; 22; 71; 52; 47; 59; 72; 67; 17
13,35,0.13448,0.37143,26; 13; 15; 20; 35; 27; 35; 22; 11; 20
23,66,0.11364,0.34848,26; 23; 16; 76; 48; 62; 66; 51; 77; 56
28,80,0.09223,0.35,83; 28; 24; 39; 40; 59; 80; 69; 10; 31
32,57,0.13087,0.5614,35; 32; 74; 80; 51; 32; 57; 21; 63; 60
44,55,0.1295,0.8,44; 44; 46; 84; 41; 8; 55; 18; 53; 7
28,49,0.12894,0.57143,60; 28; 16; 5; 26; 24; 49; 32; 64; 59
22,74,0.10595,0.2973,71; 22; 33; 69; 31; 59; 74; 76; 34; 53
47,59,0.11843,0.79661,13; 47; 13; 21; 30; 56; 59; 31; 69; 50
32,57,0.12394,0.5614,39; 32; 63; 57; 29; 66; 57; 28; 9; 31
30,38,0.13552,0.78947,70; 30; 37; 24; 45; 19; 38; 21; 21; 28
22,45,0.13524,0.48889,23; 22; 81; 43; 57; 56; 45; 53; 35; 5
18,64,0.11488,0.28125,77; 18; 62; 62; 9; 53; 64; 23; 18; 85
21,74,0.10278,0.28378,11; 21; 11; 45; 40; 18; 74; 73; 28; 58
23,69,0.11348,0.33333,41; 23; 38; 50; 21; 59; 69; 13; 74; 17
64,76,0.08489,0.84211,72; 64; 68; 85; 27; 80; 76; 66; 8; 54
32,56,0.12467,0.57143,22; 32; 28; 63; 54; 45; 56; 66; 22; 22
21,42,0.13716,0.5,84; 21; 85; 68; 80; 17; 42; 16; 38; 39
22,77,0.10353,0.28571,33; 22; 50; 59; 85; 85; 77; 63; 79; 54
45,55,0.13106,0.81818,19; 45; 33; 55; 77; 62; 55; 48; 80; 50
24,75,0.10124,0.32,80; 24; 60; 56; 81; 56; 75; 49; 55; 14
60,75,0.08561,0.8,62; 60; 71; 71; 8; 43; 75; 53; 78; 39
47,84,0.08903,0.55952,43; 47; 14; 32; 16; 69; 84; 9; 16; 70
7,20,0.13323,0.35,11; 7; 5; 16; 85; 34; 20; 44; 45; 63
64,81,0.08784,0.79012,66; 64; 12; 85; 75; 84; 81; 65; 34; 25
45,55,0.13061,0.81818,78; 45; 15; 31; 65; 22; 55; 16; 65; 72
12,21,0.1312,0.57143,61; 12; 32; 70; 23; 53; 21; 8; 68; 26
16,63,0.11842,0.25397,39; 16; 27; 28; 57; 60; 63; 14; 62; 5
41,52,0.12814,0.78846,6; 41; 12; 51; 81; 41; 52; 59; 37; 19
36,42,0.13674,0.85714,33; 36; 54; 13; 21; 58; 42; 82; 39; 54
19,76,0.10159,0.25,56; 19; 19; 11; 7; 77; 76; 56; 52; 20
40,80,0.10699,0.5,36; 40; 33; 70; 14; 5; 80; 47; 36; 37
37,75,0.10405,0.49333,18; 37; 34; 31; 47; 20; 75; 33; 33; 61
26,56,0.12393,0.46429,17; 26; 27; 11; 16; 40; 56; 29; 78; 81
27,83,0.09005,0.3253,60; 27; 67; 66; 65; 11; 83; 48; 64; 22
46,81,0.09877,0.5679,8; 46; 78; 66; 33; 47; 81; 32; 23; 76
49,60,0.11821,0.81667,24; 49; 11; 43; 39; 36; 60; 76; 62; 51
16,68,0.11174,0.23529,64; 16; 62; 67; 18; 67; 68; 80; 9; 58
29,79,0.10223,0.36709,47; 29; 23; 29; 47; 43; 79; 19; 28; 11
19,76,0.11051,0.25,8; 19; 56; 36; 47; 30; 76; 26; 59; 19
24,82,0.09538,0.29268,50; 24; 49; 56; 27; 55; 82; 59; 19; 48
31,38,0.14315,0.81579,19; 31; 25; 83; 47; 85; 38; 24; 62; 55
19,51,0.13388,0.37255,55; 19; 82; 23; 69; 9; 51; 32; 29; 11
33,42,0.13643,0.78571,39; 33; 76; 50; 75; 31; 42; 73; 69; 75
27,78,0.10822,0.34615,38; 27; 78; 24; 38; 71; 78; 21; 75; 63
20,41,0.12841,0.4878,39; 20; 28; 84; 8; 55; 41; 24; 32; 30
13,45,0.13796,0.28889,71; 13; 59; 7; 83; 44; 45; 10; 76; 78
48,61,0.12687,0.78689,29; 48; 46; 14; 25; 28; 61; 14; 50; 68
38,76,0.10781,0.5,11; 38; 38; 55; 46; 79; 76; 28; 30; 42
18,61,0.1172,0.29508,24; 18; 12; 66; 73; 13; 61; 74; 63; 35
16,58,0.1204,0.27586,65; 16; 9; 10; 15; 44; 58; 75; 40; 34
17,67,0.10876,0.25373,52; 17; 35; 18; 80; 64; 67; 9; 22; 39
13,47,0.13902,0.2766,26; 13; 63; 84; 43; 76; 47; 16; 44; 7
24,75,0.09782,0.32,78; 24; 9; 40; 20; 8; 75; 72; 42; 46
49,57,0.12105,0.85965,73; 49; 55; 9; 34; 13; 57; 74; 59; 35
27,73,0.10485,0.36986,14; 27; 58; 45; 9; 24; 73; 22; 9; 10
13,52,0.12559,0.25,7; 13; 39; 60; 37; 24; 52; 65; 27; 82
53,66,0.10995,0.80303,44; 53; 30; 18; 6; 48; 66; 11; 75; 34
13,41,0.13574,0.31707,31; 13; 70; 27; 14; 32; 41; 70; 35; 46
42,51,0.12794,0.82353,63; 42; 42; 41; 23; 9; 51; 40; 45; 26
21,73,0.09458,0.28767,68; 21; 43; 48; 37; 65; 73; 74; 82; 45
16,63,0.1161,0.25397,11; 16; 60; 83; 42; 23; 63; 35; 13; 79
30,82,0.09504,0.36585,10; 30; 48; 24; 42; 85; 82; 80; 80; 39
45,57,0.12843,0.78947,29; 45; 61; 34; 29; 37; 57; 8; 46; 45
13,45,0.13382,0.28889,17; 13; 16; 69; 46; 21; 45; 65; 55; 47
38,82,0.09275,0.46341,58; 38; 42; 31; 21; 68; 82; 64; 80; 74
9,32,0.14113,0.28125,6; 9; 81; 84; 32; 68; 32; 24; 35; 33
21,75,0.10415,0.28,17; 21; 67; 47; 82; 53; 75; 39; 72; 61
42,85,0.09258,0.49412,9; 42; 84; 78; 83; 18; 85; 5; 39; 30
17,48,0.1318,0.35417,83; 17; 65; 18; 26; 7; 48; 66; 56; 39
25,78,0.10837,0.32051,53; 25; 81; 77; 49; 84; 78; 36; 5; 66
26,70,0.10528,0.37143,10; 26; 12; 30; 58; 59; 70; 15; 36; 11
17,35,0.13669,0.48571,77; 17; 79; 45; 76; 62; 35; 41; 38; 61
18,37,0.14137,0.48649,27; 18; 63; 64; 60; 17; 37; 31; 73; 15
6,17,0.12431,0.35294,28; 6; 14; 35; 28; 47; 17; 9; 55; 24
27,32,0.14053,0.84375,31; 27; 40; 83; 13; 43; 32; 75; 13; 26
32,38,0.13531,0.84211,46; 32; 77; 85; 54; 7; 38; 6; 30; 19
27,78,0.10231,0.34615,25; 27; 67; 26; 65; 45; 78; 69; 22; 55
14,59,0.12521,0.23729,20; 14; 44; 49; 62; 77; 59; 32; 69; 58
25,75,0.0944,0.33333,50; 25; 44; 21; 59; 44; 75; 33; 30; 26
16,58,0.12683,0.27586,8; 16; 74; 45; 85; 21; 58; 5; 12; 24
37,47,0.13971,0.78723,5; 37; 75; 37; 79; 58; 47; 74; 24; 34
66,84,0.07892,0.78571,75; 66; 77; 57; 11; 81; 84; 65; 62; 8
42,75,0.10357,0.56,50; 42; 31; 50; 75; 80; 75; 77; 5; 12
27,84,0.09512,0.32143,49; 27; 40; 66; 74; 29; 84; 26; 39; 50
23,46,0.13057,0.5,31; 23; 18; 28; 50; 29; 46; 59; 14; 60
20,63,0.116,0.31746,45; 20; 37; 17; 72; 12; 63; 17; 10; 45
43,76,0.10104,0.56579,6; 43; 37; 30; 30; 12; 76; 34; 50; 84
17,70,0.11143,0.24286,50; 17; 72; 42; 30; 16; 70; 24; 60; 14
40,50,0.13479,0.8,82; 40; 43; 47; 76; 61; 50; 35; 16; 28
19,24,0.13007,0.79167,54; 19; 71; 33; 67; 38; 24; 68; 38; 23
10,33,0.13251,0.30303,8; 10; 56; 41; 51; 21; 33; 70; 42; 27
63,80,0.08002,0.7875,50; 63; 30; 38; 70; 56; 80; 76; 57; 51
60,70,0.09363,0.85714,11; 60; 12; 37; 31; 22; 70; 8; 27; 28
17,60,0.12276,0.28333,51; 17; 80; 57; 48; 19; 60; 60; 35; 74
11,31,0.13955,0.35484,16; 11; 18; 42; 34; 46; 31; 37; 9; 74
35,61,0.12635,0.57377,31; 35; 57; 66; 49; 55; 61; 12; 28; 82
22,69,0.10988,0.31884,9; 22; 63; 49; 9; 81; 69; 61; 38; 40
22,44,0.13194,0.5,51; 22; 71; 23; 28; 17; 44; 25; 21; 41
25,29,0.14122,0.86207,33; 25; 57; 84; 68; 56; 29; 58; 31; 46
22,79,0.09586,0.27848,59; 22; 44; 22; 79; 45; 79; 7; 17; 14
53,65,0.1083,0.81538,38; 53; 37; 46; 64; 9; 65; 37; 70; 85
13,51,0.12597,0.2549,27; 13; 26; 67; 49; 44; 51; 12; 33; 66
16,67,0.10854,0.23881,61; 16; 33; 71; 9; 34; 67; 43; 52; 70
22,39,0.13234,0.5641,23; 22; 32; 78; 74; 73; 39; 30; 79; 27
27,32,0.12759,0.84375,84; 27; 67; 6; 59; 22; 32; 73; 83; 37
29,63,0.11865,0.46032,12; 29; 44; 74; 51; 27; 63; 40; 22; 49
9,16,0.1357,0.5625,61; 9; 85; 30; 42; 45; 16; 10; 9; 27
20,41,0.13131,0.4878,56; 20; 69; 44; 35; 40; 41; 32; 65; 66
19,57,0.10905,0.33333,35; 19; 62; 71; 56; 70; 57; 49; 30; 48
59,74,0.09177,0.7973,66; 59; 35; 14; 61; 54; 74; 65; 53; 46
19,63,0.11859,0.30159,29; 19; 14; 70; 15; 70; 63; 9; 36; 35
47,84,0.099,0.55952,67; 47; 60; 58; 77; 67; 84; 30; 78; 32
22,66,0.10786,0.33333,22; 22; 46; 73; 10; 73; 66; 15; 64; 64
54,68,0.10928,0.79412,29; 54; 7; 59; 53; 39; 68; 58; 51; 72
22,69,0.10438,0.31884,36; 22; 75; 81; 76; 43; 69; 43; 25; 41
12,21,0.13528,0.57143,39; 12; 24; 62; 56; 12; 21; 52; 20; 25
12,51,0.1367,0.23529,57; 12; 75; 66; 74; 64; 51; 72; 82; 75
22,28,0.13442,0.78571,35; 22; 69; 83; 68; 47; 28; 20; 44; 42
38,82,0.09684,0.46341,53; 38; 57; 61; 64; 53; 82; 78; 85; 20
22,44,0.13423,0.5,56; 22; 64; 35; 24; 64; 44; 62; 51; 80
21,43,0.14009,0.48837,30; 21; 76; 17; 17; 28; 43; 10; 50; 45
58,73,0.09282,0.79452,49; 58; 6; 74; 40; 84; 73; 46; 8; 55
6,20,0.11517,0.3,31; 6; 10; 68; 50; 27; 20; 21; 85; 12
24,76,0.09941,0.31579,7; 24; 41; 30; 58; 69; 76; 42; 16; 78
25,84,0.08836,0.29762,15; 25; 63; 54; 83; 71; 84; 53; 50; 72
16,67,0.11197,0.23881,80; 16; 50; 65; 7; 69; 67; 77; 46; 50
27,77,0.09084,0.35065,74; 27; 38; 8; 52; 67; 77; 55; 59; 37
37,81,0.09392,0.45679,32; 37; 18; 46; 70; 36; 81; 68; 67; 80
68,81,0.07982,0.83951,20; 68; 42; 27; 81; 32; 81; 68; 34; 35
15,45,0.13283,0.33333,21; 15; 45; 32; 36; 53; 45; 6; 55; 73
61,74,0.08904,0.82432,46; 61; 80; 13; 23; 21; 74; 84; 6; 44
41,73,0.10805,0.56164,36; 41; 68; 41; 53; 76; 73; 53; 80; 55
16,65,0.11619,0.24615,57; 16; 63; 63; 40; 33; 65; 82; 47; 28
26,82,0.09925,0.31707,64; 26; 5; 50; 85; 51; 82; 58; 33; 25
57,68,0.10159,0.83824,76; 57; 78; 9; 69; 50; 68; 11; 30; 47
49,58,0.11139,0.84483,20; 49; 41; 60; 15; 44; 58; 61; 14; 25
14,46,0.13537,0.30435,80; 14; 72; 8; 81; 38; 46; 31; 59; 79
49,58,0.12208,0.84483,49; 49; 62; 66; 42; 15; 58; 71; 56; 80
37,46,0.13269,0.80435,46; 37; 75; 9; 69; 37; 46; 17; 25; 28
47,56,0.12784,0.83929,59; 47; 18; 40; 65; 8; 56; 80; 36; 84
28,57,0.12203,0.49123,29; 28; 59; 54; 82; 69; 57; 82; 37; 82
56,70,0.09386,0.8,73; 56; 68; 53; 35; 5; 70; 32; 6; 26
18,21,0.12747,0.85714,55; 18; 50; 13; 33; 38; 21; 64; 77; 19
28,80,0.10242,0.35,81; 28; 35; 51; 84; 40; 80; 16; 6; 45
23,62,0.11526,0.37097,12; 23; 7; 63; 33; 82; 62; 66; 33; 57
20,72,0.10584,0.27778,5; 20; 19; 24; 69; 20; 72; 14; 81; 51
69,84,0.07521,0.82143,16; 69; 30; 23; 74; 85; 84; 67; 28; 68
63,75,0.08419,0.84,38; 63; 11; 37; 43; 36; 75; 24; 31; 24
40,81,0.10359,0.49383,14; 40; 16; 74; 13; 48; 81; 45; 51; 82
32,40,0.1338,0.8,39; 32; 57; 36; 65; 62; 40; 54; 39; 13
5,18,0.09554,0.27778,65; 5; 23; 16; 29; 52; 18; 40; 44; 57
52,66,0.11142,0.78788,85; 52; 44; 78; 14; 29; 66; 54; 62; 40
6,12,0.12046,0.5,36; 6; 63; 40; 22; 76; 12; 64; 20; 62
13,46,0.13082,0.28261,26; 13; 63; 78; 36; 30; 46; 15; 67; 16
22,60,0.11868,0.36667,32; 22; 47; 67; 21; 52; 60; 34; 28; 16
45,81,0.10148,0.55556,14; 45; 22; 8; 59; 55; 81; 47; 28; 82
23,77,0.10034,0.2987,75; 23; 14; 16; 50; 45; 77; 71; 12; 12
15,60,0.11814,0.25,54; 15; 35; 54; 60; 14; 60; 44; 19; 77
6,13,0.10718,0.46154,75; 6; 13; 39; 36; 8; 13; 15; 26; 77
37,66,0.11001,0.56061,57; 37; 65; 12; 74; 72; 66; 34; 11; 8
21,63,0.12153,0.33333,52; 21; 70; 76; 13; 21; 63; 61; 23; 33
29,83,0.09828,0.3494,36; 29; 47; 16; 72; 85; 83; 22; 30; 81
16,57,0.12268,0.2807,47; 16; 28; 30; 77; 59; 57; 19; 78; 28
38,82,0.0936,0.46341,12; 38; 28; 76; 85; 60; 82; 76; 64; 70
43,50,0.14121,0.86,84; 43; 60; 81; 62; 27; 50; 19; 76; 19
8,23,0.12809,0.34783,63; 8; 81; 53; 36; 19; 23; 28; 70; 50
18,52,0.12867,0.34615,6; 18; 47; 67; 51; 18; 52; 57; 14; 83
52,66,0.11173,0.78788,19; 52; 36; 64; 17; 8; 66; 12; 15; 52
18,57,0.11841,0.31579,78; 18; 76; 12; 9; 78; 57; 8; 21; 14
45,56,0.12794,0.80357,47; 45; 41; 76; 32; 58; 56; 23; 15; 70
67,82,0.07697,0.81707,73; 67; 64; 54; 20; 73; 82; 27; 32; 70
41,73,0.10414,0.56164,19; 41; 47; 10; 35; 68; 73; 69; 18; 29
39,69,0.11538,0.56522,5; 39; 52; 47; 63; 17; 69; 35; 39; 54
35,61,0.10799,0.57377,24; 35; 27; 19; 72; 58; 61; 77; 80; 84
15,62,0.11474,0.24194,22; 15; 44; 52; 46; 27; 62; 75; 8; 59
37,47,0.13628,0.78723,57; 37; 27; 80; 43; 77; 47; 18; 58; 7
24,43,0.13585,0.55814,46; 24; 38; 9; 32; 52; 43; 50; 13; 18
19,58,0.11561,0.32759,28; 19; 9; 13; 77; 32; 58; 31; 77; 37
27,83,0.09446,0.3253,83; 27; 28; 35; 68; 6; 83; 21; 73; 47
55,69,0.09818,0.7971,54; 55; 32; 83; 57; 26; 69; 24; 67; 76
19,54,0.12153,0.35185,45; 19; 73; 8; 33; 52; 54; 56; 21; 83
7,28,0.13389,0.25,21; 7; 22; 54; 36; 24; 28; 9; 10; 56
67,78,0.08224,0.85897,84; 67; 79; 18; 74; 43; 78; 31; 57; 45
17,68,0.10965,0.25,39; 17; 54; 44; 82; 73; 68; 13; 46; 77
42,51,0.13359,0.82353,16; 42; 80; 69; 63; 67; 51; 40; 62; 34
6,25,0.1101,0.24,64; 6; 30; 66; 22; 66; 25; 9; 7; 5
21,46,0.13412,0.45652,17; 21; 20; 12; 7; 41; 46; 17; 60; 9
34,61,0.11591,0.55738,20; 34; 63; 17; 37; 27; 61; 71; 44; 63
30,54,0.12215,0.55556,77; 30; 84; 13; 51; 77; 54; 79; 31; 66
67,78,0.08207,0.85897,27; 67; 15; 32; 36; 24; 78; 70; 6; 72
8,33,0.13676,0.24242,80; 8; 72; 12; 5; 65; 33; 56; 30; 11
22,74,0.10752,0.2973,85; 22; 73; 58; 57; 60; 74; 40; 33; 42
6,12,0.12513,0.5,16; 6; 16; 65; 19; 68; 12; 6; 21; 34
64,76,0.08386,0.84211,7; 64; 75; 66; 29; 77; 76; 75; 17; 42
42,85,0.08807,0.49412,85; 42; 25; 60; 85; 49; 85; 44; 85; 32
35,62,0.11207,0.56452,74; 35; 70; 72; 33; 48; 62; 16; 74; 38
8,27,0.13389,0.2963,26; 8; 22; 39; 15; 68; 27; 52; 64; 23
39,80,0.09818,0.4875,78; 39; 64; 63; 58; 42; 80; 40; 57; 58
49,58,0.1233,0.84483,31; 49; 51; 75; 72; 49; 58; 16; 65; 67
41,51,0.13138,0.80392,27; 41; 7; 7; 79; 24; 51; 76; 44; 83
22,76,0.11269,0.28947,80; 22; 44; 54; 10; 61; 76; 16; 59; 8
54,68,0.10328,0.79412,25; 54; 24; 74; 38; 16; 68; 59; 84; 10
28,80,0.09779,0.35,53; 28; 57; 65; 12; 76; 80; 27; 73; 54
73,85,0.07544,0.85882,35; 73; 53; 29; 13; 12; 85; 23; 64; 52
46,58,0.12062,0.7931,21; 46; 36; 71; 75; 69; 58; 35; 17; 73
12,36,0.13837,0.33333,62; 12; 80; 31; 62; 83; 36; 80; 40; 30
22,28,0.136,0.78571,80; 22; 14; 54; 41; 82; 28; 57; 30; 36
18,36,0.12972,0.5,19; 18; 25; 42; 46; 62; 36; 57; 12; 42
36,63,0.11769,0.57143,6; 36; 8; 58; 12; 34; 63; 36; 19; 56
26,52,0.1292,0.5,20; 26; 54; 66; 78; 55; 52; 53; 35; 41
43,51,0.13382,0.84314,30; 43; 85; 35; 16; 28; 51; 10; 44; 31
11,45,0.14201,0.24444,69; 11; 29; 72; 17; 14; 45; 84; 77; 8
14,28,0.13032,0.5,79; 14; 55; 61; 67; 29; 28; 78; 6; 12
58,69,0.09555,0.84058,60; 58; 57; 7; 63; 36; 69; 66; 42; 26
13,41,0.1339,0.31707,6; 13; 34; 75; 55; 69; 41; 84; 24; 30
21,73,0.09946,0.28767,75; 21; 74; 13; 12; 18; 73; 14; 78; 81
12,15,0.13433,0.8,60; 12; 56; 28; 16; 32; 15; 50; 36; 67
51,62,0.11996,0.82258,68; 51; 19; 16; 22; 22; 62; 42; 57; 31
70,85,0.07353,0.82353,71; 70; 73; 70; 29; 63; 85; 44; 73; 39
21,57,0.1228,0.36842,57; 21; 54; 84; 27; 84; 57; 26; 82; 23
42,51,0.1302,0.82353,11; 42; 18; 54; 15; 67; 51; 12; 80; 31
22,68,0.10463,0.32353,33; 22; 44; 55; 65; 50; 68; 69; 69; 59
64,78,0.08529,0.82051,10; 64; 27; 64; 37; 84; 78; 24; 61; 62
15,63,0.113,0.2381,43; 15; 75; 60; 46; 26; 63; 37; 77; 85
32,56,0.12543,0.57143,68; 32; 5; 39; 16; 79; 56; 63; 29; 15
21,37,0.1366,0.56757,38; 21; 36; 60; 20; 58; 37; 55; 35; 58
52,66,0.11566,0.78788,49; 52; 13; 52; 6; 21; 66; 72; 48; 13
17,46,0.1417,0.36957,45; 17; 32; 5; 57; 55; 46; 81; 53; 39
21,66,0.10901,0.31818,49; 21; 17; 73; 9; 16; 66; 30; 78; 74
27,73,0.11046,0.36986,18; 27; 15; 56; 60; 67; 73; 64; 70; 8
70,83,0.07513,0.84337,45; 70; 22; 65; 28; 28; 83; 37; 84; 38
18,52,0.12333,0.34615,34; 18; 23; 39; 5; 69; 52; 10; 10; 5
26,56,0.12722,0.46429,17; 26; 72; 37; 62; 42; 56; 20; 85; 78
49,58,0.11921,0.84483,63; 49; 68; 39; 34; 25; 58; 57; 54; 76
14,55,0.125,0.25455,61; 14; 57; 34; 18; 48; 55; 10; 32; 48
20,25,0.12841,0.8,51; 20; 42; 28; 63; 78; 25; 63; 55; 32
11,33,0.13568,0.33333,21; 11; 63; 54; 85; 70; 33; 6; 25; 5
20,66,0.10859,0.30303,68; 20; 72; 42; 49; 43; 66; 54; 35; 46
27,82,0.09054,0.32927,83; 27; 26; 58; 26; 85; 82; 59; 54; 39
9,32,0.14949,0.28125,45; 9; 47; 75; 40; 11; 32; 11; 55; 18
6,13,0.11547,0.46154,39; 6; 10; 82; 18; 40; 13; 15; 33; 18
20,83,0.08705,0.24096,40; 20; 56; 67; 5; 74; 83; 10; 39; 43
27,84,0.08851,0.32143,68; 27; 13; 63; 23; 49; 84; 76; 16; 7
16,53,0.13186,0.30189,50; 16; 64; 34; 26; 22; 53; 11; 38; 53
45,81,0.10537,0.55556,56; 45; 70; 37; 12; 59; 81; 8; 46; 55
9,38,0.14589,0.23684,23; 9; 40; 67; 51; 35; 38; 10; 67; 81
50,61,0.11305,0.81967,33; 50; 43; 52; 37; 14; 61; 46; 51; 62
41,51,0.13275,0.80392,67; 41; 29; 32; 72; 48; 51; 69; 46; 65
47,57,0.12595,0.82456,45; 47; 45; 17; 60; 84; 57; 14; 13; 60
11,30,0.14477,0.36667,52; 11; 84; 81; 32; 79; 30; 58; 57; 68
29,63,0.12317,0.46032,36; 29; 30; 52; 10; 12; 63; 8; 76; 38
17,34,0.12927,0.5,53; 17; 77; 5; 70; 53; 34; 55; 38; 54
14,38,0.13605,0.36842,62; 14; 69; 27; 72; 75; 38; 84; 19; 54
67,82,0.07759,0.81707,71; 67; 36; 45; 14; 20; 82; 21; 56; 22
23,46,0.13244,0.5,76; 23; 53; 52; 77; 45; 46; 49; 16; 13
49,60,0.12018,0.81667,21; 49; 7; 83; 29; 15; 60; 29; 74; 22
13,35,0.13617,0.37143,82; 13; 63; 26; 41; 56; 35; 13; 52; 44
17,72,0.10217,0.23611,45; 17; 32; 13; 84; 39; 72; 34; 69; 42
15,53,0.13215,0.28302,77; 15; 24; 84; 11; 69; 53; 21; 8; 82
20,79,0.09923,0.25316,35; 20; 28; 82; 82; 84; 79; 12; 42; 9
17,59,0.11581,0.28814,26; 17; 60; 72; 39; 72; 59; 31; 20; 12
30,82,0.09474,0.36585,11; 30; 32; 17; 84; 83; 82; 35; 37; 53
59,70,0.09262,0.84286,56; 59; 24; 11; 49; 63; 70; 63; 37; 42
33,59,0.11755,0.55932,68; 33; 74; 19; 83; 72; 59; 54; 30; 38
62,74,0.09118,0.83784,29; 62; 72; 12; 27; 80; 74; 71; 9; 23
18,61,0.11403,0.29508,71; 18; 27; 25; 58; 74; 61; 6; 41; 34
28,56,0.12625,0.5,39; 28; 14; 47; 28; 8; 56; 22; 59; 22
8,32,0.13188,0.25,52; 8; 17; 52; 29; 28; 32; 5; 71; 73
35,44,0.13223,0.79545,12; 35; 65; 74; 56; 49; 44; 55; 29; 41
28,81,0.09993,0.34568,55; 28; 84; 29; 69; 48; 81; 29; 72; 25
25,45,0.14044,0.55556,66; 25; 46; 66; 76; 83; 45; 17; 36; 10
73,85,0.07301,0.85882,61; 73; 75; 66; 6; 32; 85; 12; 10; 11
34,61,0.1259,0.55738,14; 34; 69; 35; 20; 75; 61; 71; 19; 68
44,55,0.1263,0.8,70; 44; 26; 79; 28; 54; 55; 31; 51; 49
40,81,0.09662,0.49383,55; 40; 71; 77; 25; 9; 81; 82; 36; 32
26,53,0.12634,0.49057,19; 26; 55; 58; 81; 85; 53; 25; 12; 43
39,69,0.11277,0.56522,63; 39; 80; 84; 83; 35; 69; 21; 17; 59
22,62,0.11187,0.35484,62; 22; 48; 7; 19; 65; 62; 81; 85; 36
42,53,0.12777,0.79245,24; 42; 49; 44; 30; 85; 53; 70; 78; 6
20,72,0.11024,0.27778,79; 20; 27; 71; 49; 53; 72; 25; 16; 53
15,63,0.11448,0.2381,83; 15; 13; 22; 59; 49; 63; 68; 48; 32
40,70,0.11767,0.57143,56; 40; 64; 69; 39; 69; 70; 33; 76; 38
38,48,0.13653,0.79167,77; 38; 27; 50; 50; 54; 48; 21; 25; 68
9,11,0.14536,0.81818,61; 9; 77; 77; 27; 82; 11; 24; 71; 5
26,57,0.12061,0.45614,43; 26; 64; 80; 32; 57; 57; 30; 53; 53
33,68,0.11344,0.48529,10; 33; 46; 26; 69; 5; 68; 58; 58; 38
22,77,0.10053,0.28571,42; 22; 25; 74; 67; 24; 77; 62; 70; 50
20,84,0.08878,0.2381,68; 20; 72; 78; 52; 80; 84; 52; 56; 79
16,19,0.12795,0.84211,85; 16; 56; 13; 15; 29; 19; 73; 76; 39
38,48,0.13543,0.79167,33; 38; 21; 61; 69; 62; 48; 18; 59; 41
11,31,0.1368,0.35484,73; 11; 8; 35; 41; 46; 31; 12; 65; 85
22,59,0.11757,0.37288,61; 22; 69; 7; 31; 38; 59; 71; 36; 44
14,46,0.13906,0.30435,5; 14; 16; 7; 9; 59; 46; 5; 80; 9
16,35,0.12953,0.45714,69; 16; 18; 41; 75; 80; 35; 13; 38; 35
39,85,0.09759,0.45882,27; 39; 44; 34; 66; 7; 85; 56; 22; 45
17,72,0.10607,0.23611,57; 17; 85; 41; 55; 7; 72; 84; 25; 77
41,52,0.1328,0.78846,68; 41; 12; 77; 45; 41; 52; 68; 71; 81
21,73,0.10196,0.28767,17; 21; 15; 10; 32; 24; 73; 57; 68; 55
31,83,0.09518,0.37349,82; 31; 72; 33; 74; 30; 83; 13; 38; 40
37,45,0.13656,0.82222,33; 37; 22; 7; 38; 8; 45; 44; 73; 39
22,79,0.09694,0.27848,18; 22; 41; 20; 80; 6; 79; 59; 54; 73
9,11,0.14222,0.81818,59; 9; 27; 8; 43; 7; 11; 19; 34; 63
31,37,0.13086,0.83784,27; 31; 52; 43; 52; 62; 37; 46; 51; 18
67,84,0.0773,0.79762,6; 67; 5; 50; 40; 8; 84; 48; 83; 48
15,61,0.11951,0.2459,41; 15; 47; 62; 33; 82; 61; 34; 25; 12
9,18,0.13565,0.5,68; 9; 12; 52; 75; 83; 18; 85; 78; 32
13,43,0.13955,0.30233,37; 13; 57; 70; 25; 31; 43; 75; 35; 59
64,78,0.08646,0.82051,28; 64; 74; 66; 62; 18; 78; 12; 74; 23
71,83,0.07603,0.85542,59; 71; 9; 38; 60; 39; 83; 28; 44; 33
12,14,0.13992,0.85714,69; 12; 35; 74; 58; 84; 14; 40; 28; 25
25,78,0.10236,0.32051,63; 25; 76; 29; 78; 27; 78; 7; 83; 82
28,35,0.13027,0.8,21; 28; 79; 12; 58; 9; 35; 83; 65; 59
21,25,0.12762,0.84,18; 21; 53; 65; 17; 10; 25; 74; 6; 35
38,48,0.13096,0.79167,51; 38; 8; 66; 73; 50; 48; 77; 28; 50
38,45,0.13668,0.84444,68; 38; 9; 22; 64; 21; 45; 13; 67; 14
66,83,0.07775,0.79518,72; 66; 28; 77; 40; 74; 83; 68; 34; 64
10,41,0.13234,0.2439,14; 10; 58; 13; 39; 84; 41; 85; 25; 38
54,66,0.10425,0.81818,69; 54; 8; 36; 36; 34; 66; 28; 48; 10
22,66,0.11957,0.33333,58; 22; 36; 42; 82; 54; 66; 44; 57; 60
25,76,0.10122,0.32895,66; 25; 27; 18; 68; 26; 76; 84; 8; 14
41,50,0.1378,0.82,66; 41; 85; 15; 51; 67; 50; 24; 78; 23
21,63,0.11756,0.33333,27; 21; 66; 31; 49; 41; 63; 38; 35; 49
18,75,0.09847,0.24,69; 18; 9; 69; 44; 9; 75; 45; 29; 5
35,72,0.11066,0.48611,71; 35; 27; 53; 59; 56; 72; 41; 23; 79
16,67,0.1142,0.23881,49; 16; 37; 41; 56; 68; 67; 55; 29; 46
27,78,0.09855,0.34615,43; 27; 60; 21; 51; 63; 78; 16; 65; 61
24,83,0.09347,0.28916,30; 24; 36; 69; 21; 37; 83; 23; 50; 49
6,17,0.10774,0.35294,8; 6; 73; 34; 49; 21; 17; 68; 37; 44
32,57,0.12093,0.5614,61; 32; 6; 28; 23; 64; 57; 43; 79; 24
8,27,0.13406,0.2963,68; 8; 38; 24; 44; 30; 27; 47; 39; 11
23,65,0.1119,0.35385,38; 23; 85; 7; 26; 77; 65; 14; 59; 7
20,61,0.11737,0.32787,78; 20; 68; 37; 61; 20; 61; 7; 28; 25
35,63,0.12116,0.55556,48; 35; 65; 27; 5; 17; 63; 80; 70; 25
28,75,0.10775,0.37333,39; 28; 70; 58; 78; 48; 75; 78; 79; 52
28,85,0.09178,0.32941,29; 28; 59; 32; 77; 42; 85; 62; 14; 78
19,54,0.12221,0.35185,71; 19; 79; 76; 31; 6; 54; 27; 67; 45
17,53,0.13537,0.32075,53; 17; 49; 6; 33; 36; 53; 45; 81; 69
47,84,0.09063,0.55952,32; 47; 57; 60; 55; 45; 84; 47; 39; 52
11,46,0.13682,0.23913,23; 11; 49; 46; 47; 26; 46; 42; 78; 22
42,74,0.11167,0.56757,57; 42; 9; 27; 48; 36; 74; 29; 40; 85
23,40,0.13609,0.575,57; 23; 24; 16; 77; 17; 40; 45; 49; 54
39,84,0.08995,0.46429,25; 39; 61; 85; 41; 36; 84; 69; 27; 84
24,73,0.10731,0.32877,16; 24; 22; 12; 56; 45; 73; 66; 56; 53
59,69,0.09498,0.85507,46; 59; 27; 78; 15; 9; 69; 85; 46; 24
12,38,0.13347,0.31579,17; 12; 65; 19; 61; 50; 38; 61; 73; 65
6,7,0.1072,0.85714,24; 6; 84; 54; 56; 72; 7; 78; 72; 84
24,28,0.13334,0.85714,49; 24; 64; 78; 59; 42; 28; 20; 71; 7
48,57,0.1188,0.84211,79; 48; 77; 14; 44; 37; 57; 56; 42; 84
21,65,0.11287,0.32308,82; 21; 14; 61; 35; 32; 65; 25; 29; 16
23,29,0.13753,0.7931,43; 23; 16; 56; 49; 30; 29; 77; 78; 51
52,66,0.11437,0.78788,77; 52; 83; 51; 77; 50; 66; 52; 9; 8
17,48,0.13851,0.35417,81; 17; 74; 84; 64; 46; 48; 30; 36; 12
15,63,0.11792,0.2381,6; 15; 79; 56; 49; 24; 63; 9; 29; 46
41,73,0.10643,0.56164,78; 41; 19; 37; 48; 15; 73; 24; 49; 26
25,84,0.10198,0.29762,56; 25; 46; 51; 10; 11; 84; 18; 7; 50
27,77,0.10084,0.35065,46; 27; 8; 67; 66; 62; 77; 64; 45; 10
49,58,0.11394,0.84483,48; 49; 40; 35; 74; 46; 58; 46; 8; 22
51,59,0.11561,0.86441,23; 51; 72; 77; 81; 80; 59; 62; 39; 42
13,52,0.133,0.25,17; 13; 57; 6; 27; 12; 52; 55; 66; 7
22,77,0.09897,0.28571,80; 22; 46; 8; 16; 74; 77; 51; 12; 58
53,66,0.10901,0.80303,67; 53; 51; 45; 35; 8; 66; 69; 16; 42
22,44,0.13674,0.5,43; 22; 82; 20; 55; 75; 44; 37; 31; 82
25,76,0.09805,0.32895,73; 25; 45; 48; 73; 43; 76; 79; 56; 38
21,43,0.13313,0.48837,12; 21; 35; 81; 11; 48; 43; 68; 47; 84
11,30,0.13876,0.36667,58; 11; 60; 13; 69; 74; 30; 42; 24; 70
26,75,0.10114,0.34667,72; 26; 78; 19; 44; 29; 75; 58; 23; 68
22,60,0.1139,0.36667,39; 22; 40; 13; 70; 25; 60; 28; 14; 21
57,66,0.09853,0.86364,36; 57; 84; 64; 57; 17; 66; 50; 37; 78
29,58,0.11633,0.5,32; 29; 17; 83; 17; 66; 58; 83; 8; 23
30,38,0.13181,0.78947,75; 30; 24; 77; 17; 70; 38; 69; 5; 77
31,36,0.14038,0.86111,25; 31; 20; 67; 14; 46; 36; 26; 33; 28
18,39,0.13949,0.46154,23; 18; 6; 52; 32; 36; 39; 11; 74; 59
17,68,0.11263,0.25,5; 17; 38; 73; 72; 45; 68; 23; 62; 11
47,82,0.09353,0.57317,73; 47; 35; 82; 18; 34; 82; 66; 60; 7
36,73,0.10556,0.49315,10; 36; 76; 66; 33; 19; 73; 47; 52; 45
63,73,0.08699,0.86301,43; 63; 6; 65; 52; 54; 73; 77; 11; 52
45,55,0.13498,0.81818,51; 45; 70; 9; 9; 70; 55; 48; 7; 46
51,64,0.11672,0.79688,5; 51; 60; 27; 82; 65; 64; 15; 55; 59
13,23,0.13576,0.56522,44; 13; 69; 68; 63; 38; 23; 43; 53; 38
15,51,0.13177,0.29412,69; 15; 10; 21; 66; 39; 51; 26; 35; 47
26,46,0.1314,0.56522,50; 26; 12; 55; 64; 76; 46; 82; 32; 14
25,75,0.10415,0.33333,59; 25; 79; 62; 13; 55; 75; 37; 58; 67
18,73,0.10271,0.24658,68; 18; 56; 59; 33; 54; 73; 26; 9; 84
10,36,0.13553,0.27778,65; 10; 25; 78; 17; 52; 36; 73; 22; 17
8,34,0.1373,0.23529,74; 8; 17; 61; 18; 84; 34; 46; 44; 79
29,83,0.09662,0.3494,49; 29; 67; 23; 23; 41; 83; 56; 30; 75
24,79,0.09737,0.3038,10; 24; 70; 41; 8; 12; 79; 46; 50; 38
14,59,0.1277,0.23729,44; 14; 31; 69; 67; 70; 59; 38; 69; 51
8,23,0.13848,0.34783,58; 8; 18; 14; 30; 25; 23; 65; 6; 68
24,72,0.10278,0.33333,44; 24; 61; 79; 54; 30; 72; 21; 35; 6
32,39,0.13688,0.82051,64; 32; 68; 57; 23; 67; 39; 53; 83; 20
62,74,0.09487,0.83784,84; 62; 67; 42; 34; 8; 74; 63; 33; 42
26,75,0.10099,0.34667,21; 26; 59; 6; 27; 42; 75; 57; 50; 52
11,39,0.13946,0.28205,7; 11; 10; 79; 9; 53; 39; 14; 53; 54
9,16,0.13296,0.5625,8; 9; 68; 21; 10; 36; 16; 82; 40; 83
28,79,0.10076,0.35443,73; 28; 72; 48; 45; 49; 79; 17; 34; 39
17,59,0.11995,0.28814,43; 17; 8; 84; 46; 31; 59; 59; 9; 8
10,35,0.14491,0.28571,58; 10; 24; 38; 54; 13; 35; 23; 27; 48
56,65,0.10634,0.86154,35; 56; 14; 10; 84; 7; 65; 69; 59; 9
46,82,0.10376,0.56098,57; 46; 59; 61; 81; 69; 82; 47; 15; 58
63,79,0.08997,0.79747,80; 63; 30; 50; 37; 45; 79; 6; 66; 39
58,73,0.09558,0.79452,40; 58; 16; 65; 64; 30; 73; 68; 72; 55
46,58,0.12555,0.7931,31; 46; 49; 75; 44; 58; 58; 62; 76; 8
13,51,0.13301,0.2549,32; 13; 17; 64; 74; 65; 51; 22; 15; 23
10,34,0.14056,0.29412,54; 10; 39; 29; 58; 82; 34; 49; 43; 25
61,76,0.09489,0.80263,47; 61; 55; 13; 33; 80; 76; 67; 44; 55
7,25,0.13409,0.28,43; 7; 35; 74; 24; 27; 25; 85; 43; 44
30,85,0.08687,0.35294,49; 30; 46; 69; 34; 33; 85; 10; 52; 47
52,66,0.10595,0.78788,79; 52; 33; 57; 58; 35; 66; 21; 56; 64
16,53,0.13153,0.30189,36; 16; 12; 41; 48; 81; 53; 41; 6; 32
8,28,0.13567,0.28571,21; 8; 14; 16; 78; 54; 28; 33; 70; 42
12,41,0.13551,0.29268,19; 12; 49; 21; 23; 40; 41; 10; 51; 16
59,74,0.09426,0.7973,55; 59; 13; 80; 6; 10; 74; 63; 25; 78
14,25,0.13601,0.56,54; 14; 63; 50; 41; 61; 25; 42; 77; 53
39,70,0.10199,0.55714,20; 39; 10; 51; 73; 17; 70; 12; 28; 41
24,65,0.1078,0.36923,44; 24; 72; 77; 53; 8; 65; 38; 65; 10
10,31,0.13593,0.32258,19; 10; 64; 21; 37; 39; 31; 82; 10; 70
9,28,0.14828,0.32143,83; 9; 57; 9; 47; 24; 28; 60; 39; 26
10,31,0.13889,0.32258,25; 10; 39; 30; 21; 85; 31; 68; 68; 14
61,71,0.09644,0.85915,18; 61; 25; 54; 69; 75; 71; 17; 64; 54
28,61,0.11419,0.45902,69; 28; 13; 76; 7; 5; 61; 82; 75; 49
20,80,0.09426,0.25,80; 20; 82; 84; 76; 16; 80; 40; 13; 78
13,39,0.13436,0.33333,21; 13; 74; 13; 29; 76; 39; 65; 49; 21
49,57,0.11837,0.85965,34; 49; 30; 83; 9; 53; 57; 82; 43; 80
15,41,0.13506,0.36585,36; 15; 41; 49; 50; 52; 41; 47; 75; 83
65,77,0.08936,0.84416,73; 65; 11; 35; 47; 63; 77; 67; 34; 8
18,71,0.10044,0.25352,62; 18; 41; 51; 64; 22; 71; 55; 44; 72
12,43,0.13645,0.27907,8; 12; 43; 58; 61; 73; 43; 21; 60; 36
46,80,0.09945,0.575,82; 46; 24; 32; 34; 50; 80; 61; 69; 15
44,78,0.11124,0.5641,22; 44; 6; 64; 53; 25; 78; 79; 12; 84
26,56,0.12345,0.46429,21; 26; 49; 39; 9; 15; 56; 48; 71; 37
48,84,0.0933,0.57143,44; 48; 18; 33; 75; 83; 84; 73; 61; 79
18,75,0.10322,0.24,68; 18; 41; 42; 41; 84; 75; 14; 44; 79
12,15,0.13622,0.8,63; 12; 74; 20; 67; 43; 15; 66; 7; 41
14,48,0.13494,0.29167,55; 14; 24; 58; 15; 56; 48; 47; 18; 58
45,80,0.10314,0.5625,18; 45; 40; 72; 13; 77; 80; 59; 37; 49
5,9,0.1122,0.55556,16; 5; 68; 63; 13; 34; 9; 42; 10; 34
19,22,0.1285,0.86364,49; 19; 63; 45; 8; 74; 22; 19; 10; 5
11,44,0.14386,0.25,48; 11; 6; 41; 43; 77; 44; 51; 40; 68
7,28,0.13053,0.25,61; 7; 85; 16; 63; 76; 28; 31; 9; 5
16,54,0.12561,0.2963,75; 16; 43; 63; 62; 15; 54; 9; 55; 34
12,42,0.13935,0.28571,56; 12; 19; 42; 67; 55; 42; 42; 21; 20
25,79,0.09641,0.31646,29; 25; 7; 15; 82; 18; 79; 45; 7; 22
20,25,0.12455,0.8,27; 20; 74; 29; 43; 16; 25; 47; 37; 84
33,72,0.10402,0.45833,8; 33; 22; 25; 54; 63; 72; 6; 84; 62
30,85,0.09513,0.35294,59; 30; 14; 49; 64; 57; 85; 13; 45; 8
9,38,0.14141,0.23684,34; 9; 28; 47; 79; 40; 38; 43; 55; 52
63,80,0.09151,0.7875,62; 63; 70; 14; 66; 60; 80; 49; 5; 30
69,82,0.07881,0.84146,21; 69; 33; 70; 19; 15; 82; 54; 62; 44
16,66,0.10731,0.24242,75; 16; 29; 22; 61; 58; 66; 13; 15; 46
63,73,0.08784,0.86301,44; 63; 42; 15; 22; 68; 73; 29; 80; 70
15,46,0.12961,0.32609,56; 15; 64; 80; 63; 38; 46; 7; 62; 33
24,75,0.10148,0.32,27; 24; 22; 58; 43; 65; 75; 82; 79; 68
33,66,0.11176,0.5,57; 33; 11; 40; 47; 24; 66; 76; 36; 18
14,59,0.12359,0.23729,42; 14; 5; 57; 14; 71; 59; 65; 11; 7
22,76,0.0981,0.28947,47; 22; 71; 18; 68; 7; 76; 79; 82; 46
20,35,0.1306,0.57143,61; 20; 56; 8; 82; 63; 35; 53; 55; 74
23,69,0.10908,0.33333,55; 23; 10; 58; 67; 69; 69; 10; 9; 78
12,50,0.13482,0.24,47; 12; 27; 72; 63; 58; 50; 40; 32; 56
7,22,0.12191,0.31818,67; 7; 51; 67; 30; 55; 22; 72; 13; 35
67,80,0.0824,0.8375,23; 67; 33; 9; 21; 63; 80; 16; 28; 48
5,21,0.09838,0.2381,51; 5; 10; 10; 17; 85; 21; 76; 11; 34
33,41,0.13864,0.80488,49; 33; 65; 15; 61; 61; 41; 72; 71; 82
9,28,0.14207,0.32143,48; 9; 30; 79; 10; 28; 28; 13; 80; 37
25,79,0.10621,0.31646,22; 25; 70; 71; 81; 15; 79; 54; 73; 29
16,35,0.13419,0.45714,9; 16; 59; 62; 25; 41; 35; 8; 36; 6
19,59,0.11896,0.32203,30; 19; 16; 53; 27; 9; 59; 78; 42; 7
52,65,0.10981,0.8,20; 52; 70; 61; 31; 62; 65; 27; 53; 66
23,62,0.11811,0.37097,43; 23; 40; 8; 71; 64; 62; 18; 18; 64
5,20,0.09751,0.25,20; 5; 47; 79; 76; 11; 20; 57; 7; 44
26,70,0.10881,0.37143,28; 26; 56; 9; 50; 55; 70; 65; 76; 82
19,66,0.10613,0.28788,82; 19; 47; 70; 49; 62; 66; 52; 36; 21
49,57,0.1183,0.85965,32; 49; 12; 28; 26; 36; 57; 76; 34; 26
58,69,0.09726,0.84058,23; 58; 34; 54; 45; 17; 69; 43; 59; 66
28,49,0.1353,0.57143,59; 28; 35; 14; 43; 85; 49; 10; 20; 61
34,60,0.11546,0.56667,52; 34; 20; 10; 23; 72; 60; 15; 50; 25
38,67,0.11188,0.56716,50; 38; 82; 49; 9; 29; 67; 25; 79; 26
32,40,0.13968,0.8,35; 32; 82; 54; 78; 58; 40; 81; 35; 80
40,82,0.09716,0.4878,59; 40; 5; 16; 84; 55; 82; 39; 26; 6
19,77,0.09845,0.24675,15; 19; 19; 17; 63; 62; 77; 65; 61; 84
30,35,0.12688,0.85714,12; 30; 27; 11; 12; 9; 35; 77; 82; 60
25,72,0.11071,0.34722,37; 25; 18; 45; 79; 29; 72; 27; 42; 36
26,52,0.12491,0.5,8; 26; 35; 24; 57; 33; 52; 18; 73; 31
25,29,0.1321,0.86207,67; 25; 83; 45; 26; 36; 29; 72; 76; 21
34,70,0.11242,0.48571,10; 34; 45; 34; 17; 19; 70; 34; 83; 14
34,61,0.11601,0.55738,31; 34; 53; 43; 10; 73; 61; 34; 73; 73
16,63,0.11408,0.25397,48; 16; 53; 40; 54; 23; 63; 71; 52; 51
16,28,0.13232,0.57143,56; 16; 37; 15; 47; 7; 28; 75; 24; 30
13,46,0.14114,0.28261,25; 13; 23; 11; 37; 39; 46; 14; 81; 71
16,19,0.12962,0.84211,14; 16; 67; 23; 37; 8; 19; 11; 6; 45
30,53,0.12528,0.56604,48; 30; 51; 84; 46; 18; 53; 24; 24; 50
21,25,0.13699,0.84,38; 21; 80; 65; 30; 43; 25; 84; 37; 26
18,54,0.13002,0.33333,29; 18; 26; 18; 68; 14; 54; 83; 17; 76
23,79,0.0956,0.29114,36; 23; 36; 68; 64; 74; 79; 68; 52; 41
23,71,0.10915,0.32394,22; 23; 24; 5; 54; 34; 71; 63; 58; 24
26,53,0.12899,0.49057,28; 26; 64; 67; 65; 61; 53; 26; 81; 79
33,71,0.10523,0.46479,22; 33; 19; 11; 39; 33; 71; 19; 8; 28
55,67,0.10212,0.8209,34; 55; 27; 15; 48; 5; 67; 57; 55; 85
19,58,0.12321,0.32759,83; 19; 37; 77; 36; 59; 58; 80; 39; 33
40,71,0.10234,0.56338,20; 40; 52; 9; 18; 48; 71; 49; 80; 24
36,45,0.13217,0.8,59; 36; 18; 14; 34; 13; 45; 77; 56; 80
21,25,0.12992,0.84,25; 21; 22; 35; 84; 5; 25; 65; 28; 72
25,51,0.13316,0.4902,50; 25; 32; 24; 64; 5; 51; 48; 62; 35
33,58,0.11585,0.56897,69; 33; 51; 46; 69; 70; 58; 15; 33; 25
34,60,0.12384,0.56667,17; 34; 80; 8; 57; 82; 60; 6; 81; 51
28,85,0.09112,0.32941,69; 28; 49; 9; 13; 63; 85; 14; 42; 46
22,78,0.10396,0.28205,36; 22; 13; 51; 36; 63; 78; 44; 55; 35
10,20,0.13507,0.5,80; 10; 38; 34; 72; 81; 20; 61; 75; 6
8,23,0.13386,0.34783,10; 8; 13; 12; 58; 37; 23; 15; 73; 32
18,51,0.12547,0.35294,53; 18; 37; 26; 27; 26; 51; 74; 50; 50
35,70,0.10298,0.5,28; 35; 34; 75; 28; 83; 70; 25; 40; 25
29,63,0.11465,0.46032,64; 29; 43; 48; 7; 54; 63; 12; 37; 18
13,47,0.13476,0.2766,74; 13; 36; 30; 27; 7; 47; 20; 30; 8
30,53,0.12669,0.56604,56; 30; 33; 27; 24; 7; 53; 74; 25; 53
54,66,0.10814,0.81818,66; 54; 70; 62; 85; 54; 66; 59; 54; 5
24,75,0.10039,0.32,69; 24; 11; 11; 48; 75; 75; 10; 70; 42
24,85,0.08827,0.28235,66; 24; 18; 28; 79; 40; 85; 37; 74; 7
31,39,0.13779,0.79487,50; 31; 45; 71; 19; 31; 39; 16; 79; 17
9,28,0.14802,0.32143,30; 9; 65; 66; 39; 35; 28; 82; 44; 12
26,57,0.12248,0.45614,42; 26; 47; 49; 37; 71; 57; 82; 80; 39
59,74,0.10233,0.7973,56; 59; 41; 70; 62; 82; 74; 11; 85; 57
49,57,0.1158,0.85965,16; 49; 63; 73; 65; 64; 57; 45; 42; 50
14,40,0.13147,0.35,10; 14; 33; 18; 79; 37; 40; 83; 71; 81
26,56,0.12138,0.46429,41; 26; 45; 82; 67; 25; 56; 54; 41; 17
14,47,0.13268,0.29787,16; 14; 81; 44; 40; 48; 47; 34; 16; 39
19,54,0.12842,0.35185,76; 19; 75; 85; 17; 57; 54; 41; 26; 15
43,76,0.10111,0.56579,13; 43; 15; 11; 11; 66; 76; 80; 24; 65
24,74,0.10524,0.32432,66; 24; 80; 44; 72; 69; 74; 38; 31; 33
29,78,0.09683,0.37179,85; 29; 42; 48; 50; 63; 78; 58; 5; 42
26,70,0.11089,0.37143,36; 26; 21; 14; 61; 65; 70; 17; 16; 57
14,56,0.12389,0.25,10; 14; 68; 17; 26; 17; 56; 24; 9; 56
20,63,0.11394,0.31746,78; 20; 11; 42; 71; 39; 63; 85; 27; 55
19,60,0.11442,0.31667,47; 19; 53; 56; 79; 28; 60; 39; 8; 73
12,36,0.13352,0.33333,6; 12; 9; 6; 75; 49; 36; 8; 71; 82
21,37,0.13014,0.56757,62; 21; 77; 46; 65; 66; 37; 44; 83; 79
23,82,0.10185,0.28049,66; 23; 19; 23; 53; 26; 82; 53; 79; 22
16,58,0.11921,0.27586,58; 16; 42; 15; 65; 69; 58; 73; 26; 78
39,70,0.105,0.55714,21; 39; 49; 23; 77; 47; 70; 36; 11; 38
33,72,0.10925,0.45833,52; 33; 43; 54; 57; 16; 72; 75; 33; 53
13,46,0.14096,0.28261,64; 13; 73; 56; 7; 21; 46; 77; 47; 80
67,80,0.07721,0.8375,40; 67; 73; 38; 74; 11; 80; 29; 36; 49
27,32,0.1376,0.84375,77; 27; 42; 80; 34; 46; 32; 30; 78; 13
23,73,0.10534,0.31507,55; 23; 11; 81; 27; 21; 73; 17; 64; 50
13,47,0.13996,0.2766,42; 13; 47; 57; 67; 36; 47; 21; 11; 76
11,44,0.14672,0.25,73; 11; 25; 39; 31; 55; 44; 19; 69; 65
26,52,0.12948,0.5,22; 26; 44; 48; 74; 15; 52; 43; 44; 40
31,68,0.10763,0.45588,79; 31; 60; 69; 40; 44; 68; 9; 5; 18
21,60,0.11864,0.35,10; 21; 5; 49; 78; 42; 60; 26; 19; 66
63,77,0.09079,0.81818,61; 63; 56; 21; 43; 60; 77; 63; 27; 69
24,83,0.09133,0.28916,55; 24; 36; 11; 61; 26; 83; 60; 34; 18
58,71,0.10076,0.8169,75; 58; 53; 75; 67; 52; 71; 33; 75; 22
18,52,0.12877,0.34615,49; 18; 83; 40; 75; 6; 52; 85; 8; 23
43,75,0.10971,0.57333,82; 43; 44; 29; 65; 79; 75; 32; 61; 36
41,83,0.10149,0.49398,14; 41; 61; 62; 15; 44; 83; 14; 61; 20
11,44,0.14398,0.25,16; 11; 68; 19; 45; 40; 44; 69; 6; 59
63,80,0.08536,0.7875,61; 63; 61; 19; 84; 37; 80; 41; 16; 26
68,81,0.07587,0.83951,9; 68; 17; 59; 42; 48; 81; 22; 67; 15
24,75,0.11077,0.32,51; 24; 35; 12; 53; 72; 75; 10; 76; 47
13,44,0.13063,0.29545,12; 13; 55; 54; 57; 53; 44; 76; 8; 82
29,52,0.128,0.55769,67; 29; 24; 39; 59; 14; 52; 55; 32; 15
28,49,0.13514,0.57143,85; 28; 47; 39; 72; 26; 49; 13; 82; 46
20,63,0.11496,0.31746,84; 20; 22; 67; 62; 13; 63; 63; 8; 24
14,28,0.12834,0.5,34; 14; 22; 80; 73; 54; 28; 21; 68; 36
52,65,0.10952,0.8,34; 52; 30; 14; 71; 72; 65; 51; 6; 67
18,62,0.11687,0.29032,51; 18; 8; 39; 24; 9; 62; 25; 18; 70
23,40,0.13927,0.575,15; 23; 53; 64; 68; 36; 40; 8; 24; 15
39,84,0.10062,0.46429,47; 39; 12; 82; 47; 22; 84; 82; 38; 19
36,63,0.11324,0.57143,10; 36; 13; 64; 67; 11; 63; 67; 31; 6
21,71,0.10822,0.29577,18; 21; 82; 75; 30; 59; 71; 43; 24; 16
40,81,0.09877,0.49383,54; 40; 43; 15; 75; 77; 81; 77; 74; 65
25,44,0.13901,0.56818,82; 25; 70; 44; 24; 23; 44; 66; 75; 41
54,66,0.10388,0.81818,47; 54; 76; 52; 39; 69; 66; 59; 74; 83
27,83,0.10307,0.3253,51; 27; 52; 63; 54; 31; 83; 35; 71; 33
16,67,0.11536,0.23881,56; 16; 47; 10; 59; 8; 67; 40; 59; 19
32,65,0.11955,0.49231,23; 32; 67; 76; 50; 6; 65; 47; 13; 47
9,30,0.14599,0.3,46; 9; 15; 65; 66; 21; 30; 41; 7; 67
22,68,0.11045,0.32353,41; 22; 27; 63; 9; 82; 68; 26; 53; 79
22,79,0.09594,0.27848,84; 22; 16; 8; 53; 50; 79; 63; 25; 63
20,82,0.09761,0.2439,30; 20; 27; 35; 33; 15; 82; 75; 21; 20
16,66,0.10754,0.24242,28; 16; 36; 12; 84; 46; 66; 58; 83; 28
29,51,0.13057,0.56863,83; 29; 17; 63; 80; 62; 51; 5; 74; 22
29,78,0.10945,0.37179,47; 29; 79; 66; 45; 40; 78; 84; 7; 10
18,76,0.09843,0.23684,25; 18; 77; 51; 35; 6; 76; 17; 34; 12
6,19,0.11312,0.31579,27; 6; 7; 7; 56; 52; 19; 6; 68; 48
68,81,0.07855,0.83951,38; 68; 81; 78; 66; 57; 81; 41; 79; 77
48,60,0.11739,0.8,82; 48; 68; 20; 64; 62; 60; 43; 66; 84
9,38,0.14482,0.23684,57; 9; 49; 46; 72; 12; 38; 83; 60; 81
8,23,0.13136,0.34783,59; 8; 70; 58; 52; 64; 23; 16; 14; 67
16,50,0.12841,0.32,46; 16; 36; 41; 37; 79; 50; 69; 54; 84
41,82,0.1057,0.5,10; 41; 70; 30; 7; 41; 82; 34; 69; 46
13,37,0.14583,0.35135,31; 13; 32; 71; 64; 55; 37; 53; 62; 10
18,49,0.12471,0.36735,37; 18; 22; 48; 37; 39; 49; 46; 59; 67
65,76,0.08876,0.85526,10; 65; 68; 64; 72; 64; 76; 82; 48; 31
35,61,0.12036,0.57377,45; 35; 69; 35; 48; 61; 61; 32; 46; 29
34,70,0.1043,0.48571,83; 34; 20; 64; 69; 16; 70; 39; 12; 24
30,54,0.11972,0.55556,51; 30; 77; 84; 40; 37; 54; 64; 80; 10
51,62,0.1176,0.82258,82; 51; 33; 77; 23; 36; 62; 29; 8; 14
10,35,0.14081,0.28571,81; 10; 38; 35; 69; 30; 35; 82; 55; 73
7,23,0.12447,0.30435,41; 7; 28; 28; 63; 43; 23; 12; 83; 5
23,76,0.09982,0.30263,38; 23; 60; 74; 84; 14; 76; 41; 42; 65
17,71,0.10664,0.23944,50; 17; 76; 47; 67; 54; 71; 84; 63; 69
65,77,0.07964,0.84416,13; 65; 61; 74; 76; 36; 77; 39; 42; 51
22,60,0.11947,0.36667,85; 22; 15; 33; 5; 72; 60; 14; 45; 71
17,51,0.1242,0.33333,39; 17; 19; 47; 77; 83; 51; 43; 31; 82
53,67,0.1084,0.79104,33; 53; 37; 82; 8; 18; 67; 68; 60; 15
11,46,0.1396,0.23913,67; 11; 30; 52; 54; 43; 46; 12; 17; 36
16,19,0.12783,0.84211,85; 16; 13; 58; 51; 18; 19; 68; 54; 11
32,37,0.13588,0.86486,72; 32; 18; 70; 10; 61; 37; 7; 70; 13
47,59,0.11609,0.79661,74; 47; 44; 52; 80; 11; 59; 35; 33; 50
27,82,0.1009,0.32927,71; 27; 31; 28; 81; 19; 82; 76; 36; 69
13,39,0.1214,0.33333,42; 13; 37; 36; 47; 59; 39; 42; 42; 41
27,85,0.09922,0.31765,35; 27; 65; 35; 62; 77; 85; 59; 55; 21
49,57,0.12336,0.85965,29; 49; 27; 38; 19; 39; 57; 69; 9; 54
24,28,0.14181,0.85714,22; 24; 83; 69; 38; 68; 28; 68; 55; 53
37,66,0.11008,0.56061,41; 37; 31; 36; 48; 45; 66; 80; 68; 44
33,41,0.13559,0.80488,75; 33; 22; 45; 57; 40; 41; 52; 31; 37
40,70,0.10909,0.57143,56; 40; 19; 66; 31; 49; 70; 23; 83; 16
22,39,0.13829,0.5641,73; 22; 21; 57; 48; 41; 39; 48; 44; 25
14,56,0.12411,0.25,19; 14; 78; 13; 76; 23; 56; 63; 30; 73
31,83,0.09195,0.37349,37; 31; 50; 28; 12; 34; 83; 82; 21; 78
17,71,0.1038,0.23944,33; 17; 15; 56; 66; 43; 71; 78; 80; 38
18,61,0.11714,0.29508,41; 18; 48; 85; 57; 73; 61; 74; 7; 57
5,17,0.10414,0.29412,81; 5; 48; 58; 39; 23; 17; 15; 18; 80
13,45,0.1323,0.28889,62; 13; 32; 10; 48; 85; 45; 33; 30; 21
7,21,0.12892,0.33333,24; 7; 84; 6; 42; 78; 21; 56; 67; 83
22,48,0.13864,0.45833,17; 22; 38; 7; 11; 51; 48; 50; 81; 7
42,74,0.10591,0.56757,85; 42; 29; 18; 34; 43; 74; 14; 26; 53
16,20,0.12986,0.8,72; 16; 8; 40; 50; 44; 20; 35; 22; 58
13,41,0.14248,0.31707,24; 13; 38; 19; 48; 48; 41; 71; 42; 25
58,69,0.09773,0.84058,27; 58; 70; 77; 58; 80; 69; 34; 34; 54
25,44,0.13454,0.56818,80; 25; 8; 60; 56; 75; 44; 25; 38; 58
42,50,0.13783,0.84,60; 42; 80; 63; 25; 76; 50; 20; 28; 53
67,85,0.07756,0.78824,26; 67; 47; 62; 39; 24; 85; 75; 28; 68
8,14,0.13553,0.57143,13; 8; 22; 74; 66; 58; 14; 75; 61; 11
21,46,0.1366,0.45652,78; 21; 23; 68; 77; 27; 46; 15; 25; 9
16,55,0.12857,0.29091,23; 16; 46; 11; 68; 51; 55; 57; 49; 19
18,21,0.13331,0.85714,49; 18; 10; 66; 84; 64; 21; 60; 9; 54
41,82,0.08734,0.5,52; 41; 21; 6; 40; 35; 82; 57; 10; 63
13,35,0.13561,0.37143,15; 13; 6; 83; 83; 39; 35; 45; 57; 62
60,73,0.08914,0.82192,37; 60; 63; 19; 75; 43; 73; 73; 36; 84
19,77,0.0962,0.24675,75; 19; 84; 70; 10; 56; 77; 55; 11; 65
17,30,0.13547,0.56667,17; 17; 17; 74; 14; 18; 30; 45; 14; 20
18,39,0.13639,0.46154,43; 18; 14; 12; 17; 41; 39; 23; 31; 7
30,38,0.13492,0.78947,59; 30; 27; 11; 13; 54; 38; 65; 13; 42
23,80,0.09369,0.2875,21; 23; 38; 70; 69; 52; 80; 32; 8; 45
24,80,0.09482,0.3,66; 24; 56; 55; 5; 40; 80; 46; 85; 21
6,17,0.1096,0.35294,5; 6; 85; 72; 42; 14; 17; 80; 81; 17
57,66,0.09983,0.86364,11; 57; 32; 27; 72; 67; 66; 21; 64; 27
26,46,0.13809,0.56522,71; 26; 53; 34; 35; 32; 46; 6; 60; 78
21,69,0.10338,0.30435,34; 21; 38; 24; 63; 72; 69; 24; 65; 53
7,21,0.12297,0.33333,68; 7; 72; 10; 23; 78; 21; 54; 35; 50
10,41,0.14068,0.2439,47; 10; 40; 64; 20; 8; 41; 8; 63; 52
43,75,0.10194,0.57333,51; 43; 23; 50; 52; 64; 75; 33; 20; 81
38,78,0.10996,0.48718,45; 38; 58; 64; 10; 57; 78; 16; 24; 84
22,59,0.12338,0.37288,70; 22; 13; 16; 76; 76; 59; 84; 80; 62
23,50,0.13103,0.46,63; 23; 21; 54; 53; 85; 50; 22; 50; 60
24,65,0.1098,0.36923,56; 24; 42; 85; 13; 75; 65; 25; 62; 53
42,50,0.13656,0.84,47; 42; 67; 6; 72; 7; 50; 26; 65; 78
62,74,0.08589,0.83784,12; 62; 46; 17; 8; 78; 74; 49; 58; 62
18,71,0.10234,0.25352,32; 18; 30; 13; 22; 85; 71; 34; 14; 24
13,54,0.13582,0.24074,85; 13; 33; 16; 18; 84; 54; 19; 50; 5
11,30,0.14323,0.36667,25; 11; 40; 38; 8; 41; 30; 31; 21; 62
33,41,0.13754,0.80488,68; 33; 21; 33; 69; 46; 41; 66; 43; 68
66,82,0.07873,0.80488,70; 66; 52; 27; 68; 44; 82; 80; 60; 30
12,40,0.14144,0.3,49; 12; 50; 31; 32; 59; 40; 68; 66; 80
8,16,0.13196,0.5,58; 8; 77; 66; 45; 45; 16; 54; 14; 50
9,38,0.14486,0.23684,53; 9; 19; 26; 50; 73; 38; 56; 34; 78
31,37,0.13645,0.83784,51; 31; 77; 81; 17; 60; 37; 55; 72; 57
23,80,0.09414,0.2875,73; 23; 71; 35; 76; 8; 80; 36; 70; 8
10,36,0.1425,0.27778,31; 10; 79; 70; 47; 65; 36; 12; 26; 83
64,76,0.08273,0.84211,58; 64; 69; 31; 7; 26; 76; 73; 63; 29
33,41,0.14174,0.80488,54; 33; 48; 15; 81; 79; 41; 49; 84; 76
27,73,0.10876,0.36986,57; 27; 9; 79; 53; 21; 73; 53; 18; 51
17,58,0.12442,0.2931,74; 17; 22; 8; 81; 33; 58; 41; 41; 58
24,48,0.13578,0.5,20; 24; 15; 81; 21; 59; 48; 30; 12; 26
12,42,0.13688,0.28571,31; 12; 22; 8; 66; 38; 42; 18; 42; 55
18,49,0.13069,0.36735,35; 18; 68; 8; 81; 15; 49; 70; 6; 14
60,70,0.09873,0.85714,24; 60; 37; 47; 67; 5; 70; 46; 32; 24
16,65,0.11398,0.24615,77; 16; 62; 37; 69; 30; 65; 24; 52; 36
58,69,0.09609,0.84058,82; 58; 64; 33; 53; 48; 69; 49; 37; 77
19,79,0.09512,0.24051,61; 19; 20; 79; 28; 49; 79; 80; 15; 52
29,83,0.09446,0.3494,85; 29; 22; 28; 42; 72; 83; 34; 50; 71
21,60,0.12079,0.35,13; 21; 17; 27; 10; 17; 60; 49; 23; 44
12,48,0.13534,0.25,50; 12; 21; 69; 62; 36; 48; 72; 61; 42
23,73,0.09568,0.31507,24; 23; 64; 65; 60; 83; 73; 11; 26; 61
29,83,0.08902,0.3494,29; 29; 65; 31; 58; 69; 83; 84; 42; 21
8,25,0.13625,0.32,10; 8; 51; 35; 5; 44; 25; 34; 49; 59
68,79,0.08076,0.86076,31; 68; 12; 59; 18; 29; 79; 13; 44; 71
12,43,0.13722,0.27907,9; 12; 33; 83; 24; 43; 43; 17; 83; 24
43,76,0.10251,0.56579,52; 43; 64; 5; 41; 59; 76; 13; 84; 81
34,68,0.10821,0.5,73; 34; 83; 20; 20; 34; 68; 52; 37; 20
18,32,0.13236,0.5625,19; 18; 56; 70; 42; 67; 32; 77; 54; 78
13,54,0.13049,0.24074,22; 13; 41; 63; 16; 60; 54; 39; 58; 12
19,52,0.12737,0.36538,75; 19; 46; 82; 82; 44; 52; 41; 29; 57
27,73,0.11185,0.36986,84; 27; 74; 15; 14; 5; 73; 52; 84; 69
34,74,0.09743,0.45946,10; 34; 24; 22; 23; 7; 74; 73; 37; 82
27,54,0.13037,0.5,69; 27; 5; 70; 79; 20; 54; 46; 18; 81
41,50,0.14043,0.82,41; 41; 19; 27; 53; 48; 50; 63; 66; 30
19,51,0.12684,0.37255,83; 19; 37; 60; 32; 53; 51; 51; 55; 57
19,60,0.11606,0.31667,48; 19; 34; 84; 42; 67; 60; 75; 11; 62
26,33,0.1415,0.78788,43; 26; 58; 5; 55; 6; 33; 28; 85; 60
32,39,0.13885,0.82051,61; 32; 10; 22; 47; 41; 39; 52; 35; 37
15,61,0.11571,0.2459,63; 15; 69; 16; 57; 74; 61; 69; 65; 76
17,69,0.1097,0.24638,60; 17; 81; 37; 46; 54; 69; 68; 37; 13
19,68,0.10312,0.27941,73; 19; 28; 25; 5; 45; 68; 9; 60; 37
14,57,0.12114,0.24561,69; 14; 36; 35; 63; 61; 57; 18; 81; 46
9,30,0.15002,0.3,13; 9; 70; 56; 68; 21; 30; 39; 13; 49
24,73,0.10224,0.32877,61; 24; 40; 6; 63; 72; 73; 74; 43; 7
16,55,0.12723,0.29091,83; 16; 27; 54; 68; 67; 55; 16; 12; 55
12,36,0.13367,0.33333,20; 12; 66; 55; 6; 77; 36; 66; 9; 62
49,62,0.11694,0.79032,49; 49; 69; 84; 38; 26; 62; 44; 38; 10
14,49,0.13353,0.28571,10; 14; 46; 75; 73; 69; 49; 43; 55; 39
63,73,0.08913,0.86301,39; 63; 51; 20; 24; 70; 73; 35; 29; 74
19,77,0.09677,0.24675,83; 19; 51; 24; 83; 63; 77; 48; 13; 20
25,67,0.11253,0.37313,72; 25; 65; 19; 51; 62; 67; 61; 85; 15
5,10,0.10884,0.5,27; 5; 29; 77; 66; 56; 10; 54; 19; 9
18,71,0.10362,0.25352,61; 18; 48; 63; 69; 66; 71; 39; 19; 78
59,72,0.09631,0.81944,9; 59; 72; 50; 46; 19; 72; 7; 76; 69
57,66,0.10559,0.86364,82; 57; 58; 76; 45; 36; 66; 62; 10; 74
48,57,0.12474,0.84211,13; 48; 65; 50; 51; 19; 57; 31; 49; 15
8,16,0.13238,0.5,60; 8; 43; 69; 22; 16; 16; 75; 12; 11
16,67,0.11439,0.23881,80; 16; 48; 31; 33; 76; 67; 19; 45; 57
46,55,0.12509,0.83636,81; 46; 21; 9; 6; 17; 55; 55; 69; 65
14,43,0.13725,0.32558,40; 14; 51; 54; 65; 39; 43; 45; 72; 15
17,48,0.1301,0.35417,6; 17; 18; 46; 43; 77; 48; 19; 63; 68
23,73,0.11133,0.31507,41; 23; 74; 85; 26; 18; 73; 57; 32; 51
20,70,0.10607,0.28571,64; 20; 18; 64; 77; 57; 70; 24; 29; 45
36,63,0.11294,0.57143,48; 36; 11; 56; 29; 46; 63; 71; 19; 54
25,84,0.09488,0.29762,45; 25; 31; 14; 9; 59; 84; 58; 70; 84
22,28,0.1351,0.78571,53; 22; 65; 19; 51; 21; 28; 40; 27; 26
14,50,0.13251,0.28,9; 14; 52; 54; 24; 71; 50; 51; 43; 31
23,29,0.13064,0.7931,47; 23; 25; 67; 51; 25; 29; 44; 35; 72
19,66,0.10571,0.28788,83; 19; 15; 46; 83; 68; 66; 47; 10; 18
29,59,0.12305,0.49153,28; 29; 69; 63; 54; 74; 59; 27; 40; 59
61,74,0.09043,0.82432,22; 61; 48; 26; 21; 80; 74; 35; 25; 80
22,28,0.1365,0.78571,30; 22; 11; 53; 45; 52; 28; 66; 62; 82
10,42,0.14268,0.2381,12; 10; 41; 50; 82; 69; 42; 27; 8; 67
15,19,0.13007,0.78947,17; 15; 25; 11; 18; 26; 19; 39; 82; 32
13,55,0.12431,0.23636,21; 13; 18; 42; 61; 57; 55; 25; 37; 49
37,76,0.10349,0.48684,20; 37; 11; 63; 16; 74; 76; 80; 69; 37
20,79,0.0996,0.25316,69; 20; 52; 47; 61; 26; 79; 85; 49; 74
46,58,0.12597,0.7931,46; 46; 77; 83; 82; 57; 58; 55; 38; 63
27,84,0.09849,0.32143,26; 27; 46; 69; 34; 48; 84; 44; 71; 83
49,62,0.1199,0.79032,11; 49; 53; 68; 60; 30; 62; 14; 14; 14
25,77,0.09465,0.32468,29; 25; 64; 22; 83; 5; 77; 5; 57; 41
10,31,0.13964,0.32258,63; 10; 6; 44; 31; 22; 31; 85; 59; 73
45,55,0.13153,0.81818,23; 45; 60; 74; 11; 20; 55; 43; 38; 5
25,67,0.11016,0.37313,6; 25; 55; 85; 40; 57; 67; 27; 5; 69
19,79,0.09375,0.24051,78; 19; 62; 51; 84; 23; 79; 15; 46; 22
32,37,0.13366,0.86486,18; 32; 60; 8; 41; 9; 37; 68; 5; 38
17,67,0.11411,0.25373,61; 17; 50; 57; 73; 49; 67; 50; 31; 43
52,62,0.11572,0.83871,37; 52; 75; 51; 27; 56; 62; 65; 65; 65
49,60,0.1223,0.81667,30; 49; 13; 19; 36; 34; 60; 40; 76; 42
32,56,0.12524,0.57143,42; 32; 9; 34; 13; 27; 56; 9; 78; 64
37,80,0.09441,0.4625,65; 37; 26; 41; 11; 45; 80; 25; 48; 41
61,74,0.0923,0.82432,11; 61; 13; 9; 44; 82; 74; 73; 67; 24
18,32,0.12693,0.5625,5; 18; 29; 13; 77; 39; 32; 81; 78; 74
26,53,0.13094,0.49057,18; 26; 74; 63; 38; 61; 53; 41; 15; 77
25,51,0.13163,0.4902,53; 25; 8; 65; 32; 25; 51; 67; 18; 28
11,22,0.13145,0.5,47; 11; 55; 57; 34; 12; 22; 49; 30; 34
39,70,0.11127,0.55714,24; 39; 38; 38; 40; 17; 70; 79; 63; 55
18,74,0.09997,0.24324,51; 18; 13; 45; 15; 79; 74; 65; 29; 35
65,81,0.08167,0.80247,37; 65; 59; 75; 32; 84; 81; 24; 24; 59
22,66,0.10943,0.33333,62; 22; 42; 64; 45; 70; 66; 84; 8; 26
48,84,0.09608,0.57143,48; 48; 58; 71; 23; 61; 84; 72; 32; 55
8,29,0.14339,0.27586,26; 8; 21; 7; 76; 58; 29; 46; 79; 73
36,43,0.13606,0.83721,69; 36; 23; 40; 58; 26; 43; 9; 47; 31
42,75,0.10312,0.56,51; 42; 33; 31; 33; 16; 75; 9; 77; 23
35,44,0.13404,0.79545,6; 35; 78; 23; 65; 66; 44; 79; 76; 23
21,76,0.09923,0.27632,29; 21; 74; 78; 81; 20; 76; 50; 22; 10
25,68,0.10865,0.36765,21; 25; 50; 7; 8; 48; 68; 8; 76; 43
19,67,0.10642,0.28358,35; 19; 25; 45; 28; 71; 67; 5; 51; 44
43,77,0.10395,0.55844,57; 43; 70; 68; 53; 62; 77; 33; 84; 27
32,40,0.14291,0.8,58; 32; 74; 18; 62; 29; 40; 83; 80; 82
38,76,0.10632,0.5,18; 38; 31; 28; 36; 9; 76; 27; 43; 10
13,40,0.13993,0.325,46; 13; 10; 85; 77; 54; 40; 82; 71; 40
12,15,0.13806,0.8,14; 12; 77; 36; 15; 69; 15; 5; 45; 37
59,75,0.09068,0.78667,55; 59; 22; 46; 61; 19; 75; 72; 26; 30
21,72,0.10204,0.29167,33; 21; 57; 85; 49; 63; 72; 40; 19; 27
23,80,0.09848,0.2875,60; 23; 19; 27; 57; 76; 80; 69; 76; 67
37,47,0.13648,0.78723,47; 37; 20; 53; 85; 81; 47; 54; 14; 17
42,50,0.13262,0.84,52; 42; 37; 67; 65; 59; 50; 71; 60; 23
10,20,0.13491,0.5,57; 10; 82; 84; 49; 27; 20; 59; 63; 19
9,32,0.13881,0.28125,6; 9; 71; 29; 51; 12; 32; 10; 12; 58
25,50,0.12769,0.5,72; 25; 33; 42; 23; 61; 50; 75; 6; 63
27,84,0.09193,0.32143,7; 27; 7; 47; 5; 5; 84; 26; 79; 9
5,10,0.11201,0.5,45; 5; 46; 71; 60; 61; 10; 55; 30; 9
28,85,0.09952,0.32941,45; 28; 7; 85; 75; 50; 85; 28; 15; 7
55,69,0.1016,0.7971,75; 55; 54; 75; 48; 54; 69; 28; 29; 44
6,20,0.11061,0.3,79; 6; 26; 33; 18; 42; 20; 73; 45; 18
17,67,0.10999,0.25373,20; 17; 11; 65; 65; 27; 67; 85; 46; 64
20,61,0.11838,0.32787,15; 20; 30; 55; 27; 74; 61; 39; 48; 5
52,65,0.11003,0.8,14; 52; 17; 6; 24; 69; 65; 33; 37; 35
55,67,0.10475,0.8209,21; 55; 29; 24; 25; 50; 67; 12; 40; 74
68,79,0.0761,0.86076,6; 68; 84; 76; 61; 64; 79; 59; 18; 70
27,55,0.12661,0.49091,72; 27; 65; 10; 65; 39; 55; 60; 32; 5
47,59,0.12586,0.79661,63; 47; 45; 20; 61; 11; 59; 21; 7; 44
19,67,0.11232,0.28358,55; 19; 10; 38; 77; 45; 67; 77; 26; 20
15,41,0.13247,0.36585,23; 15; 66; 51; 54; 43; 41; 84; 20; 31
64,74,0.08789,0.86486,18; 64; 46; 25; 61; 59; 74; 21; 16; 55
5,18,0.10548,0.27778,52; 5; 18; 31; 38; 28; 18; 41; 60; 34
48,85,0.08442,0.56471,35; 48; 17; 10; 32; 83; 85; 7; 28; 70
23,70,0.11284,0.32857,65; 23; 31; 19; 60; 5; 70; 5; 68; 29
37,75,0.09708,0.49333,20; 37; 69; 55; 80; 57; 75; 11; 32; 59
41,73,0.10813,0.56164,11; 41; 26; 20; 63; 65; 73; 72; 13; 14
29,52,0.13107,0.55769,77; 29; 64; 8; 25; 71; 52; 54; 76; 74
18,39,0.13302,0.46154,27; 18; 9; 34; 51; 48; 39; 61; 43; 14
16,53,0.13029,0.30189,14; 16; 48; 70; 21; 61; 53; 76; 79; 32
5,15,0.09949,0.33333,72; 5; 56; 26; 16; 9; 15; 75; 53; 20
23,77,0.1058,0.2987,20; 23; 34; 61; 72; 25; 77; 59; 79; 53
19,22,0.13345,0.86364,20; 19; 33; 31; 37; 85; 22; 34; 51; 34
19,55,0.12199,0.34545,13; 19; 74; 21; 63; 83; 55; 34; 49; 75
12,36,0.13981,0.33333,53; 12; 33; 6; 45; 53; 36; 37; 85; 59
55,69,0.10236,0.7971,79; 55; 70; 28; 23; 68; 69; 16; 58; 52
27,81,0.09428,0.33333,29; 27; 14; 84; 70; 66; 81; 31; 10; 58
16,46,0.13361,0.34783,73; 16; 38; 74; 32; 20; 46; 25; 72; 72
65,79,0.08522,0.82278,76; 65; 42; 42; 33; 51; 79; 9; 6; 47
38,78,0.10757,0.48718,76; 38; 82; 71; 40; 23; 78; 44; 67; 75
20,81,0.09116,0.24691,60; 20; 70; 25; 23; 5; 81; 29; 72; 31
24,80,0.10488,0.3,20; 24; 45; 69; 10; 57; 80; 58; 6; 63
40,81,0.09126,0.49383,34; 40; 44; 18; 37; 76; 81; 29; 63; 34
33,58,0.11726,0.56897,31; 33; 28; 60; 77; 63; 58; 72; 58; 7
16,57,0.121,0.2807,35; 16; 20; 77; 16; 40; 57; 35; 11; 29
65,76,0.08352,0.85526,19; 65; 43; 41; 13; 45; 76; 64; 68; 72
17,34,0.12799,0.5,60; 17; 15; 66; 52; 9; 34; 83; 22; 5
15,51,0.1201,0.29412,29; 15; 20; 23; 63; 53; 51; 63; 24; 20
17,49,0.13109,0.34694,63; 17; 35; 14; 21; 52; 49; 34; 84; 40
21,43,0.13458,0.48837,40; 21; 68; 65; 35; 72; 43; 35; 17; 24
23,77,0.10482,0.2987,55; 23; 47; 30; 77; 26; 77; 23; 9; 32
12,42,0.13922,0.28571,59; 12; 55; 5; 6; 83; 42; 63; 76; 68
20,40,0.1342,0.5,76; 20; 55; 77; 48; 53; 40; 34; 34; 9
22,68,0.10723,0.32353,9; 22; 10; 61; 37; 80; 68; 40; 14; 59
18,63,0.11628,0.28571,76; 18; 78; 30; 72; 81; 63; 27; 56; 6
67,84,0.08593,0.79762,79; 67; 9; 21; 47; 18; 84; 63; 84; 67
16,19,0.13327,0.84211,8; 16; 44; 78; 35; 64; 19; 63; 40; 32
49,61,0.11586,0.80328,61; 49; 14; 53; 24; 14; 61; 38; 58; 57
11,44,0.13709,0.25,64; 11; 51; 10; 18; 17; 44; 55; 17; 85
32,64,0.11141,0.5,52; 32; 22; 32; 23; 22; 64; 44; 80; 79
43,54,0.12795,0.7963,61; 43; 57; 33; 57; 46; 54; 15; 82; 35
14,17,0.13627,0.82353,64; 14; 59; 26; 83; 48; 17; 85; 27; 15
24,81,0.10087,0.2963,69; 24; 63; 33; 78; 60; 81; 58; 26; 29
28,61,0.11645,0.45902,79; 28; 8; 85; 42; 42; 61; 83; 40; 54
19,41,0.13098,0.46341,30; 19; 46; 28; 37; 17; 41; 66; 28; 45
57,72,0.09634,0.79167,23; 57; 38; 22; 40; 20; 72; 6; 82; 71
12,48,0.14233,0.25,5; 12; 44; 83; 47; 14; 48; 60; 67; 77
12,36,0.14069,0.33333,6; 12; 33; 43; 13; 42; 36; 14; 9; 82
6,20,0.10849,0.3,20; 6; 8; 37; 9; 27; 20; 26; 9; 54
12,34,0.13368,0.35294,17; 12; 66; 47; 70; 62; 34; 7; 66; 22
14,46,0.1325,0.30435,66; 14; 34; 38; 57; 43; 46; 85; 85; 83
22,67,0.11231,0.32836,32; 22; 49; 13; 73; 13; 67; 41; 10; 48
19,58,0.12109,0.32759,85; 19; 37; 14; 84; 78; 58; 17; 66; 81
7,28,0.13191,0.25,58; 7; 41; 22; 85; 73; 28; 60; 36; 37
32,38,0.13484,0.84211,51; 32; 18; 70; 82; 57; 38; 74; 21; 35
26,46,0.1342,0.56522,72; 26; 59; 70; 69; 56; 46; 25; 10; 81
59,70,0.09576,0.84286,59; 59; 33; 59; 53; 27; 70; 37; 37; 67
17,56,0.12392,0.30357,26; 17; 16; 14; 23; 16; 56; 17; 74; 46
26,78,0.10483,0.33333,71; 26; 45; 10; 56; 67; 78; 74; 83; 34
19,66,0.10214,0.28788,74; 19; 63; 41; 5; 47; 66; 6; 67; 60
18,63,0.11846,0.28571,13; 18; 32; 38; 32; 77; 63; 68; 79; 31
23,62,0.11148,0.37097,31; 23; 50; 81; 36; 56; 62; 39; 70; 35
18,57,0.12252,0.31579,73; 18; 5; 56; 47; 53; 57; 23; 32; 73
6,13,0.12178,0.46154,18; 6; 62; 33; 49; 84; 13; 33; 26; 19
15,51,0.12475,0.29412,67; 15; 84; 37; 26; 29; 51; 16; 82; 33
21,70,0.10401,0.3,9; 21; 14; 67; 28; 77; 70; 75; 61; 66
37,43,0.14277,0.86047,35; 37; 57; 80; 6; 77; 43; 82; 40; 64
36,64,0.11433,0.5625,8; 36; 34; 45; 40; 32; 64; 85; 65; 54
22,77,0.10017,0.28571,73; 22; 20; 60; 16; 61; 77; 63; 44; 31
10,30,0.13682,0.33333,22; 10; 27; 38; 15; 7; 30; 10; 23; 15
19,24,0.13739,0.79167,32; 19; 38; 28; 71; 46; 24; 26; 16; 60
18,61,0.11538,0.29508,73; 18; 84; 28; 83; 26; 61; 23; 70; 63
34,69,0.11453,0.49275,69; 34; 84; 55; 41; 23; 69; 66; 40; 54
34,61,0.11507,0.55738,13; 34; 82; 29; 43; 26; 61; 37; 27; 62
11,14,0.14461,0.78571,33; 11; 52; 50; 41; 77; 14; 64; 31; 24
32,37,0.14031,0.86486,35; 32; 11; 18; 57; 60; 37; 26; 10; 28
66,82,0.07802,0.80488,33; 66; 58; 11; 68; 50; 82; 42; 37; 69
29,82,0.10374,0.35366,58; 29; 34; 54; 24; 49; 82; 85; 65; 58
16,19,0.12426,0.84211,84; 16; 51; 29; 56; 52; 19; 51; 35; 17
15,60,0.11917,0.25,21; 15; 48; 13; 37; 51; 60; 39; 18; 35
8,25,0.13407,0.32,62; 8; 68; 48; 13; 38; 25; 67; 48; 5
60,70,0.09345,0.85714,73; 60; 20; 70; 23; 62; 70; 43; 76; 11
6,13,0.11943,0.46154,75; 6; 62; 37; 77; 23; 13; 82; 53; 62
11,30,0.13965,0.36667,5; 11; 61; 71; 43; 58; 30; 28; 8; 33
44,78,0.10474,0.5641,58; 44; 31; 35; 56; 7; 78; 73; 11; 6
20,67,0.10893,0.29851,35; 20; 28; 35; 80; 18; 67; 56; 13; 7
21,69,0.10864,0.30435,45; 21; 5; 59; 66; 85; 69; 11; 54; 59
8,14,0.13528,0.57143,65; 8; 11; 46; 22; 81; 14; 9; 51; 63
16,66,0.11489,0.24242,34; 16; 12; 23; 53; 66; 66; 9; 29; 58
30,65,0.12243,0.46154,65; 30; 73; 80; 20; 77; 65; 35; 84; 82
17,37,0.13047,0.45946,67; 17; 50; 11; 80; 75; 37; 77; 83; 77
16,32,0.13252,0.5,55; 16; 57; 58; 84; 26; 32; 50; 6; 49
19,78,0.0973,0.24359,24; 19; 32; 27; 68; 36; 78; 54; 63; 29
30,82,0.09477,0.36585,67; 30; 62; 72; 59; 40; 82; 43; 39; 49
13,54,0.12974,0.24074,21; 13; 56; 79; 40; 35; 54; 37; 40; 43
10,36,0.13664,0.27778,7; 10; 20; 55; 43; 31; 36; 81; 16; 48
24,82,0.09041,0.29268,51; 24; 6; 42; 66; 61; 82; 18; 79; 28
22,62,0.11601,0.35484,55; 22; 44; 54; 39; 79; 62; 25; 77; 13
17,70,0.10921,0.24286,53; 17; 60; 82; 17; 75; 70; 54; 22; 28
5,9,0.12448,0.55556,39; 5; 40; 41; 65; 28; 9; 74; 58; 43
10,33,0.1224,0.30303,9; 10; 46; 5; 27; 10; 33; 61; 42; 33
13,26,0.12942,0.5,38; 13; 32; 71; 17; 16; 26; 22; 62; 27
18,64,0.11495,0.28125,60; 18; 15; 70; 80; 38; 64; 11; 14; 60
17,59,0.12055,0.28814,32; 17; 73; 27; 43; 79; 59; 61; 16; 59
36,64,0.12367,0.5625,82; 36; 51; 59; 76; 71; 64; 30; 7; 67
22,62,0.11271,0.35484,61; 22; 29; 33; 76; 63; 62; 27; 47; 84
21,75,0.10061,0.28,70; 21; 80; 23; 58; 14; 75; 71; 61; 48
32,64,0.11028,0.5,57; 32; 79; 30; 69; 22; 64; 68; 23; 78
32,70,0.10116,0.45714,33; 32; 72; 26; 64; 70; 70; 54; 51; 18
30,38,0.14385,0.78947,46; 30; 10; 73; 78; 31; 38; 85; 36; 63
29,63,0.10904,0.46032,68; 29; 54; 5; 84; 47; 63; 16; 72; 21
29,59,0.12068,0.49153,70; 29; 37; 42; 58; 60; 59; 16; 5; 16
18,61,0.121,0.29508,32; 18; 21; 78; 34; 20; 61; 29; 28; 53
38,77,0.10355,0.49351,14; 38; 68; 76; 84; 22; 77; 36; 64; 39
69,84,0.07662,0.82143,75; 69; 62; 10; 35; 84; 84; 22; 61; 15
26,71,0.10602,0.3662,58; 26; 46; 68; 19; 5; 71; 73; 12; 69
18,60,0.1208,0.3,55; 18; 46; 84; 83; 32; 60; 39; 17; 9
36,44,0.13679,0.81818,22; 36; 24; 51; 77; 45; 44; 40; 48; 68
18,57,0.11866,0.31579,16; 18; 72; 53; 73; 36; 57; 40; 52; 78
16,32,0.13678,0.5,55; 16; 48; 43; 50; 44; 32; 13; 78; 42
63,77,0.08223,0.81818,13; 63; 5; 57; 68; 60; 77; 68; 69; 16
20,41,0.12399,0.4878,72; 20; 47; 16; 38; 43; 41; 60; 7; 85
25,44,0.1384,0.56818,64; 25; 9; 72; 12; 21; 44; 53; 74; 39
20,81,0.09603,0.24691,32; 20; 42; 39; 33; 45; 81; 29; 16; 80
18,74,0.10114,0.24324,39; 18; 39; 36; 35; 42; 74; 64; 5; 23
68,85,0.07767,0.8,71; 68; 83; 70; 80; 84; 85; 10; 41; 57
66,84,0.07931,0.78571,34; 66; 28; 85; 40; 22; 84; 15; 26; 47
41,73,0.11533,0.56164,16; 41; 74; 35; 39; 34; 73; 60; 25; 57
16,43,0.13601,0.37209,76; 16; 17; 39; 81; 52; 43; 30; 50; 13
23,41,0.1375,0.56098,19; 23; 44; 36; 66; 21; 41; 17; 43; 80
38,68,0.11264,0.55882,61; 38; 75; 58; 18; 85; 68; 48; 12; 38
27,47,0.1336,0.57447,50; 27; 9; 8; 28; 68; 47; 85; 6; 38
61,74,0.09088,0.82432,15; 61; 43; 45; 10; 31; 74; 84; 41; 33
47,84,0.09048,0.55952,45; 47; 35; 65; 63; 47; 84; 81; 17; 57
8,28,0.13836,0.28571,56; 8; 33; 50; 67; 71; 28; 44; 12; 75
12,40,0.13771,0.3,20; 12; 75; 77; 6; 18; 40; 54; 67; 32
17,52,0.12649,0.32692,64; 17; 36; 20; 26; 38; 52; 18; 37; 34
8,33,0.13911,0.24242,74; 8; 31; 43; 69; 57; 33; 63; 29; 52
31,39,0.14099,0.79487,55; 31; 72; 24; 17; 55; 39; 32; 65; 5
37,80,0.09595,0.4625,65; 37; 69; 27; 46; 53; 80; 24; 79; 54
6,24,0.11021,0.25,57; 6; 54; 67; 28; 82; 24; 61; 15; 59
24,28,0.1289,0.85714,22; 24; 19; 58; 11; 20; 28; 74; 43; 37
54,64,0.11572,0.84375,67; 54; 24; 51; 61; 70; 64; 51; 11; 12
41,84,0.09533,0.4881,49; 41; 72; 77; 66; 49; 84; 81; 25; 51
10,34,0.13982,0.29412,61; 10; 32; 24; 82; 65; 34; 59; 43; 79
59,72,0.09331,0.81944,82; 59; 66; 34; 66; 9; 72; 46; 46; 74
15,54,0.12763,0.27778,30; 15; 62; 34; 79; 58; 54; 22; 55; 47
8,23,0.13647,0.34783,15; 8; 77; 39; 56; 15; 23; 85; 62; 33
18,73,0.10445,0.24658,28; 18; 31; 80; 53; 59; 73; 17; 36; 54
22,80,0.10027,0.275,71; 22; 63; 66; 41; 74; 80; 34; 51; 80
21,85,0.0925,0.24706,66; 21; 60; 61; 68; 38; 85; 60; 74; 69
29,82,0.09523,0.35366,46; 29; 58; 70; 65; 11; 82; 19; 49; 31
27,34,0.13803,0.79412,33; 27; 39; 11; 50; 8; 34; 36; 40; 55
19,67,0.10719,0.28358,72; 19; 73; 66; 67; 49; 67; 58; 32; 5
31,84,0.09262,0.36905,62; 31; 30; 32; 19; 52; 84; 84; 25; 43
17,58,0.12539,0.2931,31; 17; 72; 65; 56; 65; 58; 84; 43; 33
45,81,0.09833,0.55556,13; 45; 47; 49; 30; 19; 81; 33; 56; 47
42,51,0.12882,0.82353,66; 42; 14; 62; 64; 84; 51; 21; 18; 81
27,78,0.10531,0.34615,49; 27; 76; 49; 71; 62; 78; 58; 17; 47
34,68,0.10721,0.5,55; 34; 42; 51; 79; 24; 68; 48; 55; 44
8,27,0.13199,0.2963,28; 8; 83; 70; 79; 66; 27; 13; 10; 53
43,76,0.09844,0.56579,83; 43; 57; 32; 31; 71; 76; 8; 54; 63
24,84,0.09588,0.28571,68; 24; 49; 81; 83; 63; 84; 58; 27; 23
32,65,0.10858,0.49231,58; 32; 6; 42; 50; 21; 65; 16; 22; 84
15,53,0.12075,0.28302,44; 15; 69; 63; 37; 51; 53; 47; 11; 68
38,76,0.10233,0.5,5; 38; 13; 15; 81; 48; 76; 49; 13; 24
26,56,0.13815,0.46429,39; 26; 37; 63; 5; 5; 56; 50; 17; 35
9,30,0.14855,0.3,67; 9; 79; 43; 44; 56; 30; 41; 65; 81
36,43,0.13191,0.83721,20; 36; 83; 40; 12; 72; 43; 5; 82; 31
10,18,0.13515,0.55556,24; 10; 50; 9; 32; 8; 18; 64; 61; 17
19,65,0.11055,0.29231,8; 19; 75; 33; 77; 38; 65; 84; 75; 64
16,20,0.13144,0.8,9; 16; 56; 27; 45; 81; 20; 83; 75; 85
19,59,0.10775,0.32203,74; 19; 11; 57; 15; 30; 59; 63; 68; 82
9,18,0.13893,0.5,70; 9; 85; 6; 77; 60; 18; 30; 16; 31
60,70,0.09089,0.85714,11; 60; 61; 43; 68; 21; 70; 67; 65; 39
23,29,0.13592,0.7931,70; 23; 23; 59; 71; 8; 29; 26; 36; 56
47,57,0.12799,0.82456,59; 47; 30; 5; 37; 26; 57; 45; 41; 59
26,52,0.13301,0.5,27; 26; 7; 61; 65; 29; 52; 49; 78; 51
37,44,0.1381,0.84091,20; 37; 72; 72; 70; 16; 44; 84; 22; 62
24,76,0.10269,0.31579,14; 24; 17; 56; 78; 55; 76; 13; 18; 13
45,79,0.10419,0.56962,63; 45; 79; 64; 85; 26; 79; 6; 46; 18
56,65,0.10681,0.86154,73; 56; 42; 83; 45; 23; 65; 48; 69; 50
23,81,0.08857,0.28395,7; 23; 25; 23; 26; 28; 81; 16; 68; 8
28,57,0.12651,0.49123,45; 28; 70; 72; 14; 53; 57; 34; 62; 13
65,81,0.08093,0.80247,77; 65; 46; 49; 61; 79; 81; 43; 69; 69
19,54,0.12143,0.35185,43; 19; 82; 76; 79; 40; 54; 79; 74; 9
22,60,0.12713,0.36667,42; 22; 65; 44; 61; 34; 60; 9; 11; 42
21,60,0.11664,0.35,37; 21; 77; 19; 8; 74; 60; 29; 66; 60
34,61,0.11256,0.55738,58; 34; 34; 18; 28; 31; 61; 29; 66; 26
11,39,0.14045,0.28205,51; 11; 28; 62; 61; 55; 39; 78; 51; 10
22,45,0.13505,0.48889,15; 22; 59; 66; 80; 51; 45; 34; 21; 65
22,45,0.137,0.48889,52; 22; 48; 6; 45; 73; 45; 10; 23; 82
17,61,0.11067,0.27869,52; 17; 81; 5; 63; 83; 61; 79; 27; 73
24,79,0.10196,0.3038,19; 24; 32; 25; 44; 25; 79; 11; 70; 72
7,21,0.12087,0.33333,74; 7; 49; 45; 6; 81; 21; 62; 6; 57
39,80,0.09696,0.4875,70; 39; 80; 35; 33; 70; 80; 47; 5; 74
17,69,0.11051,0.24638,42; 17; 21; 5; 61; 25; 69; 75; 22; 80
20,68,0.10745,0.29412,42; 20; 79; 73; 6; 28; 68; 27; 29; 55
22,63,0.11608,0.34921,80; 22; 54; 52; 72; 70; 63; 21; 31; 43
66,84,0.07754,0.78571,64; 66; 62; 14; 42; 57; 84; 81; 9; 32
16,56,0.12766,0.28571,40; 16; 31; 47; 38; 34; 56; 13; 6; 24
20,82,0.10037,0.2439,49; 20; 27; 79; 47; 69; 82; 78; 23; 15
9,37,0.14477,0.24324,20; 9; 75; 8; 61; 74; 37; 39; 24; 41
48,60,0.1214,0.8,5; 48; 58; 73; 48; 69; 60; 8; 29; 73
18,52,0.12744,0.34615,65; 18; 17; 22; 6; 13; 52; 30; 42; 17
20,68,0.10386,0.29412,7; 20; 76; 33; 7; 50; 68; 27; 7; 72
59,75,0.0878,0.78667,64; 59; 24; 49; 9; 11; 75; 15; 24; 44
20,40,0.13422,0.5,42; 20; 46; 16; 10; 64; 40; 46; 81; 83
64,80,0.08651,0.8,54; 64; 24; 45; 70; 63; 80; 20; 8; 28
42,85,0.10077,0.49412,23; 42; 23; 79; 29; 56; 85; 21; 81; 34
24,76,0.10106,0.31579,48; 24; 51; 75; 39; 84; 76; 5; 37; 66
30,53,0.13121,0.56604,73; 30; 56; 31; 25; 23; 53; 61; 63; 44
48,57,0.12414,0.84211,80; 48; 80; 43; 23; 9; 57; 30; 46; 23
19,52,0.12587,0.36538,70; 19; 44; 64; 59; 84; 52; 43; 11; 11
8,14,0.13258,0.57143,43; 8; 15; 62; 45; 84; 14; 36; 58; 69
20,68,0.10925,0.29412,62; 20; 10; 23; 30; 38; 68; 61; 74; 85
37,45,0.13846,0.82222,58; 37; 10; 76; 74; 15; 45; 42; 27; 78
25,68,0.1161,0.36765,12; 25; 81; 48; 45; 80; 68; 70; 73; 13
54,68,0.10709,0.79412,53; 54; 43; 39; 65; 50; 68; 18; 25; 74
12,51,0.13321,0.23529,62; 12; 27; 29; 84; 61; 51; 32; 65; 80
22,79,0.09797,0.27848,54; 22; 60; 76; 29; 82; 79; 81; 7; 65
29,84,0.08821,0.34524,73; 29; 24; 84; 34; 63; 84; 57; 55; 51
46,58,0.12634,0.7931,62; 46; 11; 35; 67; 78; 58; 21; 30; 32
30,35,0.13672,0.85714,26; 30; 11; 72; 5; 39; 35; 25; 57; 21
16,35,0.13395,0.45714,11; 16; 20; 82; 48; 79; 35; 42; 43; 61
22,45,0.13742,0.48889,14; 22; 46; 31; 17; 34; 45; 30; 26; 26
9,32,0.14187,0.28125,66; 9; 74; 72; 72; 36; 32; 82; 76; 47
9,28,0.14161,0.32143,72; 9; 21; 83; 78; 9; 28; 10; 7; 20
7,14,0.12957,0.5,29; 7; 67; 20; 51; 31; 14; 31; 24; 46
30,82,0.09646,0.36585,48; 30; 85; 42; 44; 64; 82; 49; 17; 72
21,74,0.09927,0.28378,60; 21; 27; 19; 34; 61; 74; 71; 21; 62
21,83,0.08846,0.25301,45; 21; 67; 28; 12; 26; 83; 33; 52; 37
53,66,0.10719,0.80303,12; 53; 75; 39; 9; 29; 66; 35; 78; 16
36,73,0.10929,0.49315,85; 36; 54; 77; 55; 82; 73; 58; 30; 26
14,46,0.14059,0.30435,46; 14; 18; 11; 81; 11; 46; 39; 9; 19
26,74,0.11028,0.35135,76; 26; 9; 33; 55; 29; 74; 6; 60; 39
72,84,0.07467,0.85714,70; 72; 8; 5; 12; 64; 84; 56; 73; 26
19,39,0.13247,0.48718,28; 19; 35; 38; 63; 8; 39; 8; 5; 72
27,78,0.09618,0.34615,32; 27; 48; 23; 54; 83; 78; 74; 25; 28
38,83,0.09101,0.45783,59; 38; 80; 38; 6; 11; 83; 58; 32; 19
30,38,0.14045,0.78947,13; 30; 39; 39; 80; 48; 38; 34; 59; 38
22,44,0.1358,0.5,8; 22; 33; 14; 20; 57; 44; 55; 43; 18
56,65,0.1029,0.86154,48; 56; 58; 37; 66; 11; 65; 35; 9; 21
64,76,0.08448,0.84211,12; 64; 50; 14; 68; 48; 76; 68; 55; 13
46,82,0.0975,0.56098,43; 46; 49; 41; 37; 39; 82; 76; 32; 31
31,83,0.09651,0.37349,60; 31; 68; 24; 8; 62; 83; 33; 76; 13
38,77,0.10548,0.49351,45; 38; 18; 21; 59; 56; 77; 24; 13; 48
34,61,0.11197,0.55738,5; 34; 12; 20; 82; 82; 61; 16; 29; 84
18,54,0.12654,0.33333,52; 18; 67; 78; 25; 47; 54; 81; 69; 54
21,71,0.10343,0.29577,49; 21; 38; 53; 11; 18; 71; 75; 63; 13
53,67,0.10711,0.79104,25; 53; 17; 35; 17; 16; 67; 80; 11; 16
10,18,0.14024,0.55556,22; 10; 28; 72; 35; 40; 18; 71; 19; 84
8,27,0.13052,0.2963,64; 8; 84; 49; 57; 27; 27; 50; 75; 26
16,68,0.11199,0.23529,40; 16; 55; 31; 73; 59; 68; 18; 34; 82
20,41,0.13528,0.4878,63; 20; 18; 59; 50; 75; 41; 56; 18; 30
17,30,0.13854,0.56667,84; 17; 32; 76; 62; 22; 30; 20; 46; 5
21,83,0.09645,0.25301,35; 21; 70; 14; 31; 10; 83; 27; 67; 42
14,25,0.13898,0.56,60; 14; 64; 7; 64; 58; 25; 80; 33; 9
21,70,0.10582,0.3,75; 21; 45; 73; 55; 83; 70; 77; 68; 47
6,24,0.1196,0.25,65; 6; 5; 32; 47; 58; 24; 12; 46; 23
57,66,0.10807,0.86364,83; 57; 9; 54; 50; 12; 66; 77; 60; 56
17,71,0.10611,0.23944,32; 17; 43; 71; 35; 46; 71; 10; 52; 69
53,65,0.11307,0.81538,38; 53; 37; 25; 37; 19; 65; 12; 27; 13
16,48,0.13457,0.33333,11; 16; 17; 19; 67; 55; 48; 12; 34; 32
10,40,0.14617,0.25,72; 10; 32; 58; 17; 36; 40; 71; 62; 12
68,79,0.08131,0.86076,47; 68; 52; 52; 29; 84; 79; 48; 54; 52
11,44,0.14371,0.25,57; 11; 57; 48; 39; 23; 44; 14; 31; 60
24,79,0.10148,0.3038,22; 24; 68; 7; 74; 40; 79; 63; 64; 52
17,57,0.1226,0.29825,73; 17; 29; 79; 31; 36; 57; 48; 26; 50
27,34,0.14171,0.79412,6; 27; 31; 47; 32; 42; 34; 26; 72; 84
6,12,0.11915,0.5,84; 6; 8; 9; 81; 35; 12; 72; 74; 34
14,55,0.12365,0.25455,55; 14; 24; 7; 37; 24; 55; 68; 33; 43
5,17,0.09916,0.29412,50; 5; 16; 69; 49; 39; 17; 82; 29; 18
32,64,0.11529,0.5,16; 32; 22; 17; 77; 42; 64; 8; 69; 7
26,57,0.1231,0.45614,42; 26; 85; 73; 45; 67; 57; 72; 66; 47
21,70,0.10731,0.3,57; 21; 42; 14; 31; 67; 70; 71; 54; 31
45,79,0.10355,0.56962,42; 45; 36; 32; 42; 67; 79; 81; 65; 56
22,28,0.12917,0.78571,41; 22; 29; 53; 17; 49; 28; 35; 84; 44
19,80,0.09552,0.2375,25; 19; 6; 17; 64; 76; 80; 8; 73; 19
16,56,0.11622,0.28571,57; 16; 36; 9; 14; 41; 56; 20; 63; 12
31,62,0.1185,0.5,81; 31; 6; 31; 40; 38; 62; 19; 42; 7
46,81,0.10223,0.5679,7; 46; 65; 7; 52; 34; 81; 74; 74; 22
18,52,0.12936,0.34615,19; 18; 84; 52; 49; 14; 52; 68; 66; 11
5,10,0.10532,0.5,71; 5; 34; 67; 79; 47; 10; 77; 22; 49
20,71,0.1082,0.28169,40; 20; 82; 23; 50; 63; 71; 14; 42; 66
68,83,0.07637,0.81928,46; 68; 6; 23; 81; 6; 83; 30; 60; 54
36,43,0.13852,0.83721,84; 36; 27; 10; 22; 17; 43; 9; 81; 42
17,37,0.14057,0.45946,21; 17; 22; 68; 17; 53; 37; 50; 53; 82
6,24,0.1105,0.25,11; 6; 55; 28; 32; 53; 24; 58; 59; 24
37,74,0.09983,0.5,53; 37; 78; 22; 48; 56; 74; 55; 30; 10
10,31,0.13972,0.32258,30; 10; 17; 28; 55; 29; 31; 56; 29; 64
20,41,0.13561,0.4878,41; 20; 73; 31; 45; 80; 41; 84; 19; 8
39,84,0.09882,0.46429,45; 39; 47; 42; 26; 5; 84; 48; 80; 81
23,62,0.11863,0.37097,55; 23; 8; 12; 27; 32; 62; 38; 65; 51
41,84,0.09187,0.4881,29; 41; 15; 58; 30; 7; 84; 34; 26; 60
24,81,0.10014,0.2963,23; 24; 27; 57; 19; 50; 81; 75; 47; 74
23,78,0.08742,0.29487,31; 23; 36; 29; 76; 28; 78; 16; 52; 21
55,67,0.10567,0.8209,42; 55; 77; 36; 38; 36; 67; 22; 16; 35
7,28,0.12787,0.25,10; 7; 29; 75; 63; 15; 28; 45; 36; 37
37,65,0.11803,0.56923,20; 37; 74; 49; 62; 69; 65; 10; 30; 66
23,46,0.1367,0.5,30; 23; 12; 9; 22; 10; 46; 48; 48; 49
20,40,0.13119,0.5,10; 20; 15; 83; 49; 77; 40; 85; 45; 7
16,64,0.11323,0.25,76; 16; 67; 72; 40; 18; 64; 23; 16; 46
20,63,0.11187,0.31746,73; 20; 53; 77; 32; 37; 63; 77; 36; 83
5,20,0.11209,0.25,76; 5; 13; 58; 41; 9; 20; 59; 38; 32
64,81,0.0842,0.79012,76; 64; 48; 37; 12; 14; 81; 6; 21; 6
13,54,0.12938,0.24074,14; 13; 54; 36; 77; 13; 54; 77; 75; 43
56,68,0.09939,0.82353,41; 56; 76; 37; 32; 76; 68; 69; 9; 30
39,70,0.10682,0.55714,7; 39; 40; 38; 5; 41; 70; 54; 54; 38
8,23,0.1279,0.34783,48; 8; 68; 73; 65; 32; 23; 9; 79; 53
19,24,0.13363,0.79167,60; 19; 47; 46; 7; 20; 24; 82; 37; 79
28,61,0.1222,0.45902,31; 28; 75; 13; 78; 54; 61; 57; 82; 46
40,70,0.114,0.57143,74; 40; 56; 6; 64; 82; 70; 47; 59; 28
43,76,0.10402,0.56579,68; 43; 51; 9; 81; 40; 76; 46; 17; 12
20,61,0.11204,0.32787,21; 20; 72; 13; 41; 79; 61; 65; 53; 49
22,62,0.11376,0.35484,55; 22; 57; 55; 48; 27; 62; 34; 16; 21
39,68,0.11241,0.57353,61; 39; 60; 63; 60; 61; 68; 65; 76; 40
19,34,0.13008,0.55882,66; 19; 61; 50; 62; 65; 34; 47; 11; 70
55,70,0.09808,0.78571,72; 55; 47; 52; 63; 76; 70; 75; 59; 5
17,48,0.12677,0.35417,29; 17; 13; 61; 33; 44; 48; 80; 55; 83
8,28,0.14256,0.28571,57; 8; 74; 13; 74; 63; 28; 84; 61; 15
28,76,0.10471,0.36842,68; 28; 23; 28; 17; 83; 76; 42; 18; 10
50,58,0.12198,0.86207,65; 50; 25; 68; 36; 70; 58; 83; 79; 83
24,76,0.10436,0.31579,54; 24; 62; 57; 51; 36; 76; 71; 42; 79
35,71,0.10806,0.49296,81; 35; 74; 78; 72; 12; 71; 38; 19; 64
16,67,0.11053,0.23881,64; 16; 69; 26; 16; 84; 67; 25; 38; 38
34,69,0.10454,0.49275,55; 34; 35; 7; 31; 53; 69; 14; 70; 8
25,51,0.13171,0.4902,38; 25; 23; 82; 52; 54; 51; 20; 19; 36
57,71,0.0971,0.80282,15; 57; 39; 53; 35; 37; 71; 79; 16; 60
25,67,0.10546,0.37313,57; 25; 9; 10; 56; 10; 67; 21; 78; 40
20,68,0.10991,0.29412,61; 20; 37; 17; 46; 59; 68; 36; 55; 12
30,53,0.12669,0.56604,33; 30; 81; 23; 35; 68; 53; 55; 68; 55
18,60,0.11397,0.3,7; 18; 63; 14; 58; 18; 60; 10; 40; 46
15,59,0.11639,0.25424,85; 15; 22; 77; 43; 52; 59; 22; 64; 71
33,41,0.14102,0.80488,73; 33; 37; 16; 79; 62; 41; 13; 43; 48
25,54,0.12478,0.46296,35; 25; 60; 26; 36; 8; 54; 65; 12; 60
20,57,0.11823,0.35088,20; 20; 50; 61; 69; 37; 57; 42; 61; 43
19,57,0.12373,0.33333,68; 19; 42; 80; 25; 26; 57; 21; 69; 65
16,66,0.11477,0.24242,28; 16; 53; 41; 12; 67; 66; 42; 53; 48
31,83,0.09576,0.37349,75; 31; 65; 57; 37; 19; 83; 34; 67; 36
12,51,0.13734,0.23529,35; 12; 52; 9; 36; 42; 51; 82; 21; 46
12,14,0.13504,0.85714,83; 12; 61; 50; 18; 69; 14; 30; 83; 68
9,16,0.13802,0.5625,26; 9; 19; 49; 69; 40; 16; 32; 25; 11
26,74,0.10624,0.35135,38; 26; 70; 7; 73; 30; 74; 66; 43; 50
70,85,0.07468,0.82353,40; 70; 42; 38; 19; 53; 85; 54; 83; 80
45,55,0.13041,0.81818,67; 45; 34; 19; 77; 40; 55; 31; 68; 58
33,41,0.14011,0.80488,84; 33; 84; 78; 24; 10; 41; 82; 63; 53
32,57,0.12182,0.5614,74; 32; 60; 58; 20; 82; 57; 41; 47; 47
19,63,0.11413,0.30159,59; 19; 35; 34; 55; 66; 63; 57; 10; 9
50,61,0.11908,0.81967,14; 50; 68; 13; 77; 54; 61; 34; 83; 75
12,50,0.13783,0.24,69; 12; 16; 48; 38; 24; 50; 56; 13; 14
19,76,0.1008,0.25,30; 19; 77; 40; 74; 75; 76; 54; 19; 24
12,48,0.13443,0.25,37; 12; 78; 29; 56; 69; 48; 45; 46; 59
26,82,0.09836,0.31707,27; 26; 19; 60; 35; 31; 82; 77; 11; 16
24,49,0.12689,0.4898,14; 24; 77; 27; 68; 52; 49; 25; 43; 26
17,49,0.1315,0.34694,78; 17; 76; 34; 57; 14; 49; 44; 61; 32
13,52,0.1292,0.25,70; 13; 47; 74; 44; 20; 52; 23; 39; 67
9,36,0.13913,0.25,85; 9; 70; 65; 18; 75; 36; 70; 42; 66
10,33,0.13723,0.30303,22; 10; 56; 67; 51; 59; 33; 51; 47; 80
29,79,0.10399,0.36709,54; 29; 62; 83; 19; 10; 79; 81; 24; 42
27,73,0.11071,0.36986,37; 27; 41; 35; 84; 5; 73; 6; 59; 76
8,27,0.13647,0.2963,81; 8; 14; 75; 68; 36; 27; 54; 17; 73
41,82,0.09586,0.5,82; 41; 55; 27; 72; 15; 82; 57; 40; 67
13,54,0.1266,0.24074,33; 13; 14; 65; 8; 62; 54; 18; 76; 38
29,52,0.13908,0.55769,15; 29; 24; 9; 18; 48; 52; 16; 24; 25
29,51,0.12455,0.56863,71; 29; 35; 9; 67; 9; 51; 34; 6; 65
7,21,0.13092,0.33333,52; 7; 72; 69; 41; 46; 21; 84; 53; 19
23,63,0.11429,0.36508,35; 23; 29; 13; 63; 82; 63; 60; 78; 11
17,49,0.13096,0.34694,50; 17; 11; 73; 37; 6; 49; 53; 82; 41
25,45,0.13874,0.55556,10; 25; 55; 42; 58; 34; 45; 64; 8; 37
20,83,0.09873,0.24096,7; 20; 33; 27; 24; 30; 83; 45; 46; 27
67,84,0.08029,0.79762,20; 67; 76; 50; 12; 85; 84; 78; 55; 54
23,82,0.09522,0.28049,62; 23; 38; 26; 10; 25; 82; 35; 80; 38
24,30,0.13607,0.8,36; 24; 35; 7; 77; 43; 30; 51; 6; 50
13,54,0.13238,0.24074,26; 13; 30; 15; 50; 14; 54; 77; 75; 47
13,37,0.13121,0.35135,32; 13; 12; 21; 31; 60; 37; 77; 24; 76
27,33,0.13759,0.81818,23; 27; 83; 8; 79; 73; 33; 13; 28; 46
28,76,0.09721,0.36842,79; 28; 30; 73; 69; 64; 76; 80; 75; 66
16,55,0.12947,0.29091,82; 16; 54; 64; 48; 22; 55; 9; 31; 21
38,68,0.10896,0.55882,42; 38; 18; 52; 29; 31; 68; 49; 21; 5
34,70,0.11204,0.48571,45; 34; 28; 82; 31; 8; 70; 28; 33; 76
21,25,0.13517,0.84,53; 21; 18; 61; 59; 18; 25; 45; 39; 39
11,31,0.13447,0.35484,5; 11; 42; 17; 80; 77; 31; 65; 37; 43
38,44,0.12881,0.86364,64; 38; 75; 65; 41; 36; 44; 62; 25; 14
14,25,0.12547,0.56,17; 14; 31; 14; 85; 47; 25; 21; 13; 72
20,54,0.12629,0.37037,63; 20; 59; 56; 42; 65; 54; 65; 76; 77
8,32,0.13043,0.25,35; 8; 44; 31; 74; 40; 32; 46; 10; 13
19,54,0.12654,0.35185,68; 19; 72; 34; 40; 56; 54; 14; 63; 33
22,68,0.10408,0.32353,27; 22; 48; 42; 56; 82; 68; 39; 19; 81
27,81,0.10152,0.33333,77; 27; 72; 16; 83; 46; 81; 61; 64; 42
9,31,0.14285,0.29032,8; 9; 5; 52; 64; 79; 31; 84; 52; 12
18,56,0.12214,0.32143,66; 18; 80; 69; 43; 46; 56; 53; 53; 67
69,80,0.0818,0.8625,40; 69; 10; 71; 22; 16; 80; 11; 26; 64
36,74,0.10535,0.48649,20; 36; 12; 85; 67; 33; 74; 71; 82; 13
26,79,0.09991,0.32911,52; 26; 77; 29; 6; 56; 79; 21; 63; 27
19,55,0.12087,0.34545,36; 19; 44; 10; 29; 61; 55; 6; 58; 27
44,77,0.10479,0.57143,14; 44; 49; 21; 11; 18; 77; 19; 49; 80
24,79,0.10109,0.3038,6; 24; 41; 39; 31; 77; 79; 9; 36; 9
19,64,0.1122,0.29688,79; 19; 80; 77; 18; 82; 64; 37; 70; 61
5,18,0.09506,0.27778,54; 5; 50; 69; 68; 43; 18; 84; 26; 66
49,62,0.11756,0.79032,13; 49; 78; 36; 63; 58; 62; 14; 67; 81
10,30,0.14338,0.33333,50; 10; 44; 39; 44; 57; 30; 70; 72; 8
12,42,0.13917,0.28571,19; 12; 55; 60; 49; 24; 42; 37; 19; 48
29,59,0.12592,0.49153,47; 29; 64; 67; 36; 8; 59; 11; 74; 69
13,46,0.13605,0.28261,44; 13; 37; 5; 72; 72; 46; 18; 57; 81
64,80,0.08216,0.8,13; 64; 56; 52; 14; 64; 80; 72; 46; 77
65,79,0.08293,0.82278,56; 65; 66; 79; 8; 56; 79; 30; 27; 59
18,57,0.12015,0.31579,23; 18; 78; 78; 27; 23; 57; 14; 57; 17
36,43,0.13613,0.83721,62; 36; 19; 58; 35; 6; 43; 77; 21; 39
32,70,0.10695,0.45714,80; 32; 72; 54; 54; 81; 70; 84; 85; 20
16,50,0.13192,0.32,80; 16; 66; 24; 77; 27; 50; 62; 65; 77
44,78,0.09717,0.5641,80; 44; 35; 51; 38; 18; 78; 14; 25; 13
38,77,0.09878,0.49351,80; 38; 19; 32; 51; 50; 77; 82; 22; 21
14,42,0.13933,0.33333,49; 14; 82; 68; 16; 55; 42; 34; 75; 70
32,64,0.10731,0.5,31; 32; 38; 35; 35; 82; 64; 65; 73; 49
65,82,0.07971,0.79268,80; 65; 54; 15; 44; 5; 82; 30; 49; 22
19,24,0.13472,0.79167,6; 19; 33; 33; 69; 9; 24; 44; 38; 9
15,63,0.11444,0.2381,28; 15; 29; 9; 19; 16; 63; 5; 51; 68
22,60,0.12174,0.36667,83; 22; 33; 18; 84; 71; 60; 77; 63; 52
33,58,0.1179,0.56897,16; 33; 62; 16; 40; 75; 58; 27; 26; 14
39,78,0.10187,0.5,41; 39; 62; 60; 79; 73; 78; 36; 58; 13
27,84,0.09011,0.32143,5; 27; 49; 56; 53; 33; 84; 70; 29; 21
10,41,0.14212,0.2439,10; 10; 75; 53; 34; 51; 41; 81; 8; 45
29,59,0.12408,0.49153,36; 29; 46; 37; 70; 59; 59; 77; 61; 45
9,37,0.14048,0.24324,5; 9; 15; 43; 9; 35; 37; 70; 30; 30
34,69,0.10307,0.49275,44; 34; 41; 54; 74; 26; 69; 34; 61; 75
17,53,0.12316,0.32075,67; 17; 26; 35; 57; 21; 53; 19; 74; 22
69,82,0.08458,0.84146,68; 69; 43; 29; 85; 77; 82; 45; 56; 67
24,52,0.13337,0.46154,50; 24; 62; 14; 21; 83; 52; 42; 48; 22
55,70,0.09812,0.78571,6; 55; 57; 75; 80; 60; 70; 64; 45; 27
19,60,0.11961,0.31667,36; 19; 39; 82; 53; 39; 60; 59; 13; 54
47,82,0.09198,0.57317,40; 47; 50; 10; 5; 57; 82; 7; 80; 51
11,24,0.14045,0.45833,74; 11; 12; 25; 54; 21; 24; 65; 18; 36
15,19,0.13036,0.78947,38; 15; 39; 24; 72; 5; 19; 11; 20; 27
18,55,0.12383,0.32727,85; 18; 32; 69; 59; 36; 55; 50; 28; 34
14,17,0.1367,0.82353,11; 14; 51; 15; 14; 16; 17; 14; 41; 35
13,55,0.12576,0.23636,53; 13; 77; 60; 51; 66; 55; 24; 76; 12
32,37,0.13658,0.86486,41; 32; 60; 33; 47; 45; 37; 53; 51; 80
42,84,0.09391,0.5,80; 42; 85; 21; 54; 55; 84; 82; 19; 71
17,51,0.12891,0.33333,14; 17; 11; 61; 81; 7; 51; 42; 82; 10
23,62,0.11407,0.37097,39; 23; 19; 19; 7; 84; 62; 58; 70; 45
11,33,0.13489,0.33333,54; 11; 40; 24; 17; 82; 33; 61; 25; 64
63,75,0.08475,0.84,8; 63; 27; 81; 71; 75; 75; 9; 32; 15
28,85,0.09271,0.32941,16; 28; 5; 80; 25; 19; 85; 16; 47; 12
7,23,0.12439,0.30435,21; 7; 46; 22; 50; 62; 23; 45; 60; 44
16,54,0.12814,0.2963,27; 16; 30; 41; 40; 67; 54; 12; 61; 78
20,25,0.13175,0.8,26; 20; 73; 20; 13; 9; 25; 74; 40; 85
13,43,0.14278,0.30233,7; 13; 31; 61; 34; 81; 43; 12; 8; 84
60,70,0.09943,0.85714,43; 60; 50; 68; 24; 16; 70; 67; 10; 34
16,54,0.12701,0.2963,80; 16; 38; 68; 28; 62; 54; 5; 78; 54
12,26,0.13638,0.46154,77; 12; 69; 53; 15; 20; 26; 16; 40; 84
23,71,0.1055,0.32394,16; 23; 75; 46; 33; 77; 71; 50; 21; 33
15,50,0.13075,0.3,19; 15; 81; 83; 53; 17; 50; 80; 15; 17
26,75,0.10235,0.34667,82; 26; 76; 63; 10; 34; 75; 46; 11; 17
23,40,0.13939,0.575,40; 23; 53; 31; 16; 69; 40; 18; 74; 15
8,32,0.13234,0.25,7; 8; 46; 22; 23; 23; 32; 73; 48; 38
35,71,0.10806,0.49296,73; 35; 70; 65; 47; 78; 71; 10; 5; 11
42,85,0.09298,0.49412,53; 42; 40; 5; 70; 62; 85; 83; 42; 37
27,33,0.1367,0.81818,40; 27; 48; 84; 66; 47; 33; 82; 47; 47
12,38,0.13974,0.31579,85; 12; 27; 68; 50; 41; 38; 34; 65; 76
24,74,0.09832,0.32432,10; 24; 67; 76; 59; 61; 74; 68; 48; 67
37,66,0.11083,0.56061,58; 37; 43; 11; 28; 19; 66; 17; 30; 38
24,76,0.09454,0.31579,64; 24; 40; 37; 83; 60; 76; 5; 9; 13
18,60,0.11536,0.3,57; 18; 71; 20; 30; 59; 60; 34; 57; 15
16,65,0.11159,0.24615,70; 16; 79; 32; 25; 12; 65; 14; 75; 55
26,46,0.13415,0.56522,72; 26; 66; 72; 71; 55; 46; 29; 72; 7
17,52,0.1284,0.32692,11; 17; 11; 69; 5; 83; 52; 38; 13; 55
37,65,0.12072,0.56923,38; 37; 55; 83; 55; 54; 65; 53; 27; 35
71,83,0.07696,0.85542,15; 71; 22; 45; 80; 69; 83; 54; 73; 54
18,63,0.11792,0.28571,26; 18; 39; 13; 66; 12; 63; 65; 42; 59
14,25,0.13405,0.56,22; 14; 59; 20; 13; 22; 25; 16; 62; 63
42,75,0.10401,0.56,25; 42; 6; 72; 30; 59; 75; 29; 27; 78
23,79,0.0943,0.29114,33; 23; 9; 25; 70; 57; 79; 48; 82; 78
19,34,0.13204,0.55882,52; 19; 38; 76; 35; 62; 34; 68; 18; 35
42,50,0.13282,0.84,41; 42; 43; 15; 16; 46; 50; 64; 49; 21
13,41,0.1377,0.31707,42; 13; 78; 50; 50; 84; 41; 60; 56; 80
22,69,0.10043,0.31884,44; 22; 74; 58; 32; 43; 69; 6; 38; 8
19,66,0.11709,0.28788,14; 19; 83; 50; 41; 53; 66; 26; 57; 38
17,60,0.11957,0.28333,42; 17; 50; 15; 44; 67; 60; 56; 84; 39
16,63,0.12473,0.25397,72; 16; 28; 52; 45; 62; 63; 58; 67; 85
32,69,0.10224,0.46377,35; 32; 79; 39; 62; 46; 69; 23; 74; 19
69,84,0.07882,0.82143,26; 69; 36; 52; 84; 52; 84; 33; 52; 45
8,27,0.13083,0.2963,29; 8; 30; 6; 41; 8; 27; 12; 78; 48
17,52,0.13156,0.32692,45; 17; 33; 61; 37; 5; 52; 38; 55; 11
21,84,0.09107,0.25,37; 21; 15; 72; 47; 25; 84; 27; 74; 33
14,50,0.12693,0.28,18; 14; 58; 33; 33; 22; 50; 69; 49; 63
21,57,0.11881,0.36842,54; 21; 19; 41; 54; 30; 57; 31; 17; 16
24,76,0.09923,0.31579,66; 24; 25; 6; 34; 38; 76; 83; 58; 23
36,44,0.13847,0.81818,28; 36; 36; 40; 50; 46; 44; 30; 14; 7
17,69,0.10716,0.24638,34; 17; 78; 8; 57; 82; 69; 31; 21; 78
17,30,0.13268,0.56667,85; 17; 24; 53; 14; 65; 30; 63; 49; 81
37,65,0.10476,0.56923,10; 37; 70; 47; 7; 61; 65; 61; 35; 81
20,57,0.12163,0.35088,60; 20; 33; 19; 37; 13; 57; 68; 80; 33
23,80,0.09794,0.2875,42; 23; 17; 49; 76; 28; 80; 6; 57; 83
27,85,0.08863,0.31765,33; 27; 53; 15; 21; 14; 85; 65; 71; 34
