ShorterBarHeight,TallerBarHeight,InferenceResult,GroundTruth,BarHeights
25,48,0.51279,0.52083,6; 12; 25; 48; 24; 30; 18; 14
31,42,0.74679,0.7381,9; 10; 31; 42; 19; 27; 5; 16
7,71,0.23157,0.09859,10; 10; 7; 71; 27; 25; 23; 21
8,31,0.28498,0.25806,23; 21; 8; 31; 14; 7; 30; 12
7,69,0.22405,0.10145,5; 4; 7; 69; 21; 22; 15; 17
13,25,0.54857,0.52,29; 12; 13; 25; 28; 17; 24; 16
5,48,0.2768,0.10417,9; 16; 5; 48; 32; 15; 30; 8
17,19,0.89926,0.89474,14; 17; 17; 19; 24; 20; 18; 6
26,53,0.47937,0.49057,8; 8; 26; 53; 20; 8; 20; 8
9,62,0.23731,0.14516,12; 8; 9; 62; 31; 6; 6; 10
41,46,0.88475,0.8913,5; 5; 41; 46; 12; 11; 4; 17
15,51,0.31479,0.29412,5; 7; 15; 51; 26; 14; 22; 6
7,75,0.22878,0.09333,8; 4; 7; 75; 15; 27; 3; 21
20,27,0.81194,0.74074,20; 10; 20; 27; 24; 9; 7; 5
16,55,0.27908,0.29091,13; 4; 16; 55; 32; 4; 24; 5
6,69,0.26549,0.08696,7; 4; 6; 69; 5; 6; 6; 20
11,21,0.42607,0.52381,22; 19; 11; 21; 9; 16; 24; 22
17,42,0.41689,0.40476,13; 18; 17; 42; 3; 9; 22; 7
18,68,0.27841,0.26471,3; 5; 18; 68; 9; 15; 13; 14
12,30,0.41901,0.4,4; 3; 12; 30; 26; 27; 5; 32
25,35,0.72308,0.71429,9; 8; 25; 35; 15; 6; 31; 15
7,78,0.24065,0.08974,5; 3; 7; 78; 18; 10; 14; 20
12,78,0.2048,0.15385,3; 3; 12; 78; 17; 3; 30; 11
25,35,0.70876,0.71429,6; 13; 25; 35; 32; 15; 13; 10
6,59,0.21939,0.10169,13; 6; 6; 59; 27; 24; 8; 7
25,32,0.77672,0.78125,20; 3; 25; 32; 20; 7; 19; 4
13,50,0.24789,0.26,14; 15; 13; 50; 10; 28; 4; 6
5,13,0.41211,0.38462,14; 12; 5; 13; 19; 18; 8; 28
25,40,0.6085,0.625,8; 12; 25; 40; 9; 7; 17; 13
6,70,0.17176,0.08571,4; 8; 6; 70; 23; 8; 7; 14
22,58,0.40876,0.37931,7; 4; 22; 58; 19; 8; 6; 24
7,9,0.77467,0.77778,5; 15; 7; 9; 32; 13; 10; 11
6,66,0.18681,0.09091,11; 7; 6; 66; 9; 23; 7; 5
15,24,0.69683,0.625,14; 27; 15; 24; 21; 31; 19; 13
30,42,0.69883,0.71429,6; 7; 30; 42; 29; 17; 24; 23
21,27,0.80837,0.77778,8; 21; 21; 27; 16; 16; 32; 9
34,54,0.63723,0.62963,5; 5; 34; 54; 10; 14; 20; 13
9,25,0.48614,0.36,32; 25; 9; 25; 22; 19; 15; 13
12,75,0.22326,0.16,4; 3; 12; 75; 24; 10; 7; 10
20,48,0.40942,0.41667,3; 8; 20; 48; 26; 32; 25; 4
17,42,0.43433,0.40476,7; 8; 17; 42; 11; 8; 25; 6
5,8,0.6486,0.625,42; 4; 5; 8; 28; 11; 12; 8
10,34,0.30141,0.29412,3; 22; 10; 34; 5; 21; 30; 20
23,64,0.35992,0.35938,4; 3; 23; 64; 28; 20; 13; 23
21,52,0.40695,0.40385,7; 3; 21; 52; 22; 31; 14; 8
9,45,0.28024,0.2,6; 6; 9; 45; 8; 21; 5; 18
24,38,0.63156,0.63158,12; 5; 24; 38; 11; 22; 5; 22
8,50,0.24006,0.16,16; 6; 8; 50; 22; 31; 5; 10
37,50,0.71652,0.74,3; 4; 37; 50; 3; 3; 23; 30
20,32,0.60035,0.625,21; 7; 20; 32; 10; 14; 26; 32
38,49,0.78245,0.77551,4; 4; 38; 49; 26; 6; 12; 5
42,47,0.89448,0.89362,3; 4; 42; 47; 16; 13; 7; 25
15,51,0.31361,0.29412,6; 7; 15; 51; 26; 31; 10; 4
11,55,0.24983,0.2,8; 8; 11; 55; 6; 30; 8; 20
6,21,0.31833,0.28571,19; 16; 6; 21; 27; 14; 29; 3
23,57,0.41967,0.40351,6; 4; 23; 57; 9; 22; 13; 5
24,66,0.39166,0.36364,4; 4; 24; 66; 29; 7; 29; 31
8,51,0.23883,0.15686,8; 8; 8; 51; 17; 29; 30; 9
19,53,0.33944,0.35849,8; 4; 19; 53; 10; 7; 23; 13
23,33,0.69737,0.69697,9; 13; 23; 33; 11; 29; 6; 26
5,25,0.31525,0.2,11; 21; 5; 25; 24; 8; 14; 27
5,57,0.21001,0.08772,13; 16; 5; 57; 19; 29; 29; 11
5,12,0.62582,0.41667,32; 34; 5; 12; 8; 17; 15; 25
8,20,0.34361,0.4,9; 26; 8; 20; 31; 24; 19; 17
15,29,0.44675,0.51724,14; 12; 15; 29; 3; 20; 13; 4
25,65,0.42929,0.38462,4; 3; 25; 65; 15; 18; 20; 21
6,41,0.23329,0.14634,11; 13; 6; 41; 25; 7; 3; 13
5,25,0.26449,0.2,7; 21; 5; 25; 7; 4; 7; 12
5,25,0.24047,0.2,26; 5; 5; 25; 18; 8; 15; 25
19,39,0.51642,0.48718,17; 4; 19; 39; 16; 3; 16; 18
11,75,0.26662,0.14667,5; 4; 11; 75; 24; 8; 17; 23
34,38,0.9058,0.89474,4; 3; 34; 38; 30; 22; 28; 17
11,54,0.25316,0.2037,8; 4; 11; 54; 23; 7; 32; 4
11,38,0.2751,0.28947,14; 10; 11; 38; 18; 22; 10; 24
36,46,0.79763,0.78261,7; 8; 36; 46; 5; 8; 11; 21
23,33,0.66033,0.69697,10; 7; 23; 33; 13; 29; 21; 14
20,55,0.38682,0.36364,3; 6; 20; 55; 11; 12; 6; 18
19,47,0.41172,0.40426,8; 8; 19; 47; 11; 16; 26; 25
21,30,0.65482,0.7,21; 3; 21; 30; 16; 8; 9; 32
22,55,0.38423,0.4,4; 8; 22; 55; 20; 11; 26; 19
24,34,0.69603,0.70588,19; 11; 24; 34; 4; 18; 12; 28
23,60,0.40068,0.38333,6; 5; 23; 60; 17; 29; 29; 11
25,34,0.72782,0.73529,11; 3; 25; 34; 11; 20; 9; 14
5,48,0.2114,0.10417,20; 17; 5; 48; 14; 14; 5; 4
42,47,0.89591,0.89362,4; 3; 42; 47; 21; 10; 12; 9
15,58,0.29493,0.25862,12; 6; 15; 58; 5; 13; 19; 32
27,43,0.62038,0.62791,10; 13; 27; 43; 29; 16; 4; 30
8,54,0.23213,0.14815,13; 5; 8; 54; 11; 13; 24; 32
6,58,0.23048,0.10345,12; 8; 6; 58; 27; 7; 20; 7
5,32,0.30544,0.15625,16; 10; 5; 32; 21; 4; 31; 4
38,49,0.7595,0.77551,5; 3; 38; 49; 31; 22; 6; 11
39,50,0.78128,0.78,4; 3; 39; 50; 20; 22; 26; 26
34,46,0.72263,0.73913,4; 4; 34; 46; 24; 14; 10; 16
7,24,0.32597,0.29167,12; 28; 7; 24; 8; 27; 12; 5
19,39,0.5005,0.48718,17; 9; 19; 39; 8; 10; 10; 11
6,60,0.24318,0.1,7; 4; 6; 60; 15; 14; 13; 18
19,48,0.43453,0.39583,15; 7; 19; 48; 7; 8; 14; 9
23,61,0.38609,0.37705,7; 5; 23; 61; 27; 3; 28; 6
7,80,0.25179,0.0875,4; 4; 7; 80; 14; 18; 13; 4
14,39,0.36561,0.35897,13; 17; 14; 39; 6; 9; 4; 15
15,40,0.40683,0.375,4; 6; 15; 40; 28; 23; 11; 24
29,41,0.69459,0.70732,7; 10; 29; 41; 30; 12; 21; 20
33,52,0.63513,0.63462,3; 3; 33; 52; 29; 13; 27; 5
10,24,0.37982,0.41667,5; 20; 10; 24; 20; 20; 22; 6
11,29,0.3734,0.37931,15; 5; 11; 29; 23; 29; 16; 8
39,44,0.86663,0.88636,7; 6; 39; 44; 23; 25; 22; 13
35,45,0.76257,0.77778,9; 9; 35; 45; 7; 21; 20; 14
17,65,0.28159,0.26154,8; 6; 17; 65; 4; 23; 8; 21
15,42,0.38657,0.35714,12; 10; 15; 42; 7; 32; 26; 27
6,16,0.37137,0.375,34; 26; 6; 16; 5; 19; 23; 26
25,48,0.52037,0.52083,5; 6; 25; 48; 32; 7; 15; 25
31,42,0.77659,0.7381,4; 6; 31; 42; 17; 32; 14; 14
36,46,0.77364,0.78261,4; 4; 36; 46; 19; 18; 27; 20
32,36,0.84828,0.88889,10; 13; 32; 36; 32; 13; 9; 17
8,52,0.23277,0.15385,19; 7; 8; 52; 3; 3; 29; 10
6,67,0.24795,0.08955,12; 7; 6; 67; 28; 11; 27; 15
37,52,0.71142,0.71154,4; 4; 37; 52; 9; 4; 26; 6
8,28,0.32041,0.28571,30; 15; 8; 28; 11; 28; 9; 6
32,43,0.7304,0.74419,6; 10; 32; 43; 24; 3; 24; 23
17,19,0.89403,0.89474,8; 31; 17; 19; 17; 16; 18; 31
32,45,0.68507,0.71111,5; 10; 32; 45; 4; 28; 5; 21
19,27,0.71891,0.7037,5; 24; 19; 27; 32; 25; 4; 29
12,74,0.22558,0.16216,4; 3; 12; 74; 30; 17; 4; 22
8,31,0.3047,0.25806,4; 27; 8; 31; 6; 23; 18; 21
9,62,0.21418,0.14516,13; 7; 9; 62; 6; 4; 25; 3
15,51,0.31491,0.29412,16; 10; 15; 51; 25; 16; 25; 18
18,47,0.34694,0.38298,4; 14; 18; 47; 18; 10; 29; 20
25,34,0.71248,0.73529,11; 16; 25; 34; 3; 25; 27; 15
11,73,0.22457,0.15068,6; 6; 11; 73; 4; 9; 14; 32
5,17,0.38457,0.29412,37; 36; 5; 17; 21; 14; 22; 31
20,56,0.35838,0.35714,8; 7; 20; 56; 27; 30; 6; 21
24,49,0.51669,0.4898,5; 8; 24; 49; 30; 30; 5; 13
18,68,0.28304,0.26471,4; 4; 18; 68; 27; 9; 4; 7
19,65,0.31997,0.29231,5; 4; 19; 65; 31; 10; 11; 26
25,51,0.47917,0.4902,5; 6; 25; 51; 20; 21; 12; 19
25,51,0.48418,0.4902,10; 6; 25; 51; 13; 16; 22; 28
23,58,0.40656,0.39655,8; 5; 23; 58; 19; 8; 21; 5
21,50,0.42821,0.42,12; 11; 21; 50; 3; 23; 6; 25
15,21,0.70019,0.71429,7; 19; 15; 21; 11; 8; 22; 30
26,53,0.49659,0.49057,4; 8; 26; 53; 16; 15; 18; 15
17,58,0.30735,0.2931,3; 10; 17; 58; 22; 8; 21; 15
31,35,0.85979,0.88571,3; 10; 31; 35; 4; 3; 18; 8
20,68,0.31321,0.29412,3; 5; 20; 68; 7; 25; 29; 26
6,66,0.25175,0.09091,11; 4; 6; 66; 20; 32; 24; 8
17,58,0.28648,0.2931,6; 6; 17; 58; 20; 18; 31; 25
27,55,0.52102,0.49091,8; 6; 27; 55; 4; 3; 7; 21
12,30,0.4256,0.4,11; 17; 12; 30; 23; 11; 28; 9
29,39,0.73901,0.74359,7; 15; 29; 39; 20; 27; 8; 30
7,43,0.23958,0.16279,17; 15; 7; 43; 23; 29; 9; 5
11,74,0.20377,0.14865,4; 6; 11; 74; 24; 10; 7; 26
22,52,0.45422,0.42308,11; 4; 22; 52; 7; 16; 5; 22
31,44,0.67603,0.70455,11; 3; 31; 44; 5; 12; 24; 14
14,70,0.22124,0.2,7; 7; 14; 70; 7; 24; 13; 18
5,34,0.24414,0.14706,28; 7; 5; 34; 7; 8; 6; 14
11,73,0.20405,0.15068,5; 4; 11; 73; 21; 5; 32; 8
29,37,0.78653,0.78378,7; 8; 29; 37; 17; 19; 3; 26
20,41,0.51952,0.4878,7; 3; 20; 41; 24; 4; 20; 27
14,20,0.66289,0.7,30; 12; 14; 20; 17; 8; 4; 16
27,43,0.60118,0.62791,14; 11; 27; 43; 18; 14; 13; 18
29,37,0.76939,0.78378,16; 13; 29; 37; 26; 9; 11; 6
41,46,0.91325,0.8913,4; 3; 41; 46; 31; 3; 21; 3
33,47,0.68628,0.70213,3; 9; 33; 47; 15; 22; 30; 28
24,60,0.4194,0.4,3; 7; 24; 60; 11; 3; 26; 29
35,45,0.74941,0.77778,6; 8; 35; 45; 24; 13; 25; 29
6,62,0.23711,0.09677,4; 5; 6; 62; 14; 30; 22; 13
27,38,0.67328,0.71053,15; 11; 27; 38; 13; 22; 18; 30
29,37,0.78991,0.78378,8; 3; 29; 37; 17; 22; 8; 24
11,26,0.39766,0.42308,5; 19; 11; 26; 10; 21; 8; 17
24,49,0.51752,0.4898,11; 5; 24; 49; 23; 3; 32; 11
18,37,0.5096,0.48649,14; 19; 18; 37; 23; 29; 14; 14
11,43,0.30041,0.25581,9; 6; 11; 43; 16; 17; 17; 9
14,33,0.39919,0.42424,20; 3; 14; 33; 6; 8; 31; 22
8,55,0.24266,0.14545,10; 7; 8; 55; 18; 12; 6; 21
10,25,0.33443,0.4,22; 26; 10; 25; 23; 20; 8; 26
12,32,0.39423,0.375,4; 20; 12; 32; 20; 19; 7; 21
33,47,0.69947,0.70213,9; 7; 33; 47; 13; 6; 7; 16
6,59,0.25917,0.10169,12; 12; 6; 59; 13; 18; 16; 20
8,9,0.81276,0.88889,15; 29; 8; 9; 28; 14; 27; 23
6,60,0.23752,0.1,15; 10; 6; 60; 31; 23; 27; 3
24,34,0.7025,0.70588,9; 7; 24; 34; 6; 18; 10; 4
6,65,0.19495,0.09231,6; 9; 6; 65; 5; 22; 7; 12
39,50,0.76012,0.78,4; 4; 39; 50; 24; 19; 27; 4
16,56,0.29508,0.28571,4; 13; 16; 56; 21; 3; 4; 5
7,48,0.24951,0.14583,13; 11; 7; 48; 23; 11; 12; 20
34,48,0.67776,0.70833,7; 8; 34; 48; 17; 18; 5; 11
12,61,0.22961,0.19672,12; 3; 12; 61; 21; 16; 5; 32
23,31,0.69663,0.74194,19; 6; 23; 31; 9; 30; 30; 10
14,54,0.2649,0.25926,3; 14; 14; 54; 10; 11; 20; 17
9,46,0.22943,0.19565,14; 17; 9; 46; 4; 21; 18; 16
37,53,0.67474,0.69811,4; 4; 37; 53; 22; 31; 4; 18
11,38,0.28572,0.28947,8; 3; 11; 38; 12; 10; 9; 11
15,75,0.24299,0.2,4; 3; 15; 75; 31; 30; 19; 13
11,38,0.26503,0.28947,7; 4; 11; 38; 21; 22; 22; 5
20,28,0.76542,0.71429,22; 16; 20; 28; 21; 5; 20; 8
21,53,0.39645,0.39623,7; 8; 21; 53; 32; 11; 21; 15
11,54,0.26493,0.2037,4; 16; 11; 54; 10; 11; 13; 26
8,51,0.20637,0.15686,19; 6; 8; 51; 12; 4; 5; 22
13,65,0.22768,0.2,6; 6; 13; 65; 19; 18; 21; 10
5,13,0.34856,0.38462,22; 11; 5; 13; 3; 20; 8; 31
12,46,0.27634,0.26087,3; 6; 12; 46; 8; 9; 24; 25
14,35,0.35967,0.4,18; 18; 14; 35; 5; 9; 17; 28
22,55,0.44469,0.4,3; 3; 22; 55; 17; 29; 12; 14
7,82,0.20414,0.08537,3; 3; 7; 82; 6; 22; 28; 21
8,21,0.48233,0.38095,13; 7; 8; 21; 32; 19; 3; 17
11,69,0.22476,0.15942,3; 3; 11; 69; 19; 23; 16; 16
32,36,0.88809,0.88889,7; 13; 32; 36; 22; 4; 32; 11
7,73,0.21558,0.09589,9; 3; 7; 73; 29; 15; 29; 11
22,31,0.72109,0.70968,19; 15; 22; 31; 19; 6; 3; 6
14,27,0.53601,0.51852,27; 19; 14; 27; 18; 30; 20; 9
17,35,0.52017,0.48571,16; 11; 17; 35; 25; 19; 13; 29
23,58,0.39445,0.39655,7; 6; 23; 58; 8; 3; 16; 28
24,64,0.39521,0.375,5; 3; 24; 64; 20; 32; 24; 21
22,31,0.6609,0.70968,18; 4; 22; 31; 16; 11; 25; 26
19,30,0.62219,0.63333,4; 16; 19; 30; 21; 20; 14; 27
25,35,0.71652,0.71429,5; 14; 25; 35; 31; 6; 15; 13
34,38,0.88525,0.89474,9; 8; 34; 38; 27; 9; 11; 20
19,39,0.49355,0.48718,8; 9; 19; 39; 13; 24; 5; 4
15,36,0.39226,0.41667,17; 13; 15; 36; 12; 28; 27; 25
6,67,0.23177,0.08955,5; 11; 6; 67; 22; 8; 9; 9
41,46,0.89842,0.8913,5; 3; 41; 46; 23; 6; 16; 20
16,38,0.37816,0.42105,21; 17; 16; 38; 16; 7; 27; 13
19,45,0.39781,0.42222,7; 14; 19; 45; 16; 17; 26; 20
10,51,0.22438,0.19608,7; 10; 10; 51; 11; 15; 31; 22
33,52,0.62879,0.63462,6; 4; 33; 52; 24; 30; 4; 31
17,33,0.53595,0.51515,6; 3; 17; 33; 15; 23; 20; 4
8,19,0.39597,0.42105,16; 18; 8; 19; 7; 12; 8; 3
14,33,0.39946,0.42424,17; 15; 14; 33; 9; 12; 18; 10
15,24,0.67733,0.625,21; 23; 15; 24; 28; 12; 21; 24
31,44,0.6937,0.70455,3; 10; 31; 44; 31; 18; 8; 10
25,34,0.71257,0.73529,13; 18; 25; 34; 8; 29; 7; 19
20,41,0.4844,0.4878,18; 4; 20; 41; 8; 20; 22; 26
11,67,0.19426,0.16418,10; 5; 11; 67; 9; 32; 21; 3
6,60,0.24337,0.1,11; 7; 6; 60; 11; 3; 14; 9
23,44,0.51173,0.52273,5; 9; 23; 44; 21; 13; 25; 7
16,38,0.43494,0.42105,6; 17; 16; 38; 14; 24; 25; 9
34,38,0.89958,0.89474,13; 4; 34; 38; 22; 14; 5; 3
32,43,0.74477,0.74419,7; 11; 32; 43; 30; 6; 27; 31
22,58,0.35345,0.37931,3; 3; 22; 58; 15; 18; 10; 11
6,23,0.31181,0.26087,8; 15; 6; 23; 21; 11; 31; 31
22,42,0.53307,0.52381,17; 13; 22; 42; 12; 17; 18; 5
14,71,0.22919,0.19718,6; 3; 14; 71; 15; 4; 14; 3
10,34,0.33097,0.29412,18; 15; 10; 34; 7; 4; 17; 5
11,72,0.21481,0.15278,4; 7; 11; 72; 16; 26; 19; 21
21,43,0.5104,0.48837,9; 15; 21; 43; 11; 21; 6; 4
6,37,0.24953,0.16216,14; 21; 6; 37; 18; 10; 29; 25
7,78,0.24991,0.08974,5; 6; 7; 78; 8; 7; 21; 32
18,43,0.4412,0.4186,4; 16; 18; 43; 24; 6; 12; 24
26,35,0.72401,0.74286,18; 9; 26; 35; 23; 16; 4; 15
17,42,0.3936,0.40476,7; 16; 17; 42; 21; 32; 18; 16
19,39,0.49726,0.48718,13; 8; 19; 39; 21; 28; 16; 6
13,34,0.36093,0.38235,22; 8; 13; 34; 15; 12; 25; 17
21,50,0.42685,0.42,12; 11; 21; 50; 21; 30; 13; 31
20,28,0.75572,0.71429,22; 14; 20; 28; 22; 18; 20; 14
15,24,0.63666,0.625,7; 6; 15; 24; 4; 28; 28; 19
17,43,0.37579,0.39535,14; 15; 17; 43; 28; 27; 31; 11
18,45,0.40649,0.4,11; 10; 18; 45; 26; 12; 28; 29
30,58,0.51344,0.51724,3; 4; 30; 58; 16; 4; 12; 12
10,68,0.28851,0.14706,7; 7; 10; 68; 13; 31; 7; 22
21,43,0.5011,0.48837,5; 14; 21; 43; 32; 3; 25; 16
20,41,0.52669,0.4878,11; 3; 20; 41; 24; 21; 18; 30
21,50,0.40581,0.42,10; 4; 21; 50; 29; 29; 14; 14
25,59,0.44268,0.42373,4; 7; 25; 59; 9; 9; 9; 31
14,35,0.36062,0.4,3; 20; 14; 35; 26; 11; 20; 22
21,53,0.40073,0.39623,9; 11; 21; 53; 27; 16; 7; 26
5,25,0.38402,0.2,22; 22; 5; 25; 19; 13; 26; 30
16,42,0.37961,0.38095,16; 7; 16; 42; 8; 15; 19; 23
15,29,0.52313,0.51724,5; 16; 15; 29; 11; 30; 8; 20
8,41,0.38615,0.19512,19; 15; 8; 41; 8; 25; 3; 29
21,27,0.79857,0.77778,17; 13; 21; 27; 21; 16; 15; 13
19,45,0.46136,0.42222,6; 5; 19; 45; 8; 23; 6; 21
14,37,0.3705,0.37838,15; 3; 14; 37; 22; 29; 24; 19
12,19,0.76504,0.63158,14; 15; 12; 19; 13; 13; 29; 31
11,68,0.20475,0.16176,9; 4; 11; 68; 14; 10; 29; 22
19,48,0.37541,0.39583,11; 11; 19; 48; 25; 31; 10; 22
11,21,0.51924,0.52381,22; 25; 11; 21; 5; 31; 9; 14
29,39,0.73655,0.74359,10; 10; 29; 39; 23; 30; 12; 3
7,69,0.20659,0.10145,10; 4; 7; 69; 12; 13; 25; 7
36,46,0.76195,0.78261,8; 6; 36; 46; 8; 9; 18; 7
9,25,0.41277,0.36,6; 32; 9; 25; 29; 7; 3; 21
31,42,0.71739,0.7381,10; 12; 31; 42; 17; 11; 17; 24
6,65,0.21467,0.09231,8; 3; 6; 65; 25; 24; 30; 18
7,69,0.21528,0.10145,9; 9; 7; 69; 9; 10; 7; 18
15,24,0.6579,0.625,17; 26; 15; 24; 22; 8; 6; 12
6,16,0.38283,0.375,31; 10; 6; 16; 27; 21; 24; 22
18,43,0.40898,0.4186,18; 10; 18; 43; 11; 28; 14; 17
6,30,0.27465,0.2,9; 6; 6; 30; 12; 14; 10; 24
8,54,0.26593,0.14815,18; 3; 8; 54; 13; 3; 12; 8
25,62,0.42803,0.40323,4; 5; 25; 62; 30; 25; 9; 24
5,58,0.25065,0.08621,6; 13; 5; 58; 29; 5; 14; 4
8,9,0.8177,0.88889,38; 3; 8; 9; 26; 25; 21; 11
27,43,0.5922,0.62791,14; 13; 27; 43; 6; 19; 17; 19
20,28,0.72921,0.71429,24; 20; 20; 28; 26; 23; 9; 30
32,43,0.72855,0.74419,10; 7; 32; 43; 16; 19; 8; 13
30,43,0.71526,0.69767,4; 7; 30; 43; 24; 30; 6; 13
16,61,0.28282,0.2623,5; 5; 16; 61; 9; 17; 11; 12
16,61,0.28108,0.2623,7; 5; 16; 61; 19; 16; 8; 7
36,46,0.75718,0.78261,3; 5; 36; 46; 19; 24; 14; 29
5,57,0.26031,0.08772,13; 13; 5; 57; 6; 15; 7; 29
39,44,0.89145,0.88636,5; 6; 39; 44; 27; 19; 18; 11
39,50,0.77999,0.78,4; 3; 39; 50; 21; 25; 3; 16
21,56,0.36092,0.375,8; 5; 21; 56; 31; 11; 9; 26
8,81,0.24901,0.09877,4; 4; 8; 81; 22; 32; 29; 9
22,61,0.38157,0.36066,6; 7; 22; 61; 10; 28; 4; 13
28,38,0.73393,0.73684,5; 12; 28; 38; 5; 12; 10; 6
20,69,0.30744,0.28986,4; 4; 20; 69; 9; 4; 20; 7
28,38,0.75792,0.73684,16; 15; 28; 38; 19; 16; 6; 32
18,43,0.44449,0.4186,12; 18; 18; 43; 13; 20; 22; 7
18,70,0.26865,0.25714,3; 5; 18; 70; 17; 30; 16; 21
5,8,0.71659,0.625,14; 27; 5; 8; 6; 28; 27; 16
10,50,0.23511,0.2,19; 12; 10; 50; 13; 9; 3; 25
18,63,0.318,0.28571,8; 6; 18; 63; 3; 14; 25; 8
8,40,0.24478,0.2,16; 10; 8; 40; 16; 7; 23; 28
24,38,0.6258,0.63158,17; 4; 24; 38; 26; 22; 28; 19
31,40,0.74824,0.775,10; 6; 31; 40; 11; 26; 15; 6
29,39,0.74952,0.74359,9; 13; 29; 39; 10; 4; 10; 20
9,25,0.33668,0.36,24; 3; 9; 25; 3; 27; 3; 21
15,24,0.66627,0.625,13; 11; 15; 24; 25; 6; 7; 24
6,66,0.19387,0.09091,6; 10; 6; 66; 14; 21; 24; 11
19,48,0.38198,0.39583,14; 7; 19; 48; 6; 9; 23; 11
26,50,0.50407,0.52,10; 6; 26; 50; 32; 13; 20; 19
5,57,0.23787,0.08772,13; 13; 5; 57; 21; 32; 11; 27
14,39,0.36032,0.35897,13; 10; 14; 39; 29; 19; 28; 17
10,14,0.74528,0.71429,37; 10; 10; 14; 16; 25; 15; 12
6,15,0.44466,0.4,26; 13; 6; 15; 27; 30; 32; 6
15,57,0.28528,0.26316,4; 11; 15; 57; 7; 13; 12; 28
8,19,0.41259,0.42105,18; 33; 8; 19; 15; 17; 17; 26
18,47,0.39035,0.38298,3; 7; 18; 47; 8; 10; 26; 25
10,68,0.21551,0.14706,3; 10; 10; 68; 11; 12; 14; 4
5,49,0.23355,0.10204,16; 8; 5; 49; 10; 15; 13; 27
22,53,0.41914,0.41509,6; 7; 22; 53; 26; 19; 32; 20
37,53,0.68004,0.69811,3; 3; 37; 53; 24; 9; 11; 15
24,46,0.50989,0.52174,7; 14; 24; 46; 15; 31; 25; 6
9,55,0.21737,0.16364,13; 16; 9; 55; 14; 31; 16; 25
19,65,0.27759,0.29231,7; 6; 19; 65; 18; 30; 6; 18
5,7,0.53796,0.71429,23; 6; 5; 7; 19; 15; 29; 19
6,63,0.23786,0.09524,11; 5; 6; 63; 29; 12; 17; 14
37,50,0.73366,0.74,5; 4; 37; 50; 18; 17; 17; 14
9,55,0.21122,0.16364,6; 10; 9; 55; 13; 32; 15; 3
5,57,0.21288,0.08772,3; 9; 5; 57; 29; 18; 12; 14
31,40,0.78402,0.775,4; 13; 31; 40; 28; 25; 22; 22
10,24,0.43238,0.41667,12; 14; 10; 24; 32; 14; 6; 24
20,69,0.28886,0.28986,3; 4; 20; 69; 23; 24; 6; 26
18,50,0.36086,0.36,4; 9; 18; 50; 18; 26; 8; 8
22,42,0.5356,0.52381,6; 6; 22; 42; 9; 15; 26; 14
14,20,0.68907,0.7,18; 13; 14; 20; 9; 7; 31; 6
7,67,0.2051,0.10448,5; 8; 7; 67; 28; 31; 8; 18
23,60,0.37163,0.38333,6; 4; 23; 60; 22; 9; 15; 24
15,36,0.37375,0.41667,16; 5; 15; 36; 12; 32; 16; 10
20,53,0.36175,0.37736,11; 8; 20; 53; 30; 13; 16; 30
22,61,0.39458,0.36066,5; 7; 22; 61; 3; 21; 12; 14
30,48,0.65883,0.625,3; 5; 30; 48; 11; 14; 7; 9
18,69,0.24433,0.26087,4; 3; 18; 69; 8; 11; 7; 26
16,61,0.28287,0.2623,7; 9; 16; 61; 6; 18; 12; 13
6,59,0.23319,0.10169,8; 10; 6; 59; 7; 31; 6; 6
39,44,0.87315,0.88636,6; 5; 39; 44; 3; 17; 15; 25
12,33,0.38931,0.36364,13; 20; 12; 33; 26; 23; 5; 17
42,47,0.86278,0.89362,4; 4; 42; 47; 28; 22; 12; 7
20,53,0.37865,0.37736,11; 5; 20; 53; 12; 9; 18; 20
11,72,0.217,0.15278,6; 7; 11; 72; 19; 32; 15; 6
25,60,0.43109,0.41667,5; 4; 25; 60; 12; 30; 25; 13
32,43,0.69816,0.74419,10; 4; 32; 43; 10; 10; 29; 8
5,19,0.31527,0.26316,11; 9; 5; 19; 29; 14; 20; 11
11,74,0.24024,0.14865,3; 4; 11; 74; 12; 8; 30; 32
8,9,0.77745,0.88889,38; 7; 8; 9; 5; 18; 24; 15
6,21,0.31893,0.28571,20; 32; 6; 21; 12; 28; 23; 17
6,62,0.25799,0.09677,6; 4; 6; 62; 13; 30; 5; 18
10,25,0.31633,0.4,26; 4; 10; 25; 16; 5; 22; 21
7,9,0.81329,0.77778,30; 15; 7; 9; 12; 23; 26; 30
22,45,0.4967,0.48889,4; 7; 22; 45; 4; 7; 19; 16
36,51,0.71625,0.70588,5; 5; 36; 51; 30; 7; 11; 30
22,61,0.36275,0.36066,6; 7; 22; 61; 12; 32; 19; 6
19,47,0.40907,0.40426,16; 13; 19; 47; 24; 6; 30; 30
5,8,0.76917,0.625,22; 37; 5; 8; 25; 32; 15; 22
12,23,0.5328,0.52174,31; 19; 12; 23; 11; 19; 30; 18
15,75,0.24144,0.2,3; 4; 15; 75; 23; 21; 29; 23
22,45,0.5293,0.48889,10; 7; 22; 45; 17; 24; 7; 6
13,65,0.23751,0.2,3; 7; 13; 65; 7; 27; 26; 26
14,35,0.42047,0.4,12; 9; 14; 35; 12; 5; 32; 31
30,42,0.70028,0.71429,8; 12; 30; 42; 29; 6; 4; 21
5,7,0.69848,0.71429,41; 18; 5; 7; 11; 3; 22; 28
24,38,0.61476,0.63158,16; 11; 24; 38; 10; 19; 14; 16
20,69,0.31809,0.28986,4; 4; 20; 69; 6; 20; 15; 19
8,9,0.66969,0.88889,31; 10; 8; 9; 23; 30; 28; 12
13,25,0.50752,0.52,7; 28; 13; 25; 8; 11; 11; 15
12,23,0.52238,0.52174,5; 14; 12; 23; 7; 15; 27; 23
8,53,0.24467,0.15094,3; 11; 8; 53; 20; 18; 3; 24
6,37,0.27101,0.16216,21; 21; 6; 37; 27; 7; 4; 6
32,41,0.77126,0.78049,9; 12; 32; 41; 12; 19; 6; 17
34,46,0.71669,0.73913,3; 9; 34; 46; 30; 30; 5; 26
24,38,0.64367,0.63158,13; 8; 24; 38; 10; 7; 27; 26
26,50,0.5467,0.52,7; 10; 26; 50; 12; 27; 8; 18
17,35,0.52927,0.48571,9; 5; 17; 35; 28; 10; 10; 26
24,57,0.44796,0.42105,3; 4; 24; 57; 32; 3; 10; 24
11,69,0.22569,0.15942,5; 7; 11; 69; 27; 22; 3; 20
10,25,0.33002,0.4,15; 7; 10; 25; 24; 23; 18; 30
23,44,0.50957,0.52273,6; 6; 23; 44; 16; 20; 23; 10
16,42,0.3878,0.38095,16; 7; 16; 42; 18; 7; 9; 11
8,31,0.25899,0.25806,21; 9; 8; 31; 30; 31; 22; 6
25,40,0.60787,0.625,4; 14; 25; 40; 24; 10; 19; 6
33,37,0.91099,0.89189,4; 6; 33; 37; 13; 6; 6; 18
30,58,0.53891,0.51724,3; 5; 30; 58; 16; 15; 5; 25
15,52,0.30078,0.28846,3; 6; 15; 52; 9; 13; 13; 26
5,12,0.48916,0.41667,31; 17; 5; 12; 12; 23; 10; 23
33,47,0.70025,0.70213,8; 3; 33; 47; 18; 19; 13; 22
6,68,0.21814,0.08824,3; 11; 6; 68; 18; 5; 11; 12
19,39,0.49762,0.48718,20; 18; 19; 39; 3; 21; 27; 20
13,65,0.23521,0.2,7; 5; 13; 65; 11; 13; 15; 22
39,44,0.8987,0.88636,3; 6; 39; 44; 3; 15; 10; 3
30,58,0.53793,0.51724,5; 5; 30; 58; 6; 5; 8; 29
18,62,0.30551,0.29032,5; 3; 18; 62; 11; 25; 6; 28
21,59,0.36557,0.35593,8; 9; 21; 59; 18; 32; 3; 28
25,65,0.41765,0.38462,4; 3; 25; 65; 4; 29; 25; 32
6,59,0.24011,0.10169,16; 16; 6; 59; 13; 29; 24; 14
17,19,0.88383,0.89474,27; 9; 17; 19; 10; 12; 19; 21
33,47,0.69638,0.70213,6; 7; 33; 47; 15; 8; 4; 10
5,12,0.4391,0.41667,21; 10; 5; 12; 32; 21; 15; 24
8,20,0.2961,0.4,27; 15; 8; 20; 17; 5; 20; 10
7,67,0.25214,0.10448,12; 7; 7; 67; 31; 29; 4; 24
14,27,0.51847,0.51852,20; 22; 14; 27; 14; 11; 32; 23
10,51,0.21942,0.19608,7; 11; 10; 51; 30; 32; 10; 14
25,51,0.51685,0.4902,4; 9; 25; 51; 15; 8; 13; 22
5,19,0.32477,0.26316,18; 22; 5; 19; 5; 11; 29; 19
8,78,0.27287,0.10256,5; 4; 8; 78; 6; 32; 3; 16
35,50,0.66373,0.7,6; 5; 35; 50; 18; 22; 29; 11
25,51,0.49818,0.4902,10; 9; 25; 51; 23; 10; 18; 22
18,37,0.50147,0.48649,16; 14; 18; 37; 9; 4; 17; 18
5,50,0.26815,0.1,17; 4; 5; 50; 20; 30; 14; 17
31,40,0.76829,0.775,9; 3; 31; 40; 12; 20; 11; 19
25,28,0.91915,0.89286,20; 16; 25; 28; 6; 6; 13; 22
8,54,0.23217,0.14815,6; 16; 8; 54; 25; 4; 18; 8
16,23,0.76245,0.69565,8; 26; 16; 23; 11; 28; 14; 31
13,64,0.25807,0.20312,4; 7; 13; 64; 32; 15; 25; 5
28,57,0.4879,0.49123,6; 4; 28; 57; 3; 5; 8; 10
21,53,0.41213,0.39623,4; 3; 21; 53; 21; 28; 15; 22
10,38,0.29964,0.26316,3; 9; 10; 38; 15; 18; 28; 4
35,45,0.7705,0.77778,7; 4; 35; 45; 6; 5; 26; 4
10,63,0.23448,0.15873,5; 10; 10; 63; 24; 26; 14; 10
17,27,0.63048,0.62963,20; 7; 17; 27; 29; 24; 16; 8
8,51,0.2237,0.15686,6; 12; 8; 51; 14; 3; 24; 10
20,52,0.40675,0.38462,6; 3; 20; 52; 12; 11; 4; 19
23,47,0.50474,0.48936,7; 3; 23; 47; 14; 12; 31; 19
10,50,0.23728,0.2,13; 8; 10; 50; 23; 16; 22; 12
8,9,0.82089,0.88889,14; 40; 8; 9; 4; 28; 22; 14
32,51,0.58044,0.62745,6; 7; 32; 51; 31; 19; 5; 5
18,23,0.84414,0.78261,10; 4; 18; 23; 13; 18; 26; 5
12,42,0.26441,0.28571,14; 7; 12; 42; 5; 26; 12; 15
26,35,0.76038,0.74286,9; 15; 26; 35; 21; 6; 32; 14
14,39,0.35799,0.35897,7; 20; 14; 39; 29; 13; 12; 16
10,14,0.78865,0.71429,22; 36; 10; 14; 31; 4; 21; 25
7,74,0.20354,0.09459,6; 8; 7; 74; 11; 18; 11; 9
15,24,0.64241,0.625,28; 27; 15; 24; 30; 18; 10; 20
8,22,0.36996,0.36364,21; 3; 8; 22; 18; 30; 15; 12
12,75,0.22717,0.16,5; 3; 12; 75; 10; 27; 5; 9
5,51,0.24605,0.09804,6; 8; 5; 51; 11; 12; 11; 24
5,33,0.22213,0.15152,3; 17; 5; 33; 5; 26; 9; 14
12,78,0.23637,0.15385,4; 4; 12; 78; 12; 21; 7; 19
21,43,0.47326,0.48837,13; 16; 21; 43; 12; 7; 10; 11
25,28,0.90543,0.89286,13; 19; 25; 28; 14; 16; 18; 19
26,62,0.41842,0.41935,3; 5; 26; 62; 3; 5; 28; 23
12,59,0.24946,0.20339,7; 5; 12; 59; 9; 4; 28; 6
17,47,0.4187,0.3617,7; 14; 17; 47; 7; 22; 18; 27
33,47,0.70018,0.70213,5; 6; 33; 47; 16; 3; 6; 11
5,12,0.44015,0.41667,23; 37; 5; 12; 11; 12; 32; 6
18,68,0.25205,0.26471,3; 3; 18; 68; 24; 11; 23; 14
5,56,0.24365,0.08929,12; 10; 5; 56; 28; 12; 10; 20
6,64,0.23851,0.09375,14; 6; 6; 64; 24; 5; 26; 20
8,40,0.29569,0.2,24; 4; 8; 40; 29; 21; 16; 3
10,62,0.22425,0.16129,4; 8; 10; 62; 30; 10; 4; 11
14,39,0.36404,0.35897,17; 6; 14; 39; 13; 22; 8; 12
30,43,0.66846,0.69767,8; 4; 30; 43; 24; 6; 26; 10
24,63,0.38971,0.38095,4; 5; 24; 63; 29; 27; 4; 29
15,74,0.22203,0.2027,3; 4; 15; 74; 3; 19; 20; 26
8,31,0.30737,0.25806,10; 11; 8; 31; 22; 21; 8; 21
7,72,0.24976,0.09722,3; 3; 7; 72; 25; 7; 25; 18
31,40,0.79089,0.775,12; 5; 31; 40; 26; 25; 27; 18
11,54,0.23905,0.2037,6; 5; 11; 54; 22; 13; 17; 17
36,51,0.68253,0.70588,5; 4; 36; 51; 17; 9; 22; 12
8,19,0.42219,0.42105,17; 33; 8; 19; 10; 21; 7; 5
18,48,0.35855,0.375,14; 7; 18; 48; 7; 3; 17; 21
6,70,0.23478,0.08571,11; 3; 6; 70; 3; 23; 14; 17
31,35,0.8564,0.88571,7; 15; 31; 35; 10; 5; 25; 30
22,45,0.48373,0.48889,15; 8; 22; 45; 14; 21; 28; 3
9,60,0.22277,0.15,6; 8; 9; 60; 22; 27; 13; 22
5,55,0.24078,0.09091,13; 10; 5; 55; 30; 22; 18; 17
33,47,0.70882,0.70213,7; 8; 33; 47; 23; 27; 9; 14
9,46,0.26609,0.19565,4; 20; 9; 46; 26; 22; 10; 32
23,47,0.513,0.48936,10; 6; 23; 47; 9; 12; 10; 26
8,55,0.23384,0.14545,3; 9; 8; 55; 4; 15; 5; 8
25,34,0.75168,0.73529,7; 15; 25; 34; 9; 30; 8; 26
17,42,0.38845,0.40476,14; 18; 17; 42; 8; 6; 10; 22
25,40,0.62293,0.625,10; 10; 25; 40; 3; 19; 16; 25
7,10,0.58755,0.7,31; 40; 7; 10; 32; 14; 25; 17
6,67,0.24221,0.08955,9; 9; 6; 67; 23; 13; 6; 15
15,36,0.46586,0.41667,12; 16; 15; 36; 19; 23; 20; 16
8,28,0.36615,0.28571,3; 10; 8; 28; 17; 28; 20; 27
11,29,0.39939,0.37931,7; 26; 11; 29; 13; 7; 25; 8
5,12,0.51616,0.41667,34; 34; 5; 12; 4; 29; 9; 20
27,52,0.52812,0.51923,9; 8; 27; 52; 13; 15; 8; 32
6,23,0.2943,0.26087,32; 33; 6; 23; 31; 18; 10; 28
25,32,0.75694,0.78125,19; 20; 25; 32; 4; 4; 25; 10
17,33,0.54168,0.51515,23; 8; 17; 33; 5; 20; 23; 13
25,48,0.49951,0.52083,11; 11; 25; 48; 11; 24; 7; 10
19,53,0.37777,0.35849,7; 6; 19; 53; 17; 32; 14; 24
28,40,0.69395,0.7,11; 8; 28; 40; 7; 27; 27; 19
33,47,0.70292,0.70213,5; 4; 33; 47; 5; 29; 30; 28
9,35,0.25043,0.25714,23; 5; 9; 35; 22; 32; 4; 27
8,49,0.25903,0.16327,3; 13; 8; 49; 14; 23; 8; 3
7,76,0.24508,0.09211,5; 6; 7; 76; 3; 10; 13; 29
36,51,0.70559,0.70588,4; 3; 36; 51; 24; 28; 22; 16
17,23,0.80454,0.73913,26; 16; 17; 23; 12; 12; 29; 9
14,70,0.2422,0.2,7; 4; 14; 70; 28; 3; 17; 21
29,41,0.70588,0.70732,4; 13; 29; 41; 3; 27; 18; 9
20,68,0.30339,0.29412,3; 4; 20; 68; 5; 4; 32; 11
17,58,0.29312,0.2931,8; 6; 17; 58; 27; 3; 18; 20
13,31,0.42075,0.41935,14; 25; 13; 31; 11; 10; 9; 14
22,42,0.53345,0.52381,16; 16; 22; 42; 17; 13; 10; 11
14,49,0.27279,0.28571,13; 5; 14; 49; 18; 29; 13; 26
19,30,0.62099,0.63333,6; 10; 19; 30; 6; 9; 21; 28
10,66,0.2448,0.15152,10; 9; 10; 66; 19; 19; 11; 8
5,8,0.69526,0.625,28; 41; 5; 8; 28; 22; 18; 8
38,49,0.75188,0.77551,5; 4; 38; 49; 21; 13; 32; 29
6,69,0.21335,0.08696,11; 9; 6; 69; 25; 17; 17; 23
25,32,0.76838,0.78125,9; 16; 25; 32; 7; 6; 16; 32
17,23,0.78365,0.73913,28; 25; 17; 23; 30; 21; 17; 20
22,58,0.3766,0.37931,9; 9; 22; 58; 22; 17; 16; 28
13,31,0.40618,0.41935,10; 16; 13; 31; 25; 24; 15; 28
6,65,0.19528,0.09231,6; 9; 6; 65; 9; 10; 20; 29
7,73,0.20135,0.09589,5; 8; 7; 73; 11; 18; 22; 5
11,74,0.23964,0.14865,4; 5; 11; 74; 8; 13; 16; 8
13,50,0.27744,0.26,15; 14; 13; 50; 13; 15; 19; 5
32,41,0.75995,0.78049,7; 7; 32; 41; 12; 5; 30; 18
10,34,0.22228,0.29412,18; 27; 10; 34; 21; 22; 29; 6
7,68,0.22727,0.10294,6; 6; 7; 68; 6; 10; 25; 10
32,45,0.70325,0.71111,3; 8; 32; 45; 30; 7; 7; 11
18,69,0.28478,0.26087,3; 5; 18; 69; 8; 5; 4; 23
40,45,0.87837,0.88889,3; 4; 40; 45; 16; 26; 9; 6
29,46,0.6244,0.63043,4; 6; 29; 46; 11; 4; 27; 18
7,35,0.23555,0.2,14; 8; 7; 35; 7; 3; 11; 32
10,66,0.21305,0.15152,6; 3; 10; 66; 22; 24; 16; 27
11,42,0.29976,0.2619,21; 21; 11; 42; 22; 25; 6; 21
6,23,0.27232,0.26087,3; 29; 6; 23; 12; 17; 19; 22
22,42,0.57198,0.52381,4; 4; 22; 42; 24; 32; 7; 4
19,27,0.68304,0.7037,3; 7; 19; 27; 9; 20; 18; 11
10,63,0.18807,0.15873,6; 9; 10; 63; 10; 10; 13; 19
8,40,0.25635,0.2,11; 5; 8; 40; 8; 25; 8; 14
7,47,0.22693,0.14894,9; 10; 7; 47; 16; 3; 15; 27
32,41,0.78838,0.78049,10; 4; 32; 41; 25; 18; 17; 14
32,45,0.70759,0.71111,7; 9; 32; 45; 29; 32; 3; 5
37,53,0.6887,0.69811,3; 4; 37; 53; 10; 16; 17; 25
7,72,0.22079,0.09722,4; 9; 7; 72; 8; 26; 32; 10
17,45,0.36866,0.37778,10; 8; 17; 45; 9; 6; 26; 3
8,49,0.21411,0.16327,14; 14; 8; 49; 6; 6; 9; 21
16,18,0.87467,0.88889,21; 17; 16; 18; 10; 20; 30; 12
11,55,0.24051,0.2,15; 15; 11; 55; 28; 21; 21; 12
16,31,0.52172,0.51613,14; 15; 16; 31; 23; 6; 5; 25
7,76,0.24594,0.09211,5; 5; 7; 76; 32; 19; 26; 6
10,64,0.24148,0.15625,6; 5; 10; 64; 9; 8; 28; 28
6,70,0.24292,0.08571,11; 5; 6; 70; 4; 27; 5; 21
32,43,0.75404,0.74419,8; 10; 32; 43; 4; 9; 30; 15
18,43,0.45836,0.4186,14; 13; 18; 43; 14; 18; 4; 13
31,49,0.61907,0.63265,9; 4; 31; 49; 18; 20; 25; 21
24,46,0.51321,0.52174,4; 9; 24; 46; 21; 6; 32; 6
22,45,0.51398,0.48889,6; 8; 22; 45; 12; 32; 19; 14
18,37,0.52639,0.48649,16; 11; 18; 37; 12; 5; 31; 18
14,54,0.30433,0.25926,11; 12; 14; 54; 9; 14; 17; 8
32,51,0.61044,0.62745,3; 6; 32; 51; 12; 28; 5; 31
14,70,0.2368,0.2,4; 3; 14; 70; 17; 5; 23; 30
22,31,0.69297,0.70968,12; 10; 22; 31; 15; 14; 20; 11
22,35,0.62281,0.62857,13; 18; 22; 35; 28; 6; 15; 15
20,48,0.40031,0.41667,4; 11; 20; 48; 18; 17; 29; 3
35,45,0.75714,0.77778,9; 3; 35; 45; 13; 14; 21; 24
11,67,0.19882,0.16418,6; 10; 11; 67; 13; 4; 29; 15
6,15,0.35727,0.4,24; 5; 6; 15; 32; 27; 19; 16
20,32,0.61782,0.625,11; 5; 20; 32; 18; 21; 25; 11
10,63,0.23132,0.15873,6; 10; 10; 63; 15; 12; 3; 12
14,27,0.46619,0.51852,7; 21; 14; 27; 12; 7; 22; 32
32,41,0.74578,0.78049,9; 11; 32; 41; 19; 28; 18; 25
11,38,0.27813,0.28947,14; 3; 11; 38; 29; 12; 18; 21
21,56,0.33528,0.375,5; 3; 21; 56; 14; 25; 3; 17
5,14,0.33458,0.35714,20; 31; 5; 14; 21; 29; 5; 7
16,40,0.36482,0.4,7; 4; 16; 40; 24; 32; 22; 12
15,42,0.36082,0.35714,19; 11; 15; 42; 21; 4; 30; 15
12,60,0.24999,0.2,6; 7; 12; 60; 32; 21; 29; 12
10,68,0.24439,0.14706,7; 6; 10; 68; 14; 11; 31; 7
15,58,0.31064,0.25862,7; 9; 15; 58; 10; 22; 17; 20
7,68,0.19242,0.10294,9; 9; 7; 68; 10; 17; 8; 24
17,35,0.49984,0.48571,21; 10; 17; 35; 24; 7; 20; 10
24,63,0.38842,0.38095,5; 5; 24; 63; 13; 29; 11; 5
12,47,0.25359,0.25532,8; 19; 12; 47; 13; 19; 30; 26
14,20,0.71903,0.7,30; 19; 14; 20; 18; 7; 20; 14
5,7,0.62832,0.71429,12; 10; 5; 7; 10; 12; 8; 4
26,62,0.45618,0.41935,3; 3; 26; 62; 10; 23; 28; 10
9,56,0.24959,0.16071,4; 14; 9; 56; 13; 17; 32; 12
11,29,0.44048,0.37931,27; 29; 11; 29; 18; 24; 28; 18
19,66,0.29338,0.28788,3; 5; 19; 66; 17; 22; 21; 6
16,55,0.28168,0.29091,3; 8; 16; 55; 4; 6; 6; 16
30,48,0.6139,0.625,6; 10; 30; 48; 30; 10; 16; 29
33,47,0.69528,0.70213,5; 7; 33; 47; 26; 13; 23; 16
15,57,0.27749,0.26316,4; 3; 15; 57; 6; 14; 7; 14
17,66,0.26492,0.25758,3; 3; 17; 66; 11; 26; 10; 16
18,43,0.42216,0.4186,11; 14; 18; 43; 29; 22; 21; 21
6,66,0.21733,0.09091,7; 6; 6; 66; 22; 28; 16; 27
6,62,0.20679,0.09677,5; 9; 6; 62; 15; 28; 29; 21
17,58,0.32213,0.2931,9; 7; 17; 58; 20; 15; 4; 26
13,66,0.2159,0.19697,5; 3; 13; 66; 25; 12; 4; 15
35,45,0.78177,0.77778,3; 4; 35; 45; 3; 13; 15; 7
11,54,0.24567,0.2037,4; 4; 11; 54; 5; 6; 9; 13
25,62,0.38478,0.40323,4; 3; 25; 62; 11; 22; 6; 21
18,43,0.44582,0.4186,3; 10; 18; 43; 32; 5; 5; 26
29,39,0.72615,0.74359,5; 4; 29; 39; 21; 17; 6; 5
34,48,0.70537,0.70833,8; 4; 34; 48; 31; 7; 11; 21
6,38,0.2144,0.15789,14; 14; 6; 38; 30; 12; 6; 4
12,59,0.26981,0.20339,10; 12; 12; 59; 29; 10; 8; 10
10,66,0.18374,0.15152,4; 4; 10; 66; 26; 14; 13; 26
27,52,0.5411,0.51923,5; 6; 27; 52; 24; 21; 5; 9
10,16,0.62727,0.625,10; 34; 10; 16; 20; 26; 14; 25
29,39,0.72822,0.74359,6; 9; 29; 39; 15; 23; 24; 23
39,50,0.75949,0.78,4; 4; 39; 50; 18; 32; 12; 18
8,51,0.27192,0.15686,7; 10; 8; 51; 9; 10; 20; 23
5,48,0.23678,0.10417,18; 20; 5; 48; 7; 8; 24; 28
24,27,0.86805,0.88889,11; 19; 24; 27; 31; 30; 5; 31
6,41,0.24358,0.14634,12; 17; 6; 41; 3; 28; 8; 3
29,59,0.49889,0.49153,5; 3; 29; 59; 29; 21; 14; 7
9,46,0.29332,0.19565,11; 16; 9; 46; 8; 13; 11; 24
21,53,0.41776,0.39623,12; 8; 21; 53; 12; 28; 16; 23
6,39,0.27947,0.15385,17; 3; 6; 39; 3; 19; 27; 14
16,55,0.32346,0.29091,3; 9; 16; 55; 12; 19; 8; 9
26,35,0.70064,0.74286,11; 17; 26; 35; 8; 10; 22; 6
6,70,0.1998,0.08571,10; 10; 6; 70; 22; 26; 9; 20
26,37,0.67953,0.7027,14; 14; 26; 37; 17; 12; 29; 7
14,18,0.85876,0.77778,31; 19; 14; 18; 26; 23; 3; 6
7,68,0.2167,0.10294,10; 6; 7; 68; 6; 28; 8; 32
8,22,0.3105,0.36364,28; 33; 8; 22; 17; 4; 27; 20
9,58,0.21194,0.15517,6; 7; 9; 58; 10; 4; 18; 19
18,37,0.51306,0.48649,10; 7; 18; 37; 8; 11; 7; 18
12,74,0.23065,0.16216,3; 5; 12; 74; 20; 20; 19; 15
37,50,0.75138,0.74,4; 3; 37; 50; 24; 11; 25; 4
20,53,0.45229,0.37736,11; 4; 20; 53; 12; 14; 32; 9
20,69,0.30138,0.28986,4; 4; 20; 69; 12; 18; 6; 24
14,71,0.22003,0.19718,4; 3; 14; 71; 19; 32; 4; 10
12,30,0.44476,0.4,25; 18; 12; 30; 16; 12; 13; 29
8,41,0.26948,0.19512,18; 24; 8; 41; 13; 18; 21; 7
12,17,0.82158,0.70588,29; 8; 12; 17; 24; 17; 16; 19
40,45,0.87188,0.88889,3; 4; 40; 45; 19; 3; 22; 21
18,69,0.25928,0.26087,5; 3; 18; 69; 12; 26; 16; 24
10,51,0.23439,0.19608,11; 14; 10; 51; 12; 19; 7; 28
33,47,0.67642,0.70213,6; 9; 33; 47; 9; 4; 17; 29
28,36,0.81964,0.77778,3; 5; 28; 36; 27; 16; 7; 10
19,66,0.30266,0.28788,5; 3; 19; 66; 5; 8; 21; 17
26,37,0.68216,0.7027,12; 11; 26; 37; 12; 21; 7; 19
25,59,0.42897,0.42373,6; 6; 25; 59; 30; 9; 18; 29
11,54,0.23756,0.2037,14; 14; 11; 54; 7; 21; 27; 8
34,38,0.92064,0.89474,8; 3; 34; 38; 13; 17; 19; 24
10,14,0.79915,0.71429,22; 10; 10; 14; 18; 15; 19; 17
17,65,0.28095,0.26154,5; 7; 17; 65; 27; 21; 13; 31
6,68,0.22188,0.08824,5; 8; 6; 68; 27; 29; 11; 21
14,35,0.36607,0.4,21; 14; 14; 35; 5; 29; 16; 24
17,23,0.76099,0.73913,6; 9; 17; 23; 13; 28; 13; 31
8,52,0.25445,0.15385,13; 16; 8; 52; 32; 11; 28; 11
20,50,0.41896,0.4,10; 11; 20; 50; 22; 17; 20; 3
29,41,0.70894,0.70732,7; 9; 29; 41; 7; 11; 4; 3
35,47,0.72193,0.74468,4; 5; 35; 47; 3; 19; 9; 29
10,61,0.20209,0.16393,13; 9; 10; 61; 18; 10; 28; 32
11,54,0.26244,0.2037,11; 12; 11; 54; 32; 25; 21; 6
19,45,0.44817,0.42222,17; 12; 19; 45; 23; 15; 14; 12
6,68,0.23963,0.08824,11; 11; 6; 68; 10; 16; 29; 16
9,56,0.25111,0.16071,3; 16; 9; 56; 18; 13; 16; 9
16,42,0.38018,0.38095,17; 17; 16; 42; 3; 17; 21; 12
8,41,0.26877,0.19512,24; 13; 8; 41; 4; 25; 29; 27
8,78,0.25459,0.10256,3; 5; 8; 78; 10; 25; 10; 31
21,30,0.70953,0.7,17; 18; 21; 30; 9; 4; 13; 18
8,31,0.23907,0.25806,7; 3; 8; 31; 13; 32; 3; 12
22,52,0.41577,0.42308,4; 6; 22; 52; 8; 17; 13; 16
19,53,0.36077,0.35849,4; 13; 19; 53; 32; 30; 3; 21
10,24,0.37882,0.41667,9; 24; 10; 24; 15; 20; 29; 26
31,49,0.61774,0.63265,8; 3; 31; 49; 26; 19; 20; 20
19,48,0.40458,0.39583,7; 5; 19; 48; 15; 21; 11; 5
9,60,0.17775,0.15,9; 3; 9; 60; 3; 6; 8; 26
12,77,0.20923,0.15584,4; 3; 12; 77; 5; 30; 17; 27
27,55,0.51048,0.49091,7; 4; 27; 55; 20; 14; 19; 16
27,38,0.68715,0.71053,6; 3; 27; 38; 26; 16; 4; 15
12,42,0.28299,0.28571,9; 7; 12; 42; 14; 16; 13; 26
31,44,0.70003,0.70455,11; 5; 31; 44; 26; 19; 22; 13
35,45,0.74013,0.77778,3; 3; 35; 45; 17; 22; 29; 3
7,27,0.29757,0.25926,21; 18; 7; 27; 4; 4; 11; 8
9,60,0.21181,0.15,9; 10; 9; 60; 11; 12; 13; 32
25,35,0.67581,0.71429,14; 10; 25; 35; 11; 20; 18; 27
8,81,0.27612,0.09877,4; 3; 8; 81; 8; 16; 5; 24
15,24,0.74689,0.625,10; 10; 15; 24; 3; 12; 12; 13
23,64,0.37632,0.35938,3; 4; 23; 64; 20; 30; 29; 9
23,61,0.3794,0.37705,6; 5; 23; 61; 11; 31; 27; 11
18,23,0.82194,0.78261,20; 5; 18; 23; 19; 6; 14; 17
8,53,0.27467,0.15094,14; 15; 8; 53; 23; 25; 30; 11
12,47,0.29125,0.25532,12; 9; 12; 47; 30; 28; 17; 12
12,23,0.4925,0.52174,21; 8; 12; 23; 10; 18; 13; 24
29,46,0.65981,0.63043,10; 11; 29; 46; 7; 32; 4; 12
8,19,0.40178,0.42105,16; 33; 8; 19; 20; 23; 8; 4
8,31,0.23268,0.25806,11; 4; 8; 31; 14; 3; 28; 12
8,41,0.22221,0.19512,11; 17; 8; 41; 12; 16; 29; 9
28,57,0.48165,0.49123,4; 5; 28; 57; 12; 16; 28; 18
14,19,0.84305,0.73684,16; 4; 14; 19; 30; 24; 7; 32
14,39,0.34456,0.35897,4; 14; 14; 39; 21; 24; 18; 9
16,62,0.28707,0.25806,6; 6; 16; 62; 5; 17; 22; 16
31,49,0.61221,0.63265,9; 5; 31; 49; 3; 13; 15; 11
7,35,0.24339,0.2,26; 5; 7; 35; 31; 26; 23; 5
7,77,0.20357,0.09091,5; 5; 7; 77; 27; 20; 14; 17
25,48,0.53146,0.52083,12; 3; 25; 48; 17; 5; 30; 9
28,38,0.72516,0.73684,3; 13; 28; 38; 12; 29; 20; 24
31,44,0.68661,0.70455,3; 5; 31; 44; 27; 30; 6; 9
7,48,0.258,0.14583,9; 4; 7; 48; 23; 4; 21; 6
32,45,0.66287,0.71111,4; 6; 32; 45; 7; 27; 17; 17
26,50,0.52196,0.52,6; 8; 26; 50; 24; 22; 26; 19
31,40,0.76224,0.775,7; 12; 31; 40; 8; 21; 10; 3
23,64,0.37826,0.35938,3; 3; 23; 64; 5; 13; 30; 13
19,50,0.37271,0.38,12; 13; 19; 50; 10; 5; 25; 6
12,75,0.23359,0.16,4; 5; 12; 75; 13; 15; 11; 14
5,13,0.43541,0.38462,35; 16; 5; 13; 13; 10; 30; 21
33,52,0.63093,0.63462,6; 4; 33; 52; 22; 27; 19; 16
9,58,0.24372,0.15517,8; 4; 9; 58; 16; 19; 15; 31
9,35,0.31545,0.25714,14; 23; 9; 35; 9; 29; 20; 30
9,34,0.2952,0.26471,15; 18; 9; 34; 17; 4; 32; 11
7,73,0.20666,0.09589,3; 9; 7; 73; 14; 4; 17; 5
25,60,0.41115,0.41667,6; 4; 25; 60; 21; 29; 12; 5
27,52,0.54297,0.51923,9; 7; 27; 52; 3; 28; 8; 9
20,70,0.33202,0.28571,4; 3; 20; 70; 26; 7; 7; 14
12,75,0.2406,0.16,5; 5; 12; 75; 9; 5; 20; 15
8,19,0.38301,0.42105,25; 17; 8; 19; 22; 16; 11; 19
18,45,0.42339,0.4,6; 7; 18; 45; 12; 6; 23; 25
18,70,0.30115,0.25714,3; 5; 18; 70; 28; 4; 13; 28
29,37,0.79361,0.78378,7; 9; 29; 37; 27; 9; 17; 14
24,34,0.71481,0.70588,6; 18; 24; 34; 21; 31; 12; 32
21,43,0.47501,0.48837,9; 3; 21; 43; 22; 5; 24; 8
27,43,0.62769,0.62791,6; 13; 27; 43; 22; 31; 16; 14
7,44,0.23415,0.15909,16; 22; 7; 44; 20; 3; 23; 11
7,47,0.20573,0.14894,14; 10; 7; 47; 13; 13; 8; 30
18,68,0.27523,0.26471,6; 6; 18; 68; 31; 22; 7; 4
6,41,0.19159,0.14634,20; 24; 6; 41; 14; 10; 22; 21
25,59,0.39864,0.42373,3; 7; 25; 59; 19; 10; 5; 17
7,67,0.21657,0.10448,4; 4; 7; 67; 25; 25; 11; 28
16,61,0.25084,0.2623,3; 10; 16; 61; 13; 18; 20; 6
14,18,0.79581,0.77778,15; 17; 14; 18; 4; 6; 29; 29
20,55,0.37057,0.36364,10; 4; 20; 55; 3; 24; 9; 10
16,18,0.82718,0.88889,22; 16; 16; 18; 32; 8; 18; 6
8,40,0.24294,0.2,17; 20; 8; 40; 16; 6; 7; 24
15,39,0.38097,0.38462,16; 20; 15; 39; 22; 9; 14; 13
31,35,0.86348,0.88571,8; 5; 31; 35; 32; 26; 8; 4
27,55,0.47018,0.49091,4; 6; 27; 55; 4; 19; 9; 7
6,60,0.23457,0.1,6; 5; 6; 60; 10; 30; 29; 15
21,52,0.41694,0.40385,10; 11; 21; 52; 18; 5; 21; 8
17,19,0.88152,0.89474,23; 24; 17; 19; 19; 27; 18; 30
19,30,0.63966,0.63333,24; 19; 19; 30; 28; 29; 13; 4
7,24,0.23288,0.29167,17; 28; 7; 24; 28; 11; 22; 23
33,52,0.61386,0.63462,4; 6; 33; 52; 23; 11; 30; 19
6,40,0.229,0.15,6; 13; 6; 40; 15; 5; 5; 19
12,32,0.37652,0.375,25; 4; 12; 32; 22; 17; 30; 21
17,35,0.49888,0.48571,11; 6; 17; 35; 18; 5; 30; 22
7,72,0.21956,0.09722,9; 4; 7; 72; 19; 20; 27; 3
31,49,0.61012,0.63265,4; 5; 31; 49; 11; 10; 11; 20
18,45,0.3977,0.4,9; 15; 18; 45; 8; 32; 30; 25
6,30,0.30599,0.2,7; 26; 6; 30; 26; 17; 5; 27
6,65,0.22065,0.09231,3; 5; 6; 65; 14; 15; 12; 29
19,39,0.53231,0.48718,10; 13; 19; 39; 3; 18; 21; 11
15,51,0.29832,0.29412,16; 4; 15; 51; 15; 7; 24; 13
7,9,0.70719,0.77778,15; 32; 7; 9; 5; 15; 26; 12
9,35,0.21174,0.25714,18; 24; 9; 35; 6; 10; 13; 6
36,51,0.69979,0.70588,5; 3; 36; 51; 9; 30; 16; 7
33,37,0.8966,0.89189,11; 6; 33; 37; 21; 6; 11; 29
17,42,0.40983,0.40476,18; 8; 17; 42; 22; 9; 3; 5
6,68,0.22824,0.08824,6; 6; 6; 68; 27; 32; 3; 11
6,66,0.24454,0.09091,8; 10; 6; 66; 14; 15; 18; 8
7,81,0.2126,0.08642,4; 3; 7; 81; 14; 24; 24; 11
17,33,0.57816,0.51515,22; 4; 17; 33; 25; 11; 5; 18
12,46,0.30556,0.26087,6; 3; 12; 46; 14; 29; 30; 12
21,52,0.36632,0.40385,5; 6; 21; 52; 28; 8; 16; 28
17,45,0.39579,0.37778,6; 5; 17; 45; 30; 22; 5; 12
23,47,0.50044,0.48936,14; 12; 23; 47; 3; 29; 31; 13
6,63,0.24164,0.09524,4; 9; 6; 63; 17; 15; 12; 29
11,38,0.30307,0.28947,18; 6; 11; 38; 11; 28; 23; 29
20,50,0.42402,0.4,12; 11; 20; 50; 19; 23; 30; 5
19,47,0.38669,0.40426,12; 7; 19; 47; 28; 13; 4; 5
5,52,0.21613,0.09615,4; 11; 5; 52; 17; 13; 31; 11
17,43,0.39804,0.39535,18; 6; 17; 43; 9; 32; 16; 6
17,47,0.33619,0.3617,4; 13; 17; 47; 9; 9; 30; 21
25,32,0.75527,0.78125,11; 15; 25; 32; 22; 24; 22; 19
11,26,0.38649,0.42308,23; 4; 11; 26; 21; 12; 13; 5
5,56,0.22544,0.08929,13; 10; 5; 56; 18; 13; 16; 29
6,30,0.31716,0.2,10; 23; 6; 30; 4; 29; 14; 3
5,56,0.25481,0.08929,6; 3; 5; 56; 8; 18; 8; 6
7,71,0.22474,0.09859,6; 4; 7; 71; 11; 29; 13; 3
42,47,0.87505,0.89362,4; 3; 42; 47; 16; 19; 25; 18
5,53,0.234,0.09434,7; 16; 5; 53; 13; 15; 24; 26
5,19,0.35985,0.26316,30; 27; 5; 19; 25; 7; 7; 14
12,75,0.21054,0.16,4; 4; 12; 75; 24; 32; 12; 17
5,25,0.25884,0.2,33; 18; 5; 25; 23; 27; 21; 23
7,10,0.82191,0.7,34; 14; 7; 10; 24; 15; 8; 23
7,9,0.84486,0.77778,5; 39; 7; 9; 16; 11; 7; 6
14,18,0.80479,0.77778,9; 24; 14; 18; 19; 17; 23; 15
10,25,0.36236,0.4,6; 4; 10; 25; 9; 22; 14; 6
11,69,0.22731,0.15942,7; 5; 11; 69; 9; 28; 12; 25
18,37,0.52526,0.48649,20; 18; 18; 37; 8; 21; 10; 26
14,48,0.29738,0.29167,6; 17; 14; 48; 14; 23; 27; 21
16,62,0.25058,0.25806,7; 3; 16; 62; 26; 26; 25; 13
13,50,0.28454,0.26,4; 15; 13; 50; 11; 4; 16; 32
10,66,0.24169,0.15152,7; 10; 10; 66; 28; 23; 14; 4
22,42,0.54081,0.52381,14; 15; 22; 42; 17; 4; 18; 22
31,42,0.72211,0.7381,4; 5; 31; 42; 3; 20; 8; 24
29,41,0.69112,0.70732,10; 4; 29; 41; 15; 8; 19; 15
17,19,0.87463,0.89474,27; 30; 17; 19; 20; 7; 18; 30
7,48,0.23003,0.14583,19; 6; 7; 48; 16; 29; 20; 3
23,33,0.65268,0.69697,3; 15; 23; 33; 15; 16; 25; 32
6,38,0.1912,0.15789,22; 24; 6; 38; 15; 4; 31; 4
26,53,0.51289,0.49057,7; 6; 26; 53; 9; 28; 5; 10
16,42,0.35645,0.38095,20; 4; 16; 42; 3; 3; 5; 28
19,30,0.60382,0.63333,17; 19; 19; 30; 21; 5; 4; 3
26,37,0.68281,0.7027,14; 15; 26; 37; 23; 13; 6; 6
14,39,0.37533,0.35897,4; 22; 14; 39; 28; 22; 20; 22
19,47,0.39624,0.40426,9; 16; 19; 47; 4; 27; 8; 14
5,49,0.24535,0.10204,14; 19; 5; 49; 25; 12; 9; 27
30,43,0.68698,0.69767,12; 9; 30; 43; 22; 25; 14; 6
24,46,0.53851,0.52174,8; 5; 24; 46; 32; 17; 30; 13
29,39,0.73914,0.74359,4; 7; 29; 39; 30; 21; 28; 12
21,53,0.39032,0.39623,12; 4; 21; 53; 3; 13; 23; 12
11,55,0.26717,0.2,9; 14; 11; 55; 8; 12; 26; 20
17,42,0.37541,0.40476,3; 19; 17; 42; 31; 22; 24; 12
27,55,0.5089,0.49091,5; 3; 27; 55; 3; 8; 28; 24
19,27,0.70456,0.7037,23; 24; 19; 27; 31; 29; 7; 29
10,49,0.26156,0.20408,10; 3; 10; 49; 16; 7; 19; 13
23,60,0.39675,0.38333,6; 4; 23; 60; 9; 15; 17; 6
11,73,0.22917,0.15068,4; 7; 11; 73; 30; 8; 21; 13
32,46,0.66929,0.69565,5; 8; 32; 46; 5; 13; 29; 18
5,51,0.23292,0.09804,4; 10; 5; 51; 7; 20; 14; 14
29,59,0.50804,0.49153,3; 4; 29; 59; 31; 5; 22; 17
37,52,0.6832,0.71154,4; 4; 37; 52; 15; 8; 20; 18
6,15,0.47444,0.4,16; 29; 6; 15; 13; 9; 4; 6
27,55,0.48764,0.49091,5; 8; 27; 55; 16; 15; 18; 6
5,7,0.73317,0.71429,37; 19; 5; 7; 20; 9; 8; 25
6,23,0.35547,0.26087,33; 23; 6; 23; 32; 17; 4; 23
26,50,0.52561,0.52,5; 8; 26; 50; 29; 28; 18; 4
29,41,0.68354,0.70732,10; 12; 29; 41; 16; 32; 8; 3
25,59,0.44088,0.42373,6; 4; 25; 59; 31; 10; 23; 24
11,38,0.32698,0.28947,10; 22; 11; 38; 14; 6; 15; 14
24,49,0.48768,0.4898,6; 3; 24; 49; 15; 28; 19; 22
21,43,0.50414,0.48837,17; 15; 21; 43; 26; 32; 6; 21
13,64,0.24949,0.20312,3; 3; 13; 64; 19; 27; 5; 14
32,41,0.80821,0.78049,5; 3; 32; 41; 14; 6; 20; 11
6,21,0.30724,0.28571,28; 30; 6; 21; 15; 10; 8; 11
15,24,0.70184,0.625,16; 18; 15; 24; 9; 23; 15; 22
7,69,0.23218,0.10145,6; 8; 7; 69; 25; 28; 27; 3
24,27,0.8898,0.88889,12; 18; 24; 27; 27; 14; 22; 4
25,60,0.4217,0.41667,6; 5; 25; 60; 28; 21; 16; 28
8,50,0.24058,0.16,20; 8; 8; 50; 25; 30; 25; 3
17,59,0.32542,0.28814,7; 8; 17; 59; 22; 16; 17; 29
8,80,0.22927,0.1,3; 5; 8; 80; 11; 8; 16; 3
29,41,0.68972,0.70732,12; 9; 29; 41; 4; 19; 19; 14
21,27,0.76969,0.77778,19; 5; 21; 27; 4; 16; 19; 9
7,74,0.21595,0.09459,8; 6; 7; 74; 6; 14; 30; 12
9,60,0.23474,0.15,6; 8; 9; 60; 15; 7; 9; 24
6,70,0.23037,0.08571,11; 6; 6; 70; 20; 3; 3; 11
35,45,0.76832,0.77778,7; 4; 35; 45; 23; 18; 10; 22
16,18,0.79219,0.88889,11; 10; 16; 18; 18; 10; 5; 14
14,39,0.36797,0.35897,7; 11; 14; 39; 29; 28; 16; 7
8,19,0.59489,0.42105,10; 26; 8; 19; 14; 5; 28; 9
13,25,0.51261,0.52,11; 20; 13; 25; 10; 15; 32; 23
21,52,0.43122,0.40385,5; 10; 21; 52; 15; 13; 12; 29
12,46,0.27282,0.26087,14; 19; 12; 46; 17; 29; 10; 10
18,62,0.30693,0.29032,6; 7; 18; 62; 24; 17; 20; 4
8,55,0.2414,0.14545,9; 4; 8; 55; 26; 30; 24; 10
24,63,0.39571,0.38095,3; 5; 24; 63; 30; 21; 24; 8
31,42,0.71128,0.7381,9; 12; 31; 42; 10; 5; 27; 17
6,21,0.27981,0.28571,32; 34; 6; 21; 21; 7; 19; 7
17,47,0.38483,0.3617,7; 4; 17; 47; 17; 26; 10; 4
25,65,0.39573,0.38462,4; 3; 25; 65; 23; 23; 32; 3
8,31,0.34598,0.25806,3; 4; 8; 31; 30; 25; 24; 13
29,56,0.53069,0.51786,4; 6; 29; 56; 26; 7; 20; 19
7,80,0.22826,0.0875,5; 5; 7; 80; 29; 19; 6; 8
35,49,0.67945,0.71429,5; 6; 35; 49; 3; 28; 13; 11
33,37,0.89784,0.89189,4; 8; 33; 37; 24; 20; 12; 31
12,76,0.24775,0.15789,5; 5; 12; 76; 28; 4; 11; 16
27,38,0.68544,0.71053,9; 4; 27; 38; 18; 29; 8; 10
19,65,0.29242,0.29231,4; 4; 19; 65; 9; 4; 15; 26
14,70,0.24583,0.2,4; 6; 14; 70; 11; 28; 19; 14
23,33,0.65335,0.69697,9; 12; 23; 33; 18; 26; 23; 22
10,64,0.26419,0.15625,3; 10; 10; 64; 32; 7; 15; 22
27,38,0.69682,0.71053,10; 10; 27; 38; 15; 10; 17; 10
17,43,0.42343,0.39535,17; 9; 17; 43; 4; 16; 11; 12
13,31,0.39467,0.41935,20; 23; 13; 31; 25; 23; 23; 10
8,82,0.20644,0.09756,3; 4; 8; 82; 17; 25; 9; 7
21,58,0.37063,0.36207,5; 8; 21; 58; 25; 17; 31; 12
16,31,0.46487,0.51613,19; 15; 16; 31; 4; 25; 30; 11
31,44,0.69437,0.70455,5; 5; 31; 44; 21; 14; 6; 16
12,74,0.25456,0.16216,5; 5; 12; 74; 21; 29; 3; 20
22,45,0.50012,0.48889,4; 14; 22; 45; 18; 14; 21; 12
12,17,0.82621,0.70588,15; 12; 12; 17; 30; 16; 23; 11
15,75,0.24072,0.2,3; 4; 15; 75; 23; 29; 16; 22
26,41,0.60321,0.63415,3; 8; 26; 41; 21; 10; 19; 24
8,77,0.21248,0.1039,6; 4; 8; 77; 9; 19; 5; 3
7,46,0.25644,0.15217,21; 5; 7; 46; 30; 14; 23; 14
12,17,0.75513,0.70588,28; 18; 12; 17; 16; 17; 18; 12
30,43,0.6838,0.69767,11; 12; 30; 43; 3; 32; 11; 17
23,33,0.69255,0.69697,20; 9; 23; 33; 21; 14; 22; 29
29,56,0.50434,0.51786,3; 6; 29; 56; 8; 6; 31; 8
21,50,0.41712,0.42,10; 13; 21; 50; 17; 15; 5; 32
5,32,0.26097,0.15625,14; 19; 5; 32; 13; 10; 5; 27
18,45,0.41241,0.4,4; 3; 18; 45; 4; 29; 13; 30
17,23,0.80111,0.73913,25; 3; 17; 23; 16; 30; 29; 17
13,36,0.3497,0.36111,15; 5; 13; 36; 25; 24; 11; 16
13,34,0.38568,0.38235,13; 3; 13; 34; 11; 29; 14; 23
16,23,0.67575,0.69565,18; 22; 16; 23; 17; 9; 3; 12
5,52,0.2274,0.09615,9; 5; 5; 52; 16; 16; 19; 16
35,50,0.70629,0.7,5; 4; 35; 50; 26; 23; 20; 27
12,46,0.25717,0.26087,6; 3; 12; 46; 6; 15; 29; 13
20,27,0.77626,0.74074,11; 10; 20; 27; 22; 28; 20; 22
6,68,0.21886,0.08824,10; 12; 6; 68; 17; 6; 15; 6
11,55,0.23382,0.2,4; 8; 11; 55; 30; 5; 3; 26
25,32,0.81338,0.78125,11; 16; 25; 32; 9; 13; 8; 4
8,21,0.34062,0.38095,33; 21; 8; 21; 18; 5; 21; 22
24,63,0.4004,0.38095,4; 4; 24; 63; 30; 19; 20; 13
5,17,0.40998,0.29412,14; 30; 5; 17; 31; 15; 29; 3
21,52,0.41061,0.40385,11; 11; 21; 52; 5; 19; 13; 17
16,56,0.33187,0.28571,13; 12; 16; 56; 17; 28; 12; 32
12,77,0.22178,0.15584,4; 3; 12; 77; 28; 24; 11; 20
20,53,0.40502,0.37736,6; 8; 20; 53; 14; 18; 5; 18
15,40,0.31792,0.375,15; 6; 15; 40; 31; 30; 12; 15
7,67,0.21031,0.10448,5; 9; 7; 67; 8; 30; 7; 3
26,53,0.49747,0.49057,6; 6; 26; 53; 22; 23; 24; 20
5,50,0.2553,0.1,14; 17; 5; 50; 6; 13; 29; 24
25,40,0.5965,0.625,4; 14; 25; 40; 12; 25; 32; 7
23,61,0.38501,0.37705,5; 7; 23; 61; 17; 25; 24; 11
17,24,0.7065,0.70833,14; 10; 17; 24; 3; 17; 24; 4
15,36,0.42378,0.41667,4; 12; 15; 36; 15; 5; 30; 31
10,65,0.2252,0.15385,4; 8; 10; 65; 10; 25; 5; 19
13,50,0.28863,0.26,8; 14; 13; 50; 11; 28; 28; 10
25,62,0.42845,0.40323,3; 3; 25; 62; 24; 6; 6; 26
10,66,0.24622,0.15152,11; 6; 10; 66; 4; 15; 19; 6
7,24,0.31206,0.29167,32; 31; 7; 24; 6; 27; 14; 25
5,17,0.31823,0.29412,17; 20; 5; 17; 23; 15; 18; 28
8,31,0.31781,0.25806,16; 12; 8; 31; 32; 19; 6; 21
25,32,0.79315,0.78125,6; 19; 25; 32; 19; 18; 10; 25
12,78,0.25877,0.15385,3; 3; 12; 78; 6; 31; 21; 13
18,63,0.30067,0.28571,5; 4; 18; 63; 14; 19; 19; 28
11,70,0.23374,0.15714,4; 7; 11; 70; 20; 30; 18; 13
11,55,0.25327,0.2,11; 15; 11; 55; 23; 14; 14; 3
10,66,0.20653,0.15152,9; 7; 10; 66; 18; 19; 27; 29
9,34,0.30432,0.26471,20; 11; 9; 34; 26; 5; 18; 18
25,51,0.50201,0.4902,6; 10; 25; 51; 26; 23; 6; 28
26,50,0.52988,0.52,9; 8; 26; 50; 7; 27; 13; 16
27,43,0.59294,0.62791,4; 13; 27; 43; 24; 18; 19; 31
7,44,0.25294,0.15909,20; 7; 7; 44; 19; 27; 30; 10
10,63,0.24729,0.15873,8; 9; 10; 63; 5; 11; 16; 30
25,28,0.87667,0.89286,3; 22; 25; 28; 5; 16; 7; 6
32,41,0.76327,0.78049,10; 3; 32; 41; 17; 23; 9; 27
28,40,0.66684,0.7,14; 10; 28; 40; 29; 22; 26; 9
5,55,0.25905,0.09091,15; 17; 5; 55; 12; 29; 10; 24
33,52,0.61986,0.63462,6; 6; 33; 52; 25; 3; 22; 21
26,35,0.74488,0.74286,8; 6; 26; 35; 15; 4; 26; 13
26,41,0.62347,0.63415,12; 13; 26; 41; 24; 29; 22; 15
10,25,0.38001,0.4,3; 6; 10; 25; 7; 7; 5; 3
8,19,0.36473,0.42105,16; 27; 8; 19; 20; 19; 16; 3
6,63,0.19764,0.09524,6; 10; 6; 63; 9; 16; 14; 21
10,35,0.29293,0.28571,5; 8; 10; 35; 15; 18; 29; 17
17,19,0.91562,0.89474,17; 18; 17; 19; 8; 18; 32; 26
13,25,0.47978,0.52,21; 30; 13; 25; 4; 29; 8; 5
12,78,0.24751,0.15385,3; 4; 12; 78; 29; 18; 28; 21
9,57,0.24082,0.15789,7; 15; 9; 57; 15; 18; 32; 27
17,19,0.84742,0.89474,12; 20; 17; 19; 20; 14; 5; 18
33,52,0.62633,0.63462,3; 5; 33; 52; 25; 26; 21; 13
14,39,0.35764,0.35897,13; 21; 14; 39; 16; 30; 6; 19
29,41,0.67231,0.70732,11; 4; 29; 41; 20; 23; 23; 16
8,22,0.39604,0.36364,8; 11; 8; 22; 30; 28; 18; 20
11,72,0.23896,0.15278,3; 5; 11; 72; 32; 29; 18; 6
19,39,0.51621,0.48718,3; 6; 19; 39; 32; 9; 11; 17
36,51,0.68381,0.70588,4; 4; 36; 51; 17; 14; 17; 29
25,32,0.83477,0.78125,8; 10; 25; 32; 8; 19; 25; 14
14,48,0.29863,0.29167,3; 16; 14; 48; 13; 20; 26; 21
19,27,0.70244,0.7037,11; 8; 19; 27; 14; 18; 17; 26
28,57,0.51163,0.49123,3; 4; 28; 57; 22; 6; 6; 20
28,36,0.81842,0.77778,8; 13; 28; 36; 24; 19; 15; 16
19,53,0.35804,0.35849,12; 11; 19; 53; 9; 15; 8; 13
10,49,0.21928,0.20408,16; 8; 10; 49; 7; 31; 24; 21
23,60,0.39082,0.38333,3; 6; 23; 60; 20; 23; 10; 15
21,52,0.38981,0.40385,9; 5; 21; 52; 10; 21; 10; 10
19,39,0.49768,0.48718,8; 17; 19; 39; 15; 10; 10; 26
7,35,0.24606,0.2,22; 13; 7; 35; 24; 16; 11; 25
33,47,0.67064,0.70213,8; 9; 33; 47; 16; 10; 12; 3
6,67,0.24625,0.08955,8; 7; 6; 67; 23; 31; 30; 4
15,24,0.58278,0.625,27; 26; 15; 24; 26; 30; 30; 10
32,36,0.88636,0.88889,4; 13; 32; 36; 30; 6; 14; 24
25,34,0.69861,0.73529,13; 13; 25; 34; 9; 25; 15; 17
14,19,0.89251,0.73684,19; 19; 14; 19; 28; 19; 12; 19
20,70,0.28938,0.28571,3; 3; 20; 70; 17; 26; 16; 4
9,58,0.21779,0.15517,12; 8; 9; 58; 22; 18; 14; 19
11,54,0.23645,0.2037,8; 8; 11; 54; 22; 10; 23; 18
10,38,0.27137,0.26316,12; 22; 10; 38; 31; 18; 6; 21
40,45,0.86809,0.88889,4; 4; 40; 45; 15; 31; 14; 31
25,28,0.86711,0.89286,19; 7; 25; 28; 22; 4; 27; 19
22,52,0.43465,0.42308,11; 4; 22; 52; 8; 26; 31; 11
16,31,0.516,0.51613,16; 15; 16; 31; 5; 6; 13; 5
21,52,0.43011,0.40385,8; 7; 21; 52; 28; 21; 12; 9
31,35,0.88856,0.88571,12; 6; 31; 35; 30; 31; 4; 18
7,67,0.21765,0.10448,4; 9; 7; 67; 11; 25; 7; 15
28,40,0.67845,0.7,14; 8; 28; 40; 16; 27; 14; 26
32,36,0.89427,0.88889,5; 15; 32; 36; 28; 5; 26; 11
13,31,0.35758,0.41935,16; 15; 13; 31; 3; 23; 6; 9
21,27,0.73747,0.77778,15; 12; 21; 27; 18; 11; 5; 19
23,55,0.41657,0.41818,4; 4; 23; 55; 30; 29; 16; 8
15,52,0.27836,0.28846,7; 8; 15; 52; 21; 20; 10; 29
24,64,0.39035,0.375,4; 5; 24; 64; 32; 6; 16; 22
28,40,0.71159,0.7,13; 4; 28; 40; 18; 22; 11; 29
16,42,0.3895,0.38095,16; 18; 16; 42; 29; 29; 13; 13
14,19,0.82302,0.73684,23; 31; 14; 19; 12; 5; 22; 13
12,59,0.23056,0.20339,3; 10; 12; 59; 32; 12; 10; 29
22,42,0.55969,0.52381,6; 12; 22; 42; 18; 6; 17; 3
19,27,0.7074,0.7037,26; 23; 19; 27; 16; 25; 8; 29
19,47,0.39812,0.40426,11; 14; 19; 47; 20; 4; 16; 23
16,18,0.75498,0.88889,27; 11; 16; 18; 10; 32; 10; 27
7,46,0.22739,0.15217,10; 22; 7; 46; 19; 29; 32; 14
8,54,0.22711,0.14815,18; 5; 8; 54; 16; 8; 21; 13
12,47,0.30295,0.25532,7; 14; 12; 47; 4; 28; 23; 28
12,59,0.26001,0.20339,6; 4; 12; 59; 12; 22; 6; 12
34,38,0.91267,0.89474,3; 5; 34; 38; 22; 15; 27; 21
8,81,0.22929,0.09877,3; 4; 8; 81; 7; 14; 4; 16
15,36,0.40475,0.41667,5; 21; 15; 36; 6; 17; 29; 8
23,58,0.41099,0.39655,6; 7; 23; 58; 26; 12; 12; 8
29,39,0.68351,0.74359,10; 8; 29; 39; 20; 10; 9; 19
35,45,0.76846,0.77778,4; 6; 35; 45; 12; 20; 19; 24
19,45,0.40688,0.42222,10; 7; 19; 45; 3; 15; 11; 19
34,46,0.71284,0.73913,7; 3; 34; 46; 10; 11; 19; 21
9,24,0.34453,0.375,22; 19; 9; 24; 6; 27; 31; 18
13,25,0.51344,0.52,13; 7; 13; 25; 3; 4; 31; 9
16,61,0.28119,0.2623,8; 9; 16; 61; 7; 32; 23; 6
6,21,0.32827,0.28571,12; 35; 6; 21; 29; 15; 29; 18
25,35,0.67626,0.71429,15; 19; 25; 35; 3; 8; 14; 3
9,58,0.19586,0.15517,9; 8; 9; 58; 25; 12; 31; 3
24,66,0.38006,0.36364,4; 3; 24; 66; 7; 24; 15; 6
12,23,0.52503,0.52174,18; 3; 12; 23; 25; 18; 15; 26
9,62,0.19149,0.14516,13; 9; 9; 62; 22; 19; 28; 14
9,62,0.24864,0.14516,11; 5; 9; 62; 15; 26; 29; 13
16,31,0.50641,0.51613,12; 14; 16; 31; 18; 32; 7; 3
14,53,0.26038,0.26415,10; 11; 14; 53; 23; 14; 20; 3
22,55,0.38214,0.4,3; 4; 22; 55; 20; 7; 10; 18
24,27,0.89832,0.88889,23; 11; 24; 27; 24; 5; 11; 9
7,43,0.22833,0.16279,20; 7; 7; 43; 21; 24; 27; 22
32,41,0.75314,0.78049,5; 10; 32; 41; 17; 5; 26; 32
7,71,0.24656,0.09859,4; 7; 7; 71; 4; 28; 22; 24
8,31,0.39117,0.25806,7; 25; 8; 31; 20; 29; 8; 26
17,35,0.48301,0.48571,17; 14; 17; 35; 9; 6; 22; 8
12,46,0.25557,0.26087,6; 6; 12; 46; 12; 12; 23; 24
7,77,0.2004,0.09091,4; 7; 7; 77; 17; 17; 21; 27
20,48,0.42141,0.41667,12; 6; 20; 48; 32; 10; 26; 7
7,47,0.25828,0.14894,16; 5; 7; 47; 7; 23; 15; 13
17,47,0.40963,0.3617,15; 4; 17; 47; 26; 15; 23; 14
7,67,0.26034,0.10448,7; 7; 7; 67; 4; 21; 4; 29
7,72,0.23091,0.09722,6; 6; 7; 72; 17; 31; 4; 23
28,38,0.69825,0.73684,4; 9; 28; 38; 9; 25; 24; 32
37,50,0.72843,0.74,5; 5; 37; 50; 22; 23; 3; 18
29,37,0.77392,0.78378,11; 7; 29; 37; 30; 27; 14; 7
16,23,0.80497,0.69565,14; 4; 16; 23; 13; 6; 13; 15
10,26,0.4035,0.38462,29; 25; 10; 26; 16; 15; 24; 28
6,58,0.26383,0.10345,15; 15; 6; 58; 18; 20; 5; 19
13,25,0.52365,0.52,6; 9; 13; 25; 25; 18; 19; 27
26,50,0.52224,0.52,6; 11; 26; 50; 17; 30; 18; 21
20,56,0.37131,0.35714,11; 11; 20; 56; 30; 16; 14; 5
10,25,0.3978,0.4,28; 25; 10; 25; 6; 22; 26; 4
21,30,0.69279,0.7,7; 23; 21; 30; 22; 21; 17; 23
15,42,0.37602,0.35714,12; 3; 15; 42; 17; 31; 6; 4
10,38,0.24744,0.26316,7; 18; 10; 38; 12; 27; 12; 3
16,44,0.39899,0.36364,11; 5; 16; 44; 18; 17; 10; 8
19,27,0.72642,0.7037,19; 19; 19; 27; 4; 13; 27; 32
8,21,0.36217,0.38095,32; 12; 8; 21; 23; 24; 9; 31
6,39,0.26974,0.15385,23; 15; 6; 39; 23; 25; 24; 6
12,76,0.24094,0.15789,5; 5; 12; 76; 15; 14; 19; 19
25,34,0.71887,0.73529,17; 9; 25; 34; 23; 14; 8; 16
9,34,0.27654,0.26471,22; 7; 9; 34; 28; 7; 18; 27
10,24,0.43578,0.41667,18; 5; 10; 24; 28; 9; 27; 27
21,27,0.79087,0.77778,11; 13; 21; 27; 10; 16; 15; 15
33,37,0.89094,0.89189,13; 3; 33; 37; 14; 3; 6; 21
11,68,0.23875,0.16176,5; 4; 11; 68; 10; 7; 20; 26
25,28,0.90207,0.89286,5; 22; 25; 28; 11; 7; 7; 22
18,70,0.26092,0.25714,5; 4; 18; 70; 4; 3; 10; 22
26,53,0.49486,0.49057,5; 5; 26; 53; 32; 30; 4; 14
29,46,0.6224,0.63043,9; 10; 29; 46; 26; 29; 9; 7
25,34,0.72227,0.73529,14; 19; 25; 34; 15; 4; 6; 24
12,74,0.213,0.16216,5; 6; 12; 74; 15; 16; 22; 8
16,40,0.39687,0.4,19; 17; 16; 40; 15; 23; 24; 13
11,43,0.29282,0.25581,17; 12; 11; 43; 26; 14; 26; 28
9,57,0.23963,0.15789,10; 10; 9; 57; 3; 14; 21; 3
7,68,0.2479,0.10294,4; 11; 7; 68; 12; 22; 10; 14
15,39,0.40423,0.38462,20; 22; 15; 39; 15; 13; 28; 22
21,56,0.38332,0.375,8; 7; 21; 56; 14; 8; 20; 15
10,62,0.28572,0.16129,6; 13; 10; 62; 17; 12; 13; 20
12,41,0.28124,0.29268,4; 6; 12; 41; 31; 14; 24; 25
12,19,0.67295,0.63158,11; 23; 12; 19; 16; 7; 11; 19
17,33,0.55105,0.51515,3; 22; 17; 33; 31; 6; 12; 9
35,50,0.67983,0.7,5; 5; 35; 50; 30; 28; 15; 6
33,52,0.62346,0.63462,5; 3; 33; 52; 11; 20; 20; 22
18,37,0.45643,0.48649,6; 15; 18; 37; 3; 11; 3; 22
24,49,0.50677,0.4898,8; 9; 24; 49; 16; 5; 9; 14
24,66,0.37768,0.36364,4; 3; 24; 66; 25; 7; 10; 10
35,47,0.71023,0.74468,3; 8; 35; 47; 23; 15; 26; 5
24,46,0.54916,0.52174,10; 10; 24; 46; 4; 16; 32; 14
18,23,0.84775,0.78261,25; 22; 18; 23; 17; 25; 27; 27
11,26,0.43332,0.42308,18; 10; 11; 26; 9; 30; 22; 18
7,80,0.25989,0.0875,5; 3; 7; 80; 23; 15; 22; 19
12,42,0.27633,0.28571,19; 19; 12; 42; 3; 10; 27; 32
16,40,0.40988,0.4,11; 3; 16; 40; 10; 12; 13; 7
11,54,0.29475,0.2037,8; 9; 11; 54; 20; 24; 28; 20
10,16,0.56114,0.625,32; 20; 10; 16; 20; 16; 32; 3
20,50,0.43009,0.4,5; 10; 20; 50; 11; 31; 13; 8
28,57,0.50919,0.49123,4; 5; 28; 57; 15; 6; 7; 3
7,74,0.23045,0.09459,6; 4; 7; 74; 10; 27; 8; 5
12,30,0.33625,0.4,19; 14; 12; 30; 12; 9; 9; 9
14,18,0.83856,0.77778,13; 23; 14; 18; 20; 28; 20; 29
20,48,0.43533,0.41667,4; 4; 20; 48; 25; 23; 3; 11
18,23,0.78569,0.78261,20; 27; 18; 23; 26; 21; 12; 18
20,27,0.77092,0.74074,24; 11; 20; 27; 13; 18; 31; 28
12,41,0.29809,0.29268,9; 7; 12; 41; 3; 7; 7; 21
23,57,0.38327,0.40351,9; 5; 23; 57; 17; 23; 17; 20
36,46,0.78149,0.78261,6; 8; 36; 46; 5; 24; 7; 14
28,54,0.53116,0.51852,5; 5; 28; 54; 20; 21; 8; 7
5,33,0.24291,0.15152,11; 28; 5; 33; 6; 20; 13; 14
32,36,0.89827,0.88889,15; 10; 32; 36; 15; 5; 11; 23
27,52,0.55149,0.51923,5; 8; 27; 52; 28; 21; 32; 5
34,54,0.62606,0.62963,4; 4; 34; 54; 24; 21; 28; 23
25,40,0.62084,0.625,16; 4; 25; 40; 10; 23; 17; 6
39,50,0.78583,0.78,3; 4; 39; 50; 28; 12; 30; 14
26,37,0.67376,0.7027,6; 16; 26; 37; 19; 12; 28; 23
21,59,0.36681,0.35593,3; 3; 21; 59; 23; 12; 22; 4
12,46,0.28325,0.26087,20; 7; 12; 46; 16; 5; 20; 20
9,55,0.21555,0.16364,13; 16; 9; 55; 29; 7; 11; 3
29,56,0.51534,0.51786,6; 5; 29; 56; 21; 25; 19; 28
14,53,0.27432,0.26415,13; 15; 14; 53; 9; 14; 23; 31
22,55,0.37187,0.4,9; 4; 22; 55; 4; 9; 17; 8
7,77,0.23409,0.09091,6; 5; 7; 77; 24; 20; 27; 9
39,44,0.8845,0.88636,4; 6; 39; 44; 21; 13; 6; 25
6,61,0.24859,0.09836,4; 6; 6; 61; 29; 5; 30; 12
25,48,0.51564,0.52083,8; 6; 25; 48; 13; 20; 6; 15
23,47,0.4639,0.48936,8; 13; 23; 47; 10; 31; 19; 7
17,47,0.37742,0.3617,16; 9; 17; 47; 5; 6; 18; 9
23,55,0.42827,0.41818,7; 3; 23; 55; 7; 8; 12; 29
26,53,0.50094,0.49057,7; 8; 26; 53; 12; 5; 12; 11
30,43,0.6841,0.69767,4; 10; 30; 43; 10; 26; 12; 32
11,42,0.30125,0.2619,8; 4; 11; 42; 18; 26; 8; 27
7,74,0.2349,0.09459,4; 3; 7; 74; 17; 14; 28; 30
6,67,0.24057,0.08955,11; 10; 6; 67; 18; 10; 12; 9
32,41,0.81198,0.78049,11; 9; 32; 41; 22; 4; 25; 15
32,46,0.67915,0.69565,9; 9; 32; 46; 10; 15; 8; 20
42,47,0.88996,0.89362,4; 4; 42; 47; 3; 11; 17; 3
10,61,0.26437,0.16393,7; 12; 10; 61; 18; 8; 12; 5
14,39,0.40015,0.35897,15; 3; 14; 39; 26; 7; 18; 16
13,64,0.222,0.20312,10; 6; 13; 64; 14; 28; 13; 24
10,63,0.20676,0.15873,6; 4; 10; 63; 17; 30; 29; 21
26,37,0.6581,0.7027,14; 12; 26; 37; 3; 25; 14; 14
6,69,0.24073,0.08696,6; 11; 6; 69; 4; 18; 7; 12
21,55,0.37506,0.38182,8; 8; 21; 55; 17; 28; 3; 27
29,59,0.52576,0.49153,3; 5; 29; 59; 23; 20; 29; 17
36,51,0.69531,0.70588,4; 3; 36; 51; 12; 17; 14; 12
10,25,0.29874,0.4,3; 30; 10; 25; 31; 29; 11; 17
13,31,0.40972,0.41935,25; 9; 13; 31; 18; 23; 29; 14
30,58,0.54473,0.51724,4; 3; 30; 58; 11; 32; 10; 18
16,44,0.3578,0.36364,11; 8; 16; 44; 18; 7; 12; 11
20,52,0.40681,0.38462,13; 12; 20; 52; 10; 4; 14; 30
5,52,0.28304,0.09615,14; 14; 5; 52; 21; 23; 9; 22
5,19,0.33099,0.26316,5; 9; 5; 19; 26; 11; 21; 19
23,55,0.4241,0.41818,3; 10; 23; 55; 32; 25; 11; 22
14,18,0.79387,0.77778,7; 18; 14; 18; 9; 21; 13; 13
17,42,0.44199,0.40476,6; 12; 17; 42; 3; 31; 14; 25
30,43,0.70841,0.69767,3; 11; 30; 43; 28; 23; 11; 19
21,30,0.65349,0.7,14; 15; 21; 30; 4; 12; 22; 27
20,27,0.74736,0.74074,25; 10; 20; 27; 26; 9; 21; 18
6,65,0.22845,0.09231,6; 4; 6; 65; 21; 10; 30; 13
28,38,0.70132,0.73684,5; 14; 28; 38; 27; 25; 14; 8
5,19,0.41487,0.26316,14; 22; 5; 19; 7; 21; 17; 16
23,31,0.74834,0.74194,19; 7; 23; 31; 3; 13; 32; 20
31,35,0.87355,0.88571,15; 14; 31; 35; 9; 30; 16; 14
41,46,0.89482,0.8913,3; 3; 41; 46; 6; 7; 32; 27
28,38,0.69957,0.73684,5; 7; 28; 38; 18; 6; 16; 14
8,28,0.19529,0.28571,10; 14; 8; 28; 15; 6; 11; 18
26,35,0.69202,0.74286,5; 3; 26; 35; 21; 18; 10; 25
20,50,0.39815,0.4,11; 9; 20; 50; 14; 30; 13; 8
7,75,0.20176,0.09333,6; 8; 7; 75; 10; 3; 32; 18
37,50,0.74891,0.74,5; 5; 37; 50; 11; 7; 18; 8
39,44,0.91378,0.88636,7; 7; 39; 44; 13; 16; 14; 6
6,16,0.4098,0.375,9; 12; 6; 16; 28; 4; 16; 28
12,47,0.26217,0.25532,8; 16; 12; 47; 23; 17; 20; 22
15,42,0.33359,0.35714,11; 9; 15; 42; 10; 22; 24; 11
21,56,0.39225,0.375,10; 8; 21; 56; 25; 10; 28; 31
16,42,0.3894,0.38095,20; 18; 16; 42; 31; 32; 4; 23
10,38,0.24931,0.26316,19; 14; 10; 38; 19; 24; 16; 19
25,59,0.44945,0.42373,7; 3; 25; 59; 28; 31; 11; 26
24,63,0.39186,0.38095,3; 4; 24; 63; 16; 19; 4; 18
6,15,0.47238,0.4,34; 30; 6; 15; 8; 14; 15; 11
5,12,0.57842,0.41667,16; 33; 5; 12; 18; 18; 26; 16
16,45,0.36504,0.35556,14; 8; 16; 45; 8; 13; 5; 28
27,52,0.52006,0.51923,4; 7; 27; 52; 5; 11; 21; 23
19,30,0.61915,0.63333,24; 14; 19; 30; 3; 26; 18; 26
7,43,0.20531,0.16279,9; 24; 7; 43; 15; 31; 9; 30
7,44,0.21145,0.15909,6; 5; 7; 44; 22; 5; 9; 15
20,27,0.84297,0.74074,13; 18; 20; 27; 8; 24; 13; 22
7,68,0.22416,0.10294,7; 11; 7; 68; 11; 6; 7; 5
37,53,0.69726,0.69811,3; 3; 37; 53; 10; 19; 27; 13
5,56,0.22551,0.08929,7; 4; 5; 56; 17; 21; 30; 13
10,26,0.42274,0.38462,23; 22; 10; 26; 29; 28; 6; 10
32,41,0.77188,0.78049,10; 4; 32; 41; 25; 11; 6; 30
20,32,0.60452,0.625,22; 12; 20; 32; 9; 3; 27; 9
24,49,0.5243,0.4898,10; 3; 24; 49; 7; 12; 15; 8
9,25,0.2912,0.36,12; 18; 9; 25; 23; 27; 31; 4
7,35,0.23485,0.2,4; 12; 7; 35; 21; 29; 10; 10
7,72,0.25161,0.09722,7; 7; 7; 72; 3; 6; 18; 23
20,55,0.36388,0.36364,10; 5; 20; 55; 13; 29; 11; 30
21,27,0.83887,0.77778,5; 6; 21; 27; 26; 26; 12; 13
23,31,0.73133,0.74194,3; 16; 23; 31; 13; 8; 22; 8
21,53,0.38245,0.39623,8; 10; 21; 53; 8; 26; 23; 31
29,37,0.76062,0.78378,16; 8; 29; 37; 28; 24; 16; 12
35,47,0.71801,0.74468,8; 3; 35; 47; 10; 10; 22; 29
8,22,0.3059,0.36364,24; 20; 8; 22; 23; 22; 27; 22
12,47,0.29659,0.25532,6; 16; 12; 47; 18; 27; 30; 21
24,46,0.52552,0.52174,3; 10; 24; 46; 19; 31; 9; 29
15,39,0.3845,0.38462,18; 14; 15; 39; 27; 31; 12; 26
7,75,0.20938,0.09333,6; 5; 7; 75; 5; 13; 14; 26
25,28,0.89778,0.89286,18; 12; 25; 28; 32; 18; 15; 12
31,42,0.70671,0.7381,7; 6; 31; 42; 27; 17; 25; 6
8,22,0.3626,0.36364,6; 5; 8; 22; 9; 23; 28; 13
35,47,0.74072,0.74468,3; 8; 35; 47; 13; 24; 10; 26
8,77,0.24443,0.1039,4; 6; 8; 77; 15; 12; 31; 21
5,14,0.50306,0.35714,28; 26; 5; 14; 18; 3; 8; 13
18,70,0.30785,0.25714,3; 4; 18; 70; 20; 32; 4; 25
8,50,0.26964,0.16,11; 8; 8; 50; 17; 24; 6; 6
9,35,0.26921,0.25714,27; 8; 9; 35; 23; 21; 25; 24
19,53,0.37339,0.35849,11; 4; 19; 53; 21; 17; 32; 19
14,37,0.38572,0.37838,12; 12; 14; 37; 16; 16; 29; 25
39,50,0.78039,0.78,3; 3; 39; 50; 20; 30; 23; 7
23,60,0.38777,0.38333,5; 3; 23; 60; 19; 13; 32; 29
8,40,0.22789,0.2,17; 21; 8; 40; 32; 14; 14; 19
7,69,0.17401,0.10145,11; 10; 7; 69; 5; 20; 13; 8
35,49,0.68729,0.71429,4; 4; 35; 49; 4; 23; 32; 18
17,66,0.2848,0.25758,6; 4; 17; 66; 32; 7; 10; 3
7,47,0.21232,0.14894,20; 7; 7; 47; 28; 3; 31; 29
34,48,0.69174,0.70833,4; 7; 34; 48; 29; 19; 5; 26
18,37,0.54261,0.48649,17; 3; 18; 37; 27; 12; 24; 26
5,32,0.2265,0.15625,23; 4; 5; 32; 23; 15; 29; 18
5,49,0.24432,0.10204,13; 5; 5; 49; 11; 12; 32; 18
21,55,0.37239,0.38182,3; 10; 21; 55; 27; 20; 8; 28
7,76,0.23727,0.09211,6; 3; 7; 76; 15; 23; 27; 27
15,74,0.25344,0.2027,3; 3; 15; 74; 24; 16; 12; 25
6,40,0.20835,0.15,14; 19; 6; 40; 30; 19; 27; 15
13,34,0.38481,0.38235,8; 10; 13; 34; 12; 13; 29; 15
14,19,0.81851,0.73684,25; 29; 14; 19; 16; 19; 5; 9
24,46,0.51812,0.52174,9; 4; 24; 46; 32; 10; 29; 8
7,46,0.18617,0.15217,9; 15; 7; 46; 11; 4; 7; 19
36,51,0.70738,0.70588,4; 4; 36; 51; 17; 11; 28; 32
8,41,0.24515,0.19512,18; 3; 8; 41; 20; 28; 13; 27
6,30,0.26771,0.2,21; 23; 6; 30; 3; 13; 9; 6
7,78,0.19504,0.08974,4; 6; 7; 78; 6; 18; 27; 12
16,23,0.80348,0.69565,25; 19; 16; 23; 6; 16; 18; 17
33,37,0.86541,0.89189,8; 11; 33; 37; 21; 18; 23; 30
26,35,0.70846,0.74286,12; 7; 26; 35; 12; 30; 14; 32
25,48,0.5365,0.52083,5; 5; 25; 48; 7; 14; 10; 19
5,53,0.26713,0.09434,6; 7; 5; 53; 11; 19; 15; 6
23,58,0.39853,0.39655,7; 3; 23; 58; 29; 26; 16; 19
9,58,0.25161,0.15517,13; 12; 9; 58; 13; 10; 31; 16
35,50,0.711,0.7,3; 6; 35; 50; 12; 19; 16; 5
11,29,0.3305,0.37931,19; 9; 11; 29; 30; 5; 27; 12
12,33,0.33979,0.36364,6; 25; 12; 33; 32; 13; 21; 24
15,74,0.22499,0.2027,4; 4; 15; 74; 4; 21; 12; 17
32,36,0.88283,0.88889,12; 10; 32; 36; 31; 24; 24; 8
35,45,0.75046,0.77778,9; 5; 35; 45; 29; 6; 18; 23
29,46,0.61012,0.63043,4; 7; 29; 46; 22; 24; 25; 19
29,56,0.51318,0.51786,3; 5; 29; 56; 19; 19; 4; 23
34,38,0.90382,0.89474,9; 8; 34; 38; 21; 30; 3; 14
26,41,0.64807,0.63415,5; 8; 26; 41; 5; 10; 32; 20
26,53,0.53654,0.49057,4; 4; 26; 53; 29; 15; 8; 16
5,8,0.73906,0.625,3; 31; 5; 8; 28; 11; 5; 21
24,57,0.40589,0.42105,5; 6; 24; 57; 23; 5; 4; 15
5,13,0.36671,0.38462,35; 21; 5; 13; 15; 16; 5; 7
19,48,0.40669,0.39583,7; 15; 19; 48; 27; 8; 3; 10
39,50,0.79803,0.78,4; 4; 39; 50; 8; 21; 12; 13
5,55,0.23869,0.09091,13; 8; 5; 55; 4; 21; 19; 31
9,44,0.2511,0.20455,18; 11; 9; 44; 12; 13; 30; 30
6,65,0.23845,0.09231,8; 13; 6; 65; 4; 29; 11; 7
24,60,0.43383,0.4,5; 5; 24; 60; 11; 30; 8; 7
16,38,0.40088,0.42105,10; 16; 16; 38; 27; 14; 32; 15
12,74,0.24344,0.16216,3; 4; 12; 74; 14; 20; 27; 24
6,61,0.21713,0.09836,9; 5; 6; 61; 10; 29; 25; 15
11,70,0.2285,0.15714,4; 5; 11; 70; 13; 7; 32; 15
11,74,0.23719,0.14865,5; 3; 11; 74; 25; 16; 13; 22
7,72,0.22922,0.09722,5; 7; 7; 72; 27; 7; 28; 14
29,37,0.79658,0.78378,3; 11; 29; 37; 29; 19; 29; 20
8,20,0.41522,0.4,32; 6; 8; 20; 31; 5; 17; 14
26,37,0.7206,0.7027,10; 11; 26; 37; 5; 22; 20; 14
5,52,0.26703,0.09615,15; 13; 5; 52; 8; 26; 25; 20
13,64,0.23122,0.20312,9; 6; 13; 64; 13; 22; 14; 31
24,49,0.50495,0.4898,9; 5; 24; 49; 14; 9; 23; 5
38,49,0.77169,0.77551,4; 4; 38; 49; 11; 28; 29; 23
22,55,0.41443,0.4,5; 4; 22; 55; 9; 15; 22; 30
10,39,0.30505,0.25641,23; 20; 10; 39; 31; 11; 14; 17
25,40,0.63225,0.625,13; 13; 25; 40; 4; 23; 31; 4
18,45,0.42747,0.4,3; 11; 18; 45; 17; 15; 5; 8
39,44,0.85484,0.88636,5; 7; 39; 44; 29; 3; 32; 17
18,43,0.44034,0.4186,16; 12; 18; 43; 4; 8; 28; 23
17,43,0.39574,0.39535,18; 18; 17; 43; 24; 24; 5; 4
10,26,0.35726,0.38462,5; 14; 10; 26; 29; 19; 25; 10
6,69,0.23294,0.08696,7; 5; 6; 69; 8; 10; 20; 13
14,19,0.82145,0.73684,30; 5; 14; 19; 12; 5; 20; 9
21,59,0.36072,0.35593,5; 5; 21; 59; 29; 11; 25; 14
32,41,0.7906,0.78049,4; 7; 32; 41; 20; 15; 27; 13
5,14,0.2615,0.35714,10; 8; 5; 14; 22; 15; 12; 26
18,50,0.36012,0.36,15; 4; 18; 50; 19; 20; 3; 21
21,52,0.40515,0.40385,3; 10; 21; 52; 4; 27; 23; 17
8,19,0.58794,0.42105,11; 7; 8; 19; 10; 27; 7; 14
9,44,0.25092,0.20455,8; 16; 9; 44; 14; 26; 11; 7
25,32,0.76246,0.78125,20; 6; 25; 32; 16; 27; 12; 19
24,57,0.43234,0.42105,3; 5; 24; 57; 18; 10; 4; 31
8,22,0.34835,0.36364,14; 30; 8; 22; 13; 20; 32; 20
20,53,0.36206,0.37736,12; 5; 20; 53; 14; 24; 11; 7
19,48,0.38245,0.39583,13; 13; 19; 48; 12; 26; 23; 26
24,34,0.68668,0.70588,17; 3; 24; 34; 29; 6; 26; 10
34,54,0.63803,0.62963,4; 3; 34; 54; 16; 15; 4; 28
11,29,0.38256,0.37931,24; 22; 11; 29; 16; 32; 7; 18
21,30,0.68585,0.7,7; 15; 21; 30; 12; 9; 27; 15
21,56,0.37593,0.375,9; 10; 21; 56; 21; 5; 30; 22
11,68,0.18353,0.16176,9; 7; 11; 68; 10; 16; 12; 23
18,69,0.29218,0.26087,4; 3; 18; 69; 25; 15; 27; 16
7,27,0.2526,0.25926,29; 30; 7; 27; 8; 22; 10; 3
32,51,0.60103,0.62745,7; 3; 32; 51; 29; 20; 31; 15
20,48,0.42145,0.41667,4; 4; 20; 48; 4; 19; 11; 31
9,34,0.25969,0.26471,15; 7; 9; 34; 20; 5; 22; 10
18,70,0.32527,0.25714,3; 4; 18; 70; 30; 27; 26; 13
8,78,0.23885,0.10256,5; 5; 8; 78; 3; 15; 3; 20
7,78,0.23832,0.08974,3; 5; 7; 78; 5; 10; 7; 29
25,35,0.7077,0.71429,3; 13; 25; 35; 28; 14; 11; 21
14,69,0.24228,0.2029,5; 3; 14; 69; 31; 14; 31; 4
12,33,0.38916,0.36364,20; 7; 12; 33; 13; 26; 13; 12
20,41,0.49122,0.4878,7; 8; 20; 41; 11; 7; 4; 15
14,71,0.22858,0.19718,6; 3; 14; 71; 25; 5; 31; 20
8,28,0.2419,0.28571,24; 19; 8; 28; 9; 26; 20; 9
19,53,0.38997,0.35849,7; 11; 19; 53; 20; 3; 9; 24
29,37,0.77483,0.78378,8; 11; 29; 37; 22; 30; 23; 13
7,77,0.24832,0.09091,5; 7; 7; 77; 22; 6; 19; 22
6,21,0.30725,0.28571,13; 20; 6; 21; 28; 10; 29; 26
6,60,0.22399,0.1,7; 5; 6; 60; 10; 8; 6; 15
26,62,0.4645,0.41935,5; 4; 26; 62; 15; 6; 13; 16
22,52,0.44069,0.42308,4; 7; 22; 52; 19; 10; 18; 18
23,55,0.42328,0.41818,8; 7; 23; 55; 30; 12; 25; 14
31,42,0.75596,0.7381,4; 12; 31; 42; 8; 6; 10; 18
8,80,0.27608,0.1,4; 4; 8; 80; 28; 4; 13; 31
6,59,0.2007,0.10169,13; 6; 6; 59; 4; 7; 29; 16
21,59,0.36973,0.35593,7; 9; 21; 59; 14; 26; 5; 24
6,59,0.22189,0.10169,5; 6; 6; 59; 28; 8; 26; 22
20,56,0.3674,0.35714,7; 3; 20; 56; 20; 24; 25; 11
7,80,0.22467,0.0875,3; 5; 7; 80; 8; 17; 26; 8
25,62,0.42245,0.40323,3; 3; 25; 62; 12; 15; 8; 16
23,58,0.4018,0.39655,7; 4; 23; 58; 23; 16; 17; 13
9,59,0.19582,0.15254,3; 11; 9; 59; 10; 30; 13; 25
15,75,0.25991,0.2,3; 4; 15; 75; 12; 12; 32; 18
16,44,0.37215,0.36364,15; 19; 16; 44; 26; 27; 4; 3
31,44,0.7007,0.70455,6; 7; 31; 44; 21; 12; 22; 28
27,55,0.49903,0.49091,4; 3; 27; 55; 8; 8; 13; 3
12,19,0.6914,0.63158,5; 3; 12; 19; 7; 16; 20; 17
14,37,0.33737,0.37838,11; 9; 14; 37; 14; 20; 4; 29
12,33,0.35564,0.36364,11; 9; 12; 33; 9; 30; 26; 27
7,35,0.27917,0.2,12; 24; 7; 35; 8; 32; 32; 19
28,40,0.65638,0.7,7; 5; 28; 40; 5; 9; 12; 16
7,76,0.22641,0.09211,5; 6; 7; 76; 18; 22; 19; 17
22,58,0.39703,0.37931,3; 8; 22; 58; 21; 15; 21; 8
27,38,0.68092,0.71053,10; 9; 27; 38; 8; 30; 17; 24
15,36,0.43835,0.41667,15; 22; 15; 36; 6; 7; 9; 30
18,63,0.31598,0.28571,6; 3; 18; 63; 17; 7; 20; 27
14,33,0.4304,0.42424,20; 7; 14; 33; 28; 26; 15; 26
39,44,0.88024,0.88636,5; 4; 39; 44; 25; 15; 12; 7
19,30,0.61823,0.63333,11; 12; 19; 30; 25; 32; 12; 16
5,7,0.80335,0.71429,40; 8; 5; 7; 3; 10; 22; 27
24,34,0.67782,0.70588,20; 13; 24; 34; 30; 10; 25; 6
24,46,0.54182,0.52174,9; 12; 24; 46; 32; 7; 19; 18
32,46,0.6488,0.69565,7; 5; 32; 46; 27; 29; 15; 6
16,56,0.31049,0.28571,10; 8; 16; 56; 17; 15; 24; 15
12,47,0.24963,0.25532,13; 8; 12; 47; 6; 27; 6; 7
9,34,0.27977,0.26471,22; 17; 9; 34; 32; 19; 19; 7
25,59,0.43093,0.42373,7; 7; 25; 59; 12; 18; 19; 17
17,19,0.88761,0.89474,14; 13; 17; 19; 29; 6; 18; 20
8,19,0.32964,0.42105,25; 32; 8; 19; 13; 6; 7; 18
26,41,0.62656,0.63415,12; 7; 26; 41; 7; 31; 11; 10
28,54,0.51955,0.51852,4; 5; 28; 54; 3; 16; 25; 23
6,15,0.46745,0.4,27; 5; 6; 15; 6; 6; 15; 32
18,68,0.28051,0.26471,3; 3; 18; 68; 8; 25; 12; 6
15,24,0.6259,0.625,15; 13; 15; 24; 12; 11; 12; 15
13,36,0.3835,0.36111,24; 9; 13; 36; 21; 28; 5; 6
23,44,0.52154,0.52273,13; 8; 23; 44; 28; 11; 17; 16
7,45,0.23472,0.15556,7; 8; 7; 45; 6; 5; 15; 27
5,7,0.73865,0.71429,15; 9; 5; 7; 20; 23; 7; 22
17,19,0.85845,0.89474,19; 22; 17; 19; 25; 8; 26; 18
31,35,0.88258,0.88571,13; 14; 31; 35; 15; 3; 24; 23
15,74,0.23929,0.2027,4; 4; 15; 74; 17; 32; 23; 21
5,54,0.24895,0.09259,11; 12; 5; 54; 18; 18; 9; 24
25,62,0.40555,0.40323,3; 3; 25; 62; 30; 8; 30; 26
20,48,0.42794,0.41667,8; 12; 20; 48; 14; 28; 14; 21
18,70,0.2965,0.25714,4; 5; 18; 70; 23; 3; 20; 23
29,46,0.64025,0.63043,10; 9; 29; 46; 14; 4; 29; 9
20,27,0.65596,0.74074,11; 18; 20; 27; 3; 9; 18; 13
13,25,0.49923,0.52,28; 6; 13; 25; 25; 14; 21; 7
21,50,0.44921,0.42,3; 4; 21; 50; 15; 12; 3; 24
33,37,0.89448,0.89189,4; 12; 33; 37; 5; 26; 4; 32
28,40,0.67698,0.7,12; 15; 28; 40; 18; 18; 11; 20
12,19,0.78871,0.63158,5; 29; 12; 19; 7; 22; 31; 20
22,53,0.42917,0.41509,3; 7; 22; 53; 31; 23; 11; 21
5,34,0.34803,0.14706,28; 28; 5; 34; 31; 21; 20; 17
24,63,0.41894,0.38095,4; 5; 24; 63; 3; 27; 12; 13
11,54,0.2554,0.2037,3; 13; 11; 54; 30; 16; 9; 21
38,49,0.77834,0.77551,4; 3; 38; 49; 15; 4; 16; 13
29,59,0.50769,0.49153,4; 5; 29; 59; 7; 6; 3; 7
23,61,0.40616,0.37705,3; 7; 23; 61; 29; 26; 22; 14
6,70,0.23185,0.08571,11; 7; 6; 70; 9; 19; 27; 8
6,62,0.21211,0.09677,14; 9; 6; 62; 17; 29; 7; 18
11,67,0.22751,0.16418,6; 7; 11; 67; 20; 14; 16; 16
13,25,0.51175,0.52,22; 25; 13; 25; 3; 11; 19; 32
8,40,0.22438,0.2,4; 17; 8; 40; 12; 31; 17; 28
17,47,0.38742,0.3617,7; 13; 17; 47; 27; 21; 12; 27
22,55,0.41907,0.4,8; 6; 22; 55; 9; 21; 5; 28
10,68,0.22271,0.14706,8; 8; 10; 68; 17; 7; 27; 18
21,53,0.39063,0.39623,7; 8; 21; 53; 20; 18; 7; 6
6,66,0.21014,0.09091,10; 7; 6; 66; 24; 10; 12; 11
5,56,0.22271,0.08929,12; 9; 5; 56; 19; 18; 30; 9
20,27,0.7865,0.74074,8; 18; 20; 27; 17; 4; 27; 8
26,53,0.48843,0.49057,9; 9; 26; 53; 26; 13; 8; 31
18,69,0.26901,0.26087,3; 4; 18; 69; 14; 22; 16; 23
12,74,0.24631,0.16216,4; 4; 12; 74; 9; 32; 8; 25
5,8,0.69024,0.625,12; 41; 5; 8; 8; 31; 21; 9
7,46,0.21924,0.15217,14; 22; 7; 46; 21; 9; 7; 20
36,46,0.77914,0.78261,6; 3; 36; 46; 28; 14; 13; 10
35,49,0.70772,0.71429,5; 4; 35; 49; 18; 32; 8; 14
15,57,0.28223,0.26316,8; 10; 15; 57; 7; 22; 3; 27
12,17,0.81845,0.70588,34; 9; 12; 17; 11; 5; 14; 13
20,41,0.5069,0.4878,3; 17; 20; 41; 31; 14; 32; 3
20,68,0.32,0.29412,4; 3; 20; 68; 22; 25; 15; 24
21,27,0.79388,0.77778,11; 9; 21; 27; 19; 23; 19; 9
11,38,0.30133,0.28947,17; 19; 11; 38; 25; 20; 7; 30
12,32,0.37924,0.375,27; 13; 12; 32; 16; 6; 27; 27
15,29,0.52152,0.51724,22; 16; 15; 29; 4; 18; 8; 17
17,42,0.40493,0.40476,19; 19; 17; 42; 19; 10; 26; 13
14,54,0.28381,0.25926,12; 3; 14; 54; 22; 19; 31; 3
18,68,0.27609,0.26471,5; 5; 18; 68; 9; 10; 8; 4
16,18,0.90887,0.88889,4; 32; 16; 18; 26; 14; 29; 19
18,37,0.46752,0.48649,15; 17; 18; 37; 19; 29; 23; 12
17,23,0.81454,0.73913,26; 12; 17; 23; 29; 18; 30; 11
20,56,0.36021,0.35714,6; 5; 20; 56; 15; 22; 21; 19
20,32,0.61109,0.625,16; 20; 20; 32; 9; 12; 9; 25
13,65,0.22199,0.2,6; 8; 13; 65; 14; 14; 15; 21
7,48,0.23702,0.14583,12; 5; 7; 48; 32; 9; 3; 32
16,18,0.87394,0.88889,23; 19; 16; 18; 23; 5; 6; 17
6,66,0.23998,0.09091,5; 9; 6; 66; 6; 13; 32; 24
9,46,0.28317,0.19565,18; 11; 9; 46; 26; 10; 15; 22
16,44,0.3531,0.36364,17; 5; 16; 44; 20; 24; 23; 12
11,75,0.21869,0.14667,4; 3; 11; 75; 3; 13; 10; 19
26,41,0.6148,0.63415,11; 6; 26; 41; 18; 25; 7; 5
21,43,0.5093,0.48837,10; 11; 21; 43; 30; 24; 8; 9
22,53,0.41827,0.41509,6; 7; 22; 53; 17; 10; 20; 18
8,82,0.1879,0.09756,4; 3; 8; 82; 3; 8; 30; 17
29,41,0.68276,0.70732,5; 3; 29; 41; 19; 19; 13; 25
28,54,0.54714,0.51852,6; 4; 28; 54; 3; 21; 11; 12
24,66,0.4127,0.36364,4; 3; 24; 66; 19; 27; 28; 21
9,44,0.22225,0.20455,14; 3; 9; 44; 31; 29; 7; 21
25,62,0.39423,0.40323,5; 5; 25; 62; 17; 11; 31; 29
12,59,0.24837,0.20339,5; 11; 12; 59; 25; 17; 20; 28
9,31,0.2923,0.29032,21; 23; 9; 31; 30; 3; 27; 9
25,60,0.43848,0.41667,3; 4; 25; 60; 4; 6; 24; 16
18,68,0.27874,0.26471,3; 4; 18; 68; 23; 27; 31; 9
12,61,0.21673,0.19672,9; 9; 12; 61; 19; 22; 14; 13
7,81,0.26128,0.08642,3; 4; 7; 81; 19; 22; 19; 5
28,38,0.73574,0.73684,14; 11; 28; 38; 10; 20; 12; 23
21,27,0.82788,0.77778,20; 9; 21; 27; 22; 25; 18; 11
5,25,0.24605,0.2,12; 5; 5; 25; 15; 3; 7; 18
14,35,0.36899,0.4,8; 22; 14; 35; 9; 21; 26; 25
9,59,0.21652,0.15254,12; 15; 9; 59; 19; 18; 7; 9
27,43,0.63096,0.62791,14; 11; 27; 43; 24; 26; 13; 27
39,50,0.74864,0.78,3; 4; 39; 50; 26; 29; 15; 27
11,71,0.20902,0.15493,8; 3; 11; 71; 10; 31; 13; 9
17,59,0.31117,0.28814,4; 7; 17; 59; 26; 26; 13; 29
16,44,0.36308,0.36364,8; 3; 16; 44; 28; 30; 6; 13
9,61,0.27044,0.14754,10; 10; 9; 61; 6; 27; 8; 25
21,53,0.41018,0.39623,4; 10; 21; 53; 4; 9; 23; 25
12,33,0.38492,0.36364,3; 17; 12; 33; 19; 28; 14; 4
21,53,0.40094,0.39623,11; 5; 21; 53; 13; 20; 19; 8
19,66,0.30744,0.28788,4; 6; 19; 66; 11; 28; 25; 14
12,23,0.50911,0.52174,22; 5; 12; 23; 7; 10; 28; 6
5,19,0.44489,0.26316,35; 34; 5; 19; 11; 22; 26; 6
7,68,0.2188,0.10294,6; 6; 7; 68; 30; 17; 7; 21
25,51,0.49816,0.4902,5; 6; 25; 51; 14; 22; 18; 20
31,42,0.71809,0.7381,8; 8; 31; 42; 9; 26; 12; 18
32,41,0.78519,0.78049,6; 8; 32; 41; 29; 12; 4; 18
6,61,0.22864,0.09836,6; 11; 6; 61; 30; 19; 21; 22
7,48,0.24938,0.14583,4; 13; 7; 48; 18; 7; 12; 30
7,35,0.24582,0.2,6; 19; 7; 35; 19; 15; 30; 7
17,27,0.62154,0.62963,25; 14; 17; 27; 18; 22; 28; 12
16,61,0.25973,0.2623,6; 9; 16; 61; 6; 11; 26; 17
6,16,0.34748,0.375,14; 32; 6; 16; 19; 22; 10; 11
34,46,0.70866,0.73913,8; 8; 34; 46; 26; 23; 9; 26
11,42,0.25802,0.2619,10; 22; 11; 42; 22; 10; 32; 27
14,37,0.36704,0.37838,23; 17; 14; 37; 18; 13; 23; 6
17,43,0.4058,0.39535,5; 19; 17; 43; 17; 22; 22; 13
25,34,0.72455,0.73529,4; 7; 25; 34; 7; 25; 26; 4
10,63,0.21582,0.15873,12; 8; 10; 63; 15; 20; 28; 7
29,41,0.6727,0.70732,9; 5; 29; 41; 11; 28; 17; 27
17,42,0.41691,0.40476,11; 9; 17; 42; 27; 17; 6; 14
35,45,0.77233,0.77778,6; 7; 35; 45; 29; 15; 13; 32
31,40,0.7448,0.775,3; 8; 31; 40; 21; 26; 17; 13
17,45,0.35141,0.37778,7; 10; 17; 45; 19; 10; 4; 29
24,27,0.91213,0.88889,12; 20; 24; 27; 19; 5; 20; 17
25,51,0.51553,0.4902,10; 6; 25; 51; 3; 14; 11; 13
19,48,0.40896,0.39583,13; 4; 19; 48; 27; 8; 6; 29
28,54,0.52131,0.51852,4; 3; 28; 54; 8; 19; 12; 11
16,40,0.38151,0.4,7; 16; 16; 40; 6; 4; 21; 16
23,57,0.40865,0.40351,6; 6; 23; 57; 17; 11; 8; 6
32,43,0.73172,0.74419,4; 8; 32; 43; 5; 8; 28; 7
37,53,0.66818,0.69811,4; 3; 37; 53; 18; 7; 31; 25
26,35,0.75431,0.74286,15; 16; 26; 35; 15; 17; 6; 14
23,31,0.72298,0.74194,9; 13; 23; 31; 26; 8; 3; 28
10,16,0.65168,0.625,24; 25; 10; 16; 31; 7; 25; 18
13,31,0.46235,0.41935,17; 24; 13; 31; 25; 8; 5; 17
29,39,0.73489,0.74359,3; 9; 29; 39; 24; 26; 26; 10
12,61,0.24955,0.19672,7; 7; 12; 61; 10; 19; 31; 12
17,58,0.29217,0.2931,10; 11; 17; 58; 21; 15; 3; 8
32,45,0.7008,0.71111,8; 4; 32; 45; 17; 8; 29; 24
40,45,0.87338,0.88889,5; 5; 40; 45; 4; 11; 3; 25
17,27,0.62551,0.62963,4; 3; 17; 27; 12; 23; 23; 28
22,53,0.4094,0.41509,3; 8; 22; 53; 10; 22; 9; 6
29,37,0.7829,0.78378,6; 15; 29; 37; 26; 8; 13; 11
24,63,0.40676,0.38095,5; 4; 24; 63; 8; 20; 6; 9
25,34,0.68635,0.73529,11; 16; 25; 34; 24; 5; 17; 24
11,56,0.23034,0.19643,4; 14; 11; 56; 30; 27; 15; 3
7,75,0.26127,0.09333,3; 3; 7; 75; 18; 3; 30; 14
13,50,0.28208,0.26,9; 8; 13; 50; 19; 31; 7; 10
7,43,0.2384,0.16279,3; 12; 7; 43; 32; 5; 19; 5
15,21,0.72439,0.71429,11; 6; 15; 21; 15; 14; 31; 30
19,48,0.41927,0.39583,5; 7; 19; 48; 22; 23; 21; 19
8,22,0.32054,0.36364,26; 19; 8; 22; 22; 14; 18; 20
25,48,0.51745,0.52083,6; 4; 25; 48; 18; 5; 19; 30
17,35,0.46155,0.48571,11; 23; 17; 35; 3; 4; 27; 29
12,46,0.29377,0.26087,6; 5; 12; 46; 6; 22; 11; 7
22,45,0.51205,0.48889,11; 5; 22; 45; 31; 32; 13; 15
5,14,0.47038,0.35714,16; 8; 5; 14; 18; 21; 9; 24
8,53,0.24933,0.15094,8; 17; 8; 53; 3; 11; 29; 7
6,70,0.22909,0.08571,4; 9; 6; 70; 25; 6; 4; 30
25,60,0.41626,0.41667,5; 4; 25; 60; 3; 12; 21; 16
6,37,0.24639,0.16216,13; 24; 6; 37; 4; 14; 29; 22
22,31,0.69976,0.70968,16; 21; 22; 31; 28; 24; 12; 14
28,40,0.68839,0.7,3; 15; 28; 40; 3; 9; 30; 30
31,44,0.67915,0.70455,4; 3; 31; 44; 23; 23; 22; 13
5,17,0.37673,0.29412,20; 20; 5; 17; 25; 17; 26; 4
28,40,0.68272,0.7,12; 12; 28; 40; 24; 12; 9; 12
20,27,0.77169,0.74074,12; 23; 20; 27; 19; 7; 12; 26
21,43,0.48735,0.48837,13; 8; 21; 43; 6; 6; 15; 24
10,61,0.22196,0.16393,6; 12; 10; 61; 17; 18; 11; 15
28,38,0.703,0.73684,10; 8; 28; 38; 7; 22; 24; 5
31,49,0.61401,0.63265,5; 8; 31; 49; 25; 7; 11; 7
25,28,0.89538,0.89286,4; 22; 25; 28; 18; 10; 23; 18
17,43,0.40176,0.39535,13; 11; 17; 43; 18; 23; 6; 18
8,78,0.2533,0.10256,4; 4; 8; 78; 29; 26; 23; 6
6,69,0.24948,0.08696,3; 3; 6; 69; 24; 30; 32; 10
28,57,0.49711,0.49123,4; 5; 28; 57; 27; 12; 8; 15
39,50,0.77563,0.78,3; 4; 39; 50; 22; 7; 24; 12
9,56,0.30188,0.16071,12; 8; 9; 56; 24; 13; 16; 11
10,35,0.28565,0.28571,8; 12; 10; 35; 30; 11; 27; 27
22,58,0.39388,0.37931,5; 6; 22; 58; 7; 20; 11; 6
33,37,0.87968,0.89189,9; 9; 33; 37; 26; 5; 12; 14
13,50,0.2797,0.26,13; 14; 13; 50; 19; 7; 12; 21
6,16,0.40819,0.375,38; 25; 6; 16; 32; 17; 7; 25
11,73,0.21073,0.15068,5; 7; 11; 73; 22; 14; 6; 25
21,58,0.34865,0.36207,5; 3; 21; 58; 20; 20; 9; 25
8,28,0.28293,0.28571,30; 30; 8; 28; 14; 32; 16; 27
24,66,0.38553,0.36364,3; 4; 24; 66; 14; 23; 15; 31
20,41,0.45368,0.4878,4; 3; 20; 41; 10; 14; 20; 10
32,51,0.59903,0.62745,4; 4; 32; 51; 14; 31; 17; 31
7,74,0.24288,0.09459,6; 8; 7; 74; 14; 17; 20; 10
23,33,0.6872,0.69697,10; 17; 23; 33; 30; 15; 11; 24
12,17,0.84132,0.70588,34; 30; 12; 17; 12; 20; 15; 30
38,49,0.76721,0.77551,5; 3; 38; 49; 3; 15; 30; 19
14,37,0.3589,0.37838,5; 14; 14; 37; 7; 21; 9; 18
14,27,0.49242,0.51852,15; 8; 14; 27; 29; 19; 21; 5
7,78,0.20083,0.08974,5; 5; 7; 78; 29; 11; 6; 32
32,46,0.68642,0.69565,10; 3; 32; 46; 32; 17; 12; 17
35,49,0.6895,0.71429,5; 3; 35; 49; 14; 12; 26; 26
13,31,0.41641,0.41935,14; 8; 13; 31; 15; 5; 8; 24
15,29,0.54583,0.51724,8; 24; 15; 29; 13; 5; 14; 21
17,27,0.70711,0.62963,15; 22; 17; 27; 19; 29; 10; 20
11,21,0.53752,0.52381,12; 8; 11; 21; 27; 9; 13; 21
22,58,0.39616,0.37931,7; 7; 22; 58; 23; 14; 9; 17
11,54,0.27483,0.2037,15; 13; 11; 54; 28; 28; 12; 13
31,42,0.68184,0.7381,9; 6; 31; 42; 4; 23; 4; 10
17,47,0.35272,0.3617,14; 16; 17; 47; 29; 24; 18; 12
30,58,0.53722,0.51724,5; 3; 30; 58; 18; 20; 32; 5
16,56,0.3071,0.28571,13; 5; 16; 56; 24; 26; 28; 17
30,43,0.69327,0.69767,8; 7; 30; 43; 14; 29; 5; 14
26,50,0.4933,0.52,7; 11; 26; 50; 31; 18; 20; 7
20,55,0.38748,0.36364,11; 4; 20; 55; 14; 6; 21; 22
11,73,0.25428,0.15068,6; 5; 11; 73; 19; 23; 6; 7
26,35,0.75027,0.74286,17; 4; 26; 35; 31; 8; 19; 9
42,47,0.88158,0.89362,3; 4; 42; 47; 7; 28; 8; 13
8,52,0.23988,0.15385,18; 10; 8; 52; 14; 16; 15; 19
16,40,0.42323,0.4,10; 6; 16; 40; 11; 17; 30; 21
11,72,0.22709,0.15278,4; 5; 11; 72; 8; 9; 5; 9
7,68,0.18314,0.10294,4; 4; 7; 68; 27; 18; 7; 7
12,30,0.36275,0.4,27; 8; 12; 30; 25; 31; 10; 5
18,37,0.50451,0.48649,8; 8; 18; 37; 9; 9; 7; 3
7,70,0.22749,0.1,7; 5; 7; 70; 20; 11; 19; 7
6,69,0.24582,0.08696,11; 9; 6; 69; 4; 4; 19; 6
5,57,0.25365,0.08772,13; 17; 5; 57; 22; 18; 14; 30
6,70,0.25212,0.08571,3; 3; 6; 70; 19; 22; 28; 24
21,43,0.51555,0.48837,13; 5; 21; 43; 3; 17; 5; 12
5,56,0.23422,0.08929,6; 12; 5; 56; 3; 20; 21; 3
17,27,0.71526,0.62963,15; 22; 17; 27; 18; 11; 12; 3
25,34,0.74381,0.73529,14; 14; 25; 34; 9; 17; 5; 13
7,48,0.23298,0.14583,12; 17; 7; 48; 28; 19; 32; 8
11,54,0.24377,0.2037,10; 14; 11; 54; 5; 15; 6; 4
5,58,0.23819,0.08621,14; 8; 5; 58; 7; 16; 26; 17
7,78,0.23352,0.08974,5; 6; 7; 78; 32; 17; 8; 11
34,54,0.64243,0.62963,5; 5; 34; 54; 30; 12; 9; 30
41,46,0.86972,0.8913,4; 5; 41; 46; 13; 22; 22; 7
18,62,0.31324,0.29032,4; 9; 18; 62; 4; 18; 23; 30
21,27,0.81559,0.77778,22; 18; 21; 27; 20; 9; 20; 21
24,60,0.43261,0.4,7; 6; 24; 60; 15; 11; 25; 24
5,34,0.22584,0.14706,8; 28; 5; 34; 8; 5; 6; 13
17,27,0.6405,0.62963,7; 11; 17; 27; 25; 11; 30; 24
32,41,0.75874,0.78049,10; 7; 32; 41; 12; 31; 13; 24
6,59,0.20545,0.10169,10; 12; 6; 59; 11; 31; 28; 20
6,69,0.19088,0.08696,4; 11; 6; 69; 14; 28; 12; 24
17,47,0.36965,0.3617,14; 6; 17; 47; 6; 5; 8; 4
12,41,0.3167,0.29268,15; 12; 12; 41; 20; 6; 19; 31
29,39,0.7448,0.74359,12; 13; 29; 39; 31; 6; 28; 26
15,42,0.40303,0.35714,17; 9; 15; 42; 6; 20; 6; 11
11,21,0.54619,0.52381,21; 33; 11; 21; 19; 32; 6; 29
10,26,0.34682,0.38462,5; 31; 10; 26; 6; 25; 31; 8
24,46,0.51932,0.52174,11; 4; 24; 46; 12; 4; 7; 31
12,32,0.36791,0.375,25; 20; 12; 32; 8; 7; 27; 16
31,40,0.76122,0.775,6; 12; 31; 40; 22; 8; 31; 18
25,51,0.52949,0.4902,10; 11; 25; 51; 24; 12; 6; 6
36,51,0.67796,0.70588,5; 5; 36; 51; 13; 20; 4; 4
23,31,0.71831,0.74194,12; 11; 23; 31; 30; 6; 9; 25
9,35,0.29237,0.25714,16; 8; 9; 35; 12; 25; 23; 9
22,61,0.35775,0.36066,5; 3; 22; 61; 15; 16; 14; 30
17,65,0.27885,0.26154,3; 6; 17; 65; 29; 14; 20; 29
19,39,0.50833,0.48718,12; 19; 19; 39; 15; 11; 25; 15
21,27,0.84573,0.77778,5; 3; 21; 27; 11; 30; 19; 22
33,37,0.89329,0.89189,8; 10; 33; 37; 23; 7; 4; 28
19,45,0.44382,0.42222,9; 7; 19; 45; 15; 27; 26; 18
14,54,0.26945,0.25926,8; 9; 14; 54; 23; 3; 26; 21
19,39,0.50991,0.48718,11; 16; 19; 39; 28; 23; 17; 27
15,57,0.26989,0.26316,4; 8; 15; 57; 23; 5; 4; 10
12,75,0.2247,0.16,3; 3; 12; 75; 27; 13; 25; 27
37,53,0.68709,0.69811,4; 3; 37; 53; 3; 3; 22; 6
13,64,0.20865,0.20312,3; 4; 13; 64; 5; 7; 16; 18
17,23,0.76718,0.73913,3; 13; 17; 23; 26; 28; 10; 13
5,48,0.26599,0.10417,15; 16; 5; 48; 28; 19; 30; 12
7,9,0.81121,0.77778,16; 28; 7; 9; 23; 22; 27; 22
23,47,0.50352,0.48936,13; 4; 23; 47; 6; 14; 13; 10
17,23,0.80778,0.73913,8; 19; 17; 23; 19; 7; 32; 19
12,42,0.2948,0.28571,7; 13; 12; 42; 15; 11; 20; 17
17,58,0.3058,0.2931,9; 7; 17; 58; 4; 32; 28; 27
27,55,0.53354,0.49091,4; 6; 27; 55; 12; 19; 7; 17
21,27,0.82154,0.77778,24; 6; 21; 27; 7; 19; 4; 12
21,53,0.40001,0.39623,8; 12; 21; 53; 7; 18; 30; 17
19,39,0.49825,0.48718,14; 3; 19; 39; 15; 6; 15; 32
12,41,0.29234,0.29268,5; 20; 12; 41; 3; 31; 10; 15
32,41,0.76282,0.78049,12; 11; 32; 41; 25; 13; 27; 15
6,15,0.52556,0.4,19; 18; 6; 15; 15; 32; 20; 24
5,19,0.31972,0.26316,25; 18; 5; 19; 6; 24; 8; 13
24,46,0.54427,0.52174,11; 12; 24; 46; 32; 19; 26; 14
37,50,0.73241,0.74,4; 5; 37; 50; 18; 28; 20; 31
22,45,0.50294,0.48889,4; 9; 22; 45; 30; 13; 18; 25
6,30,0.25053,0.2,20; 25; 6; 30; 13; 17; 18; 23
22,35,0.59809,0.62857,18; 3; 22; 35; 15; 4; 21; 18
5,56,0.23288,0.08929,15; 9; 5; 56; 31; 14; 5; 25
31,40,0.77039,0.775,11; 5; 31; 40; 19; 7; 3; 4
13,36,0.37547,0.36111,12; 20; 13; 36; 12; 31; 12; 11
7,76,0.20618,0.09211,3; 3; 7; 76; 5; 5; 32; 23
32,46,0.67814,0.69565,4; 8; 32; 46; 4; 21; 32; 13
16,40,0.40417,0.4,9; 18; 16; 40; 3; 25; 26; 6
18,69,0.3007,0.26087,5; 4; 18; 69; 20; 13; 15; 23
5,25,0.2905,0.2,27; 6; 5; 25; 32; 7; 30; 6
36,46,0.80151,0.78261,7; 5; 36; 46; 29; 12; 18; 18
9,24,0.3506,0.375,10; 13; 9; 24; 6; 3; 23; 28
21,53,0.43547,0.39623,11; 3; 21; 53; 4; 7; 19; 19
22,45,0.47315,0.48889,6; 11; 22; 45; 31; 8; 6; 32
15,24,0.66936,0.625,19; 22; 15; 24; 27; 26; 15; 22
24,34,0.70796,0.70588,7; 12; 24; 34; 13; 26; 17; 9
26,41,0.65263,0.63415,7; 15; 26; 41; 27; 9; 17; 30
5,51,0.20962,0.09804,21; 12; 5; 51; 3; 16; 23; 18
24,49,0.48231,0.4898,11; 12; 24; 49; 24; 20; 14; 23
19,66,0.2881,0.28788,3; 4; 19; 66; 25; 6; 21; 28
32,46,0.69458,0.69565,7; 10; 32; 46; 7; 18; 4; 23
27,55,0.488,0.49091,8; 3; 27; 55; 3; 13; 3; 4
21,30,0.68418,0.7,20; 8; 21; 30; 15; 29; 8; 30
22,31,0.71929,0.70968,21; 14; 22; 31; 27; 31; 3; 23
14,48,0.2901,0.29167,8; 15; 14; 48; 3; 3; 31; 5
5,51,0.27187,0.09804,8; 19; 5; 51; 3; 12; 30; 4
7,76,0.21943,0.09211,5; 6; 7; 76; 16; 29; 10; 11
11,71,0.20803,0.15493,5; 3; 11; 71; 7; 23; 5; 30
10,67,0.2037,0.14925,9; 10; 10; 67; 8; 29; 10; 30
9,60,0.23303,0.15,10; 10; 9; 60; 31; 14; 18; 10
6,66,0.20843,0.09091,11; 13; 6; 66; 22; 15; 14; 9
13,34,0.38721,0.38235,3; 10; 13; 34; 13; 15; 7; 21
5,25,0.29072,0.2,32; 34; 5; 25; 19; 8; 23; 9
5,48,0.22578,0.10417,5; 17; 5; 48; 12; 17; 26; 10
29,39,0.74006,0.74359,13; 14; 29; 39; 10; 15; 25; 25
7,79,0.21415,0.08861,3; 5; 7; 79; 11; 23; 14; 21
5,33,0.21536,0.15152,20; 15; 5; 33; 32; 11; 23; 16
12,61,0.276,0.19672,12; 5; 12; 61; 11; 16; 8; 9
17,43,0.40693,0.39535,17; 10; 17; 43; 6; 23; 23; 28
35,47,0.74461,0.74468,3; 3; 35; 47; 21; 18; 18; 19
14,18,0.8569,0.77778,17; 18; 14; 18; 12; 23; 15; 25
42,47,0.8846,0.89362,3; 3; 42; 47; 7; 27; 19; 18
14,18,0.85351,0.77778,18; 26; 14; 18; 11; 28; 15; 32
16,23,0.65019,0.69565,10; 15; 16; 23; 16; 10; 26; 19
23,57,0.40324,0.40351,6; 3; 23; 57; 4; 15; 13; 14
9,59,0.24841,0.15254,11; 9; 9; 59; 30; 12; 27; 21
34,46,0.70549,0.73913,4; 3; 34; 46; 16; 26; 3; 27
17,43,0.37346,0.39535,11; 8; 17; 43; 19; 19; 32; 5
12,41,0.31441,0.29268,5; 20; 12; 41; 15; 5; 28; 9
23,47,0.48302,0.48936,6; 11; 23; 47; 16; 16; 22; 21
20,70,0.29502,0.28571,4; 4; 20; 70; 27; 32; 14; 12
24,60,0.41037,0.4,4; 5; 24; 60; 24; 29; 14; 20
8,78,0.22268,0.10256,4; 6; 8; 78; 28; 9; 18; 6
25,62,0.40389,0.40323,5; 5; 25; 62; 20; 29; 20; 25
15,57,0.27523,0.26316,10; 7; 15; 57; 5; 25; 32; 3
11,56,0.25699,0.19643,11; 12; 11; 56; 12; 9; 17; 23
22,61,0.38311,0.36066,6; 7; 22; 61; 26; 5; 18; 26
5,7,0.72322,0.71429,4; 35; 5; 7; 14; 31; 18; 7
23,31,0.72029,0.74194,18; 13; 23; 31; 7; 24; 11; 26
10,64,0.25167,0.15625,8; 5; 10; 64; 4; 14; 22; 7
37,50,0.74271,0.74,5; 4; 37; 50; 5; 24; 26; 29
6,15,0.31444,0.4,19; 3; 6; 15; 12; 32; 24; 8
6,59,0.25395,0.10169,5; 14; 6; 59; 25; 19; 8; 20
5,32,0.24171,0.15625,30; 30; 5; 32; 18; 12; 23; 29
30,58,0.53578,0.51724,5; 3; 30; 58; 6; 21; 27; 7
8,49,0.22511,0.16327,16; 19; 8; 49; 28; 14; 13; 10
23,61,0.40375,0.37705,3; 6; 23; 61; 20; 31; 3; 4
8,50,0.23489,0.16,10; 20; 8; 50; 3; 29; 21; 10
15,21,0.70882,0.71429,8; 29; 15; 21; 10; 22; 28; 16
21,30,0.7197,0.7,23; 18; 21; 30; 14; 13; 25; 30
10,50,0.1966,0.2,15; 19; 10; 50; 11; 6; 17; 28
6,70,0.23421,0.08571,10; 4; 6; 70; 18; 27; 24; 15
12,42,0.29518,0.28571,12; 15; 12; 42; 9; 17; 27; 22
22,45,0.46678,0.48889,6; 14; 22; 45; 15; 16; 23; 11
25,59,0.43604,0.42373,6; 7; 25; 59; 24; 15; 9; 16
15,21,0.78314,0.71429,7; 28; 15; 21; 7; 9; 16; 18
32,36,0.90387,0.88889,8; 11; 32; 36; 24; 15; 30; 12
14,54,0.26563,0.25926,14; 10; 14; 54; 30; 30; 19; 13
9,61,0.21165,0.14754,10; 12; 9; 61; 30; 18; 22; 3
7,81,0.23261,0.08642,5; 3; 7; 81; 23; 4; 30; 3
16,56,0.2983,0.28571,11; 6; 16; 56; 30; 11; 13; 18
20,52,0.38945,0.38462,9; 11; 20; 52; 31; 29; 5; 29
29,56,0.53787,0.51786,6; 3; 29; 56; 4; 28; 25; 17
25,35,0.69597,0.71429,3; 9; 25; 35; 15; 16; 8; 16
8,81,0.20471,0.09877,3; 4; 8; 81; 8; 11; 21; 26
7,24,0.27772,0.29167,30; 25; 7; 24; 7; 22; 21; 9
18,50,0.37012,0.36,7; 11; 18; 50; 12; 15; 17; 9
27,52,0.53879,0.51923,3; 7; 27; 52; 8; 6; 29; 25
26,50,0.5347,0.52,4; 3; 26; 50; 21; 30; 14; 16
8,40,0.27059,0.2,3; 19; 8; 40; 6; 19; 19; 12
29,39,0.76458,0.74359,13; 5; 29; 39; 30; 8; 23; 23
7,35,0.26977,0.2,6; 27; 7; 35; 28; 15; 8; 13
10,34,0.26495,0.29412,19; 26; 10; 34; 25; 7; 23; 3
25,59,0.41758,0.42373,5; 7; 25; 59; 8; 8; 8; 6
23,31,0.72753,0.74194,8; 12; 23; 31; 26; 27; 15; 17
15,74,0.26511,0.2027,3; 4; 15; 74; 29; 16; 21; 20
17,27,0.62816,0.62963,26; 13; 17; 27; 29; 29; 3; 11
18,70,0.26035,0.25714,3; 5; 18; 70; 24; 16; 16; 18
12,42,0.30208,0.28571,22; 10; 12; 42; 24; 16; 22; 17
11,67,0.19681,0.16418,8; 6; 11; 67; 22; 3; 3; 12
29,37,0.7704,0.78378,15; 3; 29; 37; 5; 13; 19; 14
8,77,0.22232,0.1039,3; 6; 8; 77; 3; 22; 22; 15
8,31,0.28555,0.25806,26; 7; 8; 31; 3; 10; 29; 7
42,47,0.8877,0.89362,4; 4; 42; 47; 3; 20; 4; 19
40,45,0.91068,0.88889,6; 4; 40; 45; 30; 21; 15; 31
6,58,0.24813,0.10345,5; 10; 6; 58; 12; 30; 22; 4
18,37,0.47868,0.48649,13; 16; 18; 37; 4; 32; 14; 32
13,45,0.29672,0.28889,5; 7; 13; 45; 6; 19; 20; 26
7,78,0.18511,0.08974,4; 3; 7; 78; 22; 14; 9; 14
9,60,0.21807,0.15,14; 5; 9; 60; 30; 18; 25; 11
37,52,0.72829,0.71154,3; 4; 37; 52; 8; 16; 12; 23
10,16,0.71567,0.625,33; 28; 10; 16; 7; 4; 7; 29
6,23,0.32069,0.26087,13; 14; 6; 23; 22; 15; 21; 16
29,37,0.76076,0.78378,8; 16; 29; 37; 25; 15; 22; 15
9,60,0.2135,0.15,14; 8; 9; 60; 20; 6; 20; 6
6,15,0.32582,0.4,21; 9; 6; 15; 19; 28; 5; 31
28,40,0.69605,0.7,13; 5; 28; 40; 12; 28; 11; 28
27,43,0.603,0.62791,5; 7; 27; 43; 28; 12; 32; 11
35,47,0.76154,0.74468,4; 5; 35; 47; 7; 8; 32; 18
34,48,0.67177,0.70833,4; 6; 34; 48; 10; 17; 22; 7
36,51,0.69958,0.70588,4; 4; 36; 51; 30; 26; 28; 10
28,54,0.52632,0.51852,3; 4; 28; 54; 26; 7; 5; 3
17,19,0.88891,0.89474,14; 24; 17; 19; 20; 24; 27; 23
10,62,0.22183,0.16129,13; 8; 10; 62; 15; 32; 24; 25
26,53,0.52385,0.49057,6; 8; 26; 53; 16; 32; 8; 18
32,51,0.61277,0.62745,4; 5; 32; 51; 17; 7; 13; 4
29,59,0.51097,0.49153,3; 4; 29; 59; 13; 13; 7; 22
8,82,0.21831,0.09756,4; 3; 8; 82; 30; 8; 26; 10
19,45,0.43596,0.42222,13; 13; 19; 45; 3; 12; 18; 24
11,70,0.21204,0.15714,3; 6; 11; 70; 15; 3; 21; 28
26,35,0.7211,0.74286,13; 15; 26; 35; 27; 4; 7; 15
19,47,0.40853,0.40426,6; 16; 19; 47; 17; 12; 32; 28
11,26,0.41873,0.42308,8; 12; 11; 26; 24; 22; 9; 14
10,28,0.35548,0.35714,9; 19; 10; 28; 30; 32; 7; 19
5,53,0.27431,0.09434,6; 9; 5; 53; 5; 31; 11; 13
41,46,0.87001,0.8913,5; 4; 41; 46; 8; 20; 24; 23
9,35,0.29579,0.25714,3; 5; 9; 35; 28; 17; 28; 18
9,56,0.22788,0.16071,7; 6; 9; 56; 19; 19; 12; 21
24,38,0.64779,0.63158,6; 14; 24; 38; 23; 24; 10; 29
22,42,0.55979,0.52381,4; 6; 22; 42; 16; 31; 5; 21
29,59,0.4929,0.49153,5; 3; 29; 59; 28; 18; 21; 13
25,28,0.89062,0.89286,12; 10; 25; 28; 16; 9; 5; 31
10,28,0.29825,0.35714,20; 25; 10; 28; 20; 29; 5; 23
23,47,0.46633,0.48936,4; 11; 23; 47; 32; 27; 18; 9
7,67,0.22434,0.10448,9; 8; 7; 67; 22; 24; 23; 24
25,51,0.50628,0.4902,7; 9; 25; 51; 24; 5; 29; 32
17,58,0.31795,0.2931,3; 6; 17; 58; 18; 10; 4; 15
16,23,0.7095,0.69565,28; 23; 16; 23; 11; 7; 25; 9
21,50,0.4237,0.42,5; 7; 21; 50; 30; 23; 19; 8
11,56,0.20177,0.19643,11; 6; 11; 56; 27; 29; 11; 26
21,43,0.5075,0.48837,14; 8; 21; 43; 22; 23; 8; 22
41,46,0.90091,0.8913,5; 5; 41; 46; 25; 5; 14; 4
7,72,0.24414,0.09722,8; 9; 7; 72; 16; 17; 9; 27
10,68,0.21146,0.14706,9; 10; 10; 68; 6; 20; 9; 14
18,69,0.26075,0.26087,5; 4; 18; 69; 12; 14; 4; 27
19,27,0.7063,0.7037,18; 25; 19; 27; 9; 28; 15; 28
36,46,0.79388,0.78261,8; 7; 36; 46; 24; 4; 15; 18
28,36,0.76456,0.77778,5; 4; 28; 36; 6; 27; 16; 4
16,44,0.37897,0.36364,13; 7; 16; 44; 24; 15; 4; 9
16,42,0.39921,0.38095,10; 14; 16; 42; 29; 31; 12; 6
32,51,0.60192,0.62745,5; 4; 32; 51; 21; 30; 9; 25
26,62,0.43192,0.41935,3; 5; 26; 62; 17; 24; 23; 25
5,58,0.26363,0.08621,17; 14; 5; 58; 5; 19; 9; 14
41,46,0.89055,0.8913,4; 4; 41; 46; 11; 26; 21; 4
25,51,0.5263,0.4902,9; 4; 25; 51; 5; 11; 10; 13
16,45,0.37129,0.35556,5; 3; 16; 45; 9; 22; 14; 12
39,44,0.87357,0.88636,3; 7; 39; 44; 12; 17; 5; 16
5,12,0.67417,0.41667,32; 15; 5; 12; 18; 9; 28; 29
6,66,0.20483,0.09091,8; 7; 6; 66; 5; 14; 10; 27
16,23,0.74187,0.69565,15; 26; 16; 23; 11; 17; 28; 6
23,58,0.4272,0.39655,7; 7; 23; 58; 17; 25; 30; 12
17,42,0.43828,0.40476,3; 10; 17; 42; 22; 25; 9; 3
7,75,0.23187,0.09333,6; 8; 7; 75; 28; 19; 27; 7
10,49,0.25911,0.20408,5; 8; 10; 49; 24; 17; 15; 28
19,39,0.4633,0.48718,15; 13; 19; 39; 15; 19; 23; 9
24,66,0.36974,0.36364,4; 4; 24; 66; 9; 28; 27; 31
18,37,0.5459,0.48649,3; 17; 18; 37; 9; 15; 13; 3
23,47,0.49919,0.48936,5; 3; 23; 47; 24; 29; 3; 3
8,28,0.29801,0.28571,30; 4; 8; 28; 17; 27; 26; 9
36,51,0.68166,0.70588,5; 5; 36; 51; 17; 25; 4; 32
15,74,0.2466,0.2027,3; 4; 15; 74; 9; 16; 12; 14
26,62,0.42979,0.41935,4; 5; 26; 62; 17; 32; 11; 9
12,73,0.21706,0.16438,6; 4; 12; 73; 7; 24; 18; 26
8,55,0.229,0.14545,7; 4; 8; 55; 9; 9; 4; 7
36,51,0.66335,0.70588,3; 5; 36; 51; 30; 10; 14; 5
12,60,0.23964,0.2,11; 8; 12; 60; 32; 15; 22; 6
7,68,0.20157,0.10294,9; 7; 7; 68; 30; 25; 3; 6
16,18,0.85001,0.88889,21; 30; 16; 18; 25; 24; 25; 18
23,47,0.48637,0.48936,8; 12; 23; 47; 25; 15; 25; 8
14,48,0.31914,0.29167,15; 3; 14; 48; 3; 22; 21; 15
19,50,0.41328,0.38,3; 5; 19; 50; 5; 16; 16; 20
12,30,0.41597,0.4,26; 16; 12; 30; 11; 11; 15; 28
5,32,0.18906,0.15625,4; 17; 5; 32; 23; 22; 21; 27
11,54,0.3043,0.2037,8; 10; 11; 54; 8; 17; 30; 9
5,48,0.18971,0.10417,20; 12; 5; 48; 6; 30; 4; 4
12,32,0.36777,0.375,20; 8; 12; 32; 13; 22; 23; 3
16,62,0.28696,0.25806,5; 6; 16; 62; 18; 4; 15; 29
36,51,0.71386,0.70588,3; 4; 36; 51; 28; 15; 10; 21
6,69,0.26289,0.08696,7; 10; 6; 69; 11; 23; 28; 17
34,48,0.6899,0.70833,3; 4; 34; 48; 8; 12; 24; 10
25,51,0.50135,0.4902,8; 5; 25; 51; 13; 17; 10; 16
7,78,0.31927,0.08974,6; 3; 7; 78; 15; 11; 26; 14
22,55,0.40344,0.4,8; 10; 22; 55; 27; 22; 25; 22
16,18,0.88201,0.88889,18; 22; 16; 18; 26; 16; 20; 27
39,50,0.7894,0.78,3; 4; 39; 50; 9; 8; 9; 26
24,49,0.48541,0.4898,10; 5; 24; 49; 26; 11; 8; 27
18,37,0.48515,0.48649,5; 14; 18; 37; 23; 22; 17; 26
18,48,0.39593,0.375,10; 4; 18; 48; 18; 16; 32; 11
10,16,0.60761,0.625,10; 21; 10; 16; 5; 12; 22; 27
6,61,0.24154,0.09836,7; 15; 6; 61; 9; 8; 22; 11
9,58,0.19121,0.15517,15; 9; 9; 58; 30; 22; 9; 16
16,23,0.69939,0.69565,22; 21; 16; 23; 5; 19; 25; 7
23,58,0.42357,0.39655,3; 8; 23; 58; 21; 32; 4; 29
23,33,0.67475,0.69697,18; 14; 23; 33; 16; 20; 8; 14
7,45,0.25147,0.15556,11; 22; 7; 45; 8; 3; 32; 25
21,59,0.35569,0.35593,4; 7; 21; 59; 32; 22; 28; 6
17,23,0.84891,0.73913,4; 8; 17; 23; 12; 28; 25; 15
8,21,0.38305,0.38095,31; 22; 8; 21; 30; 18; 4; 10
18,69,0.26586,0.26087,4; 4; 18; 69; 24; 14; 8; 24
22,45,0.47798,0.48889,4; 14; 22; 45; 12; 4; 18; 31
19,48,0.39097,0.39583,4; 5; 19; 48; 3; 15; 25; 6
22,55,0.42708,0.4,5; 6; 22; 55; 32; 23; 5; 4
11,21,0.48497,0.52381,19; 8; 11; 21; 17; 18; 20; 27
25,48,0.53475,0.52083,8; 6; 25; 48; 3; 32; 20; 3
39,44,0.91025,0.88636,3; 5; 39; 44; 19; 5; 19; 9
26,53,0.49823,0.49057,9; 7; 26; 53; 16; 5; 27; 16
28,57,0.48904,0.49123,4; 6; 28; 57; 25; 31; 29; 9
25,32,0.82342,0.78125,16; 12; 25; 32; 20; 28; 5; 28
21,58,0.35844,0.36207,3; 8; 21; 58; 4; 10; 5; 7
20,53,0.3612,0.37736,10; 6; 20; 53; 3; 15; 14; 24
6,15,0.47495,0.4,30; 26; 6; 15; 6; 29; 13; 8
20,28,0.6934,0.71429,8; 17; 20; 28; 4; 25; 9; 12
12,23,0.50255,0.52174,21; 8; 12; 23; 27; 6; 22; 17
24,60,0.44161,0.4,7; 5; 24; 60; 5; 23; 28; 8
7,73,0.24245,0.09589,7; 9; 7; 73; 24; 17; 12; 15
20,55,0.38279,0.36364,11; 11; 20; 55; 13; 3; 8; 29
9,58,0.1989,0.15517,13; 12; 9; 58; 6; 10; 4; 3
17,35,0.4769,0.48571,10; 13; 17; 35; 24; 3; 15; 15
34,54,0.64025,0.62963,3; 4; 34; 54; 9; 4; 28; 24
8,21,0.33382,0.38095,12; 23; 8; 21; 32; 25; 25; 9
23,64,0.37135,0.35938,3; 5; 23; 64; 8; 24; 15; 31
15,42,0.37364,0.35714,9; 19; 15; 42; 10; 29; 4; 27
7,27,0.25571,0.25926,7; 23; 7; 27; 30; 24; 5; 7
23,55,0.42376,0.41818,8; 7; 23; 55; 17; 28; 8; 14
5,14,0.40369,0.35714,15; 31; 5; 14; 3; 7; 5; 9
15,75,0.2571,0.2,3; 3; 15; 75; 17; 16; 17; 5
24,27,0.87931,0.88889,22; 20; 24; 27; 9; 22; 29; 24
16,31,0.53607,0.51613,14; 7; 16; 31; 22; 28; 8; 4
21,59,0.35664,0.35593,7; 5; 21; 59; 12; 9; 6; 3
19,45,0.41781,0.42222,15; 5; 19; 45; 13; 6; 20; 28
8,79,0.19766,0.10127,3; 4; 8; 79; 26; 17; 12; 3
15,40,0.36748,0.375,11; 4; 15; 40; 12; 31; 29; 13
12,60,0.25099,0.2,6; 5; 12; 60; 25; 27; 30; 15
31,35,0.89302,0.88571,4; 10; 31; 35; 27; 12; 28; 29
19,53,0.35377,0.35849,8; 11; 19; 53; 14; 11; 18; 26
11,54,0.2467,0.2037,14; 12; 11; 54; 26; 17; 15; 5
12,74,0.2345,0.16216,5; 5; 12; 74; 21; 12; 31; 20
11,55,0.20869,0.2,9; 12; 11; 55; 28; 7; 19; 10
7,48,0.26978,0.14583,5; 14; 7; 48; 6; 3; 26; 19
24,49,0.51611,0.4898,5; 7; 24; 49; 26; 27; 17; 23
9,45,0.19964,0.2,20; 11; 9; 45; 22; 18; 3; 18
23,55,0.41899,0.41818,7; 6; 23; 55; 23; 17; 31; 14
22,52,0.40727,0.42308,8; 9; 22; 52; 12; 19; 26; 11
7,70,0.2318,0.1,7; 8; 7; 70; 30; 6; 16; 27
11,26,0.40909,0.42308,25; 12; 11; 26; 18; 15; 28; 32
22,31,0.70824,0.70968,9; 21; 22; 31; 5; 4; 20; 25
5,55,0.25629,0.09091,11; 14; 5; 55; 9; 30; 9; 14
21,30,0.66337,0.7,6; 6; 21; 30; 12; 14; 16; 31
15,36,0.42323,0.41667,13; 14; 15; 36; 19; 8; 5; 21
24,38,0.61638,0.63158,15; 13; 24; 38; 12; 11; 17; 3
8,51,0.24293,0.15686,4; 14; 8; 51; 26; 18; 26; 11
19,53,0.37292,0.35849,5; 7; 19; 53; 18; 3; 17; 7
15,39,0.35791,0.38462,8; 7; 15; 39; 13; 5; 31; 28
20,50,0.38761,0.4,14; 9; 20; 50; 18; 14; 14; 23
32,43,0.72603,0.74419,8; 8; 32; 43; 6; 9; 28; 4
14,69,0.24899,0.2029,6; 6; 14; 69; 22; 17; 32; 26
9,57,0.23207,0.15789,12; 13; 9; 57; 18; 19; 20; 25
9,46,0.25306,0.19565,21; 10; 9; 46; 19; 9; 13; 24
14,20,0.81618,0.7,28; 16; 14; 20; 16; 29; 26; 3
11,42,0.24932,0.2619,9; 9; 11; 42; 9; 19; 18; 8
17,24,0.75619,0.70833,8; 4; 17; 24; 28; 5; 14; 3
26,53,0.5366,0.49057,7; 3; 26; 53; 13; 22; 6; 19
25,48,0.50888,0.52083,4; 4; 25; 48; 23; 5; 31; 30
8,79,0.247,0.10127,3; 5; 8; 79; 32; 21; 4; 16
26,53,0.49836,0.49057,8; 5; 26; 53; 11; 19; 21; 14
22,31,0.69968,0.70968,19; 4; 22; 31; 20; 20; 7; 3
11,72,0.24892,0.15278,4; 5; 11; 72; 8; 26; 9; 20
20,32,0.62037,0.625,12; 17; 20; 32; 31; 21; 8; 14
15,29,0.52655,0.51724,20; 22; 15; 29; 3; 31; 19; 11
20,50,0.38922,0.4,4; 6; 20; 50; 9; 31; 11; 26
41,46,0.87574,0.8913,5; 5; 41; 46; 9; 22; 12; 23
29,39,0.72044,0.74359,10; 6; 29; 39; 22; 19; 16; 28
7,47,0.26589,0.14894,10; 7; 7; 47; 15; 28; 28; 11
37,52,0.70153,0.71154,3; 3; 37; 52; 11; 31; 28; 4
7,10,0.78994,0.7,37; 6; 7; 10; 19; 12; 28; 28
29,41,0.68856,0.70732,14; 13; 29; 41; 25; 9; 23; 29
19,66,0.30341,0.28788,3; 3; 19; 66; 26; 26; 12; 18
5,25,0.33499,0.2,26; 16; 5; 25; 13; 20; 7; 25
25,40,0.6172,0.625,9; 8; 25; 40; 31; 29; 5; 22
10,51,0.24329,0.19608,16; 8; 10; 51; 5; 23; 21; 21
11,43,0.31767,0.25581,5; 7; 11; 43; 27; 20; 3; 29
7,70,0.23602,0.1,6; 3; 7; 70; 11; 21; 13; 11
13,64,0.21331,0.20312,8; 6; 13; 64; 14; 11; 7; 26
7,71,0.22505,0.09859,7; 6; 7; 71; 8; 4; 28; 3
23,60,0.39181,0.38333,7; 5; 23; 60; 29; 3; 8; 23
23,31,0.73487,0.74194,7; 5; 23; 31; 13; 17; 8; 8
34,54,0.62627,0.62963,4; 5; 34; 54; 15; 32; 24; 17
9,35,0.24938,0.25714,16; 21; 9; 35; 16; 31; 10; 20
12,42,0.29811,0.28571,3; 19; 12; 42; 24; 19; 13; 16
13,25,0.50913,0.52,25; 15; 13; 25; 9; 22; 8; 18
41,46,0.89903,0.8913,4; 3; 41; 46; 5; 11; 25; 8
12,47,0.26873,0.25532,16; 16; 12; 47; 17; 17; 21; 32
15,36,0.40712,0.41667,11; 5; 15; 36; 16; 15; 12; 29
7,67,0.26712,0.10448,8; 5; 7; 67; 21; 7; 26; 24
8,21,0.34353,0.38095,14; 4; 8; 21; 7; 16; 14; 3
13,36,0.37309,0.36111,8; 19; 13; 36; 22; 27; 11; 3
14,49,0.28137,0.28571,8; 12; 14; 49; 8; 10; 12; 24
20,56,0.38173,0.35714,5; 3; 20; 56; 8; 8; 30; 32
16,38,0.4679,0.42105,6; 4; 16; 38; 4; 19; 28; 26
24,46,0.51345,0.52174,10; 9; 24; 46; 26; 22; 15; 17
5,56,0.21024,0.08929,9; 11; 5; 56; 17; 11; 17; 31
28,40,0.70974,0.7,13; 10; 28; 40; 21; 3; 9; 9
5,56,0.25791,0.08929,7; 14; 5; 56; 11; 28; 32; 18
31,40,0.75861,0.775,10; 6; 31; 40; 30; 27; 16; 22
17,24,0.69349,0.70833,23; 17; 17; 24; 23; 7; 19; 31
17,33,0.53048,0.51515,22; 6; 17; 33; 22; 8; 6; 8
34,48,0.70549,0.70833,5; 8; 34; 48; 21; 8; 8; 11
22,52,0.42841,0.42308,7; 7; 22; 52; 4; 17; 17; 26
36,51,0.70909,0.70588,3; 5; 36; 51; 32; 16; 8; 30
7,76,0.24049,0.09211,5; 3; 7; 76; 9; 16; 12; 17
28,54,0.54394,0.51852,4; 4; 28; 54; 21; 25; 9; 28
31,44,0.6812,0.70455,9; 5; 31; 44; 9; 5; 4; 8
23,61,0.37273,0.37705,6; 5; 23; 61; 5; 31; 13; 23
17,42,0.39992,0.40476,13; 15; 17; 42; 17; 5; 16; 14
20,56,0.35488,0.35714,11; 7; 20; 56; 24; 4; 27; 7
28,36,0.75538,0.77778,14; 14; 28; 36; 20; 17; 9; 4
5,51,0.21439,0.09804,19; 14; 5; 51; 25; 29; 23; 18
8,28,0.22144,0.28571,17; 28; 8; 28; 3; 10; 18; 13
16,38,0.42607,0.42105,16; 11; 16; 38; 16; 7; 11; 17
6,41,0.24018,0.14634,25; 10; 6; 41; 12; 31; 21; 19
11,73,0.23607,0.15068,3; 6; 11; 73; 20; 8; 18; 27
40,45,0.8839,0.88889,6; 4; 40; 45; 11; 11; 10; 11
22,42,0.48781,0.52381,11; 14; 22; 42; 21; 4; 24; 17
7,77,0.2004,0.09091,3; 5; 7; 77; 12; 17; 22; 25
25,34,0.71763,0.73529,15; 3; 25; 34; 18; 26; 23; 17
20,28,0.70285,0.71429,8; 10; 20; 28; 13; 13; 27; 31
26,50,0.54288,0.52,10; 10; 26; 50; 14; 11; 3; 4
5,8,0.70934,0.625,8; 17; 5; 8; 12; 30; 24; 22
21,59,0.35222,0.35593,9; 4; 21; 59; 22; 6; 13; 24
6,63,0.2521,0.09524,10; 7; 6; 63; 30; 31; 23; 8
26,35,0.75529,0.74286,11; 18; 26; 35; 25; 7; 27; 4
10,24,0.38828,0.41667,24; 26; 10; 24; 9; 21; 30; 15
12,61,0.24618,0.19672,7; 5; 12; 61; 8; 3; 21; 9
14,27,0.5211,0.51852,16; 13; 14; 27; 32; 16; 28; 11
31,40,0.76801,0.775,9; 9; 31; 40; 9; 18; 22; 27
7,70,0.23329,0.1,6; 4; 7; 70; 27; 14; 17; 21
12,76,0.22765,0.15789,5; 5; 12; 76; 9; 27; 20; 26
25,51,0.48803,0.4902,6; 7; 25; 51; 17; 3; 25; 11
14,19,0.83679,0.73684,17; 6; 14; 19; 27; 16; 16; 8
17,27,0.68124,0.62963,8; 5; 17; 27; 21; 26; 30; 8
39,50,0.77719,0.78,3; 4; 39; 50; 24; 27; 12; 20
10,64,0.19684,0.15625,11; 6; 10; 64; 23; 10; 6; 32
8,9,0.87093,0.88889,28; 34; 8; 9; 4; 11; 11; 6
29,56,0.55281,0.51786,3; 5; 29; 56; 25; 24; 5; 3
21,27,0.73462,0.77778,3; 4; 21; 27; 12; 22; 28; 6
22,58,0.39155,0.37931,7; 6; 22; 58; 6; 19; 25; 19
5,50,0.26308,0.1,11; 9; 5; 50; 19; 17; 29; 11
18,70,0.27909,0.25714,4; 4; 18; 70; 13; 23; 27; 23
18,50,0.3534,0.36,9; 6; 18; 50; 6; 17; 30; 9
19,39,0.52753,0.48718,8; 16; 19; 39; 29; 8; 29; 26
30,58,0.52659,0.51724,4; 4; 30; 58; 7; 9; 13; 32
20,48,0.42049,0.41667,11; 4; 20; 48; 29; 8; 27; 4
11,72,0.2053,0.15278,6; 3; 11; 72; 14; 22; 13; 28
25,63,0.40307,0.39683,5; 3; 25; 63; 28; 30; 10; 17
13,45,0.27874,0.28889,7; 5; 13; 45; 18; 3; 23; 8
18,68,0.27962,0.26471,5; 4; 18; 68; 26; 4; 10; 32
31,40,0.75131,0.775,9; 12; 31; 40; 21; 5; 31; 32
11,43,0.27311,0.25581,12; 11; 11; 43; 15; 26; 29; 9
12,17,0.8763,0.70588,11; 18; 12; 17; 3; 14; 24; 13
13,31,0.42889,0.41935,20; 13; 13; 31; 27; 32; 5; 13
13,65,0.24485,0.2,7; 10; 13; 65; 14; 26; 17; 22
32,41,0.75777,0.78049,11; 10; 32; 41; 9; 21; 20; 6
15,42,0.37755,0.35714,14; 20; 15; 42; 9; 26; 30; 22
29,41,0.71653,0.70732,10; 5; 29; 41; 8; 5; 23; 28
16,62,0.27832,0.25806,5; 6; 16; 62; 24; 23; 5; 11
14,27,0.42492,0.51852,11; 25; 14; 27; 13; 25; 13; 24
14,39,0.34899,0.35897,4; 10; 14; 39; 18; 4; 6; 19
8,31,0.27701,0.25806,22; 11; 8; 31; 27; 32; 7; 10
13,34,0.40031,0.38235,10; 22; 13; 34; 12; 19; 3; 25
28,40,0.68657,0.7,6; 15; 28; 40; 30; 25; 5; 16
12,23,0.55602,0.52174,16; 18; 12; 23; 28; 20; 25; 14
28,36,0.76533,0.77778,6; 16; 28; 36; 24; 19; 17; 12
16,38,0.44066,0.42105,21; 11; 16; 38; 29; 27; 8; 4
19,45,0.45006,0.42222,16; 6; 19; 45; 5; 12; 4; 16
23,58,0.42024,0.39655,4; 8; 23; 58; 18; 20; 18; 25
33,47,0.6954,0.70213,5; 9; 33; 47; 9; 31; 22; 30
27,55,0.52773,0.49091,6; 5; 27; 55; 22; 23; 14; 16
39,50,0.77127,0.78,3; 3; 39; 50; 31; 19; 25; 3
13,36,0.32864,0.36111,18; 20; 13; 36; 4; 6; 9; 20
14,53,0.28243,0.26415,12; 15; 14; 53; 18; 16; 32; 17
11,38,0.29969,0.28947,4; 9; 11; 38; 20; 22; 9; 5
5,14,0.4064,0.35714,13; 28; 5; 14; 14; 31; 17; 17
37,50,0.75537,0.74,5; 3; 37; 50; 30; 6; 20; 15
9,34,0.25882,0.26471,4; 24; 9; 34; 4; 6; 9; 13
8,9,0.79099,0.88889,24; 25; 8; 9; 22; 18; 8; 30
17,33,0.56463,0.51515,4; 18; 17; 33; 6; 9; 27; 9
29,46,0.61935,0.63043,3; 9; 29; 46; 3; 18; 5; 14
19,47,0.41616,0.40426,12; 13; 19; 47; 7; 6; 3; 19
28,57,0.52367,0.49123,3; 5; 28; 57; 20; 4; 32; 20
23,64,0.36226,0.35938,5; 5; 23; 64; 18; 15; 7; 13
25,62,0.38978,0.40323,5; 4; 25; 62; 10; 24; 30; 8
6,40,0.27067,0.15,6; 11; 6; 40; 19; 8; 20; 12
9,46,0.24954,0.19565,3; 12; 9; 46; 10; 27; 13; 25
9,35,0.24908,0.25714,7; 16; 9; 35; 18; 25; 20; 30
29,41,0.68605,0.70732,13; 7; 29; 41; 21; 24; 21; 26
30,48,0.6158,0.625,7; 6; 30; 48; 32; 8; 28; 28
10,65,0.22607,0.15385,4; 8; 10; 65; 14; 30; 17; 32
5,32,0.1142,0.15625,18; 23; 5; 32; 10; 20; 19; 11
28,57,0.50981,0.49123,3; 4; 28; 57; 28; 14; 3; 22
6,66,0.21798,0.09091,4; 4; 6; 66; 3; 6; 30; 6
20,41,0.51782,0.4878,11; 16; 20; 41; 14; 13; 4; 16
17,24,0.82855,0.70833,24; 28; 17; 24; 30; 14; 13; 29
29,56,0.51343,0.51786,3; 3; 29; 56; 11; 6; 21; 30
5,31,0.26074,0.16129,24; 5; 5; 31; 29; 15; 20; 3
32,43,0.69616,0.74419,4; 4; 32; 43; 13; 12; 23; 24
11,69,0.20074,0.15942,5; 7; 11; 69; 31; 4; 23; 24
24,49,0.50202,0.4898,10; 7; 24; 49; 13; 31; 18; 26
7,44,0.26914,0.15909,3; 8; 7; 44; 11; 6; 12; 31
7,48,0.21654,0.14583,6; 20; 7; 48; 24; 4; 5; 30
25,32,0.77432,0.78125,11; 8; 25; 32; 27; 3; 30; 27
22,58,0.40673,0.37931,8; 6; 22; 58; 17; 25; 15; 23
9,61,0.25674,0.14754,12; 8; 9; 61; 7; 21; 3; 25
20,52,0.35939,0.38462,13; 10; 20; 52; 13; 16; 9; 32
16,18,0.89046,0.88889,10; 16; 16; 18; 11; 3; 25; 26
15,39,0.41338,0.38462,17; 3; 15; 39; 32; 31; 13; 13
19,30,0.58499,0.63333,18; 8; 19; 30; 26; 22; 11; 32
15,21,0.77861,0.71429,25; 17; 15; 21; 19; 30; 16; 25
18,70,0.2525,0.25714,3; 3; 18; 70; 29; 31; 15; 11
23,64,0.36686,0.35938,3; 5; 23; 64; 21; 30; 8; 5
21,59,0.38779,0.35593,3; 3; 21; 59; 12; 22; 9; 22
5,56,0.26721,0.08929,7; 3; 5; 56; 30; 9; 16; 32
8,9,0.72051,0.88889,13; 23; 8; 9; 7; 13; 31; 13
33,52,0.60985,0.63462,5; 4; 33; 52; 14; 9; 18; 24
25,32,0.7482,0.78125,7; 13; 25; 32; 11; 17; 26; 29
5,25,0.36043,0.2,9; 33; 5; 25; 32; 4; 17; 15
32,51,0.61499,0.62745,4; 7; 32; 51; 3; 29; 23; 18
7,47,0.28816,0.14894,7; 6; 7; 47; 27; 8; 16; 28
27,43,0.61622,0.62791,3; 11; 27; 43; 24; 15; 19; 8
24,64,0.4118,0.375,3; 5; 24; 64; 12; 12; 26; 6
11,70,0.22597,0.15714,6; 8; 11; 70; 8; 25; 14; 9
6,40,0.20521,0.15,6; 7; 6; 40; 7; 3; 22; 27
17,27,0.6224,0.62963,10; 21; 17; 27; 31; 26; 12; 17
17,35,0.45753,0.48571,14; 12; 17; 35; 7; 30; 26; 27
15,42,0.37994,0.35714,17; 4; 15; 42; 24; 9; 7; 22
12,78,0.26532,0.15385,4; 4; 12; 78; 16; 31; 22; 13
31,35,0.90383,0.88571,9; 9; 31; 35; 23; 9; 25; 17
8,22,0.33385,0.36364,22; 30; 8; 22; 15; 29; 31; 22
6,16,0.3626,0.375,13; 24; 6; 16; 27; 10; 25; 30
31,49,0.63266,0.63265,7; 6; 31; 49; 5; 11; 29; 16
31,35,0.87609,0.88571,9; 7; 31; 35; 22; 11; 16; 10
31,35,0.85249,0.88571,14; 14; 31; 35; 23; 18; 29; 19
6,65,0.21488,0.09231,12; 3; 6; 65; 8; 11; 24; 6
16,40,0.36781,0.4,9; 18; 16; 40; 7; 8; 25; 30
12,77,0.2284,0.15584,3; 4; 12; 77; 13; 15; 14; 9
22,42,0.53215,0.52381,12; 10; 22; 42; 6; 5; 19; 10
9,60,0.19856,0.15,9; 3; 9; 60; 5; 12; 19; 31
11,74,0.23622,0.14865,5; 4; 11; 74; 15; 6; 30; 20
28,57,0.51432,0.49123,4; 6; 28; 57; 6; 28; 25; 10
33,37,0.86183,0.89189,14; 14; 33; 37; 31; 9; 12; 30
24,46,0.50091,0.52174,7; 9; 24; 46; 32; 27; 20; 7
30,43,0.70329,0.69767,10; 11; 30; 43; 7; 25; 28; 7
19,47,0.4179,0.40426,5; 15; 19; 47; 28; 19; 13; 29
29,39,0.69412,0.74359,3; 14; 29; 39; 17; 4; 11; 27
33,37,0.91645,0.89189,3; 11; 33; 37; 26; 24; 10; 10
23,64,0.37115,0.35938,5; 5; 23; 64; 9; 9; 21; 19
14,70,0.23515,0.2,7; 5; 14; 70; 15; 28; 24; 24
10,16,0.59019,0.625,24; 12; 10; 16; 13; 25; 19; 24
22,35,0.61117,0.62857,16; 20; 22; 35; 4; 22; 28; 30
7,70,0.22712,0.1,4; 4; 7; 70; 27; 12; 9; 21
29,41,0.7252,0.70732,13; 13; 29; 41; 7; 27; 4; 24
37,53,0.69969,0.69811,4; 3; 37; 53; 14; 29; 11; 11
5,54,0.26496,0.09259,12; 5; 5; 54; 30; 22; 3; 28
10,39,0.25997,0.25641,9; 8; 10; 39; 20; 5; 29; 4
25,40,0.6088,0.625,4; 12; 25; 40; 13; 12; 28; 5
17,47,0.34933,0.3617,14; 16; 17; 47; 25; 29; 8; 24
25,51,0.52098,0.4902,8; 11; 25; 51; 12; 27; 24; 26
13,66,0.23294,0.19697,9; 9; 13; 66; 4; 6; 27; 21
31,35,0.91421,0.88571,11; 5; 31; 35; 31; 18; 26; 11
12,75,0.24909,0.16,5; 4; 12; 75; 31; 11; 8; 13
40,45,0.86215,0.88889,3; 3; 40; 45; 7; 10; 29; 26
6,37,0.2114,0.16216,8; 7; 6; 37; 5; 13; 16; 28
16,40,0.41329,0.4,20; 8; 16; 40; 21; 11; 11; 8
14,54,0.28892,0.25926,4; 8; 14; 54; 8; 18; 22; 9
6,62,0.22422,0.09677,15; 9; 6; 62; 10; 25; 21; 23
6,40,0.2657,0.15,15; 8; 6; 40; 17; 21; 9; 19
24,49,0.47991,0.4898,5; 8; 24; 49; 14; 11; 31; 30
7,76,0.22305,0.09211,5; 6; 7; 76; 32; 18; 7; 8
5,17,0.32497,0.29412,36; 31; 5; 17; 22; 10; 23; 29
7,35,0.23375,0.2,10; 23; 7; 35; 5; 6; 9; 19
9,46,0.22469,0.19565,9; 3; 9; 46; 20; 18; 30; 7
11,75,0.26482,0.14667,6; 4; 11; 75; 14; 22; 30; 29
12,47,0.26726,0.25532,4; 11; 12; 47; 20; 32; 11; 32
25,63,0.40538,0.39683,4; 3; 25; 63; 18; 20; 20; 7
10,26,0.40013,0.38462,27; 13; 10; 26; 3; 31; 10; 31
6,63,0.23961,0.09524,5; 6; 6; 63; 3; 23; 5; 19
16,44,0.37351,0.36364,3; 15; 16; 44; 25; 31; 4; 29
15,57,0.27208,0.26316,10; 12; 15; 57; 11; 26; 4; 6
18,68,0.28106,0.26471,3; 3; 18; 68; 9; 10; 9; 4
26,35,0.71959,0.74286,13; 7; 26; 35; 11; 19; 19; 9
5,55,0.24143,0.09091,8; 12; 5; 55; 3; 7; 20; 21
15,74,0.22519,0.2027,3; 3; 15; 74; 6; 20; 30; 24
31,42,0.71495,0.7381,11; 8; 31; 42; 24; 24; 9; 26
23,64,0.3878,0.35938,5; 3; 23; 64; 30; 27; 15; 4
15,24,0.5816,0.625,23; 20; 15; 24; 14; 6; 17; 11
22,52,0.39982,0.42308,12; 8; 22; 52; 17; 9; 27; 9
12,46,0.25367,0.26087,20; 15; 12; 46; 23; 3; 13; 32
34,38,0.89523,0.89474,10; 7; 34; 38; 4; 10; 14; 12
10,26,0.38079,0.38462,12; 22; 10; 26; 3; 29; 20; 5
20,27,0.74355,0.74074,14; 12; 20; 27; 19; 21; 29; 23
12,74,0.24375,0.16216,5; 3; 12; 74; 14; 19; 21; 9
9,34,0.27972,0.26471,9; 16; 9; 34; 7; 20; 19; 28
14,49,0.31603,0.28571,3; 8; 14; 49; 21; 18; 10; 3
14,71,0.23621,0.19718,6; 4; 14; 71; 19; 16; 7; 12
12,78,0.22787,0.15385,3; 4; 12; 78; 20; 13; 7; 8
34,48,0.68323,0.70833,5; 8; 34; 48; 10; 31; 6; 10
8,77,0.23285,0.1039,5; 5; 8; 77; 32; 5; 31; 29
10,39,0.26026,0.25641,4; 20; 10; 39; 24; 26; 11; 18
19,50,0.40803,0.38,8; 11; 19; 50; 26; 12; 25; 25
28,36,0.74679,0.77778,16; 9; 28; 36; 17; 32; 5; 7
9,45,0.24245,0.2,11; 13; 9; 45; 30; 15; 19; 15
16,45,0.32458,0.35556,7; 9; 16; 45; 4; 20; 8; 11
14,27,0.47528,0.51852,4; 27; 14; 27; 24; 8; 27; 10
14,71,0.23841,0.19718,4; 4; 14; 71; 25; 8; 18; 31
24,49,0.48973,0.4898,10; 8; 24; 49; 21; 11; 14; 9
32,36,0.903,0.88889,10; 12; 32; 36; 27; 8; 29; 17
14,18,0.82229,0.77778,14; 21; 14; 18; 31; 26; 4; 10
16,18,0.96463,0.88889,7; 27; 16; 18; 24; 9; 16; 18
30,43,0.66009,0.69767,12; 6; 30; 43; 11; 6; 14; 17
31,40,0.75829,0.775,7; 10; 31; 40; 20; 32; 6; 10
13,50,0.27615,0.26,8; 9; 13; 50; 32; 31; 5; 20
40,45,0.87289,0.88889,6; 6; 40; 45; 7; 15; 9; 15
11,43,0.26045,0.25581,9; 16; 11; 43; 30; 6; 3; 13
23,47,0.49122,0.48936,7; 8; 23; 47; 29; 26; 23; 8
15,29,0.51748,0.51724,21; 14; 15; 29; 14; 29; 6; 18
12,73,0.2138,0.16438,5; 3; 12; 73; 28; 14; 6; 11
31,35,0.89369,0.88571,8; 9; 31; 35; 16; 20; 4; 14
29,59,0.50079,0.49153,3; 5; 29; 59; 32; 9; 25; 6
20,69,0.3157,0.28986,4; 4; 20; 69; 28; 14; 30; 11
30,42,0.68158,0.71429,10; 11; 30; 42; 5; 16; 9; 18
12,23,0.49748,0.52174,29; 25; 12; 23; 20; 21; 11; 15
14,33,0.41033,0.42424,19; 15; 14; 33; 22; 18; 13; 24
28,54,0.52468,0.51852,5; 7; 28; 54; 25; 17; 15; 22
12,77,0.19561,0.15584,4; 3; 12; 77; 11; 29; 24; 21
27,55,0.52276,0.49091,4; 5; 27; 55; 25; 14; 31; 16
29,39,0.74505,0.74359,13; 10; 29; 39; 7; 30; 24; 26
35,49,0.66962,0.71429,4; 3; 35; 49; 4; 9; 27; 21
8,41,0.24851,0.19512,24; 13; 8; 41; 11; 6; 24; 10
22,53,0.41074,0.41509,9; 7; 22; 53; 24; 32; 29; 6
10,64,0.25597,0.15625,9; 5; 10; 64; 15; 25; 22; 6
17,33,0.53335,0.51515,12; 22; 17; 33; 29; 11; 25; 17
28,36,0.77307,0.77778,11; 4; 28; 36; 20; 30; 20; 24
31,40,0.7411,0.775,11; 10; 31; 40; 3; 14; 29; 11
13,50,0.29271,0.26,14; 14; 13; 50; 10; 32; 23; 30
24,60,0.41104,0.4,4; 6; 24; 60; 14; 13; 15; 8
10,28,0.37435,0.35714,4; 8; 10; 28; 32; 11; 4; 31
29,37,0.77629,0.78378,16; 3; 29; 37; 7; 32; 17; 20
14,70,0.22724,0.2,6; 4; 14; 70; 15; 11; 17; 25
22,45,0.47844,0.48889,8; 10; 22; 45; 31; 19; 20; 9
7,70,0.23351,0.1,10; 6; 7; 70; 25; 19; 18; 13
18,48,0.36814,0.375,9; 16; 18; 48; 32; 9; 5; 18
6,41,0.23309,0.14634,19; 8; 6; 41; 6; 28; 29; 17
7,44,0.22103,0.15909,10; 17; 7; 44; 11; 17; 5; 5
29,59,0.49417,0.49153,4; 5; 29; 59; 5; 27; 18; 24
12,60,0.23338,0.2,9; 12; 12; 60; 21; 12; 6; 15
6,64,0.21974,0.09375,6; 11; 6; 64; 26; 23; 16; 7
10,65,0.18902,0.15385,9; 7; 10; 65; 23; 28; 21; 23
21,56,0.3872,0.375,4; 6; 21; 56; 4; 10; 32; 14
5,31,0.2625,0.16129,19; 24; 5; 31; 11; 32; 12; 13
35,50,0.67686,0.7,3; 6; 35; 50; 28; 5; 31; 9
12,30,0.40151,0.4,10; 13; 12; 30; 32; 7; 24; 21
19,30,0.63503,0.63333,3; 7; 19; 30; 14; 16; 4; 19
10,16,0.60527,0.625,19; 8; 10; 16; 28; 23; 3; 14
19,50,0.36853,0.38,3; 11; 19; 50; 27; 22; 8; 10
24,38,0.64255,0.63158,12; 15; 24; 38; 24; 14; 20; 9
5,55,0.21057,0.09091,15; 17; 5; 55; 7; 14; 30; 19
31,42,0.72978,0.7381,9; 11; 31; 42; 20; 19; 8; 8
31,35,0.90313,0.88571,14; 12; 31; 35; 11; 20; 27; 27
17,24,0.69016,0.70833,19; 22; 17; 24; 20; 28; 10; 23
12,30,0.42471,0.4,14; 14; 12; 30; 14; 31; 21; 31
17,59,0.30787,0.28814,5; 10; 17; 59; 9; 11; 6; 26
7,75,0.24313,0.09333,7; 5; 7; 75; 17; 7; 10; 18
37,50,0.73213,0.74,5; 3; 37; 50; 8; 25; 19; 6
38,49,0.77856,0.77551,5; 4; 38; 49; 32; 16; 9; 10
31,40,0.75492,0.775,7; 8; 31; 40; 14; 29; 12; 4
20,32,0.62056,0.625,11; 16; 20; 32; 14; 13; 17; 6
25,59,0.44668,0.42373,6; 5; 25; 59; 25; 9; 13; 31
28,57,0.50719,0.49123,5; 5; 28; 57; 5; 12; 29; 25
19,45,0.41785,0.42222,4; 6; 19; 45; 24; 18; 8; 30
25,62,0.45777,0.40323,4; 4; 25; 62; 17; 6; 15; 9
20,32,0.59459,0.625,5; 3; 20; 32; 9; 31; 6; 22
35,50,0.72725,0.7,6; 3; 35; 50; 24; 24; 6; 14
29,41,0.69438,0.70732,14; 14; 29; 41; 4; 24; 13; 23
19,27,0.71678,0.7037,22; 18; 19; 27; 10; 20; 6; 27
34,38,0.90758,0.89474,8; 13; 34; 38; 6; 9; 19; 11
5,19,0.31472,0.26316,18; 35; 5; 19; 14; 13; 21; 23
15,29,0.50765,0.51724,25; 14; 15; 29; 27; 27; 4; 4
17,24,0.77658,0.70833,28; 12; 17; 24; 10; 26; 11; 22
8,79,0.22665,0.10127,3; 4; 8; 79; 16; 15; 3; 3
10,34,0.31388,0.29412,4; 25; 10; 34; 17; 17; 22; 31
31,42,0.69107,0.7381,6; 6; 31; 42; 11; 30; 15; 22
13,66,0.22437,0.19697,3; 5; 13; 66; 15; 25; 4; 4
6,16,0.42954,0.375,34; 20; 6; 16; 9; 25; 23; 21
8,81,0.20093,0.09877,3; 3; 8; 81; 26; 25; 14; 4
8,20,0.41453,0.4,31; 18; 8; 20; 12; 22; 31; 18
9,45,0.28906,0.2,3; 14; 9; 45; 25; 24; 16; 5
29,59,0.51236,0.49153,4; 5; 29; 59; 23; 10; 17; 8
42,47,0.89274,0.89362,4; 4; 42; 47; 3; 15; 26; 4
9,24,0.45582,0.375,11; 8; 9; 24; 25; 32; 14; 12
11,26,0.46426,0.42308,20; 10; 11; 26; 16; 6; 30; 25
7,75,0.24104,0.09333,6; 4; 7; 75; 16; 12; 14; 5
18,62,0.31269,0.29032,6; 9; 18; 62; 6; 12; 21; 22
6,21,0.32408,0.28571,24; 33; 6; 21; 3; 8; 23; 28
20,32,0.58784,0.625,21; 16; 20; 32; 17; 8; 25; 17
18,37,0.50232,0.48649,18; 9; 18; 37; 25; 14; 21; 5
23,47,0.4951,0.48936,4; 13; 23; 47; 5; 29; 16; 10
14,35,0.40591,0.4,8; 6; 14; 35; 7; 22; 16; 25
12,17,0.7431,0.70588,12; 13; 12; 17; 32; 3; 22; 26
24,27,0.9304,0.88889,18; 15; 24; 27; 16; 5; 20; 12
16,61,0.26199,0.2623,4; 6; 16; 61; 30; 18; 20; 17
13,64,0.21017,0.20312,3; 8; 13; 64; 25; 17; 7; 15
23,33,0.73163,0.69697,17; 18; 23; 33; 22; 18; 19; 9
21,58,0.37607,0.36207,5; 7; 21; 58; 21; 30; 6; 3
30,58,0.54514,0.51724,3; 4; 30; 58; 21; 8; 10; 20
22,58,0.42578,0.37931,3; 5; 22; 58; 24; 26; 26; 5
23,47,0.49698,0.48936,13; 4; 23; 47; 26; 4; 22; 7
9,44,0.22485,0.20455,7; 13; 9; 44; 7; 7; 14; 14
6,41,0.23477,0.14634,19; 25; 6; 41; 31; 3; 6; 26
11,21,0.53845,0.52381,5; 27; 11; 21; 21; 32; 14; 8
18,23,0.80674,0.78261,20; 4; 18; 23; 25; 19; 6; 22
10,26,0.33331,0.38462,5; 6; 10; 26; 24; 18; 18; 24
14,35,0.37196,0.4,20; 20; 14; 35; 10; 15; 11; 17
6,15,0.39682,0.4,26; 36; 6; 15; 31; 15; 28; 9
7,81,0.2191,0.08642,5; 4; 7; 81; 32; 14; 13; 20
9,46,0.25569,0.19565,15; 20; 9; 46; 20; 13; 4; 26
10,63,0.26472,0.15873,5; 4; 10; 63; 32; 25; 23; 9
14,70,0.23066,0.2,7; 7; 14; 70; 7; 6; 30; 9
20,68,0.31146,0.29412,5; 3; 20; 68; 24; 18; 12; 25
25,51,0.50641,0.4902,10; 10; 25; 51; 13; 8; 12; 23
24,34,0.63812,0.70588,10; 11; 24; 34; 5; 15; 23; 12
11,26,0.38676,0.42308,25; 6; 11; 26; 18; 22; 26; 29
41,46,0.90719,0.8913,4; 4; 41; 46; 28; 30; 9; 5
22,55,0.42847,0.4,9; 6; 22; 55; 9; 8; 10; 17
10,49,0.23856,0.20408,15; 17; 10; 49; 13; 23; 4; 8
9,24,0.34858,0.375,21; 23; 9; 24; 3; 28; 11; 21
7,75,0.2461,0.09333,6; 5; 7; 75; 5; 19; 22; 25
29,59,0.49868,0.49153,5; 4; 29; 59; 12; 13; 30; 25
39,44,0.881,0.88636,4; 5; 39; 44; 18; 12; 22; 13
7,45,0.19189,0.15556,19; 22; 7; 45; 12; 26; 22; 5
8,19,0.43944,0.42105,22; 19; 8; 19; 16; 25; 19; 20
20,56,0.36084,0.35714,7; 7; 20; 56; 26; 14; 29; 11
8,82,0.27017,0.09756,4; 4; 8; 82; 15; 6; 23; 10
22,42,0.53638,0.52381,10; 16; 22; 42; 12; 19; 5; 4
28,36,0.75863,0.77778,17; 17; 28; 36; 15; 3; 14; 16
6,15,0.49609,0.4,21; 31; 6; 15; 4; 26; 22; 29
12,75,0.2249,0.16,5; 3; 12; 75; 26; 32; 12; 24
5,19,0.31027,0.26316,14; 10; 5; 19; 11; 13; 31; 9
6,61,0.24191,0.09836,13; 11; 6; 61; 27; 30; 5; 29
6,63,0.24329,0.09524,7; 7; 6; 63; 23; 22; 12; 19
7,74,0.22931,0.09459,4; 7; 7; 74; 5; 28; 5; 17
6,69,0.23232,0.08696,5; 7; 6; 69; 13; 6; 15; 28
7,45,0.20967,0.15556,8; 5; 7; 45; 16; 17; 23; 23
5,55,0.25,0.09091,7; 19; 5; 55; 13; 16; 6; 21
11,68,0.21445,0.16176,8; 4; 11; 68; 21; 18; 14; 30
18,47,0.3412,0.38298,16; 16; 18; 47; 12; 5; 23; 29
15,57,0.27373,0.26316,9; 6; 15; 57; 30; 4; 28; 4
13,36,0.35632,0.36111,20; 15; 13; 36; 21; 13; 3; 9
6,58,0.19594,0.10345,13; 7; 6; 58; 9; 30; 16; 7
17,35,0.44914,0.48571,3; 8; 17; 35; 18; 4; 12; 28
16,40,0.38369,0.4,17; 14; 16; 40; 23; 21; 4; 15
13,31,0.44722,0.41935,27; 25; 13; 31; 29; 6; 29; 26
21,53,0.37397,0.39623,7; 3; 21; 53; 20; 22; 16; 4
21,58,0.36741,0.36207,8; 7; 21; 58; 21; 13; 14; 28
12,23,0.55297,0.52174,26; 7; 12; 23; 29; 12; 6; 9
22,52,0.40901,0.42308,3; 12; 22; 52; 15; 22; 26; 5
10,39,0.29561,0.25641,13; 22; 10; 39; 13; 6; 19; 15
38,49,0.74532,0.77551,4; 5; 38; 49; 4; 20; 8; 6
5,48,0.22633,0.10417,9; 3; 5; 48; 19; 17; 14; 9
7,9,0.70837,0.77778,21; 27; 7; 9; 28; 4; 15; 28
10,66,0.22794,0.15152,4; 11; 10; 66; 21; 5; 32; 3
29,56,0.53193,0.51786,6; 5; 29; 56; 21; 26; 15; 25
5,17,0.39054,0.29412,34; 34; 5; 17; 16; 17; 5; 22
20,28,0.71557,0.71429,17; 3; 20; 28; 3; 14; 21; 25
12,46,0.28055,0.26087,20; 8; 12; 46; 19; 16; 15; 18
23,64,0.38879,0.35938,4; 3; 23; 64; 11; 19; 10; 26
20,32,0.63113,0.625,11; 9; 20; 32; 6; 29; 8; 18
20,32,0.59629,0.625,23; 16; 20; 32; 8; 15; 30; 6
22,58,0.37559,0.37931,4; 6; 22; 58; 3; 21; 24; 18
6,30,0.28342,0.2,7; 3; 6; 30; 9; 16; 31; 30
15,51,0.30134,0.29412,14; 13; 15; 51; 26; 15; 20; 27
6,38,0.24752,0.15789,18; 27; 6; 38; 12; 27; 9; 9
7,68,0.18368,0.10294,8; 5; 7; 68; 22; 15; 16; 22
32,46,0.67282,0.69565,7; 5; 32; 46; 31; 6; 13; 24
20,27,0.80393,0.74074,21; 4; 20; 27; 32; 32; 13; 14
20,28,0.6935,0.71429,15; 16; 20; 28; 23; 4; 13; 5
14,35,0.38305,0.4,17; 5; 14; 35; 17; 32; 20; 27
11,71,0.19166,0.15493,8; 6; 11; 71; 24; 20; 20; 12
6,41,0.27793,0.14634,14; 18; 6; 41; 13; 22; 11; 23
35,49,0.69515,0.71429,3; 6; 35; 49; 7; 19; 7; 14
11,54,0.24018,0.2037,15; 12; 11; 54; 9; 10; 5; 18
17,35,0.50082,0.48571,18; 20; 17; 35; 13; 29; 11; 24
8,55,0.22666,0.14545,5; 12; 8; 55; 30; 7; 3; 3
35,47,0.7533,0.74468,6; 3; 35; 47; 32; 20; 20; 10
20,69,0.32103,0.28986,4; 3; 20; 69; 21; 15; 14; 8
20,32,0.59627,0.625,9; 18; 20; 32; 24; 19; 4; 8
15,40,0.37363,0.375,13; 4; 15; 40; 31; 18; 16; 23
5,8,0.73658,0.625,32; 33; 5; 8; 5; 11; 5; 17
25,59,0.41509,0.42373,6; 7; 25; 59; 21; 8; 28; 20
19,53,0.37927,0.35849,7; 12; 19; 53; 18; 13; 9; 32
5,57,0.25621,0.08772,7; 7; 5; 57; 28; 6; 18; 11
30,43,0.68714,0.69767,12; 4; 30; 43; 30; 13; 15; 17
8,9,0.81598,0.88889,29; 19; 8; 9; 30; 24; 30; 4
12,30,0.38158,0.4,26; 25; 12; 30; 3; 6; 16; 16
6,63,0.22287,0.09524,14; 13; 6; 63; 27; 32; 12; 21
14,49,0.31079,0.28571,12; 16; 14; 49; 19; 29; 4; 10
14,18,0.90228,0.77778,9; 31; 14; 18; 7; 13; 18; 13
39,50,0.7748,0.78,4; 4; 39; 50; 13; 29; 4; 12
15,29,0.54533,0.51724,23; 3; 15; 29; 10; 7; 29; 21
25,35,0.71593,0.71429,11; 11; 25; 35; 10; 30; 17; 6
12,77,0.23662,0.15584,4; 4; 12; 77; 5; 29; 21; 16
22,45,0.48258,0.48889,13; 12; 22; 45; 4; 12; 26; 28
26,35,0.69309,0.74286,17; 16; 26; 35; 13; 25; 15; 31
6,58,0.23633,0.10345,14; 12; 6; 58; 23; 8; 27; 17
14,71,0.22803,0.19718,4; 6; 14; 71; 13; 16; 12; 3
37,52,0.70231,0.71154,4; 3; 37; 52; 32; 27; 8; 22
7,44,0.26308,0.15909,22; 5; 7; 44; 15; 13; 16; 14
14,20,0.71558,0.7,18; 14; 14; 20; 15; 10; 22; 24
11,67,0.20663,0.16418,9; 7; 11; 67; 25; 5; 9; 3
10,24,0.42588,0.41667,9; 28; 10; 24; 18; 21; 4; 24
21,27,0.82115,0.77778,23; 11; 21; 27; 24; 24; 8; 5
24,66,0.37889,0.36364,4; 3; 24; 66; 23; 12; 30; 15
15,57,0.274,0.26316,7; 11; 15; 57; 9; 20; 17; 19
15,51,0.31279,0.29412,6; 6; 15; 51; 28; 14; 6; 32
8,54,0.24089,0.14815,6; 18; 8; 54; 6; 28; 4; 21
20,55,0.37357,0.36364,10; 4; 20; 55; 31; 10; 30; 23
22,45,0.49013,0.48889,14; 5; 22; 45; 16; 10; 22; 7
26,62,0.43394,0.41935,3; 4; 26; 62; 31; 15; 10; 28
14,35,0.3819,0.4,21; 3; 14; 35; 7; 27; 4; 7
22,42,0.52872,0.52381,8; 13; 22; 42; 27; 28; 13; 12
29,59,0.49721,0.49153,5; 5; 29; 59; 20; 11; 26; 11
32,46,0.68141,0.69565,9; 7; 32; 46; 26; 4; 18; 28
10,62,0.23561,0.16129,3; 9; 10; 62; 19; 19; 30; 14
18,23,0.89268,0.78261,13; 19; 18; 23; 31; 26; 8; 20
13,64,0.21956,0.20312,7; 8; 13; 64; 3; 20; 17; 16
9,60,0.23351,0.15,6; 12; 9; 60; 23; 24; 12; 26
11,71,0.22037,0.15493,8; 6; 11; 71; 13; 17; 31; 12
7,70,0.23619,0.1,9; 4; 7; 70; 30; 5; 11; 23
26,37,0.68019,0.7027,8; 6; 26; 37; 17; 31; 7; 16
20,69,0.30356,0.28986,4; 3; 20; 69; 4; 19; 29; 5
18,43,0.42517,0.4186,7; 7; 18; 43; 4; 8; 17; 11
16,56,0.29685,0.28571,9; 8; 16; 56; 14; 25; 15; 29
7,70,0.23214,0.1,6; 9; 7; 70; 15; 25; 7; 17
37,52,0.70434,0.71154,3; 3; 37; 52; 25; 3; 17; 24
29,41,0.72692,0.70732,14; 7; 29; 41; 22; 28; 16; 3
30,48,0.62056,0.625,4; 10; 30; 48; 32; 20; 23; 12
32,43,0.73701,0.74419,10; 8; 32; 43; 14; 12; 13; 5
13,31,0.42718,0.41935,14; 17; 13; 31; 3; 8; 17; 27
12,75,0.23851,0.16,4; 3; 12; 75; 6; 5; 27; 29
6,40,0.30073,0.15,15; 14; 6; 40; 29; 4; 16; 26
5,57,0.2344,0.08772,7; 6; 5; 57; 8; 30; 30; 22
24,60,0.41864,0.4,4; 3; 24; 60; 19; 5; 22; 10
23,33,0.63727,0.69697,5; 13; 23; 33; 27; 20; 13; 28
10,49,0.25892,0.20408,9; 7; 10; 49; 12; 25; 23; 25
23,47,0.49397,0.48936,5; 13; 23; 47; 28; 4; 8; 24
41,46,0.85234,0.8913,4; 3; 41; 46; 6; 3; 24; 31
25,65,0.38319,0.38462,4; 3; 25; 65; 17; 16; 7; 9
28,54,0.55283,0.51852,4; 3; 28; 54; 4; 25; 24; 13
15,36,0.36939,0.41667,9; 10; 15; 36; 12; 20; 8; 23
21,50,0.40616,0.42,12; 8; 21; 50; 9; 6; 31; 11
36,51,0.69799,0.70588,3; 4; 36; 51; 12; 15; 7; 23
17,33,0.53796,0.51515,9; 6; 17; 33; 7; 30; 3; 10
8,19,0.46671,0.42105,27; 34; 8; 19; 10; 28; 3; 23
28,40,0.66211,0.7,15; 6; 28; 40; 23; 31; 12; 10
10,25,0.38149,0.4,22; 23; 10; 25; 29; 23; 19; 8
6,15,0.40275,0.4,27; 30; 6; 15; 11; 30; 15; 25
39,50,0.7765,0.78,3; 3; 39; 50; 26; 31; 4; 30
21,50,0.43286,0.42,9; 6; 21; 50; 19; 32; 5; 13
14,39,0.38532,0.35897,10; 10; 14; 39; 16; 6; 32; 22
32,51,0.6212,0.62745,3; 7; 32; 51; 24; 14; 14; 25
10,26,0.34147,0.38462,31; 16; 10; 26; 17; 16; 12; 16
17,45,0.39809,0.37778,10; 5; 17; 45; 20; 6; 19; 19
29,37,0.80088,0.78378,12; 10; 29; 37; 25; 4; 4; 6
8,40,0.23605,0.2,19; 11; 8; 40; 10; 9; 28; 19
18,45,0.36798,0.4,13; 17; 18; 45; 31; 32; 3; 10
13,31,0.42657,0.41935,19; 8; 13; 31; 28; 27; 9; 3
7,72,0.15905,0.09722,8; 7; 7; 72; 31; 11; 19; 10
14,48,0.30398,0.29167,5; 7; 14; 48; 31; 30; 17; 7
20,68,0.30097,0.29412,5; 3; 20; 68; 6; 12; 7; 16
31,35,0.873,0.88571,15; 15; 31; 35; 16; 8; 9; 3
12,17,0.87617,0.70588,4; 27; 12; 17; 17; 15; 21; 9
20,52,0.42231,0.38462,5; 5; 20; 52; 13; 8; 20; 24
10,64,0.18928,0.15625,12; 4; 10; 64; 5; 23; 5; 32
35,50,0.69525,0.7,4; 4; 35; 50; 30; 9; 3; 20
14,39,0.37713,0.35897,15; 10; 14; 39; 19; 10; 4; 27
12,23,0.54153,0.52174,8; 13; 12; 23; 9; 31; 23; 7
10,65,0.19402,0.15385,10; 10; 10; 65; 7; 13; 32; 13
33,47,0.69475,0.70213,3; 5; 33; 47; 19; 26; 32; 17
11,21,0.50209,0.52381,9; 10; 11; 21; 22; 19; 6; 12
28,54,0.5241,0.51852,7; 3; 28; 54; 16; 8; 9; 15
24,63,0.38553,0.38095,3; 4; 24; 63; 7; 18; 29; 17
30,43,0.65994,0.69767,11; 9; 30; 43; 18; 13; 24; 27
32,43,0.69267,0.74419,7; 8; 32; 43; 16; 10; 30; 31
25,32,0.80425,0.78125,16; 7; 25; 32; 12; 22; 14; 16
18,23,0.84932,0.78261,8; 20; 18; 23; 11; 23; 14; 10
6,58,0.25063,0.10345,11; 5; 6; 58; 28; 18; 30; 18
36,46,0.7797,0.78261,6; 8; 36; 46; 23; 6; 25; 14
21,27,0.82056,0.77778,17; 6; 21; 27; 4; 29; 30; 10
5,13,0.47639,0.38462,29; 10; 5; 13; 4; 3; 30; 25
29,56,0.51132,0.51786,3; 3; 29; 56; 5; 17; 22; 31
21,52,0.41299,0.40385,5; 11; 21; 52; 21; 4; 16; 27
23,33,0.71301,0.69697,21; 8; 23; 33; 3; 4; 20; 22
18,48,0.38697,0.375,16; 3; 18; 48; 8; 16; 5; 27
14,69,0.23575,0.2029,7; 4; 14; 69; 22; 21; 30; 13
30,48,0.62776,0.625,10; 8; 30; 48; 17; 22; 23; 18
11,42,0.30723,0.2619,20; 4; 11; 42; 16; 21; 7; 30
7,67,0.19986,0.10448,11; 3; 7; 67; 5; 23; 23; 32
19,30,0.63942,0.63333,6; 20; 19; 30; 15; 5; 30; 11
11,75,0.24054,0.14667,6; 6; 11; 75; 24; 29; 18; 12
30,48,0.609,0.625,9; 9; 30; 48; 25; 4; 7; 8
22,31,0.72803,0.70968,22; 3; 22; 31; 19; 5; 21; 15
15,40,0.3917,0.375,17; 13; 15; 40; 4; 32; 20; 31
21,43,0.52599,0.48837,9; 12; 21; 43; 11; 8; 15; 7
26,53,0.49803,0.49057,3; 8; 26; 53; 19; 24; 6; 8
24,34,0.72953,0.70588,6; 14; 24; 34; 17; 13; 22; 6
33,52,0.6276,0.63462,3; 3; 33; 52; 32; 32; 11; 4
20,28,0.78008,0.71429,5; 4; 20; 28; 17; 10; 25; 28
12,41,0.31791,0.29268,13; 21; 12; 41; 10; 18; 9; 30
10,16,0.67377,0.625,19; 20; 10; 16; 25; 23; 25; 21
39,50,0.78729,0.78,4; 3; 39; 50; 19; 6; 32; 12
9,59,0.20981,0.15254,14; 3; 9; 59; 14; 17; 7; 31
29,39,0.76167,0.74359,12; 6; 29; 39; 17; 19; 5; 26
10,51,0.24507,0.19608,16; 14; 10; 51; 20; 8; 11; 30
12,74,0.2334,0.16216,4; 6; 12; 74; 14; 12; 12; 29
10,64,0.21452,0.15625,6; 7; 10; 64; 19; 16; 16; 4
20,28,0.79083,0.71429,25; 3; 20; 28; 16; 17; 25; 8
10,14,0.87966,0.71429,29; 30; 10; 14; 4; 3; 5; 8
5,53,0.22841,0.09434,17; 19; 5; 53; 4; 28; 22; 31
26,41,0.61146,0.63415,12; 4; 26; 41; 29; 3; 26; 5
40,45,0.88213,0.88889,5; 3; 40; 45; 14; 23; 26; 15
18,62,0.30926,0.29032,8; 5; 18; 62; 8; 5; 19; 16
12,30,0.38996,0.4,21; 19; 12; 30; 20; 5; 24; 30
6,23,0.38737,0.26087,27; 28; 6; 23; 27; 12; 18; 32
5,54,0.26508,0.09259,15; 17; 5; 54; 24; 6; 8; 14
32,41,0.73679,0.78049,12; 8; 32; 41; 13; 28; 26; 7
7,27,0.24427,0.25926,31; 11; 7; 27; 32; 9; 8; 25
39,50,0.79205,0.78,4; 3; 39; 50; 26; 26; 16; 25
20,69,0.28271,0.28986,4; 3; 20; 69; 30; 28; 18; 12
9,44,0.27469,0.20455,6; 16; 9; 44; 16; 14; 29; 24
6,63,0.22054,0.09524,11; 3; 6; 63; 23; 17; 16; 29
11,26,0.42417,0.42308,16; 8; 11; 26; 22; 18; 32; 15
5,17,0.35155,0.29412,23; 22; 5; 17; 24; 13; 7; 20
13,36,0.38451,0.36111,24; 14; 13; 36; 15; 29; 29; 16
11,75,0.22821,0.14667,6; 5; 11; 75; 17; 9; 16; 7
17,66,0.28156,0.25758,7; 3; 17; 66; 29; 23; 5; 15
5,56,0.26901,0.08929,12; 17; 5; 56; 15; 18; 15; 30
25,63,0.38758,0.39683,5; 5; 25; 63; 7; 20; 10; 26
28,38,0.76056,0.73684,3; 11; 28; 38; 14; 14; 25; 29
8,20,0.40874,0.4,31; 32; 8; 20; 20; 14; 29; 10
18,47,0.40699,0.38298,13; 13; 18; 47; 8; 31; 15; 19
34,46,0.72488,0.73913,8; 6; 34; 46; 27; 12; 26; 29
25,60,0.44207,0.41667,3; 6; 25; 60; 25; 31; 8; 27
39,50,0.77376,0.78,3; 3; 39; 50; 29; 7; 27; 28
25,34,0.70794,0.73529,11; 10; 25; 34; 8; 18; 29; 11
18,68,0.27502,0.26471,6; 6; 18; 68; 6; 32; 29; 21
7,48,0.21894,0.14583,16; 21; 7; 48; 21; 29; 5; 20
9,44,0.23049,0.20455,7; 22; 9; 44; 24; 32; 8; 14
11,21,0.35073,0.52381,5; 5; 11; 21; 3; 30; 31; 6
21,52,0.40229,0.40385,6; 10; 21; 52; 11; 24; 22; 16
25,60,0.4507,0.41667,4; 5; 25; 60; 31; 6; 15; 22
19,50,0.39057,0.38,12; 4; 19; 50; 25; 19; 25; 21
5,52,0.21592,0.09615,14; 7; 5; 52; 20; 16; 25; 15
35,50,0.66077,0.7,4; 3; 35; 50; 10; 15; 28; 8
6,70,0.22143,0.08571,11; 9; 6; 70; 12; 4; 26; 11
19,65,0.32105,0.29231,7; 4; 19; 65; 20; 25; 21; 6
17,65,0.28278,0.26154,6; 7; 17; 65; 22; 28; 8; 12
16,38,0.45967,0.42105,3; 6; 16; 38; 16; 24; 29; 11
8,40,0.26713,0.2,20; 21; 8; 40; 21; 23; 22; 26
22,35,0.64394,0.62857,10; 18; 22; 35; 15; 15; 26; 3
23,61,0.38883,0.37705,4; 7; 23; 61; 27; 14; 21; 26
24,27,0.91239,0.88889,21; 13; 24; 27; 8; 31; 3; 11
20,70,0.29109,0.28571,4; 4; 20; 70; 28; 10; 16; 30
6,59,0.24032,0.10169,8; 11; 6; 59; 10; 29; 9; 5
11,42,0.27429,0.2619,20; 16; 11; 42; 4; 6; 14; 10
14,20,0.7528,0.7,23; 8; 14; 20; 20; 19; 7; 32
14,19,0.82059,0.73684,21; 20; 14; 19; 10; 5; 7; 10
6,38,0.19648,0.15789,25; 9; 6; 38; 13; 31; 15; 3
12,30,0.39843,0.4,8; 21; 12; 30; 29; 11; 22; 27
5,7,0.75353,0.71429,17; 8; 5; 7; 6; 22; 19; 22
12,75,0.24688,0.16,4; 5; 12; 75; 6; 13; 26; 5
7,24,0.28194,0.29167,10; 30; 7; 24; 28; 27; 32; 5
8,40,0.2843,0.2,18; 23; 8; 40; 26; 32; 13; 16
35,45,0.77524,0.77778,9; 3; 35; 45; 31; 19; 17; 23
5,54,0.23951,0.09259,4; 8; 5; 54; 28; 4; 8; 30
8,9,0.83056,0.88889,33; 31; 8; 9; 8; 15; 23; 29
5,14,0.31039,0.35714,26; 25; 5; 14; 32; 12; 13; 7
9,31,0.32584,0.29032,24; 3; 9; 31; 21; 31; 25; 10
25,34,0.69287,0.73529,5; 4; 25; 34; 22; 4; 8; 15
7,74,0.25811,0.09459,5; 3; 7; 74; 15; 29; 29; 24
7,80,0.24641,0.0875,4; 3; 7; 80; 23; 29; 4; 20
8,19,0.30552,0.42105,13; 26; 8; 19; 26; 22; 10; 12
7,9,0.76672,0.77778,5; 4; 7; 9; 32; 26; 29; 3
12,78,0.24909,0.15385,3; 3; 12; 78; 23; 24; 15; 32
7,43,0.26326,0.16279,11; 12; 7; 43; 32; 29; 14; 21
14,33,0.38938,0.42424,18; 21; 14; 33; 26; 16; 31; 11
11,55,0.27836,0.2,12; 13; 11; 55; 12; 5; 19; 10
8,53,0.2607,0.15094,4; 14; 8; 53; 20; 26; 10; 3
31,40,0.77096,0.775,12; 4; 31; 40; 4; 29; 9; 12
6,67,0.2323,0.08955,3; 9; 6; 67; 12; 6; 18; 3
39,44,0.87623,0.88636,5; 7; 39; 44; 6; 6; 29; 21
6,15,0.6371,0.4,37; 22; 6; 15; 14; 13; 32; 13
5,12,0.62802,0.41667,21; 35; 5; 12; 9; 21; 13; 13
22,45,0.56403,0.48889,15; 15; 22; 45; 29; 27; 18; 11
24,63,0.40668,0.38095,4; 3; 24; 63; 12; 32; 21; 21
20,41,0.54803,0.4878,17; 16; 20; 41; 25; 11; 7; 25
32,51,0.60397,0.62745,3; 4; 32; 51; 25; 9; 31; 7
12,47,0.27089,0.25532,3; 9; 12; 47; 22; 31; 25; 5
9,45,0.26391,0.2,20; 20; 9; 45; 17; 21; 14; 4
7,47,0.25274,0.14894,22; 10; 7; 47; 4; 5; 30; 11
5,17,0.34651,0.29412,30; 17; 5; 17; 4; 22; 4; 24
8,41,0.28564,0.19512,3; 12; 8; 41; 23; 6; 14; 7
20,48,0.40967,0.41667,10; 12; 20; 48; 8; 13; 14; 8
9,55,0.24509,0.16364,11; 16; 9; 55; 7; 18; 9; 26
34,48,0.70331,0.70833,6; 6; 34; 48; 15; 18; 21; 12
20,69,0.31679,0.28986,3; 4; 20; 69; 12; 13; 4; 8
26,50,0.52697,0.52,10; 3; 26; 50; 18; 16; 19; 25
12,33,0.33717,0.36364,26; 25; 12; 33; 23; 28; 22; 8
16,44,0.32921,0.36364,11; 3; 16; 44; 21; 7; 12; 18
12,46,0.25238,0.26087,18; 4; 12; 46; 15; 27; 12; 24
19,65,0.30611,0.29231,3; 6; 19; 65; 15; 21; 4; 32
31,49,0.63131,0.63265,6; 6; 31; 49; 26; 17; 8; 21
23,58,0.42688,0.39655,8; 7; 23; 58; 10; 14; 18; 23
32,43,0.7618,0.74419,9; 4; 32; 43; 19; 18; 30; 12
21,52,0.4074,0.40385,7; 6; 21; 52; 16; 16; 7; 6
22,45,0.50505,0.48889,6; 7; 22; 45; 20; 3; 6; 10
17,35,0.51448,0.48571,20; 15; 17; 35; 6; 19; 5; 29
6,15,0.37752,0.4,6; 24; 6; 15; 26; 7; 30; 32
15,36,0.44476,0.41667,10; 11; 15; 36; 15; 16; 26; 25
10,68,0.2306,0.14706,8; 7; 10; 68; 27; 32; 5; 28
16,40,0.36539,0.4,20; 16; 16; 40; 9; 19; 6; 9
31,40,0.75388,0.775,11; 5; 31; 40; 8; 32; 10; 25
29,56,0.53535,0.51786,5; 3; 29; 56; 29; 8; 10; 21
10,51,0.24147,0.19608,15; 17; 10; 51; 23; 20; 29; 16
6,41,0.23497,0.14634,5; 15; 6; 41; 18; 18; 22; 22
9,31,0.33534,0.29032,28; 11; 9; 31; 32; 4; 30; 10
27,55,0.48362,0.49091,8; 5; 27; 55; 26; 25; 22; 20
12,46,0.30309,0.26087,14; 7; 12; 46; 8; 27; 11; 9
6,37,0.23969,0.16216,20; 19; 6; 37; 7; 31; 18; 14
15,57,0.27986,0.26316,8; 13; 15; 57; 11; 14; 3; 3
18,62,0.29069,0.29032,9; 8; 18; 62; 30; 11; 8; 19
11,26,0.45849,0.42308,21; 14; 11; 26; 12; 12; 22; 10
23,55,0.43064,0.41818,9; 7; 23; 55; 30; 13; 30; 24
9,61,0.24774,0.14754,6; 12; 9; 61; 22; 17; 9; 20
20,70,0.29329,0.28571,3; 3; 20; 70; 8; 10; 25; 9
11,42,0.33361,0.2619,16; 12; 11; 42; 15; 26; 14; 7
20,68,0.31471,0.29412,4; 5; 20; 68; 30; 22; 10; 8
28,57,0.50039,0.49123,5; 6; 28; 57; 25; 23; 13; 22
27,38,0.70614,0.71053,11; 6; 27; 38; 30; 27; 10; 27
8,49,0.20998,0.16327,17; 4; 8; 49; 7; 13; 8; 23
35,45,0.75534,0.77778,4; 4; 35; 45; 30; 23; 21; 9
35,50,0.68119,0.7,6; 4; 35; 50; 13; 7; 31; 27
16,56,0.29613,0.28571,8; 13; 16; 56; 17; 5; 13; 6
10,68,0.25284,0.14706,4; 10; 10; 68; 15; 11; 11; 25
25,51,0.49587,0.4902,8; 4; 25; 51; 13; 26; 29; 23
11,21,0.52743,0.52381,27; 9; 11; 21; 3; 32; 21; 23
32,45,0.69695,0.71111,7; 3; 32; 45; 20; 21; 27; 28
7,70,0.19361,0.1,5; 4; 7; 70; 18; 31; 25; 8
20,68,0.29741,0.29412,4; 4; 20; 68; 24; 21; 21; 10
17,58,0.30263,0.2931,4; 10; 17; 58; 10; 23; 17; 9
18,47,0.37592,0.38298,11; 4; 18; 47; 7; 6; 7; 27
10,66,0.23795,0.15152,7; 5; 10; 66; 28; 13; 5; 32
22,31,0.70435,0.70968,9; 10; 22; 31; 25; 18; 31; 5
39,50,0.74464,0.78,4; 3; 39; 50; 18; 11; 4; 12
37,50,0.73443,0.74,5; 3; 37; 50; 24; 28; 16; 22
19,27,0.67667,0.7037,18; 22; 19; 27; 27; 31; 11; 13
9,46,0.19182,0.19565,6; 12; 9; 46; 14; 13; 16; 8
17,47,0.32677,0.3617,16; 14; 17; 47; 15; 16; 5; 15
21,50,0.417,0.42,8; 9; 21; 50; 14; 14; 24; 32
18,23,0.82555,0.78261,16; 13; 18; 23; 31; 18; 32; 4
10,14,0.87749,0.71429,34; 15; 10; 14; 27; 9; 9; 15
27,55,0.51858,0.49091,5; 5; 27; 55; 15; 22; 15; 14
32,41,0.75508,0.78049,12; 8; 32; 41; 30; 13; 10; 25
24,49,0.49322,0.4898,4; 7; 24; 49; 13; 30; 4; 17
31,40,0.74596,0.775,9; 6; 31; 40; 19; 5; 16; 4
14,49,0.26493,0.28571,5; 17; 14; 49; 18; 10; 18; 6
34,46,0.70025,0.73913,9; 3; 34; 46; 3; 20; 16; 23
10,63,0.24447,0.15873,11; 12; 10; 63; 31; 8; 8; 27
5,51,0.24168,0.09804,12; 3; 5; 51; 28; 7; 22; 17
19,27,0.80423,0.7037,18; 3; 19; 27; 19; 30; 24; 20
35,50,0.67167,0.7,4; 6; 35; 50; 22; 21; 8; 16
10,26,0.44697,0.38462,24; 29; 10; 26; 28; 17; 12; 18
19,53,0.35185,0.35849,8; 12; 19; 53; 24; 16; 32; 17
26,53,0.4803,0.49057,6; 3; 26; 53; 10; 11; 18; 18
25,48,0.52077,0.52083,8; 12; 25; 48; 31; 31; 7; 13
6,69,0.19059,0.08696,5; 4; 6; 69; 31; 16; 11; 32
6,15,0.38747,0.4,5; 12; 6; 15; 28; 13; 19; 18
11,55,0.25559,0.2,3; 10; 11; 55; 10; 18; 18; 24
15,39,0.40143,0.38462,21; 18; 15; 39; 3; 6; 14; 22
29,59,0.49361,0.49153,5; 3; 29; 59; 9; 28; 26; 32
12,19,0.6462,0.63158,13; 29; 12; 19; 5; 19; 32; 7
10,51,0.27602,0.19608,16; 16; 10; 51; 15; 23; 14; 17
34,38,0.9272,0.89474,11; 4; 34; 38; 6; 9; 22; 9
9,55,0.24437,0.16364,17; 13; 9; 55; 11; 15; 17; 26
6,69,0.1883,0.08696,9; 8; 6; 69; 10; 8; 16; 15
9,55,0.24839,0.16364,16; 5; 9; 55; 26; 4; 22; 30
5,13,0.38791,0.38462,26; 40; 5; 13; 26; 6; 19; 14
9,61,0.21506,0.14754,9; 6; 9; 61; 21; 5; 26; 20
9,25,0.35563,0.36,27; 21; 9; 25; 27; 25; 13; 6
7,10,0.83449,0.7,40; 18; 7; 10; 16; 4; 20; 4
19,39,0.48691,0.48718,16; 13; 19; 39; 13; 7; 13; 14
9,25,0.42055,0.36,3; 7; 9; 25; 16; 22; 24; 30
24,63,0.3909,0.38095,5; 5; 24; 63; 5; 10; 16; 16
12,41,0.30679,0.29268,9; 12; 12; 41; 31; 14; 32; 13
5,53,0.18649,0.09434,20; 10; 5; 53; 3; 7; 30; 14
5,33,0.26719,0.15152,21; 27; 5; 33; 7; 8; 10; 18
11,21,0.47174,0.52381,25; 21; 11; 21; 8; 28; 29; 15
16,38,0.41789,0.42105,4; 14; 16; 38; 24; 7; 30; 4
11,55,0.23478,0.2,3; 11; 11; 55; 23; 6; 24; 15
11,21,0.5888,0.52381,5; 28; 11; 21; 7; 8; 9; 14
25,63,0.40238,0.39683,3; 4; 25; 63; 28; 31; 24; 9
14,37,0.3591,0.37838,8; 20; 14; 37; 32; 11; 31; 12
36,51,0.71084,0.70588,4; 5; 36; 51; 10; 9; 6; 5
8,80,0.2637,0.1,4; 3; 8; 80; 18; 15; 30; 31
13,45,0.29467,0.28889,19; 14; 13; 45; 23; 8; 20; 13
19,39,0.47743,0.48718,4; 6; 19; 39; 10; 30; 24; 31
6,38,0.23389,0.15789,26; 26; 6; 38; 5; 4; 13; 6
19,30,0.59141,0.63333,8; 24; 19; 30; 25; 29; 9; 14
30,42,0.69555,0.71429,12; 8; 30; 42; 27; 24; 9; 3
28,54,0.50724,0.51852,4; 8; 28; 54; 14; 26; 18; 23
17,19,0.92368,0.89474,8; 7; 17; 19; 17; 21; 6; 12
10,26,0.38869,0.38462,30; 20; 10; 26; 27; 22; 20; 8
5,33,0.22137,0.15152,17; 4; 5; 33; 25; 31; 25; 10
26,53,0.51492,0.49057,8; 5; 26; 53; 21; 23; 14; 8
37,53,0.67664,0.69811,3; 3; 37; 53; 21; 32; 10; 6
11,69,0.23353,0.15942,7; 5; 11; 69; 5; 22; 26; 29
9,59,0.24207,0.15254,14; 5; 9; 59; 8; 7; 14; 11
9,25,0.39081,0.36,24; 21; 9; 25; 13; 11; 30; 14
18,70,0.26257,0.25714,4; 4; 18; 70; 12; 6; 29; 15
16,31,0.49755,0.51613,14; 25; 16; 31; 10; 4; 32; 16
14,71,0.23772,0.19718,5; 3; 14; 71; 7; 29; 26; 30
5,8,0.90478,0.625,8; 7; 5; 8; 8; 4; 10; 6
19,50,0.37199,0.38,14; 10; 19; 50; 14; 4; 10; 7
35,49,0.70055,0.71429,5; 3; 35; 49; 18; 23; 29; 13
7,73,0.21408,0.09589,8; 5; 7; 73; 17; 32; 5; 23
33,47,0.69798,0.70213,4; 9; 33; 47; 22; 6; 17; 17
26,35,0.69611,0.74286,5; 11; 26; 35; 23; 12; 21; 27
25,51,0.53055,0.4902,11; 10; 25; 51; 21; 4; 28; 18
12,78,0.22068,0.15385,4; 3; 12; 78; 28; 9; 22; 28
12,78,0.21288,0.15385,4; 4; 12; 78; 15; 21; 19; 8
10,28,0.34361,0.35714,24; 4; 10; 28; 15; 13; 4; 24
16,45,0.35435,0.35556,11; 4; 16; 45; 7; 23; 19; 30
7,77,0.25354,0.09091,6; 7; 7; 77; 15; 8; 19; 16
19,47,0.40834,0.40426,15; 10; 19; 47; 8; 27; 32; 4
39,50,0.78412,0.78,3; 4; 39; 50; 30; 4; 12; 22
14,19,0.84182,0.73684,12; 5; 14; 19; 17; 19; 25; 23
25,63,0.44372,0.39683,5; 5; 25; 63; 30; 27; 25; 14
20,48,0.42617,0.41667,8; 9; 20; 48; 11; 27; 23; 3
15,39,0.39333,0.38462,18; 3; 15; 39; 3; 21; 6; 7
5,8,0.62017,0.625,34; 4; 5; 8; 20; 27; 5; 8
39,50,0.74132,0.78,3; 3; 39; 50; 13; 15; 3; 22
23,58,0.41465,0.39655,4; 3; 23; 58; 24; 29; 21; 20
33,37,0.8837,0.89189,5; 9; 33; 37; 32; 16; 12; 29
14,49,0.28812,0.28571,12; 5; 14; 49; 28; 11; 24; 10
6,66,0.25656,0.09091,13; 8; 6; 66; 17; 11; 29; 18
18,48,0.39414,0.375,10; 13; 18; 48; 7; 23; 24; 29
23,58,0.44334,0.39655,4; 8; 23; 58; 23; 28; 14; 18
8,19,0.37367,0.42105,21; 34; 8; 19; 11; 9; 21; 9
7,82,0.25617,0.08537,3; 4; 7; 82; 31; 25; 3; 29
23,31,0.7313,0.74194,9; 16; 23; 31; 25; 21; 7; 5
41,46,0.90977,0.8913,3; 4; 41; 46; 7; 14; 18; 25
40,45,0.88848,0.88889,6; 4; 40; 45; 20; 5; 23; 22
10,62,0.21759,0.16129,9; 9; 10; 62; 24; 18; 13; 25
21,59,0.36569,0.35593,5; 5; 21; 59; 3; 8; 19; 19
33,52,0.62856,0.63462,4; 6; 33; 52; 13; 3; 3; 19
22,53,0.41987,0.41509,9; 4; 22; 53; 14; 27; 6; 18
32,51,0.62761,0.62745,4; 5; 32; 51; 9; 11; 31; 8
22,53,0.42124,0.41509,5; 11; 22; 53; 31; 26; 25; 13
13,66,0.25159,0.19697,5; 9; 13; 66; 24; 32; 21; 20
12,75,0.22974,0.16,4; 4; 12; 75; 9; 6; 7; 21
11,42,0.28282,0.2619,4; 22; 11; 42; 23; 9; 22; 8
10,50,0.25923,0.2,12; 9; 10; 50; 10; 11; 30; 18
20,48,0.43813,0.41667,11; 14; 20; 48; 11; 11; 12; 27
8,41,0.24737,0.19512,18; 11; 8; 41; 27; 5; 8; 6
6,41,0.24522,0.14634,4; 11; 6; 41; 24; 22; 5; 3
23,44,0.53402,0.52273,11; 6; 23; 44; 6; 25; 15; 18
25,32,0.79368,0.78125,10; 5; 25; 32; 26; 25; 11; 11
23,44,0.52212,0.52273,15; 13; 23; 44; 19; 12; 27; 16
22,55,0.42161,0.4,3; 9; 22; 55; 20; 9; 23; 13
8,55,0.2246,0.14545,7; 10; 8; 55; 31; 8; 26; 12
16,44,0.42227,0.36364,18; 5; 16; 44; 6; 32; 20; 25
25,40,0.60227,0.625,14; 6; 25; 40; 23; 9; 6; 12
8,9,0.81217,0.88889,32; 40; 8; 9; 23; 8; 31; 21
19,65,0.31672,0.29231,6; 3; 19; 65; 19; 25; 12; 5
6,58,0.25445,0.10345,13; 17; 6; 58; 29; 23; 14; 26
7,27,0.29677,0.25926,22; 10; 7; 27; 11; 16; 5; 8
23,47,0.45538,0.48936,11; 12; 23; 47; 25; 28; 6; 19
5,13,0.43452,0.38462,23; 25; 5; 13; 20; 13; 5; 18
16,38,0.40708,0.42105,22; 6; 16; 38; 12; 10; 9; 30
9,57,0.24038,0.15789,15; 14; 9; 57; 25; 12; 22; 15
32,36,0.87959,0.88889,5; 12; 32; 36; 4; 29; 30; 31
14,69,0.22175,0.2029,6; 7; 14; 69; 9; 31; 29; 20
5,55,0.25484,0.09091,3; 3; 5; 55; 9; 6; 14; 27
22,42,0.51815,0.52381,12; 3; 22; 42; 25; 32; 3; 20
14,49,0.28874,0.28571,13; 12; 14; 49; 18; 9; 20; 10
18,23,0.82202,0.78261,17; 28; 18; 23; 27; 9; 5; 12
23,58,0.40071,0.39655,7; 6; 23; 58; 16; 5; 22; 22
16,61,0.28917,0.2623,10; 8; 16; 61; 25; 25; 9; 32
24,46,0.52854,0.52174,11; 11; 24; 46; 25; 24; 14; 13
16,61,0.27076,0.2623,6; 8; 16; 61; 15; 14; 17; 18
28,40,0.67911,0.7,5; 12; 28; 40; 25; 15; 8; 9
26,50,0.53591,0.52,6; 11; 26; 50; 7; 20; 3; 17
5,51,0.24556,0.09804,14; 10; 5; 51; 4; 16; 22; 26
7,74,0.22413,0.09459,7; 3; 7; 74; 11; 22; 30; 25
21,27,0.75789,0.77778,4; 10; 21; 27; 26; 10; 19; 10
37,50,0.74701,0.74,5; 3; 37; 50; 7; 22; 31; 21
21,50,0.38025,0.42,10; 13; 21; 50; 25; 15; 30; 3
22,53,0.44149,0.41509,3; 6; 22; 53; 21; 11; 5; 31
33,47,0.67685,0.70213,7; 4; 33; 47; 13; 31; 18; 24
11,67,0.22739,0.16418,10; 4; 11; 67; 23; 8; 15; 12
19,48,0.41156,0.39583,12; 3; 19; 48; 17; 29; 14; 26
15,52,0.28994,0.28846,3; 12; 15; 52; 18; 27; 12; 22
31,44,0.69354,0.70455,8; 9; 31; 44; 27; 5; 23; 31
23,57,0.40671,0.40351,5; 9; 23; 57; 27; 17; 16; 3
29,37,0.78063,0.78378,5; 6; 29; 37; 17; 8; 30; 18
23,61,0.40404,0.37705,3; 7; 23; 61; 27; 21; 17; 12
23,33,0.69894,0.69697,4; 8; 23; 33; 7; 8; 10; 20
10,63,0.24609,0.15873,12; 5; 10; 63; 17; 12; 5; 3
7,74,0.25859,0.09459,6; 5; 7; 74; 31; 15; 11; 19
20,32,0.63165,0.625,4; 12; 20; 32; 4; 30; 19; 12
13,64,0.23099,0.20312,4; 5; 13; 64; 31; 19; 28; 5
34,48,0.71266,0.70833,7; 6; 34; 48; 17; 31; 17; 8
24,66,0.41183,0.36364,3; 4; 24; 66; 22; 23; 28; 5
18,62,0.32615,0.29032,6; 6; 18; 62; 26; 26; 3; 5
33,52,0.63317,0.63462,5; 3; 33; 52; 25; 32; 26; 6
11,75,0.19325,0.14667,4; 3; 11; 75; 22; 19; 18; 4
25,59,0.4589,0.42373,3; 7; 25; 59; 25; 11; 7; 20
25,32,0.77204,0.78125,3; 13; 25; 32; 17; 24; 13; 15
6,70,0.16045,0.08571,3; 9; 6; 70; 16; 31; 19; 8
18,62,0.30096,0.29032,3; 9; 18; 62; 18; 7; 32; 25
31,44,0.68298,0.70455,9; 7; 31; 44; 18; 29; 10; 8
16,38,0.43415,0.42105,20; 11; 16; 38; 29; 19; 16; 7
17,35,0.51747,0.48571,13; 20; 17; 35; 8; 30; 31; 16
12,47,0.26364,0.25532,13; 11; 12; 47; 21; 11; 32; 26
26,50,0.51523,0.52,11; 5; 26; 50; 26; 4; 23; 13
35,50,0.65749,0.7,6; 3; 35; 50; 8; 25; 12; 30
17,43,0.4187,0.39535,4; 8; 17; 43; 7; 4; 30; 28
34,54,0.61518,0.62963,4; 3; 34; 54; 8; 5; 4; 10
19,30,0.61868,0.63333,9; 14; 19; 30; 4; 28; 20; 19
14,39,0.35758,0.35897,12; 11; 14; 39; 15; 10; 3; 10
11,42,0.26881,0.2619,3; 18; 11; 42; 26; 3; 3; 3
25,35,0.72172,0.71429,15; 14; 25; 35; 4; 32; 3; 30
21,58,0.37055,0.36207,7; 7; 21; 58; 8; 11; 8; 16
5,32,0.31766,0.15625,26; 25; 5; 32; 32; 6; 3; 23
24,57,0.42492,0.42105,8; 5; 24; 57; 3; 25; 12; 25
23,31,0.75643,0.74194,20; 22; 23; 31; 4; 6; 11; 5
11,29,0.3587,0.37931,25; 9; 11; 29; 3; 18; 15; 12
15,75,0.26517,0.2,3; 4; 15; 75; 31; 29; 18; 7
26,62,0.44554,0.41935,4; 3; 26; 62; 6; 16; 21; 25
5,7,0.87019,0.71429,20; 27; 5; 7; 16; 30; 24; 19
26,50,0.52906,0.52,4; 4; 26; 50; 19; 5; 4; 28
7,73,0.24469,0.09589,6; 7; 7; 73; 5; 5; 12; 23
20,28,0.73943,0.71429,14; 19; 20; 28; 8; 4; 30; 5
24,27,0.87861,0.88889,7; 18; 24; 27; 3; 25; 29; 31
22,61,0.35842,0.36066,7; 3; 22; 61; 16; 20; 17; 19
19,47,0.42312,0.40426,5; 10; 19; 47; 21; 22; 6; 31
27,38,0.6864,0.71053,9; 4; 27; 38; 7; 32; 11; 5
26,53,0.49434,0.49057,3; 7; 26; 53; 11; 21; 15; 21
6,37,0.24995,0.16216,5; 13; 6; 37; 21; 8; 17; 14
13,45,0.29231,0.28889,13; 10; 13; 45; 19; 22; 11; 26
18,63,0.30269,0.28571,6; 3; 18; 63; 4; 17; 20; 12
15,21,0.69342,0.71429,26; 16; 15; 21; 11; 6; 24; 24
14,33,0.37787,0.42424,21; 18; 14; 33; 16; 29; 15; 14
31,49,0.59857,0.63265,5; 7; 31; 49; 6; 28; 4; 14
11,42,0.27381,0.2619,9; 20; 11; 42; 3; 6; 14; 24
15,75,0.27031,0.2,3; 3; 15; 75; 15; 13; 23; 19
31,40,0.77417,0.775,7; 10; 31; 40; 29; 14; 24; 26
8,19,0.37274,0.42105,31; 7; 8; 19; 20; 7; 3; 16
25,40,0.5982,0.625,3; 6; 25; 40; 18; 20; 24; 21
24,66,0.37399,0.36364,4; 4; 24; 66; 27; 16; 32; 3
7,68,0.22867,0.10294,11; 11; 7; 68; 12; 25; 4; 12
25,28,0.89269,0.89286,6; 5; 25; 28; 26; 32; 6; 20
31,40,0.77976,0.775,3; 5; 31; 40; 29; 25; 16; 13
31,49,0.61939,0.63265,9; 5; 31; 49; 15; 26; 3; 14
17,27,0.61622,0.62963,3; 22; 17; 27; 10; 9; 19; 15
9,55,0.25824,0.16364,5; 17; 9; 55; 4; 31; 11; 26
26,50,0.52042,0.52,9; 9; 26; 50; 23; 18; 12; 18
20,41,0.45008,0.4878,7; 10; 20; 41; 16; 21; 3; 11
22,45,0.52328,0.48889,3; 13; 22; 45; 7; 25; 6; 9
7,27,0.22597,0.25926,16; 19; 7; 27; 12; 4; 14; 12
31,49,0.63168,0.63265,9; 3; 31; 49; 17; 13; 22; 8
23,58,0.40478,0.39655,5; 4; 23; 58; 13; 21; 17; 6
17,24,0.76624,0.70833,28; 11; 17; 24; 8; 4; 28; 28
14,48,0.3009,0.29167,5; 13; 14; 48; 13; 17; 28; 14
15,21,0.81131,0.71429,3; 26; 15; 21; 15; 6; 18; 17
23,33,0.67715,0.69697,18; 4; 23; 33; 31; 12; 22; 7
31,44,0.66084,0.70455,7; 7; 31; 44; 11; 19; 15; 5
29,39,0.72406,0.74359,8; 13; 29; 39; 24; 8; 23; 5
6,63,0.25197,0.09524,6; 10; 6; 63; 17; 22; 9; 25
25,48,0.50923,0.52083,9; 7; 25; 48; 17; 15; 5; 8
5,50,0.23347,0.1,8; 11; 5; 50; 14; 10; 4; 10
12,42,0.29976,0.28571,15; 8; 12; 42; 20; 6; 32; 27
42,47,0.92884,0.89362,4; 4; 42; 47; 26; 19; 31; 7
31,35,0.89009,0.88571,6; 15; 31; 35; 7; 4; 18; 21
7,77,0.26225,0.09091,3; 5; 7; 77; 12; 10; 7; 6
19,45,0.42236,0.42222,13; 4; 19; 45; 10; 30; 16; 8
17,43,0.42356,0.39535,10; 3; 17; 43; 14; 7; 32; 24
10,68,0.21855,0.14706,4; 6; 10; 68; 32; 16; 9; 24
14,35,0.35743,0.4,23; 9; 14; 35; 4; 26; 17; 19
7,76,0.2448,0.09211,6; 6; 7; 76; 32; 3; 18; 21
20,41,0.45715,0.4878,5; 17; 20; 41; 7; 12; 26; 4
22,31,0.69227,0.70968,7; 21; 22; 31; 6; 30; 13; 12
24,57,0.42016,0.42105,7; 5; 24; 57; 22; 31; 22; 17
31,49,0.65903,0.63265,9; 8; 31; 49; 8; 18; 30; 11
9,57,0.22988,0.15789,13; 7; 9; 57; 21; 26; 32; 3
5,14,0.42271,0.35714,32; 31; 5; 14; 18; 12; 23; 22
17,42,0.37245,0.40476,3; 10; 17; 42; 5; 20; 24; 20
29,59,0.52703,0.49153,5; 5; 29; 59; 18; 3; 19; 5
9,58,0.20607,0.15517,13; 11; 9; 58; 16; 29; 11; 20
25,48,0.54113,0.52083,7; 9; 25; 48; 21; 31; 4; 25
14,49,0.302,0.28571,12; 16; 14; 49; 8; 21; 16; 30
16,62,0.28096,0.25806,4; 6; 16; 62; 8; 3; 3; 7
7,46,0.21023,0.15217,21; 9; 7; 46; 20; 23; 32; 22
37,53,0.64835,0.69811,3; 4; 37; 53; 11; 22; 12; 20
7,82,0.26689,0.08537,3; 4; 7; 82; 21; 28; 15; 27
10,62,0.26059,0.16129,13; 11; 10; 62; 27; 11; 8; 9
24,64,0.40325,0.375,3; 3; 24; 64; 31; 21; 24; 21
7,24,0.30666,0.29167,8; 29; 7; 24; 12; 21; 14; 9
12,23,0.57253,0.52174,23; 13; 12; 23; 32; 17; 6; 24
15,24,0.67938,0.625,17; 21; 15; 24; 16; 10; 4; 6
22,35,0.64136,0.62857,4; 14; 22; 35; 32; 6; 17; 24
11,71,0.20541,0.15493,4; 4; 11; 71; 16; 10; 16; 12
8,51,0.21993,0.15686,19; 3; 8; 51; 19; 22; 20; 31
27,38,0.67112,0.71053,10; 4; 27; 38; 5; 25; 3; 18
9,35,0.30264,0.25714,4; 9; 9; 35; 26; 25; 26; 13
25,51,0.50641,0.4902,4; 10; 25; 51; 3; 18; 22; 4
18,43,0.42645,0.4186,18; 11; 18; 43; 11; 31; 26; 29
14,49,0.29139,0.28571,5; 16; 14; 49; 15; 10; 19; 32
8,49,0.28309,0.16327,12; 15; 8; 49; 32; 24; 22; 18
10,61,0.25314,0.16393,4; 6; 10; 61; 24; 13; 14; 21
27,38,0.70601,0.71053,8; 14; 27; 38; 25; 26; 23; 15
9,35,0.27873,0.25714,11; 21; 9; 35; 32; 31; 6; 24
33,47,0.70278,0.70213,7; 8; 33; 47; 15; 31; 23; 25
31,49,0.61599,0.63265,8; 5; 31; 49; 7; 11; 22; 18
12,78,0.23404,0.15385,4; 3; 12; 78; 11; 22; 31; 27
16,40,0.39564,0.4,12; 20; 16; 40; 19; 14; 31; 31
19,66,0.30688,0.28788,4; 5; 19; 66; 21; 20; 7; 25
18,70,0.248,0.25714,5; 3; 18; 70; 23; 7; 4; 25
20,48,0.41975,0.41667,8; 5; 20; 48; 27; 4; 6; 19
26,62,0.42556,0.41935,4; 5; 26; 62; 23; 11; 31; 20
17,65,0.27187,0.26154,8; 3; 17; 65; 10; 28; 28; 19
9,55,0.2435,0.16364,16; 5; 9; 55; 6; 8; 26; 7
10,66,0.22337,0.15152,4; 8; 10; 66; 30; 9; 28; 14
20,55,0.37182,0.36364,8; 9; 20; 55; 7; 19; 24; 28
8,31,0.2702,0.25806,22; 15; 8; 31; 16; 7; 18; 4
32,43,0.70465,0.74419,5; 8; 32; 43; 11; 11; 8; 8
26,50,0.53646,0.52,10; 3; 26; 50; 22; 14; 9; 26
19,50,0.39687,0.38,4; 4; 19; 50; 20; 14; 17; 27
12,76,0.24961,0.15789,3; 5; 12; 76; 28; 3; 22; 32
8,22,0.44004,0.36364,34; 17; 8; 22; 29; 10; 7; 29
13,36,0.353,0.36111,8; 24; 13; 36; 13; 19; 3; 18
8,81,0.21318,0.09877,4; 3; 8; 81; 30; 7; 23; 22
7,77,0.2284,0.09091,7; 6; 7; 77; 3; 18; 32; 17
23,58,0.40709,0.39655,8; 7; 23; 58; 26; 5; 29; 27
31,49,0.60791,0.63265,6; 5; 31; 49; 16; 31; 18; 27
17,59,0.28435,0.28814,10; 11; 17; 59; 19; 15; 3; 14
41,46,0.89126,0.8913,5; 5; 41; 46; 27; 5; 10; 12
15,24,0.60374,0.625,22; 14; 15; 24; 10; 26; 31; 22
22,45,0.53309,0.48889,3; 8; 22; 45; 21; 11; 31; 4
19,45,0.45881,0.42222,12; 14; 19; 45; 21; 32; 21; 7
34,38,0.86263,0.89474,12; 6; 34; 38; 23; 25; 31; 7
22,52,0.41601,0.42308,9; 9; 22; 52; 21; 26; 19; 12
22,52,0.39353,0.42308,6; 9; 22; 52; 22; 7; 30; 22
6,41,0.26385,0.14634,11; 5; 6; 41; 9; 19; 23; 6
12,23,0.56467,0.52174,8; 24; 12; 23; 6; 22; 29; 11
12,42,0.29769,0.28571,13; 7; 12; 42; 31; 12; 17; 22
25,40,0.61756,0.625,10; 10; 25; 40; 14; 21; 7; 26
7,78,0.18545,0.08974,5; 3; 7; 78; 21; 10; 14; 9
10,14,0.76123,0.71429,28; 19; 10; 14; 11; 9; 19; 19
34,48,0.70022,0.70833,3; 4; 34; 48; 32; 24; 26; 4
6,70,0.24789,0.08571,8; 3; 6; 70; 21; 23; 11; 30
15,24,0.72486,0.625,7; 3; 15; 24; 12; 13; 23; 24
8,9,0.81373,0.88889,19; 11; 8; 9; 15; 6; 22; 11
9,46,0.25181,0.19565,3; 10; 9; 46; 32; 20; 19; 15
20,32,0.60509,0.625,15; 19; 20; 32; 11; 18; 15; 31
12,47,0.25784,0.25532,14; 10; 12; 47; 22; 28; 18; 29
20,56,0.38616,0.35714,8; 4; 20; 56; 26; 29; 19; 14
28,40,0.70705,0.7,11; 8; 28; 40; 24; 16; 27; 28
16,44,0.36803,0.36364,9; 14; 16; 44; 3; 29; 16; 10
26,35,0.67738,0.74286,14; 3; 26; 35; 17; 7; 25; 31
9,24,0.27943,0.375,21; 32; 9; 24; 12; 17; 18; 32
5,25,0.27134,0.2,31; 12; 5; 25; 7; 25; 14; 7
29,37,0.80632,0.78378,5; 4; 29; 37; 14; 21; 27; 28
15,21,0.75176,0.71429,11; 23; 15; 21; 27; 6; 19; 14
28,36,0.76416,0.77778,15; 13; 28; 36; 12; 26; 24; 25
24,64,0.39108,0.375,3; 3; 24; 64; 8; 30; 19; 6
28,40,0.68025,0.7,3; 9; 28; 40; 12; 13; 9; 12
35,45,0.79581,0.77778,6; 8; 35; 45; 32; 26; 11; 22
15,36,0.40979,0.41667,6; 17; 15; 36; 12; 25; 14; 31
5,31,0.19788,0.16129,20; 8; 5; 31; 7; 24; 30; 22
11,56,0.26116,0.19643,4; 14; 11; 56; 10; 7; 20; 31
35,50,0.69943,0.7,6; 4; 35; 50; 13; 24; 12; 31
22,52,0.43006,0.42308,7; 8; 22; 52; 10; 14; 27; 30
23,55,0.44272,0.41818,8; 7; 23; 55; 31; 20; 13; 27
32,46,0.68981,0.69565,5; 4; 32; 46; 3; 21; 27; 20
34,54,0.641,0.62963,5; 4; 34; 54; 22; 30; 23; 10
6,41,0.27939,0.14634,24; 15; 6; 41; 5; 12; 18; 17
5,48,0.27654,0.10417,3; 6; 5; 48; 11; 22; 20; 7
14,71,0.22388,0.19718,3; 4; 14; 71; 5; 6; 15; 12
10,64,0.26903,0.15625,5; 11; 10; 64; 4; 21; 19; 29
9,45,0.23364,0.2,12; 6; 9; 45; 10; 20; 22; 22
8,52,0.21608,0.15385,16; 16; 8; 52; 5; 4; 31; 10
13,66,0.27336,0.19697,6; 8; 13; 66; 18; 19; 27; 6
16,18,0.82985,0.88889,22; 4; 16; 18; 27; 14; 24; 22
10,14,0.87474,0.71429,15; 35; 10; 14; 28; 10; 6; 11
8,28,0.24494,0.28571,16; 25; 8; 28; 15; 8; 14; 30
11,70,0.23103,0.15714,4; 4; 11; 70; 8; 25; 29; 12
15,29,0.49556,0.51724,27; 16; 15; 29; 17; 12; 10; 10
14,70,0.22118,0.2,3; 5; 14; 70; 12; 7; 31; 12
29,46,0.63397,0.63043,3; 4; 29; 46; 32; 25; 9; 5
41,46,0.87601,0.8913,4; 4; 41; 46; 13; 6; 28; 25
18,23,0.8404,0.78261,27; 13; 18; 23; 14; 12; 24; 6
9,44,0.22832,0.20455,7; 15; 9; 44; 32; 22; 16; 6
17,66,0.27621,0.25758,3; 3; 17; 66; 5; 19; 15; 27
10,61,0.22962,0.16393,9; 5; 10; 61; 15; 3; 13; 20
10,65,0.21845,0.15385,7; 9; 10; 65; 31; 3; 28; 15
11,54,0.23177,0.2037,13; 5; 11; 54; 31; 8; 19; 16
15,75,0.21401,0.2,4; 3; 15; 75; 10; 24; 25; 7
6,67,0.20465,0.08955,8; 9; 6; 67; 6; 6; 24; 21
16,45,0.3631,0.35556,3; 13; 16; 45; 28; 17; 9; 21
15,21,0.77502,0.71429,23; 5; 15; 21; 17; 28; 15; 21
10,66,0.22522,0.15152,10; 7; 10; 66; 18; 3; 23; 19
25,32,0.76644,0.78125,6; 20; 25; 32; 24; 26; 5; 28
32,45,0.69383,0.71111,4; 4; 32; 45; 13; 25; 12; 20
20,53,0.36611,0.37736,9; 12; 20; 53; 5; 12; 16; 28
17,58,0.30089,0.2931,9; 6; 17; 58; 4; 5; 4; 8
7,35,0.24846,0.2,6; 12; 7; 35; 13; 4; 24; 16
35,49,0.70669,0.71429,4; 7; 35; 49; 14; 9; 16; 19
14,69,0.22627,0.2029,5; 4; 14; 69; 3; 18; 18; 4
22,42,0.55087,0.52381,11; 17; 22; 42; 7; 12; 28; 25
5,17,0.38129,0.29412,31; 30; 5; 17; 4; 6; 13; 25
23,31,0.75957,0.74194,18; 7; 23; 31; 9; 9; 28; 14
20,70,0.3085,0.28571,3; 3; 20; 70; 3; 25; 6; 8
25,28,0.9256,0.89286,18; 6; 25; 28; 9; 30; 4; 28
9,61,0.22322,0.14754,8; 5; 9; 61; 11; 24; 30; 9
5,54,0.2356,0.09259,19; 5; 5; 54; 25; 13; 13; 7
6,67,0.2387,0.08955,6; 3; 6; 67; 4; 4; 28; 22
31,40,0.75618,0.775,12; 5; 31; 40; 9; 6; 19; 24
6,23,0.22303,0.26087,28; 15; 6; 23; 24; 31; 25; 4
8,31,0.27176,0.25806,16; 25; 8; 31; 4; 9; 19; 11
10,16,0.81581,0.625,23; 4; 10; 16; 14; 18; 7; 18
5,52,0.24342,0.09615,8; 18; 5; 52; 18; 32; 24; 15
8,82,0.2215,0.09756,3; 4; 8; 82; 27; 28; 17; 12
5,31,0.2512,0.16129,21; 12; 5; 31; 15; 26; 12; 27
25,65,0.40177,0.38462,4; 3; 25; 65; 8; 3; 19; 3
35,49,0.71001,0.71429,7; 4; 35; 49; 4; 26; 6; 5
23,47,0.50228,0.48936,12; 10; 23; 47; 15; 27; 3; 23
7,27,0.27529,0.25926,15; 19; 7; 27; 3; 25; 21; 14
8,19,0.38678,0.42105,18; 34; 8; 19; 21; 13; 10; 4
12,42,0.2922,0.28571,10; 10; 12; 42; 9; 22; 10; 31
25,48,0.53024,0.52083,3; 4; 25; 48; 5; 5; 19; 5
12,47,0.27584,0.25532,4; 11; 12; 47; 20; 11; 29; 17
10,39,0.26943,0.25641,5; 23; 10; 39; 13; 25; 11; 25
28,40,0.67863,0.7,4; 14; 28; 40; 18; 15; 4; 28
6,40,0.25254,0.15,7; 24; 6; 40; 4; 23; 4; 3
12,33,0.36561,0.36364,10; 23; 12; 33; 29; 16; 9; 8
10,51,0.22679,0.19608,4; 17; 10; 51; 4; 6; 26; 16
14,20,0.71616,0.7,12; 4; 14; 20; 6; 31; 4; 24
29,39,0.7425,0.74359,5; 6; 29; 39; 15; 10; 22; 29
12,73,0.26343,0.16438,4; 5; 12; 73; 25; 3; 3; 15
6,61,0.23091,0.09836,11; 15; 6; 61; 27; 31; 10; 20
14,27,0.50425,0.51852,28; 13; 14; 27; 18; 14; 7; 24
33,37,0.89037,0.89189,10; 4; 33; 37; 12; 32; 17; 26
5,14,0.47503,0.35714,18; 24; 5; 14; 7; 4; 19; 5
28,40,0.66792,0.7,11; 4; 28; 40; 15; 32; 12; 4
6,58,0.249,0.10345,15; 9; 6; 58; 26; 19; 20; 26
32,45,0.67543,0.71111,5; 9; 32; 45; 20; 13; 18; 13
13,36,0.33472,0.36111,16; 4; 13; 36; 18; 22; 13; 23
34,38,0.90456,0.89474,4; 8; 34; 38; 27; 21; 7; 12
5,25,0.29465,0.2,14; 4; 5; 25; 29; 4; 14; 23
18,50,0.37363,0.36,15; 4; 18; 50; 12; 31; 25; 5
12,78,0.24846,0.15385,3; 4; 12; 78; 26; 7; 10; 14
19,66,0.31129,0.28788,5; 4; 19; 66; 24; 10; 4; 16
21,59,0.36949,0.35593,7; 8; 21; 59; 8; 29; 22; 16
16,42,0.3806,0.38095,16; 12; 16; 42; 25; 17; 22; 13
10,66,0.24047,0.15152,4; 9; 10; 66; 25; 7; 13; 3
11,72,0.21699,0.15278,5; 7; 11; 72; 28; 9; 10; 18
6,62,0.25909,0.09677,8; 3; 6; 62; 21; 4; 27; 20
7,78,0.25223,0.08974,4; 4; 7; 78; 10; 23; 6; 27
10,28,0.39396,0.35714,30; 15; 10; 28; 7; 14; 11; 13
6,21,0.3005,0.28571,20; 22; 6; 21; 4; 19; 10; 22
20,41,0.52892,0.4878,10; 12; 20; 41; 19; 24; 21; 8
8,31,0.25615,0.25806,6; 23; 8; 31; 23; 31; 11; 32
8,22,0.22579,0.36364,30; 5; 8; 22; 18; 18; 4; 10
5,32,0.29071,0.15625,26; 18; 5; 32; 14; 21; 11; 26
10,28,0.35369,0.35714,23; 9; 10; 28; 9; 25; 27; 5
29,59,0.50247,0.49153,3; 5; 29; 59; 32; 22; 24; 17
6,60,0.25228,0.1,8; 13; 6; 60; 29; 26; 13; 8
11,74,0.23493,0.14865,5; 4; 11; 74; 29; 23; 16; 19
30,43,0.69361,0.69767,4; 7; 30; 43; 24; 23; 14; 11
8,19,0.48951,0.42105,28; 11; 8; 19; 15; 27; 29; 20
29,56,0.5286,0.51786,5; 4; 29; 56; 29; 20; 28; 19
7,9,0.82528,0.77778,38; 15; 7; 9; 13; 29; 11; 19
12,77,0.2251,0.15584,3; 3; 12; 77; 4; 5; 13; 12
10,67,0.22441,0.14925,5; 8; 10; 67; 20; 5; 15; 21
5,55,0.25768,0.09091,6; 5; 5; 55; 11; 5; 22; 27
37,53,0.6787,0.69811,3; 4; 37; 53; 16; 14; 32; 22
10,28,0.31908,0.35714,21; 23; 10; 28; 22; 22; 29; 23
8,9,0.69203,0.88889,24; 26; 8; 9; 18; 18; 10; 32
10,62,0.24217,0.16129,6; 9; 10; 62; 11; 31; 13; 12
31,44,0.67217,0.70455,11; 6; 31; 44; 11; 15; 7; 4
21,43,0.48948,0.48837,8; 11; 21; 43; 15; 28; 17; 28
7,81,0.27862,0.08642,4; 4; 7; 81; 17; 14; 13; 17
32,46,0.67588,0.69565,9; 9; 32; 46; 17; 7; 16; 12
26,41,0.62734,0.63415,3; 15; 26; 41; 14; 32; 21; 27
22,55,0.41798,0.4,7; 8; 22; 55; 26; 31; 6; 24
14,71,0.27316,0.19718,4; 4; 14; 71; 27; 23; 5; 14
8,21,0.34749,0.38095,3; 13; 8; 21; 9; 31; 25; 25
30,48,0.60996,0.625,8; 5; 30; 48; 24; 3; 10; 30
21,30,0.71951,0.7,14; 4; 21; 30; 12; 3; 11; 25
5,55,0.24655,0.09091,9; 13; 5; 55; 5; 21; 9; 25
21,58,0.3712,0.36207,7; 9; 21; 58; 21; 10; 18; 29
12,73,0.23852,0.16438,5; 4; 12; 73; 19; 6; 29; 25
17,45,0.38059,0.37778,12; 12; 17; 45; 31; 6; 7; 28
8,55,0.2435,0.14545,11; 13; 8; 55; 20; 17; 9; 18
16,56,0.27604,0.28571,9; 7; 16; 56; 15; 9; 26; 8
26,37,0.66821,0.7027,4; 17; 26; 37; 20; 15; 9; 24
7,44,0.21926,0.15909,14; 22; 7; 44; 5; 27; 31; 10
23,31,0.6742,0.74194,18; 5; 23; 31; 23; 32; 24; 4
8,52,0.26213,0.15385,11; 19; 8; 52; 5; 20; 8; 22
20,41,0.53385,0.4878,5; 18; 20; 41; 15; 14; 3; 28
25,60,0.40568,0.41667,4; 6; 25; 60; 30; 23; 13; 20
12,47,0.27669,0.25532,19; 17; 12; 47; 24; 3; 17; 15
16,62,0.27796,0.25806,3; 10; 16; 62; 3; 12; 3; 16
5,7,0.71084,0.71429,34; 39; 5; 7; 30; 29; 15; 4
6,38,0.2293,0.15789,5; 22; 6; 38; 13; 4; 5; 31
20,56,0.38142,0.35714,3; 3; 20; 56; 4; 11; 11; 14
15,21,0.7117,0.71429,27; 24; 15; 21; 14; 6; 14; 26
23,64,0.36001,0.35938,5; 4; 23; 64; 5; 5; 13; 21
30,48,0.63275,0.625,9; 6; 30; 48; 13; 14; 9; 13
25,48,0.53971,0.52083,4; 9; 25; 48; 29; 32; 11; 4
7,45,0.183,0.15556,18; 16; 7; 45; 26; 11; 22; 26
26,35,0.73146,0.74286,3; 18; 26; 35; 21; 19; 21; 20
10,49,0.14695,0.20408,19; 13; 10; 49; 32; 30; 4; 24
15,42,0.3871,0.35714,15; 14; 15; 42; 24; 27; 15; 10
32,51,0.60675,0.62745,7; 3; 32; 51; 18; 32; 23; 22
26,41,0.6116,0.63415,10; 8; 26; 41; 3; 24; 24; 25
5,14,0.34116,0.35714,7; 31; 5; 14; 15; 18; 26; 12
40,45,0.8813,0.88889,3; 5; 40; 45; 18; 9; 14; 13
14,18,0.8227,0.77778,13; 29; 14; 18; 25; 24; 8; 28
19,48,0.36405,0.39583,5; 11; 19; 48; 10; 3; 25; 20
23,57,0.415,0.40351,4; 9; 23; 57; 16; 8; 15; 7
29,41,0.68791,0.70732,7; 6; 29; 41; 19; 15; 9; 13
19,27,0.8164,0.7037,20; 14; 19; 27; 6; 14; 20; 15
10,14,0.87319,0.71429,21; 30; 10; 14; 25; 10; 23; 14
15,21,0.88421,0.71429,17; 18; 15; 21; 25; 20; 25; 3
42,47,0.88242,0.89362,4; 4; 42; 47; 30; 24; 23; 19
18,23,0.89988,0.78261,20; 15; 18; 23; 32; 12; 17; 5
24,27,0.92059,0.88889,7; 17; 24; 27; 16; 21; 6; 10
10,64,0.21346,0.15625,8; 8; 10; 64; 21; 14; 27; 6
29,37,0.77617,0.78378,6; 10; 29; 37; 23; 10; 28; 14
10,64,0.23572,0.15625,7; 5; 10; 64; 11; 16; 20; 27
5,14,0.47559,0.35714,14; 29; 5; 14; 17; 21; 8; 23
20,70,0.27487,0.28571,4; 4; 20; 70; 26; 26; 4; 14
20,70,0.28843,0.28571,4; 4; 20; 70; 25; 24; 12; 32
30,42,0.6915,0.71429,12; 8; 30; 42; 27; 30; 10; 10
8,79,0.23297,0.10127,3; 4; 8; 79; 22; 7; 13; 9
20,27,0.73698,0.74074,13; 21; 20; 27; 25; 19; 20; 9
7,72,0.23077,0.09722,8; 4; 7; 72; 18; 14; 32; 21
37,52,0.7044,0.71154,3; 3; 37; 52; 5; 3; 7; 31
23,58,0.39976,0.39655,4; 3; 23; 58; 13; 32; 6; 5
13,45,0.33234,0.28889,11; 17; 13; 45; 10; 3; 12; 10
17,35,0.48466,0.48571,11; 14; 17; 35; 14; 15; 10; 20
16,38,0.41442,0.42105,5; 4; 16; 38; 12; 22; 17; 25
20,56,0.3491,0.35714,4; 10; 20; 56; 12; 3; 25; 4
5,54,0.2274,0.09259,14; 10; 5; 54; 12; 7; 28; 3
12,74,0.23844,0.16216,6; 4; 12; 74; 22; 15; 23; 20
12,76,0.22227,0.15789,5; 4; 12; 76; 25; 24; 10; 10
16,31,0.49686,0.51613,6; 25; 16; 31; 17; 15; 3; 12
11,29,0.39148,0.37931,7; 26; 11; 29; 6; 5; 10; 15
14,48,0.31573,0.29167,6; 11; 14; 48; 6; 25; 24; 28
26,35,0.71089,0.74286,6; 6; 26; 35; 30; 16; 7; 32
27,55,0.49998,0.49091,6; 4; 27; 55; 5; 9; 29; 4
10,49,0.25356,0.20408,18; 10; 10; 49; 23; 27; 17; 20
19,48,0.41021,0.39583,7; 11; 19; 48; 25; 31; 5; 7
26,41,0.62398,0.63415,4; 8; 26; 41; 3; 3; 21; 15
42,47,0.88734,0.89362,4; 3; 42; 47; 25; 15; 31; 16
10,38,0.27728,0.26316,24; 15; 10; 38; 27; 23; 17; 27
6,23,0.28862,0.26087,27; 8; 6; 23; 23; 10; 22; 17
9,55,0.25464,0.16364,11; 4; 9; 55; 9; 11; 28; 9
12,59,0.253,0.20339,8; 12; 12; 59; 17; 21; 20; 25
19,39,0.48883,0.48718,16; 18; 19; 39; 13; 4; 20; 29
15,24,0.61985,0.625,18; 18; 15; 24; 18; 29; 23; 13
19,27,0.69016,0.7037,11; 8; 19; 27; 30; 9; 27; 29
13,25,0.49054,0.52,6; 14; 13; 25; 21; 20; 22; 9
25,40,0.62479,0.625,14; 13; 25; 40; 8; 31; 32; 19
11,56,0.20943,0.19643,9; 11; 11; 56; 29; 13; 6; 3
15,58,0.27188,0.25862,3; 8; 15; 58; 3; 11; 32; 31
7,67,0.24789,0.10448,12; 3; 7; 67; 28; 19; 8; 29
18,45,0.42674,0.4,3; 16; 18; 45; 32; 24; 4; 28
6,64,0.2107,0.09375,13; 3; 6; 64; 17; 5; 4; 13
37,52,0.70668,0.71154,3; 4; 37; 52; 13; 21; 25; 23
6,40,0.23578,0.15,23; 10; 6; 40; 23; 28; 30; 13
16,55,0.29102,0.29091,8; 8; 16; 55; 20; 16; 6; 26
18,50,0.38483,0.36,13; 7; 18; 50; 22; 30; 16; 29
16,38,0.44548,0.42105,5; 22; 16; 38; 5; 20; 22; 14
11,26,0.39116,0.42308,5; 19; 11; 26; 28; 14; 6; 15
17,58,0.30006,0.2931,5; 7; 17; 58; 32; 18; 15; 12
23,61,0.37113,0.37705,4; 7; 23; 61; 10; 12; 20; 16
19,27,0.72423,0.7037,23; 8; 19; 27; 22; 17; 9; 7
25,40,0.62044,0.625,14; 6; 25; 40; 18; 19; 12; 9
8,53,0.23189,0.15094,7; 8; 8; 53; 12; 22; 29; 10
8,79,0.22624,0.10127,4; 4; 8; 79; 17; 20; 29; 5
24,64,0.41384,0.375,4; 5; 24; 64; 26; 32; 20; 3
22,35,0.63627,0.62857,6; 5; 22; 35; 6; 14; 13; 14
8,81,0.29208,0.09877,4; 3; 8; 81; 16; 17; 26; 16
20,28,0.78248,0.71429,19; 12; 20; 28; 5; 4; 7; 30
25,65,0.40533,0.38462,4; 4; 25; 65; 8; 6; 32; 25
9,58,0.23354,0.15517,13; 8; 9; 58; 7; 24; 26; 6
16,45,0.34397,0.35556,5; 17; 16; 45; 12; 12; 9; 31
34,38,0.89775,0.89474,10; 8; 34; 38; 10; 26; 21; 25
7,80,0.24038,0.0875,5; 5; 7; 80; 22; 21; 29; 19
7,74,0.2368,0.09459,8; 5; 7; 74; 14; 20; 30; 10
20,55,0.37564,0.36364,7; 4; 20; 55; 11; 16; 3; 22
14,27,0.51949,0.51852,11; 27; 14; 27; 23; 12; 31; 21
11,29,0.33535,0.37931,4; 20; 11; 29; 18; 19; 27; 5
41,46,0.89715,0.8913,4; 5; 41; 46; 13; 17; 12; 28
15,36,0.37926,0.41667,16; 19; 15; 36; 23; 22; 14; 17
29,37,0.74873,0.78378,15; 12; 29; 37; 25; 4; 7; 9
23,64,0.35552,0.35938,4; 5; 23; 64; 20; 26; 18; 12
12,60,0.21514,0.2,3; 4; 12; 60; 15; 13; 3; 12
18,37,0.50767,0.48649,15; 5; 18; 37; 12; 12; 14; 20
21,55,0.39864,0.38182,8; 10; 21; 55; 18; 17; 13; 20
34,48,0.69485,0.70833,3; 3; 34; 48; 26; 12; 22; 17
29,39,0.76764,0.74359,10; 13; 29; 39; 21; 4; 24; 6
24,34,0.70591,0.70588,11; 6; 24; 34; 32; 15; 29; 3
24,49,0.52069,0.4898,4; 6; 24; 49; 9; 31; 15; 24
35,49,0.68458,0.71429,5; 7; 35; 49; 5; 32; 26; 9
24,46,0.54049,0.52174,4; 6; 24; 46; 15; 7; 16; 8
8,22,0.40297,0.36364,30; 18; 8; 22; 6; 24; 25; 12
11,21,0.51873,0.52381,32; 10; 11; 21; 4; 11; 25; 29
20,50,0.4296,0.4,13; 4; 20; 50; 26; 8; 14; 20
12,75,0.24838,0.16,5; 3; 12; 75; 18; 26; 4; 15
25,51,0.49819,0.4902,9; 8; 25; 51; 20; 27; 21; 7
14,53,0.27537,0.26415,10; 8; 14; 53; 23; 11; 12; 14
28,38,0.75664,0.73684,15; 3; 28; 38; 27; 31; 25; 12
25,32,0.81524,0.78125,9; 8; 25; 32; 20; 8; 16; 9
6,66,0.20653,0.09091,5; 5; 6; 66; 11; 3; 27; 22
12,33,0.31985,0.36364,21; 17; 12; 33; 17; 6; 23; 32
6,61,0.21791,0.09836,11; 14; 6; 61; 16; 8; 27; 26
15,42,0.3579,0.35714,14; 12; 15; 42; 27; 19; 18; 27
7,27,0.31732,0.25926,9; 27; 7; 27; 13; 10; 13; 5
28,57,0.50753,0.49123,3; 6; 28; 57; 12; 18; 25; 29
22,35,0.64207,0.62857,15; 6; 22; 35; 6; 18; 30; 4
20,70,0.31812,0.28571,3; 3; 20; 70; 16; 4; 10; 12
14,49,0.30543,0.28571,14; 5; 14; 49; 3; 3; 5; 17
26,53,0.50521,0.49057,9; 3; 26; 53; 18; 9; 9; 29
29,37,0.80899,0.78378,11; 14; 29; 37; 29; 18; 25; 23
17,47,0.3665,0.3617,10; 7; 17; 47; 14; 21; 3; 14
33,47,0.70958,0.70213,9; 6; 33; 47; 14; 3; 4; 9
31,35,0.86517,0.88571,11; 13; 31; 35; 22; 32; 10; 32
6,40,0.2433,0.15,21; 21; 6; 40; 21; 12; 31; 8
15,21,0.69198,0.71429,18; 5; 15; 21; 5; 6; 25; 19
22,31,0.69987,0.70968,22; 13; 22; 31; 21; 3; 3; 11
5,14,0.43936,0.35714,23; 38; 5; 14; 19; 27; 4; 19
31,49,0.62057,0.63265,8; 4; 31; 49; 14; 25; 31; 24
29,37,0.75848,0.78378,16; 16; 29; 37; 29; 20; 10; 29
10,51,0.18388,0.19608,6; 8; 10; 51; 21; 13; 12; 8
22,35,0.63687,0.62857,6; 12; 22; 35; 23; 16; 20; 28
24,57,0.41559,0.42105,4; 5; 24; 57; 29; 6; 23; 7
20,53,0.36867,0.37736,4; 12; 20; 53; 31; 24; 15; 21
6,21,0.31671,0.28571,28; 21; 6; 21; 6; 31; 31; 20
6,60,0.22134,0.1,5; 3; 6; 60; 32; 4; 14; 17
7,76,0.20933,0.09211,3; 6; 7; 76; 24; 28; 26; 14
28,57,0.52051,0.49123,5; 6; 28; 57; 22; 27; 26; 7
33,52,0.63637,0.63462,4; 6; 33; 52; 8; 30; 8; 19
11,72,0.23104,0.15278,7; 6; 11; 72; 22; 30; 19; 13
23,64,0.37892,0.35938,3; 5; 23; 64; 16; 5; 24; 17
28,38,0.69836,0.73684,7; 6; 28; 38; 11; 16; 21; 17
29,59,0.48636,0.49153,5; 4; 29; 59; 15; 11; 9; 4
18,50,0.38508,0.36,11; 15; 18; 50; 21; 21; 19; 25
5,8,0.72496,0.625,31; 21; 5; 8; 7; 13; 19; 29
21,53,0.40895,0.39623,7; 8; 21; 53; 19; 32; 15; 26
20,68,0.30432,0.29412,5; 4; 20; 68; 4; 13; 18; 23
41,46,0.90653,0.8913,4; 4; 41; 46; 32; 4; 8; 20
11,54,0.24952,0.2037,15; 9; 11; 54; 7; 25; 23; 27
16,23,0.72289,0.69565,15; 9; 16; 23; 31; 12; 10; 12
24,66,0.37623,0.36364,4; 3; 24; 66; 18; 19; 7; 8
15,39,0.39604,0.38462,11; 10; 15; 39; 19; 14; 29; 23
8,9,0.90894,0.88889,6; 26; 8; 9; 28; 29; 7; 3
24,34,0.68136,0.70588,17; 9; 24; 34; 23; 27; 17; 20
6,30,0.27972,0.2,30; 18; 6; 30; 30; 17; 7; 19
35,45,0.76686,0.77778,3; 6; 35; 45; 27; 17; 10; 10
7,68,0.19437,0.10294,11; 11; 7; 68; 22; 29; 18; 22
6,21,0.36056,0.28571,34; 35; 6; 21; 32; 6; 12; 21
12,59,0.25353,0.20339,3; 4; 12; 59; 21; 12; 4; 24
7,10,0.57012,0.7,16; 4; 7; 10; 13; 12; 20; 21
5,56,0.2357,0.08929,7; 16; 5; 56; 16; 6; 25; 19
28,36,0.75905,0.77778,17; 13; 28; 36; 6; 8; 22; 8
20,32,0.5983,0.625,10; 20; 20; 32; 26; 4; 18; 23
21,59,0.37126,0.35593,7; 7; 21; 59; 21; 9; 30; 16
24,57,0.44856,0.42105,3; 6; 24; 57; 22; 29; 26; 9
29,56,0.54307,0.51786,5; 3; 29; 56; 27; 27; 12; 8
14,19,0.84132,0.73684,19; 7; 14; 19; 27; 28; 12; 14
7,44,0.22595,0.15909,4; 12; 7; 44; 22; 20; 3; 30
9,34,0.23464,0.26471,27; 16; 9; 34; 13; 25; 5; 18
27,52,0.52046,0.51923,5; 4; 27; 52; 31; 11; 5; 26
41,46,0.88411,0.8913,5; 4; 41; 46; 9; 8; 18; 24
7,27,0.22718,0.25926,17; 26; 7; 27; 7; 25; 24; 29
23,44,0.55734,0.52273,3; 7; 23; 44; 11; 5; 7; 28
6,66,0.22085,0.09091,5; 9; 6; 66; 22; 21; 17; 10
5,34,0.25016,0.14706,17; 8; 5; 34; 7; 6; 4; 8
16,31,0.51903,0.51613,15; 25; 16; 31; 12; 21; 13; 18
17,19,0.86058,0.89474,22; 14; 17; 19; 23; 12; 11; 29
9,25,0.36371,0.36,9; 17; 9; 25; 14; 24; 17; 4
34,54,0.60769,0.62963,5; 3; 34; 54; 24; 19; 24; 5
17,65,0.2949,0.26154,7; 5; 17; 65; 32; 5; 12; 17
7,79,0.22826,0.08861,3; 4; 7; 79; 23; 28; 13; 7
9,44,0.23018,0.20455,18; 22; 9; 44; 8; 19; 8; 17
21,50,0.38741,0.42,11; 7; 21; 50; 30; 3; 3; 11
28,54,0.52853,0.51852,8; 7; 28; 54; 29; 27; 6; 27
5,7,0.7725,0.71429,37; 28; 5; 7; 22; 10; 8; 30
24,63,0.40754,0.38095,5; 3; 24; 63; 4; 20; 18; 9
7,82,0.23394,0.08537,3; 4; 7; 82; 10; 20; 15; 21
20,70,0.30238,0.28571,3; 4; 20; 70; 30; 6; 27; 15
16,44,0.35041,0.36364,8; 5; 16; 44; 25; 3; 19; 20
10,24,0.38004,0.41667,3; 8; 10; 24; 5; 14; 8; 24
7,75,0.20121,0.09333,3; 4; 7; 75; 4; 27; 25; 4
35,47,0.73647,0.74468,4; 3; 35; 47; 23; 3; 5; 22
18,69,0.29283,0.26087,5; 5; 18; 69; 3; 12; 15; 12
13,25,0.52076,0.52,10; 5; 13; 25; 7; 4; 9; 14
8,9,0.85247,0.88889,40; 21; 8; 9; 26; 27; 14; 23
9,60,0.23597,0.15,8; 10; 9; 60; 29; 9; 15; 20
8,20,0.35909,0.4,28; 34; 8; 20; 6; 13; 15; 7
35,45,0.76431,0.77778,8; 8; 35; 45; 18; 3; 7; 15
5,52,0.24752,0.09615,15; 15; 5; 52; 32; 21; 6; 18
10,64,0.21828,0.15625,11; 3; 10; 64; 6; 3; 17; 16
10,50,0.28358,0.2,16; 16; 10; 50; 22; 28; 6; 5
16,18,0.85968,0.88889,28; 18; 16; 18; 26; 14; 20; 20
29,39,0.74418,0.74359,12; 3; 29; 39; 9; 18; 12; 30
7,80,0.25462,0.0875,3; 3; 7; 80; 15; 20; 32; 27
39,44,0.88063,0.88636,5; 7; 39; 44; 32; 18; 12; 20
9,31,0.31429,0.29032,17; 14; 9; 31; 24; 10; 18; 29
21,43,0.52091,0.48837,15; 12; 21; 43; 10; 26; 9; 14
19,66,0.30229,0.28788,4; 6; 19; 66; 30; 28; 24; 9
12,73,0.22077,0.16438,4; 6; 12; 73; 18; 21; 29; 12
20,52,0.40206,0.38462,13; 4; 20; 52; 10; 15; 6; 15
17,19,0.86971,0.89474,20; 25; 17; 19; 8; 32; 14; 32
27,52,0.52427,0.51923,4; 3; 27; 52; 7; 15; 28; 14
7,81,0.26281,0.08642,5; 5; 7; 81; 28; 14; 3; 19
23,61,0.38709,0.37705,7; 6; 23; 61; 15; 10; 9; 13
15,36,0.40906,0.41667,18; 17; 15; 36; 9; 15; 12; 15
18,69,0.28527,0.26087,5; 5; 18; 69; 24; 15; 16; 9
9,34,0.27082,0.26471,5; 22; 9; 34; 26; 24; 9; 10
8,20,0.34778,0.4,12; 4; 8; 20; 24; 5; 13; 14
11,43,0.26371,0.25581,18; 18; 11; 43; 21; 25; 9; 4
32,43,0.70972,0.74419,11; 4; 32; 43; 27; 23; 20; 7
20,70,0.30938,0.28571,4; 3; 20; 70; 21; 21; 8; 12
32,41,0.77109,0.78049,11; 5; 32; 41; 30; 24; 10; 26
7,10,0.74635,0.7,38; 40; 7; 10; 11; 16; 6; 32
22,45,0.50348,0.48889,14; 12; 22; 45; 29; 23; 20; 11
26,62,0.44295,0.41935,5; 4; 26; 62; 14; 11; 28; 21
28,57,0.51086,0.49123,4; 6; 28; 57; 7; 5; 12; 24
31,35,0.89765,0.88571,7; 15; 31; 35; 6; 24; 16; 23
27,43,0.64708,0.62791,9; 13; 27; 43; 31; 18; 13; 12
7,24,0.33381,0.29167,5; 3; 7; 24; 9; 27; 18; 32
6,23,0.31521,0.26087,14; 18; 6; 23; 23; 27; 17; 14
15,21,0.71444,0.71429,5; 4; 15; 21; 19; 6; 22; 4
29,46,0.62043,0.63043,8; 10; 29; 46; 19; 22; 16; 27
39,44,0.91216,0.88636,7; 3; 39; 44; 31; 12; 10; 8
13,66,0.19992,0.19697,6; 4; 13; 66; 18; 16; 21; 4
6,65,0.27735,0.09231,12; 8; 6; 65; 12; 24; 21; 30
14,18,0.84227,0.77778,18; 30; 14; 18; 21; 7; 9; 15
17,66,0.29686,0.25758,7; 3; 17; 66; 29; 18; 9; 4
6,66,0.22032,0.09091,8; 9; 6; 66; 8; 3; 25; 8
14,20,0.73035,0.7,25; 20; 14; 20; 30; 24; 17; 5
8,20,0.38931,0.4,11; 11; 8; 20; 24; 29; 5; 18
12,17,0.87632,0.70588,11; 14; 12; 17; 17; 16; 30; 22
10,14,0.79151,0.71429,11; 25; 10; 14; 17; 32; 29; 4
24,66,0.35153,0.36364,4; 3; 24; 66; 26; 24; 5; 14
8,19,0.38996,0.42105,18; 13; 8; 19; 18; 8; 20; 12
28,57,0.51203,0.49123,5; 5; 28; 57; 6; 27; 8; 23
19,30,0.6486,0.63333,12; 5; 19; 30; 15; 28; 18; 16
10,24,0.42921,0.41667,31; 13; 10; 24; 17; 31; 16; 28
12,46,0.2752,0.26087,6; 8; 12; 46; 18; 13; 29; 31
35,47,0.71143,0.74468,4; 7; 35; 47; 4; 4; 25; 31
7,68,0.2339,0.10294,6; 7; 7; 68; 16; 32; 8; 32
36,51,0.69553,0.70588,3; 3; 36; 51; 12; 27; 13; 22
12,46,0.258,0.26087,15; 11; 12; 46; 31; 5; 25; 12
11,72,0.2138,0.15278,7; 4; 11; 72; 15; 8; 26; 11
18,68,0.27491,0.26471,4; 3; 18; 68; 24; 25; 25; 18
11,68,0.24681,0.16176,7; 6; 11; 68; 24; 16; 23; 4
11,67,0.23876,0.16418,9; 6; 11; 67; 24; 28; 19; 12
13,45,0.30894,0.28889,18; 17; 13; 45; 6; 26; 27; 27
26,37,0.67774,0.7027,6; 3; 26; 37; 4; 11; 13; 11
34,38,0.88998,0.89474,10; 6; 34; 38; 22; 23; 23; 24
5,25,0.274,0.2,25; 17; 5; 25; 3; 22; 18; 6
23,47,0.52525,0.48936,4; 8; 23; 47; 25; 14; 26; 30
28,54,0.51537,0.51852,8; 4; 28; 54; 14; 11; 31; 6
31,40,0.74748,0.775,13; 5; 31; 40; 22; 18; 3; 28
24,57,0.43392,0.42105,3; 3; 24; 57; 21; 15; 31; 7
24,57,0.4135,0.42105,6; 7; 24; 57; 29; 7; 20; 25
11,70,0.21458,0.15714,8; 5; 11; 70; 28; 16; 19; 19
37,50,0.73872,0.74,4; 4; 37; 50; 14; 11; 10; 20
18,63,0.29882,0.28571,7; 5; 18; 63; 8; 22; 31; 32
31,40,0.78024,0.775,5; 11; 31; 40; 29; 17; 20; 4
6,64,0.22253,0.09375,11; 7; 6; 64; 7; 31; 15; 5
31,35,0.87021,0.88571,15; 6; 31; 35; 31; 3; 26; 8
29,39,0.73998,0.74359,15; 15; 29; 39; 31; 11; 27; 22
30,43,0.67858,0.69767,3; 8; 30; 43; 21; 20; 29; 6
9,24,0.38836,0.375,31; 19; 9; 24; 7; 20; 17; 9
25,51,0.51809,0.4902,8; 5; 25; 51; 15; 15; 19; 26
22,31,0.67792,0.70968,16; 20; 22; 31; 29; 25; 4; 25
21,43,0.50289,0.48837,9; 8; 21; 43; 15; 21; 14; 20
9,44,0.23154,0.20455,4; 3; 9; 44; 19; 15; 23; 21
23,61,0.37471,0.37705,7; 5; 23; 61; 10; 10; 12; 14
28,57,0.48931,0.49123,3; 6; 28; 57; 19; 8; 23; 8
16,31,0.54771,0.51613,9; 21; 16; 31; 6; 3; 4; 30
12,77,0.23406,0.15584,3; 4; 12; 77; 6; 25; 31; 3
8,22,0.37052,0.36364,8; 20; 8; 22; 24; 6; 8; 23
29,59,0.50159,0.49153,5; 5; 29; 59; 17; 3; 13; 6
13,36,0.31624,0.36111,23; 20; 13; 36; 8; 26; 7; 7
25,59,0.42745,0.42373,4; 3; 25; 59; 27; 5; 28; 29
11,54,0.27414,0.2037,16; 8; 11; 54; 4; 31; 26; 29
24,38,0.5999,0.63158,4; 12; 24; 38; 7; 3; 22; 13
18,68,0.28164,0.26471,4; 3; 18; 68; 26; 21; 10; 3
10,16,0.63327,0.625,32; 31; 10; 16; 10; 18; 18; 21
25,62,0.39703,0.40323,3; 3; 25; 62; 15; 16; 14; 16
23,64,0.36104,0.35938,5; 3; 23; 64; 15; 11; 28; 5
9,60,0.23867,0.15,5; 7; 9; 60; 28; 3; 27; 18
16,31,0.5413,0.51613,21; 4; 16; 31; 9; 13; 16; 28
17,33,0.52315,0.51515,14; 17; 17; 33; 27; 15; 7; 24
39,50,0.77299,0.78,4; 4; 39; 50; 26; 21; 29; 20
16,55,0.30324,0.29091,11; 4; 16; 55; 9; 16; 25; 27
10,14,0.83634,0.71429,6; 9; 10; 14; 13; 9; 32; 3
7,76,0.24603,0.09211,7; 4; 7; 76; 18; 22; 23; 23
6,66,0.23321,0.09091,5; 11; 6; 66; 4; 17; 19; 25
34,46,0.7173,0.73913,5; 3; 34; 46; 32; 30; 7; 27
21,58,0.366,0.36207,7; 4; 21; 58; 21; 31; 19; 6
12,77,0.24227,0.15584,3; 3; 12; 77; 16; 21; 24; 9
7,35,0.26391,0.2,24; 12; 7; 35; 30; 20; 8; 11
15,40,0.36268,0.375,11; 3; 15; 40; 3; 32; 29; 16
22,45,0.46735,0.48889,4; 4; 22; 45; 7; 21; 31; 28
7,78,0.23563,0.08974,4; 5; 7; 78; 11; 7; 27; 25
8,53,0.22827,0.15094,9; 13; 8; 53; 15; 13; 22; 13
20,56,0.33656,0.35714,3; 5; 20; 56; 6; 31; 16; 17
18,68,0.26181,0.26471,4; 4; 18; 68; 21; 20; 29; 8
11,26,0.41509,0.42308,10; 11; 11; 26; 12; 16; 6; 6
6,23,0.24688,0.26087,21; 15; 6; 23; 13; 16; 14; 13
34,48,0.70735,0.70833,8; 8; 34; 48; 6; 21; 8; 6
13,25,0.49698,0.52,29; 19; 13; 25; 21; 20; 9; 18
16,18,0.8149,0.88889,25; 21; 16; 18; 18; 11; 4; 7
7,44,0.24108,0.15909,14; 22; 7; 44; 12; 25; 5; 28
19,50,0.36601,0.38,14; 11; 19; 50; 15; 16; 4; 27
7,43,0.25728,0.16279,13; 23; 7; 43; 18; 31; 3; 13
13,25,0.56579,0.52,7; 15; 13; 25; 11; 6; 13; 29
8,51,0.2467,0.15686,9; 6; 8; 51; 19; 26; 15; 16
34,46,0.72109,0.73913,3; 6; 34; 46; 5; 8; 3; 23
15,29,0.45444,0.51724,5; 21; 15; 29; 23; 28; 19; 15
14,39,0.34056,0.35897,20; 11; 14; 39; 13; 9; 22; 13
18,69,0.30149,0.26087,3; 4; 18; 69; 23; 25; 32; 11
5,19,0.36825,0.26316,24; 12; 5; 19; 5; 5; 18; 27
16,44,0.3241,0.36364,8; 7; 16; 44; 17; 10; 6; 29
22,61,0.37859,0.36066,3; 6; 22; 61; 8; 30; 20; 26
5,33,0.25981,0.15152,17; 17; 5; 33; 22; 3; 27; 30
6,62,0.21296,0.09677,9; 12; 6; 62; 14; 25; 17; 18
25,60,0.45631,0.41667,6; 5; 25; 60; 15; 26; 12; 24
22,42,0.56465,0.52381,14; 5; 22; 42; 14; 16; 7; 22
16,18,0.83864,0.88889,5; 28; 16; 18; 19; 6; 21; 11
31,42,0.74394,0.7381,5; 11; 31; 42; 24; 16; 7; 20
20,32,0.6231,0.625,13; 11; 20; 32; 4; 22; 3; 9
20,68,0.31421,0.29412,5; 4; 20; 68; 29; 15; 28; 10
20,55,0.36986,0.36364,9; 8; 20; 55; 15; 7; 23; 31
8,40,0.28978,0.2,20; 4; 8; 40; 28; 6; 20; 13
10,14,0.8131,0.71429,3; 27; 10; 14; 31; 7; 14; 18
12,59,0.28987,0.20339,4; 8; 12; 59; 32; 6; 23; 29
8,81,0.25345,0.09877,4; 3; 8; 81; 22; 8; 17; 11
14,48,0.30292,0.29167,4; 16; 14; 48; 17; 32; 30; 12
14,35,0.39875,0.4,21; 8; 14; 35; 6; 7; 28; 19
27,52,0.52833,0.51923,4; 9; 27; 52; 18; 11; 3; 19
22,55,0.41301,0.4,6; 3; 22; 55; 18; 3; 25; 3
20,52,0.40279,0.38462,8; 9; 20; 52; 19; 28; 18; 7
22,45,0.47898,0.48889,12; 10; 22; 45; 11; 29; 26; 25
28,38,0.74527,0.73684,13; 4; 28; 38; 23; 7; 21; 29
29,59,0.50127,0.49153,3; 4; 29; 59; 31; 11; 11; 18
33,52,0.64514,0.63462,5; 6; 33; 52; 13; 20; 22; 19
17,19,0.92674,0.89474,15; 25; 17; 19; 3; 26; 30; 31
6,59,0.25501,0.10169,11; 7; 6; 59; 16; 3; 5; 12
26,53,0.49951,0.49057,4; 3; 26; 53; 30; 16; 23; 7
26,62,0.43942,0.41935,4; 4; 26; 62; 28; 21; 19; 12
18,70,0.27225,0.25714,3; 5; 18; 70; 29; 12; 24; 18
10,63,0.22264,0.15873,4; 4; 10; 63; 32; 5; 18; 30
9,60,0.22048,0.15,8; 5; 9; 60; 20; 15; 24; 11
23,64,0.3772,0.35938,4; 3; 23; 64; 18; 3; 5; 5
31,35,0.89345,0.88571,15; 16; 31; 35; 11; 3; 28; 32
21,50,0.43887,0.42,8; 5; 21; 50; 15; 23; 17; 32
10,63,0.21734,0.15873,8; 6; 10; 63; 12; 4; 30; 10
14,53,0.28881,0.26415,8; 7; 14; 53; 10; 23; 14; 18
20,69,0.28915,0.28986,4; 3; 20; 69; 32; 17; 16; 28
21,43,0.49593,0.48837,5; 6; 21; 43; 21; 12; 14; 12
25,34,0.73748,0.73529,17; 16; 25; 34; 6; 12; 9; 26
8,9,0.79873,0.88889,11; 27; 8; 9; 29; 11; 26; 10
8,31,0.26502,0.25806,27; 28; 8; 31; 28; 27; 14; 4
14,39,0.36439,0.35897,9; 5; 14; 39; 22; 32; 17; 13
18,68,0.25854,0.26471,5; 6; 18; 68; 29; 29; 21; 9
8,9,0.80024,0.88889,23; 23; 8; 9; 28; 7; 7; 29
7,10,0.65721,0.7,15; 26; 7; 10; 28; 26; 17; 5
5,51,0.25846,0.09804,6; 9; 5; 51; 19; 12; 27; 16
13,66,0.23226,0.19697,4; 7; 13; 66; 8; 3; 23; 25
12,42,0.27979,0.28571,17; 21; 12; 42; 19; 11; 17; 20
13,31,0.43602,0.41935,24; 23; 13; 31; 12; 18; 15; 15
5,12,0.52916,0.41667,37; 38; 5; 12; 17; 4; 9; 28
39,44,0.87067,0.88636,4; 3; 39; 44; 28; 16; 5; 32
20,56,0.36148,0.35714,9; 7; 20; 56; 29; 16; 3; 4
20,70,0.29693,0.28571,4; 3; 20; 70; 8; 16; 4; 21
35,45,0.78971,0.77778,9; 3; 35; 45; 15; 6; 32; 23
17,58,0.31722,0.2931,8; 4; 17; 58; 13; 6; 8; 28
10,68,0.23578,0.14706,4; 6; 10; 68; 7; 32; 19; 20
9,58,0.25504,0.15517,6; 12; 9; 58; 31; 23; 6; 24
10,62,0.22399,0.16129,3; 6; 10; 62; 5; 30; 29; 5
24,34,0.70722,0.70588,15; 7; 24; 34; 7; 17; 22; 6
25,62,0.42585,0.40323,5; 4; 25; 62; 25; 5; 30; 13
11,42,0.31108,0.2619,16; 8; 11; 42; 19; 14; 23; 4
10,28,0.3597,0.35714,3; 3; 10; 28; 16; 25; 20; 5
14,19,0.59481,0.73684,24; 24; 14; 19; 31; 23; 28; 13
25,65,0.40256,0.38462,3; 3; 25; 65; 31; 29; 23; 11
9,61,0.19786,0.14754,8; 12; 9; 61; 29; 26; 7; 18
23,55,0.45791,0.41818,3; 7; 23; 55; 32; 12; 24; 20
5,19,0.37578,0.26316,34; 37; 5; 19; 16; 26; 8; 18
15,21,0.77285,0.71429,4; 11; 15; 21; 12; 20; 4; 3
17,35,0.48967,0.48571,19; 19; 17; 35; 21; 12; 10; 14
23,33,0.67717,0.69697,14; 13; 23; 33; 24; 21; 19; 24
7,81,0.22125,0.08642,3; 5; 7; 81; 20; 27; 22; 20
23,58,0.4169,0.39655,3; 8; 23; 58; 19; 4; 6; 16
7,81,0.26885,0.08642,4; 3; 7; 81; 4; 8; 31; 32
9,62,0.241,0.14516,10; 9; 9; 62; 19; 21; 3; 17
29,46,0.63605,0.63043,11; 9; 29; 46; 11; 15; 26; 27
8,82,0.2231,0.09756,3; 3; 8; 82; 32; 24; 10; 4
32,41,0.8061,0.78049,5; 12; 32; 41; 10; 14; 30; 23
23,47,0.51061,0.48936,13; 14; 23; 47; 10; 6; 20; 21
35,50,0.67418,0.7,4; 3; 35; 50; 7; 5; 3; 29
18,37,0.52221,0.48649,8; 9; 18; 37; 24; 25; 17; 10
6,21,0.30759,0.28571,10; 24; 6; 21; 3; 10; 3; 30
8,50,0.22827,0.16,11; 15; 8; 50; 3; 31; 4; 14
14,69,0.24193,0.2029,6; 6; 14; 69; 7; 21; 6; 9
17,58,0.30214,0.2931,6; 8; 17; 58; 11; 32; 32; 19
5,58,0.25443,0.08621,13; 10; 5; 58; 27; 16; 16; 15
39,44,0.8548,0.88636,5; 7; 39; 44; 15; 10; 26; 16
6,61,0.27351,0.09836,3; 7; 6; 61; 17; 25; 17; 19
10,65,0.22052,0.15385,11; 3; 10; 65; 25; 12; 28; 19
10,49,0.24675,0.20408,10; 18; 10; 49; 8; 31; 5; 32
12,46,0.28072,0.26087,6; 12; 12; 46; 7; 13; 7; 14
34,48,0.71347,0.70833,5; 3; 34; 48; 29; 17; 11; 5
17,24,0.79499,0.70833,22; 25; 17; 24; 16; 11; 16; 18
39,44,0.88757,0.88636,6; 4; 39; 44; 32; 27; 31; 6
23,55,0.42863,0.41818,6; 4; 23; 55; 5; 7; 31; 12
11,74,0.21972,0.14865,5; 6; 11; 74; 32; 15; 7; 18
8,81,0.19585,0.09877,4; 3; 8; 81; 19; 15; 15; 16
27,52,0.53273,0.51923,9; 7; 27; 52; 5; 19; 26; 4
18,37,0.50362,0.48649,7; 8; 18; 37; 5; 12; 18; 21
6,39,0.25299,0.15385,4; 17; 6; 39; 3; 31; 8; 17
10,14,0.8462,0.71429,36; 31; 10; 14; 19; 27; 11; 4
29,59,0.48745,0.49153,4; 4; 29; 59; 9; 31; 20; 29
29,59,0.50815,0.49153,3; 4; 29; 59; 3; 8; 30; 22
30,58,0.53365,0.51724,4; 5; 30; 58; 21; 27; 6; 29
6,65,0.20717,0.09231,7; 10; 6; 65; 15; 24; 5; 16
14,71,0.21674,0.19718,4; 5; 14; 71; 24; 22; 8; 21
27,52,0.54082,0.51923,6; 7; 27; 52; 17; 23; 23; 23
6,70,0.22956,0.08571,7; 6; 6; 70; 15; 9; 11; 24
35,45,0.75502,0.77778,5; 6; 35; 45; 17; 25; 18; 8
7,68,0.24133,0.10294,8; 11; 7; 68; 21; 12; 18; 27
25,59,0.42378,0.42373,7; 4; 25; 59; 21; 15; 31; 20
28,57,0.51025,0.49123,3; 3; 28; 57; 17; 14; 14; 6
10,16,0.52832,0.625,20; 33; 10; 16; 30; 28; 4; 5
40,45,0.88635,0.88889,5; 5; 40; 45; 8; 12; 4; 23
5,13,0.35958,0.38462,36; 40; 5; 13; 6; 18; 3; 24
22,52,0.43117,0.42308,12; 4; 22; 52; 26; 28; 17; 16
8,20,0.345,0.4,32; 26; 8; 20; 31; 29; 22; 14
15,36,0.47962,0.41667,18; 12; 15; 36; 24; 6; 7; 4
5,33,0.23957,0.15152,4; 9; 5; 33; 6; 12; 22; 28
35,47,0.72412,0.74468,3; 6; 35; 47; 8; 5; 26; 32
10,25,0.39711,0.4,11; 12; 10; 25; 16; 20; 21; 16
37,50,0.72416,0.74,5; 3; 37; 50; 24; 23; 24; 12
31,35,0.85246,0.88571,4; 12; 31; 35; 6; 24; 4; 13
5,58,0.19401,0.08621,10; 4; 5; 58; 3; 26; 26; 19
21,30,0.64434,0.7,11; 17; 21; 30; 9; 7; 25; 8
18,43,0.45457,0.4186,18; 5; 18; 43; 16; 22; 10; 14
17,23,0.85526,0.73913,27; 25; 17; 23; 9; 31; 26; 9
14,48,0.30627,0.29167,3; 10; 14; 48; 21; 15; 24; 29
7,77,0.24497,0.09091,6; 6; 7; 77; 15; 6; 21; 3
19,27,0.69649,0.7037,13; 21; 19; 27; 24; 23; 31; 7
34,38,0.90421,0.89474,11; 10; 34; 38; 15; 15; 24; 23
27,52,0.51269,0.51923,7; 3; 27; 52; 4; 10; 30; 14
5,54,0.24579,0.09259,6; 16; 5; 54; 30; 27; 31; 4
33,47,0.715,0.70213,9; 7; 33; 47; 15; 30; 6; 20
18,62,0.30826,0.29032,8; 7; 18; 62; 16; 21; 16; 30
32,51,0.61449,0.62745,3; 7; 32; 51; 14; 29; 29; 16
8,81,0.23831,0.09877,3; 4; 8; 81; 16; 24; 22; 29
17,42,0.4413,0.40476,8; 14; 17; 42; 6; 12; 28; 23
10,61,0.21991,0.16393,7; 12; 10; 61; 5; 16; 8; 21
7,73,0.20633,0.09589,7; 7; 7; 73; 31; 8; 27; 27
37,52,0.69224,0.71154,3; 4; 37; 52; 28; 17; 7; 23
23,47,0.46697,0.48936,11; 14; 23; 47; 23; 7; 16; 32
10,14,0.83178,0.71429,8; 28; 10; 14; 9; 6; 32; 12
11,74,0.21032,0.14865,5; 6; 11; 74; 21; 24; 13; 25
9,24,0.30549,0.375,13; 29; 9; 24; 10; 21; 23; 10
27,38,0.69291,0.71053,11; 5; 27; 38; 14; 23; 31; 26
29,39,0.68965,0.74359,3; 11; 29; 39; 23; 10; 30; 15
5,12,0.60743,0.41667,3; 29; 5; 12; 16; 7; 5; 29
13,34,0.38953,0.38235,14; 7; 13; 34; 19; 9; 14; 25
15,58,0.30051,0.25862,11; 3; 15; 58; 8; 16; 16; 5
7,10,0.74626,0.7,15; 33; 7; 10; 10; 21; 9; 21
18,62,0.29141,0.29032,4; 7; 18; 62; 22; 26; 17; 23
5,55,0.25688,0.09091,12; 7; 5; 55; 3; 9; 31; 4
17,43,0.35324,0.39535,11; 19; 17; 43; 25; 5; 5; 25
32,41,0.78249,0.78049,5; 6; 32; 41; 15; 27; 15; 19
25,32,0.81993,0.78125,13; 14; 25; 32; 25; 29; 21; 8
30,43,0.67841,0.69767,12; 8; 30; 43; 8; 16; 31; 28
10,50,0.22195,0.2,12; 4; 10; 50; 10; 14; 18; 13
8,54,0.2032,0.14815,4; 12; 8; 54; 30; 19; 21; 26
25,59,0.43744,0.42373,5; 5; 25; 59; 7; 8; 11; 20
27,55,0.50378,0.49091,7; 4; 27; 55; 5; 28; 23; 23
23,44,0.52404,0.52273,15; 14; 23; 44; 12; 3; 6; 23
5,53,0.2262,0.09434,18; 4; 5; 53; 8; 31; 15; 26
5,34,0.2727,0.14706,16; 11; 5; 34; 3; 27; 17; 31
18,45,0.36259,0.4,4; 3; 18; 45; 5; 19; 32; 10
17,65,0.27637,0.26154,4; 8; 17; 65; 31; 10; 12; 29
16,31,0.55643,0.51613,17; 17; 16; 31; 8; 30; 23; 27
17,45,0.39774,0.37778,18; 10; 17; 45; 4; 10; 11; 28
11,26,0.38627,0.42308,30; 28; 11; 26; 30; 13; 27; 15
26,35,0.70469,0.74286,18; 6; 26; 35; 4; 16; 13; 16
27,52,0.53009,0.51923,8; 5; 27; 52; 32; 11; 29; 21
17,19,0.85473,0.89474,28; 17; 17; 19; 20; 20; 5; 8
22,35,0.64237,0.62857,18; 7; 22; 35; 11; 3; 10; 27
18,45,0.41094,0.4,7; 11; 18; 45; 12; 25; 11; 19
18,68,0.29194,0.26471,6; 4; 18; 68; 13; 4; 30; 26
11,26,0.40285,0.42308,21; 14; 11; 26; 31; 8; 10; 24
6,66,0.23606,0.09091,5; 6; 6; 66; 29; 28; 9; 20
19,27,0.70942,0.7037,25; 10; 19; 27; 20; 9; 31; 19
13,31,0.39794,0.41935,12; 25; 13; 31; 20; 24; 32; 7
20,41,0.47316,0.4878,3; 13; 20; 41; 6; 13; 13; 4
22,55,0.41872,0.4,9; 9; 22; 55; 30; 19; 11; 18
17,24,0.81112,0.70833,28; 19; 17; 24; 21; 4; 20; 11
7,67,0.18033,0.10448,6; 12; 7; 67; 28; 31; 5; 27
24,63,0.40358,0.38095,4; 4; 24; 63; 14; 21; 12; 13
30,48,0.59561,0.625,3; 8; 30; 48; 31; 11; 7; 3
32,36,0.90012,0.88889,9; 13; 32; 36; 24; 21; 18; 19
24,63,0.37103,0.38095,3; 4; 24; 63; 30; 21; 19; 16
20,70,0.31184,0.28571,4; 4; 20; 70; 5; 16; 7; 12
35,45,0.74942,0.77778,7; 5; 35; 45; 7; 27; 30; 22
23,31,0.75009,0.74194,13; 3; 23; 31; 14; 17; 6; 31
7,9,0.76937,0.77778,5; 39; 7; 9; 4; 27; 22; 4
10,66,0.24146,0.15152,4; 7; 10; 66; 14; 24; 3; 14
8,52,0.21569,0.15385,8; 3; 8; 52; 32; 4; 28; 9
11,29,0.31509,0.37931,25; 10; 11; 29; 25; 19; 11; 24
26,62,0.43342,0.41935,3; 5; 26; 62; 13; 24; 28; 6
6,62,0.22677,0.09677,9; 9; 6; 62; 22; 24; 7; 16
6,63,0.22981,0.09524,3; 6; 6; 63; 4; 4; 28; 32
29,46,0.63801,0.63043,6; 3; 29; 46; 6; 5; 3; 24
30,43,0.70502,0.69767,11; 10; 30; 43; 30; 16; 3; 24
18,23,0.81129,0.78261,16; 23; 18; 23; 8; 15; 3; 3
7,9,0.73748,0.77778,39; 8; 7; 9; 19; 13; 6; 3
17,66,0.2885,0.25758,7; 6; 17; 66; 28; 7; 19; 23
26,53,0.48764,0.49057,8; 8; 26; 53; 25; 18; 25; 11
6,41,0.26416,0.14634,3; 21; 6; 41; 20; 30; 9; 30
12,75,0.22804,0.16,5; 5; 12; 75; 19; 11; 8; 12
16,42,0.36629,0.38095,16; 20; 16; 42; 11; 21; 17; 16
5,52,0.20675,0.09615,20; 13; 5; 52; 25; 7; 22; 16
7,46,0.18601,0.15217,18; 16; 7; 46; 3; 14; 19; 27
7,35,0.26447,0.2,22; 16; 7; 35; 24; 8; 11; 18
26,35,0.70814,0.74286,8; 6; 26; 35; 30; 11; 5; 30
30,43,0.68333,0.69767,3; 11; 30; 43; 10; 11; 28; 12
15,42,0.36763,0.35714,18; 6; 15; 42; 20; 18; 30; 29
8,28,0.27336,0.28571,24; 11; 8; 28; 23; 30; 16; 27
28,57,0.4998,0.49123,3; 6; 28; 57; 20; 24; 7; 7
23,64,0.39423,0.35938,3; 5; 23; 64; 14; 13; 4; 32
25,34,0.70926,0.73529,11; 12; 25; 34; 28; 23; 12; 19
31,42,0.74392,0.7381,3; 10; 31; 42; 3; 6; 7; 24
12,33,0.29248,0.36364,13; 16; 12; 33; 6; 32; 25; 7
23,61,0.39054,0.37705,5; 7; 23; 61; 19; 9; 31; 12
10,16,0.74097,0.625,31; 9; 10; 16; 4; 28; 14; 14
39,44,0.87981,0.88636,7; 7; 39; 44; 26; 28; 27; 5
42,47,0.89207,0.89362,3; 3; 42; 47; 20; 17; 6; 6
35,45,0.76271,0.77778,9; 3; 35; 45; 10; 28; 8; 11
6,58,0.18911,0.10345,3; 3; 6; 58; 25; 9; 15; 8
21,30,0.67479,0.7,16; 22; 21; 30; 11; 22; 27; 10
9,62,0.20208,0.14516,10; 7; 9; 62; 14; 28; 6; 6
41,46,0.87011,0.8913,3; 3; 41; 46; 12; 25; 9; 7
7,77,0.2663,0.09091,7; 4; 7; 77; 8; 10; 3; 13
32,45,0.70893,0.71111,9; 5; 32; 45; 16; 6; 27; 15
10,63,0.24908,0.15873,11; 11; 10; 63; 19; 10; 14; 32
14,27,0.57116,0.51852,13; 28; 14; 27; 26; 4; 23; 17
24,38,0.61325,0.63158,3; 3; 24; 38; 8; 12; 27; 7
29,39,0.72306,0.74359,8; 6; 29; 39; 5; 16; 17; 12
26,62,0.41815,0.41935,5; 3; 26; 62; 29; 28; 12; 24
7,70,0.23527,0.1,8; 10; 7; 70; 15; 26; 20; 29
5,14,0.40825,0.35714,25; 26; 5; 14; 15; 29; 25; 8
34,46,0.72952,0.73913,5; 5; 34; 46; 18; 19; 9; 21
24,34,0.69153,0.70588,3; 6; 24; 34; 23; 26; 9; 17
25,48,0.5402,0.52083,9; 9; 25; 48; 17; 27; 21; 13
25,65,0.3848,0.38462,3; 4; 25; 65; 20; 11; 22; 20
19,48,0.36418,0.39583,13; 4; 19; 48; 11; 4; 14; 28
5,7,0.839,0.71429,28; 8; 5; 7; 17; 12; 8; 30
14,39,0.34727,0.35897,21; 4; 14; 39; 11; 30; 26; 11
15,21,0.69801,0.71429,28; 9; 15; 21; 23; 7; 11; 23
13,66,0.25311,0.19697,5; 7; 13; 66; 4; 20; 21; 19
31,40,0.7744,0.775,7; 6; 31; 40; 27; 27; 5; 5
31,44,0.71254,0.70455,11; 8; 31; 44; 16; 9; 9; 24
14,70,0.22204,0.2,3; 5; 14; 70; 17; 22; 18; 13
39,44,0.86018,0.88636,3; 7; 39; 44; 31; 8; 26; 24
32,43,0.74784,0.74419,3; 4; 32; 43; 6; 14; 18; 15
14,69,0.23262,0.2029,4; 6; 14; 69; 22; 12; 13; 5
19,65,0.30911,0.29231,5; 7; 19; 65; 30; 24; 13; 21
12,77,0.23837,0.15584,4; 3; 12; 77; 4; 12; 26; 13
35,50,0.71569,0.7,5; 6; 35; 50; 9; 7; 15; 24
30,48,0.6226,0.625,8; 10; 30; 48; 28; 6; 17; 32
28,40,0.70317,0.7,5; 8; 28; 40; 6; 25; 11; 12
6,69,0.25294,0.08696,3; 6; 6; 69; 13; 30; 7; 26
8,77,0.21821,0.1039,3; 5; 8; 77; 18; 10; 12; 13
23,33,0.67833,0.69697,14; 9; 23; 33; 18; 22; 9; 17
31,44,0.673,0.70455,4; 8; 31; 44; 14; 12; 16; 26
5,57,0.25736,0.08772,3; 16; 5; 57; 20; 19; 9; 13
31,42,0.72576,0.7381,4; 7; 31; 42; 10; 3; 20; 10
5,52,0.28009,0.09615,3; 4; 5; 52; 4; 6; 13; 32
17,19,0.91296,0.89474,27; 24; 17; 19; 11; 19; 13; 29
14,71,0.20436,0.19718,4; 4; 14; 71; 29; 18; 16; 7
18,48,0.38382,0.375,10; 8; 18; 48; 32; 29; 16; 16
7,46,0.2312,0.15217,10; 13; 7; 46; 7; 23; 17; 31
26,35,0.72618,0.74286,14; 5; 26; 35; 32; 25; 6; 4
6,38,0.18159,0.15789,27; 25; 6; 38; 27; 29; 3; 30
11,38,0.34066,0.28947,6; 11; 11; 38; 23; 14; 21; 27
31,42,0.74919,0.7381,3; 11; 31; 42; 4; 11; 24; 20
5,13,0.45466,0.38462,19; 28; 5; 13; 15; 12; 7; 9
29,39,0.74392,0.74359,5; 4; 29; 39; 26; 6; 5; 28
5,56,0.24085,0.08929,16; 11; 5; 56; 31; 19; 21; 26
29,46,0.60381,0.63043,6; 8; 29; 46; 27; 11; 26; 15
25,28,0.90139,0.89286,11; 19; 25; 28; 12; 17; 4; 31
15,24,0.6585,0.625,26; 13; 15; 24; 18; 28; 30; 15
8,19,0.48921,0.42105,10; 21; 8; 19; 15; 17; 22; 15
24,27,0.90608,0.88889,10; 21; 24; 27; 17; 23; 21; 4
10,25,0.42451,0.4,7; 22; 10; 25; 29; 14; 14; 12
9,57,0.23124,0.15789,16; 9; 9; 57; 27; 5; 23; 29
19,50,0.38384,0.38,6; 7; 19; 50; 32; 11; 6; 5
8,22,0.36093,0.36364,30; 21; 8; 22; 7; 32; 12; 21
26,62,0.40751,0.41935,3; 3; 26; 62; 8; 26; 31; 15
19,39,0.48415,0.48718,16; 15; 19; 39; 26; 7; 28; 9
7,10,0.69498,0.7,4; 6; 7; 10; 29; 9; 10; 26
7,82,0.21575,0.08537,3; 4; 7; 82; 24; 15; 4; 24
21,58,0.38086,0.36207,9; 4; 21; 58; 16; 3; 25; 18
36,46,0.78392,0.78261,8; 3; 36; 46; 15; 13; 24; 6
12,32,0.37969,0.375,4; 5; 12; 32; 26; 31; 13; 7
8,9,0.84867,0.88889,37; 25; 8; 9; 28; 3; 17; 10
32,46,0.67594,0.69565,5; 10; 32; 46; 19; 22; 26; 13
12,19,0.68636,0.63158,26; 3; 12; 19; 26; 14; 15; 19
11,75,0.21141,0.14667,4; 5; 11; 75; 13; 21; 18; 27
25,28,0.90794,0.89286,5; 6; 25; 28; 22; 31; 9; 27
25,32,0.77768,0.78125,19; 15; 25; 32; 17; 29; 20; 3
25,34,0.70392,0.73529,9; 12; 25; 34; 4; 11; 22; 27
9,57,0.21499,0.15789,10; 10; 9; 57; 14; 17; 3; 4
22,45,0.50056,0.48889,9; 15; 22; 45; 28; 4; 4; 13
41,46,0.87378,0.8913,3; 3; 41; 46; 4; 7; 6; 5
25,63,0.38807,0.39683,4; 5; 25; 63; 32; 14; 24; 12
23,44,0.53858,0.52273,15; 14; 23; 44; 19; 17; 12; 19
24,38,0.61759,0.63158,8; 10; 24; 38; 4; 12; 24; 21
7,35,0.22758,0.2,9; 21; 7; 35; 26; 21; 26; 24
34,54,0.61855,0.62963,3; 3; 34; 54; 13; 23; 31; 9
14,18,0.82695,0.77778,33; 29; 14; 18; 11; 18; 3; 29
8,21,0.40643,0.38095,18; 25; 8; 21; 8; 15; 24; 8
23,33,0.67214,0.69697,16; 17; 23; 33; 20; 13; 3; 28
15,39,0.38522,0.38462,4; 3; 15; 39; 31; 22; 7; 8
6,69,0.22157,0.08696,3; 11; 6; 69; 24; 5; 15; 21
6,62,0.25183,0.09677,13; 14; 6; 62; 18; 5; 14; 8
22,31,0.72124,0.70968,10; 14; 22; 31; 11; 12; 31; 19
19,48,0.42404,0.39583,7; 13; 19; 48; 22; 25; 8; 28
5,56,0.21925,0.08929,5; 10; 5; 56; 13; 32; 8; 26
19,30,0.61847,0.63333,6; 23; 19; 30; 32; 17; 19; 22
14,20,0.65964,0.7,32; 27; 14; 20; 12; 12; 27; 13
23,58,0.42152,0.39655,4; 5; 23; 58; 12; 29; 13; 16
8,80,0.25863,0.1,4; 3; 8; 80; 15; 31; 11; 23
14,48,0.3016,0.29167,4; 13; 14; 48; 23; 25; 5; 25
36,46,0.77466,0.78261,8; 3; 36; 46; 30; 6; 18; 27
8,9,0.70191,0.88889,16; 38; 8; 9; 11; 21; 13; 8
7,77,0.2475,0.09091,6; 5; 7; 77; 30; 18; 20; 6
5,55,0.25555,0.09091,11; 8; 5; 55; 23; 22; 18; 29
10,16,0.81493,0.625,4; 13; 10; 16; 3; 5; 10; 18
12,46,0.26524,0.26087,9; 12; 12; 46; 26; 21; 10; 28
7,79,0.22457,0.08861,3; 3; 7; 79; 29; 21; 17; 27
12,74,0.21209,0.16216,3; 3; 12; 74; 19; 21; 19; 26
9,25,0.3459,0.36,11; 12; 9; 25; 3; 12; 19; 25
24,60,0.43169,0.4,5; 5; 24; 60; 12; 17; 22; 15
15,40,0.39012,0.375,5; 7; 15; 40; 21; 17; 24; 7
26,50,0.54103,0.52,8; 5; 26; 50; 8; 7; 17; 19
28,38,0.71907,0.73684,15; 7; 28; 38; 18; 30; 6; 16
24,63,0.3695,0.38095,4; 5; 24; 63; 11; 19; 22; 25
12,42,0.29631,0.28571,13; 18; 12; 42; 21; 30; 17; 9
5,53,0.23932,0.09434,7; 15; 5; 53; 22; 4; 20; 11
23,33,0.63938,0.69697,18; 16; 23; 33; 26; 29; 13; 22
5,50,0.2469,0.1,18; 13; 5; 50; 3; 6; 14; 6
17,43,0.40069,0.39535,16; 17; 17; 43; 21; 28; 23; 21
8,49,0.22612,0.16327,15; 11; 8; 49; 17; 22; 22; 16
33,52,0.63327,0.63462,5; 3; 33; 52; 11; 5; 13; 29
17,65,0.26984,0.26154,7; 8; 17; 65; 3; 30; 26; 5
17,23,0.7086,0.73913,22; 3; 17; 23; 13; 18; 23; 22
21,27,0.82698,0.77778,4; 22; 21; 27; 28; 24; 11; 8
23,31,0.71122,0.74194,15; 8; 23; 31; 3; 27; 15; 20
15,24,0.65763,0.625,21; 15; 15; 24; 9; 8; 24; 3
22,55,0.41193,0.4,8; 9; 22; 55; 26; 30; 12; 10
20,68,0.31907,0.29412,3; 5; 20; 68; 32; 4; 7; 26
22,42,0.53588,0.52381,10; 5; 22; 42; 20; 18; 13; 10
14,27,0.54479,0.51852,26; 11; 14; 27; 24; 3; 8; 4
25,34,0.73589,0.73529,13; 5; 25; 34; 30; 6; 16; 27
6,23,0.29196,0.26087,24; 23; 6; 23; 26; 7; 24; 21
23,33,0.68596,0.69697,21; 13; 23; 33; 22; 17; 7; 14
13,31,0.42987,0.41935,20; 16; 13; 31; 14; 15; 13; 8
41,46,0.88776,0.8913,4; 5; 41; 46; 8; 11; 10; 30
11,70,0.21287,0.15714,5; 3; 11; 70; 9; 4; 22; 3
30,58,0.553,0.51724,4; 3; 30; 58; 21; 28; 26; 14
10,16,0.63558,0.625,27; 21; 10; 16; 3; 25; 22; 11
10,64,0.20832,0.15625,6; 7; 10; 64; 30; 23; 9; 25
31,42,0.68856,0.7381,10; 4; 31; 42; 6; 26; 12; 22
10,16,0.63074,0.625,35; 7; 10; 16; 11; 17; 23; 28
25,48,0.55011,0.52083,12; 5; 25; 48; 8; 6; 24; 24
38,49,0.72801,0.77551,3; 4; 38; 49; 5; 23; 12; 29
12,42,0.30939,0.28571,9; 15; 12; 42; 5; 4; 32; 28
27,38,0.66978,0.71053,9; 3; 27; 38; 9; 9; 30; 32
28,40,0.65366,0.7,10; 4; 28; 40; 21; 17; 15; 11
13,66,0.2326,0.19697,9; 8; 13; 66; 22; 10; 14; 16
16,62,0.29583,0.25806,4; 5; 16; 62; 17; 19; 31; 7
23,60,0.39885,0.38333,3; 7; 23; 60; 27; 9; 24; 32
15,75,0.21336,0.2,3; 3; 15; 75; 13; 8; 26; 22
10,39,0.26899,0.25641,10; 5; 10; 39; 3; 4; 29; 9
20,68,0.32948,0.29412,5; 4; 20; 68; 14; 26; 8; 14
6,37,0.25846,0.16216,12; 10; 6; 37; 7; 23; 7; 18
14,20,0.67705,0.7,19; 22; 14; 20; 15; 18; 12; 25
22,58,0.38294,0.37931,8; 5; 22; 58; 18; 29; 31; 7
11,71,0.19177,0.15493,8; 5; 11; 71; 12; 18; 11; 24
8,20,0.3636,0.4,17; 19; 8; 20; 7; 24; 7; 32
11,73,0.26317,0.15068,6; 3; 11; 73; 15; 29; 22; 4
12,17,0.85863,0.70588,7; 29; 12; 17; 6; 29; 13; 21
15,75,0.22494,0.2,4; 4; 15; 75; 31; 30; 19; 11
24,60,0.40537,0.4,3; 5; 24; 60; 27; 11; 30; 14
18,47,0.41732,0.38298,15; 9; 18; 47; 12; 21; 12; 11
37,52,0.7284,0.71154,3; 4; 37; 52; 7; 21; 12; 4
30,43,0.67674,0.69767,4; 6; 30; 43; 13; 13; 10; 12
8,49,0.27396,0.16327,14; 8; 8; 49; 11; 12; 11; 11
9,35,0.26355,0.25714,15; 6; 9; 35; 18; 20; 5; 11
17,42,0.39923,0.40476,9; 18; 17; 42; 13; 32; 22; 9
14,33,0.38326,0.42424,19; 19; 14; 33; 23; 21; 29; 11
18,70,0.25357,0.25714,5; 4; 18; 70; 10; 13; 14; 15
12,23,0.52728,0.52174,19; 10; 12; 23; 7; 23; 32; 24
14,71,0.25284,0.19718,6; 6; 14; 71; 11; 5; 6; 23
8,55,0.26625,0.14545,8; 10; 8; 55; 7; 31; 18; 16
7,82,0.27198,0.08537,3; 3; 7; 82; 19; 12; 30; 15
18,50,0.36051,0.36,12; 7; 18; 50; 26; 7; 8; 23
24,34,0.6589,0.70588,12; 10; 24; 34; 29; 21; 29; 15
29,56,0.53473,0.51786,3; 5; 29; 56; 16; 20; 11; 19
31,42,0.72733,0.7381,6; 11; 31; 42; 30; 7; 4; 25
35,47,0.72074,0.74468,3; 8; 35; 47; 14; 30; 29; 22
36,46,0.79548,0.78261,4; 3; 36; 46; 5; 5; 4; 19
6,40,0.23204,0.15,20; 14; 6; 40; 14; 10; 18; 14
14,19,0.71672,0.73684,29; 3; 14; 19; 11; 27; 21; 3
7,80,0.23877,0.0875,3; 3; 7; 80; 10; 22; 9; 10
22,61,0.35326,0.36066,5; 4; 22; 61; 11; 26; 19; 20
15,39,0.36021,0.38462,18; 12; 15; 39; 11; 25; 23; 19
25,40,0.63501,0.625,3; 11; 25; 40; 23; 15; 8; 6
14,27,0.53516,0.51852,14; 22; 14; 27; 25; 9; 7; 19
13,31,0.3849,0.41935,21; 12; 13; 31; 24; 15; 21; 12
6,69,0.24609,0.08696,11; 5; 6; 69; 8; 14; 13; 18
7,9,0.71497,0.77778,11; 21; 7; 9; 11; 20; 4; 23
14,49,0.28763,0.28571,15; 14; 14; 49; 19; 21; 26; 23
10,16,0.58515,0.625,7; 29; 10; 16; 10; 30; 19; 17
11,21,0.49975,0.52381,30; 27; 11; 21; 28; 25; 24; 12
25,51,0.50614,0.4902,8; 5; 25; 51; 25; 9; 32; 16
25,40,0.61541,0.625,14; 16; 25; 40; 5; 17; 23; 18
28,38,0.74018,0.73684,10; 10; 28; 38; 28; 30; 7; 13
6,41,0.18315,0.14634,5; 16; 6; 41; 30; 26; 21; 7
21,50,0.42663,0.42,4; 12; 21; 50; 24; 4; 28; 14
20,50,0.40435,0.4,3; 9; 20; 50; 31; 24; 5; 18
8,9,0.66848,0.88889,16; 18; 8; 9; 5; 26; 28; 16
27,52,0.5515,0.51923,9; 4; 27; 52; 3; 30; 13; 27
39,44,0.88415,0.88636,6; 5; 39; 44; 28; 23; 29; 6
25,63,0.41555,0.39683,4; 4; 25; 63; 3; 12; 16; 23
18,50,0.34603,0.36,4; 5; 18; 50; 30; 22; 13; 16
12,60,0.24363,0.2,11; 5; 12; 60; 31; 7; 17; 15
32,41,0.75963,0.78049,6; 8; 32; 41; 28; 16; 15; 14
31,49,0.60896,0.63265,4; 7; 31; 49; 24; 14; 26; 8
27,43,0.64066,0.62791,4; 8; 27; 43; 18; 31; 23; 9
19,47,0.41864,0.40426,13; 8; 19; 47; 30; 3; 28; 27
8,41,0.22012,0.19512,24; 15; 8; 41; 10; 26; 12; 8
17,58,0.29236,0.2931,6; 8; 17; 58; 8; 27; 8; 22
12,41,0.29354,0.29268,12; 21; 12; 41; 5; 28; 19; 18
7,77,0.19712,0.09091,3; 5; 7; 77; 8; 4; 14; 15
21,30,0.66473,0.7,3; 15; 21; 30; 20; 26; 11; 12
8,19,0.46162,0.42105,14; 24; 8; 19; 14; 15; 25; 31
12,30,0.42841,0.4,11; 11; 12; 30; 17; 21; 22; 8
28,57,0.50939,0.49123,6; 3; 28; 57; 10; 11; 31; 24
22,52,0.44306,0.42308,5; 9; 22; 52; 23; 5; 5; 18
33,47,0.69546,0.70213,7; 9; 33; 47; 3; 27; 20; 26
9,34,0.2852,0.26471,13; 9; 9; 34; 8; 18; 8; 26
19,65,0.31749,0.29231,4; 6; 19; 65; 12; 10; 25; 4
18,47,0.37318,0.38298,15; 13; 18; 47; 24; 18; 21; 21
12,77,0.2473,0.15584,4; 3; 12; 77; 12; 17; 19; 31
14,20,0.64923,0.7,14; 18; 14; 20; 14; 26; 17; 10
22,31,0.71916,0.70968,15; 4; 22; 31; 6; 32; 25; 4
27,55,0.51409,0.49091,4; 5; 27; 55; 9; 11; 24; 15
5,57,0.24218,0.08772,15; 13; 5; 57; 30; 4; 16; 32
29,56,0.51993,0.51786,6; 3; 29; 56; 13; 24; 11; 22
19,30,0.61966,0.63333,4; 12; 19; 30; 24; 21; 11; 5
7,45,0.21534,0.15556,12; 20; 7; 45; 7; 31; 8; 31
5,54,0.20222,0.09259,5; 6; 5; 54; 20; 3; 8; 21
20,28,0.7693,0.71429,12; 10; 20; 28; 7; 4; 19; 3
28,57,0.47569,0.49123,5; 3; 28; 57; 25; 7; 4; 4
7,73,0.23217,0.09589,3; 8; 7; 73; 19; 17; 17; 18
40,45,0.88996,0.88889,3; 3; 40; 45; 28; 20; 12; 20
37,53,0.68769,0.69811,4; 4; 37; 53; 8; 31; 9; 18
21,30,0.68904,0.7,15; 6; 21; 30; 32; 19; 11; 22
10,65,0.22523,0.15385,3; 9; 10; 65; 25; 28; 9; 9
7,44,0.25388,0.15909,7; 11; 7; 44; 12; 7; 32; 16
7,69,0.20565,0.10145,5; 4; 7; 69; 25; 27; 8; 14
18,68,0.25651,0.26471,3; 3; 18; 68; 18; 22; 11; 13
27,43,0.62829,0.62791,11; 11; 27; 43; 21; 20; 24; 27
25,62,0.40284,0.40323,3; 4; 25; 62; 9; 14; 32; 16
15,39,0.42813,0.38462,7; 4; 15; 39; 19; 18; 20; 4
34,48,0.68255,0.70833,4; 4; 34; 48; 17; 7; 8; 29
9,62,0.17787,0.14516,13; 9; 9; 62; 27; 7; 5; 22
16,18,0.87048,0.88889,29; 21; 16; 18; 22; 6; 25; 23
10,61,0.2711,0.16393,7; 7; 10; 61; 5; 30; 25; 11
14,18,0.69615,0.77778,7; 31; 14; 18; 28; 14; 18; 16
19,39,0.47064,0.48718,18; 3; 19; 39; 13; 29; 13; 15
7,9,0.83545,0.77778,29; 10; 7; 9; 12; 19; 28; 20
5,57,0.26875,0.08772,18; 17; 5; 57; 4; 24; 6; 18
13,50,0.24272,0.26,3; 9; 13; 50; 4; 6; 29; 7
10,39,0.29361,0.25641,6; 11; 10; 39; 6; 6; 25; 8
14,20,0.67997,0.7,4; 16; 14; 20; 20; 10; 16; 28
7,67,0.2521,0.10448,6; 5; 7; 67; 20; 12; 19; 15
11,67,0.18898,0.16418,8; 4; 11; 67; 25; 20; 31; 6
9,55,0.25553,0.16364,9; 9; 9; 55; 12; 22; 3; 27
8,78,0.20159,0.10256,4; 5; 8; 78; 9; 7; 20; 30
12,32,0.36542,0.375,9; 4; 12; 32; 29; 22; 30; 14
13,31,0.39149,0.41935,11; 20; 13; 31; 7; 10; 30; 32
33,47,0.67417,0.70213,5; 5; 33; 47; 22; 4; 18; 15
7,68,0.2497,0.10294,3; 5; 7; 68; 4; 23; 6; 31
19,39,0.49763,0.48718,19; 19; 19; 39; 15; 25; 5; 24
19,27,0.69285,0.7037,22; 9; 19; 27; 31; 22; 8; 26
16,18,0.87761,0.88889,8; 6; 16; 18; 17; 20; 23; 14
39,50,0.7885,0.78,3; 4; 39; 50; 5; 20; 31; 6
12,19,0.64051,0.63158,21; 32; 12; 19; 14; 26; 25; 7
6,30,0.27924,0.2,11; 11; 6; 30; 14; 24; 19; 9
11,26,0.41979,0.42308,10; 18; 11; 26; 25; 7; 26; 31
20,52,0.38393,0.38462,8; 12; 20; 52; 26; 10; 8; 14
30,48,0.62252,0.625,4; 5; 30; 48; 10; 15; 20; 8
25,40,0.61839,0.625,10; 11; 25; 40; 18; 24; 11; 27
22,45,0.53443,0.48889,9; 11; 22; 45; 28; 23; 3; 10
13,34,0.37527,0.38235,5; 15; 13; 34; 27; 18; 26; 18
12,33,0.37772,0.36364,21; 23; 12; 33; 23; 26; 19; 23
18,48,0.34019,0.375,16; 15; 18; 48; 5; 24; 26; 22
26,37,0.70682,0.7027,9; 8; 26; 37; 27; 24; 4; 10
10,16,0.71218,0.625,16; 25; 10; 16; 30; 3; 27; 12
9,59,0.22249,0.15254,8; 13; 9; 59; 6; 5; 14; 32
25,32,0.81046,0.78125,15; 13; 25; 32; 5; 32; 15; 17
37,53,0.70626,0.69811,4; 3; 37; 53; 32; 29; 15; 8
21,27,0.76346,0.77778,14; 3; 21; 27; 26; 24; 11; 13
11,43,0.26326,0.25581,10; 17; 11; 43; 30; 22; 15; 24
29,41,0.68266,0.70732,14; 13; 29; 41; 15; 4; 14; 22
10,16,0.81967,0.625,19; 32; 10; 16; 20; 32; 23; 13
12,60,0.25773,0.2,13; 8; 12; 60; 17; 15; 30; 21
7,70,0.24642,0.1,10; 5; 7; 70; 4; 6; 3; 23
12,17,0.72886,0.70588,18; 23; 12; 17; 31; 10; 18; 16
37,53,0.67254,0.69811,3; 3; 37; 53; 6; 14; 27; 32
18,23,0.81881,0.78261,25; 27; 18; 23; 24; 17; 15; 9
7,82,0.21123,0.08537,4; 3; 7; 82; 4; 9; 7; 6
32,51,0.64633,0.62745,6; 7; 32; 51; 13; 18; 12; 27
17,66,0.28782,0.25758,7; 4; 17; 66; 25; 14; 6; 4
7,27,0.30846,0.25926,10; 15; 7; 27; 11; 3; 18; 9
20,69,0.28837,0.28986,4; 3; 20; 69; 3; 30; 14; 6
17,35,0.51542,0.48571,9; 11; 17; 35; 24; 17; 32; 6
9,31,0.29994,0.29032,19; 15; 9; 31; 5; 16; 21; 32
8,40,0.28107,0.2,3; 12; 8; 40; 31; 23; 17; 11
12,23,0.53777,0.52174,5; 14; 12; 23; 12; 10; 15; 23
33,47,0.65895,0.70213,6; 6; 33; 47; 17; 22; 27; 13
14,48,0.31915,0.29167,9; 4; 14; 48; 25; 32; 16; 21
20,52,0.37755,0.38462,4; 13; 20; 52; 16; 9; 17; 23
35,47,0.73136,0.74468,3; 3; 35; 47; 31; 18; 11; 10
5,8,0.80999,0.625,4; 16; 5; 8; 9; 25; 30; 8
34,48,0.69833,0.70833,7; 7; 34; 48; 5; 18; 10; 4
23,58,0.40443,0.39655,8; 3; 23; 58; 19; 11; 18; 16
17,58,0.30185,0.2931,3; 8; 17; 58; 14; 18; 19; 31
5,51,0.23857,0.09804,12; 14; 5; 51; 16; 8; 5; 28
32,41,0.75609,0.78049,10; 3; 32; 41; 16; 30; 20; 13
28,36,0.77689,0.77778,15; 16; 28; 36; 9; 8; 28; 31
22,45,0.48653,0.48889,5; 9; 22; 45; 21; 31; 14; 12
12,47,0.26741,0.25532,6; 3; 12; 47; 17; 13; 15; 18
14,71,0.24418,0.19718,4; 3; 14; 71; 9; 23; 10; 31
7,10,0.72064,0.7,25; 25; 7; 10; 29; 31; 7; 17
15,40,0.37471,0.375,20; 5; 15; 40; 32; 12; 19; 3
11,29,0.35372,0.37931,23; 9; 11; 29; 25; 13; 32; 18
10,39,0.28471,0.25641,15; 8; 10; 39; 24; 25; 14; 10
26,35,0.73411,0.74286,3; 8; 26; 35; 6; 30; 29; 18
39,50,0.78102,0.78,3; 4; 39; 50; 11; 20; 3; 5
16,40,0.40366,0.4,13; 3; 16; 40; 10; 18; 15; 7
6,68,0.22817,0.08824,9; 3; 6; 68; 5; 14; 11; 5
7,77,0.23548,0.09091,5; 5; 7; 77; 9; 28; 30; 26
8,50,0.25668,0.16,6; 4; 8; 50; 8; 17; 25; 12
22,42,0.56658,0.52381,15; 6; 22; 42; 29; 14; 23; 14
21,59,0.34564,0.35593,9; 6; 21; 59; 6; 9; 32; 22
20,32,0.60891,0.625,10; 12; 20; 32; 24; 26; 6; 7
6,15,0.33159,0.4,27; 38; 6; 15; 24; 20; 4; 26
9,46,0.26918,0.19565,21; 18; 9; 46; 12; 11; 14; 17
12,73,0.246,0.16438,6; 6; 12; 73; 3; 18; 10; 29
30,43,0.64339,0.69767,9; 5; 30; 43; 25; 7; 22; 14
28,38,0.70818,0.73684,16; 8; 28; 38; 20; 10; 26; 21
36,51,0.66781,0.70588,5; 4; 36; 51; 6; 5; 25; 3
5,52,0.23386,0.09615,4; 16; 5; 52; 6; 14; 18; 8
17,19,0.89575,0.89474,22; 22; 17; 19; 25; 15; 28; 5
11,74,0.24551,0.14865,4; 6; 11; 74; 30; 20; 20; 12
7,47,0.24318,0.14894,16; 19; 7; 47; 3; 18; 18; 24
6,21,0.2981,0.28571,6; 21; 6; 21; 30; 9; 29; 19
11,71,0.23682,0.15493,3; 4; 11; 71; 28; 24; 24; 9
19,66,0.30412,0.28788,6; 5; 19; 66; 16; 26; 8; 22
13,65,0.23863,0.2,5; 5; 13; 65; 19; 12; 22; 19
27,43,0.62428,0.62791,13; 11; 27; 43; 9; 22; 12; 16
7,24,0.32766,0.29167,29; 9; 7; 24; 24; 27; 4; 30
31,42,0.74001,0.7381,6; 3; 31; 42; 6; 22; 30; 21
20,48,0.41414,0.41667,6; 13; 20; 48; 26; 12; 21; 29
16,40,0.39738,0.4,5; 8; 16; 40; 20; 7; 32; 30
10,14,0.713,0.71429,19; 20; 10; 14; 8; 13; 10; 32
13,36,0.34429,0.36111,18; 22; 13; 36; 15; 21; 19; 27
24,64,0.39329,0.375,3; 5; 24; 64; 29; 18; 27; 17
7,48,0.23938,0.14583,18; 21; 7; 48; 31; 20; 22; 13
41,46,0.88534,0.8913,4; 5; 41; 46; 24; 7; 23; 23
31,42,0.70708,0.7381,10; 9; 31; 42; 8; 32; 6; 32
20,41,0.4877,0.4878,7; 7; 20; 41; 14; 29; 15; 13
26,35,0.74067,0.74286,15; 10; 26; 35; 24; 29; 19; 5
18,68,0.29772,0.26471,4; 5; 18; 68; 16; 32; 22; 18
21,50,0.42702,0.42,11; 11; 21; 50; 31; 27; 17; 12
5,53,0.25554,0.09434,11; 19; 5; 53; 26; 11; 13; 15
8,22,0.26585,0.36364,25; 14; 8; 22; 12; 26; 5; 8
8,55,0.25093,0.14545,6; 15; 8; 55; 32; 11; 11; 19
32,36,0.88539,0.88889,15; 6; 32; 36; 17; 14; 16; 4
11,67,0.22428,0.16418,6; 10; 11; 67; 8; 12; 24; 16
29,46,0.63208,0.63043,5; 8; 29; 46; 26; 27; 19; 7
5,54,0.23581,0.09259,4; 13; 5; 54; 12; 25; 19; 18
15,36,0.42917,0.41667,4; 8; 15; 36; 11; 8; 12; 21
26,37,0.66875,0.7027,7; 6; 26; 37; 20; 4; 21; 26
10,26,0.37439,0.38462,14; 18; 10; 26; 32; 27; 8; 6
20,28,0.69207,0.71429,8; 9; 20; 28; 22; 25; 14; 3
12,17,0.78945,0.70588,31; 9; 12; 17; 9; 26; 27; 16
8,78,0.23904,0.10256,6; 4; 8; 78; 27; 26; 6; 15
10,16,0.63728,0.625,6; 24; 10; 16; 21; 14; 24; 31
32,45,0.6998,0.71111,6; 6; 32; 45; 20; 14; 13; 9
12,46,0.27646,0.26087,11; 14; 12; 46; 8; 18; 5; 27
29,46,0.61877,0.63043,9; 4; 29; 46; 10; 12; 26; 7
32,41,0.78716,0.78049,7; 12; 32; 41; 26; 6; 12; 3
9,45,0.2555,0.2,12; 9; 9; 45; 21; 24; 7; 10
7,73,0.24437,0.09589,3; 5; 7; 73; 24; 28; 26; 7
6,15,0.35882,0.4,22; 27; 6; 15; 7; 13; 26; 22
18,62,0.28704,0.29032,4; 8; 18; 62; 29; 23; 11; 9
12,60,0.25753,0.2,13; 3; 12; 60; 21; 19; 8; 27
11,74,0.26236,0.14865,3; 6; 11; 74; 26; 12; 15; 27
16,62,0.2768,0.25806,7; 9; 16; 62; 19; 8; 12; 11
17,19,0.89446,0.89474,4; 28; 17; 19; 30; 30; 26; 10
15,24,0.6757,0.625,14; 11; 15; 24; 15; 7; 11; 19
12,78,0.2635,0.15385,4; 3; 12; 78; 8; 20; 6; 8
18,48,0.36222,0.375,6; 10; 18; 48; 31; 10; 16; 4
21,58,0.36785,0.36207,9; 6; 21; 58; 10; 17; 23; 7
18,62,0.3043,0.29032,6; 5; 18; 62; 30; 21; 4; 31
22,61,0.37116,0.36066,5; 7; 22; 61; 20; 7; 31; 24
13,65,0.2453,0.2,6; 5; 13; 65; 29; 18; 9; 24
7,27,0.3493,0.25926,18; 3; 7; 27; 20; 16; 32; 9
14,18,0.72423,0.77778,14; 4; 14; 18; 19; 21; 20; 20
23,47,0.499,0.48936,13; 6; 23; 47; 31; 32; 14; 18
16,40,0.37414,0.4,14; 16; 16; 40; 16; 30; 21; 18
20,68,0.30943,0.29412,5; 3; 20; 68; 13; 25; 5; 23
6,59,0.26545,0.10169,16; 5; 6; 59; 31; 25; 22; 11
31,35,0.87232,0.88571,12; 14; 31; 35; 6; 22; 26; 9
18,47,0.40885,0.38298,16; 3; 18; 47; 23; 17; 25; 22
33,52,0.6249,0.63462,5; 3; 33; 52; 29; 18; 25; 17
27,43,0.59139,0.62791,5; 13; 27; 43; 11; 24; 28; 14
9,57,0.24754,0.15789,9; 5; 9; 57; 26; 4; 24; 9
16,62,0.27961,0.25806,4; 9; 16; 62; 11; 5; 12; 24
23,55,0.44613,0.41818,7; 7; 23; 55; 5; 13; 27; 3
23,47,0.49197,0.48936,6; 14; 23; 47; 11; 20; 8; 25
7,74,0.21736,0.09459,7; 3; 7; 74; 14; 15; 27; 5
30,42,0.70613,0.71429,4; 8; 30; 42; 29; 19; 9; 23
23,33,0.67421,0.69697,16; 16; 23; 33; 21; 15; 20; 27
8,19,0.31863,0.42105,8; 9; 8; 19; 10; 17; 6; 32
20,41,0.50148,0.4878,8; 9; 20; 41; 30; 7; 17; 31
8,31,0.27479,0.25806,23; 3; 8; 31; 11; 12; 29; 32
19,65,0.32116,0.29231,3; 3; 19; 65; 17; 5; 12; 28
32,46,0.69174,0.69565,8; 6; 32; 46; 4; 20; 15; 13
24,57,0.43298,0.42105,3; 4; 24; 57; 29; 5; 26; 3
12,47,0.26116,0.25532,14; 5; 12; 47; 7; 7; 18; 8
26,37,0.67579,0.7027,15; 11; 26; 37; 21; 26; 19; 11
16,40,0.4147,0.4,3; 5; 16; 40; 21; 11; 7; 12
23,60,0.41594,0.38333,6; 6; 23; 60; 28; 8; 13; 12
34,38,0.8946,0.89474,3; 8; 34; 38; 11; 13; 18; 28
30,58,0.51432,0.51724,4; 4; 30; 58; 24; 14; 28; 29
13,65,0.24062,0.2,9; 7; 13; 65; 30; 20; 12; 32
18,69,0.27379,0.26087,3; 4; 18; 69; 3; 28; 28; 23
7,24,0.29897,0.29167,23; 22; 7; 24; 14; 8; 24; 27
34,38,0.88805,0.89474,9; 9; 34; 38; 19; 7; 25; 19
7,77,0.22201,0.09091,3; 7; 7; 77; 11; 4; 26; 23
16,18,0.89212,0.88889,31; 10; 16; 18; 3; 11; 6; 20
10,50,0.2797,0.2,14; 5; 10; 50; 15; 19; 8; 31
9,24,0.28205,0.375,32; 21; 9; 24; 8; 30; 15; 15
24,46,0.4953,0.52174,3; 10; 24; 46; 12; 20; 12; 27
15,42,0.35706,0.35714,18; 6; 15; 42; 22; 30; 14; 14
34,38,0.89987,0.89474,3; 11; 34; 38; 11; 27; 8; 25
14,18,0.93128,0.77778,31; 10; 14; 18; 27; 24; 24; 16
11,67,0.20838,0.16418,3; 9; 11; 67; 3; 4; 4; 20
6,62,0.26864,0.09677,6; 10; 6; 62; 13; 10; 21; 4
12,75,0.21783,0.16,5; 4; 12; 75; 28; 15; 5; 27
7,43,0.26728,0.16279,7; 7; 7; 43; 5; 25; 21; 29
10,61,0.24336,0.16393,11; 13; 10; 61; 10; 15; 20; 12
7,35,0.25782,0.2,13; 20; 7; 35; 27; 28; 11; 19
5,57,0.25478,0.08772,11; 12; 5; 57; 12; 19; 6; 13
12,17,0.83732,0.70588,32; 19; 12; 17; 30; 7; 17; 7
12,17,0.73514,0.70588,14; 7; 12; 17; 14; 12; 6; 27
8,77,0.25312,0.1039,6; 5; 8; 77; 27; 10; 6; 22
5,25,0.2696,0.2,23; 34; 5; 25; 32; 21; 7; 12
20,28,0.75153,0.71429,8; 7; 20; 28; 17; 31; 3; 3
29,56,0.50908,0.51786,3; 5; 29; 56; 24; 26; 25; 8
17,27,0.65653,0.62963,23; 10; 17; 27; 11; 7; 10; 32
7,10,0.7104,0.7,3; 19; 7; 10; 11; 27; 11; 6
17,65,0.27274,0.26154,6; 4; 17; 65; 22; 5; 27; 20
10,16,0.62182,0.625,28; 31; 10; 16; 23; 23; 4; 26
16,42,0.35613,0.38095,16; 4; 16; 42; 16; 25; 20; 32
23,33,0.66811,0.69697,5; 12; 23; 33; 9; 27; 14; 3
5,32,0.24575,0.15625,5; 11; 5; 32; 16; 3; 31; 15
7,76,0.21528,0.09211,7; 5; 7; 76; 29; 17; 28; 12
12,76,0.2357,0.15789,3; 4; 12; 76; 14; 23; 6; 22
18,47,0.42613,0.38298,13; 12; 18; 47; 24; 9; 32; 9
7,72,0.23866,0.09722,9; 4; 7; 72; 3; 18; 22; 20
21,58,0.35411,0.36207,9; 3; 21; 58; 17; 29; 9; 28
13,50,0.26194,0.26,12; 16; 13; 50; 18; 18; 15; 3
12,23,0.48258,0.52174,11; 30; 12; 23; 28; 16; 25; 27
25,34,0.69366,0.73529,19; 9; 25; 34; 13; 21; 25; 29
19,30,0.6353,0.63333,21; 4; 19; 30; 12; 13; 18; 9
13,25,0.49392,0.52,15; 15; 13; 25; 13; 15; 12; 6
13,45,0.27113,0.28889,8; 13; 13; 45; 8; 16; 19; 27
5,48,0.27299,0.10417,3; 14; 5; 48; 17; 22; 32; 17
30,43,0.69622,0.69767,7; 8; 30; 43; 12; 32; 6; 11
10,35,0.25705,0.28571,13; 15; 10; 35; 18; 26; 30; 15
18,48,0.35551,0.375,8; 6; 18; 48; 3; 4; 25; 12
27,55,0.48813,0.49091,5; 7; 27; 55; 29; 17; 29; 12
8,50,0.23408,0.16,6; 8; 8; 50; 23; 23; 20; 12
13,34,0.36071,0.38235,6; 14; 13; 34; 31; 11; 20; 8
6,60,0.25765,0.1,9; 16; 6; 60; 26; 7; 30; 13
14,53,0.2899,0.26415,7; 10; 14; 53; 6; 20; 27; 10
5,8,0.73662,0.625,26; 3; 5; 8; 17; 28; 21; 29
29,41,0.70721,0.70732,12; 9; 29; 41; 24; 7; 27; 5
37,53,0.67803,0.69811,3; 3; 37; 53; 8; 8; 27; 14
11,69,0.20871,0.15942,3; 6; 11; 69; 18; 24; 19; 28
24,66,0.35716,0.36364,3; 3; 24; 66; 15; 3; 5; 16
31,35,0.83877,0.88571,6; 8; 31; 35; 7; 12; 20; 17
7,67,0.22334,0.10448,8; 11; 7; 67; 12; 13; 13; 7
8,19,0.45038,0.42105,23; 12; 8; 19; 12; 28; 28; 10
30,58,0.53644,0.51724,3; 3; 30; 58; 3; 13; 11; 19
28,36,0.7632,0.77778,9; 16; 28; 36; 3; 15; 22; 13
16,31,0.49851,0.51613,8; 22; 16; 31; 26; 17; 26; 13
18,47,0.39044,0.38298,5; 6; 18; 47; 23; 9; 15; 32
10,16,0.67945,0.625,33; 24; 10; 16; 4; 12; 28; 12
20,32,0.60613,0.625,21; 18; 20; 32; 30; 24; 7; 6
6,23,0.30429,0.26087,17; 9; 6; 23; 23; 21; 16; 5
26,53,0.51813,0.49057,7; 6; 26; 53; 30; 15; 12; 32
25,48,0.54244,0.52083,8; 3; 25; 48; 13; 18; 12; 5
7,70,0.22262,0.1,9; 4; 7; 70; 27; 4; 27; 23
22,42,0.50243,0.52381,8; 3; 22; 42; 3; 32; 5; 3
5,17,0.30725,0.29412,6; 27; 5; 17; 9; 32; 17; 4
6,21,0.2999,0.28571,26; 31; 6; 21; 5; 25; 12; 16
20,41,0.46103,0.4878,7; 10; 20; 41; 15; 22; 11; 9
20,69,0.29648,0.28986,3; 3; 20; 69; 24; 27; 13; 29
12,41,0.29928,0.29268,15; 10; 12; 41; 5; 21; 8; 23
9,25,0.37408,0.36,32; 21; 9; 25; 22; 29; 4; 4
5,53,0.23999,0.09434,6; 18; 5; 53; 8; 30; 8; 23
25,65,0.4106,0.38462,3; 4; 25; 65; 32; 7; 30; 9
21,50,0.43278,0.42,13; 10; 21; 50; 19; 6; 21; 8
8,53,0.23675,0.15094,8; 13; 8; 53; 26; 13; 23; 12
10,49,0.24046,0.20408,14; 12; 10; 49; 19; 18; 20; 15
6,40,0.23826,0.15,8; 25; 6; 40; 29; 25; 21; 9
25,51,0.47956,0.4902,8; 4; 25; 51; 27; 29; 21; 17
28,57,0.5106,0.49123,5; 6; 28; 57; 30; 18; 24; 20
29,41,0.68463,0.70732,12; 6; 29; 41; 23; 32; 12; 10
26,41,0.6515,0.63415,11; 9; 26; 41; 4; 22; 7; 20
25,59,0.42845,0.42373,6; 4; 25; 59; 12; 21; 19; 9
9,35,0.26726,0.25714,21; 13; 9; 35; 3; 7; 9; 27
5,50,0.26783,0.1,17; 3; 5; 50; 13; 32; 14; 14
18,45,0.39834,0.4,7; 13; 18; 45; 28; 30; 4; 29
8,21,0.39108,0.38095,10; 26; 8; 21; 13; 25; 10; 4
17,43,0.41458,0.39535,12; 16; 17; 43; 13; 19; 5; 16
12,23,0.5073,0.52174,20; 28; 12; 23; 19; 27; 16; 3
17,23,0.73024,0.73913,16; 7; 17; 23; 6; 31; 15; 8
5,49,0.20254,0.10204,9; 15; 5; 49; 24; 11; 26; 26
5,7,0.79634,0.71429,13; 33; 5; 7; 30; 25; 16; 21
40,45,0.90512,0.88889,5; 3; 40; 45; 28; 12; 21; 10
17,23,0.77153,0.73913,14; 29; 17; 23; 31; 7; 6; 12
19,27,0.69724,0.7037,20; 5; 19; 27; 17; 30; 11; 29
38,49,0.75463,0.77551,3; 5; 38; 49; 21; 3; 23; 20
5,33,0.25897,0.15152,11; 30; 5; 33; 14; 24; 10; 12
37,50,0.73123,0.74,3; 4; 37; 50; 4; 19; 32; 27
6,70,0.23794,0.08571,4; 8; 6; 70; 8; 9; 22; 13
20,48,0.41122,0.41667,6; 8; 20; 48; 11; 22; 31; 10
37,50,0.75832,0.74,3; 3; 37; 50; 12; 14; 12; 22
6,38,0.17003,0.15789,26; 10; 6; 38; 17; 27; 20; 30
14,49,0.29374,0.28571,3; 16; 14; 49; 10; 12; 12; 7
15,42,0.39029,0.35714,15; 12; 15; 42; 6; 20; 15; 4
14,37,0.36233,0.37838,19; 10; 14; 37; 17; 28; 7; 10
6,41,0.17431,0.14634,10; 21; 6; 41; 12; 6; 15; 29
8,22,0.38954,0.36364,30; 24; 8; 22; 24; 20; 7; 3
7,82,0.22315,0.08537,4; 3; 7; 82; 29; 5; 21; 19
26,37,0.6923,0.7027,6; 4; 26; 37; 4; 26; 14; 11
14,39,0.37156,0.35897,3; 10; 14; 39; 24; 3; 16; 10
25,40,0.62428,0.625,16; 7; 25; 40; 28; 24; 7; 21
18,23,0.79132,0.78261,5; 17; 18; 23; 7; 8; 18; 25
7,69,0.22418,0.10145,9; 9; 7; 69; 16; 24; 9; 26
20,70,0.31904,0.28571,3; 4; 20; 70; 17; 10; 11; 30
33,37,0.89793,0.89189,13; 6; 33; 37; 18; 18; 8; 31
6,59,0.24101,0.10169,12; 7; 6; 59; 32; 5; 7; 6
6,16,0.37069,0.375,14; 23; 6; 16; 13; 31; 5; 14
33,47,0.70597,0.70213,5; 4; 33; 47; 12; 9; 10; 6
21,53,0.38866,0.39623,3; 4; 21; 53; 17; 10; 15; 6
14,19,0.70872,0.73684,22; 26; 14; 19; 32; 5; 29; 23
5,31,0.29054,0.16129,16; 31; 5; 31; 24; 15; 19; 3
19,48,0.38505,0.39583,9; 4; 19; 48; 24; 18; 17; 13
10,16,0.705,0.625,31; 19; 10; 16; 26; 19; 7; 3
15,58,0.28362,0.25862,11; 6; 15; 58; 30; 12; 15; 8
10,51,0.24977,0.19608,6; 11; 10; 51; 3; 22; 31; 16
11,71,0.20307,0.15493,3; 4; 11; 71; 21; 18; 6; 10
30,48,0.6081,0.625,4; 8; 30; 48; 5; 30; 9; 13
7,45,0.23683,0.15556,7; 17; 7; 45; 27; 5; 9; 22
17,27,0.64706,0.62963,25; 21; 17; 27; 24; 16; 20; 11
10,14,0.8033,0.71429,19; 3; 10; 14; 8; 22; 31; 20
34,46,0.72175,0.73913,6; 8; 34; 46; 12; 7; 31; 27
5,58,0.23841,0.08621,12; 3; 5; 58; 5; 15; 4; 3
6,58,0.22406,0.10345,10; 13; 6; 58; 26; 21; 4; 31
13,66,0.23409,0.19697,7; 3; 13; 66; 22; 8; 30; 9
12,33,0.35994,0.36364,24; 14; 12; 33; 27; 19; 28; 22
5,49,0.23921,0.10204,19; 8; 5; 49; 29; 8; 22; 30
31,44,0.68448,0.70455,5; 4; 31; 44; 21; 29; 26; 5
24,64,0.38805,0.375,5; 5; 24; 64; 11; 9; 14; 21
12,77,0.21913,0.15584,4; 4; 12; 77; 6; 19; 16; 6
7,24,0.25227,0.29167,3; 24; 7; 24; 23; 11; 11; 31
34,38,0.86583,0.89474,13; 12; 34; 38; 4; 32; 9; 14
10,16,0.72647,0.625,20; 9; 10; 16; 20; 32; 23; 19
15,36,0.43286,0.41667,12; 10; 15; 36; 31; 22; 24; 12
17,33,0.49182,0.51515,7; 7; 17; 33; 25; 25; 18; 25
16,31,0.51129,0.51613,4; 21; 16; 31; 14; 18; 18; 32
14,35,0.37693,0.4,13; 10; 14; 35; 17; 3; 9; 11
26,53,0.51754,0.49057,6; 3; 26; 53; 24; 16; 27; 7
5,14,0.38869,0.35714,11; 27; 5; 14; 7; 24; 27; 12
23,58,0.4054,0.39655,3; 5; 23; 58; 14; 15; 10; 19
27,52,0.53058,0.51923,6; 4; 27; 52; 13; 16; 5; 8
5,34,0.21869,0.14706,4; 13; 5; 34; 6; 6; 28; 11
25,28,0.89806,0.89286,12; 7; 25; 28; 15; 31; 14; 5
12,30,0.43474,0.4,6; 9; 12; 30; 21; 12; 12; 29
12,32,0.38798,0.375,7; 17; 12; 32; 11; 13; 28; 18
7,80,0.18809,0.0875,4; 4; 7; 80; 6; 9; 26; 12
19,47,0.41994,0.40426,7; 3; 19; 47; 15; 28; 29; 25
15,29,0.51142,0.51724,11; 20; 15; 29; 11; 6; 3; 12
24,63,0.39588,0.38095,3; 4; 24; 63; 19; 11; 13; 14
20,32,0.60227,0.625,12; 3; 20; 32; 31; 25; 25; 6
8,41,0.24918,0.19512,12; 8; 8; 41; 23; 12; 8; 21
22,45,0.50514,0.48889,3; 7; 22; 45; 21; 29; 5; 26
10,26,0.37689,0.38462,26; 14; 10; 26; 13; 9; 31; 25
20,32,0.60038,0.625,23; 16; 20; 32; 16; 4; 20; 22
29,41,0.69047,0.70732,12; 13; 29; 41; 19; 17; 10; 27
7,68,0.22955,0.10294,11; 11; 7; 68; 15; 17; 12; 8
15,39,0.3909,0.38462,8; 6; 15; 39; 7; 13; 21; 22
41,46,0.89277,0.8913,5; 5; 41; 46; 3; 15; 31; 10
31,49,0.62461,0.63265,4; 3; 31; 49; 24; 29; 11; 14
7,45,0.21859,0.15556,20; 12; 7; 45; 3; 12; 20; 9
8,21,0.36641,0.38095,13; 23; 8; 21; 8; 5; 4; 25
21,30,0.708,0.7,8; 12; 21; 30; 31; 9; 5; 19
17,59,0.32387,0.28814,6; 10; 17; 59; 25; 7; 28; 7
20,41,0.51045,0.4878,12; 5; 20; 41; 3; 9; 7; 5
6,30,0.21569,0.2,21; 25; 6; 30; 7; 7; 28; 22
5,49,0.24021,0.10204,6; 10; 5; 49; 24; 23; 22; 14
13,31,0.43207,0.41935,14; 19; 13; 31; 14; 5; 7; 25
23,64,0.37805,0.35938,4; 4; 23; 64; 7; 5; 24; 5
8,19,0.36137,0.42105,30; 32; 8; 19; 31; 12; 8; 10
18,43,0.45826,0.4186,4; 5; 18; 43; 18; 25; 23; 23
21,52,0.40705,0.40385,10; 6; 21; 52; 19; 22; 21; 25
10,25,0.33409,0.4,4; 29; 10; 25; 6; 19; 29; 29
37,53,0.69307,0.69811,3; 3; 37; 53; 31; 16; 9; 4
42,47,0.89088,0.89362,3; 3; 42; 47; 7; 4; 28; 13
37,50,0.74958,0.74,5; 3; 37; 50; 7; 17; 10; 30
10,66,0.22424,0.15152,6; 7; 10; 66; 6; 31; 17; 4
18,50,0.35557,0.36,11; 5; 18; 50; 31; 5; 27; 11
26,35,0.75524,0.74286,16; 9; 26; 35; 10; 8; 20; 17
12,23,0.53943,0.52174,11; 26; 12; 23; 13; 11; 16; 5
32,43,0.73192,0.74419,11; 4; 32; 43; 3; 22; 29; 18
18,37,0.50005,0.48649,10; 11; 18; 37; 29; 17; 31; 20
6,64,0.19643,0.09375,13; 3; 6; 64; 17; 21; 6; 21
35,49,0.69853,0.71429,7; 5; 35; 49; 13; 6; 12; 7
39,44,0.85924,0.88636,6; 7; 39; 44; 24; 10; 29; 25
12,75,0.23906,0.16,4; 4; 12; 75; 21; 10; 8; 31
8,49,0.24931,0.16327,13; 6; 8; 49; 26; 20; 22; 19
18,37,0.48039,0.48649,18; 4; 18; 37; 8; 11; 14; 31
12,75,0.20959,0.16,5; 4; 12; 75; 12; 4; 21; 16
36,46,0.78175,0.78261,5; 4; 36; 46; 17; 10; 12; 4
7,9,0.83533,0.77778,6; 13; 7; 9; 30; 18; 27; 8
8,19,0.42661,0.42105,23; 30; 8; 19; 27; 10; 9; 20
13,65,0.2201,0.2,9; 6; 13; 65; 5; 26; 27; 22
23,47,0.49813,0.48936,9; 14; 23; 47; 19; 29; 13; 3
15,21,0.72667,0.71429,6; 17; 15; 21; 17; 14; 6; 8
9,60,0.23133,0.15,6; 12; 9; 60; 4; 13; 23; 27
36,51,0.69604,0.70588,3; 3; 36; 51; 24; 16; 22; 7
9,25,0.34107,0.36,11; 21; 9; 25; 18; 12; 13; 29
12,41,0.2812,0.29268,22; 13; 12; 41; 7; 28; 31; 6
20,69,0.31187,0.28986,3; 4; 20; 69; 4; 5; 3; 3
18,48,0.42037,0.375,16; 14; 18; 48; 7; 28; 11; 17
20,50,0.40087,0.4,3; 11; 20; 50; 20; 6; 20; 15
10,34,0.30176,0.29412,24; 3; 10; 34; 22; 10; 27; 32
7,80,0.2317,0.0875,5; 4; 7; 80; 17; 13; 16; 27
15,51,0.30454,0.29412,12; 15; 15; 51; 19; 32; 12; 19
7,78,0.22259,0.08974,4; 5; 7; 78; 6; 5; 24; 11
30,48,0.59411,0.625,9; 5; 30; 48; 18; 11; 17; 29
6,69,0.24662,0.08696,7; 6; 6; 69; 20; 3; 26; 24
25,28,0.92285,0.89286,11; 14; 25; 28; 14; 7; 3; 31
26,53,0.50061,0.49057,8; 4; 26; 53; 22; 5; 6; 29
8,49,0.2329,0.16327,12; 20; 8; 49; 4; 18; 6; 26
15,36,0.40341,0.41667,6; 10; 15; 36; 3; 3; 24; 29
12,30,0.3949,0.4,9; 7; 12; 30; 15; 20; 5; 20
22,42,0.56703,0.52381,17; 13; 22; 42; 17; 24; 9; 15
41,46,0.87096,0.8913,5; 3; 41; 46; 32; 32; 18; 14
5,49,0.23415,0.10204,10; 8; 5; 49; 4; 9; 30; 27
21,43,0.48368,0.48837,17; 12; 21; 43; 32; 32; 22; 3
6,61,0.23535,0.09836,10; 8; 6; 61; 16; 19; 15; 4
5,12,0.43417,0.41667,28; 39; 5; 12; 30; 13; 9; 8
8,54,0.23081,0.14815,12; 6; 8; 54; 27; 11; 22; 3
23,55,0.4428,0.41818,7; 6; 23; 55; 17; 24; 28; 28
7,78,0.19955,0.08974,4; 4; 7; 78; 6; 3; 29; 29
12,30,0.36975,0.4,12; 22; 12; 30; 18; 7; 30; 6
7,70,0.25829,0.1,5; 10; 7; 70; 21; 21; 5; 18
5,12,0.40367,0.41667,31; 17; 5; 12; 7; 28; 32; 21
8,51,0.25615,0.15686,8; 12; 8; 51; 3; 19; 14; 4
19,50,0.39138,0.38,11; 3; 19; 50; 25; 24; 5; 20
5,14,0.36959,0.35714,13; 13; 5; 14; 11; 4; 15; 11
34,54,0.62211,0.62963,3; 5; 34; 54; 18; 23; 21; 19
22,53,0.40683,0.41509,3; 8; 22; 53; 3; 11; 24; 15
5,58,0.27732,0.08621,6; 12; 5; 58; 9; 31; 12; 17
37,53,0.68261,0.69811,3; 3; 37; 53; 3; 17; 27; 15
6,70,0.23445,0.08571,4; 4; 6; 70; 32; 4; 3; 19
24,46,0.51688,0.52174,9; 8; 24; 46; 13; 16; 6; 30
13,65,0.23853,0.2,3; 10; 13; 65; 19; 25; 13; 4
27,38,0.68279,0.71053,14; 12; 27; 38; 11; 25; 7; 28
12,19,0.63002,0.63158,29; 9; 12; 19; 14; 9; 21; 15
9,62,0.26316,0.14516,8; 13; 9; 62; 4; 27; 25; 9
14,27,0.41236,0.51852,15; 10; 14; 27; 11; 6; 8; 9
6,40,0.18243,0.15,10; 24; 6; 40; 28; 30; 5; 16
14,70,0.23457,0.2,4; 3; 14; 70; 9; 16; 29; 20
22,31,0.6875,0.70968,3; 15; 22; 31; 4; 28; 30; 24
20,55,0.35151,0.36364,3; 5; 20; 55; 29; 15; 10; 17
8,40,0.22416,0.2,17; 14; 8; 40; 25; 12; 7; 15
17,35,0.47754,0.48571,18; 13; 17; 35; 32; 15; 26; 24
5,54,0.26243,0.09259,17; 11; 5; 54; 5; 7; 24; 23
21,58,0.38155,0.36207,6; 6; 21; 58; 10; 30; 27; 4
10,51,0.24492,0.19608,17; 7; 10; 51; 9; 15; 18; 29
5,19,0.26106,0.26316,21; 4; 5; 19; 16; 10; 16; 26
37,52,0.70539,0.71154,4; 4; 37; 52; 12; 21; 20; 22
18,68,0.2697,0.26471,5; 4; 18; 68; 32; 8; 21; 3
7,67,0.24647,0.10448,4; 10; 7; 67; 14; 29; 24; 23
31,35,0.87919,0.88571,6; 10; 31; 35; 11; 30; 10; 29
39,50,0.76895,0.78,4; 3; 39; 50; 16; 12; 5; 7
18,37,0.45777,0.48649,11; 3; 18; 37; 8; 21; 5; 26
14,69,0.23602,0.2029,7; 4; 14; 69; 6; 21; 30; 4
12,33,0.35394,0.36364,16; 16; 12; 33; 17; 10; 10; 10
9,55,0.25278,0.16364,6; 9; 9; 55; 12; 30; 22; 10
32,43,0.7333,0.74419,3; 3; 32; 43; 27; 17; 22; 26
18,23,0.93566,0.78261,8; 21; 18; 23; 3; 14; 25; 28
5,8,0.69128,0.625,15; 9; 5; 8; 20; 18; 28; 8
28,57,0.50544,0.49123,3; 5; 28; 57; 6; 18; 7; 21
19,50,0.35217,0.38,5; 12; 19; 50; 18; 9; 10; 10
12,74,0.21366,0.16216,5; 6; 12; 74; 28; 16; 19; 15
26,50,0.51895,0.52,10; 3; 26; 50; 17; 23; 21; 22
14,48,0.34845,0.29167,17; 14; 14; 48; 32; 16; 17; 26
6,15,0.42267,0.4,30; 7; 6; 15; 7; 29; 29; 12
12,23,0.44894,0.52174,7; 6; 12; 23; 4; 13; 13; 7
21,27,0.84417,0.77778,10; 14; 21; 27; 16; 13; 5; 7
24,49,0.50506,0.4898,5; 9; 24; 49; 11; 17; 7; 11
18,23,0.80431,0.78261,27; 20; 18; 23; 7; 3; 22; 17
26,41,0.59963,0.63415,12; 8; 26; 41; 20; 7; 8; 20
20,41,0.48769,0.4878,17; 17; 20; 41; 24; 20; 14; 17
7,73,0.24186,0.09589,5; 6; 7; 73; 3; 12; 18; 32
14,71,0.26075,0.19718,3; 6; 14; 71; 13; 26; 16; 11
33,37,0.90482,0.89189,14; 3; 33; 37; 11; 32; 11; 24
22,52,0.41132,0.42308,11; 3; 22; 52; 3; 3; 23; 28
22,35,0.603,0.62857,6; 13; 22; 35; 25; 23; 18; 30
17,42,0.43001,0.40476,14; 13; 17; 42; 24; 15; 31; 19
13,25,0.53405,0.52,8; 17; 13; 25; 20; 4; 30; 14
11,21,0.54199,0.52381,12; 13; 11; 21; 26; 9; 21; 17
9,25,0.35739,0.36,17; 25; 9; 25; 32; 14; 3; 10
23,31,0.73122,0.74194,3; 7; 23; 31; 15; 29; 27; 18
26,35,0.725,0.74286,6; 13; 26; 35; 17; 32; 26; 14
28,57,0.4866,0.49123,6; 4; 28; 57; 10; 12; 20; 3
19,39,0.48389,0.48718,6; 15; 19; 39; 28; 18; 18; 12
14,54,0.26849,0.25926,13; 5; 14; 54; 9; 32; 25; 27
13,50,0.2598,0.26,3; 16; 13; 50; 12; 13; 18; 15
25,28,0.93042,0.89286,19; 13; 25; 28; 21; 13; 28; 4
5,34,0.26103,0.14706,25; 16; 5; 34; 20; 10; 20; 31
27,52,0.52781,0.51923,5; 6; 27; 52; 26; 26; 3; 5
13,65,0.24901,0.2,4; 8; 13; 65; 7; 25; 18; 18
22,53,0.45784,0.41509,8; 11; 22; 53; 29; 5; 21; 21
16,38,0.4293,0.42105,10; 22; 16; 38; 14; 30; 23; 18
8,31,0.2761,0.25806,26; 10; 8; 31; 15; 22; 25; 21
30,42,0.71372,0.71429,9; 9; 30; 42; 7; 8; 11; 4
29,59,0.48796,0.49153,4; 4; 29; 59; 28; 4; 28; 30
27,52,0.54089,0.51923,3; 7; 27; 52; 24; 28; 11; 4
5,56,0.25558,0.08929,4; 16; 5; 56; 15; 5; 6; 31
32,46,0.68451,0.69565,3; 8; 32; 46; 28; 24; 24; 8
21,43,0.52044,0.48837,5; 13; 21; 43; 14; 10; 23; 17
13,25,0.46133,0.52,18; 30; 13; 25; 30; 23; 7; 20
33,47,0.69566,0.70213,9; 7; 33; 47; 17; 6; 18; 12
10,63,0.24166,0.15873,9; 6; 10; 63; 10; 19; 12; 3
8,54,0.21515,0.14815,18; 3; 8; 54; 23; 9; 15; 23
17,23,0.74506,0.73913,16; 5; 17; 23; 24; 19; 22; 17
31,44,0.68908,0.70455,9; 10; 31; 44; 17; 18; 12; 25
16,31,0.50878,0.51613,18; 9; 16; 31; 10; 31; 16; 30
24,49,0.5369,0.4898,4; 10; 24; 49; 15; 26; 13; 11
6,64,0.23588,0.09375,3; 12; 6; 64; 6; 10; 26; 19
22,58,0.38283,0.37931,9; 4; 22; 58; 23; 24; 14; 23
19,47,0.38573,0.40426,3; 13; 19; 47; 28; 20; 30; 3
5,33,0.26966,0.15152,26; 17; 5; 33; 13; 29; 32; 14
10,63,0.21646,0.15873,11; 5; 10; 63; 19; 6; 16; 3
23,31,0.72919,0.74194,15; 21; 23; 31; 5; 26; 19; 29
10,65,0.2201,0.15385,3; 8; 10; 65; 6; 22; 28; 18
5,54,0.25291,0.09259,5; 10; 5; 54; 8; 28; 13; 29
24,38,0.62421,0.63158,8; 9; 24; 38; 19; 22; 24; 23
5,8,0.86854,0.625,13; 14; 5; 8; 16; 8; 12; 25
20,28,0.71282,0.71429,3; 14; 20; 28; 4; 24; 28; 30
7,45,0.24445,0.15556,21; 22; 7; 45; 30; 23; 15; 23
16,62,0.25324,0.25806,3; 8; 16; 62; 20; 18; 7; 30
17,23,0.81686,0.73913,6; 27; 17; 23; 22; 12; 20; 21
16,42,0.42012,0.38095,9; 14; 16; 42; 27; 12; 15; 14
30,42,0.66747,0.71429,10; 9; 30; 42; 27; 22; 23; 18
21,43,0.48473,0.48837,11; 14; 21; 43; 21; 21; 16; 30
12,46,0.2752,0.26087,11; 14; 12; 46; 32; 14; 13; 25
34,38,0.89069,0.89474,4; 9; 34; 38; 18; 18; 16; 13
5,56,0.23555,0.08929,5; 18; 5; 56; 22; 21; 15; 18
20,50,0.41611,0.4,4; 8; 20; 50; 22; 23; 5; 6
12,59,0.24203,0.20339,8; 8; 12; 59; 17; 19; 17; 27
18,37,0.50655,0.48649,10; 5; 18; 37; 4; 17; 21; 13
23,60,0.39234,0.38333,7; 5; 23; 60; 28; 4; 15; 17
20,70,0.31318,0.28571,4; 3; 20; 70; 27; 31; 13; 8
15,58,0.2685,0.25862,6; 7; 15; 58; 21; 31; 11; 11
8,22,0.32656,0.36364,6; 27; 8; 22; 3; 11; 27; 13
18,45,0.39896,0.4,16; 9; 18; 45; 23; 21; 31; 7
12,33,0.36164,0.36364,4; 23; 12; 33; 28; 13; 6; 32
18,23,0.92308,0.78261,9; 19; 18; 23; 29; 13; 15; 25
6,40,0.21693,0.15,20; 6; 6; 40; 26; 25; 14; 5
9,57,0.24357,0.15789,12; 12; 9; 57; 28; 16; 31; 20
16,61,0.297,0.2623,9; 8; 16; 61; 28; 10; 3; 6
29,56,0.55736,0.51786,4; 3; 29; 56; 19; 16; 3; 28
16,62,0.26617,0.25806,4; 7; 16; 62; 31; 17; 7; 24
15,36,0.3851,0.41667,15; 15; 15; 36; 24; 28; 26; 8
41,46,0.88743,0.8913,5; 5; 41; 46; 25; 26; 4; 15
10,35,0.30588,0.28571,7; 13; 10; 35; 15; 12; 25; 15
6,21,0.27425,0.28571,5; 29; 6; 21; 18; 28; 23; 4
20,69,0.30237,0.28986,3; 4; 20; 69; 6; 18; 22; 12
16,23,0.7268,0.69565,23; 5; 16; 23; 29; 10; 26; 3
12,78,0.2401,0.15385,3; 3; 12; 78; 20; 16; 24; 27
29,41,0.71672,0.70732,4; 12; 29; 41; 12; 15; 11; 26
25,28,0.93909,0.89286,8; 20; 25; 28; 17; 21; 29; 10
13,45,0.29242,0.28889,18; 12; 13; 45; 7; 17; 22; 19
23,60,0.38374,0.38333,4; 4; 23; 60; 7; 4; 26; 29
29,39,0.72768,0.74359,12; 5; 29; 39; 20; 24; 16; 21
5,54,0.2493,0.09259,19; 9; 5; 54; 7; 6; 7; 29
25,60,0.4468,0.41667,6; 3; 25; 60; 30; 17; 25; 20
33,47,0.68718,0.70213,5; 5; 33; 47; 16; 5; 8; 9
8,19,0.31228,0.42105,5; 3; 8; 19; 29; 11; 12; 24
6,38,0.20659,0.15789,26; 10; 6; 38; 11; 16; 21; 23
25,40,0.61603,0.625,11; 9; 25; 40; 31; 9; 23; 7
12,23,0.53339,0.52174,23; 7; 12; 23; 17; 15; 26; 14
22,58,0.37127,0.37931,3; 5; 22; 58; 7; 11; 21; 7
23,47,0.52636,0.48936,3; 11; 23; 47; 14; 23; 29; 5
14,27,0.54878,0.51852,6; 14; 14; 27; 9; 19; 6; 27
42,47,0.87903,0.89362,4; 4; 42; 47; 32; 25; 31; 4
20,27,0.73488,0.74074,16; 8; 20; 27; 24; 16; 25; 23
15,39,0.41193,0.38462,19; 10; 15; 39; 16; 15; 13; 5
12,33,0.34287,0.36364,20; 6; 12; 33; 22; 4; 29; 8
20,56,0.35885,0.35714,6; 9; 20; 56; 21; 19; 25; 4
18,23,0.82779,0.78261,13; 20; 18; 23; 27; 26; 23; 19
6,60,0.20776,0.1,10; 15; 6; 60; 5; 12; 22; 24
10,62,0.23393,0.16129,6; 11; 10; 62; 14; 12; 8; 5
5,12,0.44706,0.41667,39; 32; 5; 12; 17; 8; 14; 8
26,41,0.65133,0.63415,15; 3; 26; 41; 15; 11; 11; 13
12,23,0.50515,0.52174,17; 16; 12; 23; 23; 25; 3; 23
16,23,0.73903,0.69565,17; 20; 16; 23; 5; 26; 20; 24
28,54,0.5238,0.51852,5; 7; 28; 54; 9; 14; 11; 8
17,19,0.85867,0.89474,30; 9; 17; 19; 26; 32; 7; 25
18,23,0.83828,0.78261,27; 21; 18; 23; 12; 19; 24; 7
8,19,0.49054,0.42105,7; 21; 8; 19; 18; 3; 7; 15
42,47,0.89129,0.89362,3; 3; 42; 47; 10; 3; 5; 4
15,42,0.35866,0.35714,8; 11; 15; 42; 24; 25; 25; 21
11,70,0.24355,0.15714,5; 6; 11; 70; 19; 31; 20; 16
26,41,0.63902,0.63415,9; 15; 26; 41; 13; 3; 28; 25
17,43,0.4223,0.39535,6; 10; 17; 43; 21; 25; 6; 10
32,51,0.60874,0.62745,6; 3; 32; 51; 24; 5; 9; 19
35,47,0.73166,0.74468,5; 8; 35; 47; 20; 28; 13; 27
10,28,0.37724,0.35714,7; 29; 10; 28; 30; 8; 12; 5
9,61,0.24304,0.14754,6; 9; 9; 61; 12; 21; 32; 6
19,27,0.6711,0.7037,11; 20; 19; 27; 28; 21; 9; 8
17,24,0.74639,0.70833,9; 26; 17; 24; 21; 16; 9; 24
6,15,0.46777,0.4,37; 12; 6; 15; 16; 8; 6; 32
26,50,0.53259,0.52,6; 9; 26; 50; 8; 11; 7; 7
8,20,0.35993,0.4,17; 10; 8; 20; 25; 11; 7; 30
8,40,0.26793,0.2,25; 8; 8; 40; 8; 27; 15; 4
23,57,0.39563,0.40351,9; 4; 23; 57; 8; 25; 18; 9
10,24,0.37719,0.41667,25; 29; 10; 24; 8; 18; 17; 13
16,38,0.45656,0.42105,12; 14; 16; 38; 32; 21; 31; 8
10,50,0.22604,0.2,19; 17; 10; 50; 19; 18; 19; 3
25,34,0.73864,0.73529,19; 5; 25; 34; 31; 8; 15; 5
39,44,0.85968,0.88636,7; 7; 39; 44; 31; 3; 8; 10
18,62,0.31186,0.29032,7; 7; 18; 62; 11; 22; 32; 26
6,59,0.23753,0.10169,3; 12; 6; 59; 3; 8; 11; 23
10,14,0.78046,0.71429,35; 31; 10; 14; 11; 25; 11; 11
7,79,0.22691,0.08861,6; 4; 7; 79; 32; 15; 10; 15
17,47,0.36542,0.3617,11; 5; 17; 47; 8; 18; 23; 25
12,33,0.34193,0.36364,6; 19; 12; 33; 15; 23; 16; 6
11,56,0.24475,0.19643,13; 13; 11; 56; 6; 32; 17; 14
15,24,0.62123,0.625,3; 5; 15; 24; 8; 21; 23; 22
31,42,0.73718,0.7381,9; 5; 31; 42; 7; 9; 9; 3
17,27,0.71388,0.62963,14; 19; 17; 27; 9; 19; 18; 20
29,39,0.73343,0.74359,14; 6; 29; 39; 18; 11; 20; 10
8,22,0.37118,0.36364,12; 10; 8; 22; 10; 5; 4; 14
5,58,0.25145,0.08621,15; 14; 5; 58; 32; 16; 13; 26
37,53,0.68738,0.69811,3; 3; 37; 53; 9; 13; 19; 19
22,55,0.41397,0.4,6; 3; 22; 55; 14; 8; 21; 29
14,33,0.40731,0.42424,19; 3; 14; 33; 18; 17; 20; 3
26,41,0.61346,0.63415,6; 12; 26; 41; 12; 5; 11; 11
29,39,0.78327,0.74359,8; 13; 29; 39; 25; 5; 18; 18
6,61,0.24186,0.09836,8; 10; 6; 61; 7; 15; 21; 9
22,42,0.55641,0.52381,17; 7; 22; 42; 13; 7; 3; 9
22,55,0.38605,0.4,8; 4; 22; 55; 25; 27; 18; 9
21,56,0.35166,0.375,5; 10; 21; 56; 4; 26; 17; 28
29,41,0.68107,0.70732,11; 4; 29; 41; 26; 24; 24; 7
12,42,0.29328,0.28571,12; 4; 12; 42; 23; 24; 16; 32
31,35,0.87916,0.88571,4; 8; 31; 35; 3; 28; 11; 11
13,31,0.38644,0.41935,22; 13; 13; 31; 19; 22; 3; 25
21,30,0.70976,0.7,8; 8; 21; 30; 21; 22; 16; 26
28,57,0.51083,0.49123,6; 4; 28; 57; 31; 28; 14; 7
39,44,0.8743,0.88636,5; 3; 39; 44; 19; 10; 16; 4
26,35,0.72225,0.74286,8; 12; 26; 35; 29; 10; 8; 18
25,35,0.7107,0.71429,19; 4; 25; 35; 3; 11; 26; 11
6,30,0.27468,0.2,22; 30; 6; 30; 4; 10; 28; 3
10,68,0.22898,0.14706,8; 4; 10; 68; 10; 20; 25; 25
10,38,0.27516,0.26316,5; 21; 10; 38; 11; 28; 27; 16
23,47,0.50828,0.48936,14; 4; 23; 47; 7; 13; 12; 22
24,27,0.91489,0.88889,11; 8; 24; 27; 24; 32; 11; 3
23,57,0.41963,0.40351,5; 5; 23; 57; 24; 10; 4; 23
36,51,0.74176,0.70588,5; 4; 36; 51; 16; 26; 7; 6
12,47,0.27037,0.25532,15; 4; 12; 47; 31; 23; 9; 7
33,47,0.68145,0.70213,6; 9; 33; 47; 10; 17; 16; 29
23,31,0.79833,0.74194,12; 17; 23; 31; 32; 22; 5; 13
6,30,0.1997,0.2,10; 18; 6; 30; 32; 24; 14; 21
11,21,0.51238,0.52381,27; 4; 11; 21; 11; 6; 13; 10
11,70,0.19609,0.15714,4; 7; 11; 70; 14; 6; 21; 14
9,46,0.25192,0.19565,12; 20; 9; 46; 13; 13; 29; 27
25,51,0.48831,0.4902,4; 11; 25; 51; 11; 5; 16; 22
22,61,0.37433,0.36066,7; 6; 22; 61; 20; 14; 25; 3
9,58,0.2341,0.15517,5; 13; 9; 58; 9; 16; 24; 28
8,49,0.25568,0.16327,18; 13; 8; 49; 18; 8; 27; 29
19,39,0.46561,0.48718,20; 18; 19; 39; 19; 25; 15; 30
7,80,0.22921,0.0875,5; 4; 7; 80; 12; 15; 5; 27
12,75,0.22736,0.16,5; 5; 12; 75; 5; 4; 23; 11
31,44,0.69689,0.70455,8; 11; 31; 44; 5; 14; 16; 30
21,43,0.46286,0.48837,6; 7; 21; 43; 32; 4; 26; 20
10,64,0.17647,0.15625,6; 8; 10; 64; 10; 21; 29; 27
33,47,0.70341,0.70213,6; 7; 33; 47; 22; 9; 31; 12
17,33,0.55994,0.51515,7; 4; 17; 33; 11; 18; 15; 12
17,33,0.54275,0.51515,6; 10; 17; 33; 4; 19; 5; 17
14,33,0.41907,0.42424,15; 14; 14; 33; 24; 16; 8; 4
16,40,0.43308,0.4,7; 19; 16; 40; 23; 4; 28; 15
24,63,0.40961,0.38095,4; 5; 24; 63; 21; 9; 18; 28
25,32,0.82227,0.78125,20; 10; 25; 32; 30; 26; 3; 25
23,60,0.3693,0.38333,3; 5; 23; 60; 14; 20; 4; 32
7,81,0.25539,0.08642,5; 4; 7; 81; 15; 15; 18; 29
11,70,0.22794,0.15714,4; 7; 11; 70; 28; 24; 14; 29
11,56,0.23119,0.19643,15; 3; 11; 56; 16; 23; 21; 20
17,59,0.31567,0.28814,7; 6; 17; 59; 3; 29; 21; 24
32,46,0.6764,0.69565,10; 3; 32; 46; 30; 21; 7; 23
23,47,0.53249,0.48936,4; 6; 23; 47; 18; 7; 8; 13
5,31,0.22742,0.16129,10; 7; 5; 31; 26; 14; 19; 30
8,40,0.26432,0.2,17; 12; 8; 40; 24; 21; 26; 13
29,39,0.73046,0.74359,10; 10; 29; 39; 10; 14; 16; 6
16,31,0.50654,0.51613,10; 9; 16; 31; 19; 11; 17; 18
8,52,0.22311,0.15385,4; 5; 8; 52; 21; 14; 10; 4
25,35,0.69425,0.71429,16; 4; 25; 35; 17; 5; 31; 32
7,72,0.26439,0.09722,8; 5; 7; 72; 12; 27; 6; 22
7,35,0.22716,0.2,13; 8; 7; 35; 9; 7; 30; 29
20,53,0.39149,0.37736,9; 3; 20; 53; 15; 14; 11; 10
9,56,0.25547,0.16071,3; 15; 9; 56; 16; 22; 18; 6
17,23,0.8374,0.73913,13; 10; 17; 23; 29; 6; 20; 8
32,51,0.62385,0.62745,5; 3; 32; 51; 27; 16; 12; 15
14,27,0.52311,0.51852,20; 26; 14; 27; 32; 4; 19; 11
14,20,0.86494,0.7,16; 16; 14; 20; 26; 13; 3; 3
10,51,0.24611,0.19608,8; 9; 10; 51; 17; 28; 4; 23
8,9,0.786,0.88889,14; 37; 8; 9; 21; 26; 8; 13
18,48,0.36168,0.375,15; 13; 18; 48; 32; 32; 7; 24
19,39,0.49636,0.48718,8; 11; 19; 39; 10; 30; 6; 10
20,48,0.40943,0.41667,10; 8; 20; 48; 20; 5; 26; 14
19,66,0.32702,0.28788,5; 3; 19; 66; 23; 8; 9; 22
5,48,0.25302,0.10417,16; 13; 5; 48; 5; 23; 14; 6
22,45,0.52591,0.48889,11; 8; 22; 45; 10; 20; 27; 29
28,57,0.48802,0.49123,6; 3; 28; 57; 5; 17; 27; 4
12,75,0.22063,0.16,5; 4; 12; 75; 15; 15; 20; 18
6,38,0.2368,0.15789,20; 10; 6; 38; 23; 13; 8; 14
31,42,0.74026,0.7381,7; 6; 31; 42; 26; 8; 12; 14
26,35,0.71458,0.74286,18; 15; 26; 35; 21; 21; 24; 14
19,66,0.30156,0.28788,6; 4; 19; 66; 17; 3; 19; 15
22,45,0.48759,0.48889,11; 6; 22; 45; 5; 16; 17; 25
5,12,0.45594,0.41667,9; 34; 5; 12; 17; 32; 20; 18
16,31,0.47638,0.51613,23; 23; 16; 31; 29; 10; 19; 30
35,50,0.67791,0.7,5; 5; 35; 50; 30; 19; 9; 26
17,23,0.82108,0.73913,14; 3; 17; 23; 9; 14; 22; 19
21,27,0.83905,0.77778,21; 11; 21; 27; 7; 22; 25; 7
10,65,0.23072,0.15385,3; 11; 10; 65; 25; 14; 20; 16
35,47,0.75346,0.74468,6; 7; 35; 47; 7; 17; 22; 9
18,50,0.36813,0.36,3; 4; 18; 50; 20; 32; 9; 11
10,67,0.21043,0.14925,3; 9; 10; 67; 25; 12; 12; 21
6,58,0.25238,0.10345,13; 9; 6; 58; 20; 25; 22; 9
16,31,0.50826,0.51613,12; 24; 16; 31; 10; 3; 30; 8
35,50,0.684,0.7,3; 5; 35; 50; 15; 5; 20; 16
28,38,0.74424,0.73684,3; 3; 28; 38; 26; 14; 14; 12
23,31,0.71863,0.74194,13; 22; 23; 31; 31; 8; 16; 9
7,72,0.22395,0.09722,3; 6; 7; 72; 28; 20; 15; 29
7,80,0.24679,0.0875,3; 4; 7; 80; 5; 16; 7; 19
37,50,0.74387,0.74,5; 4; 37; 50; 11; 12; 24; 13
6,62,0.22064,0.09677,8; 7; 6; 62; 28; 6; 31; 15
16,23,0.77086,0.69565,14; 29; 16; 23; 31; 30; 5; 11
33,47,0.67738,0.70213,3; 7; 33; 47; 30; 13; 24; 9
8,54,0.24082,0.14815,11; 6; 8; 54; 6; 21; 22; 28
26,35,0.71086,0.74286,16; 13; 26; 35; 12; 28; 17; 6
14,54,0.2445,0.25926,5; 15; 14; 54; 11; 32; 6; 21
23,55,0.4181,0.41818,9; 6; 23; 55; 13; 27; 19; 5
25,28,0.87106,0.89286,3; 7; 25; 28; 27; 24; 6; 5
6,40,0.19192,0.15,20; 14; 6; 40; 8; 30; 15; 32
14,19,0.82646,0.73684,6; 3; 14; 19; 7; 4; 14; 9
25,62,0.42635,0.40323,5; 5; 25; 62; 19; 11; 17; 20
12,77,0.20414,0.15584,4; 3; 12; 77; 24; 7; 26; 5
37,50,0.72193,0.74,3; 5; 37; 50; 26; 20; 27; 15
5,50,0.25688,0.1,7; 18; 5; 50; 27; 27; 16; 6
24,27,0.89234,0.88889,17; 5; 24; 27; 27; 14; 22; 6
12,47,0.27053,0.25532,6; 8; 12; 47; 31; 27; 6; 25
12,76,0.22936,0.15789,3; 5; 12; 76; 12; 14; 15; 18
17,65,0.27466,0.26154,4; 8; 17; 65; 21; 21; 17; 21
7,75,0.22932,0.09333,5; 4; 7; 75; 21; 20; 16; 19
24,66,0.36863,0.36364,3; 4; 24; 66; 26; 27; 8; 22
16,23,0.71951,0.69565,22; 17; 16; 23; 13; 25; 31; 18
6,65,0.25998,0.09231,8; 5; 6; 65; 16; 16; 21; 27
34,38,0.86742,0.89474,5; 5; 34; 38; 31; 25; 9; 20
21,43,0.55688,0.48837,15; 5; 21; 43; 25; 26; 7; 22
8,28,0.30847,0.28571,10; 4; 8; 28; 12; 6; 8; 15
16,18,0.87877,0.88889,8; 30; 16; 18; 26; 5; 8; 25
9,35,0.26019,0.25714,18; 3; 9; 35; 11; 5; 13; 4
17,65,0.28166,0.26154,6; 5; 17; 65; 32; 16; 8; 17
22,31,0.71143,0.70968,5; 14; 22; 31; 32; 26; 3; 28
35,50,0.68972,0.7,5; 6; 35; 50; 27; 11; 10; 11
32,41,0.77422,0.78049,7; 4; 32; 41; 17; 8; 7; 9
25,59,0.44766,0.42373,4; 7; 25; 59; 26; 12; 28; 24
23,31,0.72462,0.74194,17; 16; 23; 31; 13; 27; 23; 17
24,60,0.39984,0.4,4; 4; 24; 60; 30; 10; 20; 5
15,74,0.2536,0.2027,3; 4; 15; 74; 9; 3; 13; 6
19,27,0.69174,0.7037,10; 25; 19; 27; 3; 6; 27; 4
19,53,0.36198,0.35849,10; 8; 19; 53; 20; 5; 11; 31
35,45,0.76383,0.77778,8; 3; 35; 45; 5; 10; 14; 27
12,73,0.21177,0.16438,5; 4; 12; 73; 4; 11; 11; 27
17,33,0.53886,0.51515,7; 13; 17; 33; 31; 3; 22; 4
8,53,0.23637,0.15094,7; 4; 8; 53; 22; 17; 23; 19
31,44,0.69251,0.70455,11; 11; 31; 44; 31; 18; 19; 20
8,80,0.28319,0.1,5; 5; 8; 80; 30; 12; 9; 11
17,45,0.38596,0.37778,6; 9; 17; 45; 13; 31; 13; 5
18,37,0.53445,0.48649,14; 21; 18; 37; 31; 20; 28; 17
38,49,0.77005,0.77551,4; 5; 38; 49; 21; 9; 6; 8
31,49,0.64219,0.63265,3; 8; 31; 49; 15; 13; 3; 16
5,7,0.81567,0.71429,25; 30; 5; 7; 5; 4; 28; 14
32,43,0.73589,0.74419,4; 9; 32; 43; 8; 25; 24; 14
6,70,0.25811,0.08571,5; 7; 6; 70; 13; 25; 4; 29
21,30,0.72174,0.7,17; 20; 21; 30; 31; 7; 20; 27
25,63,0.41873,0.39683,5; 4; 25; 63; 21; 29; 5; 32
11,72,0.21808,0.15278,5; 4; 11; 72; 20; 15; 10; 7
6,64,0.26303,0.09375,11; 7; 6; 64; 22; 14; 19; 18
24,27,0.91056,0.88889,8; 6; 24; 27; 30; 7; 14; 21
24,49,0.50796,0.4898,3; 3; 24; 49; 15; 12; 29; 16
13,50,0.27902,0.26,12; 12; 13; 50; 4; 3; 27; 19
17,19,0.84914,0.89474,24; 22; 17; 19; 17; 20; 22; 13
32,46,0.67382,0.69565,6; 10; 32; 46; 25; 16; 5; 8
14,70,0.20116,0.2,3; 7; 14; 70; 9; 30; 22; 16
9,44,0.24659,0.20455,5; 8; 9; 44; 27; 5; 11; 10
18,23,0.83217,0.78261,4; 3; 18; 23; 16; 5; 12; 7
18,43,0.44179,0.4186,13; 5; 18; 43; 19; 20; 14; 4
13,45,0.30404,0.28889,6; 19; 13; 45; 19; 13; 4; 25
42,47,0.87288,0.89362,3; 3; 42; 47; 13; 5; 19; 12
17,23,0.80325,0.73913,10; 20; 17; 23; 5; 16; 8; 28
25,40,0.62511,0.625,6; 12; 25; 40; 20; 26; 19; 28
30,58,0.52327,0.51724,5; 3; 30; 58; 12; 8; 23; 15
13,64,0.21219,0.20312,7; 8; 13; 64; 20; 21; 14; 32
26,50,0.5452,0.52,5; 3; 26; 50; 15; 17; 10; 15
5,58,0.23244,0.08621,9; 5; 5; 58; 23; 20; 17; 13
35,50,0.72248,0.7,4; 5; 35; 50; 10; 10; 21; 17
5,52,0.2422,0.09615,15; 9; 5; 52; 24; 20; 24; 27
5,13,0.59795,0.38462,30; 3; 5; 13; 22; 8; 12; 15
22,35,0.6213,0.62857,13; 14; 22; 35; 12; 30; 12; 18
32,36,0.88437,0.88889,12; 5; 32; 36; 32; 20; 11; 30
15,29,0.54024,0.51724,26; 3; 15; 29; 6; 19; 27; 3
11,71,0.23013,0.15493,4; 3; 11; 71; 19; 5; 10; 6
6,66,0.28296,0.09091,11; 5; 6; 66; 28; 29; 12; 18
11,68,0.2098,0.16176,7; 9; 11; 68; 15; 30; 17; 24
12,41,0.31078,0.29268,11; 22; 12; 41; 28; 17; 30; 12
12,42,0.32024,0.28571,7; 5; 12; 42; 18; 12; 25; 13
23,64,0.3728,0.35938,5; 3; 23; 64; 20; 7; 5; 17
10,26,0.40573,0.38462,24; 31; 10; 26; 27; 26; 14; 5
14,18,0.82598,0.77778,19; 28; 14; 18; 21; 11; 10; 32
19,45,0.40566,0.42222,9; 7; 19; 45; 8; 5; 9; 3
34,38,0.87616,0.89474,13; 7; 34; 38; 16; 26; 7; 26
35,50,0.6773,0.7,5; 3; 35; 50; 12; 18; 27; 24
24,60,0.42197,0.4,7; 5; 24; 60; 3; 32; 30; 28
7,10,0.73372,0.7,19; 28; 7; 10; 21; 21; 23; 11
25,32,0.79928,0.78125,5; 10; 25; 32; 16; 23; 17; 17
26,53,0.4887,0.49057,5; 7; 26; 53; 21; 5; 12; 13
25,65,0.38549,0.38462,3; 4; 25; 65; 18; 5; 11; 6
25,32,0.75634,0.78125,10; 17; 25; 32; 22; 24; 23; 9
8,51,0.24686,0.15686,16; 12; 8; 51; 14; 32; 4; 15
6,58,0.22775,0.10345,16; 7; 6; 58; 9; 29; 21; 11
16,45,0.36424,0.35556,17; 16; 16; 45; 32; 9; 13; 29
17,33,0.49472,0.51515,12; 5; 17; 33; 32; 30; 27; 6
8,55,0.25469,0.14545,7; 16; 8; 55; 15; 7; 14; 9
37,52,0.71763,0.71154,4; 3; 37; 52; 10; 16; 15; 12
6,23,0.2735,0.26087,15; 6; 6; 23; 24; 11; 21; 12
11,74,0.19559,0.14865,6; 4; 11; 74; 14; 22; 18; 9
8,54,0.22204,0.14815,16; 11; 8; 54; 22; 12; 26; 5
6,67,0.26211,0.08955,4; 9; 6; 67; 24; 22; 5; 13
31,42,0.72315,0.7381,4; 12; 31; 42; 22; 23; 19; 25
35,50,0.69085,0.7,5; 4; 35; 50; 8; 17; 24; 25
14,37,0.37028,0.37838,9; 16; 14; 37; 17; 27; 14; 4
35,47,0.72389,0.74468,7; 5; 35; 47; 13; 20; 19; 32
19,53,0.37923,0.35849,12; 12; 19; 53; 7; 17; 12; 22
8,55,0.24952,0.14545,11; 10; 8; 55; 18; 5; 15; 9
31,44,0.69771,0.70455,4; 5; 31; 44; 15; 26; 5; 3
19,47,0.40749,0.40426,16; 9; 19; 47; 11; 20; 8; 12
6,68,0.24208,0.08824,5; 3; 6; 68; 27; 13; 32; 5
23,61,0.40333,0.37705,6; 6; 23; 61; 27; 24; 8; 18
18,23,0.84318,0.78261,17; 28; 18; 23; 28; 10; 5; 5
20,48,0.39762,0.41667,7; 15; 20; 48; 15; 31; 24; 18
29,56,0.54331,0.51786,3; 5; 29; 56; 31; 13; 19; 8
14,48,0.31486,0.29167,16; 13; 14; 48; 7; 10; 23; 4
32,45,0.69017,0.71111,8; 10; 32; 45; 4; 27; 4; 31
20,69,0.31854,0.28986,3; 4; 20; 69; 14; 7; 27; 21
29,39,0.73522,0.74359,7; 7; 29; 39; 5; 23; 15; 8
11,38,0.32117,0.28947,8; 10; 11; 38; 29; 18; 24; 25
10,64,0.24219,0.15625,11; 4; 10; 64; 13; 22; 17; 4
22,53,0.42337,0.41509,11; 8; 22; 53; 29; 21; 22; 5
12,76,0.24832,0.15789,4; 3; 12; 76; 27; 28; 5; 8
22,31,0.73564,0.70968,8; 19; 22; 31; 4; 6; 21; 19
6,68,0.2315,0.08824,7; 4; 6; 68; 23; 28; 17; 24
11,43,0.2831,0.25581,8; 8; 11; 43; 31; 24; 13; 8
10,14,0.68187,0.71429,21; 19; 10; 14; 25; 9; 14; 4
7,78,0.23859,0.08974,6; 6; 7; 78; 18; 21; 22; 29
32,51,0.63061,0.62745,5; 6; 32; 51; 4; 13; 6; 29
12,76,0.23151,0.15789,4; 3; 12; 76; 19; 15; 14; 27
6,65,0.22921,0.09231,11; 3; 6; 65; 16; 11; 13; 10
32,46,0.68737,0.69565,5; 3; 32; 46; 6; 22; 29; 27
12,59,0.25562,0.20339,6; 4; 12; 59; 15; 3; 9; 23
5,12,0.51501,0.41667,33; 31; 5; 12; 24; 6; 19; 28
25,59,0.44534,0.42373,7; 7; 25; 59; 31; 3; 6; 18
35,47,0.74111,0.74468,3; 3; 35; 47; 32; 8; 22; 9
18,50,0.33532,0.36,10; 12; 18; 50; 21; 8; 10; 14
8,41,0.21681,0.19512,23; 13; 8; 41; 4; 28; 8; 16
14,18,0.82916,0.77778,21; 17; 14; 18; 6; 23; 32; 7
14,35,0.37912,0.4,21; 19; 14; 35; 9; 21; 18; 16
11,72,0.2161,0.15278,4; 4; 11; 72; 17; 13; 32; 14
24,63,0.40376,0.38095,4; 3; 24; 63; 11; 19; 27; 25
8,52,0.21648,0.15385,10; 16; 8; 52; 24; 5; 9; 3
33,37,0.89335,0.89189,5; 4; 33; 37; 15; 26; 31; 8
15,29,0.51969,0.51724,14; 18; 15; 29; 12; 30; 32; 15
24,27,0.8954,0.88889,22; 6; 24; 27; 15; 27; 4; 29
9,58,0.24247,0.15517,14; 12; 9; 58; 11; 32; 11; 31
28,57,0.50544,0.49123,4; 4; 28; 57; 6; 29; 6; 8
10,50,0.2485,0.2,3; 16; 10; 50; 9; 22; 29; 18
7,76,0.21841,0.09211,5; 6; 7; 76; 31; 25; 29; 11
10,50,0.25569,0.2,17; 11; 10; 50; 19; 24; 6; 22
10,16,0.78353,0.625,13; 26; 10; 16; 28; 24; 7; 26
18,45,0.44562,0.4,5; 8; 18; 45; 5; 32; 8; 4
10,34,0.28967,0.29412,15; 15; 10; 34; 19; 21; 19; 27
17,35,0.49715,0.48571,6; 9; 17; 35; 6; 12; 6; 30
13,64,0.24685,0.20312,10; 7; 13; 64; 8; 20; 7; 11
6,23,0.2764,0.26087,4; 8; 6; 23; 7; 13; 9; 31
14,71,0.24585,0.19718,6; 5; 14; 71; 12; 23; 10; 23
19,47,0.39653,0.40426,3; 6; 19; 47; 19; 20; 15; 6
27,55,0.50933,0.49091,5; 4; 27; 55; 11; 7; 10; 11
9,25,0.34342,0.36,23; 12; 9; 25; 12; 10; 19; 11
21,56,0.36603,0.375,6; 6; 21; 56; 23; 20; 10; 5
15,52,0.31542,0.28846,10; 4; 15; 52; 8; 13; 5; 18
8,9,0.86307,0.88889,25; 11; 8; 9; 20; 6; 16; 18
29,39,0.76334,0.74359,12; 14; 29; 39; 23; 20; 9; 30
20,69,0.33769,0.28986,4; 4; 20; 69; 5; 32; 8; 11
18,37,0.48694,0.48649,13; 6; 18; 37; 31; 5; 20; 7
11,70,0.19833,0.15714,6; 3; 11; 70; 14; 18; 23; 8
5,53,0.25247,0.09434,4; 5; 5; 53; 22; 3; 26; 3
16,40,0.4073,0.4,13; 8; 16; 40; 8; 24; 15; 7
18,68,0.28234,0.26471,3; 5; 18; 68; 15; 8; 26; 11
24,27,0.87426,0.88889,12; 5; 24; 27; 26; 5; 17; 28
6,62,0.24488,0.09677,5; 10; 6; 62; 19; 19; 10; 30
15,57,0.2498,0.26316,6; 11; 15; 57; 17; 24; 13; 21
35,50,0.66364,0.7,5; 6; 35; 50; 21; 15; 19; 9
22,61,0.37052,0.36066,6; 3; 22; 61; 7; 26; 10; 12
9,31,0.30842,0.29032,18; 27; 9; 31; 20; 28; 7; 10
7,77,0.24907,0.09091,3; 5; 7; 77; 3; 7; 10; 22
15,74,0.23587,0.2027,3; 4; 15; 74; 15; 16; 11; 20
20,27,0.76337,0.74074,14; 20; 20; 27; 7; 27; 26; 30
10,50,0.23037,0.2,19; 15; 10; 50; 7; 24; 22; 14
7,48,0.21576,0.14583,7; 4; 7; 48; 4; 23; 28; 28
15,21,0.66285,0.71429,29; 24; 15; 21; 30; 25; 10; 9
25,40,0.6164,0.625,15; 14; 25; 40; 14; 17; 20; 4
33,47,0.69315,0.70213,9; 3; 33; 47; 30; 21; 22; 5
25,48,0.52038,0.52083,5; 6; 25; 48; 8; 29; 32; 16
7,77,0.25493,0.09091,7; 6; 7; 77; 4; 27; 15; 27
14,53,0.28758,0.26415,14; 10; 14; 53; 3; 31; 9; 15
28,38,0.69104,0.73684,4; 12; 28; 38; 16; 15; 28; 21
5,57,0.25388,0.08772,7; 6; 5; 57; 23; 4; 4; 26
18,45,0.37735,0.4,4; 3; 18; 45; 13; 32; 6; 7
12,33,0.34894,0.36364,14; 26; 12; 33; 29; 4; 15; 24
31,49,0.59865,0.63265,8; 3; 31; 49; 30; 29; 15; 22
20,48,0.3919,0.41667,4; 8; 20; 48; 8; 6; 21; 19
6,21,0.28873,0.28571,19; 20; 6; 21; 8; 6; 4; 8
8,82,0.21437,0.09756,4; 3; 8; 82; 32; 16; 8; 19
22,61,0.36865,0.36066,3; 7; 22; 61; 23; 22; 3; 11
5,25,0.23285,0.2,15; 4; 5; 25; 20; 8; 21; 9
19,65,0.31556,0.29231,6; 7; 19; 65; 11; 15; 28; 4
14,27,0.51526,0.51852,24; 22; 14; 27; 32; 19; 24; 22
6,68,0.2068,0.08824,10; 3; 6; 68; 22; 24; 16; 9
16,42,0.39459,0.38095,6; 11; 16; 42; 3; 9; 8; 6
12,33,0.33323,0.36364,8; 20; 12; 33; 13; 16; 11; 17
6,66,0.24222,0.09091,13; 8; 6; 66; 11; 29; 13; 21
16,42,0.39427,0.38095,6; 9; 16; 42; 3; 12; 21; 5
11,71,0.19605,0.15493,6; 7; 11; 71; 7; 29; 11; 20
33,37,0.89791,0.89189,4; 13; 33; 37; 10; 9; 25; 27
26,35,0.71052,0.74286,10; 14; 26; 35; 13; 21; 17; 4
11,69,0.25435,0.15942,8; 7; 11; 69; 13; 17; 19; 16
17,24,0.74372,0.70833,28; 15; 17; 24; 27; 26; 12; 17
32,36,0.91471,0.88889,7; 13; 32; 36; 24; 23; 18; 21
9,25,0.39014,0.36,24; 13; 9; 25; 12; 23; 24; 17
20,68,0.29924,0.29412,4; 5; 20; 68; 20; 31; 15; 12
37,52,0.75349,0.71154,4; 3; 37; 52; 15; 7; 28; 26
9,31,0.3215,0.29032,6; 3; 9; 31; 8; 23; 3; 24
25,34,0.72857,0.73529,15; 4; 25; 34; 26; 23; 26; 19
20,28,0.71698,0.71429,13; 5; 20; 28; 21; 24; 6; 30
5,50,0.22991,0.1,3; 18; 5; 50; 7; 12; 24; 22
14,27,0.48843,0.51852,9; 17; 14; 27; 3; 6; 12; 9
18,45,0.40182,0.4,5; 4; 18; 45; 12; 26; 17; 17
5,49,0.23807,0.10204,6; 7; 5; 49; 24; 29; 3; 14
25,40,0.62625,0.625,6; 8; 25; 40; 19; 4; 16; 12
7,78,0.24089,0.08974,5; 3; 7; 78; 10; 6; 7; 4
6,30,0.27758,0.2,9; 7; 6; 30; 8; 20; 18; 24
23,33,0.66045,0.69697,6; 3; 23; 33; 5; 19; 25; 7
40,45,0.88077,0.88889,5; 6; 40; 45; 10; 6; 22; 5
5,7,0.70637,0.71429,10; 13; 5; 7; 16; 8; 29; 18
16,61,0.26041,0.2623,3; 5; 16; 61; 18; 17; 6; 26
21,50,0.40765,0.42,8; 9; 21; 50; 18; 7; 21; 14
32,43,0.7461,0.74419,8; 9; 32; 43; 4; 27; 16; 19
6,61,0.22091,0.09836,3; 5; 6; 61; 11; 20; 4; 30
10,25,0.42575,0.4,14; 23; 10; 25; 30; 29; 11; 11
5,48,0.23928,0.10417,9; 10; 5; 48; 22; 7; 22; 11
25,59,0.44595,0.42373,7; 6; 25; 59; 5; 10; 31; 5
25,51,0.51928,0.4902,9; 9; 25; 51; 17; 5; 18; 8
37,50,0.73437,0.74,4; 3; 37; 50; 8; 30; 13; 22
20,41,0.44821,0.4878,17; 6; 20; 41; 26; 12; 16; 19
41,46,0.89863,0.8913,5; 4; 41; 46; 9; 26; 11; 13
33,37,0.89763,0.89189,4; 8; 33; 37; 5; 11; 21; 25
28,54,0.54279,0.51852,4; 8; 28; 54; 15; 31; 20; 21
18,43,0.41723,0.4186,8; 10; 18; 43; 32; 3; 3; 4
19,47,0.42919,0.40426,11; 6; 19; 47; 32; 14; 4; 5
15,74,0.26511,0.2027,3; 4; 15; 74; 5; 4; 9; 17
34,54,0.65667,0.62963,3; 3; 34; 54; 10; 11; 11; 18
17,24,0.71654,0.70833,25; 22; 17; 24; 23; 15; 30; 24
14,49,0.302,0.28571,17; 4; 14; 49; 23; 4; 14; 21
33,52,0.62491,0.63462,4; 6; 33; 52; 30; 15; 18; 11
42,47,0.8801,0.89362,3; 4; 42; 47; 12; 32; 5; 16
14,49,0.30041,0.28571,15; 5; 14; 49; 20; 7; 6; 19
19,66,0.30831,0.28788,6; 3; 19; 66; 14; 31; 15; 14
37,53,0.67492,0.69811,4; 3; 37; 53; 20; 13; 10; 32
15,36,0.4374,0.41667,16; 15; 15; 36; 10; 4; 21; 16
21,53,0.39799,0.39623,12; 12; 21; 53; 10; 7; 22; 23
27,55,0.49551,0.49091,3; 6; 27; 55; 17; 18; 18; 7
34,46,0.71528,0.73913,8; 6; 34; 46; 25; 10; 6; 19
12,60,0.23274,0.2,10; 10; 12; 60; 11; 28; 15; 31
11,75,0.20008,0.14667,6; 3; 11; 75; 13; 20; 18; 3
18,47,0.40131,0.38298,14; 3; 18; 47; 24; 26; 32; 5
17,33,0.54378,0.51515,7; 9; 17; 33; 30; 23; 14; 24
8,81,0.23045,0.09877,3; 4; 8; 81; 29; 25; 4; 32
10,38,0.29365,0.26316,23; 24; 10; 38; 5; 9; 3; 16
10,38,0.32308,0.26316,25; 10; 10; 38; 27; 13; 18; 29
7,69,0.23994,0.10145,5; 6; 7; 69; 30; 28; 13; 6
39,50,0.74885,0.78,4; 3; 39; 50; 11; 3; 14; 19
14,39,0.35699,0.35897,4; 4; 14; 39; 18; 22; 22; 13
24,38,0.62743,0.63158,7; 13; 24; 38; 27; 30; 4; 28
11,67,0.24454,0.16418,10; 4; 11; 67; 28; 30; 5; 12
35,47,0.7487,0.74468,4; 3; 35; 47; 29; 14; 4; 27
5,17,0.45967,0.29412,37; 10; 5; 17; 9; 16; 12; 12
28,38,0.73254,0.73684,13; 5; 28; 38; 3; 15; 28; 7
6,23,0.31023,0.26087,23; 28; 6; 23; 26; 21; 26; 16
40,45,0.88585,0.88889,4; 6; 40; 45; 15; 5; 25; 20
12,32,0.3581,0.375,19; 20; 12; 32; 21; 21; 25; 19
25,32,0.79398,0.78125,15; 8; 25; 32; 11; 9; 5; 10
28,40,0.66912,0.7,7; 10; 28; 40; 25; 21; 21; 14
39,44,0.85534,0.88636,6; 7; 39; 44; 8; 8; 8; 15
40,45,0.88809,0.88889,4; 6; 40; 45; 4; 11; 22; 16
17,65,0.27574,0.26154,6; 7; 17; 65; 10; 25; 11; 12
21,30,0.7198,0.7,15; 12; 21; 30; 27; 30; 4; 6
12,75,0.2075,0.16,4; 3; 12; 75; 9; 24; 19; 22
38,49,0.75044,0.77551,3; 3; 38; 49; 3; 23; 13; 5
16,42,0.38649,0.38095,20; 6; 16; 42; 6; 5; 31; 19
31,49,0.64592,0.63265,5; 7; 31; 49; 12; 12; 7; 18
11,43,0.30538,0.25581,9; 7; 11; 43; 20; 23; 28; 8
6,63,0.25238,0.09524,6; 8; 6; 63; 16; 6; 32; 6
5,12,0.40657,0.41667,34; 15; 5; 12; 25; 3; 13; 12
29,46,0.6298,0.63043,8; 4; 29; 46; 17; 10; 26; 31
15,24,0.66878,0.625,9; 13; 15; 24; 17; 10; 4; 15
11,26,0.40617,0.42308,5; 20; 11; 26; 29; 11; 19; 30
13,50,0.26815,0.26,16; 11; 13; 50; 32; 32; 9; 4
14,27,0.50856,0.51852,19; 12; 14; 27; 10; 25; 25; 25
26,35,0.76182,0.74286,10; 9; 26; 35; 16; 9; 8; 7
32,43,0.72569,0.74419,9; 10; 32; 43; 28; 14; 12; 15
36,46,0.79664,0.78261,7; 3; 36; 46; 12; 14; 7; 17
11,67,0.22986,0.16418,3; 4; 11; 67; 10; 25; 27; 29
17,42,0.43883,0.40476,10; 6; 17; 42; 4; 23; 22; 16
17,33,0.52447,0.51515,11; 13; 17; 33; 17; 17; 9; 7
5,19,0.33157,0.26316,5; 15; 5; 19; 30; 4; 4; 12
14,49,0.32057,0.28571,12; 14; 14; 49; 8; 10; 5; 16
18,23,0.8645,0.78261,6; 15; 18; 23; 16; 32; 5; 11
8,79,0.23907,0.10127,5; 4; 8; 79; 15; 23; 20; 9
15,51,0.34281,0.29412,12; 13; 15; 51; 8; 13; 5; 6
16,55,0.28795,0.29091,13; 9; 16; 55; 6; 3; 23; 28
20,50,0.41314,0.4,7; 7; 20; 50; 18; 13; 31; 16
26,35,0.75637,0.74286,3; 14; 26; 35; 28; 5; 14; 17
26,62,0.41874,0.41935,5; 5; 26; 62; 9; 23; 23; 7
20,70,0.29214,0.28571,4; 4; 20; 70; 23; 20; 5; 16
11,71,0.21812,0.15493,8; 4; 11; 71; 19; 5; 8; 16
39,44,0.87493,0.88636,5; 7; 39; 44; 9; 14; 19; 27
22,31,0.676,0.70968,21; 18; 22; 31; 29; 23; 19; 17
29,59,0.50051,0.49153,5; 5; 29; 59; 9; 12; 8; 28
15,74,0.23967,0.2027,4; 3; 15; 74; 14; 27; 27; 20
29,41,0.69818,0.70732,5; 4; 29; 41; 4; 26; 8; 24
7,10,0.66233,0.7,18; 29; 7; 10; 19; 26; 24; 27
31,40,0.73798,0.775,6; 10; 31; 40; 30; 27; 14; 17
11,21,0.4921,0.52381,19; 13; 11; 21; 28; 12; 6; 3
16,23,0.69962,0.69565,18; 28; 16; 23; 18; 16; 15; 30
23,57,0.42335,0.40351,8; 5; 23; 57; 6; 21; 15; 26
8,28,0.25966,0.28571,14; 15; 8; 28; 10; 4; 22; 32
16,38,0.41548,0.42105,3; 10; 16; 38; 14; 20; 9; 22
35,45,0.74377,0.77778,3; 3; 35; 45; 15; 23; 24; 12
26,50,0.53029,0.52,5; 8; 26; 50; 7; 9; 4; 12
16,40,0.40492,0.4,15; 14; 16; 40; 11; 4; 12; 15
18,43,0.42276,0.4186,17; 7; 18; 43; 23; 11; 23; 9
6,21,0.28396,0.28571,13; 12; 6; 21; 17; 32; 12; 5
15,57,0.26217,0.26316,12; 5; 15; 57; 28; 15; 15; 25
37,53,0.6883,0.69811,4; 3; 37; 53; 6; 15; 13; 14
9,24,0.34885,0.375,19; 6; 9; 24; 6; 21; 11; 8
5,58,0.21018,0.08621,9; 7; 5; 58; 4; 6; 27; 11
37,53,0.65951,0.69811,4; 3; 37; 53; 9; 11; 12; 19
26,53,0.5045,0.49057,7; 6; 26; 53; 13; 18; 23; 10
24,27,0.90913,0.88889,11; 3; 24; 27; 23; 26; 11; 26
12,74,0.21556,0.16216,3; 6; 12; 74; 31; 9; 29; 8
17,45,0.35955,0.37778,4; 13; 17; 45; 21; 21; 3; 7
10,62,0.23879,0.16129,5; 8; 10; 62; 13; 27; 26; 25
15,29,0.55194,0.51724,23; 7; 15; 29; 13; 5; 24; 22
21,56,0.39847,0.375,5; 5; 21; 56; 8; 21; 29; 29
5,32,0.23424,0.15625,6; 5; 5; 32; 9; 26; 6; 26
30,43,0.71276,0.69767,11; 11; 30; 43; 8; 26; 16; 23
10,62,0.20802,0.16129,9; 3; 10; 62; 3; 28; 32; 24
18,45,0.4027,0.4,8; 3; 18; 45; 7; 11; 31; 29
30,48,0.61092,0.625,6; 4; 30; 48; 28; 5; 28; 9
6,15,0.34531,0.4,13; 3; 6; 15; 31; 25; 6; 9
8,52,0.25345,0.15385,15; 3; 8; 52; 22; 19; 14; 21
8,41,0.2478,0.19512,5; 14; 8; 41; 24; 9; 15; 4
21,27,0.84468,0.77778,3; 15; 21; 27; 9; 16; 31; 3
7,78,0.249,0.08974,6; 3; 7; 78; 3; 12; 7; 4
15,36,0.45388,0.41667,22; 16; 15; 36; 7; 8; 14; 11
20,55,0.39545,0.36364,8; 8; 20; 55; 27; 14; 28; 23
5,19,0.34793,0.26316,33; 4; 5; 19; 16; 27; 4; 3
18,69,0.27809,0.26087,4; 3; 18; 69; 19; 14; 7; 10
23,47,0.4896,0.48936,11; 10; 23; 47; 31; 15; 20; 16
18,69,0.24883,0.26087,4; 5; 18; 69; 17; 30; 11; 23
25,35,0.70943,0.71429,6; 6; 25; 35; 32; 16; 10; 9
33,37,0.91708,0.89189,11; 10; 33; 37; 23; 24; 7; 24
13,50,0.25613,0.26,10; 14; 13; 50; 13; 27; 22; 21
27,55,0.50291,0.49091,4; 5; 27; 55; 25; 8; 4; 3
5,53,0.21824,0.09434,6; 5; 5; 53; 6; 25; 5; 4
10,26,0.38447,0.38462,29; 6; 10; 26; 30; 19; 7; 15
22,31,0.65901,0.70968,17; 4; 22; 31; 17; 28; 22; 11
16,38,0.45342,0.42105,18; 18; 16; 38; 22; 5; 19; 5
32,41,0.78385,0.78049,8; 12; 32; 41; 3; 18; 4; 24
31,42,0.72495,0.7381,4; 9; 31; 42; 21; 7; 3; 8
22,61,0.35298,0.36066,5; 4; 22; 61; 31; 14; 27; 6
10,62,0.22505,0.16129,12; 4; 10; 62; 4; 4; 12; 5
25,40,0.63899,0.625,6; 3; 25; 40; 26; 15; 18; 12
10,38,0.2218,0.26316,16; 7; 10; 38; 11; 26; 24; 28
26,35,0.73092,0.74286,12; 7; 26; 35; 4; 14; 17; 14
24,57,0.41322,0.42105,8; 7; 24; 57; 4; 32; 30; 3
6,37,0.22718,0.16216,10; 24; 6; 37; 13; 22; 21; 10
5,33,0.25318,0.15152,5; 12; 5; 33; 7; 32; 20; 18
6,21,0.30892,0.28571,17; 28; 6; 21; 4; 17; 16; 3
7,74,0.22808,0.09459,5; 3; 7; 74; 10; 14; 28; 8
12,78,0.23294,0.15385,3; 3; 12; 78; 11; 3; 12; 5
24,49,0.51606,0.4898,9; 6; 24; 49; 15; 5; 12; 24
29,59,0.49317,0.49153,4; 5; 29; 59; 4; 16; 30; 13
10,25,0.28768,0.4,13; 15; 10; 25; 13; 27; 26; 13
8,40,0.22986,0.2,3; 17; 8; 40; 13; 23; 10; 9
12,76,0.22794,0.15789,5; 4; 12; 76; 28; 4; 28; 26
31,35,0.8638,0.88571,14; 5; 31; 35; 30; 11; 23; 31
10,61,0.21544,0.16393,11; 6; 10; 61; 6; 15; 29; 8
11,74,0.22381,0.14865,3; 6; 11; 74; 7; 23; 14; 9
30,58,0.52941,0.51724,4; 3; 30; 58; 11; 6; 16; 31
5,34,0.28312,0.14706,13; 15; 5; 34; 8; 32; 16; 10
16,38,0.43774,0.42105,22; 5; 16; 38; 5; 11; 12; 7
23,47,0.48991,0.48936,8; 5; 23; 47; 10; 25; 22; 32
26,41,0.61017,0.63415,5; 3; 26; 41; 25; 20; 4; 7
25,59,0.44525,0.42373,3; 5; 25; 59; 8; 13; 21; 23
21,43,0.45895,0.48837,10; 12; 21; 43; 22; 28; 22; 8
12,75,0.24959,0.16,3; 4; 12; 75; 21; 9; 30; 9
11,54,0.25844,0.2037,3; 9; 11; 54; 15; 28; 17; 10
24,27,0.92589,0.88889,11; 13; 24; 27; 10; 8; 3; 24
19,66,0.30981,0.28788,6; 3; 19; 66; 3; 13; 9; 25
22,31,0.70838,0.70968,14; 18; 22; 31; 9; 23; 15; 30
18,43,0.45003,0.4186,14; 15; 18; 43; 18; 6; 12; 12
19,50,0.37724,0.38,11; 6; 19; 50; 29; 26; 4; 4
17,33,0.54524,0.51515,24; 8; 17; 33; 20; 24; 4; 16
5,57,0.23555,0.08772,17; 9; 5; 57; 18; 3; 21; 28
12,73,0.22131,0.16438,3; 5; 12; 73; 9; 13; 15; 5
7,48,0.23422,0.14583,5; 14; 7; 48; 19; 6; 13; 7
7,72,0.23286,0.09722,5; 3; 7; 72; 18; 21; 6; 23
23,55,0.42717,0.41818,4; 8; 23; 55; 18; 23; 18; 25
35,49,0.70862,0.71429,6; 6; 35; 49; 23; 11; 3; 5
37,50,0.7418,0.74,4; 3; 37; 50; 30; 21; 6; 6
10,49,0.2318,0.20408,8; 4; 10; 49; 15; 7; 32; 31
18,43,0.42724,0.4186,10; 4; 18; 43; 30; 21; 26; 10
14,27,0.49201,0.51852,10; 13; 14; 27; 30; 31; 13; 14
30,58,0.51809,0.51724,5; 5; 30; 58; 6; 28; 8; 13
8,53,0.23581,0.15094,9; 16; 8; 53; 23; 10; 32; 10
8,77,0.21754,0.1039,5; 6; 8; 77; 27; 4; 10; 5
25,59,0.41761,0.42373,3; 3; 25; 59; 25; 27; 18; 27
8,49,0.31358,0.16327,8; 18; 8; 49; 25; 6; 11; 4
23,33,0.65159,0.69697,3; 7; 23; 33; 29; 21; 5; 18
22,35,0.61226,0.62857,3; 5; 22; 35; 13; 26; 22; 27
34,38,0.92037,0.89474,5; 6; 34; 38; 32; 14; 32; 8
11,38,0.30099,0.28947,19; 23; 11; 38; 6; 6; 7; 18
28,54,0.5268,0.51852,6; 5; 28; 54; 7; 22; 25; 18
14,20,0.73088,0.7,3; 18; 14; 20; 13; 14; 5; 5
11,72,0.24564,0.15278,5; 4; 11; 72; 11; 21; 9; 29
7,47,0.27936,0.14894,18; 16; 7; 47; 31; 11; 18; 16
12,60,0.2343,0.2,3; 7; 12; 60; 22; 23; 15; 24
13,34,0.34021,0.38235,3; 24; 13; 34; 24; 6; 11; 12
20,28,0.7261,0.71429,5; 16; 20; 28; 4; 6; 21; 7
6,67,0.20762,0.08955,6; 4; 6; 67; 3; 5; 30; 31
22,58,0.39401,0.37931,7; 4; 22; 58; 5; 3; 26; 27
31,40,0.74732,0.775,8; 8; 31; 40; 7; 3; 24; 4
25,35,0.68978,0.71429,19; 10; 25; 35; 14; 10; 11; 21
7,44,0.26381,0.15909,15; 5; 7; 44; 14; 32; 19; 10
12,61,0.23869,0.19672,12; 7; 12; 61; 30; 3; 30; 12
9,61,0.24379,0.14754,10; 9; 9; 61; 18; 13; 12; 18
6,23,0.32047,0.26087,28; 7; 6; 23; 14; 5; 23; 12
7,48,0.22755,0.14583,13; 6; 7; 48; 22; 13; 14; 17
12,73,0.22698,0.16438,5; 5; 12; 73; 23; 16; 25; 18
7,46,0.28331,0.15217,4; 14; 7; 46; 17; 19; 19; 14
32,43,0.73972,0.74419,8; 7; 32; 43; 16; 15; 25; 9
6,40,0.22021,0.15,17; 18; 6; 40; 23; 18; 28; 19
11,71,0.21183,0.15493,4; 4; 11; 71; 5; 13; 28; 14
22,58,0.39399,0.37931,8; 5; 22; 58; 4; 30; 11; 29
5,33,0.30863,0.15152,25; 14; 5; 33; 16; 13; 20; 30
10,68,0.22881,0.14706,7; 7; 10; 68; 7; 24; 31; 21
34,46,0.74612,0.73913,9; 6; 34; 46; 15; 26; 6; 24
7,67,0.22234,0.10448,5; 10; 7; 67; 4; 16; 6; 11
23,58,0.42516,0.39655,8; 3; 23; 58; 18; 11; 16; 32
8,80,0.27958,0.1,3; 4; 8; 80; 22; 27; 22; 10
21,53,0.37656,0.39623,6; 5; 21; 53; 13; 9; 13; 27
7,73,0.21484,0.09589,8; 4; 7; 73; 11; 3; 17; 10
21,27,0.69878,0.77778,11; 13; 21; 27; 16; 22; 12; 15
32,36,0.85071,0.88889,8; 10; 32; 36; 19; 19; 31; 3
7,27,0.29351,0.25926,8; 14; 7; 27; 26; 16; 3; 23
19,27,0.7204,0.7037,7; 25; 19; 27; 25; 10; 20; 32
5,48,0.20651,0.10417,21; 6; 5; 48; 15; 17; 24; 17
39,44,0.879,0.88636,5; 5; 39; 44; 11; 24; 10; 22
26,37,0.65105,0.7027,10; 4; 26; 37; 12; 9; 18; 28
12,60,0.26098,0.2,3; 11; 12; 60; 24; 24; 9; 22
20,68,0.31029,0.29412,5; 5; 20; 68; 15; 30; 21; 22
25,59,0.42389,0.42373,4; 7; 25; 59; 10; 10; 27; 25
7,77,0.25166,0.09091,3; 5; 7; 77; 26; 14; 25; 5
20,27,0.74834,0.74074,13; 12; 20; 27; 3; 12; 24; 19
23,47,0.49777,0.48936,10; 11; 23; 47; 4; 17; 22; 15
5,33,0.27896,0.15152,26; 12; 5; 33; 11; 24; 12; 12
37,53,0.67858,0.69811,3; 4; 37; 53; 10; 25; 17; 16
28,36,0.74671,0.77778,12; 15; 28; 36; 3; 14; 15; 7
37,52,0.69223,0.71154,3; 4; 37; 52; 15; 21; 21; 30
8,31,0.31339,0.25806,13; 12; 8; 31; 24; 23; 9; 7
11,73,0.20608,0.15068,5; 7; 11; 73; 9; 5; 17; 32
29,46,0.61905,0.63043,10; 7; 29; 46; 3; 25; 9; 20
11,42,0.26241,0.2619,3; 7; 11; 42; 6; 30; 28; 26
11,21,0.49689,0.52381,29; 15; 11; 21; 22; 4; 10; 9
23,33,0.65485,0.69697,16; 4; 23; 33; 10; 9; 15; 25
20,69,0.29076,0.28986,3; 4; 20; 69; 9; 15; 31; 9
38,49,0.76671,0.77551,3; 3; 38; 49; 30; 15; 23; 7
7,48,0.22016,0.14583,12; 16; 7; 48; 18; 27; 12; 27
8,77,0.2716,0.1039,5; 5; 8; 77; 30; 29; 24; 11
30,48,0.62297,0.625,7; 10; 30; 48; 10; 30; 9; 26
6,30,0.17476,0.2,29; 23; 6; 30; 27; 16; 18; 10
19,50,0.38666,0.38,4; 11; 19; 50; 28; 23; 16; 12
11,75,0.22983,0.14667,3; 4; 11; 75; 24; 15; 18; 30
33,47,0.7027,0.70213,6; 8; 33; 47; 7; 27; 17; 9
18,70,0.29145,0.25714,3; 3; 18; 70; 18; 11; 28; 11
6,38,0.20411,0.15789,17; 14; 6; 38; 21; 19; 5; 32
8,40,0.23611,0.2,20; 11; 8; 40; 12; 5; 11; 19
11,67,0.21963,0.16418,8; 4; 11; 67; 11; 6; 30; 16
7,70,0.24922,0.1,9; 6; 7; 70; 15; 17; 32; 16
24,27,0.90702,0.88889,3; 15; 24; 27; 13; 5; 21; 29
28,36,0.78786,0.77778,11; 12; 28; 36; 9; 4; 19; 16
6,23,0.23925,0.26087,26; 24; 6; 23; 24; 12; 7; 29
36,51,0.71189,0.70588,3; 5; 36; 51; 6; 18; 32; 8
9,34,0.2989,0.26471,23; 25; 9; 34; 8; 29; 13; 14
32,43,0.72229,0.74419,8; 5; 32; 43; 14; 23; 8; 9
7,68,0.21325,0.10294,7; 4; 7; 68; 30; 17; 25; 4
7,78,0.26162,0.08974,4; 6; 7; 78; 4; 30; 7; 7
24,63,0.38721,0.38095,3; 5; 24; 63; 27; 9; 32; 26
8,80,0.21706,0.1,5; 5; 8; 80; 6; 12; 8; 15
26,50,0.52576,0.52,11; 5; 26; 50; 13; 6; 12; 17
7,9,0.74591,0.77778,22; 22; 7; 9; 10; 28; 29; 3
22,45,0.48055,0.48889,11; 7; 22; 45; 16; 11; 31; 16
17,45,0.3868,0.37778,15; 10; 17; 45; 13; 28; 26; 12
23,57,0.39407,0.40351,9; 7; 23; 57; 11; 25; 13; 29
24,57,0.40528,0.42105,5; 7; 24; 57; 17; 21; 16; 9
10,34,0.30664,0.29412,27; 19; 10; 34; 15; 9; 10; 8
27,55,0.50723,0.49091,8; 5; 27; 55; 11; 7; 16; 30
6,70,0.27119,0.08571,4; 11; 6; 70; 16; 21; 17; 19
17,43,0.40381,0.39535,12; 4; 17; 43; 10; 26; 17; 9
35,50,0.71126,0.7,5; 4; 35; 50; 10; 20; 6; 20
23,57,0.41948,0.40351,7; 3; 23; 57; 21; 26; 7; 5
26,53,0.49374,0.49057,9; 3; 26; 53; 9; 25; 19; 11
23,60,0.39617,0.38333,6; 6; 23; 60; 18; 19; 21; 6
6,63,0.21923,0.09524,13; 12; 6; 63; 4; 29; 7; 30
15,21,0.80309,0.71429,17; 23; 15; 21; 17; 20; 22; 30
14,20,0.70519,0.7,28; 12; 14; 20; 19; 14; 25; 18
31,40,0.80269,0.775,9; 12; 31; 40; 8; 15; 12; 10
25,48,0.4802,0.52083,11; 5; 25; 48; 20; 27; 25; 14
10,67,0.17705,0.14925,8; 9; 10; 67; 31; 28; 32; 4
20,50,0.41665,0.4,10; 12; 20; 50; 28; 4; 17; 23
6,66,0.212,0.09091,12; 4; 6; 66; 17; 18; 21; 18
27,43,0.65259,0.62791,5; 4; 27; 43; 11; 27; 10; 6
11,56,0.23753,0.19643,15; 9; 11; 56; 25; 26; 21; 16
16,38,0.40343,0.42105,12; 7; 16; 38; 20; 14; 11; 24
7,80,0.23783,0.0875,5; 3; 7; 80; 27; 19; 7; 30
5,7,0.63484,0.71429,30; 15; 5; 7; 9; 27; 14; 24
20,52,0.38367,0.38462,10; 12; 20; 52; 7; 30; 32; 23
15,21,0.77538,0.71429,30; 6; 15; 21; 21; 12; 6; 13
12,46,0.26272,0.26087,14; 4; 12; 46; 11; 12; 7; 19
13,50,0.26955,0.26,16; 9; 13; 50; 25; 23; 19; 3
12,75,0.21914,0.16,5; 4; 12; 75; 21; 15; 11; 26
17,24,0.84708,0.70833,13; 13; 17; 24; 4; 17; 16; 8
18,23,0.81871,0.78261,12; 12; 18; 23; 5; 16; 9; 31
29,41,0.70304,0.70732,7; 7; 29; 41; 28; 3; 30; 28
17,35,0.50667,0.48571,6; 16; 17; 35; 7; 17; 20; 32
36,51,0.70549,0.70588,4; 4; 36; 51; 28; 32; 13; 23
7,73,0.24319,0.09589,7; 8; 7; 73; 4; 22; 3; 7
42,47,0.89255,0.89362,4; 4; 42; 47; 6; 21; 4; 32
9,56,0.24487,0.16071,16; 7; 9; 56; 16; 25; 5; 29
23,44,0.53242,0.52273,14; 7; 23; 44; 12; 15; 5; 5
25,34,0.70001,0.73529,7; 5; 25; 34; 30; 9; 21; 7
27,55,0.49058,0.49091,3; 3; 27; 55; 4; 29; 28; 22
20,52,0.38264,0.38462,6; 7; 20; 52; 5; 13; 10; 8
11,67,0.22236,0.16418,10; 8; 11; 67; 31; 13; 29; 18
10,50,0.25878,0.2,12; 3; 10; 50; 31; 5; 6; 11
26,53,0.48172,0.49057,8; 9; 26; 53; 16; 4; 26; 7
26,62,0.39886,0.41935,3; 4; 26; 62; 32; 14; 17; 28
7,47,0.22564,0.14894,22; 16; 7; 47; 29; 5; 26; 6
16,40,0.41834,0.4,12; 20; 16; 40; 11; 7; 26; 18
14,20,0.66737,0.7,19; 28; 14; 20; 21; 18; 27; 8
16,62,0.30084,0.25806,10; 6; 16; 62; 32; 26; 26; 7
16,18,0.82619,0.88889,5; 28; 16; 18; 16; 19; 18; 6
41,46,0.86647,0.8913,5; 4; 41; 46; 17; 25; 12; 4
6,16,0.37116,0.375,18; 18; 6; 16; 11; 6; 29; 5
6,66,0.18997,0.09091,8; 4; 6; 66; 16; 30; 31; 3
8,41,0.25627,0.19512,9; 14; 8; 41; 27; 20; 13; 21
32,41,0.76089,0.78049,4; 6; 32; 41; 3; 6; 22; 10
10,14,0.84588,0.71429,10; 29; 10; 14; 31; 9; 26; 29
11,21,0.51814,0.52381,17; 32; 11; 21; 30; 19; 22; 14
25,63,0.39626,0.39683,5; 3; 25; 63; 24; 18; 28; 25
12,42,0.3145,0.28571,15; 5; 12; 42; 22; 28; 31; 5
28,57,0.50408,0.49123,3; 4; 28; 57; 3; 20; 27; 16
35,49,0.68322,0.71429,7; 4; 35; 49; 9; 14; 5; 29
23,31,0.72191,0.74194,18; 18; 23; 31; 29; 10; 16; 10
6,37,0.22045,0.16216,5; 18; 6; 37; 10; 9; 31; 24
20,27,0.72536,0.74074,19; 17; 20; 27; 19; 26; 21; 28
9,61,0.22327,0.14754,9; 6; 9; 61; 27; 9; 16; 16
18,50,0.37635,0.36,10; 11; 18; 50; 5; 25; 14; 4
17,33,0.5214,0.51515,13; 11; 17; 33; 5; 9; 20; 31
35,47,0.73012,0.74468,6; 4; 35; 47; 26; 10; 9; 19
13,36,0.32461,0.36111,23; 7; 13; 36; 14; 9; 10; 15
14,48,0.30922,0.29167,9; 8; 14; 48; 7; 21; 19; 20
32,51,0.60936,0.62745,7; 3; 32; 51; 10; 30; 29; 21
25,32,0.7939,0.78125,20; 17; 25; 32; 30; 27; 11; 21
23,44,0.53642,0.52273,11; 12; 23; 44; 17; 14; 18; 24
5,8,0.77198,0.625,27; 23; 5; 8; 5; 9; 32; 18
9,34,0.25355,0.26471,7; 27; 9; 34; 7; 22; 23; 5
19,39,0.51818,0.48718,20; 6; 19; 39; 12; 22; 30; 19
21,43,0.48101,0.48837,13; 17; 21; 43; 21; 15; 28; 15
24,49,0.4793,0.4898,9; 11; 24; 49; 9; 17; 10; 24
13,45,0.2689,0.28889,3; 10; 13; 45; 29; 30; 4; 9
21,56,0.36912,0.375,8; 5; 21; 56; 3; 16; 8; 14
23,55,0.41271,0.41818,6; 7; 23; 55; 18; 13; 31; 13
16,23,0.78225,0.69565,13; 19; 16; 23; 29; 26; 27; 11
10,14,0.78147,0.71429,11; 34; 10; 14; 20; 28; 8; 18
22,35,0.60077,0.62857,17; 5; 22; 35; 4; 24; 8; 22
7,75,0.23666,0.09333,7; 3; 7; 75; 24; 12; 31; 30
18,37,0.49907,0.48649,14; 5; 18; 37; 5; 17; 13; 32
22,61,0.37613,0.36066,6; 4; 22; 61; 28; 18; 14; 3
31,42,0.72856,0.7381,10; 12; 31; 42; 13; 13; 15; 3
14,48,0.28218,0.29167,10; 11; 14; 48; 23; 15; 7; 31
19,47,0.41788,0.40426,4; 8; 19; 47; 18; 21; 19; 22
16,42,0.42405,0.38095,5; 5; 16; 42; 8; 25; 6; 23
6,58,0.25406,0.10345,11; 16; 6; 58; 14; 28; 12; 20
20,69,0.30701,0.28986,4; 3; 20; 69; 25; 7; 11; 23
5,33,0.23232,0.15152,15; 24; 5; 33; 25; 20; 5; 30
19,27,0.62883,0.7037,18; 5; 19; 27; 11; 25; 9; 7
11,21,0.47563,0.52381,27; 15; 11; 21; 26; 23; 29; 15
5,54,0.26414,0.09259,17; 8; 5; 54; 7; 6; 22; 18
40,45,0.88254,0.88889,5; 6; 40; 45; 27; 21; 23; 24
11,54,0.25484,0.2037,11; 7; 11; 54; 31; 7; 21; 10
12,30,0.43029,0.4,11; 18; 12; 30; 30; 13; 6; 19
19,50,0.37116,0.38,11; 3; 19; 50; 14; 23; 4; 14
32,51,0.61322,0.62745,4; 7; 32; 51; 24; 30; 25; 7
28,36,0.76036,0.77778,4; 11; 28; 36; 3; 32; 31; 30
30,42,0.68068,0.71429,5; 10; 30; 42; 3; 5; 22; 11
18,47,0.3916,0.38298,10; 5; 18; 47; 5; 15; 18; 5
14,18,0.87223,0.77778,11; 22; 14; 18; 17; 16; 14; 18
28,36,0.8105,0.77778,6; 12; 28; 36; 15; 19; 11; 24
11,54,0.26023,0.2037,6; 6; 11; 54; 19; 12; 4; 3
21,27,0.78914,0.77778,15; 7; 21; 27; 19; 26; 3; 28
24,38,0.68663,0.63158,18; 7; 24; 38; 28; 13; 5; 27
8,19,0.3886,0.42105,11; 26; 8; 19; 10; 18; 32; 9
23,57,0.4127,0.40351,7; 7; 23; 57; 18; 9; 9; 13
11,38,0.27521,0.28947,4; 8; 11; 38; 13; 31; 20; 18
19,48,0.3901,0.39583,3; 8; 19; 48; 18; 4; 12; 26
16,18,0.98416,0.88889,22; 4; 16; 18; 20; 12; 26; 24
7,45,0.2132,0.15556,7; 20; 7; 45; 32; 18; 17; 29
8,82,0.26415,0.09756,4; 4; 8; 82; 23; 16; 18; 32
34,38,0.90257,0.89474,6; 9; 34; 38; 16; 6; 15; 30
6,40,0.26396,0.15,11; 7; 6; 40; 13; 32; 3; 5
14,19,0.81934,0.73684,21; 22; 14; 19; 28; 17; 25; 11
37,53,0.66138,0.69811,4; 3; 37; 53; 13; 23; 22; 29
11,73,0.2035,0.15068,5; 5; 11; 73; 17; 4; 23; 12
36,46,0.80358,0.78261,7; 4; 36; 46; 6; 25; 21; 31
12,32,0.30058,0.375,21; 26; 12; 32; 19; 9; 20; 32
37,50,0.7465,0.74,5; 3; 37; 50; 6; 26; 29; 31
6,16,0.33956,0.375,33; 22; 6; 16; 3; 21; 21; 24
10,61,0.24396,0.16393,6; 10; 10; 61; 31; 4; 13; 4
8,53,0.24568,0.15094,3; 3; 8; 53; 27; 12; 6; 13
7,69,0.23194,0.10145,10; 6; 7; 69; 10; 3; 15; 31
14,19,0.79658,0.73684,22; 7; 14; 19; 5; 25; 22; 8
13,36,0.37718,0.36111,9; 9; 13; 36; 4; 11; 20; 18
31,35,0.89819,0.88571,16; 11; 31; 35; 31; 19; 21; 17
14,33,0.46711,0.42424,16; 5; 14; 33; 18; 29; 19; 5
8,77,0.23914,0.1039,6; 5; 8; 77; 30; 6; 24; 7
36,46,0.76674,0.78261,6; 4; 36; 46; 22; 20; 8; 24
7,79,0.23042,0.08861,4; 5; 7; 79; 18; 9; 12; 9
7,27,0.22742,0.25926,11; 4; 7; 27; 21; 19; 10; 20
29,39,0.67309,0.74359,5; 3; 29; 39; 16; 15; 23; 10
12,23,0.54398,0.52174,23; 15; 12; 23; 22; 14; 30; 20
6,69,0.2074,0.08696,5; 11; 6; 69; 19; 12; 32; 16
17,58,0.31157,0.2931,6; 11; 17; 58; 14; 6; 3; 25
27,38,0.69499,0.71053,7; 15; 27; 38; 15; 29; 22; 3
5,8,0.81193,0.625,32; 16; 5; 8; 16; 13; 28; 27
9,44,0.24633,0.20455,21; 12; 9; 44; 12; 26; 11; 20
21,58,0.36665,0.36207,9; 8; 21; 58; 27; 10; 19; 32
33,37,0.87131,0.89189,7; 13; 33; 37; 10; 12; 10; 22
9,62,0.20852,0.14516,7; 13; 9; 62; 26; 19; 21; 30
17,35,0.49558,0.48571,12; 9; 17; 35; 17; 18; 29; 11
32,43,0.75671,0.74419,10; 10; 32; 43; 27; 13; 26; 30
5,31,0.27616,0.16129,18; 5; 5; 31; 32; 29; 8; 26
31,40,0.8096,0.775,3; 10; 31; 40; 4; 29; 12; 25
6,65,0.20369,0.09231,12; 4; 6; 65; 5; 4; 4; 9
10,14,0.86449,0.71429,7; 14; 10; 14; 15; 15; 4; 20
6,69,0.23821,0.08696,9; 6; 6; 69; 32; 6; 22; 9
6,40,0.21236,0.15,17; 19; 6; 40; 9; 18; 10; 8
39,50,0.75717,0.78,4; 4; 39; 50; 32; 14; 12; 29
25,51,0.49129,0.4902,11; 3; 25; 51; 4; 27; 19; 19
19,30,0.57878,0.63333,12; 9; 19; 30; 32; 25; 4; 20
6,63,0.22435,0.09524,4; 9; 6; 63; 30; 21; 10; 10
9,24,0.38005,0.375,9; 5; 9; 24; 24; 12; 20; 6
17,19,0.96454,0.89474,13; 28; 17; 19; 24; 17; 17; 27
25,51,0.5129,0.4902,10; 9; 25; 51; 20; 21; 25; 30
35,45,0.78097,0.77778,4; 6; 35; 45; 15; 29; 29; 20
7,77,0.24679,0.09091,3; 4; 7; 77; 8; 29; 6; 7
23,58,0.4293,0.39655,8; 6; 23; 58; 15; 25; 12; 26
12,33,0.36641,0.36364,22; 23; 12; 33; 21; 12; 23; 32
6,63,0.1955,0.09524,13; 10; 6; 63; 5; 8; 11; 12
20,55,0.36806,0.36364,3; 10; 20; 55; 12; 28; 22; 17
6,63,0.2293,0.09524,8; 8; 6; 63; 26; 13; 30; 9
20,48,0.44329,0.41667,6; 8; 20; 48; 18; 31; 19; 18
11,43,0.2817,0.25581,9; 7; 11; 43; 30; 6; 15; 8
6,30,0.20837,0.2,7; 11; 6; 30; 8; 11; 29; 7
16,44,0.36252,0.36364,14; 18; 16; 44; 21; 17; 3; 17
7,69,0.20141,0.10145,6; 3; 7; 69; 6; 18; 14; 5
5,57,0.2446,0.08772,5; 8; 5; 57; 32; 25; 14; 23
14,20,0.72201,0.7,9; 29; 14; 20; 8; 4; 22; 12
11,43,0.24368,0.25581,16; 14; 11; 43; 12; 8; 16; 23
11,73,0.19688,0.15068,3; 5; 11; 73; 13; 20; 31; 28
10,25,0.40086,0.4,7; 12; 10; 25; 4; 18; 26; 5
31,44,0.70383,0.70455,7; 8; 31; 44; 12; 17; 12; 9
18,43,0.43786,0.4186,15; 14; 18; 43; 12; 29; 6; 23
17,59,0.2981,0.28814,11; 9; 17; 59; 10; 16; 3; 8
26,35,0.73317,0.74286,11; 12; 26; 35; 24; 32; 29; 11
16,23,0.83454,0.69565,13; 18; 16; 23; 16; 30; 6; 14
29,56,0.53898,0.51786,4; 6; 29; 56; 18; 7; 32; 25
16,45,0.36779,0.35556,18; 6; 16; 45; 21; 32; 12; 31
27,52,0.53307,0.51923,4; 7; 27; 52; 17; 21; 25; 26
17,66,0.27467,0.25758,4; 3; 17; 66; 32; 18; 6; 12
10,39,0.26657,0.25641,12; 3; 10; 39; 9; 8; 32; 12
8,19,0.41702,0.42105,20; 16; 8; 19; 9; 8; 23; 8
24,60,0.39682,0.4,7; 3; 24; 60; 23; 14; 7; 11
27,55,0.49225,0.49091,4; 7; 27; 55; 9; 29; 10; 10
12,76,0.21601,0.15789,3; 3; 12; 76; 15; 9; 4; 24
16,44,0.36262,0.36364,3; 16; 16; 44; 4; 26; 29; 25
11,69,0.22622,0.15942,4; 6; 11; 69; 23; 14; 20; 23
7,10,0.71919,0.7,4; 20; 7; 10; 3; 20; 19; 5
37,50,0.74438,0.74,4; 4; 37; 50; 15; 25; 12; 6
32,36,0.87784,0.88889,9; 12; 32; 36; 23; 7; 8; 9
8,79,0.2916,0.10127,5; 4; 8; 79; 12; 11; 27; 20
14,35,0.43622,0.4,6; 24; 14; 35; 4; 20; 18; 10
23,55,0.4306,0.41818,5; 10; 23; 55; 10; 8; 24; 14
15,39,0.38284,0.38462,3; 14; 15; 39; 12; 5; 15; 14
6,38,0.34686,0.15789,23; 14; 6; 38; 6; 15; 24; 6
29,41,0.68658,0.70732,5; 8; 29; 41; 29; 6; 7; 27
7,80,0.20761,0.0875,5; 5; 7; 80; 26; 14; 32; 9
14,27,0.55056,0.51852,13; 5; 14; 27; 28; 12; 24; 22
13,25,0.49692,0.52,14; 30; 13; 25; 18; 3; 9; 8
13,36,0.36254,0.36111,19; 13; 13; 36; 18; 5; 28; 7
5,32,0.25863,0.15625,12; 14; 5; 32; 27; 10; 7; 11
32,41,0.82058,0.78049,8; 9; 32; 41; 22; 12; 16; 22
11,56,0.19313,0.19643,15; 9; 11; 56; 16; 3; 12; 19
16,38,0.36725,0.42105,20; 4; 16; 38; 21; 3; 29; 5
22,35,0.64257,0.62857,18; 18; 22; 35; 6; 3; 30; 23
15,39,0.36646,0.38462,8; 16; 15; 39; 11; 4; 26; 7
21,58,0.37001,0.36207,7; 6; 21; 58; 22; 23; 27; 6
10,65,0.20772,0.15385,11; 3; 10; 65; 7; 23; 8; 12
7,45,0.25772,0.15556,7; 7; 7; 45; 31; 29; 31; 4
27,55,0.50658,0.49091,7; 6; 27; 55; 27; 23; 5; 31
7,76,0.24601,0.09211,3; 5; 7; 76; 12; 19; 3; 4
19,39,0.49364,0.48718,10; 4; 19; 39; 10; 17; 27; 13
9,61,0.26024,0.14754,5; 13; 9; 61; 16; 32; 29; 4
28,36,0.77419,0.77778,7; 6; 28; 36; 23; 20; 7; 27
16,31,0.48345,0.51613,12; 7; 16; 31; 17; 9; 29; 25
26,41,0.634,0.63415,14; 13; 26; 41; 13; 3; 16; 17
8,9,0.82338,0.88889,21; 4; 8; 9; 25; 7; 28; 20
15,29,0.51543,0.51724,5; 13; 15; 29; 14; 7; 6; 14
11,55,0.2446,0.2,15; 8; 11; 55; 9; 29; 21; 5
39,50,0.78553,0.78,3; 4; 39; 50; 16; 10; 8; 18
26,41,0.6284,0.63415,7; 8; 26; 41; 28; 25; 4; 10
12,41,0.31639,0.29268,20; 12; 12; 41; 19; 24; 31; 3
15,24,0.59502,0.625,21; 3; 15; 24; 31; 11; 15; 10
22,58,0.38409,0.37931,9; 4; 22; 58; 25; 4; 17; 6
26,62,0.4168,0.41935,5; 5; 26; 62; 25; 25; 13; 17
12,41,0.31169,0.29268,11; 17; 12; 41; 19; 5; 24; 26
32,45,0.72566,0.71111,10; 7; 32; 45; 11; 21; 8; 19
8,55,0.1948,0.14545,15; 11; 8; 55; 3; 13; 30; 3
8,21,0.3702,0.38095,31; 18; 8; 21; 11; 21; 9; 28
5,52,0.23572,0.09615,4; 3; 5; 52; 19; 17; 13; 4
34,46,0.71809,0.73913,5; 3; 34; 46; 14; 27; 15; 4
10,14,0.81303,0.71429,27; 20; 10; 14; 20; 27; 16; 14
14,27,0.50148,0.51852,23; 10; 14; 27; 3; 27; 8; 29
7,70,0.20544,0.1,5; 9; 7; 70; 18; 31; 32; 6
33,47,0.67696,0.70213,3; 3; 33; 47; 17; 21; 17; 14
18,48,0.37949,0.375,12; 16; 18; 48; 14; 8; 32; 9
8,19,0.4459,0.42105,21; 24; 8; 19; 29; 18; 6; 13
19,27,0.64845,0.7037,16; 21; 19; 27; 9; 24; 17; 22
31,44,0.69197,0.70455,3; 8; 31; 44; 24; 19; 16; 12
25,32,0.74998,0.78125,16; 7; 25; 32; 7; 10; 10; 6
19,39,0.49898,0.48718,5; 7; 19; 39; 15; 26; 18; 20
11,54,0.25414,0.2037,6; 9; 11; 54; 4; 30; 29; 15
23,60,0.38179,0.38333,3; 4; 23; 60; 15; 10; 8; 5
17,35,0.50984,0.48571,4; 23; 17; 35; 20; 28; 12; 17
20,70,0.28437,0.28571,4; 4; 20; 70; 26; 23; 6; 6
18,37,0.41131,0.48649,5; 16; 18; 37; 14; 20; 18; 23
17,24,0.74092,0.70833,9; 3; 17; 24; 3; 20; 7; 10
26,35,0.74488,0.74286,16; 17; 26; 35; 13; 9; 19; 5
32,36,0.88499,0.88889,7; 6; 32; 36; 24; 13; 25; 18
18,23,0.79477,0.78261,28; 19; 18; 23; 16; 5; 11; 28
20,48,0.4213,0.41667,13; 13; 20; 48; 26; 5; 13; 15
6,67,0.20769,0.08955,5; 3; 6; 67; 6; 26; 24; 18
5,49,0.24369,0.10204,5; 22; 5; 49; 16; 15; 13; 32
20,69,0.32642,0.28986,3; 3; 20; 69; 15; 24; 18; 4
24,27,0.89227,0.88889,18; 14; 24; 27; 27; 26; 11; 6
7,44,0.22586,0.15909,12; 21; 7; 44; 11; 9; 14; 28
21,53,0.38382,0.39623,12; 3; 21; 53; 19; 18; 8; 26
11,74,0.22179,0.14865,6; 4; 11; 74; 23; 9; 24; 9
12,19,0.72008,0.63158,21; 32; 12; 19; 13; 26; 5; 9
6,65,0.19591,0.09231,7; 8; 6; 65; 10; 4; 28; 18
28,38,0.679,0.73684,7; 12; 28; 38; 26; 10; 16; 6
19,53,0.37489,0.35849,13; 4; 19; 53; 24; 25; 25; 19
14,37,0.36774,0.37838,13; 16; 14; 37; 30; 18; 27; 9
9,60,0.22037,0.15,5; 4; 9; 60; 4; 21; 29; 22
30,58,0.53454,0.51724,5; 3; 30; 58; 6; 4; 30; 24
20,32,0.61656,0.625,21; 17; 20; 32; 6; 13; 14; 27
29,37,0.75097,0.78378,12; 4; 29; 37; 32; 26; 4; 21
5,17,0.34256,0.29412,13; 3; 5; 17; 29; 24; 26; 11
15,75,0.21261,0.2,3; 4; 15; 75; 24; 7; 13; 12
17,35,0.50569,0.48571,21; 17; 17; 35; 10; 29; 7; 13
8,40,0.20368,0.2,19; 6; 8; 40; 25; 16; 22; 28
24,46,0.51897,0.52174,14; 5; 24; 46; 11; 30; 24; 17
14,48,0.31262,0.29167,7; 10; 14; 48; 23; 21; 5; 31
9,46,0.24015,0.19565,11; 6; 9; 46; 27; 23; 9; 17
29,56,0.51664,0.51786,6; 6; 29; 56; 22; 8; 26; 16
7,70,0.22179,0.1,9; 3; 7; 70; 22; 8; 14; 32
32,46,0.69143,0.69565,7; 8; 32; 46; 25; 19; 24; 25
13,50,0.26554,0.26,13; 9; 13; 50; 18; 27; 24; 7
20,28,0.70232,0.71429,25; 24; 20; 28; 25; 8; 14; 17
25,35,0.71761,0.71429,13; 13; 25; 35; 10; 11; 27; 17
10,61,0.24522,0.16393,9; 8; 10; 61; 29; 13; 8; 12
30,42,0.66132,0.71429,11; 4; 30; 42; 3; 26; 25; 24
24,49,0.53032,0.4898,12; 12; 24; 49; 15; 26; 19; 27
24,27,0.90647,0.88889,13; 17; 24; 27; 23; 14; 9; 26
28,38,0.74165,0.73684,16; 8; 28; 38; 12; 31; 23; 8
6,40,0.2396,0.15,15; 21; 6; 40; 21; 30; 7; 18
9,31,0.27381,0.29032,5; 20; 9; 31; 4; 28; 15; 19
6,64,0.23615,0.09375,5; 6; 6; 64; 31; 9; 20; 4
29,37,0.77466,0.78378,6; 13; 29; 37; 12; 16; 16; 13
14,48,0.30037,0.29167,12; 7; 14; 48; 5; 21; 3; 30
20,55,0.35978,0.36364,7; 10; 20; 55; 32; 20; 10; 15
16,18,0.8143,0.88889,31; 21; 16; 18; 20; 22; 19; 12
31,35,0.90703,0.88571,8; 16; 31; 35; 16; 14; 28; 6
21,30,0.68229,0.7,18; 23; 21; 30; 15; 25; 13; 11
7,24,0.26467,0.29167,13; 13; 7; 24; 31; 18; 16; 13
6,64,0.24947,0.09375,5; 4; 6; 64; 3; 29; 27; 13
25,40,0.61391,0.625,12; 11; 25; 40; 8; 16; 20; 28
24,27,0.90676,0.88889,6; 3; 24; 27; 9; 29; 22; 17
25,34,0.69274,0.73529,12; 3; 25; 34; 24; 14; 28; 25
6,40,0.24988,0.15,22; 15; 6; 40; 27; 11; 27; 29
37,50,0.73922,0.74,4; 3; 37; 50; 24; 17; 32; 6
9,61,0.21737,0.14754,12; 6; 9; 61; 16; 17; 6; 22
5,14,0.37916,0.35714,38; 11; 5; 14; 31; 9; 26; 31
8,9,0.82471,0.88889,24; 12; 8; 9; 23; 21; 4; 4
27,55,0.49908,0.49091,8; 3; 27; 55; 26; 26; 4; 14
31,42,0.68334,0.7381,8; 8; 31; 42; 11; 10; 20; 17
13,36,0.35937,0.36111,24; 18; 13; 36; 11; 6; 27; 17
20,28,0.6899,0.71429,13; 21; 20; 28; 7; 32; 10; 5
6,30,0.29922,0.2,21; 15; 6; 30; 11; 6; 14; 16
5,14,0.48581,0.35714,18; 22; 5; 14; 11; 10; 11; 23
24,64,0.39017,0.375,4; 4; 24; 64; 3; 31; 5; 23
7,75,0.25758,0.09333,6; 5; 7; 75; 6; 28; 18; 11
5,51,0.21929,0.09804,9; 15; 5; 51; 17; 10; 15; 14
22,45,0.47527,0.48889,14; 7; 22; 45; 24; 9; 27; 27
27,55,0.49942,0.49091,3; 7; 27; 55; 23; 8; 29; 24
11,70,0.20438,0.15714,8; 8; 11; 70; 28; 12; 26; 4
28,36,0.77465,0.77778,4; 10; 28; 36; 24; 16; 23; 30
5,8,0.76225,0.625,37; 40; 5; 8; 24; 23; 18; 28
20,28,0.7273,0.71429,23; 9; 20; 28; 22; 3; 12; 4
8,77,0.23265,0.1039,5; 6; 8; 77; 24; 21; 10; 13
16,45,0.34969,0.35556,3; 4; 16; 45; 18; 30; 16; 9
33,47,0.65804,0.70213,3; 7; 33; 47; 31; 29; 9; 6
8,52,0.24842,0.15385,7; 10; 8; 52; 6; 14; 4; 29
9,58,0.2146,0.15517,5; 7; 9; 58; 13; 13; 16; 32
22,53,0.39256,0.41509,3; 11; 22; 53; 29; 8; 5; 26
7,44,0.22666,0.15909,12; 21; 7; 44; 12; 12; 19; 25
9,61,0.21071,0.14754,5; 12; 9; 61; 14; 23; 14; 11
12,47,0.27423,0.25532,16; 3; 12; 47; 10; 22; 13; 30
8,41,0.25324,0.19512,7; 21; 8; 41; 30; 17; 22; 6
27,43,0.62999,0.62791,6; 10; 27; 43; 23; 9; 26; 3
18,48,0.37099,0.375,6; 4; 18; 48; 4; 17; 24; 20
35,50,0.70291,0.7,3; 3; 35; 50; 5; 14; 26; 14
26,35,0.73946,0.74286,10; 12; 26; 35; 14; 3; 5; 19
20,56,0.36759,0.35714,4; 11; 20; 56; 3; 22; 25; 16
32,45,0.68023,0.71111,4; 4; 32; 45; 12; 5; 7; 30
11,26,0.35596,0.42308,11; 9; 11; 26; 15; 7; 22; 6
14,33,0.38593,0.42424,4; 17; 14; 33; 3; 26; 31; 14
9,45,0.25856,0.2,20; 17; 9; 45; 3; 30; 27; 23
32,43,0.68634,0.74419,11; 9; 32; 43; 7; 29; 21; 30
23,44,0.5394,0.52273,4; 4; 23; 44; 20; 23; 4; 23
16,23,0.7681,0.69565,12; 26; 16; 23; 30; 23; 6; 3
25,48,0.5476,0.52083,8; 11; 25; 48; 3; 19; 20; 14
6,39,0.2292,0.15385,5; 21; 6; 39; 15; 5; 3; 21
5,50,0.23176,0.1,13; 5; 5; 50; 6; 23; 26; 9
22,45,0.51394,0.48889,14; 14; 22; 45; 10; 17; 25; 5
5,8,0.74821,0.625,25; 27; 5; 8; 18; 18; 31; 12
17,19,0.88654,0.89474,13; 14; 17; 19; 14; 26; 25; 19
31,35,0.89895,0.88571,3; 9; 31; 35; 30; 23; 26; 15
30,58,0.52368,0.51724,3; 5; 30; 58; 25; 24; 14; 21
25,51,0.51148,0.4902,3; 7; 25; 51; 10; 27; 16; 13
18,50,0.37324,0.36,6; 13; 18; 50; 31; 11; 5; 4
25,48,0.54257,0.52083,7; 9; 25; 48; 23; 8; 27; 16
19,45,0.4391,0.42222,3; 15; 19; 45; 31; 7; 12; 13
14,35,0.41584,0.4,5; 24; 14; 35; 9; 24; 28; 16
15,75,0.23611,0.2,4; 4; 15; 75; 5; 32; 12; 14
22,31,0.70902,0.70968,20; 20; 22; 31; 9; 16; 26; 18
8,40,0.2121,0.2,14; 7; 8; 40; 14; 11; 28; 30
18,37,0.48519,0.48649,12; 8; 18; 37; 28; 5; 13; 15
10,16,0.50545,0.625,31; 26; 10; 16; 4; 9; 16; 27
24,63,0.4201,0.38095,5; 5; 24; 63; 15; 18; 29; 13
19,30,0.63139,0.63333,13; 7; 19; 30; 9; 20; 8; 18
11,71,0.21216,0.15493,6; 4; 11; 71; 30; 21; 18; 19
17,43,0.38085,0.39535,5; 10; 17; 43; 11; 28; 28; 3
15,24,0.71687,0.625,23; 7; 15; 24; 31; 10; 5; 19
20,56,0.36183,0.35714,7; 5; 20; 56; 26; 11; 8; 24
35,47,0.73324,0.74468,7; 3; 35; 47; 9; 18; 15; 13
20,27,0.80268,0.74074,3; 4; 20; 27; 9; 21; 17; 25
18,50,0.36369,0.36,12; 4; 18; 50; 6; 12; 21; 31
12,17,0.7842,0.70588,33; 5; 12; 17; 3; 29; 11; 5
25,40,0.6104,0.625,16; 5; 25; 40; 26; 18; 29; 13
14,19,0.80199,0.73684,16; 6; 14; 19; 30; 17; 12; 3
27,52,0.47073,0.51923,5; 3; 27; 52; 15; 13; 6; 22
30,43,0.65575,0.69767,6; 7; 30; 43; 15; 3; 28; 29
6,39,0.26478,0.15385,5; 22; 6; 39; 20; 11; 16; 4
14,53,0.28194,0.26415,12; 11; 14; 53; 27; 23; 4; 5
33,37,0.87791,0.89189,5; 3; 33; 37; 3; 10; 23; 24
12,33,0.36243,0.36364,3; 20; 12; 33; 15; 20; 4; 9
32,46,0.66528,0.69565,6; 9; 32; 46; 18; 30; 29; 8
8,53,0.2278,0.15094,9; 14; 8; 53; 19; 24; 9; 9
9,56,0.22967,0.16071,13; 5; 9; 56; 25; 8; 27; 29
22,35,0.63222,0.62857,8; 20; 22; 35; 20; 13; 21; 18
5,51,0.25974,0.09804,14; 11; 5; 51; 9; 21; 21; 14
6,69,0.21816,0.08696,10; 7; 6; 69; 7; 9; 19; 15
5,52,0.24059,0.09615,11; 16; 5; 52; 10; 12; 3; 30
12,61,0.26681,0.19672,10; 4; 12; 61; 14; 5; 16; 6
28,57,0.50226,0.49123,6; 3; 28; 57; 3; 5; 22; 32
15,58,0.29899,0.25862,11; 5; 15; 58; 20; 15; 22; 10
17,27,0.65515,0.62963,7; 22; 17; 27; 13; 12; 14; 17
15,29,0.4832,0.51724,26; 9; 15; 29; 23; 15; 21; 13
12,33,0.35957,0.36364,23; 13; 12; 33; 25; 24; 12; 7
25,34,0.73169,0.73529,13; 17; 25; 34; 23; 6; 25; 17
19,50,0.36805,0.38,3; 10; 19; 50; 23; 14; 23; 24
8,77,0.23088,0.1039,6; 6; 8; 77; 31; 9; 9; 12
6,15,0.37934,0.4,13; 13; 6; 15; 31; 13; 32; 20
32,51,0.58947,0.62745,4; 6; 32; 51; 4; 26; 26; 6
25,62,0.42571,0.40323,3; 5; 25; 62; 19; 15; 16; 12
41,46,0.89692,0.8913,4; 4; 41; 46; 32; 9; 19; 6
6,63,0.2214,0.09524,14; 10; 6; 63; 13; 4; 18; 3
19,27,0.65532,0.7037,25; 24; 19; 27; 21; 10; 17; 12
18,37,0.47043,0.48649,13; 6; 18; 37; 10; 17; 7; 17
15,42,0.32408,0.35714,8; 15; 15; 42; 28; 20; 13; 3
16,42,0.40005,0.38095,12; 3; 16; 42; 20; 3; 26; 18
22,45,0.50393,0.48889,14; 14; 22; 45; 12; 13; 26; 17
18,63,0.30534,0.28571,8; 6; 18; 63; 5; 23; 4; 16
33,37,0.89385,0.89189,10; 10; 33; 37; 27; 3; 17; 25
8,22,0.35756,0.36364,15; 32; 8; 22; 13; 24; 16; 32
17,24,0.87573,0.70833,24; 26; 17; 24; 27; 13; 26; 8
39,50,0.76942,0.78,3; 4; 39; 50; 11; 4; 7; 12
5,33,0.21272,0.15152,6; 30; 5; 33; 30; 23; 23; 16
9,55,0.23173,0.16364,10; 17; 9; 55; 9; 31; 17; 6
8,21,0.3552,0.38095,9; 8; 8; 21; 27; 6; 7; 23
13,34,0.38293,0.38235,8; 12; 13; 34; 23; 4; 13; 32
10,24,0.4589,0.41667,14; 11; 10; 24; 10; 20; 27; 29
17,27,0.63085,0.62963,10; 13; 17; 27; 7; 18; 16; 8
34,46,0.74972,0.73913,3; 6; 34; 46; 13; 23; 8; 31
35,50,0.67645,0.7,3; 6; 35; 50; 3; 29; 21; 23
22,45,0.49683,0.48889,6; 11; 22; 45; 13; 26; 12; 21
29,46,0.6184,0.63043,5; 3; 29; 46; 13; 6; 16; 5
32,43,0.75016,0.74419,9; 4; 32; 43; 16; 26; 21; 6
24,66,0.37227,0.36364,4; 3; 24; 66; 5; 32; 6; 16
25,34,0.68417,0.73529,19; 4; 25; 34; 16; 26; 24; 17
25,60,0.43095,0.41667,4; 6; 25; 60; 20; 17; 17; 24
14,27,0.51443,0.51852,24; 19; 14; 27; 10; 20; 3; 23
14,71,0.23588,0.19718,6; 4; 14; 71; 18; 12; 18; 20
37,52,0.71152,0.71154,4; 3; 37; 52; 6; 8; 19; 19
9,24,0.35214,0.375,16; 29; 9; 24; 3; 30; 28; 17
27,43,0.62137,0.62791,4; 9; 27; 43; 5; 15; 31; 30
5,57,0.25029,0.08772,16; 16; 5; 57; 21; 31; 20; 10
27,43,0.62335,0.62791,12; 5; 27; 43; 8; 12; 20; 16
20,50,0.44477,0.4,12; 11; 20; 50; 31; 30; 4; 22
11,55,0.25173,0.2,16; 12; 11; 55; 3; 17; 24; 31
25,28,0.90731,0.89286,8; 16; 25; 28; 26; 5; 22; 18
8,54,0.25294,0.14815,10; 12; 8; 54; 31; 12; 8; 32
6,62,0.23953,0.09677,6; 12; 6; 62; 31; 10; 17; 22
12,42,0.31565,0.28571,3; 20; 12; 42; 30; 3; 32; 3
8,79,0.24247,0.10127,5; 5; 8; 79; 4; 31; 12; 22
12,19,0.60762,0.63158,6; 31; 12; 19; 7; 12; 12; 31
27,55,0.46559,0.49091,3; 7; 27; 55; 3; 20; 23; 15
5,34,0.2769,0.14706,5; 13; 5; 34; 10; 9; 32; 10
9,44,0.27612,0.20455,7; 10; 9; 44; 7; 7; 16; 30
32,45,0.67808,0.71111,8; 4; 32; 45; 23; 25; 4; 26
20,50,0.4161,0.4,4; 9; 20; 50; 23; 11; 24; 17
9,57,0.21695,0.15789,5; 7; 9; 57; 8; 29; 9; 16
20,41,0.47788,0.4878,8; 9; 20; 41; 18; 20; 6; 5
13,50,0.27872,0.26,15; 16; 13; 50; 29; 24; 9; 26
17,47,0.36596,0.3617,8; 17; 17; 47; 9; 19; 21; 12
17,66,0.26952,0.25758,7; 4; 17; 66; 10; 13; 21; 10
12,33,0.3604,0.36364,19; 22; 12; 33; 24; 7; 26; 7
7,46,0.24432,0.15217,16; 11; 7; 46; 27; 29; 14; 25
31,44,0.67198,0.70455,10; 7; 31; 44; 27; 22; 14; 25
36,51,0.69824,0.70588,3; 4; 36; 51; 11; 15; 25; 29
7,10,0.80374,0.7,4; 25; 7; 10; 16; 31; 24; 19
7,81,0.19735,0.08642,5; 4; 7; 81; 10; 7; 19; 19
28,36,0.78869,0.77778,7; 10; 28; 36; 8; 29; 10; 23
20,41,0.53577,0.4878,13; 10; 20; 41; 16; 19; 12; 6
7,10,0.66305,0.7,7; 33; 7; 10; 12; 4; 31; 9
12,76,0.24846,0.15789,5; 3; 12; 76; 8; 3; 32; 25
30,43,0.68571,0.69767,3; 5; 30; 43; 12; 17; 19; 26
20,50,0.41225,0.4,10; 12; 20; 50; 13; 3; 31; 11
26,41,0.61503,0.63415,15; 5; 26; 41; 7; 23; 14; 13
26,35,0.70623,0.74286,14; 8; 26; 35; 8; 24; 18; 15
28,57,0.48779,0.49123,5; 6; 28; 57; 9; 29; 24; 24
24,27,0.88316,0.88889,9; 17; 24; 27; 17; 9; 30; 10
15,52,0.30285,0.28846,5; 12; 15; 52; 31; 10; 12; 14
16,40,0.40258,0.4,7; 8; 16; 40; 5; 14; 15; 14
12,76,0.21217,0.15789,4; 3; 12; 76; 12; 28; 6; 27
19,50,0.3862,0.38,11; 9; 19; 50; 27; 14; 6; 3
21,53,0.4146,0.39623,4; 9; 21; 53; 13; 19; 18; 20
23,60,0.38902,0.38333,3; 4; 23; 60; 29; 8; 31; 9
7,47,0.1956,0.14894,7; 6; 7; 47; 11; 22; 5; 25
13,45,0.28115,0.28889,18; 17; 13; 45; 27; 6; 13; 29
41,46,0.88809,0.8913,5; 5; 41; 46; 27; 6; 4; 23
15,21,0.68524,0.71429,14; 23; 15; 21; 3; 29; 5; 14
36,46,0.75524,0.78261,4; 4; 36; 46; 16; 26; 20; 28
22,45,0.51492,0.48889,15; 6; 22; 45; 25; 9; 15; 16
6,67,0.25401,0.08955,7; 3; 6; 67; 19; 32; 29; 17
9,61,0.23682,0.14754,11; 9; 9; 61; 9; 14; 5; 32
17,45,0.39539,0.37778,18; 14; 17; 45; 7; 18; 7; 28
15,40,0.37753,0.375,11; 4; 15; 40; 6; 7; 6; 8
21,50,0.42836,0.42,6; 13; 21; 50; 8; 26; 13; 9
32,41,0.75966,0.78049,5; 5; 32; 41; 27; 16; 13; 24
10,16,0.59798,0.625,18; 28; 10; 16; 15; 16; 5; 12
25,60,0.44222,0.41667,5; 5; 25; 60; 24; 10; 13; 19
21,30,0.66537,0.7,3; 23; 21; 30; 23; 3; 14; 4
24,57,0.42679,0.42105,5; 8; 24; 57; 12; 3; 13; 32
29,46,0.6326,0.63043,4; 10; 29; 46; 9; 13; 18; 8
5,8,0.76098,0.625,22; 26; 5; 8; 10; 20; 26; 23
9,60,0.24547,0.15,10; 4; 9; 60; 6; 4; 16; 4
7,68,0.20847,0.10294,3; 5; 7; 68; 17; 20; 5; 3
13,31,0.37655,0.41935,7; 14; 13; 31; 26; 3; 23; 16
14,54,0.26791,0.25926,11; 14; 14; 54; 8; 4; 12; 21
17,66,0.26112,0.25758,3; 7; 17; 66; 8; 22; 14; 19
9,25,0.34635,0.36,29; 16; 9; 25; 15; 23; 5; 22
38,49,0.76019,0.77551,5; 3; 38; 49; 13; 9; 3; 23
15,21,0.74206,0.71429,17; 14; 15; 21; 23; 13; 5; 14
12,76,0.23409,0.15789,4; 5; 12; 76; 27; 6; 19; 19
19,27,0.75908,0.7037,5; 10; 19; 27; 9; 26; 3; 13
11,29,0.37785,0.37931,3; 25; 11; 29; 21; 5; 19; 10
8,31,0.3054,0.25806,22; 11; 8; 31; 5; 23; 24; 16
20,50,0.3898,0.4,5; 7; 20; 50; 28; 19; 27; 6
22,42,0.53351,0.52381,14; 13; 22; 42; 21; 3; 3; 24
5,7,0.80023,0.71429,17; 21; 5; 7; 18; 25; 18; 31
15,75,0.24975,0.2,3; 3; 15; 75; 21; 21; 28; 7
21,30,0.75301,0.7,12; 13; 21; 30; 12; 19; 7; 7
30,43,0.67503,0.69767,10; 8; 30; 43; 13; 18; 28; 16
13,50,0.28075,0.26,6; 10; 13; 50; 19; 17; 15; 24
17,33,0.53295,0.51515,14; 11; 17; 33; 9; 28; 30; 7
20,27,0.73587,0.74074,16; 21; 20; 27; 15; 18; 9; 24
7,78,0.21616,0.08974,4; 3; 7; 78; 20; 23; 14; 17
14,48,0.33609,0.29167,3; 9; 14; 48; 3; 12; 3; 26
15,36,0.39723,0.41667,15; 14; 15; 36; 15; 14; 20; 29
20,68,0.31901,0.29412,4; 3; 20; 68; 11; 31; 20; 28
23,55,0.43916,0.41818,9; 10; 23; 55; 9; 18; 19; 11
17,19,0.91273,0.89474,26; 26; 17; 19; 22; 27; 12; 19
34,38,0.899,0.89474,5; 10; 34; 38; 13; 7; 31; 18
5,14,0.39383,0.35714,26; 27; 5; 14; 7; 32; 15; 28
29,41,0.66639,0.70732,13; 5; 29; 41; 17; 22; 17; 17
30,58,0.51244,0.51724,5; 3; 30; 58; 25; 12; 13; 18
33,37,0.92069,0.89189,3; 4; 33; 37; 32; 10; 26; 18
6,16,0.46198,0.375,22; 30; 6; 16; 4; 25; 6; 32
13,45,0.26993,0.28889,10; 14; 13; 45; 3; 22; 9; 14
6,38,0.22456,0.15789,23; 22; 6; 38; 30; 15; 8; 19
24,27,0.87244,0.88889,12; 13; 24; 27; 19; 26; 13; 32
21,52,0.38398,0.40385,8; 9; 21; 52; 12; 32; 6; 21
7,47,0.27672,0.14894,12; 11; 7; 47; 17; 14; 3; 3
14,19,0.83019,0.73684,11; 29; 14; 19; 13; 14; 17; 14
11,21,0.57233,0.52381,17; 12; 11; 21; 28; 23; 21; 10
35,45,0.78195,0.77778,8; 3; 35; 45; 17; 21; 30; 19
17,43,0.41177,0.39535,3; 10; 17; 43; 24; 32; 12; 22
15,52,0.32465,0.28846,6; 11; 15; 52; 32; 6; 27; 22
12,47,0.2778,0.25532,12; 12; 12; 47; 23; 13; 18; 29
9,59,0.23954,0.15254,8; 6; 9; 59; 18; 10; 20; 7
12,19,0.65984,0.63158,28; 5; 12; 19; 3; 11; 21; 16
21,56,0.36094,0.375,8; 5; 21; 56; 3; 27; 10; 6
16,62,0.25769,0.25806,6; 7; 16; 62; 4; 11; 32; 3
7,35,0.2715,0.2,7; 4; 7; 35; 24; 14; 18; 7
9,56,0.25613,0.16071,9; 14; 9; 56; 5; 25; 27; 16
14,70,0.21988,0.2,6; 3; 14; 70; 12; 26; 15; 12
7,10,0.76107,0.7,27; 28; 7; 10; 27; 14; 7; 5
26,41,0.60952,0.63415,15; 15; 26; 41; 6; 19; 21; 28
7,44,0.24001,0.15909,16; 17; 7; 44; 21; 28; 26; 18
24,60,0.38917,0.4,7; 6; 24; 60; 9; 23; 8; 30
25,28,0.89728,0.89286,5; 20; 25; 28; 29; 31; 15; 19
6,21,0.35272,0.28571,25; 16; 6; 21; 24; 3; 20; 6
9,44,0.20889,0.20455,19; 16; 9; 44; 7; 7; 16; 6
6,64,0.21633,0.09375,14; 3; 6; 64; 24; 13; 24; 14
22,35,0.60155,0.62857,6; 12; 22; 35; 13; 23; 7; 8
15,42,0.37128,0.35714,20; 8; 15; 42; 9; 27; 20; 10
8,51,0.2558,0.15686,19; 12; 8; 51; 18; 15; 24; 23
12,59,0.25902,0.20339,10; 10; 12; 59; 23; 29; 14; 19
18,47,0.38694,0.38298,13; 15; 18; 47; 27; 6; 18; 17
19,47,0.42442,0.40426,11; 8; 19; 47; 28; 25; 4; 13
34,54,0.62652,0.62963,4; 5; 34; 54; 3; 5; 6; 5
23,60,0.39464,0.38333,7; 3; 23; 60; 27; 13; 10; 3
26,35,0.74655,0.74286,3; 17; 26; 35; 13; 12; 26; 21
25,48,0.50455,0.52083,10; 12; 25; 48; 13; 30; 21; 3
15,21,0.73408,0.71429,24; 6; 15; 21; 30; 30; 31; 4
16,45,0.36686,0.35556,4; 17; 16; 45; 6; 15; 8; 30
24,34,0.7249,0.70588,7; 19; 24; 34; 7; 23; 6; 16
14,19,0.81631,0.73684,32; 18; 14; 19; 15; 26; 5; 14
14,27,0.51685,0.51852,13; 3; 14; 27; 12; 24; 19; 28
41,46,0.89086,0.8913,4; 3; 41; 46; 11; 4; 15; 16
30,43,0.70546,0.69767,4; 9; 30; 43; 32; 3; 25; 6
31,40,0.754,0.775,4; 6; 31; 40; 29; 23; 15; 15
5,56,0.25231,0.08929,6; 3; 5; 56; 4; 6; 9; 30
24,64,0.37399,0.375,3; 5; 24; 64; 11; 25; 14; 31
6,67,0.23313,0.08955,8; 10; 6; 67; 21; 17; 10; 23
9,60,0.25986,0.15,13; 8; 9; 60; 17; 4; 32; 20
16,44,0.37409,0.36364,11; 8; 16; 44; 20; 20; 5; 4
26,35,0.7332,0.74286,7; 11; 26; 35; 24; 26; 10; 29
8,21,0.3532,0.38095,29; 23; 8; 21; 24; 12; 26; 5
20,27,0.76305,0.74074,15; 23; 20; 27; 28; 30; 12; 9
12,17,0.76166,0.70588,19; 26; 12; 17; 26; 15; 18; 19
25,62,0.43458,0.40323,3; 4; 25; 62; 8; 22; 5; 4
12,61,0.24021,0.19672,5; 11; 12; 61; 23; 31; 28; 11
13,31,0.41222,0.41935,22; 12; 13; 31; 15; 13; 20; 10
21,30,0.67716,0.7,11; 16; 21; 30; 4; 27; 5; 13
12,17,0.75043,0.70588,11; 17; 12; 17; 3; 4; 23; 10
24,46,0.50638,0.52174,9; 5; 24; 46; 7; 16; 22; 9
8,9,0.80434,0.88889,5; 23; 8; 9; 32; 3; 17; 17
9,46,0.22738,0.19565,10; 11; 9; 46; 29; 29; 13; 8
12,59,0.25342,0.20339,13; 11; 12; 59; 28; 31; 5; 30
41,46,0.87278,0.8913,5; 5; 41; 46; 13; 4; 11; 28
12,61,0.23254,0.19672,5; 6; 12; 61; 6; 9; 15; 27
5,34,0.34598,0.14706,24; 4; 5; 34; 8; 19; 6; 5
11,43,0.28217,0.25581,4; 10; 11; 43; 5; 28; 14; 5
35,47,0.70926,0.74468,6; 5; 35; 47; 31; 28; 22; 5
30,48,0.59245,0.625,9; 6; 30; 48; 14; 32; 19; 3
28,54,0.54443,0.51852,6; 8; 28; 54; 28; 27; 20; 21
18,23,0.85123,0.78261,13; 4; 18; 23; 22; 32; 23; 12
20,56,0.36444,0.35714,3; 3; 20; 56; 17; 27; 7; 27
26,37,0.66401,0.7027,4; 9; 26; 37; 14; 18; 5; 5
17,23,0.80767,0.73913,8; 18; 17; 23; 20; 8; 17; 12
8,49,0.24847,0.16327,17; 9; 8; 49; 29; 14; 17; 14
16,44,0.39289,0.36364,16; 14; 16; 44; 25; 17; 8; 32
37,52,0.6972,0.71154,4; 3; 37; 52; 19; 11; 6; 14
31,40,0.73866,0.775,11; 3; 31; 40; 28; 12; 30; 18
7,77,0.23196,0.09091,5; 6; 7; 77; 16; 26; 15; 6
14,49,0.28417,0.28571,4; 13; 14; 49; 10; 27; 29; 5
7,68,0.261,0.10294,6; 8; 7; 68; 6; 27; 5; 22
32,45,0.71477,0.71111,6; 9; 32; 45; 18; 12; 17; 4
18,23,0.90903,0.78261,7; 12; 18; 23; 13; 14; 15; 27
28,36,0.76808,0.77778,4; 8; 28; 36; 23; 24; 9; 10
31,44,0.70473,0.70455,11; 5; 31; 44; 20; 24; 18; 23
8,49,0.24827,0.16327,4; 10; 8; 49; 29; 19; 20; 18
17,27,0.58966,0.62963,23; 21; 17; 27; 6; 18; 21; 12
32,51,0.60992,0.62745,3; 3; 32; 51; 3; 22; 5; 29
5,52,0.27565,0.09615,20; 3; 5; 52; 13; 27; 32; 19
8,78,0.20591,0.10256,5; 4; 8; 78; 10; 16; 10; 29
14,71,0.23004,0.19718,6; 6; 14; 71; 25; 18; 20; 30
9,34,0.30735,0.26471,12; 17; 9; 34; 18; 5; 28; 29
20,28,0.80776,0.71429,8; 13; 20; 28; 19; 4; 21; 20
16,40,0.41342,0.4,5; 14; 16; 40; 5; 9; 29; 26
18,48,0.34799,0.375,16; 16; 18; 48; 28; 23; 8; 10
29,39,0.67047,0.74359,14; 3; 29; 39; 11; 8; 16; 7
17,66,0.29022,0.25758,3; 3; 17; 66; 12; 11; 19; 11
11,70,0.23618,0.15714,6; 6; 11; 70; 24; 14; 6; 11
28,38,0.67345,0.73684,6; 13; 28; 38; 4; 15; 21; 24
7,48,0.24416,0.14583,17; 10; 7; 48; 27; 16; 21; 25
7,82,0.27124,0.08537,4; 4; 7; 82; 3; 32; 31; 21
8,52,0.24039,0.15385,15; 10; 8; 52; 31; 17; 8; 5
15,21,0.76864,0.71429,10; 29; 15; 21; 6; 8; 28; 26
5,25,0.28051,0.2,12; 25; 5; 25; 6; 5; 10; 11
12,77,0.2308,0.15584,3; 4; 12; 77; 30; 9; 31; 24
19,39,0.42895,0.48718,16; 7; 19; 39; 29; 30; 12; 9
15,29,0.49444,0.51724,5; 14; 15; 29; 4; 13; 20; 17
12,77,0.24947,0.15584,3; 3; 12; 77; 24; 10; 30; 20
14,53,0.28201,0.26415,13; 9; 14; 53; 20; 19; 26; 27
32,51,0.62418,0.62745,7; 7; 32; 51; 11; 3; 23; 27
5,31,0.22142,0.16129,27; 20; 5; 31; 10; 16; 32; 21
6,21,0.35065,0.28571,28; 17; 6; 21; 4; 25; 32; 30
16,31,0.51739,0.51613,16; 10; 16; 31; 13; 13; 5; 7
23,31,0.69133,0.74194,20; 15; 23; 31; 21; 20; 7; 26
26,35,0.72955,0.74286,13; 7; 26; 35; 19; 24; 17; 18
15,24,0.62688,0.625,10; 10; 15; 24; 5; 4; 23; 14
10,62,0.22409,0.16129,10; 10; 10; 62; 13; 14; 31; 25
26,35,0.72559,0.74286,3; 14; 26; 35; 23; 24; 17; 29
5,57,0.24085,0.08772,8; 8; 5; 57; 5; 11; 17; 14
25,48,0.53777,0.52083,11; 8; 25; 48; 6; 15; 24; 16
5,57,0.25795,0.08772,17; 9; 5; 57; 26; 21; 20; 27
24,38,0.6534,0.63158,4; 9; 24; 38; 22; 22; 23; 9
28,36,0.78456,0.77778,15; 8; 28; 36; 28; 23; 14; 28
8,55,0.25301,0.14545,16; 15; 8; 55; 11; 32; 24; 25
17,19,0.85486,0.89474,23; 9; 17; 19; 32; 18; 4; 20
25,51,0.47538,0.4902,11; 3; 25; 51; 13; 8; 26; 10
34,48,0.69034,0.70833,3; 7; 34; 48; 29; 5; 4; 32
12,17,0.79482,0.70588,13; 28; 12; 17; 27; 11; 27; 14
22,55,0.4193,0.4,7; 9; 22; 55; 25; 26; 5; 31
20,41,0.49623,0.4878,14; 6; 20; 41; 7; 6; 29; 4
13,25,0.55836,0.52,14; 7; 13; 25; 19; 21; 6; 5
6,23,0.2996,0.26087,21; 28; 6; 23; 32; 5; 19; 10
29,46,0.64108,0.63043,5; 11; 29; 46; 9; 10; 3; 17
24,57,0.42988,0.42105,4; 3; 24; 57; 22; 8; 32; 7
8,40,0.25822,0.2,22; 12; 8; 40; 13; 18; 17; 4
24,66,0.38509,0.36364,4; 4; 24; 66; 29; 28; 10; 29
25,35,0.72769,0.71429,7; 10; 25; 35; 6; 21; 28; 31
7,44,0.21209,0.15909,20; 8; 7; 44; 18; 17; 24; 7
19,45,0.41573,0.42222,16; 3; 19; 45; 6; 8; 14; 4
10,26,0.26039,0.38462,27; 27; 10; 26; 13; 6; 25; 7
19,53,0.36221,0.35849,13; 6; 19; 53; 8; 14; 5; 30
6,40,0.26994,0.15,4; 14; 6; 40; 4; 12; 28; 15
8,9,0.80593,0.88889,13; 8; 8; 9; 23; 31; 6; 14
10,25,0.40741,0.4,13; 17; 10; 25; 18; 11; 6; 27
20,70,0.32643,0.28571,3; 3; 20; 70; 18; 26; 8; 27
14,53,0.28365,0.26415,13; 14; 14; 53; 3; 18; 8; 15
7,47,0.21683,0.14894,5; 21; 7; 47; 6; 13; 26; 19
25,32,0.76551,0.78125,9; 19; 25; 32; 19; 4; 30; 31
32,45,0.69572,0.71111,5; 3; 32; 45; 27; 8; 7; 17
23,44,0.54921,0.52273,3; 14; 23; 44; 19; 6; 7; 20
32,45,0.70177,0.71111,6; 8; 32; 45; 18; 21; 16; 5
15,42,0.34137,0.35714,12; 18; 15; 42; 19; 21; 6; 21
11,21,0.53811,0.52381,24; 13; 11; 21; 13; 13; 23; 9
5,56,0.25773,0.08929,4; 16; 5; 56; 30; 4; 11; 22
6,39,0.26283,0.15385,14; 23; 6; 39; 14; 11; 24; 31
15,57,0.26065,0.26316,12; 11; 15; 57; 32; 17; 27; 9
11,73,0.21812,0.15068,6; 3; 11; 73; 27; 7; 26; 12
5,48,0.20147,0.10417,3; 19; 5; 48; 6; 15; 6; 31
20,28,0.74459,0.71429,17; 4; 20; 28; 26; 25; 6; 18
23,61,0.3801,0.37705,6; 7; 23; 61; 23; 14; 6; 6
5,58,0.2522,0.08621,5; 7; 5; 58; 29; 7; 3; 10
7,35,0.25666,0.2,20; 8; 7; 35; 7; 18; 8; 25
27,38,0.71091,0.71053,4; 11; 27; 38; 19; 9; 16; 4
17,33,0.51457,0.51515,5; 23; 17; 33; 8; 4; 30; 17
20,32,0.62472,0.625,8; 23; 20; 32; 4; 5; 12; 6
28,36,0.75604,0.77778,9; 13; 28; 36; 10; 4; 22; 8
37,53,0.67352,0.69811,4; 4; 37; 53; 20; 16; 13; 7
28,40,0.70586,0.7,4; 7; 28; 40; 5; 6; 18; 30
22,53,0.43584,0.41509,4; 7; 22; 53; 25; 4; 21; 20
7,45,0.25624,0.15556,7; 10; 7; 45; 29; 30; 17; 21
20,41,0.49421,0.4878,18; 15; 20; 41; 7; 6; 10; 24
36,51,0.67486,0.70588,4; 3; 36; 51; 27; 32; 3; 22
29,37,0.75981,0.78378,16; 4; 29; 37; 11; 8; 8; 24
21,30,0.70391,0.7,20; 21; 21; 30; 29; 4; 21; 12
12,23,0.5318,0.52174,5; 12; 12; 23; 28; 22; 29; 6
5,34,0.18284,0.14706,18; 12; 5; 34; 5; 30; 5; 5
11,67,0.25358,0.16418,5; 8; 11; 67; 25; 22; 9; 17
19,47,0.3865,0.40426,7; 16; 19; 47; 29; 32; 17; 15
10,26,0.36426,0.38462,13; 15; 10; 26; 16; 30; 11; 24
26,41,0.58834,0.63415,13; 5; 26; 41; 10; 29; 8; 24
25,63,0.42873,0.39683,3; 4; 25; 63; 19; 14; 15; 9
5,50,0.21644,0.1,16; 6; 5; 50; 30; 9; 6; 30
28,54,0.53736,0.51852,6; 6; 28; 54; 25; 13; 3; 28
12,17,0.854,0.70588,12; 16; 12; 17; 3; 25; 15; 22
12,74,0.22424,0.16216,5; 3; 12; 74; 23; 31; 15; 8
18,45,0.40647,0.4,5; 17; 18; 45; 20; 30; 29; 16
20,41,0.51555,0.4878,9; 15; 20; 41; 18; 22; 26; 19
33,47,0.69536,0.70213,5; 7; 33; 47; 30; 6; 15; 26
29,59,0.5112,0.49153,5; 4; 29; 59; 9; 11; 7; 8
18,37,0.50196,0.48649,19; 19; 18; 37; 17; 18; 12; 22
34,46,0.74078,0.73913,8; 9; 34; 46; 28; 14; 16; 12
12,30,0.38492,0.4,23; 14; 12; 30; 10; 22; 31; 7
14,54,0.28422,0.25926,13; 11; 14; 54; 3; 3; 21; 7
40,45,0.891,0.88889,3; 3; 40; 45; 10; 32; 25; 22
14,20,0.76025,0.7,11; 5; 14; 20; 13; 28; 7; 9
27,43,0.60577,0.62791,7; 11; 27; 43; 32; 8; 14; 4
9,62,0.25623,0.14516,3; 4; 9; 62; 31; 19; 15; 4
9,59,0.23534,0.15254,3; 7; 9; 59; 4; 14; 7; 5
21,27,0.8575,0.77778,11; 22; 21; 27; 9; 5; 10; 28
6,61,0.23929,0.09836,11; 7; 6; 61; 19; 32; 9; 17
6,66,0.24863,0.09091,11; 3; 6; 66; 22; 23; 8; 31
10,28,0.29751,0.35714,3; 11; 10; 28; 5; 6; 17; 4
7,43,0.22378,0.16279,11; 3; 7; 43; 9; 24; 23; 17
6,63,0.24713,0.09524,14; 9; 6; 63; 12; 8; 26; 5
11,56,0.22799,0.19643,13; 15; 11; 56; 23; 30; 18; 18
8,9,0.85202,0.88889,33; 7; 8; 9; 32; 5; 10; 13
23,55,0.42995,0.41818,8; 4; 23; 55; 12; 9; 15; 32
28,36,0.71567,0.77778,11; 12; 28; 36; 7; 9; 27; 7
9,55,0.19829,0.16364,9; 6; 9; 55; 30; 17; 8; 13
5,33,0.28147,0.15152,5; 14; 5; 33; 6; 15; 18; 11
21,53,0.404,0.39623,7; 5; 21; 53; 5; 21; 30; 28
19,48,0.43613,0.39583,6; 3; 19; 48; 9; 11; 25; 4
14,69,0.22746,0.2029,7; 6; 14; 69; 12; 14; 22; 17
12,41,0.35672,0.29268,9; 15; 12; 41; 27; 10; 9; 8
26,37,0.70509,0.7027,9; 6; 26; 37; 18; 32; 12; 23
9,31,0.30818,0.29032,14; 5; 9; 31; 12; 32; 7; 10
24,27,0.878,0.88889,22; 11; 24; 27; 32; 4; 19; 29
7,10,0.64366,0.7,9; 8; 7; 10; 15; 11; 27; 8
34,38,0.87705,0.89474,6; 7; 34; 38; 11; 8; 7; 11
22,45,0.51251,0.48889,14; 12; 22; 45; 11; 20; 25; 25
6,15,0.32733,0.4,37; 12; 6; 15; 32; 17; 13; 21
5,54,0.26585,0.09259,18; 8; 5; 54; 24; 4; 17; 3
14,18,0.88129,0.77778,25; 9; 14; 18; 9; 21; 20; 20
34,46,0.7205,0.73913,5; 5; 34; 46; 32; 12; 17; 12
20,48,0.41844,0.41667,5; 3; 20; 48; 16; 11; 30; 12
5,8,0.73506,0.625,9; 35; 5; 8; 6; 12; 27; 24
18,62,0.30036,0.29032,6; 8; 18; 62; 4; 14; 22; 6
19,30,0.60131,0.63333,12; 19; 19; 30; 11; 20; 22; 13
6,21,0.35108,0.28571,7; 15; 6; 21; 21; 22; 29; 23
17,24,0.68378,0.70833,9; 6; 17; 24; 16; 26; 4; 7
32,45,0.68137,0.71111,9; 10; 32; 45; 9; 12; 26; 25
19,53,0.36414,0.35849,6; 13; 19; 53; 16; 32; 3; 17
7,75,0.23092,0.09333,4; 6; 7; 75; 4; 17; 16; 3
9,62,0.23677,0.14516,8; 5; 9; 62; 26; 14; 10; 29
29,41,0.71913,0.70732,10; 8; 29; 41; 8; 13; 15; 24
19,48,0.42607,0.39583,9; 11; 19; 48; 26; 18; 18; 4
23,33,0.64141,0.69697,17; 7; 23; 33; 12; 14; 10; 4
39,50,0.76302,0.78,3; 4; 39; 50; 14; 6; 24; 21
5,12,0.46701,0.41667,37; 12; 5; 12; 28; 13; 23; 24
13,64,0.22439,0.20312,8; 7; 13; 64; 17; 7; 5; 16
6,30,0.23977,0.2,22; 26; 6; 30; 8; 8; 6; 32
5,50,0.17816,0.1,10; 16; 5; 50; 17; 29; 5; 32
12,23,0.59186,0.52174,23; 10; 12; 23; 19; 21; 12; 18
7,35,0.2102,0.2,16; 19; 7; 35; 6; 9; 27; 32
17,42,0.41837,0.40476,14; 19; 17; 42; 9; 11; 28; 21
31,42,0.75209,0.7381,7; 11; 31; 42; 3; 24; 9; 28
22,53,0.42047,0.41509,4; 7; 22; 53; 12; 9; 19; 14
23,44,0.53765,0.52273,15; 12; 23; 44; 11; 18; 15; 29
11,21,0.56097,0.52381,33; 13; 11; 21; 19; 11; 23; 15
9,61,0.23258,0.14754,5; 11; 9; 61; 26; 7; 19; 7
34,46,0.73397,0.73913,9; 3; 34; 46; 31; 4; 18; 17
15,29,0.5118,0.51724,13; 4; 15; 29; 19; 23; 28; 14
5,31,0.21125,0.16129,30; 24; 5; 31; 18; 3; 31; 18
34,48,0.68492,0.70833,7; 6; 34; 48; 16; 21; 17; 14
37,52,0.72005,0.71154,4; 4; 37; 52; 22; 8; 3; 10
7,79,0.20415,0.08861,6; 3; 7; 79; 10; 29; 3; 13
20,55,0.38122,0.36364,4; 11; 20; 55; 3; 31; 15; 4
17,65,0.29422,0.26154,5; 6; 17; 65; 28; 24; 32; 13
25,65,0.4056,0.38462,3; 4; 25; 65; 11; 26; 11; 31
7,69,0.25894,0.10145,9; 9; 7; 69; 11; 8; 5; 32
5,49,0.21712,0.10204,9; 4; 5; 49; 31; 30; 19; 3
25,34,0.67632,0.73529,15; 9; 25; 34; 18; 9; 30; 22
28,54,0.53444,0.51852,4; 4; 28; 54; 14; 5; 21; 9
15,24,0.65515,0.625,12; 22; 15; 24; 20; 19; 10; 10
7,78,0.22614,0.08974,3; 3; 7; 78; 27; 27; 25; 18
5,31,0.29107,0.16129,28; 19; 5; 31; 7; 20; 30; 5
5,31,0.27167,0.16129,22; 28; 5; 31; 32; 4; 31; 15
24,34,0.67861,0.70588,9; 8; 24; 34; 5; 20; 16; 12
9,34,0.36832,0.26471,26; 5; 9; 34; 12; 16; 22; 31
6,59,0.25217,0.10169,6; 12; 6; 59; 9; 16; 24; 24
12,41,0.30482,0.29268,19; 21; 12; 41; 21; 8; 31; 15
31,49,0.62224,0.63265,7; 7; 31; 49; 9; 27; 26; 11
6,30,0.2641,0.2,6; 4; 6; 30; 23; 7; 18; 32
34,38,0.90927,0.89474,5; 8; 34; 38; 30; 6; 26; 21
7,9,0.67826,0.77778,36; 13; 7; 9; 27; 28; 11; 19
27,55,0.50045,0.49091,6; 3; 27; 55; 21; 20; 10; 31
5,55,0.22481,0.09091,4; 11; 5; 55; 9; 23; 10; 16
21,30,0.67375,0.7,12; 8; 21; 30; 20; 11; 5; 30
7,43,0.20571,0.16279,8; 22; 7; 43; 19; 28; 8; 30
41,46,0.87502,0.8913,3; 5; 41; 46; 16; 26; 26; 3
27,52,0.53171,0.51923,7; 5; 27; 52; 4; 6; 16; 29
7,69,0.27086,0.10145,11; 5; 7; 69; 21; 9; 30; 20
32,45,0.70494,0.71111,10; 10; 32; 45; 30; 20; 21; 14
20,28,0.66663,0.71429,12; 11; 20; 28; 28; 19; 15; 17
12,23,0.52089,0.52174,12; 21; 12; 23; 24; 4; 7; 14
17,45,0.40142,0.37778,12; 15; 17; 45; 19; 5; 18; 10
32,46,0.68634,0.69565,5; 10; 32; 46; 4; 29; 5; 12
11,74,0.22242,0.14865,5; 3; 11; 74; 24; 19; 24; 3
9,44,0.23536,0.20455,7; 9; 9; 44; 30; 14; 4; 17
6,40,0.26509,0.15,25; 3; 6; 40; 9; 17; 22; 3
17,59,0.30242,0.28814,11; 7; 17; 59; 12; 5; 29; 32
14,39,0.35764,0.35897,6; 10; 14; 39; 13; 18; 14; 20
16,45,0.35952,0.35556,6; 16; 16; 45; 10; 12; 23; 6
35,50,0.65819,0.7,4; 3; 35; 50; 6; 17; 9; 23
5,33,0.24678,0.15152,30; 27; 5; 33; 11; 6; 7; 23
23,57,0.39961,0.40351,6; 3; 23; 57; 9; 21; 7; 12
12,23,0.47028,0.52174,28; 7; 12; 23; 14; 30; 32; 13
7,9,0.77387,0.77778,18; 10; 7; 9; 8; 26; 9; 32
10,39,0.26448,0.25641,22; 20; 10; 39; 31; 17; 11; 21
8,54,0.25624,0.14815,8; 7; 8; 54; 18; 18; 32; 22
7,43,0.24676,0.16279,15; 6; 7; 43; 23; 23; 17; 17
6,60,0.22524,0.1,13; 10; 6; 60; 16; 10; 26; 31
15,58,0.29626,0.25862,12; 10; 15; 58; 16; 21; 7; 19
6,69,0.22846,0.08696,7; 9; 6; 69; 30; 13; 5; 21
37,52,0.68805,0.71154,4; 3; 37; 52; 8; 9; 9; 23
7,81,0.18728,0.08642,4; 5; 7; 81; 28; 29; 24; 6
22,42,0.53316,0.52381,5; 12; 22; 42; 17; 4; 5; 25
33,47,0.6908,0.70213,4; 8; 33; 47; 32; 20; 20; 21
7,77,0.23914,0.09091,3; 4; 7; 77; 30; 15; 29; 4
6,60,0.24218,0.1,10; 14; 6; 60; 31; 24; 5; 3
21,55,0.38159,0.38182,10; 10; 21; 55; 23; 25; 28; 21
14,39,0.30157,0.35897,15; 3; 14; 39; 20; 6; 23; 28
17,59,0.31811,0.28814,5; 8; 17; 59; 29; 17; 18; 11
6,67,0.20846,0.08955,11; 3; 6; 67; 16; 17; 9; 7
20,70,0.30492,0.28571,4; 3; 20; 70; 16; 29; 15; 22
12,33,0.35717,0.36364,23; 13; 12; 33; 27; 31; 6; 9
31,44,0.68866,0.70455,8; 10; 31; 44; 29; 23; 24; 18
7,43,0.23923,0.16279,7; 20; 7; 43; 23; 28; 8; 31
5,54,0.26844,0.09259,5; 17; 5; 54; 15; 11; 3; 32
25,32,0.79851,0.78125,6; 12; 25; 32; 18; 23; 24; 22
11,69,0.24865,0.15942,5; 7; 11; 69; 24; 20; 17; 5
20,70,0.31152,0.28571,4; 3; 20; 70; 11; 19; 20; 28
11,70,0.21496,0.15714,5; 6; 11; 70; 18; 5; 18; 24
19,48,0.41199,0.39583,13; 13; 19; 48; 8; 15; 5; 4
17,43,0.41719,0.39535,6; 7; 17; 43; 10; 18; 31; 17
14,18,0.83085,0.77778,22; 3; 14; 18; 30; 11; 28; 27
5,57,0.25088,0.08772,3; 12; 5; 57; 28; 17; 11; 15
10,26,0.35847,0.38462,21; 9; 10; 26; 4; 15; 15; 23
35,47,0.72992,0.74468,6; 8; 35; 47; 13; 3; 10; 25
22,58,0.38583,0.37931,8; 9; 22; 58; 9; 27; 17; 10
22,58,0.39966,0.37931,3; 8; 22; 58; 20; 10; 8; 25
16,18,0.78209,0.88889,9; 4; 16; 18; 24; 4; 21; 19
34,46,0.7328,0.73913,3; 8; 34; 46; 26; 3; 30; 19
9,61,0.24522,0.14754,3; 10; 9; 61; 27; 25; 11; 15
25,65,0.39268,0.38462,3; 3; 25; 65; 12; 10; 3; 18
25,65,0.38692,0.38462,3; 4; 25; 65; 9; 19; 26; 21
25,48,0.53449,0.52083,5; 11; 25; 48; 19; 15; 29; 16
8,49,0.20498,0.16327,15; 20; 8; 49; 11; 31; 17; 19
22,61,0.34367,0.36066,6; 6; 22; 61; 14; 3; 18; 32
29,56,0.51727,0.51786,3; 6; 29; 56; 15; 28; 28; 5
5,14,0.34522,0.35714,27; 19; 5; 14; 24; 20; 4; 19
31,49,0.63383,0.63265,8; 7; 31; 49; 13; 19; 23; 19
6,40,0.24939,0.15,10; 26; 6; 40; 28; 9; 4; 25
7,76,0.16973,0.09211,3; 7; 7; 76; 21; 16; 28; 12
14,20,0.74819,0.7,21; 21; 14; 20; 9; 11; 28; 21
6,23,0.22224,0.26087,28; 21; 6; 23; 9; 28; 18; 32
21,58,0.36398,0.36207,5; 8; 21; 58; 13; 15; 27; 24
6,39,0.17713,0.15385,21; 19; 6; 39; 10; 30; 11; 18
30,43,0.67963,0.69767,11; 8; 30; 43; 25; 19; 19; 22
13,66,0.24406,0.19697,4; 8; 13; 66; 21; 19; 23; 30
35,45,0.7576,0.77778,7; 3; 35; 45; 17; 7; 21; 5
5,14,0.497,0.35714,10; 19; 5; 14; 27; 21; 12; 26
5,17,0.35722,0.29412,9; 27; 5; 17; 21; 5; 5; 18
26,41,0.67254,0.63415,12; 4; 26; 41; 17; 21; 5; 29
25,32,0.75708,0.78125,7; 16; 25; 32; 5; 26; 18; 32
31,44,0.69248,0.70455,7; 11; 31; 44; 3; 13; 12; 26
31,42,0.75434,0.7381,12; 8; 31; 42; 32; 12; 20; 23
17,19,0.91406,0.89474,27; 23; 17; 19; 31; 29; 7; 12
28,36,0.7396,0.77778,4; 15; 28; 36; 3; 27; 12; 24
30,43,0.66115,0.69767,10; 7; 30; 43; 14; 9; 18; 31
6,23,0.28161,0.26087,20; 25; 6; 23; 6; 7; 24; 31
28,40,0.70341,0.7,4; 13; 28; 40; 15; 32; 13; 13
26,50,0.54159,0.52,11; 3; 26; 50; 32; 15; 25; 14
14,33,0.38489,0.42424,14; 22; 14; 33; 21; 17; 25; 30
21,53,0.42666,0.39623,10; 3; 21; 53; 12; 29; 31; 6
7,46,0.24658,0.15217,5; 3; 7; 46; 5; 5; 31; 17
34,48,0.66664,0.70833,5; 6; 34; 48; 29; 7; 22; 10
11,26,0.32922,0.42308,4; 23; 11; 26; 12; 7; 12; 11
12,42,0.29226,0.28571,8; 22; 12; 42; 14; 27; 7; 32
18,37,0.51096,0.48649,17; 18; 18; 37; 3; 20; 22; 15
38,49,0.7484,0.77551,4; 5; 38; 49; 7; 30; 8; 24
38,49,0.77809,0.77551,5; 5; 38; 49; 3; 26; 28; 26
25,65,0.34683,0.38462,4; 4; 25; 65; 17; 3; 4; 12
20,50,0.39425,0.4,10; 8; 20; 50; 25; 28; 5; 6
17,27,0.79674,0.62963,7; 4; 17; 27; 17; 3; 31; 24
6,40,0.21492,0.15,24; 6; 6; 40; 19; 7; 9; 27
14,27,0.51302,0.51852,13; 14; 14; 27; 11; 16; 21; 20
35,47,0.72687,0.74468,5; 4; 35; 47; 10; 10; 14; 32
26,35,0.76041,0.74286,14; 15; 26; 35; 29; 3; 24; 12
15,52,0.30644,0.28846,3; 8; 15; 52; 21; 20; 10; 3
18,70,0.25614,0.25714,5; 3; 18; 70; 12; 13; 29; 4
12,42,0.28826,0.28571,19; 14; 12; 42; 21; 11; 29; 30
37,52,0.69772,0.71154,4; 3; 37; 52; 19; 26; 11; 19
21,27,0.7918,0.77778,14; 20; 21; 27; 11; 3; 28; 27
10,66,0.19952,0.15152,4; 5; 10; 66; 15; 15; 16; 32
14,70,0.22523,0.2,5; 7; 14; 70; 10; 5; 12; 11
10,63,0.25208,0.15873,7; 5; 10; 63; 20; 13; 14; 3
23,31,0.75017,0.74194,9; 20; 23; 31; 27; 15; 6; 13
6,68,0.24544,0.08824,6; 10; 6; 68; 9; 17; 18; 26
34,38,0.86748,0.89474,6; 9; 34; 38; 20; 8; 23; 3
31,40,0.75439,0.775,7; 10; 31; 40; 28; 11; 6; 10
24,27,0.8938,0.88889,8; 9; 24; 27; 3; 27; 7; 32
5,55,0.22667,0.09091,16; 14; 5; 55; 13; 27; 20; 24
6,64,0.2617,0.09375,3; 13; 6; 64; 30; 6; 23; 22
23,33,0.69932,0.69697,19; 10; 23; 33; 18; 4; 7; 8
11,26,0.39209,0.42308,13; 18; 11; 26; 21; 7; 19; 32
24,46,0.54118,0.52174,6; 6; 24; 46; 6; 23; 32; 32
22,35,0.6262,0.62857,4; 7; 22; 35; 29; 10; 9; 14
18,68,0.29079,0.26471,3; 6; 18; 68; 18; 16; 8; 32
20,32,0.64739,0.625,10; 15; 20; 32; 22; 26; 18; 20
6,62,0.21245,0.09677,4; 13; 6; 62; 18; 17; 30; 15
24,34,0.67436,0.70588,11; 19; 24; 34; 12; 9; 28; 27
7,35,0.24963,0.2,22; 23; 7; 35; 28; 32; 10; 15
21,30,0.75508,0.7,17; 19; 21; 30; 3; 4; 18; 25
7,48,0.21912,0.14583,17; 7; 7; 48; 7; 18; 29; 29
6,16,0.39944,0.375,11; 26; 6; 16; 15; 4; 13; 31
26,35,0.78428,0.74286,15; 5; 26; 35; 11; 4; 5; 29
8,9,0.84287,0.88889,34; 26; 8; 9; 15; 7; 11; 8
17,23,0.84822,0.73913,11; 15; 17; 23; 16; 13; 14; 4
12,75,0.21694,0.16,5; 3; 12; 75; 6; 30; 25; 13
7,72,0.2586,0.09722,7; 5; 7; 72; 3; 9; 19; 30
25,48,0.50153,0.52083,7; 3; 25; 48; 26; 14; 18; 5
7,24,0.30881,0.29167,22; 25; 7; 24; 12; 6; 27; 16
24,60,0.39301,0.4,6; 3; 24; 60; 20; 14; 29; 32
19,27,0.73189,0.7037,9; 4; 19; 27; 31; 11; 26; 4
10,35,0.3005,0.28571,18; 16; 10; 35; 28; 21; 6; 8
32,46,0.67903,0.69565,9; 10; 32; 46; 4; 24; 17; 24
32,41,0.75305,0.78049,5; 8; 32; 41; 23; 14; 16; 20
32,43,0.73894,0.74419,5; 5; 32; 43; 26; 21; 5; 4
5,13,0.31534,0.38462,33; 9; 5; 13; 15; 28; 20; 11
6,60,0.25567,0.1,13; 5; 6; 60; 4; 14; 10; 20
18,45,0.40566,0.4,13; 6; 18; 45; 25; 14; 11; 12
15,21,0.71462,0.71429,21; 13; 15; 21; 5; 11; 16; 23
24,38,0.63194,0.63158,7; 12; 24; 38; 16; 23; 16; 17
9,35,0.28136,0.25714,3; 15; 9; 35; 9; 14; 23; 21
20,27,0.78048,0.74074,3; 16; 20; 27; 28; 31; 11; 25
23,57,0.38536,0.40351,7; 7; 23; 57; 32; 9; 18; 6
8,20,0.36946,0.4,23; 17; 8; 20; 5; 21; 17; 3
12,46,0.28758,0.26087,8; 17; 12; 46; 30; 5; 12; 12
21,43,0.52013,0.48837,6; 9; 21; 43; 10; 3; 24; 14
24,27,0.92408,0.88889,10; 10; 24; 27; 7; 16; 18; 26
5,56,0.23512,0.08929,17; 7; 5; 56; 7; 27; 5; 9
7,78,0.20386,0.08974,5; 6; 7; 78; 11; 30; 32; 10
7,47,0.26207,0.14894,10; 10; 7; 47; 18; 8; 25; 21
8,28,0.26275,0.28571,15; 19; 8; 28; 4; 7; 31; 29
17,42,0.4426,0.40476,19; 14; 17; 42; 8; 29; 13; 16
38,49,0.78413,0.77551,5; 3; 38; 49; 24; 8; 11; 30
7,81,0.23042,0.08642,5; 3; 7; 81; 5; 31; 24; 12
11,73,0.22294,0.15068,7; 3; 11; 73; 23; 23; 19; 3
15,57,0.27296,0.26316,10; 4; 15; 57; 22; 6; 8; 17
5,51,0.23003,0.09804,10; 18; 5; 51; 5; 9; 6; 31
8,79,0.1895,0.10127,5; 3; 8; 79; 14; 20; 18; 32
31,44,0.6904,0.70455,9; 9; 31; 44; 17; 31; 16; 12
17,24,0.70864,0.70833,21; 21; 17; 24; 20; 20; 6; 13
6,66,0.22712,0.09091,8; 11; 6; 66; 23; 13; 18; 31
20,28,0.72677,0.71429,24; 10; 20; 28; 8; 15; 28; 14
7,73,0.24022,0.09589,8; 7; 7; 73; 13; 23; 6; 24
12,33,0.37543,0.36364,12; 9; 12; 33; 24; 15; 14; 23
7,79,0.2466,0.08861,4; 5; 7; 79; 5; 5; 9; 30
11,55,0.23467,0.2,9; 13; 11; 55; 16; 26; 8; 7
7,47,0.1632,0.14894,13; 22; 7; 47; 28; 12; 4; 20
41,46,0.89151,0.8913,3; 3; 41; 46; 11; 11; 3; 23
21,55,0.40632,0.38182,11; 11; 21; 55; 21; 29; 24; 6
19,47,0.4042,0.40426,3; 12; 19; 47; 6; 8; 23; 32
23,33,0.67299,0.69697,5; 11; 23; 33; 28; 6; 24; 26
19,30,0.62346,0.63333,10; 8; 19; 30; 3; 32; 14; 15
10,16,0.63339,0.625,12; 17; 10; 16; 11; 3; 19; 5
41,46,0.8842,0.8913,5; 3; 41; 46; 8; 20; 23; 13
5,8,0.69518,0.625,22; 39; 5; 8; 3; 30; 22; 9
24,64,0.38557,0.375,3; 3; 24; 64; 19; 16; 32; 29
6,62,0.22538,0.09677,11; 4; 6; 62; 29; 18; 11; 10
10,68,0.20733,0.14706,10; 4; 10; 68; 18; 13; 28; 31
13,50,0.27408,0.26,17; 14; 13; 50; 8; 3; 14; 8
22,61,0.35849,0.36066,7; 4; 22; 61; 17; 12; 26; 12
24,64,0.38733,0.375,3; 3; 24; 64; 19; 3; 4; 19
34,54,0.6136,0.62963,3; 3; 34; 54; 5; 4; 19; 12
19,47,0.40504,0.40426,10; 10; 19; 47; 24; 18; 28; 11
39,50,0.76314,0.78,4; 4; 39; 50; 29; 12; 8; 32
8,21,0.3499,0.38095,34; 10; 8; 21; 21; 8; 27; 26
32,36,0.92075,0.88889,3; 4; 32; 36; 24; 7; 27; 12
8,51,0.24754,0.15686,17; 11; 8; 51; 15; 14; 19; 23
21,43,0.46536,0.48837,9; 11; 21; 43; 6; 15; 12; 21
17,42,0.41432,0.40476,18; 3; 17; 42; 15; 27; 3; 25
10,61,0.27022,0.16393,6; 12; 10; 61; 11; 26; 12; 15
7,78,0.22132,0.08974,6; 6; 7; 78; 5; 19; 17; 16
13,25,0.52635,0.52,4; 21; 13; 25; 6; 4; 15; 14
7,9,0.70877,0.77778,38; 8; 7; 9; 11; 32; 22; 27
14,33,0.42945,0.42424,10; 24; 14; 33; 23; 16; 4; 29
10,14,0.61798,0.71429,7; 3; 10; 14; 15; 6; 13; 16
22,31,0.67821,0.70968,16; 7; 22; 31; 6; 13; 12; 10
5,50,0.24139,0.1,19; 6; 5; 50; 30; 5; 18; 19
16,18,0.85793,0.88889,32; 13; 16; 18; 14; 27; 26; 23
25,28,0.87806,0.89286,18; 12; 25; 28; 26; 18; 31; 17
17,23,0.88367,0.73913,28; 25; 17; 23; 15; 6; 32; 27
14,33,0.46378,0.42424,8; 8; 14; 33; 12; 3; 25; 9
14,49,0.2839,0.28571,5; 15; 14; 49; 11; 26; 22; 19
15,75,0.25239,0.2,4; 3; 15; 75; 26; 26; 8; 24
6,67,0.22368,0.08955,6; 3; 6; 67; 15; 4; 30; 21
20,69,0.32028,0.28986,4; 3; 20; 69; 9; 14; 29; 26
5,51,0.22801,0.09804,5; 14; 5; 51; 10; 30; 27; 4
14,18,0.83501,0.77778,30; 3; 14; 18; 31; 5; 21; 17
28,38,0.71684,0.73684,15; 6; 28; 38; 15; 26; 18; 13
34,54,0.62587,0.62963,5; 3; 34; 54; 23; 10; 5; 3
25,63,0.39472,0.39683,3; 4; 25; 63; 12; 19; 3; 30
25,35,0.70829,0.71429,8; 6; 25; 35; 17; 15; 24; 5
41,46,0.88163,0.8913,5; 4; 41; 46; 23; 6; 18; 29
6,67,0.22373,0.08955,4; 10; 6; 67; 18; 22; 22; 9
5,49,0.24749,0.10204,22; 12; 5; 49; 28; 4; 28; 29
16,56,0.32904,0.28571,5; 9; 16; 56; 27; 5; 15; 6
19,39,0.48367,0.48718,7; 13; 19; 39; 14; 26; 8; 24
11,43,0.26825,0.25581,19; 22; 11; 43; 12; 26; 4; 5
17,27,0.67021,0.62963,14; 10; 17; 27; 15; 21; 23; 17
7,80,0.27188,0.0875,3; 5; 7; 80; 18; 26; 26; 16
5,8,0.73527,0.625,20; 16; 5; 8; 14; 21; 30; 15
7,46,0.28903,0.15217,21; 16; 7; 46; 9; 4; 5; 8
20,70,0.30751,0.28571,3; 3; 20; 70; 15; 22; 21; 18
12,77,0.21863,0.15584,3; 3; 12; 77; 17; 11; 20; 31
16,56,0.27002,0.28571,8; 5; 16; 56; 29; 18; 18; 6
25,35,0.74261,0.71429,12; 16; 25; 35; 5; 13; 28; 6
39,44,0.86293,0.88636,6; 7; 39; 44; 21; 3; 32; 25
23,55,0.40619,0.41818,4; 10; 23; 55; 27; 24; 17; 24
7,67,0.1996,0.10448,4; 5; 7; 67; 31; 12; 28; 22
17,43,0.3933,0.39535,3; 16; 17; 43; 11; 6; 17; 21
26,35,0.71408,0.74286,17; 6; 26; 35; 9; 21; 9; 13
29,41,0.67891,0.70732,13; 5; 29; 41; 12; 12; 19; 23
33,37,0.89456,0.89189,11; 7; 33; 37; 12; 16; 22; 16
18,23,0.84138,0.78261,18; 8; 18; 23; 27; 6; 13; 25
27,52,0.53235,0.51923,4; 7; 27; 52; 21; 24; 30; 10
11,21,0.51594,0.52381,25; 27; 11; 21; 16; 11; 11; 8
21,50,0.39462,0.42,8; 9; 21; 50; 20; 22; 21; 6
31,40,0.79747,0.775,7; 5; 31; 40; 27; 15; 19; 18
9,55,0.22033,0.16364,3; 10; 9; 55; 5; 16; 14; 26
15,21,0.68946,0.71429,11; 18; 15; 21; 32; 4; 23; 18
10,34,0.28955,0.29412,16; 12; 10; 34; 29; 18; 8; 27
12,46,0.27176,0.26087,9; 12; 12; 46; 23; 5; 18; 20
32,43,0.74464,0.74419,11; 11; 32; 43; 19; 5; 10; 25
20,41,0.51592,0.4878,8; 13; 20; 41; 12; 23; 7; 27
6,30,0.26852,0.2,12; 12; 6; 30; 30; 7; 31; 13
22,42,0.53403,0.52381,4; 11; 22; 42; 17; 28; 17; 14
14,18,0.89181,0.77778,6; 28; 14; 18; 15; 21; 32; 28
8,40,0.22281,0.2,8; 6; 8; 40; 28; 7; 28; 22
25,65,0.3864,0.38462,3; 3; 25; 65; 30; 25; 17; 19
25,65,0.42158,0.38462,4; 4; 25; 65; 6; 29; 23; 22
11,67,0.1994,0.16418,9; 9; 11; 67; 3; 20; 23; 16
16,18,0.91841,0.88889,13; 6; 16; 18; 29; 9; 17; 16
22,31,0.67708,0.70968,6; 16; 22; 31; 3; 28; 22; 3
6,65,0.25731,0.09231,9; 13; 6; 65; 7; 32; 20; 10
27,43,0.64371,0.62791,5; 11; 27; 43; 6; 15; 24; 24
21,27,0.80867,0.77778,11; 13; 21; 27; 27; 7; 32; 11
20,41,0.51603,0.4878,9; 13; 20; 41; 7; 10; 11; 19
26,53,0.50349,0.49057,6; 6; 26; 53; 7; 15; 25; 14
18,48,0.38996,0.375,15; 15; 18; 48; 9; 20; 23; 23
28,57,0.50353,0.49123,4; 6; 28; 57; 20; 18; 4; 32
7,45,0.26076,0.15556,23; 6; 7; 45; 32; 10; 3; 15
42,47,0.88572,0.89362,3; 3; 42; 47; 3; 22; 3; 22
14,53,0.30568,0.26415,9; 10; 14; 53; 13; 10; 32; 11
25,35,0.71019,0.71429,14; 7; 25; 35; 24; 30; 6; 29
12,23,0.53414,0.52174,3; 31; 12; 23; 20; 18; 18; 18
15,29,0.50767,0.51724,6; 16; 15; 29; 16; 17; 5; 24
25,34,0.72147,0.73529,18; 11; 25; 34; 15; 19; 15; 23
29,39,0.76542,0.74359,4; 12; 29; 39; 3; 3; 14; 6
8,22,0.37442,0.36364,14; 21; 8; 22; 5; 13; 27; 11
6,62,0.24622,0.09677,7; 4; 6; 62; 12; 8; 14; 13
20,28,0.66001,0.71429,21; 6; 20; 28; 16; 25; 21; 11
5,12,0.53791,0.41667,6; 13; 5; 12; 19; 23; 21; 12
14,54,0.29861,0.25926,10; 5; 14; 54; 5; 3; 27; 19
10,35,0.32648,0.28571,22; 5; 10; 35; 5; 5; 26; 28
9,55,0.21896,0.16364,16; 11; 9; 55; 11; 21; 17; 30
6,65,0.2161,0.09231,11; 11; 6; 65; 25; 6; 29; 11
24,38,0.63312,0.63158,17; 9; 24; 38; 12; 24; 12; 15
8,9,0.79598,0.88889,38; 40; 8; 9; 25; 30; 24; 17
24,57,0.42856,0.42105,6; 6; 24; 57; 30; 9; 18; 29
13,65,0.23914,0.2,6; 6; 13; 65; 28; 26; 9; 17
7,82,0.22702,0.08537,4; 4; 7; 82; 13; 16; 8; 12
5,31,0.21665,0.16129,26; 19; 5; 31; 24; 6; 24; 29
5,54,0.24073,0.09259,14; 13; 5; 54; 24; 3; 13; 12
21,30,0.66786,0.7,18; 14; 21; 30; 6; 10; 17; 20
9,24,0.35969,0.375,29; 10; 9; 24; 14; 16; 10; 7
25,35,0.67293,0.71429,14; 9; 25; 35; 17; 27; 27; 16
20,68,0.284,0.29412,3; 5; 20; 68; 26; 15; 5; 24
7,67,0.23541,0.10448,12; 9; 7; 67; 26; 12; 3; 28
8,40,0.25235,0.2,15; 17; 8; 40; 7; 12; 13; 8
21,52,0.40935,0.40385,4; 3; 21; 52; 28; 17; 5; 5
8,31,0.24728,0.25806,29; 21; 8; 31; 21; 10; 15; 9
36,51,0.70475,0.70588,4; 4; 36; 51; 19; 10; 24; 13
5,53,0.21572,0.09434,16; 13; 5; 53; 6; 15; 25; 23
12,41,0.28702,0.29268,6; 21; 12; 41; 29; 11; 6; 4
37,53,0.70163,0.69811,4; 3; 37; 53; 26; 3; 22; 20
9,34,0.25705,0.26471,17; 22; 9; 34; 11; 26; 13; 26
9,59,0.24165,0.15254,15; 5; 9; 59; 11; 10; 13; 30
5,51,0.25363,0.09804,20; 8; 5; 51; 3; 9; 30; 23
24,46,0.54246,0.52174,6; 6; 24; 46; 5; 9; 26; 14
26,53,0.50889,0.49057,5; 8; 26; 53; 11; 15; 14; 15
16,45,0.36201,0.35556,12; 7; 16; 45; 25; 3; 11; 21
7,27,0.28783,0.25926,29; 24; 7; 27; 24; 14; 3; 11
13,65,0.22964,0.2,9; 4; 13; 65; 24; 28; 8; 10
14,35,0.43998,0.4,22; 19; 14; 35; 18; 25; 25; 22
11,26,0.37493,0.42308,28; 28; 11; 26; 26; 27; 13; 30
5,33,0.2777,0.15152,17; 27; 5; 33; 15; 19; 9; 15
28,57,0.51035,0.49123,6; 4; 28; 57; 21; 16; 13; 24
16,23,0.70834,0.69565,11; 13; 16; 23; 20; 12; 3; 13
24,27,0.88707,0.88889,9; 8; 24; 27; 18; 5; 4; 4
30,42,0.67666,0.71429,10; 13; 30; 42; 19; 25; 9; 4
24,63,0.41392,0.38095,4; 3; 24; 63; 27; 28; 24; 13
20,56,0.36691,0.35714,9; 5; 20; 56; 6; 16; 20; 32
18,43,0.46362,0.4186,8; 11; 18; 43; 5; 4; 23; 8
6,61,0.19967,0.09836,12; 3; 6; 61; 3; 15; 15; 13
7,27,0.27012,0.25926,5; 18; 7; 27; 23; 13; 12; 5
26,50,0.5027,0.52,4; 7; 26; 50; 28; 3; 8; 25
17,35,0.53391,0.48571,10; 11; 17; 35; 4; 22; 6; 18
35,45,0.79756,0.77778,3; 6; 35; 45; 7; 30; 15; 22
29,41,0.65933,0.70732,8; 8; 29; 41; 23; 11; 9; 19
11,55,0.24684,0.2,3; 5; 11; 55; 24; 23; 5; 16
20,56,0.35851,0.35714,6; 10; 20; 56; 19; 10; 11; 27
35,47,0.68655,0.74468,7; 6; 35; 47; 16; 9; 17; 12
13,34,0.34419,0.38235,4; 3; 13; 34; 3; 23; 17; 24
37,53,0.67009,0.69811,3; 3; 37; 53; 11; 19; 16; 29
10,65,0.2453,0.15385,4; 6; 10; 65; 12; 14; 27; 29
6,59,0.22663,0.10169,15; 14; 6; 59; 21; 14; 31; 9
14,37,0.37259,0.37838,21; 21; 14; 37; 3; 18; 12; 23
14,39,0.38737,0.35897,19; 6; 14; 39; 13; 10; 21; 7
12,78,0.24872,0.15385,4; 4; 12; 78; 8; 21; 7; 13
10,35,0.30606,0.28571,16; 19; 10; 35; 13; 20; 12; 19
25,63,0.38701,0.39683,4; 4; 25; 63; 10; 9; 12; 17
7,72,0.23109,0.09722,5; 8; 7; 72; 14; 9; 28; 24
32,45,0.70688,0.71111,4; 3; 32; 45; 4; 29; 7; 21
24,38,0.5948,0.63158,14; 11; 24; 38; 5; 19; 11; 15
25,40,0.63447,0.625,4; 5; 25; 40; 3; 24; 13; 31
11,43,0.29083,0.25581,16; 6; 11; 43; 25; 3; 11; 27
14,19,0.81849,0.73684,11; 5; 14; 19; 32; 32; 10; 7
31,42,0.70896,0.7381,5; 10; 31; 42; 12; 19; 8; 31
15,42,0.36172,0.35714,7; 20; 15; 42; 10; 23; 3; 20
7,78,0.26334,0.08974,4; 6; 7; 78; 18; 24; 8; 28
20,69,0.29285,0.28986,3; 4; 20; 69; 12; 6; 27; 28
15,24,0.66898,0.625,14; 22; 15; 24; 15; 18; 30; 3
8,9,0.86349,0.88889,32; 21; 8; 9; 20; 17; 27; 14
7,81,0.21497,0.08642,4; 5; 7; 81; 23; 20; 7; 14
19,53,0.35901,0.35849,7; 6; 19; 53; 3; 5; 8; 18
15,39,0.3707,0.38462,21; 15; 15; 39; 27; 30; 25; 15
18,68,0.29848,0.26471,4; 3; 18; 68; 5; 23; 4; 6
35,47,0.71054,0.74468,8; 5; 35; 47; 5; 21; 16; 13
21,50,0.42463,0.42,4; 7; 21; 50; 31; 22; 12; 16
21,50,0.43861,0.42,5; 6; 21; 50; 21; 32; 9; 5
28,57,0.49098,0.49123,6; 3; 28; 57; 20; 25; 14; 26
23,55,0.46072,0.41818,10; 6; 23; 55; 27; 6; 24; 23
6,62,0.21532,0.09677,6; 14; 6; 62; 12; 20; 23; 32
20,41,0.52226,0.4878,17; 10; 20; 41; 7; 20; 13; 31
34,46,0.72097,0.73913,9; 4; 34; 46; 26; 16; 31; 20
12,19,0.73023,0.63158,21; 18; 12; 19; 20; 24; 23; 14
5,50,0.22584,0.1,16; 3; 5; 50; 28; 31; 19; 12
10,28,0.32639,0.35714,25; 21; 10; 28; 30; 6; 28; 16
7,27,0.25998,0.25926,12; 9; 7; 27; 3; 19; 19; 13
7,76,0.2401,0.09211,7; 4; 7; 76; 27; 5; 6; 15
32,45,0.67879,0.71111,10; 4; 32; 45; 8; 23; 9; 7
18,63,0.30212,0.28571,8; 7; 18; 63; 32; 22; 30; 9
35,47,0.73757,0.74468,8; 8; 35; 47; 24; 4; 30; 21
17,24,0.82282,0.70833,12; 14; 17; 24; 30; 4; 24; 5
7,68,0.26243,0.10294,9; 5; 7; 68; 18; 12; 11; 3
24,64,0.34976,0.375,3; 3; 24; 64; 5; 30; 15; 3
24,38,0.61432,0.63158,6; 16; 24; 38; 20; 3; 21; 17
17,47,0.37256,0.3617,11; 8; 17; 47; 12; 29; 9; 14
12,46,0.26043,0.26087,16; 8; 12; 46; 9; 9; 11; 4
33,52,0.62704,0.63462,4; 6; 33; 52; 10; 7; 23; 17
22,45,0.47528,0.48889,12; 12; 22; 45; 20; 17; 9; 6
32,51,0.61888,0.62745,7; 3; 32; 51; 10; 13; 16; 8
24,66,0.38099,0.36364,4; 4; 24; 66; 27; 18; 10; 31
33,52,0.62307,0.63462,6; 3; 33; 52; 21; 7; 24; 30
15,39,0.36616,0.38462,13; 7; 15; 39; 19; 13; 24; 3
32,41,0.79015,0.78049,9; 9; 32; 41; 20; 12; 9; 26
21,56,0.37658,0.375,6; 10; 21; 56; 13; 16; 28; 8
6,59,0.25603,0.10169,15; 15; 6; 59; 5; 29; 3; 13
28,57,0.49261,0.49123,5; 4; 28; 57; 29; 24; 14; 28
33,47,0.67756,0.70213,9; 8; 33; 47; 7; 28; 17; 4
25,40,0.63068,0.625,16; 4; 25; 40; 18; 10; 15; 6
12,60,0.24692,0.2,8; 10; 12; 60; 9; 7; 13; 17
8,41,0.25588,0.19512,19; 11; 8; 41; 29; 14; 11; 17
25,62,0.41267,0.40323,5; 3; 25; 62; 26; 22; 21; 16
11,55,0.27032,0.2,14; 7; 11; 55; 3; 20; 10; 7
19,47,0.42421,0.40426,3; 6; 19; 47; 6; 3; 13; 9
15,39,0.36941,0.38462,3; 3; 15; 39; 30; 32; 5; 15
9,45,0.26887,0.2,6; 7; 9; 45; 8; 18; 29; 6
7,76,0.24442,0.09211,5; 3; 7; 76; 26; 5; 4; 5
24,27,0.91281,0.88889,21; 12; 24; 27; 20; 18; 27; 9
19,39,0.53223,0.48718,12; 18; 19; 39; 14; 21; 23; 18
23,33,0.69303,0.69697,9; 20; 23; 33; 26; 11; 19; 21
5,7,0.84559,0.71429,15; 34; 5; 7; 9; 10; 23; 9
20,53,0.39365,0.37736,3; 7; 20; 53; 12; 32; 12; 5
37,50,0.71225,0.74,5; 5; 37; 50; 8; 4; 20; 13
6,59,0.24412,0.10169,9; 13; 6; 59; 24; 21; 5; 25
9,58,0.22482,0.15517,12; 13; 9; 58; 32; 8; 9; 22
16,55,0.3007,0.29091,12; 10; 16; 55; 26; 28; 7; 22
25,35,0.7288,0.71429,9; 4; 25; 35; 18; 7; 4; 6
15,24,0.69014,0.625,13; 4; 15; 24; 9; 19; 20; 24
19,66,0.31473,0.28788,6; 5; 19; 66; 9; 26; 20; 24
6,67,0.24366,0.08955,4; 11; 6; 67; 25; 15; 11; 16
22,35,0.62348,0.62857,11; 7; 22; 35; 6; 27; 30; 21
19,39,0.49057,0.48718,11; 6; 19; 39; 18; 5; 5; 31
7,71,0.22052,0.09859,6; 9; 7; 71; 7; 32; 24; 21
16,42,0.37725,0.38095,18; 14; 16; 42; 21; 3; 8; 7
32,41,0.76339,0.78049,4; 12; 32; 41; 10; 26; 15; 12
19,47,0.41065,0.40426,7; 13; 19; 47; 31; 22; 18; 24
20,52,0.40693,0.38462,8; 11; 20; 52; 14; 32; 12; 19
9,45,0.2604,0.2,22; 5; 9; 45; 13; 32; 24; 7
19,65,0.30519,0.29231,6; 4; 19; 65; 29; 10; 19; 7
25,40,0.60939,0.625,5; 7; 25; 40; 26; 18; 13; 18
5,53,0.27408,0.09434,16; 3; 5; 53; 8; 17; 11; 29
6,39,0.2378,0.15385,19; 4; 6; 39; 21; 11; 9; 11
27,55,0.50533,0.49091,5; 3; 27; 55; 18; 21; 24; 20
31,42,0.71195,0.7381,6; 4; 31; 42; 31; 9; 24; 12
14,35,0.39738,0.4,17; 23; 14; 35; 21; 19; 12; 27
30,48,0.60905,0.625,3; 9; 30; 48; 12; 17; 22; 27
15,58,0.27678,0.25862,11; 8; 15; 58; 23; 13; 7; 7
15,75,0.22621,0.2,3; 4; 15; 75; 17; 23; 5; 21
7,71,0.25324,0.09859,5; 7; 7; 71; 3; 16; 20; 23
31,35,0.90673,0.88571,15; 13; 31; 35; 25; 10; 10; 23
19,39,0.47743,0.48718,15; 16; 19; 39; 23; 14; 16; 21
5,12,0.61359,0.41667,15; 13; 5; 12; 11; 25; 26; 4
30,48,0.61135,0.625,3; 8; 30; 48; 4; 20; 3; 19
5,25,0.21793,0.2,15; 12; 5; 25; 16; 5; 28; 15
5,50,0.25129,0.1,21; 12; 5; 50; 15; 6; 21; 29
34,38,0.89325,0.89474,4; 5; 34; 38; 30; 9; 31; 20
40,45,0.88775,0.88889,3; 5; 40; 45; 14; 29; 29; 19
25,28,0.90954,0.89286,5; 17; 25; 28; 4; 17; 23; 21
18,37,0.50394,0.48649,3; 13; 18; 37; 18; 19; 29; 23
6,15,0.39879,0.4,33; 7; 6; 15; 24; 21; 4; 28
20,53,0.40239,0.37736,4; 7; 20; 53; 12; 5; 24; 19
12,74,0.22477,0.16216,3; 5; 12; 74; 5; 18; 20; 8
10,62,0.23863,0.16129,7; 11; 10; 62; 13; 21; 15; 25
10,38,0.25086,0.26316,22; 13; 10; 38; 28; 29; 19; 4
12,77,0.23389,0.15584,4; 3; 12; 77; 8; 17; 9; 7
9,34,0.33707,0.26471,3; 20; 9; 34; 29; 20; 26; 13
25,62,0.41947,0.40323,5; 5; 25; 62; 29; 25; 11; 29
6,16,0.44651,0.375,15; 21; 6; 16; 9; 18; 20; 19
34,38,0.8835,0.89474,6; 10; 34; 38; 7; 28; 19; 15
31,44,0.70476,0.70455,11; 4; 31; 44; 21; 18; 23; 11
22,35,0.61896,0.62857,11; 15; 22; 35; 28; 23; 31; 3
24,60,0.41074,0.4,3; 7; 24; 60; 5; 32; 32; 5
24,46,0.52195,0.52174,4; 4; 24; 46; 13; 29; 4; 26
30,48,0.66281,0.625,3; 5; 30; 48; 19; 21; 17; 21
32,43,0.71673,0.74419,7; 3; 32; 43; 31; 20; 20; 17
18,70,0.24491,0.25714,4; 4; 18; 70; 9; 26; 20; 31
12,23,0.53816,0.52174,17; 21; 12; 23; 19; 21; 7; 16
28,40,0.68682,0.7,5; 6; 28; 40; 28; 32; 16; 14
14,35,0.42555,0.4,3; 19; 14; 35; 15; 25; 22; 22
14,49,0.32748,0.28571,7; 4; 14; 49; 11; 27; 22; 6
20,69,0.27493,0.28986,4; 3; 20; 69; 17; 20; 7; 30
7,74,0.21921,0.09459,8; 7; 7; 74; 29; 31; 6; 3
31,44,0.65872,0.70455,7; 7; 31; 44; 7; 26; 21; 10
16,55,0.30744,0.29091,8; 8; 16; 55; 19; 20; 14; 4
14,18,0.80792,0.77778,30; 23; 14; 18; 20; 31; 19; 3
27,43,0.6186,0.62791,11; 9; 27; 43; 20; 27; 23; 19
32,46,0.68037,0.69565,7; 3; 32; 46; 12; 4; 6; 10
10,50,0.23857,0.2,17; 15; 10; 50; 32; 32; 15; 3
10,68,0.21885,0.14706,7; 10; 10; 68; 19; 17; 9; 10
29,39,0.71558,0.74359,6; 11; 29; 39; 18; 17; 13; 15
10,35,0.32762,0.28571,15; 22; 10; 35; 25; 27; 30; 4
7,45,0.25369,0.15556,5; 8; 7; 45; 7; 20; 29; 22
29,56,0.55693,0.51786,6; 6; 29; 56; 16; 13; 31; 16
6,23,0.30075,0.26087,15; 28; 6; 23; 18; 22; 11; 24
11,71,0.21853,0.15493,5; 8; 11; 71; 16; 19; 32; 8
34,48,0.71801,0.70833,4; 4; 34; 48; 21; 28; 7; 15
27,55,0.51913,0.49091,8; 6; 27; 55; 19; 29; 10; 11
10,14,0.76414,0.71429,18; 19; 10; 14; 24; 9; 22; 6
11,74,0.2587,0.14865,6; 5; 11; 74; 12; 27; 9; 19
25,65,0.39641,0.38462,4; 4; 25; 65; 13; 21; 3; 19
8,9,0.71588,0.88889,39; 20; 8; 9; 11; 6; 21; 21
21,50,0.44957,0.42,11; 4; 21; 50; 19; 12; 24; 12
7,47,0.19572,0.14894,10; 19; 7; 47; 8; 24; 24; 29
23,31,0.71822,0.74194,4; 17; 23; 31; 4; 22; 17; 6
35,50,0.67847,0.7,3; 6; 35; 50; 20; 3; 22; 27
28,40,0.64527,0.7,4; 9; 28; 40; 3; 10; 18; 10
7,78,0.23213,0.08974,3; 6; 7; 78; 26; 20; 23; 20
32,43,0.73164,0.74419,4; 7; 32; 43; 27; 16; 10; 30
7,80,0.24387,0.0875,4; 4; 7; 80; 16; 9; 11; 5
14,37,0.39115,0.37838,22; 15; 14; 37; 17; 31; 8; 18
16,31,0.48758,0.51613,9; 17; 16; 31; 23; 10; 11; 18
18,43,0.4625,0.4186,15; 14; 18; 43; 15; 25; 13; 24
5,17,0.41389,0.29412,37; 20; 5; 17; 27; 12; 4; 18
7,43,0.22593,0.16279,6; 21; 7; 43; 31; 14; 14; 3
14,54,0.27656,0.25926,6; 8; 14; 54; 6; 12; 24; 16
5,7,0.76329,0.71429,10; 22; 5; 7; 29; 25; 28; 13
14,18,0.81438,0.77778,13; 32; 14; 18; 21; 5; 11; 9
21,52,0.41772,0.40385,6; 7; 21; 52; 5; 18; 5; 24
35,49,0.71603,0.71429,7; 7; 35; 49; 21; 13; 4; 31
13,25,0.4977,0.52,29; 15; 13; 25; 23; 21; 8; 20
15,52,0.30523,0.28846,5; 8; 15; 52; 26; 21; 8; 7
5,32,0.3173,0.15625,17; 30; 5; 32; 8; 28; 19; 13
21,27,0.7995,0.77778,3; 23; 21; 27; 20; 22; 32; 18
16,23,0.66293,0.69565,28; 16; 16; 23; 29; 19; 26; 20
31,35,0.8995,0.88571,11; 4; 31; 35; 7; 10; 17; 26
36,51,0.71856,0.70588,5; 4; 36; 51; 13; 31; 28; 16
20,27,0.79516,0.74074,9; 11; 20; 27; 16; 26; 19; 24
17,45,0.39633,0.37778,6; 18; 17; 45; 10; 8; 7; 20
9,59,0.24095,0.15254,3; 8; 9; 59; 8; 9; 20; 32
17,27,0.60846,0.62963,5; 25; 17; 27; 18; 22; 29; 19
25,48,0.53195,0.52083,11; 5; 25; 48; 14; 28; 3; 22
29,59,0.50263,0.49153,3; 3; 29; 59; 4; 15; 30; 5
42,47,0.91125,0.89362,4; 3; 42; 47; 8; 9; 27; 23
14,20,0.6368,0.7,8; 21; 14; 20; 27; 23; 3; 28
25,62,0.39833,0.40323,3; 4; 25; 62; 25; 12; 21; 17
7,78,0.21679,0.08974,6; 4; 7; 78; 26; 12; 8; 32
16,31,0.50091,0.51613,3; 22; 16; 31; 15; 7; 15; 25
5,49,0.21739,0.10204,11; 21; 5; 49; 29; 27; 10; 4
9,24,0.38023,0.375,30; 22; 9; 24; 4; 28; 27; 11
32,41,0.75177,0.78049,9; 4; 32; 41; 16; 21; 15; 27
15,42,0.36329,0.35714,16; 9; 15; 42; 22; 17; 8; 17
22,53,0.42517,0.41509,9; 8; 22; 53; 6; 7; 4; 22
29,39,0.68967,0.74359,9; 5; 29; 39; 9; 15; 15; 30
42,47,0.89006,0.89362,4; 4; 42; 47; 3; 16; 18; 13
22,45,0.4898,0.48889,10; 11; 22; 45; 14; 14; 7; 13
32,46,0.66043,0.69565,9; 8; 32; 46; 22; 12; 23; 3
21,56,0.3618,0.375,4; 3; 21; 56; 30; 8; 25; 4
16,56,0.30008,0.28571,4; 10; 16; 56; 32; 26; 9; 22
19,39,0.50903,0.48718,7; 12; 19; 39; 10; 8; 22; 16
28,38,0.71978,0.73684,16; 16; 28; 38; 11; 5; 13; 18
14,33,0.41083,0.42424,20; 7; 14; 33; 6; 17; 20; 14
26,62,0.45644,0.41935,5; 3; 26; 62; 20; 10; 22; 25
6,62,0.25827,0.09677,3; 3; 6; 62; 11; 27; 26; 13
23,31,0.69711,0.74194,13; 18; 23; 31; 19; 3; 9; 7
27,43,0.61246,0.62791,4; 9; 27; 43; 14; 13; 16; 6
10,65,0.23413,0.15385,11; 8; 10; 65; 18; 18; 12; 9
11,26,0.48769,0.42308,20; 28; 11; 26; 19; 16; 31; 29
17,19,0.87683,0.89474,30; 22; 17; 19; 17; 22; 7; 26
17,23,0.7755,0.73913,11; 11; 17; 23; 3; 19; 26; 14
30,42,0.69807,0.71429,9; 12; 30; 42; 30; 19; 18; 23
15,42,0.3885,0.35714,9; 20; 15; 42; 30; 18; 21; 13
20,28,0.68965,0.71429,3; 7; 20; 28; 11; 24; 11; 27
8,51,0.2474,0.15686,5; 16; 8; 51; 15; 31; 14; 12
15,24,0.59597,0.625,9; 9; 15; 24; 6; 8; 27; 8
5,34,0.28837,0.14706,3; 4; 5; 34; 28; 28; 4; 13
37,52,0.69763,0.71154,4; 3; 37; 52; 28; 3; 13; 11
14,53,0.29259,0.26415,6; 10; 14; 53; 4; 25; 19; 14
23,31,0.74599,0.74194,17; 19; 23; 31; 20; 21; 20; 30
5,51,0.25314,0.09804,8; 9; 5; 51; 16; 29; 28; 15
19,66,0.2842,0.28788,6; 4; 19; 66; 16; 21; 24; 8
20,27,0.78498,0.74074,12; 24; 20; 27; 26; 21; 18; 11
21,59,0.36426,0.35593,9; 8; 21; 59; 7; 32; 15; 17
32,36,0.89356,0.88889,7; 3; 32; 36; 17; 10; 20; 25
12,78,0.21525,0.15385,3; 3; 12; 78; 5; 7; 6; 8
22,55,0.4191,0.4,4; 10; 22; 55; 16; 3; 23; 3
31,40,0.78951,0.775,8; 10; 31; 40; 32; 3; 23; 7
20,48,0.42715,0.41667,8; 3; 20; 48; 7; 14; 8; 17
42,47,0.86825,0.89362,4; 4; 42; 47; 8; 5; 24; 18
5,58,0.23298,0.08621,14; 13; 5; 58; 23; 4; 23; 13
16,55,0.31884,0.29091,9; 13; 16; 55; 21; 18; 8; 25
11,29,0.34426,0.37931,29; 26; 11; 29; 3; 24; 24; 9
19,66,0.29514,0.28788,6; 6; 19; 66; 14; 17; 25; 19
18,23,0.77735,0.78261,4; 13; 18; 23; 6; 27; 15; 9
10,28,0.32592,0.35714,16; 5; 10; 28; 21; 24; 3; 28
22,53,0.42457,0.41509,7; 3; 22; 53; 3; 25; 3; 9
35,50,0.69339,0.7,5; 6; 35; 50; 13; 14; 25; 26
20,28,0.71897,0.71429,10; 22; 20; 28; 16; 22; 4; 12
12,59,0.23998,0.20339,4; 13; 12; 59; 21; 21; 21; 31
29,59,0.51834,0.49153,4; 4; 29; 59; 16; 23; 14; 24
12,42,0.29166,0.28571,4; 21; 12; 42; 23; 9; 8; 4
9,25,0.31498,0.36,9; 21; 9; 25; 6; 21; 24; 3
30,42,0.7015,0.71429,4; 9; 30; 42; 5; 27; 14; 4
15,57,0.28058,0.26316,8; 4; 15; 57; 3; 12; 26; 12
26,41,0.62768,0.63415,10; 7; 26; 41; 30; 20; 5; 8
11,21,0.56506,0.52381,23; 22; 11; 21; 22; 4; 26; 21
9,25,0.34912,0.36,21; 6; 9; 25; 6; 27; 28; 18
9,46,0.23931,0.19565,14; 16; 9; 46; 24; 10; 29; 20
12,73,0.23488,0.16438,4; 5; 12; 73; 3; 18; 15; 3
20,48,0.4126,0.41667,11; 12; 20; 48; 18; 23; 12; 24
15,58,0.27482,0.25862,5; 10; 15; 58; 17; 5; 8; 21
25,62,0.39237,0.40323,4; 5; 25; 62; 13; 23; 3; 15
14,18,0.88036,0.77778,31; 23; 14; 18; 17; 20; 29; 28
34,48,0.71129,0.70833,8; 4; 34; 48; 18; 14; 18; 29
39,44,0.87874,0.88636,4; 5; 39; 44; 6; 23; 23; 8
7,67,0.20954,0.10448,11; 5; 7; 67; 5; 7; 28; 18
12,30,0.35287,0.4,20; 19; 12; 30; 7; 24; 8; 5
13,66,0.23598,0.19697,7; 3; 13; 66; 3; 13; 3; 20
12,47,0.26418,0.25532,12; 7; 12; 47; 29; 9; 9; 8
21,43,0.48526,0.48837,14; 7; 21; 43; 15; 17; 8; 22
9,35,0.32633,0.25714,10; 21; 9; 35; 32; 32; 22; 9
25,51,0.47535,0.4902,8; 11; 25; 51; 29; 22; 8; 7
14,33,0.4363,0.42424,7; 7; 14; 33; 14; 31; 31; 17
11,43,0.21322,0.25581,22; 6; 11; 43; 27; 21; 26; 18
18,37,0.5038,0.48649,15; 12; 18; 37; 13; 10; 8; 29
39,44,0.87773,0.88636,7; 6; 39; 44; 4; 4; 20; 23
14,39,0.32153,0.35897,18; 22; 14; 39; 29; 20; 10; 15
24,57,0.41849,0.42105,4; 3; 24; 57; 8; 21; 31; 5
9,44,0.2621,0.20455,8; 19; 9; 44; 17; 4; 32; 21
22,45,0.51287,0.48889,15; 5; 22; 45; 6; 14; 32; 5
17,19,0.88038,0.89474,19; 18; 17; 19; 12; 3; 11; 5
9,24,0.3781,0.375,21; 14; 9; 24; 25; 14; 24; 7
16,31,0.48294,0.51613,23; 12; 16; 31; 12; 5; 30; 26
19,66,0.29636,0.28788,4; 5; 19; 66; 31; 27; 25; 5
20,52,0.32467,0.38462,10; 9; 20; 52; 30; 27; 14; 11
12,32,0.39256,0.375,26; 20; 12; 32; 21; 12; 30; 4
10,38,0.30465,0.26316,7; 9; 10; 38; 24; 16; 13; 27
39,50,0.75857,0.78,4; 3; 39; 50; 15; 12; 26; 3
8,21,0.41507,0.38095,21; 7; 8; 21; 24; 29; 6; 25
22,55,0.44197,0.4,9; 10; 22; 55; 15; 32; 9; 32
13,66,0.24062,0.19697,7; 6; 13; 66; 16; 32; 12; 6
32,46,0.69446,0.69565,5; 6; 32; 46; 16; 29; 18; 31
34,38,0.91696,0.89474,4; 8; 34; 38; 9; 23; 26; 26
18,62,0.31625,0.29032,4; 8; 18; 62; 25; 4; 31; 11
7,70,0.20936,0.1,8; 3; 7; 70; 25; 4; 30; 18
7,68,0.25802,0.10294,3; 9; 7; 68; 26; 10; 21; 26
14,18,0.84084,0.77778,18; 30; 14; 18; 7; 10; 25; 32
7,70,0.22085,0.1,10; 4; 7; 70; 18; 25; 26; 18
25,60,0.40858,0.41667,6; 5; 25; 60; 26; 19; 4; 30
19,30,0.62727,0.63333,18; 7; 19; 30; 29; 25; 16; 10
11,38,0.29551,0.28947,24; 24; 11; 38; 16; 22; 28; 19
5,31,0.23867,0.16129,6; 14; 5; 31; 23; 15; 8; 5
7,68,0.25792,0.10294,10; 5; 7; 68; 26; 20; 10; 15
35,50,0.70898,0.7,3; 4; 35; 50; 3; 31; 16; 5
10,24,0.42194,0.41667,22; 22; 10; 24; 17; 13; 10; 28
40,45,0.89396,0.88889,4; 6; 40; 45; 21; 5; 25; 9
23,61,0.38782,0.37705,4; 5; 23; 61; 16; 9; 11; 26
25,34,0.73716,0.73529,15; 4; 25; 34; 13; 24; 10; 4
13,65,0.24392,0.2,10; 4; 13; 65; 4; 30; 31; 27
7,9,0.73595,0.77778,29; 10; 7; 9; 4; 21; 27; 24
34,46,0.70649,0.73913,6; 9; 34; 46; 13; 19; 32; 28
37,52,0.70673,0.71154,4; 3; 37; 52; 26; 14; 26; 28
19,48,0.37542,0.39583,14; 15; 19; 48; 22; 11; 11; 14
6,61,0.22146,0.09836,3; 3; 6; 61; 10; 27; 30; 27
37,50,0.77079,0.74,3; 5; 37; 50; 16; 23; 27; 22
23,31,0.76545,0.74194,9; 13; 23; 31; 19; 28; 18; 20
14,71,0.2069,0.19718,3; 4; 14; 71; 20; 21; 8; 16
10,38,0.24588,0.26316,21; 25; 10; 38; 7; 26; 6; 5
14,71,0.25058,0.19718,4; 6; 14; 71; 20; 26; 27; 13
22,55,0.40208,0.4,9; 10; 22; 55; 25; 16; 21; 22
22,31,0.74111,0.70968,11; 8; 22; 31; 22; 16; 4; 26
6,61,0.24493,0.09836,6; 11; 6; 61; 23; 32; 19; 20
14,39,0.31794,0.35897,14; 5; 14; 39; 30; 3; 26; 5
12,47,0.23814,0.25532,4; 14; 12; 47; 12; 24; 5; 26
15,36,0.43078,0.41667,21; 4; 15; 36; 22; 11; 25; 4
6,69,0.19988,0.08696,4; 11; 6; 69; 13; 24; 5; 3
20,27,0.67734,0.74074,5; 20; 20; 27; 13; 7; 26; 5
7,80,0.21976,0.0875,3; 3; 7; 80; 7; 22; 21; 11
24,27,0.88596,0.88889,15; 18; 24; 27; 32; 6; 7; 22
6,41,0.20187,0.14634,4; 15; 6; 41; 12; 17; 18; 4
24,46,0.54794,0.52174,7; 12; 24; 46; 16; 9; 14; 17
11,70,0.22366,0.15714,7; 5; 11; 70; 25; 16; 32; 18
20,28,0.66645,0.71429,14; 25; 20; 28; 9; 8; 27; 20
29,37,0.77716,0.78378,10; 10; 29; 37; 14; 18; 11; 26
17,66,0.28383,0.25758,3; 7; 17; 66; 26; 28; 10; 30
5,17,0.36852,0.29412,15; 7; 5; 17; 5; 17; 20; 9
30,43,0.69555,0.69767,11; 9; 30; 43; 13; 13; 6; 13
13,45,0.33266,0.28889,18; 8; 13; 45; 18; 31; 10; 31
18,37,0.50914,0.48649,17; 14; 18; 37; 16; 15; 9; 13
24,49,0.49587,0.4898,6; 5; 24; 49; 28; 4; 23; 16
17,35,0.49752,0.48571,16; 7; 17; 35; 27; 22; 9; 31
32,43,0.73408,0.74419,10; 5; 32; 43; 17; 4; 28; 21
16,42,0.41465,0.38095,14; 3; 16; 42; 4; 13; 12; 15
23,44,0.54824,0.52273,12; 14; 23; 44; 32; 22; 18; 24
26,50,0.54108,0.52,6; 11; 26; 50; 19; 29; 18; 24
28,57,0.49844,0.49123,6; 4; 28; 57; 12; 25; 21; 20
6,15,0.37753,0.4,21; 20; 6; 15; 20; 17; 9; 7
20,41,0.50953,0.4878,8; 3; 20; 41; 9; 17; 9; 7
5,51,0.17171,0.09804,17; 6; 5; 51; 20; 31; 21; 11
21,50,0.42039,0.42,3; 7; 21; 50; 15; 4; 9; 15
23,33,0.69504,0.69697,17; 21; 23; 33; 8; 17; 10; 30
31,40,0.76769,0.775,12; 10; 31; 40; 4; 25; 14; 8
10,49,0.2387,0.20408,9; 7; 10; 49; 27; 27; 15; 18
10,63,0.24387,0.15873,5; 12; 10; 63; 26; 11; 21; 20
24,27,0.89551,0.88889,17; 23; 24; 27; 27; 32; 6; 20
15,21,0.74242,0.71429,11; 31; 15; 21; 17; 22; 18; 25
32,41,0.78657,0.78049,10; 5; 32; 41; 4; 32; 3; 28
18,23,0.90038,0.78261,21; 22; 18; 23; 26; 7; 3; 16
23,44,0.50744,0.52273,3; 11; 23; 44; 21; 15; 24; 15
26,62,0.42569,0.41935,3; 4; 26; 62; 32; 12; 17; 29
23,61,0.38228,0.37705,4; 3; 23; 61; 30; 30; 7; 10
6,66,0.2046,0.09091,7; 5; 6; 66; 29; 11; 19; 3
42,47,0.8717,0.89362,4; 3; 42; 47; 16; 17; 13; 3
15,29,0.55008,0.51724,20; 8; 15; 29; 10; 3; 20; 6
22,55,0.40415,0.4,5; 8; 22; 55; 9; 28; 23; 5
7,70,0.22254,0.1,8; 8; 7; 70; 19; 10; 16; 10
24,60,0.40367,0.4,6; 3; 24; 60; 22; 32; 19; 15
7,77,0.24855,0.09091,5; 5; 7; 77; 25; 18; 24; 26
14,39,0.37204,0.35897,21; 17; 14; 39; 25; 25; 12; 3
9,46,0.24386,0.19565,4; 6; 9; 46; 17; 12; 18; 3
10,26,0.41702,0.38462,16; 15; 10; 26; 13; 24; 18; 11
12,75,0.22055,0.16,3; 5; 12; 75; 3; 30; 4; 3
10,62,0.23654,0.16129,6; 6; 10; 62; 21; 21; 24; 4
28,36,0.78854,0.77778,10; 5; 28; 36; 22; 13; 7; 12
32,36,0.90019,0.88889,4; 5; 32; 36; 27; 14; 16; 8
12,59,0.23722,0.20339,4; 4; 12; 59; 21; 30; 6; 13
21,30,0.682,0.7,15; 23; 21; 30; 14; 28; 3; 6
8,54,0.21466,0.14815,15; 6; 8; 54; 8; 14; 13; 28
17,47,0.35262,0.3617,10; 10; 17; 47; 27; 14; 13; 10
20,41,0.48361,0.4878,9; 15; 20; 41; 7; 4; 29; 24
13,66,0.25084,0.19697,8; 3; 13; 66; 13; 29; 5; 28
7,48,0.24658,0.14583,3; 18; 7; 48; 3; 7; 16; 19
31,40,0.77273,0.775,9; 12; 31; 40; 23; 32; 15; 11
11,21,0.55568,0.52381,29; 15; 11; 21; 29; 8; 28; 28
8,51,0.24596,0.15686,12; 18; 8; 51; 21; 26; 10; 12
34,38,0.92278,0.89474,3; 5; 34; 38; 18; 6; 26; 18
7,48,0.26029,0.14583,6; 16; 7; 48; 27; 23; 10; 29
24,49,0.51168,0.4898,4; 4; 24; 49; 9; 7; 32; 12
21,27,0.76177,0.77778,3; 24; 21; 27; 13; 18; 14; 3
11,73,0.20445,0.15068,5; 4; 11; 73; 8; 18; 3; 24
6,38,0.25741,0.15789,3; 27; 6; 38; 18; 10; 10; 19
19,66,0.29453,0.28788,5; 3; 19; 66; 21; 17; 10; 10
10,14,0.80023,0.71429,14; 17; 10; 14; 28; 21; 17; 27
15,42,0.37243,0.35714,9; 16; 15; 42; 19; 9; 15; 24
25,59,0.42921,0.42373,5; 7; 25; 59; 12; 27; 3; 20
12,74,0.22465,0.16216,3; 3; 12; 74; 9; 19; 29; 5
41,46,0.88567,0.8913,3; 5; 41; 46; 7; 26; 25; 31
25,59,0.44617,0.42373,3; 3; 25; 59; 5; 5; 19; 14
15,75,0.24595,0.2,3; 3; 15; 75; 11; 6; 26; 10
14,19,0.80523,0.73684,16; 6; 14; 19; 27; 4; 14; 27
20,69,0.3007,0.28986,3; 4; 20; 69; 14; 18; 21; 21
19,48,0.38521,0.39583,5; 14; 19; 48; 30; 4; 21; 5
10,68,0.19385,0.14706,4; 8; 10; 68; 19; 26; 22; 22
6,70,0.19817,0.08571,8; 5; 6; 70; 9; 31; 27; 6
10,25,0.37754,0.4,28; 17; 10; 25; 25; 27; 8; 5
24,46,0.48419,0.52174,10; 14; 24; 46; 30; 12; 5; 22
30,43,0.681,0.69767,6; 9; 30; 43; 7; 8; 29; 25
14,48,0.32542,0.29167,17; 15; 14; 48; 28; 9; 19; 31
13,64,0.2456,0.20312,8; 8; 13; 64; 10; 32; 22; 21
42,47,0.90182,0.89362,3; 4; 42; 47; 21; 18; 17; 31
9,24,0.41861,0.375,16; 16; 9; 24; 30; 24; 7; 30
23,33,0.76652,0.69697,19; 4; 23; 33; 9; 16; 13; 15
17,45,0.39049,0.37778,7; 18; 17; 45; 16; 21; 25; 11
5,33,0.30355,0.15152,15; 25; 5; 33; 24; 11; 11; 16
8,77,0.2483,0.1039,4; 5; 8; 77; 20; 29; 15; 23
11,70,0.20842,0.15714,3; 3; 11; 70; 6; 6; 7; 26
6,61,0.23379,0.09836,10; 3; 6; 61; 11; 13; 32; 27
19,45,0.42964,0.42222,7; 11; 19; 45; 22; 24; 14; 4
8,82,0.21231,0.09756,4; 4; 8; 82; 14; 22; 10; 19
17,24,0.74547,0.70833,11; 13; 17; 24; 20; 20; 16; 24
29,41,0.6829,0.70732,8; 13; 29; 41; 17; 30; 10; 6
12,41,0.33074,0.29268,3; 11; 12; 41; 26; 14; 28; 10
16,31,0.54888,0.51613,16; 16; 16; 31; 5; 5; 28; 11
12,78,0.25445,0.15385,3; 4; 12; 78; 12; 31; 16; 28
34,38,0.88588,0.89474,5; 9; 34; 38; 6; 6; 23; 3
28,57,0.49829,0.49123,4; 4; 28; 57; 12; 5; 26; 21
21,50,0.43704,0.42,10; 9; 21; 50; 32; 23; 11; 15
21,59,0.37846,0.35593,4; 6; 21; 59; 10; 5; 16; 14
5,51,0.24891,0.09804,17; 21; 5; 51; 31; 25; 17; 16
12,77,0.2335,0.15584,4; 3; 12; 77; 19; 9; 9; 3
10,39,0.25894,0.25641,24; 9; 10; 39; 14; 8; 31; 19
11,26,0.41883,0.42308,21; 8; 11; 26; 16; 30; 29; 6
7,76,0.21742,0.09211,4; 6; 7; 76; 18; 9; 18; 26
24,34,0.67196,0.70588,3; 3; 24; 34; 7; 27; 19; 17
9,44,0.2409,0.20455,18; 13; 9; 44; 11; 6; 13; 16
8,79,0.17308,0.10127,3; 3; 8; 79; 20; 22; 12; 14
7,80,0.23375,0.0875,3; 4; 7; 80; 9; 32; 9; 31
23,44,0.53841,0.52273,10; 12; 23; 44; 6; 9; 24; 28
36,51,0.7299,0.70588,4; 4; 36; 51; 26; 18; 22; 18
23,47,0.53115,0.48936,13; 4; 23; 47; 3; 21; 19; 26
7,45,0.27525,0.15556,4; 4; 7; 45; 16; 20; 6; 13
9,61,0.2194,0.14754,8; 14; 9; 61; 20; 21; 23; 27
30,42,0.65675,0.71429,8; 12; 30; 42; 27; 13; 8; 3
31,42,0.72404,0.7381,6; 4; 31; 42; 30; 3; 18; 4
7,81,0.2182,0.08642,3; 5; 7; 81; 10; 24; 4; 26
31,35,0.87599,0.88571,5; 5; 31; 35; 17; 4; 26; 18
12,32,0.38255,0.375,18; 5; 12; 32; 26; 18; 22; 26
6,63,0.26267,0.09524,8; 4; 6; 63; 28; 23; 18; 15
25,32,0.83627,0.78125,6; 6; 25; 32; 21; 20; 28; 3
31,44,0.70118,0.70455,3; 9; 31; 44; 5; 4; 5; 24
23,60,0.41473,0.38333,5; 3; 23; 60; 8; 21; 11; 3
5,34,0.20878,0.14706,12; 16; 5; 34; 5; 30; 15; 17
7,44,0.22988,0.15909,15; 3; 7; 44; 22; 20; 8; 23
37,52,0.71331,0.71154,3; 4; 37; 52; 7; 30; 4; 8
6,15,0.45169,0.4,33; 16; 6; 15; 12; 19; 7; 13
20,68,0.31089,0.29412,5; 4; 20; 68; 8; 21; 6; 4
15,36,0.40226,0.41667,6; 18; 15; 36; 13; 30; 25; 26
16,31,0.47188,0.51613,23; 7; 16; 31; 27; 20; 17; 6
25,63,0.41206,0.39683,3; 5; 25; 63; 10; 9; 14; 9
7,69,0.20639,0.10145,3; 4; 7; 69; 27; 20; 11; 28
11,67,0.21901,0.16418,9; 7; 11; 67; 10; 27; 9; 23
7,72,0.18327,0.09722,8; 5; 7; 72; 27; 7; 15; 3
24,57,0.4721,0.42105,5; 4; 24; 57; 13; 8; 10; 31
28,38,0.68122,0.73684,8; 10; 28; 38; 23; 26; 3; 11
37,52,0.72343,0.71154,3; 4; 37; 52; 23; 10; 3; 9
31,42,0.72425,0.7381,6; 7; 31; 42; 5; 8; 32; 31
8,31,0.24889,0.25806,25; 19; 8; 31; 31; 3; 24; 19
21,56,0.37306,0.375,9; 6; 21; 56; 7; 29; 32; 23
11,29,0.38239,0.37931,12; 19; 11; 29; 5; 23; 4; 30
16,55,0.28969,0.29091,4; 7; 16; 55; 12; 29; 13; 7
5,7,0.71366,0.71429,35; 41; 5; 7; 22; 29; 3; 26
30,43,0.67488,0.69767,11; 12; 30; 43; 14; 23; 22; 22
11,74,0.25365,0.14865,4; 5; 11; 74; 8; 12; 25; 11
8,80,0.23645,0.1,3; 3; 8; 80; 22; 18; 22; 31
41,46,0.8968,0.8913,4; 5; 41; 46; 28; 12; 11; 22
23,33,0.67674,0.69697,19; 8; 23; 33; 8; 23; 6; 14
20,56,0.35536,0.35714,7; 5; 20; 56; 18; 25; 11; 16
24,64,0.38827,0.375,4; 3; 24; 64; 9; 28; 30; 4
25,48,0.52305,0.52083,8; 9; 25; 48; 31; 4; 20; 9
42,47,0.88498,0.89362,3; 3; 42; 47; 27; 12; 12; 28
8,82,0.30253,0.09756,4; 4; 8; 82; 11; 6; 14; 6
25,48,0.52495,0.52083,9; 6; 25; 48; 18; 25; 9; 22
26,53,0.47348,0.49057,3; 4; 26; 53; 19; 31; 19; 24
17,58,0.32897,0.2931,3; 5; 17; 58; 5; 16; 25; 13
33,52,0.60811,0.63462,6; 4; 33; 52; 27; 5; 28; 26
8,77,0.23424,0.1039,6; 3; 8; 77; 11; 30; 21; 9
12,76,0.24311,0.15789,5; 3; 12; 76; 27; 22; 21; 27
30,58,0.52582,0.51724,5; 5; 30; 58; 14; 30; 4; 14
11,38,0.33746,0.28947,15; 22; 11; 38; 31; 14; 20; 17
33,37,0.89354,0.89189,7; 14; 33; 37; 7; 18; 24; 26
14,37,0.39548,0.37838,9; 8; 14; 37; 28; 7; 31; 26
5,33,0.30848,0.15152,23; 19; 5; 33; 23; 10; 20; 11
27,55,0.49448,0.49091,7; 4; 27; 55; 5; 14; 8; 19
20,41,0.51447,0.4878,12; 6; 20; 41; 22; 5; 6; 14
10,39,0.29655,0.25641,16; 15; 10; 39; 13; 16; 13; 18
14,35,0.42413,0.4,4; 22; 14; 35; 27; 13; 27; 28
10,66,0.24086,0.15152,4; 7; 10; 66; 4; 5; 4; 29
29,39,0.71859,0.74359,9; 3; 29; 39; 10; 8; 18; 14
8,28,0.29693,0.28571,7; 18; 8; 28; 8; 3; 8; 32
9,57,0.23579,0.15789,5; 14; 9; 57; 12; 23; 20; 30
25,62,0.46905,0.40323,5; 4; 25; 62; 32; 3; 20; 24
24,27,0.90343,0.88889,19; 4; 24; 27; 4; 21; 31; 19
28,40,0.66205,0.7,12; 10; 28; 40; 9; 30; 6; 11
33,37,0.90016,0.89189,6; 14; 33; 37; 23; 7; 9; 32
18,48,0.3906,0.375,13; 6; 18; 48; 18; 14; 18; 31
29,37,0.81507,0.78378,5; 12; 29; 37; 17; 4; 9; 6
33,52,0.61748,0.63462,5; 6; 33; 52; 13; 29; 12; 25
34,46,0.74305,0.73913,4; 5; 34; 46; 14; 7; 23; 4
42,47,0.88017,0.89362,4; 3; 42; 47; 16; 24; 30; 12
21,53,0.42721,0.39623,3; 8; 21; 53; 9; 8; 13; 4
8,51,0.25679,0.15686,12; 5; 8; 51; 16; 13; 22; 22
25,59,0.45602,0.42373,7; 6; 25; 59; 4; 12; 25; 5
25,65,0.41101,0.38462,3; 4; 25; 65; 10; 22; 4; 27
11,54,0.23976,0.2037,14; 11; 11; 54; 30; 30; 11; 13
30,58,0.5196,0.51724,5; 3; 30; 58; 9; 29; 13; 8
6,16,0.28279,0.375,32; 17; 6; 16; 24; 20; 5; 6
15,39,0.37028,0.38462,19; 18; 15; 39; 9; 26; 31; 29
23,31,0.71304,0.74194,5; 17; 23; 31; 15; 23; 21; 29
12,76,0.21974,0.15789,3; 5; 12; 76; 16; 32; 30; 18
16,62,0.27817,0.25806,4; 6; 16; 62; 31; 31; 10; 21
15,58,0.26194,0.25862,5; 3; 15; 58; 28; 21; 3; 27
11,56,0.2384,0.19643,4; 13; 11; 56; 14; 6; 23; 27
11,70,0.21003,0.15714,3; 8; 11; 70; 10; 3; 31; 20
12,74,0.23004,0.16216,4; 4; 12; 74; 29; 17; 8; 12
31,49,0.63915,0.63265,8; 3; 31; 49; 4; 30; 27; 6
29,59,0.51342,0.49153,3; 5; 29; 59; 32; 11; 31; 13
25,28,0.88281,0.89286,21; 4; 25; 28; 27; 21; 13; 15
11,38,0.35886,0.28947,8; 15; 11; 38; 29; 19; 13; 20
6,61,0.22829,0.09836,5; 7; 6; 61; 16; 29; 18; 31
13,45,0.30362,0.28889,5; 18; 13; 45; 9; 24; 9; 27
23,47,0.50882,0.48936,10; 5; 23; 47; 15; 4; 30; 3
11,43,0.27513,0.25581,8; 3; 11; 43; 13; 28; 19; 19
19,30,0.64459,0.63333,10; 12; 19; 30; 27; 10; 10; 21
21,52,0.39679,0.40385,7; 7; 21; 52; 21; 19; 22; 18
38,49,0.73634,0.77551,3; 5; 38; 49; 9; 10; 10; 15
15,29,0.51899,0.51724,24; 22; 15; 29; 21; 15; 9; 4
7,44,0.25505,0.15909,17; 6; 7; 44; 3; 12; 22; 32
7,24,0.28643,0.29167,19; 13; 7; 24; 24; 9; 14; 20
9,57,0.22524,0.15789,8; 10; 9; 57; 5; 6; 26; 3
22,42,0.54985,0.52381,13; 13; 22; 42; 23; 9; 19; 32
19,39,0.48584,0.48718,13; 5; 19; 39; 29; 20; 20; 27
15,75,0.24518,0.2,3; 3; 15; 75; 10; 12; 9; 32
37,50,0.76472,0.74,3; 3; 37; 50; 6; 28; 28; 3
13,34,0.34396,0.38235,3; 6; 13; 34; 7; 13; 10; 31
29,59,0.49462,0.49153,3; 3; 29; 59; 23; 12; 20; 26
6,16,0.37342,0.375,17; 25; 6; 16; 16; 11; 27; 10
5,25,0.28938,0.2,34; 31; 5; 25; 4; 22; 19; 6
20,55,0.37546,0.36364,3; 3; 20; 55; 16; 4; 14; 26
13,45,0.30534,0.28889,10; 20; 13; 45; 29; 12; 11; 7
8,79,0.18982,0.10127,3; 3; 8; 79; 14; 15; 23; 7
15,29,0.52253,0.51724,4; 10; 15; 29; 23; 25; 29; 15
20,50,0.38615,0.4,6; 14; 20; 50; 25; 25; 7; 13
35,50,0.69002,0.7,3; 3; 35; 50; 29; 31; 22; 11
5,12,0.49716,0.41667,40; 21; 5; 12; 5; 11; 24; 23
26,37,0.68689,0.7027,9; 15; 26; 37; 26; 10; 26; 22
13,50,0.28213,0.26,8; 10; 13; 50; 22; 29; 10; 32
5,7,0.73155,0.71429,35; 29; 5; 7; 20; 5; 32; 16
8,40,0.26522,0.2,10; 14; 8; 40; 18; 16; 7; 18
19,39,0.50641,0.48718,8; 11; 19; 39; 9; 31; 32; 4
14,53,0.27852,0.26415,11; 13; 14; 53; 6; 24; 16; 16
31,35,0.87262,0.88571,13; 11; 31; 35; 8; 7; 22; 20
20,27,0.8067,0.74074,21; 13; 20; 27; 18; 23; 27; 12
20,28,0.71555,0.71429,6; 4; 20; 28; 11; 4; 4; 6
10,64,0.22421,0.15625,5; 5; 10; 64; 9; 16; 9; 10
24,49,0.50458,0.4898,9; 3; 24; 49; 9; 24; 24; 13
7,46,0.22059,0.15217,21; 8; 7; 46; 29; 18; 19; 8
28,40,0.65936,0.7,14; 12; 28; 40; 18; 13; 6; 4
7,72,0.19946,0.09722,4; 6; 7; 72; 12; 32; 22; 19
21,50,0.4245,0.42,5; 6; 21; 50; 32; 7; 30; 15
5,55,0.25458,0.09091,17; 12; 5; 55; 24; 19; 5; 27
23,57,0.40533,0.40351,8; 6; 23; 57; 17; 11; 20; 24
8,77,0.24036,0.1039,3; 5; 8; 77; 5; 6; 26; 28
10,62,0.23554,0.16129,4; 9; 10; 62; 24; 26; 24; 5
17,24,0.7927,0.70833,19; 21; 17; 24; 27; 26; 13; 21
18,62,0.32765,0.29032,7; 6; 18; 62; 19; 19; 25; 16
25,34,0.74479,0.73529,6; 6; 25; 34; 21; 7; 4; 25
19,53,0.36348,0.35849,8; 11; 19; 53; 16; 16; 15; 19
20,52,0.36307,0.38462,5; 8; 20; 52; 4; 9; 5; 27
14,48,0.32668,0.29167,9; 6; 14; 48; 8; 4; 4; 22
20,52,0.38595,0.38462,11; 7; 20; 52; 22; 26; 16; 28
9,45,0.22594,0.2,3; 17; 9; 45; 17; 23; 18; 3
18,43,0.44637,0.4186,7; 13; 18; 43; 17; 14; 15; 24
6,39,0.20885,0.15385,26; 13; 6; 39; 6; 22; 13; 15
31,44,0.70597,0.70455,5; 10; 31; 44; 29; 22; 13; 30
18,68,0.27921,0.26471,3; 6; 18; 68; 30; 12; 28; 11
10,16,0.74446,0.625,10; 12; 10; 16; 21; 17; 8; 6
5,14,0.41894,0.35714,19; 31; 5; 14; 28; 19; 13; 5
13,34,0.37856,0.38235,15; 6; 13; 34; 27; 16; 13; 32
12,42,0.29831,0.28571,6; 10; 12; 42; 6; 21; 22; 27
14,69,0.23977,0.2029,6; 4; 14; 69; 16; 29; 19; 8
38,49,0.75158,0.77551,3; 3; 38; 49; 19; 8; 13; 30
21,52,0.44956,0.40385,5; 12; 21; 52; 15; 22; 24; 11
6,37,0.23546,0.16216,8; 3; 6; 37; 26; 5; 20; 4
12,61,0.20176,0.19672,7; 9; 12; 61; 11; 27; 30; 27
25,32,0.77221,0.78125,10; 10; 25; 32; 10; 14; 25; 17
5,33,0.23934,0.15152,15; 7; 5; 33; 31; 25; 10; 28
7,82,0.19708,0.08537,4; 4; 7; 82; 7; 15; 12; 27
12,59,0.24013,0.20339,10; 3; 12; 59; 12; 19; 5; 25
13,64,0.2277,0.20312,3; 6; 13; 64; 6; 13; 5; 15
13,45,0.30005,0.28889,4; 6; 13; 45; 16; 13; 26; 13
10,28,0.31422,0.35714,29; 19; 10; 28; 8; 29; 6; 9
25,48,0.53058,0.52083,10; 5; 25; 48; 28; 24; 13; 22
31,42,0.69608,0.7381,11; 8; 31; 42; 10; 17; 7; 19
6,61,0.265,0.09836,3; 5; 6; 61; 25; 27; 27; 6
22,52,0.42374,0.42308,5; 5; 22; 52; 21; 6; 12; 12
16,40,0.40412,0.4,6; 4; 16; 40; 16; 13; 11; 18
18,62,0.30349,0.29032,6; 4; 18; 62; 15; 26; 13; 18
16,23,0.73807,0.69565,22; 17; 16; 23; 30; 24; 32; 5
14,48,0.27334,0.29167,6; 4; 14; 48; 26; 4; 25; 31
5,17,0.35974,0.29412,20; 25; 5; 17; 17; 7; 6; 21
7,75,0.22295,0.09333,6; 6; 7; 75; 13; 9; 22; 17
18,43,0.44286,0.4186,17; 11; 18; 43; 8; 32; 11; 10
28,36,0.80694,0.77778,3; 4; 28; 36; 28; 13; 5; 4
14,70,0.22952,0.2,4; 4; 14; 70; 9; 26; 21; 29
32,46,0.68209,0.69565,3; 10; 32; 46; 32; 7; 4; 26
17,65,0.2763,0.26154,7; 6; 17; 65; 7; 22; 27; 10
18,23,0.84419,0.78261,24; 9; 18; 23; 15; 27; 30; 23
8,78,0.18355,0.10256,4; 4; 8; 78; 14; 19; 22; 3
19,45,0.46066,0.42222,11; 5; 19; 45; 32; 10; 19; 20
8,79,0.22116,0.10127,5; 4; 8; 79; 14; 10; 26; 10
19,39,0.50358,0.48718,18; 10; 19; 39; 28; 22; 3; 30
21,27,0.73158,0.77778,12; 13; 21; 27; 9; 9; 12; 15
28,54,0.52603,0.51852,5; 7; 28; 54; 4; 28; 5; 11
12,46,0.27813,0.26087,4; 16; 12; 46; 23; 5; 15; 23
5,50,0.22205,0.1,10; 15; 5; 50; 26; 27; 20; 20
19,48,0.42145,0.39583,8; 14; 19; 48; 7; 23; 14; 29
17,23,0.82921,0.73913,4; 25; 17; 23; 28; 13; 18; 26
37,52,0.69312,0.71154,3; 3; 37; 52; 6; 6; 8; 4
19,30,0.62661,0.63333,20; 9; 19; 30; 3; 24; 20; 12
31,40,0.76495,0.775,10; 4; 31; 40; 10; 24; 23; 8
35,47,0.74299,0.74468,6; 8; 35; 47; 19; 21; 29; 10
29,56,0.53159,0.51786,3; 6; 29; 56; 29; 4; 26; 28
5,8,0.65826,0.625,11; 37; 5; 8; 6; 4; 4; 5
15,57,0.27984,0.26316,13; 5; 15; 57; 17; 4; 7; 23
23,47,0.48479,0.48936,12; 12; 23; 47; 32; 5; 26; 8
26,35,0.75497,0.74286,4; 4; 26; 35; 8; 8; 31; 12
29,39,0.73831,0.74359,10; 15; 29; 39; 8; 3; 3; 23
16,62,0.28756,0.25806,3; 6; 16; 62; 3; 5; 29; 6
13,36,0.35884,0.36111,21; 5; 13; 36; 29; 6; 10; 22
12,61,0.24079,0.19672,12; 3; 12; 61; 16; 11; 32; 17
25,28,0.90129,0.89286,14; 8; 25; 28; 23; 3; 19; 20
41,46,0.88916,0.8913,3; 5; 41; 46; 3; 11; 10; 7
11,43,0.27243,0.25581,4; 14; 11; 43; 22; 20; 23; 30
11,55,0.249,0.2,8; 6; 11; 55; 6; 9; 5; 18
25,35,0.68965,0.71429,17; 13; 25; 35; 20; 26; 10; 20
35,50,0.72482,0.7,3; 5; 35; 50; 29; 17; 10; 3
8,52,0.19033,0.15385,14; 18; 8; 52; 24; 13; 10; 14
25,63,0.40759,0.39683,5; 3; 25; 63; 29; 26; 8; 31
10,35,0.28715,0.28571,17; 26; 10; 35; 16; 19; 24; 31
16,31,0.48761,0.51613,14; 21; 16; 31; 19; 24; 32; 11
18,37,0.49886,0.48649,10; 5; 18; 37; 6; 32; 7; 19
17,33,0.55839,0.51515,9; 8; 17; 33; 14; 4; 27; 15
41,46,0.89198,0.8913,3; 3; 41; 46; 30; 16; 19; 5
33,47,0.68192,0.70213,8; 4; 33; 47; 27; 6; 17; 9
10,14,0.83814,0.71429,31; 33; 10; 14; 31; 5; 17; 6
29,39,0.74375,0.74359,5; 9; 29; 39; 30; 14; 15; 28
35,47,0.7196,0.74468,5; 8; 35; 47; 31; 12; 10; 12
21,43,0.47405,0.48837,10; 17; 21; 43; 18; 15; 14; 30
26,50,0.53696,0.52,6; 5; 26; 50; 26; 21; 24; 6
6,41,0.2753,0.14634,25; 25; 6; 41; 13; 27; 16; 23
32,41,0.77642,0.78049,5; 7; 32; 41; 24; 29; 14; 22
35,47,0.70976,0.74468,8; 7; 35; 47; 12; 28; 31; 23
21,27,0.77272,0.77778,9; 22; 21; 27; 3; 28; 14; 9
10,68,0.2313,0.14706,6; 8; 10; 68; 12; 9; 26; 3
14,20,0.70802,0.7,32; 25; 14; 20; 11; 26; 13; 6
14,39,0.35814,0.35897,20; 6; 14; 39; 14; 11; 17; 24
20,28,0.72893,0.71429,25; 6; 20; 28; 7; 16; 18; 15
5,31,0.277,0.16129,9; 11; 5; 31; 14; 26; 20; 11
10,49,0.23292,0.20408,14; 8; 10; 49; 26; 24; 24; 19
14,18,0.71147,0.77778,16; 4; 14; 18; 8; 20; 4; 13
8,54,0.26788,0.14815,11; 9; 8; 54; 5; 25; 31; 13
23,55,0.43181,0.41818,5; 5; 23; 55; 19; 11; 31; 27
7,81,0.23502,0.08642,5; 4; 7; 81; 13; 15; 10; 24
5,7,0.87565,0.71429,37; 4; 5; 7; 25; 23; 17; 17
41,46,0.89736,0.8913,3; 5; 41; 46; 30; 18; 5; 16
8,77,0.20231,0.1039,4; 3; 8; 77; 16; 7; 12; 31
37,53,0.68009,0.69811,3; 3; 37; 53; 9; 11; 6; 28
9,25,0.36669,0.36,26; 28; 9; 25; 19; 22; 14; 31
19,50,0.36691,0.38,13; 10; 19; 50; 18; 6; 10; 15
11,54,0.2617,0.2037,7; 7; 11; 54; 14; 13; 26; 16
12,75,0.21473,0.16,3; 3; 12; 75; 15; 19; 21; 26
26,37,0.69759,0.7027,3; 12; 26; 37; 18; 18; 20; 29
32,51,0.60409,0.62745,7; 3; 32; 51; 18; 29; 18; 27
7,43,0.17897,0.16279,13; 14; 7; 43; 12; 8; 9; 9
12,23,0.56095,0.52174,23; 8; 12; 23; 20; 3; 3; 7
10,65,0.22667,0.15385,11; 9; 10; 65; 3; 19; 9; 26
25,51,0.50283,0.4902,5; 10; 25; 51; 31; 23; 23; 15
21,30,0.6569,0.7,18; 17; 21; 30; 20; 27; 31; 7
19,27,0.73645,0.7037,19; 24; 19; 27; 9; 32; 15; 8
17,35,0.51635,0.48571,20; 11; 17; 35; 14; 30; 23; 9
32,41,0.77646,0.78049,7; 3; 32; 41; 12; 8; 17; 10
27,55,0.51249,0.49091,3; 5; 27; 55; 10; 19; 12; 26
8,53,0.23521,0.15094,15; 12; 8; 53; 10; 7; 31; 21
22,42,0.54545,0.52381,8; 13; 22; 42; 31; 10; 14; 32
18,63,0.2928,0.28571,3; 8; 18; 63; 13; 15; 7; 9
19,27,0.69143,0.7037,12; 21; 19; 27; 13; 21; 30; 4
6,39,0.19671,0.15385,9; 7; 6; 39; 4; 8; 31; 20
23,61,0.35016,0.37705,5; 4; 23; 61; 5; 26; 18; 15
32,36,0.89098,0.88889,8; 12; 32; 36; 24; 9; 15; 11
12,19,0.5599,0.63158,5; 28; 12; 19; 9; 21; 9; 18
7,77,0.25152,0.09091,4; 4; 7; 77; 21; 19; 7; 25
7,44,0.27553,0.15909,14; 18; 7; 44; 28; 6; 13; 32
11,71,0.24028,0.15493,6; 4; 11; 71; 24; 25; 15; 32
7,80,0.25804,0.0875,3; 5; 7; 80; 27; 31; 9; 19
20,56,0.33202,0.35714,10; 6; 20; 56; 7; 19; 8; 30
37,50,0.72039,0.74,5; 3; 37; 50; 26; 27; 12; 21
20,70,0.28494,0.28571,3; 4; 20; 70; 9; 12; 10; 24
6,59,0.22919,0.10169,15; 15; 6; 59; 31; 31; 3; 24
9,59,0.25718,0.15254,14; 13; 9; 59; 24; 12; 13; 13
11,56,0.22471,0.19643,6; 5; 11; 56; 10; 22; 26; 17
16,31,0.49221,0.51613,11; 23; 16; 31; 26; 9; 19; 21
42,47,0.89495,0.89362,3; 4; 42; 47; 19; 26; 14; 13
30,43,0.67144,0.69767,6; 7; 30; 43; 25; 23; 9; 16
16,40,0.4124,0.4,3; 11; 16; 40; 11; 31; 20; 24
5,58,0.2715,0.08621,5; 3; 5; 58; 15; 4; 17; 13
8,40,0.3003,0.2,18; 11; 8; 40; 3; 3; 11; 30
9,24,0.28214,0.375,29; 12; 9; 24; 20; 8; 11; 19
17,33,0.51073,0.51515,17; 15; 17; 33; 4; 12; 25; 19
37,52,0.70327,0.71154,4; 4; 37; 52; 7; 24; 20; 23
22,42,0.54051,0.52381,8; 10; 22; 42; 5; 16; 18; 5
7,44,0.23209,0.15909,5; 11; 7; 44; 6; 12; 4; 20
9,31,0.28337,0.29032,13; 8; 9; 31; 21; 11; 9; 25
8,22,0.34594,0.36364,7; 21; 8; 22; 31; 30; 31; 3
7,81,0.25657,0.08642,4; 5; 7; 81; 3; 16; 26; 20
18,48,0.37658,0.375,10; 14; 18; 48; 5; 24; 31; 13
5,8,0.77681,0.625,29; 9; 5; 8; 23; 22; 13; 23
10,65,0.20603,0.15385,3; 4; 10; 65; 30; 13; 17; 6
9,58,0.18973,0.15517,14; 13; 9; 58; 10; 10; 13; 15
18,69,0.27633,0.26087,4; 5; 18; 69; 5; 11; 10; 10
23,31,0.71279,0.74194,12; 21; 23; 31; 8; 8; 31; 29
5,8,0.86175,0.625,6; 14; 5; 8; 28; 23; 10; 28
7,80,0.23489,0.0875,5; 4; 7; 80; 6; 26; 19; 9
12,73,0.21005,0.16438,5; 5; 12; 73; 5; 29; 7; 27
11,70,0.23993,0.15714,6; 8; 11; 70; 16; 13; 13; 29
16,44,0.38596,0.36364,4; 6; 16; 44; 26; 5; 23; 8
23,55,0.42321,0.41818,6; 4; 23; 55; 8; 15; 15; 4
30,58,0.53794,0.51724,3; 3; 30; 58; 5; 9; 13; 13
35,47,0.72841,0.74468,4; 3; 35; 47; 11; 25; 7; 15
15,51,0.27849,0.29412,16; 16; 15; 51; 17; 21; 26; 8
16,62,0.25456,0.25806,9; 9; 16; 62; 8; 26; 12; 25
28,36,0.81221,0.77778,11; 9; 28; 36; 22; 7; 16; 7
18,70,0.25641,0.25714,5; 4; 18; 70; 26; 7; 20; 4
30,48,0.60238,0.625,3; 5; 30; 48; 18; 31; 23; 13
29,37,0.77628,0.78378,14; 16; 29; 37; 24; 23; 22; 5
16,44,0.33919,0.36364,16; 19; 16; 44; 11; 27; 20; 22
17,33,0.53835,0.51515,11; 8; 17; 33; 5; 32; 7; 25
29,56,0.54076,0.51786,4; 6; 29; 56; 16; 11; 5; 27
32,41,0.79798,0.78049,3; 10; 32; 41; 27; 8; 31; 4
14,33,0.41993,0.42424,5; 17; 14; 33; 3; 21; 17; 9
21,27,0.80657,0.77778,7; 6; 21; 27; 30; 13; 27; 21
20,53,0.38163,0.37736,5; 4; 20; 53; 24; 3; 25; 21
5,14,0.45606,0.35714,19; 17; 5; 14; 4; 22; 31; 24
28,38,0.72671,0.73684,7; 7; 28; 38; 27; 25; 22; 8
9,34,0.25332,0.26471,14; 25; 9; 34; 10; 26; 32; 9
29,37,0.79479,0.78378,14; 4; 29; 37; 10; 3; 11; 5
24,66,0.34146,0.36364,3; 3; 24; 66; 10; 20; 7; 29
5,31,0.31255,0.16129,30; 16; 5; 31; 16; 24; 12; 11
29,41,0.70163,0.70732,14; 8; 29; 41; 26; 25; 4; 26
14,20,0.69196,0.7,17; 14; 14; 20; 27; 14; 28; 3
15,42,0.36236,0.35714,11; 3; 15; 42; 13; 7; 11; 8
15,51,0.29885,0.29412,13; 14; 15; 51; 28; 26; 3; 28
7,79,0.2284,0.08861,4; 3; 7; 79; 28; 29; 18; 9
10,68,0.21885,0.14706,3; 7; 10; 68; 3; 5; 17; 19
16,40,0.43023,0.4,10; 15; 16; 40; 11; 8; 11; 10
5,54,0.23795,0.09259,9; 13; 5; 54; 17; 26; 21; 24
20,28,0.78271,0.71429,9; 18; 20; 28; 8; 16; 22; 4
34,38,0.88914,0.89474,7; 10; 34; 38; 13; 24; 4; 30
19,30,0.68983,0.63333,24; 14; 19; 30; 21; 23; 22; 12
24,27,0.88207,0.88889,10; 13; 24; 27; 27; 5; 30; 29
7,70,0.24392,0.1,3; 10; 7; 70; 23; 3; 5; 18
7,9,0.65826,0.77778,22; 27; 7; 9; 27; 8; 7; 19
11,68,0.2426,0.16176,7; 6; 11; 68; 32; 13; 8; 18
25,28,0.90263,0.89286,19; 14; 25; 28; 21; 3; 24; 20
7,70,0.17735,0.1,3; 4; 7; 70; 6; 9; 7; 13
5,49,0.19834,0.10204,20; 4; 5; 49; 11; 3; 20; 16
8,31,0.28781,0.25806,19; 24; 8; 31; 32; 6; 31; 24
23,31,0.73339,0.74194,15; 9; 23; 31; 26; 26; 20; 22
18,47,0.40177,0.38298,12; 7; 18; 47; 29; 16; 10; 13
6,37,0.21421,0.16216,25; 22; 6; 37; 14; 4; 7; 17
10,38,0.28022,0.26316,6; 6; 10; 38; 8; 27; 24; 20
30,43,0.67538,0.69767,4; 11; 30; 43; 23; 17; 13; 7
19,65,0.33254,0.29231,6; 4; 19; 65; 3; 26; 4; 8
8,40,0.24059,0.2,10; 17; 8; 40; 11; 14; 29; 3
13,50,0.25563,0.26,4; 16; 13; 50; 5; 15; 25; 29
8,53,0.2381,0.15094,17; 14; 8; 53; 5; 19; 14; 26
16,55,0.30905,0.29091,6; 4; 16; 55; 7; 14; 9; 4
12,61,0.22517,0.19672,7; 10; 12; 61; 10; 31; 17; 3
21,27,0.78577,0.77778,21; 5; 21; 27; 28; 29; 5; 32
5,12,0.46436,0.41667,16; 3; 5; 12; 17; 21; 7; 19
25,63,0.42326,0.39683,4; 4; 25; 63; 7; 10; 11; 9
9,55,0.23056,0.16364,6; 3; 9; 55; 23; 16; 19; 20
5,54,0.23613,0.09259,14; 9; 5; 54; 6; 32; 23; 17
9,61,0.18386,0.14754,9; 12; 9; 61; 10; 28; 23; 8
17,27,0.64503,0.62963,19; 15; 17; 27; 18; 14; 7; 4
9,44,0.2502,0.20455,7; 7; 9; 44; 7; 10; 12; 3
14,18,0.77633,0.77778,9; 18; 14; 18; 19; 30; 28; 19
16,18,0.81872,0.88889,11; 5; 16; 18; 22; 16; 8; 15
15,29,0.54524,0.51724,17; 3; 15; 29; 31; 9; 20; 12
28,36,0.74328,0.77778,5; 13; 28; 36; 19; 15; 23; 4
14,48,0.29787,0.29167,14; 6; 14; 48; 12; 29; 19; 30
11,42,0.2863,0.2619,4; 4; 11; 42; 18; 23; 29; 22
8,31,0.25222,0.25806,20; 19; 8; 31; 15; 17; 22; 30
29,59,0.4804,0.49153,4; 5; 29; 59; 10; 4; 12; 6
30,42,0.6847,0.71429,9; 9; 30; 42; 5; 3; 4; 6
5,17,0.2829,0.29412,22; 38; 5; 17; 7; 30; 13; 32
15,58,0.25848,0.25862,3; 10; 15; 58; 19; 16; 4; 19
10,67,0.26216,0.14925,9; 7; 10; 67; 30; 16; 18; 18
20,28,0.69655,0.71429,21; 25; 20; 28; 16; 29; 7; 27
6,70,0.23951,0.08571,6; 9; 6; 70; 11; 26; 27; 23
19,53,0.3573,0.35849,13; 13; 19; 53; 23; 13; 29; 29
17,65,0.28495,0.26154,8; 4; 17; 65; 16; 29; 17; 18
9,45,0.28284,0.2,11; 14; 9; 45; 22; 9; 17; 15
19,30,0.63411,0.63333,6; 16; 19; 30; 8; 19; 5; 26
14,27,0.50165,0.51852,28; 24; 14; 27; 29; 30; 4; 27
19,30,0.62909,0.63333,15; 18; 19; 30; 8; 14; 32; 32
26,53,0.49506,0.49057,7; 9; 26; 53; 6; 12; 22; 32
16,18,0.89564,0.88889,32; 32; 16; 18; 24; 12; 30; 12
18,68,0.29535,0.26471,6; 4; 18; 68; 8; 6; 16; 8
25,35,0.68293,0.71429,17; 11; 25; 35; 16; 9; 32; 31
25,28,0.85429,0.89286,18; 10; 25; 28; 29; 23; 20; 19
31,49,0.62154,0.63265,6; 9; 31; 49; 13; 14; 25; 23
41,46,0.89218,0.8913,3; 5; 41; 46; 13; 32; 8; 8
26,37,0.69041,0.7027,4; 13; 26; 37; 4; 14; 30; 28
5,12,0.42706,0.41667,14; 20; 5; 12; 26; 14; 14; 9
5,25,0.30595,0.2,15; 7; 5; 25; 28; 26; 16; 25
19,27,0.73204,0.7037,13; 25; 19; 27; 5; 15; 31; 5
16,62,0.26731,0.25806,3; 9; 16; 62; 23; 7; 28; 26
21,59,0.37562,0.35593,8; 7; 21; 59; 5; 16; 18; 28
10,61,0.23713,0.16393,4; 12; 10; 61; 8; 25; 12; 24
28,40,0.65738,0.7,8; 15; 28; 40; 27; 21; 21; 17
22,58,0.3617,0.37931,9; 4; 22; 58; 18; 15; 16; 20
9,31,0.25176,0.29032,29; 27; 9; 31; 9; 13; 16; 8
19,30,0.6066,0.63333,21; 9; 19; 30; 7; 31; 18; 16
5,12,0.56765,0.41667,9; 31; 5; 12; 9; 16; 9; 17
34,38,0.88164,0.89474,8; 13; 34; 38; 26; 26; 9; 29
35,47,0.72732,0.74468,6; 6; 35; 47; 3; 29; 17; 25
10,64,0.2264,0.15625,12; 5; 10; 64; 24; 26; 15; 15
37,52,0.68559,0.71154,3; 3; 37; 52; 14; 14; 20; 7
22,35,0.62391,0.62857,8; 8; 22; 35; 18; 16; 29; 25
6,67,0.21368,0.08955,10; 4; 6; 67; 18; 11; 16; 12
33,47,0.67945,0.70213,6; 6; 33; 47; 14; 25; 9; 31
17,43,0.39982,0.39535,15; 10; 17; 43; 6; 27; 18; 27
17,59,0.28423,0.28814,8; 10; 17; 59; 14; 7; 28; 3
21,30,0.70848,0.7,19; 17; 21; 30; 12; 11; 5; 4
36,46,0.75342,0.78261,6; 4; 36; 46; 13; 22; 25; 25
12,78,0.20556,0.15385,3; 4; 12; 78; 12; 16; 26; 24
6,63,0.24644,0.09524,12; 9; 6; 63; 16; 21; 15; 12
10,38,0.29862,0.26316,9; 25; 10; 38; 5; 30; 31; 17
30,43,0.69969,0.69767,11; 7; 30; 43; 4; 30; 13; 31
14,70,0.23946,0.2,6; 7; 14; 70; 28; 4; 9; 16
25,59,0.45051,0.42373,3; 6; 25; 59; 19; 26; 30; 3
25,62,0.39654,0.40323,5; 3; 25; 62; 8; 12; 10; 13
14,35,0.41431,0.4,23; 3; 14; 35; 20; 20; 7; 15
39,50,0.75913,0.78,4; 3; 39; 50; 27; 26; 3; 23
8,77,0.27646,0.1039,3; 6; 8; 77; 16; 22; 10; 8
15,52,0.28271,0.28846,5; 8; 15; 52; 10; 10; 9; 4
28,54,0.55339,0.51852,6; 8; 28; 54; 32; 9; 25; 18
7,44,0.18118,0.15909,9; 19; 7; 44; 26; 13; 15; 23
30,43,0.6827,0.69767,4; 7; 30; 43; 19; 4; 25; 7
32,46,0.67521,0.69565,10; 6; 32; 46; 30; 31; 15; 14
19,53,0.34472,0.35849,6; 5; 19; 53; 6; 26; 4; 10
24,34,0.72054,0.70588,5; 18; 24; 34; 15; 5; 16; 6
11,69,0.2152,0.15942,8; 8; 11; 69; 25; 17; 23; 23
21,27,0.78242,0.77778,14; 24; 21; 27; 30; 14; 21; 22
7,9,0.62265,0.77778,10; 11; 7; 9; 13; 15; 15; 25
6,15,0.40422,0.4,34; 23; 6; 15; 10; 20; 18; 10
25,62,0.41749,0.40323,4; 3; 25; 62; 25; 8; 16; 4
30,58,0.51295,0.51724,5; 3; 30; 58; 15; 4; 23; 29
13,45,0.28711,0.28889,11; 20; 13; 45; 31; 13; 5; 27
9,62,0.25477,0.14516,9; 12; 9; 62; 19; 22; 7; 31
7,76,0.23247,0.09211,3; 3; 7; 76; 5; 27; 31; 14
6,41,0.24737,0.14634,8; 22; 6; 41; 10; 4; 13; 7
14,18,0.84006,0.77778,21; 13; 14; 18; 17; 25; 28; 6
19,30,0.61883,0.63333,17; 22; 19; 30; 18; 24; 21; 25
29,41,0.69336,0.70732,4; 5; 29; 41; 31; 3; 8; 27
11,68,0.22167,0.16176,3; 7; 11; 68; 16; 21; 6; 31
9,57,0.22742,0.15789,3; 10; 9; 57; 8; 15; 29; 22
14,69,0.24736,0.2029,7; 3; 14; 69; 15; 24; 20; 6
31,40,0.76555,0.775,6; 4; 31; 40; 27; 25; 20; 25
9,60,0.22913,0.15,14; 14; 9; 60; 22; 25; 25; 7
16,44,0.37107,0.36364,6; 6; 16; 44; 26; 18; 6; 21
20,53,0.38724,0.37736,3; 10; 20; 53; 17; 25; 5; 9
23,31,0.7972,0.74194,14; 22; 23; 31; 31; 26; 3; 25
20,70,0.30604,0.28571,3; 3; 20; 70; 28; 25; 28; 16
6,60,0.2273,0.1,15; 7; 6; 60; 32; 5; 16; 5
21,43,0.54017,0.48837,7; 12; 21; 43; 20; 32; 16; 6
11,75,0.21554,0.14667,4; 3; 11; 75; 19; 15; 9; 25
24,38,0.63047,0.63158,14; 10; 24; 38; 16; 25; 30; 13
21,43,0.48837,0.48837,13; 14; 21; 43; 15; 25; 18; 28
34,38,0.92186,0.89474,3; 7; 34; 38; 30; 6; 31; 27
10,28,0.33407,0.35714,22; 16; 10; 28; 14; 15; 14; 12
11,70,0.21088,0.15714,8; 5; 11; 70; 7; 27; 22; 9
6,59,0.21939,0.10169,10; 5; 6; 59; 14; 22; 29; 15
21,27,0.79793,0.77778,6; 15; 21; 27; 16; 5; 30; 3
18,68,0.27861,0.26471,3; 6; 18; 68; 27; 5; 5; 20
6,64,0.19947,0.09375,9; 5; 6; 64; 32; 29; 13; 4
6,30,0.28708,0.2,15; 31; 6; 30; 27; 7; 5; 3
8,9,0.71796,0.88889,20; 11; 8; 9; 28; 19; 13; 20
25,28,0.91298,0.89286,10; 3; 25; 28; 31; 4; 21; 11
29,41,0.69599,0.70732,12; 9; 29; 41; 32; 4; 9; 24
18,63,0.29053,0.28571,3; 7; 18; 63; 22; 17; 28; 8
11,55,0.23524,0.2,5; 4; 11; 55; 13; 24; 7; 28
15,52,0.3121,0.28846,5; 15; 15; 52; 22; 14; 17; 11
19,39,0.49847,0.48718,9; 5; 19; 39; 26; 20; 10; 22
13,65,0.23023,0.2,6; 10; 13; 65; 20; 20; 18; 22
6,58,0.18734,0.10345,4; 14; 6; 58; 27; 32; 9; 14
35,45,0.74069,0.77778,7; 8; 35; 45; 26; 14; 20; 4
8,9,0.79072,0.88889,16; 30; 8; 9; 14; 31; 21; 15
14,18,0.84284,0.77778,20; 3; 14; 18; 15; 13; 32; 20
25,35,0.66946,0.71429,19; 8; 25; 35; 13; 9; 8; 10
25,62,0.45088,0.40323,3; 4; 25; 62; 13; 28; 5; 11
21,27,0.80031,0.77778,8; 16; 21; 27; 17; 24; 19; 29
33,47,0.70081,0.70213,8; 9; 33; 47; 21; 12; 7; 6
17,23,0.72119,0.73913,18; 19; 17; 23; 5; 3; 26; 10
28,40,0.67487,0.7,7; 8; 28; 40; 32; 31; 24; 9
9,35,0.30471,0.25714,5; 13; 9; 35; 17; 19; 10; 23
12,23,0.54047,0.52174,16; 20; 12; 23; 17; 12; 7; 28
29,46,0.62424,0.63043,3; 6; 29; 46; 9; 31; 10; 6
7,73,0.21534,0.09589,9; 5; 7; 73; 7; 32; 25; 23
15,39,0.28562,0.38462,10; 4; 15; 39; 13; 25; 8; 26
5,55,0.24514,0.09091,15; 15; 5; 55; 24; 19; 3; 25
9,31,0.2805,0.29032,21; 23; 9; 31; 25; 6; 4; 25
19,53,0.36338,0.35849,7; 9; 19; 53; 19; 30; 13; 8
10,66,0.25676,0.15152,11; 8; 10; 66; 14; 8; 24; 23
21,59,0.37229,0.35593,7; 6; 21; 59; 23; 9; 13; 9
5,8,0.55183,0.625,24; 23; 5; 8; 4; 3; 26; 15
5,52,0.24348,0.09615,16; 14; 5; 52; 14; 26; 23; 27
5,49,0.23894,0.10204,15; 13; 5; 49; 31; 26; 13; 18
7,82,0.24415,0.08537,4; 4; 7; 82; 9; 12; 18; 30
15,51,0.34059,0.29412,13; 15; 15; 51; 17; 3; 6; 15
34,46,0.73163,0.73913,7; 3; 34; 46; 13; 28; 18; 18
19,30,0.61765,0.63333,4; 23; 19; 30; 19; 11; 17; 28
41,46,0.87487,0.8913,3; 5; 41; 46; 9; 22; 10; 17
7,35,0.21004,0.2,22; 28; 7; 35; 9; 4; 13; 28
19,30,0.63836,0.63333,9; 24; 19; 30; 10; 14; 10; 19
25,63,0.4323,0.39683,4; 4; 25; 63; 5; 12; 6; 26
35,45,0.78136,0.77778,5; 3; 35; 45; 16; 5; 11; 23
5,14,0.40572,0.35714,25; 14; 5; 14; 6; 20; 32; 25
19,27,0.75212,0.7037,23; 10; 19; 27; 5; 5; 19; 6
9,45,0.28717,0.2,18; 10; 9; 45; 25; 9; 14; 27
20,28,0.73205,0.71429,18; 24; 20; 28; 12; 26; 16; 6
8,28,0.35763,0.28571,12; 20; 8; 28; 12; 24; 11; 23
11,54,0.25486,0.2037,12; 14; 11; 54; 26; 17; 6; 6
10,28,0.30738,0.35714,20; 14; 10; 28; 29; 28; 27; 13
6,23,0.3012,0.26087,25; 32; 6; 23; 5; 15; 8; 26
14,48,0.24578,0.29167,15; 4; 14; 48; 7; 13; 6; 8
26,35,0.71635,0.74286,10; 5; 26; 35; 11; 30; 16; 3
12,41,0.3404,0.29268,15; 12; 12; 41; 5; 11; 32; 3
20,32,0.62519,0.625,9; 20; 20; 32; 30; 6; 16; 16
5,49,0.21502,0.10204,4; 12; 5; 49; 19; 13; 24; 23
20,32,0.64596,0.625,19; 9; 20; 32; 5; 27; 31; 23
30,48,0.62015,0.625,4; 5; 30; 48; 9; 14; 11; 21
6,58,0.23423,0.10345,3; 15; 6; 58; 27; 19; 8; 23
18,62,0.31712,0.29032,6; 5; 18; 62; 10; 14; 14; 4
30,48,0.62243,0.625,3; 3; 30; 48; 16; 3; 18; 23
32,43,0.7457,0.74419,8; 7; 32; 43; 6; 10; 14; 30
35,50,0.69376,0.7,6; 3; 35; 50; 9; 17; 29; 18
16,38,0.4071,0.42105,3; 7; 16; 38; 6; 29; 9; 16
15,39,0.34603,0.38462,3; 11; 15; 39; 10; 10; 16; 12
34,54,0.62181,0.62963,3; 3; 34; 54; 17; 22; 30; 16
6,65,0.26485,0.09231,5; 10; 6; 65; 9; 4; 14; 8
12,74,0.22633,0.16216,6; 6; 12; 74; 30; 9; 21; 22
11,68,0.2018,0.16176,9; 6; 11; 68; 32; 24; 22; 7
9,61,0.26321,0.14754,5; 4; 9; 61; 21; 22; 12; 9
5,14,0.41173,0.35714,31; 9; 5; 14; 25; 30; 18; 21
21,30,0.68033,0.7,14; 17; 21; 30; 23; 12; 16; 15
28,38,0.68913,0.73684,15; 3; 28; 38; 27; 13; 18; 20
15,24,0.65485,0.625,26; 7; 15; 24; 13; 23; 31; 12
10,67,0.20303,0.14925,7; 8; 10; 67; 22; 13; 14; 26
22,58,0.34518,0.37931,8; 4; 22; 58; 18; 28; 4; 8
19,39,0.51205,0.48718,20; 9; 19; 39; 14; 18; 9; 26
6,61,0.20306,0.09836,14; 10; 6; 61; 23; 30; 13; 11
5,7,0.75819,0.71429,10; 10; 5; 7; 23; 23; 5; 27
5,50,0.26336,0.1,17; 18; 5; 50; 17; 4; 8; 9
23,33,0.68665,0.69697,4; 6; 23; 33; 28; 10; 26; 16
16,42,0.43706,0.38095,14; 5; 16; 42; 12; 13; 31; 8
11,38,0.28702,0.28947,24; 12; 11; 38; 22; 15; 9; 7
22,52,0.42955,0.42308,11; 11; 22; 52; 27; 28; 24; 7
20,56,0.37592,0.35714,10; 4; 20; 56; 19; 18; 13; 28
7,71,0.21752,0.09859,5; 6; 7; 71; 17; 30; 21; 25
10,62,0.23466,0.16129,9; 7; 10; 62; 30; 11; 14; 29
16,40,0.40149,0.4,21; 7; 16; 40; 25; 21; 11; 13
26,53,0.49065,0.49057,5; 8; 26; 53; 18; 24; 16; 8
8,79,0.24721,0.10127,5; 3; 8; 79; 14; 32; 4; 21
25,62,0.39849,0.40323,4; 3; 25; 62; 6; 14; 15; 26
20,48,0.42095,0.41667,4; 15; 20; 48; 19; 16; 15; 15
7,27,0.29636,0.25926,18; 31; 7; 27; 31; 25; 5; 6
7,9,0.83561,0.77778,8; 30; 7; 9; 15; 27; 13; 11
15,36,0.42771,0.41667,6; 3; 15; 36; 32; 28; 11; 19
20,56,0.37914,0.35714,9; 4; 20; 56; 29; 5; 32; 25
5,12,0.46757,0.41667,11; 5; 5; 12; 4; 19; 9; 26
9,35,0.28034,0.25714,11; 6; 9; 35; 4; 7; 19; 16
25,63,0.42056,0.39683,3; 4; 25; 63; 8; 27; 22; 27
10,64,0.24521,0.15625,3; 5; 10; 64; 22; 26; 30; 15
14,69,0.23287,0.2029,5; 7; 14; 69; 28; 20; 7; 19
7,76,0.24824,0.09211,6; 7; 7; 76; 30; 18; 7; 25
34,54,0.63203,0.62963,5; 4; 34; 54; 27; 22; 3; 20
33,37,0.89812,0.89189,6; 11; 33; 37; 12; 23; 10; 25
11,54,0.23566,0.2037,9; 3; 11; 54; 23; 17; 21; 31
15,29,0.51744,0.51724,16; 11; 15; 29; 13; 13; 15; 6
8,51,0.2221,0.15686,5; 10; 8; 51; 19; 3; 18; 6
11,43,0.27131,0.25581,16; 8; 11; 43; 30; 7; 26; 30
15,51,0.29096,0.29412,6; 14; 15; 51; 11; 32; 21; 5
22,52,0.43335,0.42308,8; 5; 22; 52; 22; 6; 21; 17
36,46,0.7494,0.78261,8; 3; 36; 46; 5; 7; 7; 19
8,49,0.23077,0.16327,15; 8; 8; 49; 9; 21; 11; 19
38,49,0.75621,0.77551,5; 5; 38; 49; 9; 21; 24; 30
23,57,0.42168,0.40351,3; 7; 23; 57; 5; 19; 20; 30
12,61,0.23808,0.19672,10; 3; 12; 61; 18; 8; 11; 4
19,66,0.27891,0.28788,5; 6; 19; 66; 18; 26; 21; 10
31,42,0.71406,0.7381,9; 9; 31; 42; 27; 9; 28; 16
9,62,0.232,0.14516,10; 8; 9; 62; 11; 16; 25; 28
23,44,0.51595,0.52273,11; 4; 23; 44; 13; 11; 13; 4
20,32,0.60077,0.625,19; 19; 20; 32; 32; 27; 6; 30
15,74,0.24026,0.2027,3; 4; 15; 74; 30; 29; 6; 4
28,38,0.67511,0.73684,14; 9; 28; 38; 5; 10; 3; 4
21,50,0.45613,0.42,10; 6; 21; 50; 4; 27; 9; 3
34,48,0.70473,0.70833,5; 8; 34; 48; 5; 28; 7; 8
17,47,0.39841,0.3617,10; 7; 17; 47; 20; 5; 26; 19
31,42,0.72581,0.7381,7; 4; 31; 42; 32; 21; 9; 24
10,51,0.21498,0.19608,12; 15; 10; 51; 27; 3; 25; 11
18,62,0.30691,0.29032,8; 3; 18; 62; 23; 12; 28; 18
7,68,0.20368,0.10294,3; 3; 7; 68; 16; 32; 30; 14
8,9,0.82791,0.88889,16; 33; 8; 9; 23; 27; 16; 17
17,47,0.33524,0.3617,6; 11; 17; 47; 11; 3; 5; 26
20,27,0.81021,0.74074,23; 8; 20; 27; 27; 5; 29; 20
10,24,0.43614,0.41667,23; 25; 10; 24; 31; 7; 8; 30
26,37,0.67548,0.7027,13; 8; 26; 37; 9; 16; 15; 3
17,66,0.2731,0.25758,6; 7; 17; 66; 11; 14; 19; 15
7,74,0.25676,0.09459,6; 6; 7; 74; 18; 3; 25; 27
13,65,0.24235,0.2,10; 5; 13; 65; 15; 15; 27; 22
5,8,0.70162,0.625,30; 6; 5; 8; 28; 25; 3; 8
25,32,0.78966,0.78125,19; 15; 25; 32; 9; 11; 20; 19
35,50,0.69598,0.7,5; 5; 35; 50; 15; 24; 25; 16
25,62,0.40609,0.40323,5; 4; 25; 62; 18; 25; 6; 25
11,42,0.29437,0.2619,19; 19; 11; 42; 22; 3; 32; 24
20,52,0.39183,0.38462,9; 5; 20; 52; 12; 20; 9; 30
8,41,0.22947,0.19512,19; 7; 8; 41; 29; 16; 20; 13
28,40,0.6844,0.7,3; 6; 28; 40; 25; 27; 22; 20
8,31,0.29917,0.25806,7; 12; 8; 31; 9; 4; 6; 9
30,58,0.53568,0.51724,5; 4; 30; 58; 21; 11; 31; 3
26,35,0.75856,0.74286,6; 15; 26; 35; 18; 22; 19; 10
26,53,0.49776,0.49057,5; 5; 26; 53; 32; 21; 21; 19
8,51,0.24146,0.15686,14; 7; 8; 51; 22; 18; 22; 26
16,42,0.38287,0.38095,20; 11; 16; 42; 27; 29; 11; 15
35,49,0.67868,0.71429,3; 4; 35; 49; 16; 8; 26; 12
5,8,0.78174,0.625,14; 4; 5; 8; 11; 23; 22; 21
10,39,0.26161,0.25641,18; 22; 10; 39; 31; 31; 15; 18
5,50,0.24248,0.1,4; 6; 5; 50; 8; 24; 17; 13
16,45,0.34198,0.35556,18; 17; 16; 45; 22; 24; 25; 13
23,31,0.71601,0.74194,7; 22; 23; 31; 29; 24; 10; 30
16,61,0.26371,0.2623,6; 10; 16; 61; 22; 18; 22; 28
22,35,0.62314,0.62857,17; 18; 22; 35; 17; 3; 5; 8
25,60,0.43983,0.41667,5; 5; 25; 60; 16; 21; 17; 13
30,42,0.69898,0.71429,11; 4; 30; 42; 5; 26; 11; 9
26,62,0.41465,0.41935,3; 5; 26; 62; 18; 3; 8; 24
7,75,0.20871,0.09333,4; 3; 7; 75; 19; 12; 31; 29
13,64,0.22529,0.20312,8; 7; 13; 64; 24; 26; 28; 7
26,53,0.49966,0.49057,4; 9; 26; 53; 5; 12; 24; 27
34,54,0.61484,0.62963,4; 3; 34; 54; 18; 7; 32; 26
7,77,0.23767,0.09091,4; 7; 7; 77; 14; 14; 29; 16
15,24,0.62325,0.625,15; 25; 15; 24; 32; 11; 9; 6
19,30,0.61505,0.63333,3; 19; 19; 30; 17; 30; 21; 8
23,47,0.50298,0.48936,14; 10; 23; 47; 20; 7; 7; 13
6,30,0.24255,0.2,8; 9; 6; 30; 18; 14; 9; 32
9,56,0.24849,0.16071,10; 11; 9; 56; 25; 17; 12; 17
11,73,0.22646,0.15068,7; 7; 11; 73; 24; 3; 28; 8
35,45,0.72987,0.77778,6; 4; 35; 45; 16; 12; 4; 30
17,23,0.77831,0.73913,21; 5; 17; 23; 17; 14; 10; 16
17,27,0.63142,0.62963,20; 14; 17; 27; 27; 30; 21; 13
16,31,0.49641,0.51613,18; 9; 16; 31; 18; 23; 8; 17
42,47,0.89704,0.89362,3; 4; 42; 47; 18; 21; 17; 20
8,55,0.26373,0.14545,13; 13; 8; 55; 12; 11; 26; 30
26,35,0.72361,0.74286,3; 10; 26; 35; 28; 22; 5; 26
5,19,0.26826,0.26316,32; 28; 5; 19; 11; 29; 14; 8
22,35,0.60147,0.62857,14; 18; 22; 35; 6; 9; 14; 6
23,55,0.43114,0.41818,6; 6; 23; 55; 25; 16; 14; 4
9,31,0.29159,0.29032,15; 6; 9; 31; 3; 30; 24; 19
5,51,0.26086,0.09804,12; 6; 5; 51; 32; 10; 16; 27
25,34,0.6583,0.73529,19; 16; 25; 34; 4; 24; 26; 8
33,37,0.90587,0.89189,5; 6; 33; 37; 22; 10; 10; 25
30,43,0.70405,0.69767,8; 4; 30; 43; 23; 23; 26; 16
14,69,0.22472,0.2029,6; 4; 14; 69; 9; 11; 17; 4
6,66,0.22786,0.09091,11; 13; 6; 66; 6; 3; 10; 8
18,43,0.45116,0.4186,13; 17; 18; 43; 9; 20; 20; 9
5,57,0.25229,0.08772,7; 18; 5; 57; 10; 11; 17; 29
31,49,0.63419,0.63265,9; 8; 31; 49; 17; 20; 12; 8
25,51,0.51235,0.4902,4; 4; 25; 51; 28; 8; 12; 32
26,35,0.75997,0.74286,5; 8; 26; 35; 8; 14; 30; 16
25,62,0.41171,0.40323,3; 4; 25; 62; 4; 15; 6; 6
8,53,0.24855,0.15094,13; 14; 8; 53; 15; 21; 30; 30
29,39,0.75539,0.74359,7; 11; 29; 39; 5; 27; 12; 6
26,41,0.63375,0.63415,3; 6; 26; 41; 22; 16; 6; 19
14,48,0.30293,0.29167,10; 10; 14; 48; 7; 11; 4; 3
26,50,0.52384,0.52,4; 9; 26; 50; 31; 14; 5; 7
6,62,0.24004,0.09677,10; 7; 6; 62; 22; 5; 8; 10
8,40,0.26006,0.2,12; 15; 8; 40; 22; 22; 15; 16
9,24,0.32628,0.375,23; 28; 9; 24; 23; 30; 9; 8
25,51,0.52159,0.4902,10; 6; 25; 51; 11; 4; 8; 28
18,23,0.85623,0.78261,8; 25; 18; 23; 7; 8; 13; 17
8,41,0.21759,0.19512,8; 6; 8; 41; 6; 8; 25; 28
22,45,0.48152,0.48889,6; 6; 22; 45; 6; 19; 25; 18
39,44,0.85975,0.88636,3; 3; 39; 44; 21; 13; 28; 14
17,45,0.39042,0.37778,17; 18; 17; 45; 12; 31; 25; 20
16,18,0.95271,0.88889,26; 14; 16; 18; 15; 15; 16; 17
16,42,0.34856,0.38095,6; 8; 16; 42; 29; 5; 29; 15
20,32,0.60352,0.625,20; 20; 20; 32; 19; 14; 31; 14
23,61,0.36625,0.37705,7; 7; 23; 61; 28; 25; 3; 21
24,34,0.69457,0.70588,3; 20; 24; 34; 18; 32; 27; 8
19,65,0.29602,0.29231,6; 3; 19; 65; 31; 27; 22; 4
19,30,0.57071,0.63333,6; 14; 19; 30; 7; 17; 9; 17
16,40,0.42009,0.4,9; 15; 16; 40; 24; 6; 24; 14
7,27,0.29577,0.25926,13; 28; 7; 27; 4; 7; 28; 22
31,49,0.64961,0.63265,5; 6; 31; 49; 23; 20; 28; 18
20,55,0.37836,0.36364,9; 7; 20; 55; 20; 19; 4; 9
14,35,0.34905,0.4,7; 9; 14; 35; 28; 7; 14; 26
26,50,0.51021,0.52,5; 6; 26; 50; 11; 28; 5; 25
20,56,0.38211,0.35714,8; 5; 20; 56; 22; 22; 10; 11
21,58,0.36203,0.36207,6; 5; 21; 58; 9; 29; 30; 19
35,50,0.66998,0.7,5; 6; 35; 50; 31; 24; 7; 20
37,53,0.69363,0.69811,4; 3; 37; 53; 12; 17; 25; 28
15,39,0.36784,0.38462,20; 8; 15; 39; 12; 25; 30; 19
37,53,0.69433,0.69811,4; 4; 37; 53; 20; 25; 17; 3
23,57,0.43691,0.40351,5; 3; 23; 57; 32; 3; 25; 20
25,32,0.76268,0.78125,14; 18; 25; 32; 23; 11; 10; 32
10,26,0.41501,0.38462,31; 20; 10; 26; 31; 6; 4; 3
5,14,0.48904,0.35714,36; 7; 5; 14; 7; 9; 9; 23
5,54,0.22948,0.09259,11; 15; 5; 54; 19; 31; 15; 15
26,35,0.71663,0.74286,15; 9; 26; 35; 29; 24; 6; 8
5,25,0.27817,0.2,28; 26; 5; 25; 15; 26; 5; 27
32,36,0.89079,0.88889,14; 15; 32; 36; 6; 28; 12; 3
5,51,0.24507,0.09804,10; 14; 5; 51; 13; 15; 16; 18
35,47,0.76607,0.74468,7; 8; 35; 47; 8; 6; 3; 17
5,13,0.34243,0.38462,5; 18; 5; 13; 17; 25; 28; 24
6,15,0.55456,0.4,21; 24; 6; 15; 3; 5; 28; 19
26,50,0.52225,0.52,10; 5; 26; 50; 10; 9; 31; 13
15,21,0.74998,0.71429,17; 25; 15; 21; 10; 10; 8; 22
25,62,0.4531,0.40323,4; 5; 25; 62; 15; 20; 24; 18
38,49,0.74418,0.77551,5; 3; 38; 49; 21; 31; 31; 13
6,69,0.23792,0.08696,3; 8; 6; 69; 16; 4; 19; 19
13,25,0.4839,0.52,7; 8; 13; 25; 3; 14; 4; 9
24,34,0.68782,0.70588,13; 12; 24; 34; 19; 25; 6; 7
19,50,0.36857,0.38,5; 11; 19; 50; 19; 19; 15; 4
28,57,0.51423,0.49123,3; 6; 28; 57; 25; 22; 19; 24
8,80,0.21926,0.1,3; 5; 8; 80; 30; 11; 12; 10
26,35,0.7091,0.74286,8; 10; 26; 35; 9; 13; 12; 27
19,47,0.40701,0.40426,4; 6; 19; 47; 10; 26; 19; 8
16,38,0.38352,0.42105,5; 20; 16; 38; 14; 27; 26; 21
18,23,0.77867,0.78261,26; 8; 18; 23; 9; 14; 4; 14
10,24,0.40733,0.41667,24; 28; 10; 24; 9; 28; 21; 22
11,55,0.245,0.2,4; 4; 11; 55; 6; 28; 19; 29
12,76,0.22948,0.15789,5; 3; 12; 76; 19; 10; 4; 4
8,81,0.19203,0.09877,4; 3; 8; 81; 23; 17; 16; 6
25,28,0.92166,0.89286,4; 15; 25; 28; 4; 10; 27; 3
24,49,0.51203,0.4898,12; 7; 24; 49; 29; 16; 27; 10
17,58,0.29586,0.2931,10; 11; 17; 58; 14; 18; 26; 7
9,45,0.27273,0.2,8; 4; 9; 45; 30; 5; 28; 22
18,70,0.2507,0.25714,4; 5; 18; 70; 28; 14; 19; 26
7,73,0.20305,0.09589,8; 6; 7; 73; 29; 31; 7; 11
10,65,0.25638,0.15385,6; 10; 10; 65; 11; 10; 4; 27
8,82,0.26742,0.09756,3; 4; 8; 82; 21; 18; 23; 20
39,44,0.8793,0.88636,7; 6; 39; 44; 24; 28; 27; 17
23,47,0.49136,0.48936,8; 11; 23; 47; 31; 26; 25; 6
12,47,0.26018,0.25532,8; 18; 12; 47; 10; 28; 22; 11
24,49,0.47619,0.4898,7; 8; 24; 49; 10; 16; 12; 27
32,46,0.65836,0.69565,7; 10; 32; 46; 5; 11; 26; 8
6,37,0.21824,0.16216,9; 26; 6; 37; 17; 26; 9; 31
21,27,0.77486,0.77778,25; 18; 21; 27; 4; 15; 5; 28
23,31,0.76109,0.74194,19; 11; 23; 31; 12; 28; 20; 7
12,75,0.22313,0.16,3; 4; 12; 75; 30; 26; 20; 8
24,49,0.51516,0.4898,8; 5; 24; 49; 25; 27; 9; 30
38,49,0.76102,0.77551,3; 3; 38; 49; 24; 8; 30; 19
34,54,0.62984,0.62963,4; 5; 34; 54; 14; 14; 3; 27
20,70,0.31576,0.28571,4; 4; 20; 70; 32; 17; 5; 32
20,41,0.51121,0.4878,16; 17; 20; 41; 18; 27; 12; 9
20,28,0.76206,0.71429,16; 11; 20; 28; 12; 15; 20; 21
6,69,0.23862,0.08696,7; 9; 6; 69; 14; 21; 11; 11
24,46,0.53602,0.52174,8; 13; 24; 46; 4; 17; 5; 5
16,18,0.88605,0.88889,30; 6; 16; 18; 17; 28; 23; 28
22,55,0.40872,0.4,10; 9; 22; 55; 23; 20; 27; 18
22,61,0.36023,0.36066,4; 7; 22; 61; 14; 10; 16; 3
26,35,0.73405,0.74286,13; 8; 26; 35; 22; 18; 10; 24
5,34,0.24993,0.14706,26; 10; 5; 34; 9; 9; 27; 18
15,36,0.45975,0.41667,7; 16; 15; 36; 28; 23; 9; 18
32,43,0.75263,0.74419,4; 4; 32; 43; 6; 5; 12; 3
20,53,0.39772,0.37736,5; 12; 20; 53; 23; 17; 30; 16
7,82,0.2423,0.08537,3; 4; 7; 82; 6; 19; 18; 17
9,57,0.2209,0.15789,9; 11; 9; 57; 12; 20; 4; 6
10,34,0.31131,0.29412,16; 16; 10; 34; 10; 21; 17; 4
5,14,0.44404,0.35714,22; 39; 5; 14; 30; 4; 5; 22
24,49,0.48931,0.4898,12; 5; 24; 49; 8; 25; 5; 22
5,54,0.24462,0.09259,13; 14; 5; 54; 11; 29; 26; 28
23,44,0.51581,0.52273,12; 15; 23; 44; 19; 21; 5; 18
22,31,0.79615,0.70968,10; 7; 22; 31; 29; 8; 16; 22
8,50,0.21159,0.16,9; 16; 8; 50; 9; 10; 18; 20
14,19,0.80761,0.73684,17; 32; 14; 19; 13; 10; 6; 14
9,62,0.25763,0.14516,12; 5; 9; 62; 23; 5; 29; 9
16,45,0.39409,0.35556,8; 3; 16; 45; 5; 29; 5; 29
5,50,0.22443,0.1,13; 17; 5; 50; 26; 17; 16; 8
13,66,0.24024,0.19697,3; 6; 13; 66; 23; 19; 3; 14
26,35,0.72249,0.74286,6; 15; 26; 35; 9; 22; 25; 3
8,55,0.24545,0.14545,13; 3; 8; 55; 3; 16; 31; 12
5,12,0.4237,0.41667,4; 39; 5; 12; 24; 4; 19; 18
10,38,0.26053,0.26316,13; 25; 10; 38; 18; 9; 21; 28
14,19,0.82865,0.73684,16; 5; 14; 19; 20; 16; 16; 22
29,59,0.49746,0.49153,4; 5; 29; 59; 6; 22; 15; 4
25,60,0.41408,0.41667,5; 3; 25; 60; 22; 11; 9; 25
30,48,0.63157,0.625,9; 6; 30; 48; 9; 13; 6; 26
6,61,0.22953,0.09836,11; 4; 6; 61; 10; 16; 11; 5
28,57,0.49285,0.49123,6; 4; 28; 57; 16; 31; 17; 6
17,19,0.93262,0.89474,6; 31; 17; 19; 30; 16; 27; 14
32,45,0.71466,0.71111,8; 6; 32; 45; 14; 18; 26; 4
6,59,0.20908,0.10169,14; 10; 6; 59; 11; 29; 14; 20
17,33,0.54786,0.51515,19; 18; 17; 33; 10; 21; 3; 8
26,37,0.69754,0.7027,3; 6; 26; 37; 6; 14; 4; 4
11,21,0.53802,0.52381,33; 9; 11; 21; 20; 10; 18; 29
9,45,0.27362,0.2,19; 16; 9; 45; 22; 32; 30; 3
16,23,0.76809,0.69565,11; 23; 16; 23; 21; 15; 23; 9
14,69,0.24905,0.2029,5; 7; 14; 69; 31; 6; 29; 5
27,52,0.5376,0.51923,5; 6; 27; 52; 5; 23; 10; 12
5,31,0.21542,0.16129,26; 4; 5; 31; 31; 23; 23; 15
35,45,0.77623,0.77778,8; 6; 35; 45; 15; 13; 17; 21
37,53,0.68137,0.69811,3; 4; 37; 53; 30; 13; 16; 11
18,37,0.49841,0.48649,4; 7; 18; 37; 30; 12; 15; 18
32,51,0.61566,0.62745,6; 6; 32; 51; 17; 17; 22; 30
26,37,0.68517,0.7027,5; 12; 26; 37; 25; 13; 8; 25
12,41,0.33888,0.29268,3; 9; 12; 41; 27; 12; 32; 5
17,33,0.4908,0.51515,17; 18; 17; 33; 18; 13; 9; 11
24,49,0.49096,0.4898,11; 5; 24; 49; 26; 28; 24; 16
10,63,0.23776,0.15873,11; 3; 10; 63; 8; 23; 11; 8
21,53,0.42404,0.39623,12; 11; 21; 53; 4; 5; 26; 29
26,41,0.61269,0.63415,13; 12; 26; 41; 24; 7; 16; 10
12,76,0.22766,0.15789,5; 3; 12; 76; 22; 32; 4; 13
16,31,0.52839,0.51613,16; 17; 16; 31; 18; 15; 11; 27
8,54,0.25422,0.14815,16; 10; 8; 54; 27; 28; 3; 6
10,26,0.3387,0.38462,16; 22; 10; 26; 32; 21; 15; 18
31,40,0.77556,0.775,4; 10; 31; 40; 22; 10; 13; 18
34,38,0.88734,0.89474,9; 11; 34; 38; 29; 21; 19; 12
31,49,0.60696,0.63265,9; 3; 31; 49; 28; 3; 25; 12
5,49,0.26023,0.10204,7; 11; 5; 49; 22; 5; 9; 9
7,81,0.22257,0.08642,4; 5; 7; 81; 16; 5; 29; 3
28,57,0.47789,0.49123,3; 5; 28; 57; 11; 27; 26; 5
7,78,0.2415,0.08974,3; 3; 7; 78; 29; 16; 18; 19
16,62,0.26027,0.25806,6; 3; 16; 62; 23; 27; 21; 14
10,14,0.73777,0.71429,4; 13; 10; 14; 27; 9; 18; 17
16,55,0.29391,0.29091,13; 8; 16; 55; 24; 7; 9; 32
20,50,0.42058,0.4,8; 9; 20; 50; 23; 9; 18; 23
20,55,0.37597,0.36364,10; 7; 20; 55; 26; 13; 26; 4
8,40,0.21834,0.2,14; 20; 8; 40; 7; 23; 18; 23
14,18,0.88657,0.77778,25; 27; 14; 18; 12; 31; 24; 23
30,42,0.68298,0.71429,5; 13; 30; 42; 22; 29; 11; 28
41,46,0.91263,0.8913,3; 4; 41; 46; 11; 12; 27; 18
12,77,0.23223,0.15584,3; 3; 12; 77; 25; 23; 20; 27
35,45,0.77994,0.77778,5; 8; 35; 45; 5; 11; 22; 5
12,75,0.23271,0.16,3; 3; 12; 75; 30; 20; 3; 31
34,38,0.88192,0.89474,13; 5; 34; 38; 15; 23; 10; 15
14,71,0.23508,0.19718,4; 4; 14; 71; 21; 4; 21; 27
8,40,0.29823,0.2,11; 8; 8; 40; 6; 26; 24; 25
10,14,0.81077,0.71429,21; 9; 10; 14; 22; 7; 29; 26
30,58,0.53663,0.51724,5; 5; 30; 58; 11; 20; 19; 5
9,62,0.22857,0.14516,8; 4; 9; 62; 10; 5; 22; 6
10,49,0.23751,0.20408,10; 10; 10; 49; 31; 22; 9; 28
8,20,0.37619,0.4,30; 4; 8; 20; 15; 16; 18; 32
10,61,0.23906,0.16393,6; 13; 10; 61; 27; 7; 26; 26
15,39,0.29364,0.38462,18; 21; 15; 39; 29; 10; 3; 31
15,40,0.41935,0.375,8; 17; 15; 40; 8; 19; 22; 31
20,70,0.29037,0.28571,4; 3; 20; 70; 29; 31; 4; 18
6,62,0.24097,0.09677,15; 12; 6; 62; 23; 6; 12; 23
7,10,0.68268,0.7,12; 9; 7; 10; 8; 22; 4; 21
12,78,0.22281,0.15385,4; 3; 12; 78; 13; 8; 23; 27
10,67,0.22216,0.14925,10; 6; 10; 67; 10; 9; 25; 18
35,45,0.76312,0.77778,7; 9; 35; 45; 31; 14; 5; 4
16,40,0.33709,0.4,20; 7; 16; 40; 24; 26; 8; 5
32,43,0.72753,0.74419,8; 11; 32; 43; 15; 21; 30; 27
5,32,0.28141,0.15625,5; 9; 5; 32; 8; 32; 12; 9
7,82,0.26988,0.08537,3; 4; 7; 82; 8; 13; 30; 7
20,27,0.72956,0.74074,19; 23; 20; 27; 5; 6; 4; 25
10,28,0.35432,0.35714,3; 12; 10; 28; 14; 30; 18; 16
13,25,0.51716,0.52,16; 5; 13; 25; 3; 3; 18; 13
12,47,0.25877,0.25532,4; 10; 12; 47; 17; 25; 18; 32
22,58,0.37113,0.37931,4; 8; 22; 58; 26; 7; 27; 14
16,18,0.90067,0.88889,26; 7; 16; 18; 10; 4; 18; 26
16,56,0.29569,0.28571,5; 10; 16; 56; 15; 23; 22; 17
5,12,0.49146,0.41667,7; 8; 5; 12; 27; 12; 8; 5
24,27,0.88279,0.88889,13; 8; 24; 27; 15; 9; 13; 18
9,31,0.29239,0.29032,9; 16; 9; 31; 10; 4; 32; 5
21,30,0.68062,0.7,10; 6; 21; 30; 30; 17; 20; 11
19,27,0.72396,0.7037,10; 15; 19; 27; 18; 17; 4; 17
11,73,0.28171,0.15068,6; 5; 11; 73; 30; 18; 16; 6
24,34,0.72569,0.70588,6; 6; 24; 34; 17; 13; 13; 9
33,47,0.69879,0.70213,4; 4; 33; 47; 18; 10; 28; 23
28,38,0.6847,0.73684,8; 7; 28; 38; 3; 3; 12; 11
7,82,0.21621,0.08537,3; 4; 7; 82; 3; 3; 7; 9
7,72,0.23071,0.09722,4; 4; 7; 72; 17; 7; 15; 27
21,55,0.38289,0.38182,3; 5; 21; 55; 22; 8; 21; 28
16,61,0.26716,0.2623,5; 7; 16; 61; 26; 25; 3; 11
26,35,0.73869,0.74286,12; 4; 26; 35; 12; 6; 24; 29
5,12,0.50845,0.41667,18; 13; 5; 12; 3; 26; 10; 27
17,47,0.36972,0.3617,7; 16; 17; 47; 8; 28; 18; 22
16,23,0.73792,0.69565,21; 12; 16; 23; 6; 20; 4; 21
25,62,0.40473,0.40323,3; 5; 25; 62; 15; 20; 8; 31
23,31,0.69957,0.74194,13; 3; 23; 31; 12; 31; 8; 28
9,31,0.27436,0.29032,15; 28; 9; 31; 30; 8; 18; 6
5,14,0.25703,0.35714,20; 34; 5; 14; 9; 21; 17; 17
15,75,0.25982,0.2,4; 4; 15; 75; 8; 20; 19; 15
33,37,0.86686,0.89189,10; 12; 33; 37; 15; 22; 31; 19
38,49,0.75804,0.77551,3; 4; 38; 49; 30; 7; 27; 21
27,55,0.49305,0.49091,6; 5; 27; 55; 14; 20; 12; 29
24,60,0.42475,0.4,7; 6; 24; 60; 4; 31; 27; 27
9,56,0.22677,0.16071,5; 13; 9; 56; 23; 5; 25; 14
7,73,0.24203,0.09589,9; 4; 7; 73; 23; 5; 25; 31
9,45,0.26314,0.2,9; 8; 9; 45; 32; 12; 4; 16
23,31,0.7681,0.74194,19; 18; 23; 31; 12; 15; 21; 21
10,68,0.22341,0.14706,4; 5; 10; 68; 21; 7; 5; 10
5,31,0.27917,0.16129,18; 15; 5; 31; 3; 25; 29; 4
7,27,0.29349,0.25926,13; 26; 7; 27; 5; 31; 19; 5
16,61,0.29788,0.2623,8; 7; 16; 61; 31; 13; 3; 11
5,32,0.33026,0.15625,3; 24; 5; 32; 13; 19; 24; 20
11,67,0.22881,0.16418,7; 4; 11; 67; 30; 32; 13; 6
23,33,0.69772,0.69697,15; 8; 23; 33; 31; 29; 3; 15
39,44,0.88649,0.88636,5; 7; 39; 44; 24; 15; 9; 23
14,69,0.24548,0.2029,7; 5; 14; 69; 4; 12; 4; 9
17,45,0.35949,0.37778,9; 11; 17; 45; 8; 14; 3; 11
7,77,0.24238,0.09091,7; 5; 7; 77; 16; 3; 19; 16
5,12,0.49373,0.41667,20; 37; 5; 12; 15; 14; 14; 28
32,41,0.76853,0.78049,4; 10; 32; 41; 27; 22; 17; 25
38,49,0.74919,0.77551,3; 4; 38; 49; 12; 29; 7; 23
16,23,0.76138,0.69565,3; 25; 16; 23; 13; 31; 21; 3
23,55,0.41742,0.41818,3; 10; 23; 55; 19; 25; 16; 11
20,41,0.5109,0.4878,14; 11; 20; 41; 19; 20; 30; 15
15,21,0.71328,0.71429,21; 25; 15; 21; 31; 21; 25; 8
5,13,0.54787,0.38462,40; 22; 5; 13; 14; 26; 26; 24
28,38,0.70848,0.73684,13; 14; 28; 38; 32; 7; 12; 12
11,42,0.26125,0.2619,21; 20; 11; 42; 16; 6; 26; 10
9,61,0.25447,0.14754,11; 6; 9; 61; 4; 22; 9; 17
25,60,0.41396,0.41667,3; 3; 25; 60; 11; 25; 20; 24
16,40,0.38877,0.4,6; 19; 16; 40; 16; 30; 9; 9
25,48,0.53535,0.52083,12; 4; 25; 48; 6; 29; 8; 23
20,32,0.65095,0.625,17; 10; 20; 32; 12; 6; 11; 6
12,23,0.43206,0.52174,15; 4; 12; 23; 8; 26; 7; 32
29,56,0.54651,0.51786,6; 4; 29; 56; 3; 24; 24; 27
12,30,0.40458,0.4,23; 12; 12; 30; 32; 25; 19; 18
8,82,0.19335,0.09756,4; 3; 8; 82; 3; 11; 22; 31
5,53,0.23133,0.09434,19; 16; 5; 53; 11; 16; 14; 30
24,34,0.72623,0.70588,9; 7; 24; 34; 20; 23; 7; 11
5,54,0.26811,0.09259,13; 14; 5; 54; 26; 13; 18; 3
26,50,0.53231,0.52,7; 3; 26; 50; 15; 6; 18; 25
38,49,0.76493,0.77551,3; 5; 38; 49; 24; 3; 19; 20
31,42,0.70772,0.7381,5; 10; 31; 42; 20; 26; 17; 18
35,50,0.67524,0.7,5; 5; 35; 50; 6; 7; 31; 19
23,61,0.37079,0.37705,5; 3; 23; 61; 28; 13; 30; 24
18,23,0.88075,0.78261,23; 28; 18; 23; 3; 23; 27; 26
26,62,0.43672,0.41935,3; 5; 26; 62; 24; 19; 28; 7
35,50,0.67411,0.7,4; 4; 35; 50; 24; 10; 10; 15
36,51,0.67341,0.70588,5; 5; 36; 51; 28; 28; 14; 5
7,10,0.68311,0.7,15; 8; 7; 10; 14; 9; 3; 21
5,13,0.47237,0.38462,22; 17; 5; 13; 29; 12; 6; 11
5,57,0.20375,0.08772,12; 9; 5; 57; 13; 3; 6; 26
23,31,0.72796,0.74194,12; 13; 23; 31; 14; 26; 22; 11
19,39,0.51783,0.48718,4; 9; 19; 39; 15; 30; 13; 16
21,52,0.41384,0.40385,11; 3; 21; 52; 9; 32; 23; 14
12,17,0.82514,0.70588,14; 10; 12; 17; 16; 7; 28; 19
8,19,0.40265,0.42105,27; 28; 8; 19; 24; 14; 4; 24
26,35,0.70727,0.74286,3; 5; 26; 35; 24; 29; 7; 22
32,46,0.68317,0.69565,10; 9; 32; 46; 16; 6; 13; 8
35,49,0.69826,0.71429,6; 3; 35; 49; 13; 28; 15; 3
11,56,0.26516,0.19643,7; 7; 11; 56; 29; 25; 7; 22
23,33,0.71179,0.69697,14; 18; 23; 33; 27; 6; 20; 12
5,12,0.50485,0.41667,36; 24; 5; 12; 11; 25; 11; 17
42,47,0.88454,0.89362,4; 3; 42; 47; 9; 14; 9; 6
20,55,0.36781,0.36364,4; 11; 20; 55; 4; 27; 4; 10
13,34,0.3575,0.38235,16; 14; 13; 34; 15; 14; 12; 22
7,10,0.71941,0.7,24; 12; 7; 10; 28; 4; 24; 18
23,44,0.52739,0.52273,5; 9; 23; 44; 8; 28; 10; 9
23,47,0.50898,0.48936,8; 7; 23; 47; 10; 27; 29; 13
24,66,0.37638,0.36364,3; 3; 24; 66; 11; 31; 12; 23
19,45,0.41774,0.42222,14; 3; 19; 45; 28; 11; 3; 9
17,45,0.41136,0.37778,5; 5; 17; 45; 24; 4; 3; 5
34,46,0.71932,0.73913,9; 6; 34; 46; 6; 16; 7; 29
31,49,0.62098,0.63265,7; 9; 31; 49; 18; 24; 4; 5
10,24,0.44734,0.41667,18; 26; 10; 24; 19; 30; 8; 27
28,57,0.5079,0.49123,4; 3; 28; 57; 12; 18; 26; 8
21,59,0.36774,0.35593,9; 8; 21; 59; 17; 27; 20; 25
5,54,0.26094,0.09259,16; 11; 5; 54; 21; 26; 17; 28
8,31,0.23401,0.25806,29; 27; 8; 31; 21; 21; 21; 18
5,7,0.80975,0.71429,3; 26; 5; 7; 8; 19; 20; 29
18,23,0.87356,0.78261,3; 3; 18; 23; 20; 13; 9; 18
6,69,0.21985,0.08696,9; 10; 6; 69; 31; 11; 12; 24
9,61,0.20082,0.14754,7; 4; 9; 61; 13; 19; 20; 19
6,64,0.22353,0.09375,12; 10; 6; 64; 23; 28; 18; 9
20,52,0.41635,0.38462,7; 9; 20; 52; 3; 13; 9; 9
15,58,0.27613,0.25862,10; 4; 15; 58; 20; 29; 10; 19
7,80,0.25055,0.0875,5; 4; 7; 80; 15; 12; 27; 14
35,47,0.77257,0.74468,8; 6; 35; 47; 22; 10; 6; 16
9,60,0.22706,0.15,14; 7; 9; 60; 15; 29; 21; 30
35,50,0.68166,0.7,5; 6; 35; 50; 11; 18; 24; 22
24,60,0.41227,0.4,6; 4; 24; 60; 23; 13; 4; 10
15,42,0.36178,0.35714,5; 20; 15; 42; 15; 21; 8; 17
9,24,0.35863,0.375,10; 24; 9; 24; 17; 30; 23; 18
8,79,0.22079,0.10127,4; 5; 8; 79; 8; 6; 28; 16
24,49,0.49532,0.4898,6; 9; 24; 49; 18; 7; 6; 18
18,45,0.41349,0.4,4; 13; 18; 45; 11; 24; 15; 20
6,58,0.23072,0.10345,17; 11; 6; 58; 7; 12; 21; 25
31,42,0.68324,0.7381,5; 5; 31; 42; 19; 4; 30; 10
17,47,0.36004,0.3617,6; 11; 17; 47; 14; 29; 18; 17
10,24,0.42441,0.41667,24; 29; 10; 24; 24; 18; 17; 10
7,9,0.74447,0.77778,35; 23; 7; 9; 23; 25; 18; 5
18,23,0.82931,0.78261,28; 7; 18; 23; 29; 27; 7; 23
18,62,0.32181,0.29032,8; 7; 18; 62; 10; 22; 23; 9
12,59,0.24309,0.20339,8; 5; 12; 59; 9; 8; 8; 11
34,54,0.61755,0.62963,4; 3; 34; 54; 6; 17; 32; 21
37,50,0.74244,0.74,5; 3; 37; 50; 9; 29; 18; 31
16,42,0.38675,0.38095,16; 9; 16; 42; 22; 28; 4; 6
36,51,0.68636,0.70588,4; 5; 36; 51; 7; 5; 5; 6
32,45,0.69864,0.71111,10; 3; 32; 45; 10; 16; 19; 7
30,42,0.71108,0.71429,8; 10; 30; 42; 27; 12; 20; 25
8,55,0.22098,0.14545,7; 6; 8; 55; 28; 5; 24; 11
5,17,0.34733,0.29412,6; 35; 5; 17; 7; 25; 22; 22
14,19,0.80078,0.73684,19; 25; 14; 19; 29; 18; 15; 6
34,48,0.67568,0.70833,6; 5; 34; 48; 29; 21; 8; 26
25,40,0.60944,0.625,10; 12; 25; 40; 32; 12; 3; 24
15,36,0.40214,0.41667,12; 16; 15; 36; 25; 9; 20; 29
13,34,0.38722,0.38235,17; 19; 13; 34; 24; 7; 18; 31
13,36,0.34947,0.36111,13; 23; 13; 36; 15; 16; 22; 27
9,46,0.20414,0.19565,5; 12; 9; 46; 20; 32; 4; 17
22,42,0.52334,0.52381,10; 10; 22; 42; 28; 8; 4; 30
41,46,0.87562,0.8913,5; 3; 41; 46; 7; 19; 20; 23
18,50,0.36484,0.36,10; 7; 18; 50; 20; 27; 15; 23
15,74,0.22095,0.2027,4; 4; 15; 74; 18; 27; 15; 29
22,42,0.52947,0.52381,14; 5; 22; 42; 9; 10; 5; 7
9,62,0.24856,0.14516,9; 11; 9; 62; 13; 18; 27; 28
9,44,0.22877,0.20455,16; 18; 9; 44; 20; 17; 5; 13
10,65,0.21954,0.15385,8; 3; 10; 65; 19; 29; 17; 31
7,48,0.21033,0.14583,11; 15; 7; 48; 6; 21; 14; 18
12,19,0.66557,0.63158,33; 12; 12; 19; 10; 24; 21; 21
23,44,0.54737,0.52273,10; 14; 23; 44; 29; 25; 17; 20
8,54,0.2341,0.14815,6; 10; 8; 54; 10; 32; 31; 7
29,56,0.55323,0.51786,4; 4; 29; 56; 17; 19; 24; 8
9,55,0.22258,0.16364,16; 6; 9; 55; 22; 17; 26; 32
23,57,0.41037,0.40351,4; 4; 23; 57; 11; 15; 15; 26
32,41,0.77271,0.78049,6; 11; 32; 41; 24; 8; 12; 26
32,45,0.72915,0.71111,6; 8; 32; 45; 6; 4; 16; 31
5,7,0.75232,0.71429,4; 24; 5; 7; 4; 19; 21; 26
16,62,0.31011,0.25806,3; 3; 16; 62; 10; 4; 31; 25
12,41,0.27266,0.29268,17; 7; 12; 41; 28; 15; 11; 18
6,37,0.20341,0.16216,24; 15; 6; 37; 9; 11; 22; 4
18,37,0.48778,0.48649,9; 19; 18; 37; 11; 22; 8; 32
33,37,0.86837,0.89189,13; 5; 33; 37; 11; 10; 30; 23
26,53,0.49238,0.49057,7; 3; 26; 53; 21; 21; 16; 9
5,54,0.25337,0.09259,17; 19; 5; 54; 12; 20; 5; 14
31,35,0.88528,0.88571,6; 11; 31; 35; 18; 18; 26; 8
10,35,0.32348,0.28571,10; 5; 10; 35; 17; 14; 32; 19
14,48,0.30597,0.29167,4; 7; 14; 48; 17; 7; 19; 4
15,75,0.23476,0.2,3; 3; 15; 75; 25; 14; 24; 23
10,63,0.20251,0.15873,4; 8; 10; 63; 20; 17; 3; 24
26,50,0.5262,0.52,3; 6; 26; 50; 4; 7; 12; 26
26,50,0.50103,0.52,4; 4; 26; 50; 15; 3; 30; 28
27,52,0.52647,0.51923,3; 5; 27; 52; 26; 18; 29; 18
6,65,0.22772,0.09231,4; 5; 6; 65; 15; 15; 10; 32
7,75,0.23486,0.09333,4; 5; 7; 75; 32; 3; 19; 21
22,35,0.62318,0.62857,13; 17; 22; 35; 14; 11; 17; 25
5,12,0.67036,0.41667,14; 40; 5; 12; 27; 14; 31; 23
27,38,0.68301,0.71053,8; 15; 27; 38; 32; 9; 6; 12
24,46,0.52639,0.52174,4; 12; 24; 46; 19; 11; 28; 7
8,79,0.21269,0.10127,4; 5; 8; 79; 5; 31; 8; 23
7,10,0.66382,0.7,13; 37; 7; 10; 8; 15; 13; 22
20,50,0.37445,0.4,3; 4; 20; 50; 16; 6; 31; 5
26,41,0.61709,0.63415,7; 9; 26; 41; 9; 22; 16; 10
7,74,0.22449,0.09459,7; 6; 7; 74; 5; 4; 30; 14
32,43,0.76514,0.74419,3; 4; 32; 43; 5; 17; 8; 12
8,80,0.2388,0.1,5; 5; 8; 80; 24; 13; 3; 3
31,35,0.90407,0.88571,11; 7; 31; 35; 21; 30; 27; 15
32,46,0.68893,0.69565,7; 7; 32; 46; 8; 26; 31; 32
11,38,0.28126,0.28947,9; 21; 11; 38; 32; 4; 15; 25
28,54,0.53675,0.51852,6; 4; 28; 54; 24; 19; 24; 26
11,56,0.24109,0.19643,3; 11; 11; 56; 27; 9; 23; 14
35,47,0.74429,0.74468,4; 4; 35; 47; 18; 6; 3; 13
15,29,0.53213,0.51724,8; 10; 15; 29; 11; 31; 11; 25
10,24,0.32686,0.41667,25; 11; 10; 24; 6; 11; 10; 8
31,44,0.69414,0.70455,4; 10; 31; 44; 7; 11; 30; 27
6,23,0.31587,0.26087,27; 18; 6; 23; 14; 26; 6; 4
35,45,0.77773,0.77778,6; 8; 35; 45; 3; 18; 15; 10
19,27,0.70625,0.7037,8; 7; 19; 27; 17; 8; 16; 28
24,60,0.41605,0.4,4; 5; 24; 60; 10; 28; 4; 24
10,28,0.28392,0.35714,21; 14; 10; 28; 13; 24; 25; 10
21,43,0.59138,0.48837,7; 11; 21; 43; 20; 16; 6; 32
10,14,0.82199,0.71429,19; 18; 10; 14; 18; 5; 28; 18
7,67,0.23257,0.10448,4; 9; 7; 67; 15; 22; 20; 32
16,31,0.51256,0.51613,12; 11; 16; 31; 31; 14; 3; 20
28,57,0.52698,0.49123,3; 3; 28; 57; 4; 28; 4; 12
8,22,0.26409,0.36364,30; 17; 8; 22; 11; 12; 19; 27
15,51,0.28446,0.29412,14; 6; 15; 51; 6; 16; 25; 24
24,27,0.90141,0.88889,13; 17; 24; 27; 6; 7; 3; 27
8,40,0.25371,0.2,3; 17; 8; 40; 11; 24; 22; 4
11,26,0.46004,0.42308,12; 7; 11; 26; 23; 21; 12; 8
20,48,0.41927,0.41667,8; 7; 20; 48; 12; 20; 14; 11
5,25,0.24918,0.2,17; 28; 5; 25; 11; 11; 28; 16
29,56,0.53477,0.51786,6; 6; 29; 56; 25; 12; 27; 17
33,37,0.93294,0.89189,5; 9; 33; 37; 5; 5; 19; 25
14,33,0.4409,0.42424,4; 21; 14; 33; 31; 21; 18; 14
33,52,0.62309,0.63462,4; 4; 33; 52; 3; 30; 23; 15
12,23,0.47831,0.52174,18; 6; 12; 23; 18; 7; 22; 23
7,47,0.24258,0.14894,18; 13; 7; 47; 20; 24; 28; 14
25,48,0.53524,0.52083,8; 4; 25; 48; 4; 3; 16; 19
5,52,0.26,0.09615,15; 19; 5; 52; 14; 25; 17; 23
17,65,0.2648,0.26154,5; 5; 17; 65; 9; 30; 10; 13
32,45,0.70397,0.71111,8; 9; 32; 45; 15; 6; 15; 3
38,49,0.78631,0.77551,3; 5; 38; 49; 6; 31; 29; 7
21,50,0.43062,0.42,10; 4; 21; 50; 18; 22; 7; 4
5,32,0.30497,0.15625,11; 6; 5; 32; 16; 32; 15; 18
32,41,0.83112,0.78049,9; 8; 32; 41; 28; 4; 6; 7
8,80,0.21531,0.1,5; 5; 8; 80; 4; 19; 28; 13
13,25,0.50335,0.52,29; 11; 13; 25; 28; 22; 30; 10
34,54,0.61783,0.62963,4; 4; 34; 54; 29; 25; 21; 8
12,41,0.30322,0.29268,5; 18; 12; 41; 20; 19; 32; 19
17,42,0.42995,0.40476,12; 8; 17; 42; 5; 9; 19; 5
34,38,0.90995,0.89474,5; 6; 34; 38; 13; 11; 26; 17
16,23,0.73911,0.69565,3; 3; 16; 23; 28; 20; 19; 18
22,55,0.44546,0.4,4; 9; 22; 55; 26; 8; 29; 6
11,56,0.23432,0.19643,13; 9; 11; 56; 20; 19; 26; 7
35,45,0.82137,0.77778,8; 9; 35; 45; 28; 11; 17; 28
6,65,0.20044,0.09231,6; 4; 6; 65; 9; 22; 10; 20
23,58,0.39269,0.39655,6; 5; 23; 58; 13; 5; 12; 7
24,49,0.49577,0.4898,8; 3; 24; 49; 27; 3; 20; 5
11,69,0.22066,0.15942,4; 8; 11; 69; 32; 22; 14; 8
26,50,0.53551,0.52,10; 11; 26; 50; 21; 13; 15; 20
8,55,0.23659,0.14545,7; 11; 8; 55; 23; 29; 11; 17
13,31,0.42106,0.41935,24; 22; 13; 31; 13; 20; 3; 28
14,71,0.24192,0.19718,5; 3; 14; 71; 29; 21; 12; 6
19,39,0.46314,0.48718,16; 11; 19; 39; 25; 10; 32; 23
13,64,0.23569,0.20312,10; 9; 13; 64; 6; 11; 16; 3
8,21,0.38675,0.38095,17; 20; 8; 21; 11; 13; 31; 4
5,7,0.70922,0.71429,31; 14; 5; 7; 22; 22; 32; 20
14,18,0.79885,0.77778,8; 12; 14; 18; 6; 13; 3; 12
34,38,0.87376,0.89474,4; 10; 34; 38; 12; 23; 13; 15
16,23,0.71903,0.69565,24; 18; 16; 23; 21; 7; 12; 9
8,41,0.25321,0.19512,24; 15; 8; 41; 24; 29; 20; 4
23,47,0.50828,0.48936,4; 3; 23; 47; 17; 28; 7; 32
12,30,0.35614,0.4,3; 28; 12; 30; 20; 4; 28; 16
12,74,0.23388,0.16216,5; 3; 12; 74; 3; 13; 20; 4
10,16,0.71523,0.625,31; 36; 10; 16; 25; 8; 8; 11
33,52,0.62238,0.63462,4; 5; 33; 52; 23; 4; 18; 6
25,40,0.63046,0.625,4; 14; 25; 40; 12; 16; 13; 9
32,36,0.88028,0.88889,5; 9; 32; 36; 4; 17; 21; 6
39,44,0.89326,0.88636,3; 5; 39; 44; 11; 17; 21; 24
34,46,0.74195,0.73913,5; 4; 34; 46; 11; 10; 14; 12
19,50,0.38178,0.38,10; 14; 19; 50; 28; 30; 5; 25
27,52,0.50975,0.51923,6; 4; 27; 52; 15; 9; 14; 27
16,31,0.49402,0.51613,17; 8; 16; 31; 24; 10; 31; 30
11,26,0.45127,0.42308,23; 16; 11; 26; 30; 10; 21; 17
10,68,0.22912,0.14706,5; 8; 10; 68; 21; 5; 12; 15
8,19,0.3618,0.42105,23; 9; 8; 19; 16; 21; 29; 26
36,46,0.78077,0.78261,5; 8; 36; 46; 20; 7; 6; 18
7,78,0.20419,0.08974,4; 3; 7; 78; 25; 23; 23; 9
15,40,0.40175,0.375,4; 11; 15; 40; 27; 28; 12; 10
26,50,0.5105,0.52,11; 10; 26; 50; 24; 19; 10; 26
17,65,0.28779,0.26154,3; 8; 17; 65; 28; 9; 5; 28
23,31,0.73814,0.74194,13; 10; 23; 31; 24; 18; 26; 19
10,34,0.27531,0.29412,26; 24; 10; 34; 31; 30; 19; 8
16,61,0.25358,0.2623,9; 9; 16; 61; 7; 8; 13; 8
6,62,0.25504,0.09677,15; 12; 6; 62; 17; 32; 16; 27
16,44,0.37084,0.36364,19; 6; 16; 44; 14; 30; 4; 12
23,33,0.69284,0.69697,16; 19; 23; 33; 4; 31; 28; 8
20,28,0.69738,0.71429,13; 17; 20; 28; 15; 21; 18; 22
6,67,0.21925,0.08955,11; 5; 6; 67; 30; 20; 6; 15
7,43,0.24668,0.16279,13; 19; 7; 43; 6; 11; 9; 20
33,37,0.8566,0.89189,12; 8; 33; 37; 29; 19; 21; 24
5,17,0.41783,0.29412,18; 26; 5; 17; 19; 4; 6; 22
20,52,0.40533,0.38462,4; 5; 20; 52; 26; 23; 6; 4
19,48,0.38096,0.39583,11; 9; 19; 48; 3; 16; 16; 26
24,27,0.87696,0.88889,7; 3; 24; 27; 20; 5; 31; 26
12,75,0.23043,0.16,4; 5; 12; 75; 30; 24; 7; 9
25,65,0.40365,0.38462,4; 3; 25; 65; 27; 3; 12; 7
9,35,0.25267,0.25714,20; 19; 9; 35; 4; 25; 24; 8
20,28,0.77753,0.71429,22; 3; 20; 28; 5; 28; 24; 11
12,19,0.74451,0.63158,29; 7; 12; 19; 15; 20; 11; 21
8,19,0.41324,0.42105,17; 4; 8; 19; 6; 20; 16; 16
18,68,0.27598,0.26471,4; 4; 18; 68; 10; 32; 10; 14
12,75,0.19676,0.16,5; 5; 12; 75; 28; 23; 25; 4
6,15,0.51722,0.4,28; 3; 6; 15; 7; 6; 6; 4
8,19,0.39421,0.42105,14; 7; 8; 19; 4; 5; 22; 12
36,46,0.76792,0.78261,5; 3; 36; 46; 32; 18; 21; 4
22,35,0.6188,0.62857,4; 20; 22; 35; 30; 9; 15; 20
35,50,0.67999,0.7,3; 5; 35; 50; 6; 27; 25; 3
24,66,0.36527,0.36364,4; 4; 24; 66; 15; 15; 4; 5
14,71,0.23137,0.19718,6; 6; 14; 71; 13; 4; 12; 12
28,38,0.7313,0.73684,13; 12; 28; 38; 13; 18; 23; 26
12,30,0.39116,0.4,12; 5; 12; 30; 24; 29; 14; 19
34,48,0.68635,0.70833,8; 4; 34; 48; 8; 16; 20; 10
16,45,0.36613,0.35556,13; 4; 16; 45; 20; 29; 32; 5
25,34,0.72567,0.73529,14; 18; 25; 34; 27; 9; 14; 31
9,46,0.26237,0.19565,9; 8; 9; 46; 22; 4; 25; 10
10,38,0.29064,0.26316,24; 17; 10; 38; 27; 11; 25; 27
16,42,0.36369,0.38095,6; 8; 16; 42; 30; 6; 16; 29
7,27,0.24331,0.25926,26; 10; 7; 27; 18; 29; 13; 13
13,25,0.5278,0.52,22; 7; 13; 25; 24; 7; 27; 23
18,37,0.51142,0.48649,21; 11; 18; 37; 3; 31; 16; 7
9,62,0.23363,0.14516,5; 5; 9; 62; 5; 19; 10; 24
20,41,0.50606,0.4878,5; 15; 20; 41; 8; 29; 16; 16
15,36,0.38353,0.41667,10; 4; 15; 36; 5; 27; 4; 12
26,50,0.53157,0.52,4; 7; 26; 50; 28; 29; 13; 16
17,19,0.90164,0.89474,27; 3; 17; 19; 27; 13; 31; 3
19,30,0.60935,0.63333,8; 17; 19; 30; 20; 30; 11; 29
34,38,0.88735,0.89474,8; 13; 34; 38; 13; 20; 23; 25
8,80,0.27054,0.1,5; 3; 8; 80; 21; 8; 22; 23
16,38,0.45959,0.42105,12; 5; 16; 38; 26; 18; 24; 21
37,50,0.74802,0.74,3; 5; 37; 50; 5; 11; 24; 19
7,9,0.66075,0.77778,39; 8; 7; 9; 7; 17; 17; 21
20,28,0.66036,0.71429,5; 16; 20; 28; 11; 19; 27; 31
10,66,0.25031,0.15152,7; 5; 10; 66; 9; 30; 22; 24
12,75,0.23316,0.16,3; 3; 12; 75; 14; 17; 22; 30
20,27,0.71983,0.74074,8; 13; 20; 27; 17; 24; 7; 28
5,17,0.33781,0.29412,22; 16; 5; 17; 25; 29; 25; 5
20,32,0.59278,0.625,9; 4; 20; 32; 29; 28; 3; 31
12,78,0.22803,0.15385,3; 4; 12; 78; 27; 3; 5; 23
30,58,0.52009,0.51724,3; 3; 30; 58; 25; 28; 10; 20
6,66,0.23849,0.09091,12; 8; 6; 66; 19; 30; 22; 22
5,12,0.51579,0.41667,19; 25; 5; 12; 28; 19; 27; 9
30,43,0.67864,0.69767,8; 11; 30; 43; 24; 20; 18; 29
28,36,0.74893,0.77778,6; 13; 28; 36; 18; 14; 23; 3
18,68,0.28242,0.26471,5; 4; 18; 68; 28; 11; 12; 20
29,41,0.67984,0.70732,6; 3; 29; 41; 26; 17; 12; 25
6,65,0.21599,0.09231,7; 12; 6; 65; 32; 13; 7; 24
7,48,0.25723,0.14583,5; 21; 7; 48; 16; 15; 31; 9
10,61,0.22668,0.16393,8; 5; 10; 61; 19; 24; 3; 9
5,50,0.2219,0.1,21; 16; 5; 50; 25; 19; 5; 21
15,39,0.41168,0.38462,22; 11; 15; 39; 6; 24; 23; 19
5,53,0.24697,0.09434,7; 4; 5; 53; 10; 25; 4; 31
18,50,0.35894,0.36,9; 15; 18; 50; 15; 13; 9; 7
23,58,0.38537,0.39655,5; 3; 23; 58; 23; 9; 32; 13
19,65,0.318,0.29231,7; 3; 19; 65; 17; 3; 32; 3
6,23,0.28958,0.26087,24; 18; 6; 23; 21; 20; 9; 32
20,69,0.30809,0.28986,3; 4; 20; 69; 6; 23; 11; 4
13,50,0.28555,0.26,16; 4; 13; 50; 23; 26; 16; 14
16,23,0.79187,0.69565,26; 7; 16; 23; 30; 18; 12; 12
9,25,0.36339,0.36,14; 26; 9; 25; 4; 28; 12; 27
17,35,0.4986,0.48571,20; 4; 17; 35; 3; 15; 10; 9
10,25,0.4138,0.4,21; 23; 10; 25; 6; 18; 12; 19
28,57,0.47992,0.49123,6; 4; 28; 57; 12; 12; 30; 11
20,50,0.40114,0.4,13; 6; 20; 50; 23; 13; 26; 3
6,69,0.24792,0.08696,9; 9; 6; 69; 18; 11; 9; 14
5,14,0.34841,0.35714,26; 37; 5; 14; 12; 21; 25; 23
8,19,0.45979,0.42105,25; 3; 8; 19; 28; 30; 18; 11
23,31,0.76616,0.74194,18; 18; 23; 31; 32; 4; 21; 8
19,27,0.71157,0.7037,6; 25; 19; 27; 25; 19; 11; 20
16,42,0.38376,0.38095,10; 18; 16; 42; 17; 14; 27; 9
11,26,0.39414,0.42308,20; 20; 11; 26; 30; 11; 14; 12
42,47,0.89553,0.89362,3; 3; 42; 47; 14; 17; 15; 32
16,38,0.4509,0.42105,3; 21; 16; 38; 20; 8; 15; 21
5,48,0.25084,0.10417,13; 19; 5; 48; 6; 20; 15; 11
9,62,0.21132,0.14516,3; 7; 9; 62; 31; 23; 29; 9
15,21,0.77909,0.71429,12; 29; 15; 21; 26; 15; 18; 23
5,57,0.22207,0.08772,11; 17; 5; 57; 32; 30; 9; 25
8,41,0.23474,0.19512,6; 24; 8; 41; 9; 8; 31; 5
9,57,0.21965,0.15789,15; 4; 9; 57; 25; 11; 23; 29
21,50,0.42136,0.42,11; 11; 21; 50; 6; 32; 14; 18
7,46,0.26226,0.15217,9; 14; 7; 46; 15; 10; 29; 27
31,35,0.86459,0.88571,10; 15; 31; 35; 28; 28; 6; 25
29,59,0.51352,0.49153,5; 3; 29; 59; 19; 9; 14; 30
25,34,0.7181,0.73529,6; 11; 25; 34; 28; 25; 20; 15
23,61,0.38115,0.37705,6; 3; 23; 61; 31; 14; 13; 5
14,19,0.69736,0.73684,28; 18; 14; 19; 20; 10; 27; 3
5,56,0.25274,0.08929,6; 8; 5; 56; 8; 18; 26; 19
25,60,0.4025,0.41667,5; 6; 25; 60; 29; 30; 14; 21
20,68,0.28781,0.29412,3; 3; 20; 68; 26; 24; 19; 26
5,48,0.30683,0.10417,12; 5; 5; 48; 27; 6; 15; 29
12,33,0.38813,0.36364,18; 7; 12; 33; 26; 24; 16; 13
12,73,0.21848,0.16438,6; 3; 12; 73; 31; 8; 12; 3
5,49,0.26102,0.10204,22; 9; 5; 49; 12; 26; 28; 9
17,27,0.65163,0.62963,26; 24; 17; 27; 6; 31; 24; 14
20,48,0.40571,0.41667,14; 3; 20; 48; 24; 17; 15; 16
13,25,0.47758,0.52,25; 6; 13; 25; 15; 10; 16; 27
14,37,0.40195,0.37838,3; 20; 14; 37; 22; 10; 17; 30
31,35,0.87425,0.88571,5; 10; 31; 35; 16; 20; 30; 13
19,30,0.62607,0.63333,8; 8; 19; 30; 20; 25; 12; 24
15,75,0.24788,0.2,3; 4; 15; 75; 5; 32; 13; 21
15,36,0.43067,0.41667,23; 12; 15; 36; 24; 5; 17; 5
31,35,0.91701,0.88571,10; 15; 31; 35; 16; 29; 13; 31
25,40,0.60032,0.625,3; 8; 25; 40; 11; 10; 5; 30
17,27,0.66596,0.62963,20; 9; 17; 27; 20; 7; 31; 24
25,60,0.43679,0.41667,6; 3; 25; 60; 10; 21; 4; 28
33,52,0.60861,0.63462,3; 4; 33; 52; 27; 32; 15; 6
32,43,0.73545,0.74419,8; 8; 32; 43; 29; 9; 27; 26
8,52,0.12968,0.15385,17; 15; 8; 52; 25; 5; 22; 10
24,63,0.37087,0.38095,3; 3; 24; 63; 18; 3; 24; 12
28,36,0.79831,0.77778,8; 6; 28; 36; 29; 18; 16; 28
26,35,0.72433,0.74286,7; 15; 26; 35; 14; 8; 25; 26
21,59,0.35766,0.35593,5; 5; 21; 59; 26; 26; 7; 30
29,46,0.6242,0.63043,6; 8; 29; 46; 13; 32; 7; 19
11,21,0.43743,0.52381,16; 20; 11; 21; 30; 19; 12; 15
16,61,0.27611,0.2623,8; 10; 16; 61; 16; 6; 25; 27
16,23,0.74433,0.69565,23; 8; 16; 23; 5; 8; 6; 31
7,79,0.22501,0.08861,3; 4; 7; 79; 18; 5; 28; 7
20,55,0.37048,0.36364,11; 4; 20; 55; 8; 23; 30; 19
26,53,0.48191,0.49057,9; 8; 26; 53; 17; 11; 11; 21
23,31,0.69688,0.74194,14; 7; 23; 31; 14; 13; 18; 28
34,46,0.73488,0.73913,9; 6; 34; 46; 26; 18; 16; 23
30,42,0.7156,0.71429,13; 10; 30; 42; 11; 11; 32; 15
5,19,0.24532,0.26316,32; 22; 5; 19; 19; 10; 7; 11
16,61,0.2948,0.2623,3; 10; 16; 61; 10; 17; 16; 21
23,47,0.47348,0.48936,6; 4; 23; 47; 29; 11; 8; 24
21,43,0.50925,0.48837,4; 3; 21; 43; 28; 30; 20; 5
31,35,0.88872,0.88571,16; 16; 31; 35; 9; 18; 19; 17
9,57,0.23595,0.15789,14; 6; 9; 57; 13; 8; 28; 15
32,45,0.6922,0.71111,4; 9; 32; 45; 28; 4; 25; 28
14,27,0.45155,0.51852,7; 15; 14; 27; 26; 5; 20; 32
18,63,0.30615,0.28571,5; 7; 18; 63; 17; 3; 32; 25
7,24,0.30022,0.29167,5; 24; 7; 24; 7; 30; 3; 8
14,33,0.37064,0.42424,12; 16; 14; 33; 21; 22; 18; 23
16,23,0.75053,0.69565,16; 23; 16; 23; 30; 5; 18; 23
7,47,0.23344,0.14894,16; 17; 7; 47; 3; 32; 11; 4
7,71,0.25791,0.09859,10; 6; 7; 71; 14; 6; 31; 16
9,46,0.23737,0.19565,11; 5; 9; 46; 24; 25; 11; 11
16,45,0.33608,0.35556,14; 7; 16; 45; 32; 9; 8; 26
18,70,0.25764,0.25714,4; 3; 18; 70; 30; 9; 15; 26
25,32,0.78191,0.78125,13; 8; 25; 32; 25; 28; 6; 7
14,48,0.2896,0.29167,17; 4; 14; 48; 8; 24; 5; 5
11,75,0.25193,0.14667,5; 5; 11; 75; 22; 31; 4; 14
16,23,0.73887,0.69565,22; 21; 16; 23; 30; 21; 3; 6
23,57,0.42163,0.40351,6; 9; 23; 57; 14; 7; 3; 23
17,23,0.78368,0.73913,14; 20; 17; 23; 18; 18; 11; 32
14,18,0.82624,0.77778,11; 32; 14; 18; 17; 23; 19; 12
32,36,0.87959,0.88889,5; 15; 32; 36; 17; 25; 31; 19
15,40,0.40514,0.375,13; 9; 15; 40; 31; 13; 11; 18
17,42,0.4321,0.40476,17; 14; 17; 42; 7; 29; 20; 5
12,61,0.2531,0.19672,8; 10; 12; 61; 15; 6; 20; 6
29,41,0.66543,0.70732,10; 14; 29; 41; 14; 12; 24; 10
7,67,0.18571,0.10448,8; 8; 7; 67; 26; 6; 14; 6
37,50,0.71509,0.74,3; 3; 37; 50; 15; 8; 18; 20
25,63,0.38973,0.39683,5; 4; 25; 63; 9; 24; 13; 13
20,48,0.40868,0.41667,15; 7; 20; 48; 20; 12; 23; 4
14,39,0.36223,0.35897,4; 10; 14; 39; 14; 8; 24; 3
19,39,0.49392,0.48718,14; 3; 19; 39; 20; 25; 21; 13
18,37,0.53421,0.48649,9; 4; 18; 37; 19; 11; 28; 8
10,24,0.38797,0.41667,13; 16; 10; 24; 12; 8; 20; 7
10,14,0.80442,0.71429,22; 30; 10; 14; 17; 9; 15; 21
8,54,0.24388,0.14815,17; 13; 8; 54; 26; 17; 23; 22
15,24,0.63441,0.625,16; 8; 15; 24; 20; 8; 15; 19
37,52,0.72638,0.71154,4; 4; 37; 52; 24; 9; 5; 22
28,38,0.71284,0.73684,7; 14; 28; 38; 5; 14; 4; 12
17,19,0.84852,0.89474,17; 15; 17; 19; 11; 23; 6; 3
7,71,0.21038,0.09859,3; 10; 7; 71; 32; 27; 5; 25
10,67,0.22277,0.14925,8; 3; 10; 67; 3; 6; 26; 8
33,37,0.85249,0.89189,7; 3; 33; 37; 14; 3; 7; 30
5,13,0.50167,0.38462,38; 38; 5; 13; 31; 21; 13; 17
12,19,0.7088,0.63158,13; 29; 12; 19; 20; 22; 31; 22
10,25,0.40999,0.4,17; 6; 10; 25; 21; 28; 15; 21
12,46,0.25733,0.26087,17; 19; 12; 46; 22; 26; 8; 29
15,75,0.25468,0.2,3; 3; 15; 75; 3; 6; 18; 13
16,45,0.38483,0.35556,17; 18; 16; 45; 12; 26; 27; 26
6,65,0.21723,0.09231,12; 3; 6; 65; 31; 29; 8; 24
19,53,0.36394,0.35849,9; 7; 19; 53; 19; 3; 32; 3
7,72,0.22503,0.09722,3; 7; 7; 72; 23; 18; 28; 12
20,27,0.73548,0.74074,24; 24; 20; 27; 22; 12; 5; 11
23,31,0.70534,0.74194,20; 13; 23; 31; 15; 17; 22; 12
31,44,0.69269,0.70455,5; 7; 31; 44; 7; 21; 17; 15
14,18,0.85896,0.77778,26; 6; 14; 18; 3; 4; 3; 19
9,60,0.22053,0.15,3; 3; 9; 60; 5; 22; 13; 24
17,35,0.48576,0.48571,16; 19; 17; 35; 7; 10; 32; 27
23,44,0.54007,0.52273,12; 3; 23; 44; 20; 18; 21; 28
13,65,0.27381,0.2,5; 7; 13; 65; 32; 32; 21; 7
18,63,0.30777,0.28571,5; 5; 18; 63; 4; 5; 8; 17
16,42,0.4105,0.38095,4; 12; 16; 42; 31; 5; 21; 22
11,67,0.23248,0.16418,9; 7; 11; 67; 31; 31; 13; 4
5,55,0.28743,0.09091,9; 11; 5; 55; 25; 11; 20; 20
6,69,0.26574,0.08696,3; 7; 6; 69; 12; 3; 16; 25
35,47,0.77634,0.74468,4; 3; 35; 47; 20; 23; 27; 16
14,19,0.83562,0.73684,16; 4; 14; 19; 12; 27; 23; 31
11,21,0.52209,0.52381,30; 3; 11; 21; 30; 8; 5; 27
7,81,0.20717,0.08642,5; 5; 7; 81; 4; 6; 8; 22
6,39,0.20249,0.15385,5; 4; 6; 39; 4; 19; 12; 24
37,50,0.74022,0.74,5; 3; 37; 50; 14; 20; 4; 17
9,34,0.24854,0.26471,6; 19; 9; 34; 6; 4; 24; 7
14,27,0.52858,0.51852,5; 13; 14; 27; 30; 7; 30; 10
42,47,0.88732,0.89362,4; 4; 42; 47; 19; 14; 16; 16
12,17,0.77489,0.70588,6; 7; 12; 17; 3; 4; 13; 7
34,48,0.7134,0.70833,7; 8; 34; 48; 13; 21; 15; 5
19,30,0.64065,0.63333,7; 17; 19; 30; 16; 10; 9; 17
16,23,0.77666,0.69565,9; 23; 16; 23; 24; 21; 14; 15
5,54,0.247,0.09259,5; 11; 5; 54; 5; 4; 28; 28
13,25,0.4202,0.52,17; 12; 13; 25; 3; 8; 32; 15
9,24,0.33995,0.375,21; 29; 9; 24; 6; 17; 9; 29
15,21,0.79501,0.71429,26; 9; 15; 21; 31; 27; 14; 9
11,26,0.4319,0.42308,8; 20; 11; 26; 15; 5; 19; 21
14,18,0.72867,0.77778,10; 22; 14; 18; 5; 21; 3; 30
14,19,0.86365,0.73684,13; 13; 14; 19; 16; 22; 23; 5
27,55,0.50713,0.49091,4; 6; 27; 55; 17; 8; 10; 26
12,59,0.24487,0.20339,9; 13; 12; 59; 24; 8; 31; 17
41,46,0.89424,0.8913,3; 3; 41; 46; 5; 27; 28; 6
25,32,0.77087,0.78125,15; 6; 25; 32; 29; 12; 20; 30
10,68,0.20287,0.14706,6; 7; 10; 68; 18; 26; 4; 32
16,18,0.89052,0.88889,24; 14; 16; 18; 19; 13; 15; 17
7,9,0.68676,0.77778,16; 12; 7; 9; 9; 8; 6; 25
16,23,0.74924,0.69565,5; 5; 16; 23; 13; 17; 28; 25
8,41,0.25759,0.19512,21; 22; 8; 41; 21; 25; 3; 15
23,44,0.53466,0.52273,15; 14; 23; 44; 21; 5; 13; 15
11,75,0.21153,0.14667,4; 5; 11; 75; 31; 13; 29; 20
8,55,0.25899,0.14545,15; 6; 8; 55; 31; 3; 23; 5
18,63,0.293,0.28571,3; 6; 18; 63; 23; 24; 7; 8
25,40,0.60376,0.625,9; 9; 25; 40; 9; 31; 23; 31
19,65,0.3284,0.29231,4; 4; 19; 65; 8; 4; 27; 17
20,69,0.3028,0.28986,3; 4; 20; 69; 31; 5; 24; 8
10,63,0.22472,0.15873,5; 7; 10; 63; 32; 24; 3; 22
20,32,0.57417,0.625,6; 10; 20; 32; 28; 24; 27; 10
12,23,0.52758,0.52174,20; 22; 12; 23; 31; 11; 16; 26
15,52,0.27991,0.28846,3; 6; 15; 52; 3; 28; 3; 20
19,48,0.37904,0.39583,14; 7; 19; 48; 28; 3; 23; 25
10,39,0.27317,0.25641,7; 10; 10; 39; 21; 4; 10; 4
23,33,0.66733,0.69697,10; 12; 23; 33; 6; 31; 24; 22
10,25,0.38323,0.4,9; 7; 10; 25; 19; 27; 21; 20
21,27,0.77283,0.77778,17; 8; 21; 27; 5; 21; 28; 32
28,57,0.5217,0.49123,4; 5; 28; 57; 9; 10; 20; 20
13,25,0.56678,0.52,28; 17; 13; 25; 28; 10; 6; 24
8,80,0.21945,0.1,3; 3; 8; 80; 17; 8; 28; 28
21,30,0.71986,0.7,7; 20; 21; 30; 8; 18; 16; 19
32,43,0.71745,0.74419,5; 9; 32; 43; 16; 18; 4; 12
6,63,0.19218,0.09524,7; 6; 6; 63; 20; 24; 6; 27
19,53,0.36433,0.35849,10; 7; 19; 53; 28; 14; 22; 9
7,78,0.2332,0.08974,6; 3; 7; 78; 14; 17; 3; 13
23,47,0.49219,0.48936,12; 9; 23; 47; 13; 8; 11; 16
12,42,0.32069,0.28571,22; 5; 12; 42; 30; 13; 12; 5
6,39,0.25806,0.15385,22; 5; 6; 39; 3; 29; 22; 8
21,58,0.36182,0.36207,7; 6; 21; 58; 17; 24; 10; 17
16,42,0.35988,0.38095,18; 16; 16; 42; 6; 4; 24; 31
7,67,0.2375,0.10448,7; 9; 7; 67; 25; 12; 10; 24
7,78,0.2305,0.08974,5; 6; 7; 78; 11; 25; 3; 5
12,23,0.52163,0.52174,3; 29; 12; 23; 4; 5; 24; 31
35,47,0.73339,0.74468,5; 6; 35; 47; 30; 12; 7; 13
9,58,0.2373,0.15517,8; 12; 9; 58; 29; 8; 17; 28
10,25,0.44636,0.4,7; 22; 10; 25; 19; 4; 4; 20
8,40,0.20735,0.2,18; 10; 8; 40; 32; 15; 12; 6
12,33,0.36022,0.36364,14; 22; 12; 33; 9; 30; 22; 4
31,40,0.75321,0.775,11; 6; 31; 40; 8; 27; 23; 12
11,67,0.21773,0.16418,5; 3; 11; 67; 9; 18; 15; 30
26,41,0.62269,0.63415,3; 5; 26; 41; 20; 18; 6; 23
25,60,0.44494,0.41667,6; 3; 25; 60; 13; 17; 28; 13
5,33,0.26909,0.15152,28; 13; 5; 33; 28; 23; 8; 22
29,41,0.67662,0.70732,3; 10; 29; 41; 28; 23; 26; 6
23,57,0.38737,0.40351,5; 4; 23; 57; 32; 9; 3; 24
26,35,0.73722,0.74286,18; 7; 26; 35; 4; 31; 13; 16
17,27,0.63425,0.62963,16; 24; 17; 27; 21; 14; 12; 5
8,20,0.42218,0.4,24; 24; 8; 20; 3; 7; 27; 4
20,53,0.38038,0.37736,12; 6; 20; 53; 26; 7; 28; 30
20,28,0.7052,0.71429,5; 6; 20; 28; 9; 9; 26; 26
10,26,0.35391,0.38462,5; 28; 10; 26; 7; 27; 14; 14
20,32,0.58057,0.625,12; 18; 20; 32; 24; 27; 17; 20
19,47,0.41297,0.40426,13; 12; 19; 47; 27; 14; 4; 12
7,9,0.73511,0.77778,17; 33; 7; 9; 13; 7; 6; 18
25,60,0.4304,0.41667,4; 6; 25; 60; 29; 9; 16; 7
12,73,0.24111,0.16438,5; 3; 12; 73; 19; 4; 23; 10
20,41,0.51354,0.4878,15; 16; 20; 41; 24; 17; 15; 19
16,55,0.29302,0.29091,5; 10; 16; 55; 14; 22; 6; 8
5,8,0.68111,0.625,31; 29; 5; 8; 30; 4; 12; 31
14,39,0.3649,0.35897,13; 22; 14; 39; 25; 11; 29; 13
24,63,0.38509,0.38095,3; 3; 24; 63; 4; 18; 8; 12
30,48,0.6235,0.625,10; 4; 30; 48; 21; 32; 15; 17
35,45,0.75804,0.77778,9; 3; 35; 45; 11; 15; 9; 12
6,64,0.2362,0.09375,3; 7; 6; 64; 9; 9; 8; 26
11,75,0.20392,0.14667,4; 4; 11; 75; 25; 25; 17; 8
16,61,0.28102,0.2623,8; 9; 16; 61; 16; 12; 32; 20
23,55,0.41862,0.41818,8; 8; 23; 55; 14; 9; 20; 17
7,68,0.21881,0.10294,6; 7; 7; 68; 6; 13; 9; 5
5,8,0.8034,0.625,23; 9; 5; 8; 14; 25; 20; 5
20,52,0.3957,0.38462,13; 6; 20; 52; 20; 6; 32; 23
10,67,0.23174,0.14925,5; 9; 10; 67; 30; 5; 25; 21
16,61,0.26296,0.2623,5; 7; 16; 61; 10; 16; 25; 20
12,32,0.37449,0.375,8; 12; 12; 32; 13; 24; 28; 21
7,70,0.23465,0.1,9; 8; 7; 70; 25; 12; 18; 12
12,60,0.24334,0.2,9; 5; 12; 60; 26; 28; 12; 12
8,19,0.32997,0.42105,28; 20; 8; 19; 3; 25; 25; 28
42,47,0.89585,0.89362,3; 4; 42; 47; 32; 32; 9; 22
14,19,0.82998,0.73684,24; 28; 14; 19; 18; 31; 20; 6
33,37,0.88189,0.89189,7; 4; 33; 37; 30; 10; 20; 8
21,27,0.81357,0.77778,16; 19; 21; 27; 11; 27; 12; 31
15,36,0.44984,0.41667,7; 18; 15; 36; 13; 18; 8; 21
14,48,0.32793,0.29167,15; 7; 14; 48; 14; 30; 3; 17
13,65,0.25041,0.2,9; 5; 13; 65; 14; 13; 16; 18
8,79,0.22701,0.10127,5; 4; 8; 79; 19; 15; 27; 16
34,48,0.71733,0.70833,7; 3; 34; 48; 14; 20; 9; 26
7,71,0.20048,0.09859,8; 3; 7; 71; 23; 23; 18; 13
6,61,0.25768,0.09836,10; 3; 6; 61; 24; 16; 15; 4
5,34,0.15787,0.14706,4; 11; 5; 34; 6; 12; 14; 6
19,27,0.6969,0.7037,23; 7; 19; 27; 24; 21; 32; 17
19,53,0.37591,0.35849,5; 13; 19; 53; 17; 20; 18; 14
32,43,0.73841,0.74419,3; 11; 32; 43; 28; 28; 19; 20
32,43,0.7437,0.74419,11; 4; 32; 43; 10; 11; 7; 32
30,42,0.68252,0.71429,7; 12; 30; 42; 8; 14; 13; 22
10,38,0.24961,0.26316,17; 20; 10; 38; 8; 16; 6; 24
35,50,0.71757,0.7,5; 5; 35; 50; 5; 23; 32; 7
8,82,0.26884,0.09756,4; 3; 8; 82; 21; 17; 16; 12
8,82,0.20602,0.09756,4; 4; 8; 82; 14; 16; 4; 4
5,50,0.2452,0.1,3; 16; 5; 50; 10; 22; 16; 28
24,46,0.53779,0.52174,13; 4; 24; 46; 26; 3; 16; 11
33,37,0.87056,0.89189,7; 11; 33; 37; 14; 25; 14; 9
10,68,0.25026,0.14706,8; 3; 10; 68; 7; 5; 6; 9
12,59,0.26429,0.20339,3; 11; 12; 59; 18; 3; 32; 20
8,81,0.22696,0.09877,3; 3; 8; 81; 14; 12; 14; 8
7,72,0.24281,0.09722,8; 5; 7; 72; 5; 6; 10; 25
7,82,0.28837,0.08537,3; 3; 7; 82; 17; 10; 5; 21
5,8,0.81548,0.625,22; 30; 5; 8; 13; 17; 27; 25
25,65,0.42212,0.38462,3; 3; 25; 65; 30; 22; 9; 3
8,28,0.31917,0.28571,10; 28; 8; 28; 9; 7; 11; 8
31,35,0.89213,0.88571,15; 10; 31; 35; 23; 19; 11; 12
6,30,0.24003,0.2,24; 19; 6; 30; 3; 16; 24; 24
21,27,0.76379,0.77778,14; 8; 21; 27; 24; 13; 7; 12
15,40,0.35588,0.375,19; 13; 15; 40; 8; 10; 20; 30
18,62,0.30039,0.29032,7; 4; 18; 62; 30; 17; 7; 3
12,75,0.24337,0.16,3; 5; 12; 75; 22; 10; 29; 22
16,42,0.3801,0.38095,6; 13; 16; 42; 5; 24; 15; 31
27,38,0.7224,0.71053,11; 6; 27; 38; 3; 28; 24; 10
20,52,0.38236,0.38462,10; 8; 20; 52; 23; 20; 23; 11
15,40,0.36085,0.375,13; 21; 15; 40; 7; 25; 12; 32
17,19,0.93629,0.89474,31; 28; 17; 19; 11; 15; 22; 7
8,51,0.23947,0.15686,17; 17; 8; 51; 13; 19; 32; 16
22,58,0.3776,0.37931,7; 6; 22; 58; 17; 11; 19; 27
17,19,0.86928,0.89474,22; 13; 17; 19; 19; 32; 28; 5
27,55,0.49853,0.49091,7; 4; 27; 55; 9; 27; 25; 6
8,40,0.30966,0.2,12; 7; 8; 40; 13; 23; 11; 3
18,23,0.85503,0.78261,23; 12; 18; 23; 6; 11; 3; 17
16,42,0.37007,0.38095,19; 4; 16; 42; 22; 14; 3; 25
32,36,0.89223,0.88889,10; 11; 32; 36; 19; 29; 20; 13
11,67,0.2206,0.16418,8; 6; 11; 67; 30; 29; 6; 14
7,80,0.22385,0.0875,4; 4; 7; 80; 22; 26; 8; 12
7,46,0.19897,0.15217,5; 14; 7; 46; 4; 4; 23; 4
7,81,0.23833,0.08642,3; 3; 7; 81; 31; 5; 18; 19
20,55,0.37537,0.36364,5; 8; 20; 55; 27; 21; 17; 28
11,38,0.27134,0.28947,20; 9; 11; 38; 11; 23; 17; 8
8,31,0.24889,0.25806,16; 24; 8; 31; 17; 25; 29; 26
27,38,0.74363,0.71053,7; 10; 27; 38; 9; 20; 3; 27
5,31,0.33952,0.16129,19; 5; 5; 31; 13; 16; 24; 12
14,54,0.2706,0.25926,8; 5; 14; 54; 21; 23; 26; 7
8,9,0.80788,0.88889,3; 9; 8; 9; 9; 17; 31; 6
8,77,0.23421,0.1039,4; 6; 8; 77; 23; 4; 12; 31
21,27,0.75316,0.77778,17; 25; 21; 27; 27; 32; 10; 17
32,41,0.77777,0.78049,7; 5; 32; 41; 7; 29; 3; 31
12,77,0.20716,0.15584,4; 3; 12; 77; 17; 9; 17; 16
21,53,0.39886,0.39623,5; 9; 21; 53; 22; 10; 9; 32
6,21,0.29851,0.28571,15; 23; 6; 21; 7; 17; 3; 10
7,24,0.2874,0.29167,7; 26; 7; 24; 17; 22; 28; 29
21,27,0.79258,0.77778,15; 19; 21; 27; 24; 3; 11; 15
16,38,0.45766,0.42105,3; 15; 16; 38; 11; 6; 3; 19
9,25,0.38988,0.36,24; 8; 9; 25; 9; 21; 10; 26
5,17,0.33999,0.29412,26; 29; 5; 17; 3; 7; 20; 29
17,19,0.91355,0.89474,5; 23; 17; 19; 7; 21; 12; 24
6,65,0.24646,0.09231,4; 3; 6; 65; 12; 10; 8; 19
25,63,0.41434,0.39683,4; 4; 25; 63; 11; 30; 26; 22
31,35,0.87992,0.88571,10; 9; 31; 35; 8; 10; 13; 17
14,33,0.44824,0.42424,11; 18; 14; 33; 13; 7; 32; 27
6,23,0.30705,0.26087,10; 8; 6; 23; 30; 13; 6; 20
5,32,0.3189,0.15625,7; 9; 5; 32; 23; 14; 20; 6
19,30,0.61619,0.63333,16; 12; 19; 30; 11; 10; 5; 23
22,45,0.49555,0.48889,13; 5; 22; 45; 17; 18; 23; 6
24,46,0.55321,0.52174,13; 13; 24; 46; 5; 7; 25; 32
29,59,0.51355,0.49153,3; 5; 29; 59; 12; 27; 12; 25
20,48,0.39356,0.41667,11; 11; 20; 48; 15; 28; 32; 3
11,68,0.25816,0.16176,3; 9; 11; 68; 3; 27; 17; 30
18,23,0.81834,0.78261,19; 15; 18; 23; 5; 25; 28; 3
6,40,0.23855,0.15,22; 19; 6; 40; 30; 25; 6; 30
16,45,0.35715,0.35556,11; 3; 16; 45; 27; 11; 18; 9
10,68,0.19784,0.14706,4; 5; 10; 68; 12; 28; 19; 32
6,64,0.26182,0.09375,5; 5; 6; 64; 15; 18; 22; 27
7,48,0.23839,0.14583,10; 7; 7; 48; 26; 13; 29; 26
19,39,0.50519,0.48718,10; 16; 19; 39; 24; 14; 26; 29
8,54,0.21071,0.14815,4; 8; 8; 54; 12; 25; 25; 7
35,49,0.69124,0.71429,5; 4; 35; 49; 23; 28; 29; 6
19,27,0.70904,0.7037,22; 18; 19; 27; 29; 23; 8; 11
8,81,0.2792,0.09877,4; 4; 8; 81; 11; 8; 3; 31
23,33,0.68577,0.69697,15; 6; 23; 33; 10; 12; 19; 22
22,52,0.41597,0.42308,6; 11; 22; 52; 5; 6; 22; 5
17,45,0.38275,0.37778,18; 14; 17; 45; 4; 3; 15; 27
40,45,0.86553,0.88889,3; 5; 40; 45; 7; 28; 19; 13
7,9,0.80265,0.77778,6; 22; 7; 9; 22; 28; 8; 24
16,44,0.35638,0.36364,11; 9; 16; 44; 8; 26; 9; 21
15,42,0.34916,0.35714,20; 6; 15; 42; 16; 3; 14; 19
39,44,0.86682,0.88636,5; 4; 39; 44; 9; 10; 24; 7
17,43,0.39832,0.39535,14; 4; 17; 43; 19; 29; 4; 17
11,75,0.20421,0.14667,6; 5; 11; 75; 9; 31; 11; 21
18,43,0.39947,0.4186,7; 8; 18; 43; 7; 5; 14; 12
16,55,0.29613,0.29091,13; 9; 16; 55; 20; 15; 21; 9
19,30,0.5975,0.63333,10; 18; 19; 30; 16; 22; 18; 26
12,61,0.24617,0.19672,10; 5; 12; 61; 5; 13; 20; 27
29,41,0.68774,0.70732,14; 10; 29; 41; 9; 19; 31; 14
18,63,0.28772,0.28571,6; 3; 18; 63; 20; 24; 10; 20
29,59,0.48747,0.49153,5; 5; 29; 59; 13; 13; 24; 21
22,31,0.67388,0.70968,18; 14; 22; 31; 24; 21; 4; 17
6,60,0.23397,0.1,4; 5; 6; 60; 8; 24; 3; 5
5,33,0.24653,0.15152,5; 17; 5; 33; 32; 7; 5; 8
7,47,0.27146,0.14894,15; 21; 7; 47; 30; 12; 4; 19
32,41,0.75633,0.78049,7; 4; 32; 41; 16; 6; 5; 17
6,70,0.26123,0.08571,8; 4; 6; 70; 12; 15; 14; 31
29,41,0.6606,0.70732,4; 7; 29; 41; 31; 18; 16; 17
7,27,0.24431,0.25926,9; 29; 7; 27; 18; 22; 20; 3
15,74,0.24113,0.2027,3; 4; 15; 74; 21; 4; 23; 3
8,79,0.23155,0.10127,4; 5; 8; 79; 17; 11; 4; 31
27,52,0.51716,0.51923,6; 6; 27; 52; 20; 20; 12; 3
21,43,0.52611,0.48837,4; 9; 21; 43; 24; 5; 4; 32
37,53,0.6714,0.69811,4; 3; 37; 53; 9; 26; 6; 4
17,19,0.89093,0.89474,11; 26; 17; 19; 11; 14; 21; 3
7,27,0.33903,0.25926,29; 26; 7; 27; 17; 32; 21; 19
14,70,0.21642,0.2,7; 6; 14; 70; 25; 16; 8; 15
5,48,0.25539,0.10417,4; 3; 5; 48; 3; 20; 6; 20
14,37,0.3805,0.37838,12; 23; 14; 37; 28; 28; 15; 18
14,39,0.39062,0.35897,8; 6; 14; 39; 17; 8; 23; 26
5,53,0.21647,0.09434,7; 4; 5; 53; 13; 4; 21; 27
21,27,0.80818,0.77778,4; 5; 21; 27; 29; 20; 22; 15
15,29,0.52772,0.51724,11; 26; 15; 29; 17; 9; 20; 17
31,44,0.70129,0.70455,7; 8; 31; 44; 20; 17; 26; 24
14,20,0.62706,0.7,26; 13; 14; 20; 26; 18; 29; 13
24,49,0.52275,0.4898,5; 4; 24; 49; 16; 11; 8; 30
5,17,0.37161,0.29412,18; 33; 5; 17; 18; 10; 14; 20
9,59,0.23556,0.15254,15; 8; 9; 59; 11; 15; 24; 21
16,56,0.27129,0.28571,7; 10; 16; 56; 11; 25; 4; 3
18,70,0.25527,0.25714,3; 5; 18; 70; 31; 23; 14; 29
5,48,0.2419,0.10417,11; 9; 5; 48; 9; 4; 17; 28
12,59,0.2236,0.20339,7; 9; 12; 59; 27; 20; 8; 20
19,30,0.63454,0.63333,16; 16; 19; 30; 12; 29; 14; 20
24,66,0.36726,0.36364,3; 4; 24; 66; 25; 6; 30; 11
20,27,0.75915,0.74074,24; 25; 20; 27; 14; 5; 12; 15
9,24,0.41075,0.375,32; 6; 9; 24; 23; 20; 12; 23
10,16,0.65552,0.625,22; 19; 10; 16; 9; 6; 6; 20
26,53,0.50415,0.49057,8; 3; 26; 53; 14; 23; 16; 22
24,57,0.46025,0.42105,7; 5; 24; 57; 23; 16; 29; 12
10,50,0.24874,0.2,8; 7; 10; 50; 5; 26; 10; 9
9,55,0.3056,0.16364,10; 16; 9; 55; 27; 27; 27; 16
5,31,0.3346,0.16129,23; 15; 5; 31; 31; 19; 3; 9
24,57,0.45121,0.42105,3; 4; 24; 57; 6; 16; 9; 5
15,75,0.23139,0.2,4; 3; 15; 75; 14; 28; 14; 20
13,36,0.3328,0.36111,16; 10; 13; 36; 30; 26; 14; 13
33,47,0.69714,0.70213,4; 7; 33; 47; 32; 9; 6; 9
19,65,0.2941,0.29231,7; 7; 19; 65; 31; 6; 7; 26
29,41,0.66097,0.70732,12; 3; 29; 41; 11; 6; 8; 9
8,9,0.75132,0.88889,28; 25; 8; 9; 21; 7; 27; 6
20,28,0.69891,0.71429,17; 4; 20; 28; 29; 21; 18; 9
16,23,0.65707,0.69565,5; 15; 16; 23; 11; 29; 14; 13
32,41,0.76157,0.78049,5; 8; 32; 41; 25; 32; 21; 13
6,70,0.21027,0.08571,8; 9; 6; 70; 24; 14; 21; 17
6,62,0.22497,0.09677,6; 7; 6; 62; 5; 6; 17; 20
5,13,0.40944,0.38462,19; 22; 5; 13; 14; 14; 27; 6
34,48,0.68938,0.70833,7; 4; 34; 48; 22; 29; 7; 5
12,41,0.29981,0.29268,13; 9; 12; 41; 4; 17; 7; 27
8,81,0.22448,0.09877,3; 3; 8; 81; 17; 16; 5; 15
14,18,0.84327,0.77778,32; 33; 14; 18; 21; 27; 4; 23
14,20,0.68716,0.7,7; 29; 14; 20; 10; 6; 26; 16
10,68,0.2072,0.14706,8; 8; 10; 68; 30; 9; 14; 21
8,54,0.19951,0.14815,15; 6; 8; 54; 6; 10; 10; 32
10,68,0.22661,0.14706,4; 10; 10; 68; 27; 5; 18; 24
23,31,0.75635,0.74194,8; 13; 23; 31; 3; 9; 9; 24
18,48,0.37999,0.375,11; 9; 18; 48; 8; 11; 3; 25
15,21,0.78236,0.71429,30; 23; 15; 21; 15; 6; 3; 6
32,43,0.74364,0.74419,3; 3; 32; 43; 12; 8; 20; 26
19,39,0.55111,0.48718,5; 12; 19; 39; 8; 14; 9; 17
5,55,0.24579,0.09091,14; 12; 5; 55; 15; 19; 20; 11
6,67,0.25271,0.08955,11; 9; 6; 67; 20; 20; 16; 23
24,46,0.51879,0.52174,10; 4; 24; 46; 7; 11; 16; 31
22,42,0.5308,0.52381,16; 13; 22; 42; 10; 22; 24; 5
8,77,0.23582,0.1039,6; 5; 8; 77; 8; 14; 15; 22
29,59,0.48301,0.49153,3; 4; 29; 59; 21; 31; 30; 12
28,57,0.5199,0.49123,6; 4; 28; 57; 12; 23; 30; 26
10,34,0.27724,0.29412,26; 18; 10; 34; 13; 18; 4; 4
35,45,0.7784,0.77778,5; 3; 35; 45; 10; 17; 11; 21
25,59,0.42203,0.42373,6; 4; 25; 59; 25; 13; 23; 19
34,38,0.88804,0.89474,8; 3; 34; 38; 21; 6; 10; 7
9,58,0.23055,0.15517,3; 14; 9; 58; 20; 32; 9; 29
10,49,0.23568,0.20408,3; 13; 10; 49; 3; 24; 16; 21
10,26,0.39643,0.38462,20; 13; 10; 26; 13; 30; 12; 13
19,66,0.28747,0.28788,5; 5; 19; 66; 18; 16; 7; 10
14,20,0.77839,0.7,32; 7; 14; 20; 29; 30; 10; 13
7,72,0.20778,0.09722,7; 5; 7; 72; 26; 32; 7; 30
12,75,0.22613,0.16,3; 5; 12; 75; 22; 26; 13; 14
19,39,0.5451,0.48718,13; 20; 19; 39; 22; 21; 27; 13
16,61,0.25879,0.2623,7; 8; 16; 61; 26; 24; 22; 17
29,46,0.63914,0.63043,10; 8; 29; 46; 6; 5; 6; 25
17,23,0.79276,0.73913,17; 22; 17; 23; 19; 27; 9; 32
7,82,0.21561,0.08537,3; 4; 7; 82; 19; 27; 8; 7
14,48,0.26916,0.29167,7; 18; 14; 48; 15; 19; 16; 11
22,61,0.3748,0.36066,3; 6; 22; 61; 5; 6; 12; 18
14,39,0.34508,0.35897,17; 14; 14; 39; 14; 25; 30; 14
10,64,0.23112,0.15625,8; 9; 10; 64; 6; 18; 15; 26
21,30,0.68863,0.7,16; 22; 21; 30; 13; 17; 21; 5
21,30,0.71734,0.7,17; 5; 21; 30; 29; 20; 32; 8
31,35,0.88242,0.88571,11; 8; 31; 35; 30; 17; 24; 24
28,40,0.65394,0.7,8; 7; 28; 40; 24; 3; 14; 6
17,45,0.37765,0.37778,9; 17; 17; 45; 7; 12; 7; 25
16,23,0.74233,0.69565,5; 20; 16; 23; 27; 11; 20; 10
5,58,0.25617,0.08621,9; 6; 5; 58; 26; 17; 24; 24
23,44,0.54333,0.52273,13; 6; 23; 44; 20; 27; 5; 10
14,54,0.26314,0.25926,8; 11; 14; 54; 12; 31; 3; 3
5,54,0.22678,0.09259,19; 7; 5; 54; 28; 9; 25; 18
15,58,0.2865,0.25862,7; 7; 15; 58; 9; 11; 14; 11
12,47,0.25432,0.25532,6; 7; 12; 47; 24; 19; 24; 15
8,19,0.36989,0.42105,8; 18; 8; 19; 14; 7; 26; 14
7,43,0.31725,0.16279,22; 5; 7; 43; 23; 4; 29; 12
13,64,0.25117,0.20312,5; 7; 13; 64; 7; 21; 8; 31
9,59,0.21656,0.15254,6; 8; 9; 59; 17; 19; 18; 12
16,18,0.98616,0.88889,12; 8; 16; 18; 11; 15; 5; 20
6,67,0.27065,0.08955,9; 6; 6; 67; 14; 21; 31; 27
26,37,0.7144,0.7027,7; 5; 26; 37; 7; 29; 25; 16
22,42,0.52498,0.52381,16; 9; 22; 42; 4; 20; 13; 17
34,46,0.72978,0.73913,5; 6; 34; 46; 15; 7; 24; 32
14,48,0.2997,0.29167,8; 7; 14; 48; 3; 22; 28; 4
19,47,0.39016,0.40426,7; 6; 19; 47; 20; 16; 4; 25
12,60,0.25974,0.2,13; 13; 12; 60; 12; 29; 5; 22
17,24,0.82688,0.70833,14; 7; 17; 24; 20; 31; 26; 5
35,45,0.79475,0.77778,8; 9; 35; 45; 3; 16; 29; 26
22,31,0.66839,0.70968,7; 8; 22; 31; 20; 10; 23; 22
31,40,0.802,0.775,9; 3; 31; 40; 16; 8; 8; 18
28,57,0.49097,0.49123,4; 5; 28; 57; 11; 27; 11; 9
14,70,0.23225,0.2,4; 3; 14; 70; 10; 13; 30; 27
7,82,0.267,0.08537,4; 3; 7; 82; 10; 30; 8; 20
20,53,0.38811,0.37736,9; 11; 20; 53; 29; 15; 23; 23
6,69,0.23956,0.08696,3; 7; 6; 69; 17; 29; 13; 29
19,39,0.46253,0.48718,10; 15; 19; 39; 19; 24; 19; 12
16,31,0.49313,0.51613,20; 13; 16; 31; 8; 11; 15; 30
22,61,0.3516,0.36066,4; 6; 22; 61; 12; 17; 23; 4
31,35,0.8764,0.88571,4; 16; 31; 35; 19; 26; 6; 14
8,55,0.23458,0.14545,16; 14; 8; 55; 25; 31; 13; 4
16,44,0.36631,0.36364,17; 4; 16; 44; 14; 12; 19; 27
28,38,0.72027,0.73684,13; 12; 28; 38; 28; 8; 11; 32
6,67,0.23384,0.08955,8; 5; 6; 67; 6; 31; 6; 16
16,56,0.32585,0.28571,10; 4; 16; 56; 21; 14; 15; 18
10,25,0.35896,0.4,5; 18; 10; 25; 4; 30; 10; 12
21,27,0.80539,0.77778,6; 9; 21; 27; 22; 6; 29; 20
7,45,0.21502,0.15556,22; 19; 7; 45; 12; 26; 16; 3
22,42,0.54722,0.52381,10; 13; 22; 42; 27; 15; 29; 14
7,46,0.23265,0.15217,4; 8; 7; 46; 14; 23; 21; 9
25,51,0.49851,0.4902,10; 7; 25; 51; 4; 16; 3; 7
24,49,0.46885,0.4898,9; 3; 24; 49; 26; 8; 24; 5
12,32,0.34514,0.375,20; 25; 12; 32; 15; 15; 25; 9
8,28,0.29044,0.28571,11; 21; 8; 28; 12; 12; 5; 11
10,63,0.21332,0.15873,10; 9; 10; 63; 13; 7; 16; 29
5,56,0.28185,0.08929,9; 17; 5; 56; 23; 13; 14; 25
15,52,0.2964,0.28846,12; 12; 15; 52; 22; 8; 6; 19
7,67,0.24597,0.10448,6; 5; 7; 67; 22; 31; 28; 3
34,46,0.7197,0.73913,9; 8; 34; 46; 26; 7; 15; 24
7,9,0.66237,0.77778,19; 10; 7; 9; 4; 10; 17; 27
24,49,0.52468,0.4898,11; 8; 24; 49; 28; 13; 24; 15
10,25,0.37729,0.4,17; 7; 10; 25; 28; 30; 4; 12
18,37,0.47916,0.48649,7; 14; 18; 37; 23; 11; 10; 31
33,37,0.92771,0.89189,14; 6; 33; 37; 18; 16; 29; 31
31,42,0.74334,0.7381,3; 6; 31; 42; 11; 28; 13; 8
39,44,0.88582,0.88636,6; 5; 39; 44; 24; 10; 19; 16
16,31,0.54934,0.51613,14; 9; 16; 31; 7; 22; 30; 14
12,23,0.47285,0.52174,5; 3; 12; 23; 30; 10; 20; 13
18,48,0.4138,0.375,7; 14; 18; 48; 12; 27; 7; 17
19,65,0.29245,0.29231,7; 7; 19; 65; 7; 15; 29; 18
30,58,0.51929,0.51724,3; 4; 30; 58; 28; 9; 18; 20
24,66,0.36721,0.36364,4; 3; 24; 66; 8; 20; 9; 7
12,47,0.26553,0.25532,13; 5; 12; 47; 10; 26; 15; 20
33,52,0.61766,0.63462,6; 5; 33; 52; 5; 24; 24; 25
25,28,0.89281,0.89286,16; 17; 25; 28; 8; 28; 5; 7
7,48,0.20431,0.14583,4; 3; 7; 48; 21; 27; 8; 30
26,50,0.51848,0.52,3; 6; 26; 50; 14; 12; 13; 19
19,65,0.30975,0.29231,7; 7; 19; 65; 12; 27; 13; 12
8,9,0.68513,0.88889,31; 40; 8; 9; 24; 10; 23; 30
22,55,0.42734,0.4,4; 4; 22; 55; 7; 20; 23; 10
22,45,0.51312,0.48889,7; 9; 22; 45; 24; 31; 26; 13
12,59,0.24638,0.20339,9; 6; 12; 59; 27; 11; 3; 7
14,19,0.74232,0.73684,25; 19; 14; 19; 8; 32; 21; 19
9,35,0.29828,0.25714,27; 18; 9; 35; 26; 31; 11; 26
29,37,0.72157,0.78378,9; 11; 29; 37; 29; 17; 26; 14
7,47,0.2442,0.14894,15; 19; 7; 47; 15; 16; 3; 32
7,48,0.30707,0.14583,3; 7; 7; 48; 6; 7; 24; 20
17,65,0.27452,0.26154,8; 6; 17; 65; 13; 7; 3; 11
8,22,0.27121,0.36364,16; 23; 8; 22; 23; 16; 4; 8
29,56,0.52743,0.51786,3; 4; 29; 56; 7; 15; 24; 12
9,61,0.26257,0.14754,13; 8; 9; 61; 3; 24; 25; 28
21,58,0.36454,0.36207,5; 4; 21; 58; 28; 11; 32; 20
23,31,0.72948,0.74194,9; 20; 23; 31; 28; 8; 26; 20
7,73,0.20936,0.09589,4; 3; 7; 73; 3; 26; 30; 7
7,24,0.3082,0.29167,28; 28; 7; 24; 10; 24; 6; 18
30,58,0.5308,0.51724,4; 3; 30; 58; 32; 3; 19; 17
16,18,0.8093,0.88889,5; 7; 16; 18; 28; 9; 4; 31
9,57,0.25264,0.15789,12; 15; 9; 57; 18; 18; 20; 22
20,69,0.32327,0.28986,4; 4; 20; 69; 4; 32; 4; 18
14,27,0.55375,0.51852,7; 23; 14; 27; 10; 13; 31; 30
7,73,0.22846,0.09589,5; 3; 7; 73; 6; 14; 26; 26
7,46,0.25259,0.15217,3; 21; 7; 46; 21; 4; 26; 8
5,19,0.33097,0.26316,7; 9; 5; 19; 22; 31; 4; 18
13,50,0.27637,0.26,7; 14; 13; 50; 7; 21; 3; 15
6,40,0.23593,0.15,7; 22; 6; 40; 4; 3; 26; 26
14,27,0.50297,0.51852,26; 17; 14; 27; 12; 8; 17; 30
10,62,0.21141,0.16129,13; 10; 10; 62; 28; 9; 21; 26
30,48,0.60784,0.625,10; 8; 30; 48; 18; 10; 16; 11
16,18,0.88361,0.88889,12; 24; 16; 18; 12; 25; 15; 21
15,36,0.40635,0.41667,11; 13; 15; 36; 10; 28; 19; 13
21,27,0.79395,0.77778,7; 14; 21; 27; 13; 7; 13; 17
15,57,0.28058,0.26316,13; 7; 15; 57; 6; 23; 28; 7
23,44,0.53073,0.52273,10; 6; 23; 44; 18; 22; 22; 23
25,51,0.50775,0.4902,8; 3; 25; 51; 12; 28; 22; 25
25,59,0.45145,0.42373,5; 4; 25; 59; 30; 22; 28; 17
6,70,0.23165,0.08571,6; 5; 6; 70; 8; 12; 23; 19
30,48,0.63019,0.625,3; 8; 30; 48; 30; 18; 11; 5
6,30,0.30465,0.2,26; 3; 6; 30; 4; 18; 26; 29
10,25,0.36134,0.4,8; 7; 10; 25; 4; 31; 16; 13
12,23,0.54424,0.52174,8; 14; 12; 23; 9; 18; 23; 25
20,28,0.69167,0.71429,12; 23; 20; 28; 12; 15; 7; 15
11,67,0.21509,0.16418,3; 3; 11; 67; 25; 10; 14; 25
10,38,0.31153,0.26316,7; 20; 10; 38; 20; 22; 25; 16
8,41,0.26736,0.19512,10; 17; 8; 41; 18; 12; 23; 11
18,68,0.289,0.26471,3; 6; 18; 68; 5; 7; 22; 29
19,65,0.30254,0.29231,5; 3; 19; 65; 6; 16; 17; 18
24,57,0.43632,0.42105,3; 3; 24; 57; 8; 6; 9; 6
23,47,0.51502,0.48936,8; 8; 23; 47; 10; 30; 14; 23
6,67,0.23462,0.08955,3; 8; 6; 67; 6; 6; 11; 13
28,38,0.73224,0.73684,15; 14; 28; 38; 26; 18; 25; 27
23,57,0.42202,0.40351,3; 6; 23; 57; 12; 3; 8; 14
29,41,0.68545,0.70732,14; 11; 29; 41; 21; 22; 3; 5
7,67,0.2306,0.10448,12; 10; 7; 67; 21; 31; 6; 25
28,40,0.67744,0.7,4; 8; 28; 40; 17; 12; 30; 9
11,54,0.26277,0.2037,15; 11; 11; 54; 6; 24; 18; 23
12,30,0.42054,0.4,17; 22; 12; 30; 22; 12; 14; 8
19,39,0.48461,0.48718,11; 8; 19; 39; 32; 25; 24; 14
19,48,0.41053,0.39583,7; 8; 19; 48; 15; 3; 3; 26
10,61,0.22654,0.16393,9; 7; 10; 61; 3; 30; 32; 28
32,41,0.7624,0.78049,12; 6; 32; 41; 19; 20; 8; 24
36,46,0.7759,0.78261,5; 7; 36; 46; 6; 24; 7; 5
28,40,0.67639,0.7,7; 6; 28; 40; 3; 30; 23; 27
21,50,0.407,0.42,8; 13; 21; 50; 17; 9; 4; 4
6,37,0.22821,0.16216,25; 20; 6; 37; 5; 16; 26; 27
7,69,0.20577,0.10145,11; 7; 7; 69; 21; 28; 15; 14
29,46,0.62553,0.63043,6; 7; 29; 46; 29; 12; 11; 4
22,58,0.37879,0.37931,6; 7; 22; 58; 31; 32; 11; 16
27,52,0.54236,0.51923,3; 9; 27; 52; 3; 24; 19; 7
32,41,0.80623,0.78049,4; 6; 32; 41; 4; 28; 14; 3
13,65,0.2221,0.2,9; 4; 13; 65; 17; 12; 25; 13
8,53,0.2605,0.15094,16; 15; 8; 53; 10; 16; 3; 32
5,50,0.20023,0.1,17; 14; 5; 50; 16; 31; 28; 15
6,58,0.23839,0.10345,12; 15; 6; 58; 12; 8; 5; 14
33,37,0.89184,0.89189,8; 8; 33; 37; 28; 28; 26; 7
32,41,0.74161,0.78049,4; 10; 32; 41; 26; 7; 29; 24
19,53,0.35182,0.35849,10; 11; 19; 53; 22; 26; 28; 6
7,81,0.23999,0.08642,5; 3; 7; 81; 4; 11; 31; 29
19,30,0.6585,0.63333,11; 4; 19; 30; 3; 7; 9; 7
5,13,0.3985,0.38462,35; 3; 5; 13; 21; 14; 24; 29
32,46,0.69503,0.69565,9; 5; 32; 46; 13; 14; 32; 24
10,14,0.70881,0.71429,36; 17; 10; 14; 14; 3; 16; 25
7,74,0.23443,0.09459,3; 4; 7; 74; 31; 17; 8; 7
14,19,0.73059,0.73684,20; 24; 14; 19; 27; 18; 10; 6
15,42,0.35316,0.35714,5; 5; 15; 42; 16; 6; 10; 3
31,49,0.64894,0.63265,7; 6; 31; 49; 25; 21; 12; 20
22,45,0.49172,0.48889,6; 8; 22; 45; 4; 18; 17; 21
17,24,0.82453,0.70833,7; 23; 17; 24; 6; 30; 29; 18
9,57,0.21767,0.15789,12; 6; 9; 57; 26; 12; 3; 29
32,51,0.63445,0.62745,5; 7; 32; 51; 11; 27; 6; 27
34,54,0.61318,0.62963,3; 5; 34; 54; 6; 31; 14; 30
20,48,0.40457,0.41667,10; 7; 20; 48; 14; 20; 3; 25
8,49,0.24942,0.16327,14; 9; 8; 49; 32; 4; 6; 28
19,48,0.41631,0.39583,3; 15; 19; 48; 14; 21; 23; 11
9,35,0.28045,0.25714,14; 9; 9; 35; 10; 12; 19; 5
7,77,0.2271,0.09091,3; 3; 7; 77; 17; 32; 19; 13
28,38,0.72916,0.73684,8; 6; 28; 38; 8; 26; 27; 31
12,23,0.52089,0.52174,31; 29; 12; 23; 14; 12; 3; 24
14,39,0.40164,0.35897,21; 9; 14; 39; 10; 11; 26; 16
19,45,0.42687,0.42222,10; 17; 19; 45; 9; 22; 4; 27
10,49,0.29006,0.20408,7; 18; 10; 49; 24; 12; 28; 3
16,42,0.38557,0.38095,8; 10; 16; 42; 31; 17; 24; 3
11,68,0.18464,0.16176,6; 8; 11; 68; 12; 21; 18; 24
19,27,0.6857,0.7037,19; 16; 19; 27; 31; 19; 23; 8
9,45,0.25451,0.2,11; 13; 9; 45; 12; 31; 10; 8
5,34,0.23751,0.14706,18; 22; 5; 34; 25; 5; 29; 18
18,70,0.26537,0.25714,4; 5; 18; 70; 18; 25; 32; 3
9,55,0.2046,0.16364,10; 12; 9; 55; 8; 22; 7; 18
12,61,0.23704,0.19672,9; 10; 12; 61; 6; 29; 23; 26
26,62,0.42437,0.41935,3; 4; 26; 62; 11; 29; 22; 9
22,35,0.61863,0.62857,3; 15; 22; 35; 4; 9; 28; 27
6,15,0.4834,0.4,6; 32; 6; 15; 25; 11; 19; 29
20,69,0.28893,0.28986,3; 3; 20; 69; 11; 25; 24; 23
13,36,0.28699,0.36111,9; 21; 13; 36; 10; 31; 5; 24
12,17,0.87866,0.70588,30; 33; 12; 17; 31; 15; 5; 17
8,80,0.19554,0.1,4; 4; 8; 80; 3; 11; 26; 7
25,60,0.43133,0.41667,5; 5; 25; 60; 28; 8; 19; 24
12,30,0.38289,0.4,15; 21; 12; 30; 21; 21; 8; 23
19,48,0.3978,0.39583,8; 15; 19; 48; 6; 7; 11; 24
9,57,0.22617,0.15789,13; 5; 9; 57; 3; 17; 16; 14
29,39,0.72538,0.74359,12; 14; 29; 39; 18; 3; 12; 7
10,39,0.30563,0.25641,12; 14; 10; 39; 5; 11; 15; 4
12,73,0.23592,0.16438,5; 4; 12; 73; 10; 12; 14; 3
30,58,0.52468,0.51724,3; 5; 30; 58; 9; 12; 10; 25
19,30,0.61354,0.63333,5; 10; 19; 30; 23; 12; 20; 10
18,48,0.39075,0.375,11; 13; 18; 48; 21; 4; 14; 20
15,21,0.78951,0.71429,30; 3; 15; 21; 21; 13; 17; 22
11,71,0.21643,0.15493,6; 5; 11; 71; 14; 13; 31; 13
11,73,0.23587,0.15068,6; 6; 11; 73; 28; 31; 4; 5
18,43,0.44313,0.4186,4; 3; 18; 43; 30; 23; 23; 4
18,50,0.38215,0.36,9; 6; 18; 50; 25; 12; 25; 5
19,39,0.47858,0.48718,6; 5; 19; 39; 27; 22; 11; 4
16,62,0.27281,0.25806,9; 10; 16; 62; 4; 9; 9; 29
14,54,0.26719,0.25926,5; 7; 14; 54; 16; 25; 27; 24
16,55,0.3297,0.29091,13; 10; 16; 55; 17; 23; 4; 32
5,54,0.25681,0.09259,10; 19; 5; 54; 13; 31; 20; 28
23,44,0.53889,0.52273,15; 10; 23; 44; 22; 11; 19; 22
20,56,0.38347,0.35714,6; 8; 20; 56; 12; 27; 30; 7
14,20,0.7339,0.7,9; 23; 14; 20; 14; 13; 25; 5
10,24,0.44642,0.41667,15; 19; 10; 24; 26; 3; 20; 15
28,57,0.51431,0.49123,3; 3; 28; 57; 14; 14; 28; 7
21,53,0.40331,0.39623,12; 3; 21; 53; 12; 18; 28; 4
25,60,0.42401,0.41667,6; 4; 25; 60; 17; 17; 23; 17
11,21,0.53496,0.52381,23; 17; 11; 21; 26; 21; 19; 18
24,57,0.41114,0.42105,7; 5; 24; 57; 5; 6; 26; 14
16,56,0.29309,0.28571,13; 7; 16; 56; 13; 28; 18; 26
8,55,0.24855,0.14545,3; 6; 8; 55; 14; 27; 27; 11
38,49,0.77549,0.77551,3; 3; 38; 49; 26; 32; 29; 5
9,31,0.29543,0.29032,6; 12; 9; 31; 31; 14; 24; 23
14,19,0.87076,0.73684,6; 16; 14; 19; 20; 21; 7; 25
16,45,0.39096,0.35556,6; 3; 16; 45; 32; 14; 5; 5
29,41,0.68676,0.70732,8; 4; 29; 41; 9; 12; 15; 22
6,61,0.22923,0.09836,4; 11; 6; 61; 21; 28; 20; 15
7,80,0.25071,0.0875,5; 4; 7; 80; 24; 4; 5; 7
7,48,0.22842,0.14583,3; 15; 7; 48; 6; 26; 19; 24
17,43,0.40248,0.39535,9; 13; 17; 43; 14; 13; 5; 7
11,56,0.22341,0.19643,5; 3; 11; 56; 6; 29; 16; 28
31,44,0.69319,0.70455,8; 7; 31; 44; 14; 20; 10; 20
13,34,0.37322,0.38235,8; 8; 13; 34; 8; 7; 29; 8
40,45,0.86069,0.88889,3; 6; 40; 45; 10; 10; 23; 18
9,44,0.24134,0.20455,4; 13; 9; 44; 12; 25; 6; 23
22,55,0.39951,0.4,4; 10; 22; 55; 19; 13; 7; 26
25,63,0.43372,0.39683,4; 4; 25; 63; 6; 9; 15; 10
5,58,0.25239,0.08621,16; 12; 5; 58; 6; 9; 17; 13
27,55,0.50115,0.49091,3; 5; 27; 55; 15; 19; 17; 16
10,62,0.23882,0.16129,12; 13; 10; 62; 27; 15; 7; 16
17,35,0.51112,0.48571,5; 4; 17; 35; 26; 22; 32; 9
7,80,0.27799,0.0875,5; 4; 7; 80; 18; 17; 29; 9
18,23,0.84819,0.78261,12; 28; 18; 23; 3; 4; 3; 25
24,66,0.37512,0.36364,3; 4; 24; 66; 22; 23; 3; 31
11,54,0.23704,0.2037,8; 5; 11; 54; 6; 27; 8; 30
23,47,0.4651,0.48936,4; 14; 23; 47; 7; 9; 26; 8
12,33,0.34248,0.36364,24; 9; 12; 33; 19; 21; 17; 20
32,46,0.64881,0.69565,5; 10; 32; 46; 27; 18; 22; 21
12,19,0.53617,0.63158,11; 22; 12; 19; 14; 22; 4; 28
29,37,0.76554,0.78378,16; 16; 29; 37; 32; 24; 28; 8
23,60,0.38246,0.38333,5; 5; 23; 60; 26; 15; 8; 21
22,58,0.37814,0.37931,3; 9; 22; 58; 28; 28; 23; 4
11,42,0.29046,0.2619,13; 18; 11; 42; 30; 11; 19; 15
12,46,0.28765,0.26087,19; 20; 12; 46; 3; 8; 16; 24
19,48,0.38136,0.39583,4; 14; 19; 48; 14; 28; 25; 7
11,73,0.22459,0.15068,4; 3; 11; 73; 8; 13; 28; 9
10,65,0.22357,0.15385,5; 10; 10; 65; 20; 15; 8; 18
13,45,0.31788,0.28889,20; 11; 13; 45; 13; 25; 32; 17
14,20,0.69142,0.7,25; 25; 14; 20; 13; 8; 22; 22
26,53,0.5074,0.49057,6; 5; 26; 53; 24; 29; 15; 17
40,45,0.89082,0.88889,3; 3; 40; 45; 11; 14; 19; 24
6,62,0.2552,0.09677,11; 9; 6; 62; 15; 28; 5; 28
14,70,0.23083,0.2,7; 5; 14; 70; 6; 28; 15; 24
12,46,0.26305,0.26087,17; 5; 12; 46; 21; 11; 11; 18
20,68,0.31506,0.29412,4; 5; 20; 68; 9; 24; 31; 24
25,60,0.40911,0.41667,5; 5; 25; 60; 31; 7; 24; 20
18,43,0.42102,0.4186,4; 7; 18; 43; 7; 11; 27; 19
5,13,0.40448,0.38462,37; 19; 5; 13; 18; 4; 9; 5
31,49,0.61298,0.63265,3; 3; 31; 49; 8; 28; 16; 7
35,47,0.72513,0.74468,3; 7; 35; 47; 5; 17; 18; 20
20,50,0.40798,0.4,8; 4; 20; 50; 24; 20; 5; 18
25,34,0.74618,0.73529,13; 11; 25; 34; 24; 13; 5; 32
23,58,0.3875,0.39655,5; 3; 23; 58; 4; 6; 6; 13
10,50,0.31193,0.2,16; 5; 10; 50; 28; 3; 12; 23
17,23,0.80605,0.73913,26; 16; 17; 23; 15; 25; 10; 21
5,49,0.22265,0.10204,20; 6; 5; 49; 31; 20; 15; 16
15,52,0.30313,0.28846,6; 5; 15; 52; 20; 27; 18; 14
17,59,0.30272,0.28814,11; 4; 17; 59; 28; 26; 19; 4
7,43,0.23463,0.16279,13; 14; 7; 43; 9; 19; 17; 3
14,37,0.39168,0.37838,14; 23; 14; 37; 23; 3; 27; 30
10,68,0.23292,0.14706,7; 5; 10; 68; 9; 11; 30; 21
12,60,0.24361,0.2,5; 8; 12; 60; 19; 3; 21; 27
20,50,0.42841,0.4,11; 13; 20; 50; 10; 16; 9; 20
20,55,0.38279,0.36364,3; 11; 20; 55; 13; 20; 12; 3
36,46,0.77119,0.78261,8; 7; 36; 46; 7; 10; 29; 14
5,8,0.79094,0.625,7; 11; 5; 8; 20; 20; 31; 23
6,16,0.32254,0.375,32; 34; 6; 16; 22; 5; 3; 24
8,20,0.44951,0.4,8; 6; 8; 20; 24; 5; 10; 5
8,40,0.22426,0.2,8; 6; 8; 40; 12; 32; 19; 7
14,19,0.82215,0.73684,16; 4; 14; 19; 29; 10; 10; 14
8,41,0.21561,0.19512,20; 3; 8; 41; 12; 12; 3; 24
6,66,0.27224,0.09091,12; 4; 6; 66; 21; 13; 5; 6
14,39,0.36754,0.35897,19; 14; 14; 39; 12; 9; 15; 22
6,41,0.24019,0.14634,25; 25; 6; 41; 25; 17; 24; 27
12,33,0.36505,0.36364,11; 11; 12; 33; 11; 3; 27; 6
6,65,0.229,0.09231,7; 4; 6; 65; 31; 9; 25; 9
24,64,0.40027,0.375,3; 5; 24; 64; 15; 26; 3; 7
15,29,0.51283,0.51724,13; 11; 15; 29; 4; 32; 26; 13
15,39,0.38084,0.38462,15; 16; 15; 39; 15; 14; 11; 15
6,69,0.22989,0.08696,8; 3; 6; 69; 24; 9; 25; 31
10,24,0.46092,0.41667,21; 27; 10; 24; 12; 22; 23; 8
41,46,0.87464,0.8913,5; 4; 41; 46; 16; 21; 10; 21
9,34,0.30097,0.26471,20; 25; 9; 34; 32; 9; 16; 32
21,55,0.38329,0.38182,4; 10; 21; 55; 8; 10; 22; 19
31,42,0.72021,0.7381,12; 8; 31; 42; 16; 13; 26; 28
39,50,0.76373,0.78,4; 4; 39; 50; 24; 19; 12; 16
6,60,0.24877,0.1,10; 10; 6; 60; 9; 32; 7; 32
7,80,0.25605,0.0875,5; 4; 7; 80; 4; 15; 20; 28
14,69,0.22474,0.2029,5; 4; 14; 69; 19; 9; 13; 17
5,55,0.2455,0.09091,19; 10; 5; 55; 14; 17; 25; 27
17,47,0.39483,0.3617,11; 12; 17; 47; 13; 5; 25; 14
22,61,0.39241,0.36066,7; 4; 22; 61; 30; 32; 31; 4
35,50,0.68134,0.7,3; 6; 35; 50; 15; 19; 24; 25
15,36,0.46934,0.41667,7; 18; 15; 36; 23; 6; 12; 9
6,63,0.24559,0.09524,3; 10; 6; 63; 21; 14; 3; 12
7,27,0.25662,0.25926,6; 5; 7; 27; 19; 16; 19; 27
10,16,0.64601,0.625,30; 25; 10; 16; 22; 25; 22; 10
20,55,0.35799,0.36364,3; 5; 20; 55; 6; 28; 28; 32
18,23,0.81107,0.78261,27; 3; 18; 23; 30; 3; 20; 11
14,35,0.41932,0.4,15; 24; 14; 35; 24; 28; 10; 26
7,10,0.73498,0.7,35; 32; 7; 10; 18; 19; 17; 9
5,14,0.46969,0.35714,8; 32; 5; 14; 28; 5; 4; 10
14,19,0.79319,0.73684,10; 23; 14; 19; 22; 20; 15; 14
22,42,0.53567,0.52381,10; 8; 22; 42; 3; 19; 14; 14
17,35,0.50706,0.48571,22; 10; 17; 35; 27; 3; 3; 14
20,48,0.42055,0.41667,11; 13; 20; 48; 3; 21; 9; 31
31,35,0.91539,0.88571,7; 14; 31; 35; 14; 30; 27; 23
7,73,0.22601,0.09589,6; 3; 7; 73; 10; 12; 22; 13
25,32,0.81707,0.78125,13; 16; 25; 32; 3; 26; 18; 14
12,78,0.23512,0.15385,3; 3; 12; 78; 13; 32; 18; 22
8,81,0.24484,0.09877,3; 4; 8; 81; 9; 11; 7; 3
27,55,0.49113,0.49091,7; 8; 27; 55; 28; 32; 6; 15
5,54,0.26205,0.09259,12; 16; 5; 54; 27; 28; 15; 7
32,36,0.90262,0.88889,13; 9; 32; 36; 25; 14; 13; 11
35,50,0.68972,0.7,4; 4; 35; 50; 16; 24; 31; 12
17,66,0.28624,0.25758,3; 4; 17; 66; 28; 8; 28; 16
8,81,0.21922,0.09877,4; 3; 8; 81; 11; 24; 6; 27
12,41,0.32195,0.29268,22; 16; 12; 41; 7; 27; 6; 9
8,52,0.22377,0.15385,19; 5; 8; 52; 7; 13; 32; 23
28,40,0.70343,0.7,14; 14; 28; 40; 16; 12; 31; 11
12,59,0.24698,0.20339,11; 9; 12; 59; 20; 7; 30; 21
24,46,0.50671,0.52174,10; 9; 24; 46; 26; 29; 19; 19
20,41,0.48213,0.4878,8; 6; 20; 41; 20; 18; 5; 15
15,24,0.71985,0.625,28; 28; 15; 24; 9; 26; 24; 17
11,29,0.33402,0.37931,16; 17; 11; 29; 22; 12; 21; 6
9,57,0.20971,0.15789,11; 13; 9; 57; 27; 32; 9; 16
22,52,0.43427,0.42308,3; 8; 22; 52; 20; 30; 24; 12
8,50,0.22724,0.16,18; 13; 8; 50; 25; 15; 23; 26
7,67,0.20625,0.10448,7; 4; 7; 67; 20; 28; 19; 12
31,49,0.6136,0.63265,3; 7; 31; 49; 30; 32; 27; 4
18,37,0.53187,0.48649,3; 17; 18; 37; 9; 11; 26; 6
14,35,0.37848,0.4,22; 18; 14; 35; 9; 16; 19; 5
11,21,0.4934,0.52381,30; 8; 11; 21; 12; 26; 28; 18
10,24,0.45107,0.41667,23; 20; 10; 24; 15; 30; 11; 11
14,71,0.20883,0.19718,6; 6; 14; 71; 19; 5; 21; 26
12,23,0.52471,0.52174,3; 5; 12; 23; 29; 27; 9; 22
11,75,0.21499,0.14667,3; 4; 11; 75; 14; 24; 19; 25
14,54,0.29291,0.25926,4; 10; 14; 54; 24; 27; 18; 20
16,44,0.36454,0.36364,12; 14; 16; 44; 7; 22; 19; 25
8,81,0.21817,0.09877,3; 4; 8; 81; 10; 3; 15; 31
39,44,0.89241,0.88636,4; 4; 39; 44; 20; 24; 24; 3
29,39,0.74734,0.74359,7; 12; 29; 39; 12; 19; 28; 28
13,31,0.38847,0.41935,8; 14; 13; 31; 11; 18; 10; 27
16,40,0.39685,0.4,18; 20; 16; 40; 14; 24; 12; 18
16,31,0.48824,0.51613,7; 20; 16; 31; 7; 25; 21; 28
9,25,0.35552,0.36,13; 26; 9; 25; 13; 21; 32; 19
10,67,0.20115,0.14925,5; 5; 10; 67; 12; 19; 12; 11
22,58,0.39504,0.37931,4; 9; 22; 58; 27; 19; 30; 14
8,40,0.25817,0.2,17; 15; 8; 40; 13; 3; 19; 27
20,70,0.29599,0.28571,4; 3; 20; 70; 7; 12; 23; 17
17,19,0.94787,0.89474,21; 24; 17; 19; 6; 24; 13; 24
6,66,0.2105,0.09091,11; 10; 6; 66; 20; 8; 26; 19
19,27,0.67013,0.7037,15; 23; 19; 27; 23; 28; 14; 32
6,63,0.24427,0.09524,9; 10; 6; 63; 28; 24; 19; 17
10,38,0.24411,0.26316,23; 15; 10; 38; 4; 20; 29; 4
14,39,0.36335,0.35897,18; 4; 14; 39; 21; 28; 29; 3
13,36,0.34853,0.36111,22; 12; 13; 36; 30; 9; 18; 20
29,41,0.67442,0.70732,13; 13; 29; 41; 23; 27; 11; 9
6,58,0.2413,0.10345,3; 10; 6; 58; 18; 5; 21; 31
13,36,0.34116,0.36111,14; 5; 13; 36; 9; 23; 26; 22
6,60,0.2357,0.1,9; 14; 6; 60; 20; 32; 13; 9
11,68,0.20553,0.16176,3; 9; 11; 68; 5; 18; 26; 22
21,50,0.43334,0.42,13; 8; 21; 50; 13; 10; 19; 18
35,49,0.69738,0.71429,6; 3; 35; 49; 12; 24; 28; 14
7,69,0.23034,0.10145,5; 11; 7; 69; 25; 16; 23; 21
25,34,0.70407,0.73529,15; 6; 25; 34; 5; 13; 19; 14
7,72,0.2332,0.09722,3; 5; 7; 72; 17; 13; 9; 7
24,46,0.54522,0.52174,13; 8; 24; 46; 19; 13; 12; 30
8,28,0.36949,0.28571,3; 6; 8; 28; 26; 31; 10; 21
11,72,0.20805,0.15278,5; 4; 11; 72; 18; 3; 31; 5
24,27,0.89956,0.88889,9; 18; 24; 27; 30; 8; 29; 28
7,43,0.27728,0.16279,17; 17; 7; 43; 8; 18; 30; 14
20,53,0.3822,0.37736,3; 4; 20; 53; 19; 25; 20; 11
6,60,0.23096,0.1,6; 16; 6; 60; 6; 3; 3; 17
24,34,0.67606,0.70588,11; 5; 24; 34; 21; 17; 4; 28
17,33,0.56917,0.51515,20; 11; 17; 33; 24; 10; 16; 22
16,40,0.39381,0.4,11; 16; 16; 40; 9; 29; 21; 20
14,71,0.24061,0.19718,4; 5; 14; 71; 20; 23; 25; 10
6,59,0.25574,0.10169,16; 8; 6; 59; 31; 25; 14; 9
11,26,0.39524,0.42308,30; 17; 11; 26; 28; 10; 5; 28
21,30,0.66106,0.7,4; 20; 21; 30; 8; 11; 19; 24
5,49,0.18251,0.10204,17; 16; 5; 49; 11; 18; 6; 25
10,68,0.24274,0.14706,5; 5; 10; 68; 10; 10; 32; 7
10,62,0.23011,0.16129,8; 12; 10; 62; 8; 31; 13; 31
17,43,0.43004,0.39535,15; 15; 17; 43; 28; 4; 18; 23
12,61,0.21424,0.19672,4; 10; 12; 61; 7; 13; 21; 17
19,47,0.4325,0.40426,13; 14; 19; 47; 6; 22; 25; 6
15,51,0.2842,0.29412,10; 6; 15; 51; 17; 17; 25; 5
9,34,0.36582,0.26471,10; 27; 9; 34; 15; 30; 14; 12
35,50,0.69072,0.7,3; 3; 35; 50; 20; 11; 25; 6
17,23,0.77754,0.73913,6; 19; 17; 23; 32; 11; 22; 19
13,25,0.48917,0.52,28; 7; 13; 25; 16; 20; 26; 17
10,51,0.26263,0.19608,8; 12; 10; 51; 31; 23; 11; 25
21,27,0.82398,0.77778,7; 22; 21; 27; 14; 22; 12; 32
31,42,0.72131,0.7381,4; 12; 31; 42; 26; 4; 4; 5
11,38,0.29433,0.28947,9; 18; 11; 38; 9; 32; 8; 14
15,52,0.29818,0.28846,6; 9; 15; 52; 9; 9; 11; 10
21,50,0.45606,0.42,7; 11; 21; 50; 24; 12; 6; 23
20,27,0.73788,0.74074,23; 18; 20; 27; 20; 30; 13; 4
11,69,0.24132,0.15942,4; 6; 11; 69; 21; 11; 21; 31
28,54,0.54221,0.51852,5; 5; 28; 54; 22; 23; 7; 30
9,45,0.23369,0.2,4; 16; 9; 45; 12; 13; 19; 16
8,53,0.22873,0.15094,18; 16; 8; 53; 13; 19; 13; 29
13,45,0.29056,0.28889,3; 12; 13; 45; 14; 17; 20; 27
9,25,0.35705,0.36,25; 22; 9; 25; 8; 7; 30; 19
8,77,0.22164,0.1039,6; 6; 8; 77; 26; 29; 9; 7
10,34,0.36663,0.29412,13; 14; 10; 34; 18; 26; 25; 14
15,57,0.30365,0.26316,8; 9; 15; 57; 8; 4; 25; 16
5,51,0.27185,0.09804,6; 13; 5; 51; 30; 11; 11; 28
21,59,0.37034,0.35593,9; 7; 21; 59; 23; 16; 30; 21
14,35,0.39078,0.4,17; 4; 14; 35; 24; 5; 7; 23
22,31,0.72039,0.70968,13; 13; 22; 31; 24; 3; 19; 5
11,38,0.27154,0.28947,16; 6; 11; 38; 29; 14; 32; 5
10,67,0.22596,0.14925,10; 5; 10; 67; 21; 10; 15; 19
19,50,0.37965,0.38,7; 4; 19; 50; 10; 10; 3; 25
14,20,0.68569,0.7,20; 10; 14; 20; 11; 15; 20; 25
8,55,0.25144,0.14545,8; 8; 8; 55; 9; 10; 13; 16
8,49,0.24919,0.16327,18; 20; 8; 49; 4; 4; 14; 27
10,61,0.23551,0.16393,13; 7; 10; 61; 5; 14; 12; 14
12,47,0.26777,0.25532,17; 8; 12; 47; 5; 23; 17; 22
14,39,0.34743,0.35897,5; 3; 14; 39; 3; 9; 10; 15
6,64,0.223,0.09375,6; 4; 6; 64; 3; 24; 10; 32
22,35,0.66466,0.62857,16; 11; 22; 35; 28; 22; 13; 14
29,41,0.67588,0.70732,14; 12; 29; 41; 28; 30; 19; 15
32,36,0.89591,0.88889,4; 5; 32; 36; 22; 20; 22; 8
9,57,0.26121,0.15789,7; 4; 9; 57; 3; 10; 30; 20
9,55,0.21854,0.16364,5; 8; 9; 55; 27; 20; 17; 25
39,50,0.7881,0.78,4; 4; 39; 50; 20; 31; 13; 19
9,62,0.24652,0.14516,4; 11; 9; 62; 7; 16; 27; 26
21,55,0.35999,0.38182,9; 3; 21; 55; 6; 29; 9; 9
13,34,0.35759,0.38235,6; 13; 13; 34; 27; 20; 7; 8
7,24,0.33535,0.29167,7; 8; 7; 24; 14; 18; 26; 8
18,47,0.38133,0.38298,9; 3; 18; 47; 17; 21; 9; 7
14,18,0.82307,0.77778,12; 16; 14; 18; 16; 16; 18; 16
9,62,0.21715,0.14516,5; 5; 9; 62; 14; 29; 19; 22
13,64,0.23639,0.20312,10; 5; 13; 64; 5; 11; 30; 6
8,9,0.69876,0.88889,9; 10; 8; 9; 15; 15; 22; 8
11,73,0.215,0.15068,4; 4; 11; 73; 12; 7; 5; 24
19,39,0.49743,0.48718,13; 20; 19; 39; 5; 8; 9; 32
18,69,0.24186,0.26087,3; 4; 18; 69; 15; 25; 29; 16
20,27,0.76432,0.74074,16; 18; 20; 27; 16; 26; 22; 18
12,17,0.75354,0.70588,18; 12; 12; 17; 23; 15; 10; 7
31,42,0.72698,0.7381,5; 5; 31; 42; 6; 28; 23; 6
19,39,0.52418,0.48718,3; 15; 19; 39; 22; 15; 7; 6
10,39,0.31004,0.25641,11; 20; 10; 39; 13; 14; 13; 13
7,76,0.22237,0.09211,7; 4; 7; 76; 28; 27; 12; 27
15,51,0.29032,0.29412,10; 8; 15; 51; 4; 31; 5; 29
20,53,0.39572,0.37736,7; 6; 20; 53; 21; 9; 16; 11
12,77,0.24741,0.15584,3; 3; 12; 77; 17; 13; 23; 23
39,44,0.89326,0.88636,6; 5; 39; 44; 23; 24; 7; 4
17,19,0.87949,0.89474,5; 24; 17; 19; 32; 30; 7; 17
23,33,0.66677,0.69697,7; 13; 23; 33; 13; 9; 3; 24
17,24,0.75126,0.70833,24; 21; 17; 24; 25; 26; 22; 24
8,9,0.70299,0.88889,6; 26; 8; 9; 13; 25; 18; 8
11,71,0.20786,0.15493,8; 7; 11; 71; 13; 7; 31; 21
6,40,0.24287,0.15,10; 8; 6; 40; 3; 9; 28; 15
25,59,0.45262,0.42373,3; 3; 25; 59; 7; 9; 8; 13
8,79,0.23898,0.10127,3; 4; 8; 79; 30; 21; 16; 26
21,59,0.35627,0.35593,8; 6; 21; 59; 15; 4; 21; 31
19,66,0.2919,0.28788,3; 3; 19; 66; 29; 30; 15; 19
14,54,0.29319,0.25926,11; 4; 14; 54; 25; 11; 3; 6
28,38,0.7314,0.73684,16; 3; 28; 38; 9; 22; 11; 22
23,64,0.38395,0.35938,5; 3; 23; 64; 15; 6; 31; 18
13,64,0.22197,0.20312,9; 6; 13; 64; 27; 22; 17; 6
9,31,0.28262,0.29032,17; 12; 9; 31; 3; 16; 11; 10
20,56,0.40487,0.35714,10; 6; 20; 56; 18; 22; 17; 25
18,37,0.46748,0.48649,3; 18; 18; 37; 7; 28; 29; 9
34,46,0.73003,0.73913,9; 8; 34; 46; 20; 26; 16; 14
7,35,0.24188,0.2,19; 21; 7; 35; 29; 12; 16; 24
6,58,0.22005,0.10345,5; 17; 6; 58; 15; 14; 14; 3
41,46,0.89821,0.8913,5; 5; 41; 46; 26; 18; 10; 32
39,44,0.86412,0.88636,4; 3; 39; 44; 3; 27; 3; 7
25,65,0.38627,0.38462,4; 3; 25; 65; 19; 8; 28; 24
12,32,0.40479,0.375,16; 24; 12; 32; 26; 16; 6; 7
28,36,0.77425,0.77778,10; 11; 28; 36; 18; 11; 5; 8
16,31,0.53422,0.51613,19; 18; 16; 31; 17; 21; 9; 20
24,27,0.85215,0.88889,6; 12; 24; 27; 7; 29; 5; 22
21,55,0.40883,0.38182,5; 3; 21; 55; 7; 11; 25; 29
32,46,0.6745,0.69565,3; 10; 32; 46; 13; 5; 30; 8
33,52,0.64835,0.63462,3; 6; 33; 52; 22; 26; 13; 20
9,62,0.23961,0.14516,12; 8; 9; 62; 20; 21; 3; 7
6,38,0.27966,0.15789,3; 18; 6; 38; 20; 19; 21; 6
31,42,0.71633,0.7381,4; 12; 31; 42; 19; 16; 14; 23
6,37,0.22027,0.16216,24; 21; 6; 37; 29; 16; 23; 16
14,27,0.46285,0.51852,6; 23; 14; 27; 28; 25; 3; 16
10,49,0.2738,0.20408,17; 11; 10; 49; 19; 9; 8; 6
17,58,0.31597,0.2931,7; 4; 17; 58; 15; 22; 32; 14
6,62,0.21843,0.09677,12; 10; 6; 62; 14; 19; 10; 17
28,36,0.76706,0.77778,3; 14; 28; 36; 5; 22; 5; 10
11,69,0.22002,0.15942,8; 7; 11; 69; 26; 19; 9; 13
16,45,0.3303,0.35556,7; 9; 16; 45; 6; 17; 30; 28
29,46,0.62933,0.63043,6; 10; 29; 46; 14; 31; 8; 23
6,37,0.27511,0.16216,3; 23; 6; 37; 19; 27; 3; 14
9,60,0.21763,0.15,3; 12; 9; 60; 18; 10; 24; 30
21,50,0.43877,0.42,10; 8; 21; 50; 28; 14; 10; 16
32,41,0.76349,0.78049,3; 3; 32; 41; 4; 30; 14; 6
20,50,0.4198,0.4,4; 4; 20; 50; 5; 30; 24; 21
28,36,0.80193,0.77778,9; 14; 28; 36; 24; 10; 23; 14
19,48,0.39127,0.39583,4; 5; 19; 48; 28; 24; 25; 5
10,25,0.3796,0.4,12; 15; 10; 25; 24; 27; 31; 5
7,48,0.22722,0.14583,7; 20; 7; 48; 4; 10; 19; 12
12,30,0.40251,0.4,16; 26; 12; 30; 24; 24; 30; 17
14,27,0.53162,0.51852,6; 16; 14; 27; 19; 23; 20; 4
11,42,0.28352,0.2619,22; 21; 11; 42; 18; 14; 24; 25
30,42,0.68242,0.71429,7; 12; 30; 42; 5; 32; 15; 21
17,35,0.50037,0.48571,13; 4; 17; 35; 31; 4; 27; 13
8,51,0.22702,0.15686,9; 12; 8; 51; 26; 31; 24; 8
22,55,0.41991,0.4,3; 6; 22; 55; 7; 21; 16; 17
17,23,0.754,0.73913,21; 10; 17; 23; 20; 17; 28; 23
24,27,0.91381,0.88889,20; 16; 24; 27; 13; 18; 20; 17
5,58,0.24557,0.08621,3; 9; 5; 58; 30; 31; 8; 12
8,51,0.22891,0.15686,5; 16; 8; 51; 10; 32; 18; 18
16,44,0.36652,0.36364,11; 4; 16; 44; 19; 5; 7; 11
13,50,0.30558,0.26,4; 14; 13; 50; 12; 29; 30; 9
17,35,0.51257,0.48571,16; 21; 17; 35; 3; 13; 17; 6
18,63,0.289,0.28571,7; 6; 18; 63; 15; 29; 10; 11
11,55,0.22825,0.2,8; 11; 11; 55; 10; 18; 11; 31
9,24,0.36216,0.375,18; 15; 9; 24; 21; 7; 9; 23
10,66,0.24789,0.15152,7; 6; 10; 66; 9; 29; 4; 30
20,50,0.4049,0.4,8; 6; 20; 50; 23; 32; 12; 25
12,74,0.23021,0.16216,4; 3; 12; 74; 7; 5; 29; 29
7,9,0.82527,0.77778,38; 11; 7; 9; 16; 4; 11; 10
7,10,0.76131,0.7,22; 40; 7; 10; 31; 21; 26; 11
21,56,0.37031,0.375,3; 3; 21; 56; 27; 13; 31; 11
16,23,0.79779,0.69565,22; 7; 16; 23; 10; 7; 19; 16
10,38,0.34964,0.26316,13; 14; 10; 38; 31; 12; 26; 18
24,46,0.54065,0.52174,3; 8; 24; 46; 25; 20; 13; 17
35,50,0.67607,0.7,6; 3; 35; 50; 31; 3; 29; 7
10,14,0.79202,0.71429,3; 9; 10; 14; 3; 5; 20; 23
12,41,0.31999,0.29268,16; 16; 12; 41; 17; 9; 3; 28
26,53,0.50789,0.49057,3; 5; 26; 53; 17; 21; 9; 15
16,23,0.68957,0.69565,10; 4; 16; 23; 13; 28; 23; 3
13,45,0.30834,0.28889,14; 14; 13; 45; 20; 10; 28; 13
31,42,0.74695,0.7381,11; 8; 31; 42; 24; 24; 11; 22
8,40,0.23306,0.2,23; 12; 8; 40; 17; 10; 18; 6
17,35,0.51461,0.48571,20; 7; 17; 35; 19; 19; 24; 23
5,52,0.25644,0.09615,14; 14; 5; 52; 14; 25; 20; 3
24,57,0.43566,0.42105,5; 5; 24; 57; 14; 3; 12; 9
21,27,0.86341,0.77778,13; 8; 21; 27; 22; 24; 30; 13
17,24,0.78418,0.70833,27; 17; 17; 24; 30; 31; 6; 22
32,46,0.67158,0.69565,9; 9; 32; 46; 3; 14; 15; 10
16,62,0.25632,0.25806,8; 6; 16; 62; 23; 28; 32; 3
10,34,0.30432,0.29412,20; 19; 10; 34; 18; 29; 31; 9
21,59,0.36186,0.35593,5; 3; 21; 59; 11; 27; 30; 29
22,45,0.5012,0.48889,6; 6; 22; 45; 14; 9; 11; 27
27,55,0.51283,0.49091,7; 4; 27; 55; 5; 27; 12; 24
25,35,0.69747,0.71429,9; 18; 25; 35; 21; 5; 6; 20
21,58,0.36654,0.36207,6; 4; 21; 58; 25; 9; 18; 15
23,64,0.36266,0.35938,5; 5; 23; 64; 26; 4; 26; 31
40,45,0.88799,0.88889,4; 4; 40; 45; 27; 16; 14; 22
6,59,0.2552,0.10169,14; 15; 6; 59; 21; 9; 13; 5
25,32,0.74626,0.78125,15; 8; 25; 32; 3; 13; 21; 9
10,49,0.26388,0.20408,7; 15; 10; 49; 20; 6; 7; 30
12,30,0.36832,0.4,12; 6; 12; 30; 18; 13; 30; 11
10,24,0.36401,0.41667,18; 15; 10; 24; 31; 7; 6; 17
14,37,0.30888,0.37838,18; 11; 14; 37; 25; 26; 10; 19
7,67,0.2273,0.10448,4; 5; 7; 67; 18; 29; 20; 21
11,56,0.24361,0.19643,8; 4; 11; 56; 25; 19; 10; 6
11,43,0.2545,0.25581,22; 16; 11; 43; 20; 21; 10; 12
25,48,0.52219,0.52083,10; 5; 25; 48; 22; 21; 13; 13
9,25,0.33199,0.36,24; 16; 9; 25; 4; 20; 16; 14
34,48,0.70166,0.70833,5; 3; 34; 48; 4; 3; 6; 20
8,31,0.25832,0.25806,29; 10; 8; 31; 18; 27; 30; 16
14,27,0.52605,0.51852,28; 21; 14; 27; 7; 24; 16; 6
18,62,0.32265,0.29032,4; 8; 18; 62; 13; 17; 30; 16
17,24,0.76872,0.70833,24; 13; 17; 24; 25; 26; 19; 5
5,19,0.309,0.26316,15; 20; 5; 19; 17; 29; 10; 5
8,50,0.22295,0.16,17; 20; 8; 50; 9; 5; 27; 19
18,45,0.39061,0.4,10; 4; 18; 45; 30; 4; 8; 5
12,46,0.28581,0.26087,15; 19; 12; 46; 9; 29; 29; 26
6,68,0.24428,0.08824,7; 3; 6; 68; 26; 12; 20; 7
29,37,0.77003,0.78378,16; 12; 29; 37; 18; 24; 18; 9
7,44,0.2227,0.15909,12; 17; 7; 44; 10; 11; 32; 25
39,50,0.75206,0.78,3; 4; 39; 50; 22; 8; 17; 13
9,61,0.22183,0.14754,12; 6; 9; 61; 13; 24; 20; 28
8,19,0.44731,0.42105,35; 33; 8; 19; 11; 5; 24; 28
7,69,0.20492,0.10145,8; 8; 7; 69; 24; 11; 4; 16
14,18,0.77781,0.77778,15; 6; 14; 18; 12; 5; 16; 17
12,41,0.33571,0.29268,6; 8; 12; 41; 21; 13; 27; 27
31,42,0.74248,0.7381,9; 4; 31; 42; 21; 31; 25; 17
21,43,0.49446,0.48837,13; 17; 21; 43; 17; 18; 12; 3
7,48,0.28972,0.14583,14; 18; 7; 48; 28; 17; 7; 4
20,56,0.37699,0.35714,8; 11; 20; 56; 30; 11; 20; 23
6,23,0.32489,0.26087,3; 9; 6; 23; 30; 23; 6; 6
8,49,0.22489,0.16327,14; 5; 8; 49; 6; 8; 29; 13
6,66,0.21002,0.09091,11; 7; 6; 66; 25; 23; 30; 18
21,27,0.75562,0.77778,6; 17; 21; 27; 15; 23; 12; 29
23,47,0.51748,0.48936,3; 12; 23; 47; 20; 15; 31; 25
11,26,0.39704,0.42308,9; 6; 11; 26; 21; 8; 14; 15
33,52,0.61451,0.63462,4; 6; 33; 52; 11; 26; 12; 16
13,50,0.29359,0.26,3; 5; 13; 50; 32; 3; 5; 18
31,40,0.77236,0.775,5; 4; 31; 40; 13; 16; 14; 11
27,55,0.50438,0.49091,6; 3; 27; 55; 24; 7; 16; 22
6,60,0.23612,0.1,15; 15; 6; 60; 29; 27; 9; 26
22,42,0.52374,0.52381,9; 15; 22; 42; 26; 28; 5; 12
10,65,0.21891,0.15385,8; 5; 10; 65; 26; 11; 27; 6
25,63,0.40529,0.39683,3; 5; 25; 63; 18; 13; 13; 20
19,45,0.45167,0.42222,7; 9; 19; 45; 5; 22; 27; 8
12,17,0.84763,0.70588,34; 33; 12; 17; 4; 16; 32; 20
8,54,0.23105,0.14815,4; 10; 8; 54; 31; 16; 17; 14
21,58,0.3756,0.36207,9; 4; 21; 58; 10; 21; 3; 21
11,70,0.21811,0.15714,8; 5; 11; 70; 7; 9; 21; 9
18,37,0.54355,0.48649,14; 14; 18; 37; 12; 32; 25; 28
32,41,0.79359,0.78049,4; 9; 32; 41; 7; 5; 21; 18
21,50,0.43978,0.42,7; 8; 21; 50; 22; 11; 27; 17
6,58,0.21368,0.10345,11; 5; 6; 58; 7; 9; 16; 8
34,46,0.75095,0.73913,8; 3; 34; 46; 11; 17; 23; 19
6,62,0.23569,0.09677,3; 5; 6; 62; 17; 26; 21; 5
28,36,0.76341,0.77778,4; 14; 28; 36; 20; 20; 14; 8
14,20,0.76885,0.7,27; 13; 14; 20; 19; 16; 25; 32
37,53,0.67415,0.69811,4; 4; 37; 53; 16; 9; 29; 17
17,66,0.27457,0.25758,5; 6; 17; 66; 18; 20; 20; 6
16,23,0.70188,0.69565,22; 20; 16; 23; 23; 3; 23; 5
30,42,0.71208,0.71429,4; 4; 30; 42; 32; 25; 6; 16
11,56,0.26097,0.19643,5; 10; 11; 56; 26; 26; 8; 20
29,46,0.61315,0.63043,11; 3; 29; 46; 8; 5; 14; 6
10,26,0.44693,0.38462,7; 18; 10; 26; 32; 8; 24; 26
24,34,0.66308,0.70588,16; 15; 24; 34; 27; 31; 11; 18
10,25,0.35804,0.4,29; 5; 10; 25; 11; 18; 27; 11
12,30,0.39661,0.4,19; 26; 12; 30; 10; 20; 11; 29
25,28,0.90646,0.89286,18; 17; 25; 28; 6; 6; 20; 26
7,76,0.23004,0.09211,4; 7; 7; 76; 25; 14; 3; 16
29,39,0.69935,0.74359,10; 10; 29; 39; 27; 31; 19; 15
11,71,0.23185,0.15493,5; 5; 11; 71; 14; 17; 5; 13
19,39,0.50913,0.48718,18; 5; 19; 39; 15; 23; 11; 18
6,30,0.289,0.2,7; 31; 6; 30; 3; 3; 11; 17
10,51,0.24792,0.19608,18; 10; 10; 51; 23; 22; 14; 5
12,73,0.20938,0.16438,5; 6; 12; 73; 29; 26; 6; 19
41,46,0.8964,0.8913,4; 5; 41; 46; 32; 9; 16; 32
7,75,0.2272,0.09333,3; 3; 7; 75; 26; 31; 24; 8
14,71,0.23995,0.19718,4; 4; 14; 71; 26; 9; 20; 28
27,52,0.51368,0.51923,7; 7; 27; 52; 17; 30; 20; 26
21,43,0.51404,0.48837,4; 14; 21; 43; 28; 4; 11; 20
5,58,0.22144,0.08621,15; 15; 5; 58; 32; 10; 6; 8
21,43,0.50448,0.48837,13; 9; 21; 43; 6; 6; 27; 12
24,34,0.69283,0.70588,6; 7; 24; 34; 12; 8; 22; 5
34,38,0.88581,0.89474,3; 4; 34; 38; 30; 3; 8; 11
20,68,0.31973,0.29412,5; 3; 20; 68; 5; 18; 11; 20
26,53,0.49167,0.49057,6; 4; 26; 53; 9; 9; 16; 27
18,69,0.27151,0.26087,3; 3; 18; 69; 25; 17; 24; 8
22,42,0.54944,0.52381,4; 10; 22; 42; 16; 13; 8; 7
6,60,0.25285,0.1,13; 6; 6; 60; 8; 29; 26; 27
14,18,0.82522,0.77778,24; 31; 14; 18; 26; 18; 16; 16
5,48,0.28238,0.10417,16; 7; 5; 48; 30; 10; 6; 24
12,59,0.25306,0.20339,7; 3; 12; 59; 11; 6; 22; 7
10,62,0.21658,0.16129,4; 12; 10; 62; 18; 20; 6; 8
14,37,0.37825,0.37838,12; 11; 14; 37; 25; 13; 12; 15
25,48,0.53268,0.52083,12; 12; 25; 48; 30; 3; 9; 9
16,40,0.31073,0.4,21; 8; 16; 40; 31; 23; 3; 25
7,68,0.24207,0.10294,9; 9; 7; 68; 25; 30; 4; 26
8,20,0.38866,0.4,14; 3; 8; 20; 13; 3; 13; 5
13,34,0.40086,0.38235,4; 18; 13; 34; 12; 5; 18; 30
15,58,0.24231,0.25862,9; 12; 15; 58; 8; 27; 26; 20
28,40,0.67296,0.7,14; 13; 28; 40; 26; 22; 14; 4
24,38,0.62632,0.63158,5; 8; 24; 38; 8; 9; 29; 4
26,35,0.74403,0.74286,5; 10; 26; 35; 3; 27; 26; 5
18,37,0.50724,0.48649,12; 18; 18; 37; 5; 16; 31; 6
15,75,0.24397,0.2,3; 3; 15; 75; 11; 7; 17; 22
6,60,0.26684,0.1,7; 5; 6; 60; 14; 29; 24; 18
18,23,0.8092,0.78261,16; 3; 18; 23; 10; 28; 13; 28
32,36,0.8855,0.88889,10; 5; 32; 36; 12; 27; 29; 29
23,31,0.75983,0.74194,5; 13; 23; 31; 17; 9; 31; 16
8,53,0.23555,0.15094,10; 11; 8; 53; 10; 31; 16; 32
23,57,0.41257,0.40351,7; 7; 23; 57; 6; 31; 10; 24
11,67,0.22636,0.16418,5; 6; 11; 67; 28; 25; 18; 19
11,68,0.22703,0.16176,3; 5; 11; 68; 8; 6; 26; 25
16,38,0.43811,0.42105,12; 7; 16; 38; 16; 20; 10; 28
7,10,0.78011,0.7,11; 8; 7; 10; 14; 11; 5; 26
23,60,0.40992,0.38333,7; 6; 23; 60; 28; 14; 15; 20
14,35,0.35502,0.4,18; 23; 14; 35; 3; 14; 6; 32
5,56,0.26496,0.08929,11; 5; 5; 56; 6; 31; 15; 13
37,50,0.75698,0.74,3; 4; 37; 50; 17; 32; 18; 21
19,65,0.30185,0.29231,7; 6; 19; 65; 26; 6; 27; 26
14,53,0.28341,0.26415,13; 4; 14; 53; 26; 4; 27; 28
24,38,0.63597,0.63158,12; 14; 24; 38; 32; 3; 28; 17
24,63,0.43047,0.38095,5; 5; 24; 63; 7; 27; 31; 18
25,62,0.40085,0.40323,3; 4; 25; 62; 13; 23; 12; 9
26,50,0.52176,0.52,7; 4; 26; 50; 19; 14; 3; 32
23,31,0.71694,0.74194,11; 17; 23; 31; 26; 22; 11; 11
23,44,0.50419,0.52273,13; 6; 23; 44; 10; 6; 9; 27
9,58,0.21658,0.15517,8; 15; 9; 58; 5; 8; 12; 20
24,64,0.39694,0.375,4; 5; 24; 64; 17; 11; 20; 22
16,31,0.50715,0.51613,22; 22; 16; 31; 21; 25; 29; 15
8,22,0.33901,0.36364,12; 17; 8; 22; 27; 12; 28; 25
18,62,0.31072,0.29032,8; 6; 18; 62; 25; 30; 18; 21
29,37,0.76076,0.78378,13; 10; 29; 37; 12; 9; 26; 11
10,66,0.25861,0.15152,6; 7; 10; 66; 12; 23; 31; 18
24,49,0.50241,0.4898,9; 10; 24; 49; 23; 25; 21; 11
32,46,0.64673,0.69565,5; 7; 32; 46; 20; 18; 13; 28
7,69,0.2125,0.10145,5; 4; 7; 69; 15; 22; 24; 16
6,60,0.25592,0.1,15; 3; 6; 60; 4; 16; 11; 11
17,23,0.82713,0.73913,20; 13; 17; 23; 27; 21; 27; 17
18,50,0.3765,0.36,6; 4; 18; 50; 4; 4; 16; 28
30,48,0.62886,0.625,9; 9; 30; 48; 21; 11; 6; 14
10,28,0.40216,0.35714,26; 22; 10; 28; 4; 11; 10; 29
22,61,0.37012,0.36066,4; 6; 22; 61; 15; 11; 14; 11
17,42,0.42287,0.40476,3; 19; 17; 42; 31; 19; 3; 24
17,65,0.27677,0.26154,5; 7; 17; 65; 28; 4; 8; 27
32,46,0.68762,0.69565,3; 7; 32; 46; 23; 17; 23; 13
14,20,0.76045,0.7,6; 19; 14; 20; 26; 6; 29; 5
20,68,0.29821,0.29412,5; 3; 20; 68; 19; 7; 25; 12
20,53,0.3668,0.37736,10; 7; 20; 53; 14; 22; 18; 27
9,59,0.2473,0.15254,10; 5; 9; 59; 19; 26; 7; 9
11,71,0.2014,0.15493,6; 6; 11; 71; 24; 3; 6; 16
21,27,0.71604,0.77778,13; 12; 21; 27; 9; 23; 16; 27
32,45,0.68689,0.71111,5; 6; 32; 45; 32; 9; 4; 13
6,64,0.24517,0.09375,11; 4; 6; 64; 29; 28; 28; 4
26,53,0.48646,0.49057,3; 9; 26; 53; 19; 3; 8; 6
11,42,0.23826,0.2619,16; 13; 11; 42; 11; 7; 17; 10
11,38,0.26423,0.28947,18; 22; 11; 38; 6; 16; 22; 15
5,19,0.32856,0.26316,3; 7; 5; 19; 26; 5; 8; 20
7,69,0.16878,0.10145,3; 3; 7; 69; 17; 31; 24; 12
24,57,0.41818,0.42105,4; 7; 24; 57; 18; 29; 9; 24
8,20,0.4063,0.4,8; 21; 8; 20; 19; 5; 4; 30
25,40,0.63656,0.625,16; 4; 25; 40; 12; 28; 6; 10
7,81,0.23177,0.08642,4; 5; 7; 81; 13; 10; 29; 18
23,31,0.70951,0.74194,18; 20; 23; 31; 8; 28; 29; 11
11,69,0.20114,0.15942,3; 5; 11; 69; 30; 8; 3; 22
18,37,0.46586,0.48649,9; 18; 18; 37; 5; 25; 17; 30
33,52,0.637,0.63462,4; 5; 33; 52; 4; 23; 24; 25
15,40,0.3784,0.375,9; 5; 15; 40; 20; 16; 12; 4
12,59,0.22723,0.20339,10; 7; 12; 59; 25; 32; 11; 28
10,49,0.26638,0.20408,3; 7; 10; 49; 8; 31; 31; 27
25,62,0.41594,0.40323,5; 3; 25; 62; 13; 8; 26; 19
10,38,0.26946,0.26316,15; 14; 10; 38; 3; 24; 23; 5
17,59,0.29948,0.28814,10; 9; 17; 59; 28; 15; 32; 20
16,40,0.42793,0.4,19; 18; 16; 40; 6; 16; 31; 29
17,58,0.28745,0.2931,3; 4; 17; 58; 8; 8; 14; 6
11,67,0.20878,0.16418,7; 7; 11; 67; 5; 24; 26; 9
11,73,0.25425,0.15068,7; 5; 11; 73; 15; 24; 6; 8
19,39,0.51019,0.48718,12; 7; 19; 39; 23; 11; 23; 29
5,7,0.83419,0.71429,15; 19; 5; 7; 4; 14; 24; 10
7,9,0.69809,0.77778,23; 26; 7; 9; 5; 11; 24; 27
21,55,0.39914,0.38182,9; 11; 21; 55; 16; 23; 21; 3
23,47,0.49172,0.48936,14; 11; 23; 47; 18; 27; 22; 17
21,43,0.53315,0.48837,12; 14; 21; 43; 7; 24; 31; 13
18,70,0.25709,0.25714,4; 5; 18; 70; 23; 29; 16; 25
13,64,0.23012,0.20312,8; 7; 13; 64; 13; 20; 6; 11
15,36,0.40747,0.41667,5; 3; 15; 36; 8; 31; 12; 13
10,26,0.37757,0.38462,22; 4; 10; 26; 26; 30; 31; 9
7,43,0.27105,0.16279,24; 21; 7; 43; 11; 25; 21; 32
10,63,0.23595,0.15873,12; 3; 10; 63; 11; 29; 6; 32
16,23,0.71485,0.69565,25; 26; 16; 23; 24; 9; 14; 24
25,65,0.40396,0.38462,3; 4; 25; 65; 16; 4; 15; 30
25,51,0.51333,0.4902,10; 6; 25; 51; 9; 17; 26; 25
6,41,0.2775,0.14634,10; 20; 6; 41; 7; 9; 9; 22
15,36,0.41611,0.41667,16; 4; 15; 36; 10; 31; 4; 13
10,64,0.25053,0.15625,10; 11; 10; 64; 22; 25; 12; 30
12,23,0.46989,0.52174,24; 11; 12; 23; 24; 29; 26; 7
15,29,0.50693,0.51724,7; 26; 15; 29; 9; 17; 13; 21
19,30,0.60332,0.63333,24; 13; 19; 30; 17; 5; 16; 10
10,68,0.21844,0.14706,6; 4; 10; 68; 5; 17; 4; 17
12,17,0.7185,0.70588,7; 4; 12; 17; 26; 12; 9; 25
9,56,0.24706,0.16071,13; 12; 9; 56; 26; 21; 17; 11
16,55,0.28294,0.29091,8; 9; 16; 55; 20; 9; 12; 28
6,39,0.24545,0.15385,4; 24; 6; 39; 17; 8; 21; 8
34,38,0.86738,0.89474,4; 4; 34; 38; 22; 15; 17; 14
35,47,0.74636,0.74468,5; 7; 35; 47; 8; 9; 24; 27
8,81,0.27452,0.09877,3; 4; 8; 81; 10; 13; 22; 10
14,70,0.24057,0.2,4; 6; 14; 70; 15; 28; 28; 6
32,45,0.6765,0.71111,7; 3; 32; 45; 4; 22; 28; 22
23,31,0.69699,0.74194,3; 19; 23; 31; 13; 19; 12; 5
12,60,0.25406,0.2,6; 10; 12; 60; 27; 7; 24; 19
19,65,0.30847,0.29231,6; 5; 19; 65; 29; 31; 6; 26
7,9,0.79944,0.77778,3; 9; 7; 9; 16; 14; 7; 19
18,50,0.3705,0.36,14; 5; 18; 50; 8; 18; 6; 31
8,40,0.28433,0.2,14; 9; 8; 40; 17; 15; 5; 23
31,40,0.80345,0.775,11; 13; 31; 40; 20; 18; 15; 32
5,53,0.24525,0.09434,15; 20; 5; 53; 4; 24; 10; 19
7,10,0.80761,0.7,15; 34; 7; 10; 3; 4; 12; 17
18,69,0.26875,0.26087,5; 3; 18; 69; 4; 11; 17; 21
18,47,0.37845,0.38298,12; 5; 18; 47; 3; 14; 31; 32
24,38,0.63069,0.63158,3; 15; 24; 38; 3; 3; 29; 13
13,45,0.26267,0.28889,6; 4; 13; 45; 14; 25; 31; 13
8,50,0.25741,0.16,15; 14; 8; 50; 27; 4; 25; 23
20,50,0.38467,0.4,7; 11; 20; 50; 26; 27; 11; 11
37,50,0.7228,0.74,5; 3; 37; 50; 30; 10; 29; 10
7,80,0.22239,0.0875,4; 5; 7; 80; 15; 19; 27; 18
18,68,0.27668,0.26471,3; 4; 18; 68; 25; 8; 5; 17
24,38,0.61777,0.63158,8; 17; 24; 38; 17; 17; 10; 11
11,43,0.26641,0.25581,12; 7; 11; 43; 5; 14; 19; 16
14,39,0.33825,0.35897,6; 3; 14; 39; 12; 24; 15; 21
15,74,0.22594,0.2027,4; 3; 15; 74; 12; 21; 30; 4
25,35,0.7112,0.71429,12; 9; 25; 35; 19; 19; 4; 20
16,56,0.29814,0.28571,3; 11; 16; 56; 8; 21; 26; 3
26,62,0.4084,0.41935,5; 3; 26; 62; 32; 12; 8; 7
32,45,0.68592,0.71111,6; 10; 32; 45; 24; 14; 24; 7
34,38,0.89996,0.89474,5; 7; 34; 38; 20; 25; 19; 10
37,52,0.69174,0.71154,4; 4; 37; 52; 31; 25; 13; 22
9,46,0.24979,0.19565,10; 18; 9; 46; 13; 15; 7; 8
32,36,0.90313,0.88889,14; 5; 32; 36; 10; 5; 32; 23
10,25,0.41992,0.4,31; 11; 10; 25; 7; 11; 17; 6
26,35,0.70922,0.74286,4; 14; 26; 35; 4; 5; 13; 27
22,42,0.5518,0.52381,7; 15; 22; 42; 17; 12; 11; 13
40,45,0.90332,0.88889,4; 4; 40; 45; 23; 7; 32; 11
10,51,0.25737,0.19608,16; 4; 10; 51; 7; 11; 28; 9
6,21,0.2905,0.28571,19; 18; 6; 21; 10; 6; 6; 11
32,36,0.8947,0.88889,9; 7; 32; 36; 23; 10; 11; 19
12,75,0.23625,0.16,5; 4; 12; 75; 8; 32; 27; 9
28,38,0.68565,0.73684,7; 16; 28; 38; 15; 26; 30; 5
12,33,0.35935,0.36364,23; 7; 12; 33; 31; 26; 20; 20
5,14,0.48182,0.35714,8; 39; 5; 14; 14; 19; 5; 4
25,59,0.44699,0.42373,3; 4; 25; 59; 27; 18; 29; 5
25,60,0.43707,0.41667,4; 5; 25; 60; 8; 8; 8; 29
25,65,0.42603,0.38462,4; 3; 25; 65; 10; 28; 8; 21
10,51,0.24626,0.19608,6; 10; 10; 51; 19; 20; 23; 31
6,68,0.22937,0.08824,3; 3; 6; 68; 21; 18; 28; 12
17,19,0.85461,0.89474,28; 20; 17; 19; 21; 22; 18; 9
23,64,0.38173,0.35938,5; 4; 23; 64; 28; 15; 26; 22
10,68,0.20212,0.14706,8; 4; 10; 68; 22; 29; 21; 14
14,37,0.34903,0.37838,23; 13; 14; 37; 20; 31; 19; 11
20,52,0.35854,0.38462,6; 4; 20; 52; 8; 32; 5; 3
9,24,0.39557,0.375,29; 20; 9; 24; 31; 29; 8; 17
17,19,0.89723,0.89474,7; 28; 17; 19; 13; 3; 25; 30
31,40,0.75423,0.775,13; 12; 31; 40; 10; 24; 23; 31
6,59,0.25515,0.10169,13; 6; 6; 59; 3; 11; 23; 27
7,77,0.24481,0.09091,7; 7; 7; 77; 11; 24; 17; 23
24,38,0.61454,0.63158,6; 11; 24; 38; 11; 19; 4; 20
23,44,0.54315,0.52273,14; 4; 23; 44; 30; 27; 8; 8
18,37,0.53712,0.48649,18; 16; 18; 37; 24; 20; 30; 15
22,52,0.44247,0.42308,6; 6; 22; 52; 4; 27; 16; 19
6,39,0.24047,0.15385,12; 20; 6; 39; 11; 18; 24; 11
11,21,0.58505,0.52381,26; 14; 11; 21; 5; 10; 23; 13
15,52,0.28648,0.28846,5; 3; 15; 52; 14; 31; 17; 7
37,53,0.70695,0.69811,3; 4; 37; 53; 5; 4; 13; 28
42,47,0.89285,0.89362,4; 4; 42; 47; 27; 18; 25; 10
8,77,0.21891,0.1039,6; 3; 8; 77; 15; 15; 22; 21
39,44,0.87884,0.88636,7; 4; 39; 44; 16; 10; 6; 4
11,75,0.24375,0.14667,5; 5; 11; 75; 30; 9; 20; 26
22,58,0.39257,0.37931,5; 9; 22; 58; 20; 13; 23; 13
22,31,0.65757,0.70968,8; 6; 22; 31; 21; 3; 21; 14
32,46,0.67101,0.69565,6; 6; 32; 46; 4; 14; 8; 20
18,48,0.40332,0.375,3; 11; 18; 48; 8; 19; 10; 18
24,38,0.58883,0.63158,6; 11; 24; 38; 20; 11; 23; 21
29,41,0.68285,0.70732,13; 11; 29; 41; 18; 21; 9; 23
18,43,0.42061,0.4186,14; 16; 18; 43; 27; 3; 29; 18
15,42,0.37753,0.35714,4; 7; 15; 42; 25; 7; 3; 12
20,32,0.60061,0.625,5; 18; 20; 32; 20; 4; 30; 25
25,28,0.8928,0.89286,14; 19; 25; 28; 28; 12; 12; 13
15,75,0.22587,0.2,4; 4; 15; 75; 16; 30; 20; 15
7,43,0.21574,0.16279,6; 6; 7; 43; 16; 23; 5; 8
11,54,0.23089,0.2037,12; 7; 11; 54; 20; 23; 11; 9
34,38,0.87276,0.89474,9; 6; 34; 38; 22; 12; 17; 7
10,16,0.50327,0.625,3; 20; 10; 16; 5; 6; 26; 5
14,18,0.82907,0.77778,27; 19; 14; 18; 31; 7; 18; 16
27,38,0.68291,0.71053,15; 3; 27; 38; 12; 24; 10; 18
18,50,0.35888,0.36,14; 6; 18; 50; 23; 23; 5; 10
15,42,0.39258,0.35714,7; 7; 15; 42; 13; 20; 9; 17
22,45,0.48109,0.48889,12; 5; 22; 45; 23; 14; 7; 16
23,57,0.4029,0.40351,6; 3; 23; 57; 21; 11; 11; 8
14,27,0.52816,0.51852,27; 22; 14; 27; 5; 5; 3; 18
34,38,0.8788,0.89474,4; 12; 34; 38; 16; 5; 30; 22
19,27,0.66383,0.7037,3; 14; 19; 27; 12; 15; 7; 25
9,45,0.25166,0.2,3; 17; 9; 45; 11; 31; 20; 15
14,39,0.36953,0.35897,14; 22; 14; 39; 29; 4; 10; 6
11,38,0.28774,0.28947,6; 17; 11; 38; 8; 29; 30; 17
7,69,0.21576,0.10145,6; 8; 7; 69; 16; 25; 32; 24
29,59,0.47611,0.49153,4; 4; 29; 59; 22; 31; 11; 15
21,59,0.3674,0.35593,9; 7; 21; 59; 14; 16; 4; 21
10,51,0.2407,0.19608,13; 9; 10; 51; 25; 21; 32; 9
13,64,0.23299,0.20312,4; 7; 13; 64; 21; 13; 12; 10
20,41,0.5304,0.4878,13; 8; 20; 41; 14; 19; 14; 26
14,35,0.37127,0.4,22; 17; 14; 35; 23; 12; 13; 7
39,50,0.75216,0.78,3; 3; 39; 50; 29; 8; 14; 29
22,58,0.37189,0.37931,8; 5; 22; 58; 25; 14; 32; 12
5,56,0.25929,0.08929,10; 8; 5; 56; 26; 13; 18; 4
30,58,0.53844,0.51724,4; 5; 30; 58; 22; 32; 23; 14
11,67,0.22195,0.16418,8; 10; 11; 67; 11; 6; 8; 31
18,70,0.27407,0.25714,4; 3; 18; 70; 6; 18; 16; 18
34,54,0.62176,0.62963,5; 3; 34; 54; 4; 22; 26; 31
38,49,0.76259,0.77551,4; 4; 38; 49; 7; 8; 26; 28
29,39,0.74061,0.74359,13; 15; 29; 39; 23; 31; 4; 10
33,37,0.89082,0.89189,3; 12; 33; 37; 17; 19; 3; 27
21,53,0.40151,0.39623,7; 8; 21; 53; 7; 32; 26; 5
10,38,0.29997,0.26316,9; 11; 10; 38; 4; 14; 5; 17
32,43,0.74376,0.74419,5; 7; 32; 43; 20; 3; 14; 26
19,53,0.37084,0.35849,7; 11; 19; 53; 22; 6; 4; 30
27,55,0.51811,0.49091,7; 6; 27; 55; 7; 14; 17; 24
34,46,0.75009,0.73913,3; 7; 34; 46; 25; 12; 28; 26
16,31,0.50069,0.51613,8; 10; 16; 31; 10; 6; 9; 4
10,50,0.26538,0.2,7; 14; 10; 50; 5; 19; 13; 10
33,52,0.6157,0.63462,5; 4; 33; 52; 7; 31; 11; 23
12,59,0.2397,0.20339,8; 7; 12; 59; 6; 17; 3; 4
10,66,0.20045,0.15152,5; 8; 10; 66; 16; 24; 29; 10
9,55,0.19052,0.16364,10; 9; 9; 55; 29; 17; 24; 24
20,53,0.39688,0.37736,12; 3; 20; 53; 19; 32; 10; 3
5,56,0.25225,0.08929,12; 17; 5; 56; 3; 12; 29; 30
39,50,0.79592,0.78,3; 4; 39; 50; 22; 20; 19; 10
29,41,0.70832,0.70732,12; 12; 29; 41; 11; 32; 15; 25
25,60,0.42454,0.41667,6; 5; 25; 60; 13; 26; 12; 27
28,54,0.51684,0.51852,7; 5; 28; 54; 31; 3; 20; 28
15,24,0.60258,0.625,21; 19; 15; 24; 15; 13; 13; 9
20,41,0.52754,0.4878,17; 13; 20; 41; 25; 12; 8; 12
11,21,0.55678,0.52381,15; 22; 11; 21; 12; 23; 9; 12
19,30,0.63401,0.63333,19; 19; 19; 30; 24; 16; 9; 19
29,56,0.51958,0.51786,6; 3; 29; 56; 24; 28; 16; 14
9,44,0.2354,0.20455,17; 18; 9; 44; 19; 11; 25; 8
31,40,0.73793,0.775,4; 11; 31; 40; 24; 18; 7; 8
6,68,0.22708,0.08824,8; 6; 6; 68; 8; 31; 22; 12
10,49,0.22626,0.20408,19; 14; 10; 49; 16; 11; 11; 8
14,20,0.68939,0.7,3; 16; 14; 20; 9; 12; 24; 29
7,74,0.21793,0.09459,3; 4; 7; 74; 23; 31; 4; 5
15,74,0.2384,0.2027,4; 4; 15; 74; 10; 8; 15; 23
14,35,0.36396,0.4,13; 15; 14; 35; 11; 17; 18; 6
34,38,0.90612,0.89474,11; 12; 34; 38; 17; 12; 23; 17
25,60,0.41898,0.41667,3; 4; 25; 60; 23; 31; 16; 21
28,38,0.73636,0.73684,7; 9; 28; 38; 4; 25; 22; 32
5,51,0.23104,0.09804,19; 16; 5; 51; 26; 24; 6; 15
24,46,0.52335,0.52174,3; 5; 24; 46; 11; 3; 7; 7
12,60,0.25743,0.2,6; 8; 12; 60; 13; 18; 19; 26
8,50,0.25108,0.16,12; 4; 8; 50; 27; 5; 13; 21
22,31,0.7323,0.70968,15; 8; 22; 31; 3; 22; 6; 17
5,56,0.22735,0.08929,3; 16; 5; 56; 15; 28; 28; 26
23,31,0.7266,0.74194,3; 22; 23; 31; 10; 32; 7; 21
8,51,0.20723,0.15686,8; 18; 8; 51; 25; 13; 31; 20
10,25,0.41445,0.4,11; 13; 10; 25; 9; 29; 15; 10
10,34,0.29817,0.29412,10; 22; 10; 34; 32; 17; 28; 4
25,63,0.42,0.39683,4; 3; 25; 63; 5; 20; 3; 27
8,28,0.34678,0.28571,23; 9; 8; 28; 24; 16; 19; 26
6,15,0.42977,0.4,24; 34; 6; 15; 19; 7; 20; 14
17,65,0.2706,0.26154,7; 5; 17; 65; 32; 20; 29; 13
7,80,0.22073,0.0875,4; 4; 7; 80; 12; 32; 9; 3
21,43,0.50466,0.48837,11; 16; 21; 43; 22; 18; 24; 23
16,38,0.42732,0.42105,21; 15; 16; 38; 21; 19; 23; 22
33,47,0.6711,0.70213,5; 3; 33; 47; 32; 19; 5; 10
12,46,0.25979,0.26087,11; 7; 12; 46; 20; 20; 24; 19
20,52,0.42354,0.38462,5; 3; 20; 52; 29; 21; 28; 14
12,59,0.24693,0.20339,3; 6; 12; 59; 19; 7; 18; 8
30,43,0.71695,0.69767,6; 7; 30; 43; 7; 18; 25; 19
14,20,0.83361,0.7,3; 28; 14; 20; 14; 3; 25; 6
14,27,0.54091,0.51852,20; 19; 14; 27; 16; 22; 18; 6
16,61,0.28113,0.2623,3; 7; 16; 61; 15; 13; 27; 32
24,66,0.39426,0.36364,3; 3; 24; 66; 25; 7; 3; 19
21,27,0.7835,0.77778,18; 4; 21; 27; 16; 12; 29; 3
25,51,0.50497,0.4902,4; 11; 25; 51; 21; 20; 22; 17
11,38,0.31897,0.28947,15; 23; 11; 38; 10; 16; 19; 32
30,48,0.65511,0.625,5; 10; 30; 48; 15; 13; 29; 4
9,25,0.34077,0.36,24; 8; 9; 25; 9; 7; 4; 11
25,35,0.69832,0.71429,12; 10; 25; 35; 32; 6; 28; 20
18,69,0.28166,0.26087,5; 4; 18; 69; 14; 28; 31; 4
25,65,0.39736,0.38462,3; 4; 25; 65; 7; 23; 7; 7
16,40,0.37014,0.4,21; 8; 16; 40; 31; 13; 10; 31
13,34,0.41202,0.38235,20; 22; 13; 34; 29; 17; 8; 5
20,27,0.72606,0.74074,13; 7; 20; 27; 22; 17; 27; 17
6,39,0.1905,0.15385,4; 10; 6; 39; 19; 23; 27; 16
13,50,0.25826,0.26,16; 12; 13; 50; 13; 6; 30; 16
8,28,0.37681,0.28571,12; 10; 8; 28; 16; 32; 21; 17
22,45,0.48966,0.48889,3; 8; 22; 45; 28; 20; 6; 5
31,40,0.75895,0.775,5; 6; 31; 40; 7; 32; 16; 14
14,53,0.2691,0.26415,7; 8; 14; 53; 30; 19; 28; 11
9,45,0.26544,0.2,14; 16; 9; 45; 29; 24; 7; 25
15,21,0.68428,0.71429,25; 9; 15; 21; 3; 26; 28; 3
23,44,0.54336,0.52273,13; 6; 23; 44; 4; 14; 30; 26
5,49,0.22341,0.10204,15; 13; 5; 49; 23; 22; 5; 15
25,51,0.46994,0.4902,9; 3; 25; 51; 23; 6; 6; 16
15,29,0.51247,0.51724,26; 19; 15; 29; 4; 27; 32; 25
34,48,0.68127,0.70833,8; 8; 34; 48; 17; 9; 23; 16
22,52,0.41264,0.42308,3; 11; 22; 52; 11; 26; 29; 5
6,61,0.23438,0.09836,5; 13; 6; 61; 24; 31; 14; 20
11,69,0.26858,0.15942,5; 9; 11; 69; 21; 10; 14; 26
28,38,0.7076,0.73684,15; 12; 28; 38; 24; 17; 17; 10
8,50,0.25299,0.16,5; 17; 8; 50; 14; 12; 31; 8
19,48,0.41276,0.39583,7; 4; 19; 48; 16; 28; 15; 32
32,51,0.61225,0.62745,3; 4; 32; 51; 32; 3; 22; 19
12,32,0.34802,0.375,11; 16; 12; 32; 22; 21; 20; 31
25,40,0.60538,0.625,8; 3; 25; 40; 24; 7; 31; 6
23,55,0.42072,0.41818,10; 9; 23; 55; 4; 17; 24; 25
23,33,0.65274,0.69697,20; 6; 23; 33; 31; 31; 6; 10
23,64,0.40432,0.35938,3; 4; 23; 64; 10; 12; 23; 32
39,50,0.78483,0.78,3; 3; 39; 50; 29; 4; 18; 6
7,9,0.78344,0.77778,38; 31; 7; 9; 12; 11; 23; 17
8,19,0.4296,0.42105,9; 11; 8; 19; 18; 19; 13; 21
6,21,0.35563,0.28571,31; 18; 6; 21; 6; 29; 22; 15
24,46,0.49225,0.52174,3; 7; 24; 46; 17; 10; 32; 25
6,39,0.15133,0.15385,16; 24; 6; 39; 21; 30; 21; 17
21,55,0.38598,0.38182,7; 11; 21; 55; 10; 9; 32; 12
18,45,0.41117,0.4,3; 5; 18; 45; 16; 24; 17; 29
28,36,0.7783,0.77778,13; 3; 28; 36; 16; 12; 28; 24
21,52,0.3874,0.40385,3; 11; 21; 52; 18; 15; 32; 8
25,59,0.44967,0.42373,7; 3; 25; 59; 9; 15; 17; 23
20,70,0.3364,0.28571,4; 3; 20; 70; 26; 22; 11; 19
11,67,0.22552,0.16418,4; 10; 11; 67; 10; 32; 7; 27
9,34,0.27923,0.26471,19; 15; 9; 34; 11; 16; 4; 28
35,47,0.72562,0.74468,8; 7; 35; 47; 26; 31; 4; 28
14,18,0.85344,0.77778,20; 10; 14; 18; 7; 12; 13; 6
7,46,0.22448,0.15217,3; 11; 7; 46; 3; 16; 32; 7
10,68,0.2197,0.14706,3; 6; 10; 68; 6; 9; 14; 29
29,46,0.62696,0.63043,4; 7; 29; 46; 14; 13; 24; 15
25,63,0.40687,0.39683,4; 4; 25; 63; 11; 14; 27; 5
11,73,0.25614,0.15068,7; 5; 11; 73; 7; 9; 10; 10
9,57,0.24074,0.15789,16; 4; 9; 57; 9; 23; 19; 21
19,45,0.42081,0.42222,3; 6; 19; 45; 26; 21; 12; 6
28,40,0.65067,0.7,8; 5; 28; 40; 21; 29; 27; 7
15,51,0.30952,0.29412,4; 12; 15; 51; 10; 8; 6; 12
24,27,0.87519,0.88889,14; 9; 24; 27; 9; 26; 20; 31
6,68,0.23788,0.08824,8; 12; 6; 68; 4; 26; 5; 31
7,35,0.26969,0.2,20; 15; 7; 35; 7; 27; 10; 18
6,66,0.24258,0.09091,13; 12; 6; 66; 17; 9; 11; 25
23,60,0.38625,0.38333,6; 6; 23; 60; 7; 4; 4; 32
25,59,0.46907,0.42373,6; 3; 25; 59; 3; 23; 4; 7
7,44,0.22081,0.15909,17; 21; 7; 44; 24; 28; 5; 14
18,43,0.40938,0.4186,12; 10; 18; 43; 31; 21; 14; 9
23,61,0.35405,0.37705,3; 4; 23; 61; 5; 11; 20; 24
8,19,0.31038,0.42105,10; 27; 8; 19; 29; 16; 6; 28
24,63,0.38916,0.38095,3; 3; 24; 63; 19; 31; 23; 3
7,72,0.21537,0.09722,9; 3; 7; 72; 26; 29; 9; 26
13,64,0.25892,0.20312,5; 7; 13; 64; 26; 10; 10; 27
14,18,0.81058,0.77778,31; 18; 14; 18; 8; 13; 7; 32
20,55,0.38014,0.36364,3; 6; 20; 55; 4; 4; 9; 4
7,43,0.25193,0.16279,15; 11; 7; 43; 10; 26; 8; 30
22,45,0.51573,0.48889,6; 8; 22; 45; 13; 26; 21; 28
24,27,0.89846,0.88889,18; 11; 24; 27; 20; 8; 15; 22
15,29,0.52253,0.51724,26; 12; 15; 29; 8; 26; 31; 22
13,65,0.25534,0.2,7; 7; 13; 65; 12; 12; 28; 12
27,43,0.60626,0.62791,8; 4; 27; 43; 30; 8; 30; 8
5,52,0.24868,0.09615,4; 16; 5; 52; 21; 30; 24; 4
8,77,0.2463,0.1039,3; 5; 8; 77; 27; 25; 21; 6
8,80,0.22042,0.1,4; 4; 8; 80; 23; 14; 23; 6
24,38,0.62894,0.63158,8; 9; 24; 38; 21; 3; 11; 23
12,19,0.5839,0.63158,10; 11; 12; 19; 23; 3; 27; 13
35,50,0.71477,0.7,6; 5; 35; 50; 25; 24; 24; 13
17,58,0.30712,0.2931,7; 6; 17; 58; 29; 27; 15; 9
10,50,0.22536,0.2,17; 12; 10; 50; 16; 24; 23; 6
6,65,0.22675,0.09231,13; 9; 6; 65; 4; 23; 30; 23
5,56,0.22648,0.08929,7; 16; 5; 56; 23; 10; 18; 7
32,36,0.8676,0.88889,7; 5; 32; 36; 10; 29; 31; 23
32,46,0.68412,0.69565,7; 9; 32; 46; 31; 9; 27; 22
5,33,0.31949,0.15152,25; 18; 5; 33; 21; 20; 8; 26
17,23,0.76732,0.73913,27; 20; 17; 23; 16; 8; 29; 19
39,44,0.86846,0.88636,6; 5; 39; 44; 10; 9; 6; 18
35,49,0.71375,0.71429,3; 4; 35; 49; 26; 6; 17; 20
23,31,0.69294,0.74194,21; 18; 23; 31; 17; 28; 27; 20
23,57,0.41391,0.40351,5; 6; 23; 57; 27; 19; 14; 22
41,46,0.89165,0.8913,5; 4; 41; 46; 19; 26; 8; 6
11,42,0.31747,0.2619,5; 14; 11; 42; 11; 3; 19; 16
10,51,0.23739,0.19608,17; 9; 10; 51; 21; 3; 22; 28
34,48,0.68271,0.70833,4; 8; 34; 48; 19; 28; 25; 24
11,38,0.25696,0.28947,9; 16; 11; 38; 18; 27; 19; 6
8,79,0.23131,0.10127,5; 5; 8; 79; 11; 4; 14; 7
14,69,0.25537,0.2029,7; 7; 14; 69; 20; 17; 7; 26
21,59,0.3546,0.35593,6; 6; 21; 59; 12; 14; 27; 26
35,45,0.75502,0.77778,3; 7; 35; 45; 15; 29; 10; 19
15,29,0.51143,0.51724,20; 26; 15; 29; 5; 8; 9; 30
25,59,0.41257,0.42373,7; 5; 25; 59; 7; 13; 27; 32
8,31,0.30087,0.25806,21; 6; 8; 31; 24; 18; 30; 18
37,52,0.70848,0.71154,4; 4; 37; 52; 27; 3; 5; 18
5,55,0.24261,0.09091,12; 7; 5; 55; 16; 11; 26; 26
10,61,0.23665,0.16393,12; 7; 10; 61; 14; 18; 11; 24
18,47,0.38382,0.38298,11; 10; 18; 47; 32; 4; 24; 17
5,33,0.22857,0.15152,3; 25; 5; 33; 22; 21; 11; 32
9,44,0.23947,0.20455,22; 4; 9; 44; 23; 15; 32; 5
35,49,0.68891,0.71429,6; 4; 35; 49; 10; 20; 3; 27
26,53,0.47938,0.49057,4; 6; 26; 53; 23; 28; 20; 19
17,23,0.81115,0.73913,25; 25; 17; 23; 27; 9; 29; 21
20,53,0.36515,0.37736,11; 3; 20; 53; 10; 18; 6; 23
33,37,0.9128,0.89189,9; 10; 33; 37; 10; 28; 24; 25
24,49,0.4973,0.4898,12; 9; 24; 49; 5; 14; 17; 30
20,28,0.6757,0.71429,16; 8; 20; 28; 29; 3; 4; 29
17,45,0.31646,0.37778,18; 7; 17; 45; 23; 32; 5; 27
39,44,0.86607,0.88636,5; 4; 39; 44; 26; 21; 20; 17
12,78,0.23516,0.15385,3; 3; 12; 78; 4; 27; 7; 11
6,41,0.24687,0.14634,3; 19; 6; 41; 21; 8; 15; 26
12,32,0.3859,0.375,14; 25; 12; 32; 30; 26; 21; 20
29,59,0.4986,0.49153,4; 3; 29; 59; 16; 29; 13; 20
21,27,0.788,0.77778,15; 11; 21; 27; 28; 15; 17; 13
14,20,0.73921,0.7,30; 7; 14; 20; 26; 5; 15; 3
16,55,0.28806,0.29091,10; 10; 16; 55; 14; 28; 13; 23
8,21,0.32859,0.38095,4; 20; 8; 21; 15; 7; 13; 9
12,47,0.28066,0.25532,18; 5; 12; 47; 11; 6; 24; 26
12,74,0.22873,0.16216,3; 6; 12; 74; 31; 28; 8; 26
20,41,0.50389,0.4878,15; 17; 20; 41; 18; 13; 30; 4
27,43,0.60518,0.62791,8; 4; 27; 43; 26; 28; 23; 13
10,28,0.39164,0.35714,12; 10; 10; 28; 12; 12; 26; 14
10,66,0.22608,0.15152,9; 8; 10; 66; 22; 4; 10; 11
19,53,0.35888,0.35849,6; 10; 19; 53; 17; 27; 29; 13
16,40,0.40114,0.4,3; 21; 16; 40; 29; 28; 12; 22
7,73,0.23549,0.09589,7; 3; 7; 73; 6; 19; 9; 4
31,42,0.74694,0.7381,9; 12; 31; 42; 8; 28; 31; 15
12,76,0.22432,0.15789,4; 5; 12; 76; 26; 16; 32; 16
7,77,0.20979,0.09091,6; 3; 7; 77; 20; 11; 21; 30
21,59,0.35639,0.35593,8; 9; 21; 59; 16; 19; 26; 25
21,56,0.36757,0.375,8; 8; 21; 56; 24; 17; 17; 13
24,49,0.50973,0.4898,4; 3; 24; 49; 11; 24; 3; 28
23,57,0.39184,0.40351,8; 3; 23; 57; 5; 25; 17; 14
8,80,0.2116,0.1,3; 4; 8; 80; 10; 13; 32; 29
8,22,0.29838,0.36364,9; 14; 8; 22; 19; 27; 4; 17
6,41,0.21186,0.14634,16; 24; 6; 41; 9; 22; 18; 32
14,20,0.80284,0.7,10; 11; 14; 20; 18; 15; 3; 21
9,45,0.29392,0.2,21; 11; 9; 45; 8; 28; 14; 16
22,31,0.64409,0.70968,3; 18; 22; 31; 12; 29; 24; 18
35,50,0.70377,0.7,6; 5; 35; 50; 17; 31; 24; 20
16,31,0.55536,0.51613,16; 7; 16; 31; 17; 14; 7; 7
12,23,0.45272,0.52174,17; 28; 12; 23; 29; 8; 4; 7
24,34,0.69641,0.70588,7; 11; 24; 34; 28; 14; 29; 21
7,10,0.72193,0.7,31; 29; 7; 10; 10; 16; 18; 31
26,53,0.51621,0.49057,8; 9; 26; 53; 8; 14; 18; 15
26,37,0.6957,0.7027,14; 9; 26; 37; 22; 14; 3; 16
20,41,0.50809,0.4878,5; 11; 20; 41; 23; 27; 17; 27
22,31,0.70763,0.70968,5; 10; 22; 31; 11; 26; 30; 22
31,44,0.68441,0.70455,10; 9; 31; 44; 26; 9; 23; 9
18,62,0.26473,0.29032,7; 5; 18; 62; 8; 5; 32; 32
20,53,0.37602,0.37736,10; 9; 20; 53; 10; 4; 16; 3
12,60,0.23968,0.2,3; 9; 12; 60; 5; 32; 3; 5
10,25,0.2901,0.4,25; 9; 10; 25; 24; 13; 26; 28
12,17,0.75477,0.70588,23; 6; 12; 17; 15; 14; 26; 21
31,44,0.66538,0.70455,9; 5; 31; 44; 14; 7; 13; 18
23,57,0.39838,0.40351,7; 7; 23; 57; 18; 24; 13; 30
28,57,0.5059,0.49123,5; 3; 28; 57; 25; 9; 20; 23
26,50,0.50497,0.52,5; 6; 26; 50; 8; 30; 29; 30
19,53,0.39502,0.35849,3; 5; 19; 53; 9; 20; 28; 9
25,51,0.49517,0.4902,3; 3; 25; 51; 10; 32; 24; 10
13,25,0.52452,0.52,15; 23; 13; 25; 6; 10; 29; 8
18,68,0.2688,0.26471,4; 5; 18; 68; 22; 31; 3; 5
6,65,0.25746,0.09231,6; 5; 6; 65; 4; 19; 13; 20
26,41,0.6002,0.63415,8; 3; 26; 41; 14; 26; 20; 28
41,46,0.89403,0.8913,3; 4; 41; 46; 8; 10; 16; 24
5,54,0.2615,0.09259,11; 16; 5; 54; 31; 20; 17; 22
22,35,0.63111,0.62857,20; 8; 22; 35; 13; 24; 17; 20
11,72,0.22926,0.15278,3; 7; 11; 72; 16; 7; 25; 25
20,48,0.41455,0.41667,14; 11; 20; 48; 20; 7; 18; 26
17,19,0.90196,0.89474,27; 20; 17; 19; 8; 20; 7; 20
10,65,0.22008,0.15385,11; 9; 10; 65; 13; 17; 4; 4
12,41,0.29864,0.29268,19; 6; 12; 41; 18; 12; 29; 9
36,51,0.71035,0.70588,4; 3; 36; 51; 12; 22; 14; 24
18,45,0.44285,0.4,12; 15; 18; 45; 24; 31; 7; 23
7,69,0.26414,0.10145,9; 6; 7; 69; 17; 16; 28; 11
34,48,0.69019,0.70833,4; 8; 34; 48; 23; 23; 11; 20
22,58,0.3594,0.37931,8; 8; 22; 58; 18; 18; 27; 31
9,44,0.24683,0.20455,8; 5; 9; 44; 11; 3; 8; 7
18,37,0.53723,0.48649,11; 3; 18; 37; 30; 32; 5; 23
6,40,0.24689,0.15,16; 13; 6; 40; 5; 28; 4; 11
15,39,0.38096,0.38462,11; 10; 15; 39; 9; 27; 8; 30
5,25,0.27682,0.2,25; 4; 5; 25; 28; 13; 7; 13
6,38,0.20668,0.15789,11; 9; 6; 38; 15; 23; 32; 9
9,46,0.24159,0.19565,16; 3; 9; 46; 10; 17; 17; 22
8,82,0.21548,0.09756,3; 3; 8; 82; 32; 17; 23; 12
9,58,0.24075,0.15517,10; 8; 9; 58; 17; 30; 17; 27
28,40,0.71832,0.7,13; 5; 28; 40; 31; 10; 28; 22
19,66,0.33054,0.28788,6; 4; 19; 66; 31; 19; 3; 3
7,9,0.64879,0.77778,12; 8; 7; 9; 17; 24; 10; 9
10,50,0.2658,0.2,8; 19; 10; 50; 10; 24; 19; 14
14,18,0.69809,0.77778,27; 23; 14; 18; 12; 7; 29; 32
11,73,0.24318,0.15068,7; 6; 11; 73; 19; 14; 19; 8
11,74,0.20328,0.14865,3; 3; 11; 74; 9; 9; 17; 22
33,47,0.68806,0.70213,9; 4; 33; 47; 15; 32; 12; 23
16,31,0.51096,0.51613,22; 23; 16; 31; 25; 17; 30; 6
41,46,0.8712,0.8913,5; 4; 41; 46; 18; 21; 21; 31
28,54,0.52138,0.51852,4; 8; 28; 54; 7; 17; 28; 12
14,48,0.2938,0.29167,7; 15; 14; 48; 17; 9; 7; 13
34,46,0.7131,0.73913,3; 5; 34; 46; 25; 25; 25; 14
28,54,0.52063,0.51852,4; 4; 28; 54; 12; 21; 20; 14
8,19,0.41009,0.42105,5; 18; 8; 19; 12; 5; 18; 10
10,49,0.27117,0.20408,17; 19; 10; 49; 30; 15; 18; 14
34,54,0.62393,0.62963,5; 5; 34; 54; 29; 15; 8; 9
15,39,0.4096,0.38462,4; 4; 15; 39; 21; 16; 13; 25
7,67,0.18933,0.10448,7; 6; 7; 67; 30; 19; 24; 6
6,23,0.3133,0.26087,27; 19; 6; 23; 3; 31; 31; 18
16,56,0.31266,0.28571,7; 6; 16; 56; 22; 22; 30; 9
36,46,0.75276,0.78261,4; 7; 36; 46; 5; 11; 22; 5
34,38,0.9221,0.89474,5; 3; 34; 38; 30; 8; 8; 30
32,46,0.68279,0.69565,3; 9; 32; 46; 13; 24; 4; 11
15,40,0.38305,0.375,17; 15; 15; 40; 14; 32; 26; 21
12,60,0.22719,0.2,11; 4; 12; 60; 24; 19; 13; 26
17,58,0.28743,0.2931,6; 10; 17; 58; 11; 18; 17; 25
6,30,0.23444,0.2,18; 28; 6; 30; 23; 6; 31; 6
23,47,0.48144,0.48936,6; 3; 23; 47; 24; 19; 14; 31
14,48,0.3147,0.29167,16; 9; 14; 48; 6; 3; 24; 16
11,72,0.20575,0.15278,4; 3; 11; 72; 14; 10; 27; 30
21,55,0.38333,0.38182,8; 5; 21; 55; 11; 18; 3; 18
17,65,0.27338,0.26154,7; 7; 17; 65; 30; 7; 12; 30
8,40,0.25405,0.2,13; 4; 8; 40; 3; 22; 30; 17
9,44,0.28001,0.20455,21; 13; 9; 44; 26; 18; 8; 22
8,31,0.33149,0.25806,18; 18; 8; 31; 29; 32; 11; 8
34,48,0.71106,0.70833,6; 5; 34; 48; 23; 18; 28; 5
5,32,0.24975,0.15625,12; 27; 5; 32; 13; 7; 21; 6
20,55,0.35899,0.36364,10; 9; 20; 55; 24; 21; 19; 28
14,69,0.23839,0.2029,6; 6; 14; 69; 5; 3; 32; 9
10,64,0.25071,0.15625,9; 12; 10; 64; 5; 28; 22; 16
14,54,0.27429,0.25926,12; 5; 14; 54; 14; 22; 25; 19
19,47,0.38137,0.40426,8; 10; 19; 47; 14; 6; 22; 5
25,62,0.42145,0.40323,5; 4; 25; 62; 24; 9; 24; 15
21,50,0.43098,0.42,5; 13; 21; 50; 3; 20; 21; 32
14,27,0.47182,0.51852,22; 6; 14; 27; 7; 13; 12; 4
31,42,0.70766,0.7381,8; 8; 31; 42; 10; 5; 9; 16
7,10,0.72845,0.7,36; 36; 7; 10; 28; 4; 8; 11
7,79,0.22977,0.08861,5; 5; 7; 79; 18; 27; 8; 24
26,41,0.62584,0.63415,4; 5; 26; 41; 27; 19; 17; 14
11,21,0.50209,0.52381,32; 8; 11; 21; 7; 9; 13; 9
27,38,0.68121,0.71053,13; 12; 27; 38; 18; 7; 17; 26
10,35,0.30407,0.28571,21; 8; 10; 35; 11; 31; 19; 8
9,56,0.2451,0.16071,13; 6; 9; 56; 22; 24; 4; 9
19,45,0.43988,0.42222,4; 13; 19; 45; 10; 26; 29; 13
8,41,0.23162,0.19512,21; 22; 8; 41; 16; 29; 24; 20
18,23,0.85742,0.78261,25; 11; 18; 23; 8; 9; 9; 3
5,19,0.30065,0.26316,7; 26; 5; 19; 20; 9; 3; 8
32,41,0.76059,0.78049,7; 7; 32; 41; 6; 19; 20; 20
17,43,0.38327,0.39535,5; 19; 17; 43; 4; 5; 31; 8
17,65,0.28273,0.26154,3; 4; 17; 65; 20; 24; 14; 17
20,55,0.36395,0.36364,7; 7; 20; 55; 5; 6; 17; 5
27,52,0.54094,0.51923,7; 9; 27; 52; 9; 17; 6; 18
12,30,0.34148,0.4,15; 20; 12; 30; 20; 4; 8; 29
32,43,0.7089,0.74419,11; 5; 32; 43; 10; 9; 20; 3
24,60,0.4157,0.4,3; 6; 24; 60; 17; 15; 19; 18
23,58,0.45135,0.39655,3; 3; 23; 58; 14; 6; 8; 23
20,70,0.30713,0.28571,4; 3; 20; 70; 16; 16; 13; 11
23,44,0.54707,0.52273,5; 4; 23; 44; 8; 22; 31; 30
22,35,0.62434,0.62857,19; 15; 22; 35; 17; 6; 10; 20
13,64,0.21193,0.20312,9; 10; 13; 64; 8; 3; 8; 10
37,53,0.693,0.69811,4; 3; 37; 53; 14; 6; 11; 4
37,52,0.6594,0.71154,3; 4; 37; 52; 27; 14; 30; 7
29,41,0.71146,0.70732,11; 14; 29; 41; 6; 10; 20; 30
7,43,0.23533,0.16279,13; 8; 7; 43; 13; 25; 12; 18
6,38,0.24906,0.15789,16; 12; 6; 38; 3; 21; 10; 25
10,24,0.44925,0.41667,26; 3; 10; 24; 9; 6; 20; 29
6,15,0.46851,0.4,31; 4; 6; 15; 8; 12; 21; 20
16,55,0.30118,0.29091,6; 10; 16; 55; 17; 16; 27; 14
10,16,0.60543,0.625,25; 32; 10; 16; 13; 26; 20; 8
12,47,0.27993,0.25532,19; 7; 12; 47; 13; 15; 10; 29
39,50,0.78578,0.78,3; 3; 39; 50; 5; 25; 29; 21
5,53,0.26119,0.09434,11; 8; 5; 53; 18; 19; 5; 19
7,71,0.21481,0.09859,10; 3; 7; 71; 32; 32; 26; 4
12,77,0.23265,0.15584,3; 4; 12; 77; 20; 5; 17; 12
8,78,0.26076,0.10256,3; 5; 8; 78; 17; 25; 18; 16
14,18,0.8928,0.77778,21; 10; 14; 18; 15; 7; 7; 18
28,38,0.71059,0.73684,12; 16; 28; 38; 19; 10; 16; 26
16,40,0.43045,0.4,18; 15; 16; 40; 12; 7; 22; 26
25,48,0.52733,0.52083,7; 12; 25; 48; 31; 4; 19; 16
20,41,0.4967,0.4878,13; 15; 20; 41; 10; 31; 13; 27
7,71,0.19673,0.09859,9; 3; 7; 71; 26; 11; 29; 20
12,17,0.82337,0.70588,15; 9; 12; 17; 22; 19; 25; 19
20,52,0.38712,0.38462,8; 3; 20; 52; 21; 25; 21; 12
14,54,0.28642,0.25926,14; 12; 14; 54; 11; 26; 8; 15
14,27,0.49186,0.51852,26; 17; 14; 27; 30; 13; 15; 19
24,46,0.50871,0.52174,11; 14; 24; 46; 13; 7; 10; 12
7,81,0.24702,0.08642,3; 3; 7; 81; 26; 25; 18; 27
8,79,0.13914,0.10127,4; 5; 8; 79; 26; 17; 13; 11
18,50,0.39585,0.36,4; 11; 18; 50; 23; 26; 16; 7
11,29,0.31012,0.37931,23; 14; 11; 29; 9; 30; 26; 12
20,27,0.83271,0.74074,13; 9; 20; 27; 19; 19; 30; 4
32,36,0.90083,0.88889,7; 11; 32; 36; 18; 26; 4; 32
14,39,0.33935,0.35897,9; 20; 14; 39; 26; 31; 17; 9
11,56,0.21924,0.19643,8; 12; 11; 56; 28; 8; 6; 22
17,23,0.84011,0.73913,27; 12; 17; 23; 20; 19; 15; 11
10,34,0.29177,0.29412,9; 23; 10; 34; 16; 13; 16; 6
25,51,0.48281,0.4902,4; 7; 25; 51; 11; 8; 30; 30
7,74,0.23774,0.09459,4; 5; 7; 74; 29; 23; 24; 18
40,45,0.88905,0.88889,3; 3; 40; 45; 5; 8; 4; 3
18,23,0.78171,0.78261,13; 14; 18; 23; 17; 24; 16; 17
10,24,0.33889,0.41667,22; 22; 10; 24; 5; 10; 26; 20
6,70,0.22273,0.08571,5; 3; 6; 70; 23; 9; 23; 4
25,60,0.40638,0.41667,6; 3; 25; 60; 23; 30; 18; 8
6,30,0.30241,0.2,31; 13; 6; 30; 20; 16; 15; 3
14,49,0.29285,0.28571,5; 9; 14; 49; 7; 18; 5; 31
6,41,0.23495,0.14634,9; 20; 6; 41; 6; 22; 11; 12
5,33,0.21906,0.15152,28; 19; 5; 33; 21; 5; 12; 14
17,58,0.29451,0.2931,3; 6; 17; 58; 6; 18; 8; 24
39,50,0.78054,0.78,4; 4; 39; 50; 6; 19; 21; 13
6,70,0.25937,0.08571,5; 7; 6; 70; 8; 7; 23; 9
23,47,0.49877,0.48936,13; 4; 23; 47; 23; 28; 3; 10
18,23,0.88503,0.78261,14; 10; 18; 23; 22; 9; 5; 13
15,21,0.59524,0.71429,9; 19; 15; 21; 7; 7; 27; 27
12,76,0.2299,0.15789,3; 3; 12; 76; 5; 13; 18; 30
11,29,0.3658,0.37931,16; 9; 11; 29; 29; 9; 24; 6
24,38,0.62323,0.63158,10; 15; 24; 38; 11; 17; 5; 32
5,13,0.468,0.38462,33; 21; 5; 13; 25; 12; 23; 28
6,67,0.24217,0.08955,8; 4; 6; 67; 23; 12; 15; 8
25,48,0.52197,0.52083,8; 3; 25; 48; 28; 18; 17; 25
23,60,0.40118,0.38333,6; 7; 23; 60; 3; 22; 8; 17
25,59,0.43197,0.42373,4; 6; 25; 59; 30; 26; 19; 7
35,45,0.78182,0.77778,4; 8; 35; 45; 14; 8; 15; 11
9,31,0.3273,0.29032,19; 26; 9; 31; 24; 8; 27; 11
35,45,0.75592,0.77778,3; 5; 35; 45; 14; 13; 3; 20
10,62,0.24495,0.16129,9; 4; 10; 62; 31; 30; 12; 17
14,71,0.22542,0.19718,4; 4; 14; 71; 18; 32; 19; 25
37,50,0.74411,0.74,5; 5; 37; 50; 32; 24; 13; 18
7,77,0.25984,0.09091,5; 6; 7; 77; 32; 22; 4; 24
14,33,0.47481,0.42424,15; 18; 14; 33; 3; 9; 31; 6
24,63,0.40004,0.38095,5; 3; 24; 63; 27; 29; 15; 20
25,32,0.75373,0.78125,12; 11; 25; 32; 10; 31; 27; 9
14,27,0.48099,0.51852,27; 3; 14; 27; 30; 27; 6; 30
13,66,0.21451,0.19697,6; 3; 13; 66; 14; 15; 17; 25
10,24,0.48733,0.41667,22; 29; 10; 24; 9; 9; 21; 9
27,38,0.66889,0.71053,13; 10; 27; 38; 15; 23; 28; 29
35,47,0.73695,0.74468,8; 7; 35; 47; 13; 17; 17; 32
6,23,0.27422,0.26087,16; 10; 6; 23; 12; 18; 11; 14
19,65,0.29759,0.29231,3; 5; 19; 65; 7; 27; 21; 22
34,48,0.68604,0.70833,3; 5; 34; 48; 6; 9; 9; 8
6,16,0.35893,0.375,5; 30; 6; 16; 19; 12; 21; 10
12,61,0.25884,0.19672,11; 12; 12; 61; 25; 20; 3; 14
9,57,0.2519,0.15789,13; 15; 9; 57; 3; 16; 24; 19
31,35,0.88262,0.88571,11; 4; 31; 35; 20; 19; 3; 20
8,81,0.27723,0.09877,3; 4; 8; 81; 24; 21; 20; 13
21,59,0.36183,0.35593,8; 5; 21; 59; 17; 16; 7; 28
20,32,0.60525,0.625,19; 6; 20; 32; 13; 24; 17; 16
23,57,0.40452,0.40351,8; 6; 23; 57; 12; 17; 31; 3
29,59,0.49602,0.49153,4; 4; 29; 59; 29; 28; 22; 16
21,30,0.71121,0.7,4; 5; 21; 30; 6; 18; 26; 31
14,20,0.67658,0.7,14; 19; 14; 20; 30; 28; 6; 21
24,38,0.61286,0.63158,11; 11; 24; 38; 19; 9; 5; 25
11,38,0.32471,0.28947,18; 12; 11; 38; 16; 4; 26; 29
7,9,0.79872,0.77778,14; 38; 7; 9; 14; 9; 3; 25
28,54,0.53836,0.51852,3; 8; 28; 54; 31; 10; 23; 26
8,54,0.19257,0.14815,6; 17; 8; 54; 6; 26; 17; 7
18,37,0.54174,0.48649,6; 3; 18; 37; 7; 21; 29; 12
25,59,0.42904,0.42373,6; 7; 25; 59; 15; 18; 21; 32
8,52,0.27381,0.15385,14; 17; 8; 52; 5; 17; 19; 10
21,27,0.82834,0.77778,24; 24; 21; 27; 27; 25; 18; 24
18,45,0.39937,0.4,11; 6; 18; 45; 26; 17; 14; 32
12,73,0.25474,0.16438,6; 4; 12; 73; 27; 6; 29; 18
6,37,0.23958,0.16216,24; 8; 6; 37; 6; 21; 16; 31
13,66,0.21981,0.19697,4; 4; 13; 66; 19; 3; 17; 28
28,40,0.68627,0.7,12; 6; 28; 40; 30; 11; 7; 8
13,66,0.22581,0.19697,3; 6; 13; 66; 27; 22; 19; 5
12,41,0.3361,0.29268,21; 21; 12; 41; 28; 17; 5; 13
16,38,0.37594,0.42105,16; 21; 16; 38; 8; 16; 8; 21
29,46,0.61107,0.63043,7; 10; 29; 46; 16; 23; 14; 27
17,45,0.40244,0.37778,14; 17; 17; 45; 10; 10; 8; 8
18,23,0.82656,0.78261,22; 9; 18; 23; 8; 7; 19; 13
17,23,0.8609,0.73913,15; 23; 17; 23; 29; 19; 9; 26
24,57,0.4202,0.42105,4; 8; 24; 57; 18; 8; 32; 5
33,47,0.67723,0.70213,7; 7; 33; 47; 3; 12; 13; 16
11,21,0.47712,0.52381,15; 5; 11; 21; 22; 20; 4; 14
9,34,0.27201,0.26471,6; 6; 9; 34; 4; 29; 17; 25
19,50,0.38264,0.38,12; 7; 19; 50; 18; 26; 16; 16
16,23,0.74312,0.69565,29; 10; 16; 23; 31; 18; 27; 7
10,25,0.43003,0.4,30; 27; 10; 25; 5; 23; 14; 16
29,39,0.67689,0.74359,14; 12; 29; 39; 32; 24; 11; 5
15,21,0.69286,0.71429,29; 13; 15; 21; 19; 31; 11; 17
28,40,0.70329,0.7,3; 4; 28; 40; 29; 20; 6; 12
26,37,0.6826,0.7027,8; 16; 26; 37; 32; 14; 23; 22
7,75,0.24589,0.09333,4; 8; 7; 75; 26; 29; 27; 3
15,39,0.38233,0.38462,12; 9; 15; 39; 20; 30; 5; 15
26,37,0.67494,0.7027,12; 5; 26; 37; 10; 10; 32; 11
23,64,0.37675,0.35938,4; 4; 23; 64; 21; 8; 16; 5
27,55,0.51399,0.49091,4; 4; 27; 55; 12; 25; 29; 3
11,38,0.30099,0.28947,22; 21; 11; 38; 19; 24; 13; 8
12,30,0.37429,0.4,16; 17; 12; 30; 5; 20; 31; 12
14,35,0.37016,0.4,11; 13; 14; 35; 19; 8; 10; 23
20,28,0.73071,0.71429,5; 4; 20; 28; 29; 3; 20; 22
15,29,0.53073,0.51724,25; 9; 15; 29; 31; 15; 5; 7
35,45,0.76238,0.77778,5; 3; 35; 45; 28; 30; 4; 23
24,46,0.53267,0.52174,5; 10; 24; 46; 3; 30; 9; 26
9,62,0.24784,0.14516,9; 12; 9; 62; 23; 10; 7; 19
24,66,0.38288,0.36364,3; 3; 24; 66; 9; 32; 29; 15
8,77,0.24128,0.1039,4; 5; 8; 77; 14; 28; 15; 12
31,35,0.90086,0.88571,12; 3; 31; 35; 19; 5; 10; 12
5,32,0.21888,0.15625,7; 7; 5; 32; 13; 15; 28; 4
39,50,0.78632,0.78,4; 3; 39; 50; 6; 13; 17; 13
21,30,0.69985,0.7,5; 21; 21; 30; 12; 5; 10; 26
28,38,0.73397,0.73684,10; 11; 28; 38; 10; 29; 27; 18
17,59,0.31669,0.28814,6; 5; 17; 59; 16; 7; 16; 6
28,54,0.53391,0.51852,3; 8; 28; 54; 8; 7; 32; 32
6,60,0.22097,0.1,8; 6; 6; 60; 32; 29; 17; 5
21,56,0.38158,0.375,4; 8; 21; 56; 27; 27; 17; 17
12,73,0.2165,0.16438,5; 3; 12; 73; 6; 23; 17; 24
7,74,0.23038,0.09459,4; 3; 7; 74; 30; 4; 17; 11
8,40,0.2628,0.2,22; 11; 8; 40; 29; 11; 26; 29
36,51,0.69396,0.70588,4; 4; 36; 51; 9; 23; 10; 30
6,66,0.22322,0.09091,10; 13; 6; 66; 21; 30; 23; 6
5,57,0.25117,0.08772,18; 14; 5; 57; 22; 23; 6; 3
32,36,0.89363,0.88889,13; 7; 32; 36; 17; 26; 7; 12
22,42,0.55866,0.52381,9; 10; 22; 42; 18; 15; 6; 32
7,47,0.24562,0.14894,12; 9; 7; 47; 3; 9; 14; 14
28,57,0.49973,0.49123,3; 6; 28; 57; 12; 20; 23; 25
31,44,0.6833,0.70455,5; 5; 31; 44; 30; 6; 11; 11
19,45,0.42105,0.42222,10; 5; 19; 45; 19; 5; 25; 12
21,55,0.39011,0.38182,7; 7; 21; 55; 13; 23; 18; 18
7,27,0.24838,0.25926,9; 14; 7; 27; 11; 29; 22; 23
21,50,0.40467,0.42,5; 7; 21; 50; 14; 19; 32; 32
22,55,0.42736,0.4,7; 3; 22; 55; 10; 7; 21; 21
14,49,0.27828,0.28571,5; 15; 14; 49; 7; 19; 28; 11
42,47,0.88438,0.89362,4; 3; 42; 47; 28; 4; 13; 16
16,18,0.90037,0.88889,29; 23; 16; 18; 11; 6; 19; 5
5,55,0.18839,0.09091,10; 9; 5; 55; 29; 16; 23; 4
6,15,0.64785,0.4,3; 22; 6; 15; 4; 15; 5; 12
5,56,0.24326,0.08929,4; 8; 5; 56; 17; 26; 19; 8
23,33,0.69309,0.69697,10; 15; 23; 33; 14; 7; 16; 23
7,10,0.80006,0.7,29; 20; 7; 10; 16; 8; 12; 25
20,70,0.29834,0.28571,4; 3; 20; 70; 9; 8; 20; 19
12,42,0.27124,0.28571,6; 10; 12; 42; 12; 6; 22; 3
11,26,0.42584,0.42308,15; 3; 11; 26; 10; 14; 11; 17
15,36,0.46989,0.41667,19; 11; 15; 36; 9; 16; 31; 16
13,45,0.27643,0.28889,3; 5; 13; 45; 18; 11; 3; 18
14,49,0.30708,0.28571,10; 17; 14; 49; 11; 9; 13; 3
15,58,0.28367,0.25862,7; 8; 15; 58; 21; 13; 30; 22
33,47,0.71909,0.70213,9; 9; 33; 47; 21; 25; 4; 8
33,37,0.87368,0.89189,12; 12; 33; 37; 14; 5; 9; 7
14,48,0.31794,0.29167,13; 15; 14; 48; 25; 22; 11; 29
8,21,0.3161,0.38095,11; 7; 8; 21; 32; 20; 25; 9
28,38,0.70723,0.73684,15; 11; 28; 38; 25; 10; 12; 31
15,42,0.37959,0.35714,15; 20; 15; 42; 3; 4; 31; 26
14,18,0.78453,0.77778,33; 11; 14; 18; 7; 17; 18; 9
25,48,0.51846,0.52083,3; 12; 25; 48; 25; 29; 19; 17
25,65,0.39578,0.38462,3; 3; 25; 65; 29; 9; 7; 5
6,61,0.25681,0.09836,11; 12; 6; 61; 32; 25; 9; 15
11,74,0.21304,0.14865,3; 5; 11; 74; 29; 25; 6; 11
13,64,0.24581,0.20312,3; 9; 13; 64; 5; 7; 12; 19
9,58,0.19974,0.15517,14; 14; 9; 58; 17; 27; 25; 10
16,40,0.42369,0.4,4; 13; 16; 40; 30; 7; 10; 7
8,41,0.2822,0.19512,5; 15; 8; 41; 30; 18; 9; 8
28,36,0.77498,0.77778,13; 16; 28; 36; 7; 15; 24; 8
5,53,0.25866,0.09434,18; 20; 5; 53; 17; 9; 12; 17
21,52,0.43971,0.40385,4; 3; 21; 52; 15; 16; 25; 29
21,58,0.3439,0.36207,4; 4; 21; 58; 13; 18; 30; 20
29,39,0.74081,0.74359,12; 15; 29; 39; 31; 32; 22; 12
20,48,0.40553,0.41667,7; 14; 20; 48; 11; 14; 15; 15
30,42,0.67537,0.71429,11; 6; 30; 42; 14; 29; 28; 18
32,46,0.6734,0.69565,3; 6; 32; 46; 8; 20; 6; 21
31,49,0.62867,0.63265,4; 3; 31; 49; 23; 12; 21; 27
23,47,0.49591,0.48936,6; 12; 23; 47; 17; 5; 32; 20
21,50,0.43275,0.42,4; 9; 21; 50; 7; 12; 30; 9
20,48,0.47587,0.41667,5; 15; 20; 48; 19; 28; 6; 30
14,20,0.82722,0.7,24; 10; 14; 20; 27; 15; 15; 14
15,75,0.25642,0.2,4; 4; 15; 75; 7; 14; 12; 17
7,78,0.21814,0.08974,5; 5; 7; 78; 11; 11; 21; 31
11,70,0.18199,0.15714,8; 6; 11; 70; 15; 32; 5; 16
9,45,0.27906,0.2,21; 7; 9; 45; 14; 32; 20; 26
6,69,0.2521,0.08696,8; 7; 6; 69; 4; 28; 11; 11
5,51,0.23874,0.09804,8; 14; 5; 51; 7; 6; 4; 14
35,47,0.74845,0.74468,4; 5; 35; 47; 25; 24; 22; 13
34,46,0.73089,0.73913,4; 3; 34; 46; 5; 17; 30; 5
23,60,0.41145,0.38333,3; 3; 23; 60; 10; 7; 17; 15
5,32,0.25348,0.15625,14; 9; 5; 32; 21; 11; 11; 16
12,78,0.2758,0.15385,4; 4; 12; 78; 7; 3; 26; 31
33,47,0.67686,0.70213,6; 4; 33; 47; 7; 9; 4; 14
18,50,0.3764,0.36,11; 12; 18; 50; 31; 16; 23; 10
7,67,0.21289,0.10448,3; 5; 7; 67; 13; 11; 25; 3
6,64,0.23386,0.09375,10; 13; 6; 64; 28; 21; 6; 3
19,50,0.36846,0.38,7; 13; 19; 50; 24; 23; 19; 6
10,34,0.32257,0.29412,24; 8; 10; 34; 8; 32; 16; 32
33,37,0.9028,0.89189,3; 8; 33; 37; 7; 8; 23; 23
35,45,0.77573,0.77778,3; 9; 35; 45; 24; 32; 25; 15
27,55,0.4966,0.49091,4; 6; 27; 55; 17; 3; 26; 30
35,45,0.77198,0.77778,6; 6; 35; 45; 14; 15; 15; 19
10,50,0.31814,0.2,9; 14; 10; 50; 8; 22; 13; 28
22,53,0.41913,0.41509,10; 8; 22; 53; 21; 10; 29; 13
6,37,0.23716,0.16216,23; 16; 6; 37; 15; 11; 11; 3
11,67,0.2145,0.16418,8; 8; 11; 67; 11; 3; 29; 20
24,57,0.43481,0.42105,8; 5; 24; 57; 15; 16; 32; 27
9,58,0.26003,0.15517,14; 6; 9; 58; 29; 6; 27; 20
25,35,0.68603,0.71429,6; 10; 25; 35; 3; 17; 27; 16
32,51,0.6074,0.62745,7; 5; 32; 51; 26; 17; 3; 29
9,45,0.26181,0.2,14; 12; 9; 45; 30; 17; 26; 7
9,31,0.29071,0.29032,9; 5; 9; 31; 23; 24; 15; 28
31,35,0.90065,0.88571,6; 14; 31; 35; 31; 13; 3; 16
19,47,0.4128,0.40426,16; 15; 19; 47; 18; 3; 10; 26
8,21,0.30207,0.38095,24; 18; 8; 21; 4; 15; 23; 13
18,50,0.36081,0.36,7; 10; 18; 50; 6; 14; 23; 7
19,47,0.4078,0.40426,12; 11; 19; 47; 11; 20; 25; 32
15,58,0.27767,0.25862,5; 11; 15; 58; 8; 7; 31; 29
13,65,0.24881,0.2,6; 4; 13; 65; 23; 32; 27; 7
19,45,0.45083,0.42222,4; 12; 19; 45; 27; 14; 5; 21
13,66,0.24263,0.19697,3; 7; 13; 66; 4; 32; 27; 22
24,66,0.36811,0.36364,4; 3; 24; 66; 28; 18; 20; 27
11,42,0.29766,0.2619,4; 9; 11; 42; 18; 12; 16; 28
5,31,0.28428,0.16129,28; 14; 5; 31; 9; 18; 31; 12
22,35,0.61701,0.62857,8; 11; 22; 35; 32; 21; 20; 23
14,20,0.79678,0.7,30; 31; 14; 20; 17; 32; 10; 28
7,82,0.21374,0.08537,3; 3; 7; 82; 8; 20; 14; 14
20,56,0.34488,0.35714,3; 9; 20; 56; 12; 5; 30; 8
9,59,0.26531,0.15254,5; 12; 9; 59; 21; 19; 32; 16
8,53,0.22876,0.15094,13; 7; 8; 53; 24; 23; 14; 13
11,73,0.20894,0.15068,5; 3; 11; 73; 19; 17; 31; 30
9,46,0.27055,0.19565,7; 19; 9; 46; 6; 19; 3; 18
7,75,0.21592,0.09333,5; 4; 7; 75; 11; 28; 30; 9
12,42,0.31956,0.28571,9; 18; 12; 42; 6; 24; 23; 12
16,31,0.52699,0.51613,5; 9; 16; 31; 14; 26; 27; 22
9,58,0.23053,0.15517,13; 15; 9; 58; 14; 25; 28; 16
20,56,0.36822,0.35714,5; 4; 20; 56; 26; 24; 25; 8
11,26,0.36813,0.42308,18; 8; 11; 26; 3; 5; 4; 14
11,43,0.30358,0.25581,9; 8; 11; 43; 14; 22; 32; 20
17,47,0.39083,0.3617,14; 15; 17; 47; 24; 22; 3; 13
10,64,0.2372,0.15625,9; 12; 10; 64; 29; 23; 14; 14
30,42,0.75055,0.71429,8; 3; 30; 42; 15; 5; 7; 15
14,48,0.28753,0.29167,14; 11; 14; 48; 13; 31; 3; 21
5,8,0.71446,0.625,42; 32; 5; 8; 22; 17; 18; 22
30,43,0.67115,0.69767,12; 11; 30; 43; 3; 10; 7; 22
17,47,0.36739,0.3617,7; 15; 17; 47; 30; 19; 19; 29
6,62,0.25294,0.09677,14; 5; 6; 62; 11; 17; 9; 11
21,27,0.81685,0.77778,21; 7; 21; 27; 21; 12; 25; 8
27,55,0.4956,0.49091,3; 3; 27; 55; 16; 12; 22; 3
11,72,0.21703,0.15278,5; 6; 11; 72; 7; 29; 3; 17
19,45,0.41793,0.42222,15; 3; 19; 45; 32; 12; 14; 3
33,52,0.62108,0.63462,6; 4; 33; 52; 5; 5; 30; 17
13,31,0.38166,0.41935,12; 14; 13; 31; 12; 11; 23; 14
10,24,0.3979,0.41667,18; 32; 10; 24; 23; 15; 9; 4
24,57,0.43723,0.42105,7; 5; 24; 57; 4; 28; 28; 4
6,37,0.25824,0.16216,25; 25; 6; 37; 32; 8; 20; 31
27,43,0.61387,0.62791,6; 14; 27; 43; 25; 17; 23; 3
9,59,0.22392,0.15254,14; 6; 9; 59; 16; 31; 14; 15
30,42,0.70845,0.71429,8; 3; 30; 42; 11; 23; 29; 20
15,52,0.29358,0.28846,9; 7; 15; 52; 13; 26; 14; 6
9,44,0.26839,0.20455,15; 9; 9; 44; 28; 22; 18; 9
23,47,0.52875,0.48936,7; 8; 23; 47; 27; 14; 8; 17
31,44,0.72384,0.70455,9; 4; 31; 44; 21; 19; 26; 13
10,49,0.2552,0.20408,14; 9; 10; 49; 31; 23; 19; 8
20,27,0.80124,0.74074,12; 16; 20; 27; 25; 20; 11; 31
25,60,0.45014,0.41667,3; 3; 25; 60; 31; 28; 16; 20
11,55,0.25748,0.2,3; 14; 11; 55; 16; 27; 21; 13
7,71,0.25268,0.09859,7; 8; 7; 71; 16; 17; 5; 19
5,54,0.25119,0.09259,5; 11; 5; 54; 12; 9; 7; 17
14,71,0.24895,0.19718,5; 3; 14; 71; 24; 32; 9; 15
12,32,0.3587,0.375,10; 15; 12; 32; 24; 13; 21; 3
24,38,0.6317,0.63158,14; 12; 24; 38; 18; 6; 29; 21
26,53,0.51355,0.49057,4; 3; 26; 53; 9; 32; 16; 19
5,14,0.33358,0.35714,21; 35; 5; 14; 24; 24; 16; 9
17,33,0.56277,0.51515,11; 23; 17; 33; 32; 8; 16; 28
5,54,0.25792,0.09259,14; 6; 5; 54; 27; 21; 8; 15
6,23,0.24437,0.26087,22; 15; 6; 23; 7; 14; 4; 27
21,43,0.50689,0.48837,4; 16; 21; 43; 27; 10; 11; 5
22,53,0.42967,0.41509,11; 10; 22; 53; 4; 11; 10; 31
15,51,0.31215,0.29412,8; 9; 15; 51; 26; 6; 27; 31
10,64,0.22495,0.15625,3; 7; 10; 64; 16; 24; 27; 9
24,57,0.41814,0.42105,3; 3; 24; 57; 28; 10; 31; 4
26,62,0.4493,0.41935,4; 3; 26; 62; 5; 23; 20; 16
27,52,0.5287,0.51923,6; 8; 27; 52; 3; 18; 12; 17
6,65,0.23059,0.09231,7; 3; 6; 65; 10; 20; 31; 8
15,24,0.63235,0.625,21; 23; 15; 24; 21; 6; 18; 19
14,54,0.27154,0.25926,8; 7; 14; 54; 25; 4; 5; 20
7,47,0.25164,0.14894,3; 18; 7; 47; 10; 22; 21; 15
27,43,0.60046,0.62791,7; 6; 27; 43; 6; 26; 26; 4
18,69,0.28654,0.26087,5; 4; 18; 69; 9; 5; 3; 29
35,47,0.72982,0.74468,8; 6; 35; 47; 9; 28; 13; 8
5,52,0.23277,0.09615,4; 7; 5; 52; 12; 18; 19; 7
8,28,0.31215,0.28571,6; 10; 8; 28; 30; 13; 27; 4
14,27,0.4974,0.51852,17; 6; 14; 27; 15; 23; 10; 30
6,62,0.22708,0.09677,9; 9; 6; 62; 5; 25; 6; 5
27,43,0.6094,0.62791,5; 13; 27; 43; 16; 20; 4; 3
7,27,0.29012,0.25926,18; 17; 7; 27; 25; 18; 20; 32
14,33,0.42734,0.42424,16; 10; 14; 33; 4; 12; 18; 29
7,77,0.23859,0.09091,5; 3; 7; 77; 19; 10; 10; 8
28,40,0.68974,0.7,7; 15; 28; 40; 14; 21; 21; 15
18,37,0.52838,0.48649,11; 9; 18; 37; 32; 27; 20; 13
5,50,0.27819,0.1,13; 20; 5; 50; 17; 19; 9; 13
30,43,0.65369,0.69767,7; 4; 30; 43; 20; 21; 9; 4
7,79,0.23809,0.08861,3; 6; 7; 79; 30; 24; 13; 24
12,33,0.38127,0.36364,11; 13; 12; 33; 29; 26; 11; 14
7,71,0.2308,0.09859,6; 8; 7; 71; 9; 5; 5; 6
7,78,0.25125,0.08974,6; 3; 7; 78; 25; 4; 11; 4
22,52,0.42846,0.42308,11; 3; 22; 52; 19; 23; 19; 16
5,33,0.32263,0.15152,12; 6; 5; 33; 27; 8; 16; 28
19,65,0.30234,0.29231,6; 6; 19; 65; 32; 26; 4; 22
21,30,0.69349,0.7,14; 16; 21; 30; 4; 9; 32; 18
9,46,0.28013,0.19565,6; 14; 9; 46; 3; 7; 27; 32
32,41,0.77516,0.78049,9; 6; 32; 41; 19; 30; 17; 24
19,30,0.61486,0.63333,5; 10; 19; 30; 12; 3; 31; 13
40,45,0.87157,0.88889,3; 5; 40; 45; 24; 3; 13; 5
20,48,0.39429,0.41667,10; 15; 20; 48; 30; 31; 21; 13
8,82,0.20954,0.09756,4; 4; 8; 82; 30; 18; 31; 10
30,42,0.68362,0.71429,6; 4; 30; 42; 12; 32; 17; 12
24,57,0.424,0.42105,4; 6; 24; 57; 8; 14; 3; 7
28,36,0.79374,0.77778,9; 14; 28; 36; 23; 9; 4; 8
10,39,0.2675,0.25641,19; 23; 10; 39; 32; 4; 5; 26
5,48,0.25396,0.10417,6; 14; 5; 48; 6; 28; 6; 24
26,53,0.53544,0.49057,3; 8; 26; 53; 17; 15; 22; 6
35,47,0.72779,0.74468,7; 7; 35; 47; 6; 28; 29; 25
28,36,0.80489,0.77778,16; 8; 28; 36; 19; 10; 16; 15
10,16,0.47889,0.625,20; 3; 10; 16; 8; 4; 10; 9
7,68,0.23862,0.10294,8; 3; 7; 68; 5; 26; 16; 10
20,56,0.37264,0.35714,7; 4; 20; 56; 10; 8; 29; 20
6,23,0.32374,0.26087,10; 30; 6; 23; 26; 5; 3; 14
14,39,0.35002,0.35897,14; 20; 14; 39; 9; 21; 27; 28
35,49,0.70986,0.71429,5; 5; 35; 49; 9; 21; 11; 28
34,54,0.62638,0.62963,5; 5; 34; 54; 6; 30; 18; 15
19,48,0.39934,0.39583,10; 8; 19; 48; 6; 11; 25; 20
5,51,0.24459,0.09804,21; 6; 5; 51; 5; 15; 29; 31
17,59,0.28229,0.28814,9; 3; 17; 59; 16; 29; 28; 22
24,38,0.60803,0.63158,17; 7; 24; 38; 23; 6; 10; 9
29,46,0.61426,0.63043,3; 3; 29; 46; 28; 31; 14; 7
5,58,0.23596,0.08621,3; 6; 5; 58; 23; 4; 17; 11
32,46,0.65814,0.69565,9; 5; 32; 46; 10; 14; 28; 6
18,23,0.89637,0.78261,23; 12; 18; 23; 17; 6; 16; 14
18,62,0.30865,0.29032,5; 6; 18; 62; 27; 20; 5; 15
21,27,0.76794,0.77778,22; 25; 21; 27; 27; 4; 22; 17
14,18,0.86966,0.77778,12; 9; 14; 18; 26; 18; 13; 23
12,47,0.29687,0.25532,12; 3; 12; 47; 20; 20; 31; 20
7,68,0.16908,0.10294,11; 5; 7; 68; 6; 16; 16; 8
17,33,0.50919,0.51515,6; 18; 17; 33; 21; 9; 19; 9
10,68,0.22004,0.14706,9; 10; 10; 68; 7; 7; 31; 7
10,24,0.48352,0.41667,24; 3; 10; 24; 17; 28; 5; 3
15,58,0.26205,0.25862,7; 7; 15; 58; 26; 28; 13; 30
25,62,0.40717,0.40323,3; 3; 25; 62; 11; 16; 12; 26
15,36,0.44787,0.41667,19; 8; 15; 36; 13; 21; 21; 30
15,51,0.30504,0.29412,15; 7; 15; 51; 24; 26; 25; 12
11,54,0.24437,0.2037,10; 8; 11; 54; 7; 32; 14; 21
5,19,0.35242,0.26316,32; 8; 5; 19; 6; 15; 17; 16
9,34,0.22773,0.26471,18; 14; 9; 34; 21; 21; 32; 3
38,49,0.78484,0.77551,3; 4; 38; 49; 15; 14; 3; 19
9,59,0.2112,0.15254,6; 5; 9; 59; 11; 6; 4; 10
29,37,0.77819,0.78378,9; 16; 29; 37; 12; 14; 18; 12
7,10,0.57907,0.7,20; 27; 7; 10; 4; 28; 4; 12
20,70,0.29615,0.28571,4; 3; 20; 70; 11; 25; 3; 27
26,37,0.68044,0.7027,13; 16; 26; 37; 23; 3; 15; 9
19,27,0.69397,0.7037,16; 4; 19; 27; 12; 16; 8; 31
6,65,0.23536,0.09231,5; 5; 6; 65; 11; 30; 28; 12
18,62,0.30159,0.29032,8; 6; 18; 62; 31; 11; 9; 22
8,55,0.22342,0.14545,13; 12; 8; 55; 21; 29; 27; 8
5,19,0.22565,0.26316,7; 37; 5; 19; 13; 25; 21; 30
31,35,0.83432,0.88571,5; 8; 31; 35; 15; 29; 11; 21
18,47,0.40125,0.38298,9; 6; 18; 47; 22; 3; 29; 8
8,81,0.25662,0.09877,4; 4; 8; 81; 17; 15; 12; 14
21,52,0.40172,0.40385,11; 11; 21; 52; 17; 13; 18; 20
17,43,0.4186,0.39535,18; 10; 17; 43; 14; 5; 16; 25
21,55,0.38434,0.38182,11; 8; 21; 55; 14; 29; 16; 17
18,23,0.86799,0.78261,21; 25; 18; 23; 28; 19; 30; 12
21,30,0.78781,0.7,22; 11; 21; 30; 27; 32; 28; 3
15,36,0.43361,0.41667,21; 6; 15; 36; 28; 29; 4; 27
28,57,0.50352,0.49123,5; 3; 28; 57; 13; 28; 4; 25
12,30,0.37745,0.4,14; 22; 12; 30; 27; 13; 4; 25
6,40,0.1999,0.15,25; 15; 6; 40; 23; 32; 6; 11
9,44,0.25902,0.20455,12; 17; 9; 44; 28; 19; 21; 6
16,55,0.30179,0.29091,13; 12; 16; 55; 14; 31; 7; 25
5,48,0.28958,0.10417,12; 4; 5; 48; 12; 4; 32; 13
31,35,0.91068,0.88571,13; 4; 31; 35; 21; 19; 14; 4
16,62,0.25126,0.25806,9; 8; 16; 62; 5; 29; 13; 15
13,25,0.55059,0.52,20; 10; 13; 25; 11; 24; 5; 10
29,37,0.78723,0.78378,11; 13; 29; 37; 8; 22; 26; 30
18,70,0.25896,0.25714,4; 4; 18; 70; 4; 4; 28; 32
25,28,0.89966,0.89286,18; 21; 25; 28; 6; 6; 21; 15
6,15,0.46987,0.4,13; 29; 6; 15; 20; 11; 12; 22
13,25,0.47237,0.52,29; 21; 13; 25; 6; 6; 10; 19
7,75,0.20757,0.09333,3; 8; 7; 75; 14; 22; 5; 15
21,27,0.76591,0.77778,5; 15; 21; 27; 22; 24; 4; 11
14,37,0.33292,0.37838,22; 4; 14; 37; 26; 8; 20; 23
9,34,0.28948,0.26471,5; 19; 9; 34; 8; 30; 12; 30
27,43,0.61033,0.62791,8; 12; 27; 43; 6; 6; 8; 26
23,57,0.43131,0.40351,5; 8; 23; 57; 26; 27; 5; 30
12,17,0.80307,0.70588,30; 18; 12; 17; 10; 9; 10; 30
12,60,0.23545,0.2,12; 12; 12; 60; 17; 30; 7; 27
7,68,0.2072,0.10294,6; 11; 7; 68; 32; 27; 18; 8
9,61,0.23282,0.14754,7; 12; 9; 61; 28; 10; 7; 13
17,19,0.84585,0.89474,26; 6; 17; 19; 14; 3; 14; 6
27,55,0.49615,0.49091,4; 6; 27; 55; 15; 13; 3; 14
24,38,0.58832,0.63158,3; 10; 24; 38; 20; 12; 31; 12
23,61,0.358,0.37705,6; 6; 23; 61; 13; 12; 25; 16
12,76,0.2167,0.15789,3; 4; 12; 76; 10; 7; 4; 25
12,75,0.2353,0.16,4; 4; 12; 75; 17; 21; 14; 31
11,55,0.24348,0.2,6; 3; 11; 55; 30; 3; 32; 21
7,82,0.22704,0.08537,3; 4; 7; 82; 27; 10; 21; 15
39,44,0.85781,0.88636,6; 7; 39; 44; 6; 26; 28; 10
35,45,0.76433,0.77778,5; 7; 35; 45; 29; 25; 23; 13
14,20,0.5785,0.7,26; 8; 14; 20; 13; 6; 10; 25
16,18,0.82696,0.88889,7; 18; 16; 18; 20; 30; 32; 3
12,74,0.20948,0.16216,3; 3; 12; 74; 13; 14; 19; 20
17,58,0.30472,0.2931,5; 4; 17; 58; 21; 17; 17; 16
11,21,0.53852,0.52381,17; 17; 11; 21; 15; 9; 6; 20
6,67,0.22685,0.08955,8; 3; 6; 67; 29; 8; 27; 23
15,42,0.37834,0.35714,10; 15; 15; 42; 15; 13; 5; 7
9,57,0.19918,0.15789,11; 15; 9; 57; 9; 20; 22; 4
8,20,0.43513,0.4,13; 10; 8; 20; 15; 31; 20; 28
18,63,0.2773,0.28571,8; 7; 18; 63; 31; 20; 9; 12
18,37,0.53453,0.48649,5; 21; 18; 37; 26; 19; 9; 26
7,10,0.59833,0.7,33; 12; 7; 10; 12; 27; 10; 18
42,47,0.88459,0.89362,4; 4; 42; 47; 8; 23; 11; 4
22,53,0.40745,0.41509,10; 4; 22; 53; 28; 29; 7; 27
12,17,0.84845,0.70588,11; 4; 12; 17; 29; 5; 12; 18
32,36,0.86924,0.88889,15; 9; 32; 36; 8; 15; 32; 4
8,51,0.27129,0.15686,9; 14; 8; 51; 13; 10; 3; 20
7,73,0.20358,0.09589,4; 7; 7; 73; 20; 24; 24; 11
34,54,0.6273,0.62963,5; 3; 34; 54; 31; 23; 19; 19
36,46,0.77773,0.78261,6; 8; 36; 46; 32; 6; 27; 14
24,27,0.91809,0.88889,23; 12; 24; 27; 11; 17; 12; 26
17,59,0.32788,0.28814,10; 3; 17; 59; 29; 18; 6; 11
22,58,0.38612,0.37931,6; 7; 22; 58; 27; 19; 23; 9
9,55,0.23092,0.16364,13; 6; 9; 55; 10; 30; 18; 7
37,52,0.7097,0.71154,3; 3; 37; 52; 19; 4; 30; 20
23,47,0.48169,0.48936,9; 13; 23; 47; 22; 13; 21; 26
12,61,0.21133,0.19672,6; 6; 12; 61; 19; 10; 14; 21
11,75,0.18442,0.14667,4; 5; 11; 75; 4; 27; 29; 8
17,33,0.55709,0.51515,19; 5; 17; 33; 9; 7; 15; 6
15,58,0.28442,0.25862,11; 3; 15; 58; 4; 6; 17; 31
10,62,0.2406,0.16129,7; 6; 10; 62; 8; 13; 26; 7
14,19,0.76301,0.73684,6; 31; 14; 19; 4; 6; 29; 17
11,42,0.26554,0.2619,8; 21; 11; 42; 6; 16; 23; 30
25,28,0.86163,0.89286,13; 21; 25; 28; 10; 18; 22; 16
11,29,0.36606,0.37931,26; 13; 11; 29; 17; 17; 16; 18
15,21,0.73129,0.71429,19; 11; 15; 21; 11; 32; 10; 7
17,58,0.32695,0.2931,3; 3; 17; 58; 27; 14; 25; 19
8,9,0.73718,0.88889,13; 28; 8; 9; 17; 21; 18; 15
12,59,0.27552,0.20339,7; 6; 12; 59; 29; 13; 31; 13
42,47,0.87065,0.89362,3; 4; 42; 47; 13; 19; 32; 22
22,31,0.71036,0.70968,3; 7; 22; 31; 6; 8; 12; 4
23,60,0.36452,0.38333,6; 4; 23; 60; 21; 5; 12; 11
12,30,0.43725,0.4,12; 15; 12; 30; 29; 27; 18; 18
42,47,0.88889,0.89362,3; 4; 42; 47; 13; 8; 29; 9
10,50,0.24076,0.2,5; 5; 10; 50; 15; 24; 8; 7
17,19,0.87275,0.89474,27; 13; 17; 19; 25; 12; 29; 16
18,50,0.37883,0.36,11; 5; 18; 50; 9; 23; 28; 24
21,43,0.51086,0.48837,13; 5; 21; 43; 21; 24; 26; 14
8,28,0.33274,0.28571,17; 8; 8; 28; 26; 7; 7; 23
13,66,0.24638,0.19697,8; 9; 13; 66; 32; 11; 22; 19
20,56,0.3445,0.35714,4; 10; 20; 56; 3; 22; 11; 27
12,59,0.27169,0.20339,12; 10; 12; 59; 24; 26; 18; 10
11,74,0.2245,0.14865,3; 4; 11; 74; 32; 11; 16; 31
42,47,0.884,0.89362,4; 4; 42; 47; 25; 3; 22; 31
13,34,0.35892,0.38235,19; 10; 13; 34; 23; 6; 19; 26
37,52,0.72196,0.71154,4; 4; 37; 52; 9; 31; 22; 31
7,10,0.6768,0.7,8; 5; 7; 10; 8; 11; 16; 11
22,45,0.52221,0.48889,15; 4; 22; 45; 11; 17; 22; 22
7,75,0.20846,0.09333,7; 5; 7; 75; 25; 23; 12; 17
17,35,0.53182,0.48571,4; 20; 17; 35; 19; 14; 20; 5
7,80,0.2298,0.0875,5; 4; 7; 80; 24; 11; 8; 30
23,60,0.41172,0.38333,5; 6; 23; 60; 9; 3; 20; 29
17,45,0.36045,0.37778,17; 6; 17; 45; 10; 20; 31; 12
8,78,0.21552,0.10256,6; 6; 8; 78; 26; 15; 18; 21
17,27,0.64727,0.62963,16; 10; 17; 27; 15; 27; 30; 5
10,63,0.25582,0.15873,8; 8; 10; 63; 27; 25; 32; 8
28,40,0.67869,0.7,11; 8; 28; 40; 9; 26; 30; 29
11,21,0.47563,0.52381,16; 3; 11; 21; 4; 8; 11; 8
30,42,0.71055,0.71429,4; 13; 30; 42; 23; 9; 6; 8
17,19,0.85465,0.89474,11; 15; 17; 19; 20; 15; 5; 16
16,56,0.31491,0.28571,6; 9; 16; 56; 30; 29; 3; 16
25,35,0.68554,0.71429,10; 16; 25; 35; 14; 24; 14; 30
18,48,0.45347,0.375,10; 9; 18; 48; 23; 8; 10; 15
18,50,0.37474,0.36,6; 5; 18; 50; 16; 18; 29; 24
7,80,0.24077,0.0875,3; 5; 7; 80; 7; 27; 14; 15
22,35,0.60011,0.62857,10; 8; 22; 35; 13; 30; 3; 23
7,81,0.21716,0.08642,4; 5; 7; 81; 12; 8; 4; 20
30,58,0.52788,0.51724,3; 4; 30; 58; 7; 9; 6; 20
13,64,0.24806,0.20312,9; 10; 13; 64; 5; 13; 13; 22
33,37,0.87642,0.89189,11; 12; 33; 37; 31; 5; 26; 26
7,10,0.80195,0.7,5; 34; 7; 10; 3; 31; 19; 13
11,21,0.61244,0.52381,8; 33; 11; 21; 11; 26; 21; 20
35,45,0.76097,0.77778,5; 9; 35; 45; 18; 30; 19; 10
22,42,0.55659,0.52381,15; 17; 22; 42; 17; 26; 7; 32
25,60,0.42513,0.41667,3; 6; 25; 60; 12; 25; 8; 17
14,19,0.7453,0.73684,18; 22; 14; 19; 13; 28; 9; 17
6,68,0.24081,0.08824,5; 8; 6; 68; 18; 12; 15; 6
7,73,0.23202,0.09589,8; 8; 7; 73; 25; 19; 18; 10
8,40,0.25468,0.2,13; 16; 8; 40; 5; 11; 15; 26
17,23,0.72532,0.73913,13; 20; 17; 23; 6; 20; 21; 26
18,69,0.25215,0.26087,3; 5; 18; 69; 10; 12; 27; 31
5,49,0.23441,0.10204,11; 7; 5; 49; 30; 9; 7; 5
39,44,0.89682,0.88636,5; 5; 39; 44; 10; 9; 22; 32
25,60,0.41489,0.41667,6; 3; 25; 60; 30; 3; 29; 15
9,59,0.18961,0.15254,15; 3; 9; 59; 21; 14; 14; 29
12,30,0.37523,0.4,13; 27; 12; 30; 32; 4; 5; 13
10,49,0.21848,0.20408,19; 18; 10; 49; 30; 14; 18; 10
14,69,0.21969,0.2029,3; 4; 14; 69; 3; 31; 25; 10
31,35,0.88648,0.88571,15; 13; 31; 35; 18; 21; 9; 24
25,63,0.42072,0.39683,5; 5; 25; 63; 16; 17; 5; 21
14,39,0.40493,0.35897,14; 17; 14; 39; 9; 21; 8; 22
39,44,0.87404,0.88636,3; 6; 39; 44; 25; 8; 31; 14
13,50,0.26048,0.26,3; 15; 13; 50; 16; 14; 18; 18
14,48,0.33068,0.29167,12; 4; 14; 48; 31; 20; 15; 20
31,35,0.90756,0.88571,9; 13; 31; 35; 3; 10; 4; 11
8,40,0.24067,0.2,3; 22; 8; 40; 19; 29; 18; 21
15,75,0.24013,0.2,3; 3; 15; 75; 24; 4; 10; 10
12,78,0.2083,0.15385,4; 4; 12; 78; 30; 14; 26; 20
27,55,0.47942,0.49091,4; 3; 27; 55; 5; 5; 9; 16
14,18,0.79661,0.77778,14; 31; 14; 18; 23; 22; 29; 7
17,65,0.29167,0.26154,8; 8; 17; 65; 30; 10; 16; 25
6,69,0.24083,0.08696,11; 3; 6; 69; 25; 9; 14; 20
25,28,0.84549,0.89286,18; 9; 25; 28; 24; 3; 28; 6
16,23,0.67875,0.69565,5; 20; 16; 23; 29; 27; 28; 9
12,30,0.36433,0.4,19; 8; 12; 30; 5; 3; 22; 4
23,31,0.76711,0.74194,15; 14; 23; 31; 25; 7; 27; 27
26,53,0.50592,0.49057,6; 7; 26; 53; 12; 16; 17; 10
12,61,0.26577,0.19672,10; 10; 12; 61; 3; 11; 12; 11
18,23,0.84014,0.78261,17; 11; 18; 23; 13; 13; 3; 8
13,50,0.28869,0.26,7; 13; 13; 50; 28; 14; 8; 7
8,22,0.36461,0.36364,31; 11; 8; 22; 25; 27; 21; 10
25,34,0.71482,0.73529,15; 16; 25; 34; 4; 15; 11; 4
8,81,0.22297,0.09877,3; 4; 8; 81; 30; 21; 6; 5
15,24,0.61007,0.625,13; 5; 15; 24; 20; 20; 6; 28
16,31,0.48924,0.51613,15; 24; 16; 31; 6; 13; 11; 18
17,43,0.44798,0.39535,10; 6; 17; 43; 9; 13; 3; 9
17,42,0.38338,0.40476,9; 17; 17; 42; 32; 9; 4; 22
14,19,0.79781,0.73684,30; 12; 14; 19; 11; 28; 21; 23
9,60,0.20398,0.15,14; 13; 9; 60; 26; 25; 26; 11
32,46,0.70192,0.69565,5; 8; 32; 46; 23; 5; 8; 27
7,27,0.28132,0.25926,19; 25; 7; 27; 25; 14; 5; 32
11,68,0.20704,0.16176,6; 9; 11; 68; 20; 16; 5; 7
26,35,0.72194,0.74286,11; 5; 26; 35; 7; 15; 11; 9
24,66,0.35248,0.36364,3; 3; 24; 66; 28; 11; 10; 4
35,45,0.75871,0.77778,6; 4; 35; 45; 6; 10; 7; 25
5,8,0.7075,0.625,29; 6; 5; 8; 3; 12; 14; 24
11,75,0.21516,0.14667,5; 6; 11; 75; 3; 27; 19; 6
5,48,0.25823,0.10417,13; 15; 5; 48; 15; 21; 28; 25
25,34,0.71548,0.73529,5; 7; 25; 34; 31; 13; 20; 15
17,23,0.68885,0.73913,4; 28; 17; 23; 24; 25; 30; 13
10,66,0.22743,0.15152,4; 9; 10; 66; 28; 13; 26; 19
28,38,0.73337,0.73684,6; 10; 28; 38; 7; 4; 9; 21
34,48,0.69362,0.70833,8; 8; 34; 48; 6; 22; 24; 28
16,38,0.48355,0.42105,13; 15; 16; 38; 19; 12; 27; 22
7,75,0.25486,0.09333,7; 3; 7; 75; 9; 26; 26; 20
20,53,0.37446,0.37736,3; 10; 20; 53; 32; 9; 29; 13
32,36,0.89265,0.88889,15; 6; 32; 36; 9; 7; 17; 27
23,31,0.79886,0.74194,14; 16; 23; 31; 3; 4; 21; 14
19,30,0.64543,0.63333,10; 22; 19; 30; 8; 22; 13; 21
11,26,0.42579,0.42308,29; 16; 11; 26; 21; 31; 13; 13
16,23,0.70272,0.69565,8; 25; 16; 23; 4; 19; 19; 10
11,69,0.23676,0.15942,3; 3; 11; 69; 11; 24; 9; 16
31,49,0.62239,0.63265,9; 4; 31; 49; 18; 11; 19; 8
21,53,0.38522,0.39623,3; 8; 21; 53; 25; 31; 7; 13
16,31,0.50387,0.51613,15; 7; 16; 31; 7; 20; 14; 20
17,43,0.43102,0.39535,3; 18; 17; 43; 25; 23; 22; 16
21,30,0.71359,0.7,17; 5; 21; 30; 8; 12; 20; 24
14,19,0.76693,0.73684,16; 24; 14; 19; 11; 16; 23; 14
7,77,0.24757,0.09091,4; 3; 7; 77; 9; 11; 15; 32
20,28,0.75373,0.71429,4; 20; 20; 28; 8; 24; 21; 27
18,62,0.31263,0.29032,4; 5; 18; 62; 32; 19; 17; 17
14,48,0.30862,0.29167,4; 11; 14; 48; 31; 9; 6; 6
31,40,0.74982,0.775,4; 3; 31; 40; 31; 5; 16; 26
7,76,0.24046,0.09211,3; 6; 7; 76; 14; 13; 17; 12
7,80,0.26058,0.0875,4; 3; 7; 80; 4; 12; 7; 32
5,13,0.52408,0.38462,3; 20; 5; 13; 15; 25; 32; 3
25,40,0.61522,0.625,5; 8; 25; 40; 14; 13; 22; 8
25,28,0.8852,0.89286,16; 4; 25; 28; 6; 7; 16; 16
31,44,0.68969,0.70455,5; 11; 31; 44; 14; 9; 31; 28
7,9,0.72184,0.77778,12; 24; 7; 9; 13; 23; 23; 26
16,40,0.43265,0.4,14; 13; 16; 40; 3; 28; 31; 7
14,33,0.4728,0.42424,12; 22; 14; 33; 5; 19; 31; 23
9,34,0.27822,0.26471,21; 15; 9; 34; 17; 32; 24; 12
14,35,0.4311,0.4,23; 15; 14; 35; 9; 19; 15; 25
5,48,0.24893,0.10417,11; 6; 5; 48; 20; 12; 13; 26
17,59,0.29796,0.28814,9; 5; 17; 59; 4; 23; 8; 3
19,48,0.42452,0.39583,3; 5; 19; 48; 4; 20; 17; 15
25,59,0.42727,0.42373,4; 4; 25; 59; 8; 8; 26; 14
29,41,0.72687,0.70732,13; 12; 29; 41; 16; 26; 15; 9
14,27,0.47273,0.51852,28; 11; 14; 27; 20; 30; 24; 3
20,53,0.3953,0.37736,11; 6; 20; 53; 18; 30; 28; 14
31,49,0.60068,0.63265,3; 9; 31; 49; 27; 13; 5; 29
12,76,0.22266,0.15789,5; 4; 12; 76; 3; 14; 17; 3
15,39,0.39623,0.38462,12; 8; 15; 39; 13; 10; 23; 19
18,23,0.87118,0.78261,20; 17; 18; 23; 32; 18; 25; 7
23,44,0.5368,0.52273,8; 6; 23; 44; 8; 32; 4; 24
10,64,0.23536,0.15625,11; 6; 10; 64; 16; 32; 11; 25
25,32,0.77641,0.78125,3; 6; 25; 32; 19; 15; 18; 29
6,23,0.33059,0.26087,13; 25; 6; 23; 16; 27; 6; 32
16,23,0.67458,0.69565,5; 6; 16; 23; 15; 16; 15; 4
12,19,0.70982,0.63158,12; 6; 12; 19; 8; 17; 24; 27
12,61,0.23874,0.19672,9; 7; 12; 61; 4; 3; 15; 30
32,41,0.77505,0.78049,10; 6; 32; 41; 21; 12; 27; 12
32,46,0.68488,0.69565,4; 3; 32; 46; 14; 32; 5; 31
39,50,0.7681,0.78,3; 3; 39; 50; 10; 31; 12; 29
5,54,0.27137,0.09259,9; 10; 5; 54; 7; 22; 29; 28
12,23,0.56445,0.52174,23; 28; 12; 23; 9; 15; 27; 10
6,66,0.24132,0.09091,7; 5; 6; 66; 5; 18; 30; 10
7,45,0.22975,0.15556,7; 18; 7; 45; 24; 3; 27; 27
28,36,0.75811,0.77778,7; 10; 28; 36; 29; 25; 3; 25
6,65,0.19913,0.09231,9; 9; 6; 65; 11; 15; 11; 25
23,33,0.66036,0.69697,18; 18; 23; 33; 4; 6; 14; 28
25,65,0.41123,0.38462,3; 3; 25; 65; 9; 23; 27; 24
32,36,0.89711,0.88889,14; 14; 32; 36; 30; 17; 5; 11
20,68,0.31297,0.29412,3; 4; 20; 68; 27; 4; 23; 23
21,55,0.39552,0.38182,6; 3; 21; 55; 15; 13; 17; 23
27,55,0.47164,0.49091,3; 8; 27; 55; 27; 9; 20; 7
11,71,0.2483,0.15493,4; 4; 11; 71; 32; 26; 21; 17
28,54,0.52769,0.51852,8; 6; 28; 54; 9; 21; 3; 10
21,59,0.38079,0.35593,5; 3; 21; 59; 26; 7; 8; 27
7,80,0.29139,0.0875,4; 3; 7; 80; 26; 23; 8; 12
20,50,0.42109,0.4,14; 3; 20; 50; 17; 22; 21; 10
8,50,0.20542,0.16,4; 14; 8; 50; 25; 23; 8; 24
10,66,0.24848,0.15152,5; 5; 10; 66; 5; 14; 17; 29
17,23,0.79662,0.73913,5; 16; 17; 23; 20; 16; 10; 22
6,60,0.2138,0.1,10; 4; 6; 60; 18; 25; 11; 11
32,45,0.70717,0.71111,10; 8; 32; 45; 8; 11; 18; 25
8,19,0.35218,0.42105,25; 22; 8; 19; 6; 29; 21; 26
23,55,0.40749,0.41818,6; 10; 23; 55; 32; 18; 18; 14
11,68,0.2103,0.16176,6; 4; 11; 68; 18; 10; 24; 9
5,25,0.28561,0.2,5; 17; 5; 25; 30; 7; 29; 11
14,18,0.7991,0.77778,22; 6; 14; 18; 24; 18; 29; 8
16,18,0.82947,0.88889,3; 7; 16; 18; 3; 4; 8; 11
21,58,0.37617,0.36207,6; 8; 21; 58; 9; 27; 12; 31
26,41,0.60416,0.63415,12; 15; 26; 41; 14; 27; 25; 16
18,23,0.87516,0.78261,8; 4; 18; 23; 10; 28; 13; 30
19,39,0.53038,0.48718,10; 10; 19; 39; 15; 24; 31; 20
7,82,0.28168,0.08537,4; 3; 7; 82; 23; 4; 10; 5
32,45,0.73053,0.71111,3; 4; 32; 45; 18; 6; 18; 23
25,28,0.89918,0.89286,17; 15; 25; 28; 3; 25; 19; 16
6,66,0.16969,0.09091,3; 12; 6; 66; 18; 13; 30; 6
5,50,0.22293,0.1,14; 19; 5; 50; 25; 23; 12; 14
13,36,0.39428,0.36111,22; 22; 13; 36; 21; 7; 18; 16
8,54,0.24044,0.14815,6; 13; 8; 54; 5; 26; 13; 8
14,18,0.90958,0.77778,8; 32; 14; 18; 20; 18; 15; 11
21,59,0.34808,0.35593,6; 7; 21; 59; 6; 6; 20; 12
19,66,0.29005,0.28788,5; 5; 19; 66; 14; 17; 30; 7
16,23,0.76157,0.69565,18; 17; 16; 23; 9; 29; 14; 19
37,53,0.70037,0.69811,3; 3; 37; 53; 20; 16; 14; 9
18,68,0.2867,0.26471,6; 5; 18; 68; 22; 21; 5; 3
25,34,0.68149,0.73529,15; 10; 25; 34; 21; 23; 21; 31
12,60,0.22763,0.2,10; 7; 12; 60; 8; 26; 25; 5
8,41,0.22009,0.19512,5; 11; 8; 41; 23; 32; 7; 5
29,41,0.66681,0.70732,7; 13; 29; 41; 18; 6; 32; 18
35,47,0.73989,0.74468,7; 6; 35; 47; 26; 4; 29; 27
9,56,0.18073,0.16071,7; 3; 9; 56; 16; 30; 17; 8
15,58,0.28614,0.25862,11; 11; 15; 58; 4; 27; 8; 21
10,28,0.34164,0.35714,18; 13; 10; 28; 30; 8; 26; 32
24,57,0.42463,0.42105,5; 7; 24; 57; 9; 29; 24; 23
9,24,0.32548,0.375,4; 23; 9; 24; 25; 5; 15; 4
41,46,0.86537,0.8913,4; 3; 41; 46; 18; 19; 28; 13
7,69,0.20731,0.10145,6; 6; 7; 69; 3; 27; 19; 3
11,69,0.19742,0.15942,3; 8; 11; 69; 11; 31; 17; 6
12,47,0.28384,0.25532,4; 11; 12; 47; 24; 32; 5; 26
7,68,0.19339,0.10294,5; 4; 7; 68; 15; 13; 7; 20
10,34,0.30983,0.29412,9; 18; 10; 34; 32; 21; 11; 30
32,41,0.77854,0.78049,12; 10; 32; 41; 8; 3; 31; 28
31,40,0.76139,0.775,9; 3; 31; 40; 20; 13; 26; 18
29,41,0.6904,0.70732,8; 6; 29; 41; 5; 15; 21; 23
25,62,0.436,0.40323,5; 4; 25; 62; 8; 21; 21; 4
10,34,0.27626,0.29412,7; 22; 10; 34; 21; 11; 22; 22
10,67,0.2372,0.14925,6; 6; 10; 67; 28; 27; 14; 24
17,23,0.86989,0.73913,13; 27; 17; 23; 5; 6; 4; 18
18,69,0.26834,0.26087,3; 5; 18; 69; 13; 25; 14; 27
5,33,0.13153,0.15152,19; 13; 5; 33; 8; 14; 21; 22
11,72,0.20759,0.15278,4; 4; 11; 72; 32; 8; 10; 7
34,48,0.71006,0.70833,7; 7; 34; 48; 10; 9; 24; 21
37,50,0.72306,0.74,4; 5; 37; 50; 18; 5; 22; 9
5,7,0.80944,0.71429,18; 34; 5; 7; 16; 25; 30; 11
5,58,0.2122,0.08621,4; 5; 5; 58; 12; 32; 9; 31
7,70,0.21799,0.1,7; 10; 7; 70; 27; 19; 22; 4
10,68,0.22286,0.14706,9; 10; 10; 68; 16; 19; 29; 20
8,41,0.30908,0.19512,15; 21; 8; 41; 14; 13; 5; 26
25,51,0.48615,0.4902,3; 6; 25; 51; 10; 13; 28; 6
7,70,0.24191,0.1,5; 4; 7; 70; 16; 8; 12; 30
15,24,0.68385,0.625,28; 27; 15; 24; 25; 24; 10; 10
11,73,0.24099,0.15068,4; 4; 11; 73; 22; 6; 19; 3
11,73,0.23254,0.15068,3; 4; 11; 73; 27; 4; 26; 25
7,80,0.19419,0.0875,5; 5; 7; 80; 18; 16; 18; 23
8,78,0.21962,0.10256,3; 4; 8; 78; 16; 29; 23; 27
13,64,0.23262,0.20312,7; 4; 13; 64; 22; 8; 6; 25
36,46,0.73624,0.78261,7; 3; 36; 46; 29; 23; 13; 3
42,47,0.92194,0.89362,3; 3; 42; 47; 30; 13; 28; 5
11,29,0.37172,0.37931,12; 23; 11; 29; 5; 7; 12; 11
19,50,0.36539,0.38,11; 7; 19; 50; 19; 14; 20; 8
25,59,0.45631,0.42373,6; 3; 25; 59; 18; 27; 8; 7
17,24,0.75539,0.70833,6; 5; 17; 24; 12; 20; 9; 14
19,45,0.41898,0.42222,6; 17; 19; 45; 9; 13; 10; 3
7,47,0.24771,0.14894,5; 5; 7; 47; 30; 26; 25; 4
11,26,0.38978,0.42308,20; 14; 11; 26; 8; 26; 21; 31
9,46,0.2689,0.19565,19; 4; 9; 46; 14; 6; 9; 24
21,50,0.39545,0.42,4; 13; 21; 50; 13; 3; 17; 17
9,45,0.26536,0.2,8; 6; 9; 45; 28; 28; 17; 18
34,54,0.62108,0.62963,3; 4; 34; 54; 15; 6; 21; 18
21,53,0.3783,0.39623,9; 9; 21; 53; 14; 6; 31; 17
36,46,0.77491,0.78261,8; 3; 36; 46; 13; 11; 5; 10
8,28,0.23289,0.28571,17; 16; 8; 28; 15; 25; 4; 5
10,64,0.24506,0.15625,7; 6; 10; 64; 10; 18; 7; 15
5,34,0.29161,0.14706,27; 12; 5; 34; 24; 18; 11; 4
5,34,0.22597,0.14706,26; 26; 5; 34; 14; 15; 23; 21
6,16,0.40679,0.375,11; 7; 6; 16; 27; 18; 18; 28
12,41,0.34475,0.29268,13; 14; 12; 41; 12; 15; 10; 21
18,23,0.85637,0.78261,3; 6; 18; 23; 3; 11; 9; 27
7,48,0.26347,0.14583,7; 3; 7; 48; 12; 8; 15; 13
10,61,0.24364,0.16393,11; 12; 10; 61; 15; 30; 20; 23
6,60,0.20343,0.1,4; 15; 6; 60; 15; 25; 24; 19
40,45,0.87443,0.88889,5; 5; 40; 45; 6; 12; 19; 19
29,37,0.7886,0.78378,9; 13; 29; 37; 30; 7; 31; 16
29,39,0.69724,0.74359,7; 10; 29; 39; 27; 4; 30; 26
8,31,0.22339,0.25806,23; 18; 8; 31; 14; 22; 28; 16
22,58,0.36258,0.37931,4; 9; 22; 58; 16; 4; 32; 21
41,46,0.88926,0.8913,5; 5; 41; 46; 5; 18; 15; 14
32,36,0.90344,0.88889,6; 12; 32; 36; 12; 24; 31; 23
25,48,0.50511,0.52083,9; 8; 25; 48; 4; 26; 13; 21
5,14,0.42441,0.35714,36; 30; 5; 14; 24; 27; 4; 17
12,47,0.28199,0.25532,14; 4; 12; 47; 29; 9; 10; 9
33,47,0.68647,0.70213,6; 3; 33; 47; 7; 12; 9; 12
5,50,0.23384,0.1,19; 13; 5; 50; 26; 17; 15; 19
6,68,0.1901,0.08824,8; 5; 6; 68; 22; 26; 26; 13
25,35,0.71016,0.71429,15; 12; 25; 35; 27; 8; 20; 19
6,30,0.20835,0.2,30; 16; 6; 30; 25; 22; 19; 11
23,33,0.68019,0.69697,19; 18; 23; 33; 32; 28; 10; 17
6,30,0.29987,0.2,20; 25; 6; 30; 21; 14; 16; 11
10,16,0.61792,0.625,29; 21; 10; 16; 23; 31; 6; 6
15,57,0.26972,0.26316,3; 11; 15; 57; 12; 8; 23; 8
20,52,0.39599,0.38462,11; 11; 20; 52; 28; 6; 20; 25
34,46,0.71179,0.73913,8; 7; 34; 46; 9; 3; 10; 5
27,55,0.50738,0.49091,5; 7; 27; 55; 29; 6; 20; 15
5,52,0.22287,0.09615,20; 7; 5; 52; 8; 18; 4; 18
18,47,0.38002,0.38298,10; 7; 18; 47; 7; 13; 13; 21
7,35,0.28555,0.2,7; 21; 7; 35; 26; 10; 21; 11
15,58,0.28813,0.25862,12; 3; 15; 58; 28; 19; 7; 30
14,33,0.451,0.42424,3; 6; 14; 33; 27; 22; 12; 13
21,55,0.38229,0.38182,5; 8; 21; 55; 27; 18; 21; 4
35,49,0.70332,0.71429,6; 6; 35; 49; 28; 6; 12; 15
7,35,0.23985,0.2,8; 28; 7; 35; 27; 9; 7; 11
10,26,0.37032,0.38462,22; 16; 10; 26; 24; 26; 31; 12
5,7,0.59699,0.71429,37; 21; 5; 7; 30; 13; 30; 17
8,77,0.22273,0.1039,4; 4; 8; 77; 5; 5; 17; 26
34,46,0.72582,0.73913,3; 5; 34; 46; 3; 16; 19; 8
11,21,0.54937,0.52381,13; 32; 11; 21; 8; 27; 25; 17
11,55,0.24832,0.2,10; 4; 11; 55; 25; 4; 23; 30
19,39,0.51709,0.48718,13; 8; 19; 39; 22; 15; 7; 3
24,46,0.53161,0.52174,5; 6; 24; 46; 5; 21; 6; 28
8,21,0.37714,0.38095,25; 28; 8; 21; 16; 6; 16; 23
33,47,0.69133,0.70213,4; 6; 33; 47; 9; 20; 27; 7
30,58,0.53733,0.51724,4; 4; 30; 58; 24; 23; 3; 27
6,65,0.21691,0.09231,11; 6; 6; 65; 11; 4; 3; 21
18,43,0.43654,0.4186,18; 3; 18; 43; 5; 20; 13; 13
8,78,0.22776,0.10256,6; 3; 8; 78; 16; 16; 30; 22
18,50,0.37304,0.36,6; 3; 18; 50; 10; 26; 6; 14
8,52,0.21957,0.15385,18; 17; 8; 52; 8; 6; 14; 10
19,66,0.29652,0.28788,3; 4; 19; 66; 27; 26; 18; 7
5,34,0.25428,0.14706,9; 13; 5; 34; 6; 6; 30; 24
19,65,0.32187,0.29231,4; 3; 19; 65; 30; 12; 10; 3
8,19,0.35229,0.42105,8; 21; 8; 19; 20; 29; 11; 9
7,71,0.17508,0.09859,5; 7; 7; 71; 16; 19; 14; 5
17,35,0.46026,0.48571,7; 23; 17; 35; 28; 22; 14; 10
21,30,0.7306,0.7,3; 14; 21; 30; 15; 9; 14; 25
5,51,0.26147,0.09804,4; 5; 5; 51; 28; 21; 5; 5
39,44,0.89205,0.88636,4; 7; 39; 44; 3; 17; 10; 24
21,43,0.52468,0.48837,4; 16; 21; 43; 13; 4; 28; 15
9,25,0.35291,0.36,9; 16; 9; 25; 19; 11; 27; 5
8,21,0.44247,0.38095,11; 31; 8; 21; 27; 10; 11; 19
15,42,0.3491,0.35714,8; 19; 15; 42; 16; 10; 8; 3
21,56,0.38982,0.375,10; 8; 21; 56; 19; 24; 5; 17
15,58,0.29739,0.25862,4; 11; 15; 58; 5; 5; 8; 7
31,42,0.71937,0.7381,9; 9; 31; 42; 14; 32; 15; 7
28,38,0.72129,0.73684,14; 12; 28; 38; 31; 15; 17; 28
30,48,0.59892,0.625,7; 3; 30; 48; 10; 21; 16; 3
17,45,0.39655,0.37778,13; 8; 17; 45; 30; 13; 29; 4
8,79,0.24897,0.10127,4; 3; 8; 79; 18; 27; 21; 19
20,52,0.3795,0.38462,12; 6; 20; 52; 27; 32; 23; 11
12,41,0.34456,0.29268,14; 19; 12; 41; 20; 13; 32; 15
22,61,0.4008,0.36066,3; 6; 22; 61; 31; 7; 8; 12
15,58,0.27036,0.25862,6; 6; 15; 58; 25; 19; 10; 19
18,62,0.28536,0.29032,5; 4; 18; 62; 14; 31; 10; 20
12,30,0.38137,0.4,4; 22; 12; 30; 7; 32; 13; 13
7,35,0.2098,0.2,21; 19; 7; 35; 4; 18; 17; 6
29,41,0.71135,0.70732,6; 8; 29; 41; 10; 31; 17; 5
7,82,0.21998,0.08537,4; 3; 7; 82; 7; 23; 32; 15
20,56,0.35926,0.35714,9; 6; 20; 56; 19; 19; 5; 12
18,23,0.8321,0.78261,13; 7; 18; 23; 16; 14; 8; 8
24,57,0.43719,0.42105,5; 3; 24; 57; 3; 7; 24; 5
6,30,0.22533,0.2,16; 22; 6; 30; 9; 30; 11; 32
34,48,0.68888,0.70833,5; 3; 34; 48; 17; 11; 9; 20
27,52,0.53066,0.51923,5; 7; 27; 52; 3; 19; 19; 15
8,77,0.22122,0.1039,6; 4; 8; 77; 14; 5; 25; 4
6,69,0.25432,0.08696,11; 6; 6; 69; 23; 21; 4; 23
24,57,0.40668,0.42105,3; 7; 24; 57; 5; 27; 32; 7
27,43,0.64096,0.62791,4; 8; 27; 43; 31; 9; 7; 17
9,46,0.25606,0.19565,13; 8; 9; 46; 4; 23; 15; 8
35,50,0.69561,0.7,4; 4; 35; 50; 31; 13; 13; 11
11,70,0.20348,0.15714,8; 8; 11; 70; 30; 20; 32; 4
11,74,0.22173,0.14865,6; 4; 11; 74; 9; 30; 7; 9
7,27,0.29858,0.25926,12; 21; 7; 27; 18; 14; 18; 14
7,79,0.20771,0.08861,6; 4; 7; 79; 27; 25; 3; 21
33,52,0.62922,0.63462,6; 5; 33; 52; 17; 6; 22; 25
36,51,0.65992,0.70588,4; 4; 36; 51; 15; 26; 27; 10
32,46,0.68837,0.69565,7; 7; 32; 46; 29; 6; 10; 12
22,42,0.55093,0.52381,9; 10; 22; 42; 30; 23; 8; 7
7,77,0.22651,0.09091,3; 4; 7; 77; 15; 20; 26; 8
23,57,0.41041,0.40351,6; 7; 23; 57; 26; 24; 9; 30
25,34,0.72373,0.73529,19; 14; 25; 34; 30; 21; 26; 4
23,31,0.73972,0.74194,15; 18; 23; 31; 31; 15; 18; 26
8,20,0.40424,0.4,24; 11; 8; 20; 15; 12; 27; 32
7,81,0.25445,0.08642,5; 5; 7; 81; 29; 19; 27; 13
24,34,0.67504,0.70588,18; 20; 24; 34; 27; 13; 7; 7
21,55,0.37081,0.38182,3; 6; 21; 55; 17; 7; 13; 20
7,77,0.20999,0.09091,3; 5; 7; 77; 7; 17; 18; 17
11,75,0.25505,0.14667,5; 6; 11; 75; 18; 5; 11; 22
13,66,0.2409,0.19697,5; 6; 13; 66; 15; 17; 26; 4
12,47,0.2626,0.25532,10; 19; 12; 47; 19; 18; 25; 14
36,51,0.69487,0.70588,3; 5; 36; 51; 29; 12; 10; 3
7,44,0.24455,0.15909,9; 9; 7; 44; 4; 28; 30; 17
7,77,0.22352,0.09091,7; 5; 7; 77; 10; 6; 19; 28
11,21,0.52103,0.52381,24; 7; 11; 21; 28; 4; 19; 5
8,28,0.23691,0.28571,4; 17; 8; 28; 26; 12; 12; 17
35,50,0.69644,0.7,6; 5; 35; 50; 10; 14; 25; 28
17,45,0.3852,0.37778,12; 6; 17; 45; 5; 7; 29; 17
10,64,0.22025,0.15625,4; 11; 10; 64; 31; 5; 31; 3
11,75,0.24473,0.14667,4; 3; 11; 75; 3; 24; 26; 5
20,69,0.30995,0.28986,3; 3; 20; 69; 11; 32; 3; 29
6,61,0.24299,0.09836,13; 6; 6; 61; 26; 23; 9; 28
7,73,0.24943,0.09589,9; 7; 7; 73; 18; 26; 24; 9
14,20,0.68103,0.7,17; 26; 14; 20; 26; 4; 13; 24
10,14,0.76445,0.71429,13; 32; 10; 14; 12; 15; 3; 11
14,39,0.34319,0.35897,20; 8; 14; 39; 26; 21; 14; 12
23,33,0.72982,0.69697,13; 6; 23; 33; 26; 16; 14; 11
16,23,0.76341,0.69565,25; 22; 16; 23; 9; 20; 19; 31
15,51,0.2991,0.29412,9; 8; 15; 51; 22; 21; 26; 25
8,20,0.3966,0.4,9; 22; 8; 20; 3; 31; 27; 9
13,36,0.36969,0.36111,7; 12; 13; 36; 27; 13; 5; 20
7,77,0.24875,0.09091,7; 4; 7; 77; 8; 31; 28; 7
24,46,0.53494,0.52174,9; 7; 24; 46; 13; 4; 3; 30
7,77,0.2516,0.09091,7; 3; 7; 77; 24; 17; 17; 28
12,75,0.22749,0.16,4; 3; 12; 75; 6; 31; 12; 7
6,21,0.23486,0.28571,3; 29; 6; 21; 7; 27; 25; 21
13,45,0.29695,0.28889,18; 12; 13; 45; 25; 20; 16; 14
14,33,0.43396,0.42424,17; 3; 14; 33; 30; 23; 10; 17
24,60,0.4055,0.4,5; 7; 24; 60; 16; 25; 20; 17
16,62,0.26271,0.25806,3; 5; 16; 62; 24; 32; 8; 18
21,53,0.44155,0.39623,3; 4; 21; 53; 20; 4; 18; 7
29,37,0.78215,0.78378,12; 7; 29; 37; 31; 13; 14; 11
13,25,0.5234,0.52,17; 27; 13; 25; 22; 20; 10; 25
9,34,0.24487,0.26471,27; 4; 9; 34; 25; 32; 7; 32
19,39,0.47072,0.48718,19; 13; 19; 39; 19; 19; 11; 14
22,35,0.62537,0.62857,8; 20; 22; 35; 32; 5; 22; 11
31,49,0.63041,0.63265,4; 6; 31; 49; 10; 25; 8; 15
25,28,0.91889,0.89286,13; 3; 25; 28; 19; 23; 7; 22
12,76,0.25609,0.15789,3; 5; 12; 76; 13; 31; 19; 32
19,30,0.6071,0.63333,9; 17; 19; 30; 25; 4; 17; 10
6,38,0.23446,0.15789,12; 8; 6; 38; 22; 4; 28; 13
10,34,0.29834,0.29412,24; 16; 10; 34; 4; 24; 16; 3
31,49,0.63405,0.63265,4; 8; 31; 49; 23; 22; 10; 6
7,68,0.2112,0.10294,7; 5; 7; 68; 21; 8; 30; 20
6,38,0.29775,0.15789,13; 6; 6; 38; 5; 26; 5; 24
23,58,0.39949,0.39655,7; 6; 23; 58; 15; 13; 7; 9
15,21,0.78323,0.71429,23; 26; 15; 21; 28; 16; 26; 9
25,60,0.4214,0.41667,4; 6; 25; 60; 7; 5; 7; 7
24,49,0.51475,0.4898,7; 10; 24; 49; 3; 12; 20; 25
19,39,0.51388,0.48718,7; 16; 19; 39; 14; 28; 20; 3
14,20,0.74904,0.7,14; 15; 14; 20; 26; 11; 29; 20
24,49,0.47589,0.4898,6; 5; 24; 49; 29; 9; 19; 24
20,50,0.40926,0.4,9; 11; 20; 50; 17; 29; 21; 22
15,29,0.48932,0.51724,7; 21; 15; 29; 32; 21; 28; 11
6,68,0.22027,0.08824,9; 5; 6; 68; 26; 10; 19; 31
14,39,0.37124,0.35897,10; 7; 14; 39; 18; 29; 7; 19
11,73,0.24047,0.15068,7; 3; 11; 73; 5; 17; 16; 15
10,34,0.30164,0.29412,27; 4; 10; 34; 6; 11; 11; 7
21,52,0.41273,0.40385,4; 11; 21; 52; 10; 14; 29; 17
21,55,0.37366,0.38182,9; 8; 21; 55; 20; 17; 3; 26
23,64,0.36599,0.35938,5; 3; 23; 64; 20; 23; 20; 23
18,69,0.27964,0.26087,5; 4; 18; 69; 8; 15; 22; 30
18,63,0.25752,0.28571,3; 3; 18; 63; 24; 17; 7; 13
11,72,0.23925,0.15278,5; 6; 11; 72; 5; 29; 23; 13
15,36,0.39207,0.41667,9; 8; 15; 36; 4; 17; 3; 25
14,69,0.20371,0.2029,7; 7; 14; 69; 31; 10; 14; 12
20,32,0.58416,0.625,21; 20; 20; 32; 10; 3; 4; 13
6,67,0.24108,0.08955,6; 5; 6; 67; 11; 13; 18; 30
7,71,0.18042,0.09859,5; 7; 7; 71; 25; 6; 24; 29
25,51,0.51263,0.4902,5; 11; 25; 51; 21; 28; 30; 8
7,68,0.18674,0.10294,11; 8; 7; 68; 4; 26; 7; 8
12,42,0.3327,0.28571,8; 19; 12; 42; 6; 3; 29; 11
12,19,0.61481,0.63158,5; 16; 12; 19; 14; 3; 16; 16
11,21,0.49588,0.52381,23; 20; 11; 21; 6; 21; 18; 25
42,47,0.87792,0.89362,4; 4; 42; 47; 10; 20; 30; 15
7,70,0.23875,0.1,5; 3; 7; 70; 13; 27; 14; 15
18,50,0.33114,0.36,4; 5; 18; 50; 10; 13; 6; 29
5,31,0.25786,0.16129,28; 5; 5; 31; 23; 3; 32; 26
28,54,0.5089,0.51852,6; 4; 28; 54; 27; 19; 3; 23
21,55,0.37051,0.38182,6; 4; 21; 55; 12; 25; 10; 18
11,68,0.21497,0.16176,9; 6; 11; 68; 28; 15; 26; 20
20,27,0.75832,0.74074,12; 5; 20; 27; 27; 21; 8; 16
16,23,0.71864,0.69565,17; 26; 16; 23; 24; 22; 7; 4
36,46,0.72735,0.78261,5; 8; 36; 46; 9; 8; 26; 11
22,45,0.52718,0.48889,3; 5; 22; 45; 19; 6; 6; 4
5,14,0.38624,0.35714,26; 3; 5; 14; 8; 31; 9; 5
16,44,0.32479,0.36364,9; 4; 16; 44; 28; 14; 23; 7
13,25,0.50504,0.52,18; 11; 13; 25; 20; 6; 19; 25
25,63,0.38289,0.39683,4; 5; 25; 63; 14; 16; 19; 14
10,28,0.33902,0.35714,23; 16; 10; 28; 27; 9; 26; 15
11,67,0.25214,0.16418,8; 9; 11; 67; 4; 6; 4; 30
9,34,0.32215,0.26471,7; 15; 9; 34; 12; 31; 11; 25
7,35,0.24201,0.2,22; 4; 7; 35; 5; 22; 11; 5
22,45,0.51609,0.48889,5; 8; 22; 45; 14; 22; 21; 29
23,47,0.49565,0.48936,13; 8; 23; 47; 20; 21; 29; 11
29,37,0.79411,0.78378,4; 12; 29; 37; 30; 7; 8; 12
10,25,0.34332,0.4,10; 30; 10; 25; 32; 29; 19; 13
10,35,0.31915,0.28571,16; 23; 10; 35; 18; 4; 27; 14
20,32,0.61112,0.625,4; 6; 20; 32; 23; 26; 30; 10
12,75,0.23593,0.16,4; 4; 12; 75; 17; 3; 4; 23
7,80,0.23917,0.0875,5; 5; 7; 80; 24; 13; 12; 31
14,18,0.79489,0.77778,17; 6; 14; 18; 15; 31; 20; 6
24,63,0.39446,0.38095,3; 3; 24; 63; 16; 29; 19; 4
12,30,0.46983,0.4,10; 19; 12; 30; 4; 9; 19; 21
29,59,0.48367,0.49153,5; 3; 29; 59; 4; 3; 9; 28
24,46,0.53898,0.52174,3; 14; 24; 46; 17; 5; 27; 29
14,33,0.3796,0.42424,23; 13; 14; 33; 3; 22; 21; 28
12,41,0.30767,0.29268,16; 8; 12; 41; 23; 3; 9; 31
17,23,0.71849,0.73913,4; 12; 17; 23; 21; 23; 28; 25
6,60,0.20999,0.1,8; 7; 6; 60; 15; 11; 7; 24
14,37,0.40785,0.37838,23; 10; 14; 37; 7; 19; 9; 31
12,41,0.27421,0.29268,22; 4; 12; 41; 12; 20; 21; 32
18,43,0.42996,0.4186,5; 11; 18; 43; 16; 16; 14; 5
6,59,0.20478,0.10169,13; 4; 6; 59; 14; 12; 17; 12
6,66,0.22635,0.09091,5; 7; 6; 66; 29; 9; 15; 27
11,55,0.25814,0.2,13; 11; 11; 55; 25; 17; 6; 25
24,49,0.46815,0.4898,11; 3; 24; 49; 6; 23; 25; 27
14,54,0.28119,0.25926,9; 3; 14; 54; 14; 30; 9; 18
10,16,0.62425,0.625,33; 32; 10; 16; 17; 4; 11; 4
28,38,0.71936,0.73684,11; 8; 28; 38; 9; 23; 14; 17
9,46,0.25304,0.19565,3; 9; 9; 46; 15; 13; 23; 32
28,38,0.7193,0.73684,16; 5; 28; 38; 15; 26; 17; 32
14,53,0.28739,0.26415,10; 12; 14; 53; 29; 19; 8; 17
7,68,0.19932,0.10294,11; 10; 7; 68; 4; 28; 31; 30
7,69,0.24319,0.10145,8; 8; 7; 69; 6; 23; 17; 22
17,45,0.38273,0.37778,9; 12; 17; 45; 10; 9; 6; 3
29,46,0.60879,0.63043,5; 7; 29; 46; 19; 14; 22; 7
12,47,0.27386,0.25532,10; 11; 12; 47; 13; 15; 15; 25
11,43,0.29411,0.25581,6; 15; 11; 43; 11; 6; 5; 17
23,60,0.38601,0.38333,7; 4; 23; 60; 20; 18; 19; 21
8,19,0.45058,0.42105,20; 30; 8; 19; 15; 22; 18; 25
7,82,0.23105,0.08537,3; 3; 7; 82; 7; 31; 23; 6
11,68,0.22351,0.16176,3; 7; 11; 68; 30; 8; 29; 10
24,34,0.67683,0.70588,11; 5; 24; 34; 4; 32; 7; 18
6,69,0.22906,0.08696,11; 5; 6; 69; 13; 16; 8; 10
18,69,0.27959,0.26087,4; 5; 18; 69; 25; 32; 15; 22
17,24,0.78476,0.70833,20; 3; 17; 24; 3; 7; 32; 18
8,78,0.22599,0.10256,4; 4; 8; 78; 31; 14; 27; 18
14,18,0.82495,0.77778,7; 13; 14; 18; 31; 15; 11; 11
6,21,0.44013,0.28571,23; 23; 6; 21; 3; 32; 24; 28
24,66,0.35763,0.36364,4; 4; 24; 66; 5; 20; 23; 9
30,42,0.69392,0.71429,13; 3; 30; 42; 29; 17; 3; 20
29,56,0.52815,0.51786,3; 5; 29; 56; 22; 26; 19; 11
40,45,0.88927,0.88889,3; 6; 40; 45; 31; 6; 13; 23
22,31,0.75421,0.70968,12; 5; 22; 31; 9; 22; 7; 26
23,60,0.40895,0.38333,7; 6; 23; 60; 8; 15; 12; 15
22,52,0.43191,0.42308,10; 11; 22; 52; 13; 24; 17; 12
10,51,0.27263,0.19608,3; 13; 10; 51; 6; 11; 12; 8
6,67,0.22635,0.08955,5; 3; 6; 67; 23; 25; 22; 26
18,23,0.80332,0.78261,22; 20; 18; 23; 5; 13; 28; 24
17,23,0.7557,0.73913,4; 11; 17; 23; 28; 13; 15; 11
14,18,0.84416,0.77778,19; 7; 14; 18; 25; 3; 3; 27
31,44,0.68297,0.70455,7; 11; 31; 44; 28; 9; 26; 23
11,75,0.24187,0.14667,5; 3; 11; 75; 7; 18; 4; 5
31,40,0.75246,0.775,6; 9; 31; 40; 3; 8; 19; 12
25,59,0.45173,0.42373,6; 6; 25; 59; 27; 28; 19; 6
13,65,0.24237,0.2,8; 6; 13; 65; 21; 26; 6; 4
10,65,0.25753,0.15385,5; 6; 10; 65; 6; 11; 29; 8
7,10,0.70147,0.7,3; 11; 7; 10; 17; 29; 4; 21
17,47,0.3878,0.3617,10; 13; 17; 47; 18; 11; 30; 17
31,44,0.69649,0.70455,8; 11; 31; 44; 19; 21; 25; 5
30,58,0.52372,0.51724,3; 3; 30; 58; 14; 9; 15; 11
28,57,0.48611,0.49123,3; 3; 28; 57; 16; 9; 11; 12
5,25,0.221,0.2,23; 12; 5; 25; 30; 13; 22; 6
16,44,0.33734,0.36364,17; 8; 16; 44; 22; 22; 12; 32
7,24,0.267,0.29167,33; 25; 7; 24; 3; 26; 7; 28
5,56,0.20547,0.08929,7; 14; 5; 56; 4; 18; 5; 9
21,27,0.84235,0.77778,18; 3; 21; 27; 17; 23; 7; 8
5,55,0.2296,0.09091,12; 19; 5; 55; 24; 32; 16; 21
17,58,0.29346,0.2931,3; 4; 17; 58; 4; 14; 3; 32
16,56,0.30749,0.28571,4; 8; 16; 56; 22; 27; 30; 8
16,45,0.3477,0.35556,4; 14; 16; 45; 11; 10; 16; 22
33,47,0.69343,0.70213,3; 3; 33; 47; 26; 5; 6; 9
24,27,0.92189,0.88889,12; 8; 24; 27; 32; 6; 6; 31
32,41,0.80244,0.78049,10; 4; 32; 41; 20; 3; 13; 28
6,23,0.30075,0.26087,21; 20; 6; 23; 9; 20; 5; 13
26,35,0.73772,0.74286,3; 18; 26; 35; 5; 7; 25; 12
21,50,0.40248,0.42,4; 5; 21; 50; 9; 17; 24; 11
37,52,0.70767,0.71154,3; 4; 37; 52; 27; 30; 9; 16
6,58,0.23522,0.10345,11; 9; 6; 58; 9; 25; 29; 31
6,62,0.23205,0.09677,8; 15; 6; 62; 25; 5; 18; 25
16,42,0.385,0.38095,10; 15; 16; 42; 18; 12; 5; 32
17,45,0.38466,0.37778,13; 5; 17; 45; 13; 13; 18; 13
29,56,0.51239,0.51786,6; 4; 29; 56; 12; 27; 18; 18
20,70,0.28521,0.28571,4; 4; 20; 70; 28; 11; 8; 30
12,17,0.8864,0.70588,34; 32; 12; 17; 32; 18; 8; 21
24,57,0.43447,0.42105,6; 8; 24; 57; 16; 19; 8; 7
25,51,0.5093,0.4902,9; 8; 25; 51; 12; 27; 7; 7
17,27,0.72404,0.62963,21; 22; 17; 27; 30; 21; 4; 7
8,40,0.25711,0.2,7; 4; 8; 40; 14; 15; 24; 14
19,50,0.37945,0.38,4; 8; 19; 50; 25; 21; 15; 32
25,48,0.54873,0.52083,3; 11; 25; 48; 3; 22; 15; 10
37,50,0.74649,0.74,4; 4; 37; 50; 4; 22; 29; 15
10,38,0.27837,0.26316,21; 5; 10; 38; 26; 26; 19; 9
18,50,0.38267,0.36,14; 6; 18; 50; 13; 12; 4; 29
8,22,0.37948,0.36364,17; 7; 8; 22; 21; 17; 27; 13
16,40,0.43114,0.4,14; 5; 16; 40; 23; 7; 22; 29
5,19,0.27209,0.26316,32; 33; 5; 19; 8; 3; 3; 10
29,41,0.70101,0.70732,11; 3; 29; 41; 27; 10; 25; 15
21,55,0.37215,0.38182,8; 6; 21; 55; 3; 8; 8; 25
28,36,0.83832,0.77778,8; 5; 28; 36; 24; 28; 7; 31
16,45,0.36389,0.35556,4; 6; 16; 45; 10; 26; 27; 5
9,44,0.23425,0.20455,8; 11; 9; 44; 4; 31; 9; 10
17,33,0.50147,0.51515,6; 16; 17; 33; 7; 10; 30; 10
18,43,0.44841,0.4186,7; 13; 18; 43; 20; 26; 9; 17
23,44,0.5601,0.52273,14; 15; 23; 44; 4; 17; 32; 32
7,9,0.84702,0.77778,27; 14; 7; 9; 24; 29; 4; 25
5,7,0.80569,0.71429,35; 43; 5; 7; 27; 28; 9; 20
16,31,0.53546,0.51613,4; 9; 16; 31; 22; 9; 4; 4
18,45,0.40778,0.4,8; 9; 18; 45; 9; 8; 32; 5
15,39,0.40708,0.38462,16; 4; 15; 39; 21; 27; 19; 26
19,50,0.38773,0.38,11; 12; 19; 50; 28; 22; 5; 8
17,66,0.27778,0.25758,4; 7; 17; 66; 24; 8; 15; 17
9,60,0.21688,0.15,7; 10; 9; 60; 19; 32; 26; 17
42,47,0.89027,0.89362,3; 3; 42; 47; 15; 12; 31; 26
29,41,0.71371,0.70732,14; 6; 29; 41; 28; 23; 28; 13
14,69,0.20478,0.2029,4; 6; 14; 69; 15; 30; 20; 27
6,38,0.22583,0.15789,15; 21; 6; 38; 8; 20; 21; 21
10,35,0.3263,0.28571,5; 18; 10; 35; 6; 21; 20; 17
16,62,0.28684,0.25806,6; 7; 16; 62; 30; 5; 15; 3
12,19,0.71283,0.63158,13; 24; 12; 19; 15; 9; 21; 10
28,36,0.73712,0.77778,5; 10; 28; 36; 25; 10; 5; 28
32,43,0.70576,0.74419,11; 8; 32; 43; 14; 11; 10; 31
25,48,0.54058,0.52083,8; 10; 25; 48; 15; 19; 16; 17
5,57,0.26604,0.08772,16; 7; 5; 57; 28; 9; 8; 18
16,23,0.64653,0.69565,12; 24; 16; 23; 23; 6; 20; 20
20,56,0.35972,0.35714,5; 4; 20; 56; 19; 11; 13; 9
14,20,0.66316,0.7,28; 31; 14; 20; 8; 3; 11; 20
30,43,0.68229,0.69767,4; 7; 30; 43; 20; 10; 21; 28
33,52,0.62597,0.63462,5; 6; 33; 52; 29; 21; 16; 18
28,40,0.68616,0.7,15; 5; 28; 40; 20; 18; 26; 18
5,14,0.41524,0.35714,7; 31; 5; 14; 17; 17; 25; 17
7,45,0.26214,0.15556,23; 22; 7; 45; 9; 26; 30; 20
30,43,0.70045,0.69767,12; 6; 30; 43; 27; 28; 19; 22
21,55,0.37505,0.38182,8; 11; 21; 55; 11; 13; 26; 12
24,63,0.38957,0.38095,4; 4; 24; 63; 30; 29; 11; 24
23,58,0.41261,0.39655,6; 8; 23; 58; 6; 15; 3; 17
7,76,0.22742,0.09211,7; 3; 7; 76; 20; 7; 13; 27
17,24,0.81206,0.70833,11; 3; 17; 24; 6; 18; 11; 19
8,53,0.19773,0.15094,7; 5; 8; 53; 32; 11; 15; 16
34,38,0.86467,0.89474,10; 8; 34; 38; 19; 13; 20; 29
27,52,0.54218,0.51923,7; 7; 27; 52; 8; 30; 5; 30
14,35,0.35844,0.4,10; 4; 14; 35; 25; 3; 4; 32
25,28,0.90195,0.89286,17; 12; 25; 28; 15; 12; 6; 23
37,53,0.68211,0.69811,3; 3; 37; 53; 12; 17; 30; 3
10,28,0.42732,0.35714,20; 14; 10; 28; 23; 25; 8; 24
7,79,0.20245,0.08861,6; 5; 7; 79; 22; 30; 16; 21
23,64,0.3698,0.35938,4; 5; 23; 64; 29; 16; 18; 23
21,52,0.42118,0.40385,12; 8; 21; 52; 13; 15; 26; 26
23,64,0.36812,0.35938,4; 3; 23; 64; 21; 31; 15; 17
8,50,0.25143,0.16,5; 18; 8; 50; 31; 22; 10; 8
14,71,0.25202,0.19718,5; 3; 14; 71; 13; 31; 8; 14
32,36,0.87673,0.88889,6; 6; 32; 36; 31; 10; 27; 13
10,51,0.25657,0.19608,16; 15; 10; 51; 8; 21; 27; 13
13,36,0.35733,0.36111,4; 17; 13; 36; 20; 5; 6; 26
7,69,0.23714,0.10145,8; 3; 7; 69; 5; 6; 14; 10
18,47,0.39502,0.38298,8; 4; 18; 47; 25; 25; 14; 32
18,68,0.27378,0.26471,6; 5; 18; 68; 13; 17; 5; 25
10,28,0.3616,0.35714,20; 17; 10; 28; 6; 7; 16; 23
21,56,0.41982,0.375,4; 9; 21; 56; 26; 30; 8; 4
23,58,0.38293,0.39655,3; 3; 23; 58; 32; 9; 19; 32
7,47,0.20792,0.14894,20; 15; 7; 47; 19; 8; 27; 7
23,61,0.38191,0.37705,5; 4; 23; 61; 23; 19; 4; 12
37,50,0.71995,0.74,3; 3; 37; 50; 3; 6; 17; 8
13,25,0.55525,0.52,5; 28; 13; 25; 4; 32; 4; 18
22,61,0.38637,0.36066,6; 6; 22; 61; 13; 12; 31; 7
7,80,0.22756,0.0875,4; 5; 7; 80; 26; 16; 12; 26
25,60,0.45247,0.41667,3; 6; 25; 60; 6; 26; 31; 24
21,53,0.40284,0.39623,7; 11; 21; 53; 17; 31; 24; 19
19,45,0.41727,0.42222,11; 17; 19; 45; 27; 23; 4; 3
11,71,0.19451,0.15493,8; 5; 11; 71; 32; 20; 13; 6
10,39,0.29591,0.25641,21; 22; 10; 39; 21; 20; 6; 13
6,66,0.25831,0.09091,13; 8; 6; 66; 5; 10; 20; 28
16,18,0.88885,0.88889,18; 18; 16; 18; 18; 6; 10; 28
12,33,0.35158,0.36364,12; 14; 12; 33; 27; 7; 9; 32
17,24,0.77796,0.70833,21; 17; 17; 24; 28; 20; 31; 12
13,36,0.35962,0.36111,16; 11; 13; 36; 9; 7; 6; 31
16,56,0.30891,0.28571,13; 5; 16; 56; 12; 24; 27; 21
15,36,0.38806,0.41667,8; 14; 15; 36; 13; 5; 30; 8
5,17,0.36139,0.29412,27; 5; 5; 17; 18; 14; 29; 4
10,26,0.34521,0.38462,21; 5; 10; 26; 24; 5; 19; 29
29,39,0.72308,0.74359,12; 9; 29; 39; 13; 3; 25; 13
17,24,0.78563,0.70833,18; 4; 17; 24; 27; 30; 8; 24
16,56,0.30044,0.28571,3; 3; 16; 56; 29; 7; 19; 13
6,69,0.20751,0.08696,11; 10; 6; 69; 4; 11; 23; 16
14,69,0.23044,0.2029,6; 3; 14; 69; 12; 3; 10; 21
24,64,0.39513,0.375,4; 3; 24; 64; 27; 13; 24; 10
5,53,0.2514,0.09434,19; 19; 5; 53; 32; 3; 15; 12
15,39,0.38402,0.38462,9; 4; 15; 39; 25; 30; 24; 3
7,35,0.25146,0.2,15; 9; 7; 35; 19; 25; 6; 17
32,46,0.68336,0.69565,9; 5; 32; 46; 4; 27; 8; 28
19,30,0.58307,0.63333,8; 24; 19; 30; 3; 26; 24; 10
27,52,0.53452,0.51923,6; 3; 27; 52; 14; 16; 31; 29
23,47,0.52539,0.48936,7; 5; 23; 47; 11; 27; 10; 24
19,48,0.39384,0.39583,8; 9; 19; 48; 28; 3; 5; 13
10,16,0.62028,0.625,20; 9; 10; 16; 16; 25; 3; 29
7,48,0.2433,0.14583,12; 9; 7; 48; 31; 22; 16; 11
32,43,0.7355,0.74419,5; 4; 32; 43; 21; 13; 14; 15
19,27,0.73407,0.7037,22; 3; 19; 27; 23; 16; 3; 12
34,46,0.71558,0.73913,9; 8; 34; 46; 7; 16; 19; 7
25,51,0.50109,0.4902,9; 10; 25; 51; 24; 18; 31; 6
20,53,0.40654,0.37736,9; 9; 20; 53; 22; 10; 32; 6
24,38,0.6683,0.63158,5; 17; 24; 38; 28; 28; 6; 31
7,81,0.27078,0.08642,3; 5; 7; 81; 14; 32; 24; 19
14,19,0.78931,0.73684,32; 12; 14; 19; 10; 22; 21; 6
25,48,0.52644,0.52083,10; 10; 25; 48; 19; 4; 32; 3
13,50,0.27608,0.26,9; 15; 13; 50; 17; 4; 15; 21
31,49,0.61012,0.63265,3; 6; 31; 49; 15; 3; 29; 5
21,58,0.37772,0.36207,9; 5; 21; 58; 5; 22; 29; 24
21,53,0.40565,0.39623,10; 3; 21; 53; 31; 12; 26; 17
22,35,0.6283,0.62857,7; 17; 22; 35; 23; 24; 23; 16
6,40,0.23542,0.15,10; 18; 6; 40; 21; 23; 4; 32
9,46,0.24144,0.19565,13; 13; 9; 46; 8; 14; 8; 20
18,37,0.51989,0.48649,4; 11; 18; 37; 6; 25; 30; 8
14,53,0.30072,0.26415,7; 9; 14; 53; 14; 22; 31; 15
38,49,0.74953,0.77551,4; 4; 38; 49; 27; 5; 8; 9
21,58,0.36158,0.36207,5; 9; 21; 58; 5; 8; 4; 6
30,58,0.53766,0.51724,3; 4; 30; 58; 13; 21; 17; 6
7,76,0.24429,0.09211,4; 4; 7; 76; 26; 20; 3; 10
33,47,0.67217,0.70213,6; 4; 33; 47; 16; 4; 12; 13
14,37,0.37635,0.37838,15; 21; 14; 37; 4; 14; 19; 3
6,70,0.21669,0.08571,8; 7; 6; 70; 30; 28; 4; 26
24,27,0.88811,0.88889,21; 21; 24; 27; 25; 20; 23; 29
27,55,0.4973,0.49091,6; 4; 27; 55; 3; 15; 7; 3
32,45,0.6887,0.71111,4; 6; 32; 45; 19; 18; 11; 18
5,13,0.4,0.38462,19; 9; 5; 13; 11; 28; 24; 23
19,47,0.38764,0.40426,10; 11; 19; 47; 16; 3; 27; 18
6,15,0.43359,0.4,4; 6; 6; 15; 10; 3; 17; 5
32,45,0.68165,0.71111,4; 8; 32; 45; 18; 26; 8; 24
20,56,0.36864,0.35714,8; 5; 20; 56; 24; 3; 18; 11
6,70,0.22753,0.08571,6; 8; 6; 70; 18; 12; 9; 19
26,50,0.52745,0.52,8; 4; 26; 50; 4; 15; 17; 31
6,68,0.23042,0.08824,10; 12; 6; 68; 4; 29; 32; 9
16,61,0.2741,0.2623,4; 5; 16; 61; 22; 24; 18; 18
41,46,0.84065,0.8913,4; 3; 41; 46; 3; 7; 28; 29
13,50,0.26902,0.26,4; 9; 13; 50; 32; 28; 12; 9
22,53,0.41678,0.41509,5; 10; 22; 53; 17; 7; 6; 18
6,38,0.24312,0.15789,14; 15; 6; 38; 11; 26; 19; 11
31,49,0.61383,0.63265,3; 7; 31; 49; 3; 28; 16; 27
8,77,0.23494,0.1039,6; 3; 8; 77; 16; 24; 29; 22
21,30,0.72565,0.7,13; 9; 21; 30; 7; 20; 21; 22
6,41,0.29932,0.14634,11; 14; 6; 41; 28; 11; 30; 15
9,58,0.2561,0.15517,3; 5; 9; 58; 14; 32; 24; 17
17,43,0.44929,0.39535,6; 17; 17; 43; 14; 27; 14; 16
39,50,0.78149,0.78,4; 4; 39; 50; 24; 22; 18; 5
31,42,0.73635,0.7381,12; 9; 31; 42; 5; 26; 23; 31
29,56,0.52549,0.51786,4; 4; 29; 56; 13; 27; 21; 12
21,59,0.37102,0.35593,8; 6; 21; 59; 3; 15; 11; 22
24,27,0.8899,0.88889,23; 16; 24; 27; 13; 31; 17; 8
5,48,0.28134,0.10417,4; 19; 5; 48; 22; 28; 7; 12
33,47,0.69417,0.70213,4; 5; 33; 47; 11; 29; 23; 22
16,23,0.6599,0.69565,15; 25; 16; 23; 15; 29; 22; 3
6,38,0.24856,0.15789,15; 6; 6; 38; 25; 12; 14; 13
18,68,0.311,0.26471,4; 6; 18; 68; 13; 24; 27; 32
9,56,0.24652,0.16071,11; 10; 9; 56; 18; 22; 32; 25
25,35,0.68978,0.71429,5; 15; 25; 35; 12; 16; 28; 11
7,81,0.2372,0.08642,5; 4; 7; 81; 26; 16; 17; 19
5,33,0.28139,0.15152,4; 22; 5; 33; 21; 5; 32; 11
11,70,0.20762,0.15714,3; 5; 11; 70; 19; 12; 10; 26
19,47,0.42317,0.40426,10; 8; 19; 47; 12; 20; 25; 24
39,44,0.87328,0.88636,3; 7; 39; 44; 8; 30; 11; 22
26,35,0.73651,0.74286,11; 7; 26; 35; 25; 26; 20; 4
8,28,0.26718,0.28571,12; 5; 8; 28; 17; 6; 6; 15
7,70,0.23696,0.1,5; 9; 7; 70; 29; 21; 16; 10
6,63,0.23491,0.09524,10; 10; 6; 63; 24; 3; 15; 27
17,35,0.52703,0.48571,14; 19; 17; 35; 26; 19; 7; 11
10,35,0.30967,0.28571,21; 19; 10; 35; 20; 23; 27; 17
20,32,0.616,0.625,18; 5; 20; 32; 17; 11; 13; 32
7,78,0.21968,0.08974,5; 5; 7; 78; 19; 25; 18; 24
41,46,0.86619,0.8913,3; 5; 41; 46; 21; 5; 6; 23
22,58,0.35121,0.37931,9; 6; 22; 58; 25; 22; 4; 10
13,45,0.31386,0.28889,6; 16; 13; 45; 31; 17; 7; 30
21,43,0.51259,0.48837,10; 5; 21; 43; 31; 23; 12; 12
35,45,0.78161,0.77778,5; 6; 35; 45; 11; 21; 16; 13
12,33,0.32889,0.36364,5; 10; 12; 33; 10; 6; 5; 14
39,50,0.80206,0.78,4; 3; 39; 50; 26; 9; 11; 31
12,19,0.63484,0.63158,15; 5; 12; 19; 17; 23; 11; 24
17,43,0.41776,0.39535,19; 16; 17; 43; 12; 26; 14; 4
21,30,0.70105,0.7,16; 3; 21; 30; 17; 27; 32; 4
32,43,0.73065,0.74419,3; 5; 32; 43; 22; 28; 24; 20
10,64,0.22898,0.15625,10; 5; 10; 64; 13; 8; 24; 25
14,70,0.23792,0.2,6; 4; 14; 70; 32; 32; 15; 9
15,36,0.3721,0.41667,12; 13; 15; 36; 27; 6; 7; 7
6,70,0.25915,0.08571,7; 3; 6; 70; 17; 17; 24; 5
13,25,0.5504,0.52,29; 23; 13; 25; 28; 29; 32; 4
25,62,0.41985,0.40323,3; 4; 25; 62; 28; 22; 14; 16
6,60,0.22332,0.1,15; 11; 6; 60; 22; 3; 5; 4
22,53,0.39592,0.41509,5; 10; 22; 53; 7; 29; 18; 20
11,21,0.53397,0.52381,10; 17; 11; 21; 13; 6; 22; 24
37,52,0.70487,0.71154,4; 3; 37; 52; 29; 17; 27; 10
10,51,0.2631,0.19608,8; 18; 10; 51; 15; 24; 27; 24
8,53,0.24013,0.15094,18; 12; 8; 53; 24; 7; 11; 12
20,32,0.60909,0.625,22; 14; 20; 32; 5; 22; 25; 13
7,24,0.31366,0.29167,27; 33; 7; 24; 8; 16; 30; 23
14,35,0.45272,0.4,10; 19; 14; 35; 31; 14; 30; 19
24,49,0.49414,0.4898,6; 3; 24; 49; 4; 18; 4; 31
8,78,0.18089,0.10256,4; 3; 8; 78; 5; 3; 12; 12
7,27,0.25063,0.25926,13; 30; 7; 27; 13; 5; 23; 24
21,43,0.51299,0.48837,5; 3; 21; 43; 16; 9; 22; 6
34,48,0.68474,0.70833,4; 3; 34; 48; 10; 9; 12; 12
26,53,0.50211,0.49057,8; 6; 26; 53; 24; 7; 10; 22
32,51,0.63676,0.62745,4; 5; 32; 51; 8; 19; 13; 19
18,69,0.31986,0.26087,5; 3; 18; 69; 13; 3; 11; 12
9,55,0.24125,0.16364,13; 13; 9; 55; 21; 12; 23; 12
15,51,0.3222,0.29412,3; 11; 15; 51; 31; 31; 8; 3
6,16,0.42576,0.375,27; 23; 6; 16; 16; 27; 5; 19
20,56,0.37347,0.35714,7; 6; 20; 56; 14; 28; 6; 30
9,44,0.22938,0.20455,4; 7; 9; 44; 6; 6; 23; 30
20,27,0.73818,0.74074,11; 6; 20; 27; 12; 31; 14; 19
19,30,0.6537,0.63333,16; 20; 19; 30; 18; 26; 27; 12
8,28,0.32237,0.28571,28; 28; 8; 28; 11; 4; 31; 14
8,81,0.26074,0.09877,4; 3; 8; 81; 20; 8; 23; 29
22,42,0.54435,0.52381,6; 14; 22; 42; 7; 32; 18; 13
10,38,0.24845,0.26316,7; 12; 10; 38; 13; 5; 21; 27
26,41,0.63645,0.63415,9; 4; 26; 41; 21; 19; 14; 8
29,37,0.75918,0.78378,4; 5; 29; 37; 30; 13; 13; 5
13,34,0.36713,0.38235,3; 6; 13; 34; 15; 3; 15; 19
29,41,0.67994,0.70732,14; 8; 29; 41; 16; 24; 8; 24
16,42,0.37778,0.38095,7; 14; 16; 42; 24; 21; 14; 6
9,61,0.24447,0.14754,11; 9; 9; 61; 13; 13; 18; 20
18,68,0.28872,0.26471,6; 3; 18; 68; 16; 4; 20; 26
18,47,0.39711,0.38298,9; 14; 18; 47; 10; 14; 21; 28
31,35,0.89044,0.88571,4; 10; 31; 35; 19; 31; 26; 21
8,53,0.26645,0.15094,16; 5; 8; 53; 31; 30; 8; 17
27,52,0.50787,0.51923,4; 6; 27; 52; 32; 7; 6; 5
29,37,0.76325,0.78378,13; 5; 29; 37; 5; 6; 9; 23
10,63,0.23932,0.15873,5; 11; 10; 63; 19; 26; 15; 29
18,37,0.50829,0.48649,4; 20; 18; 37; 27; 15; 12; 8
23,58,0.38612,0.39655,3; 5; 23; 58; 11; 32; 26; 17
27,52,0.53896,0.51923,4; 3; 27; 52; 9; 23; 23; 25
9,61,0.23084,0.14754,14; 6; 9; 61; 15; 26; 25; 27
11,67,0.16956,0.16418,10; 5; 11; 67; 24; 10; 7; 19
24,64,0.38955,0.375,4; 4; 24; 64; 11; 18; 22; 30
10,28,0.30926,0.35714,19; 18; 10; 28; 8; 10; 14; 22
11,69,0.17116,0.15942,9; 5; 11; 69; 14; 29; 22; 10
22,35,0.61327,0.62857,8; 10; 22; 35; 7; 6; 24; 11
17,27,0.67123,0.62963,21; 16; 17; 27; 15; 20; 32; 17
10,62,0.17419,0.16129,5; 7; 10; 62; 28; 25; 18; 4
32,43,0.77048,0.74419,6; 4; 32; 43; 25; 7; 9; 16
17,35,0.49632,0.48571,10; 6; 17; 35; 16; 25; 32; 4
17,23,0.85993,0.73913,26; 29; 17; 23; 24; 3; 17; 26
42,47,0.88923,0.89362,4; 4; 42; 47; 5; 27; 22; 31
24,66,0.36722,0.36364,3; 3; 24; 66; 20; 13; 12; 20
16,44,0.3535,0.36364,18; 14; 16; 44; 32; 13; 6; 25
13,66,0.2117,0.19697,8; 9; 13; 66; 7; 10; 11; 9
6,70,0.21276,0.08571,10; 4; 6; 70; 26; 24; 4; 21
5,57,0.24783,0.08772,18; 7; 5; 57; 31; 14; 22; 17
42,47,0.90562,0.89362,4; 4; 42; 47; 12; 3; 13; 30
27,38,0.70242,0.71053,14; 6; 27; 38; 16; 7; 14; 6
32,41,0.78284,0.78049,11; 11; 32; 41; 13; 10; 17; 22
35,45,0.76421,0.77778,3; 4; 35; 45; 15; 4; 5; 20
20,52,0.40854,0.38462,10; 5; 20; 52; 5; 21; 26; 31
13,50,0.28157,0.26,3; 11; 13; 50; 14; 26; 32; 22
27,55,0.49604,0.49091,4; 4; 27; 55; 17; 22; 26; 25
24,49,0.4951,0.4898,6; 5; 24; 49; 17; 4; 4; 29
7,79,0.17966,0.08861,5; 5; 7; 79; 21; 13; 14; 4
26,37,0.67784,0.7027,6; 13; 26; 37; 15; 3; 16; 8
5,58,0.25158,0.08621,7; 6; 5; 58; 21; 16; 6; 24
5,55,0.23203,0.09091,4; 18; 5; 55; 7; 29; 31; 12
10,14,0.79708,0.71429,16; 32; 10; 14; 6; 5; 9; 23
29,56,0.53828,0.51786,4; 6; 29; 56; 16; 15; 29; 21
20,69,0.3164,0.28986,3; 4; 20; 69; 23; 13; 22; 6
17,35,0.4368,0.48571,23; 18; 17; 35; 6; 31; 21; 28
5,8,0.71287,0.625,27; 33; 5; 8; 19; 32; 11; 25
13,65,0.25901,0.2,7; 5; 13; 65; 12; 17; 30; 18
14,54,0.25126,0.25926,13; 5; 14; 54; 24; 13; 14; 27
10,68,0.23786,0.14706,6; 8; 10; 68; 26; 24; 23; 16
12,61,0.25337,0.19672,5; 9; 12; 61; 25; 14; 16; 30
11,42,0.28829,0.2619,7; 13; 11; 42; 14; 32; 9; 9
18,62,0.29905,0.29032,3; 5; 18; 62; 30; 31; 17; 11
25,48,0.53357,0.52083,10; 4; 25; 48; 23; 20; 29; 4
24,46,0.53942,0.52174,9; 9; 24; 46; 17; 30; 10; 22
7,35,0.26344,0.2,6; 4; 7; 35; 22; 11; 20; 21
7,76,0.20786,0.09211,3; 4; 7; 76; 16; 15; 9; 15
16,44,0.35485,0.36364,10; 17; 16; 44; 32; 15; 14; 32
20,56,0.36385,0.35714,3; 3; 20; 56; 23; 26; 19; 26
28,40,0.67061,0.7,15; 7; 28; 40; 22; 9; 9; 32
15,29,0.56834,0.51724,21; 6; 15; 29; 29; 19; 24; 6
30,58,0.53014,0.51724,3; 4; 30; 58; 7; 9; 5; 8
32,36,0.90201,0.88889,5; 7; 32; 36; 3; 32; 20; 11
17,35,0.50432,0.48571,5; 17; 17; 35; 3; 9; 7; 27
7,71,0.20937,0.09859,5; 9; 7; 71; 31; 14; 10; 21
10,14,0.79634,0.71429,8; 6; 10; 14; 32; 7; 31; 10
31,40,0.79259,0.775,9; 11; 31; 40; 7; 10; 32; 10
7,74,0.20829,0.09459,5; 3; 7; 74; 10; 21; 15; 15
10,26,0.36019,0.38462,15; 6; 10; 26; 3; 32; 12; 27
21,50,0.41072,0.42,5; 4; 21; 50; 26; 4; 29; 14
28,36,0.76495,0.77778,3; 10; 28; 36; 31; 23; 21; 3
23,58,0.38598,0.39655,4; 4; 23; 58; 26; 17; 18; 17
22,45,0.49743,0.48889,8; 8; 22; 45; 22; 21; 11; 28
30,48,0.60965,0.625,4; 5; 30; 48; 16; 29; 31; 9
10,14,0.85045,0.71429,10; 34; 10; 14; 19; 9; 26; 30
11,74,0.22969,0.14865,4; 6; 11; 74; 5; 14; 7; 22
14,35,0.37572,0.4,20; 10; 14; 35; 22; 10; 11; 4
6,38,0.27792,0.15789,13; 23; 6; 38; 9; 21; 25; 17
18,37,0.5367,0.48649,4; 10; 18; 37; 32; 5; 6; 32
25,35,0.68917,0.71429,8; 12; 25; 35; 23; 19; 14; 25
34,54,0.60095,0.62963,4; 5; 34; 54; 32; 24; 6; 8
10,14,0.86712,0.71429,25; 27; 10; 14; 3; 17; 25; 21
9,34,0.31497,0.26471,19; 13; 9; 34; 19; 24; 23; 6
20,52,0.39807,0.38462,3; 3; 20; 52; 4; 32; 15; 24
16,62,0.26061,0.25806,7; 7; 16; 62; 27; 23; 4; 9
14,37,0.41838,0.37838,4; 22; 14; 37; 22; 10; 3; 15
27,38,0.68932,0.71053,15; 10; 27; 38; 32; 4; 24; 28
10,66,0.18983,0.15152,4; 3; 10; 66; 26; 9; 7; 25
5,55,0.24294,0.09091,5; 12; 5; 55; 21; 31; 31; 13
19,39,0.47396,0.48718,19; 8; 19; 39; 20; 23; 19; 7
31,49,0.614,0.63265,3; 5; 31; 49; 23; 22; 10; 13
10,14,0.72558,0.71429,21; 6; 10; 14; 8; 26; 17; 29
29,41,0.68619,0.70732,10; 6; 29; 41; 28; 4; 24; 25
35,49,0.68051,0.71429,7; 7; 35; 49; 13; 20; 23; 8
7,69,0.21332,0.10145,9; 6; 7; 69; 9; 12; 7; 18
39,44,0.87768,0.88636,6; 7; 39; 44; 32; 9; 17; 29
10,49,0.22271,0.20408,12; 12; 10; 49; 20; 9; 5; 31
8,28,0.29877,0.28571,8; 29; 8; 28; 23; 6; 13; 8
29,46,0.61789,0.63043,11; 4; 29; 46; 5; 21; 6; 21
7,72,0.23115,0.09722,5; 4; 7; 72; 31; 16; 3; 3
16,38,0.44401,0.42105,21; 12; 16; 38; 28; 30; 26; 13
10,62,0.21622,0.16129,3; 13; 10; 62; 31; 21; 12; 9
13,66,0.21795,0.19697,6; 9; 13; 66; 12; 19; 3; 26
9,58,0.2499,0.15517,6; 6; 9; 58; 7; 21; 15; 27
23,44,0.54478,0.52273,11; 11; 23; 44; 31; 12; 8; 24
37,50,0.74536,0.74,3; 3; 37; 50; 11; 23; 32; 24
5,25,0.2622,0.2,24; 7; 5; 25; 29; 30; 19; 12
34,54,0.62766,0.62963,4; 3; 34; 54; 17; 4; 8; 16
35,49,0.70914,0.71429,6; 7; 35; 49; 26; 8; 21; 30
6,61,0.23136,0.09836,12; 4; 6; 61; 16; 32; 17; 30
20,27,0.75602,0.74074,17; 13; 20; 27; 14; 22; 16; 4
35,47,0.76762,0.74468,3; 6; 35; 47; 18; 12; 16; 20
31,40,0.77999,0.775,9; 10; 31; 40; 21; 19; 14; 31
6,23,0.30634,0.26087,22; 9; 6; 23; 11; 5; 3; 22
12,78,0.24737,0.15385,3; 3; 12; 78; 3; 15; 25; 15
9,61,0.23106,0.14754,12; 7; 9; 61; 6; 7; 31; 4
19,65,0.31406,0.29231,3; 3; 19; 65; 27; 13; 31; 10
31,49,0.64347,0.63265,3; 7; 31; 49; 15; 27; 9; 23
33,37,0.88577,0.89189,13; 9; 33; 37; 29; 21; 7; 9
6,68,0.26139,0.08824,11; 12; 6; 68; 26; 21; 10; 24
7,67,0.21921,0.10448,7; 7; 7; 67; 3; 23; 4; 16
8,41,0.26378,0.19512,8; 15; 8; 41; 22; 11; 9; 27
7,27,0.3256,0.25926,23; 8; 7; 27; 13; 6; 30; 28
8,79,0.23574,0.10127,4; 5; 8; 79; 32; 25; 10; 10
22,61,0.38298,0.36066,7; 3; 22; 61; 22; 23; 25; 3
31,44,0.69481,0.70455,10; 5; 31; 44; 29; 10; 10; 9
7,76,0.25398,0.09211,6; 6; 7; 76; 17; 24; 30; 10
6,21,0.32848,0.28571,4; 13; 6; 21; 20; 3; 18; 21
5,31,0.2218,0.16129,7; 6; 5; 31; 13; 13; 21; 32
20,41,0.48954,0.4878,13; 6; 20; 41; 6; 3; 18; 17
6,63,0.24853,0.09524,10; 6; 6; 63; 28; 30; 27; 6
10,66,0.21188,0.15152,9; 8; 10; 66; 30; 19; 13; 6
21,43,0.51835,0.48837,11; 17; 21; 43; 12; 3; 24; 12
15,57,0.27686,0.26316,6; 13; 15; 57; 19; 16; 31; 5
32,36,0.90677,0.88889,8; 6; 32; 36; 8; 16; 28; 12
23,64,0.3418,0.35938,4; 3; 23; 64; 16; 21; 17; 15
5,51,0.27525,0.09804,10; 8; 5; 51; 12; 23; 7; 28
8,78,0.25772,0.10256,5; 6; 8; 78; 13; 17; 3; 19
7,47,0.21785,0.14894,20; 18; 7; 47; 14; 24; 11; 16
15,21,0.77954,0.71429,25; 5; 15; 21; 25; 17; 10; 5
5,8,0.73964,0.625,28; 20; 5; 8; 15; 10; 10; 31
37,52,0.6864,0.71154,3; 4; 37; 52; 23; 14; 30; 16
5,19,0.31123,0.26316,8; 28; 5; 19; 28; 4; 32; 28
9,35,0.27725,0.25714,21; 11; 9; 35; 3; 7; 32; 22
10,26,0.39046,0.38462,18; 21; 10; 26; 31; 30; 11; 16
22,52,0.44546,0.42308,4; 6; 22; 52; 8; 30; 16; 28
32,36,0.89249,0.88889,14; 14; 32; 36; 16; 22; 8; 31
29,46,0.62088,0.63043,3; 6; 29; 46; 10; 31; 7; 21
26,53,0.46954,0.49057,3; 9; 26; 53; 18; 14; 16; 27
27,55,0.51087,0.49091,3; 7; 27; 55; 14; 3; 13; 5
31,35,0.89928,0.88571,5; 14; 31; 35; 3; 8; 17; 9
18,37,0.52135,0.48649,19; 4; 18; 37; 19; 14; 29; 27
34,38,0.93397,0.89474,9; 12; 34; 38; 12; 3; 14; 27
33,52,0.62753,0.63462,3; 4; 33; 52; 16; 14; 27; 24
19,48,0.44514,0.39583,6; 3; 19; 48; 5; 23; 8; 27
29,59,0.50353,0.49153,3; 3; 29; 59; 18; 14; 23; 9
12,42,0.30541,0.28571,16; 3; 12; 42; 17; 22; 26; 14
23,55,0.43248,0.41818,6; 9; 23; 55; 19; 4; 19; 10
20,55,0.37012,0.36364,9; 7; 20; 55; 29; 14; 29; 3
17,27,0.66804,0.62963,6; 6; 17; 27; 7; 9; 14; 31
5,32,0.23963,0.15625,15; 10; 5; 32; 31; 5; 20; 29
5,58,0.19952,0.08621,5; 7; 5; 58; 15; 5; 19; 4
10,14,0.83576,0.71429,20; 35; 10; 14; 26; 10; 4; 11
38,49,0.77597,0.77551,5; 4; 38; 49; 18; 20; 5; 7
22,61,0.33178,0.36066,4; 4; 22; 61; 11; 16; 31; 27
9,35,0.26,0.25714,4; 27; 9; 35; 22; 23; 3; 14
21,30,0.69417,0.7,10; 22; 21; 30; 5; 3; 10; 23
5,7,0.73412,0.71429,5; 31; 5; 7; 8; 24; 4; 7
9,46,0.23141,0.19565,21; 19; 9; 46; 8; 4; 15; 4
17,35,0.50269,0.48571,16; 17; 17; 35; 24; 13; 18; 9
29,39,0.76252,0.74359,11; 7; 29; 39; 29; 6; 26; 19
6,21,0.39215,0.28571,23; 30; 6; 21; 18; 10; 10; 12
35,47,0.72157,0.74468,4; 8; 35; 47; 26; 9; 27; 28
36,51,0.71144,0.70588,4; 4; 36; 51; 12; 10; 16; 26
11,72,0.20696,0.15278,4; 3; 11; 72; 16; 12; 26; 10
18,23,0.82081,0.78261,23; 21; 18; 23; 26; 13; 23; 9
16,31,0.47164,0.51613,6; 14; 16; 31; 12; 23; 15; 30
10,34,0.31341,0.29412,16; 8; 10; 34; 24; 13; 24; 5
42,47,0.88021,0.89362,4; 3; 42; 47; 11; 6; 29; 13
17,59,0.32074,0.28814,5; 8; 17; 59; 12; 10; 32; 31
7,80,0.22253,0.0875,5; 3; 7; 80; 29; 4; 26; 30
8,81,0.20843,0.09877,3; 3; 8; 81; 14; 26; 31; 10
7,10,0.60324,0.7,4; 37; 7; 10; 16; 4; 11; 12
19,50,0.41881,0.38,6; 10; 19; 50; 23; 13; 32; 22
5,32,0.27891,0.15625,17; 17; 5; 32; 18; 29; 13; 16
22,45,0.5347,0.48889,5; 13; 22; 45; 20; 10; 20; 28
12,77,0.22538,0.15584,4; 4; 12; 77; 31; 6; 20; 22
10,39,0.26872,0.25641,7; 19; 10; 39; 29; 10; 26; 23
25,48,0.5286,0.52083,11; 9; 25; 48; 17; 8; 4; 26
6,62,0.22542,0.09677,4; 11; 6; 62; 20; 15; 4; 16
15,36,0.42581,0.41667,9; 16; 15; 36; 23; 7; 25; 5
41,46,0.88946,0.8913,3; 4; 41; 46; 10; 31; 4; 30
18,62,0.30851,0.29032,6; 8; 18; 62; 17; 25; 31; 13
35,49,0.69862,0.71429,3; 4; 35; 49; 21; 3; 21; 14
13,34,0.33274,0.38235,5; 7; 13; 34; 10; 29; 11; 21
17,19,0.87167,0.89474,23; 6; 17; 19; 20; 21; 28; 26
42,47,0.89327,0.89362,3; 4; 42; 47; 14; 5; 3; 32
20,52,0.39105,0.38462,7; 8; 20; 52; 6; 32; 23; 17
17,66,0.28349,0.25758,7; 4; 17; 66; 6; 15; 22; 19
8,51,0.26862,0.15686,14; 19; 8; 51; 8; 15; 16; 6
22,45,0.51473,0.48889,5; 7; 22; 45; 20; 19; 30; 10
7,45,0.24099,0.15556,3; 19; 7; 45; 17; 5; 18; 28
14,27,0.52318,0.51852,3; 28; 14; 27; 26; 11; 26; 29
12,23,0.51822,0.52174,23; 23; 12; 23; 22; 3; 14; 9
13,50,0.25468,0.26,13; 13; 13; 50; 10; 13; 4; 14
9,34,0.30732,0.26471,5; 19; 9; 34; 12; 18; 17; 11
8,54,0.22647,0.14815,8; 15; 8; 54; 22; 21; 28; 5
15,39,0.37002,0.38462,8; 14; 15; 39; 3; 18; 31; 16
10,34,0.28937,0.29412,6; 15; 10; 34; 17; 31; 14; 23
33,47,0.69972,0.70213,8; 4; 33; 47; 9; 26; 6; 26
35,50,0.69194,0.7,4; 3; 35; 50; 20; 29; 29; 5
27,55,0.51742,0.49091,6; 4; 27; 55; 23; 18; 25; 31
19,48,0.38381,0.39583,11; 3; 19; 48; 7; 3; 26; 3
9,60,0.23698,0.15,8; 7; 9; 60; 27; 27; 4; 10
35,45,0.77044,0.77778,6; 8; 35; 45; 19; 4; 27; 24
15,40,0.41993,0.375,12; 13; 15; 40; 30; 27; 8; 22
28,38,0.68945,0.73684,12; 16; 28; 38; 11; 22; 30; 23
16,44,0.38383,0.36364,14; 15; 16; 44; 10; 27; 28; 18
18,43,0.42603,0.4186,13; 13; 18; 43; 27; 20; 23; 3
24,57,0.42868,0.42105,6; 5; 24; 57; 15; 12; 24; 20
35,47,0.73268,0.74468,7; 8; 35; 47; 21; 25; 24; 21
6,15,0.31224,0.4,31; 22; 6; 15; 30; 13; 5; 5
23,31,0.73628,0.74194,19; 10; 23; 31; 4; 27; 14; 30
7,80,0.21725,0.0875,5; 4; 7; 80; 18; 30; 17; 29
11,75,0.21432,0.14667,6; 5; 11; 75; 28; 26; 22; 12
14,18,0.76684,0.77778,9; 14; 14; 18; 26; 32; 11; 17
26,37,0.68798,0.7027,3; 4; 26; 37; 21; 27; 4; 29
5,56,0.26548,0.08929,7; 6; 5; 56; 31; 7; 3; 19
8,51,0.2068,0.15686,14; 6; 8; 51; 14; 16; 26; 5
11,29,0.2996,0.37931,18; 6; 11; 29; 22; 20; 25; 6
16,44,0.36752,0.36364,12; 19; 16; 44; 26; 17; 6; 23
12,47,0.25978,0.25532,10; 14; 12; 47; 19; 31; 12; 13
27,43,0.6039,0.62791,3; 8; 27; 43; 4; 19; 6; 13
26,37,0.71233,0.7027,6; 12; 26; 37; 26; 9; 12; 20
32,46,0.64954,0.69565,7; 5; 32; 46; 8; 26; 14; 6
8,31,0.26617,0.25806,17; 18; 8; 31; 26; 25; 16; 18
16,23,0.74274,0.69565,21; 9; 16; 23; 26; 32; 31; 7
7,9,0.73239,0.77778,15; 38; 7; 9; 3; 26; 11; 13
13,66,0.25105,0.19697,3; 8; 13; 66; 6; 15; 13; 26
10,65,0.24836,0.15385,7; 7; 10; 65; 12; 27; 16; 14
10,39,0.22408,0.25641,6; 14; 10; 39; 5; 26; 19; 5
6,16,0.4928,0.375,8; 13; 6; 16; 18; 16; 26; 10
13,31,0.363,0.41935,25; 10; 13; 31; 11; 16; 23; 18
32,46,0.67521,0.69565,6; 3; 32; 46; 19; 24; 9; 28
9,57,0.26709,0.15789,12; 4; 9; 57; 10; 7; 16; 30
8,20,0.26572,0.4,16; 30; 8; 20; 18; 16; 10; 26
28,57,0.47854,0.49123,4; 3; 28; 57; 23; 28; 7; 31
24,57,0.44419,0.42105,3; 7; 24; 57; 17; 10; 14; 28
11,55,0.24416,0.2,15; 13; 11; 55; 26; 16; 13; 7
15,40,0.37617,0.375,20; 11; 15; 40; 25; 10; 4; 21
32,43,0.75166,0.74419,4; 5; 32; 43; 11; 4; 3; 32
24,63,0.4101,0.38095,5; 4; 24; 63; 22; 9; 19; 18
28,54,0.53078,0.51852,7; 6; 28; 54; 28; 29; 4; 4
25,28,0.90099,0.89286,8; 11; 25; 28; 30; 28; 19; 9
11,54,0.25424,0.2037,10; 13; 11; 54; 27; 20; 8; 19
13,45,0.31309,0.28889,11; 18; 13; 45; 9; 18; 13; 24
12,33,0.39115,0.36364,14; 5; 12; 33; 28; 12; 18; 23
19,47,0.45206,0.40426,14; 4; 19; 47; 5; 19; 26; 15
16,44,0.36818,0.36364,18; 14; 16; 44; 22; 5; 9; 26
17,24,0.72425,0.70833,12; 16; 17; 24; 15; 5; 24; 29
23,47,0.50966,0.48936,7; 11; 23; 47; 5; 8; 20; 26
18,37,0.48344,0.48649,20; 20; 18; 37; 6; 31; 14; 31
30,58,0.52939,0.51724,3; 5; 30; 58; 32; 16; 13; 14
14,19,0.67887,0.73684,16; 15; 14; 19; 12; 26; 24; 23
11,42,0.30429,0.2619,7; 6; 11; 42; 18; 12; 31; 28
19,50,0.39838,0.38,7; 11; 19; 50; 5; 4; 18; 20
7,76,0.24772,0.09211,6; 7; 7; 76; 32; 11; 8; 12
33,47,0.69035,0.70213,4; 4; 33; 47; 22; 8; 16; 13
24,66,0.36613,0.36364,3; 4; 24; 66; 19; 19; 26; 19
9,45,0.2456,0.2,14; 5; 9; 45; 23; 28; 10; 20
11,67,0.22651,0.16418,9; 10; 11; 67; 20; 13; 3; 17
35,50,0.68385,0.7,3; 4; 35; 50; 5; 30; 15; 10
26,62,0.45454,0.41935,3; 4; 26; 62; 7; 28; 7; 15
7,47,0.24458,0.14894,12; 18; 7; 47; 18; 3; 15; 8
32,51,0.63297,0.62745,4; 4; 32; 51; 25; 19; 18; 31
13,25,0.5271,0.52,18; 21; 13; 25; 5; 5; 18; 7
7,69,0.25705,0.10145,11; 11; 7; 69; 28; 4; 29; 26
29,46,0.62757,0.63043,10; 3; 29; 46; 15; 28; 32; 4
34,46,0.7123,0.73913,3; 3; 34; 46; 30; 16; 29; 16
20,50,0.38965,0.4,13; 10; 20; 50; 19; 7; 28; 27
22,42,0.53973,0.52381,3; 7; 22; 42; 16; 32; 11; 18
7,70,0.25622,0.1,4; 4; 7; 70; 10; 25; 24; 30
6,62,0.26056,0.09677,15; 3; 6; 62; 19; 3; 8; 17
17,43,0.35379,0.39535,7; 11; 17; 43; 19; 26; 4; 19
29,39,0.74518,0.74359,14; 9; 29; 39; 4; 16; 14; 31
7,72,0.24045,0.09722,3; 5; 7; 72; 28; 29; 9; 9
22,45,0.482,0.48889,8; 4; 22; 45; 18; 23; 17; 19
14,19,0.76198,0.73684,23; 25; 14; 19; 17; 8; 11; 13
5,12,0.47872,0.41667,26; 9; 5; 12; 19; 15; 3; 28
9,59,0.24054,0.15254,8; 12; 9; 59; 28; 3; 16; 21
42,47,0.87954,0.89362,3; 3; 42; 47; 6; 8; 21; 30
7,24,0.25538,0.29167,17; 21; 7; 24; 15; 25; 8; 24
11,42,0.26684,0.2619,20; 4; 11; 42; 16; 4; 28; 11
25,48,0.53026,0.52083,7; 7; 25; 48; 32; 25; 28; 6
24,57,0.43744,0.42105,3; 6; 24; 57; 22; 22; 25; 3
10,67,0.20826,0.14925,4; 3; 10; 67; 23; 14; 25; 27
24,38,0.6212,0.63158,11; 15; 24; 38; 31; 17; 13; 23
25,28,0.93411,0.89286,7; 13; 25; 28; 28; 8; 18; 31
11,75,0.25021,0.14667,3; 6; 11; 75; 23; 31; 6; 10
18,70,0.25973,0.25714,3; 3; 18; 70; 11; 20; 7; 9
36,46,0.73469,0.78261,3; 7; 36; 46; 16; 31; 11; 29
10,49,0.28034,0.20408,15; 7; 10; 49; 16; 16; 4; 3
15,51,0.31682,0.29412,5; 8; 15; 51; 4; 17; 7; 32
17,23,0.73823,0.73913,28; 23; 17; 23; 19; 12; 19; 24
16,56,0.29033,0.28571,7; 9; 16; 56; 16; 24; 14; 26
9,56,0.23164,0.16071,5; 4; 9; 56; 21; 19; 31; 8
23,31,0.69731,0.74194,21; 8; 23; 31; 16; 8; 24; 25
26,35,0.77181,0.74286,3; 9; 26; 35; 12; 10; 30; 15
29,37,0.7705,0.78378,9; 16; 29; 37; 11; 14; 13; 16
5,33,0.27233,0.15152,8; 17; 5; 33; 23; 3; 27; 16
9,55,0.22391,0.16364,6; 10; 9; 55; 12; 22; 13; 13
30,58,0.52258,0.51724,4; 4; 30; 58; 32; 14; 32; 5
7,79,0.21732,0.08861,5; 4; 7; 79; 23; 13; 29; 23
12,61,0.22798,0.19672,11; 7; 12; 61; 21; 14; 10; 28
14,35,0.41268,0.4,3; 13; 14; 35; 29; 21; 9; 30
29,39,0.74979,0.74359,3; 10; 29; 39; 22; 12; 31; 15
23,33,0.66232,0.69697,6; 13; 23; 33; 13; 22; 7; 7
25,59,0.43089,0.42373,7; 5; 25; 59; 32; 8; 23; 30
8,50,0.25843,0.16,20; 18; 8; 50; 14; 15; 12; 23
19,50,0.40713,0.38,9; 10; 19; 50; 18; 4; 12; 32
14,18,0.89135,0.77778,15; 14; 14; 18; 7; 4; 11; 4
11,75,0.26118,0.14667,6; 6; 11; 75; 18; 7; 15; 10
31,42,0.71393,0.7381,7; 9; 31; 42; 24; 15; 27; 26
31,49,0.64003,0.63265,4; 4; 31; 49; 4; 17; 29; 16
13,36,0.34481,0.36111,24; 18; 13; 36; 24; 17; 4; 12
16,44,0.31298,0.36364,16; 13; 16; 44; 7; 25; 10; 26
18,50,0.38107,0.36,14; 14; 18; 50; 10; 5; 7; 32
33,52,0.64221,0.63462,5; 4; 33; 52; 23; 19; 23; 31
25,28,0.90126,0.89286,22; 19; 25; 28; 14; 12; 21; 4
11,21,0.52887,0.52381,11; 10; 11; 21; 14; 5; 20; 15
34,38,0.88476,0.89474,6; 10; 34; 38; 15; 32; 3; 17
16,62,0.276,0.25806,9; 5; 16; 62; 23; 10; 23; 19
32,46,0.66079,0.69565,7; 3; 32; 46; 26; 14; 17; 17
18,37,0.53759,0.48649,13; 14; 18; 37; 5; 26; 20; 15
13,31,0.42124,0.41935,9; 19; 13; 31; 4; 6; 7; 21
24,63,0.38098,0.38095,5; 3; 24; 63; 26; 27; 13; 24
18,62,0.28347,0.29032,9; 8; 18; 62; 17; 32; 23; 4
13,36,0.36242,0.36111,14; 8; 13; 36; 23; 26; 4; 18
40,45,0.88713,0.88889,4; 5; 40; 45; 8; 32; 5; 8
7,76,0.24064,0.09211,7; 4; 7; 76; 11; 15; 3; 25
10,24,0.42052,0.41667,16; 30; 10; 24; 14; 24; 24; 7
31,40,0.77069,0.775,11; 13; 31; 40; 22; 12; 21; 23
17,42,0.40912,0.40476,11; 14; 17; 42; 19; 22; 20; 10
20,56,0.35207,0.35714,5; 5; 20; 56; 6; 3; 7; 22
31,35,0.87223,0.88571,12; 11; 31; 35; 7; 6; 12; 11
12,75,0.20621,0.16,3; 4; 12; 75; 6; 20; 3; 3
16,31,0.55737,0.51613,12; 17; 16; 31; 24; 11; 19; 29
40,45,0.89609,0.88889,3; 4; 40; 45; 27; 13; 8; 14
15,39,0.3806,0.38462,9; 18; 15; 39; 22; 6; 6; 5
20,56,0.37733,0.35714,8; 8; 20; 56; 32; 6; 12; 29
10,14,0.84607,0.71429,28; 29; 10; 14; 31; 4; 32; 21
33,47,0.70266,0.70213,7; 3; 33; 47; 10; 20; 32; 25
10,63,0.21837,0.15873,10; 9; 10; 63; 10; 19; 22; 9
21,59,0.3576,0.35593,5; 7; 21; 59; 20; 25; 14; 31
7,70,0.19855,0.1,9; 3; 7; 70; 25; 18; 31; 12
14,48,0.33276,0.29167,7; 18; 14; 48; 13; 32; 28; 20
14,53,0.29393,0.26415,3; 10; 14; 53; 16; 23; 28; 27
17,45,0.39394,0.37778,10; 5; 17; 45; 15; 4; 12; 23
23,33,0.65512,0.69697,13; 10; 23; 33; 4; 22; 23; 8
7,43,0.23578,0.16279,13; 11; 7; 43; 32; 19; 29; 11
21,27,0.84096,0.77778,10; 22; 21; 27; 19; 12; 23; 9
7,46,0.21781,0.15217,4; 12; 7; 46; 28; 5; 21; 24
7,43,0.25301,0.16279,20; 6; 7; 43; 15; 27; 23; 23
5,8,0.85627,0.625,17; 39; 5; 8; 31; 21; 8; 22
32,51,0.62871,0.62745,7; 3; 32; 51; 10; 32; 31; 24
24,27,0.88717,0.88889,17; 7; 24; 27; 24; 6; 6; 26
29,41,0.6852,0.70732,8; 14; 29; 41; 15; 27; 12; 20
5,8,0.54884,0.625,24; 12; 5; 8; 24; 4; 22; 21
11,73,0.20077,0.15068,7; 5; 11; 73; 4; 18; 23; 26
24,49,0.52116,0.4898,8; 11; 24; 49; 5; 31; 32; 11
16,55,0.29632,0.29091,6; 7; 16; 55; 21; 12; 3; 25
15,75,0.26444,0.2,3; 3; 15; 75; 6; 8; 24; 3
8,54,0.24887,0.14815,10; 9; 8; 54; 21; 26; 10; 22
5,57,0.21374,0.08772,7; 8; 5; 57; 28; 25; 9; 29
25,40,0.6081,0.625,6; 3; 25; 40; 20; 10; 18; 21
14,37,0.36396,0.37838,12; 8; 14; 37; 14; 5; 27; 12
10,34,0.23541,0.29412,5; 16; 10; 34; 7; 29; 28; 32
6,39,0.19196,0.15385,11; 6; 6; 39; 6; 13; 10; 8
35,50,0.67077,0.7,6; 4; 35; 50; 8; 5; 32; 4
8,78,0.22972,0.10256,5; 5; 8; 78; 6; 9; 27; 5
6,15,0.41077,0.4,28; 3; 6; 15; 19; 18; 32; 25
32,51,0.62975,0.62745,5; 4; 32; 51; 32; 21; 17; 3
10,49,0.27253,0.20408,3; 7; 10; 49; 8; 18; 16; 14
8,77,0.20199,0.1039,4; 3; 8; 77; 7; 29; 10; 27
12,19,0.65392,0.63158,13; 16; 12; 19; 13; 17; 20; 12
14,71,0.2359,0.19718,5; 6; 14; 71; 32; 13; 17; 6
23,33,0.6548,0.69697,9; 12; 23; 33; 26; 22; 27; 6
14,48,0.32436,0.29167,5; 14; 14; 48; 4; 31; 10; 9
38,49,0.74339,0.77551,5; 4; 38; 49; 15; 6; 23; 27
15,36,0.44717,0.41667,17; 7; 15; 36; 21; 29; 6; 8
7,9,0.76629,0.77778,26; 37; 7; 9; 27; 8; 29; 11
24,27,0.8744,0.88889,21; 16; 24; 27; 20; 16; 22; 23
6,65,0.23225,0.09231,9; 5; 6; 65; 22; 10; 21; 17
23,57,0.41588,0.40351,3; 5; 23; 57; 3; 27; 16; 7
15,51,0.30863,0.29412,4; 11; 15; 51; 28; 3; 16; 26
29,46,0.64368,0.63043,5; 5; 29; 46; 15; 7; 25; 24
17,23,0.76555,0.73913,18; 13; 17; 23; 32; 24; 8; 10
9,59,0.23627,0.15254,6; 9; 9; 59; 28; 5; 19; 8
8,52,0.21579,0.15385,5; 8; 8; 52; 25; 25; 9; 27
12,32,0.37429,0.375,10; 25; 12; 32; 31; 22; 16; 13
11,72,0.2339,0.15278,7; 3; 11; 72; 8; 18; 27; 10
7,9,0.8509,0.77778,33; 29; 7; 9; 28; 7; 3; 15
6,38,0.2106,0.15789,6; 12; 6; 38; 24; 24; 20; 18
42,47,0.88514,0.89362,3; 3; 42; 47; 21; 15; 25; 28
15,36,0.3737,0.41667,11; 19; 15; 36; 27; 20; 8; 30
8,79,0.22586,0.10127,5; 3; 8; 79; 26; 20; 3; 11
15,42,0.36357,0.35714,7; 14; 15; 42; 23; 7; 11; 5
11,54,0.31092,0.2037,8; 6; 11; 54; 26; 13; 15; 25
25,48,0.51675,0.52083,9; 5; 25; 48; 4; 11; 5; 16
30,43,0.68036,0.69767,8; 9; 30; 43; 30; 17; 18; 24
32,46,0.7074,0.69565,9; 8; 32; 46; 27; 26; 17; 16
19,45,0.44991,0.42222,4; 8; 19; 45; 18; 7; 20; 18
26,37,0.68238,0.7027,13; 14; 26; 37; 29; 21; 22; 24
24,60,0.40351,0.4,3; 7; 24; 60; 24; 22; 31; 5
13,45,0.30382,0.28889,19; 4; 13; 45; 29; 11; 18; 4
12,33,0.39354,0.36364,22; 11; 12; 33; 3; 9; 19; 7
16,18,0.83931,0.88889,22; 13; 16; 18; 17; 3; 25; 3
8,41,0.22782,0.19512,13; 11; 8; 41; 26; 3; 20; 18
9,56,0.24669,0.16071,15; 16; 9; 56; 20; 18; 5; 24
24,49,0.49251,0.4898,6; 10; 24; 49; 25; 17; 14; 8
22,45,0.50416,0.48889,5; 9; 22; 45; 9; 20; 29; 3
33,52,0.63189,0.63462,3; 5; 33; 52; 29; 23; 9; 12
11,26,0.4275,0.42308,7; 7; 11; 26; 4; 30; 4; 20
32,36,0.85563,0.88889,12; 15; 32; 36; 21; 27; 13; 29
5,48,0.18496,0.10417,6; 9; 5; 48; 15; 16; 19; 5
12,19,0.60311,0.63158,11; 3; 12; 19; 32; 23; 22; 18
33,37,0.88672,0.89189,5; 7; 33; 37; 12; 26; 30; 16
19,66,0.28987,0.28788,6; 5; 19; 66; 28; 26; 17; 18
17,23,0.8165,0.73913,5; 24; 17; 23; 4; 16; 3; 14
29,37,0.7601,0.78378,16; 4; 29; 37; 8; 4; 14; 25
8,82,0.21533,0.09756,3; 3; 8; 82; 20; 15; 10; 5
16,23,0.7389,0.69565,13; 23; 16; 23; 17; 28; 32; 15
12,78,0.24827,0.15385,3; 3; 12; 78; 28; 13; 14; 20
29,46,0.61673,0.63043,8; 3; 29; 46; 16; 19; 5; 32
12,41,0.28748,0.29268,14; 3; 12; 41; 10; 12; 24; 3
7,78,0.22775,0.08974,4; 6; 7; 78; 31; 9; 18; 7
9,62,0.27122,0.14516,5; 5; 9; 62; 19; 18; 5; 19
18,37,0.48088,0.48649,6; 13; 18; 37; 19; 21; 4; 9
9,55,0.26382,0.16364,11; 5; 9; 55; 9; 20; 4; 29
7,68,0.22385,0.10294,6; 5; 7; 68; 22; 12; 23; 16
8,9,0.69177,0.88889,19; 39; 8; 9; 20; 25; 20; 12
36,46,0.76169,0.78261,5; 8; 36; 46; 12; 18; 4; 27
12,75,0.21716,0.16,4; 5; 12; 75; 13; 20; 23; 8
6,62,0.23481,0.09677,15; 7; 6; 62; 22; 17; 12; 9
11,70,0.22829,0.15714,5; 8; 11; 70; 29; 28; 32; 4
12,59,0.23275,0.20339,5; 4; 12; 59; 12; 13; 25; 11
12,23,0.57951,0.52174,7; 10; 12; 23; 14; 9; 31; 7
16,55,0.30987,0.29091,6; 4; 16; 55; 30; 11; 27; 19
21,52,0.36872,0.40385,4; 10; 21; 52; 18; 19; 3; 32
16,23,0.76476,0.69565,14; 8; 16; 23; 8; 16; 23; 31
26,37,0.67068,0.7027,3; 16; 26; 37; 9; 4; 28; 3
14,39,0.38409,0.35897,5; 7; 14; 39; 25; 9; 12; 30
12,23,0.50761,0.52174,25; 9; 12; 23; 4; 32; 4; 3
15,52,0.33126,0.28846,7; 9; 15; 52; 22; 14; 19; 15
35,47,0.73401,0.74468,8; 4; 35; 47; 25; 8; 25; 19
39,50,0.76944,0.78,3; 4; 39; 50; 4; 23; 32; 3
6,70,0.23962,0.08571,9; 8; 6; 70; 31; 22; 15; 17
28,40,0.69078,0.7,10; 6; 28; 40; 29; 20; 31; 15
5,58,0.26572,0.08621,15; 8; 5; 58; 32; 14; 11; 10
33,52,0.61165,0.63462,4; 6; 33; 52; 8; 31; 13; 22
7,79,0.22252,0.08861,6; 6; 7; 79; 15; 5; 26; 8
7,72,0.23265,0.09722,7; 5; 7; 72; 19; 21; 16; 23
20,41,0.5086,0.4878,12; 5; 20; 41; 9; 5; 23; 7
13,45,0.29478,0.28889,8; 15; 13; 45; 13; 23; 32; 10
8,19,0.3938,0.42105,4; 29; 8; 19; 23; 28; 7; 27
6,63,0.2471,0.09524,6; 8; 6; 63; 31; 21; 23; 13
11,26,0.4477,0.42308,19; 19; 11; 26; 23; 17; 28; 23
22,55,0.39703,0.4,4; 10; 22; 55; 14; 6; 32; 10
6,63,0.26295,0.09524,11; 5; 6; 63; 26; 9; 29; 14
5,33,0.29369,0.15152,19; 5; 5; 33; 17; 23; 28; 21
6,41,0.24855,0.14634,22; 19; 6; 41; 19; 22; 30; 23
17,45,0.39953,0.37778,8; 3; 17; 45; 30; 10; 12; 32
19,66,0.26832,0.28788,6; 3; 19; 66; 10; 8; 21; 4
26,37,0.71509,0.7027,17; 17; 26; 37; 16; 16; 21; 19
5,58,0.24189,0.08621,17; 17; 5; 58; 8; 7; 18; 14
25,28,0.91272,0.89286,11; 4; 25; 28; 4; 21; 25; 8
11,68,0.21559,0.16176,9; 6; 11; 68; 16; 15; 9; 16
17,23,0.78917,0.73913,23; 22; 17; 23; 4; 3; 28; 14
8,31,0.31491,0.25806,24; 22; 8; 31; 28; 9; 12; 10
38,49,0.7572,0.77551,4; 3; 38; 49; 13; 6; 27; 22
35,49,0.71107,0.71429,7; 7; 35; 49; 7; 17; 24; 20
20,48,0.45416,0.41667,13; 11; 20; 48; 13; 9; 3; 19
30,42,0.69303,0.71429,11; 5; 30; 42; 17; 25; 19; 28
10,14,0.78431,0.71429,22; 14; 10; 14; 18; 3; 5; 3
20,68,0.31332,0.29412,3; 3; 20; 68; 5; 26; 32; 3
19,27,0.72654,0.7037,4; 26; 19; 27; 10; 23; 4; 19
34,46,0.7323,0.73913,8; 3; 34; 46; 5; 13; 20; 30
18,23,0.86776,0.78261,5; 17; 18; 23; 4; 7; 6; 23
7,74,0.21251,0.09459,6; 4; 7; 74; 26; 3; 23; 30
7,9,0.76119,0.77778,38; 19; 7; 9; 4; 12; 30; 23
7,10,0.83904,0.7,27; 38; 7; 10; 4; 25; 22; 18
9,31,0.34939,0.29032,20; 16; 9; 31; 11; 24; 24; 32
21,59,0.34016,0.35593,5; 6; 21; 59; 12; 18; 13; 3
20,32,0.61555,0.625,17; 3; 20; 32; 11; 11; 23; 14
28,38,0.66592,0.73684,6; 13; 28; 38; 29; 16; 6; 24
11,73,0.21914,0.15068,7; 6; 11; 73; 32; 13; 8; 26
23,57,0.39976,0.40351,6; 6; 23; 57; 21; 21; 11; 3
15,39,0.37347,0.38462,5; 15; 15; 39; 21; 15; 22; 30
37,50,0.72488,0.74,4; 5; 37; 50; 5; 8; 16; 27
21,30,0.67071,0.7,22; 19; 21; 30; 18; 6; 22; 24
20,53,0.39506,0.37736,7; 6; 20; 53; 23; 17; 22; 20
24,57,0.43485,0.42105,6; 4; 24; 57; 7; 15; 10; 26
17,59,0.29931,0.28814,11; 5; 17; 59; 8; 17; 9; 19
11,42,0.26876,0.2619,15; 18; 11; 42; 28; 3; 4; 27
35,47,0.73469,0.74468,8; 4; 35; 47; 25; 6; 32; 14
17,19,0.87993,0.89474,12; 11; 17; 19; 24; 16; 25; 22
16,56,0.32074,0.28571,4; 6; 16; 56; 9; 25; 22; 12
35,49,0.71692,0.71429,5; 4; 35; 49; 24; 21; 12; 9
15,21,0.78896,0.71429,6; 18; 15; 21; 23; 27; 9; 13
25,51,0.51779,0.4902,3; 10; 25; 51; 10; 28; 12; 27
27,55,0.48092,0.49091,6; 5; 27; 55; 4; 31; 18; 4
31,44,0.67742,0.70455,7; 9; 31; 44; 30; 11; 31; 24
14,70,0.23042,0.2,5; 7; 14; 70; 14; 16; 24; 18
23,33,0.70073,0.69697,15; 16; 23; 33; 20; 23; 31; 9
10,14,0.81358,0.71429,27; 4; 10; 14; 6; 5; 3; 6
9,45,0.21719,0.2,9; 18; 9; 45; 23; 5; 5; 27
25,59,0.44874,0.42373,3; 7; 25; 59; 8; 30; 7; 14
6,65,0.19706,0.09231,11; 11; 6; 65; 21; 20; 7; 11
9,56,0.26993,0.16071,10; 3; 9; 56; 26; 25; 23; 14
40,45,0.88539,0.88889,6; 6; 40; 45; 3; 5; 17; 13
37,53,0.73189,0.69811,4; 4; 37; 53; 30; 10; 11; 29
12,23,0.54228,0.52174,22; 23; 12; 23; 15; 22; 11; 24
16,45,0.31825,0.35556,9; 18; 16; 45; 22; 31; 15; 3
11,55,0.25383,0.2,8; 4; 11; 55; 25; 4; 27; 3
5,33,0.10372,0.15152,20; 27; 5; 33; 24; 21; 22; 25
22,58,0.37514,0.37931,5; 5; 22; 58; 29; 4; 17; 18
17,43,0.39541,0.39535,11; 7; 17; 43; 26; 32; 26; 10
11,67,0.25089,0.16418,5; 4; 11; 67; 27; 13; 4; 31
15,39,0.38403,0.38462,22; 5; 15; 39; 21; 25; 24; 27
6,64,0.23038,0.09375,3; 7; 6; 64; 22; 21; 26; 4
32,36,0.88852,0.88889,10; 12; 32; 36; 30; 7; 15; 4
32,51,0.60723,0.62745,4; 7; 32; 51; 9; 13; 18; 15
28,40,0.67923,0.7,4; 5; 28; 40; 25; 19; 22; 10
5,48,0.2147,0.10417,10; 7; 5; 48; 9; 7; 4; 3
22,61,0.36951,0.36066,3; 4; 22; 61; 13; 23; 23; 20
8,80,0.22408,0.1,5; 4; 8; 80; 19; 8; 19; 18
10,67,0.1985,0.14925,3; 10; 10; 67; 6; 22; 28; 20
20,53,0.38888,0.37736,8; 8; 20; 53; 25; 30; 31; 7
28,38,0.69182,0.73684,13; 15; 28; 38; 21; 20; 14; 14
19,30,0.61694,0.63333,20; 22; 19; 30; 7; 10; 25; 15
25,51,0.47428,0.4902,6; 8; 25; 51; 28; 29; 19; 4
7,24,0.31412,0.29167,33; 31; 7; 24; 27; 14; 6; 25
17,66,0.26996,0.25758,5; 6; 17; 66; 29; 16; 12; 22
38,49,0.77751,0.77551,3; 5; 38; 49; 14; 21; 20; 22
11,56,0.20947,0.19643,8; 4; 11; 56; 15; 20; 10; 16
23,57,0.43972,0.40351,9; 5; 23; 57; 7; 14; 32; 28
12,46,0.26987,0.26087,7; 14; 12; 46; 16; 21; 20; 16
16,23,0.74914,0.69565,23; 9; 16; 23; 23; 30; 12; 22
8,9,0.82706,0.88889,10; 9; 8; 9; 16; 24; 31; 16
8,81,0.2645,0.09877,3; 3; 8; 81; 6; 24; 6; 25
6,66,0.23702,0.09091,9; 7; 6; 66; 10; 3; 8; 5
7,80,0.24179,0.0875,5; 4; 7; 80; 29; 25; 20; 10
5,34,0.24074,0.14706,5; 25; 5; 34; 4; 15; 21; 22
5,51,0.26431,0.09804,5; 14; 5; 51; 3; 14; 20; 32
18,23,0.84179,0.78261,22; 12; 18; 23; 14; 25; 28; 8
32,51,0.64535,0.62745,6; 7; 32; 51; 8; 4; 27; 23
7,67,0.20707,0.10448,8; 3; 7; 67; 12; 3; 17; 19
10,68,0.24281,0.14706,9; 5; 10; 68; 23; 12; 18; 19
5,32,0.28307,0.15625,5; 12; 5; 32; 7; 14; 25; 12
19,50,0.39724,0.38,10; 6; 19; 50; 26; 11; 29; 22
26,35,0.75375,0.74286,3; 7; 26; 35; 21; 18; 15; 27
15,74,0.24557,0.2027,4; 3; 15; 74; 8; 15; 13; 30
27,52,0.53901,0.51923,8; 9; 27; 52; 23; 6; 30; 21
21,50,0.43047,0.42,13; 6; 21; 50; 20; 21; 20; 13
21,53,0.42834,0.39623,5; 11; 21; 53; 13; 10; 3; 10
23,57,0.43712,0.40351,3; 3; 23; 57; 22; 28; 7; 18
32,36,0.90417,0.88889,9; 7; 32; 36; 27; 12; 27; 30
11,38,0.30849,0.28947,14; 19; 11; 38; 3; 12; 30; 18
12,77,0.24287,0.15584,3; 3; 12; 77; 25; 12; 30; 25
13,45,0.25909,0.28889,6; 9; 13; 45; 18; 24; 24; 11
32,45,0.68794,0.71111,3; 6; 32; 45; 30; 28; 15; 13
7,77,0.217,0.09091,3; 6; 7; 77; 5; 15; 6; 8
15,36,0.41548,0.41667,21; 12; 15; 36; 29; 15; 14; 11
7,48,0.22984,0.14583,18; 17; 7; 48; 3; 16; 5; 17
29,46,0.62635,0.63043,9; 7; 29; 46; 29; 12; 10; 25
19,30,0.60371,0.63333,13; 21; 19; 30; 22; 31; 5; 4
32,36,0.86676,0.88889,12; 8; 32; 36; 28; 14; 17; 7
19,45,0.43227,0.42222,14; 6; 19; 45; 32; 5; 4; 27
34,54,0.60607,0.62963,5; 4; 34; 54; 16; 32; 7; 12
29,39,0.70395,0.74359,10; 11; 29; 39; 13; 28; 16; 14
24,49,0.49673,0.4898,11; 4; 24; 49; 17; 9; 17; 20
27,38,0.691,0.71053,16; 9; 27; 38; 29; 6; 22; 12
21,43,0.50184,0.48837,8; 11; 21; 43; 14; 7; 10; 8
21,55,0.39565,0.38182,5; 6; 21; 55; 18; 28; 4; 20
17,23,0.85809,0.73913,27; 29; 17; 23; 4; 19; 21; 29
7,79,0.24054,0.08861,5; 4; 7; 79; 6; 7; 15; 23
39,50,0.74036,0.78,3; 3; 39; 50; 8; 9; 24; 3
32,45,0.70285,0.71111,7; 5; 32; 45; 9; 3; 32; 32
8,31,0.31358,0.25806,13; 13; 8; 31; 23; 28; 25; 7
31,49,0.62066,0.63265,4; 5; 31; 49; 18; 11; 17; 10
28,40,0.68419,0.7,7; 3; 28; 40; 8; 24; 28; 18
16,62,0.30365,0.25806,10; 9; 16; 62; 4; 3; 24; 27
17,58,0.30723,0.2931,10; 9; 17; 58; 21; 13; 8; 27
14,20,0.71785,0.7,28; 21; 14; 20; 12; 19; 24; 19
19,48,0.39403,0.39583,9; 14; 19; 48; 27; 29; 18; 6
41,46,0.92243,0.8913,5; 5; 41; 46; 12; 3; 15; 3
32,51,0.60964,0.62745,7; 4; 32; 51; 22; 28; 13; 15
12,32,0.38473,0.375,21; 26; 12; 32; 27; 10; 22; 6
6,38,0.2763,0.15789,13; 7; 6; 38; 26; 26; 23; 6
17,24,0.75458,0.70833,8; 20; 17; 24; 24; 24; 31; 3
28,40,0.69516,0.7,3; 7; 28; 40; 16; 18; 26; 12
37,50,0.71076,0.74,5; 3; 37; 50; 20; 5; 29; 30
11,68,0.2396,0.16176,5; 8; 11; 68; 5; 6; 31; 10
19,27,0.71352,0.7037,4; 22; 19; 27; 24; 23; 25; 17
9,58,0.26418,0.15517,7; 13; 9; 58; 29; 10; 9; 7
32,45,0.68251,0.71111,3; 4; 32; 45; 10; 22; 26; 11
25,35,0.67331,0.71429,9; 11; 25; 35; 23; 20; 16; 13
8,81,0.26169,0.09877,4; 3; 8; 81; 9; 26; 16; 15
7,67,0.23786,0.10448,4; 6; 7; 67; 25; 7; 20; 30
9,61,0.23314,0.14754,13; 7; 9; 61; 12; 30; 18; 29
17,47,0.39607,0.3617,5; 9; 17; 47; 8; 32; 17; 7
11,21,0.50637,0.52381,32; 4; 11; 21; 6; 27; 16; 5
14,53,0.28001,0.26415,5; 13; 14; 53; 3; 8; 23; 6
13,36,0.34857,0.36111,11; 22; 13; 36; 9; 9; 5; 22
23,33,0.64701,0.69697,4; 8; 23; 33; 23; 27; 21; 10
6,30,0.28732,0.2,3; 15; 6; 30; 4; 15; 3; 28
15,39,0.40343,0.38462,14; 13; 15; 39; 5; 18; 4; 31
20,28,0.66717,0.71429,25; 5; 20; 28; 19; 21; 3; 20
7,10,0.66812,0.7,30; 9; 7; 10; 7; 8; 8; 31
8,22,0.35739,0.36364,14; 16; 8; 22; 26; 12; 6; 19
20,32,0.64185,0.625,6; 17; 20; 32; 17; 12; 5; 16
5,12,0.35899,0.41667,10; 17; 5; 12; 29; 28; 8; 27
26,37,0.70107,0.7027,8; 5; 26; 37; 30; 17; 9; 15
8,21,0.40988,0.38095,14; 25; 8; 21; 23; 12; 7; 13
22,45,0.51573,0.48889,5; 15; 22; 45; 7; 23; 7; 23
12,33,0.37662,0.36364,12; 24; 12; 33; 17; 27; 21; 22
6,65,0.21046,0.09231,8; 3; 6; 65; 29; 16; 29; 6
9,60,0.22643,0.15,7; 7; 9; 60; 3; 29; 15; 5
14,70,0.24901,0.2,6; 7; 14; 70; 4; 32; 21; 21
8,19,0.38161,0.42105,33; 35; 8; 19; 6; 22; 6; 20
14,19,0.86994,0.73684,18; 15; 14; 19; 6; 9; 13; 27
7,82,0.25699,0.08537,3; 3; 7; 82; 25; 10; 8; 21
35,50,0.7118,0.7,6; 6; 35; 50; 17; 30; 32; 4
22,55,0.39565,0.4,4; 8; 22; 55; 10; 23; 8; 27
7,68,0.21453,0.10294,6; 3; 7; 68; 25; 5; 9; 19
33,37,0.90199,0.89189,6; 7; 33; 37; 24; 14; 8; 8
30,48,0.61936,0.625,3; 9; 30; 48; 24; 21; 29; 12
23,60,0.37803,0.38333,3; 3; 23; 60; 11; 5; 6; 18
25,62,0.40495,0.40323,5; 5; 25; 62; 23; 11; 25; 24
10,65,0.22778,0.15385,5; 11; 10; 65; 14; 31; 22; 12
17,33,0.50224,0.51515,8; 13; 17; 33; 11; 4; 16; 25
14,18,0.77468,0.77778,30; 22; 14; 18; 25; 5; 12; 9
27,55,0.49767,0.49091,3; 4; 27; 55; 23; 20; 30; 19
17,19,0.91733,0.89474,7; 10; 17; 19; 11; 4; 17; 8
7,71,0.23366,0.09859,6; 9; 7; 71; 30; 9; 16; 30
7,74,0.25387,0.09459,5; 4; 7; 74; 25; 28; 23; 15
11,21,0.54556,0.52381,10; 8; 11; 21; 25; 11; 4; 9
18,70,0.28071,0.25714,4; 4; 18; 70; 24; 28; 17; 24
23,47,0.50815,0.48936,14; 10; 23; 47; 5; 8; 15; 17
9,24,0.36057,0.375,23; 4; 9; 24; 27; 20; 23; 17
35,47,0.72245,0.74468,4; 8; 35; 47; 17; 28; 12; 5
7,77,0.20917,0.09091,4; 7; 7; 77; 8; 16; 24; 27
30,48,0.61774,0.625,6; 7; 30; 48; 18; 16; 24; 18
7,69,0.23094,0.10145,10; 6; 7; 69; 3; 29; 29; 3
8,19,0.36759,0.42105,11; 19; 8; 19; 28; 18; 13; 6
20,32,0.60587,0.625,21; 12; 20; 32; 10; 26; 19; 30
37,50,0.76115,0.74,4; 4; 37; 50; 25; 13; 16; 32
16,61,0.25007,0.2623,8; 4; 16; 61; 5; 30; 18; 9
23,31,0.74833,0.74194,22; 9; 23; 31; 9; 22; 5; 15
12,73,0.20478,0.16438,3; 4; 12; 73; 10; 23; 30; 30
21,50,0.43394,0.42,3; 8; 21; 50; 4; 26; 30; 30
23,55,0.42729,0.41818,6; 9; 23; 55; 19; 9; 5; 26
35,47,0.74721,0.74468,8; 8; 35; 47; 21; 22; 30; 10
6,70,0.24551,0.08571,3; 11; 6; 70; 23; 23; 29; 10
14,48,0.29449,0.29167,6; 16; 14; 48; 7; 24; 13; 14
23,44,0.49694,0.52273,3; 3; 23; 44; 3; 13; 30; 29
35,45,0.8005,0.77778,5; 3; 35; 45; 23; 3; 4; 32
11,69,0.21412,0.15942,6; 6; 11; 69; 25; 22; 32; 14
37,50,0.75395,0.74,4; 3; 37; 50; 28; 30; 5; 29
23,33,0.66656,0.69697,14; 21; 23; 33; 5; 6; 10; 3
5,50,0.24115,0.1,5; 9; 5; 50; 18; 30; 21; 21
7,73,0.21955,0.09589,6; 5; 7; 73; 30; 31; 4; 10
11,42,0.29081,0.2619,22; 9; 11; 42; 10; 8; 23; 21
18,47,0.3996,0.38298,8; 11; 18; 47; 28; 16; 24; 6
27,43,0.61455,0.62791,11; 3; 27; 43; 28; 9; 27; 13
23,61,0.35754,0.37705,3; 7; 23; 61; 5; 24; 29; 15
6,59,0.23867,0.10169,3; 11; 6; 59; 14; 18; 8; 31
21,43,0.50363,0.48837,6; 5; 21; 43; 18; 13; 15; 13
15,29,0.52966,0.51724,7; 22; 15; 29; 8; 26; 25; 10
24,34,0.70929,0.70588,17; 20; 24; 34; 13; 5; 7; 10
5,58,0.23271,0.08621,15; 3; 5; 58; 14; 31; 26; 26
6,62,0.23017,0.09677,15; 4; 6; 62; 17; 24; 16; 19
10,50,0.25787,0.2,6; 9; 10; 50; 8; 11; 3; 11
31,42,0.74373,0.7381,11; 9; 31; 42; 5; 10; 24; 5
7,81,0.26936,0.08642,4; 4; 7; 81; 3; 3; 16; 17
39,44,0.85673,0.88636,4; 3; 39; 44; 11; 32; 22; 16
7,70,0.24008,0.1,10; 8; 7; 70; 9; 32; 32; 5
35,49,0.7084,0.71429,3; 3; 35; 49; 32; 20; 10; 12
6,38,0.20978,0.15789,26; 15; 6; 38; 22; 19; 7; 12
23,64,0.35455,0.35938,3; 5; 23; 64; 23; 22; 4; 17
7,76,0.21808,0.09211,6; 6; 7; 76; 6; 30; 32; 27
7,80,0.27124,0.0875,3; 3; 7; 80; 24; 3; 24; 32
19,65,0.30821,0.29231,7; 7; 19; 65; 5; 18; 28; 19
12,23,0.55604,0.52174,23; 12; 12; 23; 26; 27; 24; 13
29,37,0.80084,0.78378,8; 4; 29; 37; 10; 22; 6; 15
9,60,0.24496,0.15,13; 14; 9; 60; 3; 13; 12; 20
23,33,0.6429,0.69697,8; 15; 23; 33; 23; 7; 14; 3
13,31,0.41374,0.41935,3; 17; 13; 31; 7; 32; 22; 29
24,27,0.86813,0.88889,17; 14; 24; 27; 21; 31; 17; 19
14,69,0.23155,0.2029,3; 6; 14; 69; 26; 4; 14; 24
17,23,0.78582,0.73913,12; 11; 17; 23; 5; 6; 12; 21
34,38,0.88412,0.89474,3; 5; 34; 38; 24; 26; 12; 31
6,16,0.37961,0.375,19; 38; 6; 16; 7; 20; 11; 25
8,82,0.25804,0.09756,3; 4; 8; 82; 25; 16; 4; 30
30,43,0.65443,0.69767,6; 10; 30; 43; 23; 26; 12; 8
11,71,0.20492,0.15493,7; 4; 11; 71; 3; 30; 28; 6
12,47,0.28803,0.25532,14; 15; 12; 47; 32; 28; 14; 8
28,57,0.48648,0.49123,5; 6; 28; 57; 7; 10; 19; 14
25,35,0.72765,0.71429,6; 4; 25; 35; 20; 15; 16; 16
26,37,0.67111,0.7027,11; 10; 26; 37; 15; 21; 9; 13
16,38,0.46237,0.42105,12; 12; 16; 38; 21; 10; 24; 19
16,18,0.9575,0.88889,20; 31; 16; 18; 9; 19; 7; 23
12,74,0.20724,0.16216,5; 5; 12; 74; 26; 4; 8; 20
9,61,0.23385,0.14754,5; 6; 9; 61; 26; 8; 10; 25
5,7,0.68973,0.71429,19; 3; 5; 7; 30; 6; 27; 8
6,70,0.25778,0.08571,5; 8; 6; 70; 24; 15; 7; 16
32,45,0.7107,0.71111,5; 7; 32; 45; 29; 4; 20; 26
10,49,0.25018,0.20408,8; 8; 10; 49; 14; 11; 4; 7
12,74,0.22727,0.16216,6; 5; 12; 74; 32; 10; 11; 16
12,78,0.24041,0.15385,3; 3; 12; 78; 19; 16; 19; 19
12,17,0.86767,0.70588,16; 9; 12; 17; 10; 9; 3; 22
34,38,0.88484,0.89474,10; 8; 34; 38; 28; 9; 9; 4
6,58,0.18436,0.10345,17; 15; 6; 58; 11; 30; 12; 30
19,30,0.61798,0.63333,17; 5; 19; 30; 9; 25; 10; 13
14,53,0.29476,0.26415,12; 5; 14; 53; 15; 19; 16; 17
15,36,0.37283,0.41667,7; 13; 15; 36; 15; 23; 19; 19
26,53,0.51277,0.49057,8; 7; 26; 53; 31; 5; 24; 17
33,37,0.87256,0.89189,4; 7; 33; 37; 32; 6; 19; 12
14,20,0.82451,0.7,13; 20; 14; 20; 23; 9; 18; 15
29,46,0.6126,0.63043,6; 6; 29; 46; 25; 5; 8; 25
12,32,0.34055,0.375,12; 16; 12; 32; 32; 11; 20; 18
22,35,0.62193,0.62857,9; 4; 22; 35; 22; 29; 17; 28
28,36,0.76053,0.77778,17; 15; 28; 36; 16; 4; 26; 12
11,29,0.32782,0.37931,19; 18; 11; 29; 30; 30; 5; 6
6,66,0.20595,0.09091,12; 3; 6; 66; 23; 10; 3; 3
15,75,0.23328,0.2,3; 3; 15; 75; 6; 32; 10; 10
20,69,0.31439,0.28986,4; 3; 20; 69; 11; 20; 27; 27
6,68,0.24042,0.08824,3; 10; 6; 68; 9; 5; 4; 21
6,15,0.54617,0.4,36; 13; 6; 15; 11; 29; 21; 27
23,57,0.42251,0.40351,3; 7; 23; 57; 24; 28; 9; 19
32,46,0.66769,0.69565,10; 8; 32; 46; 11; 16; 7; 6
7,46,0.23781,0.15217,5; 21; 7; 46; 3; 21; 25; 22
12,60,0.21634,0.2,12; 5; 12; 60; 24; 19; 26; 5
16,56,0.29894,0.28571,5; 3; 16; 56; 26; 10; 21; 22
5,19,0.3886,0.26316,36; 4; 5; 19; 30; 13; 16; 28
29,37,0.75712,0.78378,8; 10; 29; 37; 27; 8; 31; 3
39,50,0.76644,0.78,3; 4; 39; 50; 7; 9; 32; 19
12,41,0.29878,0.29268,20; 5; 12; 41; 29; 27; 13; 23
12,77,0.23203,0.15584,4; 3; 12; 77; 14; 13; 4; 32
18,23,0.84464,0.78261,11; 19; 18; 23; 24; 7; 25; 18
16,61,0.28655,0.2623,7; 3; 16; 61; 6; 30; 27; 12
7,47,0.27118,0.14894,14; 3; 7; 47; 17; 4; 17; 21
24,49,0.47466,0.4898,12; 4; 24; 49; 24; 29; 6; 22
6,23,0.30364,0.26087,31; 26; 6; 23; 28; 25; 4; 28
22,61,0.38199,0.36066,3; 4; 22; 61; 17; 32; 6; 4
11,72,0.20504,0.15278,5; 4; 11; 72; 6; 19; 13; 6
6,60,0.21935,0.1,14; 8; 6; 60; 27; 20; 19; 16
18,50,0.40069,0.36,11; 12; 18; 50; 10; 23; 16; 3
22,35,0.63275,0.62857,10; 16; 22; 35; 24; 18; 11; 3
15,29,0.47903,0.51724,19; 17; 15; 29; 17; 26; 20; 3
12,42,0.30103,0.28571,8; 3; 12; 42; 29; 21; 4; 30
33,37,0.91817,0.89189,10; 9; 33; 37; 24; 13; 26; 28
19,39,0.50217,0.48718,3; 12; 19; 39; 13; 6; 25; 15
29,39,0.70197,0.74359,12; 15; 29; 39; 8; 4; 20; 10
28,40,0.65272,0.7,6; 9; 28; 40; 31; 30; 28; 7
22,45,0.47652,0.48889,11; 15; 22; 45; 30; 10; 29; 13
23,44,0.53189,0.52273,13; 15; 23; 44; 7; 32; 26; 12
25,48,0.53836,0.52083,4; 6; 25; 48; 31; 19; 12; 15
5,55,0.2589,0.09091,19; 6; 5; 55; 32; 23; 27; 11
36,46,0.7573,0.78261,5; 5; 36; 46; 24; 7; 5; 26
20,70,0.2933,0.28571,3; 4; 20; 70; 23; 15; 18; 30
11,42,0.25557,0.2619,13; 4; 11; 42; 4; 27; 28; 17
33,52,0.62563,0.63462,3; 6; 33; 52; 16; 6; 8; 9
39,44,0.86752,0.88636,7; 5; 39; 44; 5; 30; 19; 22
21,53,0.37957,0.39623,4; 5; 21; 53; 29; 8; 29; 14
5,19,0.30614,0.26316,21; 7; 5; 19; 9; 6; 24; 17
7,80,0.28879,0.0875,5; 4; 7; 80; 22; 7; 30; 12
34,54,0.62572,0.62963,3; 4; 34; 54; 11; 24; 25; 5
22,45,0.46096,0.48889,12; 7; 22; 45; 4; 11; 31; 20
35,50,0.70934,0.7,3; 4; 35; 50; 20; 29; 17; 28
20,50,0.38313,0.4,8; 14; 20; 50; 32; 4; 16; 24
31,49,0.62497,0.63265,7; 7; 31; 49; 26; 6; 26; 7
20,41,0.5132,0.4878,6; 9; 20; 41; 29; 16; 28; 19
7,43,0.28598,0.16279,20; 8; 7; 43; 30; 19; 21; 21
26,53,0.47745,0.49057,3; 7; 26; 53; 23; 24; 13; 5
17,19,0.91683,0.89474,6; 12; 17; 19; 32; 20; 18; 23
42,47,0.91817,0.89362,3; 3; 42; 47; 23; 26; 9; 24
37,50,0.73658,0.74,3; 5; 37; 50; 22; 25; 5; 27
20,68,0.30828,0.29412,4; 5; 20; 68; 11; 14; 12; 9
37,53,0.67596,0.69811,3; 3; 37; 53; 12; 26; 16; 9
32,46,0.71334,0.69565,4; 3; 32; 46; 6; 8; 13; 25
10,66,0.19869,0.15152,11; 6; 10; 66; 6; 25; 16; 27
5,33,0.25005,0.15152,22; 8; 5; 33; 30; 4; 11; 9
6,67,0.2388,0.08955,8; 4; 6; 67; 3; 9; 22; 6
7,48,0.23518,0.14583,21; 7; 7; 48; 3; 24; 14; 25
21,53,0.38344,0.39623,5; 4; 21; 53; 18; 5; 3; 29
36,46,0.75102,0.78261,5; 6; 36; 46; 21; 21; 18; 15
24,34,0.70056,0.70588,20; 10; 24; 34; 28; 13; 3; 17
11,21,0.50771,0.52381,32; 13; 11; 21; 18; 26; 27; 11
13,50,0.26382,0.26,4; 15; 13; 50; 30; 15; 19; 9
24,27,0.9047,0.88889,8; 20; 24; 27; 6; 28; 7; 26
6,58,0.26237,0.10345,7; 11; 6; 58; 25; 6; 9; 4
18,50,0.33709,0.36,12; 9; 18; 50; 6; 14; 23; 18
11,43,0.26894,0.25581,21; 9; 11; 43; 5; 27; 24; 23
19,30,0.58787,0.63333,22; 20; 19; 30; 4; 26; 10; 21
11,26,0.43794,0.42308,24; 17; 11; 26; 21; 16; 14; 31
11,26,0.37544,0.42308,11; 3; 11; 26; 9; 9; 19; 25
6,63,0.22121,0.09524,5; 8; 6; 63; 11; 28; 7; 8
24,49,0.4809,0.4898,3; 3; 24; 49; 12; 12; 16; 31
22,55,0.38666,0.4,3; 6; 22; 55; 10; 27; 8; 13
7,9,0.83112,0.77778,16; 26; 7; 9; 5; 23; 26; 11
18,43,0.43333,0.4186,8; 13; 18; 43; 13; 30; 26; 14
31,42,0.70615,0.7381,3; 8; 31; 42; 32; 24; 17; 24
32,43,0.74614,0.74419,11; 7; 32; 43; 20; 9; 16; 26
17,27,0.64942,0.62963,17; 24; 17; 27; 28; 8; 3; 3
6,64,0.23977,0.09375,6; 11; 6; 64; 9; 9; 16; 9
6,15,0.4208,0.4,25; 34; 6; 15; 13; 30; 10; 15
13,31,0.37906,0.41935,25; 15; 13; 31; 18; 22; 18; 30
13,36,0.3325,0.36111,10; 8; 13; 36; 12; 22; 32; 28
27,38,0.68105,0.71053,8; 8; 27; 38; 8; 11; 28; 23
15,24,0.67891,0.625,29; 24; 15; 24; 15; 29; 27; 15
6,70,0.21775,0.08571,5; 11; 6; 70; 7; 30; 32; 17
23,58,0.41372,0.39655,8; 7; 23; 58; 32; 20; 26; 15
7,81,0.2041,0.08642,3; 4; 7; 81; 13; 27; 19; 5
7,80,0.25206,0.0875,3; 4; 7; 80; 4; 12; 25; 19
16,55,0.28347,0.29091,7; 3; 16; 55; 28; 19; 10; 12
9,55,0.25983,0.16364,9; 8; 9; 55; 22; 29; 18; 22
17,19,0.9408,0.89474,7; 6; 17; 19; 14; 6; 27; 16
28,57,0.50993,0.49123,6; 3; 28; 57; 31; 15; 10; 10
6,61,0.20184,0.09836,8; 15; 6; 61; 4; 22; 14; 15
8,81,0.22043,0.09877,4; 3; 8; 81; 17; 11; 20; 13
16,62,0.28737,0.25806,3; 9; 16; 62; 7; 12; 25; 4
25,28,0.90747,0.89286,7; 18; 25; 28; 7; 9; 15; 25
7,80,0.28431,0.0875,5; 5; 7; 80; 17; 8; 13; 4
24,64,0.39299,0.375,3; 3; 24; 64; 15; 21; 22; 25
22,61,0.36337,0.36066,3; 5; 22; 61; 25; 11; 14; 29
19,39,0.47706,0.48718,4; 6; 19; 39; 25; 13; 29; 12
26,35,0.72831,0.74286,9; 14; 26; 35; 14; 8; 7; 17
20,27,0.77311,0.74074,15; 25; 20; 27; 5; 9; 15; 7
15,52,0.3006,0.28846,9; 4; 15; 52; 7; 18; 17; 28
22,45,0.50495,0.48889,14; 13; 22; 45; 15; 12; 27; 29
32,36,0.91572,0.88889,13; 4; 32; 36; 28; 20; 9; 24
33,37,0.85046,0.89189,10; 8; 33; 37; 8; 17; 22; 7
11,43,0.27491,0.25581,8; 22; 11; 43; 4; 29; 13; 9
11,70,0.2156,0.15714,6; 8; 11; 70; 3; 6; 24; 24
17,58,0.306,0.2931,3; 11; 17; 58; 6; 9; 18; 15
12,47,0.26903,0.25532,13; 12; 12; 47; 11; 8; 31; 7
28,36,0.75439,0.77778,14; 9; 28; 36; 6; 32; 12; 9
20,41,0.48889,0.4878,10; 17; 20; 41; 29; 14; 15; 10
40,45,0.86986,0.88889,6; 5; 40; 45; 31; 22; 27; 3
14,27,0.5253,0.51852,23; 19; 14; 27; 14; 11; 3; 8
17,23,0.8285,0.73913,27; 6; 17; 23; 14; 6; 16; 15
10,51,0.252,0.19608,5; 18; 10; 51; 5; 11; 4; 28
6,30,0.24045,0.2,15; 11; 6; 30; 6; 4; 27; 4
10,25,0.41066,0.4,19; 23; 10; 25; 11; 20; 20; 12
37,50,0.71573,0.74,5; 4; 37; 50; 27; 15; 13; 16
5,31,0.25071,0.16129,28; 4; 5; 31; 5; 6; 13; 5
14,20,0.76301,0.7,3; 20; 14; 20; 12; 27; 12; 10
14,48,0.3024,0.29167,3; 8; 14; 48; 9; 8; 15; 17
16,18,0.87537,0.88889,29; 11; 16; 18; 28; 7; 14; 29
25,28,0.88227,0.89286,21; 22; 25; 28; 5; 6; 13; 32
17,45,0.40698,0.37778,13; 13; 17; 45; 18; 17; 10; 31
14,27,0.48326,0.51852,22; 14; 14; 27; 19; 10; 6; 20
20,55,0.35162,0.36364,3; 9; 20; 55; 5; 30; 30; 24
6,65,0.20358,0.09231,13; 5; 6; 65; 10; 19; 4; 27
14,27,0.50858,0.51852,13; 21; 14; 27; 5; 16; 20; 30
14,48,0.30838,0.29167,10; 18; 14; 48; 23; 10; 14; 12
13,65,0.2405,0.2,6; 4; 13; 65; 28; 29; 23; 15
18,23,0.80358,0.78261,27; 20; 18; 23; 29; 13; 29; 24
20,50,0.42477,0.4,14; 12; 20; 50; 26; 24; 9; 25
21,43,0.47321,0.48837,9; 15; 21; 43; 17; 3; 27; 31
19,47,0.40871,0.40426,3; 10; 19; 47; 27; 5; 14; 16
5,51,0.20912,0.09804,12; 10; 5; 51; 15; 3; 22; 21
32,46,0.6591,0.69565,8; 4; 32; 46; 17; 23; 3; 29
26,50,0.51638,0.52,8; 11; 26; 50; 18; 30; 16; 22
39,44,0.887,0.88636,4; 6; 39; 44; 11; 19; 11; 27
17,19,0.90856,0.89474,16; 27; 17; 19; 22; 18; 15; 26
20,41,0.49718,0.4878,5; 5; 20; 41; 20; 29; 18; 17
20,41,0.50684,0.4878,17; 5; 20; 41; 13; 24; 32; 28
9,57,0.22523,0.15789,9; 3; 9; 57; 17; 27; 17; 31
16,45,0.33528,0.35556,7; 10; 16; 45; 6; 24; 25; 13
34,54,0.62032,0.62963,5; 4; 34; 54; 29; 13; 7; 17
8,9,0.74823,0.88889,19; 17; 8; 9; 4; 26; 11; 22
31,42,0.74504,0.7381,4; 12; 31; 42; 30; 12; 15; 18
10,63,0.24069,0.15873,8; 3; 10; 63; 32; 23; 6; 22
15,51,0.27863,0.29412,16; 8; 15; 51; 10; 5; 19; 9
29,41,0.6836,0.70732,6; 11; 29; 41; 13; 30; 30; 4
32,45,0.71269,0.71111,6; 9; 32; 45; 26; 21; 13; 23
5,14,0.51207,0.35714,19; 39; 5; 14; 13; 28; 24; 13
31,40,0.77645,0.775,6; 3; 31; 40; 28; 11; 19; 25
31,42,0.71215,0.7381,6; 7; 31; 42; 9; 31; 24; 27
24,46,0.55425,0.52174,13; 8; 24; 46; 24; 5; 18; 30
7,27,0.30038,0.25926,27; 4; 7; 27; 32; 27; 7; 28
5,34,0.24073,0.14706,28; 5; 5; 34; 21; 28; 22; 12
37,53,0.66849,0.69811,4; 4; 37; 53; 15; 27; 26; 16
42,47,0.88524,0.89362,4; 4; 42; 47; 16; 9; 27; 7
31,42,0.72465,0.7381,3; 8; 31; 42; 30; 16; 31; 13
19,45,0.4444,0.42222,8; 16; 19; 45; 25; 6; 21; 4
27,38,0.69411,0.71053,4; 5; 27; 38; 21; 12; 20; 24
28,36,0.76151,0.77778,6; 15; 28; 36; 11; 24; 19; 25
7,10,0.63624,0.7,19; 32; 7; 10; 20; 26; 24; 3
7,72,0.23944,0.09722,5; 5; 7; 72; 11; 5; 20; 32
7,48,0.21959,0.14583,15; 11; 7; 48; 31; 16; 3; 4
9,46,0.26467,0.19565,8; 12; 9; 46; 14; 12; 14; 14
8,79,0.2055,0.10127,3; 4; 8; 79; 16; 22; 5; 19
32,36,0.88651,0.88889,3; 3; 32; 36; 11; 31; 14; 17
32,36,0.89355,0.88889,8; 8; 32; 36; 31; 31; 24; 6
19,65,0.31265,0.29231,7; 6; 19; 65; 12; 28; 3; 19
8,80,0.28843,0.1,3; 4; 8; 80; 30; 15; 8; 21
30,58,0.52021,0.51724,3; 4; 30; 58; 30; 18; 12; 27
12,73,0.22826,0.16438,6; 3; 12; 73; 21; 3; 23; 23
9,60,0.24733,0.15,8; 12; 9; 60; 21; 32; 19; 17
14,33,0.41317,0.42424,20; 14; 14; 33; 6; 22; 27; 8
12,59,0.22835,0.20339,9; 5; 12; 59; 13; 20; 10; 19
36,46,0.76637,0.78261,6; 3; 36; 46; 6; 4; 10; 11
18,48,0.40412,0.375,3; 15; 18; 48; 24; 21; 10; 19
10,50,0.23906,0.2,19; 13; 10; 50; 29; 6; 6; 18
15,39,0.39333,0.38462,6; 3; 15; 39; 18; 11; 8; 28
23,44,0.50004,0.52273,5; 10; 23; 44; 4; 9; 22; 29
9,25,0.33031,0.36,30; 26; 9; 25; 22; 28; 11; 20
7,9,0.86807,0.77778,3; 22; 7; 9; 26; 9; 28; 17
29,37,0.81344,0.78378,9; 4; 29; 37; 14; 26; 28; 28
36,46,0.7816,0.78261,3; 8; 36; 46; 9; 14; 22; 10
22,52,0.44483,0.42308,7; 4; 22; 52; 16; 19; 28; 26
13,66,0.22974,0.19697,9; 3; 13; 66; 15; 6; 16; 8
17,35,0.51441,0.48571,14; 3; 17; 35; 14; 21; 24; 31
25,32,0.78122,0.78125,13; 8; 25; 32; 29; 11; 5; 22
19,48,0.4105,0.39583,5; 6; 19; 48; 23; 9; 10; 8
5,52,0.22072,0.09615,5; 6; 5; 52; 24; 29; 16; 7
29,56,0.53492,0.51786,5; 5; 29; 56; 21; 10; 13; 10
37,50,0.77814,0.74,3; 4; 37; 50; 18; 25; 3; 28
5,7,0.74413,0.71429,41; 33; 5; 7; 10; 27; 15; 16
20,27,0.75866,0.74074,17; 13; 20; 27; 5; 14; 19; 21
15,36,0.4241,0.41667,3; 5; 15; 36; 9; 17; 21; 29
35,47,0.71868,0.74468,4; 6; 35; 47; 20; 4; 31; 18
14,54,0.28773,0.25926,14; 7; 14; 54; 14; 29; 4; 21
8,77,0.23577,0.1039,4; 3; 8; 77; 20; 22; 27; 9
25,32,0.77816,0.78125,4; 5; 25; 32; 10; 23; 12; 32
8,81,0.21223,0.09877,3; 4; 8; 81; 32; 18; 31; 15
8,51,0.23957,0.15686,14; 14; 8; 51; 20; 21; 5; 26
24,60,0.4397,0.4,7; 5; 24; 60; 10; 3; 24; 13
6,58,0.24174,0.10345,16; 9; 6; 58; 25; 15; 29; 17
39,50,0.79009,0.78,3; 4; 39; 50; 23; 12; 25; 26
37,53,0.71035,0.69811,4; 3; 37; 53; 17; 6; 17; 29
5,53,0.25182,0.09434,19; 7; 5; 53; 8; 28; 12; 15
6,23,0.34274,0.26087,14; 9; 6; 23; 22; 28; 20; 23
34,48,0.70553,0.70833,8; 8; 34; 48; 17; 25; 3; 7
7,79,0.26279,0.08861,3; 6; 7; 79; 14; 13; 10; 3
8,78,0.23705,0.10256,5; 4; 8; 78; 4; 32; 26; 14
17,27,0.66053,0.62963,25; 16; 17; 27; 15; 6; 25; 30
12,23,0.52377,0.52174,19; 6; 12; 23; 22; 21; 25; 11
8,53,0.23718,0.15094,11; 18; 8; 53; 6; 32; 27; 11
5,12,0.42859,0.41667,30; 3; 5; 12; 16; 3; 18; 22
7,44,0.21849,0.15909,6; 15; 7; 44; 28; 10; 16; 30
6,15,0.50185,0.4,7; 19; 6; 15; 19; 13; 11; 9
19,66,0.30191,0.28788,6; 5; 19; 66; 29; 13; 29; 22
21,43,0.48072,0.48837,13; 8; 21; 43; 27; 6; 8; 30
17,27,0.66627,0.62963,6; 23; 17; 27; 25; 15; 11; 29
8,31,0.24585,0.25806,19; 9; 8; 31; 31; 13; 9; 31
5,51,0.2517,0.09804,3; 3; 5; 51; 13; 20; 15; 29
5,57,0.22014,0.08772,15; 17; 5; 57; 3; 19; 31; 25
27,43,0.64518,0.62791,12; 14; 27; 43; 6; 9; 15; 28
24,66,0.37726,0.36364,4; 3; 24; 66; 12; 22; 19; 31
15,57,0.28899,0.26316,6; 6; 15; 57; 28; 31; 12; 11
7,35,0.25901,0.2,17; 3; 7; 35; 23; 31; 19; 19
25,60,0.43559,0.41667,6; 3; 25; 60; 20; 27; 5; 21
41,46,0.89734,0.8913,5; 5; 41; 46; 22; 27; 21; 22
7,45,0.24416,0.15556,6; 11; 7; 45; 30; 24; 25; 9
13,25,0.51698,0.52,3; 8; 13; 25; 5; 29; 5; 5
12,23,0.44294,0.52174,31; 18; 12; 23; 8; 8; 5; 29
31,35,0.84519,0.88571,5; 16; 31; 35; 7; 12; 14; 13
29,46,0.63204,0.63043,7; 10; 29; 46; 16; 17; 29; 15
5,55,0.20658,0.09091,9; 6; 5; 55; 7; 25; 5; 28
35,50,0.68629,0.7,4; 6; 35; 50; 20; 11; 28; 11
31,35,0.88432,0.88571,12; 4; 31; 35; 23; 4; 11; 24
35,45,0.74856,0.77778,4; 4; 35; 45; 18; 25; 14; 11
20,69,0.31316,0.28986,3; 4; 20; 69; 3; 10; 32; 26
20,69,0.313,0.28986,3; 3; 20; 69; 10; 8; 23; 4
35,50,0.69022,0.7,4; 6; 35; 50; 18; 17; 11; 17
6,70,0.23891,0.08571,7; 5; 6; 70; 12; 12; 3; 11
30,58,0.52243,0.51724,3; 3; 30; 58; 4; 3; 8; 10
28,38,0.72786,0.73684,3; 7; 28; 38; 12; 4; 28; 4
39,50,0.77955,0.78,4; 3; 39; 50; 3; 3; 21; 7
10,34,0.3185,0.29412,12; 24; 10; 34; 4; 17; 9; 23
23,31,0.71663,0.74194,14; 22; 23; 31; 22; 17; 3; 4
9,59,0.22834,0.15254,6; 8; 9; 59; 18; 18; 9; 23
24,60,0.39974,0.4,6; 6; 24; 60; 13; 22; 3; 13
16,61,0.27732,0.2623,10; 10; 16; 61; 7; 28; 26; 17
14,69,0.25778,0.2029,4; 6; 14; 69; 25; 8; 22; 13
11,56,0.23439,0.19643,3; 6; 11; 56; 3; 11; 23; 11
11,29,0.38696,0.37931,13; 4; 11; 29; 21; 22; 21; 5
25,28,0.91153,0.89286,21; 4; 25; 28; 9; 22; 26; 21
15,36,0.39826,0.41667,5; 12; 15; 36; 23; 24; 32; 10
10,64,0.23835,0.15625,8; 5; 10; 64; 27; 16; 17; 13
6,58,0.25887,0.10345,7; 14; 6; 58; 10; 21; 16; 24
22,31,0.74822,0.70968,16; 10; 22; 31; 17; 9; 13; 20
17,19,0.89398,0.89474,13; 29; 17; 19; 31; 24; 12; 6
27,52,0.53967,0.51923,7; 6; 27; 52; 12; 27; 7; 31
13,25,0.52548,0.52,5; 26; 13; 25; 5; 5; 6; 32
10,34,0.26432,0.29412,10; 20; 10; 34; 12; 16; 14; 11
5,49,0.2563,0.10204,11; 6; 5; 49; 11; 30; 9; 17
42,47,0.87872,0.89362,4; 3; 42; 47; 3; 17; 14; 3
21,43,0.50223,0.48837,9; 14; 21; 43; 12; 13; 14; 24
23,58,0.39782,0.39655,3; 5; 23; 58; 4; 6; 21; 3
10,65,0.2184,0.15385,6; 8; 10; 65; 31; 14; 14; 4
9,24,0.41579,0.375,18; 17; 9; 24; 32; 11; 11; 13
29,39,0.72178,0.74359,4; 5; 29; 39; 30; 11; 20; 32
15,24,0.64433,0.625,26; 13; 15; 24; 14; 30; 12; 31
5,48,0.28901,0.10417,8; 13; 5; 48; 31; 12; 16; 21
22,53,0.45119,0.41509,8; 3; 22; 53; 9; 19; 3; 25
20,55,0.3827,0.36364,10; 6; 20; 55; 13; 4; 8; 22
22,45,0.47527,0.48889,4; 10; 22; 45; 27; 5; 22; 9
17,35,0.53514,0.48571,17; 18; 17; 35; 12; 18; 21; 7
17,45,0.36536,0.37778,16; 3; 17; 45; 28; 29; 17; 7
17,33,0.54109,0.51515,15; 7; 17; 33; 26; 6; 4; 21
28,36,0.7803,0.77778,8; 17; 28; 36; 20; 31; 16; 9
17,47,0.39506,0.3617,16; 13; 17; 47; 20; 32; 7; 16
34,48,0.69689,0.70833,8; 3; 34; 48; 32; 12; 27; 19
6,38,0.24655,0.15789,25; 24; 6; 38; 27; 23; 15; 7
10,61,0.25563,0.16393,7; 4; 10; 61; 17; 23; 8; 4
6,64,0.22013,0.09375,7; 13; 6; 64; 19; 32; 13; 26
17,27,0.68328,0.62963,22; 21; 17; 27; 30; 3; 24; 14
21,27,0.76616,0.77778,3; 8; 21; 27; 15; 5; 19; 27
18,69,0.24072,0.26087,5; 4; 18; 69; 12; 8; 11; 18
8,54,0.25677,0.14815,17; 6; 8; 54; 23; 22; 3; 25
14,19,0.78292,0.73684,13; 28; 14; 19; 20; 24; 22; 23
25,28,0.86721,0.89286,8; 22; 25; 28; 24; 32; 7; 22
19,47,0.42511,0.40426,13; 3; 19; 47; 21; 31; 14; 25
6,23,0.3069,0.26087,13; 17; 6; 23; 16; 13; 30; 30
7,75,0.23583,0.09333,5; 5; 7; 75; 22; 3; 30; 13
23,55,0.42411,0.41818,9; 4; 23; 55; 20; 5; 24; 26
11,74,0.22295,0.14865,3; 3; 11; 74; 13; 7; 31; 14
14,54,0.28621,0.25926,8; 10; 14; 54; 9; 31; 26; 22
14,18,0.77243,0.77778,19; 30; 14; 18; 13; 19; 20; 12
17,66,0.27524,0.25758,5; 7; 17; 66; 26; 19; 23; 6
10,50,0.2726,0.2,9; 5; 10; 50; 17; 19; 25; 31
5,19,0.31793,0.26316,8; 5; 5; 19; 9; 26; 28; 23
18,70,0.28733,0.25714,5; 4; 18; 70; 9; 14; 31; 5
12,30,0.38667,0.4,16; 18; 12; 30; 15; 12; 20; 25
26,62,0.43133,0.41935,3; 4; 26; 62; 15; 27; 16; 5
31,40,0.76668,0.775,8; 7; 31; 40; 8; 5; 25; 29
8,22,0.34003,0.36364,28; 27; 8; 22; 28; 5; 5; 26
11,29,0.37016,0.37931,7; 7; 11; 29; 22; 7; 29; 18
16,44,0.35879,0.36364,11; 16; 16; 44; 3; 15; 7; 30
9,62,0.21999,0.14516,12; 4; 9; 62; 27; 22; 21; 11
8,82,0.30917,0.09756,4; 3; 8; 82; 19; 18; 6; 32
14,69,0.23693,0.2029,3; 4; 14; 69; 6; 10; 32; 9
23,55,0.44878,0.41818,5; 4; 23; 55; 31; 16; 25; 21
13,25,0.55415,0.52,23; 19; 13; 25; 28; 16; 19; 9
35,47,0.71093,0.74468,6; 6; 35; 47; 16; 8; 18; 4
8,21,0.36531,0.38095,25; 32; 8; 21; 28; 20; 6; 10
10,28,0.29554,0.35714,5; 6; 10; 28; 10; 18; 30; 26
6,41,0.24848,0.14634,20; 23; 6; 41; 9; 3; 5; 22
21,43,0.52082,0.48837,6; 16; 21; 43; 18; 10; 20; 25
19,39,0.4864,0.48718,17; 11; 19; 39; 21; 10; 18; 26
21,55,0.38708,0.38182,7; 11; 21; 55; 15; 11; 31; 31
5,12,0.37317,0.41667,34; 7; 5; 12; 5; 22; 14; 13
21,59,0.36706,0.35593,8; 9; 21; 59; 11; 18; 15; 8
25,60,0.45771,0.41667,6; 4; 25; 60; 8; 27; 10; 20
20,56,0.36595,0.35714,8; 7; 20; 56; 17; 5; 21; 23
33,47,0.69662,0.70213,4; 4; 33; 47; 15; 26; 5; 29
14,54,0.2802,0.25926,7; 10; 14; 54; 28; 32; 11; 16
10,64,0.2088,0.15625,8; 3; 10; 64; 22; 16; 15; 4
7,75,0.23664,0.09333,8; 4; 7; 75; 10; 24; 10; 17
17,23,0.76749,0.73913,9; 22; 17; 23; 18; 7; 19; 27
5,7,0.73699,0.71429,9; 6; 5; 7; 20; 27; 18; 18
10,14,0.76233,0.71429,6; 16; 10; 14; 4; 9; 19; 29
22,61,0.38441,0.36066,4; 6; 22; 61; 19; 24; 26; 22
14,53,0.25625,0.26415,11; 8; 14; 53; 25; 13; 13; 11
8,52,0.25069,0.15385,10; 17; 8; 52; 26; 5; 20; 15
5,19,0.34074,0.26316,19; 20; 5; 19; 5; 11; 12; 31
15,57,0.28628,0.26316,12; 7; 15; 57; 28; 4; 11; 14
6,41,0.27814,0.14634,16; 18; 6; 41; 10; 24; 29; 12
13,50,0.28919,0.26,8; 8; 13; 50; 3; 9; 7; 31
39,44,0.87777,0.88636,4; 6; 39; 44; 15; 9; 28; 10
5,49,0.23878,0.10204,17; 20; 5; 49; 3; 28; 30; 6
20,53,0.36477,0.37736,3; 7; 20; 53; 6; 19; 14; 21
8,49,0.22452,0.16327,17; 4; 8; 49; 22; 11; 9; 17
7,81,0.24674,0.08642,4; 5; 7; 81; 31; 13; 30; 10
8,80,0.21476,0.1,3; 4; 8; 80; 26; 19; 3; 4
10,64,0.23616,0.15625,3; 6; 10; 64; 31; 18; 3; 3
17,24,0.7718,0.70833,21; 5; 17; 24; 9; 27; 19; 12
30,58,0.51878,0.51724,4; 5; 30; 58; 23; 15; 17; 30
25,63,0.38506,0.39683,3; 5; 25; 63; 19; 10; 23; 19
31,40,0.78045,0.775,11; 12; 31; 40; 3; 23; 17; 12
10,51,0.24175,0.19608,8; 13; 10; 51; 27; 3; 26; 24
21,52,0.41039,0.40385,3; 12; 21; 52; 27; 4; 14; 22
6,37,0.15698,0.16216,22; 15; 6; 37; 29; 18; 17; 14
9,57,0.25033,0.15789,10; 9; 9; 57; 30; 3; 9; 18
19,65,0.31347,0.29231,3; 6; 19; 65; 10; 19; 26; 13
24,46,0.55717,0.52174,5; 10; 24; 46; 18; 28; 8; 30
7,24,0.27425,0.29167,15; 22; 7; 24; 15; 29; 8; 27
23,61,0.37059,0.37705,5; 7; 23; 61; 3; 14; 21; 19
18,47,0.37189,0.38298,15; 6; 18; 47; 10; 12; 28; 18
13,64,0.25769,0.20312,9; 8; 13; 64; 4; 30; 32; 24
25,35,0.67084,0.71429,10; 18; 25; 35; 9; 24; 23; 13
34,48,0.67634,0.70833,3; 3; 34; 48; 16; 3; 18; 12
25,34,0.68479,0.73529,8; 7; 25; 34; 19; 6; 20; 25
15,24,0.64377,0.625,12; 19; 15; 24; 10; 14; 28; 17
24,60,0.41063,0.4,7; 4; 24; 60; 10; 10; 25; 24
10,61,0.26014,0.16393,6; 8; 10; 61; 27; 15; 31; 16
32,46,0.68539,0.69565,3; 3; 32; 46; 31; 15; 9; 22
15,29,0.51579,0.51724,26; 8; 15; 29; 21; 26; 14; 15
16,61,0.25884,0.2623,8; 5; 16; 61; 24; 24; 26; 18
13,25,0.52505,0.52,27; 19; 13; 25; 16; 24; 24; 10
11,38,0.29682,0.28947,20; 16; 11; 38; 21; 28; 7; 7
25,32,0.77477,0.78125,13; 5; 25; 32; 9; 32; 6; 25
23,64,0.34766,0.35938,4; 4; 23; 64; 25; 13; 25; 10
5,53,0.24742,0.09434,6; 20; 5; 53; 3; 8; 13; 26
34,54,0.61793,0.62963,5; 4; 34; 54; 5; 24; 28; 12
17,19,0.89768,0.89474,16; 29; 17; 19; 12; 14; 18; 19
6,67,0.20629,0.08955,4; 5; 6; 67; 28; 3; 31; 21
17,35,0.52395,0.48571,19; 6; 17; 35; 24; 14; 18; 18
22,35,0.59448,0.62857,10; 16; 22; 35; 14; 16; 21; 18
26,37,0.69639,0.7027,11; 11; 26; 37; 23; 15; 14; 17
15,29,0.51571,0.51724,19; 10; 15; 29; 9; 31; 28; 16
21,52,0.42035,0.40385,10; 4; 21; 52; 26; 21; 13; 17
5,32,0.29023,0.15625,23; 7; 5; 32; 27; 3; 28; 24
30,48,0.62696,0.625,9; 5; 30; 48; 11; 17; 5; 13
7,75,0.23398,0.09333,3; 5; 7; 75; 22; 9; 27; 5
21,58,0.37599,0.36207,6; 8; 21; 58; 30; 8; 19; 4
10,26,0.40196,0.38462,20; 26; 10; 26; 27; 5; 32; 22
29,56,0.50352,0.51786,3; 6; 29; 56; 23; 14; 30; 29
29,59,0.52226,0.49153,4; 4; 29; 59; 7; 15; 14; 11
15,74,0.23465,0.2027,3; 3; 15; 74; 24; 9; 13; 11
30,42,0.69915,0.71429,8; 5; 30; 42; 12; 9; 13; 17
5,50,0.27902,0.1,21; 14; 5; 50; 18; 15; 26; 11
9,25,0.36292,0.36,9; 21; 9; 25; 5; 28; 16; 31
5,31,0.26645,0.16129,10; 16; 5; 31; 14; 16; 18; 22
13,45,0.30632,0.28889,7; 19; 13; 45; 5; 20; 18; 20
5,58,0.22651,0.08621,6; 11; 5; 58; 29; 28; 31; 5
22,31,0.71475,0.70968,21; 21; 22; 31; 11; 22; 17; 10
15,57,0.27548,0.26316,12; 3; 15; 57; 30; 21; 7; 9
10,49,0.23159,0.20408,9; 7; 10; 49; 16; 14; 11; 29
14,35,0.40353,0.4,8; 8; 14; 35; 22; 12; 21; 17
15,42,0.31323,0.35714,16; 12; 15; 42; 32; 7; 21; 23
34,46,0.73792,0.73913,7; 4; 34; 46; 11; 29; 12; 30
26,41,0.61532,0.63415,11; 10; 26; 41; 18; 6; 22; 20
24,34,0.72862,0.70588,3; 6; 24; 34; 16; 31; 9; 4
42,47,0.88254,0.89362,3; 3; 42; 47; 11; 16; 23; 23
17,42,0.37533,0.40476,13; 17; 17; 42; 17; 12; 32; 26
26,35,0.72188,0.74286,10; 15; 26; 35; 7; 12; 16; 15
14,35,0.39205,0.4,14; 21; 14; 35; 22; 13; 24; 6
40,45,0.92307,0.88889,6; 3; 40; 45; 7; 16; 30; 17
17,65,0.29441,0.26154,4; 4; 17; 65; 15; 3; 29; 17
19,48,0.38701,0.39583,11; 12; 19; 48; 3; 26; 22; 27
7,73,0.2419,0.09589,3; 8; 7; 73; 3; 14; 3; 26
38,49,0.76103,0.77551,3; 3; 38; 49; 5; 5; 21; 26
10,68,0.19593,0.14706,5; 8; 10; 68; 13; 26; 25; 26
16,56,0.28244,0.28571,8; 13; 16; 56; 16; 8; 21; 6
18,48,0.39433,0.375,16; 15; 18; 48; 19; 25; 4; 21
7,75,0.23971,0.09333,6; 3; 7; 75; 13; 13; 18; 23
5,55,0.20613,0.09091,19; 3; 5; 55; 3; 25; 10; 20
14,39,0.33682,0.35897,13; 14; 14; 39; 12; 13; 22; 16
19,30,0.63852,0.63333,14; 21; 19; 30; 26; 11; 5; 29
17,66,0.28371,0.25758,4; 6; 17; 66; 15; 28; 21; 14
20,41,0.49047,0.4878,8; 14; 20; 41; 5; 17; 27; 23
14,35,0.40927,0.4,6; 22; 14; 35; 4; 32; 25; 5
22,42,0.55473,0.52381,8; 17; 22; 42; 32; 18; 14; 24
24,38,0.61417,0.63158,12; 8; 24; 38; 16; 21; 17; 12
31,40,0.74885,0.775,7; 10; 31; 40; 18; 23; 15; 7
14,49,0.30421,0.28571,7; 8; 14; 49; 7; 3; 9; 31
20,48,0.42179,0.41667,6; 10; 20; 48; 7; 4; 32; 19
11,69,0.19077,0.15942,3; 4; 11; 69; 22; 24; 21; 8
17,42,0.41578,0.40476,4; 3; 17; 42; 22; 10; 13; 4
9,45,0.26373,0.2,21; 17; 9; 45; 17; 24; 13; 3
31,49,0.63808,0.63265,8; 9; 31; 49; 16; 13; 20; 24
35,50,0.69335,0.7,5; 3; 35; 50; 18; 3; 20; 31
28,36,0.7673,0.77778,9; 12; 28; 36; 9; 3; 13; 7
34,54,0.61697,0.62963,4; 3; 34; 54; 3; 20; 14; 19
15,29,0.54841,0.51724,7; 14; 15; 29; 8; 25; 11; 18
16,23,0.7108,0.69565,12; 29; 16; 23; 4; 14; 28; 20
12,17,0.85243,0.70588,9; 34; 12; 17; 3; 29; 16; 7
11,26,0.38586,0.42308,23; 6; 11; 26; 20; 11; 30; 29
7,70,0.15095,0.1,3; 4; 7; 70; 28; 17; 19; 31
22,55,0.39454,0.4,7; 8; 22; 55; 7; 22; 13; 4
24,38,0.63714,0.63158,16; 8; 24; 38; 32; 3; 32; 8
27,55,0.4893,0.49091,4; 3; 27; 55; 24; 10; 6; 30
12,77,0.21012,0.15584,4; 3; 12; 77; 3; 7; 23; 15
5,57,0.23918,0.08772,17; 7; 5; 57; 21; 4; 8; 21
18,48,0.36584,0.375,6; 3; 18; 48; 9; 16; 15; 4
29,46,0.62915,0.63043,4; 10; 29; 46; 29; 14; 21; 6
5,50,0.2304,0.1,15; 10; 5; 50; 4; 31; 14; 21
22,45,0.45409,0.48889,10; 13; 22; 45; 21; 7; 26; 31
5,56,0.22727,0.08929,16; 8; 5; 56; 13; 5; 25; 8
28,38,0.67658,0.73684,16; 11; 28; 38; 27; 29; 15; 22
10,26,0.31914,0.38462,15; 12; 10; 26; 17; 8; 3; 29
12,74,0.23589,0.16216,4; 6; 12; 74; 21; 23; 28; 15
6,70,0.24257,0.08571,11; 11; 6; 70; 29; 27; 14; 21
33,37,0.89728,0.89189,5; 14; 33; 37; 13; 32; 16; 4
22,55,0.42234,0.4,4; 5; 22; 55; 17; 9; 8; 21
13,25,0.53693,0.52,12; 5; 13; 25; 8; 13; 20; 4
27,55,0.50029,0.49091,5; 4; 27; 55; 9; 15; 11; 10
7,76,0.19178,0.09211,4; 4; 7; 76; 9; 30; 18; 6
25,48,0.52249,0.52083,9; 9; 25; 48; 17; 3; 9; 9
39,50,0.75484,0.78,3; 4; 39; 50; 12; 3; 13; 18
29,59,0.49526,0.49153,3; 5; 29; 59; 7; 32; 23; 15
20,56,0.38702,0.35714,4; 7; 20; 56; 21; 17; 7; 31
24,46,0.49215,0.52174,13; 3; 24; 46; 20; 19; 7; 28
21,27,0.84496,0.77778,16; 10; 21; 27; 21; 22; 7; 25
39,50,0.77504,0.78,4; 4; 39; 50; 16; 17; 28; 26
9,35,0.26051,0.25714,7; 20; 9; 35; 15; 29; 18; 18
15,42,0.36843,0.35714,20; 16; 15; 42; 28; 28; 4; 8
14,70,0.25628,0.2,7; 4; 14; 70; 32; 14; 9; 25
5,55,0.25119,0.09091,8; 4; 5; 55; 4; 10; 16; 25
29,37,0.74063,0.78378,15; 13; 29; 37; 8; 12; 23; 5
31,40,0.7644,0.775,3; 8; 31; 40; 24; 30; 30; 12
22,53,0.43476,0.41509,4; 4; 22; 53; 27; 4; 24; 26
19,39,0.48953,0.48718,3; 15; 19; 39; 18; 22; 20; 22
10,65,0.18915,0.15385,3; 8; 10; 65; 28; 6; 8; 28
8,9,0.76327,0.88889,33; 26; 8; 9; 24; 17; 7; 15
24,60,0.40137,0.4,7; 6; 24; 60; 22; 24; 6; 3
21,50,0.45324,0.42,10; 12; 21; 50; 10; 20; 16; 12
15,51,0.28101,0.29412,13; 3; 15; 51; 8; 14; 24; 32
5,8,0.73793,0.625,40; 24; 5; 8; 14; 26; 28; 29
41,46,0.89997,0.8913,4; 4; 41; 46; 5; 20; 11; 8
11,21,0.53407,0.52381,15; 25; 11; 21; 28; 4; 14; 11
41,46,0.86941,0.8913,5; 4; 41; 46; 9; 17; 26; 29
41,46,0.8763,0.8913,3; 5; 41; 46; 25; 15; 21; 9
17,27,0.59982,0.62963,10; 13; 17; 27; 16; 16; 29; 11
35,50,0.67598,0.7,3; 4; 35; 50; 4; 23; 16; 29
21,27,0.86913,0.77778,19; 16; 21; 27; 4; 31; 20; 5
22,52,0.41853,0.42308,12; 3; 22; 52; 12; 18; 3; 18
13,36,0.33727,0.36111,21; 20; 13; 36; 32; 4; 32; 18
21,59,0.35743,0.35593,3; 7; 21; 59; 23; 11; 11; 19
7,69,0.26003,0.10145,6; 9; 7; 69; 29; 24; 15; 7
16,31,0.55871,0.51613,7; 22; 16; 31; 24; 15; 20; 15
8,54,0.24134,0.14815,14; 16; 8; 54; 32; 11; 12; 15
16,56,0.28537,0.28571,9; 10; 16; 56; 17; 9; 29; 13
35,47,0.74462,0.74468,4; 6; 35; 47; 17; 24; 28; 15
7,81,0.24717,0.08642,5; 5; 7; 81; 4; 18; 15; 18
27,38,0.69105,0.71053,13; 3; 27; 38; 3; 31; 32; 29
6,70,0.20947,0.08571,7; 8; 6; 70; 20; 10; 27; 16
21,55,0.40085,0.38182,5; 9; 21; 55; 28; 29; 20; 6
33,47,0.69251,0.70213,3; 9; 33; 47; 18; 29; 12; 27
13,66,0.23386,0.19697,4; 7; 13; 66; 30; 7; 9; 13
35,49,0.71789,0.71429,5; 4; 35; 49; 22; 22; 24; 18
8,20,0.31094,0.4,30; 21; 8; 20; 6; 5; 11; 22
10,63,0.2283,0.15873,5; 6; 10; 63; 19; 8; 17; 32
22,58,0.37864,0.37931,7; 7; 22; 58; 25; 16; 31; 19
5,14,0.54337,0.35714,32; 38; 5; 14; 9; 24; 12; 9
20,48,0.43507,0.41667,15; 3; 20; 48; 10; 18; 28; 25
9,34,0.25571,0.26471,19; 16; 9; 34; 8; 24; 28; 15
7,70,0.21731,0.1,3; 4; 7; 70; 8; 11; 29; 8
39,44,0.88632,0.88636,4; 7; 39; 44; 8; 14; 28; 13
31,44,0.68028,0.70455,10; 8; 31; 44; 29; 12; 9; 28
28,36,0.74865,0.77778,15; 12; 28; 36; 29; 17; 32; 6
16,18,0.92949,0.88889,5; 29; 16; 18; 29; 27; 19; 15
10,63,0.22323,0.15873,9; 6; 10; 63; 21; 28; 20; 7
29,46,0.60605,0.63043,11; 8; 29; 46; 10; 4; 6; 28
25,51,0.50622,0.4902,7; 5; 25; 51; 23; 27; 11; 13
32,45,0.67229,0.71111,3; 7; 32; 45; 4; 11; 23; 20
5,12,0.44689,0.41667,26; 40; 5; 12; 4; 8; 19; 22
8,51,0.27062,0.15686,8; 14; 8; 51; 30; 30; 6; 25
37,52,0.69848,0.71154,4; 4; 37; 52; 25; 14; 31; 21
7,74,0.21567,0.09459,4; 5; 7; 74; 20; 9; 12; 3
34,54,0.63007,0.62963,3; 5; 34; 54; 11; 31; 26; 19
21,30,0.66587,0.7,4; 16; 21; 30; 14; 26; 31; 18
21,30,0.74931,0.7,14; 19; 21; 30; 17; 13; 6; 9
8,22,0.3423,0.36364,28; 9; 8; 22; 13; 6; 5; 4
35,49,0.69577,0.71429,4; 4; 35; 49; 10; 31; 15; 7
16,45,0.33411,0.35556,13; 6; 16; 45; 26; 25; 22; 22
16,44,0.41266,0.36364,5; 8; 16; 44; 26; 10; 17; 4
19,47,0.39753,0.40426,4; 4; 19; 47; 26; 12; 13; 15
8,53,0.21345,0.15094,13; 8; 8; 53; 3; 29; 13; 12
11,72,0.2346,0.15278,7; 6; 11; 72; 23; 4; 23; 11
9,31,0.33605,0.29032,24; 11; 9; 31; 32; 8; 19; 28
15,42,0.37998,0.35714,8; 18; 15; 42; 15; 3; 26; 7
31,40,0.75267,0.775,9; 8; 31; 40; 32; 21; 27; 15
33,52,0.64445,0.63462,4; 5; 33; 52; 30; 6; 4; 30
25,32,0.80644,0.78125,3; 12; 25; 32; 22; 26; 3; 19
6,39,0.2311,0.15385,21; 19; 6; 39; 12; 7; 23; 4
12,73,0.20611,0.16438,3; 6; 12; 73; 23; 29; 10; 7
9,61,0.26097,0.14754,8; 12; 9; 61; 16; 3; 14; 17
20,70,0.27522,0.28571,4; 3; 20; 70; 27; 22; 17; 17
5,8,0.65632,0.625,27; 30; 5; 8; 17; 12; 22; 32
31,44,0.65824,0.70455,3; 6; 31; 44; 18; 25; 19; 22
20,52,0.38965,0.38462,3; 5; 20; 52; 18; 8; 11; 22
19,48,0.36682,0.39583,10; 9; 19; 48; 21; 17; 5; 7
9,44,0.32232,0.20455,22; 9; 9; 44; 30; 24; 14; 9
15,57,0.27039,0.26316,13; 11; 15; 57; 15; 21; 21; 15
24,49,0.47497,0.4898,8; 6; 24; 49; 7; 25; 21; 13
7,77,0.25778,0.09091,5; 4; 7; 77; 6; 20; 18; 14
14,70,0.22872,0.2,5; 4; 14; 70; 22; 4; 19; 5
19,39,0.52989,0.48718,7; 11; 19; 39; 23; 30; 17; 12
22,53,0.44772,0.41509,9; 8; 22; 53; 9; 29; 11; 18
8,82,0.28982,0.09756,4; 3; 8; 82; 24; 3; 16; 28
30,48,0.62722,0.625,6; 4; 30; 48; 18; 7; 7; 16
24,38,0.62291,0.63158,9; 7; 24; 38; 8; 19; 19; 18
24,49,0.43545,0.4898,10; 5; 24; 49; 11; 20; 22; 27
19,45,0.41641,0.42222,4; 12; 19; 45; 29; 11; 3; 22
11,74,0.20163,0.14865,3; 5; 11; 74; 17; 8; 20; 15
26,37,0.66739,0.7027,13; 3; 26; 37; 5; 3; 19; 16
16,55,0.2968,0.29091,11; 11; 16; 55; 14; 4; 22; 17
15,21,0.74274,0.71429,21; 19; 15; 21; 18; 12; 3; 30
13,34,0.38154,0.38235,3; 11; 13; 34; 19; 4; 3; 4
15,40,0.31966,0.375,9; 17; 15; 40; 29; 23; 16; 26
15,58,0.27018,0.25862,10; 9; 15; 58; 16; 9; 21; 19
6,40,0.21477,0.15,20; 14; 6; 40; 3; 32; 28; 16
12,17,0.71409,0.70588,24; 4; 12; 17; 16; 22; 32; 26
17,33,0.51521,0.51515,3; 10; 17; 33; 8; 15; 19; 30
6,61,0.24268,0.09836,14; 14; 6; 61; 23; 31; 10; 7
28,36,0.78676,0.77778,3; 11; 28; 36; 5; 15; 29; 19
15,51,0.26691,0.29412,14; 9; 15; 51; 15; 15; 9; 18
27,55,0.51705,0.49091,7; 3; 27; 55; 26; 23; 27; 19
24,63,0.35923,0.38095,4; 5; 24; 63; 10; 12; 26; 32
18,50,0.34813,0.36,5; 13; 18; 50; 19; 27; 28; 16
28,38,0.72463,0.73684,15; 13; 28; 38; 18; 31; 17; 18
7,27,0.29138,0.25926,19; 3; 7; 27; 27; 29; 18; 6
24,57,0.43886,0.42105,3; 8; 24; 57; 7; 10; 24; 23
7,78,0.25767,0.08974,3; 5; 7; 78; 7; 28; 19; 14
21,56,0.39583,0.375,7; 4; 21; 56; 23; 24; 4; 6
12,17,0.80265,0.70588,24; 26; 12; 17; 25; 10; 3; 20
24,34,0.70532,0.70588,16; 12; 24; 34; 22; 30; 32; 9
21,27,0.81381,0.77778,15; 14; 21; 27; 3; 20; 28; 31
13,45,0.31008,0.28889,6; 12; 13; 45; 15; 28; 26; 3
25,59,0.39739,0.42373,6; 7; 25; 59; 10; 11; 8; 23
7,47,0.25064,0.14894,15; 14; 7; 47; 9; 28; 21; 26
18,45,0.41452,0.4,10; 10; 18; 45; 24; 6; 30; 23
7,43,0.2334,0.16279,13; 16; 7; 43; 8; 28; 4; 18
8,21,0.41469,0.38095,4; 11; 8; 21; 3; 15; 23; 7
26,62,0.43961,0.41935,4; 5; 26; 62; 23; 4; 9; 16
8,50,0.25041,0.16,5; 16; 8; 50; 26; 7; 20; 8
5,51,0.21979,0.09804,5; 17; 5; 51; 19; 13; 6; 20
22,52,0.4184,0.42308,11; 3; 22; 52; 10; 30; 19; 13
12,19,0.67774,0.63158,27; 13; 12; 19; 15; 23; 31; 27
29,56,0.56509,0.51786,3; 3; 29; 56; 18; 4; 16; 7
6,63,0.21793,0.09524,11; 13; 6; 63; 20; 10; 19; 4
29,39,0.74972,0.74359,8; 6; 29; 39; 22; 23; 5; 14
25,32,0.77196,0.78125,16; 8; 25; 32; 28; 8; 12; 9
10,67,0.25991,0.14925,5; 6; 10; 67; 28; 29; 7; 12
10,64,0.24654,0.15625,4; 4; 10; 64; 23; 6; 7; 25
27,43,0.61037,0.62791,3; 13; 27; 43; 24; 12; 25; 20
11,56,0.25259,0.19643,14; 14; 11; 56; 11; 26; 19; 23
7,46,0.21477,0.15217,16; 18; 7; 46; 20; 19; 10; 26
32,41,0.7936,0.78049,10; 11; 32; 41; 13; 23; 14; 7
12,23,0.54278,0.52174,20; 12; 12; 23; 12; 22; 14; 17
11,21,0.5021,0.52381,3; 10; 11; 21; 17; 12; 23; 29
9,46,0.28851,0.19565,20; 16; 9; 46; 29; 19; 23; 16
22,42,0.54397,0.52381,17; 7; 22; 42; 8; 26; 16; 18
10,28,0.29857,0.35714,29; 16; 10; 28; 7; 26; 12; 10
20,41,0.54254,0.4878,13; 10; 20; 41; 28; 28; 11; 3
11,69,0.25467,0.15942,7; 6; 11; 69; 32; 14; 13; 15
12,59,0.25869,0.20339,5; 4; 12; 59; 17; 21; 16; 23
13,50,0.27129,0.26,16; 17; 13; 50; 21; 16; 27; 16
10,65,0.22865,0.15385,6; 9; 10; 65; 16; 22; 17; 4
26,35,0.70637,0.74286,5; 13; 26; 35; 8; 20; 17; 5
14,71,0.23444,0.19718,4; 3; 14; 71; 24; 8; 9; 28
25,48,0.53951,0.52083,3; 5; 25; 48; 9; 32; 20; 3
23,58,0.40601,0.39655,8; 3; 23; 58; 13; 31; 18; 11
10,24,0.43704,0.41667,30; 29; 10; 24; 11; 16; 27; 4
15,74,0.25188,0.2027,3; 4; 15; 74; 15; 18; 31; 23
22,31,0.73276,0.70968,12; 10; 22; 31; 23; 17; 23; 8
12,46,0.25539,0.26087,12; 3; 12; 46; 22; 10; 18; 12
22,53,0.42849,0.41509,11; 10; 22; 53; 30; 19; 14; 25
12,32,0.39457,0.375,25; 10; 12; 32; 6; 4; 10; 28
16,45,0.35325,0.35556,9; 13; 16; 45; 12; 26; 23; 25
20,41,0.52954,0.4878,12; 11; 20; 41; 12; 22; 13; 15
10,34,0.26605,0.29412,19; 15; 10; 34; 32; 12; 31; 3
6,37,0.23488,0.16216,14; 22; 6; 37; 9; 5; 23; 4
30,48,0.62143,0.625,5; 10; 30; 48; 13; 4; 19; 16
7,45,0.2611,0.15556,19; 23; 7; 45; 13; 5; 3; 32
19,47,0.43236,0.40426,7; 4; 19; 47; 16; 22; 23; 32
23,47,0.47367,0.48936,3; 11; 23; 47; 27; 23; 21; 23
19,50,0.37418,0.38,10; 5; 19; 50; 5; 30; 20; 19
9,62,0.21405,0.14516,12; 3; 9; 62; 6; 8; 9; 9
15,57,0.28155,0.26316,4; 12; 15; 57; 28; 20; 6; 9
19,30,0.61417,0.63333,8; 16; 19; 30; 32; 28; 6; 8
31,49,0.58814,0.63265,9; 4; 31; 49; 11; 31; 18; 7
30,48,0.58323,0.625,9; 4; 30; 48; 16; 22; 32; 8
18,50,0.34141,0.36,13; 14; 18; 50; 27; 31; 15; 7
15,29,0.49036,0.51724,16; 15; 15; 29; 10; 14; 19; 24
37,52,0.7118,0.71154,4; 4; 37; 52; 28; 22; 15; 29
12,46,0.29757,0.26087,15; 14; 12; 46; 31; 17; 30; 4
27,52,0.52411,0.51923,8; 4; 27; 52; 6; 27; 28; 6
6,65,0.25441,0.09231,11; 11; 6; 65; 22; 32; 29; 9
6,61,0.23243,0.09836,3; 9; 6; 61; 22; 16; 7; 21
26,50,0.52259,0.52,3; 10; 26; 50; 15; 12; 23; 13
25,65,0.4048,0.38462,3; 4; 25; 65; 21; 26; 25; 21
25,34,0.73281,0.73529,7; 12; 25; 34; 17; 31; 18; 29
12,23,0.55958,0.52174,21; 13; 12; 23; 21; 24; 21; 16
25,35,0.64743,0.71429,10; 13; 25; 35; 27; 10; 28; 28
12,19,0.64585,0.63158,25; 29; 12; 19; 31; 18; 13; 16
9,44,0.24525,0.20455,16; 22; 9; 44; 13; 3; 21; 29
20,32,0.57389,0.625,11; 3; 20; 32; 26; 19; 5; 30
14,20,0.71917,0.7,10; 27; 14; 20; 12; 7; 8; 9
21,30,0.67049,0.7,3; 4; 21; 30; 32; 7; 32; 5
25,48,0.51279,0.52083,10; 4; 25; 48; 23; 15; 9; 3
25,40,0.62575,0.625,16; 7; 25; 40; 4; 11; 4; 30
16,62,0.26998,0.25806,9; 3; 16; 62; 30; 24; 21; 15
14,27,0.51877,0.51852,8; 10; 14; 27; 14; 28; 13; 13
24,46,0.55128,0.52174,4; 14; 24; 46; 7; 11; 5; 28
20,28,0.75986,0.71429,14; 3; 20; 28; 8; 11; 24; 7
25,63,0.42285,0.39683,4; 3; 25; 63; 21; 20; 22; 24
29,39,0.74864,0.74359,5; 3; 29; 39; 13; 16; 21; 3
32,36,0.89757,0.88889,8; 4; 32; 36; 23; 8; 20; 28
14,20,0.77984,0.7,17; 20; 14; 20; 14; 10; 29; 21
11,43,0.30513,0.25581,16; 11; 11; 43; 17; 17; 23; 7
10,67,0.21439,0.14925,9; 3; 10; 67; 9; 15; 14; 8
12,30,0.39002,0.4,4; 10; 12; 30; 21; 17; 17; 5
13,36,0.34955,0.36111,16; 13; 13; 36; 6; 15; 28; 21
14,18,0.8074,0.77778,4; 26; 14; 18; 29; 24; 8; 19
10,24,0.39296,0.41667,17; 11; 10; 24; 32; 28; 23; 3
31,35,0.86132,0.88571,14; 12; 31; 35; 3; 31; 28; 14
37,50,0.72343,0.74,5; 3; 37; 50; 25; 31; 9; 22
5,8,0.49343,0.625,29; 22; 5; 8; 22; 30; 5; 6
31,42,0.70664,0.7381,6; 11; 31; 42; 31; 17; 17; 19
21,27,0.85442,0.77778,5; 20; 21; 27; 20; 22; 29; 10
17,58,0.30296,0.2931,4; 10; 17; 58; 7; 6; 28; 5
24,38,0.59631,0.63158,17; 6; 24; 38; 31; 13; 29; 20
7,73,0.2207,0.09589,9; 9; 7; 73; 30; 12; 22; 8
7,71,0.22496,0.09859,8; 4; 7; 71; 22; 11; 18; 4
32,36,0.88657,0.88889,4; 7; 32; 36; 31; 14; 6; 18
17,33,0.5266,0.51515,4; 13; 17; 33; 3; 12; 5; 6
6,64,0.22177,0.09375,13; 9; 6; 64; 4; 24; 30; 9
8,22,0.30607,0.36364,28; 34; 8; 22; 14; 8; 4; 27
37,53,0.70116,0.69811,3; 4; 37; 53; 13; 14; 25; 23
31,42,0.70666,0.7381,10; 6; 31; 42; 24; 16; 18; 10
11,70,0.21655,0.15714,7; 4; 11; 70; 16; 19; 18; 4
10,50,0.24659,0.2,13; 16; 10; 50; 20; 30; 30; 17
8,81,0.28784,0.09877,3; 4; 8; 81; 28; 24; 23; 17
35,49,0.69718,0.71429,5; 5; 35; 49; 8; 11; 17; 30
17,23,0.80556,0.73913,21; 22; 17; 23; 13; 8; 6; 21
14,20,0.75597,0.7,13; 14; 14; 20; 16; 24; 13; 8
20,27,0.78509,0.74074,18; 13; 20; 27; 18; 7; 13; 17
5,55,0.24402,0.09091,6; 19; 5; 55; 27; 25; 22; 7
25,48,0.50502,0.52083,11; 10; 25; 48; 21; 6; 27; 29
35,45,0.74343,0.77778,4; 9; 35; 45; 10; 8; 3; 26
9,55,0.19415,0.16364,11; 12; 9; 55; 25; 13; 26; 9
8,49,0.23098,0.16327,3; 13; 8; 49; 28; 32; 18; 3
13,34,0.40397,0.38235,12; 16; 13; 34; 20; 6; 13; 25
21,52,0.37694,0.40385,7; 9; 21; 52; 9; 21; 15; 18
40,45,0.88116,0.88889,4; 3; 40; 45; 26; 11; 32; 6
30,48,0.6124,0.625,7; 7; 30; 48; 28; 15; 32; 21
5,50,0.23441,0.1,13; 14; 5; 50; 19; 16; 7; 26
17,19,0.89192,0.89474,29; 18; 17; 19; 10; 29; 24; 17
26,37,0.68609,0.7027,4; 11; 26; 37; 13; 13; 25; 23
16,31,0.55163,0.51613,16; 5; 16; 31; 23; 21; 20; 5
41,46,0.86697,0.8913,3; 4; 41; 46; 4; 22; 14; 7
5,12,0.44462,0.41667,6; 6; 5; 12; 10; 5; 25; 32
5,50,0.24852,0.1,19; 9; 5; 50; 10; 10; 31; 21
12,23,0.43715,0.52174,23; 27; 12; 23; 10; 13; 10; 4
25,48,0.53255,0.52083,3; 5; 25; 48; 6; 19; 26; 29
14,18,0.81157,0.77778,27; 19; 14; 18; 15; 32; 25; 12
30,42,0.68702,0.71429,11; 10; 30; 42; 18; 25; 14; 32
28,57,0.50345,0.49123,4; 6; 28; 57; 21; 23; 26; 16
26,35,0.7434,0.74286,12; 17; 26; 35; 21; 31; 14; 3
24,49,0.49417,0.4898,11; 12; 24; 49; 10; 5; 4; 8
9,61,0.22333,0.14754,14; 14; 9; 61; 22; 24; 16; 21
29,39,0.70822,0.74359,9; 7; 29; 39; 29; 6; 8; 7
24,34,0.63067,0.70588,5; 19; 24; 34; 8; 22; 18; 31
9,61,0.23018,0.14754,11; 4; 9; 61; 22; 30; 10; 16
35,50,0.68914,0.7,6; 4; 35; 50; 16; 30; 31; 17
29,59,0.47582,0.49153,5; 4; 29; 59; 16; 27; 5; 23
8,55,0.219,0.14545,13; 17; 8; 55; 24; 28; 18; 27
21,27,0.7636,0.77778,10; 8; 21; 27; 15; 30; 14; 16
5,48,0.22498,0.10417,17; 8; 5; 48; 17; 30; 3; 4
6,62,0.23605,0.09677,6; 14; 6; 62; 20; 18; 22; 26
11,73,0.2047,0.15068,4; 7; 11; 73; 5; 5; 22; 3
16,18,0.92734,0.88889,25; 12; 16; 18; 23; 7; 17; 19
23,33,0.67791,0.69697,3; 4; 23; 33; 9; 25; 6; 5
28,54,0.53495,0.51852,6; 8; 28; 54; 20; 12; 17; 32
18,37,0.50724,0.48649,13; 13; 18; 37; 15; 10; 24; 11
30,58,0.50252,0.51724,4; 3; 30; 58; 31; 6; 25; 5
23,57,0.43658,0.40351,7; 4; 23; 57; 18; 10; 13; 10
29,39,0.74359,0.74359,12; 10; 29; 39; 6; 24; 27; 26
25,28,0.91634,0.89286,17; 8; 25; 28; 30; 17; 32; 13
25,35,0.71974,0.71429,6; 16; 25; 35; 18; 20; 26; 22
32,46,0.70008,0.69565,7; 5; 32; 46; 7; 13; 3; 16
5,52,0.27021,0.09615,12; 4; 5; 52; 12; 32; 5; 24
32,41,0.77265,0.78049,8; 7; 32; 41; 22; 24; 18; 10
17,35,0.51785,0.48571,18; 10; 17; 35; 11; 4; 24; 27
15,29,0.52018,0.51724,6; 22; 15; 29; 23; 22; 31; 6
31,44,0.70001,0.70455,8; 9; 31; 44; 31; 19; 31; 4
6,63,0.21922,0.09524,5; 4; 6; 63; 12; 13; 26; 29
16,45,0.35881,0.35556,5; 7; 16; 45; 11; 9; 31; 24
34,54,0.63175,0.62963,5; 5; 34; 54; 6; 23; 20; 17
22,31,0.70232,0.70968,14; 6; 22; 31; 18; 8; 21; 27
29,39,0.73286,0.74359,13; 14; 29; 39; 24; 26; 24; 21
26,53,0.52433,0.49057,6; 7; 26; 53; 18; 20; 18; 16
10,35,0.28114,0.28571,10; 25; 10; 35; 7; 8; 29; 18
15,51,0.34346,0.29412,3; 12; 15; 51; 15; 20; 8; 5
5,55,0.25459,0.09091,7; 5; 5; 55; 21; 6; 19; 14
24,60,0.43867,0.4,3; 4; 24; 60; 28; 15; 5; 30
5,51,0.23345,0.09804,20; 8; 5; 51; 16; 10; 29; 20
8,81,0.21272,0.09877,4; 3; 8; 81; 12; 13; 18; 23
17,66,0.26979,0.25758,3; 5; 17; 66; 11; 23; 19; 19
18,69,0.2879,0.26087,3; 4; 18; 69; 7; 12; 18; 27
33,52,0.61044,0.63462,3; 4; 33; 52; 5; 25; 9; 11
25,63,0.38248,0.39683,4; 5; 25; 63; 31; 26; 23; 13
5,56,0.24081,0.08929,6; 17; 5; 56; 14; 6; 3; 9
33,52,0.63247,0.63462,5; 6; 33; 52; 19; 3; 15; 23
8,21,0.31015,0.38095,7; 6; 8; 21; 15; 23; 32; 18
26,35,0.74403,0.74286,12; 10; 26; 35; 15; 26; 14; 25
33,47,0.67728,0.70213,4; 9; 33; 47; 18; 27; 32; 10
24,49,0.50324,0.4898,8; 12; 24; 49; 24; 30; 7; 22
19,27,0.73226,0.7037,18; 14; 19; 27; 3; 9; 3; 30
26,37,0.66003,0.7027,7; 11; 26; 37; 8; 19; 30; 17
25,60,0.43131,0.41667,5; 6; 25; 60; 20; 25; 14; 7
6,39,0.2537,0.15385,25; 20; 6; 39; 12; 17; 13; 19
22,58,0.38709,0.37931,4; 8; 22; 58; 24; 6; 19; 13
5,34,0.2548,0.14706,13; 17; 5; 34; 32; 18; 32; 10
9,60,0.24726,0.15,6; 8; 9; 60; 3; 18; 18; 15
7,10,0.75115,0.7,27; 11; 7; 10; 3; 11; 11; 32
7,76,0.19671,0.09211,4; 5; 7; 76; 25; 10; 3; 16
16,31,0.49617,0.51613,8; 4; 16; 31; 23; 23; 6; 30
16,44,0.39942,0.36364,14; 3; 16; 44; 31; 8; 19; 18
21,43,0.51021,0.48837,4; 7; 21; 43; 10; 17; 32; 3
8,78,0.22471,0.10256,5; 6; 8; 78; 19; 12; 16; 6
17,23,0.80436,0.73913,24; 10; 17; 23; 17; 23; 22; 28
30,42,0.70459,0.71429,10; 7; 30; 42; 19; 12; 3; 29
18,37,0.52983,0.48649,21; 10; 18; 37; 7; 15; 13; 27
10,67,0.2151,0.14925,3; 5; 10; 67; 25; 10; 22; 20
22,61,0.37986,0.36066,3; 5; 22; 61; 20; 25; 24; 20
29,56,0.54821,0.51786,3; 5; 29; 56; 7; 18; 30; 7
8,9,0.78397,0.88889,32; 37; 8; 9; 19; 6; 15; 15
8,9,0.82844,0.88889,36; 37; 8; 9; 7; 9; 25; 28
8,53,0.2237,0.15094,5; 9; 8; 53; 30; 32; 12; 7
7,76,0.17328,0.09211,4; 6; 7; 76; 4; 5; 21; 20
12,33,0.35788,0.36364,15; 20; 12; 33; 4; 26; 26; 4
8,20,0.36475,0.4,25; 4; 8; 20; 24; 21; 17; 3
21,58,0.34242,0.36207,8; 3; 21; 58; 23; 31; 13; 29
38,49,0.78225,0.77551,5; 5; 38; 49; 13; 6; 28; 20
9,62,0.22118,0.14516,12; 12; 9; 62; 21; 8; 16; 28
16,18,0.93752,0.88889,5; 5; 16; 18; 10; 22; 14; 5
20,32,0.60836,0.625,21; 10; 20; 32; 3; 10; 21; 11
28,54,0.53974,0.51852,8; 5; 28; 54; 9; 22; 16; 28
29,39,0.70949,0.74359,5; 10; 29; 39; 7; 22; 22; 9
11,75,0.22237,0.14667,6; 6; 11; 75; 13; 32; 17; 14
10,35,0.30889,0.28571,25; 9; 10; 35; 29; 26; 10; 4
12,42,0.29352,0.28571,19; 18; 12; 42; 7; 24; 12; 25
13,50,0.29447,0.26,17; 15; 13; 50; 21; 22; 8; 32
22,31,0.71336,0.70968,21; 20; 22; 31; 25; 10; 28; 25
17,24,0.84465,0.70833,9; 19; 17; 24; 28; 22; 4; 31
6,65,0.25003,0.09231,12; 11; 6; 65; 9; 26; 12; 17
13,64,0.1975,0.20312,5; 10; 13; 64; 15; 24; 19; 22
26,53,0.49948,0.49057,8; 8; 26; 53; 6; 32; 26; 12
26,50,0.52954,0.52,7; 8; 26; 50; 17; 12; 12; 19
7,81,0.26491,0.08642,5; 5; 7; 81; 13; 31; 17; 19
35,49,0.73425,0.71429,4; 6; 35; 49; 27; 22; 23; 7
15,29,0.50824,0.51724,17; 11; 15; 29; 22; 29; 4; 21
8,28,0.27118,0.28571,26; 16; 8; 28; 18; 9; 15; 19
11,75,0.23272,0.14667,6; 3; 11; 75; 23; 12; 13; 16
20,28,0.78601,0.71429,10; 20; 20; 28; 10; 20; 31; 11
5,14,0.37693,0.35714,28; 3; 5; 14; 23; 14; 27; 27
27,55,0.51728,0.49091,4; 5; 27; 55; 30; 22; 24; 20
21,52,0.40635,0.40385,9; 6; 21; 52; 10; 9; 19; 31
11,75,0.24269,0.14667,3; 6; 11; 75; 16; 12; 29; 32
8,81,0.18678,0.09877,4; 4; 8; 81; 28; 19; 5; 22
35,50,0.68032,0.7,5; 6; 35; 50; 20; 21; 3; 6
10,49,0.25821,0.20408,6; 15; 10; 49; 25; 10; 11; 24
14,27,0.51981,0.51852,28; 16; 14; 27; 7; 12; 12; 17
5,57,0.27616,0.08772,5; 10; 5; 57; 21; 22; 14; 23
16,42,0.40133,0.38095,17; 13; 16; 42; 32; 10; 15; 19
7,81,0.21644,0.08642,4; 4; 7; 81; 30; 25; 10; 22
24,27,0.87291,0.88889,14; 4; 24; 27; 28; 21; 29; 9
37,52,0.71694,0.71154,4; 3; 37; 52; 21; 16; 5; 4
31,35,0.87501,0.88571,16; 16; 31; 35; 10; 28; 17; 30
33,52,0.62396,0.63462,6; 6; 33; 52; 15; 28; 12; 8
27,43,0.62999,0.62791,10; 10; 27; 43; 23; 16; 11; 29
18,48,0.38309,0.375,15; 10; 18; 48; 19; 27; 32; 14
32,51,0.59895,0.62745,3; 6; 32; 51; 26; 3; 25; 7
5,56,0.19914,0.08929,12; 15; 5; 56; 10; 6; 13; 13
11,38,0.3029,0.28947,9; 4; 11; 38; 32; 10; 31; 16
6,37,0.1757,0.16216,14; 27; 6; 37; 26; 9; 18; 31
11,42,0.2868,0.2619,10; 6; 11; 42; 30; 14; 26; 14
8,40,0.25415,0.2,9; 8; 8; 40; 9; 8; 26; 29
20,56,0.37728,0.35714,10; 5; 20; 56; 21; 19; 26; 14
26,53,0.49378,0.49057,7; 3; 26; 53; 3; 16; 18; 18
37,52,0.69448,0.71154,4; 3; 37; 52; 31; 16; 12; 25
9,25,0.36549,0.36,7; 32; 9; 25; 13; 14; 30; 32
9,56,0.24185,0.16071,3; 13; 9; 56; 5; 31; 3; 31
5,25,0.34749,0.2,34; 18; 5; 25; 31; 8; 4; 10
28,36,0.8376,0.77778,13; 8; 28; 36; 7; 24; 5; 4
34,54,0.62145,0.62963,5; 5; 34; 54; 27; 15; 20; 4
21,53,0.3971,0.39623,8; 6; 21; 53; 21; 9; 9; 6
17,35,0.52487,0.48571,8; 16; 17; 35; 5; 7; 12; 10
34,54,0.61453,0.62963,3; 3; 34; 54; 15; 14; 7; 27
37,53,0.68543,0.69811,3; 4; 37; 53; 24; 7; 12; 6
25,32,0.7973,0.78125,5; 19; 25; 32; 19; 17; 9; 15
13,31,0.39864,0.41935,10; 18; 13; 31; 10; 24; 16; 4
14,33,0.3938,0.42424,10; 23; 14; 33; 8; 11; 4; 26
20,48,0.44356,0.41667,14; 9; 20; 48; 25; 6; 21; 26
31,49,0.60788,0.63265,7; 4; 31; 49; 32; 8; 14; 18
10,51,0.25509,0.19608,7; 10; 10; 51; 25; 22; 10; 19
9,58,0.21278,0.15517,5; 6; 9; 58; 4; 13; 4; 9
17,27,0.60128,0.62963,6; 5; 17; 27; 25; 16; 5; 26
21,43,0.48731,0.48837,16; 15; 21; 43; 14; 11; 16; 31
18,70,0.24069,0.25714,5; 3; 18; 70; 9; 24; 23; 31
19,66,0.31073,0.28788,5; 4; 19; 66; 23; 23; 18; 16
29,59,0.51272,0.49153,3; 4; 29; 59; 28; 31; 22; 5
21,55,0.37775,0.38182,8; 6; 21; 55; 10; 13; 22; 16
15,24,0.65374,0.625,6; 23; 15; 24; 31; 28; 7; 9
17,47,0.39487,0.3617,4; 17; 17; 47; 7; 18; 20; 18
11,21,0.48844,0.52381,29; 9; 11; 21; 24; 10; 6; 10
12,32,0.3755,0.375,23; 20; 12; 32; 18; 12; 32; 6
11,38,0.28266,0.28947,3; 21; 11; 38; 25; 20; 17; 32
22,52,0.43479,0.42308,6; 8; 22; 52; 22; 25; 6; 23
21,50,0.42238,0.42,13; 8; 21; 50; 13; 25; 29; 4
14,19,0.81021,0.73684,13; 28; 14; 19; 17; 8; 8; 23
21,43,0.48749,0.48837,5; 7; 21; 43; 19; 26; 4; 5
7,80,0.20421,0.0875,4; 4; 7; 80; 13; 26; 22; 3
9,55,0.18454,0.16364,9; 11; 9; 55; 24; 8; 32; 6
19,47,0.39634,0.40426,12; 16; 19; 47; 9; 21; 30; 29
5,7,0.78278,0.71429,43; 5; 5; 7; 6; 16; 22; 19
12,42,0.30628,0.28571,18; 22; 12; 42; 22; 15; 3; 14
25,32,0.7549,0.78125,6; 9; 25; 32; 10; 12; 20; 5
17,42,0.45076,0.40476,17; 16; 17; 42; 29; 7; 25; 25
17,23,0.77502,0.73913,9; 23; 17; 23; 22; 14; 14; 18
20,55,0.37662,0.36364,4; 6; 20; 55; 16; 12; 15; 26
32,43,0.73567,0.74419,5; 7; 32; 43; 27; 12; 7; 31
19,27,0.73748,0.7037,18; 3; 19; 27; 28; 12; 16; 26
19,50,0.39686,0.38,10; 5; 19; 50; 12; 10; 9; 18
21,53,0.36831,0.39623,3; 12; 21; 53; 19; 22; 10; 19
28,36,0.75386,0.77778,4; 13; 28; 36; 19; 11; 32; 31
26,62,0.44581,0.41935,3; 3; 26; 62; 30; 6; 23; 11
10,34,0.2958,0.29412,27; 9; 10; 34; 28; 14; 29; 17
14,70,0.23553,0.2,4; 5; 14; 70; 32; 20; 23; 20
27,55,0.51563,0.49091,5; 6; 27; 55; 12; 20; 3; 3
14,49,0.27444,0.28571,13; 13; 14; 49; 20; 18; 32; 14
12,23,0.5083,0.52174,12; 4; 12; 23; 32; 16; 32; 10
14,35,0.40256,0.4,9; 16; 14; 35; 29; 6; 19; 6
9,34,0.29874,0.26471,14; 13; 9; 34; 12; 28; 17; 27
7,80,0.26719,0.0875,4; 3; 7; 80; 22; 28; 3; 12
6,65,0.20896,0.09231,5; 12; 6; 65; 8; 24; 19; 32
39,44,0.89673,0.88636,7; 5; 39; 44; 13; 17; 18; 16
22,35,0.60344,0.62857,6; 10; 22; 35; 18; 17; 20; 7
16,31,0.52599,0.51613,8; 25; 16; 31; 15; 5; 20; 5
18,43,0.40209,0.4186,13; 12; 18; 43; 5; 22; 22; 10
25,28,0.8783,0.89286,6; 17; 25; 28; 12; 24; 17; 20
33,47,0.69788,0.70213,9; 5; 33; 47; 18; 7; 3; 10
18,43,0.42939,0.4186,12; 10; 18; 43; 4; 11; 31; 9
17,47,0.37536,0.3617,13; 7; 17; 47; 32; 6; 4; 18
20,50,0.41741,0.4,4; 11; 20; 50; 31; 22; 7; 12
6,59,0.24974,0.10169,11; 15; 6; 59; 21; 5; 19; 26
28,57,0.48576,0.49123,4; 5; 28; 57; 8; 21; 10; 10
19,27,0.6929,0.7037,20; 14; 19; 27; 26; 10; 23; 5
15,40,0.40994,0.375,19; 21; 15; 40; 20; 16; 25; 32
12,74,0.21905,0.16216,4; 3; 12; 74; 27; 17; 26; 16
21,56,0.38257,0.375,8; 6; 21; 56; 29; 15; 20; 9
10,38,0.29402,0.26316,6; 22; 10; 38; 25; 11; 6; 24
24,57,0.40487,0.42105,8; 7; 24; 57; 24; 8; 31; 19
7,67,0.18831,0.10448,11; 11; 7; 67; 8; 3; 31; 18
22,61,0.36387,0.36066,5; 3; 22; 61; 8; 9; 31; 5
14,33,0.46072,0.42424,5; 23; 14; 33; 12; 27; 28; 30
25,51,0.48661,0.4902,8; 10; 25; 51; 15; 19; 14; 20
7,75,0.2235,0.09333,6; 8; 7; 75; 13; 23; 11; 32
8,53,0.22029,0.15094,11; 18; 8; 53; 22; 7; 6; 3
41,46,0.88649,0.8913,5; 3; 41; 46; 8; 24; 12; 18
39,50,0.76215,0.78,3; 4; 39; 50; 23; 8; 14; 5
23,31,0.72764,0.74194,11; 17; 23; 31; 22; 8; 11; 20
5,57,0.23134,0.08772,10; 4; 5; 57; 32; 21; 17; 11
12,32,0.34266,0.375,4; 14; 12; 32; 15; 18; 19; 7
14,70,0.22413,0.2,3; 5; 14; 70; 17; 32; 25; 9
30,58,0.53853,0.51724,3; 3; 30; 58; 18; 6; 22; 6
10,63,0.25787,0.15873,7; 11; 10; 63; 9; 16; 15; 22
31,49,0.58668,0.63265,9; 7; 31; 49; 28; 14; 3; 18
21,58,0.39273,0.36207,6; 5; 21; 58; 13; 26; 19; 32
8,55,0.24336,0.14545,16; 14; 8; 55; 11; 24; 3; 21
37,52,0.69715,0.71154,3; 3; 37; 52; 14; 15; 13; 17
19,47,0.42301,0.40426,8; 4; 19; 47; 10; 19; 28; 30
7,72,0.24675,0.09722,9; 7; 7; 72; 14; 12; 18; 24
39,44,0.8764,0.88636,6; 7; 39; 44; 5; 4; 5; 30
34,38,0.88735,0.89474,8; 13; 34; 38; 18; 31; 16; 11
22,53,0.40879,0.41509,11; 5; 22; 53; 8; 26; 10; 20
19,45,0.43688,0.42222,6; 15; 19; 45; 21; 17; 5; 5
7,82,0.23118,0.08537,3; 3; 7; 82; 11; 5; 16; 8
22,58,0.39365,0.37931,5; 8; 22; 58; 14; 28; 30; 9
17,35,0.45486,0.48571,12; 3; 17; 35; 12; 28; 29; 4
21,56,0.37557,0.375,3; 7; 21; 56; 26; 28; 6; 16
7,10,0.62052,0.7,6; 13; 7; 10; 31; 24; 14; 10
24,27,0.88214,0.88889,8; 16; 24; 27; 7; 19; 24; 13
5,56,0.27964,0.08929,16; 18; 5; 56; 21; 22; 18; 13
18,70,0.2678,0.25714,4; 3; 18; 70; 4; 14; 4; 18
11,42,0.24841,0.2619,14; 14; 11; 42; 8; 26; 25; 3
10,38,0.24146,0.26316,12; 14; 10; 38; 25; 16; 18; 15
6,64,0.23979,0.09375,4; 7; 6; 64; 14; 13; 6; 24
29,59,0.51489,0.49153,4; 4; 29; 59; 25; 10; 31; 6
14,71,0.23571,0.19718,4; 5; 14; 71; 9; 11; 31; 9
18,45,0.40469,0.4,16; 6; 18; 45; 29; 24; 14; 11
24,60,0.40836,0.4,6; 4; 24; 60; 23; 25; 15; 7
6,61,0.20904,0.09836,14; 15; 6; 61; 29; 29; 15; 14
15,42,0.36228,0.35714,20; 12; 15; 42; 14; 9; 6; 24
25,51,0.49669,0.4902,5; 7; 25; 51; 3; 3; 12; 26
21,30,0.68773,0.7,23; 3; 21; 30; 10; 15; 18; 20
10,39,0.26922,0.25641,20; 12; 10; 39; 30; 10; 4; 25
8,80,0.21073,0.1,4; 5; 8; 80; 13; 25; 23; 7
12,19,0.77468,0.63158,29; 19; 12; 19; 28; 24; 21; 5
24,63,0.38499,0.38095,3; 5; 24; 63; 15; 21; 6; 3
26,35,0.71533,0.74286,6; 15; 26; 35; 4; 24; 18; 18
12,46,0.2982,0.26087,4; 14; 12; 46; 24; 27; 28; 13
24,34,0.68502,0.70588,3; 6; 24; 34; 22; 7; 6; 32
36,51,0.68538,0.70588,3; 3; 36; 51; 12; 15; 29; 25
25,51,0.49256,0.4902,5; 5; 25; 51; 24; 9; 4; 29
16,42,0.39171,0.38095,3; 13; 16; 42; 31; 23; 27; 6
13,31,0.48588,0.41935,17; 13; 13; 31; 24; 20; 25; 21
13,45,0.28533,0.28889,20; 19; 13; 45; 3; 5; 15; 26
7,77,0.20377,0.09091,7; 6; 7; 77; 14; 21; 32; 5
37,52,0.70629,0.71154,3; 3; 37; 52; 18; 23; 14; 24
12,46,0.28698,0.26087,8; 18; 12; 46; 18; 13; 22; 19
20,56,0.36529,0.35714,10; 8; 20; 56; 29; 28; 5; 23
5,54,0.25231,0.09259,6; 16; 5; 54; 27; 29; 20; 16
5,25,0.24266,0.2,25; 31; 5; 25; 27; 6; 32; 19
41,46,0.88343,0.8913,3; 5; 41; 46; 15; 22; 9; 24
10,63,0.20239,0.15873,4; 7; 10; 63; 25; 24; 4; 6
14,53,0.27617,0.26415,8; 15; 14; 53; 24; 8; 21; 19
22,61,0.36959,0.36066,4; 6; 22; 61; 28; 18; 21; 12
37,53,0.68869,0.69811,4; 4; 37; 53; 9; 20; 3; 11
42,47,0.86001,0.89362,3; 4; 42; 47; 10; 10; 21; 9
14,69,0.24936,0.2029,6; 6; 14; 69; 15; 10; 17; 32
5,7,0.8257,0.71429,18; 43; 5; 7; 31; 19; 8; 4
17,42,0.42086,0.40476,4; 5; 17; 42; 5; 3; 18; 31
12,30,0.36638,0.4,18; 17; 12; 30; 27; 15; 11; 13
9,62,0.2467,0.14516,9; 5; 9; 62; 17; 14; 23; 15
24,63,0.39668,0.38095,4; 5; 24; 63; 12; 7; 7; 26
23,44,0.52291,0.52273,14; 3; 23; 44; 13; 13; 31; 21
17,23,0.76192,0.73913,10; 23; 17; 23; 12; 28; 25; 10
7,76,0.23941,0.09211,6; 3; 7; 76; 5; 6; 8; 21
5,14,0.37313,0.35714,29; 25; 5; 14; 13; 32; 21; 25
10,61,0.21906,0.16393,12; 6; 10; 61; 7; 20; 29; 18
28,38,0.69641,0.73684,15; 15; 28; 38; 23; 13; 30; 8
15,24,0.66114,0.625,7; 12; 15; 24; 10; 10; 28; 10
21,50,0.42888,0.42,9; 8; 21; 50; 5; 31; 20; 29
10,25,0.36871,0.4,17; 20; 10; 25; 27; 27; 17; 26
35,47,0.7451,0.74468,5; 6; 35; 47; 23; 16; 14; 26
5,25,0.29795,0.2,16; 24; 5; 25; 23; 17; 10; 19
21,50,0.40518,0.42,7; 13; 21; 50; 27; 13; 30; 6
17,58,0.31192,0.2931,8; 9; 17; 58; 19; 5; 31; 20
10,16,0.52792,0.625,12; 34; 10; 16; 22; 3; 32; 27
19,39,0.50182,0.48718,19; 5; 19; 39; 10; 9; 9; 3
8,52,0.27561,0.15385,19; 18; 8; 52; 11; 20; 21; 28
7,69,0.20895,0.10145,3; 7; 7; 69; 12; 3; 10; 20
7,68,0.21104,0.10294,4; 5; 7; 68; 6; 11; 3; 12
8,40,0.2605,0.2,12; 3; 8; 40; 16; 19; 4; 30
22,45,0.51584,0.48889,6; 4; 22; 45; 20; 27; 16; 13
8,41,0.28934,0.19512,22; 18; 8; 41; 20; 6; 21; 18
16,40,0.4278,0.4,20; 13; 16; 40; 27; 19; 24; 21
19,45,0.44148,0.42222,8; 9; 19; 45; 30; 17; 3; 3
14,49,0.30359,0.28571,9; 13; 14; 49; 3; 19; 5; 28
17,42,0.41684,0.40476,8; 10; 17; 42; 5; 18; 7; 23
18,45,0.39335,0.4,3; 11; 18; 45; 14; 14; 32; 13
6,68,0.23271,0.08824,3; 10; 6; 68; 8; 16; 18; 4
30,43,0.71853,0.69767,10; 6; 30; 43; 19; 26; 18; 30
9,62,0.20648,0.14516,4; 4; 9; 62; 14; 23; 14; 26
37,53,0.68401,0.69811,4; 4; 37; 53; 11; 12; 27; 32
5,48,0.21571,0.10417,6; 11; 5; 48; 18; 18; 21; 3
16,55,0.28662,0.29091,13; 3; 16; 55; 15; 23; 17; 30
14,53,0.29078,0.26415,12; 3; 14; 53; 27; 15; 4; 15
17,23,0.78364,0.73913,6; 3; 17; 23; 19; 8; 5; 17
9,59,0.22164,0.15254,8; 7; 9; 59; 4; 32; 19; 31
17,24,0.74921,0.70833,21; 21; 17; 24; 26; 12; 15; 15
21,58,0.38967,0.36207,9; 5; 21; 58; 32; 9; 24; 31
29,39,0.73894,0.74359,14; 4; 29; 39; 22; 8; 14; 5
15,75,0.24232,0.2,4; 4; 15; 75; 20; 9; 11; 3
30,43,0.66949,0.69767,9; 4; 30; 43; 30; 28; 7; 11
36,46,0.752,0.78261,7; 5; 36; 46; 29; 22; 9; 15
23,47,0.50733,0.48936,7; 11; 23; 47; 21; 28; 14; 7
7,27,0.27078,0.25926,27; 23; 7; 27; 16; 14; 27; 13
17,33,0.49628,0.51515,19; 4; 17; 33; 8; 6; 21; 11
14,53,0.26833,0.26415,4; 4; 14; 53; 21; 15; 13; 28
17,33,0.51601,0.51515,7; 10; 17; 33; 25; 16; 14; 23
12,76,0.21192,0.15789,4; 5; 12; 76; 12; 18; 9; 29
18,43,0.42347,0.4186,12; 18; 18; 43; 29; 28; 9; 20
31,35,0.839,0.88571,13; 6; 31; 35; 29; 31; 18; 4
35,49,0.73058,0.71429,5; 4; 35; 49; 28; 3; 3; 11
17,27,0.6686,0.62963,19; 4; 17; 27; 19; 13; 20; 29
25,63,0.4064,0.39683,5; 3; 25; 63; 26; 13; 7; 7
36,46,0.76666,0.78261,4; 7; 36; 46; 22; 5; 20; 13
33,52,0.65377,0.63462,3; 6; 33; 52; 32; 6; 18; 23
30,42,0.72574,0.71429,13; 11; 30; 42; 9; 18; 20; 29
16,23,0.74216,0.69565,11; 24; 16; 23; 25; 22; 7; 31
9,62,0.2589,0.14516,9; 11; 9; 62; 12; 30; 12; 19
25,63,0.42826,0.39683,5; 5; 25; 63; 20; 30; 11; 9
5,12,0.4956,0.41667,37; 32; 5; 12; 6; 22; 28; 13
21,27,0.83476,0.77778,7; 17; 21; 27; 4; 12; 9; 26
12,41,0.30687,0.29268,16; 6; 12; 41; 14; 21; 29; 28
27,55,0.49884,0.49091,7; 5; 27; 55; 13; 30; 21; 24
24,64,0.38223,0.375,5; 3; 24; 64; 13; 14; 29; 6
31,44,0.66823,0.70455,10; 7; 31; 44; 24; 32; 9; 18
5,14,0.48502,0.35714,38; 27; 5; 14; 21; 19; 20; 32
15,24,0.64246,0.625,19; 12; 15; 24; 20; 27; 12; 28
8,19,0.38655,0.42105,21; 18; 8; 19; 3; 21; 28; 31
18,62,0.30482,0.29032,9; 5; 18; 62; 21; 14; 23; 26
7,76,0.23233,0.09211,4; 7; 7; 76; 11; 31; 30; 15
34,38,0.89643,0.89474,6; 11; 34; 38; 24; 19; 28; 20
8,77,0.2143,0.1039,5; 4; 8; 77; 16; 15; 19; 15
7,79,0.25273,0.08861,6; 4; 7; 79; 5; 29; 12; 6
17,65,0.27249,0.26154,3; 8; 17; 65; 4; 22; 28; 5
7,69,0.2093,0.10145,9; 8; 7; 69; 10; 25; 6; 20
20,52,0.39145,0.38462,8; 10; 20; 52; 29; 12; 14; 29
12,59,0.25901,0.20339,3; 10; 12; 59; 27; 16; 26; 21
5,8,0.75075,0.625,33; 23; 5; 8; 5; 5; 25; 32
19,45,0.43982,0.42222,6; 10; 19; 45; 15; 21; 24; 7
25,32,0.76252,0.78125,8; 20; 25; 32; 21; 24; 4; 17
32,51,0.62363,0.62745,4; 5; 32; 51; 27; 19; 22; 14
28,40,0.71593,0.7,15; 10; 28; 40; 21; 6; 15; 12
11,42,0.2765,0.2619,21; 5; 11; 42; 28; 24; 7; 28
6,64,0.21965,0.09375,3; 6; 6; 64; 24; 8; 11; 30
22,45,0.51428,0.48889,4; 6; 22; 45; 28; 4; 16; 14
24,27,0.89078,0.88889,19; 23; 24; 27; 29; 30; 15; 20
5,57,0.2168,0.08772,10; 14; 5; 57; 29; 11; 28; 17
6,63,0.26328,0.09524,6; 9; 6; 63; 25; 21; 14; 15
19,45,0.46207,0.42222,16; 12; 19; 45; 31; 22; 20; 10
9,25,0.37493,0.36,23; 28; 9; 25; 17; 28; 27; 3
32,36,0.87057,0.88889,3; 12; 32; 36; 18; 18; 14; 28
31,40,0.7743,0.775,9; 3; 31; 40; 5; 32; 7; 10
6,65,0.18567,0.09231,7; 7; 6; 65; 21; 29; 9; 29
22,35,0.61999,0.62857,3; 6; 22; 35; 7; 10; 14; 25
20,27,0.74683,0.74074,25; 10; 20; 27; 29; 16; 17; 27
6,62,0.21402,0.09677,15; 13; 6; 62; 14; 27; 17; 7
29,39,0.71242,0.74359,14; 9; 29; 39; 8; 15; 27; 8
18,48,0.37938,0.375,9; 6; 18; 48; 19; 30; 3; 5
34,54,0.61901,0.62963,3; 4; 34; 54; 7; 8; 17; 11
25,34,0.72683,0.73529,17; 13; 25; 34; 16; 16; 30; 27
11,21,0.56781,0.52381,26; 26; 11; 21; 24; 13; 26; 20
6,38,0.25224,0.15789,3; 8; 6; 38; 27; 3; 17; 12
12,23,0.59043,0.52174,18; 14; 12; 23; 25; 26; 21; 23
25,51,0.50778,0.4902,8; 5; 25; 51; 31; 16; 15; 26
34,38,0.9137,0.89474,12; 10; 34; 38; 25; 22; 24; 20
18,23,0.87059,0.78261,10; 27; 18; 23; 20; 30; 24; 20
21,30,0.69154,0.7,4; 6; 21; 30; 14; 27; 24; 6
29,59,0.52757,0.49153,3; 3; 29; 59; 19; 32; 16; 4
5,31,0.30938,0.16129,18; 17; 5; 31; 23; 9; 3; 15
18,50,0.37421,0.36,9; 11; 18; 50; 16; 3; 19; 12
16,45,0.36417,0.35556,12; 5; 16; 45; 15; 22; 10; 3
24,49,0.50802,0.4898,8; 4; 24; 49; 25; 15; 7; 31
21,30,0.68139,0.7,18; 20; 21; 30; 32; 4; 12; 24
32,36,0.87038,0.88889,5; 11; 32; 36; 23; 19; 10; 23
11,56,0.27775,0.19643,6; 11; 11; 56; 3; 3; 28; 9
23,60,0.38067,0.38333,5; 7; 23; 60; 28; 26; 19; 11
18,23,0.87982,0.78261,25; 9; 18; 23; 30; 15; 21; 10
31,49,0.62464,0.63265,6; 3; 31; 49; 12; 21; 32; 4
14,18,0.92633,0.77778,16; 3; 14; 18; 29; 4; 16; 3
17,19,0.89028,0.89474,11; 30; 17; 19; 4; 24; 5; 10
5,31,0.20343,0.16129,23; 15; 5; 31; 18; 22; 5; 11
36,46,0.78397,0.78261,3; 6; 36; 46; 26; 11; 13; 18
7,10,0.61274,0.7,19; 28; 7; 10; 15; 3; 14; 25
13,25,0.53493,0.52,4; 28; 13; 25; 7; 19; 23; 25
26,53,0.52473,0.49057,6; 8; 26; 53; 10; 20; 31; 22
19,45,0.4279,0.42222,10; 14; 19; 45; 31; 10; 22; 31
18,63,0.28349,0.28571,5; 8; 18; 63; 19; 12; 32; 24
24,49,0.48908,0.4898,5; 10; 24; 49; 21; 12; 10; 4
11,56,0.23135,0.19643,13; 7; 11; 56; 29; 23; 26; 9
23,44,0.52844,0.52273,8; 15; 23; 44; 30; 8; 31; 10
8,80,0.28024,0.1,3; 4; 8; 80; 11; 5; 30; 29
14,70,0.22528,0.2,4; 7; 14; 70; 32; 4; 9; 29
23,61,0.38717,0.37705,4; 7; 23; 61; 14; 15; 30; 19
38,49,0.76426,0.77551,4; 5; 38; 49; 28; 8; 16; 9
6,69,0.20076,0.08696,9; 3; 6; 69; 16; 6; 28; 20
13,50,0.26911,0.26,9; 16; 13; 50; 32; 16; 8; 16
10,38,0.25961,0.26316,18; 3; 10; 38; 12; 32; 5; 20
13,34,0.3896,0.38235,22; 16; 13; 34; 12; 32; 13; 10
7,71,0.22658,0.09859,9; 4; 7; 71; 23; 4; 29; 29
7,67,0.23331,0.10448,5; 7; 7; 67; 8; 24; 4; 18
19,39,0.49201,0.48718,13; 4; 19; 39; 10; 13; 18; 3
15,39,0.39173,0.38462,20; 12; 15; 39; 32; 21; 7; 21
15,40,0.37773,0.375,17; 21; 15; 40; 30; 14; 3; 5
5,52,0.2479,0.09615,6; 10; 5; 52; 20; 11; 31; 31
13,25,0.54908,0.52,13; 4; 13; 25; 27; 15; 15; 14
13,25,0.48487,0.52,19; 5; 13; 25; 21; 5; 18; 18
32,36,0.90586,0.88889,4; 6; 32; 36; 20; 27; 12; 18
5,12,0.3788,0.41667,10; 40; 5; 12; 14; 13; 9; 31
18,23,0.86175,0.78261,25; 8; 18; 23; 5; 23; 11; 21
6,70,0.25088,0.08571,3; 4; 6; 70; 5; 22; 18; 8
29,41,0.68128,0.70732,9; 7; 29; 41; 25; 26; 21; 12
15,29,0.54401,0.51724,17; 22; 15; 29; 6; 21; 16; 12
5,53,0.20172,0.09434,10; 6; 5; 53; 3; 19; 21; 18
15,58,0.27159,0.25862,10; 8; 15; 58; 11; 5; 10; 11
25,51,0.51157,0.4902,11; 3; 25; 51; 21; 25; 30; 9
23,44,0.54109,0.52273,4; 8; 23; 44; 26; 15; 3; 20
10,28,0.41431,0.35714,14; 17; 10; 28; 21; 31; 12; 32
23,33,0.6404,0.69697,10; 11; 23; 33; 17; 10; 22; 6
14,37,0.34034,0.37838,23; 12; 14; 37; 30; 18; 12; 28
16,55,0.32045,0.29091,6; 10; 16; 55; 15; 18; 26; 19
30,42,0.69605,0.71429,6; 5; 30; 42; 8; 8; 8; 11
32,51,0.64115,0.62745,6; 5; 32; 51; 31; 6; 13; 31
37,50,0.73597,0.74,5; 5; 37; 50; 15; 16; 12; 17
39,44,0.8555,0.88636,3; 3; 39; 44; 30; 25; 5; 20
8,81,0.25147,0.09877,3; 3; 8; 81; 16; 5; 9; 22
5,51,0.27328,0.09804,5; 9; 5; 51; 32; 8; 25; 18
8,20,0.2966,0.4,22; 12; 8; 20; 16; 18; 15; 32
28,40,0.65634,0.7,11; 9; 28; 40; 25; 8; 10; 10
8,20,0.38019,0.4,21; 31; 8; 20; 16; 23; 20; 6
11,43,0.30268,0.25581,16; 11; 11; 43; 19; 15; 16; 22
20,50,0.41144,0.4,12; 9; 20; 50; 22; 15; 5; 17
11,29,0.38336,0.37931,28; 27; 11; 29; 20; 26; 30; 11
33,47,0.71724,0.70213,5; 3; 33; 47; 10; 11; 25; 6
24,63,0.39288,0.38095,3; 4; 24; 63; 25; 7; 13; 26
24,66,0.39611,0.36364,3; 4; 24; 66; 24; 24; 11; 28
17,24,0.69328,0.70833,4; 18; 17; 24; 20; 20; 19; 10
7,45,0.23549,0.15556,8; 23; 7; 45; 7; 11; 24; 31
25,51,0.48126,0.4902,5; 5; 25; 51; 18; 3; 24; 24
17,33,0.54326,0.51515,12; 15; 17; 33; 14; 9; 17; 28
25,40,0.6439,0.625,11; 8; 25; 40; 30; 13; 23; 31
14,33,0.38246,0.42424,4; 16; 14; 33; 23; 29; 7; 3
27,38,0.71314,0.71053,7; 9; 27; 38; 12; 22; 32; 13
18,70,0.26621,0.25714,4; 4; 18; 70; 19; 21; 5; 18
25,34,0.73865,0.73529,4; 11; 25; 34; 5; 30; 21; 20
16,40,0.42134,0.4,12; 16; 16; 40; 27; 8; 17; 19
14,71,0.22628,0.19718,6; 5; 14; 71; 12; 4; 31; 21
15,52,0.31291,0.28846,5; 15; 15; 52; 23; 18; 26; 30
6,15,0.53308,0.4,27; 36; 6; 15; 16; 11; 31; 22
24,60,0.40562,0.4,7; 5; 24; 60; 29; 3; 22; 26
12,42,0.2798,0.28571,12; 20; 12; 42; 22; 9; 23; 11
16,18,0.82744,0.88889,18; 29; 16; 18; 14; 31; 21; 13
7,48,0.21541,0.14583,16; 21; 7; 48; 24; 13; 14; 19
10,14,0.83936,0.71429,28; 11; 10; 14; 12; 9; 3; 27
12,30,0.34765,0.4,8; 4; 12; 30; 20; 18; 17; 11
19,27,0.71571,0.7037,10; 25; 19; 27; 21; 11; 11; 27
7,80,0.26667,0.0875,3; 4; 7; 80; 17; 20; 6; 23
11,29,0.37689,0.37931,7; 17; 11; 29; 7; 29; 9; 12
24,57,0.41778,0.42105,7; 8; 24; 57; 3; 8; 31; 12
31,40,0.81463,0.775,4; 13; 31; 40; 10; 15; 11; 31
7,80,0.21632,0.0875,3; 3; 7; 80; 7; 11; 9; 18
5,14,0.41017,0.35714,16; 25; 5; 14; 6; 27; 5; 23
17,43,0.42436,0.39535,3; 15; 17; 43; 5; 6; 22; 23
7,76,0.23766,0.09211,4; 5; 7; 76; 10; 10; 22; 18
19,27,0.65387,0.7037,4; 10; 19; 27; 14; 20; 12; 28
10,51,0.25747,0.19608,3; 16; 10; 51; 24; 15; 9; 6
12,19,0.6163,0.63158,27; 6; 12; 19; 12; 22; 7; 12
6,68,0.20443,0.08824,10; 3; 6; 68; 6; 18; 28; 3
23,55,0.42551,0.41818,9; 8; 23; 55; 28; 6; 27; 14
35,45,0.74251,0.77778,9; 9; 35; 45; 24; 18; 25; 20
30,58,0.53652,0.51724,5; 4; 30; 58; 27; 25; 21; 23
26,41,0.63739,0.63415,8; 3; 26; 41; 30; 24; 6; 13
12,59,0.2557,0.20339,4; 13; 12; 59; 11; 16; 4; 7
16,18,0.91774,0.88889,13; 18; 16; 18; 22; 13; 8; 29
12,76,0.20829,0.15789,3; 4; 12; 76; 8; 23; 16; 31
30,43,0.69333,0.69767,11; 6; 30; 43; 13; 24; 18; 4
12,75,0.22842,0.16,3; 3; 12; 75; 26; 14; 15; 3
23,57,0.41964,0.40351,5; 7; 23; 57; 9; 5; 8; 25
29,46,0.62122,0.63043,11; 9; 29; 46; 14; 7; 11; 20
20,68,0.28666,0.29412,3; 3; 20; 68; 9; 30; 3; 25
30,42,0.73353,0.71429,13; 12; 30; 42; 23; 25; 14; 25
24,38,0.62439,0.63158,13; 10; 24; 38; 14; 27; 24; 27
17,23,0.83445,0.73913,9; 6; 17; 23; 30; 27; 17; 22
25,48,0.51698,0.52083,6; 6; 25; 48; 16; 31; 28; 3
9,56,0.22335,0.16071,7; 8; 9; 56; 23; 11; 17; 19
23,57,0.40172,0.40351,3; 6; 23; 57; 9; 28; 32; 25
13,31,0.42302,0.41935,19; 6; 13; 31; 8; 18; 25; 19
32,36,0.89263,0.88889,9; 13; 32; 36; 19; 5; 20; 16
24,49,0.50487,0.4898,7; 11; 24; 49; 15; 5; 10; 17
15,40,0.3859,0.375,20; 4; 15; 40; 13; 14; 20; 31
17,43,0.42918,0.39535,7; 15; 17; 43; 12; 10; 21; 9
34,38,0.8984,0.89474,5; 8; 34; 38; 6; 31; 25; 5
7,69,0.21591,0.10145,3; 11; 7; 69; 4; 11; 12; 32
9,59,0.21648,0.15254,7; 7; 9; 59; 26; 18; 23; 23
15,74,0.22038,0.2027,3; 3; 15; 74; 6; 15; 24; 26
19,30,0.64513,0.63333,23; 24; 19; 30; 3; 19; 14; 3
17,43,0.40894,0.39535,10; 3; 17; 43; 5; 19; 4; 26
29,39,0.74187,0.74359,13; 13; 29; 39; 26; 29; 13; 23
9,59,0.23759,0.15254,6; 10; 9; 59; 25; 15; 18; 7
32,46,0.68907,0.69565,4; 6; 32; 46; 8; 17; 30; 16
10,14,0.75535,0.71429,20; 21; 10; 14; 30; 10; 32; 23
12,30,0.39566,0.4,6; 25; 12; 30; 18; 18; 24; 30
11,55,0.23868,0.2,10; 5; 11; 55; 23; 25; 26; 15
13,50,0.28819,0.26,12; 5; 13; 50; 14; 31; 12; 8
18,50,0.37029,0.36,3; 13; 18; 50; 28; 15; 22; 19
15,42,0.36574,0.35714,13; 14; 15; 42; 25; 5; 31; 23
28,57,0.51072,0.49123,3; 4; 28; 57; 28; 22; 19; 9
7,73,0.22392,0.09589,9; 5; 7; 73; 19; 22; 25; 14
15,74,0.198,0.2027,4; 4; 15; 74; 17; 19; 24; 32
17,47,0.36448,0.3617,6; 3; 17; 47; 9; 29; 16; 20
20,53,0.38619,0.37736,11; 9; 20; 53; 19; 13; 6; 29
34,48,0.66922,0.70833,3; 8; 34; 48; 22; 29; 14; 6
9,31,0.27877,0.29032,4; 17; 9; 31; 19; 15; 5; 6
23,57,0.41278,0.40351,7; 7; 23; 57; 27; 23; 21; 4
17,33,0.56215,0.51515,11; 10; 17; 33; 6; 22; 18; 15
21,43,0.49176,0.48837,13; 8; 21; 43; 15; 9; 5; 31
15,75,0.21355,0.2,4; 4; 15; 75; 22; 23; 7; 26
24,38,0.63309,0.63158,15; 13; 24; 38; 31; 20; 32; 14
7,27,0.2826,0.25926,32; 27; 7; 27; 20; 16; 28; 24
21,52,0.40634,0.40385,8; 5; 21; 52; 7; 29; 7; 11
12,61,0.23009,0.19672,12; 10; 12; 61; 4; 27; 16; 8
6,41,0.26552,0.14634,6; 22; 6; 41; 3; 5; 26; 19
20,32,0.65393,0.625,6; 18; 20; 32; 21; 10; 5; 21
32,46,0.6934,0.69565,5; 6; 32; 46; 10; 11; 11; 5
6,68,0.23734,0.08824,6; 4; 6; 68; 15; 5; 5; 5
22,53,0.4113,0.41509,9; 6; 22; 53; 4; 32; 9; 27
19,45,0.45115,0.42222,14; 4; 19; 45; 18; 25; 28; 23
10,26,0.3455,0.38462,21; 19; 10; 26; 9; 19; 6; 26
8,78,0.29167,0.10256,4; 5; 8; 78; 30; 14; 22; 11
8,9,0.67512,0.88889,12; 25; 8; 9; 21; 8; 15; 19
9,34,0.30364,0.26471,12; 24; 9; 34; 26; 15; 12; 16
14,39,0.34327,0.35897,18; 19; 14; 39; 4; 5; 9; 29
41,46,0.89542,0.8913,4; 4; 41; 46; 3; 23; 27; 12
14,33,0.4353,0.42424,22; 10; 14; 33; 29; 22; 20; 21
32,43,0.72208,0.74419,7; 10; 32; 43; 12; 18; 31; 18
11,71,0.21544,0.15493,8; 6; 11; 71; 4; 24; 26; 25
35,49,0.7095,0.71429,7; 3; 35; 49; 3; 28; 31; 8
5,53,0.2456,0.09434,13; 16; 5; 53; 18; 29; 15; 32
5,55,0.22701,0.09091,18; 16; 5; 55; 32; 15; 4; 21
32,46,0.65923,0.69565,8; 5; 32; 46; 30; 17; 4; 32
26,37,0.69679,0.7027,16; 9; 26; 37; 32; 17; 14; 9
23,47,0.47432,0.48936,10; 3; 23; 47; 8; 6; 30; 27
13,25,0.56583,0.52,14; 12; 13; 25; 5; 5; 20; 16
34,38,0.89497,0.89474,13; 12; 34; 38; 16; 26; 14; 19
21,27,0.79397,0.77778,19; 11; 21; 27; 3; 9; 25; 21
29,59,0.49894,0.49153,4; 5; 29; 59; 10; 13; 16; 5
34,54,0.60481,0.62963,5; 4; 34; 54; 20; 25; 3; 18
24,46,0.54796,0.52174,8; 11; 24; 46; 28; 5; 16; 27
6,23,0.21178,0.26087,15; 6; 6; 23; 21; 6; 21; 16
17,35,0.47152,0.48571,20; 17; 17; 35; 17; 5; 10; 24
17,58,0.31922,0.2931,10; 7; 17; 58; 21; 7; 18; 19
10,64,0.25139,0.15625,12; 12; 10; 64; 3; 30; 31; 19
30,48,0.6434,0.625,5; 5; 30; 48; 20; 13; 5; 30
25,32,0.71835,0.78125,12; 5; 25; 32; 32; 13; 24; 15
8,41,0.23205,0.19512,20; 8; 8; 41; 5; 14; 31; 29
27,52,0.52649,0.51923,8; 5; 27; 52; 23; 30; 18; 17
25,59,0.43855,0.42373,4; 3; 25; 59; 4; 10; 3; 15
22,35,0.59303,0.62857,17; 6; 22; 35; 5; 9; 21; 32
5,58,0.24415,0.08621,3; 15; 5; 58; 20; 6; 26; 24
16,31,0.50107,0.51613,14; 19; 16; 31; 13; 29; 4; 13
31,44,0.69377,0.70455,7; 3; 31; 44; 9; 30; 32; 25
9,55,0.26139,0.16364,9; 4; 9; 55; 3; 18; 26; 22
27,55,0.52032,0.49091,7; 7; 27; 55; 21; 11; 8; 10
13,31,0.37488,0.41935,19; 7; 13; 31; 20; 19; 32; 24
18,63,0.31283,0.28571,8; 6; 18; 63; 21; 4; 6; 23
10,61,0.22745,0.16393,11; 13; 10; 61; 4; 23; 16; 27
13,45,0.30983,0.28889,14; 6; 13; 45; 29; 31; 4; 11
20,50,0.3963,0.4,6; 13; 20; 50; 5; 32; 21; 6
11,70,0.22197,0.15714,4; 6; 11; 70; 12; 22; 27; 17
31,40,0.74612,0.775,7; 3; 31; 40; 14; 13; 12; 9
19,39,0.48341,0.48718,12; 3; 19; 39; 13; 24; 4; 6
7,70,0.24924,0.1,10; 9; 7; 70; 8; 31; 11; 15
5,13,0.47167,0.38462,12; 10; 5; 13; 18; 27; 31; 19
14,33,0.44067,0.42424,12; 4; 14; 33; 27; 19; 14; 10
22,45,0.51791,0.48889,10; 3; 22; 45; 24; 27; 15; 20
14,35,0.41949,0.4,4; 5; 14; 35; 25; 11; 30; 13
26,35,0.73331,0.74286,18; 18; 26; 35; 22; 27; 28; 5
9,46,0.2615,0.19565,20; 19; 9; 46; 28; 6; 11; 11
9,35,0.26491,0.25714,10; 12; 9; 35; 15; 9; 31; 28
24,49,0.50647,0.4898,11; 11; 24; 49; 12; 12; 14; 7
31,42,0.75607,0.7381,8; 10; 31; 42; 7; 14; 14; 31
10,49,0.25263,0.20408,15; 4; 10; 49; 23; 30; 15; 23
17,45,0.31157,0.37778,14; 14; 17; 45; 7; 5; 30; 10
37,53,0.70989,0.69811,3; 4; 37; 53; 3; 13; 4; 21
6,67,0.24677,0.08955,5; 6; 6; 67; 20; 23; 3; 15
8,52,0.18943,0.15385,14; 11; 8; 52; 26; 26; 7; 13
7,74,0.2269,0.09459,3; 6; 7; 74; 17; 6; 17; 26
11,55,0.26192,0.2,16; 7; 11; 55; 17; 4; 22; 12
35,47,0.75063,0.74468,6; 4; 35; 47; 6; 24; 7; 7
29,56,0.55594,0.51786,5; 4; 29; 56; 24; 8; 29; 17
24,57,0.42798,0.42105,4; 7; 24; 57; 16; 19; 5; 21
39,44,0.85994,0.88636,6; 3; 39; 44; 26; 17; 32; 11
8,79,0.22411,0.10127,3; 3; 8; 79; 3; 22; 25; 11
15,57,0.2894,0.26316,5; 12; 15; 57; 6; 29; 20; 19
6,60,0.1914,0.1,9; 13; 6; 60; 32; 3; 6; 15
10,39,0.32137,0.25641,11; 3; 10; 39; 21; 14; 28; 15
21,27,0.81071,0.77778,18; 9; 21; 27; 3; 22; 15; 32
35,45,0.73701,0.77778,9; 9; 35; 45; 22; 7; 23; 11
34,46,0.71422,0.73913,8; 8; 34; 46; 20; 8; 23; 13
27,43,0.60536,0.62791,14; 5; 27; 43; 26; 28; 12; 17
32,41,0.74348,0.78049,11; 4; 32; 41; 22; 24; 17; 22
24,49,0.51061,0.4898,5; 10; 24; 49; 3; 13; 20; 31
35,50,0.70577,0.7,4; 6; 35; 50; 25; 19; 27; 21
7,68,0.25249,0.10294,7; 5; 7; 68; 7; 11; 15; 7
27,55,0.50956,0.49091,8; 3; 27; 55; 17; 24; 30; 5
24,38,0.61457,0.63158,16; 13; 24; 38; 29; 13; 22; 15
7,70,0.23491,0.1,5; 3; 7; 70; 30; 17; 4; 17
17,43,0.41647,0.39535,9; 3; 17; 43; 6; 14; 17; 30
22,42,0.54602,0.52381,10; 3; 22; 42; 29; 11; 4; 12
20,69,0.3038,0.28986,3; 3; 20; 69; 20; 32; 14; 13
34,38,0.89757,0.89474,13; 8; 34; 38; 27; 32; 23; 13
15,57,0.26791,0.26316,11; 10; 15; 57; 18; 11; 7; 4
25,34,0.71672,0.73529,4; 18; 25; 34; 12; 3; 32; 30
20,32,0.61392,0.625,6; 23; 20; 32; 18; 26; 22; 4
21,27,0.82824,0.77778,8; 22; 21; 27; 20; 31; 9; 5
11,21,0.51829,0.52381,17; 19; 11; 21; 27; 13; 11; 31
5,32,0.26464,0.15625,5; 28; 5; 32; 6; 12; 14; 12
17,19,0.86144,0.89474,18; 3; 17; 19; 9; 6; 19; 16
7,9,0.69042,0.77778,28; 26; 7; 9; 3; 4; 4; 22
34,46,0.74061,0.73913,8; 6; 34; 46; 17; 17; 17; 16
25,32,0.79158,0.78125,13; 6; 25; 32; 27; 24; 23; 5
30,48,0.61295,0.625,3; 9; 30; 48; 20; 7; 28; 31
21,43,0.52019,0.48837,13; 7; 21; 43; 9; 7; 12; 28
28,57,0.50315,0.49123,5; 6; 28; 57; 28; 9; 11; 25
26,35,0.72193,0.74286,16; 9; 26; 35; 12; 31; 32; 10
35,47,0.72187,0.74468,7; 7; 35; 47; 16; 14; 27; 12
29,59,0.47709,0.49153,5; 4; 29; 59; 3; 16; 26; 26
32,46,0.69727,0.69565,4; 10; 32; 46; 23; 15; 4; 17
10,14,0.85072,0.71429,30; 24; 10; 14; 8; 9; 12; 32
24,63,0.38028,0.38095,3; 5; 24; 63; 23; 7; 30; 6
12,77,0.19222,0.15584,4; 4; 12; 77; 16; 7; 20; 6
9,62,0.22164,0.14516,3; 5; 9; 62; 5; 28; 30; 18
31,44,0.68949,0.70455,6; 11; 31; 44; 8; 26; 23; 30
27,43,0.62372,0.62791,7; 6; 27; 43; 14; 17; 12; 10
7,48,0.21619,0.14583,3; 11; 7; 48; 5; 11; 6; 12
17,66,0.28935,0.25758,3; 4; 17; 66; 11; 19; 29; 29
8,49,0.21247,0.16327,11; 12; 8; 49; 5; 28; 11; 29
23,47,0.48066,0.48936,8; 3; 23; 47; 27; 27; 27; 16
8,79,0.25561,0.10127,5; 5; 8; 79; 20; 19; 13; 26
15,57,0.27762,0.26316,12; 6; 15; 57; 10; 5; 27; 7
19,48,0.40592,0.39583,7; 7; 19; 48; 4; 15; 21; 26
7,67,0.26721,0.10448,8; 3; 7; 67; 22; 19; 4; 4
38,49,0.78477,0.77551,3; 5; 38; 49; 14; 30; 29; 5
5,33,0.22775,0.15152,4; 26; 5; 33; 14; 7; 3; 29
26,37,0.6918,0.7027,13; 9; 26; 37; 3; 4; 17; 17
23,57,0.43326,0.40351,4; 7; 23; 57; 32; 14; 19; 7
13,31,0.41058,0.41935,5; 11; 13; 31; 30; 27; 16; 22
16,42,0.37602,0.38095,11; 4; 16; 42; 25; 19; 10; 4
7,80,0.22114,0.0875,3; 3; 7; 80; 9; 27; 30; 18
7,35,0.24892,0.2,13; 17; 7; 35; 9; 16; 5; 15
11,69,0.24043,0.15942,3; 4; 11; 69; 20; 20; 4; 30
33,47,0.6776,0.70213,3; 6; 33; 47; 24; 11; 31; 21
19,30,0.57271,0.63333,12; 13; 19; 30; 15; 22; 30; 15
32,36,0.87287,0.88889,13; 14; 32; 36; 10; 12; 31; 26
7,10,0.75337,0.7,11; 15; 7; 10; 20; 15; 26; 13
10,28,0.32834,0.35714,25; 14; 10; 28; 21; 29; 20; 23
22,58,0.37692,0.37931,5; 3; 22; 58; 23; 6; 17; 10
18,47,0.42517,0.38298,10; 7; 18; 47; 6; 10; 18; 15
28,40,0.68469,0.7,12; 13; 28; 40; 4; 6; 15; 14
8,19,0.42116,0.42105,35; 12; 8; 19; 6; 30; 19; 6
27,52,0.54233,0.51923,3; 4; 27; 52; 16; 4; 12; 28
37,53,0.67956,0.69811,3; 4; 37; 53; 20; 19; 22; 8
34,48,0.70336,0.70833,5; 3; 34; 48; 10; 17; 31; 30
21,27,0.75325,0.77778,24; 13; 21; 27; 9; 17; 26; 27
7,24,0.29382,0.29167,21; 21; 7; 24; 25; 10; 28; 12
5,53,0.23811,0.09434,12; 15; 5; 53; 24; 25; 21; 16
15,39,0.37079,0.38462,11; 17; 15; 39; 12; 22; 32; 17
34,48,0.68018,0.70833,5; 3; 34; 48; 8; 18; 27; 10
30,42,0.70083,0.71429,6; 5; 30; 42; 14; 4; 15; 16
15,57,0.26601,0.26316,5; 12; 15; 57; 30; 10; 9; 16
17,23,0.76734,0.73913,7; 14; 17; 23; 24; 13; 28; 27
17,33,0.53218,0.51515,12; 22; 17; 33; 13; 14; 21; 30
10,50,0.22105,0.2,10; 7; 10; 50; 30; 19; 6; 13
35,49,0.711,0.71429,6; 3; 35; 49; 16; 7; 30; 4
8,19,0.53051,0.42105,14; 11; 8; 19; 7; 28; 4; 29
13,25,0.46053,0.52,15; 3; 13; 25; 5; 17; 8; 32
10,66,0.18313,0.15152,3; 9; 10; 66; 6; 6; 13; 8
15,40,0.34946,0.375,9; 12; 15; 40; 19; 22; 11; 29
38,49,0.75945,0.77551,4; 4; 38; 49; 12; 28; 20; 28
23,31,0.73578,0.74194,14; 9; 23; 31; 27; 9; 24; 19
18,68,0.29967,0.26471,3; 4; 18; 68; 30; 21; 3; 6
25,40,0.6153,0.625,8; 5; 25; 40; 7; 9; 29; 24
28,54,0.53049,0.51852,8; 5; 28; 54; 20; 15; 30; 13
17,47,0.34226,0.3617,6; 5; 17; 47; 31; 14; 29; 22
20,53,0.39961,0.37736,4; 10; 20; 53; 19; 25; 3; 22
29,39,0.729,0.74359,5; 3; 29; 39; 8; 27; 31; 15
12,23,0.52411,0.52174,25; 13; 12; 23; 16; 6; 28; 22
32,43,0.7818,0.74419,8; 11; 32; 43; 4; 12; 7; 26
25,32,0.76384,0.78125,6; 10; 25; 32; 21; 5; 16; 31
16,62,0.27434,0.25806,5; 10; 16; 62; 13; 12; 6; 32
17,58,0.28467,0.2931,9; 4; 17; 58; 32; 22; 15; 15
6,58,0.23807,0.10345,11; 16; 6; 58; 18; 23; 23; 12
10,38,0.28096,0.26316,4; 3; 10; 38; 10; 18; 29; 32
19,48,0.35957,0.39583,8; 4; 19; 48; 4; 10; 13; 20
9,24,0.42201,0.375,13; 24; 9; 24; 9; 4; 14; 24
30,42,0.74936,0.71429,12; 8; 30; 42; 32; 30; 8; 25
15,40,0.42537,0.375,4; 16; 15; 40; 12; 31; 32; 13
7,72,0.24895,0.09722,8; 3; 7; 72; 8; 14; 23; 26
7,75,0.23958,0.09333,5; 7; 7; 75; 16; 6; 20; 5
25,48,0.52858,0.52083,5; 6; 25; 48; 9; 14; 24; 11
18,68,0.27315,0.26471,6; 5; 18; 68; 5; 9; 16; 13
8,54,0.25494,0.14815,7; 4; 8; 54; 16; 24; 24; 9
11,42,0.29418,0.2619,12; 7; 11; 42; 27; 18; 3; 28
5,53,0.24277,0.09434,7; 4; 5; 53; 14; 15; 9; 28
7,67,0.18639,0.10448,10; 4; 7; 67; 5; 12; 8; 20
15,40,0.35756,0.375,3; 14; 15; 40; 19; 14; 10; 10
14,19,0.79938,0.73684,6; 19; 14; 19; 11; 22; 8; 9
6,64,0.2514,0.09375,5; 8; 6; 64; 5; 6; 22; 18
9,62,0.25254,0.14516,10; 12; 9; 62; 20; 6; 10; 15
10,64,0.23546,0.15625,9; 4; 10; 64; 19; 12; 4; 5
6,15,0.57145,0.4,25; 20; 6; 15; 7; 20; 16; 20
5,53,0.2563,0.09434,5; 11; 5; 53; 10; 4; 24; 6
37,52,0.69506,0.71154,4; 3; 37; 52; 12; 19; 20; 26
9,34,0.31264,0.26471,22; 14; 9; 34; 32; 22; 6; 10
34,46,0.70856,0.73913,9; 4; 34; 46; 12; 20; 3; 24
37,50,0.73074,0.74,5; 5; 37; 50; 7; 24; 10; 22
6,21,0.39039,0.28571,35; 35; 6; 21; 13; 6; 31; 6
10,16,0.56221,0.625,7; 26; 10; 16; 26; 17; 25; 10
5,7,0.82539,0.71429,12; 11; 5; 7; 7; 11; 8; 32
34,38,0.88369,0.89474,7; 9; 34; 38; 4; 32; 7; 26
8,80,0.27257,0.1,3; 3; 8; 80; 3; 28; 19; 13
7,47,0.25239,0.14894,17; 3; 7; 47; 23; 20; 4; 4
11,56,0.22043,0.19643,6; 10; 11; 56; 32; 15; 20; 29
19,30,0.61248,0.63333,9; 12; 19; 30; 5; 31; 31; 12
18,23,0.79467,0.78261,18; 18; 18; 23; 24; 25; 19; 13
35,50,0.70307,0.7,4; 5; 35; 50; 3; 14; 8; 26
25,48,0.50164,0.52083,6; 12; 25; 48; 7; 18; 18; 29
19,47,0.44947,0.40426,7; 6; 19; 47; 5; 4; 29; 27
7,74,0.22591,0.09459,5; 3; 7; 74; 8; 32; 27; 30
27,52,0.52018,0.51923,3; 7; 27; 52; 29; 7; 4; 13
14,19,0.78125,0.73684,21; 4; 14; 19; 9; 3; 6; 24
9,58,0.21251,0.15517,10; 10; 9; 58; 4; 5; 18; 13
14,49,0.2936,0.28571,8; 13; 14; 49; 29; 8; 5; 12
22,55,0.40097,0.4,10; 3; 22; 55; 29; 21; 30; 8
5,56,0.20562,0.08929,11; 17; 5; 56; 9; 16; 8; 12
26,53,0.49821,0.49057,7; 9; 26; 53; 16; 4; 12; 14
10,24,0.40521,0.41667,24; 9; 10; 24; 13; 32; 3; 21
8,52,0.22942,0.15385,16; 17; 8; 52; 4; 3; 30; 15
12,23,0.50375,0.52174,8; 24; 12; 23; 24; 22; 28; 7
24,34,0.69927,0.70588,17; 10; 24; 34; 15; 19; 15; 17
13,50,0.28107,0.26,9; 6; 13; 50; 26; 30; 16; 10
14,35,0.39979,0.4,9; 21; 14; 35; 27; 18; 18; 15
10,25,0.40193,0.4,14; 13; 10; 25; 3; 30; 4; 23
21,55,0.38641,0.38182,3; 4; 21; 55; 27; 13; 19; 14
16,23,0.65741,0.69565,9; 12; 16; 23; 7; 23; 24; 7
25,62,0.41551,0.40323,3; 5; 25; 62; 30; 3; 25; 13
6,66,0.20643,0.09091,9; 3; 6; 66; 26; 18; 22; 28
6,30,0.27992,0.2,8; 7; 6; 30; 11; 26; 29; 21
20,50,0.40424,0.4,5; 12; 20; 50; 15; 18; 3; 7
23,33,0.6728,0.69697,4; 4; 23; 33; 4; 24; 21; 7
33,52,0.637,0.63462,5; 6; 33; 52; 28; 8; 20; 3
31,40,0.73579,0.775,5; 5; 31; 40; 27; 20; 23; 9
9,44,0.23031,0.20455,5; 17; 9; 44; 10; 8; 16; 30
7,82,0.23397,0.08537,3; 4; 7; 82; 3; 22; 12; 4
23,55,0.4429,0.41818,6; 7; 23; 55; 16; 25; 27; 5
8,54,0.26084,0.14815,18; 16; 8; 54; 23; 20; 26; 17
11,74,0.22362,0.14865,5; 6; 11; 74; 29; 6; 23; 4
6,60,0.23473,0.1,4; 4; 6; 60; 10; 29; 28; 9
7,48,0.27328,0.14583,20; 9; 7; 48; 26; 7; 26; 19
21,52,0.39483,0.40385,5; 11; 21; 52; 26; 23; 5; 21
11,68,0.20857,0.16176,9; 3; 11; 68; 5; 28; 29; 9
7,73,0.23403,0.09589,8; 4; 7; 73; 22; 25; 8; 19
25,28,0.86743,0.89286,16; 14; 25; 28; 8; 14; 29; 4
35,50,0.67938,0.7,5; 3; 35; 50; 25; 27; 17; 24
12,33,0.33377,0.36364,8; 21; 12; 33; 7; 28; 11; 18
18,68,0.2812,0.26471,4; 4; 18; 68; 16; 27; 27; 8
16,55,0.30466,0.29091,6; 9; 16; 55; 19; 14; 32; 30
40,45,0.86515,0.88889,5; 5; 40; 45; 25; 24; 13; 10
14,71,0.2436,0.19718,3; 5; 14; 71; 19; 10; 18; 7
30,48,0.61376,0.625,10; 8; 30; 48; 27; 21; 7; 24
17,42,0.42984,0.40476,7; 11; 17; 42; 30; 10; 4; 8
19,53,0.36473,0.35849,9; 13; 19; 53; 9; 30; 3; 11
23,61,0.37501,0.37705,6; 7; 23; 61; 15; 24; 14; 18
15,58,0.27988,0.25862,5; 4; 15; 58; 11; 13; 21; 12
7,9,0.73593,0.77778,41; 14; 7; 9; 22; 21; 17; 10
8,55,0.23062,0.14545,6; 14; 8; 55; 18; 32; 32; 6
7,10,0.80555,0.7,26; 17; 7; 10; 12; 3; 11; 29
7,80,0.21364,0.0875,3; 3; 7; 80; 29; 26; 24; 4
7,78,0.23533,0.08974,6; 5; 7; 78; 13; 30; 13; 23
12,19,0.76857,0.63158,5; 23; 12; 19; 10; 7; 15; 10
5,56,0.23221,0.08929,6; 17; 5; 56; 32; 3; 16; 13
22,61,0.38766,0.36066,4; 6; 22; 61; 12; 23; 20; 4
19,65,0.29178,0.29231,5; 7; 19; 65; 4; 15; 13; 21
9,46,0.23296,0.19565,11; 19; 9; 46; 6; 22; 11; 25
33,47,0.69086,0.70213,8; 6; 33; 47; 30; 8; 26; 22
30,43,0.67858,0.69767,3; 5; 30; 43; 22; 4; 25; 21
20,50,0.39891,0.4,10; 10; 20; 50; 16; 28; 24; 24
5,52,0.31126,0.09615,6; 14; 5; 52; 9; 14; 11; 17
5,32,0.27729,0.15625,25; 29; 5; 32; 16; 4; 14; 6
23,47,0.47037,0.48936,5; 8; 23; 47; 4; 27; 9; 9
9,35,0.29441,0.25714,27; 8; 9; 35; 32; 14; 21; 5
19,39,0.50097,0.48718,5; 10; 19; 39; 17; 5; 29; 27
31,40,0.73678,0.775,6; 5; 31; 40; 25; 26; 25; 11
7,10,0.78838,0.7,12; 4; 7; 10; 17; 17; 7; 27
34,46,0.71639,0.73913,6; 4; 34; 46; 13; 18; 26; 17
39,50,0.7687,0.78,4; 3; 39; 50; 11; 32; 5; 8
6,66,0.24664,0.09091,10; 8; 6; 66; 5; 8; 23; 21
5,7,0.52603,0.71429,25; 42; 5; 7; 25; 16; 6; 6
19,53,0.37772,0.35849,5; 13; 19; 53; 25; 17; 19; 13
32,41,0.76759,0.78049,12; 12; 32; 41; 29; 29; 22; 3
6,60,0.25361,0.1,6; 7; 6; 60; 23; 13; 31; 30
6,23,0.32062,0.26087,24; 3; 6; 23; 10; 25; 13; 26
5,51,0.25828,0.09804,14; 16; 5; 51; 22; 13; 28; 14
31,49,0.63009,0.63265,7; 3; 31; 49; 5; 24; 31; 17
10,61,0.19913,0.16393,12; 11; 10; 61; 6; 30; 5; 27
29,41,0.69413,0.70732,8; 11; 29; 41; 22; 6; 12; 17
5,50,0.1937,0.1,11; 21; 5; 50; 16; 24; 20; 14
11,69,0.23544,0.15942,3; 4; 11; 69; 29; 31; 20; 13
22,42,0.51749,0.52381,9; 11; 22; 42; 22; 19; 10; 10
28,54,0.53185,0.51852,8; 8; 28; 54; 19; 24; 31; 15
22,45,0.50198,0.48889,13; 12; 22; 45; 11; 22; 24; 13
18,50,0.35984,0.36,8; 12; 18; 50; 31; 7; 14; 23
33,37,0.86639,0.89189,14; 12; 33; 37; 4; 16; 10; 14
6,37,0.28002,0.16216,7; 19; 6; 37; 16; 23; 26; 31
29,56,0.52555,0.51786,5; 6; 29; 56; 32; 22; 3; 16
11,72,0.22122,0.15278,3; 7; 11; 72; 20; 21; 3; 6
7,80,0.20209,0.0875,4; 3; 7; 80; 31; 13; 17; 23
20,27,0.74516,0.74074,8; 9; 20; 27; 28; 8; 11; 26
12,78,0.27869,0.15385,4; 4; 12; 78; 26; 21; 27; 21
26,35,0.76982,0.74286,11; 15; 26; 35; 22; 21; 22; 9
25,63,0.43042,0.39683,4; 3; 25; 63; 9; 25; 7; 13
11,69,0.24345,0.15942,9; 8; 11; 69; 31; 10; 23; 24
15,57,0.29561,0.26316,9; 10; 15; 57; 11; 9; 31; 26
8,20,0.4155,0.4,28; 24; 8; 20; 28; 4; 4; 8
24,63,0.37842,0.38095,4; 5; 24; 63; 21; 31; 19; 22
9,25,0.42376,0.36,23; 29; 9; 25; 23; 29; 12; 11
25,32,0.74355,0.78125,4; 19; 25; 32; 4; 15; 29; 4
9,58,0.24487,0.15517,7; 13; 9; 58; 29; 17; 3; 18
36,46,0.75572,0.78261,7; 8; 36; 46; 4; 30; 11; 11
35,49,0.69115,0.71429,5; 4; 35; 49; 9; 4; 6; 29
11,42,0.27649,0.2619,19; 18; 11; 42; 6; 26; 12; 17
6,67,0.26054,0.08955,11; 8; 6; 67; 4; 7; 3; 5
9,24,0.43852,0.375,30; 14; 9; 24; 20; 16; 10; 14
7,76,0.23125,0.09211,5; 5; 7; 76; 28; 9; 31; 5
26,53,0.49518,0.49057,5; 7; 26; 53; 10; 27; 12; 16
42,47,0.89015,0.89362,3; 3; 42; 47; 8; 30; 11; 28
28,57,0.5079,0.49123,5; 3; 28; 57; 3; 27; 26; 16
12,30,0.3184,0.4,19; 5; 12; 30; 27; 24; 15; 19
6,23,0.29229,0.26087,20; 16; 6; 23; 25; 28; 5; 24
23,31,0.73173,0.74194,10; 19; 23; 31; 20; 25; 22; 29
20,70,0.30558,0.28571,4; 3; 20; 70; 12; 4; 12; 25
5,55,0.2348,0.09091,13; 12; 5; 55; 5; 3; 8; 22
17,35,0.47694,0.48571,8; 23; 17; 35; 26; 31; 15; 11
24,49,0.49987,0.4898,5; 11; 24; 49; 3; 11; 19; 6
29,56,0.52928,0.51786,6; 3; 29; 56; 16; 28; 8; 15
8,41,0.19351,0.19512,4; 9; 8; 41; 3; 32; 17; 15
17,43,0.40233,0.39535,3; 17; 17; 43; 22; 31; 15; 5
27,38,0.71838,0.71053,5; 8; 27; 38; 22; 9; 21; 14
23,60,0.40436,0.38333,5; 4; 23; 60; 8; 27; 18; 7
19,30,0.62339,0.63333,5; 13; 19; 30; 10; 30; 6; 4
16,42,0.38089,0.38095,10; 19; 16; 42; 24; 5; 12; 12
5,13,0.265,0.38462,25; 18; 5; 13; 12; 9; 7; 6
22,45,0.4953,0.48889,9; 8; 22; 45; 5; 14; 23; 30
24,66,0.39176,0.36364,4; 3; 24; 66; 22; 15; 30; 28
18,70,0.24671,0.25714,4; 4; 18; 70; 24; 18; 3; 7
34,54,0.60713,0.62963,5; 3; 34; 54; 17; 9; 32; 16
13,64,0.22844,0.20312,10; 7; 13; 64; 14; 12; 30; 32
19,65,0.32286,0.29231,3; 7; 19; 65; 27; 30; 5; 4
8,22,0.32579,0.36364,25; 20; 8; 22; 30; 4; 9; 28
30,42,0.70407,0.71429,9; 10; 30; 42; 26; 11; 7; 31
14,39,0.36431,0.35897,13; 9; 14; 39; 5; 4; 26; 23
10,34,0.27101,0.29412,23; 26; 10; 34; 25; 15; 22; 13
5,33,0.29246,0.15152,27; 26; 5; 33; 12; 4; 18; 31
17,59,0.28579,0.28814,4; 3; 17; 59; 9; 23; 30; 14
11,72,0.19854,0.15278,7; 4; 11; 72; 21; 14; 16; 23
25,51,0.50757,0.4902,4; 4; 25; 51; 26; 14; 24; 17
32,43,0.72688,0.74419,4; 8; 32; 43; 29; 27; 6; 32
25,28,0.90424,0.89286,17; 5; 25; 28; 10; 10; 15; 5
6,30,0.26034,0.2,4; 26; 6; 30; 29; 8; 6; 6
17,33,0.5487,0.51515,4; 7; 17; 33; 5; 28; 25; 29
10,16,0.52958,0.625,14; 36; 10; 16; 29; 31; 3; 12
17,66,0.29347,0.25758,5; 7; 17; 66; 5; 30; 5; 27
7,44,0.24897,0.15909,3; 6; 7; 44; 13; 19; 16; 29
14,54,0.2733,0.25926,8; 6; 14; 54; 24; 29; 7; 30
37,53,0.67556,0.69811,4; 3; 37; 53; 14; 22; 6; 29
20,27,0.81263,0.74074,13; 13; 20; 27; 5; 11; 4; 6
19,30,0.65448,0.63333,5; 17; 19; 30; 18; 28; 4; 20
12,42,0.31118,0.28571,7; 8; 12; 42; 19; 7; 9; 14
5,48,0.24252,0.10417,15; 14; 5; 48; 24; 5; 8; 26
5,54,0.2287,0.09259,5; 7; 5; 54; 7; 12; 6; 32
33,47,0.70135,0.70213,7; 5; 33; 47; 3; 17; 8; 29
21,58,0.38352,0.36207,4; 3; 21; 58; 15; 17; 15; 23
14,69,0.21767,0.2029,6; 7; 14; 69; 24; 6; 29; 16
7,44,0.24541,0.15909,10; 16; 7; 44; 21; 25; 29; 14
6,15,0.47352,0.4,8; 38; 6; 15; 6; 3; 31; 31
24,46,0.51274,0.52174,8; 3; 24; 46; 25; 23; 17; 12
6,62,0.22002,0.09677,5; 15; 6; 62; 13; 12; 18; 5
5,31,0.28088,0.16129,24; 28; 5; 31; 4; 4; 3; 27
17,33,0.4899,0.51515,3; 4; 17; 33; 18; 23; 26; 21
18,47,0.39313,0.38298,13; 9; 18; 47; 8; 28; 31; 6
26,53,0.48541,0.49057,8; 9; 26; 53; 14; 21; 18; 17
18,43,0.44141,0.4186,6; 18; 18; 43; 19; 24; 16; 9
28,57,0.50384,0.49123,5; 3; 28; 57; 11; 23; 9; 14
8,28,0.26649,0.28571,14; 31; 8; 28; 11; 19; 15; 10
18,63,0.30291,0.28571,4; 3; 18; 63; 15; 28; 19; 23
21,50,0.41027,0.42,8; 3; 21; 50; 5; 28; 5; 22
9,24,0.37912,0.375,32; 19; 9; 24; 17; 11; 27; 12
23,64,0.39451,0.35938,3; 5; 23; 64; 3; 12; 30; 32
14,49,0.28791,0.28571,8; 9; 14; 49; 22; 3; 15; 22
16,38,0.45663,0.42105,4; 11; 16; 38; 31; 5; 15; 26
20,69,0.30868,0.28986,4; 4; 20; 69; 13; 4; 6; 4
23,47,0.51783,0.48936,5; 6; 23; 47; 28; 21; 12; 5
6,15,0.44945,0.4,4; 32; 6; 15; 28; 18; 3; 4
16,18,0.88609,0.88889,25; 31; 16; 18; 7; 6; 25; 22
36,46,0.76002,0.78261,8; 7; 36; 46; 3; 25; 28; 19
6,58,0.24044,0.10345,3; 8; 6; 58; 27; 24; 12; 16
14,39,0.36599,0.35897,17; 18; 14; 39; 24; 18; 13; 30
10,38,0.28438,0.26316,12; 17; 10; 38; 6; 12; 28; 32
11,56,0.23477,0.19643,4; 15; 11; 56; 25; 20; 3; 5
20,56,0.37662,0.35714,9; 9; 20; 56; 25; 24; 14; 19
30,58,0.52267,0.51724,4; 3; 30; 58; 19; 24; 20; 17
5,55,0.24585,0.09091,14; 5; 5; 55; 10; 26; 7; 11
41,46,0.88699,0.8913,3; 3; 41; 46; 22; 9; 12; 28
7,82,0.25516,0.08537,3; 3; 7; 82; 14; 14; 19; 27
21,50,0.42799,0.42,9; 7; 21; 50; 13; 32; 27; 18
21,50,0.44738,0.42,3; 3; 21; 50; 29; 28; 16; 7
31,44,0.70093,0.70455,3; 6; 31; 44; 11; 8; 25; 32
8,81,0.21465,0.09877,3; 4; 8; 81; 22; 13; 24; 8
7,47,0.18731,0.14894,15; 22; 7; 47; 5; 10; 6; 4
16,61,0.26552,0.2623,10; 8; 16; 61; 32; 15; 3; 4
22,58,0.36213,0.37931,3; 6; 22; 58; 5; 9; 11; 12
28,57,0.52731,0.49123,5; 5; 28; 57; 22; 4; 4; 19
15,21,0.7681,0.71429,9; 18; 15; 21; 17; 25; 27; 17
17,42,0.38956,0.40476,11; 16; 17; 42; 29; 28; 26; 13
11,43,0.24569,0.25581,8; 11; 11; 43; 27; 6; 6; 19
11,70,0.22207,0.15714,6; 7; 11; 70; 10; 31; 20; 9
36,51,0.70804,0.70588,5; 5; 36; 51; 21; 32; 10; 24
19,53,0.37223,0.35849,4; 12; 19; 53; 28; 15; 17; 6
33,52,0.60574,0.63462,4; 6; 33; 52; 11; 6; 7; 26
7,9,0.80548,0.77778,19; 37; 7; 9; 26; 9; 11; 17
21,30,0.70897,0.7,18; 16; 21; 30; 10; 19; 21; 28
14,69,0.21775,0.2029,4; 3; 14; 69; 22; 3; 8; 26
31,44,0.7331,0.70455,3; 10; 31; 44; 16; 5; 8; 10
17,24,0.78714,0.70833,27; 7; 17; 24; 24; 23; 4; 20
6,23,0.27967,0.26087,27; 24; 6; 23; 29; 22; 11; 17
16,23,0.70837,0.69565,6; 29; 16; 23; 27; 3; 21; 29
7,27,0.26878,0.25926,8; 18; 7; 27; 28; 26; 19; 17
22,52,0.44911,0.42308,10; 9; 22; 52; 14; 21; 31; 8
7,76,0.23338,0.09211,4; 3; 7; 76; 5; 30; 3; 8
27,52,0.51732,0.51923,5; 8; 27; 52; 28; 27; 22; 9
13,25,0.49612,0.52,3; 20; 13; 25; 9; 25; 7; 4
6,30,0.20455,0.2,23; 9; 6; 30; 4; 16; 4; 21
25,32,0.81009,0.78125,6; 10; 25; 32; 15; 25; 16; 32
7,47,0.23576,0.14894,15; 21; 7; 47; 8; 15; 21; 31
20,53,0.37159,0.37736,9; 12; 20; 53; 17; 5; 31; 31
9,55,0.21666,0.16364,13; 15; 9; 55; 18; 6; 30; 15
19,39,0.50275,0.48718,16; 3; 19; 39; 20; 25; 12; 7
15,21,0.74056,0.71429,4; 19; 15; 21; 8; 28; 19; 28
8,20,0.33673,0.4,32; 13; 8; 20; 11; 16; 16; 29
26,50,0.53915,0.52,11; 4; 26; 50; 16; 4; 14; 29
22,53,0.41883,0.41509,6; 9; 22; 53; 30; 8; 30; 20
25,34,0.72473,0.73529,3; 9; 25; 34; 26; 8; 27; 21
34,54,0.60902,0.62963,3; 4; 34; 54; 6; 19; 16; 15
14,49,0.31179,0.28571,10; 9; 14; 49; 30; 30; 5; 25
6,41,0.30178,0.14634,23; 23; 6; 41; 12; 18; 20; 4
19,48,0.39613,0.39583,15; 7; 19; 48; 8; 27; 13; 22
11,73,0.21573,0.15068,6; 6; 11; 73; 8; 20; 15; 9
15,36,0.40972,0.41667,11; 7; 15; 36; 20; 10; 22; 20
11,26,0.40719,0.42308,3; 18; 11; 26; 18; 8; 11; 30
5,25,0.25171,0.2,18; 27; 5; 25; 3; 13; 26; 32
23,61,0.40654,0.37705,5; 3; 23; 61; 32; 21; 19; 19
28,36,0.74588,0.77778,13; 9; 28; 36; 20; 4; 7; 16
28,36,0.79227,0.77778,7; 11; 28; 36; 17; 12; 19; 14
5,48,0.2459,0.10417,8; 18; 5; 48; 24; 4; 32; 9
14,39,0.40994,0.35897,20; 16; 14; 39; 9; 13; 15; 3
26,53,0.51443,0.49057,3; 4; 26; 53; 16; 26; 32; 19
5,32,0.22277,0.15625,27; 6; 5; 32; 15; 4; 18; 3
6,67,0.18554,0.08955,5; 3; 6; 67; 15; 23; 23; 32
9,25,0.37549,0.36,8; 31; 9; 25; 30; 3; 31; 27
25,63,0.43788,0.39683,5; 3; 25; 63; 19; 25; 10; 14
5,48,0.26232,0.10417,3; 12; 5; 48; 5; 27; 28; 6
6,39,0.30745,0.15385,20; 17; 6; 39; 21; 28; 14; 3
7,35,0.19033,0.2,13; 20; 7; 35; 19; 11; 15; 9
5,19,0.37972,0.26316,30; 22; 5; 19; 22; 14; 29; 14
8,19,0.41894,0.42105,16; 7; 8; 19; 8; 6; 15; 9
23,33,0.65188,0.69697,6; 16; 23; 33; 7; 5; 24; 5
26,41,0.61342,0.63415,3; 8; 26; 41; 31; 31; 13; 13
6,39,0.23884,0.15385,13; 22; 6; 39; 3; 30; 19; 31
23,44,0.52409,0.52273,6; 15; 23; 44; 8; 7; 32; 12
17,27,0.61886,0.62963,5; 23; 17; 27; 19; 32; 14; 8
37,50,0.73719,0.74,4; 5; 37; 50; 10; 9; 7; 30
21,53,0.37683,0.39623,5; 7; 21; 53; 6; 12; 9; 30
5,49,0.26026,0.10204,15; 14; 5; 49; 7; 14; 15; 20
12,78,0.23134,0.15385,3; 4; 12; 78; 13; 29; 10; 32
20,41,0.48865,0.4878,8; 12; 20; 41; 16; 5; 12; 24
15,51,0.30057,0.29412,12; 12; 15; 51; 20; 24; 23; 16
20,32,0.64422,0.625,18; 21; 20; 32; 10; 31; 14; 26
5,53,0.26092,0.09434,5; 18; 5; 53; 9; 8; 3; 21
23,33,0.69466,0.69697,11; 16; 23; 33; 27; 24; 26; 6
25,32,0.78476,0.78125,8; 16; 25; 32; 26; 13; 8; 22
8,52,0.2008,0.15385,4; 3; 8; 52; 16; 19; 5; 15
24,34,0.70775,0.70588,6; 4; 24; 34; 10; 29; 18; 6
25,35,0.70594,0.71429,7; 13; 25; 35; 20; 3; 26; 4
9,57,0.24384,0.15789,15; 9; 9; 57; 16; 27; 6; 32
13,25,0.50105,0.52,25; 26; 13; 25; 19; 24; 25; 7
17,27,0.61423,0.62963,24; 19; 17; 27; 8; 25; 8; 4
18,70,0.27209,0.25714,5; 3; 18; 70; 14; 19; 4; 28
7,35,0.20951,0.2,26; 21; 7; 35; 4; 13; 5; 16
23,47,0.51615,0.48936,8; 14; 23; 47; 31; 9; 14; 18
16,56,0.28038,0.28571,3; 6; 16; 56; 26; 24; 5; 5
15,52,0.29912,0.28846,13; 13; 15; 52; 5; 18; 23; 18
12,47,0.26281,0.25532,6; 14; 12; 47; 25; 30; 21; 4
7,82,0.19598,0.08537,3; 4; 7; 82; 18; 3; 25; 21
22,52,0.43523,0.42308,3; 3; 22; 52; 13; 24; 5; 24
9,59,0.20992,0.15254,14; 9; 9; 59; 20; 6; 15; 3
6,65,0.24551,0.09231,7; 3; 6; 65; 7; 17; 29; 9
25,35,0.68891,0.71429,13; 16; 25; 35; 29; 14; 13; 9
24,64,0.39233,0.375,5; 4; 24; 64; 15; 8; 13; 21
6,65,0.21146,0.09231,6; 8; 6; 65; 8; 9; 10; 20
39,44,0.86247,0.88636,3; 5; 39; 44; 31; 8; 8; 15
5,8,0.75972,0.625,28; 22; 5; 8; 31; 3; 25; 4
7,9,0.74073,0.77778,25; 37; 7; 9; 28; 12; 4; 16
9,25,0.33699,0.36,29; 6; 9; 25; 18; 3; 13; 27
13,25,0.51978,0.52,7; 10; 13; 25; 8; 29; 20; 6
13,36,0.35439,0.36111,7; 3; 13; 36; 4; 3; 22; 11
19,47,0.38562,0.40426,16; 6; 19; 47; 13; 15; 22; 24
7,71,0.1984,0.09859,5; 3; 7; 71; 29; 11; 9; 20
23,64,0.39142,0.35938,3; 4; 23; 64; 10; 5; 27; 15
23,60,0.40427,0.38333,6; 7; 23; 60; 24; 12; 8; 3
12,30,0.38419,0.4,15; 18; 12; 30; 3; 9; 3; 13
32,51,0.60873,0.62745,4; 4; 32; 51; 20; 6; 15; 29
26,50,0.55659,0.52,9; 9; 26; 50; 8; 29; 10; 11
20,50,0.40561,0.4,7; 9; 20; 50; 20; 28; 24; 21
8,19,0.41997,0.42105,12; 6; 8; 19; 31; 6; 8; 15
10,67,0.23044,0.14925,4; 7; 10; 67; 9; 14; 27; 6
10,50,0.22935,0.2,16; 7; 10; 50; 19; 20; 17; 11
26,35,0.70941,0.74286,4; 6; 26; 35; 12; 14; 24; 22
10,51,0.23592,0.19608,13; 10; 10; 51; 7; 3; 14; 4
11,42,0.27825,0.2619,3; 14; 11; 42; 3; 20; 5; 29
9,58,0.23516,0.15517,5; 15; 9; 58; 23; 26; 6; 13
12,17,0.92905,0.70588,8; 14; 12; 17; 10; 21; 3; 4
22,61,0.35678,0.36066,7; 6; 22; 61; 13; 10; 15; 31
23,33,0.66056,0.69697,8; 18; 23; 33; 20; 18; 5; 3
18,69,0.26259,0.26087,5; 3; 18; 69; 9; 28; 7; 8
12,42,0.29982,0.28571,20; 15; 12; 42; 10; 30; 25; 11
36,46,0.77245,0.78261,8; 5; 36; 46; 32; 9; 15; 29
12,33,0.33082,0.36364,18; 13; 12; 33; 12; 23; 32; 5
11,73,0.19918,0.15068,7; 4; 11; 73; 18; 11; 10; 20
35,50,0.68109,0.7,6; 5; 35; 50; 10; 24; 27; 9
16,42,0.36785,0.38095,7; 12; 16; 42; 5; 10; 25; 17
5,19,0.37541,0.26316,9; 15; 5; 19; 3; 20; 7; 3
32,45,0.68515,0.71111,10; 7; 32; 45; 24; 24; 27; 4
15,21,0.84824,0.71429,14; 17; 15; 21; 21; 16; 32; 26
21,55,0.39087,0.38182,3; 11; 21; 55; 16; 31; 19; 16
41,46,0.87538,0.8913,5; 3; 41; 46; 16; 31; 11; 30
20,56,0.36039,0.35714,6; 7; 20; 56; 12; 26; 8; 3
25,28,0.89818,0.89286,14; 9; 25; 28; 12; 32; 18; 29
20,56,0.34507,0.35714,4; 9; 20; 56; 29; 13; 3; 16
15,24,0.65124,0.625,7; 29; 15; 24; 27; 20; 9; 24
25,63,0.42738,0.39683,4; 4; 25; 63; 26; 21; 19; 9
8,80,0.22673,0.1,5; 3; 8; 80; 12; 28; 5; 30
34,54,0.60627,0.62963,5; 3; 34; 54; 27; 11; 16; 18
12,46,0.28488,0.26087,14; 8; 12; 46; 16; 8; 18; 5
12,19,0.63554,0.63158,27; 14; 12; 19; 24; 21; 20; 26
7,71,0.23759,0.09859,4; 7; 7; 71; 19; 27; 5; 10
7,72,0.21569,0.09722,8; 8; 7; 72; 17; 32; 10; 29
14,20,0.76848,0.7,9; 18; 14; 20; 7; 22; 12; 8
7,72,0.20312,0.09722,8; 9; 7; 72; 18; 22; 15; 3
12,42,0.27806,0.28571,13; 7; 12; 42; 26; 20; 21; 25
38,49,0.77239,0.77551,4; 4; 38; 49; 14; 19; 23; 16
26,50,0.51791,0.52,6; 7; 26; 50; 7; 16; 23; 18
8,9,0.69666,0.88889,24; 25; 8; 9; 4; 31; 10; 31
9,31,0.29008,0.29032,26; 29; 9; 31; 8; 5; 18; 5
29,59,0.50687,0.49153,3; 5; 29; 59; 17; 20; 30; 28
19,27,0.72292,0.7037,19; 11; 19; 27; 21; 6; 16; 15
23,47,0.51594,0.48936,11; 14; 23; 47; 25; 29; 11; 22
16,23,0.75757,0.69565,21; 23; 16; 23; 26; 28; 9; 26
16,44,0.3664,0.36364,11; 10; 16; 44; 19; 11; 4; 29
13,34,0.35187,0.38235,5; 10; 13; 34; 17; 12; 4; 25
6,58,0.24782,0.10345,16; 9; 6; 58; 3; 24; 32; 19
15,57,0.29586,0.26316,5; 6; 15; 57; 32; 13; 11; 9
6,68,0.26737,0.08824,9; 8; 6; 68; 31; 19; 24; 14
30,43,0.69437,0.69767,5; 6; 30; 43; 15; 32; 14; 29
29,39,0.71984,0.74359,13; 13; 29; 39; 20; 13; 10; 20
20,70,0.30167,0.28571,4; 4; 20; 70; 6; 22; 12; 22
17,27,0.65928,0.62963,14; 22; 17; 27; 11; 30; 29; 12
17,45,0.40133,0.37778,16; 5; 17; 45; 25; 13; 32; 18
16,62,0.28023,0.25806,5; 8; 16; 62; 26; 11; 23; 20
22,61,0.33104,0.36066,7; 3; 22; 61; 5; 6; 19; 21
21,27,0.86365,0.77778,24; 19; 21; 27; 13; 3; 5; 25
11,55,0.24234,0.2,4; 9; 11; 55; 30; 3; 12; 4
6,70,0.2555,0.08571,5; 4; 6; 70; 13; 5; 31; 12
6,40,0.25376,0.15,15; 7; 6; 40; 19; 24; 21; 11
9,62,0.25831,0.14516,6; 9; 9; 62; 20; 20; 14; 7
14,48,0.32919,0.29167,14; 17; 14; 48; 28; 25; 26; 9
17,27,0.63132,0.62963,4; 11; 17; 27; 10; 20; 9; 26
25,40,0.65441,0.625,14; 13; 25; 40; 28; 15; 19; 12
26,37,0.68823,0.7027,6; 3; 26; 37; 21; 27; 25; 24
28,54,0.5123,0.51852,4; 7; 28; 54; 13; 30; 22; 31
9,59,0.19497,0.15254,5; 14; 9; 59; 25; 9; 16; 30
10,24,0.47522,0.41667,26; 6; 10; 24; 22; 4; 24; 4
25,63,0.41339,0.39683,3; 3; 25; 63; 3; 23; 6; 31
9,58,0.20366,0.15517,8; 9; 9; 58; 20; 6; 10; 7
15,40,0.38633,0.375,11; 19; 15; 40; 10; 12; 29; 20
24,64,0.36779,0.375,5; 3; 24; 64; 8; 18; 15; 19
7,9,0.74104,0.77778,4; 34; 7; 9; 3; 17; 5; 10
25,60,0.41539,0.41667,5; 5; 25; 60; 16; 18; 8; 9
20,50,0.39453,0.4,10; 9; 20; 50; 27; 19; 25; 10
32,51,0.60898,0.62745,4; 6; 32; 51; 26; 6; 25; 7
12,19,0.74168,0.63158,14; 7; 12; 19; 14; 32; 23; 21
31,35,0.91066,0.88571,10; 4; 31; 35; 22; 16; 22; 16
6,15,0.44214,0.4,34; 23; 6; 15; 27; 9; 25; 11
5,17,0.40354,0.29412,5; 18; 5; 17; 13; 12; 26; 13
14,53,0.30388,0.26415,15; 14; 14; 53; 9; 31; 17; 16
7,9,0.83664,0.77778,5; 6; 7; 9; 27; 5; 25; 12
11,67,0.22328,0.16418,8; 8; 11; 67; 5; 20; 28; 5
35,49,0.71555,0.71429,7; 3; 35; 49; 9; 11; 3; 30
5,56,0.22334,0.08929,13; 10; 5; 56; 23; 19; 3; 13
18,48,0.38198,0.375,8; 11; 18; 48; 30; 8; 8; 7
5,56,0.17529,0.08929,7; 9; 5; 56; 27; 23; 15; 18
33,47,0.70751,0.70213,6; 3; 33; 47; 20; 18; 29; 19
34,48,0.66969,0.70833,7; 6; 34; 48; 19; 4; 25; 6
26,62,0.4139,0.41935,3; 3; 26; 62; 7; 31; 27; 18
7,74,0.22609,0.09459,6; 5; 7; 74; 30; 6; 9; 6
10,68,0.21405,0.14706,4; 10; 10; 68; 21; 21; 25; 28
6,37,0.26496,0.16216,19; 4; 6; 37; 27; 30; 31; 5
21,53,0.39565,0.39623,7; 6; 21; 53; 4; 32; 27; 14
21,27,0.78769,0.77778,11; 11; 21; 27; 6; 11; 5; 8
26,62,0.41864,0.41935,5; 3; 26; 62; 29; 23; 9; 27
14,27,0.49892,0.51852,19; 14; 14; 27; 7; 6; 3; 18
7,78,0.24469,0.08974,5; 6; 7; 78; 27; 3; 26; 30
21,50,0.41909,0.42,12; 13; 21; 50; 28; 31; 8; 29
15,21,0.75872,0.71429,20; 18; 15; 21; 12; 20; 13; 7
20,53,0.37372,0.37736,11; 10; 20; 53; 8; 22; 26; 29
9,56,0.18289,0.16071,6; 11; 9; 56; 3; 12; 25; 11
15,51,0.33798,0.29412,4; 7; 15; 51; 12; 9; 23; 17
15,51,0.28972,0.29412,9; 5; 15; 51; 18; 9; 15; 20
5,32,0.19954,0.15625,12; 13; 5; 32; 22; 16; 24; 28
7,48,0.21044,0.14583,19; 16; 7; 48; 19; 25; 4; 27
25,62,0.45129,0.40323,4; 5; 25; 62; 17; 27; 23; 20
16,55,0.30587,0.29091,8; 12; 16; 55; 21; 31; 18; 15
12,61,0.24473,0.19672,11; 12; 12; 61; 22; 25; 9; 22
20,56,0.38357,0.35714,11; 11; 20; 56; 17; 19; 32; 10
37,53,0.68105,0.69811,4; 4; 37; 53; 15; 29; 18; 28
11,56,0.28214,0.19643,11; 11; 11; 56; 11; 10; 13; 28
13,65,0.22688,0.2,3; 9; 13; 65; 6; 32; 3; 31
9,60,0.18814,0.15,13; 7; 9; 60; 14; 28; 8; 13
29,56,0.51029,0.51786,6; 4; 29; 56; 3; 10; 27; 6
8,78,0.22661,0.10256,5; 5; 8; 78; 18; 11; 29; 3
25,34,0.68686,0.73529,3; 9; 25; 34; 26; 7; 19; 31
8,55,0.23577,0.14545,9; 9; 8; 55; 30; 16; 17; 31
12,42,0.29301,0.28571,10; 5; 12; 42; 5; 27; 25; 18
6,66,0.23094,0.09091,3; 10; 6; 66; 4; 5; 28; 11
11,74,0.24262,0.14865,6; 4; 11; 74; 22; 12; 9; 25
21,52,0.38032,0.40385,9; 7; 21; 52; 12; 20; 28; 21
25,48,0.53522,0.52083,3; 9; 25; 48; 10; 29; 24; 6
23,31,0.70682,0.74194,16; 22; 23; 31; 30; 6; 17; 20
39,50,0.79902,0.78,4; 3; 39; 50; 19; 25; 5; 28
11,70,0.22268,0.15714,5; 5; 11; 70; 11; 26; 10; 10
11,21,0.52717,0.52381,26; 27; 11; 21; 10; 12; 19; 29
32,36,0.90467,0.88889,13; 4; 32; 36; 12; 11; 4; 15
14,54,0.25643,0.25926,9; 10; 14; 54; 20; 8; 9; 19
25,51,0.48353,0.4902,11; 8; 25; 51; 21; 4; 10; 22
5,8,0.73548,0.625,25; 13; 5; 8; 14; 23; 5; 11
8,81,0.22827,0.09877,4; 4; 8; 81; 15; 5; 24; 19
34,46,0.71887,0.73913,4; 4; 34; 46; 24; 15; 7; 15
25,65,0.38714,0.38462,4; 4; 25; 65; 15; 26; 12; 30
22,35,0.60069,0.62857,11; 11; 22; 35; 18; 22; 18; 28
8,50,0.20827,0.16,14; 8; 8; 50; 13; 9; 18; 20
34,46,0.71387,0.73913,9; 8; 34; 46; 19; 9; 25; 21
7,10,0.67506,0.7,33; 15; 7; 10; 15; 14; 27; 23
31,35,0.86432,0.88571,7; 8; 31; 35; 17; 21; 29; 12
25,34,0.69457,0.73529,3; 8; 25; 34; 31; 9; 17; 25
21,43,0.54589,0.48837,8; 13; 21; 43; 9; 22; 7; 10
6,68,0.21909,0.08824,3; 4; 6; 68; 31; 9; 20; 9
7,71,0.25014,0.09859,7; 10; 7; 71; 3; 32; 7; 17
23,31,0.72837,0.74194,20; 17; 23; 31; 32; 29; 20; 14
9,25,0.37983,0.36,15; 9; 9; 25; 24; 8; 29; 29
23,61,0.40928,0.37705,5; 7; 23; 61; 19; 24; 9; 23
5,49,0.21892,0.10204,15; 17; 5; 49; 27; 28; 8; 32
31,35,0.88563,0.88571,3; 5; 31; 35; 8; 14; 11; 24
17,19,0.91325,0.89474,6; 22; 17; 19; 25; 6; 31; 24
25,51,0.49935,0.4902,8; 7; 25; 51; 26; 31; 9; 7
5,50,0.25365,0.1,15; 10; 5; 50; 24; 17; 23; 19
10,68,0.22846,0.14706,10; 3; 10; 68; 6; 27; 24; 14
8,9,0.80409,0.88889,40; 10; 8; 9; 5; 31; 23; 24
10,35,0.32258,0.28571,26; 11; 10; 35; 11; 6; 29; 25
17,19,0.89936,0.89474,16; 7; 17; 19; 13; 22; 8; 8
14,20,0.74158,0.7,23; 27; 14; 20; 24; 9; 25; 22
10,50,0.24733,0.2,12; 3; 10; 50; 5; 22; 3; 27
24,34,0.7083,0.70588,13; 12; 24; 34; 9; 19; 13; 14
32,36,0.86454,0.88889,10; 7; 32; 36; 9; 22; 20; 4
29,46,0.63423,0.63043,4; 9; 29; 46; 14; 9; 21; 6
22,52,0.43659,0.42308,3; 3; 22; 52; 21; 27; 15; 31
29,46,0.62428,0.63043,6; 3; 29; 46; 12; 10; 8; 15
21,27,0.77715,0.77778,11; 21; 21; 27; 10; 11; 32; 7
25,65,0.38808,0.38462,4; 4; 25; 65; 23; 24; 9; 24
17,19,0.91197,0.89474,23; 19; 17; 19; 19; 18; 21; 27
31,49,0.64809,0.63265,3; 4; 31; 49; 31; 11; 19; 19
8,81,0.23488,0.09877,3; 4; 8; 81; 19; 11; 6; 25
16,23,0.75512,0.69565,5; 27; 16; 23; 17; 23; 26; 21
12,61,0.2457,0.19672,3; 8; 12; 61; 26; 12; 25; 27
35,45,0.74798,0.77778,4; 4; 35; 45; 7; 16; 28; 14
14,33,0.44039,0.42424,21; 23; 14; 33; 5; 3; 32; 27
5,33,0.17227,0.15152,12; 27; 5; 33; 11; 4; 26; 21
28,38,0.70772,0.73684,5; 6; 28; 38; 14; 27; 17; 21
22,45,0.52913,0.48889,7; 7; 22; 45; 23; 5; 15; 7
7,27,0.29048,0.25926,7; 15; 7; 27; 11; 32; 7; 6
29,41,0.70355,0.70732,10; 8; 29; 41; 6; 12; 30; 25
11,42,0.2913,0.2619,13; 13; 11; 42; 7; 7; 13; 13
24,46,0.52241,0.52174,5; 8; 24; 46; 14; 29; 21; 12
26,53,0.46671,0.49057,9; 6; 26; 53; 32; 14; 6; 10
5,57,0.25343,0.08772,16; 17; 5; 57; 24; 23; 25; 22
12,76,0.17857,0.15789,5; 5; 12; 76; 4; 21; 24; 4
10,34,0.3024,0.29412,8; 17; 10; 34; 15; 19; 15; 8
22,31,0.68705,0.70968,4; 16; 22; 31; 29; 23; 30; 9
21,27,0.7977,0.77778,17; 12; 21; 27; 29; 32; 13; 9
15,57,0.27777,0.26316,11; 4; 15; 57; 27; 13; 16; 28
5,25,0.29256,0.2,19; 13; 5; 25; 8; 13; 21; 13
5,19,0.28825,0.26316,14; 37; 5; 19; 28; 31; 32; 5
7,68,0.20908,0.10294,8; 3; 7; 68; 31; 8; 8; 8
22,52,0.43303,0.42308,9; 11; 22; 52; 29; 30; 15; 9
12,60,0.2607,0.2,12; 11; 12; 60; 32; 22; 27; 12
7,24,0.2974,0.29167,31; 19; 7; 24; 11; 7; 27; 19
7,44,0.29458,0.15909,11; 19; 7; 44; 31; 4; 25; 16
41,46,0.88636,0.8913,4; 5; 41; 46; 32; 14; 8; 24
28,54,0.55084,0.51852,4; 6; 28; 54; 11; 16; 14; 15
16,45,0.3483,0.35556,12; 11; 16; 45; 24; 18; 17; 28
14,39,0.33541,0.35897,17; 11; 14; 39; 10; 23; 31; 6
20,41,0.45595,0.4878,12; 12; 20; 41; 21; 7; 7; 15
38,49,0.78985,0.77551,4; 3; 38; 49; 6; 18; 11; 6
8,53,0.19892,0.15094,5; 7; 8; 53; 28; 24; 19; 22
10,39,0.28289,0.25641,16; 17; 10; 39; 9; 15; 5; 12
10,64,0.22492,0.15625,11; 5; 10; 64; 7; 14; 30; 25
16,23,0.6234,0.69565,27; 17; 16; 23; 28; 12; 9; 21
18,69,0.28018,0.26087,3; 4; 18; 69; 29; 21; 7; 18
32,46,0.7082,0.69565,5; 4; 32; 46; 23; 27; 4; 24
22,53,0.41417,0.41509,4; 8; 22; 53; 24; 5; 7; 14
7,75,0.21017,0.09333,3; 4; 7; 75; 7; 13; 3; 7
14,53,0.30332,0.26415,7; 3; 14; 53; 3; 19; 17; 14
16,62,0.26221,0.25806,7; 8; 16; 62; 31; 26; 26; 14
20,50,0.38993,0.4,14; 14; 20; 50; 3; 10; 20; 10
6,37,0.19507,0.16216,19; 17; 6; 37; 7; 3; 15; 9
12,74,0.21027,0.16216,4; 6; 12; 74; 12; 16; 24; 4
25,59,0.4305,0.42373,6; 6; 25; 59; 24; 11; 7; 7
14,48,0.28729,0.29167,16; 16; 14; 48; 31; 30; 15; 5
27,52,0.52223,0.51923,6; 3; 27; 52; 7; 4; 13; 6
11,70,0.21348,0.15714,5; 8; 11; 70; 30; 10; 5; 4
11,55,0.23493,0.2,13; 12; 11; 55; 26; 24; 18; 18
16,44,0.35533,0.36364,11; 13; 16; 44; 18; 15; 12; 12
29,59,0.5124,0.49153,4; 3; 29; 59; 3; 32; 7; 21
16,23,0.7644,0.69565,11; 17; 16; 23; 24; 32; 13; 18
25,34,0.75439,0.73529,6; 11; 25; 34; 19; 5; 29; 4
6,23,0.2924,0.26087,14; 11; 6; 23; 30; 32; 5; 19
14,35,0.38209,0.4,15; 13; 14; 35; 6; 5; 26; 11
7,47,0.23931,0.14894,4; 10; 7; 47; 32; 23; 16; 10
17,27,0.64486,0.62963,5; 25; 17; 27; 23; 9; 13; 17
20,32,0.59231,0.625,7; 21; 20; 32; 14; 16; 24; 25
17,58,0.31003,0.2931,10; 6; 17; 58; 17; 6; 15; 17
8,49,0.22486,0.16327,13; 19; 8; 49; 32; 24; 13; 23
18,37,0.51832,0.48649,15; 16; 18; 37; 12; 14; 31; 5
6,41,0.22957,0.14634,4; 14; 6; 41; 11; 28; 9; 3
30,48,0.58092,0.625,6; 10; 30; 48; 11; 17; 28; 6
17,47,0.41024,0.3617,10; 3; 17; 47; 16; 26; 24; 18
6,60,0.21995,0.1,10; 11; 6; 60; 17; 28; 12; 5
7,48,0.22736,0.14583,15; 12; 7; 48; 4; 11; 13; 24
17,35,0.51672,0.48571,8; 15; 17; 35; 18; 22; 23; 21
16,23,0.72643,0.69565,23; 24; 16; 23; 25; 5; 13; 21
19,39,0.49227,0.48718,6; 3; 19; 39; 24; 7; 27; 8
29,41,0.69511,0.70732,14; 11; 29; 41; 18; 25; 31; 16
7,80,0.19925,0.0875,4; 4; 7; 80; 16; 13; 18; 23
7,71,0.2124,0.09859,5; 6; 7; 71; 7; 23; 29; 3
18,63,0.29014,0.28571,3; 6; 18; 63; 20; 27; 19; 29
12,73,0.1938,0.16438,4; 4; 12; 73; 8; 28; 28; 13
19,45,0.39442,0.42222,4; 8; 19; 45; 24; 12; 3; 9
24,57,0.44455,0.42105,7; 8; 24; 57; 7; 26; 3; 23
6,61,0.23182,0.09836,14; 11; 6; 61; 32; 6; 21; 18
14,20,0.71507,0.7,24; 29; 14; 20; 11; 11; 29; 17
32,51,0.62501,0.62745,7; 5; 32; 51; 13; 26; 10; 18
25,32,0.74273,0.78125,14; 13; 25; 32; 11; 30; 15; 18
31,40,0.73134,0.775,13; 6; 31; 40; 13; 18; 23; 13
32,45,0.67032,0.71111,4; 4; 32; 45; 23; 9; 21; 14
8,22,0.41947,0.36364,31; 8; 8; 22; 15; 6; 27; 14
24,63,0.35865,0.38095,5; 3; 24; 63; 25; 26; 7; 29
14,71,0.20604,0.19718,6; 4; 14; 71; 21; 6; 19; 29
11,26,0.45141,0.42308,4; 15; 11; 26; 23; 13; 23; 30
7,45,0.277,0.15556,18; 7; 7; 45; 28; 29; 32; 5
35,50,0.67046,0.7,6; 3; 35; 50; 31; 28; 25; 9
7,9,0.81314,0.77778,28; 4; 7; 9; 15; 17; 30; 22
30,42,0.69027,0.71429,6; 4; 30; 42; 3; 17; 9; 11
27,55,0.4883,0.49091,8; 6; 27; 55; 13; 31; 25; 13
16,31,0.506,0.51613,5; 24; 16; 31; 6; 28; 19; 24
8,20,0.33168,0.4,8; 14; 8; 20; 32; 13; 15; 14
18,68,0.29109,0.26471,4; 3; 18; 68; 23; 15; 17; 24
23,55,0.44452,0.41818,4; 9; 23; 55; 29; 19; 29; 5
28,57,0.48195,0.49123,6; 5; 28; 57; 11; 22; 27; 21
29,41,0.70517,0.70732,13; 7; 29; 41; 21; 19; 9; 10
9,35,0.36607,0.25714,14; 21; 9; 35; 11; 13; 31; 16
18,62,0.30124,0.29032,3; 3; 18; 62; 17; 17; 15; 27
10,39,0.29705,0.25641,14; 19; 10; 39; 13; 5; 23; 20
28,57,0.50732,0.49123,5; 4; 28; 57; 8; 31; 17; 19
5,53,0.23351,0.09434,18; 10; 5; 53; 14; 4; 16; 27
11,67,0.23922,0.16418,8; 4; 11; 67; 7; 4; 18; 19
39,44,0.89944,0.88636,4; 5; 39; 44; 12; 4; 15; 26
8,55,0.23342,0.14545,7; 14; 8; 55; 11; 24; 18; 25
25,34,0.7327,0.73529,16; 15; 25; 34; 13; 4; 10; 29
20,28,0.68204,0.71429,15; 13; 20; 28; 20; 14; 21; 7
22,52,0.44717,0.42308,11; 10; 22; 52; 16; 24; 17; 19
5,13,0.59878,0.38462,29; 8; 5; 13; 23; 15; 16; 26
37,52,0.69422,0.71154,3; 4; 37; 52; 16; 21; 3; 10
6,58,0.25475,0.10345,14; 13; 6; 58; 24; 25; 28; 5
26,37,0.66872,0.7027,4; 10; 26; 37; 10; 18; 24; 25
10,16,0.62224,0.625,15; 31; 10; 16; 18; 3; 7; 21
34,54,0.61851,0.62963,3; 3; 34; 54; 26; 14; 21; 32
9,25,0.35642,0.36,20; 12; 9; 25; 4; 12; 11; 11
31,35,0.86487,0.88571,9; 3; 31; 35; 29; 3; 30; 27
19,27,0.70628,0.7037,19; 20; 19; 27; 8; 24; 16; 7
25,32,0.74047,0.78125,18; 10; 25; 32; 12; 31; 25; 20
32,36,0.8997,0.88889,7; 7; 32; 36; 28; 18; 10; 32
5,57,0.21091,0.08772,10; 12; 5; 57; 31; 32; 21; 4
13,25,0.48899,0.52,8; 28; 13; 25; 25; 31; 9; 30
14,19,0.75637,0.73684,4; 12; 14; 19; 5; 30; 11; 16
6,66,0.25469,0.09091,12; 8; 6; 66; 11; 32; 23; 24
5,56,0.22566,0.08929,5; 14; 5; 56; 26; 32; 5; 32
17,42,0.42347,0.40476,7; 9; 17; 42; 5; 22; 24; 5
26,41,0.58819,0.63415,8; 9; 26; 41; 5; 28; 7; 21
7,81,0.22262,0.08642,3; 4; 7; 81; 11; 24; 24; 4
19,27,0.71548,0.7037,19; 17; 19; 27; 22; 25; 13; 13
25,40,0.61456,0.625,6; 15; 25; 40; 30; 10; 25; 16
32,51,0.60126,0.62745,5; 3; 32; 51; 6; 20; 13; 31
9,62,0.21251,0.14516,6; 4; 9; 62; 9; 25; 10; 13
15,24,0.58742,0.625,14; 7; 15; 24; 10; 9; 4; 4
26,41,0.63418,0.63415,4; 3; 26; 41; 26; 19; 19; 3
17,33,0.55703,0.51515,3; 14; 17; 33; 28; 21; 12; 10
14,18,0.71609,0.77778,10; 30; 14; 18; 17; 31; 5; 8
32,46,0.71761,0.69565,6; 8; 32; 46; 23; 12; 32; 5
27,55,0.51855,0.49091,6; 3; 27; 55; 17; 4; 14; 3
25,51,0.48783,0.4902,3; 9; 25; 51; 22; 5; 29; 10
7,47,0.24265,0.14894,17; 16; 7; 47; 5; 24; 21; 18
11,72,0.1748,0.15278,5; 6; 11; 72; 31; 25; 17; 4
23,44,0.54945,0.52273,4; 5; 23; 44; 18; 13; 16; 17
10,39,0.30213,0.25641,6; 17; 10; 39; 12; 32; 13; 21
27,52,0.51537,0.51923,4; 7; 27; 52; 10; 10; 22; 16
22,53,0.45803,0.41509,5; 4; 22; 53; 24; 28; 8; 3
21,59,0.37616,0.35593,7; 5; 21; 59; 18; 3; 12; 30
7,79,0.22511,0.08861,4; 6; 7; 79; 8; 14; 20; 15
5,14,0.46079,0.35714,29; 23; 5; 14; 30; 15; 13; 4
6,69,0.22986,0.08696,7; 5; 6; 69; 3; 13; 27; 28
6,39,0.24251,0.15385,3; 11; 6; 39; 4; 6; 29; 29
39,44,0.84175,0.88636,4; 6; 39; 44; 17; 5; 17; 19
24,60,0.41378,0.4,6; 5; 24; 60; 7; 31; 22; 28
39,44,0.86417,0.88636,3; 4; 39; 44; 17; 12; 21; 13
16,61,0.26506,0.2623,7; 8; 16; 61; 26; 3; 23; 17
6,38,0.28552,0.15789,22; 4; 6; 38; 24; 19; 20; 18
20,69,0.29841,0.28986,3; 3; 20; 69; 30; 18; 8; 24
12,61,0.27311,0.19672,6; 11; 12; 61; 20; 4; 3; 4
14,27,0.51512,0.51852,8; 3; 14; 27; 21; 18; 8; 7
35,49,0.71399,0.71429,5; 3; 35; 49; 19; 14; 11; 24
8,49,0.23064,0.16327,16; 20; 8; 49; 14; 17; 22; 22
14,20,0.78951,0.7,32; 5; 14; 20; 15; 15; 28; 14
17,35,0.49378,0.48571,23; 17; 17; 35; 27; 9; 29; 4
7,72,0.22905,0.09722,7; 9; 7; 72; 10; 26; 8; 17
26,41,0.6116,0.63415,7; 15; 26; 41; 22; 15; 18; 11
5,55,0.22742,0.09091,10; 3; 5; 55; 13; 32; 8; 30
9,24,0.30592,0.375,16; 3; 9; 24; 5; 4; 14; 7
8,49,0.25264,0.16327,7; 14; 8; 49; 7; 30; 17; 18
28,54,0.5468,0.51852,5; 3; 28; 54; 13; 8; 31; 20
9,25,0.37368,0.36,10; 30; 9; 25; 7; 4; 29; 12
19,30,0.64829,0.63333,8; 7; 19; 30; 11; 7; 7; 7
20,53,0.40165,0.37736,6; 12; 20; 53; 31; 14; 6; 16
13,45,0.31888,0.28889,19; 15; 13; 45; 22; 20; 4; 8
15,21,0.7513,0.71429,19; 9; 15; 21; 15; 31; 28; 18
11,67,0.23366,0.16418,4; 5; 11; 67; 17; 31; 17; 30
15,42,0.3961,0.35714,12; 12; 15; 42; 17; 20; 20; 10
28,54,0.55193,0.51852,4; 8; 28; 54; 23; 8; 19; 19
25,60,0.45807,0.41667,4; 5; 25; 60; 9; 16; 32; 14
42,47,0.8707,0.89362,3; 3; 42; 47; 5; 21; 14; 28
32,41,0.76738,0.78049,9; 12; 32; 41; 9; 4; 13; 15
17,24,0.77038,0.70833,24; 3; 17; 24; 25; 12; 11; 20
34,54,0.6266,0.62963,4; 5; 34; 54; 28; 29; 19; 5
10,67,0.22249,0.14925,8; 9; 10; 67; 12; 24; 18; 15
20,69,0.32389,0.28986,4; 3; 20; 69; 29; 9; 32; 21
28,36,0.785,0.77778,15; 6; 28; 36; 29; 25; 32; 7
10,35,0.29427,0.28571,6; 18; 10; 35; 12; 22; 7; 23
5,34,0.24828,0.14706,11; 13; 5; 34; 26; 10; 27; 18
7,76,0.22596,0.09211,3; 6; 7; 76; 5; 17; 9; 28
16,31,0.50095,0.51613,23; 9; 16; 31; 5; 15; 8; 27
25,40,0.61673,0.625,3; 5; 25; 40; 9; 26; 28; 29
13,25,0.50782,0.52,17; 14; 13; 25; 16; 16; 8; 13
35,45,0.78344,0.77778,9; 9; 35; 45; 27; 6; 21; 13
19,48,0.40529,0.39583,3; 3; 19; 48; 13; 32; 16; 28
21,58,0.36993,0.36207,5; 7; 21; 58; 21; 7; 12; 9
17,45,0.38401,0.37778,13; 9; 17; 45; 17; 14; 29; 31
35,45,0.75906,0.77778,9; 5; 35; 45; 24; 15; 14; 28
15,58,0.25414,0.25862,3; 7; 15; 58; 28; 27; 23; 19
5,12,0.52918,0.41667,21; 11; 5; 12; 18; 13; 29; 32
30,43,0.70748,0.69767,3; 11; 30; 43; 6; 11; 23; 31
6,66,0.23136,0.09091,5; 4; 6; 66; 26; 12; 29; 21
15,40,0.36176,0.375,16; 18; 15; 40; 23; 9; 14; 19
16,38,0.48199,0.42105,18; 4; 16; 38; 28; 21; 22; 21
25,59,0.45804,0.42373,4; 7; 25; 59; 8; 20; 17; 31
8,20,0.37563,0.4,11; 17; 8; 20; 8; 3; 27; 29
12,46,0.29785,0.26087,9; 16; 12; 46; 29; 14; 9; 27
8,51,0.25275,0.15686,7; 15; 8; 51; 24; 10; 7; 24
14,53,0.26871,0.26415,10; 15; 14; 53; 32; 18; 8; 24
9,34,0.269,0.26471,24; 3; 9; 34; 22; 15; 6; 9
32,43,0.72327,0.74419,11; 4; 32; 43; 15; 31; 9; 32
21,52,0.39605,0.40385,12; 9; 21; 52; 24; 12; 31; 23
25,28,0.88588,0.89286,21; 11; 25; 28; 12; 14; 19; 8
6,37,0.23903,0.16216,7; 21; 6; 37; 10; 22; 12; 30
17,33,0.50985,0.51515,14; 20; 17; 33; 23; 14; 20; 12
10,51,0.22417,0.19608,18; 9; 10; 51; 25; 30; 27; 9
7,24,0.28836,0.29167,18; 24; 7; 24; 9; 6; 23; 12
29,59,0.4752,0.49153,3; 4; 29; 59; 17; 21; 29; 26
37,50,0.75021,0.74,3; 5; 37; 50; 13; 9; 11; 30
7,76,0.24522,0.09211,4; 5; 7; 76; 25; 6; 4; 4
15,74,0.24179,0.2027,4; 3; 15; 74; 9; 13; 11; 8
14,53,0.27202,0.26415,12; 3; 14; 53; 12; 28; 23; 22
23,47,0.52377,0.48936,11; 5; 23; 47; 24; 10; 9; 20
15,24,0.63037,0.625,3; 29; 15; 24; 18; 8; 27; 6
38,49,0.77928,0.77551,4; 3; 38; 49; 22; 9; 23; 14
7,77,0.23374,0.09091,3; 6; 7; 77; 30; 4; 9; 16
13,66,0.25419,0.19697,3; 6; 13; 66; 28; 13; 3; 29
10,14,0.86996,0.71429,5; 15; 10; 14; 3; 13; 6; 28
7,81,0.21729,0.08642,5; 4; 7; 81; 20; 21; 4; 5
8,9,0.69286,0.88889,6; 9; 8; 9; 8; 26; 7; 9
30,48,0.61021,0.625,3; 5; 30; 48; 27; 15; 32; 22
24,27,0.9153,0.88889,5; 11; 24; 27; 28; 18; 14; 24
23,55,0.42965,0.41818,8; 4; 23; 55; 7; 29; 13; 22
15,75,0.2318,0.2,4; 3; 15; 75; 16; 4; 4; 25
18,69,0.27479,0.26087,4; 5; 18; 69; 14; 11; 16; 8
36,51,0.70354,0.70588,4; 3; 36; 51; 8; 4; 25; 23
20,69,0.29201,0.28986,3; 4; 20; 69; 6; 22; 11; 11
17,35,0.52233,0.48571,22; 5; 17; 35; 11; 5; 26; 28
18,37,0.50724,0.48649,20; 16; 18; 37; 6; 13; 20; 17
12,17,0.75451,0.70588,11; 15; 12; 17; 27; 10; 19; 6
5,34,0.24484,0.14706,12; 17; 5; 34; 9; 7; 25; 31
19,39,0.51509,0.48718,11; 15; 19; 39; 27; 3; 22; 24
12,32,0.36897,0.375,21; 23; 12; 32; 24; 26; 9; 20
7,82,0.22131,0.08537,3; 3; 7; 82; 31; 11; 16; 15
25,28,0.92956,0.89286,6; 7; 25; 28; 9; 20; 19; 3
18,50,0.39723,0.36,5; 5; 18; 50; 3; 24; 27; 20
6,63,0.21905,0.09524,12; 4; 6; 63; 24; 24; 21; 6
18,23,0.83863,0.78261,17; 7; 18; 23; 27; 24; 22; 3
34,54,0.61384,0.62963,5; 3; 34; 54; 15; 14; 23; 10
11,75,0.23612,0.14667,5; 3; 11; 75; 30; 24; 5; 28
13,34,0.43169,0.38235,25; 8; 13; 34; 24; 25; 8; 4
14,27,0.5566,0.51852,4; 20; 14; 27; 32; 27; 12; 12
5,57,0.22911,0.08772,17; 8; 5; 57; 22; 19; 7; 24
8,20,0.35192,0.4,14; 30; 8; 20; 27; 12; 16; 31
27,38,0.66829,0.71053,3; 7; 27; 38; 13; 17; 11; 6
37,53,0.68059,0.69811,3; 4; 37; 53; 5; 4; 11; 20
26,37,0.67348,0.7027,15; 4; 26; 37; 12; 16; 17; 29
11,56,0.22997,0.19643,6; 12; 11; 56; 12; 7; 30; 4
5,14,0.37001,0.35714,38; 15; 5; 14; 15; 8; 15; 25
22,55,0.40384,0.4,9; 3; 22; 55; 6; 8; 31; 10
10,65,0.22366,0.15385,6; 4; 10; 65; 6; 14; 27; 32
27,38,0.70755,0.71053,3; 3; 27; 38; 4; 31; 5; 25
8,9,0.72436,0.88889,5; 36; 8; 9; 21; 6; 4; 16
32,51,0.62573,0.62745,5; 5; 32; 51; 8; 8; 12; 20
5,34,0.22118,0.14706,24; 5; 5; 34; 7; 9; 14; 20
14,54,0.27271,0.25926,10; 12; 14; 54; 21; 4; 13; 28
18,23,0.78884,0.78261,3; 5; 18; 23; 11; 21; 29; 8
12,30,0.38507,0.4,11; 25; 12; 30; 27; 3; 4; 3
22,42,0.54157,0.52381,13; 15; 22; 42; 15; 15; 30; 15
29,59,0.50819,0.49153,3; 5; 29; 59; 3; 17; 16; 32
21,30,0.68079,0.7,22; 6; 21; 30; 10; 14; 6; 16
21,55,0.3792,0.38182,10; 9; 21; 55; 11; 16; 18; 10
8,54,0.21367,0.14815,11; 5; 8; 54; 8; 20; 30; 9
8,22,0.33028,0.36364,16; 13; 8; 22; 22; 15; 19; 28
6,61,0.22207,0.09836,4; 14; 6; 61; 13; 29; 28; 25
20,41,0.52635,0.4878,12; 17; 20; 41; 9; 20; 29; 31
6,30,0.23901,0.2,28; 3; 6; 30; 13; 21; 12; 12
6,40,0.19278,0.15,16; 8; 6; 40; 31; 4; 25; 31
18,37,0.53242,0.48649,8; 7; 18; 37; 26; 24; 4; 21
14,35,0.38456,0.4,17; 7; 14; 35; 12; 19; 7; 21
10,38,0.28049,0.26316,22; 19; 10; 38; 27; 3; 6; 11
14,70,0.23733,0.2,4; 6; 14; 70; 19; 15; 29; 3
42,47,0.88424,0.89362,4; 3; 42; 47; 24; 21; 18; 28
20,55,0.3357,0.36364,3; 3; 20; 55; 3; 30; 8; 14
11,42,0.26628,0.2619,22; 6; 11; 42; 7; 14; 3; 6
19,45,0.34831,0.42222,8; 11; 19; 45; 13; 26; 5; 22
22,61,0.35717,0.36066,7; 3; 22; 61; 11; 17; 14; 15
31,42,0.71512,0.7381,10; 7; 31; 42; 10; 22; 9; 23
20,56,0.38408,0.35714,11; 3; 20; 56; 18; 4; 32; 31
18,23,0.84074,0.78261,15; 27; 18; 23; 24; 13; 25; 29
26,37,0.67643,0.7027,14; 6; 26; 37; 26; 31; 3; 5
17,47,0.38226,0.3617,4; 5; 17; 47; 21; 23; 32; 9
34,48,0.69926,0.70833,8; 7; 34; 48; 21; 25; 10; 15
25,32,0.79328,0.78125,11; 14; 25; 32; 28; 12; 9; 30
23,33,0.67723,0.69697,15; 6; 23; 33; 21; 11; 8; 17
18,69,0.27711,0.26087,4; 3; 18; 69; 22; 21; 19; 13
23,44,0.51882,0.52273,9; 8; 23; 44; 17; 15; 14; 31
12,75,0.20698,0.16,3; 4; 12; 75; 13; 19; 25; 30
6,41,0.26397,0.14634,4; 25; 6; 41; 19; 4; 6; 8
9,55,0.21559,0.16364,10; 17; 9; 55; 21; 8; 12; 9
19,45,0.40727,0.42222,8; 6; 19; 45; 16; 8; 29; 11
39,44,0.84096,0.88636,7; 3; 39; 44; 19; 20; 28; 15
10,67,0.24846,0.14925,4; 9; 10; 67; 29; 11; 8; 32
16,45,0.34052,0.35556,14; 14; 16; 45; 29; 18; 31; 8
11,21,0.5767,0.52381,14; 10; 11; 21; 19; 25; 32; 4
12,47,0.25799,0.25532,16; 12; 12; 47; 30; 27; 9; 27
35,45,0.79149,0.77778,5; 8; 35; 45; 28; 3; 21; 13
39,50,0.78005,0.78,4; 4; 39; 50; 12; 20; 27; 28
27,43,0.63258,0.62791,3; 5; 27; 43; 7; 15; 31; 30
22,45,0.48841,0.48889,14; 7; 22; 45; 24; 12; 32; 23
20,28,0.73697,0.71429,22; 24; 20; 28; 14; 21; 3; 26
5,50,0.24143,0.1,6; 9; 5; 50; 11; 11; 6; 30
13,64,0.25072,0.20312,9; 10; 13; 64; 32; 4; 9; 22
16,23,0.74181,0.69565,16; 15; 16; 23; 8; 6; 9; 31
25,60,0.42896,0.41667,3; 6; 25; 60; 26; 4; 9; 23
12,46,0.2932,0.26087,19; 14; 12; 46; 9; 14; 12; 7
5,53,0.25625,0.09434,7; 18; 5; 53; 12; 7; 13; 7
10,24,0.33854,0.41667,4; 8; 10; 24; 20; 6; 18; 22
30,42,0.65327,0.71429,8; 9; 30; 42; 11; 9; 16; 11
26,35,0.73717,0.74286,15; 15; 26; 35; 16; 27; 8; 6
9,24,0.34258,0.375,28; 29; 9; 24; 30; 22; 8; 27
7,77,0.2351,0.09091,5; 6; 7; 77; 22; 4; 22; 14
19,39,0.51169,0.48718,19; 5; 19; 39; 31; 25; 20; 10
16,45,0.36557,0.35556,18; 12; 16; 45; 16; 20; 25; 11
14,54,0.27766,0.25926,13; 4; 14; 54; 6; 23; 32; 19
12,46,0.32177,0.26087,11; 14; 12; 46; 28; 27; 23; 8
11,71,0.22187,0.15493,4; 3; 11; 71; 12; 3; 23; 22
23,61,0.36247,0.37705,7; 6; 23; 61; 32; 20; 10; 25
16,62,0.27257,0.25806,8; 9; 16; 62; 22; 28; 9; 31
12,46,0.2598,0.26087,16; 15; 12; 46; 18; 29; 15; 6
29,37,0.80869,0.78378,6; 16; 29; 37; 26; 20; 12; 6
9,45,0.29744,0.2,9; 16; 9; 45; 12; 26; 17; 4
9,45,0.27764,0.2,3; 13; 9; 45; 17; 17; 5; 14
18,63,0.30646,0.28571,8; 5; 18; 63; 10; 19; 4; 10
35,50,0.68423,0.7,6; 6; 35; 50; 24; 31; 10; 4
17,47,0.38041,0.3617,16; 8; 17; 47; 28; 25; 12; 18
21,50,0.43461,0.42,4; 11; 21; 50; 7; 13; 25; 20
9,35,0.25196,0.25714,21; 8; 9; 35; 16; 28; 9; 29
5,12,0.41407,0.41667,31; 5; 5; 12; 22; 20; 13; 23
8,81,0.22764,0.09877,4; 4; 8; 81; 3; 7; 16; 26
35,47,0.71711,0.74468,3; 8; 35; 47; 10; 24; 20; 22
11,56,0.19911,0.19643,6; 4; 11; 56; 19; 28; 27; 3
9,25,0.33603,0.36,26; 3; 9; 25; 28; 10; 7; 11
28,38,0.71928,0.73684,12; 3; 28; 38; 32; 20; 22; 11
5,7,0.70804,0.71429,42; 25; 5; 7; 9; 18; 9; 8
17,33,0.51206,0.51515,15; 20; 17; 33; 13; 17; 13; 28
19,48,0.38994,0.39583,14; 5; 19; 48; 17; 5; 6; 27
26,53,0.48308,0.49057,7; 7; 26; 53; 27; 12; 12; 19
25,32,0.75717,0.78125,3; 4; 25; 32; 13; 29; 30; 20
19,48,0.41852,0.39583,4; 12; 19; 48; 8; 10; 10; 10
29,41,0.71788,0.70732,11; 10; 29; 41; 29; 25; 19; 3
31,49,0.61343,0.63265,3; 7; 31; 49; 25; 26; 14; 18
6,65,0.18979,0.09231,9; 7; 6; 65; 28; 27; 15; 24
11,29,0.33024,0.37931,10; 3; 11; 29; 16; 6; 8; 21
7,72,0.20429,0.09722,6; 9; 7; 72; 21; 4; 12; 25
25,34,0.73825,0.73529,18; 3; 25; 34; 13; 6; 7; 25
14,71,0.23507,0.19718,3; 3; 14; 71; 25; 27; 16; 7
17,24,0.78844,0.70833,20; 11; 17; 24; 23; 17; 15; 14
5,58,0.26204,0.08621,11; 4; 5; 58; 26; 30; 8; 7
24,38,0.62237,0.63158,10; 5; 24; 38; 24; 11; 7; 26
23,64,0.37186,0.35938,3; 3; 23; 64; 22; 5; 13; 10
18,48,0.36734,0.375,5; 8; 18; 48; 6; 7; 32; 19
19,47,0.42924,0.40426,4; 4; 19; 47; 9; 18; 5; 32
19,53,0.3665,0.35849,13; 6; 19; 53; 14; 32; 13; 15
21,30,0.68085,0.7,13; 21; 21; 30; 21; 11; 31; 3
15,24,0.59001,0.625,25; 17; 15; 24; 11; 5; 27; 27
12,61,0.23091,0.19672,8; 10; 12; 61; 28; 16; 31; 13
26,62,0.4408,0.41935,4; 3; 26; 62; 28; 29; 25; 9
29,59,0.51175,0.49153,4; 3; 29; 59; 12; 29; 23; 24
12,33,0.32431,0.36364,8; 18; 12; 33; 29; 17; 5; 22
14,37,0.38013,0.37838,12; 14; 14; 37; 12; 16; 5; 30
14,18,0.85375,0.77778,7; 26; 14; 18; 31; 4; 20; 30
6,69,0.22325,0.08696,9; 5; 6; 69; 11; 5; 28; 17
11,70,0.22151,0.15714,3; 6; 11; 70; 28; 19; 31; 6
27,55,0.50344,0.49091,4; 3; 27; 55; 22; 26; 10; 20
35,45,0.7313,0.77778,3; 8; 35; 45; 26; 10; 17; 19
23,61,0.40417,0.37705,5; 7; 23; 61; 5; 5; 20; 21
14,69,0.24686,0.2029,7; 7; 14; 69; 31; 22; 4; 17
7,10,0.8916,0.7,32; 28; 7; 10; 30; 7; 18; 27
10,67,0.21945,0.14925,10; 10; 10; 67; 29; 14; 7; 23
6,58,0.21774,0.10345,7; 9; 6; 58; 12; 11; 14; 17
22,52,0.44075,0.42308,10; 11; 22; 52; 8; 32; 9; 20
27,38,0.67041,0.71053,8; 14; 27; 38; 31; 7; 4; 19
25,51,0.50351,0.4902,11; 3; 25; 51; 4; 5; 5; 3
24,64,0.37009,0.375,4; 3; 24; 64; 26; 6; 12; 12
9,56,0.2559,0.16071,16; 5; 9; 56; 29; 29; 5; 24
30,43,0.67569,0.69767,12; 9; 30; 43; 10; 27; 23; 15
25,32,0.77381,0.78125,16; 6; 25; 32; 19; 18; 9; 14
15,74,0.24652,0.2027,4; 3; 15; 74; 30; 14; 27; 6
24,49,0.4897,0.4898,3; 5; 24; 49; 3; 17; 21; 12
8,78,0.26062,0.10256,6; 5; 8; 78; 8; 4; 12; 10
8,80,0.22265,0.1,3; 5; 8; 80; 5; 28; 31; 25
21,56,0.38345,0.375,3; 6; 21; 56; 10; 6; 21; 10
11,42,0.2894,0.2619,20; 13; 11; 42; 5; 30; 22; 24
5,53,0.26448,0.09434,14; 6; 5; 53; 14; 13; 9; 9
11,74,0.19125,0.14865,4; 3; 11; 74; 23; 12; 15; 11
20,53,0.37241,0.37736,7; 8; 20; 53; 12; 29; 7; 11
5,34,0.23012,0.14706,5; 18; 5; 34; 16; 16; 13; 27
11,21,0.54379,0.52381,25; 18; 11; 21; 14; 30; 30; 4
25,51,0.46692,0.4902,9; 3; 25; 51; 15; 23; 25; 19
25,62,0.42738,0.40323,4; 5; 25; 62; 29; 18; 24; 24
8,49,0.20551,0.16327,8; 8; 8; 49; 15; 3; 13; 14
24,38,0.6126,0.63158,6; 7; 24; 38; 12; 13; 30; 31
25,35,0.6729,0.71429,7; 9; 25; 35; 23; 29; 15; 29
8,54,0.2373,0.14815,14; 11; 8; 54; 8; 8; 27; 13
18,68,0.25862,0.26471,3; 3; 18; 68; 28; 14; 26; 16
31,42,0.7124,0.7381,12; 9; 31; 42; 6; 30; 12; 30
12,17,0.71515,0.70588,23; 34; 12; 17; 11; 23; 19; 26
8,19,0.4477,0.42105,30; 31; 8; 19; 32; 16; 21; 17
26,35,0.77213,0.74286,8; 7; 26; 35; 6; 31; 16; 27
29,39,0.69342,0.74359,12; 4; 29; 39; 25; 19; 3; 24
10,68,0.21696,0.14706,7; 5; 10; 68; 19; 15; 8; 5
7,9,0.75715,0.77778,18; 18; 7; 9; 28; 10; 21; 9
19,53,0.36337,0.35849,4; 3; 19; 53; 6; 4; 10; 6
18,23,0.75846,0.78261,24; 13; 18; 23; 28; 10; 5; 24
19,45,0.39949,0.42222,16; 16; 19; 45; 22; 32; 4; 26
15,24,0.71093,0.625,9; 13; 15; 24; 10; 10; 14; 7
28,57,0.51524,0.49123,5; 5; 28; 57; 17; 32; 19; 18
5,53,0.23792,0.09434,19; 20; 5; 53; 22; 9; 12; 19
13,66,0.22105,0.19697,5; 8; 13; 66; 25; 28; 14; 22
10,14,0.69809,0.71429,32; 6; 10; 14; 8; 18; 10; 12
25,48,0.53639,0.52083,6; 3; 25; 48; 20; 20; 28; 18
25,48,0.53567,0.52083,3; 10; 25; 48; 22; 12; 19; 15
20,28,0.71627,0.71429,12; 21; 20; 28; 14; 8; 24; 16
21,43,0.5087,0.48837,17; 9; 21; 43; 11; 31; 6; 7
30,58,0.52137,0.51724,4; 5; 30; 58; 3; 17; 29; 7
21,59,0.35994,0.35593,9; 7; 21; 59; 9; 4; 14; 32
11,43,0.2444,0.25581,7; 19; 11; 43; 9; 25; 28; 15
25,40,0.62803,0.625,4; 9; 25; 40; 29; 15; 26; 14
30,48,0.61982,0.625,3; 9; 30; 48; 14; 32; 21; 30
20,28,0.66187,0.71429,19; 18; 20; 28; 30; 23; 15; 17
14,20,0.66554,0.7,3; 16; 14; 20; 30; 16; 8; 26
8,22,0.33194,0.36364,32; 5; 8; 22; 12; 15; 19; 11
14,37,0.40176,0.37838,20; 22; 14; 37; 29; 8; 23; 5
32,43,0.74529,0.74419,10; 6; 32; 43; 24; 6; 31; 3
11,68,0.19458,0.16176,7; 8; 11; 68; 23; 26; 21; 19
18,62,0.32151,0.29032,9; 6; 18; 62; 14; 22; 9; 28
18,62,0.30721,0.29032,6; 7; 18; 62; 21; 6; 27; 4
10,61,0.2124,0.16393,12; 9; 10; 61; 15; 15; 10; 14
17,66,0.26378,0.25758,3; 6; 17; 66; 27; 21; 14; 9
6,30,0.23564,0.2,14; 15; 6; 30; 12; 11; 23; 14
6,30,0.31558,0.2,11; 4; 6; 30; 30; 30; 24; 10
9,31,0.25092,0.29032,9; 12; 9; 31; 7; 3; 12; 21
35,45,0.75645,0.77778,3; 3; 35; 45; 27; 3; 31; 27
19,47,0.43632,0.40426,10; 4; 19; 47; 3; 22; 5; 10
32,45,0.69211,0.71111,7; 7; 32; 45; 29; 31; 12; 6
12,74,0.22588,0.16216,5; 5; 12; 74; 16; 3; 13; 13
11,21,0.58585,0.52381,13; 8; 11; 21; 11; 25; 15; 19
12,47,0.2884,0.25532,3; 6; 12; 47; 10; 31; 28; 24
6,23,0.31278,0.26087,24; 28; 6; 23; 10; 12; 3; 25
22,55,0.41955,0.4,10; 8; 22; 55; 7; 21; 32; 18
14,69,0.20989,0.2029,3; 3; 14; 69; 6; 15; 21; 29
17,42,0.43633,0.40476,11; 17; 17; 42; 12; 5; 27; 15
42,47,0.87157,0.89362,4; 4; 42; 47; 5; 24; 4; 17
20,32,0.58981,0.625,21; 3; 20; 32; 10; 23; 21; 19
15,52,0.29083,0.28846,12; 9; 15; 52; 23; 23; 10; 29
11,54,0.22849,0.2037,13; 13; 11; 54; 26; 18; 8; 11
26,50,0.53616,0.52,5; 11; 26; 50; 7; 16; 24; 29
7,78,0.23088,0.08974,4; 5; 7; 78; 21; 13; 6; 12
12,74,0.19789,0.16216,5; 3; 12; 74; 11; 26; 30; 12
23,33,0.71233,0.69697,10; 3; 23; 33; 7; 25; 25; 29
16,62,0.27956,0.25806,10; 8; 16; 62; 12; 29; 4; 25
23,33,0.63962,0.69697,15; 10; 23; 33; 10; 3; 24; 3
24,64,0.39059,0.375,5; 5; 24; 64; 32; 8; 20; 9
17,23,0.85383,0.73913,29; 19; 17; 23; 19; 29; 13; 14
10,50,0.23488,0.2,3; 10; 10; 50; 12; 13; 21; 17
24,34,0.66084,0.70588,10; 16; 24; 34; 30; 4; 25; 4
39,44,0.89001,0.88636,6; 5; 39; 44; 16; 3; 9; 17
32,51,0.62191,0.62745,4; 7; 32; 51; 28; 25; 8; 7
20,56,0.35819,0.35714,3; 9; 20; 56; 18; 20; 14; 29
20,41,0.52001,0.4878,13; 12; 20; 41; 15; 24; 11; 26
31,40,0.80416,0.775,5; 7; 31; 40; 25; 11; 7; 15
8,79,0.19706,0.10127,3; 3; 8; 79; 29; 23; 12; 13
11,71,0.23528,0.15493,8; 6; 11; 71; 28; 32; 11; 18
32,43,0.73775,0.74419,9; 4; 32; 43; 18; 24; 24; 4
8,50,0.21194,0.16,7; 14; 8; 50; 6; 28; 13; 25
35,45,0.78295,0.77778,7; 8; 35; 45; 4; 23; 15; 10
7,67,0.20335,0.10448,5; 4; 7; 67; 18; 11; 19; 12
5,12,0.58766,0.41667,6; 18; 5; 12; 8; 6; 26; 17
21,30,0.69795,0.7,20; 17; 21; 30; 20; 19; 10; 13
7,27,0.29356,0.25926,3; 16; 7; 27; 18; 32; 16; 3
5,57,0.19438,0.08772,10; 16; 5; 57; 24; 25; 8; 12
32,46,0.66109,0.69565,8; 9; 32; 46; 11; 26; 17; 29
27,43,0.59675,0.62791,3; 14; 27; 43; 32; 25; 21; 16
21,55,0.39363,0.38182,10; 8; 21; 55; 8; 4; 22; 28
6,63,0.2029,0.09524,7; 8; 6; 63; 31; 12; 17; 23
32,51,0.60271,0.62745,4; 7; 32; 51; 12; 17; 4; 4
17,66,0.27613,0.25758,3; 7; 17; 66; 20; 22; 12; 11
7,75,0.20829,0.09333,5; 4; 7; 75; 17; 15; 9; 10
6,70,0.25981,0.08571,6; 7; 6; 70; 3; 18; 19; 22
13,64,0.22481,0.20312,9; 9; 13; 64; 13; 16; 30; 21
21,59,0.34402,0.35593,9; 3; 21; 59; 14; 17; 11; 14
39,44,0.9104,0.88636,6; 3; 39; 44; 11; 7; 5; 16
25,32,0.8145,0.78125,9; 20; 25; 32; 13; 11; 29; 5
25,32,0.78421,0.78125,16; 4; 25; 32; 11; 18; 16; 12
32,46,0.65898,0.69565,3; 3; 32; 46; 15; 31; 19; 17
10,24,0.29393,0.41667,15; 14; 10; 24; 11; 11; 12; 31
19,45,0.40371,0.42222,12; 8; 19; 45; 18; 10; 9; 27
8,50,0.21125,0.16,18; 5; 8; 50; 29; 13; 9; 20
5,17,0.40255,0.29412,15; 6; 5; 17; 21; 23; 16; 30
21,59,0.37835,0.35593,5; 4; 21; 59; 11; 17; 10; 18
7,81,0.27554,0.08642,4; 3; 7; 81; 31; 4; 25; 10
8,49,0.23219,0.16327,14; 19; 8; 49; 17; 31; 11; 5
15,24,0.70244,0.625,12; 9; 15; 24; 26; 23; 11; 15
8,53,0.20103,0.15094,10; 13; 8; 53; 12; 14; 25; 16
21,55,0.40661,0.38182,3; 11; 21; 55; 30; 26; 6; 21
18,50,0.36247,0.36,15; 15; 18; 50; 22; 10; 32; 4
7,69,0.22764,0.10145,9; 5; 7; 69; 22; 14; 17; 25
11,38,0.28949,0.28947,7; 18; 11; 38; 26; 32; 20; 9
8,9,0.90276,0.88889,22; 12; 8; 9; 10; 19; 20; 15
16,45,0.35775,0.35556,3; 18; 16; 45; 11; 10; 19; 19
26,53,0.48506,0.49057,3; 8; 26; 53; 11; 15; 32; 5
12,19,0.70344,0.63158,24; 19; 12; 19; 16; 12; 23; 6
6,58,0.23797,0.10345,12; 6; 6; 58; 28; 6; 3; 29
8,50,0.23239,0.16,12; 16; 8; 50; 10; 4; 16; 13
7,9,0.72273,0.77778,28; 20; 7; 9; 29; 32; 17; 13
6,62,0.22219,0.09677,12; 5; 6; 62; 4; 14; 3; 13
12,76,0.22503,0.15789,4; 5; 12; 76; 7; 26; 7; 6
34,48,0.66138,0.70833,7; 6; 34; 48; 12; 19; 30; 25
14,37,0.38072,0.37838,12; 19; 14; 37; 20; 23; 14; 30
7,48,0.2337,0.14583,10; 13; 7; 48; 14; 27; 13; 18
32,51,0.62288,0.62745,7; 7; 32; 51; 15; 29; 4; 14
18,23,0.87767,0.78261,16; 11; 18; 23; 3; 29; 24; 23
24,34,0.67546,0.70588,16; 16; 24; 34; 21; 21; 10; 31
29,56,0.52176,0.51786,3; 5; 29; 56; 18; 17; 25; 7
15,29,0.51556,0.51724,11; 21; 15; 29; 3; 4; 28; 20
19,66,0.30865,0.28788,3; 6; 19; 66; 31; 23; 11; 21
12,46,0.25802,0.26087,5; 9; 12; 46; 30; 5; 8; 12
14,39,0.36148,0.35897,11; 8; 14; 39; 28; 21; 8; 8
25,32,0.80122,0.78125,18; 19; 25; 32; 13; 13; 27; 9
6,37,0.23339,0.16216,22; 14; 6; 37; 10; 32; 4; 11
7,44,0.22648,0.15909,7; 22; 7; 44; 6; 21; 19; 15
8,78,0.19843,0.10256,3; 5; 8; 78; 29; 4; 12; 10
9,60,0.22574,0.15,6; 9; 9; 60; 3; 29; 26; 6
33,37,0.9056,0.89189,11; 6; 33; 37; 26; 15; 24; 19
26,53,0.5202,0.49057,6; 7; 26; 53; 24; 31; 28; 3
31,35,0.93395,0.88571,7; 14; 31; 35; 24; 10; 13; 11
42,47,0.88302,0.89362,4; 3; 42; 47; 25; 18; 12; 11
19,66,0.30842,0.28788,3; 4; 19; 66; 9; 18; 23; 15
10,28,0.33574,0.35714,25; 16; 10; 28; 7; 16; 30; 18
7,78,0.20366,0.08974,3; 4; 7; 78; 29; 12; 10; 21
21,52,0.40304,0.40385,12; 11; 21; 52; 17; 14; 19; 3
14,48,0.28218,0.29167,15; 6; 14; 48; 26; 22; 4; 7
6,67,0.19169,0.08955,5; 7; 6; 67; 24; 23; 26; 7
34,48,0.68417,0.70833,3; 7; 34; 48; 25; 7; 9; 16
14,18,0.84257,0.77778,31; 17; 14; 18; 7; 29; 11; 7
16,61,0.2857,0.2623,5; 3; 16; 61; 12; 20; 6; 31
35,49,0.70805,0.71429,6; 5; 35; 49; 8; 11; 10; 23
20,70,0.27455,0.28571,3; 3; 20; 70; 19; 15; 20; 7
8,41,0.29656,0.19512,24; 14; 8; 41; 27; 13; 15; 29
25,65,0.38695,0.38462,3; 3; 25; 65; 7; 18; 31; 8
21,50,0.42347,0.42,11; 4; 21; 50; 18; 25; 28; 11
20,50,0.41319,0.4,7; 13; 20; 50; 26; 8; 3; 31
18,69,0.27524,0.26087,5; 5; 18; 69; 32; 12; 17; 4
10,14,0.8046,0.71429,34; 10; 10; 14; 16; 5; 21; 13
36,46,0.75787,0.78261,8; 8; 36; 46; 27; 27; 7; 8
23,47,0.50133,0.48936,3; 12; 23; 47; 9; 23; 7; 30
9,61,0.19478,0.14754,8; 8; 9; 61; 17; 27; 24; 20
6,21,0.20909,0.28571,20; 21; 6; 21; 16; 19; 16; 8
7,82,0.26721,0.08537,4; 4; 7; 82; 27; 3; 19; 21
14,49,0.29551,0.28571,5; 9; 14; 49; 15; 24; 13; 9
19,48,0.38383,0.39583,3; 6; 19; 48; 8; 6; 29; 25
25,32,0.80714,0.78125,16; 9; 25; 32; 8; 32; 27; 20
40,45,0.89611,0.88889,4; 4; 40; 45; 20; 32; 6; 25
25,35,0.70035,0.71429,9; 12; 25; 35; 29; 30; 6; 31
19,47,0.3936,0.40426,6; 15; 19; 47; 18; 18; 11; 29
7,67,0.18211,0.10448,5; 12; 7; 67; 21; 29; 8; 4
15,39,0.39374,0.38462,5; 9; 15; 39; 16; 11; 21; 16
31,44,0.69184,0.70455,8; 5; 31; 44; 8; 12; 31; 15
23,61,0.36483,0.37705,5; 5; 23; 61; 28; 6; 31; 3
20,41,0.51025,0.4878,6; 17; 20; 41; 6; 17; 11; 30
33,47,0.69737,0.70213,9; 3; 33; 47; 18; 13; 7; 25
6,41,0.2172,0.14634,11; 22; 6; 41; 5; 22; 14; 6
25,63,0.39417,0.39683,4; 4; 25; 63; 31; 15; 19; 7
32,45,0.67736,0.71111,8; 4; 32; 45; 9; 31; 5; 29
11,21,0.47972,0.52381,18; 20; 11; 21; 8; 6; 16; 19
14,18,0.81079,0.77778,19; 19; 14; 18; 6; 27; 26; 22
11,29,0.34464,0.37931,23; 12; 11; 29; 32; 14; 24; 7
8,55,0.23606,0.14545,13; 17; 8; 55; 5; 11; 4; 12
15,24,0.68599,0.625,22; 14; 15; 24; 18; 17; 28; 31
23,31,0.74105,0.74194,6; 7; 23; 31; 32; 3; 9; 21
35,47,0.74613,0.74468,7; 6; 35; 47; 31; 12; 27; 5
17,43,0.42938,0.39535,4; 12; 17; 43; 15; 12; 14; 28
20,52,0.43317,0.38462,13; 7; 20; 52; 6; 25; 11; 5
7,69,0.24285,0.10145,5; 7; 7; 69; 24; 4; 27; 16
10,25,0.41059,0.4,10; 31; 10; 25; 18; 23; 5; 19
10,34,0.32144,0.29412,3; 14; 10; 34; 10; 9; 23; 15
10,39,0.2726,0.25641,8; 16; 10; 39; 3; 18; 24; 27
18,69,0.26254,0.26087,4; 4; 18; 69; 20; 19; 11; 20
23,31,0.6873,0.74194,12; 11; 23; 31; 7; 15; 20; 30
20,48,0.41987,0.41667,11; 7; 20; 48; 29; 13; 23; 27
5,25,0.30651,0.2,10; 6; 5; 25; 16; 29; 10; 29
5,50,0.24764,0.1,9; 10; 5; 50; 12; 32; 4; 27
13,31,0.4517,0.41935,22; 5; 13; 31; 25; 11; 10; 21
25,32,0.77438,0.78125,18; 20; 25; 32; 5; 24; 17; 23
23,55,0.42003,0.41818,8; 10; 23; 55; 6; 16; 20; 11
16,45,0.37582,0.35556,4; 14; 16; 45; 5; 21; 25; 31
34,54,0.61963,0.62963,3; 5; 34; 54; 23; 3; 22; 12
6,23,0.27827,0.26087,19; 19; 6; 23; 31; 24; 10; 10
16,23,0.76588,0.69565,20; 7; 16; 23; 16; 19; 23; 19
6,23,0.26115,0.26087,7; 12; 6; 23; 31; 24; 10; 24
22,61,0.36647,0.36066,7; 6; 22; 61; 20; 30; 27; 17
12,19,0.57285,0.63158,10; 30; 12; 19; 31; 24; 6; 23
35,45,0.76017,0.77778,3; 7; 35; 45; 3; 10; 15; 30
6,15,0.48811,0.4,32; 19; 6; 15; 4; 17; 30; 25
37,50,0.73328,0.74,4; 3; 37; 50; 12; 29; 20; 31
14,20,0.77544,0.7,31; 12; 14; 20; 8; 29; 32; 17
14,33,0.39301,0.42424,10; 12; 14; 33; 20; 30; 7; 31
12,42,0.26467,0.28571,16; 6; 12; 42; 22; 25; 9; 23
15,74,0.25355,0.2027,3; 4; 15; 74; 6; 32; 16; 26
23,33,0.68924,0.69697,18; 19; 23; 33; 5; 16; 29; 22
13,64,0.2533,0.20312,3; 6; 13; 64; 3; 26; 24; 14
11,21,0.48746,0.52381,30; 7; 11; 21; 11; 32; 17; 6
8,78,0.22515,0.10256,5; 5; 8; 78; 29; 5; 27; 19
5,13,0.44783,0.38462,30; 10; 5; 13; 25; 15; 22; 4
7,67,0.22017,0.10448,8; 6; 7; 67; 22; 30; 9; 21
29,46,0.6242,0.63043,8; 9; 29; 46; 7; 30; 9; 30
8,50,0.24219,0.16,6; 16; 8; 50; 17; 15; 23; 27
18,47,0.40657,0.38298,3; 3; 18; 47; 28; 15; 23; 10
9,57,0.25712,0.15789,9; 6; 9; 57; 9; 25; 32; 30
14,19,0.81594,0.73684,6; 6; 14; 19; 28; 3; 31; 14
5,50,0.23524,0.1,3; 9; 5; 50; 11; 8; 10; 18
25,35,0.68037,0.71429,13; 16; 25; 35; 25; 9; 16; 6
11,29,0.40242,0.37931,5; 12; 11; 29; 6; 28; 7; 26
26,41,0.63496,0.63415,11; 5; 26; 41; 5; 25; 19; 17
29,39,0.73276,0.74359,10; 12; 29; 39; 14; 12; 29; 3
25,35,0.6961,0.71429,16; 16; 25; 35; 14; 13; 28; 23
14,20,0.70418,0.7,3; 12; 14; 20; 31; 21; 21; 16
29,37,0.8266,0.78378,11; 12; 29; 37; 17; 13; 7; 16
24,66,0.37385,0.36364,4; 4; 24; 66; 20; 9; 27; 26
11,43,0.31246,0.25581,22; 11; 11; 43; 8; 32; 9; 7
13,25,0.54797,0.52,23; 16; 13; 25; 20; 23; 31; 7
16,56,0.2799,0.28571,9; 11; 16; 56; 12; 20; 30; 26
25,34,0.72386,0.73529,5; 9; 25; 34; 19; 21; 16; 3
24,49,0.51661,0.4898,8; 10; 24; 49; 31; 18; 20; 17
28,54,0.53485,0.51852,8; 6; 28; 54; 8; 4; 32; 19
6,61,0.19322,0.09836,13; 8; 6; 61; 17; 20; 23; 14
7,71,0.20602,0.09859,6; 7; 7; 71; 10; 8; 19; 8
5,55,0.26941,0.09091,15; 14; 5; 55; 30; 10; 31; 14
18,45,0.44382,0.4,15; 6; 18; 45; 12; 9; 22; 26
22,52,0.38058,0.42308,9; 4; 22; 52; 31; 4; 3; 13
18,48,0.38275,0.375,8; 15; 18; 48; 22; 5; 4; 27
7,79,0.20648,0.08861,6; 3; 7; 79; 4; 16; 10; 17
18,70,0.29583,0.25714,3; 3; 18; 70; 27; 14; 4; 12
25,28,0.88358,0.89286,16; 20; 25; 28; 18; 24; 9; 15
5,50,0.21367,0.1,6; 8; 5; 50; 12; 21; 26; 28
19,30,0.67167,0.63333,6; 4; 19; 30; 13; 30; 19; 16
7,76,0.24648,0.09211,4; 7; 7; 76; 3; 19; 32; 8
8,54,0.24395,0.14815,8; 17; 8; 54; 11; 18; 24; 6
9,56,0.23968,0.16071,10; 6; 9; 56; 5; 13; 27; 13
20,52,0.38456,0.38462,3; 3; 20; 52; 32; 32; 10; 8
15,36,0.42864,0.41667,11; 23; 15; 36; 22; 20; 14; 13
16,40,0.38671,0.4,18; 18; 16; 40; 14; 24; 14; 32
5,48,0.25415,0.10417,20; 16; 5; 48; 12; 31; 12; 20
17,33,0.52704,0.51515,21; 12; 17; 33; 18; 28; 17; 28
11,74,0.21695,0.14865,6; 5; 11; 74; 13; 4; 25; 32
7,48,0.23035,0.14583,12; 20; 7; 48; 23; 21; 19; 31
5,14,0.43896,0.35714,8; 19; 5; 14; 8; 5; 28; 27
12,33,0.31846,0.36364,18; 16; 12; 33; 19; 22; 3; 20
10,61,0.24627,0.16393,8; 13; 10; 61; 14; 6; 8; 6
24,34,0.70198,0.70588,8; 19; 24; 34; 7; 14; 17; 27
34,48,0.69677,0.70833,7; 6; 34; 48; 13; 7; 25; 4
7,74,0.26356,0.09459,7; 7; 7; 74; 30; 15; 23; 28
15,75,0.25319,0.2,4; 4; 15; 75; 15; 8; 18; 18
27,55,0.49716,0.49091,4; 3; 27; 55; 4; 7; 17; 12
35,49,0.6829,0.71429,4; 3; 35; 49; 26; 27; 20; 17
25,51,0.50978,0.4902,3; 9; 25; 51; 3; 23; 25; 25
18,43,0.38599,0.4186,18; 10; 18; 43; 29; 32; 8; 15
24,34,0.70103,0.70588,6; 8; 24; 34; 8; 14; 31; 23
39,50,0.79038,0.78,4; 4; 39; 50; 6; 17; 29; 6
9,46,0.20612,0.19565,20; 14; 9; 46; 9; 19; 19; 31
6,15,0.52791,0.4,30; 38; 6; 15; 17; 24; 13; 15
30,42,0.73856,0.71429,11; 3; 30; 42; 17; 15; 10; 3
33,37,0.88987,0.89189,14; 12; 33; 37; 7; 12; 6; 15
8,80,0.21667,0.1,3; 5; 8; 80; 10; 7; 7; 20
17,35,0.48714,0.48571,5; 16; 17; 35; 17; 13; 8; 27
32,46,0.66618,0.69565,6; 6; 32; 46; 28; 29; 7; 27
7,80,0.24715,0.0875,4; 5; 7; 80; 5; 25; 11; 22
22,45,0.52492,0.48889,14; 14; 22; 45; 14; 3; 19; 31
6,39,0.26827,0.15385,4; 19; 6; 39; 28; 13; 8; 22
26,35,0.7114,0.74286,6; 10; 26; 35; 8; 17; 8; 20
23,58,0.4077,0.39655,8; 4; 23; 58; 22; 31; 5; 19
15,42,0.35758,0.35714,5; 10; 15; 42; 16; 22; 3; 8
7,27,0.28291,0.25926,7; 19; 7; 27; 10; 13; 26; 22
31,49,0.61615,0.63265,6; 5; 31; 49; 5; 9; 24; 20
20,50,0.38055,0.4,14; 9; 20; 50; 15; 21; 15; 3
21,27,0.74569,0.77778,20; 13; 21; 27; 12; 22; 24; 9
8,41,0.2564,0.19512,5; 18; 8; 41; 30; 27; 12; 8
29,56,0.52854,0.51786,4; 5; 29; 56; 31; 19; 14; 25
17,33,0.52016,0.51515,6; 24; 17; 33; 28; 3; 30; 14
23,47,0.49105,0.48936,3; 14; 23; 47; 9; 3; 24; 3
9,62,0.22929,0.14516,12; 8; 9; 62; 23; 15; 3; 20
28,38,0.74729,0.73684,16; 3; 28; 38; 14; 16; 19; 27
19,65,0.29821,0.29231,3; 3; 19; 65; 20; 13; 28; 4
17,65,0.27859,0.26154,5; 4; 17; 65; 4; 16; 12; 10
32,43,0.72618,0.74419,9; 10; 32; 43; 15; 5; 12; 12
5,56,0.26189,0.08929,17; 18; 5; 56; 18; 30; 3; 18
11,70,0.19247,0.15714,4; 8; 11; 70; 26; 21; 14; 16
35,47,0.70846,0.74468,5; 6; 35; 47; 22; 5; 31; 12
18,47,0.3891,0.38298,8; 14; 18; 47; 12; 22; 25; 29
24,57,0.45301,0.42105,5; 8; 24; 57; 28; 8; 25; 29
17,43,0.41191,0.39535,15; 15; 17; 43; 5; 15; 20; 14
20,52,0.43338,0.38462,12; 5; 20; 52; 32; 9; 12; 31
24,60,0.39799,0.4,4; 7; 24; 60; 5; 23; 3; 32
6,21,0.39376,0.28571,32; 25; 6; 21; 24; 22; 10; 28
10,66,0.25412,0.15152,4; 6; 10; 66; 21; 8; 9; 23
19,47,0.3987,0.40426,11; 11; 19; 47; 23; 25; 23; 10
12,17,0.81176,0.70588,12; 13; 12; 17; 5; 31; 18; 30
28,38,0.74705,0.73684,3; 15; 28; 38; 9; 8; 3; 28
24,49,0.50491,0.4898,5; 9; 24; 49; 14; 13; 17; 23
10,61,0.27384,0.16393,6; 6; 10; 61; 23; 3; 15; 9
10,24,0.35857,0.41667,3; 4; 10; 24; 3; 7; 7; 5
5,7,0.69883,0.71429,32; 22; 5; 7; 22; 30; 15; 7
8,9,0.75592,0.88889,29; 21; 8; 9; 24; 10; 6; 24
18,68,0.27078,0.26471,3; 5; 18; 68; 19; 7; 30; 14
28,40,0.65395,0.7,12; 9; 28; 40; 11; 25; 17; 16
14,33,0.39657,0.42424,12; 10; 14; 33; 23; 16; 6; 4
18,47,0.39905,0.38298,14; 5; 18; 47; 22; 29; 7; 11
19,39,0.50311,0.48718,5; 14; 19; 39; 3; 16; 3; 13
13,36,0.3779,0.36111,13; 19; 13; 36; 12; 6; 10; 15
9,44,0.22668,0.20455,14; 6; 9; 44; 10; 31; 9; 3
10,63,0.20655,0.15873,6; 9; 10; 63; 24; 15; 18; 8
11,55,0.25135,0.2,4; 4; 11; 55; 22; 14; 22; 14
7,82,0.23669,0.08537,3; 3; 7; 82; 13; 22; 3; 22
5,48,0.21892,0.10417,4; 21; 5; 48; 30; 21; 6; 5
8,41,0.25964,0.19512,14; 19; 8; 41; 6; 8; 4; 17
5,56,0.22604,0.08929,15; 11; 5; 56; 16; 5; 30; 26
26,35,0.73143,0.74286,9; 6; 26; 35; 5; 20; 5; 10
10,24,0.42086,0.41667,22; 28; 10; 24; 23; 7; 21; 23
25,35,0.71558,0.71429,17; 14; 25; 35; 11; 20; 26; 29
30,58,0.53225,0.51724,3; 4; 30; 58; 13; 14; 15; 30
24,66,0.3919,0.36364,3; 4; 24; 66; 32; 17; 15; 17
17,35,0.51758,0.48571,12; 7; 17; 35; 31; 9; 6; 6
14,27,0.51695,0.51852,26; 3; 14; 27; 15; 19; 16; 9
25,32,0.78274,0.78125,12; 9; 25; 32; 8; 11; 12; 25
14,35,0.41436,0.4,24; 9; 14; 35; 22; 19; 18; 32
7,47,0.28813,0.14894,8; 15; 7; 47; 32; 26; 17; 4
7,82,0.25719,0.08537,3; 3; 7; 82; 26; 3; 14; 30
39,44,0.8675,0.88636,7; 3; 39; 44; 4; 21; 8; 25
10,49,0.24336,0.20408,18; 19; 10; 49; 32; 14; 9; 27
9,31,0.29865,0.29032,20; 7; 9; 31; 5; 4; 13; 17
24,49,0.50312,0.4898,12; 6; 24; 49; 26; 11; 10; 14
14,20,0.73908,0.7,5; 11; 14; 20; 17; 27; 3; 8
7,67,0.18465,0.10448,9; 7; 7; 67; 5; 14; 5; 31
21,43,0.47425,0.48837,3; 16; 21; 43; 17; 9; 23; 8
33,52,0.62603,0.63462,3; 3; 33; 52; 24; 7; 11; 8
33,47,0.69859,0.70213,5; 9; 33; 47; 12; 12; 15; 22
20,55,0.36634,0.36364,5; 8; 20; 55; 18; 25; 27; 25
12,76,0.21612,0.15789,3; 5; 12; 76; 15; 9; 26; 3
7,47,0.26634,0.14894,4; 16; 7; 47; 32; 28; 15; 9
24,38,0.61023,0.63158,8; 18; 24; 38; 8; 20; 29; 24
10,14,0.71485,0.71429,33; 35; 10; 14; 19; 19; 32; 6
28,54,0.50277,0.51852,4; 5; 28; 54; 18; 7; 16; 31
10,14,0.76481,0.71429,17; 27; 10; 14; 17; 13; 26; 20
12,23,0.48529,0.52174,6; 5; 12; 23; 19; 11; 18; 30
23,60,0.40625,0.38333,4; 7; 23; 60; 22; 23; 27; 23
22,52,0.40403,0.42308,12; 6; 22; 52; 21; 12; 26; 8
8,20,0.30167,0.4,25; 25; 8; 20; 19; 4; 11; 30
29,56,0.53918,0.51786,6; 4; 29; 56; 14; 32; 18; 21
17,43,0.41498,0.39535,14; 19; 17; 43; 5; 3; 22; 21
7,46,0.26427,0.15217,16; 4; 7; 46; 16; 15; 18; 21
7,73,0.24117,0.09589,8; 5; 7; 73; 21; 16; 14; 17
24,66,0.38378,0.36364,3; 4; 24; 66; 12; 19; 9; 6
12,74,0.24202,0.16216,5; 3; 12; 74; 27; 4; 31; 3
9,35,0.31485,0.25714,6; 4; 9; 35; 3; 13; 31; 21
17,47,0.36464,0.3617,17; 7; 17; 47; 19; 11; 3; 29
29,39,0.70083,0.74359,6; 7; 29; 39; 32; 3; 7; 30
13,66,0.23419,0.19697,9; 9; 13; 66; 32; 10; 19; 14
12,19,0.59555,0.63158,18; 31; 12; 19; 28; 30; 19; 9
28,57,0.51131,0.49123,6; 6; 28; 57; 26; 5; 25; 10
16,44,0.34095,0.36364,8; 16; 16; 44; 10; 30; 3; 27
29,41,0.66781,0.70732,7; 13; 29; 41; 12; 30; 29; 15
6,62,0.21968,0.09677,3; 15; 6; 62; 8; 18; 24; 14
25,48,0.52872,0.52083,9; 4; 25; 48; 25; 21; 27; 4
7,79,0.19615,0.08861,3; 4; 7; 79; 10; 22; 24; 12
10,64,0.1743,0.15625,5; 8; 10; 64; 9; 27; 18; 24
10,16,0.62004,0.625,16; 8; 10; 16; 32; 3; 14; 26
28,40,0.6609,0.7,6; 15; 28; 40; 30; 24; 25; 5
31,35,0.84997,0.88571,4; 13; 31; 35; 23; 14; 16; 16
6,65,0.21559,0.09231,6; 12; 6; 65; 13; 9; 24; 18
29,46,0.61017,0.63043,11; 5; 29; 46; 6; 16; 15; 30
13,31,0.45241,0.41935,27; 7; 13; 31; 20; 7; 9; 10
23,47,0.50255,0.48936,11; 9; 23; 47; 5; 14; 24; 20
21,52,0.37549,0.40385,8; 4; 21; 52; 18; 15; 19; 28
5,34,0.28002,0.14706,7; 19; 5; 34; 16; 17; 14; 30
14,19,0.77549,0.73684,31; 30; 14; 19; 18; 5; 15; 8
14,71,0.24577,0.19718,3; 4; 14; 71; 14; 12; 4; 15
11,26,0.43341,0.42308,4; 15; 11; 26; 29; 27; 4; 20
7,35,0.30163,0.2,9; 11; 7; 35; 32; 12; 32; 6
7,27,0.29453,0.25926,7; 16; 7; 27; 11; 8; 26; 8
9,58,0.21236,0.15517,6; 13; 9; 58; 17; 29; 11; 18
22,52,0.43233,0.42308,7; 4; 22; 52; 31; 19; 5; 29
8,50,0.22353,0.16,12; 3; 8; 50; 27; 5; 32; 31
6,70,0.21518,0.08571,6; 10; 6; 70; 23; 6; 9; 24
25,59,0.40541,0.42373,6; 6; 25; 59; 13; 18; 12; 6
17,42,0.3831,0.40476,3; 16; 17; 42; 5; 23; 16; 28
9,60,0.23652,0.15,3; 14; 9; 60; 6; 29; 20; 11
10,62,0.25058,0.16129,11; 10; 10; 62; 30; 16; 22; 8
5,52,0.23976,0.09615,19; 16; 5; 52; 21; 14; 22; 28
6,61,0.23503,0.09836,6; 7; 6; 61; 28; 21; 16; 20
11,42,0.28098,0.2619,8; 16; 11; 42; 11; 32; 10; 32
15,39,0.39725,0.38462,14; 7; 15; 39; 7; 3; 7; 11
20,41,0.49898,0.4878,7; 9; 20; 41; 10; 11; 29; 13
8,9,0.7464,0.88889,16; 5; 8; 9; 5; 9; 24; 25
6,38,0.27435,0.15789,12; 21; 6; 38; 23; 10; 29; 5
23,44,0.5295,0.52273,15; 11; 23; 44; 6; 22; 29; 11
16,38,0.40711,0.42105,3; 12; 16; 38; 30; 30; 21; 4
25,51,0.51698,0.4902,11; 7; 25; 51; 30; 10; 25; 22
16,61,0.27787,0.2623,5; 9; 16; 61; 30; 26; 11; 3
10,14,0.76916,0.71429,26; 6; 10; 14; 12; 28; 26; 17
9,62,0.21336,0.14516,3; 11; 9; 62; 10; 8; 26; 4
26,35,0.72453,0.74286,13; 4; 26; 35; 6; 8; 6; 8
14,39,0.31991,0.35897,11; 7; 14; 39; 10; 31; 6; 5
14,33,0.3955,0.42424,12; 18; 14; 33; 3; 9; 23; 19
15,29,0.49201,0.51724,16; 12; 15; 29; 26; 11; 24; 10
42,47,0.87904,0.89362,4; 3; 42; 47; 26; 20; 22; 3
21,59,0.34847,0.35593,8; 6; 21; 59; 29; 23; 7; 17
42,47,0.90556,0.89362,4; 3; 42; 47; 32; 11; 30; 18
7,67,0.1689,0.10448,6; 7; 7; 67; 16; 8; 28; 7
9,60,0.23897,0.15,11; 13; 9; 60; 22; 31; 15; 12
7,27,0.26679,0.25926,5; 20; 7; 27; 21; 20; 4; 31
14,33,0.39951,0.42424,20; 19; 14; 33; 23; 20; 5; 24
12,76,0.2193,0.15789,5; 3; 12; 76; 18; 15; 17; 10
28,36,0.74966,0.77778,4; 3; 28; 36; 11; 26; 16; 6
23,44,0.50008,0.52273,5; 8; 23; 44; 31; 3; 3; 19
11,70,0.19439,0.15714,7; 8; 11; 70; 24; 11; 4; 29
24,63,0.37992,0.38095,3; 5; 24; 63; 12; 23; 10; 8
10,66,0.20213,0.15152,9; 10; 10; 66; 23; 11; 24; 16
15,74,0.22392,0.2027,4; 3; 15; 74; 26; 16; 24; 5
16,55,0.29693,0.29091,5; 6; 16; 55; 12; 20; 15; 29
7,9,0.79287,0.77778,26; 41; 7; 9; 7; 3; 28; 9
32,36,0.89432,0.88889,14; 14; 32; 36; 23; 32; 6; 25
5,33,0.34092,0.15152,8; 9; 5; 33; 15; 29; 18; 6
30,42,0.70365,0.71429,11; 4; 30; 42; 27; 30; 6; 11
8,55,0.2195,0.14545,15; 13; 8; 55; 6; 22; 13; 31
7,46,0.22798,0.15217,16; 16; 7; 46; 22; 10; 23; 10
12,59,0.24147,0.20339,12; 10; 12; 59; 18; 5; 11; 10
20,70,0.3088,0.28571,4; 3; 20; 70; 24; 12; 4; 4
8,20,0.44184,0.4,19; 26; 8; 20; 4; 23; 5; 3
6,15,0.46808,0.4,3; 37; 6; 15; 11; 17; 11; 30
6,60,0.22981,0.1,7; 5; 6; 60; 29; 21; 5; 5
17,65,0.29411,0.26154,8; 6; 17; 65; 32; 22; 26; 14
11,43,0.30592,0.25581,17; 7; 11; 43; 6; 18; 6; 29
7,46,0.23926,0.15217,7; 22; 7; 46; 23; 7; 25; 13
22,55,0.40432,0.4,3; 8; 22; 55; 27; 32; 25; 3
7,81,0.2693,0.08642,4; 5; 7; 81; 13; 5; 3; 5
28,40,0.70405,0.7,14; 12; 28; 40; 8; 18; 16; 23
10,61,0.25665,0.16393,12; 12; 10; 61; 26; 14; 32; 14
6,15,0.46102,0.4,18; 28; 6; 15; 26; 22; 18; 29
37,53,0.69267,0.69811,4; 3; 37; 53; 11; 12; 24; 23
25,51,0.50627,0.4902,9; 4; 25; 51; 13; 27; 9; 22
7,48,0.21495,0.14583,21; 9; 7; 48; 31; 14; 4; 30
8,79,0.24069,0.10127,3; 5; 8; 79; 17; 22; 30; 10
12,19,0.58731,0.63158,26; 9; 12; 19; 11; 12; 19; 28
6,16,0.39618,0.375,35; 15; 6; 16; 17; 24; 9; 32
12,73,0.21749,0.16438,5; 6; 12; 73; 26; 29; 23; 17
14,35,0.43338,0.4,8; 21; 14; 35; 9; 15; 18; 9
18,23,0.83702,0.78261,19; 18; 18; 23; 14; 19; 6; 15
7,45,0.27358,0.15556,12; 21; 7; 45; 20; 24; 6; 25
7,71,0.2389,0.09859,9; 9; 7; 71; 23; 18; 5; 14
19,50,0.40081,0.38,13; 9; 19; 50; 20; 31; 23; 14
28,36,0.76927,0.77778,10; 13; 28; 36; 32; 31; 24; 10
8,40,0.26317,0.2,20; 24; 8; 40; 31; 12; 25; 3
17,35,0.49097,0.48571,6; 10; 17; 35; 12; 6; 9; 24
15,29,0.50538,0.51724,7; 14; 15; 29; 27; 5; 21; 23
6,63,0.25615,0.09524,9; 13; 6; 63; 9; 11; 13; 5
31,40,0.7858,0.775,9; 7; 31; 40; 28; 29; 7; 15
24,66,0.38946,0.36364,3; 4; 24; 66; 14; 14; 12; 6
12,41,0.30071,0.29268,18; 22; 12; 41; 23; 13; 10; 19
11,67,0.20538,0.16418,5; 4; 11; 67; 17; 5; 14; 12
13,34,0.37465,0.38235,23; 25; 13; 34; 26; 7; 5; 28
5,51,0.1677,0.09804,3; 4; 5; 51; 16; 7; 7; 18
16,31,0.52785,0.51613,16; 16; 16; 31; 19; 14; 30; 9
14,49,0.26045,0.28571,10; 5; 14; 49; 10; 27; 13; 23
24,63,0.38169,0.38095,5; 5; 24; 63; 14; 4; 23; 20
10,63,0.21497,0.15873,5; 6; 10; 63; 29; 15; 15; 20
12,76,0.21814,0.15789,5; 3; 12; 76; 26; 23; 5; 22
7,76,0.26787,0.09211,7; 7; 7; 76; 20; 24; 3; 25
13,45,0.31661,0.28889,7; 14; 13; 45; 5; 6; 28; 6
37,52,0.70333,0.71154,4; 4; 37; 52; 6; 31; 21; 7
25,51,0.49889,0.4902,5; 7; 25; 51; 18; 18; 15; 26
42,47,0.88118,0.89362,4; 3; 42; 47; 11; 14; 17; 21
7,70,0.23164,0.1,4; 3; 7; 70; 8; 12; 19; 24
10,28,0.32286,0.35714,25; 11; 10; 28; 7; 28; 10; 13
29,56,0.53946,0.51786,4; 4; 29; 56; 31; 4; 18; 24
37,52,0.7363,0.71154,3; 4; 37; 52; 12; 7; 20; 4
15,40,0.42521,0.375,18; 6; 15; 40; 28; 11; 3; 3
6,67,0.24397,0.08955,10; 10; 6; 67; 28; 11; 21; 19
16,18,0.88822,0.88889,13; 11; 16; 18; 7; 8; 20; 18
7,74,0.2408,0.09459,5; 3; 7; 74; 3; 17; 6; 4
10,16,0.60787,0.625,22; 23; 10; 16; 28; 31; 3; 6
6,69,0.22814,0.08696,8; 7; 6; 69; 5; 21; 13; 9
38,49,0.77517,0.77551,3; 3; 38; 49; 31; 25; 11; 11
23,31,0.72244,0.74194,13; 22; 23; 31; 17; 3; 32; 22
10,65,0.23702,0.15385,9; 11; 10; 65; 19; 17; 16; 31
30,43,0.66467,0.69767,12; 8; 30; 43; 25; 19; 14; 3
17,47,0.36763,0.3617,4; 15; 17; 47; 13; 11; 29; 15
14,53,0.2746,0.26415,5; 9; 14; 53; 10; 21; 32; 14
7,9,0.70714,0.77778,30; 27; 7; 9; 29; 32; 15; 9
31,44,0.74097,0.70455,4; 3; 31; 44; 9; 11; 27; 8
18,70,0.26713,0.25714,5; 4; 18; 70; 10; 12; 8; 21
16,42,0.39098,0.38095,6; 5; 16; 42; 18; 3; 20; 23
22,45,0.50543,0.48889,15; 8; 22; 45; 19; 23; 3; 26
16,45,0.34928,0.35556,13; 10; 16; 45; 30; 5; 24; 26
41,46,0.86443,0.8913,5; 3; 41; 46; 16; 20; 13; 12
12,47,0.26841,0.25532,5; 16; 12; 47; 3; 13; 4; 3
7,79,0.26366,0.08861,6; 6; 7; 79; 23; 20; 15; 11
30,58,0.53252,0.51724,5; 4; 30; 58; 22; 31; 4; 26
7,9,0.72896,0.77778,17; 21; 7; 9; 7; 16; 30; 8
11,69,0.21528,0.15942,3; 5; 11; 69; 30; 8; 14; 31
20,48,0.42725,0.41667,12; 5; 20; 48; 22; 8; 4; 19
31,40,0.76054,0.775,9; 8; 31; 40; 19; 29; 22; 22
18,47,0.38441,0.38298,8; 8; 18; 47; 17; 26; 20; 27
14,35,0.41057,0.4,10; 20; 14; 35; 6; 19; 10; 6
6,67,0.22142,0.08955,6; 3; 6; 67; 3; 30; 16; 16
37,52,0.67845,0.71154,3; 3; 37; 52; 27; 27; 16; 26
5,31,0.23432,0.16129,14; 18; 5; 31; 16; 22; 7; 18
12,23,0.51425,0.52174,15; 27; 12; 23; 18; 27; 25; 18
9,58,0.19231,0.15517,15; 8; 9; 58; 19; 26; 31; 10
26,53,0.47972,0.49057,6; 4; 26; 53; 23; 10; 14; 31
6,21,0.28541,0.28571,18; 32; 6; 21; 27; 10; 20; 8
11,71,0.19032,0.15493,5; 7; 11; 71; 15; 20; 24; 3
17,23,0.8549,0.73913,18; 15; 17; 23; 20; 20; 22; 6
20,48,0.41404,0.41667,8; 13; 20; 48; 20; 20; 10; 12
8,41,0.28742,0.19512,22; 5; 8; 41; 13; 3; 9; 21
17,24,0.8314,0.70833,4; 14; 17; 24; 24; 15; 6; 4
13,31,0.42687,0.41935,6; 6; 13; 31; 7; 32; 23; 3
10,65,0.19922,0.15385,11; 10; 10; 65; 27; 17; 23; 6
25,65,0.39797,0.38462,4; 3; 25; 65; 24; 11; 13; 13
17,19,0.89406,0.89474,15; 3; 17; 19; 12; 26; 11; 29
11,68,0.21068,0.16176,4; 4; 11; 68; 16; 26; 5; 18
7,70,0.23698,0.1,3; 7; 7; 70; 13; 17; 11; 11
35,49,0.71047,0.71429,4; 6; 35; 49; 7; 25; 24; 22
7,48,0.20907,0.14583,11; 7; 7; 48; 21; 31; 15; 26
20,41,0.4934,0.4878,8; 6; 20; 41; 20; 16; 15; 26
17,59,0.30225,0.28814,5; 5; 17; 59; 21; 3; 17; 27
8,28,0.28059,0.28571,13; 20; 8; 28; 16; 12; 11; 28
11,68,0.22984,0.16176,3; 3; 11; 68; 22; 6; 29; 10
11,21,0.5342,0.52381,30; 27; 11; 21; 29; 21; 21; 21
14,20,0.64627,0.7,7; 4; 14; 20; 25; 3; 7; 24
32,41,0.79436,0.78049,6; 10; 32; 41; 30; 5; 14; 15
12,74,0.23309,0.16216,3; 5; 12; 74; 4; 28; 31; 23
26,37,0.67099,0.7027,10; 11; 26; 37; 24; 20; 17; 20
12,59,0.26319,0.20339,7; 7; 12; 59; 7; 32; 29; 16
7,35,0.16845,0.2,13; 26; 7; 35; 3; 14; 11; 7
24,60,0.41281,0.4,7; 6; 24; 60; 14; 11; 22; 21
15,39,0.38676,0.38462,7; 7; 15; 39; 19; 17; 8; 24
7,44,0.16885,0.15909,12; 16; 7; 44; 17; 11; 22; 11
25,34,0.79014,0.73529,16; 5; 25; 34; 21; 3; 29; 26
5,12,0.52365,0.41667,12; 21; 5; 12; 17; 29; 32; 14
9,24,0.31271,0.375,27; 11; 9; 24; 32; 14; 17; 7
24,64,0.40812,0.375,5; 3; 24; 64; 4; 17; 15; 22
24,27,0.87176,0.88889,12; 5; 24; 27; 4; 13; 29; 12
20,27,0.72888,0.74074,21; 7; 20; 27; 6; 9; 30; 29
7,45,0.19519,0.15556,19; 3; 7; 45; 12; 17; 13; 16
21,30,0.68497,0.7,18; 6; 21; 30; 3; 8; 21; 6
32,46,0.6734,0.69565,10; 4; 32; 46; 32; 24; 9; 19
21,52,0.39319,0.40385,4; 9; 21; 52; 20; 15; 11; 14
24,46,0.53849,0.52174,5; 4; 24; 46; 4; 16; 32; 9
5,8,0.80049,0.625,35; 4; 5; 8; 14; 6; 29; 17
16,45,0.36763,0.35556,13; 16; 16; 45; 16; 4; 27; 9
16,44,0.37535,0.36364,8; 14; 16; 44; 31; 28; 28; 9
6,67,0.21266,0.08955,4; 6; 6; 67; 11; 3; 32; 24
21,27,0.78688,0.77778,20; 21; 21; 27; 19; 31; 11; 19
26,53,0.49639,0.49057,4; 3; 26; 53; 12; 25; 17; 18
30,43,0.68503,0.69767,10; 3; 30; 43; 31; 7; 32; 22
20,41,0.49556,0.4878,10; 5; 20; 41; 32; 22; 18; 17
15,21,0.69449,0.71429,3; 4; 15; 21; 9; 12; 27; 30
31,35,0.88156,0.88571,16; 8; 31; 35; 15; 7; 17; 9
26,62,0.47513,0.41935,3; 4; 26; 62; 8; 9; 12; 30
23,57,0.40533,0.40351,3; 5; 23; 57; 7; 3; 24; 23
25,35,0.70853,0.71429,9; 3; 25; 35; 4; 29; 18; 25
12,47,0.28605,0.25532,15; 5; 12; 47; 8; 21; 11; 6
13,36,0.34063,0.36111,10; 14; 13; 36; 9; 32; 14; 29
16,18,0.83901,0.88889,7; 21; 16; 18; 25; 25; 4; 30
7,48,0.25463,0.14583,15; 18; 7; 48; 7; 23; 32; 4
5,54,0.24346,0.09259,4; 11; 5; 54; 18; 27; 15; 28
16,62,0.27999,0.25806,8; 5; 16; 62; 29; 6; 12; 10
7,82,0.19981,0.08537,4; 3; 7; 82; 3; 5; 21; 19
17,35,0.54857,0.48571,18; 7; 17; 35; 24; 28; 18; 8
17,43,0.40798,0.39535,19; 13; 17; 43; 7; 12; 17; 21
16,45,0.35972,0.35556,18; 8; 16; 45; 14; 15; 30; 9
10,24,0.4006,0.41667,6; 7; 10; 24; 17; 19; 24; 21
16,40,0.41764,0.4,15; 20; 16; 40; 10; 19; 14; 3
7,68,0.23209,0.10294,5; 3; 7; 68; 11; 25; 25; 18
15,21,0.81586,0.71429,22; 24; 15; 21; 3; 15; 4; 27
5,17,0.39543,0.29412,15; 32; 5; 17; 14; 16; 22; 25
9,25,0.2829,0.36,21; 10; 9; 25; 16; 12; 26; 14
18,23,0.86644,0.78261,27; 7; 18; 23; 9; 4; 16; 3
9,61,0.22238,0.14754,10; 5; 9; 61; 14; 8; 10; 22
18,45,0.39162,0.4,10; 16; 18; 45; 24; 23; 14; 24
29,59,0.4899,0.49153,5; 4; 29; 59; 5; 31; 15; 32
9,25,0.34222,0.36,27; 12; 9; 25; 31; 5; 20; 9
6,39,0.21495,0.15385,22; 23; 6; 39; 13; 28; 18; 32
25,51,0.51205,0.4902,6; 11; 25; 51; 31; 5; 9; 10
34,46,0.7491,0.73913,7; 9; 34; 46; 16; 4; 3; 26
10,38,0.16489,0.26316,10; 9; 10; 38; 7; 21; 12; 20
21,27,0.80225,0.77778,12; 3; 21; 27; 13; 4; 17; 26
37,53,0.6786,0.69811,3; 4; 37; 53; 17; 3; 6; 21
31,44,0.67675,0.70455,5; 3; 31; 44; 3; 22; 18; 23
12,60,0.25204,0.2,6; 7; 12; 60; 29; 7; 14; 26
20,52,0.36567,0.38462,6; 6; 20; 52; 31; 25; 7; 27
8,52,0.24038,0.15385,16; 19; 8; 52; 32; 8; 25; 15
19,45,0.47001,0.42222,4; 14; 19; 45; 25; 13; 9; 18
21,27,0.84305,0.77778,4; 12; 21; 27; 12; 21; 13; 6
12,77,0.23271,0.15584,4; 3; 12; 77; 19; 19; 13; 20
7,73,0.24378,0.09589,4; 6; 7; 73; 11; 7; 3; 18
25,51,0.49363,0.4902,9; 7; 25; 51; 7; 19; 15; 21
31,35,0.89722,0.88571,14; 4; 31; 35; 5; 29; 5; 10
19,30,0.5931,0.63333,10; 6; 19; 30; 29; 31; 27; 7
28,54,0.55084,0.51852,5; 4; 28; 54; 8; 29; 17; 8
22,53,0.43941,0.41509,8; 3; 22; 53; 10; 21; 8; 27
21,59,0.35483,0.35593,5; 6; 21; 59; 14; 7; 7; 16
7,27,0.29785,0.25926,7; 26; 7; 27; 17; 19; 27; 31
28,36,0.81541,0.77778,11; 4; 28; 36; 25; 6; 6; 4
17,33,0.58213,0.51515,22; 7; 17; 33; 7; 32; 6; 28
16,40,0.44728,0.4,9; 3; 16; 40; 12; 7; 13; 22
16,45,0.36677,0.35556,8; 8; 16; 45; 30; 20; 6; 6
34,46,0.7285,0.73913,4; 9; 34; 46; 24; 7; 23; 12
23,44,0.55604,0.52273,15; 11; 23; 44; 20; 26; 11; 16
28,54,0.54169,0.51852,8; 5; 28; 54; 23; 4; 16; 17
9,58,0.21772,0.15517,13; 7; 9; 58; 13; 7; 23; 15
38,49,0.7795,0.77551,5; 4; 38; 49; 18; 26; 9; 16
25,65,0.42145,0.38462,4; 3; 25; 65; 30; 8; 32; 22
22,61,0.38217,0.36066,3; 7; 22; 61; 20; 14; 12; 10
25,48,0.52062,0.52083,4; 4; 25; 48; 26; 18; 24; 7
18,50,0.38739,0.36,12; 10; 18; 50; 7; 11; 9; 11
22,52,0.41023,0.42308,8; 12; 22; 52; 10; 16; 30; 18
23,57,0.43123,0.40351,6; 7; 23; 57; 25; 4; 14; 18
20,52,0.37494,0.38462,13; 11; 20; 52; 24; 6; 9; 11
18,68,0.27955,0.26471,5; 5; 18; 68; 13; 27; 12; 25
11,67,0.23964,0.16418,7; 8; 11; 67; 11; 29; 29; 24
10,64,0.25918,0.15625,6; 10; 10; 64; 31; 32; 18; 14
26,62,0.42907,0.41935,5; 5; 26; 62; 26; 29; 5; 26
15,57,0.30769,0.26316,8; 5; 15; 57; 9; 14; 30; 15
10,64,0.2097,0.15625,4; 8; 10; 64; 29; 22; 10; 20
27,55,0.47934,0.49091,5; 4; 27; 55; 30; 26; 15; 18
6,61,0.21277,0.09836,13; 4; 6; 61; 24; 4; 21; 26
28,40,0.69408,0.7,10; 15; 28; 40; 21; 13; 21; 14
9,25,0.35427,0.36,15; 3; 9; 25; 26; 19; 11; 3
36,46,0.76352,0.78261,7; 5; 36; 46; 17; 21; 5; 14
6,62,0.23603,0.09677,12; 4; 6; 62; 21; 5; 14; 13
7,9,0.86791,0.77778,34; 34; 7; 9; 14; 20; 6; 31
28,54,0.52426,0.51852,6; 8; 28; 54; 28; 21; 18; 6
13,25,0.44682,0.52,14; 9; 13; 25; 28; 16; 18; 28
26,53,0.50959,0.49057,7; 5; 26; 53; 5; 31; 20; 11
8,28,0.18555,0.28571,5; 23; 8; 28; 24; 8; 15; 6
15,40,0.40998,0.375,11; 4; 15; 40; 15; 25; 11; 6
32,51,0.61108,0.62745,4; 3; 32; 51; 10; 32; 4; 32
9,31,0.29019,0.29032,6; 29; 9; 31; 24; 12; 18; 23
29,59,0.51226,0.49153,5; 3; 29; 59; 26; 14; 12; 23
9,58,0.23016,0.15517,10; 15; 9; 58; 18; 30; 17; 12
22,55,0.42317,0.4,10; 6; 22; 55; 18; 15; 5; 19
37,52,0.72429,0.71154,3; 4; 37; 52; 11; 11; 23; 10
16,18,0.95409,0.88889,18; 19; 16; 18; 23; 14; 25; 24
22,53,0.41849,0.41509,6; 7; 22; 53; 32; 8; 5; 19
15,39,0.38838,0.38462,6; 8; 15; 39; 29; 10; 13; 16
20,50,0.4159,0.4,13; 12; 20; 50; 10; 13; 22; 10
20,69,0.30216,0.28986,3; 3; 20; 69; 13; 27; 22; 16
17,45,0.39149,0.37778,16; 9; 17; 45; 4; 9; 26; 14
22,61,0.36536,0.36066,4; 5; 22; 61; 12; 4; 27; 29
16,31,0.45513,0.51613,18; 15; 16; 31; 32; 11; 11; 22
18,47,0.41847,0.38298,13; 3; 18; 47; 14; 11; 21; 6
26,37,0.66129,0.7027,12; 5; 26; 37; 4; 24; 20; 25
16,31,0.52752,0.51613,5; 12; 16; 31; 7; 6; 26; 17
23,31,0.74446,0.74194,5; 16; 23; 31; 17; 13; 8; 25
9,24,0.39763,0.375,12; 31; 9; 24; 25; 21; 10; 27
15,36,0.42621,0.41667,18; 23; 15; 36; 7; 3; 11; 11
40,45,0.88838,0.88889,5; 5; 40; 45; 3; 13; 23; 4
15,24,0.62912,0.625,28; 25; 15; 24; 13; 4; 8; 28
16,31,0.539,0.51613,17; 8; 16; 31; 6; 18; 20; 31
24,38,0.60664,0.63158,6; 14; 24; 38; 28; 18; 12; 6
24,38,0.63997,0.63158,15; 13; 24; 38; 10; 22; 14; 10
6,16,0.39125,0.375,26; 4; 6; 16; 23; 31; 14; 10
10,16,0.56919,0.625,11; 15; 10; 16; 19; 30; 10; 22
42,47,0.83662,0.89362,4; 3; 42; 47; 17; 3; 17; 11
9,35,0.29141,0.25714,4; 13; 9; 35; 20; 21; 20; 28
8,41,0.27675,0.19512,17; 18; 8; 41; 9; 23; 28; 22
9,62,0.24095,0.14516,3; 8; 9; 62; 25; 15; 13; 24
14,27,0.49987,0.51852,22; 10; 14; 27; 28; 17; 30; 6
19,27,0.71196,0.7037,25; 25; 19; 27; 3; 17; 5; 27
6,68,0.25976,0.08824,5; 10; 6; 68; 31; 9; 23; 8
21,30,0.6945,0.7,15; 16; 21; 30; 23; 13; 5; 13
34,48,0.68766,0.70833,3; 3; 34; 48; 6; 21; 31; 30
27,38,0.67666,0.71053,15; 14; 27; 38; 28; 13; 30; 4
14,54,0.26903,0.25926,3; 10; 14; 54; 17; 24; 18; 17
24,38,0.61971,0.63158,4; 14; 24; 38; 19; 16; 7; 10
27,38,0.7089,0.71053,4; 10; 27; 38; 3; 10; 15; 9
35,47,0.7284,0.74468,8; 3; 35; 47; 16; 32; 16; 18
39,50,0.79497,0.78,4; 3; 39; 50; 26; 4; 31; 27
18,69,0.24684,0.26087,3; 5; 18; 69; 25; 19; 22; 10
33,47,0.67927,0.70213,6; 4; 33; 47; 9; 27; 22; 9
9,25,0.33771,0.36,28; 32; 9; 25; 29; 23; 20; 19
6,64,0.22512,0.09375,9; 5; 6; 64; 16; 4; 6; 12
8,79,0.20922,0.10127,4; 3; 8; 79; 24; 18; 4; 31
5,58,0.19134,0.08621,7; 11; 5; 58; 4; 11; 26; 4
21,55,0.37428,0.38182,7; 10; 21; 55; 16; 17; 5; 29
5,13,0.41628,0.38462,11; 16; 5; 13; 13; 25; 20; 30
20,68,0.30162,0.29412,5; 5; 20; 68; 18; 11; 28; 25
16,23,0.67726,0.69565,9; 4; 16; 23; 20; 9; 8; 29
38,49,0.77357,0.77551,4; 5; 38; 49; 8; 14; 13; 28
8,51,0.22101,0.15686,12; 4; 8; 51; 14; 22; 25; 18
10,67,0.23025,0.14925,3; 9; 10; 67; 30; 6; 8; 20
23,44,0.52804,0.52273,8; 5; 23; 44; 21; 4; 29; 19
5,57,0.22778,0.08772,11; 9; 5; 57; 16; 23; 28; 5
18,68,0.28835,0.26471,3; 6; 18; 68; 19; 7; 22; 6
6,38,0.22549,0.15789,6; 22; 6; 38; 9; 29; 18; 29
14,48,0.3063,0.29167,17; 18; 14; 48; 22; 15; 11; 30
25,65,0.37928,0.38462,4; 4; 25; 65; 11; 24; 15; 29
29,59,0.5021,0.49153,5; 5; 29; 59; 9; 20; 18; 23
24,57,0.40743,0.42105,4; 6; 24; 57; 8; 5; 14; 32
25,34,0.75509,0.73529,10; 4; 25; 34; 21; 23; 29; 8
14,19,0.72276,0.73684,19; 19; 14; 19; 21; 11; 8; 27
7,70,0.26314,0.1,4; 8; 7; 70; 8; 32; 5; 3
7,27,0.24045,0.25926,3; 13; 7; 27; 19; 28; 17; 17
15,29,0.52071,0.51724,23; 15; 15; 29; 23; 11; 31; 18
15,36,0.46766,0.41667,6; 8; 15; 36; 7; 9; 7; 21
14,69,0.25394,0.2029,4; 3; 14; 69; 32; 22; 13; 20
20,52,0.37926,0.38462,4; 5; 20; 52; 10; 20; 31; 6
13,31,0.3508,0.41935,11; 23; 13; 31; 7; 29; 23; 11
32,46,0.69435,0.69565,10; 10; 32; 46; 6; 10; 21; 21
19,48,0.43186,0.39583,15; 8; 19; 48; 26; 31; 4; 24
37,50,0.74606,0.74,5; 5; 37; 50; 14; 32; 11; 13
11,68,0.21545,0.16176,5; 5; 11; 68; 10; 3; 22; 22
15,75,0.24205,0.2,3; 4; 15; 75; 32; 13; 7; 27
6,70,0.21409,0.08571,8; 10; 6; 70; 10; 18; 29; 18
22,52,0.425,0.42308,6; 8; 22; 52; 10; 18; 6; 31
26,50,0.53596,0.52,6; 11; 26; 50; 6; 29; 5; 13
6,61,0.26605,0.09836,7; 4; 6; 61; 3; 13; 3; 16
15,51,0.33253,0.29412,14; 16; 15; 51; 23; 30; 6; 4
21,53,0.4099,0.39623,5; 10; 21; 53; 7; 9; 30; 6
26,41,0.63619,0.63415,5; 5; 26; 41; 28; 28; 13; 22
8,51,0.22575,0.15686,4; 7; 8; 51; 16; 20; 7; 23
22,61,0.37859,0.36066,5; 7; 22; 61; 14; 32; 27; 4
34,46,0.71455,0.73913,9; 3; 34; 46; 6; 7; 3; 11
15,39,0.40636,0.38462,6; 9; 15; 39; 22; 13; 19; 11
9,58,0.23948,0.15517,3; 10; 9; 58; 10; 21; 28; 6
10,26,0.38652,0.38462,5; 14; 10; 26; 11; 6; 17; 27
17,45,0.41431,0.37778,8; 6; 17; 45; 4; 25; 22; 29
6,15,0.42453,0.4,30; 9; 6; 15; 10; 19; 21; 4
38,49,0.75916,0.77551,3; 5; 38; 49; 4; 19; 28; 19
7,81,0.27032,0.08642,5; 3; 7; 81; 13; 13; 6; 32
6,59,0.2388,0.10169,14; 15; 6; 59; 25; 7; 29; 32
8,19,0.43181,0.42105,8; 11; 8; 19; 30; 6; 3; 9
12,77,0.23212,0.15584,3; 4; 12; 77; 32; 9; 9; 25
13,25,0.51062,0.52,27; 10; 13; 25; 23; 4; 7; 12
10,66,0.21592,0.15152,6; 6; 10; 66; 30; 16; 14; 23
21,59,0.35469,0.35593,7; 7; 21; 59; 3; 8; 12; 23
28,57,0.51735,0.49123,6; 5; 28; 57; 11; 10; 22; 16
39,50,0.7846,0.78,4; 4; 39; 50; 14; 24; 23; 14
15,57,0.27931,0.26316,10; 4; 15; 57; 28; 23; 8; 12
10,66,0.19566,0.15152,11; 7; 10; 66; 15; 4; 4; 23
5,55,0.20652,0.09091,18; 11; 5; 55; 25; 8; 24; 15
12,73,0.21623,0.16438,4; 3; 12; 73; 29; 29; 22; 4
12,17,0.79189,0.70588,4; 15; 12; 17; 8; 16; 22; 25
36,46,0.77734,0.78261,6; 5; 36; 46; 13; 10; 21; 16
25,51,0.50915,0.4902,6; 11; 25; 51; 28; 32; 29; 3
24,66,0.41177,0.36364,3; 4; 24; 66; 5; 22; 15; 11
32,51,0.6,0.62745,7; 7; 32; 51; 31; 17; 15; 10
10,34,0.30432,0.29412,7; 16; 10; 34; 27; 5; 9; 10
12,19,0.68668,0.63158,33; 24; 12; 19; 13; 6; 24; 27
22,45,0.51753,0.48889,9; 7; 22; 45; 6; 31; 32; 20
32,36,0.90038,0.88889,6; 8; 32; 36; 10; 31; 20; 9
7,43,0.28863,0.16279,4; 10; 7; 43; 5; 8; 14; 32
11,21,0.58152,0.52381,25; 29; 11; 21; 23; 28; 5; 4
30,43,0.67583,0.69767,6; 5; 30; 43; 12; 11; 10; 24
20,27,0.78893,0.74074,6; 16; 20; 27; 27; 6; 16; 5
9,45,0.27633,0.2,11; 18; 9; 45; 9; 27; 4; 14
9,45,0.26188,0.2,4; 7; 9; 45; 17; 13; 22; 26
24,57,0.42407,0.42105,6; 8; 24; 57; 23; 25; 12; 19
25,32,0.77215,0.78125,19; 20; 25; 32; 26; 28; 9; 29
5,57,0.24166,0.08772,13; 5; 5; 57; 10; 16; 12; 32
22,52,0.42178,0.42308,12; 8; 22; 52; 5; 6; 17; 16
9,25,0.33213,0.36,6; 13; 9; 25; 16; 24; 13; 5
22,55,0.43028,0.4,3; 5; 22; 55; 4; 3; 15; 4
16,44,0.3907,0.36364,5; 14; 16; 44; 30; 11; 23; 10
16,18,0.95671,0.88889,10; 11; 16; 18; 24; 25; 29; 16
8,20,0.39155,0.4,3; 34; 8; 20; 10; 22; 22; 13
8,53,0.24214,0.15094,17; 11; 8; 53; 14; 6; 31; 29
38,49,0.78903,0.77551,3; 4; 38; 49; 15; 13; 32; 27
26,35,0.75344,0.74286,15; 6; 26; 35; 6; 17; 32; 20
20,69,0.30949,0.28986,4; 4; 20; 69; 30; 27; 18; 13
22,53,0.41814,0.41509,5; 6; 22; 53; 32; 16; 16; 13
7,35,0.22755,0.2,18; 25; 7; 35; 21; 15; 14; 3
7,82,0.23176,0.08537,4; 4; 7; 82; 10; 28; 8; 5
11,21,0.56365,0.52381,6; 27; 11; 21; 28; 19; 4; 21
11,21,0.56793,0.52381,7; 11; 11; 21; 7; 18; 23; 15
34,48,0.71306,0.70833,4; 6; 34; 48; 3; 22; 31; 3
17,23,0.82353,0.73913,12; 15; 17; 23; 15; 32; 16; 22
28,54,0.53536,0.51852,5; 7; 28; 54; 6; 12; 3; 23
17,43,0.43077,0.39535,7; 6; 17; 43; 3; 3; 12; 31
9,57,0.23302,0.15789,12; 12; 9; 57; 3; 14; 17; 10
16,31,0.52966,0.51613,24; 15; 16; 31; 6; 8; 28; 19
25,40,0.6074,0.625,3; 10; 25; 40; 14; 32; 19; 27
25,65,0.42124,0.38462,4; 3; 25; 65; 8; 19; 27; 10
25,51,0.48896,0.4902,7; 3; 25; 51; 30; 27; 7; 5
16,42,0.37239,0.38095,11; 10; 16; 42; 25; 15; 26; 13
7,68,0.22299,0.10294,7; 4; 7; 68; 26; 29; 4; 25
11,56,0.2653,0.19643,10; 11; 11; 56; 28; 8; 3; 29
12,30,0.38489,0.4,7; 15; 12; 30; 22; 13; 20; 5
32,36,0.87743,0.88889,14; 5; 32; 36; 15; 20; 25; 13
5,57,0.22346,0.08772,12; 7; 5; 57; 7; 16; 15; 5
21,50,0.41052,0.42,13; 11; 21; 50; 13; 15; 9; 12
19,53,0.37378,0.35849,12; 8; 19; 53; 8; 4; 24; 18
35,45,0.76985,0.77778,8; 4; 35; 45; 9; 18; 17; 14
5,54,0.2643,0.09259,15; 16; 5; 54; 13; 23; 19; 23
35,45,0.74603,0.77778,9; 3; 35; 45; 15; 30; 31; 16
28,38,0.72462,0.73684,6; 12; 28; 38; 23; 23; 29; 6
17,47,0.37983,0.3617,16; 9; 17; 47; 29; 12; 9; 17
23,44,0.52536,0.52273,6; 14; 23; 44; 20; 7; 14; 27
14,33,0.42878,0.42424,8; 19; 14; 33; 25; 27; 26; 4
13,31,0.41437,0.41935,22; 27; 13; 31; 25; 10; 20; 10
24,27,0.91256,0.88889,9; 5; 24; 27; 11; 10; 19; 6
24,57,0.4175,0.42105,3; 3; 24; 57; 6; 15; 32; 31
6,66,0.23581,0.09091,13; 9; 6; 66; 8; 30; 12; 29
14,70,0.22745,0.2,5; 3; 14; 70; 19; 27; 5; 23
8,50,0.26972,0.16,6; 20; 8; 50; 23; 28; 6; 21
27,55,0.50092,0.49091,3; 6; 27; 55; 11; 8; 29; 13
16,31,0.50831,0.51613,16; 9; 16; 31; 31; 30; 15; 11
39,44,0.87136,0.88636,3; 3; 39; 44; 26; 21; 13; 14
5,14,0.46062,0.35714,13; 11; 5; 14; 19; 5; 17; 31
12,30,0.43424,0.4,19; 16; 12; 30; 20; 4; 21; 9
5,32,0.23767,0.15625,29; 6; 5; 32; 11; 22; 11; 3
5,13,0.45891,0.38462,35; 16; 5; 13; 24; 3; 26; 6
11,55,0.22018,0.2,6; 12; 11; 55; 23; 21; 13; 11
19,45,0.42212,0.42222,8; 16; 19; 45; 15; 7; 30; 8
10,49,0.24278,0.20408,16; 9; 10; 49; 25; 18; 23; 5
19,53,0.35575,0.35849,8; 8; 19; 53; 27; 5; 11; 19
18,37,0.47163,0.48649,19; 16; 18; 37; 28; 15; 22; 17
20,68,0.31546,0.29412,4; 4; 20; 68; 4; 27; 6; 27
6,63,0.23375,0.09524,3; 11; 6; 63; 3; 12; 18; 8
13,64,0.24195,0.20312,8; 8; 13; 64; 22; 32; 12; 15
12,46,0.3025,0.26087,11; 16; 12; 46; 32; 17; 3; 4
11,71,0.229,0.15493,8; 7; 11; 71; 23; 16; 8; 10
10,34,0.31794,0.29412,17; 25; 10; 34; 25; 21; 5; 8
19,27,0.75284,0.7037,16; 10; 19; 27; 24; 18; 25; 30
12,19,0.72073,0.63158,13; 30; 12; 19; 9; 9; 23; 12
29,37,0.80308,0.78378,9; 15; 29; 37; 9; 17; 19; 3
31,40,0.76515,0.775,3; 4; 31; 40; 6; 7; 14; 32
12,75,0.23416,0.16,4; 4; 12; 75; 21; 21; 19; 31
23,47,0.46581,0.48936,7; 8; 23; 47; 30; 28; 3; 13
32,36,0.88568,0.88889,6; 14; 32; 36; 14; 25; 23; 16
24,38,0.60599,0.63158,16; 14; 24; 38; 9; 30; 14; 21
14,20,0.77734,0.7,10; 7; 14; 20; 7; 11; 29; 3
32,46,0.6982,0.69565,9; 9; 32; 46; 13; 7; 22; 22
12,33,0.35578,0.36364,25; 14; 12; 33; 10; 18; 29; 24
42,47,0.87875,0.89362,3; 4; 42; 47; 9; 5; 11; 6
14,69,0.22145,0.2029,3; 5; 14; 69; 19; 8; 4; 29
40,45,0.88896,0.88889,6; 6; 40; 45; 3; 4; 29; 32
7,44,0.19949,0.15909,23; 20; 7; 44; 23; 5; 18; 29
11,21,0.53657,0.52381,27; 12; 11; 21; 24; 10; 10; 14
25,35,0.73057,0.71429,14; 11; 25; 35; 5; 25; 26; 3
12,73,0.2234,0.16438,6; 4; 12; 73; 22; 30; 9; 22
20,41,0.52919,0.4878,10; 5; 20; 41; 24; 20; 14; 9
27,38,0.67186,0.71053,16; 9; 27; 38; 20; 28; 8; 17
34,46,0.72887,0.73913,4; 8; 34; 46; 30; 31; 24; 6
18,50,0.36312,0.36,10; 4; 18; 50; 15; 15; 32; 15
5,51,0.25157,0.09804,11; 10; 5; 51; 30; 27; 4; 8
26,37,0.65212,0.7027,12; 6; 26; 37; 23; 20; 31; 9
11,26,0.35359,0.42308,22; 7; 11; 26; 5; 26; 11; 13
12,32,0.35108,0.375,26; 25; 12; 32; 18; 5; 31; 28
8,80,0.23703,0.1,3; 5; 8; 80; 12; 31; 24; 21
30,58,0.51516,0.51724,3; 5; 30; 58; 24; 13; 25; 5
22,53,0.43309,0.41509,4; 5; 22; 53; 28; 19; 18; 27
22,35,0.60149,0.62857,7; 10; 22; 35; 32; 6; 24; 23
30,42,0.71156,0.71429,13; 7; 30; 42; 26; 8; 12; 3
20,48,0.40198,0.41667,8; 15; 20; 48; 27; 25; 5; 13
12,59,0.2761,0.20339,12; 8; 12; 59; 10; 29; 5; 17
16,18,0.88057,0.88889,26; 10; 16; 18; 6; 19; 11; 27
37,53,0.68943,0.69811,4; 3; 37; 53; 5; 8; 23; 14
26,37,0.65637,0.7027,8; 15; 26; 37; 29; 8; 8; 19
9,46,0.24802,0.19565,6; 9; 9; 46; 22; 26; 8; 29
7,82,0.22641,0.08537,3; 3; 7; 82; 16; 17; 12; 22
6,38,0.19696,0.15789,18; 22; 6; 38; 4; 28; 5; 16
5,52,0.28499,0.09615,14; 8; 5; 52; 11; 17; 29; 9
24,63,0.39404,0.38095,4; 5; 24; 63; 16; 16; 26; 19
12,76,0.17927,0.15789,3; 4; 12; 76; 7; 22; 23; 22
12,78,0.23948,0.15385,3; 4; 12; 78; 22; 31; 15; 8
29,37,0.78837,0.78378,15; 16; 29; 37; 22; 19; 7; 28
15,57,0.29958,0.26316,5; 6; 15; 57; 29; 17; 12; 21
25,59,0.4541,0.42373,5; 3; 25; 59; 9; 28; 13; 10
22,53,0.43783,0.41509,6; 6; 22; 53; 16; 4; 13; 18
41,46,0.88091,0.8913,3; 4; 41; 46; 15; 25; 20; 25
19,48,0.40245,0.39583,9; 14; 19; 48; 23; 27; 3; 17
34,48,0.67754,0.70833,6; 4; 34; 48; 14; 28; 5; 9
8,28,0.29309,0.28571,22; 26; 8; 28; 17; 32; 26; 18
21,56,0.38327,0.375,9; 8; 21; 56; 10; 14; 13; 26
8,77,0.24733,0.1039,4; 4; 8; 77; 8; 4; 14; 19
22,42,0.53046,0.52381,4; 14; 22; 42; 13; 12; 26; 20
12,19,0.68977,0.63158,32; 8; 12; 19; 31; 12; 3; 15
9,55,0.25383,0.16364,5; 12; 9; 55; 32; 4; 18; 16
11,73,0.18361,0.15068,5; 3; 11; 73; 26; 25; 23; 5
22,35,0.62927,0.62857,17; 9; 22; 35; 32; 10; 11; 31
24,27,0.87888,0.88889,13; 4; 24; 27; 31; 20; 19; 3
22,35,0.60801,0.62857,8; 13; 22; 35; 18; 20; 16; 14
14,53,0.23584,0.26415,9; 6; 14; 53; 7; 22; 21; 18
22,42,0.50981,0.52381,4; 15; 22; 42; 4; 3; 25; 26
25,40,0.64385,0.625,10; 7; 25; 40; 8; 24; 14; 23
7,10,0.78823,0.7,37; 27; 7; 10; 6; 31; 16; 19
25,62,0.41172,0.40323,4; 5; 25; 62; 16; 23; 12; 27
37,50,0.7387,0.74,4; 3; 37; 50; 31; 16; 21; 29
7,48,0.25599,0.14583,20; 8; 7; 48; 12; 26; 10; 30
32,43,0.73304,0.74419,10; 10; 32; 43; 19; 3; 26; 30
20,68,0.30444,0.29412,3; 5; 20; 68; 11; 13; 13; 27
14,69,0.24752,0.2029,4; 5; 14; 69; 7; 25; 26; 15
23,47,0.50214,0.48936,9; 4; 23; 47; 3; 30; 24; 10
15,75,0.23537,0.2,4; 3; 15; 75; 12; 5; 26; 11
32,46,0.69106,0.69565,9; 8; 32; 46; 8; 24; 9; 17
21,59,0.37957,0.35593,6; 5; 21; 59; 21; 22; 15; 27
7,76,0.21857,0.09211,6; 7; 7; 76; 12; 5; 8; 14
31,40,0.76989,0.775,13; 12; 31; 40; 19; 5; 31; 21
23,47,0.52205,0.48936,6; 13; 23; 47; 22; 18; 4; 24
18,23,0.80708,0.78261,22; 25; 18; 23; 28; 14; 6; 31
36,51,0.73951,0.70588,3; 3; 36; 51; 16; 5; 4; 15
7,9,0.83182,0.77778,15; 28; 7; 9; 25; 22; 31; 8
31,40,0.76611,0.775,7; 4; 31; 40; 10; 13; 16; 22
15,21,0.66342,0.71429,29; 19; 15; 21; 28; 3; 16; 16
17,43,0.41442,0.39535,15; 13; 17; 43; 23; 27; 20; 25
33,47,0.69267,0.70213,4; 3; 33; 47; 24; 13; 27; 13
42,47,0.91208,0.89362,3; 3; 42; 47; 29; 7; 8; 26
38,49,0.77134,0.77551,5; 3; 38; 49; 17; 15; 21; 7
28,54,0.52926,0.51852,7; 3; 28; 54; 5; 8; 28; 15
6,68,0.24189,0.08824,5; 10; 6; 68; 6; 15; 15; 14
6,66,0.22088,0.09091,10; 4; 6; 66; 25; 32; 6; 7
31,44,0.71851,0.70455,7; 6; 31; 44; 31; 12; 15; 25
7,72,0.23234,0.09722,6; 4; 7; 72; 21; 8; 15; 23
10,63,0.18017,0.15873,3; 7; 10; 63; 24; 13; 14; 17
21,59,0.35998,0.35593,3; 5; 21; 59; 9; 7; 18; 8
31,35,0.88216,0.88571,7; 8; 31; 35; 30; 8; 27; 7
6,30,0.28142,0.2,15; 21; 6; 30; 17; 27; 26; 7
18,45,0.43566,0.4,16; 4; 18; 45; 26; 26; 9; 19
32,43,0.77823,0.74419,7; 6; 32; 43; 24; 16; 28; 4
5,51,0.24311,0.09804,13; 3; 5; 51; 7; 14; 20; 30
9,44,0.26538,0.20455,22; 4; 9; 44; 13; 9; 11; 32
5,51,0.19399,0.09804,9; 4; 5; 51; 14; 26; 7; 12
17,24,0.75165,0.70833,3; 11; 17; 24; 16; 10; 12; 29
24,57,0.43909,0.42105,8; 7; 24; 57; 22; 32; 13; 5
6,61,0.22239,0.09836,11; 11; 6; 61; 18; 25; 29; 17
11,54,0.248,0.2037,5; 10; 11; 54; 28; 24; 3; 12
16,45,0.38299,0.35556,8; 11; 16; 45; 14; 23; 11; 12
31,44,0.72707,0.70455,5; 7; 31; 44; 24; 4; 23; 7
7,44,0.25962,0.15909,7; 15; 7; 44; 32; 24; 11; 14
15,21,0.8018,0.71429,9; 9; 15; 21; 6; 20; 20; 12
8,19,0.44142,0.42105,29; 11; 8; 19; 3; 13; 25; 24
17,19,0.91336,0.89474,18; 19; 17; 19; 18; 19; 18; 4
5,51,0.21685,0.09804,7; 17; 5; 51; 7; 22; 14; 13
34,38,0.93354,0.89474,3; 10; 34; 38; 18; 28; 23; 16
8,82,0.26524,0.09756,4; 4; 8; 82; 23; 12; 12; 19
5,14,0.34612,0.35714,22; 28; 5; 14; 9; 7; 9; 27
22,42,0.52251,0.52381,13; 15; 22; 42; 25; 30; 9; 30
17,23,0.78664,0.73913,8; 9; 17; 23; 23; 17; 9; 5
40,45,0.90612,0.88889,6; 4; 40; 45; 31; 23; 16; 5
21,59,0.36719,0.35593,6; 9; 21; 59; 23; 17; 31; 20
31,35,0.86998,0.88571,14; 15; 31; 35; 11; 8; 30; 29
14,70,0.25062,0.2,3; 6; 14; 70; 31; 14; 32; 12
19,53,0.34979,0.35849,5; 7; 19; 53; 12; 31; 23; 25
23,33,0.72925,0.69697,6; 15; 23; 33; 9; 4; 31; 16
23,31,0.74138,0.74194,20; 13; 23; 31; 17; 17; 23; 14
14,70,0.23177,0.2,6; 4; 14; 70; 4; 8; 28; 31
6,38,0.2594,0.15789,6; 25; 6; 38; 20; 24; 16; 17
26,62,0.4007,0.41935,3; 4; 26; 62; 4; 3; 21; 28
22,42,0.53868,0.52381,4; 5; 22; 42; 28; 11; 5; 4
6,37,0.26778,0.16216,6; 10; 6; 37; 17; 6; 13; 30
10,51,0.24465,0.19608,18; 15; 10; 51; 15; 27; 31; 22
41,46,0.87785,0.8913,3; 3; 41; 46; 14; 6; 20; 11
6,21,0.30185,0.28571,21; 14; 6; 21; 26; 18; 21; 25
7,70,0.25132,0.1,9; 9; 7; 70; 18; 4; 18; 28
9,60,0.20105,0.15,9; 9; 9; 60; 32; 20; 19; 24
8,54,0.24235,0.14815,13; 9; 8; 54; 30; 11; 11; 31
17,27,0.69616,0.62963,14; 5; 17; 27; 10; 18; 29; 3
18,37,0.50927,0.48649,11; 21; 18; 37; 21; 20; 22; 6
5,58,0.24385,0.08621,10; 11; 5; 58; 16; 14; 9; 27
16,23,0.84011,0.69565,6; 14; 16; 23; 21; 8; 14; 20
13,31,0.41018,0.41935,3; 6; 13; 31; 8; 23; 24; 25
34,38,0.8756,0.89474,8; 10; 34; 38; 18; 3; 29; 16
11,70,0.24281,0.15714,3; 6; 11; 70; 30; 9; 30; 27
10,68,0.21037,0.14706,5; 4; 10; 68; 22; 22; 12; 9
17,35,0.49,0.48571,21; 10; 17; 35; 29; 16; 25; 20
14,71,0.23145,0.19718,3; 5; 14; 71; 30; 16; 32; 15
34,46,0.73939,0.73913,4; 8; 34; 46; 12; 22; 18; 17
30,43,0.70229,0.69767,7; 11; 30; 43; 19; 6; 19; 9
13,64,0.23045,0.20312,3; 7; 13; 64; 4; 28; 17; 25
16,42,0.36641,0.38095,9; 18; 16; 42; 20; 8; 7; 12
13,36,0.36575,0.36111,20; 15; 13; 36; 11; 28; 29; 14
9,55,0.227,0.16364,8; 15; 9; 55; 19; 13; 9; 22
20,48,0.4033,0.41667,13; 5; 20; 48; 17; 17; 15; 10
8,82,0.2068,0.09756,4; 4; 8; 82; 11; 17; 6; 7
17,59,0.30027,0.28814,5; 8; 17; 59; 25; 32; 11; 26
37,50,0.75179,0.74,5; 3; 37; 50; 10; 6; 7; 28
8,52,0.25165,0.15385,8; 7; 8; 52; 23; 32; 25; 6
17,65,0.28399,0.26154,5; 3; 17; 65; 23; 6; 17; 17
23,57,0.39798,0.40351,7; 6; 23; 57; 22; 10; 18; 6
11,73,0.20643,0.15068,6; 6; 11; 73; 30; 13; 16; 20
26,41,0.62785,0.63415,14; 15; 26; 41; 17; 13; 7; 19
17,43,0.43286,0.39535,11; 4; 17; 43; 10; 20; 14; 8
8,53,0.20253,0.15094,12; 4; 8; 53; 23; 26; 28; 17
19,66,0.30995,0.28788,5; 3; 19; 66; 30; 4; 27; 29
16,18,0.90329,0.88889,20; 28; 16; 18; 29; 11; 4; 27
7,67,0.18275,0.10448,6; 11; 7; 67; 7; 11; 4; 11
22,42,0.54986,0.52381,6; 17; 22; 42; 14; 27; 16; 23
14,19,0.75766,0.73684,30; 27; 14; 19; 23; 13; 24; 32
10,61,0.21394,0.16393,13; 5; 10; 61; 27; 27; 6; 28
18,50,0.36013,0.36,13; 4; 18; 50; 7; 11; 5; 4
8,53,0.18786,0.15094,16; 5; 8; 53; 3; 8; 19; 17
6,61,0.2605,0.09836,12; 14; 6; 61; 25; 28; 3; 10
28,36,0.74617,0.77778,11; 3; 28; 36; 32; 16; 32; 7
38,49,0.76791,0.77551,5; 4; 38; 49; 8; 21; 29; 10
8,49,0.18467,0.16327,15; 19; 8; 49; 30; 17; 16; 30
42,47,0.90453,0.89362,4; 4; 42; 47; 26; 17; 27; 26
9,35,0.31096,0.25714,22; 19; 9; 35; 18; 23; 6; 26
14,18,0.78805,0.77778,14; 27; 14; 18; 3; 17; 25; 22
26,50,0.54259,0.52,3; 11; 26; 50; 17; 14; 23; 31
5,49,0.25107,0.10204,17; 5; 5; 49; 14; 26; 5; 6
14,48,0.295,0.29167,6; 7; 14; 48; 25; 10; 11; 5
19,45,0.46014,0.42222,11; 7; 19; 45; 4; 21; 28; 11
12,42,0.28678,0.28571,22; 13; 12; 42; 13; 23; 10; 23
39,50,0.77257,0.78,4; 3; 39; 50; 14; 21; 31; 13
12,74,0.20602,0.16216,6; 4; 12; 74; 3; 14; 12; 6
26,37,0.67719,0.7027,3; 11; 26; 37; 6; 29; 29; 20
11,21,0.50929,0.52381,19; 24; 11; 21; 14; 19; 12; 15
16,23,0.81835,0.69565,10; 20; 16; 23; 27; 27; 9; 23
22,45,0.51737,0.48889,12; 5; 22; 45; 32; 27; 21; 17
41,46,0.91063,0.8913,4; 5; 41; 46; 24; 4; 29; 20
37,50,0.71829,0.74,4; 5; 37; 50; 23; 20; 5; 31
25,62,0.42643,0.40323,3; 4; 25; 62; 17; 31; 6; 4
17,19,0.89422,0.89474,17; 23; 17; 19; 32; 7; 15; 28
22,45,0.50401,0.48889,7; 12; 22; 45; 32; 27; 19; 17
14,18,0.76542,0.77778,6; 32; 14; 18; 13; 31; 11; 18
14,19,0.69635,0.73684,23; 31; 14; 19; 3; 12; 19; 3
39,50,0.76721,0.78,4; 4; 39; 50; 4; 15; 17; 14
8,21,0.34337,0.38095,4; 16; 8; 21; 13; 31; 24; 16
11,26,0.41373,0.42308,9; 22; 11; 26; 15; 25; 14; 11
5,13,0.32649,0.38462,36; 33; 5; 13; 24; 7; 3; 23
14,53,0.28174,0.26415,3; 13; 14; 53; 21; 17; 16; 14
14,48,0.29256,0.29167,8; 3; 14; 48; 6; 27; 27; 16
14,33,0.4297,0.42424,24; 13; 14; 33; 10; 16; 25; 32
20,53,0.40371,0.37736,3; 9; 20; 53; 11; 7; 32; 7
15,75,0.25296,0.2,4; 3; 15; 75; 13; 32; 4; 4
18,69,0.26154,0.26087,5; 4; 18; 69; 9; 28; 3; 24
25,40,0.62509,0.625,4; 3; 25; 40; 30; 19; 9; 23
35,45,0.76316,0.77778,8; 8; 35; 45; 29; 27; 18; 22
25,48,0.53318,0.52083,7; 5; 25; 48; 28; 10; 31; 20
9,56,0.229,0.16071,14; 12; 9; 56; 24; 29; 10; 3
22,42,0.53374,0.52381,17; 14; 22; 42; 19; 24; 20; 6
8,21,0.39442,0.38095,30; 16; 8; 21; 29; 5; 30; 15
7,67,0.2406,0.10448,9; 7; 7; 67; 4; 29; 13; 8
32,43,0.74892,0.74419,7; 9; 32; 43; 28; 18; 12; 17
18,45,0.40171,0.4,15; 5; 18; 45; 12; 23; 28; 30
18,63,0.31567,0.28571,4; 6; 18; 63; 23; 19; 5; 11
12,73,0.2253,0.16438,5; 5; 12; 73; 26; 28; 12; 11
17,65,0.28648,0.26154,6; 4; 17; 65; 18; 24; 10; 28
26,41,0.64003,0.63415,8; 4; 26; 41; 7; 7; 9; 25
25,51,0.52288,0.4902,9; 6; 25; 51; 4; 32; 14; 7
25,63,0.42219,0.39683,5; 5; 25; 63; 28; 27; 10; 17
24,49,0.50087,0.4898,6; 11; 24; 49; 13; 29; 27; 7
14,49,0.28028,0.28571,17; 17; 14; 49; 23; 5; 25; 28
7,80,0.23419,0.0875,4; 4; 7; 80; 7; 11; 28; 10
7,70,0.21504,0.1,4; 8; 7; 70; 16; 7; 24; 12
18,43,0.43472,0.4186,16; 16; 18; 43; 21; 20; 10; 26
28,38,0.70565,0.73684,4; 13; 28; 38; 14; 32; 8; 11
8,82,0.30793,0.09756,3; 4; 8; 82; 10; 7; 15; 21
16,61,0.28341,0.2623,5; 9; 16; 61; 8; 18; 7; 7
6,39,0.2333,0.15385,4; 21; 6; 39; 24; 10; 19; 25
5,53,0.2718,0.09434,10; 6; 5; 53; 24; 17; 11; 31
24,57,0.4243,0.42105,4; 4; 24; 57; 7; 15; 8; 10
17,24,0.76793,0.70833,10; 4; 17; 24; 4; 12; 13; 30
9,24,0.3521,0.375,23; 30; 9; 24; 7; 23; 21; 28
20,48,0.41606,0.41667,12; 5; 20; 48; 28; 7; 13; 4
24,38,0.61715,0.63158,8; 18; 24; 38; 29; 11; 8; 23
12,77,0.22448,0.15584,3; 3; 12; 77; 18; 3; 32; 31
5,58,0.25153,0.08621,14; 17; 5; 58; 17; 24; 31; 23
38,49,0.77206,0.77551,5; 5; 38; 49; 21; 26; 5; 16
22,45,0.51235,0.48889,15; 11; 22; 45; 7; 19; 22; 24
5,17,0.37436,0.29412,6; 11; 5; 17; 21; 3; 29; 13
9,56,0.2127,0.16071,16; 16; 9; 56; 10; 16; 27; 30
15,29,0.53278,0.51724,9; 11; 15; 29; 12; 18; 12; 9
12,61,0.23236,0.19672,8; 8; 12; 61; 4; 13; 9; 14
13,31,0.39905,0.41935,5; 26; 13; 31; 23; 29; 4; 32
12,32,0.3686,0.375,23; 16; 12; 32; 11; 13; 28; 18
16,45,0.36179,0.35556,14; 18; 16; 45; 9; 5; 31; 25
14,70,0.24342,0.2,7; 4; 14; 70; 27; 22; 30; 13
12,33,0.37316,0.36364,24; 22; 12; 33; 4; 24; 21; 13
8,41,0.23103,0.19512,23; 10; 8; 41; 16; 22; 17; 6
10,38,0.30467,0.26316,13; 15; 10; 38; 5; 23; 24; 28
27,55,0.50139,0.49091,5; 7; 27; 55; 5; 28; 22; 9
10,62,0.23023,0.16129,6; 6; 10; 62; 9; 15; 11; 17
19,45,0.43035,0.42222,14; 11; 19; 45; 30; 26; 24; 13
8,21,0.42519,0.38095,7; 23; 8; 21; 16; 31; 26; 3
24,64,0.40209,0.375,5; 3; 24; 64; 5; 9; 15; 5
18,23,0.81245,0.78261,25; 7; 18; 23; 6; 32; 29; 11
12,60,0.24788,0.2,7; 4; 12; 60; 21; 6; 27; 18
24,34,0.6589,0.70588,17; 15; 24; 34; 16; 31; 10; 19
15,57,0.27408,0.26316,7; 3; 15; 57; 22; 31; 3; 14
20,55,0.37996,0.36364,11; 5; 20; 55; 10; 9; 22; 10
22,35,0.58778,0.62857,5; 17; 22; 35; 10; 9; 12; 31
8,81,0.2821,0.09877,3; 3; 8; 81; 13; 13; 23; 26
19,30,0.62602,0.63333,17; 5; 19; 30; 11; 29; 7; 20
14,71,0.22603,0.19718,3; 3; 14; 71; 27; 7; 18; 24
16,31,0.52759,0.51613,4; 12; 16; 31; 4; 14; 23; 29
42,47,0.89068,0.89362,3; 4; 42; 47; 23; 12; 27; 10
6,63,0.22681,0.09524,8; 3; 6; 63; 6; 10; 17; 5
21,30,0.68627,0.7,12; 5; 21; 30; 24; 10; 16; 30
17,43,0.40242,0.39535,6; 10; 17; 43; 16; 26; 25; 13
6,60,0.26423,0.1,9; 8; 6; 60; 10; 7; 21; 10
5,31,0.2461,0.16129,8; 7; 5; 31; 16; 11; 25; 12
6,66,0.2405,0.09091,8; 5; 6; 66; 21; 29; 19; 12
28,57,0.50766,0.49123,6; 3; 28; 57; 15; 24; 10; 5
7,10,0.77432,0.7,19; 26; 7; 10; 3; 16; 24; 25
14,69,0.19838,0.2029,5; 4; 14; 69; 18; 8; 6; 30
29,41,0.68959,0.70732,7; 9; 29; 41; 26; 6; 26; 30
33,52,0.6266,0.63462,6; 4; 33; 52; 20; 25; 6; 21
18,62,0.31859,0.29032,3; 6; 18; 62; 22; 18; 10; 7
11,29,0.43942,0.37931,12; 25; 11; 29; 14; 7; 21; 30
37,52,0.7114,0.71154,4; 3; 37; 52; 24; 28; 3; 3
17,24,0.71377,0.70833,13; 14; 17; 24; 3; 14; 14; 16
5,56,0.25242,0.08929,7; 16; 5; 56; 18; 26; 24; 7
9,55,0.22459,0.16364,12; 6; 9; 55; 16; 12; 18; 26
30,43,0.68987,0.69767,11; 4; 30; 43; 17; 19; 4; 24
12,32,0.42341,0.375,4; 9; 12; 32; 30; 13; 7; 21
19,45,0.43537,0.42222,8; 5; 19; 45; 12; 13; 12; 23
31,44,0.70926,0.70455,6; 6; 31; 44; 6; 19; 11; 32
13,64,0.25638,0.20312,8; 4; 13; 64; 28; 29; 4; 18
8,40,0.21749,0.2,9; 5; 8; 40; 21; 10; 4; 13
12,30,0.37531,0.4,15; 14; 12; 30; 22; 26; 5; 13
6,30,0.23544,0.2,26; 22; 6; 30; 6; 13; 30; 4
11,74,0.23229,0.14865,5; 6; 11; 74; 29; 8; 14; 12
27,38,0.67687,0.71053,14; 15; 27; 38; 27; 25; 3; 7
15,36,0.44016,0.41667,3; 20; 15; 36; 21; 8; 12; 21
31,35,0.88898,0.88571,7; 5; 31; 35; 30; 4; 25; 18
7,77,0.24489,0.09091,4; 5; 7; 77; 23; 14; 8; 28
28,36,0.76622,0.77778,15; 8; 28; 36; 22; 9; 11; 4
36,51,0.71201,0.70588,3; 3; 36; 51; 25; 17; 9; 14
20,27,0.78018,0.74074,21; 3; 20; 27; 15; 32; 28; 10
9,46,0.22703,0.19565,10; 4; 9; 46; 5; 32; 10; 32
10,28,0.26754,0.35714,24; 5; 10; 28; 3; 4; 22; 3
31,49,0.6237,0.63265,8; 8; 31; 49; 12; 13; 8; 13
22,45,0.46187,0.48889,5; 10; 22; 45; 30; 13; 16; 27
25,28,0.89002,0.89286,7; 19; 25; 28; 13; 27; 5; 26
37,52,0.71649,0.71154,4; 4; 37; 52; 9; 5; 6; 32
13,36,0.35226,0.36111,21; 21; 13; 36; 6; 24; 19; 29
24,63,0.40062,0.38095,3; 5; 24; 63; 6; 20; 8; 18
12,76,0.26494,0.15789,4; 4; 12; 76; 15; 17; 6; 11
6,66,0.19545,0.09091,11; 6; 6; 66; 13; 19; 16; 12
17,19,0.865,0.89474,9; 12; 17; 19; 28; 26; 20; 5
8,82,0.23442,0.09756,3; 3; 8; 82; 8; 11; 21; 24
17,24,0.76789,0.70833,13; 16; 17; 24; 27; 5; 21; 24
35,45,0.77446,0.77778,4; 5; 35; 45; 4; 25; 17; 25
27,55,0.53997,0.49091,5; 7; 27; 55; 28; 8; 14; 20
8,20,0.35196,0.4,5; 5; 8; 20; 7; 8; 17; 10
22,42,0.5469,0.52381,4; 6; 22; 42; 24; 12; 5; 30
28,38,0.70791,0.73684,13; 7; 28; 38; 20; 19; 23; 18
8,22,0.36111,0.36364,19; 32; 8; 22; 27; 8; 15; 17
12,46,0.2657,0.26087,3; 11; 12; 46; 28; 8; 18; 20
5,53,0.24761,0.09434,17; 11; 5; 53; 11; 7; 29; 8
34,54,0.61111,0.62963,4; 5; 34; 54; 7; 24; 25; 26
10,16,0.63607,0.625,17; 28; 10; 16; 28; 28; 14; 3
22,31,0.69992,0.70968,14; 13; 22; 31; 26; 15; 5; 27
32,36,0.89795,0.88889,12; 8; 32; 36; 8; 29; 17; 24
6,61,0.2514,0.09836,9; 13; 6; 61; 20; 26; 21; 26
32,51,0.60837,0.62745,5; 4; 32; 51; 21; 11; 21; 23
8,21,0.40572,0.38095,13; 8; 8; 21; 11; 26; 29; 9
19,27,0.69271,0.7037,18; 20; 19; 27; 8; 18; 22; 20
7,80,0.21948,0.0875,3; 3; 7; 80; 16; 20; 11; 13
13,25,0.54633,0.52,27; 7; 13; 25; 13; 5; 8; 29
25,48,0.52353,0.52083,4; 12; 25; 48; 10; 10; 23; 22
26,53,0.49747,0.49057,7; 7; 26; 53; 5; 19; 13; 17
8,40,0.27068,0.2,9; 15; 8; 40; 16; 18; 11; 21
5,49,0.26726,0.10204,10; 8; 5; 49; 23; 32; 18; 17
14,20,0.64321,0.7,9; 26; 14; 20; 23; 8; 30; 11
5,13,0.59074,0.38462,21; 17; 5; 13; 31; 26; 13; 21
26,35,0.72387,0.74286,4; 8; 26; 35; 31; 3; 16; 24
12,59,0.27635,0.20339,10; 10; 12; 59; 16; 20; 16; 9
21,30,0.68904,0.7,10; 12; 21; 30; 3; 9; 14; 3
21,55,0.39958,0.38182,6; 7; 21; 55; 23; 30; 11; 20
11,29,0.40113,0.37931,25; 28; 11; 29; 21; 31; 23; 4
14,48,0.32209,0.29167,11; 18; 14; 48; 11; 20; 4; 16
37,53,0.68197,0.69811,4; 4; 37; 53; 8; 22; 14; 12
14,33,0.41579,0.42424,6; 25; 14; 33; 9; 27; 12; 25
11,21,0.51524,0.52381,7; 27; 11; 21; 30; 13; 22; 31
17,43,0.40547,0.39535,11; 12; 17; 43; 6; 15; 20; 25
21,52,0.41706,0.40385,3; 6; 21; 52; 14; 21; 11; 17
15,24,0.69467,0.625,15; 29; 15; 24; 25; 20; 14; 10
19,39,0.52518,0.48718,14; 9; 19; 39; 26; 8; 10; 24
31,44,0.70861,0.70455,4; 7; 31; 44; 7; 10; 14; 15
26,53,0.51637,0.49057,3; 3; 26; 53; 12; 10; 5; 6
9,44,0.25145,0.20455,6; 11; 9; 44; 28; 13; 5; 3
19,53,0.37487,0.35849,10; 10; 19; 53; 15; 31; 17; 25
14,20,0.77502,0.7,10; 21; 14; 20; 13; 28; 13; 7
5,56,0.24924,0.08929,16; 15; 5; 56; 32; 19; 21; 15
39,50,0.80055,0.78,3; 4; 39; 50; 30; 14; 26; 11
14,39,0.3607,0.35897,9; 13; 14; 39; 24; 31; 12; 30
6,64,0.25974,0.09375,4; 4; 6; 64; 7; 3; 19; 22
31,42,0.72071,0.7381,6; 7; 31; 42; 16; 9; 22; 6
23,47,0.49149,0.48936,7; 6; 23; 47; 11; 9; 17; 5
7,27,0.42179,0.25926,14; 13; 7; 27; 20; 27; 7; 16
5,52,0.20677,0.09615,3; 8; 5; 52; 12; 12; 14; 30
15,42,0.37573,0.35714,18; 15; 15; 42; 30; 12; 18; 14
8,28,0.36291,0.28571,13; 11; 8; 28; 31; 16; 9; 22
20,50,0.39083,0.4,6; 11; 20; 50; 26; 25; 6; 8
18,43,0.40066,0.4186,3; 4; 18; 43; 21; 18; 10; 19
34,46,0.74844,0.73913,6; 6; 34; 46; 27; 14; 27; 3
37,53,0.67894,0.69811,4; 3; 37; 53; 24; 6; 19; 27
32,45,0.69623,0.71111,5; 8; 32; 45; 20; 4; 9; 22
16,61,0.26391,0.2623,8; 3; 16; 61; 16; 6; 32; 15
8,82,0.25925,0.09756,4; 3; 8; 82; 16; 25; 24; 25
17,19,0.93203,0.89474,31; 8; 17; 19; 11; 31; 6; 14
6,41,0.23265,0.14634,6; 25; 6; 41; 21; 25; 14; 25
5,49,0.24997,0.10204,20; 15; 5; 49; 21; 9; 18; 24
10,39,0.36181,0.25641,14; 17; 10; 39; 9; 4; 9; 26
10,68,0.22835,0.14706,7; 9; 10; 68; 32; 8; 28; 29
32,46,0.71304,0.69565,6; 5; 32; 46; 24; 18; 14; 28
10,24,0.39009,0.41667,6; 4; 10; 24; 27; 16; 7; 14
9,25,0.3144,0.36,9; 28; 9; 25; 16; 10; 15; 3
11,55,0.22284,0.2,9; 8; 11; 55; 32; 20; 14; 4
24,27,0.89459,0.88889,13; 9; 24; 27; 13; 15; 27; 13
9,58,0.23027,0.15517,3; 8; 9; 58; 3; 6; 4; 17
6,60,0.20217,0.1,11; 7; 6; 60; 8; 21; 27; 11
14,53,0.29356,0.26415,9; 8; 14; 53; 13; 20; 12; 29
18,37,0.50837,0.48649,18; 17; 18; 37; 11; 13; 29; 29
28,57,0.49977,0.49123,5; 4; 28; 57; 9; 18; 11; 27
9,45,0.2764,0.2,16; 3; 9; 45; 30; 5; 24; 12
10,16,0.63201,0.625,30; 7; 10; 16; 23; 16; 30; 17
15,29,0.48271,0.51724,16; 27; 15; 29; 4; 17; 9; 6
23,47,0.51847,0.48936,13; 4; 23; 47; 27; 12; 10; 28
7,76,0.23671,0.09211,6; 3; 7; 76; 13; 31; 23; 15
40,45,0.88793,0.88889,3; 3; 40; 45; 6; 32; 16; 13
12,46,0.27634,0.26087,20; 18; 12; 46; 26; 24; 7; 12
29,46,0.62373,0.63043,7; 4; 29; 46; 32; 7; 26; 25
14,37,0.32225,0.37838,9; 18; 14; 37; 25; 29; 3; 10
13,50,0.29866,0.26,5; 14; 13; 50; 21; 32; 14; 3
17,24,0.787,0.70833,8; 4; 17; 24; 22; 19; 19; 28
23,57,0.41448,0.40351,3; 7; 23; 57; 27; 10; 20; 5
24,34,0.68748,0.70588,8; 14; 24; 34; 13; 24; 27; 24
18,69,0.28698,0.26087,4; 3; 18; 69; 13; 10; 28; 19
10,24,0.34379,0.41667,25; 26; 10; 24; 31; 27; 8; 26
23,47,0.49328,0.48936,7; 12; 23; 47; 25; 16; 12; 6
8,22,0.30432,0.36364,26; 34; 8; 22; 13; 27; 18; 24
11,70,0.21219,0.15714,5; 8; 11; 70; 24; 11; 18; 23
29,39,0.75242,0.74359,4; 11; 29; 39; 16; 27; 22; 10
16,61,0.27535,0.2623,9; 10; 16; 61; 17; 20; 18; 32
27,38,0.65979,0.71053,16; 9; 27; 38; 32; 3; 3; 31
20,27,0.76506,0.74074,11; 10; 20; 27; 14; 6; 13; 27
19,47,0.40743,0.40426,11; 4; 19; 47; 13; 14; 11; 20
7,24,0.22208,0.29167,14; 29; 7; 24; 5; 14; 4; 23
29,59,0.4536,0.49153,3; 5; 29; 59; 7; 15; 28; 16
5,32,0.25216,0.15625,28; 27; 5; 32; 11; 10; 18; 11
12,61,0.26752,0.19672,11; 11; 12; 61; 10; 4; 26; 15
34,46,0.73435,0.73913,4; 8; 34; 46; 28; 19; 11; 11
12,32,0.35709,0.375,13; 4; 12; 32; 27; 6; 11; 13
26,62,0.42493,0.41935,3; 5; 26; 62; 27; 29; 6; 28
11,67,0.24347,0.16418,10; 3; 11; 67; 3; 4; 29; 19
17,19,0.90946,0.89474,30; 14; 17; 19; 19; 23; 9; 8
20,41,0.48003,0.4878,13; 3; 20; 41; 10; 10; 19; 12
18,23,0.79388,0.78261,11; 16; 18; 23; 13; 20; 19; 31
9,44,0.22534,0.20455,19; 7; 9; 44; 28; 25; 15; 10
19,53,0.39273,0.35849,6; 7; 19; 53; 26; 5; 24; 24
29,56,0.53173,0.51786,5; 4; 29; 56; 18; 13; 5; 30
12,60,0.24406,0.2,6; 9; 12; 60; 7; 28; 21; 15
31,35,0.88008,0.88571,12; 4; 31; 35; 28; 13; 17; 19
23,44,0.50639,0.52273,14; 15; 23; 44; 21; 19; 6; 12
19,45,0.42044,0.42222,16; 5; 19; 45; 11; 10; 25; 11
32,41,0.74454,0.78049,6; 11; 32; 41; 4; 20; 7; 7
26,37,0.6805,0.7027,14; 11; 26; 37; 19; 14; 9; 29
31,35,0.85633,0.88571,16; 13; 31; 35; 8; 10; 27; 16
13,45,0.28888,0.28889,14; 15; 13; 45; 25; 16; 23; 29
10,28,0.3467,0.35714,26; 17; 10; 28; 18; 32; 8; 14
21,30,0.67714,0.7,18; 4; 21; 30; 7; 5; 4; 12
25,63,0.42494,0.39683,5; 4; 25; 63; 16; 4; 28; 30
22,53,0.44381,0.41509,3; 8; 22; 53; 16; 11; 30; 24
9,31,0.30984,0.29032,15; 28; 9; 31; 25; 28; 16; 27
7,70,0.22635,0.1,10; 4; 7; 70; 5; 18; 7; 10
14,69,0.24212,0.2029,6; 6; 14; 69; 30; 11; 6; 20
10,51,0.2599,0.19608,17; 17; 10; 51; 13; 28; 15; 6
7,77,0.2447,0.09091,6; 3; 7; 77; 18; 8; 11; 3
15,29,0.50943,0.51724,10; 11; 15; 29; 11; 30; 13; 19
28,38,0.72517,0.73684,10; 10; 28; 38; 4; 20; 11; 19
24,34,0.68179,0.70588,18; 7; 24; 34; 32; 23; 27; 13
27,43,0.64282,0.62791,4; 12; 27; 43; 3; 13; 28; 13
17,23,0.73441,0.73913,29; 12; 17; 23; 16; 10; 23; 26
24,46,0.51115,0.52174,9; 9; 24; 46; 4; 32; 27; 18
15,40,0.38374,0.375,15; 14; 15; 40; 27; 31; 8; 4
16,31,0.53181,0.51613,24; 23; 16; 31; 13; 24; 32; 3
33,52,0.61915,0.63462,4; 5; 33; 52; 31; 19; 22; 17
20,27,0.71192,0.74074,18; 10; 20; 27; 29; 8; 7; 18
17,27,0.6484,0.62963,16; 11; 17; 27; 9; 19; 17; 16
22,55,0.41035,0.4,9; 8; 22; 55; 5; 18; 3; 14
17,23,0.79854,0.73913,12; 15; 17; 23; 16; 15; 12; 7
14,37,0.35139,0.37838,11; 6; 14; 37; 22; 6; 16; 24
17,43,0.40682,0.39535,16; 4; 17; 43; 32; 16; 31; 13
11,68,0.22914,0.16176,4; 5; 11; 68; 3; 7; 23; 8
10,50,0.25903,0.2,4; 13; 10; 50; 11; 28; 16; 25
27,55,0.47881,0.49091,8; 3; 27; 55; 25; 28; 23; 21
10,49,0.24299,0.20408,19; 16; 10; 49; 5; 15; 16; 28
26,53,0.4655,0.49057,8; 7; 26; 53; 28; 12; 21; 23
16,44,0.38939,0.36364,6; 5; 16; 44; 14; 21; 4; 5
25,34,0.72788,0.73529,6; 18; 25; 34; 22; 15; 7; 29
7,82,0.21855,0.08537,4; 4; 7; 82; 30; 5; 16; 6
24,34,0.68255,0.70588,15; 8; 24; 34; 21; 21; 10; 18
13,25,0.50299,0.52,19; 7; 13; 25; 31; 18; 18; 25
16,31,0.51337,0.51613,7; 12; 16; 31; 7; 32; 24; 21
34,38,0.9236,0.89474,11; 5; 34; 38; 21; 11; 22; 15
40,45,0.88541,0.88889,5; 3; 40; 45; 8; 8; 28; 18
17,59,0.30052,0.28814,4; 3; 17; 59; 17; 26; 21; 20
16,38,0.43024,0.42105,22; 8; 16; 38; 9; 13; 13; 22
26,53,0.48574,0.49057,8; 4; 26; 53; 27; 16; 10; 31
25,28,0.90017,0.89286,4; 15; 25; 28; 19; 11; 30; 7
7,79,0.26175,0.08861,6; 3; 7; 79; 24; 15; 22; 26
8,51,0.22137,0.15686,10; 18; 8; 51; 29; 25; 8; 21
5,50,0.25191,0.1,4; 19; 5; 50; 23; 10; 21; 4
16,23,0.6574,0.69565,4; 18; 16; 23; 16; 28; 14; 20
15,51,0.2799,0.29412,16; 8; 15; 51; 5; 8; 32; 3
31,44,0.69805,0.70455,8; 6; 31; 44; 20; 24; 24; 20
33,47,0.6775,0.70213,9; 6; 33; 47; 7; 15; 23; 18
21,58,0.33918,0.36207,7; 4; 21; 58; 29; 28; 7; 10
17,27,0.64049,0.62963,9; 25; 17; 27; 7; 32; 20; 12
6,70,0.22207,0.08571,9; 8; 6; 70; 15; 6; 16; 13
6,65,0.18711,0.09231,6; 7; 6; 65; 23; 8; 4; 11
23,64,0.35952,0.35938,4; 4; 23; 64; 16; 4; 13; 15
5,56,0.21317,0.08929,7; 13; 5; 56; 21; 18; 19; 17
30,43,0.67258,0.69767,6; 6; 30; 43; 31; 6; 24; 29
8,52,0.23619,0.15385,8; 18; 8; 52; 15; 14; 21; 9
18,68,0.26032,0.26471,3; 4; 18; 68; 15; 23; 24; 21
9,25,0.46099,0.36,14; 22; 9; 25; 14; 16; 23; 13
28,40,0.68386,0.7,11; 3; 28; 40; 19; 26; 5; 25
5,53,0.25564,0.09434,18; 20; 5; 53; 27; 4; 28; 30
30,43,0.69336,0.69767,4; 5; 30; 43; 18; 3; 15; 6
7,10,0.70727,0.7,13; 9; 7; 10; 14; 29; 3; 4
31,44,0.71287,0.70455,7; 4; 31; 44; 22; 4; 22; 25
33,37,0.85105,0.89189,6; 14; 33; 37; 15; 4; 8; 11
17,23,0.72771,0.73913,23; 27; 17; 23; 26; 5; 3; 27
23,31,0.71161,0.74194,4; 17; 23; 31; 8; 11; 3; 23
28,54,0.52558,0.51852,7; 4; 28; 54; 8; 10; 15; 17
33,52,0.61653,0.63462,6; 6; 33; 52; 22; 12; 4; 18
7,82,0.25858,0.08537,3; 4; 7; 82; 23; 6; 17; 3
15,42,0.35765,0.35714,10; 3; 15; 42; 32; 17; 19; 17
24,57,0.42279,0.42105,5; 4; 24; 57; 26; 13; 12; 13
34,46,0.6879,0.73913,5; 5; 34; 46; 23; 25; 25; 24
31,35,0.86725,0.88571,13; 6; 31; 35; 7; 10; 16; 4
7,35,0.24835,0.2,19; 6; 7; 35; 3; 27; 17; 9
24,57,0.42896,0.42105,7; 6; 24; 57; 18; 32; 32; 14
11,72,0.22302,0.15278,6; 3; 11; 72; 12; 3; 6; 20
38,49,0.76582,0.77551,5; 3; 38; 49; 21; 8; 13; 6
20,32,0.63941,0.625,22; 13; 20; 32; 30; 3; 10; 31
20,52,0.38141,0.38462,12; 6; 20; 52; 27; 26; 26; 10
25,63,0.40236,0.39683,5; 3; 25; 63; 18; 16; 21; 8
27,55,0.51516,0.49091,3; 3; 27; 55; 21; 3; 20; 31
19,66,0.3128,0.28788,5; 4; 19; 66; 21; 19; 19; 9
25,60,0.40753,0.41667,4; 4; 25; 60; 12; 17; 21; 23
26,35,0.70356,0.74286,11; 8; 26; 35; 24; 13; 28; 26
6,40,0.23363,0.15,14; 24; 6; 40; 24; 18; 9; 15
10,34,0.29314,0.29412,3; 24; 10; 34; 32; 29; 7; 17
16,44,0.38557,0.36364,18; 16; 16; 44; 30; 18; 10; 20
8,28,0.28143,0.28571,13; 29; 8; 28; 9; 11; 24; 23
8,41,0.2403,0.19512,13; 22; 8; 41; 3; 25; 13; 9
23,31,0.69478,0.74194,10; 12; 23; 31; 22; 6; 29; 14
8,55,0.26437,0.14545,15; 8; 8; 55; 15; 11; 29; 16
32,36,0.91098,0.88889,5; 3; 32; 36; 7; 16; 9; 26
8,19,0.38389,0.42105,7; 25; 8; 19; 7; 9; 9; 9
12,23,0.52684,0.52174,9; 12; 12; 23; 29; 10; 20; 27
12,23,0.4588,0.52174,9; 5; 12; 23; 20; 28; 19; 25
20,27,0.70632,0.74074,4; 7; 20; 27; 19; 15; 30; 29
13,45,0.35345,0.28889,16; 7; 13; 45; 25; 22; 21; 25
10,35,0.29307,0.28571,8; 17; 10; 35; 9; 7; 14; 16
18,47,0.38181,0.38298,15; 7; 18; 47; 31; 25; 3; 16
11,29,0.31293,0.37931,21; 15; 11; 29; 29; 8; 9; 18
20,28,0.66327,0.71429,10; 6; 20; 28; 17; 31; 16; 6
16,45,0.36228,0.35556,5; 18; 16; 45; 10; 9; 21; 18
10,39,0.28528,0.25641,7; 23; 10; 39; 18; 29; 6; 29
14,27,0.47919,0.51852,14; 7; 14; 27; 20; 31; 3; 24
5,52,0.2618,0.09615,3; 18; 5; 52; 5; 17; 24; 27
19,45,0.43096,0.42222,12; 5; 19; 45; 19; 18; 14; 16
26,62,0.42787,0.41935,4; 3; 26; 62; 15; 26; 23; 26
14,19,0.80042,0.73684,25; 23; 14; 19; 14; 18; 4; 25
14,70,0.23051,0.2,3; 5; 14; 70; 9; 9; 25; 24
32,43,0.71933,0.74419,5; 9; 32; 43; 7; 6; 25; 24
20,50,0.41858,0.4,13; 13; 20; 50; 26; 16; 13; 32
5,52,0.25737,0.09615,4; 12; 5; 52; 25; 3; 12; 30
7,47,0.25587,0.14894,5; 16; 7; 47; 29; 7; 20; 32
5,17,0.51965,0.29412,35; 21; 5; 17; 4; 3; 16; 16
13,65,0.26092,0.2,3; 8; 13; 65; 19; 3; 20; 9
42,47,0.92131,0.89362,4; 3; 42; 47; 16; 11; 18; 32
11,69,0.2236,0.15942,8; 6; 11; 69; 8; 4; 13; 13
18,63,0.30741,0.28571,5; 6; 18; 63; 5; 15; 27; 27
33,52,0.59751,0.63462,5; 5; 33; 52; 24; 5; 20; 29
7,75,0.22464,0.09333,7; 4; 7; 75; 9; 14; 27; 25
18,47,0.37331,0.38298,16; 9; 18; 47; 6; 28; 28; 21
16,23,0.80455,0.69565,4; 8; 16; 23; 23; 29; 4; 10
7,45,0.24364,0.15556,4; 13; 7; 45; 22; 31; 14; 26
20,52,0.40746,0.38462,7; 6; 20; 52; 26; 9; 9; 26
29,37,0.79304,0.78378,11; 13; 29; 37; 20; 29; 17; 16
10,25,0.36729,0.4,20; 25; 10; 25; 13; 26; 17; 24
25,65,0.41827,0.38462,3; 4; 25; 65; 32; 28; 10; 4
16,61,0.28035,0.2623,4; 10; 16; 61; 3; 15; 3; 16
21,27,0.813,0.77778,14; 22; 21; 27; 16; 9; 26; 29
8,22,0.32008,0.36364,21; 29; 8; 22; 26; 22; 8; 14
32,36,0.89492,0.88889,4; 11; 32; 36; 32; 25; 23; 10
13,34,0.39738,0.38235,12; 13; 13; 34; 24; 24; 4; 9
7,76,0.22146,0.09211,6; 4; 7; 76; 26; 29; 19; 6
10,26,0.40827,0.38462,7; 16; 10; 26; 21; 16; 3; 9
9,45,0.22916,0.2,22; 20; 9; 45; 16; 27; 26; 27
19,30,0.57787,0.63333,24; 5; 19; 30; 9; 25; 18; 24
7,78,0.2069,0.08974,5; 3; 7; 78; 9; 23; 17; 8
32,43,0.7504,0.74419,3; 4; 32; 43; 10; 8; 32; 31
10,24,0.43461,0.41667,23; 31; 10; 24; 18; 20; 6; 24
31,44,0.67344,0.70455,9; 11; 31; 44; 11; 32; 14; 30
25,28,0.95098,0.89286,4; 12; 25; 28; 17; 22; 31; 25
24,63,0.38399,0.38095,3; 4; 24; 63; 24; 3; 28; 7
22,35,0.60607,0.62857,10; 15; 22; 35; 3; 25; 17; 10
11,72,0.17485,0.15278,6; 5; 11; 72; 28; 26; 27; 12
21,58,0.39074,0.36207,7; 4; 21; 58; 18; 16; 30; 4
9,34,0.32454,0.26471,9; 26; 9; 34; 10; 12; 31; 17
14,48,0.29204,0.29167,18; 6; 14; 48; 9; 15; 23; 5
26,50,0.5236,0.52,5; 4; 26; 50; 4; 17; 12; 21
6,23,0.27399,0.26087,29; 28; 6; 23; 19; 19; 5; 10
25,35,0.69237,0.71429,10; 6; 25; 35; 18; 16; 13; 19
19,48,0.36204,0.39583,15; 14; 19; 48; 27; 5; 5; 30
25,51,0.51472,0.4902,5; 7; 25; 51; 27; 26; 27; 12
7,71,0.19432,0.09859,10; 4; 7; 71; 17; 24; 28; 14
28,40,0.70983,0.7,11; 7; 28; 40; 20; 6; 32; 17
32,41,0.74563,0.78049,8; 5; 32; 41; 21; 25; 9; 16
21,30,0.65105,0.7,21; 7; 21; 30; 17; 7; 9; 15
11,71,0.21163,0.15493,5; 4; 11; 71; 6; 26; 32; 24
15,42,0.36133,0.35714,3; 7; 15; 42; 6; 32; 22; 5
36,51,0.70094,0.70588,5; 3; 36; 51; 31; 21; 7; 23
21,55,0.37775,0.38182,3; 9; 21; 55; 6; 19; 13; 31
11,43,0.26453,0.25581,5; 21; 11; 43; 22; 19; 30; 25
8,78,0.25524,0.10256,3; 3; 8; 78; 13; 6; 7; 24
19,27,0.66541,0.7037,11; 3; 19; 27; 8; 10; 18; 3
27,43,0.63999,0.62791,6; 14; 27; 43; 18; 18; 27; 30
25,48,0.5164,0.52083,11; 12; 25; 48; 5; 31; 22; 17
5,50,0.25919,0.1,11; 18; 5; 50; 15; 16; 17; 25
17,42,0.42128,0.40476,17; 12; 17; 42; 28; 24; 4; 30
38,49,0.74853,0.77551,4; 5; 38; 49; 23; 15; 31; 5
34,54,0.65353,0.62963,4; 3; 34; 54; 10; 7; 27; 6
7,9,0.64534,0.77778,38; 16; 7; 9; 17; 19; 19; 27
5,52,0.2407,0.09615,16; 4; 5; 52; 27; 4; 16; 15
24,49,0.49434,0.4898,12; 8; 24; 49; 4; 15; 12; 30
8,80,0.25908,0.1,5; 4; 8; 80; 30; 6; 7; 27
19,45,0.43802,0.42222,11; 9; 19; 45; 22; 21; 5; 32
28,57,0.50283,0.49123,6; 5; 28; 57; 17; 4; 31; 5
15,29,0.52379,0.51724,13; 3; 15; 29; 16; 7; 23; 19
16,23,0.64896,0.69565,27; 26; 16; 23; 4; 25; 18; 28
9,24,0.29495,0.375,15; 25; 9; 24; 11; 26; 24; 32
10,39,0.27717,0.25641,14; 20; 10; 39; 27; 4; 29; 30
9,25,0.34941,0.36,4; 30; 9; 25; 16; 30; 26; 4
14,19,0.85434,0.73684,3; 6; 14; 19; 7; 17; 9; 28
22,61,0.35117,0.36066,4; 3; 22; 61; 13; 18; 5; 20
7,69,0.15451,0.10145,4; 9; 7; 69; 16; 6; 7; 14
27,52,0.52687,0.51923,3; 3; 27; 52; 18; 32; 4; 21
23,33,0.63621,0.69697,17; 20; 23; 33; 29; 10; 17; 11
28,40,0.6619,0.7,5; 6; 28; 40; 20; 13; 15; 26
6,67,0.20391,0.08955,9; 9; 6; 67; 28; 30; 5; 16
11,74,0.22349,0.14865,5; 3; 11; 74; 5; 24; 26; 11
11,42,0.25369,0.2619,4; 17; 11; 42; 12; 23; 18; 15
21,53,0.39796,0.39623,12; 4; 21; 53; 4; 21; 13; 19
25,65,0.39953,0.38462,3; 4; 25; 65; 20; 17; 4; 26
16,44,0.3712,0.36364,7; 12; 16; 44; 15; 21; 27; 4
7,69,0.22105,0.10145,5; 10; 7; 69; 10; 17; 19; 7
32,46,0.65941,0.69565,3; 10; 32; 46; 21; 4; 14; 18
39,50,0.78592,0.78,4; 4; 39; 50; 13; 21; 7; 28
23,44,0.5394,0.52273,12; 13; 23; 44; 23; 4; 5; 32
27,52,0.54177,0.51923,5; 8; 27; 52; 10; 7; 31; 20
6,61,0.22881,0.09836,5; 10; 6; 61; 19; 12; 32; 3
16,23,0.73298,0.69565,5; 5; 16; 23; 14; 27; 13; 7
10,62,0.21005,0.16129,3; 5; 10; 62; 16; 5; 16; 28
6,68,0.22943,0.08824,10; 10; 6; 68; 4; 13; 15; 21
40,45,0.88194,0.88889,5; 6; 40; 45; 31; 8; 20; 25
20,55,0.39382,0.36364,3; 5; 20; 55; 4; 7; 11; 3
22,52,0.45078,0.42308,6; 3; 22; 52; 27; 12; 18; 21
28,57,0.50294,0.49123,6; 3; 28; 57; 28; 8; 12; 8
24,27,0.90091,0.88889,10; 7; 24; 27; 21; 23; 22; 24
32,36,0.87155,0.88889,6; 6; 32; 36; 24; 20; 29; 19
20,50,0.42878,0.4,12; 9; 20; 50; 23; 5; 6; 31
39,44,0.89544,0.88636,3; 7; 39; 44; 8; 13; 26; 8
16,40,0.38366,0.4,10; 17; 16; 40; 17; 3; 15; 22
17,19,0.83028,0.89474,21; 3; 17; 19; 26; 18; 22; 15
16,23,0.69912,0.69565,10; 28; 16; 23; 9; 10; 13; 20
14,18,0.75154,0.77778,4; 7; 14; 18; 5; 8; 29; 13
25,34,0.71641,0.73529,12; 18; 25; 34; 6; 10; 15; 9
10,38,0.23949,0.26316,24; 23; 10; 38; 16; 8; 29; 23
42,47,0.89607,0.89362,4; 3; 42; 47; 25; 13; 14; 3
17,35,0.47391,0.48571,6; 11; 17; 35; 28; 7; 22; 30
15,39,0.39773,0.38462,21; 6; 15; 39; 20; 8; 7; 5
16,23,0.72465,0.69565,22; 15; 16; 23; 4; 13; 13; 15
20,55,0.37986,0.36364,8; 8; 20; 55; 16; 16; 24; 11
17,43,0.41175,0.39535,3; 8; 17; 43; 9; 30; 27; 4
6,69,0.23312,0.08696,7; 4; 6; 69; 21; 7; 8; 5
9,57,0.24097,0.15789,8; 14; 9; 57; 24; 22; 17; 12
15,57,0.28183,0.26316,10; 4; 15; 57; 20; 11; 28; 19
10,28,0.33184,0.35714,3; 27; 10; 28; 15; 18; 4; 6
7,10,0.62497,0.7,23; 32; 7; 10; 28; 31; 4; 27
14,27,0.50278,0.51852,6; 14; 14; 27; 14; 29; 3; 30
12,47,0.25672,0.25532,8; 4; 12; 47; 32; 3; 19; 32
15,40,0.35539,0.375,15; 14; 15; 40; 12; 8; 9; 14
7,70,0.23451,0.1,8; 4; 7; 70; 12; 9; 14; 6
29,39,0.74802,0.74359,7; 6; 29; 39; 9; 11; 17; 28
39,50,0.77667,0.78,3; 4; 39; 50; 23; 19; 21; 5
14,27,0.53215,0.51852,15; 14; 14; 27; 3; 5; 7; 7
15,58,0.28774,0.25862,10; 11; 15; 58; 12; 23; 15; 31
8,20,0.39059,0.4,27; 21; 8; 20; 30; 15; 18; 20
8,31,0.28033,0.25806,26; 17; 8; 31; 31; 25; 6; 3
8,20,0.45434,0.4,24; 15; 8; 20; 26; 5; 15; 18
6,66,0.24136,0.09091,6; 4; 6; 66; 10; 11; 23; 22
25,35,0.74328,0.71429,16; 6; 25; 35; 3; 32; 14; 6
36,46,0.79988,0.78261,7; 3; 36; 46; 24; 5; 3; 26
19,45,0.44255,0.42222,8; 8; 19; 45; 4; 12; 14; 16
19,45,0.42521,0.42222,17; 4; 19; 45; 3; 17; 6; 4
25,34,0.73161,0.73529,12; 10; 25; 34; 13; 12; 30; 28
38,49,0.77059,0.77551,3; 3; 38; 49; 18; 7; 17; 32
21,27,0.80419,0.77778,5; 15; 21; 27; 19; 24; 8; 12
7,77,0.22662,0.09091,6; 3; 7; 77; 17; 31; 26; 7
13,31,0.45352,0.41935,4; 24; 13; 31; 20; 10; 9; 32
23,33,0.69417,0.69697,21; 14; 23; 33; 30; 13; 15; 27
5,25,0.22744,0.2,14; 15; 5; 25; 5; 5; 27; 19
5,54,0.24985,0.09259,6; 3; 5; 54; 29; 8; 31; 8
18,63,0.30709,0.28571,7; 7; 18; 63; 29; 3; 8; 27
9,34,0.26741,0.26471,21; 11; 9; 34; 6; 24; 3; 26
23,44,0.54638,0.52273,13; 8; 23; 44; 25; 30; 5; 28
16,44,0.38004,0.36364,16; 16; 16; 44; 12; 8; 10; 5
10,67,0.23762,0.14925,10; 9; 10; 67; 13; 21; 29; 30
7,80,0.25177,0.0875,3; 3; 7; 80; 28; 15; 12; 23
7,43,0.23855,0.16279,17; 4; 7; 43; 5; 30; 25; 29
10,67,0.24476,0.14925,3; 6; 10; 67; 3; 7; 21; 8
23,58,0.42532,0.39655,8; 6; 23; 58; 24; 29; 5; 26
10,61,0.21778,0.16393,8; 3; 10; 61; 22; 12; 29; 4
15,29,0.48627,0.51724,26; 3; 15; 29; 24; 19; 25; 21
27,52,0.53248,0.51923,8; 4; 27; 52; 21; 10; 15; 23
19,27,0.66879,0.7037,24; 9; 19; 27; 31; 30; 7; 6
32,36,0.94934,0.88889,6; 5; 32; 36; 23; 10; 3; 29
13,36,0.34466,0.36111,17; 18; 13; 36; 23; 3; 5; 16
17,27,0.59992,0.62963,10; 9; 17; 27; 32; 4; 5; 22
17,59,0.28012,0.28814,7; 7; 17; 59; 26; 4; 16; 11
21,52,0.43555,0.40385,3; 12; 21; 52; 10; 31; 20; 12
24,64,0.41983,0.375,5; 3; 24; 64; 13; 22; 27; 6
29,39,0.71383,0.74359,10; 14; 29; 39; 10; 21; 6; 3
19,47,0.41298,0.40426,5; 6; 19; 47; 19; 5; 15; 6
7,79,0.23915,0.08861,4; 3; 7; 79; 4; 4; 12; 20
15,39,0.34521,0.38462,13; 14; 15; 39; 10; 16; 27; 24
13,31,0.43587,0.41935,26; 25; 13; 31; 23; 16; 4; 7
8,77,0.22887,0.1039,5; 5; 8; 77; 14; 6; 18; 23
13,66,0.23014,0.19697,3; 7; 13; 66; 24; 4; 16; 7
7,47,0.25062,0.14894,6; 9; 7; 47; 13; 6; 6; 27
18,43,0.43622,0.4186,3; 10; 18; 43; 24; 12; 28; 25
17,45,0.39576,0.37778,12; 9; 17; 45; 20; 27; 28; 19
13,64,0.27097,0.20312,7; 5; 13; 64; 3; 5; 14; 4
10,67,0.24435,0.14925,4; 9; 10; 67; 12; 29; 32; 7
7,71,0.21433,0.09859,6; 3; 7; 71; 29; 14; 8; 15
25,65,0.40375,0.38462,4; 3; 25; 65; 17; 31; 25; 19
33,47,0.69121,0.70213,6; 8; 33; 47; 27; 17; 27; 9
11,26,0.42162,0.42308,5; 24; 11; 26; 32; 26; 16; 10
7,76,0.23084,0.09211,6; 7; 7; 76; 16; 22; 16; 16
8,52,0.24489,0.15385,6; 12; 8; 52; 24; 5; 14; 13
7,81,0.27436,0.08642,3; 5; 7; 81; 15; 21; 3; 12
22,58,0.36989,0.37931,5; 9; 22; 58; 4; 4; 14; 10
34,38,0.90483,0.89474,4; 5; 34; 38; 28; 17; 17; 20
11,75,0.22852,0.14667,4; 5; 11; 75; 6; 25; 10; 3
7,9,0.77146,0.77778,36; 36; 7; 9; 13; 23; 14; 4
7,48,0.29281,0.14583,6; 11; 7; 48; 32; 6; 12; 5
29,39,0.71534,0.74359,10; 15; 29; 39; 25; 16; 25; 22
5,49,0.23502,0.10204,20; 5; 5; 49; 25; 26; 28; 6
24,49,0.51233,0.4898,5; 8; 24; 49; 9; 32; 29; 27
23,47,0.51243,0.48936,5; 10; 23; 47; 6; 11; 27; 22
35,45,0.73613,0.77778,3; 6; 35; 45; 5; 20; 25; 14
12,32,0.35282,0.375,25; 11; 12; 32; 9; 27; 17; 22
13,25,0.48453,0.52,7; 30; 13; 25; 24; 19; 11; 10
7,27,0.24278,0.25926,25; 3; 7; 27; 14; 9; 9; 12
34,54,0.60979,0.62963,5; 4; 34; 54; 10; 14; 10; 11
21,56,0.40129,0.375,7; 3; 21; 56; 19; 8; 12; 25
21,56,0.38319,0.375,7; 4; 21; 56; 23; 14; 9; 18
34,46,0.74492,0.73913,7; 8; 34; 46; 12; 7; 17; 15
5,25,0.25805,0.2,34; 3; 5; 25; 21; 13; 9; 23
19,66,0.31639,0.28788,3; 6; 19; 66; 22; 21; 21; 28
24,64,0.36284,0.375,5; 5; 24; 64; 21; 9; 11; 6
26,35,0.76136,0.74286,10; 5; 26; 35; 23; 6; 24; 27
34,54,0.59884,0.62963,3; 5; 34; 54; 5; 11; 15; 21
24,46,0.52887,0.52174,12; 14; 24; 46; 5; 14; 20; 17
19,27,0.66232,0.7037,13; 21; 19; 27; 28; 20; 28; 8
17,24,0.72518,0.70833,28; 27; 17; 24; 8; 8; 14; 5
29,46,0.6346,0.63043,3; 10; 29; 46; 24; 25; 4; 25
12,30,0.45222,0.4,11; 20; 12; 30; 15; 7; 23; 7
9,35,0.26718,0.25714,9; 17; 9; 35; 9; 31; 26; 5
17,59,0.29635,0.28814,7; 5; 17; 59; 12; 16; 11; 28
22,35,0.61646,0.62857,15; 18; 22; 35; 12; 12; 17; 11
8,41,0.1987,0.19512,17; 19; 8; 41; 30; 4; 9; 32
6,65,0.25534,0.09231,10; 4; 6; 65; 23; 31; 14; 4
17,23,0.76663,0.73913,18; 28; 17; 23; 25; 11; 23; 14
14,49,0.28875,0.28571,13; 12; 14; 49; 8; 16; 8; 8
11,29,0.39282,0.37931,28; 16; 11; 29; 22; 24; 24; 19
12,78,0.23123,0.15385,3; 4; 12; 78; 32; 23; 25; 11
19,39,0.50014,0.48718,8; 19; 19; 39; 30; 25; 3; 5
24,38,0.60815,0.63158,4; 6; 24; 38; 22; 12; 28; 3
24,66,0.42783,0.36364,4; 4; 24; 66; 4; 32; 11; 25
17,58,0.31064,0.2931,7; 4; 17; 58; 7; 20; 28; 17
32,51,0.62384,0.62745,6; 5; 32; 51; 6; 15; 20; 15
10,67,0.1964,0.14925,8; 8; 10; 67; 3; 15; 7; 13
12,17,0.83636,0.70588,3; 8; 12; 17; 20; 21; 17; 9
5,12,0.62988,0.41667,23; 11; 5; 12; 7; 24; 24; 16
12,30,0.41518,0.4,8; 23; 12; 30; 14; 14; 28; 20
14,39,0.35299,0.35897,13; 11; 14; 39; 11; 5; 9; 19
33,47,0.69059,0.70213,9; 3; 33; 47; 17; 30; 3; 10
7,9,0.84444,0.77778,3; 28; 7; 9; 9; 17; 23; 26
30,58,0.5403,0.51724,3; 4; 30; 58; 5; 6; 23; 4
32,41,0.76516,0.78049,5; 12; 32; 41; 20; 10; 27; 17
16,40,0.38901,0.4,6; 8; 16; 40; 8; 23; 21; 17
26,62,0.42942,0.41935,5; 4; 26; 62; 11; 14; 25; 21
12,47,0.26267,0.25532,16; 18; 12; 47; 10; 31; 10; 23
7,82,0.22312,0.08537,4; 3; 7; 82; 5; 28; 23; 21
5,48,0.26172,0.10417,19; 6; 5; 48; 19; 10; 13; 24
19,39,0.40798,0.48718,18; 4; 19; 39; 23; 16; 17; 30
13,31,0.40545,0.41935,8; 16; 13; 31; 30; 23; 13; 6
37,52,0.71493,0.71154,3; 3; 37; 52; 9; 6; 25; 31
8,31,0.22242,0.25806,7; 17; 8; 31; 25; 11; 30; 19
11,55,0.21898,0.2,10; 16; 11; 55; 19; 5; 9; 6
7,82,0.20478,0.08537,4; 4; 7; 82; 32; 3; 21; 8
10,28,0.29,0.35714,8; 24; 10; 28; 6; 5; 15; 32
33,37,0.87317,0.89189,10; 5; 33; 37; 11; 13; 30; 3
32,45,0.70551,0.71111,6; 6; 32; 45; 14; 25; 8; 10
18,37,0.53812,0.48649,16; 19; 18; 37; 27; 29; 6; 24
6,38,0.21285,0.15789,16; 20; 6; 38; 11; 26; 4; 5
22,42,0.53205,0.52381,3; 8; 22; 42; 17; 26; 4; 13
9,62,0.23635,0.14516,4; 7; 9; 62; 8; 29; 22; 23
10,34,0.25593,0.29412,15; 6; 10; 34; 7; 13; 18; 32
31,44,0.68041,0.70455,5; 9; 31; 44; 32; 26; 16; 13
5,55,0.25985,0.09091,19; 17; 5; 55; 4; 4; 28; 9
17,65,0.29895,0.26154,5; 5; 17; 65; 13; 8; 7; 25
8,41,0.28771,0.19512,19; 4; 8; 41; 16; 29; 18; 9
5,57,0.23585,0.08772,12; 14; 5; 57; 7; 27; 11; 7
8,52,0.22333,0.15385,7; 11; 8; 52; 4; 19; 10; 3
31,44,0.6622,0.70455,4; 3; 31; 44; 21; 7; 9; 13
35,50,0.69113,0.7,4; 6; 35; 50; 19; 18; 12; 4
8,22,0.27597,0.36364,28; 31; 8; 22; 8; 29; 19; 17
39,44,0.88337,0.88636,6; 6; 39; 44; 6; 29; 14; 31
18,50,0.36623,0.36,14; 12; 18; 50; 31; 9; 15; 4
8,28,0.25893,0.28571,3; 5; 8; 28; 10; 14; 21; 3
35,49,0.71183,0.71429,4; 7; 35; 49; 12; 16; 24; 10
21,56,0.37353,0.375,4; 8; 21; 56; 31; 17; 12; 32
13,36,0.38058,0.36111,9; 14; 13; 36; 3; 28; 15; 10
7,81,0.29714,0.08642,4; 5; 7; 81; 9; 23; 27; 16
21,52,0.41267,0.40385,3; 5; 21; 52; 28; 4; 17; 17
38,49,0.76811,0.77551,5; 3; 38; 49; 15; 15; 8; 8
12,75,0.24033,0.16,4; 3; 12; 75; 5; 21; 15; 17
13,25,0.57252,0.52,26; 23; 13; 25; 19; 27; 11; 20
38,49,0.77029,0.77551,5; 3; 38; 49; 14; 18; 9; 3
18,43,0.44939,0.4186,6; 4; 18; 43; 24; 27; 9; 30
8,28,0.30069,0.28571,27; 7; 8; 28; 13; 6; 26; 11
8,41,0.23844,0.19512,6; 12; 8; 41; 5; 14; 18; 19
5,54,0.27828,0.09259,6; 19; 5; 54; 28; 23; 5; 32
12,78,0.27033,0.15385,3; 4; 12; 78; 8; 4; 20; 21
7,10,0.79801,0.7,19; 24; 7; 10; 8; 11; 11; 8
8,40,0.23356,0.2,24; 4; 8; 40; 31; 20; 10; 5
35,50,0.67209,0.7,6; 3; 35; 50; 10; 10; 6; 29
8,40,0.28049,0.2,12; 4; 8; 40; 22; 31; 18; 10
5,25,0.32972,0.2,31; 25; 5; 25; 16; 20; 13; 6
17,58,0.31718,0.2931,4; 9; 17; 58; 24; 12; 3; 10
22,55,0.4135,0.4,9; 9; 22; 55; 9; 7; 22; 22
5,50,0.2228,0.1,17; 17; 5; 50; 31; 22; 7; 31
14,35,0.44895,0.4,21; 24; 14; 35; 21; 7; 31; 27
6,59,0.22318,0.10169,9; 5; 6; 59; 13; 4; 19; 7
12,19,0.64758,0.63158,25; 6; 12; 19; 9; 18; 29; 8
15,75,0.2583,0.2,4; 4; 15; 75; 24; 15; 4; 13
18,43,0.42495,0.4186,15; 4; 18; 43; 18; 20; 16; 28
5,57,0.24214,0.08772,16; 3; 5; 57; 14; 23; 16; 32
17,65,0.29736,0.26154,5; 7; 17; 65; 28; 17; 12; 5
7,79,0.2512,0.08861,3; 4; 7; 79; 30; 10; 19; 9
17,24,0.77921,0.70833,5; 9; 17; 24; 8; 26; 9; 23
21,50,0.43051,0.42,10; 5; 21; 50; 29; 15; 28; 25
15,57,0.29801,0.26316,11; 11; 15; 57; 30; 30; 29; 6
19,27,0.73547,0.7037,9; 25; 19; 27; 6; 16; 29; 4
35,47,0.7388,0.74468,3; 6; 35; 47; 18; 29; 28; 20
8,81,0.23533,0.09877,4; 3; 8; 81; 20; 8; 4; 20
7,71,0.20074,0.09859,5; 9; 7; 71; 17; 16; 27; 8
27,52,0.52539,0.51923,5; 3; 27; 52; 5; 4; 19; 13
12,46,0.2831,0.26087,3; 17; 12; 46; 17; 10; 24; 27
7,72,0.22242,0.09722,3; 5; 7; 72; 8; 22; 12; 12
26,35,0.7272,0.74286,14; 3; 26; 35; 28; 24; 14; 22
5,19,0.34879,0.26316,10; 5; 5; 19; 13; 17; 27; 15
7,48,0.23852,0.14583,11; 10; 7; 48; 3; 19; 26; 20
11,43,0.3108,0.25581,5; 3; 11; 43; 27; 30; 8; 17
18,48,0.41351,0.375,5; 6; 18; 48; 3; 11; 11; 14
11,71,0.22475,0.15493,8; 7; 11; 71; 14; 19; 29; 3
11,26,0.41377,0.42308,27; 24; 11; 26; 14; 8; 30; 10
34,46,0.71954,0.73913,7; 4; 34; 46; 27; 8; 19; 8
22,31,0.71326,0.70968,15; 3; 22; 31; 32; 32; 20; 7
21,58,0.33742,0.36207,6; 9; 21; 58; 29; 16; 5; 23
19,30,0.6003,0.63333,8; 16; 19; 30; 21; 6; 31; 29
9,25,0.31313,0.36,21; 28; 9; 25; 9; 22; 9; 28
7,79,0.20562,0.08861,3; 5; 7; 79; 9; 13; 13; 9
5,13,0.45279,0.38462,18; 34; 5; 13; 9; 19; 4; 19
9,62,0.252,0.14516,8; 5; 9; 62; 30; 16; 5; 23
27,52,0.53359,0.51923,6; 4; 27; 52; 26; 30; 10; 29
21,52,0.40515,0.40385,4; 8; 21; 52; 14; 13; 27; 28
26,53,0.48675,0.49057,9; 7; 26; 53; 15; 27; 18; 7
16,23,0.71183,0.69565,6; 20; 16; 23; 8; 10; 20; 10
20,69,0.30867,0.28986,4; 3; 20; 69; 13; 10; 22; 10
11,69,0.23249,0.15942,8; 3; 11; 69; 22; 9; 20; 24
30,43,0.69499,0.69767,3; 3; 30; 43; 29; 15; 9; 20
16,44,0.37973,0.36364,15; 13; 16; 44; 8; 28; 12; 4
7,71,0.22405,0.09859,3; 8; 7; 71; 5; 3; 30; 7
24,57,0.43673,0.42105,4; 7; 24; 57; 14; 25; 17; 19
15,52,0.28846,0.28846,8; 7; 15; 52; 12; 7; 17; 21
14,27,0.48104,0.51852,3; 23; 14; 27; 9; 27; 31; 26
6,64,0.25989,0.09375,6; 5; 6; 64; 27; 19; 9; 21
27,38,0.69249,0.71053,4; 14; 27; 38; 20; 7; 21; 9
22,42,0.54634,0.52381,16; 9; 22; 42; 23; 19; 19; 22
21,56,0.40398,0.375,6; 10; 21; 56; 28; 16; 29; 6
21,55,0.39134,0.38182,11; 3; 21; 55; 17; 16; 27; 3
35,45,0.77281,0.77778,4; 5; 35; 45; 20; 29; 9; 11
11,55,0.24721,0.2,7; 16; 11; 55; 13; 24; 32; 26
8,78,0.20736,0.10256,6; 5; 8; 78; 5; 13; 32; 16
10,24,0.44282,0.41667,6; 10; 10; 24; 13; 32; 24; 17
33,52,0.63679,0.63462,4; 6; 33; 52; 20; 6; 21; 10
14,20,0.76348,0.7,19; 8; 14; 20; 21; 28; 12; 23
19,27,0.65414,0.7037,12; 25; 19; 27; 28; 12; 11; 27
35,49,0.68444,0.71429,3; 5; 35; 49; 6; 19; 14; 20
20,52,0.38371,0.38462,6; 10; 20; 52; 19; 22; 24; 22
24,27,0.90514,0.88889,16; 10; 24; 27; 12; 24; 21; 5
5,25,0.27909,0.2,14; 9; 5; 25; 14; 4; 7; 14
7,79,0.24409,0.08861,5; 6; 7; 79; 15; 27; 23; 3
5,25,0.2717,0.2,28; 25; 5; 25; 28; 20; 13; 23
20,48,0.40128,0.41667,14; 12; 20; 48; 32; 26; 23; 7
7,10,0.72394,0.7,18; 31; 7; 10; 13; 6; 5; 7
28,36,0.74189,0.77778,13; 14; 28; 36; 7; 11; 27; 17
20,55,0.37631,0.36364,4; 4; 20; 55; 21; 26; 14; 5
19,48,0.42521,0.39583,12; 14; 19; 48; 26; 21; 18; 9
12,74,0.23899,0.16216,3; 5; 12; 74; 27; 12; 18; 5
41,46,0.86027,0.8913,3; 3; 41; 46; 11; 12; 31; 15
32,41,0.77344,0.78049,11; 6; 32; 41; 27; 10; 31; 12
5,55,0.26149,0.09091,13; 15; 5; 55; 22; 15; 10; 10
20,53,0.3977,0.37736,6; 10; 20; 53; 18; 19; 17; 23
15,40,0.37659,0.375,17; 19; 15; 40; 6; 20; 7; 32
18,69,0.28562,0.26087,3; 3; 18; 69; 31; 30; 4; 28
13,66,0.23276,0.19697,9; 9; 13; 66; 10; 29; 13; 6
19,47,0.403,0.40426,15; 12; 19; 47; 10; 10; 31; 31
5,57,0.22967,0.08772,16; 11; 5; 57; 4; 28; 3; 32
15,74,0.23619,0.2027,3; 3; 15; 74; 27; 19; 11; 29
23,55,0.43582,0.41818,5; 4; 23; 55; 22; 22; 9; 32
17,59,0.30197,0.28814,9; 3; 17; 59; 7; 19; 27; 9
10,16,0.64477,0.625,25; 11; 10; 16; 13; 6; 13; 7
39,50,0.77274,0.78,4; 3; 39; 50; 16; 16; 24; 12
22,35,0.63815,0.62857,11; 8; 22; 35; 3; 27; 11; 10
18,47,0.3869,0.38298,12; 3; 18; 47; 15; 12; 4; 32
6,39,0.0761,0.15385,20; 16; 6; 39; 28; 3; 12; 8
19,45,0.45903,0.42222,7; 11; 19; 45; 15; 32; 7; 27
14,37,0.30855,0.37838,20; 8; 14; 37; 7; 3; 23; 8
12,30,0.42686,0.4,25; 13; 12; 30; 16; 19; 25; 7
17,42,0.42942,0.40476,11; 9; 17; 42; 22; 16; 13; 12
18,62,0.31307,0.29032,3; 8; 18; 62; 9; 15; 16; 11
11,21,0.53141,0.52381,23; 13; 11; 21; 27; 27; 3; 21
9,60,0.264,0.15,9; 11; 9; 60; 30; 23; 4; 15
32,46,0.67765,0.69565,5; 10; 32; 46; 10; 27; 6; 7
22,52,0.44289,0.42308,7; 3; 22; 52; 10; 7; 22; 27
5,57,0.2606,0.08772,5; 12; 5; 57; 9; 18; 21; 27
13,66,0.24273,0.19697,8; 4; 13; 66; 30; 30; 14; 3
25,32,0.76637,0.78125,6; 19; 25; 32; 23; 8; 16; 29
25,59,0.41573,0.42373,3; 7; 25; 59; 4; 13; 32; 27
25,51,0.48783,0.4902,10; 3; 25; 51; 27; 17; 8; 4
34,38,0.89184,0.89474,10; 8; 34; 38; 9; 9; 14; 14
7,43,0.22619,0.16279,21; 12; 7; 43; 26; 9; 28; 6
21,43,0.49478,0.48837,6; 3; 21; 43; 14; 15; 24; 4
10,26,0.37935,0.38462,9; 12; 10; 26; 26; 10; 20; 17
12,75,0.24689,0.16,4; 5; 12; 75; 22; 16; 20; 26
9,25,0.31692,0.36,21; 13; 9; 25; 13; 19; 6; 13
32,41,0.77085,0.78049,8; 9; 32; 41; 8; 17; 30; 26
18,69,0.2801,0.26087,5; 4; 18; 69; 32; 4; 8; 17
7,70,0.22154,0.1,3; 7; 7; 70; 30; 10; 10; 26
35,47,0.7391,0.74468,8; 8; 35; 47; 15; 20; 24; 14
29,41,0.7252,0.70732,6; 13; 29; 41; 4; 25; 24; 12
37,50,0.72001,0.74,3; 4; 37; 50; 23; 13; 32; 11
31,49,0.62174,0.63265,4; 3; 31; 49; 32; 20; 18; 9
21,56,0.36652,0.375,5; 3; 21; 56; 27; 22; 10; 14
10,62,0.24611,0.16129,12; 6; 10; 62; 14; 22; 5; 11
18,45,0.35237,0.4,13; 7; 18; 45; 27; 27; 7; 27
12,41,0.29837,0.29268,11; 17; 12; 41; 22; 27; 28; 9
8,20,0.41773,0.4,16; 32; 8; 20; 12; 29; 7; 24
28,38,0.71636,0.73684,14; 3; 28; 38; 18; 17; 17; 10
35,45,0.77982,0.77778,8; 5; 35; 45; 24; 28; 15; 10
29,39,0.76395,0.74359,5; 15; 29; 39; 12; 30; 6; 16
17,35,0.48028,0.48571,15; 20; 17; 35; 30; 20; 21; 8
17,66,0.2802,0.25758,3; 6; 17; 66; 25; 4; 29; 7
9,56,0.22898,0.16071,14; 7; 9; 56; 3; 25; 13; 4
16,18,0.81676,0.88889,13; 20; 16; 18; 5; 7; 23; 6
8,20,0.33925,0.4,17; 14; 8; 20; 6; 29; 5; 21
7,24,0.2746,0.29167,15; 19; 7; 24; 24; 28; 3; 8
5,17,0.40269,0.29412,30; 26; 5; 17; 27; 19; 6; 19
18,37,0.51501,0.48649,12; 6; 18; 37; 8; 29; 29; 10
7,75,0.23668,0.09333,6; 3; 7; 75; 15; 22; 5; 20
17,47,0.36848,0.3617,4; 7; 17; 47; 31; 20; 8; 10
20,50,0.41684,0.4,13; 3; 20; 50; 25; 29; 8; 13
24,57,0.43695,0.42105,5; 8; 24; 57; 3; 30; 24; 25
22,35,0.60244,0.62857,20; 17; 22; 35; 10; 30; 23; 30
5,34,0.26946,0.14706,12; 14; 5; 34; 23; 27; 17; 30
16,23,0.77562,0.69565,12; 17; 16; 23; 17; 15; 15; 28
24,34,0.68469,0.70588,8; 20; 24; 34; 31; 10; 32; 21
20,69,0.31191,0.28986,4; 4; 20; 69; 17; 21; 7; 18
26,37,0.69002,0.7027,13; 15; 26; 37; 30; 27; 14; 6
14,35,0.34806,0.4,12; 5; 14; 35; 20; 18; 15; 13
9,60,0.22422,0.15,12; 8; 9; 60; 23; 31; 17; 5
34,38,0.90889,0.89474,13; 9; 34; 38; 12; 19; 31; 24
25,34,0.69787,0.73529,18; 3; 25; 34; 28; 17; 17; 30
8,41,0.22378,0.19512,16; 18; 8; 41; 27; 16; 13; 29
37,50,0.72884,0.74,5; 3; 37; 50; 29; 9; 18; 24
21,43,0.47471,0.48837,9; 10; 21; 43; 8; 32; 3; 15
34,46,0.70858,0.73913,6; 6; 34; 46; 30; 27; 29; 7
33,52,0.64263,0.63462,5; 5; 33; 52; 11; 17; 21; 23
8,28,0.25642,0.28571,25; 12; 8; 28; 3; 26; 12; 20
7,77,0.2458,0.09091,6; 3; 7; 77; 6; 30; 23; 4
25,28,0.87706,0.89286,12; 7; 25; 28; 19; 7; 15; 17
22,45,0.49021,0.48889,13; 8; 22; 45; 23; 11; 3; 28
24,27,0.91203,0.88889,11; 10; 24; 27; 22; 7; 26; 23
12,47,0.29227,0.25532,3; 4; 12; 47; 18; 28; 13; 24
18,43,0.40731,0.4186,9; 13; 18; 43; 30; 21; 15; 6
32,43,0.71381,0.74419,11; 4; 32; 43; 29; 24; 31; 11
7,9,0.71081,0.77778,30; 33; 7; 9; 13; 18; 7; 8
29,56,0.52372,0.51786,4; 5; 29; 56; 3; 28; 9; 14
17,24,0.69487,0.70833,8; 3; 17; 24; 23; 21; 31; 19
31,44,0.69819,0.70455,4; 5; 31; 44; 6; 5; 4; 7
11,73,0.21223,0.15068,7; 7; 11; 73; 23; 13; 24; 11
24,63,0.39383,0.38095,5; 5; 24; 63; 12; 13; 28; 27
12,42,0.26325,0.28571,21; 10; 12; 42; 10; 26; 7; 14
22,58,0.36623,0.37931,3; 3; 22; 58; 15; 8; 26; 19
19,39,0.51036,0.48718,12; 14; 19; 39; 8; 9; 13; 31
20,48,0.41727,0.41667,13; 6; 20; 48; 8; 5; 7; 7
15,36,0.41633,0.41667,9; 16; 15; 36; 10; 30; 7; 31
28,36,0.75006,0.77778,12; 7; 28; 36; 14; 30; 21; 26
13,45,0.29184,0.28889,4; 8; 13; 45; 31; 7; 7; 31
14,20,0.74356,0.7,15; 30; 14; 20; 11; 6; 14; 22
20,28,0.70827,0.71429,21; 21; 20; 28; 16; 16; 4; 19
31,42,0.73847,0.7381,12; 10; 31; 42; 17; 25; 23; 32
14,69,0.22747,0.2029,3; 6; 14; 69; 26; 5; 23; 5
5,51,0.24363,0.09804,17; 12; 5; 51; 16; 5; 23; 7
10,66,0.23075,0.15152,6; 11; 10; 66; 13; 26; 18; 7
8,54,0.18307,0.14815,12; 5; 8; 54; 8; 9; 7; 21
37,52,0.68981,0.71154,3; 3; 37; 52; 14; 22; 10; 32
7,82,0.24345,0.08537,4; 4; 7; 82; 11; 32; 30; 12
32,36,0.89274,0.88889,12; 15; 32; 36; 5; 26; 25; 30
12,75,0.20485,0.16,3; 4; 12; 75; 5; 29; 22; 16
31,44,0.66666,0.70455,3; 5; 31; 44; 10; 20; 31; 8
6,37,0.26603,0.16216,5; 14; 6; 37; 21; 12; 7; 7
11,73,0.15018,0.15068,3; 3; 11; 73; 4; 10; 17; 25
5,32,0.26545,0.15625,7; 23; 5; 32; 11; 16; 8; 7
27,52,0.51581,0.51923,8; 5; 27; 52; 24; 16; 25; 23
7,68,0.24897,0.10294,11; 11; 7; 68; 14; 14; 24; 23
14,20,0.76025,0.7,16; 30; 14; 20; 9; 17; 3; 31
10,34,0.29812,0.29412,3; 12; 10; 34; 27; 21; 27; 9
15,51,0.29246,0.29412,9; 10; 15; 51; 14; 20; 28; 16
25,32,0.79326,0.78125,11; 13; 25; 32; 17; 21; 17; 11
16,42,0.383,0.38095,16; 17; 16; 42; 5; 25; 14; 17
20,56,0.37748,0.35714,3; 3; 20; 56; 31; 3; 7; 21
20,68,0.30504,0.29412,5; 3; 20; 68; 21; 21; 31; 8
25,40,0.59059,0.625,13; 6; 25; 40; 8; 15; 10; 12
26,35,0.80314,0.74286,16; 4; 26; 35; 9; 17; 31; 9
19,50,0.39069,0.38,5; 12; 19; 50; 15; 8; 14; 14
19,50,0.40597,0.38,6; 7; 19; 50; 15; 14; 25; 11
9,55,0.24606,0.16364,10; 17; 9; 55; 8; 17; 19; 26
16,18,0.83144,0.88889,26; 12; 16; 18; 24; 29; 4; 15
22,55,0.40485,0.4,5; 3; 22; 55; 17; 26; 29; 20
20,50,0.40855,0.4,14; 14; 20; 50; 16; 31; 11; 15
27,55,0.50585,0.49091,3; 8; 27; 55; 31; 9; 26; 4
9,59,0.21698,0.15254,9; 13; 9; 59; 14; 24; 14; 25
32,43,0.74575,0.74419,7; 11; 32; 43; 10; 5; 4; 18
25,40,0.61169,0.625,14; 8; 25; 40; 27; 20; 5; 5
23,58,0.41201,0.39655,8; 8; 23; 58; 29; 15; 18; 31
9,56,0.22967,0.16071,7; 11; 9; 56; 3; 9; 16; 4
40,45,0.86979,0.88889,4; 3; 40; 45; 15; 7; 21; 18
25,35,0.73606,0.71429,17; 7; 25; 35; 26; 30; 12; 29
28,38,0.67682,0.73684,5; 3; 28; 38; 31; 8; 14; 18
24,49,0.49866,0.4898,4; 5; 24; 49; 4; 27; 8; 8
7,43,0.17149,0.16279,6; 16; 7; 43; 6; 17; 23; 16
14,69,0.22964,0.2029,4; 7; 14; 69; 22; 13; 9; 12
31,49,0.61246,0.63265,5; 4; 31; 49; 10; 7; 12; 5
7,74,0.21339,0.09459,6; 8; 7; 74; 28; 13; 32; 11
29,39,0.74447,0.74359,14; 3; 29; 39; 17; 15; 21; 22
10,67,0.22436,0.14925,5; 4; 10; 67; 29; 17; 4; 21
19,53,0.36908,0.35849,6; 9; 19; 53; 30; 15; 31; 18
15,52,0.27733,0.28846,11; 9; 15; 52; 15; 17; 14; 17
11,38,0.31041,0.28947,3; 15; 11; 38; 24; 4; 14; 9
24,60,0.39483,0.4,5; 3; 24; 60; 3; 16; 20; 29
32,46,0.67679,0.69565,8; 7; 32; 46; 10; 29; 10; 29
38,49,0.75285,0.77551,4; 3; 38; 49; 24; 11; 28; 22
10,49,0.22935,0.20408,14; 9; 10; 49; 18; 5; 8; 27
17,47,0.36759,0.3617,14; 17; 17; 47; 28; 10; 11; 31
16,42,0.40123,0.38095,3; 12; 16; 42; 27; 25; 10; 22
28,40,0.65786,0.7,14; 15; 28; 40; 24; 28; 16; 9
9,35,0.30753,0.25714,3; 15; 9; 35; 7; 25; 8; 12
20,68,0.32268,0.29412,3; 3; 20; 68; 14; 11; 10; 29
23,33,0.66731,0.69697,19; 6; 23; 33; 21; 8; 25; 6
10,26,0.38107,0.38462,7; 10; 10; 26; 9; 27; 4; 17
37,52,0.70666,0.71154,3; 3; 37; 52; 11; 6; 4; 25
7,79,0.21325,0.08861,4; 3; 7; 79; 10; 20; 31; 30
29,59,0.5238,0.49153,4; 5; 29; 59; 8; 13; 4; 11
20,48,0.44464,0.41667,6; 9; 20; 48; 13; 6; 4; 26
26,53,0.52133,0.49057,5; 5; 26; 53; 27; 10; 7; 6
36,46,0.7431,0.78261,6; 5; 36; 46; 21; 12; 31; 8
31,35,0.89458,0.88571,9; 16; 31; 35; 29; 11; 12; 11
9,31,0.26628,0.29032,11; 27; 9; 31; 22; 29; 11; 5
26,50,0.50756,0.52,4; 6; 26; 50; 20; 5; 24; 21
12,74,0.21068,0.16216,3; 3; 12; 74; 26; 25; 17; 4
7,46,0.23787,0.15217,18; 19; 7; 46; 26; 13; 3; 27
15,29,0.49717,0.51724,24; 14; 15; 29; 32; 13; 6; 30
10,65,0.25766,0.15385,5; 3; 10; 65; 24; 4; 14; 29
8,78,0.2109,0.10256,3; 3; 8; 78; 31; 8; 27; 5
16,31,0.54408,0.51613,13; 20; 16; 31; 26; 3; 27; 24
35,47,0.73798,0.74468,3; 6; 35; 47; 21; 24; 3; 8
9,25,0.44179,0.36,11; 3; 9; 25; 14; 11; 28; 12
8,53,0.27124,0.15094,8; 11; 8; 53; 29; 28; 10; 4
19,47,0.39718,0.40426,7; 14; 19; 47; 29; 14; 22; 10
6,30,0.40793,0.2,19; 28; 6; 30; 7; 8; 14; 18
14,35,0.37778,0.4,4; 4; 14; 35; 7; 6; 25; 14
35,50,0.70791,0.7,4; 4; 35; 50; 28; 26; 9; 10
29,41,0.70712,0.70732,14; 12; 29; 41; 27; 27; 25; 6
35,45,0.71697,0.77778,5; 8; 35; 45; 20; 26; 16; 21
15,75,0.24646,0.2,3; 3; 15; 75; 6; 18; 31; 23
28,38,0.7119,0.73684,3; 10; 28; 38; 32; 9; 23; 25
14,71,0.2346,0.19718,6; 3; 14; 71; 26; 17; 25; 12
41,46,0.8695,0.8913,5; 4; 41; 46; 12; 5; 5; 9
31,42,0.70517,0.7381,4; 5; 31; 42; 27; 29; 19; 22
7,10,0.80088,0.7,39; 29; 7; 10; 30; 17; 7; 24
9,61,0.2236,0.14754,12; 4; 9; 61; 19; 7; 9; 21
20,50,0.42737,0.4,14; 11; 20; 50; 26; 9; 16; 4
21,27,0.84137,0.77778,18; 16; 21; 27; 9; 5; 23; 8
12,30,0.4323,0.4,23; 14; 12; 30; 24; 15; 31; 19
11,38,0.37215,0.28947,5; 9; 11; 38; 4; 11; 27; 30
5,7,0.82002,0.71429,26; 34; 5; 7; 8; 27; 9; 25
22,61,0.35674,0.36066,3; 3; 22; 61; 15; 18; 21; 32
34,54,0.61129,0.62963,4; 5; 34; 54; 8; 5; 32; 23
21,52,0.41054,0.40385,3; 7; 21; 52; 27; 19; 14; 11
27,55,0.49629,0.49091,3; 8; 27; 55; 21; 14; 21; 28
22,61,0.38124,0.36066,3; 3; 22; 61; 3; 8; 13; 26
17,43,0.40529,0.39535,19; 13; 17; 43; 5; 8; 19; 11
25,48,0.5416,0.52083,10; 12; 25; 48; 11; 24; 4; 20
23,33,0.71103,0.69697,14; 4; 23; 33; 3; 13; 19; 14
31,42,0.70785,0.7381,12; 4; 31; 42; 28; 22; 29; 4
12,23,0.53609,0.52174,3; 22; 12; 23; 21; 27; 4; 7
7,35,0.22895,0.2,18; 16; 7; 35; 5; 25; 16; 19
31,49,0.61671,0.63265,5; 5; 31; 49; 24; 11; 5; 20
9,46,0.26508,0.19565,15; 19; 9; 46; 18; 10; 4; 9
11,21,0.56524,0.52381,12; 23; 11; 21; 31; 11; 10; 17
5,17,0.41271,0.29412,30; 8; 5; 17; 5; 32; 20; 29
24,60,0.41264,0.4,5; 7; 24; 60; 20; 28; 14; 12
29,41,0.66363,0.70732,12; 9; 29; 41; 28; 6; 28; 9
19,65,0.29835,0.29231,4; 4; 19; 65; 14; 22; 26; 11
22,45,0.5082,0.48889,10; 10; 22; 45; 26; 8; 32; 28
16,56,0.28452,0.28571,10; 6; 16; 56; 9; 7; 7; 28
24,60,0.42334,0.4,6; 7; 24; 60; 13; 3; 21; 31
18,37,0.50433,0.48649,9; 17; 18; 37; 18; 29; 15; 23
5,50,0.25118,0.1,18; 3; 5; 50; 28; 8; 3; 11
22,31,0.68703,0.70968,6; 14; 22; 31; 8; 26; 7; 17
22,42,0.5172,0.52381,6; 15; 22; 42; 19; 15; 11; 24
34,46,0.72129,0.73913,6; 5; 34; 46; 20; 7; 22; 28
13,65,0.22764,0.2,9; 9; 13; 65; 13; 3; 10; 9
11,75,0.22475,0.14667,3; 3; 11; 75; 4; 3; 9; 21
24,49,0.48857,0.4898,4; 6; 24; 49; 28; 29; 25; 9
20,28,0.71553,0.71429,16; 13; 20; 28; 26; 27; 5; 16
5,25,0.26155,0.2,31; 30; 5; 25; 30; 20; 10; 17
8,49,0.22375,0.16327,8; 3; 8; 49; 26; 14; 28; 23
25,48,0.53577,0.52083,3; 10; 25; 48; 5; 8; 9; 6
7,43,0.27652,0.16279,15; 15; 7; 43; 20; 5; 22; 20
15,36,0.37202,0.41667,9; 12; 15; 36; 4; 26; 24; 11
7,69,0.24154,0.10145,9; 8; 7; 69; 24; 14; 10; 27
18,37,0.52178,0.48649,21; 10; 18; 37; 29; 3; 31; 25
6,30,0.26979,0.2,11; 5; 6; 30; 13; 5; 8; 3
7,67,0.24065,0.10448,10; 7; 7; 67; 13; 16; 8; 30
22,31,0.72147,0.70968,9; 22; 22; 31; 17; 5; 27; 24
29,39,0.71804,0.74359,5; 6; 29; 39; 32; 22; 20; 14
22,53,0.45062,0.41509,11; 10; 22; 53; 16; 30; 5; 19
13,36,0.37327,0.36111,22; 8; 13; 36; 17; 27; 24; 11
23,47,0.48844,0.48936,5; 8; 23; 47; 11; 9; 12; 32
25,62,0.40712,0.40323,5; 5; 25; 62; 10; 25; 14; 18
17,23,0.81091,0.73913,13; 11; 17; 23; 14; 26; 25; 9
8,21,0.35814,0.38095,9; 27; 8; 21; 4; 18; 16; 24
12,19,0.59561,0.63158,19; 25; 12; 19; 12; 10; 18; 18
7,68,0.25064,0.10294,5; 4; 7; 68; 4; 27; 5; 31
16,61,0.27325,0.2623,4; 9; 16; 61; 18; 25; 28; 14
12,17,0.75843,0.70588,32; 30; 12; 17; 12; 24; 20; 13
25,28,0.90408,0.89286,11; 22; 25; 28; 20; 17; 27; 30
14,27,0.51773,0.51852,8; 16; 14; 27; 4; 28; 19; 21
24,60,0.38727,0.4,4; 4; 24; 60; 18; 25; 19; 16
26,62,0.44589,0.41935,5; 4; 26; 62; 14; 9; 25; 21
14,49,0.28742,0.28571,3; 6; 14; 49; 9; 14; 19; 31
10,63,0.27227,0.15873,11; 4; 10; 63; 9; 14; 3; 26
27,55,0.49537,0.49091,4; 6; 27; 55; 29; 17; 14; 7
22,53,0.41777,0.41509,10; 8; 22; 53; 18; 5; 11; 4
6,62,0.24221,0.09677,13; 10; 6; 62; 25; 8; 19; 30
19,47,0.40136,0.40426,9; 8; 19; 47; 17; 3; 14; 5
35,45,0.74508,0.77778,7; 7; 35; 45; 30; 31; 8; 24
23,47,0.48528,0.48936,12; 14; 23; 47; 17; 9; 18; 6
14,19,0.74896,0.73684,15; 21; 14; 19; 21; 17; 6; 4
20,68,0.29529,0.29412,5; 5; 20; 68; 31; 22; 3; 25
28,40,0.69489,0.7,9; 10; 28; 40; 16; 5; 10; 8
7,35,0.24942,0.2,13; 11; 7; 35; 22; 5; 22; 24
35,47,0.71816,0.74468,8; 4; 35; 47; 12; 4; 6; 11
19,53,0.3589,0.35849,4; 7; 19; 53; 24; 3; 19; 6
21,52,0.41552,0.40385,6; 6; 21; 52; 19; 17; 18; 25
25,32,0.73355,0.78125,13; 9; 25; 32; 19; 24; 20; 14
13,66,0.23785,0.19697,9; 7; 13; 66; 14; 29; 23; 3
7,72,0.22678,0.09722,6; 8; 7; 72; 7; 14; 11; 17
5,51,0.26157,0.09804,18; 5; 5; 51; 10; 5; 20; 12
10,62,0.18106,0.16129,4; 8; 10; 62; 12; 12; 20; 13
16,56,0.28954,0.28571,10; 9; 16; 56; 21; 24; 6; 14
26,53,0.52245,0.49057,7; 6; 26; 53; 11; 19; 25; 8
10,34,0.30835,0.29412,20; 12; 10; 34; 22; 27; 10; 19
20,56,0.36654,0.35714,6; 9; 20; 56; 17; 17; 27; 19
24,66,0.36912,0.36364,3; 3; 24; 66; 21; 31; 22; 8
5,13,0.32614,0.38462,17; 20; 5; 13; 7; 10; 29; 20
9,34,0.21674,0.26471,4; 9; 9; 34; 4; 26; 7; 5
8,9,0.80571,0.88889,9; 9; 8; 9; 3; 26; 17; 25
17,65,0.28792,0.26154,8; 3; 17; 65; 18; 23; 10; 4
21,43,0.47902,0.48837,11; 6; 21; 43; 24; 6; 25; 18
42,47,0.89812,0.89362,4; 4; 42; 47; 13; 26; 17; 9
16,56,0.31261,0.28571,8; 5; 16; 56; 5; 12; 15; 20
25,40,0.60903,0.625,11; 5; 25; 40; 26; 8; 32; 8
9,56,0.17272,0.16071,7; 8; 9; 56; 12; 32; 15; 20
35,45,0.79472,0.77778,4; 6; 35; 45; 6; 6; 3; 20
31,35,0.90091,0.88571,16; 13; 31; 35; 24; 14; 25; 30
8,52,0.20978,0.15385,9; 19; 8; 52; 16; 20; 4; 9
7,79,0.24052,0.08861,4; 3; 7; 79; 3; 29; 25; 6
7,67,0.1835,0.10448,3; 6; 7; 67; 14; 9; 10; 3
8,78,0.18319,0.10256,3; 3; 8; 78; 6; 21; 26; 28
39,44,0.87377,0.88636,4; 3; 39; 44; 13; 9; 5; 27
28,36,0.77016,0.77778,12; 15; 28; 36; 14; 16; 26; 5
10,66,0.18261,0.15152,5; 5; 10; 66; 4; 26; 21; 6
12,74,0.24319,0.16216,3; 5; 12; 74; 8; 31; 21; 12
12,30,0.40025,0.4,23; 20; 12; 30; 12; 23; 12; 30
17,27,0.6839,0.62963,10; 17; 17; 27; 12; 21; 21; 28
24,63,0.41011,0.38095,3; 5; 24; 63; 6; 18; 3; 13
5,31,0.23967,0.16129,9; 19; 5; 31; 25; 27; 22; 16
16,18,0.9085,0.88889,27; 28; 16; 18; 7; 28; 7; 15
8,19,0.3561,0.42105,20; 31; 8; 19; 11; 11; 11; 14
5,33,0.29616,0.15152,27; 3; 5; 33; 17; 26; 22; 21
26,53,0.48676,0.49057,8; 8; 26; 53; 17; 12; 13; 11
42,47,0.90085,0.89362,4; 3; 42; 47; 28; 6; 8; 6
6,37,0.28959,0.16216,10; 4; 6; 37; 6; 16; 13; 23
17,19,0.92727,0.89474,5; 12; 17; 19; 30; 4; 3; 9
20,56,0.38149,0.35714,5; 4; 20; 56; 21; 3; 6; 20
8,79,0.23226,0.10127,3; 5; 8; 79; 16; 8; 10; 5
15,29,0.51374,0.51724,3; 12; 15; 29; 28; 26; 32; 9
23,44,0.51971,0.52273,5; 4; 23; 44; 9; 28; 26; 12
11,26,0.44341,0.42308,9; 7; 11; 26; 3; 28; 12; 31
26,41,0.61867,0.63415,15; 4; 26; 41; 12; 16; 30; 24
32,36,0.89726,0.88889,4; 11; 32; 36; 30; 20; 15; 5
12,75,0.22929,0.16,5; 5; 12; 75; 21; 10; 10; 4
15,29,0.4947,0.51724,24; 27; 15; 29; 14; 29; 8; 31
30,58,0.52766,0.51724,4; 4; 30; 58; 6; 12; 8; 12
32,45,0.6949,0.71111,8; 7; 32; 45; 9; 27; 13; 9
37,53,0.68613,0.69811,4; 3; 37; 53; 25; 5; 7; 6
11,75,0.18998,0.14667,5; 5; 11; 75; 7; 25; 11; 28
38,49,0.76291,0.77551,4; 5; 38; 49; 5; 14; 25; 18
14,48,0.34587,0.29167,5; 13; 14; 48; 18; 17; 18; 12
29,37,0.75642,0.78378,15; 3; 29; 37; 24; 18; 14; 22
20,50,0.4237,0.4,13; 14; 20; 50; 3; 20; 11; 4
37,52,0.70664,0.71154,4; 3; 37; 52; 14; 31; 24; 3
23,55,0.41882,0.41818,8; 8; 23; 55; 15; 31; 25; 14
20,48,0.42693,0.41667,11; 5; 20; 48; 22; 3; 13; 19
7,76,0.20635,0.09211,4; 5; 7; 76; 12; 6; 26; 11
26,50,0.49488,0.52,7; 3; 26; 50; 24; 16; 28; 10
21,58,0.37598,0.36207,5; 7; 21; 58; 5; 13; 8; 25
30,48,0.62352,0.625,4; 7; 30; 48; 24; 22; 5; 6
8,80,0.2611,0.1,3; 3; 8; 80; 19; 32; 3; 5
30,43,0.71678,0.69767,3; 7; 30; 43; 20; 13; 11; 7
40,45,0.89413,0.88889,3; 5; 40; 45; 3; 24; 18; 18
10,61,0.19673,0.16393,10; 7; 10; 61; 14; 22; 14; 32
31,35,0.91683,0.88571,6; 10; 31; 35; 31; 24; 3; 31
27,38,0.71387,0.71053,12; 9; 27; 38; 16; 24; 27; 21
28,36,0.74475,0.77778,10; 14; 28; 36; 3; 21; 21; 30
10,50,0.24566,0.2,13; 17; 10; 50; 28; 23; 31; 7
14,33,0.46916,0.42424,7; 16; 14; 33; 28; 11; 22; 21
24,38,0.60643,0.63158,7; 4; 24; 38; 10; 25; 14; 27
31,49,0.63497,0.63265,3; 6; 31; 49; 13; 27; 18; 8
18,70,0.28212,0.25714,5; 5; 18; 70; 25; 5; 6; 26
27,55,0.49811,0.49091,6; 7; 27; 55; 20; 18; 27; 23
14,27,0.49359,0.51852,5; 7; 14; 27; 6; 32; 26; 10
21,30,0.70116,0.7,3; 19; 21; 30; 32; 12; 15; 5
19,48,0.41098,0.39583,12; 3; 19; 48; 20; 19; 19; 16
41,46,0.88466,0.8913,4; 4; 41; 46; 19; 12; 26; 6
6,59,0.23816,0.10169,16; 6; 6; 59; 16; 11; 28; 27
17,47,0.39562,0.3617,12; 14; 17; 47; 9; 14; 21; 22
32,45,0.7274,0.71111,6; 9; 32; 45; 14; 20; 23; 30
25,48,0.53165,0.52083,8; 5; 25; 48; 16; 3; 20; 23
17,45,0.37185,0.37778,8; 11; 17; 45; 16; 25; 3; 9
25,60,0.42393,0.41667,6; 6; 25; 60; 5; 8; 20; 32
8,53,0.24339,0.15094,9; 8; 8; 53; 10; 32; 21; 29
25,51,0.51004,0.4902,8; 5; 25; 51; 16; 11; 31; 31
8,52,0.17903,0.15385,18; 8; 8; 52; 20; 3; 12; 29
17,33,0.53815,0.51515,23; 22; 17; 33; 11; 18; 3; 6
32,41,0.79332,0.78049,11; 9; 32; 41; 23; 19; 3; 24
10,35,0.29732,0.28571,4; 25; 10; 35; 3; 6; 20; 9
5,54,0.2347,0.09259,9; 4; 5; 54; 14; 8; 26; 18
14,54,0.27297,0.25926,4; 4; 14; 54; 16; 20; 17; 19
7,80,0.27583,0.0875,3; 4; 7; 80; 12; 30; 25; 15
34,54,0.62767,0.62963,3; 3; 34; 54; 15; 12; 13; 17
16,23,0.71018,0.69565,20; 17; 16; 23; 32; 17; 16; 9
8,53,0.24211,0.15094,3; 7; 8; 53; 9; 9; 13; 7
5,17,0.35202,0.29412,27; 14; 5; 17; 23; 21; 7; 29
17,66,0.28403,0.25758,5; 7; 17; 66; 19; 13; 19; 24
8,28,0.29405,0.28571,23; 23; 8; 28; 15; 17; 26; 31
15,29,0.53673,0.51724,14; 17; 15; 29; 6; 6; 16; 30
15,52,0.28494,0.28846,12; 4; 15; 52; 31; 29; 15; 11
19,27,0.775,0.7037,24; 11; 19; 27; 11; 22; 20; 9
27,43,0.61728,0.62791,4; 9; 27; 43; 7; 14; 11; 26
24,49,0.51378,0.4898,3; 9; 24; 49; 12; 11; 14; 9
34,38,0.90482,0.89474,10; 6; 34; 38; 17; 26; 13; 12
22,55,0.42684,0.4,7; 6; 22; 55; 23; 7; 24; 12
10,38,0.28457,0.26316,14; 7; 10; 38; 16; 7; 8; 31
25,40,0.60976,0.625,5; 8; 25; 40; 31; 4; 11; 16
8,80,0.26156,0.1,4; 3; 8; 80; 8; 20; 6; 25
5,56,0.2223,0.08929,17; 5; 5; 56; 26; 32; 5; 17
27,52,0.51837,0.51923,4; 6; 27; 52; 10; 18; 8; 5
17,59,0.28288,0.28814,5; 7; 17; 59; 18; 10; 9; 14
17,24,0.72049,0.70833,25; 11; 17; 24; 26; 28; 28; 11
13,50,0.29004,0.26,12; 12; 13; 50; 6; 14; 12; 16
23,61,0.39841,0.37705,3; 7; 23; 61; 17; 18; 22; 14
8,54,0.18143,0.14815,8; 12; 8; 54; 3; 13; 6; 24
6,70,0.21615,0.08571,6; 7; 6; 70; 28; 19; 13; 23
5,52,0.22147,0.09615,7; 16; 5; 52; 16; 23; 18; 3
22,61,0.35131,0.36066,7; 3; 22; 61; 13; 6; 10; 23
5,50,0.22676,0.1,7; 20; 5; 50; 32; 27; 14; 22
31,42,0.75142,0.7381,3; 8; 31; 42; 7; 13; 18; 3
28,38,0.71468,0.73684,12; 4; 28; 38; 25; 27; 32; 10
8,9,0.79441,0.88889,20; 4; 8; 9; 16; 14; 31; 27
19,27,0.70003,0.7037,22; 18; 19; 27; 17; 16; 6; 31
9,24,0.37262,0.375,12; 15; 9; 24; 16; 29; 11; 7
5,48,0.26727,0.10417,5; 12; 5; 48; 19; 3; 8; 6
9,58,0.21871,0.15517,10; 15; 9; 58; 20; 29; 17; 8
10,49,0.23932,0.20408,13; 9; 10; 49; 26; 25; 4; 7
14,69,0.21753,0.2029,3; 7; 14; 69; 9; 21; 3; 10
21,43,0.50049,0.48837,7; 8; 21; 43; 21; 3; 19; 19
8,9,0.72648,0.88889,40; 11; 8; 9; 16; 32; 7; 8
35,45,0.75738,0.77778,4; 5; 35; 45; 12; 8; 26; 15
10,49,0.23377,0.20408,7; 13; 10; 49; 4; 8; 13; 13
14,53,0.26422,0.26415,12; 14; 14; 53; 10; 6; 12; 12
22,45,0.50459,0.48889,6; 14; 22; 45; 28; 20; 26; 13
7,67,0.22396,0.10448,7; 12; 7; 67; 27; 23; 4; 7
21,58,0.3725,0.36207,6; 3; 21; 58; 22; 21; 12; 19
5,8,0.71498,0.625,31; 42; 5; 8; 30; 6; 22; 23
17,24,0.76135,0.70833,18; 6; 17; 24; 13; 16; 32; 22
18,70,0.27142,0.25714,5; 3; 18; 70; 15; 6; 32; 21
25,28,0.91011,0.89286,10; 16; 25; 28; 12; 4; 31; 25
28,36,0.77429,0.77778,15; 14; 28; 36; 21; 24; 19; 14
8,52,0.23578,0.15385,3; 10; 8; 52; 15; 23; 8; 26
30,43,0.6895,0.69767,3; 3; 30; 43; 16; 14; 27; 20
8,22,0.27944,0.36364,4; 26; 8; 22; 25; 30; 9; 10
7,46,0.25953,0.15217,5; 3; 7; 46; 15; 5; 6; 24
8,77,0.22113,0.1039,6; 4; 8; 77; 11; 25; 19; 21
34,46,0.7303,0.73913,6; 9; 34; 46; 21; 30; 17; 27
5,49,0.22863,0.10204,7; 4; 5; 49; 22; 21; 23; 14
20,48,0.42002,0.41667,14; 11; 20; 48; 9; 10; 25; 14
5,31,0.32398,0.16129,6; 17; 5; 31; 23; 31; 4; 20
5,50,0.21524,0.1,12; 4; 5; 50; 28; 16; 24; 12
25,59,0.41768,0.42373,3; 7; 25; 59; 9; 22; 9; 8
22,42,0.54687,0.52381,3; 16; 22; 42; 11; 27; 17; 12
14,71,0.22344,0.19718,4; 3; 14; 71; 10; 24; 30; 4
8,55,0.25861,0.14545,17; 16; 8; 55; 19; 17; 31; 25
7,69,0.23206,0.10145,5; 5; 7; 69; 30; 19; 26; 11
6,23,0.31935,0.26087,23; 5; 6; 23; 4; 10; 27; 11
20,50,0.39706,0.4,3; 14; 20; 50; 18; 12; 6; 31
11,21,0.56635,0.52381,21; 3; 11; 21; 14; 4; 25; 19
8,40,0.28069,0.2,19; 16; 8; 40; 29; 17; 21; 18
31,44,0.72032,0.70455,10; 8; 31; 44; 18; 23; 27; 10
18,62,0.31084,0.29032,9; 5; 18; 62; 14; 16; 13; 11
32,41,0.7832,0.78049,9; 5; 32; 41; 21; 23; 18; 12
39,44,0.87839,0.88636,5; 5; 39; 44; 5; 22; 13; 20
32,36,0.89803,0.88889,3; 6; 32; 36; 29; 18; 5; 16
7,10,0.74112,0.7,7; 17; 7; 10; 31; 26; 18; 7
24,38,0.63783,0.63158,17; 9; 24; 38; 18; 29; 16; 8
21,30,0.69718,0.7,20; 9; 21; 30; 11; 23; 20; 26
12,41,0.331,0.29268,21; 11; 12; 41; 25; 28; 11; 26
7,70,0.24252,0.1,3; 9; 7; 70; 15; 31; 29; 12
10,67,0.2414,0.14925,4; 3; 10; 67; 16; 28; 10; 32
25,32,0.82087,0.78125,16; 11; 25; 32; 23; 21; 29; 18
12,61,0.20137,0.19672,9; 4; 12; 61; 17; 11; 27; 23
32,43,0.74275,0.74419,10; 11; 32; 43; 6; 19; 11; 4
23,33,0.68075,0.69697,13; 4; 23; 33; 3; 28; 13; 10
23,64,0.3928,0.35938,4; 3; 23; 64; 11; 3; 28; 6
34,48,0.70608,0.70833,3; 5; 34; 48; 21; 17; 20; 27
41,46,0.88115,0.8913,5; 3; 41; 46; 8; 11; 11; 19
24,64,0.39403,0.375,3; 5; 24; 64; 30; 15; 6; 5
22,42,0.56052,0.52381,13; 12; 22; 42; 5; 12; 26; 27
32,43,0.70698,0.74419,6; 7; 32; 43; 29; 3; 28; 29
25,62,0.42256,0.40323,3; 4; 25; 62; 29; 19; 7; 24
11,72,0.19059,0.15278,4; 6; 11; 72; 24; 7; 3; 25
8,80,0.23805,0.1,4; 5; 8; 80; 22; 24; 4; 11
20,70,0.30298,0.28571,4; 3; 20; 70; 16; 24; 19; 15
21,50,0.43655,0.42,6; 13; 21; 50; 26; 21; 10; 21
29,59,0.50659,0.49153,3; 4; 29; 59; 18; 27; 25; 8
23,55,0.43042,0.41818,4; 4; 23; 55; 31; 15; 5; 31
5,57,0.20179,0.08772,14; 10; 5; 57; 4; 23; 27; 12
14,37,0.40231,0.37838,19; 23; 14; 37; 32; 3; 24; 23
8,82,0.272,0.09756,3; 4; 8; 82; 7; 13; 12; 20
7,35,0.27149,0.2,21; 13; 7; 35; 19; 28; 13; 30
8,77,0.23199,0.1039,3; 4; 8; 77; 25; 9; 16; 17
25,60,0.41473,0.41667,3; 5; 25; 60; 12; 11; 25; 14
38,49,0.78345,0.77551,5; 4; 38; 49; 11; 11; 20; 31
13,64,0.23586,0.20312,3; 5; 13; 64; 8; 13; 8; 5
38,49,0.75888,0.77551,4; 4; 38; 49; 4; 13; 11; 10
37,52,0.70314,0.71154,3; 4; 37; 52; 26; 5; 16; 29
11,21,0.48964,0.52381,30; 31; 11; 21; 22; 9; 7; 10
12,74,0.21984,0.16216,3; 3; 12; 74; 19; 7; 23; 18
23,61,0.36945,0.37705,3; 3; 23; 61; 23; 10; 5; 31
31,42,0.6934,0.7381,8; 4; 31; 42; 15; 14; 13; 25
10,16,0.7417,0.625,26; 7; 10; 16; 28; 25; 14; 21
7,76,0.21723,0.09211,6; 4; 7; 76; 5; 31; 28; 8
30,43,0.70831,0.69767,9; 6; 30; 43; 25; 6; 6; 15
14,20,0.72045,0.7,11; 24; 14; 20; 7; 3; 16; 28
5,49,0.21837,0.10204,22; 18; 5; 49; 29; 3; 15; 21
14,33,0.41385,0.42424,4; 21; 14; 33; 3; 30; 6; 10
15,75,0.23722,0.2,3; 4; 15; 75; 25; 18; 5; 23
21,55,0.385,0.38182,9; 3; 21; 55; 32; 10; 4; 19
39,50,0.75299,0.78,4; 4; 39; 50; 6; 17; 6; 9
14,35,0.41378,0.4,10; 16; 14; 35; 10; 15; 12; 5
9,56,0.23928,0.16071,16; 6; 9; 56; 8; 20; 13; 26
7,35,0.23195,0.2,18; 18; 7; 35; 23; 8; 15; 17
7,35,0.2167,0.2,5; 14; 7; 35; 4; 27; 19; 17
6,69,0.2518,0.08696,3; 7; 6; 69; 25; 23; 23; 22
12,75,0.22049,0.16,4; 4; 12; 75; 16; 23; 9; 14
10,50,0.26774,0.2,15; 14; 10; 50; 29; 9; 26; 12
15,52,0.31152,0.28846,12; 10; 15; 52; 31; 6; 25; 3
16,18,0.94751,0.88889,32; 28; 16; 18; 22; 7; 28; 21
20,41,0.51819,0.4878,13; 3; 20; 41; 9; 3; 19; 22
12,75,0.21242,0.16,3; 4; 12; 75; 8; 31; 6; 11
5,12,0.48085,0.41667,30; 33; 5; 12; 6; 29; 26; 19
5,51,0.27334,0.09804,11; 16; 5; 51; 20; 23; 7; 18
26,62,0.40307,0.41935,3; 5; 26; 62; 4; 31; 18; 28
16,44,0.37244,0.36364,5; 8; 16; 44; 23; 23; 18; 31
25,65,0.37848,0.38462,3; 4; 25; 65; 18; 30; 14; 4
37,53,0.69439,0.69811,4; 3; 37; 53; 17; 5; 20; 7
18,23,0.84104,0.78261,16; 6; 18; 23; 8; 7; 14; 26
14,18,0.66931,0.77778,18; 9; 14; 18; 11; 23; 8; 28
11,54,0.21978,0.2037,14; 5; 11; 54; 10; 29; 7; 24
24,60,0.42828,0.4,4; 7; 24; 60; 19; 31; 13; 15
7,9,0.67859,0.77778,31; 34; 7; 9; 24; 11; 5; 20
28,57,0.48666,0.49123,3; 5; 28; 57; 4; 27; 11; 23
20,27,0.7403,0.74074,22; 25; 20; 27; 20; 29; 6; 7
8,52,0.25794,0.15385,7; 4; 8; 52; 30; 17; 5; 16
31,44,0.69994,0.70455,6; 11; 31; 44; 12; 28; 15; 15
8,55,0.23095,0.14545,7; 17; 8; 55; 25; 26; 25; 20
13,25,0.48596,0.52,9; 19; 13; 25; 20; 8; 31; 16
8,81,0.2778,0.09877,4; 3; 8; 81; 13; 26; 26; 32
35,47,0.72503,0.74468,6; 7; 35; 47; 9; 9; 15; 10
18,23,0.88373,0.78261,11; 12; 18; 23; 30; 20; 13; 4
17,35,0.50623,0.48571,17; 9; 17; 35; 29; 5; 15; 11
17,47,0.34867,0.3617,3; 3; 17; 47; 7; 17; 30; 8
24,38,0.63228,0.63158,3; 7; 24; 38; 9; 22; 11; 28
17,42,0.39585,0.40476,10; 12; 17; 42; 25; 25; 30; 10
25,35,0.69295,0.71429,18; 12; 25; 35; 9; 3; 10; 4
11,38,0.28474,0.28947,20; 14; 11; 38; 15; 27; 4; 27
23,57,0.39362,0.40351,5; 6; 23; 57; 27; 7; 8; 29
7,79,0.23202,0.08861,6; 6; 7; 79; 26; 25; 31; 8
24,63,0.41975,0.38095,4; 4; 24; 63; 24; 7; 32; 9
6,58,0.22842,0.10345,5; 5; 6; 58; 6; 25; 30; 19
19,39,0.49149,0.48718,6; 11; 19; 39; 6; 27; 3; 14
31,49,0.62903,0.63265,3; 7; 31; 49; 12; 32; 5; 22
11,73,0.2208,0.15068,4; 4; 11; 73; 9; 10; 19; 9
10,28,0.3745,0.35714,21; 16; 10; 28; 8; 18; 27; 15
26,37,0.71155,0.7027,9; 5; 26; 37; 7; 27; 4; 3
23,64,0.35472,0.35938,5; 5; 23; 64; 11; 22; 11; 23
22,35,0.64654,0.62857,5; 12; 22; 35; 6; 22; 16; 3
15,75,0.25373,0.2,3; 3; 15; 75; 32; 5; 9; 17
5,55,0.24296,0.09091,4; 14; 5; 55; 21; 11; 13; 31
17,27,0.59668,0.62963,17; 3; 17; 27; 18; 31; 7; 31
6,63,0.2027,0.09524,14; 5; 6; 63; 23; 9; 24; 17
9,62,0.19939,0.14516,4; 8; 9; 62; 20; 18; 14; 7
8,80,0.24942,0.1,4; 4; 8; 80; 11; 14; 32; 25
10,51,0.21378,0.19608,8; 6; 10; 51; 7; 15; 6; 30
5,32,0.25854,0.15625,26; 21; 5; 32; 14; 13; 4; 4
20,68,0.30265,0.29412,4; 4; 20; 68; 4; 7; 17; 27
12,78,0.21591,0.15385,3; 3; 12; 78; 20; 17; 24; 4
34,46,0.72324,0.73913,9; 9; 34; 46; 13; 9; 30; 29
26,35,0.72283,0.74286,4; 4; 26; 35; 7; 7; 8; 22
32,43,0.73153,0.74419,8; 8; 32; 43; 26; 28; 7; 15
20,28,0.73898,0.71429,23; 12; 20; 28; 6; 28; 4; 17
34,48,0.68086,0.70833,5; 8; 34; 48; 13; 16; 3; 4
28,38,0.75091,0.73684,6; 16; 28; 38; 11; 6; 26; 22
22,61,0.38344,0.36066,3; 3; 22; 61; 3; 9; 23; 26
29,46,0.62927,0.63043,4; 8; 29; 46; 17; 24; 19; 18
19,53,0.34786,0.35849,5; 13; 19; 53; 15; 8; 21; 5
19,65,0.31363,0.29231,6; 7; 19; 65; 7; 10; 23; 13
19,47,0.40901,0.40426,7; 14; 19; 47; 12; 20; 13; 17
24,27,0.88405,0.88889,21; 6; 24; 27; 14; 23; 29; 4
14,33,0.38668,0.42424,25; 7; 14; 33; 8; 29; 27; 15
30,58,0.52235,0.51724,3; 4; 30; 58; 16; 7; 7; 18
7,27,0.24975,0.25926,8; 12; 7; 27; 3; 12; 11; 10
6,66,0.23436,0.09091,12; 9; 6; 66; 3; 9; 6; 12
9,58,0.18954,0.15517,3; 8; 9; 58; 9; 8; 7; 8
20,68,0.32728,0.29412,5; 5; 20; 68; 16; 28; 29; 7
25,51,0.48441,0.4902,6; 11; 25; 51; 11; 6; 6; 8
26,41,0.63292,0.63415,5; 12; 26; 41; 29; 10; 28; 9
21,50,0.42817,0.42,8; 3; 21; 50; 12; 18; 21; 22
7,45,0.21311,0.15556,10; 20; 7; 45; 21; 22; 23; 7
8,51,0.21659,0.15686,7; 15; 8; 51; 13; 8; 15; 23
13,65,0.26248,0.2,9; 4; 13; 65; 17; 16; 21; 23
40,45,0.86579,0.88889,5; 4; 40; 45; 16; 29; 28; 9
8,22,0.37734,0.36364,22; 34; 8; 22; 27; 21; 15; 27
7,72,0.22408,0.09722,3; 5; 7; 72; 9; 3; 10; 5
16,40,0.40903,0.4,8; 15; 16; 40; 20; 5; 32; 29
8,9,0.77391,0.88889,15; 37; 8; 9; 4; 5; 8; 24
20,48,0.4044,0.41667,13; 12; 20; 48; 18; 30; 26; 7
21,30,0.68891,0.7,23; 15; 21; 30; 29; 8; 9; 29
6,67,0.24296,0.08955,12; 7; 6; 67; 19; 14; 26; 14
29,56,0.53587,0.51786,3; 4; 29; 56; 15; 27; 32; 23
20,55,0.36706,0.36364,7; 7; 20; 55; 27; 19; 13; 18
22,52,0.4238,0.42308,10; 7; 22; 52; 7; 17; 4; 28
7,74,0.21879,0.09459,6; 7; 7; 74; 29; 8; 13; 6
25,48,0.52431,0.52083,5; 4; 25; 48; 17; 4; 31; 6
5,54,0.21567,0.09259,4; 6; 5; 54; 11; 5; 7; 28
19,50,0.3743,0.38,8; 7; 19; 50; 26; 12; 19; 19
33,47,0.67697,0.70213,3; 6; 33; 47; 23; 18; 10; 13
32,36,0.89195,0.88889,4; 12; 32; 36; 12; 16; 21; 4
26,53,0.51409,0.49057,7; 7; 26; 53; 26; 24; 4; 7
7,75,0.22251,0.09333,3; 6; 7; 75; 30; 22; 12; 16
30,43,0.65676,0.69767,5; 6; 30; 43; 15; 24; 7; 9
8,82,0.25763,0.09756,4; 3; 8; 82; 17; 32; 25; 17
32,36,0.88964,0.88889,8; 5; 32; 36; 16; 21; 5; 23
6,41,0.18174,0.14634,10; 23; 6; 41; 20; 31; 26; 13
18,43,0.45122,0.4186,5; 15; 18; 43; 11; 11; 8; 31
34,46,0.72659,0.73913,4; 6; 34; 46; 5; 20; 17; 10
36,46,0.73629,0.78261,4; 5; 36; 46; 16; 4; 27; 17
11,55,0.2377,0.2,13; 15; 11; 55; 24; 16; 6; 18
26,50,0.53195,0.52,6; 6; 26; 50; 21; 25; 5; 21
18,37,0.53337,0.48649,11; 10; 18; 37; 12; 14; 28; 26
22,61,0.38261,0.36066,6; 7; 22; 61; 19; 18; 4; 25
10,14,0.89401,0.71429,8; 23; 10; 14; 21; 11; 20; 12
28,54,0.55527,0.51852,8; 7; 28; 54; 8; 20; 10; 12
6,23,0.39322,0.26087,21; 12; 6; 23; 8; 27; 15; 27
8,49,0.20506,0.16327,9; 8; 8; 49; 14; 17; 3; 17
20,55,0.35856,0.36364,4; 7; 20; 55; 32; 23; 21; 18
14,35,0.41394,0.4,22; 19; 14; 35; 20; 4; 21; 15
16,45,0.36359,0.35556,13; 7; 16; 45; 31; 10; 17; 4
29,41,0.6765,0.70732,13; 5; 29; 41; 7; 20; 3; 26
33,37,0.88514,0.89189,10; 12; 33; 37; 8; 31; 21; 6
19,53,0.35519,0.35849,9; 6; 19; 53; 4; 30; 19; 4
24,49,0.49962,0.4898,4; 5; 24; 49; 11; 15; 25; 15
17,43,0.39507,0.39535,13; 8; 17; 43; 4; 27; 17; 16
31,42,0.73473,0.7381,9; 7; 31; 42; 30; 24; 9; 11
6,58,0.22231,0.10345,14; 14; 6; 58; 27; 7; 8; 23
17,66,0.27563,0.25758,4; 4; 17; 66; 25; 5; 7; 25
24,63,0.36235,0.38095,4; 3; 24; 63; 13; 19; 32; 6
9,60,0.21878,0.15,5; 12; 9; 60; 18; 18; 15; 13
8,53,0.2172,0.15094,8; 8; 8; 53; 15; 10; 18; 10
7,45,0.22866,0.15556,7; 13; 7; 45; 14; 30; 8; 19
37,52,0.72044,0.71154,4; 4; 37; 52; 30; 14; 9; 4
10,38,0.28091,0.26316,3; 24; 10; 38; 14; 3; 7; 29
17,33,0.49162,0.51515,22; 17; 17; 33; 26; 7; 15; 3
14,27,0.49705,0.51852,15; 4; 14; 27; 24; 17; 28; 23
10,26,0.36692,0.38462,15; 19; 10; 26; 26; 5; 3; 32
10,35,0.2527,0.28571,5; 22; 10; 35; 3; 32; 24; 24
11,21,0.50865,0.52381,14; 22; 11; 21; 22; 3; 23; 22
15,29,0.51823,0.51724,23; 9; 15; 29; 15; 30; 13; 27
30,42,0.7208,0.71429,4; 12; 30; 42; 18; 22; 7; 19
34,54,0.61361,0.62963,3; 5; 34; 54; 8; 31; 31; 20
22,58,0.37497,0.37931,3; 6; 22; 58; 32; 14; 25; 4
6,41,0.20763,0.14634,18; 7; 6; 41; 24; 29; 25; 18
25,32,0.79694,0.78125,15; 9; 25; 32; 22; 3; 18; 26
10,35,0.29394,0.28571,9; 22; 10; 35; 9; 8; 19; 19
26,53,0.50081,0.49057,3; 5; 26; 53; 22; 8; 8; 3
5,13,0.31459,0.38462,19; 3; 5; 13; 13; 32; 3; 15
7,68,0.24977,0.10294,6; 5; 7; 68; 7; 25; 23; 27
12,19,0.62833,0.63158,17; 17; 12; 19; 21; 12; 7; 5
6,68,0.24719,0.08824,9; 9; 6; 68; 8; 6; 31; 30
35,49,0.71728,0.71429,4; 5; 35; 49; 30; 13; 17; 12
20,32,0.61487,0.625,22; 8; 20; 32; 3; 6; 8; 21
5,7,0.71713,0.71429,18; 21; 5; 7; 11; 28; 17; 19
32,36,0.87545,0.88889,14; 10; 32; 36; 25; 4; 21; 11
38,49,0.78435,0.77551,4; 3; 38; 49; 3; 5; 5; 5
22,35,0.63195,0.62857,12; 17; 22; 35; 16; 22; 23; 30
9,34,0.31749,0.26471,24; 14; 9; 34; 26; 5; 27; 26
19,47,0.40015,0.40426,10; 15; 19; 47; 9; 30; 11; 21
41,46,0.879,0.8913,4; 5; 41; 46; 15; 16; 9; 10
18,63,0.30928,0.28571,6; 4; 18; 63; 15; 16; 12; 14
18,43,0.40553,0.4186,15; 17; 18; 43; 23; 10; 12; 8
31,35,0.86871,0.88571,14; 4; 31; 35; 16; 26; 22; 11
35,45,0.7919,0.77778,7; 8; 35; 45; 23; 8; 19; 24
13,64,0.24682,0.20312,6; 5; 13; 64; 7; 19; 5; 28
8,78,0.25471,0.10256,6; 3; 8; 78; 27; 14; 27; 26
10,16,0.56911,0.625,16; 13; 10; 16; 6; 26; 32; 18
5,14,0.3783,0.35714,13; 30; 5; 14; 23; 15; 27; 6
20,56,0.35317,0.35714,3; 4; 20; 56; 18; 20; 26; 24
12,42,0.28977,0.28571,21; 5; 12; 42; 11; 22; 6; 31
26,53,0.47492,0.49057,9; 8; 26; 53; 13; 7; 16; 29
12,17,0.7217,0.70588,14; 13; 12; 17; 19; 13; 18; 30
20,41,0.50002,0.4878,13; 3; 20; 41; 29; 19; 11; 5
22,52,0.40666,0.42308,3; 3; 22; 52; 6; 32; 10; 31
15,36,0.42223,0.41667,12; 22; 15; 36; 6; 8; 32; 25
13,25,0.51904,0.52,11; 27; 13; 25; 27; 17; 14; 14
14,53,0.271,0.26415,6; 14; 14; 53; 22; 21; 27; 22
31,44,0.69672,0.70455,5; 6; 31; 44; 6; 28; 11; 27
42,47,0.90553,0.89362,4; 4; 42; 47; 19; 21; 15; 10
27,52,0.52715,0.51923,8; 9; 27; 52; 5; 30; 17; 18
17,33,0.53696,0.51515,18; 18; 17; 33; 21; 14; 31; 4
7,82,0.28292,0.08537,4; 4; 7; 82; 17; 30; 18; 12
15,58,0.27613,0.25862,8; 7; 15; 58; 28; 31; 31; 5
16,18,0.88109,0.88889,22; 22; 16; 18; 20; 23; 19; 20
6,38,0.30045,0.15789,17; 15; 6; 38; 13; 28; 31; 24
32,51,0.64871,0.62745,6; 3; 32; 51; 22; 24; 15; 5
24,38,0.63474,0.63158,17; 13; 24; 38; 29; 21; 11; 26
17,42,0.41911,0.40476,10; 3; 17; 42; 6; 32; 19; 11
27,55,0.49219,0.49091,7; 6; 27; 55; 12; 26; 32; 13
28,38,0.71854,0.73684,6; 4; 28; 38; 13; 25; 18; 15
12,77,0.20098,0.15584,4; 3; 12; 77; 23; 20; 13; 3
24,38,0.59858,0.63158,11; 13; 24; 38; 21; 6; 3; 18
25,51,0.51551,0.4902,6; 11; 25; 51; 6; 3; 31; 3
36,46,0.77383,0.78261,3; 4; 36; 46; 23; 8; 11; 14
6,30,0.28324,0.2,19; 4; 6; 30; 14; 24; 7; 19
17,33,0.54337,0.51515,9; 22; 17; 33; 9; 8; 22; 26
33,47,0.6957,0.70213,4; 6; 33; 47; 24; 25; 5; 9
36,46,0.79534,0.78261,6; 7; 36; 46; 10; 13; 5; 14
27,52,0.55984,0.51923,7; 5; 27; 52; 23; 24; 30; 10
18,37,0.49464,0.48649,4; 11; 18; 37; 6; 9; 13; 23
18,68,0.28365,0.26471,6; 5; 18; 68; 10; 15; 31; 28
8,51,0.26966,0.15686,9; 12; 8; 51; 9; 30; 17; 19
8,80,0.22308,0.1,3; 4; 8; 80; 31; 23; 19; 23
8,22,0.36215,0.36364,32; 33; 8; 22; 5; 21; 16; 8
10,35,0.28526,0.28571,8; 20; 10; 35; 31; 7; 31; 21
12,46,0.26931,0.26087,19; 5; 12; 46; 22; 22; 7; 12
15,57,0.27115,0.26316,6; 4; 15; 57; 31; 14; 24; 11
17,59,0.29471,0.28814,7; 3; 17; 59; 10; 24; 31; 22
22,61,0.36392,0.36066,4; 6; 22; 61; 28; 13; 32; 9
10,34,0.28426,0.29412,6; 4; 10; 34; 12; 29; 15; 29
7,10,0.59569,0.7,20; 8; 7; 10; 25; 21; 3; 19
8,19,0.4521,0.42105,22; 8; 8; 19; 12; 29; 20; 24
8,77,0.22158,0.1039,3; 3; 8; 77; 12; 13; 15; 11
35,47,0.71425,0.74468,6; 7; 35; 47; 30; 4; 7; 31
10,50,0.2447,0.2,4; 7; 10; 50; 28; 18; 11; 15
32,36,0.89121,0.88889,15; 13; 32; 36; 11; 6; 13; 21
33,52,0.6191,0.63462,6; 4; 33; 52; 23; 8; 3; 16
29,56,0.53497,0.51786,6; 4; 29; 56; 15; 23; 7; 21
24,46,0.53033,0.52174,5; 12; 24; 46; 25; 16; 18; 18
32,43,0.71036,0.74419,6; 5; 32; 43; 19; 8; 17; 9
11,43,0.31762,0.25581,19; 5; 11; 43; 16; 29; 14; 14
20,56,0.38266,0.35714,5; 6; 20; 56; 28; 5; 17; 14
25,32,0.76473,0.78125,14; 7; 25; 32; 24; 22; 26; 5
27,43,0.6061,0.62791,5; 8; 27; 43; 5; 24; 32; 7
15,74,0.24913,0.2027,3; 3; 15; 74; 29; 31; 11; 25
28,36,0.73357,0.77778,8; 15; 28; 36; 12; 13; 32; 14
18,69,0.29259,0.26087,5; 4; 18; 69; 7; 12; 17; 9
12,17,0.77596,0.70588,11; 30; 12; 17; 11; 8; 27; 24
11,71,0.21202,0.15493,5; 8; 11; 71; 7; 7; 15; 17
36,51,0.6849,0.70588,3; 4; 36; 51; 26; 16; 6; 9
5,25,0.31402,0.2,8; 34; 5; 25; 16; 25; 23; 16
7,45,0.26245,0.15556,16; 22; 7; 45; 6; 14; 16; 22
31,40,0.77074,0.775,12; 5; 31; 40; 20; 31; 31; 12
23,55,0.44534,0.41818,10; 8; 23; 55; 30; 7; 29; 20
15,39,0.41431,0.38462,11; 9; 15; 39; 31; 9; 16; 19
25,34,0.71428,0.73529,14; 17; 25; 34; 11; 23; 12; 7
6,65,0.18766,0.09231,6; 10; 6; 65; 7; 8; 25; 23
6,66,0.2427,0.09091,7; 10; 6; 66; 9; 25; 17; 7
27,52,0.5368,0.51923,9; 7; 27; 52; 19; 5; 5; 25
8,22,0.38909,0.36364,3; 11; 8; 22; 10; 24; 25; 27
6,69,0.23026,0.08696,8; 5; 6; 69; 21; 23; 14; 19
5,57,0.25873,0.08772,14; 7; 5; 57; 28; 11; 25; 20
25,28,0.87285,0.89286,12; 21; 25; 28; 18; 7; 5; 27
16,18,0.86008,0.88889,10; 27; 16; 18; 12; 7; 31; 23
21,30,0.67347,0.7,14; 17; 21; 30; 31; 29; 29; 7
32,43,0.736,0.74419,10; 8; 32; 43; 20; 30; 5; 25
26,50,0.52831,0.52,6; 8; 26; 50; 7; 29; 23; 5
42,47,0.86865,0.89362,4; 3; 42; 47; 19; 26; 7; 21
33,52,0.60469,0.63462,4; 5; 33; 52; 4; 4; 21; 11
9,46,0.16654,0.19565,12; 7; 9; 46; 22; 28; 23; 20
8,51,0.20725,0.15686,9; 17; 8; 51; 24; 15; 27; 6
30,58,0.51016,0.51724,4; 4; 30; 58; 13; 32; 22; 17
24,46,0.51503,0.52174,14; 9; 24; 46; 5; 23; 12; 24
7,10,0.78282,0.7,14; 27; 7; 10; 15; 6; 14; 15
14,33,0.36284,0.42424,4; 12; 14; 33; 12; 20; 32; 12
36,51,0.70481,0.70588,4; 3; 36; 51; 4; 25; 8; 13
11,69,0.22347,0.15942,6; 3; 11; 69; 14; 30; 21; 29
11,67,0.20791,0.16418,7; 7; 11; 67; 12; 25; 28; 24
16,56,0.29702,0.28571,7; 10; 16; 56; 9; 28; 26; 24
17,23,0.80208,0.73913,13; 4; 17; 23; 23; 31; 17; 13
5,49,0.25444,0.10204,11; 8; 5; 49; 10; 5; 8; 7
12,76,0.24609,0.15789,4; 4; 12; 76; 23; 9; 30; 8
23,44,0.54726,0.52273,12; 5; 23; 44; 15; 16; 10; 30
23,64,0.34713,0.35938,4; 3; 23; 64; 25; 7; 16; 6
20,48,0.40285,0.41667,10; 11; 20; 48; 26; 5; 24; 14
11,75,0.24439,0.14667,3; 5; 11; 75; 9; 15; 26; 5
14,37,0.37068,0.37838,15; 21; 14; 37; 9; 11; 30; 13
20,55,0.38841,0.36364,10; 7; 20; 55; 28; 17; 29; 14
22,55,0.39093,0.4,6; 6; 22; 55; 29; 5; 12; 10
12,78,0.23331,0.15385,3; 3; 12; 78; 29; 6; 31; 12
24,49,0.50369,0.4898,5; 8; 24; 49; 13; 22; 18; 27
10,28,0.33448,0.35714,3; 19; 10; 28; 18; 20; 12; 29
23,61,0.37932,0.37705,7; 5; 23; 61; 5; 12; 18; 29
7,71,0.21544,0.09859,7; 10; 7; 71; 5; 7; 13; 8
33,47,0.69107,0.70213,7; 6; 33; 47; 6; 8; 26; 30
16,42,0.38537,0.38095,3; 8; 16; 42; 10; 17; 7; 4
29,41,0.69788,0.70732,3; 4; 29; 41; 24; 17; 20; 9
16,61,0.28627,0.2623,5; 6; 16; 61; 5; 20; 9; 30
10,35,0.27728,0.28571,19; 17; 10; 35; 16; 14; 30; 25
17,65,0.24217,0.26154,6; 5; 17; 65; 8; 3; 5; 18
21,27,0.80273,0.77778,14; 15; 21; 27; 27; 12; 32; 14
21,59,0.34232,0.35593,6; 9; 21; 59; 19; 24; 20; 24
6,63,0.24009,0.09524,9; 14; 6; 63; 13; 29; 12; 27
5,48,0.27403,0.10417,21; 14; 5; 48; 25; 3; 5; 31
8,77,0.2567,0.1039,5; 6; 8; 77; 5; 23; 31; 10
6,67,0.23886,0.08955,6; 7; 6; 67; 20; 9; 14; 6
6,68,0.23034,0.08824,4; 12; 6; 68; 7; 6; 10; 27
17,33,0.53025,0.51515,16; 19; 17; 33; 7; 28; 3; 5
12,47,0.26441,0.25532,9; 9; 12; 47; 21; 20; 28; 7
17,58,0.3132,0.2931,7; 6; 17; 58; 23; 8; 13; 8
15,39,0.39644,0.38462,4; 15; 15; 39; 12; 27; 9; 20
7,82,0.24144,0.08537,3; 4; 7; 82; 31; 16; 11; 20
8,22,0.3471,0.36364,28; 19; 8; 22; 19; 15; 7; 12
23,44,0.52792,0.52273,10; 5; 23; 44; 11; 6; 23; 5
29,46,0.61405,0.63043,5; 4; 29; 46; 8; 30; 12; 11
30,43,0.68944,0.69767,7; 9; 30; 43; 29; 11; 23; 7
26,37,0.7282,0.7027,8; 8; 26; 37; 26; 23; 14; 4
17,65,0.2638,0.26154,7; 6; 17; 65; 27; 7; 26; 16
17,66,0.25013,0.25758,7; 4; 17; 66; 16; 10; 21; 5
13,31,0.40912,0.41935,24; 15; 13; 31; 26; 27; 29; 11
17,43,0.45879,0.39535,10; 17; 17; 43; 22; 31; 30; 6
24,57,0.4288,0.42105,3; 5; 24; 57; 28; 20; 31; 14
39,44,0.86748,0.88636,4; 4; 39; 44; 21; 3; 3; 17
21,27,0.78964,0.77778,21; 16; 21; 27; 12; 10; 12; 30
6,65,0.2036,0.09231,11; 10; 6; 65; 4; 29; 21; 23
24,66,0.35105,0.36364,3; 4; 24; 66; 4; 22; 32; 19
14,71,0.24027,0.19718,5; 4; 14; 71; 15; 17; 19; 27
8,40,0.30283,0.2,23; 4; 8; 40; 15; 25; 3; 32
17,58,0.29336,0.2931,8; 8; 17; 58; 5; 15; 14; 11
14,20,0.78493,0.7,23; 16; 14; 20; 28; 14; 17; 32
9,61,0.21085,0.14754,6; 9; 9; 61; 8; 19; 31; 30
24,60,0.4157,0.4,5; 4; 24; 60; 11; 8; 12; 10
17,65,0.29699,0.26154,6; 4; 17; 65; 17; 19; 29; 18
5,54,0.24677,0.09259,4; 9; 5; 54; 26; 14; 10; 9
14,19,0.78476,0.73684,8; 5; 14; 19; 15; 20; 22; 7
10,14,0.81311,0.71429,18; 14; 10; 14; 12; 27; 15; 4
15,24,0.62988,0.625,26; 11; 15; 24; 15; 21; 16; 10
19,27,0.75323,0.7037,4; 20; 19; 27; 11; 16; 25; 26
23,61,0.40511,0.37705,4; 6; 23; 61; 18; 18; 31; 17
23,47,0.52258,0.48936,12; 8; 23; 47; 10; 32; 5; 24
32,46,0.65451,0.69565,6; 10; 32; 46; 10; 15; 32; 5
30,48,0.59997,0.625,4; 3; 30; 48; 31; 12; 5; 9
29,56,0.5303,0.51786,4; 3; 29; 56; 4; 17; 24; 25
17,59,0.30488,0.28814,10; 7; 17; 59; 17; 3; 6; 27
19,30,0.69034,0.63333,21; 8; 19; 30; 26; 3; 26; 17
21,50,0.41681,0.42,13; 10; 21; 50; 14; 10; 8; 4
12,19,0.62498,0.63158,8; 15; 12; 19; 31; 13; 13; 20
5,58,0.22999,0.08621,16; 7; 5; 58; 11; 13; 13; 14
17,27,0.62782,0.62963,11; 7; 17; 27; 11; 20; 5; 22
27,43,0.63579,0.62791,5; 4; 27; 43; 21; 5; 23; 13
5,13,0.46548,0.38462,11; 19; 5; 13; 21; 26; 19; 9
25,51,0.44393,0.4902,8; 9; 25; 51; 17; 31; 21; 23
34,54,0.61197,0.62963,5; 3; 34; 54; 17; 24; 10; 30
23,44,0.54166,0.52273,6; 10; 23; 44; 7; 6; 5; 19
5,8,0.73016,0.625,31; 28; 5; 8; 10; 8; 19; 27
12,23,0.52476,0.52174,20; 29; 12; 23; 16; 11; 32; 5
27,38,0.68941,0.71053,15; 3; 27; 38; 17; 32; 7; 16
9,60,0.22576,0.15,5; 13; 9; 60; 21; 19; 14; 7
7,75,0.20975,0.09333,8; 6; 7; 75; 4; 17; 26; 25
18,23,0.9091,0.78261,7; 27; 18; 23; 10; 23; 11; 25
6,70,0.2406,0.08571,6; 10; 6; 70; 8; 32; 23; 20
9,57,0.1958,0.15789,10; 16; 9; 57; 4; 5; 21; 4
21,43,0.48596,0.48837,12; 10; 21; 43; 20; 21; 31; 23
14,20,0.75428,0.7,3; 31; 14; 20; 6; 13; 17; 13
18,69,0.2634,0.26087,3; 3; 18; 69; 8; 27; 18; 10
12,46,0.26624,0.26087,9; 20; 12; 46; 30; 25; 16; 5
10,14,0.88675,0.71429,7; 35; 10; 14; 17; 19; 13; 11
6,40,0.21527,0.15,23; 8; 6; 40; 24; 9; 15; 28
16,55,0.30239,0.29091,10; 4; 16; 55; 6; 13; 18; 19
24,57,0.41288,0.42105,7; 5; 24; 57; 8; 25; 14; 9
13,45,0.31431,0.28889,20; 20; 13; 45; 28; 24; 17; 9
25,32,0.78715,0.78125,3; 9; 25; 32; 16; 16; 20; 16
14,18,0.85026,0.77778,4; 8; 14; 18; 9; 26; 23; 7
5,54,0.25278,0.09259,4; 16; 5; 54; 21; 7; 27; 5
11,54,0.23219,0.2037,14; 9; 11; 54; 24; 23; 3; 5
17,27,0.62744,0.62963,20; 5; 17; 27; 19; 8; 9; 6
23,47,0.51086,0.48936,9; 9; 23; 47; 14; 23; 27; 8
41,46,0.85444,0.8913,4; 4; 41; 46; 6; 24; 32; 12
19,39,0.50238,0.48718,5; 19; 19; 39; 19; 4; 21; 27
18,69,0.26977,0.26087,3; 5; 18; 69; 24; 20; 13; 12
8,9,0.79952,0.88889,22; 40; 8; 9; 5; 14; 6; 15
7,47,0.26934,0.14894,8; 7; 7; 47; 7; 20; 3; 9
36,46,0.75017,0.78261,7; 5; 36; 46; 13; 7; 28; 32
17,58,0.32798,0.2931,8; 8; 17; 58; 11; 4; 16; 8
19,50,0.37304,0.38,4; 14; 19; 50; 25; 12; 25; 30
23,57,0.41877,0.40351,4; 7; 23; 57; 11; 12; 26; 21
17,42,0.42826,0.40476,3; 12; 17; 42; 25; 11; 7; 8
14,49,0.28042,0.28571,13; 16; 14; 49; 32; 3; 32; 10
20,41,0.51142,0.4878,13; 18; 20; 41; 7; 30; 23; 31
25,35,0.69821,0.71429,8; 12; 25; 35; 6; 22; 24; 24
35,49,0.70588,0.71429,3; 5; 35; 49; 23; 23; 9; 30
7,71,0.22316,0.09859,8; 9; 7; 71; 12; 4; 10; 7
17,66,0.2769,0.25758,5; 7; 17; 66; 15; 25; 7; 4
21,59,0.37749,0.35593,5; 8; 21; 59; 4; 22; 24; 15
9,45,0.22503,0.2,21; 17; 9; 45; 28; 10; 11; 3
7,67,0.24539,0.10448,8; 6; 7; 67; 14; 23; 10; 25
29,46,0.64447,0.63043,11; 3; 29; 46; 31; 12; 8; 8
17,45,0.39299,0.37778,11; 7; 17; 45; 10; 22; 25; 24
10,16,0.65958,0.625,13; 31; 10; 16; 12; 6; 31; 10
6,30,0.24954,0.2,18; 9; 6; 30; 8; 9; 13; 32
23,47,0.48651,0.48936,8; 4; 23; 47; 9; 15; 15; 24
29,39,0.71293,0.74359,5; 7; 29; 39; 8; 13; 6; 12
11,68,0.20021,0.16176,9; 4; 11; 68; 26; 25; 19; 17
12,59,0.25086,0.20339,4; 13; 12; 59; 18; 23; 17; 16
5,7,0.73102,0.71429,5; 8; 5; 7; 14; 11; 29; 21
16,56,0.2933,0.28571,13; 10; 16; 56; 22; 27; 19; 25
5,58,0.23,0.08621,12; 17; 5; 58; 4; 20; 14; 16
21,43,0.52967,0.48837,14; 9; 21; 43; 25; 6; 29; 4
12,59,0.222,0.20339,13; 5; 12; 59; 7; 16; 13; 13
7,77,0.23326,0.09091,7; 3; 7; 77; 10; 29; 13; 19
11,43,0.27681,0.25581,16; 13; 11; 43; 15; 29; 17; 14
12,32,0.38461,0.375,19; 14; 12; 32; 19; 22; 3; 23
28,57,0.5006,0.49123,4; 3; 28; 57; 18; 7; 27; 18
15,51,0.30317,0.29412,9; 8; 15; 51; 14; 31; 23; 27
13,50,0.27787,0.26,11; 14; 13; 50; 7; 16; 21; 30
10,24,0.31997,0.41667,4; 25; 10; 24; 25; 14; 6; 14
25,34,0.74733,0.73529,11; 18; 25; 34; 3; 3; 29; 28
9,45,0.25071,0.2,4; 19; 9; 45; 26; 24; 12; 24
6,70,0.25802,0.08571,4; 9; 6; 70; 13; 19; 31; 6
14,19,0.85254,0.73684,13; 17; 14; 19; 16; 23; 23; 8
21,27,0.77677,0.77778,19; 7; 21; 27; 22; 25; 22; 10
33,37,0.90333,0.89189,6; 13; 33; 37; 15; 6; 31; 22
15,75,0.24396,0.2,3; 3; 15; 75; 23; 7; 13; 25
17,33,0.55451,0.51515,4; 20; 17; 33; 23; 30; 25; 12
8,52,0.24685,0.15385,13; 16; 8; 52; 11; 15; 23; 17
22,52,0.43055,0.42308,11; 5; 22; 52; 18; 18; 19; 8
29,46,0.6228,0.63043,3; 10; 29; 46; 24; 5; 27; 24
14,53,0.2817,0.26415,15; 14; 14; 53; 32; 22; 7; 22
18,69,0.31517,0.26087,4; 5; 18; 69; 16; 4; 28; 7
6,62,0.23324,0.09677,7; 4; 6; 62; 9; 7; 4; 27
29,59,0.49813,0.49153,3; 5; 29; 59; 29; 29; 20; 17
31,40,0.7783,0.775,5; 7; 31; 40; 29; 28; 6; 21
7,44,0.18989,0.15909,9; 20; 7; 44; 3; 32; 23; 17
20,50,0.40792,0.4,13; 6; 20; 50; 14; 30; 6; 18
40,45,0.91152,0.88889,5; 6; 40; 45; 28; 13; 18; 23
7,10,0.75803,0.7,11; 34; 7; 10; 6; 28; 27; 14
26,41,0.61158,0.63415,13; 5; 26; 41; 24; 16; 8; 4
18,37,0.48588,0.48649,4; 12; 18; 37; 20; 19; 15; 8
8,28,0.33972,0.28571,5; 29; 8; 28; 28; 11; 9; 28
36,46,0.76429,0.78261,7; 8; 36; 46; 7; 6; 18; 10
16,56,0.27636,0.28571,13; 7; 16; 56; 22; 5; 28; 24
6,69,0.20729,0.08696,3; 11; 6; 69; 10; 6; 8; 13
5,7,0.83167,0.71429,29; 27; 5; 7; 7; 16; 14; 6
26,50,0.52894,0.52,9; 3; 26; 50; 12; 15; 7; 22
28,36,0.75806,0.77778,10; 12; 28; 36; 22; 19; 8; 30
25,59,0.42641,0.42373,7; 5; 25; 59; 28; 12; 3; 13
16,40,0.38896,0.4,9; 6; 16; 40; 14; 24; 26; 7
14,54,0.3029,0.25926,10; 13; 14; 54; 7; 20; 6; 18
17,35,0.49196,0.48571,20; 9; 17; 35; 4; 17; 8; 31
33,47,0.65573,0.70213,8; 3; 33; 47; 9; 27; 22; 15
11,68,0.20718,0.16176,8; 3; 11; 68; 17; 16; 28; 32
15,75,0.24969,0.2,4; 4; 15; 75; 21; 19; 19; 27
7,24,0.25689,0.29167,16; 30; 7; 24; 16; 18; 5; 30
23,33,0.73764,0.69697,12; 20; 23; 33; 23; 32; 30; 5
5,51,0.26336,0.09804,21; 18; 5; 51; 6; 21; 5; 28
21,27,0.83796,0.77778,20; 5; 21; 27; 27; 20; 17; 21
28,54,0.54652,0.51852,3; 6; 28; 54; 23; 20; 20; 13
27,38,0.66989,0.71053,11; 3; 27; 38; 11; 32; 3; 6
10,39,0.28684,0.25641,15; 9; 10; 39; 19; 19; 7; 11
21,27,0.80793,0.77778,14; 9; 21; 27; 23; 9; 5; 29
6,15,0.40535,0.4,7; 12; 6; 15; 29; 13; 29; 18
18,43,0.45368,0.4186,12; 15; 18; 43; 8; 12; 31; 31
32,36,0.88378,0.88889,11; 5; 32; 36; 26; 24; 17; 13
41,46,0.87856,0.8913,3; 5; 41; 46; 30; 19; 7; 3
20,52,0.38237,0.38462,12; 4; 20; 52; 28; 28; 16; 20
25,59,0.44363,0.42373,7; 4; 25; 59; 3; 4; 14; 3
17,23,0.83009,0.73913,22; 28; 17; 23; 15; 7; 32; 15
6,70,0.2298,0.08571,8; 8; 6; 70; 29; 28; 7; 27
17,19,0.91708,0.89474,6; 7; 17; 19; 28; 30; 7; 10
8,52,0.22727,0.15385,16; 16; 8; 52; 26; 8; 14; 22
32,46,0.68984,0.69565,7; 5; 32; 46; 15; 13; 7; 27
14,19,0.76265,0.73684,29; 22; 14; 19; 9; 18; 25; 31
16,56,0.29719,0.28571,9; 7; 16; 56; 8; 28; 23; 31
23,47,0.52331,0.48936,8; 6; 23; 47; 20; 16; 7; 7
25,48,0.53091,0.52083,12; 5; 25; 48; 20; 8; 6; 21
21,30,0.69654,0.7,9; 6; 21; 30; 9; 7; 30; 27
5,52,0.23839,0.09615,7; 10; 5; 52; 14; 19; 24; 15
16,61,0.30045,0.2623,4; 3; 16; 61; 4; 11; 3; 14
31,35,0.90119,0.88571,13; 7; 31; 35; 32; 22; 24; 14
39,50,0.79237,0.78,4; 3; 39; 50; 22; 22; 3; 21
7,69,0.22461,0.10145,10; 10; 7; 69; 12; 14; 29; 15
33,37,0.8988,0.89189,5; 11; 33; 37; 11; 28; 17; 17
36,46,0.76979,0.78261,7; 8; 36; 46; 5; 21; 22; 31
14,35,0.35771,0.4,24; 24; 14; 35; 30; 19; 19; 19
6,63,0.20127,0.09524,8; 6; 6; 63; 6; 4; 13; 9
21,27,0.83463,0.77778,10; 14; 21; 27; 21; 30; 27; 4
17,35,0.54515,0.48571,5; 17; 17; 35; 7; 22; 15; 9
32,36,0.86288,0.88889,14; 7; 32; 36; 18; 8; 13; 17
7,71,0.262,0.09859,6; 10; 7; 71; 15; 14; 6; 9
8,79,0.25035,0.10127,3; 5; 8; 79; 10; 6; 29; 29
5,31,0.24113,0.16129,28; 11; 5; 31; 17; 26; 20; 30
9,25,0.35814,0.36,19; 25; 9; 25; 8; 23; 16; 16
17,23,0.72128,0.73913,4; 19; 17; 23; 15; 17; 16; 4
17,35,0.47335,0.48571,9; 19; 17; 35; 3; 19; 26; 7
11,74,0.25716,0.14865,6; 6; 11; 74; 18; 23; 15; 21
41,46,0.91431,0.8913,5; 4; 41; 46; 6; 6; 27; 13
13,64,0.25076,0.20312,5; 5; 13; 64; 8; 25; 14; 18
33,52,0.60443,0.63462,4; 4; 33; 52; 28; 7; 5; 24
13,45,0.30226,0.28889,18; 15; 13; 45; 24; 3; 26; 20
34,54,0.62571,0.62963,4; 3; 34; 54; 8; 26; 32; 6
26,37,0.69243,0.7027,6; 4; 26; 37; 26; 21; 14; 6
8,78,0.24218,0.10256,4; 6; 8; 78; 6; 9; 15; 28
14,20,0.76992,0.7,10; 25; 14; 20; 12; 6; 3; 26
20,32,0.62889,0.625,14; 14; 20; 32; 7; 23; 32; 4
6,39,0.25423,0.15385,16; 6; 6; 39; 14; 19; 23; 28
20,52,0.36336,0.38462,6; 8; 20; 52; 29; 30; 25; 7
14,19,0.7599,0.73684,24; 3; 14; 19; 20; 25; 6; 4
6,59,0.20377,0.10169,6; 16; 6; 59; 28; 21; 30; 8
18,37,0.49346,0.48649,15; 4; 18; 37; 9; 25; 9; 16
7,48,0.22804,0.14583,17; 3; 7; 48; 15; 31; 21; 6
17,43,0.42285,0.39535,10; 7; 17; 43; 27; 5; 31; 26
31,44,0.71052,0.70455,10; 8; 31; 44; 30; 3; 28; 19
5,12,0.4934,0.41667,36; 30; 5; 12; 11; 19; 18; 23
28,40,0.67821,0.7,9; 11; 28; 40; 5; 32; 28; 23
9,58,0.25233,0.15517,13; 12; 9; 58; 30; 7; 23; 5
17,65,0.28254,0.26154,6; 8; 17; 65; 14; 16; 22; 20
31,42,0.72913,0.7381,3; 12; 31; 42; 30; 7; 18; 9
10,26,0.36395,0.38462,19; 25; 10; 26; 4; 29; 32; 29
21,30,0.69604,0.7,10; 23; 21; 30; 21; 15; 24; 5
15,75,0.24957,0.2,3; 3; 15; 75; 23; 18; 23; 24
20,48,0.41053,0.41667,13; 11; 20; 48; 31; 30; 16; 14
16,62,0.28099,0.25806,10; 5; 16; 62; 16; 7; 20; 15
10,67,0.18299,0.14925,10; 7; 10; 67; 12; 19; 24; 28
12,17,0.77903,0.70588,6; 24; 12; 17; 4; 27; 5; 15
19,50,0.39568,0.38,3; 9; 19; 50; 15; 31; 3; 21
26,50,0.52565,0.52,9; 11; 26; 50; 13; 27; 27; 24
37,50,0.73708,0.74,5; 4; 37; 50; 26; 18; 8; 24
8,28,0.32107,0.28571,26; 13; 8; 28; 17; 22; 19; 18
24,34,0.6989,0.70588,14; 13; 24; 34; 29; 25; 13; 3
12,41,0.30309,0.29268,10; 11; 12; 41; 32; 5; 9; 25
21,59,0.32319,0.35593,4; 5; 21; 59; 26; 14; 20; 7
10,51,0.24478,0.19608,5; 13; 10; 51; 23; 19; 19; 22
30,43,0.71379,0.69767,8; 9; 30; 43; 14; 4; 16; 30
10,51,0.23914,0.19608,5; 5; 10; 51; 18; 26; 11; 24
20,68,0.33566,0.29412,3; 3; 20; 68; 3; 5; 11; 30
39,44,0.89315,0.88636,4; 3; 39; 44; 10; 5; 30; 8
15,51,0.32215,0.29412,6; 15; 15; 51; 18; 22; 24; 32
14,33,0.41577,0.42424,21; 11; 14; 33; 5; 10; 30; 27
15,24,0.63207,0.625,25; 14; 15; 24; 27; 4; 8; 6
21,52,0.37372,0.40385,8; 9; 21; 52; 24; 14; 20; 12
18,50,0.363,0.36,12; 3; 18; 50; 20; 30; 27; 4
5,17,0.36844,0.29412,35; 38; 5; 17; 21; 9; 8; 22
18,37,0.53185,0.48649,16; 17; 18; 37; 18; 30; 5; 21
10,50,0.24319,0.2,17; 12; 10; 50; 32; 14; 31; 17
6,70,0.24828,0.08571,3; 6; 6; 70; 7; 24; 21; 12
17,66,0.27512,0.25758,6; 6; 17; 66; 14; 28; 28; 15
37,53,0.67203,0.69811,4; 4; 37; 53; 30; 28; 14; 7
5,48,0.25989,0.10417,4; 10; 5; 48; 23; 10; 16; 26
32,36,0.8965,0.88889,3; 7; 32; 36; 28; 20; 16; 25
16,56,0.29836,0.28571,7; 11; 16; 56; 29; 11; 4; 31
21,59,0.40526,0.35593,8; 8; 21; 59; 17; 21; 3; 24
12,19,0.68644,0.63158,21; 13; 12; 19; 31; 4; 15; 22
12,41,0.28994,0.29268,19; 15; 12; 41; 17; 10; 26; 11
14,37,0.38203,0.37838,20; 10; 14; 37; 20; 26; 26; 22
8,51,0.22246,0.15686,7; 9; 8; 51; 27; 11; 4; 31
19,53,0.3585,0.35849,6; 10; 19; 53; 19; 17; 12; 4
26,35,0.69624,0.74286,8; 15; 26; 35; 26; 15; 8; 3
35,47,0.73495,0.74468,5; 8; 35; 47; 4; 21; 12; 22
13,64,0.22304,0.20312,8; 5; 13; 64; 23; 10; 19; 4
24,63,0.40426,0.38095,4; 4; 24; 63; 7; 17; 10; 26
14,20,0.77968,0.7,24; 13; 14; 20; 12; 26; 21; 20
37,52,0.68987,0.71154,3; 4; 37; 52; 28; 28; 29; 4
11,74,0.23765,0.14865,5; 5; 11; 74; 11; 28; 14; 32
7,74,0.22151,0.09459,4; 4; 7; 74; 32; 15; 24; 10
7,79,0.22769,0.08861,6; 5; 7; 79; 19; 14; 6; 3
29,39,0.73234,0.74359,12; 15; 29; 39; 3; 3; 11; 10
6,30,0.28963,0.2,9; 28; 6; 30; 11; 15; 3; 31
17,35,0.51804,0.48571,16; 6; 17; 35; 12; 21; 13; 4
21,59,0.38029,0.35593,3; 6; 21; 59; 31; 21; 18; 18
5,7,0.80301,0.71429,18; 16; 5; 7; 8; 9; 31; 28
20,53,0.39802,0.37736,6; 9; 20; 53; 16; 16; 18; 7
25,32,0.73808,0.78125,16; 17; 25; 32; 25; 14; 17; 11
34,48,0.69933,0.70833,3; 3; 34; 48; 16; 29; 5; 6
16,62,0.29273,0.25806,7; 9; 16; 62; 7; 9; 29; 3
32,41,0.79193,0.78049,8; 8; 32; 41; 4; 24; 8; 21
15,52,0.31086,0.28846,7; 14; 15; 52; 12; 19; 3; 17
15,24,0.71075,0.625,5; 4; 15; 24; 3; 22; 23; 9
20,53,0.39588,0.37736,6; 11; 20; 53; 20; 10; 10; 22
22,35,0.59978,0.62857,15; 5; 22; 35; 8; 23; 27; 3
21,52,0.40263,0.40385,10; 3; 21; 52; 26; 32; 11; 4
8,54,0.23816,0.14815,17; 16; 8; 54; 22; 24; 13; 18
8,19,0.50064,0.42105,6; 4; 8; 19; 16; 9; 14; 19
38,49,0.76272,0.77551,5; 4; 38; 49; 12; 9; 9; 26
16,44,0.39,0.36364,10; 5; 16; 44; 21; 23; 23; 16
21,53,0.3973,0.39623,9; 7; 21; 53; 12; 5; 7; 11
27,38,0.69948,0.71053,13; 7; 27; 38; 22; 13; 5; 22
19,50,0.38075,0.38,8; 12; 19; 50; 11; 25; 25; 10
15,40,0.34376,0.375,13; 17; 15; 40; 11; 6; 22; 7
14,20,0.76135,0.7,17; 28; 14; 20; 4; 22; 15; 29
11,73,0.23979,0.15068,3; 3; 11; 73; 32; 32; 16; 12
11,43,0.30813,0.25581,17; 6; 11; 43; 26; 11; 5; 11
19,47,0.41945,0.40426,5; 12; 19; 47; 8; 22; 25; 16
25,48,0.51971,0.52083,6; 8; 25; 48; 25; 15; 8; 7
27,55,0.4994,0.49091,3; 5; 27; 55; 8; 18; 19; 22
12,73,0.23541,0.16438,4; 5; 12; 73; 6; 17; 11; 7
28,38,0.74877,0.73684,12; 12; 28; 38; 26; 8; 4; 16
21,56,0.38333,0.375,8; 6; 21; 56; 22; 20; 19; 20
30,58,0.53403,0.51724,4; 5; 30; 58; 18; 6; 23; 23
7,82,0.27977,0.08537,4; 3; 7; 82; 29; 16; 10; 5
27,38,0.66088,0.71053,15; 16; 27; 38; 14; 16; 24; 18
6,37,0.26811,0.16216,21; 7; 6; 37; 12; 12; 32; 31
7,27,0.29285,0.25926,25; 32; 7; 27; 6; 27; 15; 3
29,56,0.52593,0.51786,6; 5; 29; 56; 4; 29; 25; 12
17,42,0.39911,0.40476,12; 7; 17; 42; 32; 5; 9; 30
23,61,0.40837,0.37705,7; 5; 23; 61; 29; 28; 32; 6
34,48,0.67001,0.70833,8; 3; 34; 48; 32; 19; 5; 20
5,34,0.2687,0.14706,3; 27; 5; 34; 21; 25; 22; 16
14,54,0.2769,0.25926,8; 11; 14; 54; 16; 25; 7; 7
15,75,0.28194,0.2,3; 4; 15; 75; 8; 3; 22; 9
14,20,0.72452,0.7,21; 7; 14; 20; 11; 8; 14; 16
15,24,0.63069,0.625,16; 10; 15; 24; 28; 23; 5; 20
35,47,0.7128,0.74468,7; 8; 35; 47; 15; 8; 6; 10
25,60,0.43649,0.41667,5; 5; 25; 60; 6; 12; 19; 3
28,38,0.68314,0.73684,15; 4; 28; 38; 4; 11; 17; 13
5,53,0.24912,0.09434,16; 6; 5; 53; 22; 13; 31; 27
10,38,0.28706,0.26316,4; 14; 10; 38; 31; 21; 17; 19
12,23,0.52141,0.52174,30; 31; 12; 23; 16; 27; 18; 32
26,35,0.73719,0.74286,12; 11; 26; 35; 15; 22; 11; 17
6,39,0.2742,0.15385,26; 18; 6; 39; 28; 27; 11; 19
9,61,0.2625,0.14754,7; 7; 9; 61; 13; 14; 11; 14
22,42,0.54217,0.52381,12; 13; 22; 42; 26; 22; 3; 10
32,36,0.87821,0.88889,9; 10; 32; 36; 20; 32; 8; 13
5,33,0.2004,0.15152,19; 5; 5; 33; 31; 4; 31; 25
7,70,0.25892,0.1,4; 5; 7; 70; 12; 13; 31; 32
37,50,0.71886,0.74,3; 5; 37; 50; 7; 6; 24; 11
29,39,0.71937,0.74359,12; 15; 29; 39; 7; 4; 30; 18
6,70,0.21894,0.08571,6; 5; 6; 70; 17; 29; 7; 12
10,62,0.25748,0.16129,8; 7; 10; 62; 6; 30; 9; 23
31,49,0.61657,0.63265,8; 4; 31; 49; 22; 25; 16; 27
7,47,0.24238,0.14894,6; 5; 7; 47; 9; 28; 16; 25
24,46,0.53554,0.52174,5; 8; 24; 46; 18; 28; 18; 31
15,58,0.27997,0.25862,11; 5; 15; 58; 10; 13; 22; 5
17,45,0.36276,0.37778,17; 16; 17; 45; 11; 23; 28; 23
16,55,0.32037,0.29091,11; 9; 16; 55; 21; 18; 12; 16
21,58,0.39036,0.36207,9; 8; 21; 58; 30; 11; 27; 12
5,14,0.33965,0.35714,38; 3; 5; 14; 27; 21; 3; 21
21,30,0.72013,0.7,18; 10; 21; 30; 13; 6; 30; 9
26,35,0.72804,0.74286,6; 17; 26; 35; 22; 13; 24; 28
9,58,0.25135,0.15517,11; 9; 9; 58; 6; 3; 14; 3
25,63,0.38919,0.39683,5; 5; 25; 63; 14; 32; 19; 17
6,62,0.23802,0.09677,7; 3; 6; 62; 26; 3; 15; 21
7,70,0.15364,0.1,5; 3; 7; 70; 5; 19; 4; 21
6,62,0.21014,0.09677,15; 10; 6; 62; 13; 4; 6; 25
10,24,0.25239,0.41667,27; 17; 10; 24; 15; 28; 31; 20
24,63,0.39821,0.38095,3; 3; 24; 63; 28; 23; 26; 9
6,59,0.23604,0.10169,14; 4; 6; 59; 7; 31; 8; 28
18,37,0.49819,0.48649,8; 10; 18; 37; 20; 11; 5; 28
8,40,0.19828,0.2,7; 19; 8; 40; 32; 30; 4; 10
31,42,0.7431,0.7381,4; 7; 31; 42; 9; 11; 25; 7
18,50,0.365,0.36,14; 12; 18; 50; 29; 8; 6; 21
41,46,0.89813,0.8913,4; 5; 41; 46; 19; 8; 14; 9
20,50,0.40928,0.4,13; 9; 20; 50; 4; 11; 7; 5
37,53,0.70079,0.69811,3; 4; 37; 53; 18; 3; 15; 31
22,42,0.55367,0.52381,8; 5; 22; 42; 22; 24; 3; 17
6,23,0.24468,0.26087,27; 27; 6; 23; 21; 3; 14; 31
19,53,0.37439,0.35849,13; 10; 19; 53; 20; 23; 22; 13
10,49,0.23802,0.20408,3; 16; 10; 49; 30; 8; 4; 15
21,50,0.42128,0.42,5; 3; 21; 50; 26; 28; 5; 21
14,19,0.85812,0.73684,20; 27; 14; 19; 14; 16; 3; 16
9,46,0.26403,0.19565,17; 10; 9; 46; 16; 29; 11; 28
23,58,0.41315,0.39655,8; 8; 23; 58; 25; 19; 4; 11
5,48,0.25444,0.10417,5; 14; 5; 48; 22; 21; 18; 12
16,45,0.3618,0.35556,11; 18; 16; 45; 8; 14; 4; 18
27,55,0.5025,0.49091,7; 7; 27; 55; 19; 22; 22; 30
8,78,0.2027,0.10256,4; 4; 8; 78; 19; 30; 18; 18
11,68,0.19511,0.16176,3; 5; 11; 68; 3; 16; 32; 22
14,53,0.29874,0.26415,13; 6; 14; 53; 9; 5; 6; 16
11,56,0.25339,0.19643,3; 9; 11; 56; 22; 20; 8; 9
11,69,0.2236,0.15942,3; 8; 11; 69; 17; 11; 16; 27
29,37,0.7435,0.78378,16; 12; 29; 37; 31; 20; 17; 25
7,75,0.1965,0.09333,5; 4; 7; 75; 15; 23; 24; 27
18,37,0.52037,0.48649,14; 18; 18; 37; 8; 32; 28; 22
11,73,0.23119,0.15068,4; 6; 11; 73; 12; 24; 6; 26
25,62,0.40201,0.40323,3; 3; 25; 62; 15; 17; 30; 32
33,47,0.69137,0.70213,3; 4; 33; 47; 12; 17; 7; 25
23,58,0.38912,0.39655,8; 6; 23; 58; 25; 26; 8; 22
17,23,0.79421,0.73913,8; 9; 17; 23; 16; 14; 22; 17
15,42,0.3577,0.35714,20; 19; 15; 42; 13; 10; 21; 25
11,72,0.18753,0.15278,5; 4; 11; 72; 11; 12; 7; 11
8,82,0.29996,0.09756,3; 3; 8; 82; 23; 27; 6; 14
5,51,0.20941,0.09804,19; 7; 5; 51; 26; 11; 27; 23
32,43,0.7423,0.74419,11; 3; 32; 43; 17; 21; 11; 4
15,58,0.28125,0.25862,5; 4; 15; 58; 20; 5; 14; 13
14,33,0.36819,0.42424,21; 13; 14; 33; 11; 10; 9; 11
18,69,0.26656,0.26087,3; 5; 18; 69; 24; 29; 3; 19
25,59,0.44356,0.42373,4; 5; 25; 59; 25; 4; 14; 6
20,27,0.73349,0.74074,9; 6; 20; 27; 31; 13; 13; 4
25,63,0.4057,0.39683,3; 5; 25; 63; 8; 13; 18; 15
16,61,0.29386,0.2623,3; 4; 16; 61; 24; 6; 30; 16
14,54,0.35606,0.25926,14; 4; 14; 54; 19; 25; 7; 26
6,39,0.24402,0.15385,8; 25; 6; 39; 28; 25; 28; 11
16,40,0.42286,0.4,17; 17; 16; 40; 26; 27; 24; 15
13,66,0.21438,0.19697,8; 9; 13; 66; 31; 19; 19; 12
29,46,0.60427,0.63043,10; 7; 29; 46; 16; 10; 24; 20
35,47,0.72431,0.74468,7; 8; 35; 47; 6; 24; 15; 10
12,74,0.24683,0.16216,6; 4; 12; 74; 5; 30; 24; 9
25,32,0.76008,0.78125,14; 4; 25; 32; 29; 25; 10; 18
7,80,0.29353,0.0875,5; 5; 7; 80; 6; 25; 26; 5
38,49,0.76499,0.77551,4; 4; 38; 49; 4; 27; 24; 24
12,17,0.8348,0.70588,7; 3; 12; 17; 24; 3; 31; 4
5,32,0.28939,0.15625,5; 6; 5; 32; 13; 18; 26; 29
14,69,0.22109,0.2029,3; 3; 14; 69; 26; 11; 14; 28
7,67,0.20896,0.10448,10; 3; 7; 67; 23; 25; 3; 4
17,24,0.70534,0.70833,4; 25; 17; 24; 5; 4; 5; 11
16,44,0.38136,0.36364,7; 7; 16; 44; 10; 3; 16; 12
13,65,0.24792,0.2,10; 7; 13; 65; 5; 10; 15; 7
20,53,0.4086,0.37736,10; 10; 20; 53; 16; 16; 24; 11
5,8,0.62275,0.625,16; 6; 5; 8; 8; 7; 21; 3
27,52,0.54042,0.51923,9; 3; 27; 52; 7; 10; 19; 6
7,10,0.78632,0.7,7; 39; 7; 10; 11; 22; 5; 9
9,61,0.21878,0.14754,3; 7; 9; 61; 14; 29; 11; 19
25,59,0.4204,0.42373,5; 5; 25; 59; 23; 17; 5; 17
5,50,0.24545,0.1,10; 16; 5; 50; 26; 20; 5; 26
37,50,0.7329,0.74,3; 3; 37; 50; 27; 17; 3; 10
6,21,0.29893,0.28571,24; 27; 6; 21; 16; 32; 10; 11
8,31,0.27861,0.25806,29; 3; 8; 31; 16; 20; 13; 26
6,40,0.23281,0.15,11; 16; 6; 40; 27; 21; 12; 30
6,69,0.2503,0.08696,11; 7; 6; 69; 16; 12; 17; 5
18,48,0.38784,0.375,14; 13; 18; 48; 15; 13; 17; 3
23,47,0.51263,0.48936,4; 14; 23; 47; 18; 5; 4; 18
16,62,0.28299,0.25806,7; 5; 16; 62; 14; 12; 29; 5
16,42,0.37056,0.38095,15; 17; 16; 42; 14; 23; 6; 5
16,56,0.30663,0.28571,3; 8; 16; 56; 13; 21; 31; 31
6,66,0.22415,0.09091,3; 12; 6; 66; 30; 24; 5; 21
5,17,0.32157,0.29412,21; 31; 5; 17; 3; 24; 20; 23
21,50,0.4046,0.42,3; 8; 21; 50; 12; 18; 15; 5
9,56,0.21297,0.16071,10; 8; 9; 56; 29; 22; 22; 8
10,25,0.37788,0.4,5; 15; 10; 25; 23; 19; 8; 9
17,33,0.55396,0.51515,21; 21; 17; 33; 15; 22; 23; 7
10,61,0.20109,0.16393,5; 6; 10; 61; 8; 13; 7; 5
14,37,0.35301,0.37838,16; 4; 14; 37; 3; 29; 5; 14
20,68,0.29801,0.29412,3; 4; 20; 68; 5; 8; 31; 18
17,24,0.78496,0.70833,16; 10; 17; 24; 10; 22; 28; 18
22,53,0.42692,0.41509,8; 7; 22; 53; 12; 16; 6; 20
35,45,0.7492,0.77778,6; 4; 35; 45; 15; 7; 19; 17
5,14,0.39594,0.35714,24; 28; 5; 14; 20; 25; 14; 16
16,23,0.7371,0.69565,19; 17; 16; 23; 12; 4; 11; 4
5,17,0.51895,0.29412,14; 31; 5; 17; 4; 15; 7; 26
18,68,0.28275,0.26471,5; 3; 18; 68; 13; 11; 26; 29
21,53,0.3919,0.39623,6; 3; 21; 53; 31; 10; 11; 15
15,40,0.3415,0.375,12; 6; 15; 40; 22; 32; 20; 10
19,47,0.4084,0.40426,11; 3; 19; 47; 21; 4; 10; 10
20,27,0.74865,0.74074,15; 15; 20; 27; 10; 10; 17; 30
18,23,0.82218,0.78261,18; 10; 18; 23; 26; 4; 15; 26
8,20,0.44116,0.4,26; 12; 8; 20; 14; 15; 9; 7
20,27,0.7806,0.74074,4; 16; 20; 27; 8; 16; 27; 24
28,54,0.56008,0.51852,4; 5; 28; 54; 32; 17; 17; 12
7,72,0.22821,0.09722,4; 4; 7; 72; 18; 23; 12; 23
7,74,0.21831,0.09459,3; 8; 7; 74; 7; 13; 26; 32
36,51,0.67117,0.70588,5; 5; 36; 51; 4; 21; 32; 8
19,66,0.31699,0.28788,6; 6; 19; 66; 9; 29; 6; 28
22,53,0.44276,0.41509,11; 10; 22; 53; 18; 8; 5; 19
24,34,0.67137,0.70588,9; 5; 24; 34; 7; 20; 18; 19
17,19,0.95943,0.89474,15; 27; 17; 19; 5; 16; 11; 31
10,38,0.26552,0.26316,7; 18; 10; 38; 17; 30; 4; 12
8,82,0.25277,0.09756,3; 4; 8; 82; 28; 19; 28; 12
24,57,0.43214,0.42105,8; 3; 24; 57; 25; 17; 24; 26
14,27,0.49086,0.51852,3; 10; 14; 27; 31; 31; 7; 25
16,62,0.30478,0.25806,9; 3; 16; 62; 26; 31; 12; 17
32,43,0.73618,0.74419,5; 3; 32; 43; 17; 11; 12; 24
12,59,0.24355,0.20339,8; 8; 12; 59; 11; 27; 4; 20
10,50,0.24018,0.2,5; 6; 10; 50; 20; 29; 27; 17
24,46,0.52685,0.52174,8; 5; 24; 46; 23; 3; 28; 16
25,62,0.39933,0.40323,3; 5; 25; 62; 22; 30; 9; 32
11,73,0.25001,0.15068,5; 4; 11; 73; 15; 3; 28; 16
13,31,0.46938,0.41935,22; 3; 13; 31; 24; 17; 6; 4
30,58,0.52999,0.51724,4; 5; 30; 58; 24; 22; 21; 13
33,47,0.69122,0.70213,4; 6; 33; 47; 20; 11; 27; 6
15,40,0.42592,0.375,13; 20; 15; 40; 9; 13; 29; 15
22,42,0.53039,0.52381,17; 10; 22; 42; 20; 25; 18; 6
9,45,0.26666,0.2,4; 8; 9; 45; 7; 9; 10; 12
39,50,0.76244,0.78,4; 4; 39; 50; 21; 24; 29; 12
20,52,0.39798,0.38462,13; 11; 20; 52; 12; 4; 21; 15
5,58,0.21425,0.08621,17; 8; 5; 58; 7; 24; 9; 30
22,45,0.50173,0.48889,11; 10; 22; 45; 23; 23; 7; 3
19,30,0.6433,0.63333,4; 6; 19; 30; 28; 32; 20; 13
17,23,0.83059,0.73913,19; 15; 17; 23; 19; 20; 6; 9
20,48,0.43759,0.41667,13; 14; 20; 48; 5; 24; 7; 13
18,43,0.42821,0.4186,5; 15; 18; 43; 30; 21; 13; 10
12,17,0.83411,0.70588,18; 4; 12; 17; 25; 19; 22; 23
22,52,0.43622,0.42308,3; 11; 22; 52; 22; 24; 26; 25
6,70,0.22449,0.08571,11; 8; 6; 70; 15; 4; 10; 12
10,50,0.22262,0.2,6; 9; 10; 50; 32; 13; 22; 15
6,67,0.24344,0.08955,12; 3; 6; 67; 25; 5; 12; 13
5,54,0.24608,0.09259,11; 11; 5; 54; 19; 31; 14; 7
13,36,0.33019,0.36111,14; 11; 13; 36; 30; 15; 22; 14
20,27,0.81127,0.74074,25; 15; 20; 27; 13; 13; 28; 23
29,39,0.70891,0.74359,10; 14; 29; 39; 28; 20; 9; 12
6,30,0.26981,0.2,30; 28; 6; 30; 17; 30; 9; 27
35,47,0.71797,0.74468,3; 6; 35; 47; 3; 8; 8; 29
16,38,0.44329,0.42105,6; 21; 16; 38; 10; 26; 20; 5
25,63,0.41283,0.39683,4; 5; 25; 63; 8; 9; 3; 15
19,66,0.29729,0.28788,5; 3; 19; 66; 16; 27; 28; 9
8,55,0.23922,0.14545,16; 5; 8; 55; 6; 10; 26; 29
9,60,0.21845,0.15,11; 10; 9; 60; 12; 28; 24; 9
15,39,0.39857,0.38462,8; 20; 15; 39; 25; 15; 24; 13
15,21,0.76197,0.71429,29; 16; 15; 21; 11; 12; 6; 10
10,49,0.26096,0.20408,9; 8; 10; 49; 10; 4; 27; 25
26,37,0.7215,0.7027,9; 11; 26; 37; 30; 3; 6; 10
22,31,0.75266,0.70968,20; 18; 22; 31; 10; 30; 32; 9
12,41,0.31542,0.29268,18; 4; 12; 41; 20; 30; 21; 4
25,34,0.74814,0.73529,12; 6; 25; 34; 24; 24; 7; 26
20,52,0.3916,0.38462,5; 5; 20; 52; 31; 11; 12; 23
11,71,0.20271,0.15493,7; 3; 11; 71; 16; 12; 17; 12
17,43,0.40573,0.39535,8; 7; 17; 43; 19; 32; 18; 27
25,60,0.42531,0.41667,3; 5; 25; 60; 23; 12; 26; 23
20,32,0.58611,0.625,11; 17; 20; 32; 16; 12; 11; 25
14,53,0.2778,0.26415,11; 7; 14; 53; 32; 18; 26; 5
29,37,0.79099,0.78378,16; 8; 29; 37; 21; 12; 30; 22
10,26,0.40286,0.38462,15; 30; 10; 26; 30; 29; 19; 18
6,16,0.40193,0.375,36; 10; 6; 16; 8; 6; 9; 27
25,32,0.81067,0.78125,13; 13; 25; 32; 20; 24; 14; 3
8,40,0.24012,0.2,19; 10; 8; 40; 20; 18; 4; 20
13,31,0.44432,0.41935,6; 6; 13; 31; 27; 27; 5; 25
5,12,0.59272,0.41667,5; 37; 5; 12; 12; 14; 28; 26
19,30,0.66836,0.63333,21; 20; 19; 30; 21; 11; 14; 26
22,55,0.40342,0.4,9; 8; 22; 55; 14; 14; 23; 6
28,40,0.68117,0.7,13; 14; 28; 40; 18; 9; 28; 18
29,39,0.74706,0.74359,3; 12; 29; 39; 13; 29; 25; 22
5,31,0.30118,0.16129,7; 6; 5; 31; 6; 21; 9; 12
16,23,0.81748,0.69565,11; 3; 16; 23; 12; 10; 17; 27
42,47,0.87254,0.89362,4; 3; 42; 47; 12; 20; 11; 19
7,48,0.25244,0.14583,11; 5; 7; 48; 28; 7; 29; 26
34,54,0.61003,0.62963,5; 3; 34; 54; 18; 11; 24; 17
23,57,0.42178,0.40351,5; 5; 23; 57; 22; 23; 25; 14
6,62,0.2485,0.09677,7; 4; 6; 62; 28; 7; 23; 30
16,31,0.52542,0.51613,7; 11; 16; 31; 23; 12; 22; 21
18,37,0.49517,0.48649,18; 14; 18; 37; 4; 13; 12; 24
22,31,0.67998,0.70968,13; 11; 22; 31; 7; 16; 6; 8
29,56,0.52779,0.51786,5; 6; 29; 56; 3; 16; 23; 14
34,54,0.62059,0.62963,4; 3; 34; 54; 21; 13; 13; 11
26,35,0.71368,0.74286,13; 6; 26; 35; 29; 32; 8; 7
25,59,0.47956,0.42373,6; 7; 25; 59; 20; 22; 31; 21
25,48,0.5307,0.52083,12; 4; 25; 48; 19; 18; 31; 27
15,29,0.56738,0.51724,19; 11; 15; 29; 21; 21; 12; 20
26,35,0.69775,0.74286,17; 8; 26; 35; 27; 31; 25; 5
26,62,0.42069,0.41935,5; 3; 26; 62; 26; 28; 26; 8
24,66,0.40772,0.36364,4; 4; 24; 66; 8; 7; 18; 30
8,20,0.31279,0.4,10; 32; 8; 20; 13; 11; 12; 26
10,49,0.24379,0.20408,14; 6; 10; 49; 19; 27; 17; 15
10,25,0.41907,0.4,20; 14; 10; 25; 10; 9; 19; 22
11,42,0.27222,0.2619,21; 12; 11; 42; 4; 26; 4; 17
8,50,0.22598,0.16,12; 20; 8; 50; 9; 8; 5; 29
8,9,0.7967,0.88889,33; 22; 8; 9; 30; 29; 23; 10
6,16,0.31572,0.375,21; 27; 6; 16; 24; 23; 27; 4
31,49,0.62871,0.63265,7; 4; 31; 49; 21; 6; 6; 15
38,49,0.76171,0.77551,5; 5; 38; 49; 21; 31; 17; 24
32,46,0.67892,0.69565,6; 6; 32; 46; 5; 10; 17; 22
17,33,0.47508,0.51515,8; 8; 17; 33; 22; 31; 32; 4
37,52,0.67737,0.71154,3; 4; 37; 52; 30; 9; 9; 19
26,50,0.48816,0.52,9; 7; 26; 50; 30; 26; 11; 30
20,56,0.37898,0.35714,11; 7; 20; 56; 21; 20; 7; 5
11,55,0.24451,0.2,12; 7; 11; 55; 19; 16; 7; 26
21,52,0.4091,0.40385,3; 8; 21; 52; 21; 20; 7; 24
20,56,0.35467,0.35714,6; 9; 20; 56; 30; 8; 28; 13
23,31,0.73935,0.74194,3; 17; 23; 31; 14; 22; 28; 27
34,46,0.74108,0.73913,7; 4; 34; 46; 3; 9; 6; 13
8,53,0.22094,0.15094,10; 12; 8; 53; 6; 8; 9; 20
11,74,0.24653,0.14865,3; 5; 11; 74; 27; 4; 7; 9
5,12,0.46022,0.41667,30; 19; 5; 12; 23; 4; 22; 8
24,27,0.89265,0.88889,23; 5; 24; 27; 11; 21; 27; 30
12,78,0.22062,0.15385,4; 4; 12; 78; 19; 14; 26; 27
11,75,0.22336,0.14667,4; 3; 11; 75; 20; 15; 7; 15
7,43,0.25532,0.16279,22; 13; 7; 43; 29; 11; 11; 6
22,31,0.69714,0.70968,17; 18; 22; 31; 8; 21; 15; 22
22,55,0.41618,0.4,8; 7; 22; 55; 11; 19; 25; 24
6,69,0.24504,0.08696,9; 3; 6; 69; 17; 12; 25; 31
12,19,0.76676,0.63158,33; 12; 12; 19; 10; 22; 15; 21
24,34,0.70271,0.70588,15; 11; 24; 34; 27; 7; 20; 9
32,36,0.88751,0.88889,12; 7; 32; 36; 20; 28; 32; 15
7,79,0.2186,0.08861,4; 5; 7; 79; 14; 20; 8; 18
16,40,0.42972,0.4,8; 12; 16; 40; 31; 24; 19; 18
10,16,0.67309,0.625,10; 9; 10; 16; 9; 13; 8; 20
11,72,0.21275,0.15278,6; 7; 11; 72; 20; 27; 15; 26
7,24,0.29665,0.29167,7; 19; 7; 24; 3; 21; 18; 27
9,44,0.24545,0.20455,10; 22; 9; 44; 22; 6; 6; 20
25,59,0.42628,0.42373,6; 6; 25; 59; 16; 21; 27; 21
5,50,0.25419,0.1,21; 9; 5; 50; 3; 8; 12; 21
17,35,0.50494,0.48571,4; 4; 17; 35; 22; 22; 17; 27
8,82,0.27049,0.09756,4; 4; 8; 82; 31; 5; 31; 23
18,50,0.3721,0.36,12; 13; 18; 50; 22; 23; 8; 24
11,55,0.25836,0.2,3; 11; 11; 55; 13; 22; 13; 29
6,69,0.21314,0.08696,4; 9; 6; 69; 26; 14; 28; 5
24,34,0.64709,0.70588,16; 17; 24; 34; 19; 20; 19; 22
5,25,0.26673,0.2,34; 16; 5; 25; 13; 24; 6; 10
37,52,0.71489,0.71154,4; 3; 37; 52; 4; 14; 7; 26
16,55,0.32029,0.29091,4; 5; 16; 55; 5; 16; 31; 8
25,35,0.68177,0.71429,5; 19; 25; 35; 7; 26; 29; 27
39,50,0.78197,0.78,3; 4; 39; 50; 29; 31; 15; 22
17,23,0.83533,0.73913,25; 20; 17; 23; 4; 16; 29; 3
26,50,0.54811,0.52,8; 10; 26; 50; 14; 13; 3; 29
20,55,0.36787,0.36364,3; 6; 20; 55; 30; 9; 24; 16
18,48,0.39467,0.375,10; 3; 18; 48; 6; 26; 18; 5
9,62,0.22697,0.14516,3; 4; 9; 62; 25; 20; 17; 22
29,41,0.70253,0.70732,13; 10; 29; 41; 18; 20; 15; 6
7,78,0.20761,0.08974,5; 5; 7; 78; 8; 18; 26; 28
11,38,0.31496,0.28947,24; 23; 11; 38; 24; 7; 9; 14
32,43,0.73885,0.74419,11; 10; 32; 43; 5; 5; 20; 14
25,48,0.51089,0.52083,4; 6; 25; 48; 22; 14; 4; 31
21,30,0.69555,0.7,15; 22; 21; 30; 16; 12; 10; 5
9,59,0.24497,0.15254,15; 10; 9; 59; 3; 10; 10; 19
8,31,0.25036,0.25806,29; 17; 8; 31; 15; 22; 10; 10
7,80,0.30279,0.0875,5; 3; 7; 80; 32; 27; 4; 3
20,55,0.37939,0.36364,8; 6; 20; 55; 24; 3; 14; 14
25,51,0.4994,0.4902,6; 5; 25; 51; 5; 8; 18; 22
14,70,0.22209,0.2,5; 5; 14; 70; 14; 5; 22; 24
28,54,0.51515,0.51852,5; 3; 28; 54; 20; 20; 24; 13
7,27,0.2656,0.25926,27; 7; 7; 27; 4; 27; 25; 28
23,57,0.41539,0.40351,6; 8; 23; 57; 29; 12; 24; 18
11,75,0.24458,0.14667,6; 4; 11; 75; 21; 26; 20; 29
10,68,0.2186,0.14706,4; 5; 10; 68; 9; 20; 16; 16
26,35,0.75353,0.74286,14; 6; 26; 35; 13; 10; 28; 4
10,14,0.78468,0.71429,35; 31; 10; 14; 27; 22; 5; 18
18,48,0.41056,0.375,13; 12; 18; 48; 13; 16; 12; 14
17,59,0.30961,0.28814,10; 4; 17; 59; 4; 12; 31; 14
23,44,0.53486,0.52273,13; 8; 23; 44; 6; 9; 3; 21
16,40,0.41798,0.4,8; 15; 16; 40; 9; 22; 22; 4
9,57,0.23635,0.15789,3; 5; 9; 57; 25; 4; 15; 28
21,53,0.42615,0.39623,11; 7; 21; 53; 23; 14; 13; 10
29,41,0.66935,0.70732,11; 11; 29; 41; 6; 18; 13; 28
35,49,0.70378,0.71429,3; 6; 35; 49; 15; 6; 5; 21
24,49,0.52877,0.4898,4; 9; 24; 49; 28; 30; 18; 16
42,47,0.89482,0.89362,3; 4; 42; 47; 14; 23; 27; 24
25,32,0.7809,0.78125,15; 6; 25; 32; 16; 5; 24; 6
6,38,0.2563,0.15789,9; 6; 6; 38; 11; 9; 5; 32
18,45,0.42276,0.4,14; 16; 18; 45; 11; 27; 32; 8
42,47,0.88873,0.89362,3; 4; 42; 47; 17; 13; 3; 31
7,27,0.39953,0.25926,4; 6; 7; 27; 14; 21; 8; 23
23,58,0.39712,0.39655,3; 4; 23; 58; 9; 11; 11; 8
12,77,0.22279,0.15584,3; 4; 12; 77; 24; 16; 17; 4
29,41,0.69412,0.70732,13; 13; 29; 41; 28; 17; 15; 31
6,39,0.21149,0.15385,24; 19; 6; 39; 15; 14; 20; 23
27,55,0.49819,0.49091,3; 4; 27; 55; 19; 17; 28; 5
5,34,0.25199,0.14706,11; 9; 5; 34; 8; 10; 14; 30
15,29,0.5119,0.51724,20; 12; 15; 29; 31; 8; 7; 6
6,38,0.20716,0.15789,8; 15; 6; 38; 23; 22; 5; 23
17,33,0.57585,0.51515,7; 16; 17; 33; 28; 20; 8; 7
5,51,0.23029,0.09804,21; 4; 5; 51; 6; 26; 24; 29
12,46,0.26244,0.26087,7; 15; 12; 46; 30; 6; 8; 14
34,48,0.70839,0.70833,6; 6; 34; 48; 13; 26; 24; 11
8,22,0.39144,0.36364,3; 26; 8; 22; 13; 11; 3; 25
8,80,0.28215,0.1,3; 3; 8; 80; 8; 12; 22; 23
30,58,0.52855,0.51724,5; 5; 30; 58; 31; 6; 30; 26
5,12,0.52332,0.41667,15; 15; 5; 12; 18; 16; 7; 31
11,55,0.27443,0.2,9; 4; 11; 55; 12; 16; 6; 16
12,41,0.28202,0.29268,14; 18; 12; 41; 6; 5; 5; 8
13,64,0.26457,0.20312,10; 6; 13; 64; 20; 21; 14; 18
10,25,0.30782,0.4,30; 4; 10; 25; 7; 8; 20; 17
37,53,0.72637,0.69811,4; 3; 37; 53; 26; 25; 17; 20
23,44,0.54959,0.52273,14; 10; 23; 44; 28; 10; 9; 11
7,48,0.28746,0.14583,15; 6; 7; 48; 25; 11; 7; 30
8,79,0.23142,0.10127,3; 3; 8; 79; 4; 22; 20; 17
33,47,0.71579,0.70213,8; 4; 33; 47; 8; 31; 10; 31
17,23,0.79587,0.73913,9; 28; 17; 23; 29; 25; 9; 11
15,29,0.50097,0.51724,9; 4; 15; 29; 5; 4; 26; 6
11,21,0.51173,0.52381,19; 19; 11; 21; 17; 9; 7; 14
14,35,0.36299,0.4,10; 6; 14; 35; 15; 11; 4; 8
29,46,0.63704,0.63043,6; 3; 29; 46; 19; 26; 30; 15
14,48,0.33138,0.29167,15; 14; 14; 48; 30; 26; 15; 13
38,49,0.78634,0.77551,5; 3; 38; 49; 31; 22; 13; 3
18,68,0.28882,0.26471,6; 5; 18; 68; 12; 3; 22; 16
5,8,0.73598,0.625,30; 19; 5; 8; 9; 10; 19; 18
8,80,0.23556,0.1,4; 4; 8; 80; 9; 17; 27; 29
12,74,0.25561,0.16216,3; 4; 12; 74; 18; 31; 12; 31
5,58,0.22669,0.08621,15; 7; 5; 58; 8; 25; 16; 13
20,55,0.34924,0.36364,3; 7; 20; 55; 28; 15; 20; 22
6,41,0.15543,0.14634,6; 11; 6; 41; 4; 29; 4; 22
11,71,0.20075,0.15493,6; 3; 11; 71; 25; 21; 24; 27
13,65,0.24949,0.2,7; 9; 13; 65; 10; 32; 13; 21
8,28,0.32326,0.28571,24; 26; 8; 28; 32; 5; 7; 23
10,51,0.22242,0.19608,12; 11; 10; 51; 20; 14; 30; 18
28,40,0.68497,0.7,10; 7; 28; 40; 32; 9; 24; 27
22,31,0.70478,0.70968,18; 13; 22; 31; 11; 28; 12; 26
8,52,0.23443,0.15385,18; 19; 8; 52; 14; 17; 16; 15
6,65,0.22347,0.09231,12; 9; 6; 65; 19; 17; 9; 21
25,51,0.52728,0.4902,8; 11; 25; 51; 15; 20; 21; 12
18,69,0.26618,0.26087,5; 5; 18; 69; 10; 3; 24; 24
7,43,0.26022,0.16279,12; 6; 7; 43; 16; 14; 30; 30
17,59,0.32349,0.28814,4; 7; 17; 59; 13; 11; 10; 13
9,24,0.39207,0.375,26; 29; 9; 24; 4; 22; 31; 31
7,44,0.22574,0.15909,15; 21; 7; 44; 23; 30; 18; 14
6,62,0.2224,0.09677,13; 8; 6; 62; 13; 29; 30; 6
34,46,0.70115,0.73913,7; 5; 34; 46; 27; 25; 22; 4
8,41,0.28985,0.19512,7; 14; 8; 41; 13; 11; 8; 11
5,8,0.80533,0.625,32; 21; 5; 8; 5; 30; 14; 14
20,70,0.28606,0.28571,4; 4; 20; 70; 18; 19; 28; 18
30,42,0.70769,0.71429,10; 9; 30; 42; 13; 30; 4; 7
34,46,0.72884,0.73913,6; 9; 34; 46; 5; 10; 26; 16
25,60,0.42801,0.41667,3; 4; 25; 60; 4; 9; 18; 12
17,58,0.30474,0.2931,9; 3; 17; 58; 11; 24; 5; 28
32,45,0.71183,0.71111,8; 8; 32; 45; 16; 30; 26; 15
18,63,0.28238,0.28571,8; 7; 18; 63; 22; 14; 7; 13
8,52,0.24101,0.15385,7; 19; 8; 52; 14; 14; 28; 32
10,62,0.23682,0.16129,11; 9; 10; 62; 23; 17; 23; 4
8,31,0.26397,0.25806,21; 24; 8; 31; 13; 8; 28; 19
25,63,0.42294,0.39683,4; 4; 25; 63; 16; 4; 4; 3
9,34,0.29094,0.26471,8; 6; 9; 34; 28; 11; 13; 17
20,52,0.37957,0.38462,10; 11; 20; 52; 23; 29; 13; 29
29,46,0.60847,0.63043,3; 6; 29; 46; 30; 16; 11; 11
21,43,0.53059,0.48837,15; 12; 21; 43; 3; 18; 31; 17
24,46,0.53268,0.52174,12; 12; 24; 46; 17; 21; 11; 6
22,55,0.39594,0.4,3; 9; 22; 55; 8; 3; 15; 15
27,38,0.67685,0.71053,8; 3; 27; 38; 19; 14; 24; 20
5,8,0.67245,0.625,30; 23; 5; 8; 26; 11; 7; 11
10,49,0.21299,0.20408,12; 18; 10; 49; 18; 23; 23; 5
5,52,0.24506,0.09615,15; 20; 5; 52; 32; 3; 3; 4
17,35,0.49072,0.48571,19; 7; 17; 35; 27; 26; 14; 8
13,36,0.39017,0.36111,19; 22; 13; 36; 5; 32; 21; 27
14,18,0.84345,0.77778,28; 19; 14; 18; 7; 12; 30; 20
5,13,0.40347,0.38462,28; 6; 5; 13; 32; 18; 9; 5
19,50,0.3882,0.38,11; 7; 19; 50; 17; 12; 30; 31
9,45,0.24625,0.2,22; 11; 9; 45; 23; 27; 11; 19
10,65,0.22754,0.15385,9; 8; 10; 65; 5; 13; 26; 15
28,57,0.51947,0.49123,4; 3; 28; 57; 5; 29; 30; 26
34,38,0.92702,0.89474,7; 3; 34; 38; 3; 5; 17; 3
19,27,0.68227,0.7037,8; 18; 19; 27; 18; 22; 16; 25
15,36,0.45073,0.41667,19; 5; 15; 36; 6; 12; 22; 16
9,60,0.23368,0.15,13; 14; 9; 60; 5; 21; 31; 21
25,32,0.79706,0.78125,15; 4; 25; 32; 12; 11; 15; 24
18,70,0.27254,0.25714,3; 5; 18; 70; 29; 9; 24; 9
22,55,0.36662,0.4,8; 3; 22; 55; 6; 21; 3; 8
36,51,0.72249,0.70588,4; 3; 36; 51; 15; 31; 21; 6
17,23,0.77572,0.73913,22; 17; 17; 23; 6; 14; 4; 7
11,54,0.23457,0.2037,4; 14; 11; 54; 7; 27; 22; 29
10,34,0.33228,0.29412,20; 13; 10; 34; 17; 16; 25; 19
6,38,0.24927,0.15789,5; 22; 6; 38; 26; 26; 20; 19
42,47,0.90673,0.89362,4; 4; 42; 47; 24; 11; 24; 16
24,49,0.51766,0.4898,4; 4; 24; 49; 14; 7; 13; 24
37,50,0.74534,0.74,5; 5; 37; 50; 26; 19; 6; 9
5,53,0.24431,0.09434,9; 13; 5; 53; 10; 16; 4; 11
12,74,0.2347,0.16216,5; 6; 12; 74; 21; 10; 5; 17
28,57,0.52357,0.49123,4; 4; 28; 57; 29; 7; 20; 30
5,7,0.61888,0.71429,41; 8; 5; 7; 14; 15; 18; 21
32,46,0.69335,0.69565,10; 8; 32; 46; 21; 10; 5; 13
39,50,0.7587,0.78,3; 3; 39; 50; 16; 13; 20; 13
10,63,0.23557,0.15873,10; 12; 10; 63; 13; 23; 15; 22
28,57,0.50676,0.49123,4; 6; 28; 57; 24; 4; 14; 12
7,46,0.15984,0.15217,7; 14; 7; 46; 13; 8; 11; 21
35,45,0.81069,0.77778,3; 8; 35; 45; 7; 4; 26; 27
6,15,0.45335,0.4,26; 32; 6; 15; 30; 16; 28; 17
13,36,0.38807,0.36111,6; 16; 13; 36; 3; 25; 11; 30
25,28,0.94914,0.89286,18; 5; 25; 28; 3; 28; 7; 29
28,38,0.75824,0.73684,5; 11; 28; 38; 22; 28; 26; 11
7,10,0.61798,0.7,36; 21; 7; 10; 10; 4; 23; 15
6,63,0.2506,0.09524,8; 9; 6; 63; 21; 32; 25; 18
34,54,0.61962,0.62963,4; 5; 34; 54; 10; 25; 21; 8
10,35,0.31249,0.28571,11; 3; 10; 35; 17; 30; 22; 4
6,63,0.21277,0.09524,13; 5; 6; 63; 13; 8; 21; 14
20,27,0.72459,0.74074,23; 12; 20; 27; 17; 14; 20; 20
9,34,0.30432,0.26471,20; 18; 9; 34; 10; 12; 30; 17
20,28,0.67835,0.71429,5; 15; 20; 28; 23; 9; 13; 29
10,63,0.23572,0.15873,3; 10; 10; 63; 24; 21; 19; 32
19,45,0.41332,0.42222,7; 13; 19; 45; 5; 31; 29; 9
8,53,0.22771,0.15094,12; 13; 8; 53; 30; 8; 26; 4
30,58,0.50328,0.51724,3; 3; 30; 58; 19; 7; 6; 4
10,16,0.66853,0.625,26; 26; 10; 16; 25; 15; 19; 5
12,23,0.52822,0.52174,14; 17; 12; 23; 3; 31; 6; 3
23,33,0.68327,0.69697,21; 9; 23; 33; 6; 32; 23; 18
31,49,0.61671,0.63265,6; 4; 31; 49; 12; 31; 24; 25
5,34,0.28127,0.14706,8; 21; 5; 34; 9; 11; 11; 18
11,21,0.56467,0.52381,18; 29; 11; 21; 22; 20; 8; 16
13,25,0.51168,0.52,3; 18; 13; 25; 4; 23; 8; 5
5,25,0.30458,0.2,15; 22; 5; 25; 4; 32; 17; 14
8,55,0.19764,0.14545,8; 10; 8; 55; 16; 16; 12; 27
14,20,0.77101,0.7,4; 16; 14; 20; 23; 27; 19; 7
8,41,0.26445,0.19512,12; 12; 8; 41; 3; 4; 26; 7
31,42,0.73244,0.7381,7; 3; 31; 42; 4; 27; 32; 19
23,55,0.41151,0.41818,7; 3; 23; 55; 12; 16; 12; 26
11,42,0.25916,0.2619,16; 3; 11; 42; 3; 5; 14; 9
25,62,0.40203,0.40323,4; 4; 25; 62; 4; 15; 12; 12
19,27,0.6729,0.7037,14; 10; 19; 27; 12; 21; 13; 6
26,37,0.68107,0.7027,11; 9; 26; 37; 31; 9; 27; 22
24,27,0.90975,0.88889,16; 15; 24; 27; 17; 7; 6; 21
11,69,0.2025,0.15942,6; 7; 11; 69; 4; 5; 12; 27
29,39,0.70034,0.74359,5; 15; 29; 39; 7; 14; 30; 6
19,39,0.50002,0.48718,15; 5; 19; 39; 22; 20; 19; 6
27,38,0.73199,0.71053,11; 5; 27; 38; 7; 4; 10; 15
18,47,0.39463,0.38298,16; 11; 18; 47; 10; 14; 4; 14
11,74,0.2124,0.14865,4; 5; 11; 74; 23; 5; 20; 15
17,23,0.77979,0.73913,22; 4; 17; 23; 29; 5; 31; 14
25,40,0.63315,0.625,11; 6; 25; 40; 10; 26; 17; 24
14,33,0.44257,0.42424,16; 25; 14; 33; 18; 26; 19; 11
10,67,0.2321,0.14925,5; 3; 10; 67; 23; 9; 26; 6
31,44,0.69957,0.70455,5; 4; 31; 44; 6; 26; 5; 31
25,35,0.67528,0.71429,15; 13; 25; 35; 16; 11; 22; 14
7,48,0.25407,0.14583,18; 9; 7; 48; 21; 5; 9; 7
21,59,0.37966,0.35593,7; 4; 21; 59; 21; 32; 5; 4
34,48,0.69683,0.70833,6; 6; 34; 48; 21; 10; 16; 26
11,21,0.47675,0.52381,24; 27; 11; 21; 10; 31; 30; 17
9,45,0.20935,0.2,12; 19; 9; 45; 17; 14; 25; 28
33,52,0.63781,0.63462,5; 3; 33; 52; 11; 9; 20; 18
29,39,0.72311,0.74359,14; 13; 29; 39; 12; 26; 29; 12
32,41,0.7975,0.78049,4; 6; 32; 41; 19; 5; 24; 3
41,46,0.9056,0.8913,4; 5; 41; 46; 7; 17; 13; 21
21,52,0.37139,0.40385,8; 6; 21; 52; 18; 31; 18; 24
16,42,0.39519,0.38095,16; 18; 16; 42; 27; 21; 13; 32
5,49,0.2233,0.10204,9; 5; 5; 49; 21; 13; 11; 26
13,36,0.36087,0.36111,19; 11; 13; 36; 5; 14; 22; 21
6,38,0.14777,0.15789,27; 5; 6; 38; 15; 11; 12; 23
19,50,0.39262,0.38,6; 3; 19; 50; 17; 24; 19; 22
7,78,0.22524,0.08974,5; 3; 7; 78; 15; 31; 15; 6
21,27,0.81888,0.77778,11; 17; 21; 27; 5; 16; 30; 10
7,35,0.25519,0.2,17; 3; 7; 35; 20; 4; 28; 29
10,34,0.35369,0.29412,8; 19; 10; 34; 4; 17; 6; 15
41,46,0.88622,0.8913,5; 4; 41; 46; 3; 9; 23; 25
16,45,0.32911,0.35556,15; 11; 16; 45; 12; 13; 17; 30
36,51,0.69909,0.70588,5; 4; 36; 51; 11; 28; 29; 23
15,29,0.53324,0.51724,16; 23; 15; 29; 12; 28; 25; 22
5,58,0.23399,0.08621,9; 3; 5; 58; 21; 23; 25; 27
9,45,0.25194,0.2,22; 6; 9; 45; 25; 27; 26; 9
25,59,0.42591,0.42373,5; 5; 25; 59; 20; 4; 13; 3
36,46,0.78179,0.78261,6; 4; 36; 46; 9; 29; 18; 14
21,27,0.79151,0.77778,18; 7; 21; 27; 3; 11; 6; 20
23,60,0.36816,0.38333,6; 5; 23; 60; 19; 30; 7; 5
29,41,0.71509,0.70732,12; 14; 29; 41; 13; 22; 30; 30
8,40,0.23444,0.2,24; 23; 8; 40; 25; 27; 23; 8
7,78,0.21406,0.08974,3; 6; 7; 78; 27; 11; 13; 12
40,45,0.86619,0.88889,4; 4; 40; 45; 17; 23; 17; 24
21,30,0.65606,0.7,17; 19; 21; 30; 9; 12; 31; 28
7,72,0.25106,0.09722,8; 9; 7; 72; 31; 3; 3; 20
25,63,0.42027,0.39683,4; 4; 25; 63; 31; 3; 17; 10
21,50,0.42724,0.42,13; 8; 21; 50; 31; 14; 23; 13
35,47,0.73306,0.74468,5; 6; 35; 47; 28; 31; 26; 6
10,38,0.26816,0.26316,19; 8; 10; 38; 22; 27; 25; 18
7,68,0.23088,0.10294,7; 3; 7; 68; 26; 26; 16; 18
14,19,0.75826,0.73684,8; 31; 14; 19; 10; 11; 16; 11
6,37,0.27754,0.16216,7; 18; 6; 37; 10; 11; 4; 29
11,43,0.25391,0.25581,9; 14; 11; 43; 3; 29; 31; 4
36,51,0.69271,0.70588,4; 4; 36; 51; 31; 27; 11; 18
8,21,0.34014,0.38095,27; 15; 8; 21; 21; 11; 29; 30
18,69,0.26381,0.26087,3; 4; 18; 69; 8; 7; 8; 23
5,48,0.23362,0.10417,17; 10; 5; 48; 9; 32; 17; 26
6,69,0.23478,0.08696,4; 9; 6; 69; 31; 19; 31; 10
8,82,0.2981,0.09756,4; 4; 8; 82; 19; 12; 13; 17
25,59,0.45949,0.42373,4; 5; 25; 59; 26; 19; 14; 6
17,24,0.79036,0.70833,10; 6; 17; 24; 6; 26; 21; 32
13,36,0.361,0.36111,22; 17; 13; 36; 24; 13; 14; 25
16,23,0.7714,0.69565,15; 12; 16; 23; 7; 12; 13; 19
6,65,0.24471,0.09231,13; 6; 6; 65; 10; 31; 9; 26
34,46,0.72039,0.73913,5; 7; 34; 46; 12; 5; 19; 31
12,59,0.24781,0.20339,5; 6; 12; 59; 18; 5; 29; 4
37,53,0.65437,0.69811,3; 3; 37; 53; 11; 3; 12; 10
9,46,0.26861,0.19565,16; 4; 9; 46; 24; 24; 19; 21
15,74,0.23425,0.2027,3; 3; 15; 74; 3; 16; 24; 13
23,44,0.50079,0.52273,9; 11; 23; 44; 12; 8; 14; 10
29,56,0.53535,0.51786,4; 3; 29; 56; 6; 18; 9; 28
14,19,0.82941,0.73684,28; 17; 14; 19; 18; 21; 28; 17
25,48,0.54051,0.52083,9; 4; 25; 48; 8; 5; 4; 11
23,57,0.42905,0.40351,7; 7; 23; 57; 4; 32; 21; 22
9,57,0.21914,0.15789,9; 14; 9; 57; 28; 32; 19; 10
37,50,0.71943,0.74,3; 5; 37; 50; 11; 17; 15; 5
8,9,0.77243,0.88889,19; 8; 8; 9; 28; 19; 29; 18
21,43,0.47474,0.48837,16; 13; 21; 43; 17; 13; 12; 20
31,42,0.74675,0.7381,3; 9; 31; 42; 26; 18; 7; 10
8,79,0.24207,0.10127,4; 5; 8; 79; 23; 8; 16; 21
27,38,0.66556,0.71053,8; 9; 27; 38; 22; 27; 29; 7
6,16,0.47123,0.375,29; 4; 6; 16; 26; 7; 16; 32
12,76,0.22832,0.15789,5; 3; 12; 76; 24; 29; 10; 3
20,56,0.37526,0.35714,3; 4; 20; 56; 15; 5; 25; 29
20,41,0.49996,0.4878,16; 7; 20; 41; 18; 31; 22; 15
23,60,0.35229,0.38333,5; 3; 23; 60; 14; 20; 23; 25
16,38,0.40716,0.42105,13; 4; 16; 38; 31; 30; 5; 9
14,33,0.45247,0.42424,11; 10; 14; 33; 32; 15; 26; 23
22,45,0.49689,0.48889,13; 14; 22; 45; 19; 9; 21; 31
11,68,0.22394,0.16176,7; 9; 11; 68; 24; 13; 4; 6
21,50,0.39943,0.42,6; 10; 21; 50; 32; 28; 4; 28
26,50,0.53126,0.52,3; 10; 26; 50; 12; 7; 29; 25
5,19,0.27038,0.26316,36; 10; 5; 19; 30; 18; 19; 28
8,49,0.23056,0.16327,14; 5; 8; 49; 12; 24; 9; 7
10,26,0.37626,0.38462,12; 13; 10; 26; 13; 23; 8; 14
5,32,0.29974,0.15625,23; 29; 5; 32; 9; 26; 3; 32
5,13,0.49668,0.38462,15; 7; 5; 13; 7; 6; 3; 14
13,31,0.44423,0.41935,4; 19; 13; 31; 24; 6; 9; 9
17,47,0.39244,0.3617,15; 11; 17; 47; 17; 15; 9; 28
21,52,0.40625,0.40385,3; 5; 21; 52; 3; 7; 15; 19
13,65,0.21619,0.2,3; 7; 13; 65; 24; 21; 13; 14
37,50,0.75154,0.74,3; 5; 37; 50; 20; 29; 22; 13
37,53,0.67035,0.69811,3; 4; 37; 53; 25; 3; 18; 14
27,52,0.52061,0.51923,9; 4; 27; 52; 4; 14; 23; 32
8,31,0.32409,0.25806,9; 25; 8; 31; 10; 14; 20; 3
6,64,0.21943,0.09375,8; 13; 6; 64; 8; 29; 17; 26
20,27,0.82643,0.74074,17; 16; 20; 27; 12; 10; 23; 32
35,47,0.73372,0.74468,5; 4; 35; 47; 29; 28; 15; 7
12,23,0.48408,0.52174,6; 20; 12; 23; 16; 21; 6; 25
7,81,0.25763,0.08642,3; 5; 7; 81; 10; 6; 29; 8
23,31,0.72405,0.74194,20; 11; 23; 31; 30; 22; 24; 13
26,53,0.47532,0.49057,9; 8; 26; 53; 16; 6; 3; 31
10,50,0.28174,0.2,16; 7; 10; 50; 21; 22; 25; 6
20,69,0.32522,0.28986,3; 4; 20; 69; 18; 25; 17; 20
34,38,0.91841,0.89474,4; 5; 34; 38; 19; 10; 25; 3
12,42,0.30429,0.28571,15; 21; 12; 42; 29; 24; 17; 3
16,23,0.78475,0.69565,26; 27; 16; 23; 30; 5; 8; 18
30,42,0.70973,0.71429,13; 10; 30; 42; 25; 23; 19; 8
19,39,0.52876,0.48718,8; 4; 19; 39; 32; 17; 4; 10
33,37,0.89618,0.89189,10; 13; 33; 37; 28; 23; 4; 13
7,81,0.2084,0.08642,4; 4; 7; 81; 19; 13; 31; 25
27,43,0.6137,0.62791,4; 14; 27; 43; 24; 30; 7; 18
6,30,0.28485,0.2,24; 7; 6; 30; 3; 14; 6; 9
11,67,0.2239,0.16418,6; 4; 11; 67; 10; 30; 3; 25
29,46,0.59788,0.63043,9; 11; 29; 46; 25; 30; 21; 11
28,36,0.73545,0.77778,7; 8; 28; 36; 9; 21; 3; 3
11,42,0.24551,0.2619,9; 8; 11; 42; 27; 27; 5; 30
14,69,0.25275,0.2029,5; 5; 14; 69; 14; 13; 22; 19
14,20,0.76506,0.7,32; 17; 14; 20; 19; 23; 23; 31
42,47,0.88052,0.89362,3; 3; 42; 47; 27; 24; 7; 13
24,66,0.37925,0.36364,4; 4; 24; 66; 31; 20; 24; 10
15,40,0.3487,0.375,6; 21; 15; 40; 4; 10; 25; 27
19,48,0.40255,0.39583,12; 14; 19; 48; 24; 3; 6; 29
13,31,0.40499,0.41935,16; 6; 13; 31; 23; 14; 9; 5
31,35,0.88389,0.88571,11; 12; 31; 35; 7; 11; 31; 10
24,34,0.68187,0.70588,6; 12; 24; 34; 10; 22; 9; 31
16,62,0.26714,0.25806,4; 5; 16; 62; 6; 21; 16; 20
30,43,0.67497,0.69767,9; 8; 30; 43; 30; 19; 12; 26
21,59,0.36776,0.35593,4; 7; 21; 59; 26; 22; 23; 4
11,73,0.19867,0.15068,6; 7; 11; 73; 17; 31; 5; 24
6,15,0.41138,0.4,31; 26; 6; 15; 25; 18; 14; 17
24,64,0.39595,0.375,3; 4; 24; 64; 12; 12; 31; 23
7,74,0.22058,0.09459,5; 7; 7; 74; 25; 11; 5; 20
18,68,0.28008,0.26471,3; 3; 18; 68; 20; 8; 29; 19
31,42,0.72829,0.7381,11; 11; 31; 42; 11; 7; 9; 8
13,65,0.25555,0.2,10; 10; 13; 65; 28; 19; 10; 31
29,41,0.70827,0.70732,4; 9; 29; 41; 4; 11; 4; 5
16,38,0.4203,0.42105,18; 13; 16; 38; 13; 27; 27; 13
8,21,0.42291,0.38095,11; 12; 8; 21; 26; 32; 5; 5
25,28,0.92149,0.89286,19; 13; 25; 28; 16; 14; 7; 26
32,45,0.71938,0.71111,8; 10; 32; 45; 16; 3; 12; 15
10,28,0.33423,0.35714,16; 26; 10; 28; 12; 26; 18; 5
8,21,0.36686,0.38095,9; 32; 8; 21; 18; 5; 3; 19
6,38,0.27274,0.15789,15; 4; 6; 38; 26; 9; 26; 25
25,32,0.78713,0.78125,20; 10; 25; 32; 4; 27; 29; 7
26,53,0.52783,0.49057,9; 4; 26; 53; 25; 3; 4; 9
15,58,0.27438,0.25862,6; 12; 15; 58; 8; 30; 22; 6
22,45,0.49751,0.48889,11; 11; 22; 45; 29; 25; 5; 15
7,78,0.20579,0.08974,3; 5; 7; 78; 6; 16; 19; 14
19,65,0.32376,0.29231,4; 5; 19; 65; 24; 22; 12; 32
38,49,0.76496,0.77551,3; 3; 38; 49; 15; 25; 27; 8
14,49,0.28375,0.28571,13; 16; 14; 49; 21; 27; 18; 7
11,71,0.17752,0.15493,6; 3; 11; 71; 18; 25; 18; 31
19,39,0.5144,0.48718,8; 11; 19; 39; 9; 24; 28; 23
29,39,0.75206,0.74359,7; 3; 29; 39; 12; 18; 16; 3
12,30,0.40504,0.4,11; 10; 12; 30; 9; 29; 18; 27
33,47,0.70388,0.70213,9; 5; 33; 47; 12; 26; 18; 15
18,45,0.39353,0.4,17; 15; 18; 45; 25; 16; 16; 20
16,56,0.30714,0.28571,7; 9; 16; 56; 25; 23; 32; 9
20,27,0.78986,0.74074,20; 7; 20; 27; 20; 26; 22; 5
12,47,0.27465,0.25532,17; 7; 12; 47; 19; 27; 4; 11
15,42,0.3623,0.35714,7; 4; 15; 42; 17; 32; 11; 15
24,49,0.50506,0.4898,6; 3; 24; 49; 25; 11; 7; 23
26,53,0.51646,0.49057,3; 3; 26; 53; 15; 22; 32; 11
9,24,0.30993,0.375,15; 3; 9; 24; 9; 8; 4; 3
8,20,0.27658,0.4,11; 25; 8; 20; 22; 17; 14; 12
6,16,0.48944,0.375,19; 13; 6; 16; 18; 31; 12; 19
5,54,0.25582,0.09259,7; 12; 5; 54; 32; 13; 5; 7
41,46,0.89716,0.8913,3; 3; 41; 46; 31; 31; 28; 7
23,33,0.70921,0.69697,4; 3; 23; 33; 16; 10; 15; 20
12,78,0.2249,0.15385,4; 4; 12; 78; 19; 29; 20; 5
7,44,0.29393,0.15909,23; 8; 7; 44; 3; 7; 32; 23
16,42,0.40699,0.38095,7; 13; 16; 42; 28; 16; 20; 30
37,53,0.69727,0.69811,4; 3; 37; 53; 3; 8; 23; 20
20,28,0.76749,0.71429,21; 19; 20; 28; 22; 18; 31; 3
27,43,0.60377,0.62791,13; 7; 27; 43; 17; 24; 9; 7
21,27,0.70528,0.77778,21; 20; 21; 27; 21; 16; 23; 12
34,46,0.72255,0.73913,9; 6; 34; 46; 18; 12; 13; 10
7,9,0.83143,0.77778,10; 19; 7; 9; 4; 27; 12; 6
12,76,0.26288,0.15789,4; 5; 12; 76; 32; 16; 3; 29
8,49,0.24959,0.16327,10; 4; 8; 49; 24; 32; 15; 13
7,74,0.22828,0.09459,7; 8; 7; 74; 17; 26; 13; 27
34,38,0.89483,0.89474,12; 4; 34; 38; 27; 28; 11; 30
10,16,0.58135,0.625,29; 15; 10; 16; 19; 18; 6; 14
37,53,0.68008,0.69811,3; 4; 37; 53; 9; 9; 26; 31
15,36,0.42705,0.41667,7; 9; 15; 36; 11; 31; 6; 11
10,26,0.4336,0.38462,23; 28; 10; 26; 25; 6; 18; 11
26,35,0.75016,0.74286,8; 18; 26; 35; 12; 22; 13; 27
35,50,0.69391,0.7,5; 6; 35; 50; 5; 17; 21; 28
26,50,0.51846,0.52,11; 8; 26; 50; 19; 32; 11; 4
17,27,0.62606,0.62963,11; 18; 17; 27; 16; 27; 14; 4
5,17,0.39724,0.29412,22; 19; 5; 17; 24; 15; 10; 5
11,42,0.27333,0.2619,17; 11; 11; 42; 25; 5; 11; 27
12,60,0.26056,0.2,9; 5; 12; 60; 6; 6; 10; 25
6,58,0.22283,0.10345,6; 17; 6; 58; 3; 13; 4; 8
14,53,0.29556,0.26415,10; 5; 14; 53; 30; 27; 14; 3
20,70,0.30447,0.28571,3; 3; 20; 70; 14; 12; 19; 27
8,52,0.25454,0.15385,11; 19; 8; 52; 20; 17; 14; 32
14,54,0.27143,0.25926,9; 10; 14; 54; 17; 23; 3; 21
26,35,0.71452,0.74286,5; 5; 26; 35; 24; 8; 16; 20
24,64,0.3732,0.375,3; 3; 24; 64; 21; 10; 7; 10
10,34,0.30632,0.29412,8; 10; 10; 34; 23; 12; 19; 26
12,46,0.27278,0.26087,8; 4; 12; 46; 19; 11; 20; 24
14,27,0.49918,0.51852,18; 23; 14; 27; 8; 21; 14; 19
10,25,0.36017,0.4,28; 8; 10; 25; 20; 18; 27; 12
10,51,0.22515,0.19608,14; 16; 10; 51; 10; 17; 15; 9
27,43,0.61285,0.62791,8; 13; 27; 43; 10; 8; 8; 27
39,50,0.78851,0.78,3; 4; 39; 50; 31; 4; 9; 9
25,48,0.5346,0.52083,6; 12; 25; 48; 7; 3; 29; 5
8,41,0.26183,0.19512,24; 10; 8; 41; 3; 10; 26; 27
12,30,0.37425,0.4,17; 6; 12; 30; 17; 5; 15; 16
26,50,0.50105,0.52,10; 5; 26; 50; 17; 24; 9; 14
8,28,0.30921,0.28571,16; 23; 8; 28; 15; 16; 13; 20
24,38,0.60789,0.63158,12; 4; 24; 38; 26; 10; 30; 27
34,46,0.70265,0.73913,3; 5; 34; 46; 26; 15; 23; 11
14,27,0.50766,0.51852,5; 3; 14; 27; 23; 20; 25; 3
25,51,0.52952,0.4902,8; 3; 25; 51; 30; 7; 9; 5
29,39,0.73565,0.74359,15; 10; 29; 39; 7; 5; 19; 28
5,25,0.28821,0.2,15; 18; 5; 25; 28; 25; 7; 31
32,36,0.91096,0.88889,13; 5; 32; 36; 25; 27; 16; 5
7,47,0.22842,0.14894,11; 11; 7; 47; 17; 17; 25; 10
12,61,0.2113,0.19672,3; 8; 12; 61; 6; 18; 4; 6
6,69,0.28144,0.08696,4; 9; 6; 69; 13; 30; 14; 21
17,33,0.51671,0.51515,24; 18; 17; 33; 29; 8; 24; 23
8,79,0.22523,0.10127,4; 5; 8; 79; 3; 16; 22; 11
25,63,0.43827,0.39683,3; 3; 25; 63; 24; 17; 3; 20
8,50,0.2309,0.16,19; 6; 8; 50; 27; 23; 11; 15
5,34,0.2708,0.14706,28; 29; 5; 34; 14; 27; 26; 19
24,46,0.53565,0.52174,7; 11; 24; 46; 3; 18; 23; 24
27,55,0.48837,0.49091,3; 8; 27; 55; 10; 21; 8; 7
10,49,0.25141,0.20408,18; 16; 10; 49; 20; 24; 10; 15
31,40,0.79913,0.775,5; 8; 31; 40; 8; 25; 22; 26
10,51,0.2574,0.19608,16; 7; 10; 51; 26; 25; 32; 12
8,77,0.2181,0.1039,3; 4; 8; 77; 18; 26; 28; 3
28,40,0.69492,0.7,7; 4; 28; 40; 20; 10; 12; 8
21,59,0.38709,0.35593,6; 8; 21; 59; 16; 6; 15; 11
6,39,0.20885,0.15385,19; 11; 6; 39; 8; 22; 27; 23
21,53,0.43208,0.39623,12; 12; 21; 53; 26; 25; 4; 7
7,45,0.31133,0.15556,11; 6; 7; 45; 26; 17; 10; 5
29,46,0.64263,0.63043,7; 7; 29; 46; 27; 22; 3; 4
10,68,0.24858,0.14706,9; 5; 10; 68; 24; 10; 17; 7
26,53,0.47753,0.49057,7; 7; 26; 53; 21; 22; 12; 3
37,50,0.71383,0.74,5; 4; 37; 50; 31; 4; 21; 19
8,81,0.29696,0.09877,4; 4; 8; 81; 12; 22; 30; 11
16,23,0.75063,0.69565,26; 3; 16; 23; 8; 27; 7; 8
10,26,0.37952,0.38462,19; 8; 10; 26; 29; 9; 5; 25
16,45,0.36534,0.35556,14; 3; 16; 45; 24; 21; 9; 7
14,49,0.27542,0.28571,8; 7; 14; 49; 21; 3; 24; 8
8,55,0.22399,0.14545,15; 10; 8; 55; 8; 23; 4; 22
9,58,0.2227,0.15517,4; 5; 9; 58; 11; 18; 15; 9
28,57,0.49441,0.49123,5; 4; 28; 57; 19; 19; 5; 26
8,52,0.23814,0.15385,4; 11; 8; 52; 14; 27; 4; 15
6,30,0.27821,0.2,24; 30; 6; 30; 32; 6; 13; 20
25,32,0.71835,0.78125,10; 11; 25; 32; 24; 30; 8; 27
41,46,0.90874,0.8913,5; 5; 41; 46; 14; 16; 15; 18
9,34,0.28684,0.26471,11; 25; 9; 34; 30; 25; 23; 17
16,55,0.30941,0.29091,4; 5; 16; 55; 22; 9; 9; 17
21,43,0.51098,0.48837,8; 15; 21; 43; 27; 30; 10; 30
23,57,0.4012,0.40351,3; 8; 23; 57; 28; 13; 27; 14
12,33,0.33548,0.36364,9; 9; 12; 33; 32; 7; 24; 21
10,16,0.67908,0.625,16; 10; 10; 16; 22; 7; 3; 15
6,41,0.19547,0.14634,15; 23; 6; 41; 13; 13; 9; 21
18,70,0.29285,0.25714,5; 5; 18; 70; 26; 27; 17; 10
16,31,0.54145,0.51613,6; 4; 16; 31; 4; 25; 4; 28
6,15,0.32832,0.4,16; 28; 6; 15; 11; 14; 18; 23
34,38,0.88588,0.89474,8; 12; 34; 38; 25; 30; 7; 23
41,46,0.8586,0.8913,4; 4; 41; 46; 20; 14; 5; 31
18,45,0.42615,0.4,13; 16; 18; 45; 22; 30; 3; 17
17,43,0.35499,0.39535,11; 14; 17; 43; 8; 15; 22; 25
11,71,0.21257,0.15493,5; 5; 11; 71; 5; 10; 13; 22
19,30,0.57073,0.63333,23; 15; 19; 30; 24; 16; 15; 23
17,65,0.28868,0.26154,4; 8; 17; 65; 8; 16; 18; 21
5,48,0.24168,0.10417,21; 17; 5; 48; 6; 10; 4; 10
22,31,0.68511,0.70968,4; 5; 22; 31; 30; 6; 30; 4
19,65,0.32132,0.29231,5; 6; 19; 65; 29; 28; 7; 23
18,37,0.51137,0.48649,5; 14; 18; 37; 14; 18; 18; 11
12,77,0.24626,0.15584,4; 3; 12; 77; 8; 15; 3; 14
10,67,0.22923,0.14925,5; 3; 10; 67; 21; 4; 15; 29
20,50,0.4143,0.4,8; 3; 20; 50; 9; 13; 21; 31
12,41,0.32987,0.29268,15; 11; 12; 41; 22; 24; 13; 10
19,27,0.68722,0.7037,18; 17; 19; 27; 7; 27; 18; 9
19,45,0.44198,0.42222,10; 3; 19; 45; 22; 14; 26; 24
11,26,0.38561,0.42308,4; 30; 11; 26; 5; 11; 12; 19
8,31,0.26473,0.25806,11; 22; 8; 31; 9; 8; 8; 13
28,57,0.5404,0.49123,4; 4; 28; 57; 25; 7; 14; 20
23,57,0.42895,0.40351,6; 8; 23; 57; 26; 23; 8; 26
7,68,0.24514,0.10294,9; 3; 7; 68; 3; 27; 4; 5
14,27,0.47304,0.51852,10; 16; 14; 27; 30; 8; 15; 12
10,68,0.21903,0.14706,10; 7; 10; 68; 5; 23; 14; 15
6,16,0.34287,0.375,12; 16; 6; 16; 22; 5; 30; 16
35,50,0.69405,0.7,5; 5; 35; 50; 24; 7; 6; 4
25,65,0.38412,0.38462,3; 4; 25; 65; 15; 19; 10; 15
35,47,0.7262,0.74468,6; 5; 35; 47; 5; 17; 20; 16
15,52,0.30155,0.28846,13; 3; 15; 52; 31; 19; 22; 15
35,47,0.73399,0.74468,6; 3; 35; 47; 23; 14; 17; 5
15,75,0.21227,0.2,4; 4; 15; 75; 8; 13; 6; 14
22,61,0.38456,0.36066,4; 6; 22; 61; 25; 9; 9; 32
10,65,0.20592,0.15385,10; 11; 10; 65; 21; 28; 8; 30
8,82,0.26872,0.09756,4; 4; 8; 82; 20; 19; 32; 13
11,56,0.26115,0.19643,7; 9; 11; 56; 16; 28; 12; 20
32,51,0.60362,0.62745,5; 6; 32; 51; 31; 15; 10; 10
33,37,0.88729,0.89189,14; 7; 33; 37; 10; 19; 22; 24
6,39,0.27366,0.15385,23; 14; 6; 39; 32; 22; 18; 23
7,35,0.2265,0.2,28; 21; 7; 35; 11; 29; 19; 30
24,57,0.43146,0.42105,6; 8; 24; 57; 29; 10; 4; 22
22,35,0.61187,0.62857,10; 16; 22; 35; 19; 18; 19; 28
14,20,0.7937,0.7,16; 13; 14; 20; 9; 5; 20; 4
8,78,0.22919,0.10256,4; 5; 8; 78; 6; 20; 22; 3
35,50,0.71249,0.7,4; 4; 35; 50; 3; 20; 15; 32
7,71,0.25134,0.09859,5; 4; 7; 71; 14; 31; 22; 30
16,23,0.69188,0.69565,6; 27; 16; 23; 5; 7; 8; 17
10,24,0.4223,0.41667,9; 28; 10; 24; 13; 19; 11; 31
25,32,0.71456,0.78125,13; 15; 25; 32; 11; 20; 27; 3
23,33,0.68603,0.69697,3; 11; 23; 33; 10; 15; 23; 18
7,76,0.24947,0.09211,3; 6; 7; 76; 6; 14; 9; 16
35,47,0.73371,0.74468,6; 5; 35; 47; 4; 15; 19; 14
14,18,0.80529,0.77778,4; 30; 14; 18; 19; 20; 12; 30
5,12,0.52871,0.41667,27; 19; 5; 12; 13; 12; 12; 15
23,44,0.51735,0.52273,13; 5; 23; 44; 9; 14; 20; 24
20,69,0.29409,0.28986,4; 3; 20; 69; 14; 21; 12; 14
19,47,0.36851,0.40426,7; 4; 19; 47; 25; 8; 17; 4
6,62,0.23255,0.09677,9; 8; 6; 62; 24; 15; 29; 11
5,50,0.26088,0.1,16; 17; 5; 50; 10; 7; 21; 6
8,79,0.24699,0.10127,4; 4; 8; 79; 31; 7; 10; 11
9,60,0.24408,0.15,9; 9; 9; 60; 14; 4; 25; 7
24,63,0.38559,0.38095,3; 4; 24; 63; 20; 11; 24; 9
14,70,0.23667,0.2,3; 4; 14; 70; 9; 18; 10; 20
18,43,0.4549,0.4186,11; 11; 18; 43; 6; 32; 17; 19
29,46,0.63554,0.63043,10; 7; 29; 46; 23; 27; 15; 29
14,39,0.3763,0.35897,7; 17; 14; 39; 6; 16; 10; 3
15,39,0.36214,0.38462,16; 6; 15; 39; 9; 6; 25; 24
16,38,0.43966,0.42105,21; 10; 16; 38; 25; 9; 4; 22
29,37,0.7877,0.78378,11; 13; 29; 37; 5; 21; 26; 5
16,18,0.85517,0.88889,7; 11; 16; 18; 22; 4; 13; 19
21,56,0.37956,0.375,5; 9; 21; 56; 8; 16; 25; 17
15,51,0.29863,0.29412,11; 15; 15; 51; 27; 15; 19; 11
10,67,0.22143,0.14925,4; 7; 10; 67; 8; 11; 17; 30
10,24,0.37268,0.41667,25; 19; 10; 24; 16; 6; 4; 27
22,35,0.59635,0.62857,10; 6; 22; 35; 14; 18; 24; 16
10,51,0.25534,0.19608,17; 5; 10; 51; 19; 15; 21; 19
18,50,0.35334,0.36,10; 11; 18; 50; 23; 12; 29; 7
16,38,0.4542,0.42105,6; 22; 16; 38; 5; 8; 32; 22
12,17,0.75288,0.70588,24; 23; 12; 17; 15; 28; 23; 26
9,44,0.24475,0.20455,14; 7; 9; 44; 27; 18; 13; 21
10,35,0.32621,0.28571,8; 5; 10; 35; 18; 30; 28; 8
10,16,0.81065,0.625,24; 30; 10; 16; 26; 9; 17; 28
6,37,0.20181,0.16216,12; 19; 6; 37; 10; 25; 10; 28
22,45,0.5134,0.48889,11; 9; 22; 45; 25; 4; 22; 28
8,78,0.22874,0.10256,4; 6; 8; 78; 32; 23; 27; 5
24,66,0.37376,0.36364,3; 3; 24; 66; 3; 17; 12; 31
6,41,0.20789,0.14634,7; 12; 6; 41; 28; 22; 3; 26
18,48,0.39217,0.375,16; 10; 18; 48; 17; 11; 17; 15
25,35,0.70917,0.71429,11; 7; 25; 35; 4; 22; 5; 13
7,35,0.24932,0.2,9; 8; 7; 35; 14; 19; 14; 14
20,56,0.38551,0.35714,10; 10; 20; 56; 20; 14; 9; 30
28,40,0.72792,0.7,12; 7; 28; 40; 5; 17; 24; 5
6,68,0.22324,0.08824,3; 5; 6; 68; 29; 3; 18; 10
25,62,0.4148,0.40323,4; 4; 25; 62; 17; 16; 15; 7
26,35,0.6918,0.74286,16; 5; 26; 35; 6; 30; 25; 31
9,62,0.23887,0.14516,12; 12; 9; 62; 22; 22; 13; 12
29,37,0.80301,0.78378,14; 10; 29; 37; 12; 16; 26; 20
9,56,0.26112,0.16071,11; 7; 9; 56; 4; 13; 8; 16
8,52,0.21154,0.15385,15; 13; 8; 52; 18; 19; 21; 27
6,58,0.21516,0.10345,10; 17; 6; 58; 25; 3; 31; 14
20,68,0.28958,0.29412,5; 3; 20; 68; 18; 27; 23; 8
7,79,0.21711,0.08861,5; 4; 7; 79; 13; 22; 25; 17
7,35,0.2342,0.2,27; 9; 7; 35; 20; 8; 27; 4
12,77,0.2333,0.15584,3; 3; 12; 77; 21; 3; 29; 30
8,31,0.2544,0.25806,9; 10; 8; 31; 17; 9; 32; 6
7,75,0.24152,0.09333,4; 5; 7; 75; 4; 17; 17; 7
14,33,0.43115,0.42424,4; 13; 14; 33; 25; 18; 26; 12
5,12,0.50877,0.41667,40; 18; 5; 12; 6; 32; 19; 28
8,22,0.29652,0.36364,3; 3; 8; 22; 3; 14; 15; 18
29,39,0.72338,0.74359,13; 11; 29; 39; 24; 16; 27; 26
13,31,0.39137,0.41935,6; 20; 13; 31; 22; 26; 9; 11
17,19,0.85814,0.89474,28; 24; 17; 19; 26; 7; 14; 31
24,27,0.94137,0.88889,5; 17; 24; 27; 25; 6; 16; 3
5,31,0.31555,0.16129,9; 3; 5; 31; 11; 10; 25; 14
26,53,0.50893,0.49057,7; 5; 26; 53; 26; 17; 7; 20
18,48,0.37715,0.375,10; 6; 18; 48; 10; 20; 11; 23
12,74,0.23798,0.16216,4; 4; 12; 74; 22; 7; 23; 13
7,48,0.28196,0.14583,20; 5; 7; 48; 12; 32; 24; 19
14,27,0.51479,0.51852,19; 8; 14; 27; 3; 26; 26; 23
34,46,0.73801,0.73913,6; 6; 34; 46; 13; 28; 30; 5
5,17,0.27342,0.29412,27; 33; 5; 17; 8; 31; 5; 27
8,82,0.21192,0.09756,4; 3; 8; 82; 25; 29; 23; 14
25,51,0.48285,0.4902,10; 3; 25; 51; 8; 5; 27; 30
18,69,0.27446,0.26087,5; 3; 18; 69; 8; 27; 20; 32
20,50,0.43386,0.4,9; 6; 20; 50; 20; 18; 19; 15
12,19,0.53699,0.63158,27; 17; 12; 19; 7; 30; 5; 28
25,48,0.53222,0.52083,9; 7; 25; 48; 29; 32; 11; 22
7,45,0.25808,0.15556,6; 9; 7; 45; 32; 20; 5; 30
16,56,0.30573,0.28571,9; 4; 16; 56; 28; 4; 26; 9
31,42,0.69931,0.7381,9; 6; 31; 42; 16; 22; 11; 7
7,75,0.22874,0.09333,5; 3; 7; 75; 10; 3; 4; 15
24,63,0.39225,0.38095,3; 4; 24; 63; 30; 21; 18; 16
11,55,0.272,0.2,7; 9; 11; 55; 22; 3; 22; 21
25,34,0.7268,0.73529,15; 18; 25; 34; 20; 9; 5; 28
9,25,0.36947,0.36,19; 18; 9; 25; 5; 32; 19; 10
8,41,0.23389,0.19512,23; 20; 8; 41; 7; 28; 21; 16
16,45,0.34123,0.35556,5; 6; 16; 45; 20; 16; 12; 27
7,10,0.71763,0.7,20; 33; 7; 10; 6; 28; 21; 22
7,81,0.21782,0.08642,5; 3; 7; 81; 28; 24; 5; 20
8,31,0.30471,0.25806,23; 4; 8; 31; 29; 26; 22; 20
22,61,0.36912,0.36066,6; 3; 22; 61; 24; 20; 16; 30
25,48,0.53444,0.52083,4; 11; 25; 48; 24; 17; 29; 22
28,36,0.73109,0.77778,14; 6; 28; 36; 30; 30; 14; 23
31,35,0.90378,0.88571,5; 5; 31; 35; 17; 16; 31; 25
16,61,0.2957,0.2623,8; 5; 16; 61; 3; 17; 5; 26
23,47,0.46965,0.48936,14; 10; 23; 47; 12; 25; 23; 5
31,40,0.76152,0.775,11; 13; 31; 40; 19; 21; 16; 11
12,73,0.23162,0.16438,5; 6; 12; 73; 9; 18; 21; 8
25,65,0.42781,0.38462,3; 3; 25; 65; 24; 20; 7; 14
26,50,0.51671,0.52,3; 8; 26; 50; 29; 26; 26; 8
12,74,0.21684,0.16216,3; 3; 12; 74; 25; 16; 17; 5
6,39,0.25819,0.15385,17; 3; 6; 39; 22; 19; 12; 19
17,42,0.43751,0.40476,17; 11; 17; 42; 15; 15; 28; 11
23,44,0.51584,0.52273,14; 15; 23; 44; 6; 16; 6; 16
11,67,0.21654,0.16418,10; 10; 11; 67; 27; 15; 17; 29
14,19,0.82937,0.73684,26; 26; 14; 19; 19; 25; 20; 12
15,36,0.40246,0.41667,9; 21; 15; 36; 4; 4; 11; 5
17,27,0.64667,0.62963,12; 15; 17; 27; 10; 8; 32; 22
28,57,0.5024,0.49123,6; 5; 28; 57; 14; 3; 4; 21
12,75,0.21263,0.16,4; 5; 12; 75; 18; 17; 29; 3
8,79,0.17537,0.10127,3; 4; 8; 79; 32; 25; 11; 11
16,45,0.36533,0.35556,18; 17; 16; 45; 24; 30; 3; 32
12,74,0.21333,0.16216,4; 4; 12; 74; 8; 5; 12; 23
14,54,0.27914,0.25926,7; 3; 14; 54; 25; 14; 12; 19
10,49,0.2344,0.20408,3; 4; 10; 49; 32; 13; 6; 11
14,19,0.8543,0.73684,30; 23; 14; 19; 20; 17; 25; 3
9,46,0.2441,0.19565,18; 3; 9; 46; 10; 26; 27; 20
20,27,0.76441,0.74074,17; 23; 20; 27; 7; 32; 9; 17
19,53,0.37568,0.35849,10; 12; 19; 53; 27; 22; 16; 27
26,35,0.69344,0.74286,7; 14; 26; 35; 29; 31; 3; 9
16,40,0.40391,0.4,16; 11; 16; 40; 14; 24; 9; 31
14,70,0.25194,0.2,5; 5; 14; 70; 20; 25; 16; 32
23,60,0.39474,0.38333,7; 3; 23; 60; 18; 16; 9; 14
26,62,0.41852,0.41935,5; 5; 26; 62; 13; 30; 30; 21
16,23,0.7346,0.69565,23; 26; 16; 23; 25; 12; 19; 25
19,39,0.46954,0.48718,6; 9; 19; 39; 3; 15; 11; 19
10,39,0.26069,0.25641,4; 7; 10; 39; 19; 32; 17; 17
15,24,0.68499,0.625,21; 15; 15; 24; 20; 18; 10; 4
17,33,0.528,0.51515,6; 5; 17; 33; 27; 9; 7; 25
32,36,0.87913,0.88889,10; 14; 32; 36; 32; 18; 5; 4
7,10,0.66047,0.7,13; 33; 7; 10; 25; 32; 17; 5
10,63,0.21269,0.15873,9; 4; 10; 63; 27; 25; 29; 3
14,53,0.28378,0.26415,7; 6; 14; 53; 31; 17; 8; 12
28,40,0.67725,0.7,10; 7; 28; 40; 31; 27; 17; 18
17,19,0.83305,0.89474,21; 15; 17; 19; 23; 26; 32; 7
35,49,0.73119,0.71429,5; 4; 35; 49; 23; 5; 19; 21
7,72,0.21172,0.09722,7; 3; 7; 72; 21; 24; 14; 20
22,58,0.38293,0.37931,9; 8; 22; 58; 9; 17; 12; 21
15,21,0.73945,0.71429,24; 22; 15; 21; 5; 21; 27; 25
10,64,0.23424,0.15625,10; 6; 10; 64; 4; 26; 26; 3
17,33,0.5296,0.51515,24; 20; 17; 33; 24; 7; 10; 4
6,63,0.2303,0.09524,10; 12; 6; 63; 3; 12; 18; 5
36,46,0.77003,0.78261,8; 7; 36; 46; 22; 29; 8; 14
24,38,0.59273,0.63158,5; 6; 24; 38; 18; 4; 12; 19
14,70,0.27034,0.2,5; 5; 14; 70; 20; 30; 8; 18
23,57,0.42423,0.40351,5; 3; 23; 57; 7; 6; 27; 18
12,30,0.42232,0.4,26; 17; 12; 30; 21; 25; 20; 22
10,63,0.2395,0.15873,4; 5; 10; 63; 17; 29; 25; 21
33,47,0.66641,0.70213,4; 9; 33; 47; 27; 20; 11; 19
19,39,0.48241,0.48718,7; 14; 19; 39; 13; 31; 29; 8
37,52,0.68428,0.71154,3; 3; 37; 52; 4; 22; 10; 19
20,48,0.43241,0.41667,11; 14; 20; 48; 8; 4; 5; 16
25,28,0.87324,0.89286,11; 13; 25; 28; 4; 19; 19; 30
12,76,0.24117,0.15789,3; 4; 12; 76; 18; 21; 15; 19
11,26,0.40888,0.42308,10; 9; 11; 26; 24; 3; 25; 15
14,71,0.23673,0.19718,3; 6; 14; 71; 5; 12; 15; 13
38,49,0.72951,0.77551,5; 4; 38; 49; 20; 3; 7; 26
13,34,0.41947,0.38235,9; 20; 13; 34; 26; 9; 32; 23
16,45,0.34968,0.35556,5; 7; 16; 45; 31; 14; 8; 4
26,62,0.38976,0.41935,3; 4; 26; 62; 7; 7; 13; 15
11,38,0.26867,0.28947,3; 6; 11; 38; 6; 7; 15; 29
6,16,0.36196,0.375,17; 6; 6; 16; 6; 32; 30; 5
7,73,0.22195,0.09589,5; 3; 7; 73; 30; 20; 5; 10
39,44,0.84865,0.88636,6; 5; 39; 44; 31; 16; 6; 11
20,55,0.36558,0.36364,4; 4; 20; 55; 3; 25; 18; 25
13,45,0.3167,0.28889,13; 14; 13; 45; 14; 13; 10; 22
10,24,0.45586,0.41667,30; 17; 10; 24; 29; 15; 3; 20
19,39,0.4828,0.48718,3; 12; 19; 39; 15; 3; 13; 15
39,44,0.92696,0.88636,5; 5; 39; 44; 14; 8; 6; 5
5,7,0.82155,0.71429,11; 34; 5; 7; 19; 10; 11; 16
29,39,0.7283,0.74359,3; 11; 29; 39; 6; 13; 4; 7
6,41,0.26054,0.14634,7; 13; 6; 41; 11; 18; 29; 17
23,58,0.39308,0.39655,5; 4; 23; 58; 18; 10; 18; 5
18,63,0.29673,0.28571,5; 6; 18; 63; 3; 14; 9; 4
14,19,0.81876,0.73684,17; 7; 14; 19; 11; 12; 9; 25
6,40,0.25987,0.15,4; 13; 6; 40; 31; 29; 9; 25
22,53,0.40621,0.41509,7; 8; 22; 53; 7; 13; 17; 12
40,45,0.90536,0.88889,4; 4; 40; 45; 14; 9; 3; 16
9,45,0.26343,0.2,18; 9; 9; 45; 29; 5; 24; 21
8,9,0.85097,0.88889,37; 30; 8; 9; 27; 8; 8; 18
20,27,0.7134,0.74074,7; 11; 20; 27; 10; 25; 26; 27
14,54,0.25932,0.25926,5; 14; 14; 54; 6; 9; 28; 11
8,79,0.20361,0.10127,5; 5; 8; 79; 23; 12; 25; 22
9,25,0.26738,0.36,24; 12; 9; 25; 7; 30; 21; 23
23,55,0.42582,0.41818,6; 8; 23; 55; 10; 29; 24; 30
23,31,0.75913,0.74194,5; 18; 23; 31; 27; 18; 8; 8
16,18,0.83039,0.88889,32; 6; 16; 18; 24; 4; 9; 30
25,40,0.61164,0.625,7; 16; 25; 40; 17; 4; 8; 15
15,39,0.3685,0.38462,21; 6; 15; 39; 16; 24; 23; 30
11,69,0.24859,0.15942,4; 3; 11; 69; 18; 32; 7; 10
12,19,0.66778,0.63158,32; 9; 12; 19; 27; 3; 32; 17
24,38,0.62283,0.63158,9; 9; 24; 38; 10; 29; 29; 29
33,47,0.71864,0.70213,7; 7; 33; 47; 31; 7; 15; 19
19,65,0.31247,0.29231,6; 4; 19; 65; 24; 17; 15; 9
8,51,0.25695,0.15686,6; 9; 8; 51; 21; 29; 21; 14
31,35,0.88848,0.88571,14; 8; 31; 35; 14; 4; 24; 14
7,9,0.76963,0.77778,24; 18; 7; 9; 32; 16; 6; 8
7,45,0.25979,0.15556,19; 22; 7; 45; 12; 24; 11; 12
34,54,0.62388,0.62963,5; 3; 34; 54; 14; 7; 29; 6
21,59,0.33382,0.35593,8; 3; 21; 59; 14; 26; 22; 3
12,17,0.87719,0.70588,17; 20; 12; 17; 22; 12; 28; 19
17,65,0.26618,0.26154,6; 6; 17; 65; 17; 4; 14; 20
10,16,0.62788,0.625,16; 10; 10; 16; 6; 24; 32; 29
10,61,0.21643,0.16393,9; 13; 10; 61; 8; 25; 25; 26
7,35,0.25432,0.2,4; 15; 7; 35; 19; 17; 12; 10
37,52,0.74374,0.71154,4; 4; 37; 52; 12; 11; 6; 8
8,31,0.2986,0.25806,21; 24; 8; 31; 20; 6; 11; 29
12,41,0.30777,0.29268,7; 13; 12; 41; 13; 15; 8; 32
28,38,0.73574,0.73684,7; 5; 28; 38; 3; 6; 11; 27
25,40,0.62609,0.625,10; 4; 25; 40; 16; 4; 25; 12
22,35,0.61489,0.62857,20; 17; 22; 35; 25; 28; 7; 13
7,70,0.2115,0.1,10; 4; 7; 70; 14; 4; 6; 5
5,31,0.2718,0.16129,29; 9; 5; 31; 7; 9; 27; 30
16,23,0.70752,0.69565,17; 6; 16; 23; 32; 15; 28; 13
7,9,0.76687,0.77778,17; 14; 7; 9; 4; 8; 19; 11
5,7,0.77646,0.71429,32; 38; 5; 7; 11; 18; 28; 25
5,58,0.27225,0.08621,4; 9; 5; 58; 31; 17; 21; 9
30,48,0.63529,0.625,3; 9; 30; 48; 4; 27; 5; 31
20,70,0.27129,0.28571,3; 3; 20; 70; 8; 14; 15; 14
22,45,0.52076,0.48889,4; 4; 22; 45; 28; 21; 15; 28
7,24,0.32173,0.29167,31; 21; 7; 24; 16; 5; 18; 9
15,58,0.293,0.25862,6; 3; 15; 58; 6; 8; 15; 10
5,32,0.27001,0.15625,16; 5; 5; 32; 6; 12; 16; 8
10,67,0.24503,0.14925,3; 4; 10; 67; 24; 26; 10; 11
17,58,0.3083,0.2931,9; 11; 17; 58; 15; 27; 16; 14
26,41,0.6124,0.63415,14; 12; 26; 41; 12; 25; 9; 19
7,69,0.21585,0.10145,4; 3; 7; 69; 8; 12; 32; 25
24,34,0.6811,0.70588,17; 16; 24; 34; 29; 20; 30; 3
12,42,0.33647,0.28571,11; 12; 12; 42; 20; 21; 3; 23
41,46,0.8597,0.8913,4; 3; 41; 46; 4; 15; 17; 9
27,43,0.6142,0.62791,8; 9; 27; 43; 15; 26; 23; 27
8,19,0.34038,0.42105,20; 20; 8; 19; 27; 24; 16; 17
11,21,0.53328,0.52381,20; 23; 11; 21; 22; 19; 25; 17
5,53,0.28155,0.09434,16; 7; 5; 53; 19; 4; 8; 22
7,82,0.224,0.08537,3; 3; 7; 82; 13; 32; 21; 13
30,58,0.5402,0.51724,4; 5; 30; 58; 14; 17; 17; 7
33,37,0.86067,0.89189,10; 13; 33; 37; 25; 26; 19; 16
8,53,0.2327,0.15094,13; 12; 8; 53; 20; 7; 27; 3
12,23,0.51088,0.52174,30; 15; 12; 23; 23; 32; 20; 16
16,45,0.36186,0.35556,11; 16; 16; 45; 6; 22; 28; 21
25,51,0.4822,0.4902,3; 9; 25; 51; 19; 15; 7; 31
7,82,0.2166,0.08537,4; 4; 7; 82; 3; 13; 14; 17
17,59,0.29995,0.28814,8; 9; 17; 59; 8; 4; 28; 21
28,36,0.78023,0.77778,15; 11; 28; 36; 22; 17; 6; 10
20,27,0.76991,0.74074,20; 4; 20; 27; 30; 25; 10; 20
22,35,0.62132,0.62857,18; 5; 22; 35; 26; 9; 29; 28
8,31,0.26394,0.25806,27; 12; 8; 31; 10; 7; 18; 10
12,59,0.25676,0.20339,4; 8; 12; 59; 25; 10; 9; 11
35,50,0.67624,0.7,4; 6; 35; 50; 24; 3; 22; 24
5,55,0.24782,0.09091,19; 13; 5; 55; 26; 16; 4; 23
23,31,0.70568,0.74194,21; 17; 23; 31; 14; 28; 17; 12
11,69,0.24901,0.15942,3; 6; 11; 69; 7; 20; 24; 20
8,40,0.26655,0.2,6; 23; 8; 40; 15; 8; 20; 7
39,50,0.76333,0.78,4; 3; 39; 50; 28; 13; 6; 3
19,53,0.36548,0.35849,13; 7; 19; 53; 4; 10; 14; 17
8,52,0.21409,0.15385,9; 8; 8; 52; 27; 27; 22; 13
10,28,0.36156,0.35714,13; 18; 10; 28; 6; 19; 5; 11
25,34,0.73718,0.73529,5; 17; 25; 34; 28; 25; 28; 11
22,61,0.37545,0.36066,5; 4; 22; 61; 29; 27; 14; 7
18,23,0.85022,0.78261,10; 10; 18; 23; 13; 25; 27; 21
26,35,0.71869,0.74286,10; 7; 26; 35; 15; 12; 6; 11
6,16,0.49478,0.375,9; 29; 6; 16; 16; 20; 24; 13
21,56,0.38951,0.375,7; 6; 21; 56; 5; 23; 24; 11
24,63,0.39177,0.38095,5; 3; 24; 63; 30; 16; 8; 30
7,82,0.21733,0.08537,3; 4; 7; 82; 28; 6; 21; 4
23,47,0.52064,0.48936,3; 9; 23; 47; 25; 6; 15; 3
16,38,0.3987,0.42105,14; 14; 16; 38; 12; 15; 12; 23
18,23,0.84851,0.78261,21; 18; 18; 23; 13; 13; 7; 32
19,45,0.41719,0.42222,10; 15; 19; 45; 27; 30; 28; 8
25,63,0.42546,0.39683,5; 3; 25; 63; 3; 6; 10; 6
9,45,0.26781,0.2,13; 4; 9; 45; 16; 23; 20; 32
20,48,0.40191,0.41667,15; 6; 20; 48; 5; 5; 11; 14
30,48,0.62492,0.625,8; 9; 30; 48; 6; 15; 25; 14
7,9,0.71134,0.77778,7; 23; 7; 9; 17; 9; 3; 29
17,19,0.88363,0.89474,13; 18; 17; 19; 9; 25; 4; 8
8,79,0.21771,0.10127,3; 5; 8; 79; 22; 14; 10; 10
14,19,0.72286,0.73684,14; 9; 14; 19; 8; 21; 6; 16
20,55,0.37588,0.36364,10; 3; 20; 55; 27; 7; 23; 24
27,55,0.51092,0.49091,7; 3; 27; 55; 22; 11; 23; 27
5,52,0.25004,0.09615,13; 8; 5; 52; 16; 13; 23; 19
8,21,0.41131,0.38095,25; 4; 8; 21; 8; 31; 14; 11
19,66,0.3076,0.28788,6; 5; 19; 66; 24; 31; 7; 9
6,38,0.25097,0.15789,8; 14; 6; 38; 25; 10; 21; 32
11,38,0.32405,0.28947,11; 17; 11; 38; 9; 5; 30; 12
8,40,0.2429,0.2,10; 7; 8; 40; 5; 7; 5; 32
8,19,0.43071,0.42105,18; 34; 8; 19; 9; 8; 32; 3
20,27,0.78246,0.74074,7; 18; 20; 27; 22; 30; 4; 3
7,80,0.21103,0.0875,4; 3; 7; 80; 11; 13; 30; 4
31,49,0.59768,0.63265,4; 9; 31; 49; 28; 13; 26; 15
24,60,0.42033,0.4,3; 7; 24; 60; 15; 7; 20; 9
15,39,0.42144,0.38462,16; 16; 15; 39; 15; 23; 29; 20
5,56,0.23661,0.08929,9; 17; 5; 56; 20; 17; 7; 17
8,82,0.33185,0.09756,4; 3; 8; 82; 4; 12; 3; 22
10,14,0.75489,0.71429,37; 8; 10; 14; 19; 16; 16; 9
17,27,0.71512,0.62963,4; 18; 17; 27; 10; 16; 20; 7
20,28,0.7,0.71429,8; 4; 20; 28; 15; 28; 12; 13
31,40,0.75851,0.775,13; 13; 31; 40; 4; 12; 30; 32
31,40,0.77741,0.775,12; 4; 31; 40; 21; 17; 4; 22
12,60,0.24492,0.2,8; 10; 12; 60; 19; 18; 22; 26
14,53,0.28008,0.26415,9; 12; 14; 53; 15; 5; 14; 23
20,32,0.62964,0.625,10; 9; 20; 32; 29; 20; 16; 23
28,36,0.72227,0.77778,11; 5; 28; 36; 11; 8; 32; 31
24,66,0.36679,0.36364,4; 3; 24; 66; 26; 3; 25; 3
22,35,0.62777,0.62857,14; 16; 22; 35; 32; 6; 16; 15
8,9,0.67922,0.88889,27; 16; 8; 9; 10; 27; 3; 24
28,54,0.50845,0.51852,8; 6; 28; 54; 14; 29; 15; 22
18,23,0.82961,0.78261,27; 10; 18; 23; 3; 21; 21; 3
10,34,0.28613,0.29412,6; 12; 10; 34; 20; 18; 22; 19
15,39,0.37588,0.38462,19; 13; 15; 39; 29; 14; 15; 17
17,35,0.51087,0.48571,4; 6; 17; 35; 31; 10; 18; 28
10,66,0.19224,0.15152,5; 3; 10; 66; 14; 9; 30; 21
17,45,0.39232,0.37778,11; 4; 17; 45; 29; 19; 14; 28
26,37,0.70088,0.7027,13; 15; 26; 37; 8; 16; 12; 26
17,47,0.38719,0.3617,9; 8; 17; 47; 6; 11; 9; 5
6,23,0.2635,0.26087,9; 24; 6; 23; 15; 20; 15; 20
19,50,0.36716,0.38,3; 6; 19; 50; 10; 6; 16; 22
29,41,0.6739,0.70732,5; 8; 29; 41; 26; 27; 13; 10
39,44,0.88201,0.88636,4; 5; 39; 44; 11; 27; 30; 14
27,43,0.59429,0.62791,7; 5; 27; 43; 27; 15; 6; 24
5,55,0.22939,0.09091,16; 4; 5; 55; 30; 4; 19; 28
9,59,0.22602,0.15254,6; 7; 9; 59; 3; 12; 14; 31
17,19,0.90166,0.89474,24; 27; 17; 19; 23; 13; 19; 19
7,10,0.75051,0.7,34; 35; 7; 10; 29; 20; 31; 11
26,53,0.49615,0.49057,9; 4; 26; 53; 11; 5; 26; 26
26,35,0.73547,0.74286,8; 6; 26; 35; 3; 27; 27; 19
7,45,0.24662,0.15556,10; 20; 7; 45; 12; 4; 6; 3
6,21,0.38026,0.28571,17; 31; 6; 21; 25; 3; 16; 10
7,77,0.24013,0.09091,3; 6; 7; 77; 17; 22; 11; 14
17,47,0.37512,0.3617,3; 14; 17; 47; 15; 32; 24; 26
12,76,0.25855,0.15789,3; 3; 12; 76; 9; 13; 9; 20
14,71,0.23134,0.19718,6; 6; 14; 71; 5; 20; 17; 7
13,34,0.33976,0.38235,10; 10; 13; 34; 22; 29; 3; 16
27,38,0.67871,0.71053,9; 14; 27; 38; 9; 18; 19; 30
6,64,0.22885,0.09375,12; 7; 6; 64; 9; 29; 7; 4
21,55,0.39038,0.38182,7; 6; 21; 55; 15; 6; 23; 13
5,53,0.24978,0.09434,20; 11; 5; 53; 3; 14; 7; 32
5,51,0.24424,0.09804,5; 17; 5; 51; 31; 31; 17; 8
10,38,0.3267,0.26316,16; 18; 10; 38; 18; 10; 18; 27
25,32,0.79543,0.78125,3; 12; 25; 32; 17; 13; 3; 8
22,42,0.51584,0.52381,7; 13; 22; 42; 22; 8; 18; 26
19,30,0.68501,0.63333,21; 16; 19; 30; 7; 23; 16; 26
9,24,0.40076,0.375,15; 5; 9; 24; 30; 11; 30; 19
19,30,0.63311,0.63333,17; 14; 19; 30; 25; 28; 15; 5
26,35,0.68706,0.74286,11; 6; 26; 35; 15; 7; 24; 13
10,24,0.38578,0.41667,11; 20; 10; 24; 28; 28; 22; 11
22,58,0.36851,0.37931,9; 5; 22; 58; 30; 20; 15; 22
38,49,0.77132,0.77551,4; 4; 38; 49; 28; 12; 17; 17
10,50,0.26702,0.2,13; 5; 10; 50; 23; 20; 28; 12
8,53,0.23889,0.15094,9; 10; 8; 53; 12; 22; 20; 30
5,12,0.58549,0.41667,13; 19; 5; 12; 24; 5; 30; 15
6,61,0.22898,0.09836,12; 3; 6; 61; 23; 25; 9; 9
26,50,0.52159,0.52,11; 10; 26; 50; 10; 3; 29; 12
11,29,0.44986,0.37931,3; 28; 11; 29; 9; 11; 3; 13
10,49,0.22797,0.20408,7; 19; 10; 49; 30; 18; 4; 11
7,76,0.24697,0.09211,7; 7; 7; 76; 17; 18; 12; 12
8,19,0.44119,0.42105,12; 35; 8; 19; 23; 8; 13; 3
15,57,0.29892,0.26316,13; 10; 15; 57; 12; 12; 30; 21
5,50,0.23019,0.1,13; 19; 5; 50; 15; 23; 30; 3
11,74,0.25913,0.14865,6; 6; 11; 74; 16; 9; 31; 20
42,47,0.87191,0.89362,3; 3; 42; 47; 6; 24; 17; 7
35,47,0.73358,0.74468,7; 3; 35; 47; 16; 29; 28; 14
23,31,0.75439,0.74194,4; 7; 23; 31; 5; 20; 23; 15
9,46,0.27661,0.19565,13; 16; 9; 46; 9; 17; 23; 8
20,52,0.41699,0.38462,5; 11; 20; 52; 3; 18; 15; 6
29,39,0.75403,0.74359,15; 15; 29; 39; 13; 19; 3; 8
40,45,0.86738,0.88889,5; 5; 40; 45; 23; 14; 19; 24
6,68,0.23169,0.08824,11; 9; 6; 68; 16; 22; 13; 9
7,9,0.86163,0.77778,4; 8; 7; 9; 27; 13; 21; 22
23,64,0.40797,0.35938,5; 4; 23; 64; 8; 8; 20; 4
6,37,0.26749,0.16216,13; 21; 6; 37; 9; 10; 13; 14
5,8,0.7883,0.625,12; 24; 5; 8; 31; 19; 3; 18
16,42,0.36654,0.38095,3; 20; 16; 42; 10; 16; 7; 21
8,40,0.20671,0.2,3; 22; 8; 40; 5; 16; 7; 20
5,53,0.24044,0.09434,4; 11; 5; 53; 9; 7; 32; 16
34,38,0.89256,0.89474,6; 6; 34; 38; 20; 17; 14; 32
5,32,0.29337,0.15625,17; 6; 5; 32; 19; 25; 3; 31
12,23,0.52278,0.52174,26; 5; 12; 23; 17; 20; 22; 20
11,71,0.22296,0.15493,4; 7; 11; 71; 20; 31; 9; 10
8,81,0.23002,0.09877,3; 4; 8; 81; 6; 25; 15; 30
15,74,0.22232,0.2027,4; 3; 15; 74; 11; 26; 19; 6
8,22,0.38924,0.36364,33; 18; 8; 22; 4; 7; 5; 5
15,36,0.36973,0.41667,5; 13; 15; 36; 3; 24; 19; 5
5,17,0.38407,0.29412,9; 18; 5; 17; 7; 5; 14; 29
39,44,0.85487,0.88636,5; 4; 39; 44; 25; 7; 30; 28
23,64,0.38336,0.35938,3; 4; 23; 64; 32; 24; 14; 3
20,69,0.29239,0.28986,3; 4; 20; 69; 17; 22; 7; 5
32,45,0.67666,0.71111,3; 5; 32; 45; 17; 15; 4; 6
16,23,0.78299,0.69565,11; 4; 16; 23; 32; 30; 7; 16
7,48,0.22633,0.14583,19; 16; 7; 48; 28; 15; 16; 21
16,31,0.5683,0.51613,19; 23; 16; 31; 11; 16; 26; 8
11,29,0.34361,0.37931,24; 4; 11; 29; 12; 11; 5; 32
34,38,0.88188,0.89474,13; 3; 34; 38; 13; 26; 30; 7
17,33,0.54639,0.51515,6; 14; 17; 33; 20; 15; 16; 7
10,16,0.69004,0.625,34; 4; 10; 16; 5; 30; 26; 7
26,35,0.7093,0.74286,11; 7; 26; 35; 18; 11; 25; 24
5,57,0.21717,0.08772,3; 9; 5; 57; 7; 21; 11; 16
14,54,0.27535,0.25926,12; 9; 14; 54; 30; 19; 10; 10
7,80,0.26388,0.0875,3; 3; 7; 80; 13; 8; 12; 31
9,24,0.3891,0.375,13; 23; 9; 24; 17; 3; 20; 7
18,63,0.32932,0.28571,5; 6; 18; 63; 18; 18; 12; 24
14,27,0.46303,0.51852,9; 7; 14; 27; 26; 17; 4; 24
16,31,0.52383,0.51613,22; 12; 16; 31; 5; 20; 26; 25
17,58,0.29938,0.2931,9; 9; 17; 58; 27; 22; 11; 10
25,63,0.42781,0.39683,4; 4; 25; 63; 17; 26; 10; 22
7,70,0.26094,0.1,10; 5; 7; 70; 28; 31; 7; 12
18,48,0.38853,0.375,7; 13; 18; 48; 26; 19; 11; 9
19,30,0.64008,0.63333,4; 24; 19; 30; 11; 23; 15; 17
39,44,0.86938,0.88636,3; 5; 39; 44; 13; 26; 25; 12
25,63,0.42506,0.39683,4; 3; 25; 63; 30; 10; 13; 23
21,55,0.40258,0.38182,8; 9; 21; 55; 6; 29; 15; 22
10,16,0.60158,0.625,35; 35; 10; 16; 30; 9; 29; 10
7,73,0.19648,0.09589,6; 5; 7; 73; 14; 18; 4; 16
8,9,0.83266,0.88889,3; 7; 8; 9; 9; 14; 21; 5
12,74,0.25167,0.16216,5; 4; 12; 74; 10; 28; 21; 32
12,59,0.24357,0.20339,7; 7; 12; 59; 6; 7; 12; 22
23,60,0.35971,0.38333,7; 3; 23; 60; 13; 30; 10; 26
10,68,0.21766,0.14706,7; 7; 10; 68; 11; 8; 25; 6
8,55,0.18471,0.14545,14; 11; 8; 55; 17; 4; 16; 24
11,55,0.23976,0.2,4; 16; 11; 55; 30; 15; 22; 9
28,54,0.55246,0.51852,5; 4; 28; 54; 9; 15; 30; 26
10,26,0.34165,0.38462,15; 21; 10; 26; 15; 17; 28; 17
20,28,0.67219,0.71429,8; 12; 20; 28; 10; 8; 24; 13
20,32,0.65585,0.625,16; 4; 20; 32; 6; 15; 25; 7
10,51,0.2336,0.19608,7; 8; 10; 51; 16; 22; 22; 8
32,46,0.68583,0.69565,9; 9; 32; 46; 31; 5; 7; 20
24,57,0.44384,0.42105,6; 8; 24; 57; 30; 20; 30; 8
9,24,0.32738,0.375,20; 20; 9; 24; 4; 16; 26; 29
36,46,0.77484,0.78261,8; 6; 36; 46; 13; 13; 25; 11
20,28,0.69282,0.71429,23; 25; 20; 28; 18; 8; 32; 28
25,48,0.54777,0.52083,6; 12; 25; 48; 25; 25; 13; 13
10,62,0.25041,0.16129,5; 13; 10; 62; 28; 14; 13; 17
25,34,0.73168,0.73529,16; 19; 25; 34; 24; 14; 22; 10
20,48,0.43073,0.41667,11; 14; 20; 48; 13; 25; 26; 32
12,46,0.30586,0.26087,3; 7; 12; 46; 31; 21; 16; 26
24,57,0.43711,0.42105,5; 7; 24; 57; 9; 6; 31; 8
7,74,0.25059,0.09459,4; 6; 7; 74; 9; 12; 5; 23
12,59,0.22039,0.20339,8; 6; 12; 59; 8; 29; 5; 6
7,76,0.26428,0.09211,4; 7; 7; 76; 22; 31; 26; 17
28,40,0.69948,0.7,10; 9; 28; 40; 27; 15; 25; 7
14,53,0.29353,0.26415,10; 12; 14; 53; 17; 31; 13; 11
12,19,0.67005,0.63158,26; 33; 12; 19; 9; 9; 31; 17
9,25,0.29862,0.36,10; 14; 9; 25; 13; 5; 7; 28
18,37,0.52821,0.48649,18; 13; 18; 37; 7; 30; 32; 11
29,41,0.68471,0.70732,6; 13; 29; 41; 8; 22; 25; 19
11,38,0.2767,0.28947,17; 7; 11; 38; 8; 11; 6; 26
7,68,0.21056,0.10294,9; 4; 7; 68; 26; 9; 29; 23
34,38,0.87733,0.89474,4; 8; 34; 38; 15; 27; 9; 5
17,59,0.30824,0.28814,9; 6; 17; 59; 17; 22; 14; 9
25,34,0.69696,0.73529,13; 17; 25; 34; 7; 6; 27; 18
25,40,0.63915,0.625,3; 7; 25; 40; 31; 27; 3; 7
7,71,0.21619,0.09859,3; 6; 7; 71; 11; 17; 4; 22
7,75,0.24599,0.09333,3; 4; 7; 75; 3; 24; 18; 31
12,61,0.22867,0.19672,10; 7; 12; 61; 7; 20; 16; 23
28,40,0.66008,0.7,7; 9; 28; 40; 17; 5; 24; 24
25,32,0.75216,0.78125,7; 19; 25; 32; 4; 13; 17; 4
19,30,0.6074,0.63333,6; 21; 19; 30; 20; 18; 27; 10
26,35,0.71868,0.74286,15; 8; 26; 35; 21; 15; 21; 14
17,24,0.75522,0.70833,12; 21; 17; 24; 3; 14; 9; 12
7,27,0.27971,0.25926,17; 3; 7; 27; 19; 32; 18; 12
9,34,0.19144,0.26471,11; 8; 9; 34; 3; 5; 23; 11
17,65,0.27191,0.26154,4; 6; 17; 65; 7; 24; 3; 19
29,41,0.68205,0.70732,9; 6; 29; 41; 31; 9; 25; 26
29,46,0.62732,0.63043,10; 6; 29; 46; 6; 28; 7; 17
8,20,0.36644,0.4,24; 31; 8; 20; 12; 17; 16; 31
22,52,0.38071,0.42308,12; 7; 22; 52; 10; 30; 32; 10
31,35,0.8891,0.88571,14; 6; 31; 35; 13; 18; 21; 12
17,23,0.75738,0.73913,7; 13; 17; 23; 3; 20; 25; 13
11,42,0.28083,0.2619,10; 17; 11; 42; 23; 18; 13; 5
14,20,0.75759,0.7,24; 3; 14; 20; 24; 11; 21; 22
23,58,0.41785,0.39655,7; 8; 23; 58; 19; 24; 18; 16
5,32,0.25839,0.15625,27; 14; 5; 32; 3; 24; 10; 10
6,65,0.23284,0.09231,9; 9; 6; 65; 26; 8; 30; 26
5,51,0.20802,0.09804,6; 13; 5; 51; 22; 13; 10; 20
22,53,0.43472,0.41509,8; 8; 22; 53; 7; 19; 32; 28
5,13,0.35167,0.38462,29; 9; 5; 13; 26; 19; 14; 28
16,18,0.9147,0.88889,32; 19; 16; 18; 5; 32; 10; 32
11,75,0.21442,0.14667,6; 6; 11; 75; 14; 23; 32; 25
31,35,0.88163,0.88571,12; 13; 31; 35; 10; 15; 11; 12
34,46,0.72621,0.73913,7; 6; 34; 46; 5; 14; 16; 13
15,36,0.44604,0.41667,23; 5; 15; 36; 12; 29; 7; 30
18,37,0.48207,0.48649,5; 6; 18; 37; 15; 16; 16; 5
32,45,0.70401,0.71111,4; 8; 32; 45; 19; 25; 32; 6
7,82,0.27628,0.08537,4; 4; 7; 82; 13; 16; 30; 7
30,48,0.61018,0.625,6; 3; 30; 48; 12; 11; 9; 20
40,45,0.87662,0.88889,5; 5; 40; 45; 32; 5; 3; 24
26,50,0.5255,0.52,3; 8; 26; 50; 16; 13; 28; 25
38,49,0.74834,0.77551,4; 3; 38; 49; 24; 23; 5; 14
17,65,0.26468,0.26154,7; 8; 17; 65; 10; 4; 12; 19
20,55,0.37246,0.36364,4; 3; 20; 55; 14; 18; 25; 29
7,81,0.27754,0.08642,3; 3; 7; 81; 10; 17; 26; 28
7,74,0.25143,0.09459,3; 8; 7; 74; 9; 22; 22; 27
17,35,0.48344,0.48571,23; 12; 17; 35; 15; 30; 17; 6
12,17,0.68625,0.70588,6; 7; 12; 17; 15; 10; 30; 30
23,60,0.4059,0.38333,6; 5; 23; 60; 30; 19; 4; 16
6,23,0.34471,0.26087,7; 23; 6; 23; 31; 19; 19; 14
39,50,0.81107,0.78,4; 3; 39; 50; 28; 19; 17; 3
12,61,0.24526,0.19672,12; 12; 12; 61; 4; 5; 17; 8
13,66,0.23066,0.19697,9; 4; 13; 66; 32; 7; 6; 11
40,45,0.84587,0.88889,6; 6; 40; 45; 30; 4; 4; 23
29,46,0.62217,0.63043,7; 9; 29; 46; 4; 12; 17; 20
13,31,0.41212,0.41935,17; 24; 13; 31; 20; 29; 21; 22
5,12,0.53855,0.41667,14; 24; 5; 12; 22; 10; 24; 24
11,26,0.42447,0.42308,23; 21; 11; 26; 14; 11; 5; 29
17,47,0.38631,0.3617,16; 9; 17; 47; 16; 7; 30; 8
29,41,0.63206,0.70732,9; 5; 29; 41; 4; 7; 26; 32
27,55,0.48845,0.49091,8; 7; 27; 55; 4; 20; 14; 10
5,58,0.26039,0.08621,5; 11; 5; 58; 25; 5; 10; 15
14,69,0.23609,0.2029,6; 4; 14; 69; 27; 11; 29; 30
26,37,0.68419,0.7027,13; 11; 26; 37; 19; 4; 26; 21
25,63,0.39631,0.39683,4; 3; 25; 63; 20; 26; 3; 25
30,43,0.69408,0.69767,12; 7; 30; 43; 15; 17; 18; 18
9,45,0.28434,0.2,3; 9; 9; 45; 13; 20; 18; 6
36,51,0.68676,0.70588,5; 4; 36; 51; 17; 3; 9; 5
22,31,0.72082,0.70968,18; 16; 22; 31; 25; 7; 18; 8
5,8,0.7279,0.625,6; 7; 5; 8; 7; 12; 10; 26
8,40,0.25617,0.2,14; 5; 8; 40; 11; 13; 31; 14
36,46,0.77611,0.78261,7; 7; 36; 46; 10; 26; 27; 11
9,62,0.25624,0.14516,3; 13; 9; 62; 32; 15; 14; 11
22,45,0.45474,0.48889,4; 3; 22; 45; 11; 11; 8; 18
7,78,0.23459,0.08974,5; 4; 7; 78; 26; 4; 5; 32
28,40,0.65527,0.7,10; 9; 28; 40; 5; 18; 16; 17
34,48,0.70681,0.70833,7; 4; 34; 48; 30; 21; 19; 19
7,27,0.28275,0.25926,19; 23; 7; 27; 14; 7; 13; 3
13,66,0.23863,0.19697,5; 3; 13; 66; 21; 20; 32; 6
14,37,0.4054,0.37838,3; 20; 14; 37; 24; 26; 21; 7
12,77,0.22443,0.15584,3; 3; 12; 77; 14; 11; 13; 10
14,35,0.42092,0.4,21; 18; 14; 35; 21; 23; 28; 11
15,21,0.76155,0.71429,31; 24; 15; 21; 31; 30; 27; 4
29,59,0.49764,0.49153,3; 3; 29; 59; 6; 11; 19; 13
20,32,0.58794,0.625,9; 8; 20; 32; 8; 19; 26; 13
10,49,0.25692,0.20408,12; 19; 10; 49; 3; 18; 30; 28
8,82,0.2831,0.09756,3; 3; 8; 82; 11; 15; 20; 14
18,37,0.48645,0.48649,10; 17; 18; 37; 29; 19; 19; 5
10,49,0.2473,0.20408,19; 5; 10; 49; 30; 22; 13; 13
17,35,0.48847,0.48571,14; 11; 17; 35; 17; 7; 12; 4
21,50,0.43913,0.42,3; 3; 21; 50; 29; 9; 8; 4
7,67,0.23029,0.10448,7; 7; 7; 67; 21; 16; 6; 10
20,53,0.37768,0.37736,12; 12; 20; 53; 5; 22; 31; 20
5,13,0.49349,0.38462,39; 5; 5; 13; 30; 16; 22; 5
32,45,0.69635,0.71111,6; 8; 32; 45; 17; 13; 6; 12
6,16,0.40775,0.375,21; 16; 6; 16; 15; 25; 10; 20
16,31,0.51044,0.51613,15; 20; 16; 31; 3; 3; 20; 11
5,33,0.21346,0.15152,27; 23; 5; 33; 18; 17; 32; 30
27,55,0.50547,0.49091,5; 5; 27; 55; 22; 31; 4; 7
15,39,0.35622,0.38462,20; 3; 15; 39; 26; 12; 3; 27
34,48,0.67655,0.70833,6; 3; 34; 48; 22; 22; 5; 9
13,50,0.28691,0.26,3; 11; 13; 50; 11; 28; 9; 32
10,67,0.25336,0.14925,6; 3; 10; 67; 16; 3; 14; 14
21,58,0.38085,0.36207,4; 9; 21; 58; 13; 3; 12; 31
14,48,0.31827,0.29167,18; 14; 14; 48; 7; 19; 20; 31
12,17,0.76504,0.70588,21; 19; 12; 17; 30; 14; 28; 7
28,36,0.79776,0.77778,16; 13; 28; 36; 20; 3; 19; 6
10,49,0.24281,0.20408,13; 19; 10; 49; 25; 4; 24; 28
10,64,0.22883,0.15625,9; 9; 10; 64; 21; 23; 12; 3
31,44,0.70501,0.70455,6; 11; 31; 44; 15; 5; 23; 32
36,51,0.7163,0.70588,3; 4; 36; 51; 16; 17; 19; 13
14,53,0.26617,0.26415,5; 15; 14; 53; 21; 3; 26; 29
12,46,0.29584,0.26087,5; 13; 12; 46; 5; 5; 22; 20
16,62,0.27392,0.25806,5; 9; 16; 62; 20; 14; 11; 6
31,40,0.75097,0.775,6; 8; 31; 40; 6; 27; 30; 13
11,43,0.25885,0.25581,14; 16; 11; 43; 23; 10; 3; 30
35,45,0.75457,0.77778,6; 6; 35; 45; 3; 9; 23; 29
8,41,0.24788,0.19512,15; 20; 8; 41; 23; 15; 27; 15
9,35,0.30354,0.25714,5; 17; 9; 35; 9; 27; 11; 5
12,73,0.20551,0.16438,5; 3; 12; 73; 3; 31; 29; 4
15,24,0.66298,0.625,4; 23; 15; 24; 28; 3; 4; 20
31,40,0.75874,0.775,8; 5; 31; 40; 12; 9; 26; 4
30,58,0.5375,0.51724,5; 5; 30; 58; 5; 14; 14; 5
26,35,0.71883,0.74286,4; 17; 26; 35; 10; 12; 16; 3
39,44,0.87784,0.88636,5; 5; 39; 44; 23; 29; 31; 14
25,32,0.79174,0.78125,14; 6; 25; 32; 29; 18; 19; 10
15,21,0.74596,0.71429,3; 29; 15; 21; 9; 11; 19; 10
12,42,0.28172,0.28571,5; 19; 12; 42; 8; 5; 25; 13
14,35,0.37521,0.4,22; 16; 14; 35; 4; 24; 12; 19
35,50,0.68458,0.7,4; 5; 35; 50; 8; 31; 25; 17
5,32,0.2428,0.15625,8; 19; 5; 32; 26; 9; 22; 9
30,48,0.62491,0.625,10; 3; 30; 48; 20; 8; 14; 21
19,27,0.69823,0.7037,9; 22; 19; 27; 14; 20; 26; 26
11,29,0.33771,0.37931,24; 26; 11; 29; 9; 18; 21; 26
30,43,0.69679,0.69767,12; 5; 30; 43; 19; 19; 29; 16
9,59,0.22836,0.15254,10; 7; 9; 59; 19; 20; 13; 9
11,56,0.26056,0.19643,3; 12; 11; 56; 30; 6; 4; 27
30,42,0.69866,0.71429,12; 8; 30; 42; 28; 19; 25; 16
25,63,0.40786,0.39683,5; 3; 25; 63; 21; 6; 22; 3
17,27,0.64444,0.62963,16; 3; 17; 27; 27; 9; 9; 23
16,40,0.37319,0.4,9; 19; 16; 40; 7; 17; 32; 22
24,60,0.38649,0.4,3; 5; 24; 60; 5; 12; 11; 9
9,45,0.24461,0.2,19; 19; 9; 45; 10; 18; 31; 5
23,31,0.7418,0.74194,22; 12; 23; 31; 31; 30; 5; 26
15,21,0.62565,0.71429,14; 14; 15; 21; 5; 28; 9; 3
25,62,0.39939,0.40323,3; 3; 25; 62; 20; 3; 24; 16
16,62,0.27187,0.25806,9; 5; 16; 62; 22; 30; 25; 18
37,52,0.69646,0.71154,4; 4; 37; 52; 16; 30; 19; 19
11,42,0.27742,0.2619,5; 10; 11; 42; 11; 23; 23; 23
18,37,0.50709,0.48649,9; 14; 18; 37; 16; 4; 17; 31
11,72,0.2113,0.15278,5; 4; 11; 72; 4; 3; 20; 8
17,23,0.79268,0.73913,3; 28; 17; 23; 4; 22; 18; 14
15,52,0.33213,0.28846,6; 6; 15; 52; 30; 26; 17; 8
14,19,0.75423,0.73684,26; 15; 14; 19; 11; 21; 32; 31
32,41,0.76403,0.78049,11; 8; 32; 41; 15; 24; 18; 6
21,53,0.39365,0.39623,9; 4; 21; 53; 14; 17; 23; 17
17,58,0.27715,0.2931,11; 10; 17; 58; 9; 15; 15; 29
7,10,0.70895,0.7,30; 5; 7; 10; 32; 27; 9; 16
21,43,0.49603,0.48837,3; 12; 21; 43; 32; 25; 13; 22
39,50,0.79615,0.78,3; 3; 39; 50; 7; 25; 26; 31
21,50,0.41976,0.42,10; 13; 21; 50; 9; 31; 14; 31
9,60,0.23591,0.15,8; 8; 9; 60; 7; 16; 18; 5
7,68,0.23225,0.10294,11; 4; 7; 68; 15; 6; 8; 6
7,27,0.26993,0.25926,25; 22; 7; 27; 16; 13; 10; 29
19,45,0.38559,0.42222,12; 11; 19; 45; 3; 28; 11; 5
22,45,0.47012,0.48889,11; 15; 22; 45; 8; 18; 27; 4
28,38,0.68274,0.73684,15; 3; 28; 38; 9; 12; 30; 14
30,43,0.6729,0.69767,4; 11; 30; 43; 30; 12; 24; 7
29,41,0.69067,0.70732,4; 13; 29; 41; 10; 16; 21; 3
12,23,0.54379,0.52174,4; 26; 12; 23; 6; 14; 29; 31
26,53,0.48835,0.49057,3; 8; 26; 53; 19; 19; 25; 27
11,42,0.32868,0.2619,15; 11; 11; 42; 4; 5; 11; 21
9,57,0.27379,0.15789,10; 16; 9; 57; 31; 8; 4; 27
27,38,0.6947,0.71053,14; 15; 27; 38; 31; 22; 11; 21
9,24,0.3282,0.375,14; 16; 9; 24; 27; 14; 5; 8
18,23,0.87725,0.78261,25; 13; 18; 23; 25; 12; 32; 20
20,28,0.63897,0.71429,4; 23; 20; 28; 3; 4; 23; 16
18,50,0.35368,0.36,3; 4; 18; 50; 10; 5; 17; 21
23,31,0.70806,0.74194,8; 6; 23; 31; 15; 13; 12; 16
41,46,0.87492,0.8913,4; 3; 41; 46; 31; 24; 15; 10
19,50,0.37454,0.38,8; 7; 19; 50; 27; 23; 29; 18
9,45,0.20106,0.2,3; 21; 9; 45; 11; 19; 19; 18
22,55,0.39104,0.4,3; 4; 22; 55; 26; 12; 7; 6
24,27,0.90992,0.88889,17; 23; 24; 27; 28; 13; 30; 17
29,56,0.53436,0.51786,4; 5; 29; 56; 25; 29; 25; 3
7,68,0.21736,0.10294,4; 11; 7; 68; 11; 25; 21; 26
8,79,0.20237,0.10127,4; 5; 8; 79; 8; 24; 27; 4
35,45,0.73444,0.77778,7; 5; 35; 45; 31; 14; 19; 14
24,63,0.40828,0.38095,4; 5; 24; 63; 23; 8; 20; 17
10,51,0.2697,0.19608,5; 18; 10; 51; 28; 20; 19; 5
5,51,0.23376,0.09804,9; 14; 5; 51; 13; 6; 17; 3
17,58,0.28777,0.2931,7; 10; 17; 58; 22; 21; 18; 21
18,45,0.41755,0.4,13; 7; 18; 45; 16; 26; 5; 13
21,50,0.40438,0.42,5; 6; 21; 50; 6; 17; 6; 29
25,35,0.72475,0.71429,9; 11; 25; 35; 31; 8; 9; 13
11,72,0.22485,0.15278,4; 7; 11; 72; 12; 10; 26; 9
28,40,0.69885,0.7,10; 6; 28; 40; 30; 17; 19; 15
9,55,0.2404,0.16364,15; 10; 9; 55; 26; 23; 5; 31
14,33,0.42904,0.42424,24; 8; 14; 33; 32; 15; 17; 25
30,48,0.63784,0.625,7; 5; 30; 48; 15; 6; 11; 11
28,40,0.69911,0.7,10; 12; 28; 40; 3; 24; 10; 10
19,30,0.59358,0.63333,10; 3; 19; 30; 5; 17; 17; 24
10,35,0.33775,0.28571,25; 4; 10; 35; 11; 4; 26; 15
35,47,0.70323,0.74468,5; 6; 35; 47; 17; 27; 5; 4
22,45,0.51891,0.48889,11; 8; 22; 45; 30; 21; 21; 7
9,61,0.25213,0.14754,12; 14; 9; 61; 9; 10; 30; 5
17,43,0.40843,0.39535,19; 13; 17; 43; 10; 16; 24; 16
32,36,0.89619,0.88889,8; 5; 32; 36; 18; 25; 10; 3
24,64,0.39843,0.375,4; 4; 24; 64; 20; 8; 22; 23
6,64,0.22504,0.09375,4; 3; 6; 64; 27; 20; 6; 3
11,68,0.22241,0.16176,8; 9; 11; 68; 3; 5; 12; 23
22,52,0.42291,0.42308,12; 3; 22; 52; 32; 23; 6; 31
6,30,0.2631,0.2,18; 9; 6; 30; 30; 12; 10; 15
32,36,0.89252,0.88889,4; 11; 32; 36; 27; 12; 23; 23
38,49,0.80238,0.77551,3; 5; 38; 49; 24; 9; 19; 5
5,58,0.24139,0.08621,7; 15; 5; 58; 23; 3; 23; 7
11,70,0.21977,0.15714,5; 5; 11; 70; 9; 16; 19; 10
23,31,0.71329,0.74194,6; 22; 23; 31; 11; 28; 11; 31
6,23,0.30559,0.26087,33; 19; 6; 23; 19; 10; 12; 5
15,36,0.40936,0.41667,20; 17; 15; 36; 11; 26; 4; 16
10,28,0.37138,0.35714,26; 6; 10; 28; 9; 21; 20; 21
6,39,0.25374,0.15385,5; 21; 6; 39; 4; 13; 13; 3
6,59,0.23278,0.10169,7; 15; 6; 59; 15; 8; 20; 21
19,30,0.5992,0.63333,16; 11; 19; 30; 18; 5; 19; 9
34,54,0.64051,0.62963,5; 4; 34; 54; 16; 8; 29; 24
17,42,0.41036,0.40476,16; 13; 17; 42; 26; 29; 20; 11
25,35,0.74259,0.71429,5; 14; 25; 35; 28; 11; 3; 14
32,36,0.89626,0.88889,14; 11; 32; 36; 14; 9; 16; 13
29,39,0.73721,0.74359,4; 12; 29; 39; 19; 5; 21; 27
11,21,0.52861,0.52381,21; 31; 11; 21; 13; 26; 15; 30
19,27,0.698,0.7037,24; 15; 19; 27; 27; 26; 10; 12
19,65,0.28785,0.29231,4; 7; 19; 65; 3; 19; 10; 18
14,70,0.24073,0.2,5; 7; 14; 70; 22; 18; 20; 4
18,37,0.52737,0.48649,15; 10; 18; 37; 22; 13; 10; 13
11,56,0.2337,0.19643,6; 9; 11; 56; 12; 6; 5; 30
15,58,0.28299,0.25862,7; 5; 15; 58; 13; 30; 21; 10
14,20,0.89815,0.7,19; 7; 14; 20; 21; 29; 15; 16
9,31,0.35282,0.29032,4; 17; 9; 31; 8; 4; 31; 13
12,60,0.21873,0.2,11; 7; 12; 60; 19; 4; 15; 23
7,46,0.22297,0.15217,19; 20; 7; 46; 18; 30; 31; 13
11,72,0.22852,0.15278,5; 4; 11; 72; 22; 6; 3; 31
10,64,0.22774,0.15625,5; 11; 10; 64; 28; 21; 12; 24
29,56,0.52904,0.51786,4; 6; 29; 56; 9; 4; 21; 25
24,64,0.37996,0.375,4; 3; 24; 64; 32; 24; 10; 26
7,10,0.7174,0.7,33; 33; 7; 10; 10; 12; 27; 14
21,58,0.36575,0.36207,4; 3; 21; 58; 13; 14; 17; 17
11,42,0.2777,0.2619,8; 21; 11; 42; 29; 21; 6; 8
39,44,0.88763,0.88636,3; 3; 39; 44; 3; 23; 9; 7
17,19,0.97528,0.89474,18; 6; 17; 19; 8; 12; 14; 6
11,55,0.23921,0.2,16; 3; 11; 55; 19; 22; 21; 17
29,41,0.71955,0.70732,7; 5; 29; 41; 4; 31; 4; 27
5,58,0.26405,0.08621,16; 16; 5; 58; 31; 7; 16; 24
24,46,0.49079,0.52174,10; 8; 24; 46; 31; 8; 10; 5
25,48,0.55222,0.52083,6; 4; 25; 48; 3; 17; 25; 20
21,58,0.34718,0.36207,7; 5; 21; 58; 10; 30; 11; 18
36,51,0.72057,0.70588,5; 3; 36; 51; 24; 6; 18; 14
6,69,0.20834,0.08696,11; 11; 6; 69; 8; 4; 15; 4
32,46,0.64242,0.69565,6; 3; 32; 46; 16; 16; 23; 10
24,49,0.51067,0.4898,8; 9; 24; 49; 24; 25; 24; 12
21,30,0.68717,0.7,15; 6; 21; 30; 4; 3; 24; 6
18,43,0.4553,0.4186,4; 4; 18; 43; 31; 5; 20; 22
24,49,0.49494,0.4898,7; 9; 24; 49; 9; 31; 6; 32
5,25,0.29095,0.2,32; 13; 5; 25; 24; 18; 19; 16
34,46,0.74178,0.73913,7; 9; 34; 46; 21; 9; 15; 7
24,57,0.459,0.42105,5; 5; 24; 57; 11; 12; 11; 28
12,46,0.28516,0.26087,10; 10; 12; 46; 25; 4; 24; 28
42,47,0.87967,0.89362,4; 3; 42; 47; 31; 12; 11; 13
17,19,0.91825,0.89474,11; 31; 17; 19; 12; 8; 14; 21
10,68,0.22406,0.14706,7; 5; 10; 68; 32; 9; 21; 7
13,25,0.57594,0.52,14; 8; 13; 25; 27; 32; 20; 11
11,38,0.32316,0.28947,18; 10; 11; 38; 29; 31; 10; 18
14,20,0.72074,0.7,24; 22; 14; 20; 12; 17; 19; 18
15,39,0.37918,0.38462,10; 5; 15; 39; 9; 25; 32; 8
12,60,0.25038,0.2,4; 6; 12; 60; 24; 15; 6; 13
5,32,0.25001,0.15625,4; 9; 5; 32; 26; 10; 10; 17
19,39,0.49731,0.48718,14; 12; 19; 39; 3; 9; 15; 16
25,40,0.60967,0.625,13; 6; 25; 40; 25; 19; 11; 6
28,54,0.53425,0.51852,5; 6; 28; 54; 29; 5; 22; 18
31,49,0.61401,0.63265,7; 6; 31; 49; 19; 15; 5; 27
13,65,0.22794,0.2,5; 5; 13; 65; 5; 25; 24; 9
7,48,0.22143,0.14583,14; 21; 7; 48; 32; 13; 19; 4
16,31,0.50031,0.51613,17; 10; 16; 31; 14; 12; 18; 7
10,51,0.24105,0.19608,15; 8; 10; 51; 19; 14; 24; 26
16,62,0.27638,0.25806,7; 6; 16; 62; 22; 10; 23; 19
14,27,0.51007,0.51852,24; 25; 14; 27; 9; 17; 17; 30
29,41,0.71551,0.70732,14; 3; 29; 41; 23; 13; 25; 30
7,9,0.79874,0.77778,20; 27; 7; 9; 6; 11; 23; 9
21,30,0.65819,0.7,22; 23; 21; 30; 6; 5; 3; 25
36,51,0.69919,0.70588,4; 4; 36; 51; 8; 11; 8; 17
27,38,0.67674,0.71053,10; 11; 27; 38; 19; 27; 25; 23
16,38,0.42872,0.42105,16; 13; 16; 38; 17; 20; 30; 16
11,67,0.22088,0.16418,3; 7; 11; 67; 26; 27; 12; 12
27,43,0.60748,0.62791,4; 9; 27; 43; 3; 25; 11; 22
12,76,0.23585,0.15789,4; 4; 12; 76; 8; 18; 17; 17
24,34,0.69545,0.70588,12; 15; 24; 34; 10; 31; 13; 15
5,49,0.21174,0.10204,13; 4; 5; 49; 17; 15; 10; 4
32,43,0.715,0.74419,5; 5; 32; 43; 10; 30; 8; 15
27,52,0.546,0.51923,4; 5; 27; 52; 18; 30; 18; 4
5,25,0.28609,0.2,18; 16; 5; 25; 18; 16; 6; 30
11,73,0.21519,0.15068,3; 6; 11; 73; 30; 7; 8; 15
10,24,0.40399,0.41667,8; 19; 10; 24; 19; 19; 13; 25
20,55,0.36337,0.36364,7; 11; 20; 55; 6; 28; 31; 28
21,53,0.38027,0.39623,11; 7; 21; 53; 4; 13; 18; 31
12,73,0.21705,0.16438,4; 6; 12; 73; 28; 24; 17; 12
12,30,0.38314,0.4,5; 21; 12; 30; 24; 10; 13; 7
19,53,0.36744,0.35849,7; 7; 19; 53; 9; 21; 13; 6
10,62,0.22529,0.16129,10; 5; 10; 62; 16; 24; 24; 13
21,56,0.40135,0.375,9; 7; 21; 56; 25; 24; 3; 26
27,38,0.71449,0.71053,6; 11; 27; 38; 25; 23; 11; 15
34,38,0.88229,0.89474,5; 3; 34; 38; 32; 5; 28; 8
26,62,0.41147,0.41935,4; 3; 26; 62; 5; 21; 26; 27
34,48,0.70407,0.70833,5; 4; 34; 48; 12; 12; 20; 15
16,62,0.27909,0.25806,6; 10; 16; 62; 21; 15; 13; 7
11,70,0.23307,0.15714,7; 3; 11; 70; 31; 21; 19; 23
7,68,0.2336,0.10294,5; 9; 7; 68; 5; 12; 32; 29
15,58,0.27803,0.25862,6; 4; 15; 58; 32; 21; 22; 8
9,61,0.26531,0.14754,13; 8; 9; 61; 18; 32; 32; 4
10,25,0.4553,0.4,25; 8; 10; 25; 4; 8; 28; 14
36,46,0.80047,0.78261,3; 4; 36; 46; 30; 18; 6; 30
31,35,0.91588,0.88571,13; 7; 31; 35; 13; 18; 24; 32
21,27,0.77068,0.77778,22; 7; 21; 27; 5; 18; 4; 14
5,14,0.43686,0.35714,36; 36; 5; 14; 27; 18; 29; 20
9,61,0.21081,0.14754,6; 14; 9; 61; 23; 32; 19; 17
9,58,0.2647,0.15517,10; 13; 9; 58; 17; 27; 28; 19
7,82,0.23963,0.08537,3; 4; 7; 82; 27; 6; 4; 15
12,74,0.20129,0.16216,3; 4; 12; 74; 3; 5; 17; 11
22,42,0.55409,0.52381,7; 7; 22; 42; 15; 15; 6; 28
10,62,0.25891,0.16129,3; 5; 10; 62; 21; 9; 11; 28
22,42,0.57359,0.52381,5; 14; 22; 42; 22; 30; 18; 17
11,71,0.22392,0.15493,3; 7; 11; 71; 23; 26; 6; 15
22,61,0.36049,0.36066,6; 3; 22; 61; 11; 20; 24; 14
17,23,0.79234,0.73913,15; 15; 17; 23; 21; 23; 28; 14
35,50,0.66469,0.7,6; 4; 35; 50; 18; 4; 5; 11
19,47,0.40316,0.40426,9; 16; 19; 47; 15; 17; 3; 21
24,66,0.37732,0.36364,4; 4; 24; 66; 3; 28; 15; 29
28,54,0.52789,0.51852,3; 6; 28; 54; 3; 26; 25; 13
20,50,0.41487,0.4,13; 7; 20; 50; 20; 6; 5; 8
11,74,0.22423,0.14865,4; 4; 11; 74; 15; 15; 15; 14
25,35,0.70635,0.71429,17; 17; 25; 35; 13; 16; 28; 21
15,74,0.22423,0.2027,3; 4; 15; 74; 5; 17; 28; 24
7,71,0.22215,0.09859,10; 6; 7; 71; 31; 8; 17; 16
16,55,0.31435,0.29091,4; 8; 16; 55; 13; 27; 22; 4
6,70,0.22317,0.08571,9; 10; 6; 70; 17; 7; 17; 23
17,65,0.32207,0.26154,3; 8; 17; 65; 6; 14; 5; 8
7,72,0.24395,0.09722,7; 3; 7; 72; 30; 12; 23; 7
23,58,0.41228,0.39655,6; 8; 23; 58; 14; 9; 4; 31
5,7,0.70236,0.71429,8; 14; 5; 7; 27; 19; 8; 12
18,47,0.35538,0.38298,4; 6; 18; 47; 14; 12; 19; 13
16,23,0.75128,0.69565,20; 10; 16; 23; 8; 26; 23; 14
17,23,0.78472,0.73913,12; 20; 17; 23; 17; 6; 4; 9
10,39,0.28096,0.25641,13; 15; 10; 39; 27; 22; 16; 24
15,36,0.4315,0.41667,21; 16; 15; 36; 4; 29; 19; 18
13,36,0.35501,0.36111,8; 13; 13; 36; 13; 29; 19; 19
21,43,0.49996,0.48837,4; 7; 21; 43; 21; 3; 18; 7
34,48,0.6845,0.70833,4; 5; 34; 48; 31; 22; 17; 4
11,67,0.24727,0.16418,9; 4; 11; 67; 18; 22; 5; 21
21,58,0.38472,0.36207,3; 8; 21; 58; 13; 25; 28; 28
8,28,0.28805,0.28571,15; 3; 8; 28; 7; 30; 22; 28
7,73,0.21988,0.09589,5; 3; 7; 73; 6; 20; 8; 12
35,45,0.74762,0.77778,6; 3; 35; 45; 12; 8; 9; 5
9,31,0.29014,0.29032,24; 20; 9; 31; 20; 18; 4; 20
27,38,0.7059,0.71053,8; 5; 27; 38; 14; 32; 21; 28
12,30,0.38899,0.4,26; 3; 12; 30; 6; 12; 8; 3
20,27,0.7666,0.74074,17; 23; 20; 27; 15; 7; 23; 30
15,40,0.41485,0.375,13; 5; 15; 40; 23; 13; 19; 16
5,8,0.79228,0.625,33; 37; 5; 8; 25; 22; 29; 21
7,9,0.78237,0.77778,18; 33; 7; 9; 24; 17; 16; 12
5,58,0.21838,0.08621,3; 14; 5; 58; 26; 16; 11; 14
34,46,0.70988,0.73913,3; 8; 34; 46; 10; 13; 12; 21
12,17,0.70807,0.70588,14; 33; 12; 17; 13; 15; 32; 22
6,37,0.23804,0.16216,9; 10; 6; 37; 7; 14; 18; 15
16,45,0.37832,0.35556,8; 14; 16; 45; 15; 12; 26; 28
23,47,0.51149,0.48936,11; 12; 23; 47; 4; 27; 32; 5
12,23,0.5456,0.52174,19; 13; 12; 23; 11; 23; 32; 11
7,46,0.17751,0.15217,7; 21; 7; 46; 8; 5; 12; 13
13,65,0.229,0.2,8; 7; 13; 65; 32; 23; 7; 21
6,67,0.24223,0.08955,6; 5; 6; 67; 11; 16; 23; 7
7,24,0.2587,0.29167,8; 10; 7; 24; 32; 14; 25; 25
18,62,0.31663,0.29032,5; 9; 18; 62; 18; 16; 17; 3
8,54,0.22193,0.14815,12; 6; 8; 54; 12; 23; 14; 25
11,71,0.233,0.15493,5; 8; 11; 71; 15; 20; 16; 31
28,36,0.78597,0.77778,4; 3; 28; 36; 26; 22; 7; 22
12,60,0.25102,0.2,11; 10; 12; 60; 5; 23; 18; 18
8,31,0.25493,0.25806,29; 24; 8; 31; 22; 27; 8; 24
29,59,0.50791,0.49153,5; 3; 29; 59; 6; 11; 13; 17
10,39,0.25069,0.25641,5; 24; 10; 39; 25; 19; 26; 11
8,81,0.25089,0.09877,3; 4; 8; 81; 4; 30; 13; 23
19,30,0.63931,0.63333,18; 23; 19; 30; 31; 5; 7; 14
8,79,0.20561,0.10127,5; 4; 8; 79; 28; 25; 25; 8
26,50,0.52841,0.52,5; 8; 26; 50; 7; 18; 29; 30
19,45,0.44423,0.42222,6; 3; 19; 45; 19; 23; 18; 29
14,35,0.42395,0.4,23; 23; 14; 35; 4; 9; 29; 23
23,57,0.44498,0.40351,3; 4; 23; 57; 6; 32; 32; 11
12,76,0.20548,0.15789,4; 4; 12; 76; 28; 11; 6; 26
6,63,0.25392,0.09524,9; 9; 6; 63; 16; 23; 25; 13
11,55,0.24116,0.2,13; 10; 11; 55; 8; 20; 30; 32
7,67,0.21147,0.10448,10; 5; 7; 67; 17; 8; 32; 26
12,61,0.25467,0.19672,9; 12; 12; 61; 4; 5; 18; 16
38,49,0.76092,0.77551,5; 4; 38; 49; 12; 3; 18; 32
12,74,0.20994,0.16216,4; 4; 12; 74; 11; 11; 3; 19
6,68,0.22575,0.08824,7; 8; 6; 68; 24; 4; 9; 28
10,39,0.33039,0.25641,18; 23; 10; 39; 16; 19; 4; 3
7,9,0.76454,0.77778,33; 30; 7; 9; 8; 16; 15; 31
19,48,0.40047,0.39583,12; 11; 19; 48; 8; 19; 15; 32
10,64,0.19572,0.15625,11; 5; 10; 64; 4; 14; 23; 11
8,77,0.19962,0.1039,5; 3; 8; 77; 9; 12; 32; 10
14,39,0.34622,0.35897,12; 13; 14; 39; 11; 3; 15; 20
7,79,0.20409,0.08861,3; 5; 7; 79; 9; 9; 12; 24
18,70,0.30453,0.25714,5; 4; 18; 70; 30; 27; 21; 9
25,51,0.50927,0.4902,7; 4; 25; 51; 29; 13; 8; 26
20,48,0.42178,0.41667,7; 7; 20; 48; 12; 6; 18; 23
12,73,0.23106,0.16438,6; 3; 12; 73; 10; 30; 15; 4
39,50,0.7658,0.78,3; 4; 39; 50; 12; 21; 16; 32
14,70,0.22719,0.2,7; 3; 14; 70; 12; 18; 7; 3
5,57,0.25827,0.08772,17; 18; 5; 57; 16; 11; 4; 7
8,31,0.29112,0.25806,11; 15; 8; 31; 30; 6; 17; 23
5,49,0.22956,0.10204,10; 12; 5; 49; 27; 19; 29; 5
31,42,0.71566,0.7381,9; 9; 31; 42; 11; 17; 21; 29
39,50,0.7898,0.78,4; 4; 39; 50; 18; 29; 25; 16
20,68,0.29021,0.29412,3; 5; 20; 68; 28; 10; 31; 12
22,52,0.43256,0.42308,7; 12; 22; 52; 20; 30; 20; 21
10,50,0.25642,0.2,10; 19; 10; 50; 29; 12; 24; 27
8,78,0.2159,0.10256,5; 4; 8; 78; 11; 6; 28; 29
9,62,0.21838,0.14516,6; 3; 9; 62; 29; 29; 30; 4
11,38,0.26134,0.28947,11; 11; 11; 38; 19; 12; 5; 11
24,64,0.37097,0.375,4; 4; 24; 64; 24; 9; 26; 23
16,44,0.35509,0.36364,6; 7; 16; 44; 4; 20; 5; 23
15,21,0.70544,0.71429,29; 26; 15; 21; 4; 26; 18; 4
26,35,0.72206,0.74286,7; 10; 26; 35; 25; 12; 24; 19
30,48,0.60303,0.625,3; 7; 30; 48; 19; 17; 6; 28
20,41,0.53281,0.4878,16; 5; 20; 41; 26; 31; 13; 24
6,39,0.2196,0.15385,19; 15; 6; 39; 8; 8; 32; 25
28,38,0.71537,0.73684,8; 8; 28; 38; 3; 21; 12; 4
6,23,0.20758,0.26087,27; 27; 6; 23; 4; 16; 29; 28
5,49,0.25708,0.10204,14; 14; 5; 49; 22; 24; 19; 16
14,19,0.75189,0.73684,29; 24; 14; 19; 9; 9; 14; 14
5,50,0.25963,0.1,19; 17; 5; 50; 30; 4; 32; 29
34,46,0.75036,0.73913,9; 6; 34; 46; 12; 22; 18; 16
23,57,0.42929,0.40351,3; 7; 23; 57; 27; 3; 19; 8
33,47,0.70962,0.70213,7; 9; 33; 47; 13; 7; 5; 13
9,44,0.26318,0.20455,21; 19; 9; 44; 11; 16; 19; 11
35,47,0.72713,0.74468,6; 8; 35; 47; 15; 27; 25; 16
19,27,0.76854,0.7037,8; 11; 19; 27; 25; 31; 23; 16
25,65,0.40135,0.38462,4; 3; 25; 65; 6; 9; 30; 13
25,63,0.42342,0.39683,3; 4; 25; 63; 16; 28; 21; 26
19,66,0.3102,0.28788,5; 6; 19; 66; 15; 7; 32; 32
20,52,0.37135,0.38462,6; 6; 20; 52; 27; 26; 3; 18
18,68,0.27773,0.26471,6; 4; 18; 68; 11; 28; 20; 5
32,46,0.66845,0.69565,6; 10; 32; 46; 31; 3; 23; 29
15,21,0.79035,0.71429,13; 15; 15; 21; 26; 31; 14; 5
11,55,0.27513,0.2,12; 5; 11; 55; 18; 17; 26; 19
12,59,0.20028,0.20339,6; 13; 12; 59; 23; 9; 9; 10
26,41,0.59816,0.63415,11; 9; 26; 41; 17; 8; 18; 30
7,75,0.22451,0.09333,4; 5; 7; 75; 29; 16; 4; 5
16,23,0.67313,0.69565,9; 23; 16; 23; 25; 17; 12; 31
19,39,0.51227,0.48718,20; 18; 19; 39; 29; 15; 13; 9
29,37,0.78976,0.78378,3; 11; 29; 37; 22; 15; 19; 20
33,37,0.88809,0.89189,6; 12; 33; 37; 13; 5; 20; 19
23,60,0.41494,0.38333,4; 6; 23; 60; 13; 21; 24; 6
6,23,0.29376,0.26087,24; 3; 6; 23; 26; 15; 9; 3
10,65,0.22653,0.15385,10; 9; 10; 65; 15; 11; 14; 11
18,37,0.47864,0.48649,19; 5; 18; 37; 6; 9; 3; 17
18,62,0.3018,0.29032,7; 4; 18; 62; 6; 19; 24; 9
28,57,0.51088,0.49123,4; 3; 28; 57; 8; 19; 31; 21
27,43,0.63152,0.62791,10; 13; 27; 43; 10; 20; 25; 21
26,35,0.73118,0.74286,9; 10; 26; 35; 30; 13; 9; 21
6,16,0.50031,0.375,35; 12; 6; 16; 11; 29; 16; 5
9,25,0.38131,0.36,9; 30; 9; 25; 9; 7; 30; 26
8,22,0.32644,0.36364,5; 31; 8; 22; 20; 29; 30; 18
41,46,0.8813,0.8913,3; 5; 41; 46; 19; 3; 9; 4
13,64,0.21596,0.20312,10; 4; 13; 64; 6; 6; 32; 27
30,48,0.62659,0.625,3; 8; 30; 48; 24; 3; 3; 7
10,24,0.45703,0.41667,15; 21; 10; 24; 26; 7; 20; 23
23,44,0.5284,0.52273,3; 4; 23; 44; 18; 26; 26; 19
11,68,0.23425,0.16176,3; 9; 11; 68; 28; 4; 22; 20
29,46,0.62927,0.63043,6; 8; 29; 46; 26; 7; 25; 29
16,56,0.3037,0.28571,13; 10; 16; 56; 17; 14; 12; 10
24,57,0.43324,0.42105,7; 4; 24; 57; 23; 7; 3; 28
6,58,0.22881,0.10345,7; 7; 6; 58; 10; 23; 30; 32
13,45,0.2946,0.28889,9; 10; 13; 45; 12; 4; 18; 20
7,78,0.2558,0.08974,6; 6; 7; 78; 4; 26; 4; 22
30,43,0.66331,0.69767,5; 9; 30; 43; 8; 14; 6; 16
27,52,0.52508,0.51923,3; 9; 27; 52; 30; 13; 25; 26
8,51,0.22327,0.15686,17; 5; 8; 51; 28; 13; 12; 14
20,32,0.62413,0.625,11; 23; 20; 32; 23; 7; 15; 3
30,42,0.71671,0.71429,9; 8; 30; 42; 10; 22; 5; 18
5,32,0.29571,0.15625,30; 27; 5; 32; 11; 32; 3; 8
19,48,0.4158,0.39583,4; 8; 19; 48; 26; 26; 6; 18
19,39,0.49972,0.48718,10; 5; 19; 39; 11; 28; 27; 16
29,37,0.78818,0.78378,6; 13; 29; 37; 8; 22; 15; 16
29,59,0.49066,0.49153,4; 5; 29; 59; 23; 5; 26; 16
12,17,0.72823,0.70588,12; 22; 12; 17; 15; 12; 13; 21
15,39,0.41028,0.38462,12; 20; 15; 39; 31; 3; 4; 10
24,57,0.42342,0.42105,4; 7; 24; 57; 5; 8; 22; 16
7,67,0.23666,0.10448,4; 4; 7; 67; 28; 23; 13; 31
40,45,0.88696,0.88889,3; 3; 40; 45; 15; 10; 31; 24
5,53,0.24575,0.09434,20; 19; 5; 53; 18; 17; 30; 26
20,32,0.64268,0.625,12; 5; 20; 32; 21; 21; 10; 24
9,24,0.32368,0.375,5; 28; 9; 24; 28; 18; 28; 14
5,19,0.28685,0.26316,8; 16; 5; 19; 26; 5; 18; 25
20,28,0.7645,0.71429,21; 7; 20; 28; 5; 3; 9; 32
26,62,0.42989,0.41935,4; 4; 26; 62; 18; 25; 9; 11
23,33,0.65513,0.69697,7; 10; 23; 33; 8; 22; 15; 16
26,37,0.69283,0.7027,14; 10; 26; 37; 11; 18; 5; 23
19,45,0.43268,0.42222,10; 5; 19; 45; 24; 6; 21; 21
5,17,0.30606,0.29412,16; 8; 5; 17; 16; 12; 13; 19
16,55,0.30508,0.29091,10; 13; 16; 55; 4; 8; 13; 30
37,50,0.76152,0.74,5; 5; 37; 50; 14; 10; 32; 6
10,16,0.5804,0.625,3; 20; 10; 16; 32; 27; 22; 7
22,52,0.42591,0.42308,8; 10; 22; 52; 29; 25; 8; 15
12,47,0.25572,0.25532,16; 11; 12; 47; 28; 30; 3; 24
28,38,0.70998,0.73684,7; 12; 28; 38; 26; 21; 20; 16
6,41,0.1502,0.14634,16; 14; 6; 41; 23; 28; 8; 25
7,44,0.21609,0.15909,8; 21; 7; 44; 16; 20; 17; 30
18,70,0.23991,0.25714,3; 4; 18; 70; 25; 26; 25; 19
9,56,0.23285,0.16071,14; 8; 9; 56; 29; 15; 14; 11
12,41,0.28627,0.29268,17; 11; 12; 41; 8; 22; 10; 9
18,70,0.26515,0.25714,3; 4; 18; 70; 15; 8; 4; 3
42,47,0.87828,0.89362,4; 3; 42; 47; 30; 3; 22; 17
32,51,0.63263,0.62745,6; 7; 32; 51; 21; 27; 11; 7
10,51,0.27275,0.19608,5; 16; 10; 51; 19; 4; 15; 23
6,21,0.24787,0.28571,27; 21; 6; 21; 23; 30; 32; 10
14,70,0.22872,0.2,4; 6; 14; 70; 19; 15; 21; 25
33,37,0.95373,0.89189,4; 4; 33; 37; 7; 10; 13; 23
8,55,0.24946,0.14545,9; 16; 8; 55; 30; 24; 13; 12
21,50,0.37578,0.42,7; 10; 21; 50; 16; 24; 4; 32
34,46,0.72247,0.73913,8; 3; 34; 46; 19; 16; 3; 31
29,59,0.51024,0.49153,3; 5; 29; 59; 26; 24; 15; 24
5,17,0.39743,0.29412,14; 17; 5; 17; 28; 17; 17; 24
21,50,0.40443,0.42,6; 11; 21; 50; 10; 28; 14; 24
12,33,0.33898,0.36364,13; 18; 12; 33; 4; 26; 4; 26
6,40,0.25367,0.15,26; 15; 6; 40; 12; 8; 23; 15
31,40,0.73893,0.775,12; 10; 31; 40; 13; 9; 22; 14
19,47,0.40728,0.40426,12; 14; 19; 47; 4; 17; 3; 20
11,71,0.21702,0.15493,3; 4; 11; 71; 19; 9; 3; 18
11,56,0.23694,0.19643,11; 15; 11; 56; 22; 15; 10; 13
22,53,0.40661,0.41509,10; 7; 22; 53; 19; 5; 22; 8
18,50,0.35114,0.36,14; 5; 18; 50; 8; 22; 15; 31
6,30,0.23374,0.2,21; 9; 6; 30; 5; 20; 10; 3
11,29,0.35836,0.37931,3; 24; 11; 29; 26; 21; 13; 27
12,47,0.30452,0.25532,11; 10; 12; 47; 4; 29; 20; 12
14,71,0.21599,0.19718,5; 5; 14; 71; 19; 19; 8; 25
6,23,0.25323,0.26087,28; 13; 6; 23; 22; 13; 9; 7
23,33,0.68812,0.69697,7; 6; 23; 33; 20; 27; 23; 24
30,42,0.71214,0.71429,4; 9; 30; 42; 20; 26; 15; 22
31,44,0.69215,0.70455,8; 11; 31; 44; 9; 3; 25; 24
5,33,0.28668,0.15152,17; 21; 5; 33; 28; 11; 6; 3
19,27,0.69632,0.7037,19; 8; 19; 27; 25; 10; 10; 13
7,67,0.21492,0.10448,6; 7; 7; 67; 3; 31; 19; 10
14,53,0.30795,0.26415,5; 8; 14; 53; 19; 10; 9; 10
7,70,0.21307,0.1,7; 4; 7; 70; 7; 26; 12; 7
35,49,0.69864,0.71429,5; 4; 35; 49; 21; 22; 3; 20
12,60,0.23456,0.2,7; 11; 12; 60; 18; 23; 23; 30
35,45,0.77007,0.77778,6; 9; 35; 45; 24; 29; 32; 12
8,40,0.21771,0.2,20; 19; 8; 40; 11; 3; 5; 11
10,39,0.28739,0.25641,23; 7; 10; 39; 30; 12; 6; 7
23,57,0.41671,0.40351,5; 5; 23; 57; 13; 3; 28; 12
6,64,0.2229,0.09375,8; 12; 6; 64; 9; 28; 22; 19
19,50,0.36872,0.38,11; 11; 19; 50; 13; 27; 10; 21
12,60,0.21846,0.2,7; 11; 12; 60; 19; 9; 21; 6
19,66,0.28834,0.28788,5; 5; 19; 66; 31; 29; 5; 8
8,19,0.46256,0.42105,27; 22; 8; 19; 7; 4; 10; 24
17,33,0.5013,0.51515,13; 22; 17; 33; 32; 19; 24; 3
7,71,0.25718,0.09859,6; 9; 7; 71; 4; 15; 4; 18
17,23,0.78941,0.73913,3; 9; 17; 23; 21; 6; 3; 19
26,35,0.74937,0.74286,17; 16; 26; 35; 8; 10; 28; 31
36,51,0.71623,0.70588,4; 4; 36; 51; 32; 17; 30; 16
5,52,0.2204,0.09615,7; 5; 5; 52; 9; 32; 21; 12
13,65,0.24028,0.2,6; 9; 13; 65; 25; 13; 13; 11
20,27,0.80479,0.74074,6; 25; 20; 27; 3; 28; 8; 19
8,53,0.26128,0.15094,9; 16; 8; 53; 14; 15; 29; 26
11,56,0.2532,0.19643,5; 15; 11; 56; 10; 24; 6; 26
5,13,0.43124,0.38462,26; 22; 5; 13; 20; 31; 10; 29
22,52,0.4495,0.42308,10; 12; 22; 52; 24; 22; 24; 20
19,27,0.75748,0.7037,21; 23; 19; 27; 24; 12; 32; 26
10,68,0.2415,0.14706,6; 10; 10; 68; 20; 32; 29; 6
9,58,0.22339,0.15517,14; 10; 9; 58; 23; 30; 27; 15
19,53,0.36468,0.35849,3; 8; 19; 53; 26; 12; 29; 5
22,52,0.43543,0.42308,12; 4; 22; 52; 27; 31; 4; 23
5,48,0.19043,0.10417,21; 14; 5; 48; 31; 13; 3; 9
23,64,0.35537,0.35938,4; 5; 23; 64; 21; 13; 19; 7
35,45,0.78014,0.77778,5; 5; 35; 45; 8; 14; 13; 24
24,34,0.70064,0.70588,10; 3; 24; 34; 13; 7; 22; 17
19,45,0.45448,0.42222,8; 11; 19; 45; 29; 24; 9; 15
26,53,0.49258,0.49057,7; 6; 26; 53; 21; 25; 19; 30
18,37,0.46195,0.48649,15; 8; 18; 37; 19; 10; 27; 26
7,77,0.22438,0.09091,3; 3; 7; 77; 16; 26; 4; 9
10,68,0.22628,0.14706,8; 10; 10; 68; 26; 10; 21; 17
13,34,0.3976,0.38235,16; 14; 13; 34; 15; 16; 32; 24
19,53,0.3589,0.35849,13; 5; 19; 53; 32; 23; 20; 8
28,36,0.7755,0.77778,14; 6; 28; 36; 22; 8; 3; 16
7,9,0.76915,0.77778,36; 35; 7; 9; 23; 10; 23; 5
5,12,0.46262,0.41667,3; 35; 5; 12; 30; 10; 23; 22
27,52,0.50417,0.51923,3; 5; 27; 52; 26; 15; 21; 25
25,48,0.50938,0.52083,4; 9; 25; 48; 5; 8; 19; 10
16,18,0.89904,0.88889,31; 23; 16; 18; 11; 9; 17; 13
16,18,0.83821,0.88889,11; 12; 16; 18; 13; 6; 16; 4
27,52,0.50825,0.51923,9; 3; 27; 52; 4; 22; 26; 31
6,66,0.22011,0.09091,6; 9; 6; 66; 18; 7; 4; 31
30,43,0.67134,0.69767,7; 6; 30; 43; 12; 5; 4; 4
18,37,0.52689,0.48649,21; 4; 18; 37; 7; 31; 30; 21
7,78,0.22077,0.08974,6; 4; 7; 78; 28; 26; 4; 27
16,44,0.34817,0.36364,15; 17; 16; 44; 26; 28; 26; 4
25,32,0.81425,0.78125,14; 8; 25; 32; 11; 9; 14; 5
12,33,0.36025,0.36364,12; 12; 12; 33; 17; 30; 8; 4
28,54,0.52015,0.51852,8; 4; 28; 54; 27; 5; 7; 30
10,63,0.23935,0.15873,11; 8; 10; 63; 17; 30; 25; 10
8,82,0.26191,0.09756,3; 3; 8; 82; 7; 22; 25; 4
28,36,0.74507,0.77778,9; 8; 28; 36; 16; 30; 24; 4
21,43,0.51417,0.48837,4; 17; 21; 43; 21; 13; 26; 29
25,35,0.67262,0.71429,8; 7; 25; 35; 27; 11; 8; 32
9,62,0.2267,0.14516,6; 6; 9; 62; 6; 5; 6; 27
15,21,0.71045,0.71429,28; 5; 15; 21; 11; 25; 24; 28
6,16,0.41017,0.375,8; 22; 6; 16; 16; 4; 11; 7
35,50,0.6711,0.7,3; 5; 35; 50; 6; 10; 15; 13
10,28,0.3195,0.35714,9; 12; 10; 28; 16; 9; 20; 30
17,33,0.52911,0.51515,20; 5; 17; 33; 27; 10; 19; 32
37,52,0.67073,0.71154,3; 3; 37; 52; 21; 30; 3; 4
40,45,0.87384,0.88889,5; 4; 40; 45; 4; 21; 18; 10
12,30,0.36748,0.4,19; 19; 12; 30; 28; 29; 22; 5
39,44,0.87099,0.88636,7; 3; 39; 44; 4; 32; 29; 32
36,51,0.72133,0.70588,5; 3; 36; 51; 29; 24; 22; 10
10,14,0.85086,0.71429,7; 20; 10; 14; 25; 10; 10; 30
22,55,0.36908,0.4,6; 7; 22; 55; 21; 7; 6; 14
25,62,0.3946,0.40323,5; 3; 25; 62; 30; 30; 17; 6
22,55,0.41666,0.4,7; 3; 22; 55; 7; 29; 25; 21
9,25,0.35843,0.36,7; 5; 9; 25; 28; 25; 16; 11
31,40,0.77836,0.775,8; 6; 31; 40; 27; 26; 17; 22
10,64,0.22729,0.15625,5; 10; 10; 64; 11; 19; 32; 9
12,77,0.22072,0.15584,4; 3; 12; 77; 10; 18; 11; 26
35,49,0.69591,0.71429,4; 6; 35; 49; 31; 26; 11; 14
17,27,0.67373,0.62963,13; 5; 17; 27; 21; 25; 22; 3
12,41,0.31849,0.29268,5; 11; 12; 41; 29; 30; 25; 13
18,37,0.50452,0.48649,20; 5; 18; 37; 4; 28; 11; 19
21,27,0.77078,0.77778,25; 15; 21; 27; 6; 16; 23; 22
12,47,0.29268,0.25532,16; 6; 12; 47; 28; 20; 31; 4
15,58,0.25715,0.25862,4; 7; 15; 58; 31; 3; 11; 31
13,45,0.30076,0.28889,4; 13; 13; 45; 19; 28; 21; 25
27,55,0.50494,0.49091,8; 6; 27; 55; 9; 19; 28; 7
26,53,0.52772,0.49057,8; 9; 26; 53; 21; 28; 28; 14
14,69,0.22244,0.2029,3; 5; 14; 69; 22; 10; 18; 28
31,44,0.69393,0.70455,6; 4; 31; 44; 23; 31; 6; 25
19,48,0.40471,0.39583,13; 10; 19; 48; 9; 14; 16; 16
12,33,0.34559,0.36364,22; 17; 12; 33; 11; 8; 32; 13
25,32,0.7886,0.78125,16; 18; 25; 32; 18; 17; 4; 3
5,33,0.31065,0.15152,18; 17; 5; 33; 26; 32; 13; 20
21,53,0.3997,0.39623,5; 12; 21; 53; 25; 12; 26; 12
8,40,0.32023,0.2,5; 10; 8; 40; 7; 5; 8; 27
29,39,0.74453,0.74359,13; 12; 29; 39; 8; 26; 22; 10
5,57,0.28334,0.08772,16; 14; 5; 57; 27; 27; 5; 15
10,26,0.35752,0.38462,30; 26; 10; 26; 7; 18; 3; 21
21,52,0.44597,0.40385,10; 5; 21; 52; 5; 4; 5; 21
15,57,0.27711,0.26316,3; 12; 15; 57; 23; 17; 27; 4
16,45,0.38557,0.35556,12; 18; 16; 45; 14; 10; 30; 13
15,29,0.49982,0.51724,23; 15; 15; 29; 27; 17; 16; 29
36,46,0.76929,0.78261,7; 6; 36; 46; 14; 3; 26; 25
35,49,0.71416,0.71429,4; 7; 35; 49; 6; 8; 12; 24
11,70,0.24629,0.15714,3; 8; 11; 70; 28; 3; 10; 17
9,59,0.21026,0.15254,9; 10; 9; 59; 20; 32; 8; 7
37,52,0.70426,0.71154,3; 3; 37; 52; 7; 18; 24; 8
32,45,0.70769,0.71111,7; 3; 32; 45; 7; 26; 3; 20
20,68,0.29262,0.29412,4; 5; 20; 68; 16; 3; 18; 13
7,77,0.21882,0.09091,5; 7; 7; 77; 22; 8; 25; 28
5,54,0.26235,0.09259,8; 3; 5; 54; 15; 23; 4; 11
12,60,0.25954,0.2,10; 7; 12; 60; 14; 23; 9; 4
11,73,0.20509,0.15068,5; 4; 11; 73; 3; 32; 10; 24
14,37,0.38521,0.37838,18; 17; 14; 37; 3; 10; 22; 22
22,45,0.52437,0.48889,3; 11; 22; 45; 30; 32; 13; 16
10,61,0.17623,0.16393,8; 9; 10; 61; 6; 10; 12; 25
25,28,0.89784,0.89286,17; 10; 25; 28; 26; 5; 32; 21
5,49,0.21431,0.10204,16; 21; 5; 49; 25; 28; 24; 13
13,31,0.42643,0.41935,26; 25; 13; 31; 15; 27; 9; 19
32,36,0.8766,0.88889,9; 12; 32; 36; 3; 15; 13; 8
5,8,0.80544,0.625,26; 6; 5; 8; 25; 12; 27; 16
31,49,0.60401,0.63265,3; 9; 31; 49; 25; 21; 27; 9
14,70,0.23285,0.2,5; 5; 14; 70; 29; 19; 17; 15
10,24,0.29942,0.41667,4; 30; 10; 24; 13; 28; 16; 8
15,74,0.25447,0.2027,4; 3; 15; 74; 12; 26; 32; 10
10,39,0.28682,0.25641,8; 23; 10; 39; 19; 15; 16; 23
24,57,0.41903,0.42105,4; 5; 24; 57; 22; 7; 20; 5
5,58,0.22554,0.08621,13; 5; 5; 58; 19; 22; 9; 7
24,63,0.38403,0.38095,5; 4; 24; 63; 19; 31; 10; 23
5,33,0.37591,0.15152,18; 22; 5; 33; 18; 4; 5; 13
11,69,0.22182,0.15942,9; 7; 11; 69; 17; 27; 20; 3
11,70,0.20226,0.15714,7; 6; 11; 70; 14; 8; 18; 5
20,32,0.6283,0.625,10; 17; 20; 32; 22; 3; 32; 8
12,78,0.24533,0.15385,4; 4; 12; 78; 10; 5; 12; 23
7,10,0.69486,0.7,35; 3; 7; 10; 21; 9; 17; 30
25,63,0.40836,0.39683,4; 3; 25; 63; 32; 22; 12; 15
19,27,0.74577,0.7037,24; 18; 19; 27; 32; 23; 32; 10
16,62,0.24334,0.25806,3; 6; 16; 62; 7; 15; 30; 25
8,53,0.18672,0.15094,13; 4; 8; 53; 25; 3; 26; 8
25,34,0.67926,0.73529,10; 11; 25; 34; 31; 12; 3; 10
31,42,0.69774,0.7381,10; 11; 31; 42; 17; 23; 22; 27
14,27,0.5093,0.51852,13; 19; 14; 27; 15; 5; 31; 13
31,49,0.63717,0.63265,4; 3; 31; 49; 13; 26; 14; 26
10,67,0.24263,0.14925,5; 6; 10; 67; 15; 24; 11; 32
6,61,0.22494,0.09836,11; 15; 6; 61; 21; 26; 13; 8
17,42,0.4172,0.40476,4; 3; 17; 42; 9; 13; 16; 32
17,33,0.50105,0.51515,16; 6; 17; 33; 9; 3; 19; 23
26,35,0.71942,0.74286,3; 15; 26; 35; 13; 7; 32; 9
20,41,0.47839,0.4878,3; 15; 20; 41; 23; 15; 10; 21
24,57,0.4001,0.42105,5; 3; 24; 57; 4; 18; 7; 8
10,38,0.26906,0.26316,14; 5; 10; 38; 25; 27; 9; 12
25,40,0.63175,0.625,15; 3; 25; 40; 13; 9; 14; 27
29,39,0.72118,0.74359,13; 11; 29; 39; 15; 5; 28; 5
12,76,0.20201,0.15789,5; 5; 12; 76; 6; 7; 3; 6
18,23,0.90468,0.78261,3; 26; 18; 23; 4; 23; 28; 11
13,34,0.35136,0.38235,12; 24; 13; 34; 13; 26; 16; 11
35,50,0.70249,0.7,3; 3; 35; 50; 8; 31; 31; 10
24,27,0.91037,0.88889,8; 16; 24; 27; 19; 7; 21; 23
7,73,0.21229,0.09589,5; 6; 7; 73; 18; 24; 32; 19
23,31,0.73862,0.74194,9; 7; 23; 31; 4; 20; 20; 7
23,33,0.703,0.69697,9; 8; 23; 33; 32; 20; 3; 11
8,28,0.3134,0.28571,23; 16; 8; 28; 7; 18; 9; 4
14,54,0.26518,0.25926,13; 13; 14; 54; 20; 5; 6; 27
18,50,0.36573,0.36,9; 14; 18; 50; 3; 8; 19; 4
21,30,0.69024,0.7,9; 23; 21; 30; 28; 8; 16; 5
25,28,0.91712,0.89286,16; 3; 25; 28; 21; 6; 8; 13
26,62,0.41761,0.41935,5; 4; 26; 62; 24; 13; 24; 31
15,52,0.2974,0.28846,6; 13; 15; 52; 3; 12; 26; 16
19,45,0.42351,0.42222,9; 16; 19; 45; 19; 27; 17; 15
14,33,0.35044,0.42424,15; 7; 14; 33; 4; 25; 9; 6
13,31,0.42434,0.41935,12; 8; 13; 31; 5; 24; 19; 26
32,41,0.73498,0.78049,4; 4; 32; 41; 10; 5; 20; 24
29,39,0.72345,0.74359,7; 14; 29; 39; 5; 7; 29; 9
16,18,0.89191,0.88889,26; 25; 16; 18; 31; 29; 15; 15
18,47,0.38203,0.38298,16; 12; 18; 47; 6; 22; 20; 19
15,21,0.73732,0.71429,15; 29; 15; 21; 32; 7; 31; 12
37,52,0.70062,0.71154,4; 3; 37; 52; 21; 15; 7; 14
30,42,0.72435,0.71429,5; 6; 30; 42; 12; 20; 30; 5
18,43,0.45136,0.4186,13; 15; 18; 43; 26; 19; 4; 23
17,66,0.29525,0.25758,5; 6; 17; 66; 18; 17; 18; 32
12,33,0.38473,0.36364,10; 24; 12; 33; 32; 19; 19; 18
9,46,0.26838,0.19565,10; 14; 9; 46; 4; 5; 28; 9
11,68,0.24341,0.16176,3; 9; 11; 68; 20; 14; 7; 4
10,24,0.42781,0.41667,15; 24; 10; 24; 27; 17; 23; 29
25,48,0.52347,0.52083,7; 11; 25; 48; 28; 22; 7; 8
30,48,0.62065,0.625,5; 5; 30; 48; 16; 17; 21; 23
21,30,0.67318,0.7,16; 16; 21; 30; 15; 19; 20; 3
8,55,0.22302,0.14545,14; 5; 8; 55; 32; 4; 10; 6
5,48,0.22462,0.10417,13; 6; 5; 48; 31; 9; 4; 17
10,34,0.30099,0.29412,18; 10; 10; 34; 10; 28; 24; 18
20,53,0.38138,0.37736,12; 10; 20; 53; 31; 32; 10; 18
8,54,0.25341,0.14815,7; 7; 8; 54; 29; 4; 20; 26
16,55,0.32424,0.29091,7; 6; 16; 55; 30; 8; 12; 19
13,36,0.33732,0.36111,13; 9; 13; 36; 28; 8; 3; 8
22,45,0.52646,0.48889,14; 7; 22; 45; 20; 27; 18; 9
37,52,0.68041,0.71154,3; 4; 37; 52; 15; 31; 28; 19
25,62,0.45036,0.40323,3; 4; 25; 62; 12; 22; 29; 22
24,27,0.85954,0.88889,16; 12; 24; 27; 14; 13; 19; 29
20,28,0.66802,0.71429,14; 17; 20; 28; 5; 24; 19; 27
10,65,0.2323,0.15385,9; 3; 10; 65; 25; 3; 13; 29
7,24,0.31353,0.29167,23; 10; 7; 24; 27; 26; 26; 17
5,17,0.26408,0.29412,19; 10; 5; 17; 10; 11; 24; 18
11,42,0.28368,0.2619,12; 10; 11; 42; 6; 4; 20; 4
6,58,0.25517,0.10345,9; 13; 6; 58; 11; 28; 9; 29
26,62,0.40664,0.41935,5; 4; 26; 62; 17; 30; 10; 23
18,70,0.26256,0.25714,5; 5; 18; 70; 7; 15; 29; 23
17,45,0.3907,0.37778,7; 14; 17; 45; 25; 6; 19; 11
13,50,0.28327,0.26,17; 11; 13; 50; 8; 32; 14; 18
16,23,0.74793,0.69565,10; 3; 16; 23; 5; 11; 30; 8
17,65,0.27697,0.26154,6; 3; 17; 65; 7; 21; 22; 8
12,46,0.28426,0.26087,18; 11; 12; 46; 8; 31; 7; 4
11,71,0.2402,0.15493,7; 8; 11; 71; 17; 7; 30; 14
20,41,0.46289,0.4878,5; 17; 20; 41; 31; 8; 30; 5
26,37,0.68446,0.7027,5; 6; 26; 37; 13; 25; 26; 16
29,59,0.49741,0.49153,3; 5; 29; 59; 28; 9; 31; 23
28,40,0.67855,0.7,11; 6; 28; 40; 13; 28; 8; 11
5,14,0.38957,0.35714,37; 23; 5; 14; 21; 11; 31; 28
25,34,0.71922,0.73529,6; 4; 25; 34; 28; 22; 13; 21
5,19,0.31998,0.26316,19; 17; 5; 19; 20; 15; 20; 5
7,45,0.24356,0.15556,20; 19; 7; 45; 28; 3; 8; 6
37,50,0.74434,0.74,5; 4; 37; 50; 28; 12; 16; 23
17,33,0.54743,0.51515,21; 5; 17; 33; 20; 9; 28; 19
32,45,0.71329,0.71111,9; 8; 32; 45; 9; 29; 11; 11
9,58,0.25461,0.15517,4; 6; 9; 58; 26; 8; 6; 16
25,63,0.39202,0.39683,4; 4; 25; 63; 17; 9; 26; 12
7,68,0.22318,0.10294,11; 9; 7; 68; 10; 12; 4; 22
22,31,0.69714,0.70968,22; 19; 22; 31; 5; 6; 13; 21
25,35,0.69414,0.71429,13; 9; 25; 35; 4; 20; 13; 3
25,59,0.42593,0.42373,5; 7; 25; 59; 24; 9; 20; 7
13,36,0.36357,0.36111,23; 8; 13; 36; 5; 18; 26; 22
16,31,0.55632,0.51613,23; 24; 16; 31; 21; 11; 10; 14
25,59,0.45134,0.42373,7; 4; 25; 59; 23; 8; 26; 30
19,48,0.41342,0.39583,7; 6; 19; 48; 17; 21; 18; 16
18,62,0.29595,0.29032,6; 4; 18; 62; 15; 7; 31; 7
18,23,0.87902,0.78261,4; 25; 18; 23; 16; 12; 17; 7
12,73,0.22959,0.16438,4; 3; 12; 73; 32; 7; 12; 18
15,75,0.24152,0.2,3; 4; 15; 75; 14; 28; 8; 14
37,52,0.71348,0.71154,3; 3; 37; 52; 11; 22; 29; 9
20,41,0.49545,0.4878,6; 15; 20; 41; 8; 28; 30; 23
10,38,0.25901,0.26316,23; 14; 10; 38; 7; 8; 32; 7
15,36,0.43434,0.41667,14; 17; 15; 36; 24; 23; 16; 12
33,37,0.89415,0.89189,12; 12; 33; 37; 27; 7; 23; 23
19,66,0.318,0.28788,4; 6; 19; 66; 7; 24; 29; 16
21,43,0.47924,0.48837,5; 11; 21; 43; 8; 4; 30; 3
32,36,0.87329,0.88889,14; 9; 32; 36; 32; 25; 13; 18
32,46,0.73881,0.69565,3; 6; 32; 46; 11; 31; 7; 20
28,57,0.48272,0.49123,6; 5; 28; 57; 27; 28; 16; 20
14,39,0.36284,0.35897,4; 6; 14; 39; 13; 32; 23; 15
5,51,0.2246,0.09804,15; 8; 5; 51; 7; 10; 25; 20
15,21,0.73331,0.71429,5; 12; 15; 21; 17; 16; 3; 27
18,23,0.83879,0.78261,14; 26; 18; 23; 15; 12; 3; 30
34,46,0.72516,0.73913,3; 7; 34; 46; 19; 16; 20; 26
24,38,0.64164,0.63158,14; 5; 24; 38; 10; 12; 16; 16
14,19,0.74288,0.73684,20; 28; 14; 19; 15; 26; 11; 23
17,66,0.26494,0.25758,6; 7; 17; 66; 14; 4; 26; 10
24,64,0.39486,0.375,5; 5; 24; 64; 26; 15; 25; 20
29,56,0.53898,0.51786,4; 4; 29; 56; 13; 20; 18; 14
8,20,0.37868,0.4,12; 16; 8; 20; 20; 30; 31; 14
33,47,0.68319,0.70213,3; 5; 33; 47; 23; 32; 12; 6
11,42,0.28458,0.2619,11; 11; 11; 42; 14; 11; 8; 6
37,50,0.71856,0.74,3; 3; 37; 50; 30; 20; 15; 22
25,65,0.41572,0.38462,4; 3; 25; 65; 17; 15; 8; 22
16,38,0.42076,0.42105,20; 21; 16; 38; 28; 15; 11; 23
17,24,0.80192,0.70833,10; 23; 17; 24; 24; 5; 8; 26
5,17,0.37085,0.29412,14; 34; 5; 17; 3; 15; 26; 26
20,53,0.41503,0.37736,9; 10; 20; 53; 17; 7; 5; 18
22,42,0.56326,0.52381,7; 17; 22; 42; 23; 12; 11; 3
11,67,0.21825,0.16418,7; 3; 11; 67; 22; 23; 4; 7
25,60,0.39754,0.41667,5; 3; 25; 60; 3; 3; 8; 27
16,18,0.92839,0.88889,10; 27; 16; 18; 11; 6; 8; 10
25,59,0.41667,0.42373,7; 7; 25; 59; 4; 15; 6; 18
22,52,0.43371,0.42308,6; 9; 22; 52; 24; 8; 16; 6
29,56,0.51513,0.51786,5; 6; 29; 56; 18; 9; 31; 29
9,55,0.24743,0.16364,14; 4; 9; 55; 25; 19; 19; 14
26,53,0.49982,0.49057,9; 4; 26; 53; 25; 20; 18; 22
16,42,0.38816,0.38095,5; 8; 16; 42; 9; 21; 14; 27
23,64,0.35638,0.35938,5; 5; 23; 64; 14; 10; 31; 3
18,70,0.28149,0.25714,4; 3; 18; 70; 24; 9; 14; 23
6,62,0.23957,0.09677,12; 3; 6; 62; 25; 5; 12; 6
32,45,0.68476,0.71111,4; 5; 32; 45; 4; 23; 16; 3
25,32,0.74798,0.78125,12; 20; 25; 32; 16; 19; 4; 5
28,40,0.68284,0.7,3; 9; 28; 40; 12; 8; 5; 4
6,41,0.26218,0.14634,16; 15; 6; 41; 17; 17; 8; 14
31,42,0.70488,0.7381,9; 6; 31; 42; 3; 28; 27; 12
21,43,0.46845,0.48837,4; 5; 21; 43; 4; 30; 8; 20
6,15,0.4591,0.4,9; 28; 6; 15; 18; 6; 7; 30
10,25,0.34128,0.4,12; 11; 10; 25; 19; 7; 24; 23
20,41,0.51878,0.4878,11; 7; 20; 41; 29; 14; 6; 26
5,12,0.41562,0.41667,19; 3; 5; 12; 25; 3; 17; 24
19,48,0.36892,0.39583,3; 4; 19; 48; 30; 16; 10; 31
9,45,0.22791,0.2,11; 4; 9; 45; 7; 28; 7; 11
23,31,0.73649,0.74194,14; 18; 23; 31; 11; 30; 24; 20
32,41,0.76523,0.78049,12; 5; 32; 41; 22; 6; 9; 21
31,49,0.61461,0.63265,7; 7; 31; 49; 17; 30; 8; 6
31,35,0.88504,0.88571,5; 12; 31; 35; 32; 15; 8; 9
5,54,0.24994,0.09259,7; 13; 5; 54; 32; 17; 13; 8
6,62,0.24185,0.09677,15; 9; 6; 62; 16; 8; 16; 13
8,22,0.33213,0.36364,25; 9; 8; 22; 9; 7; 16; 24
25,28,0.8871,0.89286,9; 9; 25; 28; 24; 6; 14; 12
9,45,0.183,0.2,16; 4; 9; 45; 19; 15; 30; 3
11,38,0.29868,0.28947,17; 8; 11; 38; 29; 30; 14; 9
8,53,0.25952,0.15094,12; 10; 8; 53; 13; 21; 18; 10
20,68,0.30898,0.29412,4; 4; 20; 68; 8; 19; 31; 22
14,49,0.27705,0.28571,15; 12; 14; 49; 10; 25; 8; 31
6,41,0.20421,0.14634,19; 12; 6; 41; 10; 14; 9; 15
28,57,0.49331,0.49123,4; 5; 28; 57; 12; 9; 9; 29
23,44,0.54866,0.52273,15; 6; 23; 44; 7; 12; 17; 9
9,46,0.23878,0.19565,4; 8; 9; 46; 9; 13; 13; 26
10,61,0.22216,0.16393,13; 3; 10; 61; 17; 8; 31; 31
39,50,0.74565,0.78,3; 3; 39; 50; 28; 11; 8; 18
27,55,0.52036,0.49091,3; 8; 27; 55; 8; 9; 29; 7
8,50,0.22007,0.16,18; 17; 8; 50; 31; 22; 7; 5
24,46,0.49459,0.52174,12; 13; 24; 46; 13; 13; 20; 14
20,41,0.52973,0.4878,9; 8; 20; 41; 31; 23; 7; 31
23,47,0.4636,0.48936,4; 10; 23; 47; 3; 7; 32; 11
7,82,0.22488,0.08537,4; 3; 7; 82; 15; 20; 20; 7
30,42,0.70859,0.71429,7; 3; 30; 42; 7; 18; 14; 30
6,38,0.26759,0.15789,9; 24; 6; 38; 3; 3; 29; 6
20,52,0.39318,0.38462,4; 7; 20; 52; 26; 6; 23; 20
6,61,0.18264,0.09836,9; 14; 6; 61; 12; 23; 29; 13
5,49,0.28105,0.10204,20; 14; 5; 49; 9; 19; 9; 32
24,60,0.40343,0.4,6; 6; 24; 60; 14; 18; 3; 14
10,63,0.22394,0.15873,12; 12; 10; 63; 16; 22; 7; 28
14,70,0.24332,0.2,4; 5; 14; 70; 12; 16; 15; 21
18,37,0.49883,0.48649,11; 18; 18; 37; 30; 17; 16; 14
18,50,0.36717,0.36,7; 9; 18; 50; 11; 13; 16; 28
32,51,0.62388,0.62745,6; 7; 32; 51; 21; 12; 23; 31
12,32,0.37408,0.375,12; 26; 12; 32; 7; 14; 3; 11
16,55,0.30624,0.29091,13; 9; 16; 55; 7; 14; 23; 12
25,48,0.53923,0.52083,11; 8; 25; 48; 18; 20; 14; 28
29,37,0.76826,0.78378,13; 6; 29; 37; 27; 31; 11; 21
5,52,0.2414,0.09615,19; 14; 5; 52; 29; 22; 17; 5
6,66,0.23718,0.09091,9; 10; 6; 66; 21; 23; 18; 14
19,39,0.47433,0.48718,4; 10; 19; 39; 23; 3; 14; 26
23,61,0.38273,0.37705,3; 4; 23; 61; 22; 27; 13; 12
7,27,0.27394,0.25926,11; 11; 7; 27; 7; 12; 8; 30
32,41,0.74757,0.78049,8; 12; 32; 41; 19; 15; 13; 17
29,37,0.77801,0.78378,14; 12; 29; 37; 18; 19; 6; 24
19,47,0.39304,0.40426,8; 15; 19; 47; 22; 25; 32; 10
16,55,0.31691,0.29091,6; 13; 16; 55; 14; 13; 5; 22
25,62,0.39839,0.40323,3; 3; 25; 62; 14; 30; 20; 26
31,44,0.67682,0.70455,9; 9; 31; 44; 19; 19; 4; 32
7,10,0.78859,0.7,17; 39; 7; 10; 20; 29; 22; 7
23,61,0.377,0.37705,7; 7; 23; 61; 9; 10; 18; 5
10,68,0.24037,0.14706,10; 3; 10; 68; 15; 27; 16; 12
8,41,0.24491,0.19512,12; 22; 8; 41; 6; 28; 23; 3
23,33,0.66119,0.69697,5; 9; 23; 33; 19; 20; 4; 20
5,7,0.61666,0.71429,21; 27; 5; 7; 18; 32; 22; 21
18,47,0.36461,0.38298,6; 14; 18; 47; 28; 14; 13; 23
35,49,0.68433,0.71429,7; 6; 35; 49; 28; 15; 10; 31
6,70,0.23917,0.08571,10; 3; 6; 70; 21; 25; 14; 5
23,44,0.49776,0.52273,12; 8; 23; 44; 7; 18; 15; 12
16,40,0.45358,0.4,12; 14; 16; 40; 4; 6; 22; 14
34,54,0.62586,0.62963,3; 3; 34; 54; 21; 31; 10; 25
6,60,0.21831,0.1,7; 8; 6; 60; 29; 8; 29; 30
16,42,0.36659,0.38095,16; 4; 16; 42; 19; 25; 14; 19
20,55,0.39214,0.36364,5; 8; 20; 55; 18; 31; 5; 22
8,40,0.29126,0.2,13; 12; 8; 40; 9; 4; 10; 3
38,49,0.75841,0.77551,5; 5; 38; 49; 9; 12; 32; 18
31,35,0.86512,0.88571,15; 15; 31; 35; 3; 5; 5; 4
8,79,0.21608,0.10127,4; 5; 8; 79; 7; 9; 29; 9
19,27,0.69669,0.7037,17; 7; 19; 27; 19; 9; 12; 12
7,70,0.22561,0.1,9; 10; 7; 70; 31; 32; 8; 18
12,73,0.23941,0.16438,5; 4; 12; 73; 12; 10; 4; 4
25,40,0.64873,0.625,13; 3; 25; 40; 24; 32; 9; 14
22,58,0.38409,0.37931,3; 3; 22; 58; 31; 12; 16; 27
17,23,0.80455,0.73913,11; 18; 17; 23; 9; 30; 14; 18
25,32,0.78987,0.78125,20; 5; 25; 32; 30; 18; 20; 12
10,66,0.22169,0.15152,8; 9; 10; 66; 17; 11; 11; 11
12,19,0.64211,0.63158,23; 25; 12; 19; 12; 26; 8; 14
20,68,0.3234,0.29412,4; 3; 20; 68; 29; 20; 3; 28
6,16,0.38414,0.375,34; 3; 6; 16; 14; 12; 31; 32
35,45,0.78665,0.77778,6; 3; 35; 45; 20; 17; 15; 16
6,58,0.20179,0.10345,12; 15; 6; 58; 30; 25; 15; 14
7,69,0.23169,0.10145,3; 9; 7; 69; 32; 28; 3; 3
5,8,0.49803,0.625,19; 42; 5; 8; 13; 20; 9; 20
30,43,0.64019,0.69767,6; 12; 30; 43; 32; 22; 29; 10
5,13,0.44248,0.38462,3; 34; 5; 13; 28; 22; 10; 23
25,35,0.65855,0.71429,11; 12; 25; 35; 25; 3; 25; 18
18,62,0.30363,0.29032,5; 8; 18; 62; 25; 13; 30; 6
5,14,0.3669,0.35714,14; 33; 5; 14; 31; 4; 10; 6
6,62,0.20714,0.09677,10; 15; 6; 62; 18; 21; 19; 3
20,56,0.39362,0.35714,10; 10; 20; 56; 24; 3; 21; 17
11,72,0.21635,0.15278,5; 7; 11; 72; 19; 27; 32; 19
10,64,0.22508,0.15625,9; 10; 10; 64; 20; 12; 21; 11
9,44,0.26481,0.20455,18; 20; 9; 44; 22; 13; 12; 10
23,55,0.41766,0.41818,6; 7; 23; 55; 29; 18; 4; 18
25,65,0.42176,0.38462,3; 3; 25; 65; 5; 8; 3; 10
32,41,0.79167,0.78049,10; 6; 32; 41; 18; 17; 22; 15
29,39,0.69412,0.74359,5; 14; 29; 39; 31; 3; 28; 22
9,55,0.24454,0.16364,9; 6; 9; 55; 23; 13; 28; 19
27,43,0.63209,0.62791,11; 6; 27; 43; 6; 24; 7; 16
23,64,0.36022,0.35938,3; 5; 23; 64; 21; 7; 9; 28
10,65,0.21117,0.15385,10; 4; 10; 65; 3; 6; 4; 20
9,62,0.25038,0.14516,13; 13; 9; 62; 8; 30; 12; 10
7,10,0.66806,0.7,7; 26; 7; 10; 19; 23; 14; 5
22,31,0.67345,0.70968,18; 13; 22; 31; 3; 24; 25; 12
28,40,0.68741,0.7,14; 5; 28; 40; 13; 26; 17; 24
16,23,0.65904,0.69565,14; 29; 16; 23; 26; 20; 8; 22
28,54,0.53622,0.51852,6; 5; 28; 54; 10; 22; 23; 19
24,66,0.38638,0.36364,3; 3; 24; 66; 3; 8; 30; 4
17,33,0.53536,0.51515,24; 4; 17; 33; 8; 29; 30; 14
29,37,0.79394,0.78378,5; 7; 29; 37; 27; 8; 5; 5
6,21,0.37069,0.28571,16; 6; 6; 21; 32; 13; 7; 18
19,45,0.45258,0.42222,14; 3; 19; 45; 9; 12; 30; 10
23,31,0.71284,0.74194,13; 9; 23; 31; 10; 10; 17; 26
33,52,0.61363,0.63462,3; 5; 33; 52; 26; 11; 14; 3
37,52,0.71258,0.71154,4; 4; 37; 52; 30; 27; 24; 7
8,22,0.31061,0.36364,27; 33; 8; 22; 12; 11; 26; 31
19,39,0.4972,0.48718,13; 10; 19; 39; 21; 18; 24; 20
11,43,0.25851,0.25581,3; 12; 11; 43; 19; 4; 19; 31
27,55,0.51074,0.49091,5; 6; 27; 55; 13; 12; 26; 29
10,49,0.25414,0.20408,17; 5; 10; 49; 19; 30; 22; 8
11,26,0.42188,0.42308,22; 25; 11; 26; 4; 9; 10; 25
5,55,0.26963,0.09091,14; 3; 5; 55; 12; 6; 25; 11
33,47,0.69709,0.70213,3; 6; 33; 47; 20; 3; 7; 25
21,55,0.34659,0.38182,8; 9; 21; 55; 16; 26; 13; 16
18,70,0.26435,0.25714,4; 5; 18; 70; 5; 16; 14; 16
16,23,0.77016,0.69565,21; 7; 16; 23; 27; 26; 18; 14
25,59,0.43233,0.42373,3; 3; 25; 59; 17; 24; 6; 16
7,82,0.21828,0.08537,3; 3; 7; 82; 16; 15; 27; 27
23,44,0.53615,0.52273,13; 13; 23; 44; 25; 10; 9; 6
27,38,0.6725,0.71053,10; 15; 27; 38; 15; 13; 29; 8
20,32,0.61855,0.625,18; 19; 20; 32; 17; 31; 27; 7
8,19,0.41882,0.42105,30; 32; 8; 19; 5; 12; 13; 6
15,36,0.43752,0.41667,21; 22; 15; 36; 24; 17; 9; 14
8,19,0.50287,0.42105,15; 10; 8; 19; 11; 22; 3; 12
19,30,0.65655,0.63333,8; 3; 19; 30; 29; 3; 11; 29
32,41,0.77173,0.78049,6; 3; 32; 41; 13; 11; 17; 16
24,57,0.41413,0.42105,5; 4; 24; 57; 29; 4; 7; 17
33,37,0.91993,0.89189,8; 3; 33; 37; 32; 21; 26; 9
32,36,0.88395,0.88889,11; 14; 32; 36; 7; 23; 8; 18
29,39,0.7564,0.74359,12; 5; 29; 39; 26; 11; 7; 26
42,47,0.88036,0.89362,4; 3; 42; 47; 24; 9; 12; 23
19,50,0.37519,0.38,4; 13; 19; 50; 10; 20; 18; 29
18,50,0.36734,0.36,3; 13; 18; 50; 16; 24; 9; 6
7,46,0.24749,0.15217,19; 11; 7; 46; 17; 11; 13; 11
6,58,0.20955,0.10345,8; 8; 6; 58; 22; 17; 14; 22
5,52,0.24981,0.09615,15; 13; 5; 52; 21; 6; 3; 30
9,61,0.19719,0.14754,13; 14; 9; 61; 28; 21; 26; 10
6,62,0.21743,0.09677,5; 8; 6; 62; 9; 16; 8; 6
9,31,0.30331,0.29032,17; 17; 9; 31; 8; 26; 12; 15
29,39,0.73395,0.74359,12; 11; 29; 39; 15; 30; 32; 7
14,20,0.76049,0.7,21; 28; 14; 20; 30; 21; 10; 24
14,19,0.82916,0.73684,13; 29; 14; 19; 25; 4; 26; 17
30,43,0.69169,0.69767,10; 10; 30; 43; 18; 19; 21; 19
15,29,0.54128,0.51724,12; 23; 15; 29; 11; 22; 18; 31
7,80,0.20806,0.0875,3; 5; 7; 80; 28; 17; 11; 29
21,52,0.38017,0.40385,4; 8; 21; 52; 9; 10; 5; 5
13,65,0.2546,0.2,6; 8; 13; 65; 18; 26; 30; 14
6,15,0.34829,0.4,12; 35; 6; 15; 6; 27; 12; 32
24,38,0.63091,0.63158,3; 10; 24; 38; 8; 17; 15; 31
20,41,0.49716,0.4878,7; 3; 20; 41; 6; 25; 4; 29
10,26,0.39157,0.38462,17; 17; 10; 26; 25; 4; 11; 30
26,41,0.63008,0.63415,8; 3; 26; 41; 26; 12; 4; 10
29,56,0.50889,0.51786,6; 4; 29; 56; 24; 30; 8; 15
11,43,0.2605,0.25581,7; 9; 11; 43; 6; 11; 25; 9
26,37,0.69325,0.7027,16; 14; 26; 37; 16; 30; 4; 28
15,58,0.30097,0.25862,8; 4; 15; 58; 20; 10; 28; 11
10,38,0.25275,0.26316,21; 21; 10; 38; 6; 25; 26; 6
12,42,0.321,0.28571,21; 12; 12; 42; 9; 4; 9; 6
6,63,0.23659,0.09524,11; 13; 6; 63; 10; 9; 17; 6
6,69,0.21981,0.08696,4; 5; 6; 69; 21; 24; 13; 30
20,69,0.29647,0.28986,4; 3; 20; 69; 25; 17; 6; 16
25,34,0.69671,0.73529,13; 19; 25; 34; 29; 29; 9; 12
6,69,0.21881,0.08696,7; 5; 6; 69; 12; 10; 3; 9
7,76,0.26758,0.09211,7; 4; 7; 76; 11; 15; 10; 21
8,41,0.26517,0.19512,18; 4; 8; 41; 12; 11; 32; 3
22,61,0.33633,0.36066,7; 6; 22; 61; 13; 24; 12; 9
21,58,0.3754,0.36207,9; 8; 21; 58; 25; 14; 29; 14
11,71,0.22895,0.15493,4; 5; 11; 71; 28; 24; 3; 6
11,26,0.41957,0.42308,14; 10; 11; 26; 30; 5; 9; 22
6,62,0.22965,0.09677,7; 4; 6; 62; 31; 17; 10; 12
11,68,0.25077,0.16176,7; 9; 11; 68; 15; 22; 16; 25
27,55,0.50041,0.49091,6; 8; 27; 55; 29; 14; 28; 25
26,37,0.67703,0.7027,10; 13; 26; 37; 15; 30; 24; 14
27,55,0.50957,0.49091,8; 6; 27; 55; 23; 21; 23; 18
6,64,0.24639,0.09375,8; 13; 6; 64; 14; 25; 3; 22
26,37,0.68914,0.7027,16; 17; 26; 37; 14; 19; 16; 27
10,66,0.22065,0.15152,6; 7; 10; 66; 27; 22; 17; 22
41,46,0.87916,0.8913,5; 3; 41; 46; 32; 24; 9; 8
21,56,0.38561,0.375,5; 9; 21; 56; 32; 7; 21; 7
13,31,0.36291,0.41935,8; 16; 13; 31; 22; 26; 5; 13
10,62,0.21206,0.16129,9; 9; 10; 62; 8; 12; 20; 30
7,9,0.64666,0.77778,38; 41; 7; 9; 27; 25; 19; 4
23,33,0.70144,0.69697,18; 15; 23; 33; 15; 18; 19; 32
18,43,0.42789,0.4186,18; 8; 18; 43; 21; 9; 20; 20
8,41,0.2529,0.19512,12; 8; 8; 41; 13; 11; 15; 14
30,58,0.52203,0.51724,3; 5; 30; 58; 7; 22; 25; 3
10,24,0.46177,0.41667,21; 30; 10; 24; 10; 11; 9; 4
35,47,0.70148,0.74468,6; 3; 35; 47; 10; 23; 27; 28
14,39,0.39977,0.35897,9; 14; 14; 39; 19; 10; 22; 12
13,31,0.38716,0.41935,7; 26; 13; 31; 12; 21; 12; 19
27,52,0.54093,0.51923,8; 3; 27; 52; 8; 31; 12; 9
6,61,0.21222,0.09836,3; 10; 6; 61; 6; 24; 18; 3
25,51,0.5069,0.4902,3; 5; 25; 51; 21; 22; 25; 17
38,49,0.75033,0.77551,4; 5; 38; 49; 28; 3; 31; 9
10,28,0.30084,0.35714,27; 8; 10; 28; 21; 9; 17; 24
12,17,0.70907,0.70588,18; 34; 12; 17; 23; 9; 15; 7
39,50,0.78735,0.78,3; 3; 39; 50; 25; 29; 11; 20
8,82,0.2271,0.09756,4; 4; 8; 82; 6; 4; 9; 22
20,41,0.49609,0.4878,13; 7; 20; 41; 12; 10; 32; 14
24,57,0.41837,0.42105,8; 4; 24; 57; 7; 23; 4; 30
34,48,0.6865,0.70833,8; 4; 34; 48; 23; 7; 28; 24
23,33,0.67189,0.69697,15; 14; 23; 33; 12; 25; 15; 7
7,24,0.28047,0.29167,22; 12; 7; 24; 14; 11; 30; 3
27,55,0.51767,0.49091,8; 3; 27; 55; 18; 26; 18; 13
5,13,0.3919,0.38462,32; 10; 5; 13; 29; 21; 12; 27
17,19,0.9025,0.89474,5; 22; 17; 19; 28; 7; 13; 14
17,45,0.41597,0.37778,10; 12; 17; 45; 16; 29; 5; 26
33,52,0.62379,0.63462,3; 5; 33; 52; 32; 4; 27; 32
26,35,0.73264,0.74286,15; 5; 26; 35; 10; 9; 11; 27
23,64,0.37713,0.35938,5; 5; 23; 64; 12; 14; 4; 17
7,45,0.21421,0.15556,8; 8; 7; 45; 15; 4; 9; 7
24,49,0.49881,0.4898,12; 6; 24; 49; 24; 26; 5; 12
20,41,0.47679,0.4878,15; 3; 20; 41; 10; 20; 12; 12
19,45,0.45794,0.42222,9; 10; 19; 45; 30; 4; 19; 30
15,42,0.36209,0.35714,6; 14; 15; 42; 21; 16; 5; 23
17,24,0.78765,0.70833,8; 3; 17; 24; 13; 20; 5; 25
28,57,0.51756,0.49123,4; 6; 28; 57; 10; 11; 26; 13
7,79,0.21539,0.08861,6; 4; 7; 79; 7; 12; 26; 23
8,78,0.26539,0.10256,6; 5; 8; 78; 21; 26; 15; 11
14,71,0.23238,0.19718,5; 4; 14; 71; 9; 11; 29; 17
7,82,0.25639,0.08537,4; 3; 7; 82; 23; 6; 26; 23
6,15,0.45028,0.4,20; 16; 6; 15; 14; 14; 8; 24
36,46,0.75318,0.78261,6; 7; 36; 46; 17; 3; 3; 8
19,45,0.4426,0.42222,9; 7; 19; 45; 19; 17; 26; 20
5,54,0.24,0.09259,18; 16; 5; 54; 15; 14; 21; 32
29,39,0.69057,0.74359,11; 3; 29; 39; 17; 14; 15; 9
5,53,0.26308,0.09434,5; 3; 5; 53; 32; 11; 11; 30
32,45,0.67684,0.71111,10; 3; 32; 45; 26; 9; 21; 27
17,23,0.85486,0.73913,21; 27; 17; 23; 21; 6; 11; 16
14,54,0.30163,0.25926,6; 3; 14; 54; 13; 32; 17; 13
15,52,0.28696,0.28846,6; 3; 15; 52; 19; 16; 19; 18
8,40,0.21771,0.2,5; 11; 8; 40; 11; 31; 29; 26
21,30,0.6642,0.7,12; 6; 21; 30; 11; 7; 9; 29
34,46,0.72443,0.73913,9; 8; 34; 46; 13; 4; 11; 31
15,36,0.41725,0.41667,5; 6; 15; 36; 4; 23; 12; 16
8,31,0.2099,0.25806,8; 14; 8; 31; 29; 8; 12; 16
21,53,0.39873,0.39623,12; 9; 21; 53; 7; 31; 15; 24
24,27,0.92152,0.88889,12; 3; 24; 27; 18; 19; 17; 32
12,33,0.35533,0.36364,23; 26; 12; 33; 16; 9; 13; 30
17,43,0.38487,0.39535,18; 9; 17; 43; 19; 7; 10; 23
19,66,0.32249,0.28788,4; 6; 19; 66; 11; 5; 28; 4
26,62,0.41758,0.41935,3; 3; 26; 62; 10; 13; 22; 9
20,55,0.39324,0.36364,9; 8; 20; 55; 29; 14; 4; 3
6,16,0.35844,0.375,20; 18; 6; 16; 4; 29; 27; 32
15,74,0.28253,0.2027,4; 3; 15; 74; 7; 15; 8; 18
8,20,0.41497,0.4,14; 35; 8; 20; 9; 18; 25; 9
20,52,0.4237,0.38462,12; 13; 20; 52; 23; 3; 19; 18
8,9,0.75601,0.88889,25; 23; 8; 9; 5; 5; 12; 3
32,36,0.88965,0.88889,6; 10; 32; 36; 3; 12; 19; 15
18,68,0.27551,0.26471,3; 6; 18; 68; 30; 26; 7; 30
12,74,0.23622,0.16216,5; 4; 12; 74; 13; 12; 14; 30
20,27,0.70565,0.74074,13; 20; 20; 27; 9; 18; 16; 31
7,72,0.24216,0.09722,5; 3; 7; 72; 16; 30; 4; 25
12,60,0.25151,0.2,12; 10; 12; 60; 24; 22; 30; 20
7,43,0.25953,0.16279,24; 17; 7; 43; 28; 11; 15; 23
8,55,0.21551,0.14545,3; 3; 8; 55; 15; 14; 21; 30
25,32,0.74319,0.78125,18; 19; 25; 32; 20; 19; 25; 30
18,43,0.43519,0.4186,10; 8; 18; 43; 4; 6; 7; 32
19,39,0.49642,0.48718,20; 4; 19; 39; 9; 5; 9; 14
30,48,0.61751,0.625,4; 5; 30; 48; 12; 25; 25; 7
16,56,0.29186,0.28571,6; 7; 16; 56; 6; 22; 26; 18
12,78,0.22782,0.15385,4; 4; 12; 78; 27; 23; 16; 30
11,56,0.23867,0.19643,13; 7; 11; 56; 26; 22; 25; 21
6,38,0.24653,0.15789,23; 15; 6; 38; 15; 6; 7; 11
7,67,0.22155,0.10448,12; 4; 7; 67; 32; 28; 24; 3
16,44,0.37916,0.36364,14; 3; 16; 44; 29; 3; 28; 27
20,32,0.5997,0.625,9; 4; 20; 32; 30; 14; 29; 15
6,21,0.27976,0.28571,8; 10; 6; 21; 25; 16; 23; 6
22,53,0.42937,0.41509,7; 11; 22; 53; 15; 25; 11; 5
8,49,0.22971,0.16327,9; 4; 8; 49; 7; 22; 29; 10
16,18,0.92739,0.88889,20; 32; 16; 18; 24; 22; 3; 26
19,65,0.31049,0.29231,4; 3; 19; 65; 20; 19; 5; 12
13,36,0.35486,0.36111,5; 11; 13; 36; 30; 29; 31; 4
5,51,0.23473,0.09804,20; 17; 5; 51; 15; 16; 27; 29
26,50,0.51253,0.52,7; 4; 26; 50; 22; 21; 26; 28
8,78,0.25308,0.10256,4; 5; 8; 78; 7; 3; 9; 6
22,42,0.54059,0.52381,7; 10; 22; 42; 17; 4; 26; 18
6,68,0.23946,0.08824,3; 9; 6; 68; 32; 21; 16; 6
7,79,0.24828,0.08861,3; 3; 7; 79; 25; 24; 12; 26
21,56,0.38405,0.375,4; 8; 21; 56; 7; 13; 30; 29
9,45,0.23274,0.2,9; 15; 9; 45; 26; 13; 6; 5
22,55,0.406,0.4,6; 10; 22; 55; 10; 26; 7; 13
14,20,0.69216,0.7,20; 23; 14; 20; 21; 11; 5; 11
10,65,0.21246,0.15385,3; 6; 10; 65; 24; 17; 12; 23
31,35,0.87528,0.88571,4; 3; 31; 35; 25; 13; 9; 22
38,49,0.7859,0.77551,4; 4; 38; 49; 12; 11; 8; 4
17,35,0.49655,0.48571,18; 12; 17; 35; 14; 7; 13; 30
14,18,0.7815,0.77778,7; 22; 14; 18; 6; 32; 3; 11
20,70,0.29496,0.28571,3; 4; 20; 70; 16; 24; 3; 5
39,50,0.7485,0.78,3; 4; 39; 50; 17; 32; 7; 22
17,27,0.65367,0.62963,17; 8; 17; 27; 32; 6; 4; 24
11,42,0.30267,0.2619,18; 12; 11; 42; 11; 21; 28; 17
37,52,0.7028,0.71154,3; 3; 37; 52; 29; 4; 24; 22
8,20,0.4517,0.4,5; 22; 8; 20; 25; 4; 5; 26
26,53,0.48848,0.49057,4; 6; 26; 53; 29; 4; 25; 18
17,65,0.25414,0.26154,7; 7; 17; 65; 21; 15; 25; 7
12,74,0.2014,0.16216,6; 4; 12; 74; 7; 17; 8; 28
10,16,0.57518,0.625,19; 34; 10; 16; 6; 20; 22; 6
5,19,0.29909,0.26316,24; 20; 5; 19; 22; 21; 25; 9
7,76,0.1747,0.09211,3; 5; 7; 76; 6; 3; 28; 12
22,42,0.5351,0.52381,5; 12; 22; 42; 3; 13; 19; 26
28,57,0.50169,0.49123,4; 3; 28; 57; 7; 9; 8; 7
32,43,0.73142,0.74419,7; 11; 32; 43; 15; 32; 12; 18
6,64,0.19446,0.09375,4; 6; 6; 64; 12; 8; 28; 14
23,58,0.39691,0.39655,6; 4; 23; 58; 7; 9; 30; 18
6,69,0.2261,0.08696,11; 11; 6; 69; 16; 20; 13; 8
39,44,0.86934,0.88636,4; 7; 39; 44; 10; 17; 29; 16
10,51,0.23498,0.19608,7; 13; 10; 51; 28; 12; 22; 19
23,55,0.45499,0.41818,3; 10; 23; 55; 14; 29; 30; 19
9,25,0.31859,0.36,26; 25; 9; 25; 23; 24; 25; 14
19,65,0.30228,0.29231,6; 6; 19; 65; 11; 20; 13; 18
20,41,0.48281,0.4878,15; 16; 20; 41; 4; 8; 25; 10
9,34,0.23862,0.26471,25; 14; 9; 34; 16; 7; 10; 25
5,54,0.22612,0.09259,13; 18; 5; 54; 8; 19; 20; 32
16,23,0.75751,0.69565,19; 8; 16; 23; 31; 3; 9; 15
30,43,0.69278,0.69767,7; 5; 30; 43; 26; 4; 5; 17
23,31,0.74506,0.74194,15; 22; 23; 31; 22; 22; 12; 5
14,20,0.80406,0.7,17; 29; 14; 20; 8; 15; 31; 23
13,25,0.52685,0.52,5; 20; 13; 25; 18; 17; 7; 25
15,36,0.42587,0.41667,10; 4; 15; 36; 14; 20; 4; 8
35,49,0.70186,0.71429,4; 6; 35; 49; 26; 3; 12; 3
32,41,0.76723,0.78049,5; 6; 32; 41; 25; 32; 12; 23
31,44,0.73646,0.70455,8; 11; 31; 44; 29; 11; 24; 31
21,59,0.35641,0.35593,3; 3; 21; 59; 20; 21; 20; 25
29,56,0.53507,0.51786,4; 4; 29; 56; 14; 31; 21; 7
24,49,0.50855,0.4898,11; 3; 24; 49; 11; 12; 20; 24
24,27,0.86461,0.88889,5; 17; 24; 27; 19; 7; 8; 20
29,39,0.75104,0.74359,4; 13; 29; 39; 5; 14; 23; 31
25,62,0.42348,0.40323,3; 3; 25; 62; 24; 21; 22; 25
9,55,0.24915,0.16364,8; 13; 9; 55; 28; 5; 6; 8
16,45,0.34755,0.35556,13; 6; 16; 45; 22; 3; 3; 14
13,34,0.41019,0.38235,21; 10; 13; 34; 8; 16; 6; 6
28,54,0.50933,0.51852,3; 5; 28; 54; 26; 16; 3; 22
28,38,0.71302,0.73684,16; 14; 28; 38; 21; 6; 21; 21
28,54,0.54214,0.51852,3; 6; 28; 54; 15; 21; 8; 14
32,43,0.74158,0.74419,4; 9; 32; 43; 16; 26; 11; 25
39,50,0.75981,0.78,3; 4; 39; 50; 6; 15; 3; 21
14,33,0.43352,0.42424,10; 21; 14; 33; 4; 15; 3; 9
9,58,0.24733,0.15517,6; 6; 9; 58; 30; 4; 10; 5
8,52,0.23844,0.15385,8; 4; 8; 52; 12; 7; 23; 24
17,42,0.40597,0.40476,5; 12; 17; 42; 21; 29; 17; 18
25,51,0.52655,0.4902,11; 7; 25; 51; 12; 17; 16; 30
13,31,0.344,0.41935,13; 19; 13; 31; 15; 31; 22; 12
6,16,0.36837,0.375,5; 15; 6; 16; 5; 15; 23; 11
24,63,0.37896,0.38095,5; 3; 24; 63; 19; 25; 16; 24
24,63,0.38431,0.38095,4; 4; 24; 63; 23; 10; 8; 7
10,62,0.21183,0.16129,10; 9; 10; 62; 7; 10; 31; 22
5,52,0.20283,0.09615,12; 20; 5; 52; 20; 4; 21; 27
10,38,0.24994,0.26316,5; 13; 10; 38; 6; 13; 11; 6
16,18,0.83204,0.88889,7; 4; 16; 18; 28; 6; 21; 13
29,39,0.69935,0.74359,4; 12; 29; 39; 17; 22; 28; 7
20,50,0.39652,0.4,3; 5; 20; 50; 29; 29; 12; 7
27,52,0.50815,0.51923,3; 9; 27; 52; 23; 30; 18; 17
28,57,0.4877,0.49123,4; 5; 28; 57; 18; 17; 29; 12
32,45,0.68644,0.71111,6; 6; 32; 45; 23; 20; 13; 15
10,49,0.22655,0.20408,6; 19; 10; 49; 20; 11; 16; 16
26,53,0.51587,0.49057,8; 6; 26; 53; 11; 13; 11; 20
11,72,0.22654,0.15278,5; 7; 11; 72; 15; 23; 20; 16
21,43,0.53865,0.48837,14; 17; 21; 43; 29; 14; 21; 14
11,70,0.23598,0.15714,7; 6; 11; 70; 8; 9; 9; 13
11,29,0.41143,0.37931,10; 18; 11; 29; 22; 31; 18; 17
12,17,0.81195,0.70588,8; 14; 12; 17; 27; 10; 30; 24
33,47,0.71053,0.70213,7; 5; 33; 47; 18; 28; 5; 6
5,52,0.23031,0.09615,19; 3; 5; 52; 32; 3; 31; 27
31,44,0.67983,0.70455,11; 9; 31; 44; 14; 8; 11; 31
11,29,0.39238,0.37931,19; 8; 11; 29; 22; 25; 23; 3
30,58,0.52534,0.51724,5; 4; 30; 58; 3; 19; 12; 17
24,57,0.42815,0.42105,7; 4; 24; 57; 28; 13; 17; 9
7,46,0.28536,0.15217,5; 16; 7; 46; 9; 4; 31; 19
14,71,0.22299,0.19718,6; 5; 14; 71; 9; 23; 19; 29
39,50,0.78772,0.78,3; 3; 39; 50; 13; 13; 4; 19
20,53,0.39249,0.37736,7; 5; 20; 53; 32; 14; 6; 29
8,21,0.32237,0.38095,29; 7; 8; 21; 9; 26; 7; 10
33,52,0.62621,0.63462,4; 3; 33; 52; 15; 16; 32; 19
20,27,0.73919,0.74074,14; 14; 20; 27; 9; 15; 10; 32
10,34,0.30986,0.29412,16; 16; 10; 34; 9; 14; 17; 18
20,69,0.32198,0.28986,4; 4; 20; 69; 3; 22; 9; 19
8,41,0.27061,0.19512,5; 21; 8; 41; 16; 4; 12; 26
8,50,0.27072,0.16,17; 3; 8; 50; 3; 13; 21; 10
7,9,0.84185,0.77778,35; 30; 7; 9; 28; 13; 4; 13
24,64,0.42003,0.375,4; 3; 24; 64; 16; 4; 5; 22
39,50,0.76683,0.78,3; 3; 39; 50; 30; 26; 4; 6
34,54,0.62504,0.62963,4; 4; 34; 54; 30; 26; 6; 20
27,52,0.52978,0.51923,4; 3; 27; 52; 6; 31; 16; 16
31,49,0.6258,0.63265,7; 8; 31; 49; 9; 31; 25; 11
8,77,0.22201,0.1039,4; 3; 8; 77; 4; 6; 29; 31
17,35,0.46916,0.48571,17; 8; 17; 35; 24; 28; 6; 25
11,43,0.25706,0.25581,10; 14; 11; 43; 20; 13; 22; 26
10,34,0.29219,0.29412,27; 21; 10; 34; 10; 12; 30; 28
18,48,0.38144,0.375,4; 15; 18; 48; 14; 13; 18; 28
5,31,0.27264,0.16129,25; 17; 5; 31; 13; 32; 21; 4
22,35,0.59753,0.62857,9; 15; 22; 35; 18; 9; 31; 15
34,38,0.88007,0.89474,5; 11; 34; 38; 29; 12; 5; 3
19,53,0.36952,0.35849,4; 5; 19; 53; 7; 17; 21; 32
17,65,0.2798,0.26154,8; 5; 17; 65; 8; 8; 23; 4
15,42,0.34674,0.35714,12; 5; 15; 42; 20; 4; 4; 28
19,50,0.3894,0.38,13; 11; 19; 50; 23; 15; 31; 5
9,62,0.2231,0.14516,3; 5; 9; 62; 18; 29; 5; 14
28,36,0.77668,0.77778,17; 10; 28; 36; 17; 5; 8; 31
7,71,0.25302,0.09859,10; 6; 7; 71; 12; 14; 28; 19
11,54,0.24956,0.2037,9; 16; 11; 54; 8; 21; 28; 14
17,27,0.6517,0.62963,21; 16; 17; 27; 11; 3; 7; 24
20,32,0.615,0.625,16; 8; 20; 32; 15; 10; 30; 13
19,48,0.37817,0.39583,3; 6; 19; 48; 4; 15; 17; 30
11,68,0.24974,0.16176,3; 6; 11; 68; 17; 18; 27; 29
9,59,0.2628,0.15254,3; 5; 9; 59; 26; 9; 21; 14
17,42,0.39994,0.40476,7; 11; 17; 42; 25; 32; 23; 3
9,55,0.22914,0.16364,6; 5; 9; 55; 7; 27; 16; 11
5,51,0.22521,0.09804,14; 20; 5; 51; 19; 6; 3; 17
5,33,0.26307,0.15152,23; 7; 5; 33; 11; 14; 7; 27
24,27,0.89441,0.88889,19; 11; 24; 27; 21; 4; 28; 10
19,39,0.52828,0.48718,20; 11; 19; 39; 26; 8; 32; 24
22,52,0.44238,0.42308,7; 5; 22; 52; 4; 6; 9; 20
12,30,0.35753,0.4,12; 23; 12; 30; 14; 3; 15; 24
15,74,0.22654,0.2027,4; 4; 15; 74; 16; 18; 25; 8
12,19,0.66152,0.63158,5; 17; 12; 19; 23; 10; 28; 16
18,43,0.42903,0.4186,14; 5; 18; 43; 16; 25; 6; 3
32,51,0.61685,0.62745,5; 4; 32; 51; 19; 6; 10; 23
20,68,0.3071,0.29412,5; 3; 20; 68; 29; 9; 21; 20
25,48,0.51363,0.52083,4; 9; 25; 48; 26; 19; 17; 10
16,45,0.39368,0.35556,8; 18; 16; 45; 26; 9; 11; 17
29,39,0.7169,0.74359,14; 9; 29; 39; 17; 8; 17; 9
14,35,0.38764,0.4,20; 24; 14; 35; 17; 7; 25; 26
31,35,0.90676,0.88571,8; 7; 31; 35; 31; 11; 6; 19
34,46,0.73052,0.73913,8; 9; 34; 46; 32; 22; 14; 10
6,37,0.26863,0.16216,5; 17; 6; 37; 29; 5; 15; 18
20,52,0.38494,0.38462,7; 13; 20; 52; 13; 27; 21; 22
20,55,0.36743,0.36364,6; 10; 20; 55; 8; 32; 13; 30
17,47,0.36435,0.3617,13; 10; 17; 47; 17; 11; 17; 18
27,43,0.62298,0.62791,5; 9; 27; 43; 32; 11; 9; 18
20,50,0.42493,0.4,4; 7; 20; 50; 12; 32; 25; 9
13,50,0.29205,0.26,6; 9; 13; 50; 9; 26; 6; 25
10,65,0.19956,0.15385,6; 7; 10; 65; 8; 5; 9; 17
6,66,0.24354,0.09091,5; 10; 6; 66; 15; 31; 6; 32
15,29,0.53117,0.51724,14; 10; 15; 29; 10; 32; 22; 29
16,40,0.4229,0.4,5; 21; 16; 40; 10; 25; 23; 25
21,27,0.75606,0.77778,13; 16; 21; 27; 20; 10; 22; 15
34,38,0.91257,0.89474,6; 11; 34; 38; 14; 28; 5; 20
12,74,0.19402,0.16216,4; 5; 12; 74; 25; 13; 26; 12
6,37,0.26931,0.16216,8; 15; 6; 37; 19; 22; 10; 5
32,45,0.68793,0.71111,9; 4; 32; 45; 26; 5; 9; 8
9,31,0.27289,0.29032,5; 23; 9; 31; 23; 22; 20; 7
8,19,0.41538,0.42105,10; 27; 8; 19; 23; 3; 26; 17
8,31,0.25716,0.25806,27; 12; 8; 31; 12; 21; 27; 23
24,57,0.442,0.42105,4; 5; 24; 57; 6; 30; 30; 15
11,68,0.21476,0.16176,7; 6; 11; 68; 28; 28; 4; 8
16,40,0.43905,0.4,16; 12; 16; 40; 21; 24; 10; 11
6,64,0.2475,0.09375,13; 10; 6; 64; 19; 14; 31; 31
7,71,0.23953,0.09859,4; 4; 7; 71; 23; 5; 8; 21
17,27,0.65614,0.62963,7; 20; 17; 27; 24; 8; 22; 29
6,70,0.19544,0.08571,4; 4; 6; 70; 9; 9; 28; 10
17,35,0.51906,0.48571,16; 8; 17; 35; 5; 7; 15; 28
33,47,0.69305,0.70213,4; 5; 33; 47; 32; 7; 28; 10
8,20,0.50281,0.4,16; 9; 8; 20; 25; 23; 4; 18
9,62,0.21271,0.14516,8; 5; 9; 62; 25; 9; 12; 20
5,49,0.24284,0.10204,9; 4; 5; 49; 4; 18; 21; 4
5,31,0.27745,0.16129,27; 23; 5; 31; 19; 12; 30; 22
31,40,0.75985,0.775,7; 3; 31; 40; 21; 4; 19; 20
16,31,0.54586,0.51613,23; 8; 16; 31; 22; 29; 20; 15
19,39,0.50995,0.48718,6; 3; 19; 39; 29; 6; 19; 14
18,23,0.87112,0.78261,26; 24; 18; 23; 20; 12; 25; 23
6,64,0.19815,0.09375,5; 4; 6; 64; 7; 18; 11; 22
14,33,0.38755,0.42424,22; 16; 14; 33; 20; 16; 28; 19
19,50,0.3841,0.38,4; 5; 19; 50; 14; 8; 27; 9
22,45,0.46625,0.48889,6; 3; 22; 45; 11; 32; 31; 5
6,64,0.22354,0.09375,14; 10; 6; 64; 8; 9; 10; 10
39,50,0.77541,0.78,4; 4; 39; 50; 27; 21; 14; 23
5,25,0.26452,0.2,10; 19; 5; 25; 18; 3; 16; 3
16,18,0.92596,0.88889,25; 5; 16; 18; 20; 26; 14; 30
24,49,0.47279,0.4898,4; 8; 24; 49; 32; 17; 5; 31
37,53,0.67449,0.69811,3; 4; 37; 53; 25; 27; 9; 18
11,38,0.28762,0.28947,13; 5; 11; 38; 18; 14; 23; 11
14,70,0.21146,0.2,7; 7; 14; 70; 6; 28; 24; 24
12,19,0.60304,0.63158,15; 30; 12; 19; 8; 3; 25; 21
10,26,0.41845,0.38462,29; 31; 10; 26; 10; 10; 22; 8
7,81,0.2124,0.08642,5; 4; 7; 81; 22; 25; 23; 6
24,46,0.49829,0.52174,11; 14; 24; 46; 6; 7; 28; 27
12,77,0.19914,0.15584,4; 3; 12; 77; 9; 12; 15; 18
33,52,0.60962,0.63462,3; 4; 33; 52; 3; 20; 9; 8
28,40,0.70432,0.7,7; 6; 28; 40; 21; 20; 11; 15
36,51,0.69125,0.70588,3; 5; 36; 51; 19; 15; 8; 13
14,39,0.38942,0.35897,17; 20; 14; 39; 19; 20; 5; 29
8,49,0.24385,0.16327,16; 10; 8; 49; 21; 8; 19; 17
14,71,0.22008,0.19718,3; 6; 14; 71; 10; 10; 8; 25
14,49,0.26217,0.28571,15; 14; 14; 49; 26; 16; 6; 21
8,19,0.39782,0.42105,27; 6; 8; 19; 4; 31; 19; 12
24,34,0.73659,0.70588,9; 16; 24; 34; 12; 29; 31; 18
25,32,0.79925,0.78125,5; 11; 25; 32; 18; 27; 16; 8
24,49,0.48232,0.4898,10; 4; 24; 49; 30; 6; 8; 3
15,52,0.31797,0.28846,11; 6; 15; 52; 14; 31; 13; 10
7,79,0.22038,0.08861,5; 6; 7; 79; 5; 9; 3; 7
11,75,0.20953,0.14667,4; 5; 11; 75; 12; 25; 17; 23
29,59,0.51883,0.49153,5; 4; 29; 59; 20; 20; 27; 21
27,38,0.68409,0.71053,3; 3; 27; 38; 28; 28; 26; 8
12,30,0.43783,0.4,14; 21; 12; 30; 25; 3; 14; 9
6,38,0.20222,0.15789,23; 3; 6; 38; 25; 24; 8; 17
29,56,0.5139,0.51786,4; 3; 29; 56; 14; 20; 20; 18
23,44,0.48878,0.52273,6; 6; 23; 44; 8; 5; 25; 26
26,37,0.71855,0.7027,6; 10; 26; 37; 22; 17; 17; 7
6,64,0.23975,0.09375,4; 12; 6; 64; 7; 7; 19; 12
7,72,0.22193,0.09722,8; 5; 7; 72; 23; 30; 15; 6
29,39,0.76231,0.74359,8; 7; 29; 39; 23; 10; 8; 22
41,46,0.87728,0.8913,4; 5; 41; 46; 32; 8; 10; 31
12,46,0.26091,0.26087,18; 20; 12; 46; 24; 7; 10; 20
6,64,0.25557,0.09375,13; 14; 6; 64; 4; 21; 5; 24
7,69,0.21239,0.10145,8; 4; 7; 69; 21; 13; 23; 5
5,56,0.24259,0.08929,13; 11; 5; 56; 6; 20; 26; 9
35,47,0.72216,0.74468,7; 7; 35; 47; 11; 4; 31; 22
29,56,0.55418,0.51786,5; 4; 29; 56; 21; 6; 28; 22
5,31,0.28511,0.16129,3; 20; 5; 31; 21; 9; 28; 10
28,40,0.71633,0.7,3; 13; 28; 40; 26; 23; 22; 21
29,41,0.71459,0.70732,5; 5; 29; 41; 30; 27; 5; 16
5,57,0.24723,0.08772,11; 3; 5; 57; 19; 11; 10; 16
11,75,0.21609,0.14667,6; 4; 11; 75; 21; 24; 4; 19
7,27,0.25654,0.25926,23; 28; 7; 27; 8; 22; 31; 8
31,40,0.76298,0.775,4; 13; 31; 40; 5; 21; 32; 26
8,50,0.29192,0.16,14; 12; 8; 50; 32; 18; 16; 27
12,23,0.54076,0.52174,3; 6; 12; 23; 14; 14; 18; 19
6,39,0.20249,0.15385,8; 5; 6; 39; 23; 15; 11; 19
26,35,0.73132,0.74286,13; 14; 26; 35; 5; 18; 19; 24
5,48,0.2699,0.10417,3; 19; 5; 48; 14; 17; 31; 18
16,18,0.82358,0.88889,10; 8; 16; 18; 17; 11; 25; 7
8,19,0.37191,0.42105,8; 25; 8; 19; 10; 18; 7; 7
23,31,0.78328,0.74194,18; 19; 23; 31; 4; 23; 23; 5
8,80,0.2444,0.1,3; 4; 8; 80; 9; 8; 29; 3
14,70,0.23538,0.2,5; 3; 14; 70; 9; 7; 3; 16
15,51,0.30141,0.29412,5; 7; 15; 51; 22; 32; 7; 14
15,39,0.32854,0.38462,14; 22; 15; 39; 21; 25; 8; 21
10,63,0.23404,0.15873,8; 12; 10; 63; 26; 6; 16; 11
31,40,0.75822,0.775,8; 10; 31; 40; 26; 7; 4; 5
5,54,0.26818,0.09259,6; 12; 5; 54; 18; 26; 8; 8
5,14,0.38558,0.35714,7; 36; 5; 14; 31; 4; 4; 3
32,46,0.6752,0.69565,8; 3; 32; 46; 8; 8; 14; 7
29,37,0.80465,0.78378,8; 11; 29; 37; 10; 28; 16; 12
14,27,0.50111,0.51852,22; 13; 14; 27; 7; 19; 23; 31
22,42,0.53666,0.52381,17; 5; 22; 42; 12; 24; 9; 27
8,19,0.46894,0.42105,10; 30; 8; 19; 10; 12; 24; 23
31,42,0.732,0.7381,7; 6; 31; 42; 7; 21; 4; 11
30,43,0.6653,0.69767,5; 8; 30; 43; 10; 23; 16; 15
20,68,0.30405,0.29412,4; 5; 20; 68; 18; 14; 11; 15
15,58,0.30387,0.25862,5; 8; 15; 58; 22; 28; 10; 20
7,10,0.79706,0.7,26; 32; 7; 10; 19; 32; 13; 10
15,24,0.69023,0.625,9; 12; 15; 24; 30; 31; 9; 7
7,80,0.25679,0.0875,4; 5; 7; 80; 9; 9; 22; 16
6,40,0.32004,0.15,14; 8; 6; 40; 18; 7; 20; 11
10,51,0.27557,0.19608,12; 15; 10; 51; 8; 18; 3; 18
15,40,0.43449,0.375,19; 19; 15; 40; 17; 10; 5; 4
28,54,0.54308,0.51852,3; 7; 28; 54; 14; 14; 3; 11
17,24,0.70328,0.70833,28; 28; 17; 24; 20; 21; 11; 10
24,34,0.67794,0.70588,12; 8; 24; 34; 11; 3; 9; 9
10,26,0.38314,0.38462,5; 23; 10; 26; 13; 18; 28; 6
7,10,0.70373,0.7,28; 4; 7; 10; 14; 6; 5; 9
23,44,0.53588,0.52273,8; 10; 23; 44; 26; 25; 15; 24
15,57,0.28979,0.26316,11; 3; 15; 57; 11; 19; 17; 28
32,36,0.92305,0.88889,9; 9; 32; 36; 6; 24; 29; 8
12,74,0.19983,0.16216,5; 3; 12; 74; 19; 14; 7; 28
15,36,0.4073,0.41667,15; 19; 15; 36; 24; 22; 13; 8
29,59,0.47432,0.49153,3; 4; 29; 59; 17; 12; 19; 12
35,47,0.71842,0.74468,5; 6; 35; 47; 6; 30; 11; 22
15,74,0.23217,0.2027,4; 4; 15; 74; 3; 9; 22; 25
6,62,0.18984,0.09677,5; 5; 6; 62; 28; 26; 10; 27
6,16,0.33678,0.375,18; 30; 6; 16; 7; 22; 31; 32
11,21,0.51766,0.52381,29; 25; 11; 21; 6; 4; 18; 16
18,45,0.42222,0.4,12; 9; 18; 45; 13; 16; 24; 18
11,75,0.23263,0.14667,5; 3; 11; 75; 4; 10; 22; 28
32,36,0.93382,0.88889,6; 15; 32; 36; 14; 13; 6; 12
35,49,0.702,0.71429,4; 6; 35; 49; 14; 3; 3; 17
13,31,0.40695,0.41935,14; 26; 13; 31; 18; 19; 6; 20
28,57,0.48472,0.49123,3; 4; 28; 57; 27; 19; 19; 20
24,60,0.3973,0.4,6; 4; 24; 60; 6; 5; 10; 6
18,43,0.39127,0.4186,6; 4; 18; 43; 24; 23; 7; 18
32,45,0.6674,0.71111,7; 10; 32; 45; 3; 31; 11; 27
29,56,0.53298,0.51786,3; 6; 29; 56; 26; 24; 4; 7
11,75,0.22238,0.14667,6; 5; 11; 75; 16; 27; 27; 5
28,54,0.52474,0.51852,4; 7; 28; 54; 7; 24; 12; 21
5,12,0.51355,0.41667,10; 5; 5; 12; 31; 16; 18; 32
21,58,0.34131,0.36207,8; 7; 21; 58; 18; 23; 22; 9
6,69,0.21802,0.08696,6; 3; 6; 69; 5; 22; 6; 12
7,79,0.26744,0.08861,3; 6; 7; 79; 18; 22; 16; 22
18,47,0.38515,0.38298,15; 16; 18; 47; 16; 31; 10; 26
10,66,0.21916,0.15152,4; 7; 10; 66; 7; 29; 14; 22
13,50,0.28163,0.26,11; 14; 13; 50; 10; 29; 20; 16
10,24,0.36545,0.41667,8; 7; 10; 24; 9; 24; 24; 17
34,48,0.72227,0.70833,6; 8; 34; 48; 8; 4; 23; 20
11,68,0.20374,0.16176,5; 4; 11; 68; 7; 17; 24; 16
36,51,0.67466,0.70588,3; 4; 36; 51; 13; 20; 16; 26
13,25,0.51393,0.52,26; 30; 13; 25; 30; 8; 9; 15
11,72,0.21303,0.15278,6; 7; 11; 72; 15; 10; 15; 3
28,38,0.71267,0.73684,9; 7; 28; 38; 16; 21; 4; 18
24,66,0.37722,0.36364,3; 4; 24; 66; 24; 10; 12; 6
10,50,0.23284,0.2,10; 19; 10; 50; 27; 8; 16; 22
6,68,0.22632,0.08824,5; 9; 6; 68; 20; 4; 27; 16
17,45,0.35529,0.37778,10; 7; 17; 45; 29; 31; 16; 20
10,61,0.24661,0.16393,9; 7; 10; 61; 27; 16; 5; 15
12,77,0.21403,0.15584,3; 4; 12; 77; 16; 23; 17; 29
15,52,0.29127,0.28846,6; 13; 15; 52; 16; 23; 27; 11
11,55,0.22932,0.2,3; 9; 11; 55; 19; 11; 15; 12
16,55,0.29053,0.29091,3; 9; 16; 55; 23; 23; 7; 14
19,39,0.53283,0.48718,20; 7; 19; 39; 9; 14; 11; 17
7,47,0.21366,0.14894,17; 4; 7; 47; 18; 28; 29; 20
22,45,0.50066,0.48889,9; 12; 22; 45; 10; 26; 24; 16
33,37,0.90173,0.89189,8; 5; 33; 37; 10; 24; 9; 32
32,51,0.64334,0.62745,4; 5; 32; 51; 16; 23; 28; 24
5,32,0.2531,0.15625,8; 10; 5; 32; 21; 28; 5; 5
20,27,0.7593,0.74074,24; 20; 20; 27; 14; 18; 32; 6
24,66,0.3483,0.36364,3; 4; 24; 66; 15; 4; 19; 27
18,70,0.25571,0.25714,5; 4; 18; 70; 14; 14; 8; 9
24,46,0.51638,0.52174,6; 10; 24; 46; 14; 17; 14; 23
25,63,0.41523,0.39683,5; 3; 25; 63; 17; 11; 20; 9
8,22,0.28051,0.36364,23; 7; 8; 22; 6; 19; 19; 31
31,35,0.86873,0.88571,5; 15; 31; 35; 12; 32; 27; 8
12,17,0.74664,0.70588,19; 10; 12; 17; 30; 14; 21; 3
10,35,0.27734,0.28571,4; 18; 10; 35; 29; 13; 31; 18
18,48,0.3739,0.375,7; 9; 18; 48; 29; 15; 16; 28
8,82,0.27309,0.09756,4; 3; 8; 82; 6; 13; 17; 32
32,43,0.71416,0.74419,10; 10; 32; 43; 4; 26; 27; 10
10,26,0.35919,0.38462,14; 20; 10; 26; 26; 10; 5; 28
8,41,0.27541,0.19512,9; 21; 8; 41; 30; 12; 4; 4
7,78,0.22683,0.08974,4; 4; 7; 78; 21; 29; 8; 11
7,68,0.24983,0.10294,5; 3; 7; 68; 8; 8; 28; 9
22,52,0.42678,0.42308,4; 10; 22; 52; 8; 23; 7; 12
10,50,0.22591,0.2,4; 4; 10; 50; 9; 13; 24; 18
33,37,0.89847,0.89189,3; 3; 33; 37; 8; 20; 30; 14
12,73,0.20058,0.16438,5; 5; 12; 73; 10; 8; 28; 16
36,51,0.67678,0.70588,3; 3; 36; 51; 18; 11; 31; 5
32,36,0.92167,0.88889,4; 15; 32; 36; 21; 3; 24; 25
20,69,0.29352,0.28986,3; 3; 20; 69; 14; 27; 13; 26
5,33,0.29865,0.15152,3; 11; 5; 33; 12; 3; 32; 12
32,46,0.64369,0.69565,7; 3; 32; 46; 31; 13; 30; 21
22,52,0.43393,0.42308,5; 3; 22; 52; 11; 16; 24; 5
27,43,0.63725,0.62791,10; 11; 27; 43; 19; 31; 11; 6
18,37,0.46388,0.48649,21; 20; 18; 37; 32; 29; 13; 15
42,47,0.88358,0.89362,4; 3; 42; 47; 12; 30; 21; 22
17,43,0.39247,0.39535,18; 7; 17; 43; 12; 3; 8; 6
10,38,0.26016,0.26316,8; 20; 10; 38; 15; 26; 5; 26
9,56,0.27765,0.16071,5; 5; 9; 56; 14; 19; 8; 15
28,40,0.70038,0.7,5; 3; 28; 40; 32; 18; 20; 17
5,7,0.83156,0.71429,25; 7; 5; 7; 13; 10; 24; 12
9,25,0.37107,0.36,21; 10; 9; 25; 26; 6; 6; 21
11,74,0.20706,0.14865,3; 3; 11; 74; 18; 12; 7; 15
9,58,0.228,0.15517,3; 10; 9; 58; 9; 15; 7; 16
24,66,0.37608,0.36364,4; 4; 24; 66; 5; 20; 10; 14
19,47,0.42532,0.40426,12; 11; 19; 47; 15; 8; 26; 27
32,36,0.90466,0.88889,15; 14; 32; 36; 6; 16; 7; 9
10,61,0.25432,0.16393,10; 8; 10; 61; 26; 5; 26; 13
6,66,0.25268,0.09091,8; 9; 6; 66; 22; 16; 26; 4
8,81,0.29078,0.09877,4; 3; 8; 81; 16; 17; 10; 23
22,58,0.36087,0.37931,8; 8; 22; 58; 32; 4; 29; 8
30,58,0.5252,0.51724,5; 5; 30; 58; 18; 3; 24; 32
14,70,0.23007,0.2,7; 3; 14; 70; 9; 19; 9; 6
18,62,0.31477,0.29032,3; 7; 18; 62; 30; 14; 6; 9
5,8,0.52798,0.625,12; 14; 5; 8; 23; 5; 25; 12
24,27,0.89838,0.88889,6; 17; 24; 27; 25; 7; 30; 10
24,60,0.3963,0.4,7; 7; 24; 60; 17; 5; 18; 23
17,23,0.79742,0.73913,29; 15; 17; 23; 4; 17; 29; 10
41,46,0.89702,0.8913,5; 3; 41; 46; 16; 10; 25; 14
25,32,0.80155,0.78125,9; 16; 25; 32; 24; 3; 26; 5
9,35,0.23681,0.25714,3; 26; 9; 35; 31; 16; 28; 20
14,27,0.53749,0.51852,5; 6; 14; 27; 23; 18; 8; 11
40,45,0.8836,0.88889,3; 5; 40; 45; 31; 13; 6; 9
8,31,0.28997,0.25806,8; 25; 8; 31; 21; 22; 11; 20
18,37,0.52522,0.48649,11; 20; 18; 37; 9; 20; 26; 5
8,80,0.23422,0.1,4; 4; 8; 80; 10; 27; 22; 9
15,58,0.28866,0.25862,6; 3; 15; 58; 20; 28; 7; 23
26,41,0.61074,0.63415,5; 4; 26; 41; 16; 19; 27; 19
7,71,0.23703,0.09859,10; 3; 7; 71; 32; 10; 31; 12
5,17,0.34027,0.29412,19; 28; 5; 17; 20; 14; 10; 3
38,49,0.78254,0.77551,4; 3; 38; 49; 18; 19; 8; 19
17,27,0.64694,0.62963,5; 7; 17; 27; 6; 4; 18; 22
10,34,0.33308,0.29412,14; 9; 10; 34; 3; 24; 11; 3
31,35,0.90394,0.88571,16; 13; 31; 35; 14; 11; 23; 4
5,33,0.28051,0.15152,11; 7; 5; 33; 15; 28; 31; 15
8,19,0.41392,0.42105,28; 16; 8; 19; 22; 7; 12; 16
25,48,0.52784,0.52083,6; 6; 25; 48; 14; 14; 15; 29
5,14,0.48324,0.35714,4; 9; 5; 14; 10; 16; 6; 15
6,40,0.25129,0.15,5; 17; 6; 40; 5; 22; 11; 19
12,75,0.23605,0.16,4; 5; 12; 75; 10; 5; 25; 9
10,35,0.24844,0.28571,16; 18; 10; 35; 15; 9; 21; 10
33,37,0.90346,0.89189,7; 3; 33; 37; 6; 24; 27; 22
37,50,0.73076,0.74,4; 4; 37; 50; 5; 27; 10; 19
7,44,0.26444,0.15909,6; 21; 7; 44; 22; 26; 17; 3
16,40,0.40984,0.4,12; 19; 16; 40; 14; 11; 4; 25
11,72,0.20828,0.15278,3; 4; 11; 72; 20; 17; 14; 15
25,48,0.52745,0.52083,4; 5; 25; 48; 15; 19; 3; 13
32,46,0.64369,0.69565,10; 8; 32; 46; 31; 6; 3; 8
25,60,0.43533,0.41667,6; 6; 25; 60; 22; 19; 28; 25
22,35,0.59412,0.62857,4; 11; 22; 35; 14; 6; 27; 31
17,65,0.29787,0.26154,3; 8; 17; 65; 17; 22; 7; 25
16,42,0.42027,0.38095,11; 18; 16; 42; 27; 6; 6; 26
7,27,0.28036,0.25926,29; 7; 7; 27; 9; 6; 27; 19
12,78,0.21655,0.15385,4; 4; 12; 78; 20; 8; 10; 22
18,50,0.32784,0.36,7; 13; 18; 50; 15; 12; 19; 32
6,64,0.25216,0.09375,14; 14; 6; 64; 11; 8; 6; 3
29,41,0.71998,0.70732,7; 11; 29; 41; 7; 30; 27; 8
15,74,0.21466,0.2027,3; 3; 15; 74; 7; 8; 20; 11
27,52,0.51957,0.51923,6; 9; 27; 52; 20; 16; 13; 13
18,23,0.83703,0.78261,22; 4; 18; 23; 16; 6; 17; 8
22,55,0.38442,0.4,8; 8; 22; 55; 30; 29; 3; 25
16,55,0.30628,0.29091,9; 5; 16; 55; 13; 23; 32; 14
26,50,0.50015,0.52,6; 6; 26; 50; 29; 17; 26; 20
12,75,0.20486,0.16,3; 5; 12; 75; 17; 30; 13; 23
18,48,0.39317,0.375,5; 12; 18; 48; 32; 5; 17; 17
16,38,0.41145,0.42105,14; 14; 16; 38; 31; 10; 32; 15
28,57,0.51757,0.49123,6; 4; 28; 57; 3; 6; 20; 4
8,9,0.76842,0.88889,37; 31; 8; 9; 30; 15; 15; 20
25,65,0.40451,0.38462,4; 4; 25; 65; 20; 16; 20; 4
32,46,0.68275,0.69565,6; 10; 32; 46; 31; 22; 25; 13
12,77,0.22991,0.15584,3; 3; 12; 77; 14; 31; 10; 28
27,55,0.50712,0.49091,5; 6; 27; 55; 8; 23; 4; 11
16,31,0.50368,0.51613,21; 22; 16; 31; 23; 14; 25; 17
6,39,0.19247,0.15385,22; 16; 6; 39; 5; 32; 5; 18
32,43,0.7209,0.74419,8; 10; 32; 43; 14; 32; 9; 13
6,68,0.24535,0.08824,4; 7; 6; 68; 14; 23; 30; 11
25,62,0.39584,0.40323,5; 4; 25; 62; 20; 3; 23; 19
11,73,0.2229,0.15068,5; 4; 11; 73; 24; 32; 17; 9
31,40,0.77338,0.775,9; 10; 31; 40; 11; 31; 11; 7
12,76,0.21681,0.15789,4; 4; 12; 76; 13; 15; 29; 18
18,45,0.44762,0.4,7; 9; 18; 45; 25; 30; 3; 24
16,42,0.39745,0.38095,12; 10; 16; 42; 23; 20; 31; 3
7,35,0.19113,0.2,20; 12; 7; 35; 19; 25; 18; 4
10,35,0.3179,0.28571,15; 9; 10; 35; 20; 7; 14; 23
5,58,0.2299,0.08621,4; 9; 5; 58; 6; 16; 24; 6
29,39,0.73284,0.74359,10; 12; 29; 39; 20; 22; 3; 4
10,51,0.2242,0.19608,6; 9; 10; 51; 11; 30; 25; 14
6,37,0.25431,0.16216,5; 19; 6; 37; 21; 17; 13; 15
7,78,0.25778,0.08974,6; 3; 7; 78; 18; 4; 32; 11
29,37,0.79264,0.78378,7; 8; 29; 37; 21; 29; 31; 14
22,35,0.66456,0.62857,20; 15; 22; 35; 26; 12; 4; 8
21,43,0.43239,0.48837,14; 6; 21; 43; 12; 6; 24; 12
24,66,0.35605,0.36364,4; 3; 24; 66; 22; 5; 25; 3
24,57,0.42835,0.42105,8; 4; 24; 57; 13; 6; 21; 11
17,23,0.77601,0.73913,14; 20; 17; 23; 6; 7; 3; 8
21,52,0.47906,0.40385,9; 8; 21; 52; 13; 12; 12; 3
9,61,0.2482,0.14754,4; 3; 9; 61; 13; 14; 27; 21
35,50,0.69684,0.7,4; 4; 35; 50; 5; 26; 27; 32
37,50,0.71775,0.74,3; 4; 37; 50; 3; 18; 28; 29
20,50,0.41393,0.4,8; 10; 20; 50; 3; 4; 15; 15
7,45,0.22595,0.15556,17; 6; 7; 45; 21; 8; 17; 24
6,70,0.23047,0.08571,3; 11; 6; 70; 30; 5; 8; 29
19,47,0.40046,0.40426,8; 3; 19; 47; 11; 23; 10; 29
11,42,0.28285,0.2619,7; 9; 11; 42; 27; 13; 29; 3
8,21,0.42337,0.38095,12; 5; 8; 21; 17; 22; 13; 30
23,47,0.48779,0.48936,8; 6; 23; 47; 14; 9; 16; 14
17,35,0.52663,0.48571,7; 17; 17; 35; 25; 18; 5; 12
41,46,0.89252,0.8913,4; 3; 41; 46; 5; 26; 10; 30
20,52,0.38251,0.38462,10; 6; 20; 52; 3; 4; 8; 12
8,53,0.21923,0.15094,18; 9; 8; 53; 15; 16; 9; 12
6,65,0.2093,0.09231,7; 9; 6; 65; 19; 25; 17; 22
10,14,0.84213,0.71429,29; 23; 10; 14; 5; 4; 28; 12
5,32,0.29979,0.15625,26; 21; 5; 32; 25; 26; 10; 9
16,44,0.36677,0.36364,10; 15; 16; 44; 11; 26; 32; 6
6,16,0.41852,0.375,8; 5; 6; 16; 26; 15; 15; 7
23,55,0.41443,0.41818,7; 8; 23; 55; 10; 19; 15; 32
8,31,0.26872,0.25806,16; 9; 8; 31; 20; 13; 30; 22
13,36,0.36063,0.36111,14; 13; 13; 36; 11; 31; 23; 27
6,65,0.22193,0.09231,10; 11; 6; 65; 5; 8; 16; 30
7,44,0.19024,0.15909,14; 20; 7; 44; 9; 10; 12; 17
8,49,0.23887,0.16327,4; 9; 8; 49; 5; 23; 5; 13
21,59,0.36558,0.35593,6; 5; 21; 59; 12; 28; 14; 24
15,58,0.26443,0.25862,12; 8; 15; 58; 22; 16; 6; 26
25,32,0.80363,0.78125,10; 4; 25; 32; 23; 20; 21; 26
13,64,0.26716,0.20312,7; 8; 13; 64; 11; 14; 14; 13
5,49,0.24286,0.10204,22; 20; 5; 49; 23; 18; 30; 13
5,51,0.21621,0.09804,13; 10; 5; 51; 26; 7; 19; 13
13,66,0.25246,0.19697,7; 8; 13; 66; 26; 32; 6; 11
26,50,0.52659,0.52,9; 7; 26; 50; 3; 9; 16; 7
7,69,0.25114,0.10145,5; 10; 7; 69; 13; 28; 3; 28
8,20,0.42431,0.4,22; 20; 8; 20; 13; 14; 27; 19
25,60,0.43244,0.41667,6; 5; 25; 60; 14; 6; 18; 13
6,60,0.23488,0.1,12; 11; 6; 60; 25; 31; 5; 6
21,50,0.42991,0.42,6; 12; 21; 50; 32; 5; 15; 19
28,40,0.68886,0.7,7; 7; 28; 40; 31; 4; 31; 20
8,81,0.23465,0.09877,3; 4; 8; 81; 32; 17; 17; 19
9,59,0.22056,0.15254,6; 11; 9; 59; 29; 10; 16; 19
32,36,0.88367,0.88889,5; 14; 32; 36; 28; 21; 18; 13
21,59,0.35693,0.35593,5; 7; 21; 59; 10; 21; 22; 3
10,61,0.21523,0.16393,7; 4; 10; 61; 9; 18; 18; 14
32,51,0.61511,0.62745,6; 3; 32; 51; 10; 20; 32; 15
6,69,0.25612,0.08696,4; 3; 6; 69; 24; 29; 31; 3
20,69,0.30208,0.28986,3; 4; 20; 69; 7; 6; 21; 12
30,43,0.66536,0.69767,6; 3; 30; 43; 13; 8; 18; 10
17,23,0.78356,0.73913,26; 11; 17; 23; 22; 8; 21; 15
5,50,0.22599,0.1,9; 3; 5; 50; 17; 19; 12; 6
25,48,0.53903,0.52083,7; 7; 25; 48; 24; 11; 16; 30
18,47,0.37981,0.38298,10; 7; 18; 47; 32; 28; 18; 15
25,63,0.37406,0.39683,4; 5; 25; 63; 23; 13; 31; 22
24,57,0.4301,0.42105,3; 6; 24; 57; 7; 27; 10; 21
18,50,0.37097,0.36,14; 11; 18; 50; 12; 6; 5; 19
21,50,0.41657,0.42,4; 10; 21; 50; 21; 23; 14; 24
12,61,0.24211,0.19672,5; 11; 12; 61; 10; 11; 23; 25
14,35,0.41042,0.4,13; 20; 14; 35; 19; 9; 16; 6
5,12,0.42218,0.41667,36; 16; 5; 12; 19; 15; 4; 17
31,49,0.62202,0.63265,7; 8; 31; 49; 19; 25; 21; 25
8,78,0.23104,0.10256,6; 6; 8; 78; 24; 32; 19; 4
30,42,0.72934,0.71429,6; 4; 30; 42; 28; 13; 20; 6
35,45,0.78521,0.77778,5; 4; 35; 45; 27; 3; 20; 31
9,25,0.37989,0.36,11; 26; 9; 25; 20; 24; 26; 17
31,35,0.86677,0.88571,16; 12; 31; 35; 22; 30; 25; 10
19,65,0.342,0.29231,5; 6; 19; 65; 7; 6; 12; 9
35,45,0.74715,0.77778,3; 8; 35; 45; 32; 5; 20; 17
25,62,0.42614,0.40323,3; 4; 25; 62; 10; 32; 5; 29
14,49,0.28869,0.28571,17; 10; 14; 49; 17; 13; 19; 18
8,28,0.32293,0.28571,20; 11; 8; 28; 22; 7; 13; 16
19,45,0.39903,0.42222,15; 16; 19; 45; 12; 5; 12; 17
7,73,0.22197,0.09589,7; 3; 7; 73; 14; 29; 11; 29
32,43,0.72014,0.74419,4; 7; 32; 43; 9; 16; 29; 30
15,51,0.29383,0.29412,12; 9; 15; 51; 23; 7; 27; 10
15,29,0.50541,0.51724,23; 16; 15; 29; 9; 12; 24; 4
31,42,0.72059,0.7381,11; 12; 31; 42; 13; 12; 27; 3
21,27,0.82184,0.77778,25; 20; 21; 27; 14; 18; 22; 12
8,9,0.83167,0.88889,29; 25; 8; 9; 5; 12; 26; 18
18,48,0.41142,0.375,5; 3; 18; 48; 28; 26; 17; 19
7,43,0.24052,0.16279,3; 6; 7; 43; 26; 15; 26; 23
5,12,0.4699,0.41667,7; 23; 5; 12; 13; 22; 32; 11
21,56,0.37223,0.375,6; 4; 21; 56; 29; 12; 6; 15
27,55,0.493,0.49091,6; 7; 27; 55; 12; 31; 4; 30
19,27,0.71617,0.7037,8; 25; 19; 27; 17; 9; 15; 26
29,46,0.63943,0.63043,11; 9; 29; 46; 30; 3; 23; 17
11,26,0.34276,0.42308,21; 16; 11; 26; 30; 19; 8; 29
30,43,0.70371,0.69767,6; 11; 30; 43; 11; 8; 11; 17
16,45,0.34736,0.35556,3; 8; 16; 45; 20; 29; 4; 3
14,48,0.30092,0.29167,9; 5; 14; 48; 14; 3; 30; 23
19,47,0.41063,0.40426,12; 12; 19; 47; 7; 17; 13; 9
30,48,0.61202,0.625,8; 7; 30; 48; 6; 12; 14; 30
15,24,0.65304,0.625,19; 16; 15; 24; 17; 17; 12; 14
20,32,0.62902,0.625,20; 7; 20; 32; 3; 23; 4; 12
5,14,0.50308,0.35714,8; 37; 5; 14; 27; 17; 8; 31
5,54,0.22019,0.09259,3; 17; 5; 54; 6; 12; 3; 11
22,55,0.44456,0.4,3; 4; 22; 55; 25; 12; 3; 3
30,42,0.70095,0.71429,8; 4; 30; 42; 23; 11; 25; 10
8,54,0.25346,0.14815,13; 11; 8; 54; 20; 4; 22; 8
28,36,0.74904,0.77778,14; 4; 28; 36; 26; 32; 9; 23
13,66,0.22911,0.19697,4; 8; 13; 66; 31; 7; 5; 31
25,34,0.70768,0.73529,7; 3; 25; 34; 7; 6; 16; 7
28,54,0.52552,0.51852,7; 3; 28; 54; 20; 17; 29; 5
6,40,0.2154,0.15,25; 26; 6; 40; 16; 19; 15; 32
31,44,0.66843,0.70455,4; 6; 31; 44; 8; 9; 7; 5
11,55,0.20679,0.2,3; 11; 11; 55; 22; 3; 23; 8
16,62,0.28501,0.25806,10; 6; 16; 62; 13; 9; 17; 29
25,35,0.74422,0.71429,3; 18; 25; 35; 8; 29; 21; 14
16,23,0.67296,0.69565,8; 26; 16; 23; 19; 18; 27; 26
23,64,0.35286,0.35938,4; 5; 23; 64; 14; 9; 29; 15
24,46,0.54677,0.52174,8; 10; 24; 46; 13; 23; 10; 24
20,28,0.6848,0.71429,15; 20; 20; 28; 27; 12; 5; 30
10,38,0.29699,0.26316,19; 15; 10; 38; 26; 31; 4; 8
5,52,0.2353,0.09615,19; 19; 5; 52; 18; 28; 25; 9
24,46,0.5344,0.52174,5; 7; 24; 46; 9; 7; 9; 30
23,57,0.40212,0.40351,5; 3; 23; 57; 21; 16; 12; 18
24,38,0.63922,0.63158,8; 6; 24; 38; 8; 13; 10; 14
32,41,0.77492,0.78049,5; 11; 32; 41; 15; 18; 22; 27
20,50,0.43008,0.4,6; 8; 20; 50; 13; 32; 22; 27
27,55,0.52295,0.49091,4; 5; 27; 55; 16; 21; 16; 32
20,41,0.49365,0.4878,16; 17; 20; 41; 25; 9; 29; 28
12,78,0.25087,0.15385,3; 4; 12; 78; 17; 23; 5; 21
22,42,0.52736,0.52381,16; 7; 22; 42; 25; 14; 3; 13
8,49,0.26769,0.16327,11; 10; 8; 49; 21; 16; 14; 28
32,41,0.77583,0.78049,3; 5; 32; 41; 21; 21; 15; 14
5,56,0.2472,0.08929,17; 7; 5; 56; 16; 11; 22; 11
15,75,0.21696,0.2,3; 3; 15; 75; 25; 30; 11; 20
9,59,0.19435,0.15254,10; 9; 9; 59; 9; 32; 4; 4
8,28,0.28966,0.28571,21; 12; 8; 28; 22; 24; 9; 22
29,37,0.7739,0.78378,15; 7; 29; 37; 23; 23; 16; 16
14,37,0.31168,0.37838,16; 20; 14; 37; 28; 8; 20; 4
24,38,0.63382,0.63158,5; 7; 24; 38; 24; 27; 14; 28
16,23,0.73841,0.69565,25; 27; 16; 23; 24; 9; 3; 4
23,64,0.36461,0.35938,5; 5; 23; 64; 8; 5; 20; 3
10,14,0.83,0.71429,24; 21; 10; 14; 17; 11; 22; 31
29,56,0.51757,0.51786,6; 4; 29; 56; 16; 28; 11; 8
9,56,0.26019,0.16071,7; 6; 9; 56; 14; 30; 14; 30
13,65,0.20904,0.2,3; 5; 13; 65; 15; 11; 26; 28
30,42,0.71095,0.71429,10; 11; 30; 42; 20; 3; 21; 25
7,80,0.26304,0.0875,3; 4; 7; 80; 3; 4; 13; 4
5,19,0.26282,0.26316,19; 5; 5; 19; 12; 20; 29; 4
7,74,0.22571,0.09459,5; 7; 7; 74; 11; 12; 14; 15
14,70,0.22747,0.2,7; 6; 14; 70; 31; 30; 8; 20
16,23,0.72083,0.69565,23; 7; 16; 23; 7; 12; 23; 5
23,31,0.6822,0.74194,22; 22; 23; 31; 32; 25; 27; 10
5,55,0.2444,0.09091,9; 19; 5; 55; 7; 18; 26; 4
12,32,0.42481,0.375,26; 18; 12; 32; 20; 9; 7; 22
10,63,0.26136,0.15873,8; 6; 10; 63; 23; 4; 18; 17
22,35,0.60473,0.62857,4; 18; 22; 35; 10; 6; 3; 6
10,38,0.29219,0.26316,17; 17; 10; 38; 32; 16; 14; 5
33,37,0.88282,0.89189,4; 11; 33; 37; 32; 20; 21; 20
6,66,0.247,0.09091,12; 10; 6; 66; 11; 23; 32; 23
6,69,0.20173,0.08696,11; 4; 6; 69; 10; 4; 18; 20
32,51,0.63809,0.62745,5; 6; 32; 51; 17; 21; 10; 10
6,65,0.22143,0.09231,5; 6; 6; 65; 15; 24; 21; 15
13,65,0.2243,0.2,8; 8; 13; 65; 32; 14; 14; 8
14,48,0.28339,0.29167,4; 4; 14; 48; 12; 25; 6; 25
18,70,0.26541,0.25714,4; 3; 18; 70; 28; 21; 13; 28
8,31,0.26909,0.25806,27; 14; 8; 31; 9; 28; 20; 13
24,38,0.63159,0.63158,7; 15; 24; 38; 19; 30; 12; 7
24,66,0.36166,0.36364,4; 4; 24; 66; 3; 23; 7; 6
8,55,0.2374,0.14545,8; 5; 8; 55; 19; 8; 25; 17
8,9,0.79956,0.88889,38; 8; 8; 9; 3; 6; 18; 9
12,17,0.8307,0.70588,13; 22; 12; 17; 5; 23; 24; 23
7,75,0.2317,0.09333,8; 7; 7; 75; 3; 16; 19; 27
11,71,0.23896,0.15493,8; 6; 11; 71; 31; 20; 6; 6
7,44,0.23964,0.15909,23; 5; 7; 44; 3; 19; 18; 27
22,35,0.58662,0.62857,3; 3; 22; 35; 27; 18; 8; 32
21,55,0.39262,0.38182,5; 7; 21; 55; 17; 26; 9; 30
31,35,0.88322,0.88571,3; 9; 31; 35; 3; 9; 6; 5
7,47,0.23994,0.14894,18; 7; 7; 47; 25; 30; 20; 3
8,49,0.20938,0.16327,19; 9; 8; 49; 25; 26; 32; 3
16,18,0.864,0.88889,4; 15; 16; 18; 5; 11; 31; 29
6,30,0.26253,0.2,30; 4; 6; 30; 26; 22; 26; 15
18,23,0.86127,0.78261,25; 23; 18; 23; 31; 11; 25; 19
34,38,0.90854,0.89474,4; 13; 34; 38; 18; 15; 7; 14
11,38,0.29237,0.28947,9; 3; 11; 38; 28; 27; 7; 16
23,57,0.42262,0.40351,8; 8; 23; 57; 13; 9; 30; 20
25,34,0.72886,0.73529,12; 4; 25; 34; 30; 21; 26; 14
5,31,0.24374,0.16129,18; 24; 5; 31; 17; 23; 24; 28
6,70,0.22767,0.08571,10; 11; 6; 70; 11; 21; 32; 30
7,77,0.23919,0.09091,6; 6; 7; 77; 25; 10; 14; 6
19,39,0.50241,0.48718,13; 6; 19; 39; 23; 20; 6; 21
26,50,0.53049,0.52,4; 9; 26; 50; 4; 27; 21; 30
15,29,0.50549,0.51724,16; 22; 15; 29; 17; 24; 26; 22
6,68,0.21156,0.08824,6; 3; 6; 68; 27; 23; 17; 10
7,47,0.22433,0.14894,4; 12; 7; 47; 12; 7; 22; 11
19,47,0.41396,0.40426,13; 14; 19; 47; 15; 21; 27; 11
26,50,0.49778,0.52,10; 6; 26; 50; 11; 4; 28; 17
12,74,0.21663,0.16216,6; 3; 12; 74; 11; 24; 24; 8
30,58,0.49856,0.51724,3; 4; 30; 58; 30; 16; 9; 28
12,23,0.52841,0.52174,14; 8; 12; 23; 6; 20; 25; 9
12,42,0.29945,0.28571,17; 16; 12; 42; 4; 29; 16; 5
35,49,0.69997,0.71429,4; 6; 35; 49; 18; 19; 13; 3
37,50,0.70283,0.74,3; 3; 37; 50; 13; 3; 9; 3
17,19,0.8767,0.89474,28; 11; 17; 19; 20; 19; 28; 24
9,35,0.26292,0.25714,18; 12; 9; 35; 3; 30; 29; 4
23,57,0.40533,0.40351,7; 3; 23; 57; 27; 12; 9; 9
31,40,0.80294,0.775,4; 5; 31; 40; 11; 13; 30; 22
12,61,0.26672,0.19672,7; 6; 12; 61; 15; 25; 8; 30
7,69,0.20646,0.10145,5; 5; 7; 69; 10; 27; 15; 7
12,75,0.21322,0.16,4; 5; 12; 75; 15; 7; 23; 6
13,66,0.22691,0.19697,4; 8; 13; 66; 13; 7; 4; 20
5,56,0.26461,0.08929,17; 15; 5; 56; 12; 7; 9; 10
23,64,0.37829,0.35938,5; 4; 23; 64; 13; 23; 23; 17
18,37,0.48058,0.48649,15; 20; 18; 37; 32; 26; 7; 19
22,45,0.511,0.48889,14; 9; 22; 45; 9; 12; 12; 24
17,59,0.30371,0.28814,8; 3; 17; 59; 9; 18; 26; 28
6,58,0.21059,0.10345,16; 8; 6; 58; 25; 11; 26; 6
15,29,0.49635,0.51724,9; 6; 15; 29; 17; 18; 25; 26
11,75,0.23467,0.14667,4; 4; 11; 75; 31; 26; 19; 4
7,79,0.22726,0.08861,3; 4; 7; 79; 20; 12; 19; 19
36,51,0.70665,0.70588,3; 3; 36; 51; 15; 14; 28; 24
6,59,0.2322,0.10169,7; 16; 6; 59; 24; 18; 6; 16
21,27,0.8356,0.77778,16; 25; 21; 27; 28; 15; 25; 10
17,19,0.90887,0.89474,9; 22; 17; 19; 24; 20; 15; 32
9,55,0.23694,0.16364,10; 9; 9; 55; 12; 10; 17; 24
30,48,0.59234,0.625,4; 5; 30; 48; 12; 18; 11; 26
6,23,0.4297,0.26087,16; 11; 6; 23; 10; 16; 27; 12
24,49,0.50085,0.4898,8; 5; 24; 49; 20; 11; 16; 32
6,41,0.22358,0.14634,13; 20; 6; 41; 30; 24; 17; 16
30,43,0.70642,0.69767,9; 7; 30; 43; 12; 16; 27; 30
17,58,0.30948,0.2931,9; 3; 17; 58; 21; 29; 31; 7
17,27,0.62009,0.62963,4; 12; 17; 27; 12; 14; 20; 5
20,50,0.4013,0.4,8; 6; 20; 50; 11; 18; 26; 26
6,30,0.26843,0.2,10; 17; 6; 30; 3; 26; 16; 3
35,50,0.68119,0.7,5; 6; 35; 50; 4; 10; 8; 15
14,53,0.28255,0.26415,3; 15; 14; 53; 8; 13; 15; 9
5,58,0.26913,0.08621,17; 12; 5; 58; 28; 26; 17; 9
16,42,0.38802,0.38095,12; 12; 16; 42; 23; 7; 31; 24
12,77,0.24116,0.15584,3; 3; 12; 77; 3; 22; 5; 11
28,40,0.66306,0.7,9; 12; 28; 40; 13; 11; 30; 26
7,70,0.21605,0.1,4; 10; 7; 70; 24; 27; 15; 31
35,47,0.70826,0.74468,3; 5; 35; 47; 4; 7; 28; 7
20,41,0.48632,0.4878,10; 10; 20; 41; 7; 3; 32; 26
14,20,0.66642,0.7,15; 8; 14; 20; 29; 32; 7; 24
20,56,0.36016,0.35714,8; 11; 20; 56; 27; 16; 30; 24
10,68,0.20395,0.14706,7; 6; 10; 68; 31; 15; 6; 27
9,61,0.21114,0.14754,5; 13; 9; 61; 18; 6; 25; 9
5,14,0.40282,0.35714,11; 19; 5; 14; 26; 24; 13; 11
7,72,0.2201,0.09722,9; 3; 7; 72; 31; 4; 26; 22
24,63,0.42356,0.38095,5; 4; 24; 63; 29; 30; 11; 18
34,48,0.66871,0.70833,7; 6; 34; 48; 20; 11; 19; 23
10,25,0.38593,0.4,23; 20; 10; 25; 9; 9; 12; 14
7,69,0.21118,0.10145,3; 9; 7; 69; 12; 15; 12; 28
18,23,0.87599,0.78261,3; 14; 18; 23; 12; 20; 29; 11
15,52,0.29947,0.28846,9; 6; 15; 52; 3; 9; 8; 29
27,55,0.51461,0.49091,8; 4; 27; 55; 3; 15; 7; 10
8,50,0.23144,0.16,15; 15; 8; 50; 4; 25; 11; 14
5,33,0.31861,0.15152,30; 15; 5; 33; 7; 18; 32; 26
10,16,0.58923,0.625,6; 11; 10; 16; 13; 30; 12; 21
5,32,0.1857,0.15625,11; 17; 5; 32; 8; 3; 9; 9
17,58,0.32489,0.2931,4; 7; 17; 58; 9; 18; 16; 5
36,46,0.7719,0.78261,7; 6; 36; 46; 32; 7; 6; 20
7,82,0.20458,0.08537,3; 4; 7; 82; 3; 27; 31; 14
5,34,0.37667,0.14706,25; 24; 5; 34; 6; 31; 8; 17
21,30,0.73881,0.7,19; 7; 21; 30; 3; 10; 9; 23
14,54,0.26192,0.25926,10; 5; 14; 54; 28; 29; 3; 31
8,20,0.27666,0.4,3; 31; 8; 20; 23; 17; 9; 7
36,51,0.70239,0.70588,3; 4; 36; 51; 9; 12; 3; 30
11,73,0.25848,0.15068,7; 7; 11; 73; 27; 8; 30; 6
29,56,0.52536,0.51786,6; 6; 29; 56; 7; 13; 12; 14
7,47,0.24606,0.14894,22; 18; 7; 47; 21; 6; 8; 31
7,46,0.23873,0.15217,22; 4; 7; 46; 16; 28; 14; 19
34,54,0.61709,0.62963,3; 3; 34; 54; 11; 8; 21; 25
39,44,0.86948,0.88636,4; 7; 39; 44; 20; 5; 6; 6
8,31,0.29254,0.25806,28; 4; 8; 31; 15; 5; 7; 17
8,82,0.2394,0.09756,4; 4; 8; 82; 6; 13; 26; 26
17,35,0.503,0.48571,3; 10; 17; 35; 28; 17; 10; 20
8,78,0.23551,0.10256,6; 6; 8; 78; 26; 20; 21; 24
5,57,0.2691,0.08772,10; 17; 5; 57; 10; 25; 17; 29
37,52,0.70907,0.71154,3; 3; 37; 52; 21; 24; 20; 6
18,68,0.25725,0.26471,3; 5; 18; 68; 26; 15; 22; 23
26,35,0.73891,0.74286,3; 11; 26; 35; 15; 22; 19; 32
9,44,0.21496,0.20455,11; 3; 9; 44; 15; 15; 4; 29
5,13,0.59413,0.38462,34; 9; 5; 13; 19; 5; 24; 29
20,27,0.77085,0.74074,22; 21; 20; 27; 11; 16; 29; 6
23,55,0.45307,0.41818,8; 7; 23; 55; 6; 22; 26; 9
14,20,0.71259,0.7,22; 29; 14; 20; 15; 4; 21; 21
14,39,0.34515,0.35897,3; 20; 14; 39; 23; 25; 11; 21
19,45,0.42065,0.42222,9; 4; 19; 45; 7; 3; 4; 29
24,60,0.41962,0.4,6; 5; 24; 60; 30; 32; 9; 17
13,66,0.23001,0.19697,4; 5; 13; 66; 14; 20; 7; 16
27,38,0.68039,0.71053,5; 5; 27; 38; 14; 4; 4; 8
14,19,0.77033,0.73684,24; 4; 14; 19; 3; 9; 11; 19
5,49,0.23118,0.10204,17; 10; 5; 49; 32; 10; 13; 29
39,44,0.90975,0.88636,6; 6; 39; 44; 10; 19; 28; 29
17,59,0.3369,0.28814,11; 6; 17; 59; 26; 20; 23; 13
8,78,0.23145,0.10256,6; 4; 8; 78; 12; 8; 21; 16
11,68,0.22112,0.16176,3; 5; 11; 68; 25; 4; 13; 18
10,66,0.23807,0.15152,11; 8; 10; 66; 4; 17; 10; 26
23,33,0.66195,0.69697,20; 14; 23; 33; 29; 31; 5; 26
12,17,0.79913,0.70588,17; 28; 12; 17; 25; 12; 6; 32
5,50,0.21168,0.1,8; 6; 5; 50; 3; 18; 12; 3
26,37,0.69172,0.7027,12; 16; 26; 37; 27; 17; 16; 12
26,62,0.45682,0.41935,5; 4; 26; 62; 19; 29; 6; 27
27,43,0.61443,0.62791,6; 4; 27; 43; 18; 6; 29; 14
15,58,0.2353,0.25862,5; 11; 15; 58; 4; 10; 30; 10
17,23,0.72024,0.73913,4; 28; 17; 23; 11; 14; 8; 13
17,35,0.50184,0.48571,13; 5; 17; 35; 9; 24; 23; 25
41,46,0.88606,0.8913,3; 3; 41; 46; 8; 29; 22; 22
9,25,0.38062,0.36,20; 20; 9; 25; 7; 25; 22; 18
16,40,0.39295,0.4,19; 6; 16; 40; 4; 10; 27; 20
5,19,0.39194,0.26316,18; 9; 5; 19; 20; 11; 9; 28
23,33,0.70402,0.69697,16; 13; 23; 33; 13; 12; 22; 21
12,60,0.24236,0.2,7; 5; 12; 60; 20; 25; 17; 11
9,55,0.26142,0.16364,9; 17; 9; 55; 23; 26; 23; 22
29,37,0.74646,0.78378,3; 12; 29; 37; 3; 13; 24; 30
19,30,0.61457,0.63333,16; 22; 19; 30; 24; 7; 7; 23
21,53,0.39611,0.39623,3; 3; 21; 53; 22; 3; 18; 18
17,65,0.28057,0.26154,4; 7; 17; 65; 23; 16; 30; 21
10,26,0.34186,0.38462,27; 12; 10; 26; 23; 23; 23; 10
22,52,0.41431,0.42308,11; 10; 22; 52; 12; 16; 30; 31
20,53,0.3899,0.37736,4; 7; 20; 53; 26; 13; 23; 16
11,74,0.21479,0.14865,3; 5; 11; 74; 32; 19; 11; 31
8,40,0.24281,0.2,16; 11; 8; 40; 7; 31; 4; 22
30,43,0.68528,0.69767,6; 11; 30; 43; 11; 24; 9; 29
24,34,0.72528,0.70588,16; 8; 24; 34; 30; 7; 28; 13
35,45,0.78488,0.77778,9; 9; 35; 45; 24; 7; 14; 13
20,50,0.40823,0.4,9; 5; 20; 50; 8; 9; 12; 28
30,58,0.50014,0.51724,5; 3; 30; 58; 12; 9; 14; 13
37,53,0.69839,0.69811,3; 3; 37; 53; 4; 31; 21; 8
21,58,0.37178,0.36207,6; 7; 21; 58; 17; 11; 16; 7
5,49,0.25978,0.10204,17; 14; 5; 49; 21; 31; 8; 17
5,17,0.37658,0.29412,3; 6; 5; 17; 22; 27; 27; 10
25,28,0.87693,0.89286,11; 14; 25; 28; 11; 13; 11; 7
5,51,0.24673,0.09804,6; 6; 5; 51; 23; 20; 16; 9
30,58,0.52787,0.51724,3; 4; 30; 58; 5; 13; 16; 20
7,80,0.24287,0.0875,4; 4; 7; 80; 26; 14; 20; 9
17,47,0.38476,0.3617,10; 9; 17; 47; 11; 10; 21; 26
23,47,0.48641,0.48936,14; 9; 23; 47; 10; 29; 11; 5
22,58,0.40702,0.37931,4; 7; 22; 58; 20; 23; 25; 16
9,34,0.27833,0.26471,7; 19; 9; 34; 20; 11; 22; 17
31,40,0.7398,0.775,12; 3; 31; 40; 24; 5; 29; 3
6,65,0.22467,0.09231,3; 4; 6; 65; 32; 16; 11; 18
19,53,0.35181,0.35849,4; 12; 19; 53; 21; 30; 16; 24
19,53,0.37238,0.35849,4; 7; 19; 53; 6; 16; 21; 9
11,26,0.45125,0.42308,9; 12; 11; 26; 15; 25; 17; 21
18,43,0.41723,0.4186,6; 15; 18; 43; 7; 32; 24; 14
21,52,0.41384,0.40385,9; 12; 21; 52; 29; 14; 19; 11
16,31,0.51662,0.51613,17; 4; 16; 31; 15; 12; 31; 18
5,58,0.26673,0.08621,6; 16; 5; 58; 16; 6; 8; 29
6,67,0.23189,0.08955,3; 8; 6; 67; 15; 25; 31; 13
6,69,0.2475,0.08696,5; 5; 6; 69; 28; 32; 11; 26
27,43,0.61554,0.62791,5; 12; 27; 43; 6; 21; 23; 29
8,55,0.23137,0.14545,15; 13; 8; 55; 22; 27; 5; 9
25,35,0.67467,0.71429,16; 16; 25; 35; 27; 30; 3; 24
16,61,0.28422,0.2623,8; 3; 16; 61; 12; 10; 9; 13
17,23,0.82149,0.73913,28; 26; 17; 23; 21; 8; 3; 20
37,50,0.742,0.74,4; 5; 37; 50; 12; 6; 3; 9
25,63,0.42235,0.39683,3; 5; 25; 63; 14; 18; 6; 14
21,56,0.40438,0.375,7; 7; 21; 56; 7; 29; 4; 6
22,58,0.39923,0.37931,9; 8; 22; 58; 18; 12; 20; 13
6,65,0.23604,0.09231,7; 8; 6; 65; 22; 18; 15; 25
18,48,0.3898,0.375,7; 15; 18; 48; 23; 15; 13; 8
12,47,0.27678,0.25532,11; 10; 12; 47; 4; 30; 25; 27
40,45,0.89319,0.88889,3; 4; 40; 45; 23; 9; 8; 9
19,65,0.29819,0.29231,3; 7; 19; 65; 25; 17; 27; 18
19,30,0.59301,0.63333,9; 6; 19; 30; 3; 19; 19; 13
19,47,0.41516,0.40426,10; 5; 19; 47; 18; 22; 26; 17
5,7,0.7268,0.71429,25; 37; 5; 7; 20; 6; 16; 16
28,38,0.70741,0.73684,3; 13; 28; 38; 27; 24; 27; 7
8,28,0.25399,0.28571,22; 5; 8; 28; 12; 15; 31; 3
5,25,0.29996,0.2,17; 19; 5; 25; 5; 6; 26; 3
37,53,0.67886,0.69811,3; 3; 37; 53; 3; 14; 17; 3
32,43,0.71653,0.74419,7; 10; 32; 43; 28; 31; 31; 3
8,49,0.24928,0.16327,11; 10; 8; 49; 14; 17; 25; 26
5,48,0.26801,0.10417,5; 9; 5; 48; 13; 25; 11; 7
30,42,0.70503,0.71429,7; 13; 30; 42; 14; 19; 15; 9
25,60,0.41626,0.41667,6; 3; 25; 60; 25; 29; 27; 3
34,38,0.88428,0.89474,13; 13; 34; 38; 25; 19; 31; 17
24,27,0.90731,0.88889,12; 8; 24; 27; 15; 8; 31; 25
6,39,0.25068,0.15385,15; 18; 6; 39; 29; 27; 6; 30
16,31,0.51583,0.51613,22; 23; 16; 31; 18; 13; 23; 22
20,50,0.39737,0.4,8; 13; 20; 50; 15; 21; 8; 29
26,41,0.62766,0.63415,3; 10; 26; 41; 10; 31; 30; 24
27,43,0.63022,0.62791,5; 8; 27; 43; 29; 23; 19; 13
15,74,0.23202,0.2027,3; 3; 15; 74; 19; 32; 3; 17
39,44,0.87289,0.88636,4; 3; 39; 44; 19; 13; 20; 21
5,55,0.20529,0.09091,14; 16; 5; 55; 19; 29; 27; 22
8,21,0.42054,0.38095,19; 21; 8; 21; 10; 13; 26; 17
25,63,0.40643,0.39683,5; 5; 25; 63; 26; 21; 6; 11
24,46,0.52522,0.52174,14; 6; 24; 46; 18; 5; 31; 4
19,53,0.36515,0.35849,8; 13; 19; 53; 3; 30; 20; 18
28,38,0.74722,0.73684,4; 7; 28; 38; 5; 26; 14; 27
17,27,0.6423,0.62963,14; 19; 17; 27; 20; 25; 10; 29
14,53,0.27575,0.26415,7; 14; 14; 53; 28; 22; 26; 13
21,30,0.71938,0.7,4; 5; 21; 30; 25; 8; 20; 20
27,52,0.52561,0.51923,6; 9; 27; 52; 5; 21; 25; 8
22,53,0.40153,0.41509,3; 10; 22; 53; 20; 18; 10; 31
10,34,0.30226,0.29412,6; 14; 10; 34; 22; 32; 12; 3
26,62,0.45425,0.41935,4; 5; 26; 62; 9; 28; 18; 13
13,25,0.52787,0.52,19; 23; 13; 25; 32; 16; 17; 11
33,47,0.68866,0.70213,3; 7; 33; 47; 9; 23; 32; 32
14,19,0.85721,0.73684,9; 32; 14; 19; 28; 22; 18; 24
5,25,0.26983,0.2,26; 34; 5; 25; 4; 20; 8; 31
8,53,0.24117,0.15094,12; 3; 8; 53; 29; 26; 8; 32
14,19,0.84364,0.73684,28; 28; 14; 19; 21; 14; 8; 22
15,21,0.75517,0.71429,5; 18; 15; 21; 6; 30; 30; 5
22,53,0.44224,0.41509,6; 8; 22; 53; 13; 23; 24; 11
11,43,0.33614,0.25581,21; 7; 11; 43; 14; 19; 14; 22
9,59,0.2436,0.15254,12; 15; 9; 59; 5; 9; 31; 3
36,46,0.80328,0.78261,8; 5; 36; 46; 32; 16; 13; 10
12,30,0.34871,0.4,3; 19; 12; 30; 12; 22; 30; 27
31,35,0.93197,0.88571,10; 11; 31; 35; 6; 6; 4; 23
14,48,0.29345,0.29167,8; 11; 14; 48; 5; 15; 20; 7
26,50,0.49632,0.52,5; 6; 26; 50; 24; 27; 14; 25
23,47,0.47722,0.48936,10; 14; 23; 47; 15; 28; 7; 25
31,40,0.80591,0.775,11; 4; 31; 40; 4; 10; 25; 25
15,21,0.81745,0.71429,10; 6; 15; 21; 16; 16; 9; 28
9,35,0.27928,0.25714,19; 10; 9; 35; 18; 3; 21; 30
14,70,0.2229,0.2,7; 7; 14; 70; 26; 30; 20; 19
8,54,0.22696,0.14815,14; 6; 8; 54; 6; 16; 9; 14
14,33,0.40384,0.42424,3; 13; 14; 33; 10; 32; 9; 4
7,79,0.27738,0.08861,3; 4; 7; 79; 3; 3; 5; 16
10,63,0.25481,0.15873,8; 10; 10; 63; 6; 4; 25; 24
17,42,0.44953,0.40476,6; 13; 17; 42; 26; 30; 8; 9
19,48,0.4124,0.39583,9; 6; 19; 48; 24; 23; 18; 16
7,48,0.27775,0.14583,12; 20; 7; 48; 22; 24; 7; 28
26,35,0.72381,0.74286,15; 13; 26; 35; 21; 17; 11; 17
31,40,0.7636,0.775,8; 6; 31; 40; 4; 23; 19; 7
32,51,0.63285,0.62745,5; 6; 32; 51; 8; 31; 10; 5
10,28,0.38917,0.35714,9; 4; 10; 28; 20; 25; 9; 32
12,46,0.27864,0.26087,7; 3; 12; 46; 22; 18; 6; 21
17,24,0.76723,0.70833,12; 26; 17; 24; 9; 18; 15; 24
17,19,0.88663,0.89474,4; 5; 17; 19; 29; 24; 11; 29
7,69,0.20983,0.10145,9; 7; 7; 69; 7; 28; 7; 10
33,52,0.64209,0.63462,5; 3; 33; 52; 6; 24; 29; 14
15,58,0.29337,0.25862,5; 12; 15; 58; 31; 24; 24; 14
12,59,0.26025,0.20339,6; 10; 12; 59; 26; 27; 25; 10
26,62,0.43336,0.41935,4; 3; 26; 62; 12; 28; 24; 3
5,55,0.18838,0.09091,3; 15; 5; 55; 8; 25; 19; 21
26,35,0.74284,0.74286,11; 4; 26; 35; 4; 31; 26; 32
23,33,0.66988,0.69697,10; 19; 23; 33; 15; 28; 24; 6
8,9,0.75165,0.88889,16; 29; 8; 9; 18; 28; 22; 12
9,24,0.30644,0.375,14; 8; 9; 24; 21; 3; 3; 13
6,38,0.19753,0.15789,9; 13; 6; 38; 18; 5; 28; 4
5,8,0.74762,0.625,37; 12; 5; 8; 18; 5; 20; 5
12,23,0.51562,0.52174,23; 8; 12; 23; 6; 31; 20; 12
35,49,0.68722,0.71429,3; 3; 35; 49; 13; 9; 11; 31
34,54,0.60424,0.62963,3; 3; 34; 54; 6; 22; 30; 21
12,59,0.24658,0.20339,11; 13; 12; 59; 10; 16; 23; 29
11,29,0.36469,0.37931,26; 29; 11; 29; 14; 27; 27; 15
14,20,0.75475,0.7,25; 21; 14; 20; 9; 12; 9; 27
8,52,0.24824,0.15385,9; 15; 8; 52; 23; 10; 5; 31
26,35,0.74026,0.74286,17; 6; 26; 35; 28; 16; 23; 23
19,45,0.43339,0.42222,5; 6; 19; 45; 10; 11; 3; 17
18,63,0.31826,0.28571,4; 3; 18; 63; 12; 26; 14; 31
12,42,0.33514,0.28571,19; 18; 12; 42; 12; 24; 25; 7
20,27,0.78214,0.74074,5; 23; 20; 27; 12; 9; 19; 8
32,36,0.89879,0.88889,13; 3; 32; 36; 14; 22; 22; 32
5,31,0.3005,0.16129,8; 27; 5; 31; 16; 14; 12; 10
12,61,0.23841,0.19672,3; 8; 12; 61; 20; 5; 15; 13
14,18,0.79317,0.77778,15; 10; 14; 18; 8; 26; 4; 10
32,36,0.87932,0.88889,15; 14; 32; 36; 25; 29; 3; 31
11,43,0.31249,0.25581,7; 19; 11; 43; 12; 27; 19; 30
31,40,0.74398,0.775,8; 9; 31; 40; 12; 7; 11; 23
20,32,0.62331,0.625,5; 20; 20; 32; 5; 24; 31; 15
23,60,0.40164,0.38333,6; 4; 23; 60; 29; 16; 3; 5
17,66,0.26227,0.25758,3; 4; 17; 66; 15; 9; 27; 32
23,31,0.66961,0.74194,18; 11; 23; 31; 3; 19; 4; 12
33,47,0.69408,0.70213,4; 5; 33; 47; 4; 9; 32; 22
15,51,0.27796,0.29412,7; 4; 15; 51; 28; 17; 17; 26
35,49,0.70821,0.71429,7; 4; 35; 49; 11; 17; 20; 12
20,53,0.40585,0.37736,12; 5; 20; 53; 27; 15; 22; 23
15,58,0.2977,0.25862,6; 6; 15; 58; 28; 9; 28; 24
25,63,0.41283,0.39683,3; 5; 25; 63; 22; 23; 4; 27
12,19,0.76032,0.63158,24; 33; 12; 19; 15; 4; 21; 28
8,51,0.21541,0.15686,19; 13; 8; 51; 25; 28; 31; 8
11,73,0.24133,0.15068,6; 6; 11; 73; 27; 12; 22; 6
14,71,0.25711,0.19718,4; 6; 14; 71; 19; 26; 26; 12
8,54,0.2357,0.14815,15; 10; 8; 54; 19; 22; 31; 17
25,51,0.4794,0.4902,9; 5; 25; 51; 26; 32; 27; 4
27,43,0.60768,0.62791,12; 8; 27; 43; 14; 7; 25; 7
31,40,0.79588,0.775,8; 13; 31; 40; 32; 19; 29; 15
34,38,0.90312,0.89474,6; 13; 34; 38; 10; 24; 13; 19
6,41,0.21216,0.14634,18; 3; 6; 41; 26; 32; 9; 13
21,53,0.40015,0.39623,12; 7; 21; 53; 32; 18; 11; 22
6,23,0.28602,0.26087,32; 25; 6; 23; 30; 30; 28; 8
21,53,0.40513,0.39623,7; 8; 21; 53; 19; 8; 18; 28
18,45,0.41349,0.4,17; 3; 18; 45; 17; 27; 20; 26
18,23,0.91151,0.78261,26; 22; 18; 23; 4; 30; 7; 19
31,35,0.89506,0.88571,10; 15; 31; 35; 27; 17; 9; 9
24,46,0.51648,0.52174,4; 13; 24; 46; 25; 24; 20; 9
15,40,0.38637,0.375,12; 18; 15; 40; 17; 15; 23; 32
10,66,0.21966,0.15152,9; 3; 10; 66; 6; 18; 29; 20
17,35,0.49193,0.48571,22; 6; 17; 35; 4; 19; 6; 21
37,52,0.69665,0.71154,4; 4; 37; 52; 6; 30; 29; 3
14,19,0.81899,0.73684,29; 10; 14; 19; 25; 9; 25; 21
15,29,0.50426,0.51724,10; 14; 15; 29; 29; 26; 19; 7
6,39,0.24983,0.15385,22; 12; 6; 39; 6; 29; 19; 13
35,45,0.76092,0.77778,4; 8; 35; 45; 31; 31; 10; 10
9,46,0.23788,0.19565,16; 18; 9; 46; 12; 7; 30; 29
19,48,0.40658,0.39583,5; 9; 19; 48; 26; 15; 32; 19
30,58,0.50525,0.51724,4; 5; 30; 58; 13; 24; 7; 3
12,61,0.25502,0.19672,6; 4; 12; 61; 16; 26; 16; 22
28,54,0.50211,0.51852,8; 6; 28; 54; 7; 4; 17; 15
11,54,0.22594,0.2037,8; 6; 11; 54; 12; 31; 21; 23
17,24,0.72194,0.70833,26; 13; 17; 24; 19; 3; 22; 20
15,29,0.5505,0.51724,27; 14; 15; 29; 32; 19; 5; 27
10,14,0.73647,0.71429,8; 19; 10; 14; 15; 16; 14; 16
25,51,0.48998,0.4902,5; 10; 25; 51; 32; 21; 28; 12
33,47,0.693,0.70213,3; 4; 33; 47; 4; 8; 31; 3
26,41,0.61532,0.63415,12; 11; 26; 41; 13; 8; 29; 8
33,37,0.89155,0.89189,11; 6; 33; 37; 16; 31; 12; 20
8,80,0.21585,0.1,3; 4; 8; 80; 20; 21; 29; 5
10,34,0.31048,0.29412,21; 23; 10; 34; 20; 29; 3; 5
8,22,0.36122,0.36364,16; 10; 8; 22; 8; 19; 13; 9
37,50,0.72202,0.74,5; 3; 37; 50; 22; 6; 30; 11
12,60,0.27217,0.2,5; 7; 12; 60; 29; 22; 7; 26
7,68,0.2161,0.10294,4; 10; 7; 68; 15; 29; 20; 10
6,16,0.30064,0.375,12; 19; 6; 16; 31; 7; 13; 29
19,50,0.36725,0.38,4; 5; 19; 50; 18; 27; 26; 7
20,52,0.36049,0.38462,5; 7; 20; 52; 32; 30; 12; 17
11,56,0.22119,0.19643,7; 15; 11; 56; 32; 19; 4; 32
15,58,0.27273,0.25862,9; 7; 15; 58; 18; 5; 7; 25
18,43,0.43427,0.4186,18; 14; 18; 43; 14; 11; 26; 11
16,45,0.31843,0.35556,8; 6; 16; 45; 32; 24; 7; 26
7,70,0.22969,0.1,9; 8; 7; 70; 32; 29; 18; 11
20,70,0.28505,0.28571,4; 3; 20; 70; 6; 20; 14; 28
15,36,0.41154,0.41667,6; 21; 15; 36; 25; 17; 15; 17
9,45,0.24396,0.2,11; 21; 9; 45; 18; 18; 23; 19
23,47,0.48387,0.48936,7; 14; 23; 47; 19; 8; 26; 26
31,49,0.63797,0.63265,6; 4; 31; 49; 30; 12; 13; 11
12,19,0.62064,0.63158,13; 28; 12; 19; 25; 14; 15; 23
12,76,0.24805,0.15789,5; 3; 12; 76; 10; 32; 24; 3
26,35,0.72765,0.74286,4; 8; 26; 35; 25; 30; 28; 9
24,63,0.38208,0.38095,4; 3; 24; 63; 18; 9; 5; 19
7,76,0.20866,0.09211,6; 7; 7; 76; 18; 6; 29; 17
19,27,0.70017,0.7037,18; 14; 19; 27; 3; 26; 6; 10
20,70,0.30829,0.28571,3; 3; 20; 70; 16; 15; 10; 23
5,54,0.26876,0.09259,12; 12; 5; 54; 12; 30; 28; 9
14,54,0.30118,0.25926,7; 6; 14; 54; 5; 27; 17; 21
37,53,0.66577,0.69811,3; 4; 37; 53; 25; 12; 20; 22
18,63,0.30668,0.28571,7; 4; 18; 63; 30; 13; 5; 17
25,34,0.74491,0.73529,15; 9; 25; 34; 18; 6; 6; 9
25,28,0.89977,0.89286,19; 4; 25; 28; 21; 16; 3; 3
22,52,0.43911,0.42308,8; 5; 22; 52; 23; 30; 31; 5
29,41,0.65497,0.70732,3; 8; 29; 41; 16; 20; 12; 24
14,19,0.89876,0.73684,19; 6; 14; 19; 17; 25; 32; 4
16,18,0.82341,0.88889,6; 18; 16; 18; 32; 10; 31; 7
7,81,0.21521,0.08642,3; 5; 7; 81; 10; 25; 14; 28
6,63,0.23882,0.09524,7; 10; 6; 63; 22; 22; 28; 8
29,56,0.53775,0.51786,3; 3; 29; 56; 27; 7; 6; 7
42,47,0.87005,0.89362,3; 3; 42; 47; 17; 29; 17; 24
9,44,0.26771,0.20455,7; 9; 9; 44; 19; 3; 11; 13
12,30,0.39409,0.4,21; 20; 12; 30; 18; 16; 23; 18
21,50,0.47403,0.42,4; 10; 21; 50; 15; 8; 28; 17
9,44,0.2578,0.20455,17; 6; 9; 44; 14; 10; 15; 24
18,68,0.29698,0.26471,3; 6; 18; 68; 30; 19; 22; 9
24,46,0.54935,0.52174,9; 3; 24; 46; 23; 26; 9; 21
