ShorterBarHeight,TallerBarHeight,InferenceResult,GroundTruth,BarHeights
13,64,0.29341,0.20312,6; 5; 13; 64; 8; 4; 22; 20
6,9,0.82611,0.66667,29; 14; 6; 9; 14; 17; 17; 30
7,82,0.40466,0.08537,3; 4; 7; 82; 9; 8; 8; 31
10,26,0.78889,0.38462,14; 16; 10; 26; 32; 15; 14; 32
12,63,0.22866,0.19048,9; 6; 12; 63; 29; 29; 25; 10
6,9,0.80911,0.66667,23; 34; 6; 9; 11; 17; 25; 13
7,63,0.20007,0.11111,10; 11; 7; 63; 28; 9; 32; 14
8,82,0.34291,0.09756,3; 3; 8; 82; 21; 22; 18; 4
7,82,0.32704,0.08537,3; 3; 7; 82; 8; 10; 4; 9
18,31,0.46627,0.58065,19; 16; 18; 31; 17; 24; 19; 23
22,26,0.54148,0.84615,11; 12; 22; 26; 7; 20; 9; 6
14,48,0.28985,0.29167,14; 14; 14; 48; 26; 32; 16; 8
5,82,0.35899,0.06098,3; 4; 5; 82; 5; 4; 16; 16
8,48,0.183,0.16667,20; 6; 8; 48; 8; 11; 9; 21
6,77,0.32068,0.07792,3; 4; 6; 77; 32; 30; 10; 10
27,32,0.50131,0.84375,13; 14; 27; 32; 23; 6; 3; 29
7,9,0.83474,0.77778,31; 27; 7; 9; 11; 26; 7; 25
17,26,0.4852,0.65385,10; 10; 17; 26; 13; 16; 12; 32
6,82,0.30207,0.07317,5; 5; 6; 82; 10; 3; 11; 15
22,63,0.41912,0.34921,4; 3; 22; 63; 6; 11; 4; 8
24,42,0.52949,0.57143,12; 11; 24; 42; 31; 14; 14; 19
11,78,0.36663,0.14103,3; 4; 11; 78; 16; 12; 24; 5
8,82,0.34563,0.09756,3; 3; 8; 82; 13; 21; 25; 13
21,63,0.3968,0.33333,6; 5; 21; 63; 29; 27; 6; 3
18,53,0.37392,0.33962,7; 12; 18; 53; 3; 3; 25; 16
21,32,0.5472,0.65625,4; 16; 21; 32; 16; 14; 19; 11
8,82,0.36288,0.09756,3; 4; 8; 82; 17; 24; 16; 3
10,42,0.3364,0.2381,7; 7; 10; 42; 23; 17; 22; 28
9,42,0.31957,0.21429,22; 13; 9; 42; 3; 22; 32; 15
5,64,0.16314,0.07812,14; 14; 5; 64; 23; 25; 8; 5
23,49,0.47294,0.46939,10; 3; 23; 49; 3; 11; 18; 13
12,75,0.31534,0.16,5; 4; 12; 75; 27; 26; 18; 16
13,64,0.23551,0.20312,3; 5; 13; 64; 18; 32; 24; 7
23,32,0.54497,0.71875,6; 9; 23; 32; 10; 15; 4; 9
6,26,0.76335,0.23077,10; 17; 6; 26; 26; 17; 4; 30
5,78,0.30945,0.0641,3; 3; 5; 78; 3; 10; 10; 13
9,32,0.63937,0.28125,11; 23; 9; 32; 13; 24; 21; 28
5,10,0.82225,0.5,10; 35; 5; 10; 5; 31; 8; 32
6,26,0.60789,0.23077,13; 5; 6; 26; 26; 19; 7; 25
11,77,0.3213,0.14286,5; 4; 11; 77; 22; 5; 30; 9
17,42,0.42182,0.40476,9; 14; 17; 42; 23; 3; 27; 21
9,75,0.31218,0.12,5; 6; 9; 75; 31; 7; 16; 23
37,53,0.69246,0.69811,4; 3; 37; 53; 6; 8; 12; 15
5,82,0.3331,0.06098,5; 3; 5; 82; 6; 23; 8; 22
27,32,0.54905,0.84375,13; 17; 27; 32; 7; 21; 24; 32
5,32,0.66356,0.15625,17; 13; 5; 32; 13; 3; 14; 21
5,75,0.25901,0.06667,9; 5; 5; 75; 9; 5; 25; 16
8,77,0.30292,0.1039,6; 4; 8; 77; 19; 29; 26; 11
7,10,0.8127,0.7,31; 9; 7; 10; 15; 30; 23; 24
5,82,0.344,0.06098,4; 3; 5; 82; 4; 27; 28; 24
5,78,0.3212,0.0641,5; 5; 5; 78; 5; 20; 24; 30
7,82,0.31734,0.08537,3; 4; 7; 82; 9; 29; 3; 32
6,9,0.8192,0.66667,32; 25; 6; 9; 7; 11; 20; 7
15,42,0.42758,0.35714,3; 9; 15; 42; 11; 30; 25; 21
14,75,0.35355,0.18667,4; 3; 14; 75; 16; 15; 21; 12
12,78,0.38183,0.15385,3; 4; 12; 78; 5; 10; 14; 11
10,26,0.58845,0.38462,27; 17; 10; 26; 23; 19; 15; 19
13,64,0.27851,0.20312,7; 3; 13; 64; 28; 3; 26; 8
40,42,0.71307,0.95238,6; 7; 40; 42; 7; 31; 11; 4
7,49,0.16281,0.14286,13; 16; 7; 49; 17; 26; 24; 14
11,31,0.54694,0.35484,15; 4; 11; 31; 6; 14; 12; 13
6,48,0.14902,0.125,9; 22; 6; 48; 18; 16; 5; 11
18,70,0.38283,0.25714,4; 3; 18; 70; 29; 27; 7; 30
5,82,0.28357,0.06098,4; 5; 5; 82; 20; 18; 19; 26
6,77,0.29922,0.07792,5; 4; 6; 77; 23; 16; 14; 8
18,32,0.56081,0.5625,17; 11; 18; 32; 21; 15; 16; 10
8,10,0.80605,0.8,18; 8; 8; 10; 7; 17; 15; 15
11,78,0.35435,0.14103,4; 4; 11; 78; 4; 31; 32; 19
5,10,0.8382,0.5,27; 38; 5; 10; 26; 13; 7; 32
11,75,0.32196,0.14667,5; 4; 11; 75; 23; 3; 31; 3
11,63,0.23482,0.1746,9; 4; 11; 63; 28; 11; 14; 29
25,26,0.68367,0.96154,4; 23; 25; 26; 9; 10; 6; 26
42,48,0.79896,0.875,4; 3; 42; 48; 25; 8; 26; 8
5,64,0.13745,0.07812,7; 9; 5; 64; 10; 26; 28; 18
14,75,0.37625,0.18667,3; 3; 14; 75; 4; 22; 19; 11
6,82,0.305,0.07317,4; 3; 6; 82; 18; 16; 15; 12
16,42,0.40291,0.38095,9; 7; 16; 42; 28; 16; 6; 28
13,31,0.50594,0.41935,18; 22; 13; 31; 19; 5; 18; 7
19,70,0.38535,0.27143,4; 3; 19; 70; 26; 22; 8; 31
17,70,0.37272,0.24286,4; 5; 17; 70; 18; 28; 23; 25
15,48,0.32608,0.3125,7; 3; 15; 48; 5; 26; 20; 4
18,31,0.55723,0.58065,3; 3; 18; 31; 13; 30; 28; 16
13,70,0.30391,0.18571,5; 7; 13; 70; 11; 14; 15; 26
10,31,0.52703,0.32258,18; 3; 10; 31; 14; 22; 23; 20
8,10,0.79007,0.8,10; 5; 8; 10; 17; 17; 28; 15
12,26,0.57238,0.46154,10; 20; 12; 26; 29; 21; 6; 27
15,75,0.34514,0.2,3; 3; 15; 75; 12; 12; 27; 23
40,42,0.70517,0.95238,7; 8; 40; 42; 8; 10; 13; 7
26,53,0.47465,0.49057,5; 3; 26; 53; 28; 8; 25; 9
12,77,0.3401,0.15584,3; 4; 12; 77; 13; 25; 9; 12
9,10,0.80985,0.9,34; 27; 9; 10; 16; 4; 32; 16
11,53,0.22035,0.20755,6; 17; 11; 53; 4; 9; 25; 3
27,48,0.54545,0.5625,4; 8; 27; 48; 25; 11; 9; 10
22,32,0.64855,0.6875,15; 6; 22; 32; 27; 3; 29; 29
8,70,0.22821,0.11429,10; 5; 8; 70; 30; 20; 4; 3
25,42,0.60908,0.59524,3; 15; 25; 42; 15; 28; 5; 19
22,32,0.66642,0.6875,12; 17; 22; 32; 16; 31; 18; 10
35,42,0.6729,0.83333,4; 4; 35; 42; 4; 14; 3; 22
14,31,0.45587,0.45161,16; 16; 14; 31; 21; 23; 25; 16
18,70,0.3954,0.25714,3; 5; 18; 70; 20; 26; 20; 18
6,42,0.27966,0.14286,15; 14; 6; 42; 18; 14; 27; 14
6,82,0.30151,0.07317,3; 3; 6; 82; 9; 21; 31; 6
8,9,0.81143,0.88889,20; 23; 8; 9; 5; 9; 18; 15
6,31,0.51654,0.19355,25; 24; 6; 31; 7; 8; 22; 20
8,82,0.32846,0.09756,3; 3; 8; 82; 14; 25; 16; 6
7,10,0.81391,0.7,28; 31; 7; 10; 28; 22; 4; 32
40,42,0.71292,0.95238,3; 4; 40; 42; 11; 25; 24; 26
8,53,0.19145,0.15094,13; 3; 8; 53; 21; 31; 14; 19
20,70,0.42437,0.28571,4; 4; 20; 70; 32; 28; 14; 8
19,63,0.38048,0.30159,4; 3; 19; 63; 8; 27; 17; 5
9,48,0.19443,0.1875,7; 6; 9; 48; 32; 19; 26; 10
7,10,0.83306,0.7,5; 25; 7; 10; 25; 21; 14; 17
11,78,0.33923,0.14103,4; 4; 11; 78; 18; 31; 23; 10
21,63,0.39507,0.33333,7; 7; 21; 63; 18; 6; 14; 3
11,70,0.30421,0.15714,5; 8; 11; 70; 9; 12; 9; 29
13,31,0.49172,0.41935,16; 14; 13; 31; 11; 12; 14; 31
32,48,0.61696,0.66667,7; 7; 32; 48; 27; 18; 12; 10
7,64,0.17387,0.10938,8; 11; 7; 64; 5; 31; 3; 30
36,49,0.71501,0.73469,5; 4; 36; 49; 22; 31; 4; 31
6,75,0.28795,0.08,3; 3; 6; 75; 27; 10; 16; 8
36,48,0.74371,0.75,4; 4; 36; 48; 31; 22; 14; 17
8,78,0.32383,0.10256,4; 3; 8; 78; 28; 9; 30; 8
32,49,0.63017,0.65306,4; 7; 32; 49; 20; 14; 7; 9
20,53,0.3731,0.37736,5; 3; 20; 53; 9; 30; 23; 11
6,26,0.75744,0.23077,7; 19; 6; 26; 3; 9; 3; 15
5,48,0.17474,0.10417,20; 13; 5; 48; 10; 29; 12; 10
7,82,0.39382,0.08537,4; 3; 7; 82; 26; 27; 5; 6
6,10,0.82742,0.6,3; 3; 6; 10; 14; 15; 20; 12
13,64,0.26681,0.20312,4; 10; 13; 64; 7; 22; 24; 18
17,70,0.36897,0.24286,4; 4; 17; 70; 27; 24; 8; 23
13,70,0.29856,0.18571,5; 7; 13; 70; 25; 27; 12; 5
14,32,0.61297,0.4375,8; 10; 14; 32; 23; 5; 27; 27
21,64,0.43751,0.32812,4; 4; 21; 64; 17; 10; 12; 25
20,42,0.45593,0.47619,5; 14; 20; 42; 24; 5; 14; 30
14,63,0.27196,0.22222,7; 9; 14; 63; 12; 3; 9; 26
12,75,0.31763,0.16,4; 5; 12; 75; 17; 8; 19; 18
9,42,0.24672,0.21429,7; 20; 9; 42; 7; 11; 27; 31
6,64,0.19814,0.09375,8; 14; 6; 64; 19; 15; 12; 9
8,10,0.78967,0.8,20; 10; 8; 10; 22; 10; 14; 6
18,53,0.35393,0.33962,7; 11; 18; 53; 17; 25; 21; 24
6,78,0.28349,0.07692,4; 5; 6; 78; 29; 31; 3; 26
13,63,0.28437,0.20635,7; 3; 13; 63; 28; 30; 14; 11
8,9,0.8148,0.88889,16; 29; 8; 9; 4; 22; 29; 26
26,31,0.55824,0.83871,8; 14; 26; 31; 32; 18; 15; 21
8,82,0.32466,0.09756,3; 3; 8; 82; 17; 22; 20; 29
30,42,0.67278,0.71429,9; 10; 30; 42; 4; 7; 22; 12
20,63,0.36839,0.31746,7; 3; 20; 63; 17; 17; 6; 9
21,64,0.42591,0.32812,6; 3; 21; 64; 31; 25; 16; 11
5,26,0.62535,0.19231,18; 20; 5; 26; 14; 29; 28; 10
42,48,0.80313,0.875,4; 3; 42; 48; 17; 17; 27; 5
12,75,0.35503,0.16,4; 5; 12; 75; 19; 22; 15; 17
7,77,0.26131,0.09091,6; 3; 7; 77; 22; 13; 13; 16
6,9,0.82675,0.66667,38; 3; 6; 9; 22; 23; 25; 21
18,26,0.51161,0.69231,23; 12; 18; 26; 13; 28; 29; 13
10,48,0.24312,0.20833,11; 17; 10; 48; 26; 4; 10; 9
19,32,0.52269,0.59375,10; 19; 19; 32; 22; 32; 28; 9
23,32,0.47876,0.71875,12; 11; 23; 32; 31; 3; 17; 27
27,32,0.63,0.84375,3; 14; 27; 32; 24; 18; 8; 5
30,49,0.59834,0.61224,3; 4; 30; 49; 27; 12; 3; 15
6,82,0.3545,0.07317,4; 3; 6; 82; 19; 23; 23; 23
5,78,0.29167,0.0641,7; 6; 5; 78; 14; 21; 16; 3
16,31,0.63315,0.51613,25; 3; 16; 31; 12; 6; 6; 14
9,49,0.18584,0.18367,20; 4; 9; 49; 24; 3; 7; 17
7,78,0.32449,0.08974,5; 4; 7; 78; 19; 18; 8; 18
28,53,0.54742,0.5283,7; 3; 28; 53; 7; 11; 7; 17
26,42,0.54216,0.61905,15; 5; 26; 42; 11; 24; 9; 17
15,32,0.4791,0.46875,9; 14; 15; 32; 13; 18; 3; 14
7,48,0.17982,0.14583,20; 19; 7; 48; 31; 24; 16; 13
9,31,0.57643,0.29032,8; 12; 9; 31; 15; 5; 21; 3
12,63,0.25879,0.19048,9; 10; 12; 63; 6; 18; 28; 7
24,64,0.44362,0.375,3; 4; 24; 64; 7; 19; 26; 24
6,77,0.30472,0.07792,5; 4; 6; 77; 14; 8; 29; 26
7,42,0.23142,0.16667,13; 3; 7; 42; 25; 13; 16; 25
7,78,0.3473,0.08974,3; 4; 7; 78; 17; 15; 6; 22
8,78,0.34408,0.10256,5; 6; 8; 78; 23; 12; 26; 4
8,82,0.32384,0.09756,4; 3; 8; 82; 15; 31; 23; 28
23,49,0.45209,0.46939,4; 3; 23; 49; 31; 4; 30; 15
8,53,0.18502,0.15094,4; 18; 8; 53; 31; 21; 6; 5
7,75,0.31306,0.09333,4; 3; 7; 75; 19; 15; 20; 27
28,42,0.58184,0.66667,13; 11; 28; 42; 30; 24; 24; 13
15,49,0.34856,0.30612,13; 17; 15; 49; 31; 18; 14; 28
19,32,0.47221,0.59375,15; 11; 19; 32; 29; 30; 19; 4
19,64,0.37781,0.29688,7; 6; 19; 64; 27; 7; 23; 21
18,64,0.34366,0.28125,6; 8; 18; 64; 29; 15; 29; 18
15,75,0.37665,0.2,3; 4; 15; 75; 14; 8; 11; 9
8,31,0.45588,0.25806,27; 13; 8; 31; 3; 16; 8; 23
22,49,0.45275,0.44898,6; 6; 22; 49; 10; 26; 21; 21
21,49,0.39767,0.42857,4; 13; 21; 49; 14; 6; 8; 18
25,63,0.48209,0.39683,5; 4; 25; 63; 24; 26; 3; 30
16,26,0.59937,0.61538,10; 8; 16; 26; 21; 8; 30; 11
7,82,0.38555,0.08537,4; 3; 7; 82; 31; 21; 15; 25
15,75,0.3767,0.2,4; 3; 15; 75; 18; 7; 12; 28
5,53,0.13828,0.09434,7; 10; 5; 53; 11; 18; 11; 17
27,53,0.47552,0.50943,5; 7; 27; 53; 4; 29; 11; 3
36,49,0.70351,0.73469,3; 3; 36; 49; 25; 29; 24; 4
30,32,0.57161,0.9375,15; 13; 30; 32; 21; 7; 8; 3
8,9,0.81248,0.88889,39; 29; 8; 9; 24; 31; 25; 6
6,82,0.32778,0.07317,5; 4; 6; 82; 15; 23; 12; 4
24,26,0.57994,0.92308,22; 18; 24; 26; 11; 10; 30; 3
10,53,0.22255,0.18868,17; 4; 10; 53; 10; 19; 14; 15
9,10,0.80986,0.9,34; 16; 9; 10; 26; 21; 26; 13
17,53,0.33686,0.32075,8; 7; 17; 53; 13; 12; 3; 12
6,77,0.31717,0.07792,5; 3; 6; 77; 5; 12; 17; 10
23,32,0.64141,0.71875,9; 7; 23; 32; 31; 25; 4; 24
11,63,0.27249,0.1746,10; 11; 11; 63; 23; 9; 29; 30
12,64,0.24486,0.1875,6; 5; 12; 64; 8; 26; 12; 26
32,42,0.62558,0.7619,6; 4; 32; 42; 6; 12; 6; 27
10,63,0.2175,0.15873,12; 7; 10; 63; 30; 31; 11; 10
39,42,0.75449,0.92857,8; 3; 39; 42; 28; 3; 28; 6
23,49,0.45983,0.46939,6; 6; 23; 49; 21; 28; 9; 28
10,63,0.19832,0.15873,12; 12; 10; 63; 7; 15; 20; 22
6,78,0.33492,0.07692,6; 7; 6; 78; 23; 5; 15; 18
20,70,0.42311,0.28571,3; 3; 20; 70; 9; 7; 14; 25
17,53,0.30414,0.32075,5; 14; 17; 53; 9; 14; 32; 10
7,10,0.80878,0.7,10; 27; 7; 10; 11; 32; 6; 13
19,26,0.54361,0.73077,18; 18; 19; 26; 8; 22; 9; 4
8,77,0.30974,0.1039,5; 5; 8; 77; 24; 17; 23; 20
13,64,0.29114,0.20312,9; 6; 13; 64; 11; 23; 11; 25
10,78,0.31062,0.12821,5; 4; 10; 78; 29; 25; 3; 11
12,75,0.3036,0.16,3; 3; 12; 75; 19; 28; 4; 19
6,9,0.85507,0.66667,7; 16; 6; 9; 15; 29; 11; 31
18,64,0.34699,0.28125,5; 6; 18; 64; 15; 31; 28; 13
25,63,0.44037,0.39683,4; 5; 25; 63; 14; 12; 17; 28
22,48,0.47143,0.45833,4; 12; 22; 48; 31; 22; 11; 26
9,75,0.3104,0.12,7; 3; 9; 75; 12; 6; 8; 15
18,49,0.3556,0.36735,14; 11; 18; 49; 14; 26; 20; 15
9,31,0.65099,0.29032,11; 7; 9; 31; 28; 17; 19; 18
19,48,0.41504,0.39583,10; 5; 19; 48; 4; 25; 20; 7
19,70,0.37502,0.27143,3; 3; 19; 70; 13; 15; 11; 26
8,9,0.79858,0.88889,34; 26; 8; 9; 13; 21; 6; 19
7,82,0.37796,0.08537,3; 3; 7; 82; 17; 11; 8; 19
7,75,0.30294,0.09333,3; 4; 7; 75; 27; 13; 17; 23
14,64,0.308,0.21875,5; 10; 14; 64; 30; 25; 8; 6
24,48,0.50498,0.5,7; 13; 24; 48; 6; 24; 32; 4
11,26,0.72094,0.42308,11; 26; 11; 26; 31; 3; 14; 28
7,10,0.82631,0.7,6; 12; 7; 10; 12; 16; 14; 27
16,42,0.37673,0.38095,4; 19; 16; 42; 10; 23; 25; 29
5,31,0.6723,0.16129,10; 20; 5; 31; 20; 25; 20; 14
6,82,0.37209,0.07317,4; 3; 6; 82; 25; 26; 3; 29
7,78,0.28621,0.08974,6; 4; 7; 78; 5; 19; 23; 22
8,9,0.82294,0.88889,31; 10; 8; 9; 15; 20; 24; 26
5,32,0.57578,0.15625,8; 14; 5; 32; 24; 11; 8; 26
8,82,0.38595,0.09756,3; 3; 8; 82; 6; 8; 32; 21
20,31,0.58922,0.64516,10; 10; 20; 31; 23; 19; 17; 30
6,77,0.30926,0.07792,7; 7; 6; 77; 19; 31; 23; 21
11,75,0.32046,0.14667,5; 3; 11; 75; 12; 13; 31; 31
11,32,0.49072,0.34375,17; 26; 11; 32; 24; 7; 13; 24
7,10,0.7791,0.7,16; 38; 7; 10; 14; 3; 11; 5
18,63,0.3649,0.28571,7; 3; 18; 63; 9; 19; 28; 30
7,10,0.8252,0.7,28; 30; 7; 10; 21; 10; 24; 17
23,48,0.47623,0.47917,5; 12; 23; 48; 14; 11; 23; 24
19,53,0.34164,0.35849,13; 10; 19; 53; 29; 29; 3; 8
8,77,0.32316,0.1039,3; 5; 8; 77; 28; 11; 3; 24
19,70,0.38393,0.27143,4; 4; 19; 70; 25; 3; 12; 12
24,26,0.56719,0.92308,19; 15; 24; 26; 25; 17; 23; 12
8,78,0.28347,0.10256,6; 6; 8; 78; 32; 8; 27; 9
8,10,0.80058,0.8,4; 30; 8; 10; 9; 15; 32; 25
12,64,0.23484,0.1875,7; 3; 12; 64; 20; 16; 29; 17
8,32,0.52135,0.25,4; 10; 8; 32; 6; 12; 30; 17
16,42,0.37353,0.38095,13; 16; 16; 42; 25; 8; 20; 23
12,31,0.64374,0.3871,23; 21; 12; 31; 18; 14; 24; 7
11,63,0.21397,0.1746,10; 9; 11; 63; 28; 4; 29; 20
10,75,0.30157,0.13333,5; 3; 10; 75; 11; 22; 7; 19
16,26,0.58769,0.61538,18; 19; 16; 26; 8; 20; 31; 17
11,26,0.54278,0.42308,25; 14; 11; 26; 23; 22; 20; 19
12,26,0.7863,0.46154,19; 27; 12; 26; 11; 30; 13; 18
19,64,0.36488,0.29688,5; 7; 19; 64; 8; 4; 24; 26
22,53,0.39705,0.41509,10; 11; 22; 53; 30; 24; 11; 25
7,9,0.8076,0.77778,40; 21; 7; 9; 11; 22; 14; 7
20,48,0.40302,0.41667,5; 4; 20; 48; 12; 10; 8; 24
14,32,0.62835,0.4375,12; 16; 14; 32; 12; 24; 4; 18
11,77,0.33924,0.14286,4; 4; 11; 77; 3; 10; 19; 5
16,63,0.3081,0.25397,3; 9; 16; 63; 9; 13; 21; 23
12,75,0.35327,0.16,4; 4; 12; 75; 10; 22; 7; 32
25,31,0.58655,0.80645,14; 3; 25; 31; 10; 16; 13; 20
17,53,0.32507,0.32075,13; 5; 17; 53; 15; 8; 11; 5
24,53,0.43386,0.45283,4; 6; 24; 53; 27; 14; 24; 11
19,26,0.74067,0.73077,7; 6; 19; 26; 19; 23; 32; 15
7,10,0.78409,0.7,10; 25; 7; 10; 7; 22; 14; 15
7,70,0.21578,0.1,10; 8; 7; 70; 12; 32; 13; 26
14,70,0.36264,0.2,7; 4; 14; 70; 6; 20; 14; 13
10,70,0.26277,0.14286,3; 5; 10; 70; 11; 23; 19; 13
33,53,0.60029,0.62264,3; 5; 33; 53; 13; 5; 18; 8
13,26,0.76278,0.5,6; 23; 13; 26; 7; 18; 14; 32
5,78,0.3477,0.0641,3; 3; 5; 78; 31; 11; 9; 16
13,63,0.27137,0.20635,4; 6; 13; 63; 5; 12; 23; 8
17,49,0.35952,0.34694,11; 15; 17; 49; 13; 13; 15; 12
18,26,0.46664,0.69231,21; 17; 18; 26; 19; 30; 4; 22
6,82,0.308,0.07317,4; 4; 6; 82; 30; 27; 8; 17
28,53,0.53516,0.5283,7; 8; 28; 53; 19; 23; 13; 15
7,82,0.32785,0.08537,4; 3; 7; 82; 27; 3; 9; 5
9,78,0.32679,0.11538,4; 4; 9; 78; 25; 4; 10; 31
21,49,0.43352,0.42857,5; 14; 21; 49; 8; 29; 23; 23
10,77,0.32777,0.12987,3; 3; 10; 77; 21; 8; 32; 29
18,64,0.37606,0.28125,4; 7; 18; 64; 30; 29; 6; 17
27,31,0.63558,0.87097,6; 13; 27; 31; 19; 30; 19; 5
31,49,0.61475,0.63265,3; 8; 31; 49; 9; 25; 31; 14
13,70,0.33647,0.18571,6; 6; 13; 70; 18; 13; 28; 23
6,10,0.84,0.6,31; 33; 6; 10; 31; 10; 20; 12
7,31,0.50186,0.22581,6; 15; 7; 31; 30; 21; 11; 7
25,64,0.45581,0.39062,4; 4; 25; 64; 9; 22; 16; 31
17,70,0.3585,0.24286,5; 5; 17; 70; 31; 10; 11; 23
33,53,0.64219,0.62264,5; 4; 33; 53; 30; 20; 20; 3
19,26,0.56042,0.73077,15; 15; 19; 26; 19; 12; 11; 22
6,82,0.28546,0.07317,4; 3; 6; 82; 25; 6; 26; 27
25,53,0.46776,0.4717,6; 6; 25; 53; 20; 8; 17; 8
14,70,0.33946,0.2,4; 6; 14; 70; 13; 25; 4; 22
13,42,0.44605,0.30952,4; 18; 13; 42; 10; 9; 20; 22
27,63,0.49174,0.42857,4; 3; 27; 63; 25; 3; 32; 14
10,70,0.26642,0.14286,7; 8; 10; 70; 10; 11; 16; 14
15,53,0.30869,0.28302,8; 8; 15; 53; 21; 27; 7; 27
24,64,0.40931,0.375,3; 3; 24; 64; 12; 8; 24; 18
26,32,0.45416,0.8125,10; 11; 26; 32; 12; 10; 10; 12
8,63,0.20315,0.12698,11; 9; 8; 63; 25; 28; 6; 7
5,77,0.28915,0.06494,6; 3; 5; 77; 5; 15; 16; 13
11,48,0.21203,0.22917,6; 10; 11; 48; 8; 28; 28; 5
6,78,0.25258,0.07692,7; 7; 6; 78; 24; 9; 3; 8
7,10,0.82716,0.7,34; 32; 7; 10; 5; 8; 17; 14
10,75,0.31412,0.13333,5; 5; 10; 75; 25; 26; 13; 6
33,53,0.6056,0.62264,3; 6; 33; 53; 13; 8; 20; 22
29,53,0.55784,0.54717,7; 3; 29; 53; 3; 24; 25; 5
27,49,0.55114,0.55102,6; 9; 27; 49; 19; 22; 19; 8
14,53,0.26923,0.26415,15; 8; 14; 53; 7; 28; 9; 22
29,49,0.61619,0.59184,4; 10; 29; 49; 11; 20; 20; 19
10,70,0.32306,0.14286,5; 3; 10; 70; 14; 17; 14; 4
8,78,0.26437,0.10256,3; 5; 8; 78; 12; 17; 30; 10
16,64,0.33522,0.25,9; 8; 16; 64; 7; 25; 23; 24
11,70,0.31727,0.15714,4; 5; 11; 70; 10; 19; 31; 5
9,49,0.20901,0.18367,11; 16; 9; 49; 11; 7; 11; 16
13,32,0.55794,0.40625,6; 15; 13; 32; 25; 20; 27; 4
7,10,0.82051,0.7,5; 9; 7; 10; 7; 30; 26; 30
12,53,0.23879,0.22642,3; 3; 12; 53; 13; 5; 23; 22
12,32,0.57105,0.375,9; 8; 12; 32; 11; 9; 11; 29
9,10,0.77154,0.9,9; 31; 9; 10; 25; 12; 15; 28
10,77,0.31429,0.12987,4; 5; 10; 77; 8; 7; 29; 23
11,78,0.33349,0.14103,4; 3; 11; 78; 20; 24; 23; 24
16,42,0.45031,0.38095,4; 15; 16; 42; 5; 20; 27; 8
25,32,0.56662,0.78125,15; 16; 25; 32; 11; 11; 5; 13
29,32,0.48623,0.90625,4; 7; 29; 32; 22; 21; 5; 25
9,48,0.2417,0.1875,6; 14; 9; 48; 7; 13; 3; 13
25,32,0.65595,0.78125,5; 18; 25; 32; 18; 9; 22; 14
5,10,0.82564,0.5,33; 34; 5; 10; 16; 26; 28; 26
5,42,0.24669,0.11905,20; 3; 5; 42; 27; 4; 7; 21
13,77,0.35249,0.16883,4; 4; 13; 77; 20; 21; 22; 32
9,63,0.21715,0.14286,13; 3; 9; 63; 10; 32; 14; 13
21,48,0.44986,0.4375,3; 9; 21; 48; 10; 27; 12; 4
8,75,0.26803,0.10667,3; 4; 8; 75; 12; 12; 11; 4
12,64,0.21247,0.1875,3; 3; 12; 64; 19; 11; 13; 21
5,78,0.30467,0.0641,6; 4; 5; 78; 27; 29; 4; 24
11,42,0.32328,0.2619,9; 14; 11; 42; 8; 17; 15; 26
17,64,0.35102,0.26562,5; 6; 17; 64; 28; 19; 13; 7
14,48,0.28565,0.29167,18; 12; 14; 48; 16; 21; 11; 9
25,42,0.54409,0.59524,15; 15; 25; 42; 16; 9; 20; 25
5,77,0.29112,0.06494,8; 3; 5; 77; 13; 14; 19; 14
9,10,0.78668,0.9,17; 39; 9; 10; 11; 22; 7; 9
33,49,0.67139,0.67347,5; 7; 33; 49; 30; 27; 11; 14
6,63,0.18885,0.09524,4; 12; 6; 63; 3; 10; 24; 6
8,77,0.31621,0.1039,4; 4; 8; 77; 6; 18; 7; 13
25,26,0.54321,0.96154,7; 7; 25; 26; 7; 24; 9; 9
32,53,0.57913,0.60377,6; 6; 32; 53; 24; 30; 15; 13
5,10,0.81327,0.5,35; 36; 5; 10; 8; 26; 22; 4
23,64,0.43128,0.35938,4; 4; 23; 64; 4; 3; 9; 6
26,64,0.48388,0.40625,4; 4; 26; 64; 4; 31; 11; 16
14,53,0.28482,0.26415,5; 10; 14; 53; 14; 23; 16; 4
8,75,0.27713,0.10667,4; 3; 8; 75; 14; 25; 21; 20
8,70,0.25443,0.11429,7; 5; 8; 70; 14; 31; 18; 7
7,48,0.17105,0.14583,17; 20; 7; 48; 27; 23; 21; 16
12,78,0.33912,0.15385,4; 4; 12; 78; 11; 15; 29; 5
14,26,0.56488,0.53846,9; 13; 14; 26; 27; 27; 18; 24
8,82,0.34685,0.09756,3; 4; 8; 82; 11; 29; 16; 13
28,53,0.5143,0.5283,4; 4; 28; 53; 11; 6; 28; 20
25,42,0.52979,0.59524,9; 4; 25; 42; 5; 28; 29; 25
23,31,0.55585,0.74194,11; 19; 23; 31; 31; 6; 29; 20
8,10,0.81388,0.8,19; 38; 8; 10; 26; 3; 16; 26
5,63,0.15451,0.07937,10; 10; 5; 63; 20; 7; 32; 24
11,77,0.33721,0.14286,4; 5; 11; 77; 6; 12; 10; 9
7,78,0.32734,0.08974,5; 3; 7; 78; 4; 27; 8; 16
5,9,0.83249,0.55556,22; 21; 5; 9; 19; 7; 15; 22
8,77,0.32234,0.1039,5; 4; 8; 77; 24; 8; 17; 8
25,53,0.47146,0.4717,6; 4; 25; 53; 21; 17; 29; 26
8,10,0.7883,0.8,30; 40; 8; 10; 22; 16; 8; 22
11,75,0.3542,0.14667,6; 3; 11; 75; 30; 26; 18; 21
42,48,0.82635,0.875,3; 3; 42; 48; 17; 16; 5; 16
6,10,0.81534,0.6,16; 8; 6; 10; 25; 12; 14; 20
8,9,0.79313,0.88889,6; 8; 8; 9; 17; 29; 10; 14
13,75,0.32902,0.17333,3; 4; 13; 75; 15; 20; 16; 16
21,64,0.41444,0.32812,4; 3; 21; 64; 4; 8; 22; 15
20,32,0.59295,0.625,11; 21; 20; 32; 17; 10; 25; 32
6,26,0.83958,0.23077,28; 31; 6; 26; 16; 19; 11; 8
7,82,0.2968,0.08537,4; 4; 7; 82; 8; 22; 9; 14
12,26,0.61341,0.46154,30; 14; 12; 26; 8; 12; 23; 31
26,48,0.52439,0.54167,10; 6; 26; 48; 24; 8; 15; 6
8,10,0.80818,0.8,18; 21; 8; 10; 25; 3; 8; 15
13,77,0.38034,0.16883,3; 4; 13; 77; 22; 17; 23; 26
8,63,0.18405,0.12698,9; 9; 8; 63; 12; 29; 14; 20
7,78,0.32435,0.08974,4; 4; 7; 78; 5; 14; 16; 15
7,32,0.48543,0.21875,15; 17; 7; 32; 4; 16; 4; 6
8,82,0.37211,0.09756,3; 3; 8; 82; 15; 5; 22; 16
24,53,0.45275,0.45283,4; 6; 24; 53; 26; 11; 14; 31
5,82,0.28265,0.06098,5; 5; 5; 82; 16; 6; 9; 29
20,53,0.37387,0.37736,8; 5; 20; 53; 26; 10; 28; 20
10,77,0.33009,0.12987,4; 3; 10; 77; 25; 8; 29; 21
7,10,0.80318,0.7,17; 37; 7; 10; 21; 21; 28; 24
10,64,0.22795,0.15625,9; 9; 10; 64; 18; 10; 9; 18
12,64,0.2588,0.1875,9; 6; 12; 64; 21; 10; 6; 7
15,63,0.3103,0.2381,7; 4; 15; 63; 28; 24; 8; 5
17,26,0.47638,0.65385,22; 27; 17; 26; 28; 15; 20; 28
31,32,0.54835,0.96875,15; 12; 31; 32; 12; 13; 18; 13
19,49,0.43395,0.38776,11; 10; 19; 49; 11; 27; 6; 8
17,64,0.33357,0.26562,6; 5; 17; 64; 5; 9; 20; 23
11,26,0.80943,0.42308,12; 29; 11; 26; 25; 26; 13; 6
22,64,0.43697,0.34375,3; 6; 22; 64; 32; 19; 24; 7
18,63,0.37655,0.28571,6; 8; 18; 63; 4; 28; 32; 22
8,82,0.36639,0.09756,3; 4; 8; 82; 10; 24; 18; 15
12,32,0.57343,0.375,8; 9; 12; 32; 18; 12; 32; 22
8,77,0.31287,0.1039,4; 3; 8; 77; 12; 29; 18; 21
16,53,0.29481,0.30189,8; 3; 16; 53; 26; 7; 4; 30
18,26,0.62411,0.69231,24; 13; 18; 26; 7; 13; 24; 22
6,77,0.30803,0.07792,3; 5; 6; 77; 8; 11; 31; 14
7,49,0.14305,0.14286,18; 10; 7; 49; 17; 15; 15; 4
6,9,0.81864,0.66667,24; 9; 6; 9; 9; 3; 7; 15
10,78,0.33139,0.12821,5; 5; 10; 78; 25; 13; 26; 28
7,75,0.29383,0.09333,6; 4; 7; 75; 5; 20; 4; 4
30,42,0.64053,0.71429,8; 5; 30; 42; 28; 12; 32; 18
38,48,0.75942,0.79167,3; 6; 38; 48; 5; 13; 16; 22
6,77,0.30122,0.07792,7; 4; 6; 77; 22; 5; 8; 9
22,63,0.43714,0.34921,4; 4; 22; 63; 13; 25; 20; 19
10,77,0.28306,0.12987,3; 4; 10; 77; 19; 28; 5; 8
7,78,0.29921,0.08974,4; 5; 7; 78; 17; 8; 3; 9
5,82,0.27618,0.06098,4; 4; 5; 82; 6; 11; 11; 3
5,70,0.22746,0.07143,9; 3; 5; 70; 13; 19; 32; 10
8,10,0.80418,0.8,32; 11; 8; 10; 6; 17; 19; 9
24,26,0.51804,0.92308,24; 6; 24; 26; 8; 3; 4; 12
24,31,0.5689,0.77419,3; 5; 24; 31; 27; 5; 13; 28
35,48,0.6963,0.72917,7; 4; 35; 48; 16; 25; 16; 3
8,10,0.81881,0.8,11; 16; 8; 10; 14; 26; 15; 21
5,82,0.34832,0.06098,5; 4; 5; 82; 3; 26; 7; 22
14,75,0.32936,0.18667,3; 4; 14; 75; 32; 15; 12; 23
6,82,0.3076,0.07317,4; 3; 6; 82; 17; 12; 22; 21
9,31,0.6981,0.29032,25; 15; 9; 31; 12; 15; 13; 29
6,77,0.27235,0.07792,7; 7; 6; 77; 22; 3; 13; 23
9,63,0.19926,0.14286,8; 12; 9; 63; 15; 23; 32; 3
9,77,0.32719,0.11688,6; 3; 9; 77; 14; 19; 4; 25
7,75,0.24789,0.09333,7; 4; 7; 75; 11; 9; 30; 16
6,82,0.29531,0.07317,5; 5; 6; 82; 19; 18; 28; 30
13,53,0.2926,0.24528,6; 9; 13; 53; 9; 17; 7; 23
7,77,0.2707,0.09091,4; 4; 7; 77; 31; 28; 5; 16
8,9,0.81671,0.88889,39; 33; 8; 9; 10; 12; 28; 20
7,32,0.80408,0.21875,3; 14; 7; 32; 21; 11; 21; 17
16,53,0.34115,0.30189,7; 9; 16; 53; 19; 6; 21; 10
18,26,0.641,0.69231,22; 22; 18; 26; 15; 16; 26; 24
6,70,0.19624,0.08571,10; 8; 6; 70; 9; 9; 31; 6
22,42,0.50246,0.52381,6; 14; 22; 42; 15; 26; 29; 18
5,10,0.82787,0.5,40; 17; 5; 10; 24; 3; 24; 9
6,82,0.35397,0.07317,4; 3; 6; 82; 6; 9; 5; 27
36,49,0.7124,0.73469,5; 5; 36; 49; 24; 26; 26; 18
14,70,0.3507,0.2,6; 7; 14; 70; 9; 17; 17; 17
7,9,0.82735,0.77778,39; 13; 7; 9; 29; 12; 19; 28
8,9,0.8252,0.88889,37; 7; 8; 9; 16; 8; 9; 23
24,49,0.44201,0.4898,11; 10; 24; 49; 26; 6; 19; 11
30,53,0.57342,0.56604,4; 4; 30; 53; 6; 19; 8; 7
29,49,0.5475,0.59184,8; 6; 29; 49; 7; 5; 16; 4
13,75,0.34289,0.17333,4; 4; 13; 75; 9; 6; 27; 7
13,70,0.34607,0.18571,5; 7; 13; 70; 12; 16; 10; 32
5,82,0.29686,0.06098,5; 3; 5; 82; 19; 17; 28; 26
10,75,0.32054,0.13333,6; 5; 10; 75; 7; 16; 20; 3
21,64,0.39014,0.32812,3; 3; 21; 64; 15; 30; 29; 17
7,78,0.32328,0.08974,6; 3; 7; 78; 14; 16; 27; 9
5,82,0.29646,0.06098,4; 5; 5; 82; 11; 30; 6; 28
7,10,0.80318,0.7,20; 37; 7; 10; 7; 9; 32; 9
28,48,0.58036,0.58333,3; 9; 28; 48; 11; 24; 6; 6
8,10,0.79409,0.8,19; 5; 8; 10; 11; 28; 26; 8
7,10,0.79532,0.7,13; 19; 7; 10; 15; 30; 14; 27
21,64,0.40976,0.32812,4; 3; 21; 64; 5; 28; 22; 17
6,75,0.2639,0.08,3; 3; 6; 75; 12; 19; 19; 15
11,32,0.55469,0.34375,14; 4; 11; 32; 9; 25; 28; 6
28,31,0.58114,0.90323,6; 5; 28; 31; 13; 8; 28; 20
5,77,0.24976,0.06494,4; 4; 5; 77; 27; 12; 18; 27
9,10,0.82994,0.9,26; 25; 9; 10; 11; 8; 5; 26
18,31,0.35303,0.58065,7; 9; 18; 31; 23; 21; 29; 9
7,82,0.29185,0.08537,3; 4; 7; 82; 16; 32; 32; 11
17,70,0.35226,0.24286,5; 5; 17; 70; 14; 20; 14; 29
14,63,0.26162,0.22222,9; 7; 14; 63; 28; 31; 23; 3
8,9,0.81845,0.88889,40; 34; 8; 9; 18; 27; 23; 10
5,9,0.82387,0.55556,35; 23; 5; 9; 29; 21; 8; 7
24,42,0.49388,0.57143,4; 5; 24; 42; 30; 23; 20; 16
8,10,0.82655,0.8,31; 27; 8; 10; 10; 27; 11; 28
9,75,0.25388,0.12,6; 6; 9; 75; 3; 25; 13; 18
6,75,0.26013,0.08,3; 6; 6; 75; 32; 22; 8; 5
9,78,0.35591,0.11538,4; 3; 9; 78; 20; 28; 9; 16
16,64,0.31989,0.25,8; 7; 16; 64; 19; 22; 16; 3
22,64,0.43037,0.34375,3; 5; 22; 64; 4; 29; 9; 19
40,48,0.79039,0.83333,5; 4; 40; 48; 28; 21; 7; 21
13,53,0.25955,0.24528,5; 5; 13; 53; 32; 32; 6; 23
8,70,0.22015,0.11429,10; 10; 8; 70; 7; 8; 9; 32
9,75,0.28419,0.12,4; 6; 9; 75; 18; 21; 27; 6
39,48,0.78772,0.8125,4; 5; 39; 48; 17; 14; 23; 15
39,42,0.71846,0.92857,6; 6; 39; 42; 5; 8; 32; 7
22,32,0.45783,0.6875,17; 4; 22; 32; 8; 24; 28; 22
25,48,0.49984,0.52083,6; 8; 25; 48; 24; 20; 13; 24
16,42,0.43571,0.38095,8; 17; 16; 42; 12; 11; 24; 3
7,10,0.80954,0.7,19; 26; 7; 10; 26; 23; 32; 8
23,63,0.42737,0.36508,6; 6; 23; 63; 18; 29; 19; 8
14,70,0.32996,0.2,3; 3; 14; 70; 7; 9; 28; 27
9,78,0.33679,0.11538,4; 5; 9; 78; 13; 24; 17; 5
15,70,0.33495,0.21429,4; 6; 15; 70; 17; 25; 23; 28
5,78,0.29719,0.0641,5; 6; 5; 78; 6; 17; 24; 24
6,82,0.29601,0.07317,3; 5; 6; 82; 9; 31; 10; 27
28,32,0.63387,0.875,13; 19; 28; 32; 18; 25; 10; 10
7,70,0.25022,0.1,5; 4; 7; 70; 25; 20; 8; 3
8,9,0.82159,0.88889,39; 12; 8; 9; 7; 22; 28; 7
25,31,0.52202,0.80645,8; 7; 25; 31; 25; 11; 30; 28
24,53,0.47233,0.45283,7; 10; 24; 53; 31; 28; 13; 16
8,82,0.33408,0.09756,4; 3; 8; 82; 16; 5; 26; 12
15,31,0.53348,0.48387,21; 4; 15; 31; 23; 31; 28; 4
10,70,0.23596,0.14286,6; 7; 10; 70; 27; 31; 3; 30
8,82,0.35528,0.09756,3; 3; 8; 82; 23; 19; 8; 10
12,26,0.55662,0.46154,28; 12; 12; 26; 26; 4; 15; 16
6,70,0.19245,0.08571,7; 5; 6; 70; 21; 5; 26; 6
39,42,0.72949,0.92857,7; 7; 39; 42; 7; 17; 19; 13
5,82,0.35182,0.06098,4; 4; 5; 82; 20; 32; 8; 28
8,9,0.80091,0.88889,8; 32; 8; 9; 6; 8; 21; 27
7,42,0.41296,0.16667,22; 24; 7; 42; 10; 15; 30; 7
13,48,0.2989,0.27083,10; 8; 13; 48; 3; 13; 25; 17
41,49,0.79782,0.83673,4; 3; 41; 49; 8; 15; 6; 16
5,10,0.8278,0.5,37; 15; 5; 10; 14; 16; 8; 16
6,9,0.80754,0.66667,35; 10; 6; 9; 7; 12; 3; 29
6,9,0.81039,0.66667,15; 11; 6; 9; 13; 5; 12; 27
23,26,0.50165,0.88462,21; 8; 23; 26; 31; 22; 21; 12
5,77,0.29274,0.06494,8; 5; 5; 77; 4; 24; 10; 27
5,9,0.81916,0.55556,14; 17; 5; 9; 17; 12; 26; 12
5,78,0.26823,0.0641,4; 4; 5; 78; 32; 5; 21; 29
5,9,0.82403,0.55556,18; 31; 5; 9; 8; 24; 32; 15
12,75,0.38143,0.16,5; 3; 12; 75; 20; 10; 20; 22
12,77,0.3557,0.15584,3; 3; 12; 77; 22; 20; 27; 28
15,75,0.36299,0.2,4; 3; 15; 75; 30; 14; 5; 27
20,53,0.40537,0.37736,7; 4; 20; 53; 25; 11; 10; 11
9,77,0.315,0.11688,6; 4; 9; 77; 6; 23; 21; 24
8,9,0.81706,0.88889,10; 4; 8; 9; 32; 6; 31; 15
7,78,0.3295,0.08974,6; 5; 7; 78; 7; 9; 6; 14
17,63,0.34804,0.26984,8; 9; 17; 63; 18; 11; 8; 13
21,32,0.57166,0.65625,15; 12; 21; 32; 11; 29; 17; 16
21,63,0.381,0.33333,5; 3; 21; 63; 11; 19; 28; 17
7,75,0.29878,0.09333,4; 6; 7; 75; 23; 14; 4; 19
5,9,0.82448,0.55556,23; 37; 5; 9; 6; 5; 18; 30
8,82,0.33569,0.09756,3; 3; 8; 82; 28; 17; 25; 10
16,64,0.33481,0.25,8; 7; 16; 64; 31; 28; 8; 14
15,26,0.58227,0.57692,13; 25; 15; 26; 18; 32; 17; 8
18,32,0.55371,0.5625,16; 7; 18; 32; 9; 3; 24; 7
12,78,0.369,0.15385,3; 4; 12; 78; 17; 24; 31; 6
6,78,0.27501,0.07692,5; 6; 6; 78; 19; 18; 15; 29
19,63,0.40452,0.30159,6; 5; 19; 63; 9; 24; 3; 13
8,9,0.82649,0.88889,12; 13; 8; 9; 19; 24; 22; 20
16,64,0.34545,0.25,8; 7; 16; 64; 17; 12; 17; 7
21,31,0.67382,0.67742,21; 11; 21; 31; 4; 4; 3; 25
36,42,0.70226,0.85714,7; 10; 36; 42; 8; 30; 16; 8
7,82,0.35236,0.08537,3; 3; 7; 82; 23; 15; 28; 16
12,64,0.25934,0.1875,9; 7; 12; 64; 21; 16; 20; 17
26,64,0.44715,0.40625,3; 3; 26; 64; 12; 9; 9; 11
5,78,0.31963,0.0641,5; 6; 5; 78; 11; 3; 20; 29
11,31,0.51938,0.35484,18; 3; 11; 31; 30; 26; 11; 19
11,42,0.33193,0.2619,3; 7; 11; 42; 3; 31; 14; 18
6,77,0.2629,0.07792,3; 4; 6; 77; 5; 20; 11; 15
8,78,0.32273,0.10256,4; 6; 8; 78; 13; 31; 15; 16
8,77,0.28972,0.1039,4; 3; 8; 77; 25; 19; 3; 11
9,10,0.77384,0.9,16; 21; 9; 10; 23; 10; 24; 8
13,75,0.36696,0.17333,5; 5; 13; 75; 11; 10; 18; 19
15,64,0.33543,0.23438,9; 6; 15; 64; 27; 30; 10; 8
10,77,0.3513,0.12987,5; 5; 10; 77; 11; 3; 13; 13
9,26,0.73756,0.34615,29; 4; 9; 26; 16; 21; 10; 18
11,78,0.31001,0.14103,4; 3; 11; 78; 16; 30; 30; 21
7,10,0.83439,0.7,11; 7; 7; 10; 31; 20; 22; 4
15,53,0.28923,0.28302,9; 7; 15; 53; 16; 15; 9; 16
5,49,0.15789,0.10204,11; 18; 5; 49; 24; 6; 9; 21
25,49,0.47753,0.5102,6; 6; 25; 49; 17; 5; 11; 5
19,63,0.36917,0.30159,6; 3; 19; 63; 32; 5; 24; 17
7,82,0.35757,0.08537,4; 3; 7; 82; 9; 30; 15; 28
20,31,0.57631,0.64516,14; 14; 20; 31; 16; 20; 5; 3
36,42,0.66345,0.85714,3; 5; 36; 42; 14; 13; 10; 28
7,48,0.21907,0.14583,6; 9; 7; 48; 14; 8; 4; 24
11,77,0.3597,0.14286,3; 5; 11; 77; 5; 30; 11; 26
12,64,0.25454,0.1875,10; 5; 12; 64; 32; 3; 9; 10
29,48,0.57106,0.60417,9; 10; 29; 48; 7; 17; 13; 31
5,9,0.7845,0.55556,6; 21; 5; 9; 11; 23; 32; 20
24,63,0.44957,0.38095,4; 5; 24; 63; 17; 16; 8; 15
8,10,0.80269,0.8,31; 12; 8; 10; 11; 10; 18; 16
16,70,0.33739,0.22857,6; 6; 16; 70; 16; 11; 7; 30
11,70,0.25799,0.15714,3; 5; 11; 70; 22; 7; 13; 24
18,53,0.35589,0.33962,10; 3; 18; 53; 8; 13; 16; 14
25,32,0.48073,0.78125,4; 8; 25; 32; 26; 24; 10; 32
6,75,0.21533,0.08,8; 6; 6; 75; 19; 18; 24; 13
36,53,0.69634,0.67925,4; 4; 36; 53; 32; 16; 5; 8
6,10,0.82263,0.6,28; 33; 6; 10; 31; 10; 18; 22
10,64,0.21731,0.15625,9; 7; 10; 64; 17; 17; 20; 18
8,48,0.18168,0.16667,7; 5; 8; 48; 20; 4; 8; 30
11,75,0.31565,0.14667,4; 5; 11; 75; 29; 4; 21; 32
20,63,0.40658,0.31746,3; 7; 20; 63; 30; 12; 18; 17
6,75,0.27339,0.08,6; 3; 6; 75; 29; 15; 7; 20
16,26,0.66895,0.61538,12; 7; 16; 26; 5; 3; 6; 15
8,9,0.82119,0.88889,10; 16; 8; 9; 18; 31; 21; 9
39,42,0.70668,0.92857,3; 6; 39; 42; 26; 30; 4; 25
32,42,0.64491,0.7619,10; 10; 32; 42; 27; 28; 14; 19
6,77,0.25523,0.07792,5; 6; 6; 77; 5; 14; 15; 29
18,70,0.38011,0.25714,5; 5; 18; 70; 19; 12; 12; 23
5,75,0.27559,0.06667,5; 7; 5; 75; 21; 32; 17; 3
6,9,0.81702,0.66667,33; 31; 6; 9; 26; 8; 6; 23
10,49,0.24521,0.20408,6; 8; 10; 49; 19; 20; 25; 18
7,9,0.83216,0.77778,31; 24; 7; 9; 22; 26; 17; 20
20,64,0.43627,0.3125,6; 4; 20; 64; 23; 19; 11; 25
22,64,0.4421,0.34375,5; 6; 22; 64; 26; 3; 12; 16
9,70,0.24158,0.12857,3; 9; 9; 70; 7; 9; 28; 27
8,63,0.20206,0.12698,9; 8; 8; 63; 26; 8; 9; 24
5,82,0.2968,0.06098,5; 4; 5; 82; 11; 11; 21; 27
8,70,0.21192,0.11429,3; 10; 8; 70; 17; 23; 30; 11
5,63,0.15317,0.07937,13; 4; 5; 63; 24; 32; 29; 12
16,64,0.30535,0.25,7; 7; 16; 64; 31; 24; 8; 18
11,31,0.50023,0.35484,16; 21; 11; 31; 9; 3; 18; 20
18,63,0.34955,0.28571,6; 3; 18; 63; 29; 4; 12; 15
19,63,0.36742,0.30159,6; 3; 19; 63; 8; 15; 4; 22
24,32,0.55124,0.75,19; 4; 24; 32; 17; 32; 15; 29
6,78,0.34305,0.07692,5; 4; 6; 78; 8; 7; 32; 30
14,64,0.31689,0.21875,6; 3; 14; 64; 23; 15; 12; 24
15,48,0.31805,0.3125,4; 9; 15; 48; 20; 31; 3; 3
30,32,0.51121,0.9375,12; 3; 30; 32; 17; 23; 15; 12
16,53,0.30245,0.30189,8; 4; 16; 53; 9; 31; 4; 4
11,32,0.42789,0.34375,7; 16; 11; 32; 9; 24; 12; 3
7,82,0.30007,0.08537,3; 3; 7; 82; 18; 26; 7; 31
10,48,0.21542,0.20833,17; 12; 10; 48; 25; 17; 8; 20
13,63,0.28411,0.20635,7; 4; 13; 63; 22; 3; 5; 32
11,78,0.38263,0.14103,4; 3; 11; 78; 15; 29; 17; 32
9,78,0.31942,0.11538,5; 4; 9; 78; 22; 26; 11; 20
8,77,0.27857,0.1039,3; 5; 8; 77; 28; 18; 27; 17
7,82,0.31521,0.08537,4; 4; 7; 82; 28; 26; 9; 4
6,64,0.17629,0.09375,14; 10; 6; 64; 18; 24; 25; 7
8,49,0.17639,0.16327,20; 7; 8; 49; 16; 11; 19; 20
6,9,0.82263,0.66667,4; 11; 6; 9; 10; 3; 14; 12
6,64,0.15239,0.09375,8; 14; 6; 64; 17; 32; 8; 15
8,10,0.77316,0.8,3; 7; 8; 10; 32; 25; 3; 3
16,31,0.52685,0.51613,25; 4; 16; 31; 9; 18; 15; 11
6,9,0.81464,0.66667,23; 29; 6; 9; 27; 17; 12; 6
18,32,0.55379,0.5625,24; 6; 18; 32; 7; 26; 27; 7
23,53,0.43506,0.43396,4; 11; 23; 53; 21; 7; 25; 32
8,77,0.30735,0.1039,6; 3; 8; 77; 31; 10; 28; 18
19,63,0.37888,0.30159,5; 6; 19; 63; 11; 10; 10; 15
6,77,0.28151,0.07792,6; 4; 6; 77; 4; 9; 12; 29
37,48,0.76247,0.77083,6; 3; 37; 48; 23; 18; 3; 16
7,9,0.79369,0.77778,6; 7; 7; 9; 25; 7; 27; 32
8,9,0.80156,0.88889,40; 35; 8; 9; 25; 22; 18; 23
9,70,0.2214,0.12857,4; 7; 9; 70; 16; 19; 18; 26
29,32,0.62281,0.90625,4; 8; 29; 32; 28; 7; 22; 6
41,42,0.71167,0.97619,7; 4; 41; 42; 13; 20; 9; 4
9,78,0.28982,0.11538,4; 4; 9; 78; 5; 27; 27; 19
23,31,0.49386,0.74194,22; 7; 23; 31; 12; 32; 24; 14
6,9,0.82644,0.66667,5; 6; 6; 9; 31; 20; 27; 13
6,42,0.32803,0.14286,18; 8; 6; 42; 9; 13; 18; 12
10,78,0.3343,0.12821,3; 5; 10; 78; 6; 17; 9; 6
19,70,0.42715,0.27143,4; 3; 19; 70; 6; 15; 3; 13
36,48,0.71477,0.75,7; 3; 36; 48; 25; 26; 4; 32
13,64,0.27198,0.20312,8; 7; 13; 64; 28; 6; 26; 24
6,9,0.78411,0.66667,38; 20; 6; 9; 9; 5; 15; 14
12,70,0.34234,0.17143,7; 4; 12; 70; 13; 15; 4; 16
5,82,0.33282,0.06098,5; 5; 5; 82; 25; 14; 11; 21
30,31,0.5953,0.96774,9; 3; 30; 31; 31; 6; 6; 16
23,49,0.45332,0.46939,11; 5; 23; 49; 9; 12; 22; 6
10,77,0.31185,0.12987,4; 3; 10; 77; 15; 28; 9; 26
5,77,0.24629,0.06494,8; 5; 5; 77; 30; 8; 32; 10
14,63,0.28529,0.22222,7; 10; 14; 63; 4; 8; 12; 7
26,64,0.48894,0.40625,4; 4; 26; 64; 19; 16; 21; 29
29,49,0.5874,0.59184,5; 10; 29; 49; 10; 16; 22; 11
35,42,0.68671,0.83333,4; 10; 35; 42; 19; 4; 11; 23
33,53,0.60011,0.62264,5; 4; 33; 53; 21; 22; 23; 6
13,77,0.3741,0.16883,4; 3; 13; 77; 11; 13; 3; 9
10,78,0.32953,0.12821,4; 4; 10; 78; 22; 16; 3; 23
8,49,0.18577,0.16327,16; 19; 8; 49; 7; 31; 11; 6
5,82,0.34428,0.06098,4; 3; 5; 82; 28; 31; 4; 27
5,63,0.17896,0.07937,9; 5; 5; 63; 4; 3; 15; 15
15,63,0.31801,0.2381,5; 4; 15; 63; 30; 18; 13; 21
5,31,0.68345,0.16129,22; 13; 5; 31; 10; 18; 32; 4
8,77,0.28337,0.1039,5; 6; 8; 77; 20; 22; 16; 29
10,75,0.33638,0.13333,4; 5; 10; 75; 3; 27; 27; 32
31,32,0.55864,0.96875,7; 3; 31; 32; 10; 4; 17; 3
32,49,0.63024,0.65306,4; 6; 32; 49; 15; 12; 6; 31
9,53,0.18953,0.16981,17; 5; 9; 53; 24; 19; 14; 3
15,70,0.34475,0.21429,4; 4; 15; 70; 28; 3; 12; 22
7,63,0.12979,0.11111,14; 4; 7; 63; 18; 14; 12; 17
9,10,0.80239,0.9,12; 34; 9; 10; 15; 18; 24; 24
15,64,0.31802,0.23438,5; 7; 15; 64; 11; 6; 7; 28
22,26,0.52999,0.84615,8; 12; 22; 26; 5; 22; 23; 29
7,31,0.57271,0.22581,3; 5; 7; 31; 31; 7; 15; 16
26,42,0.51575,0.61905,13; 4; 26; 42; 23; 16; 4; 4
6,10,0.81417,0.6,3; 37; 6; 10; 7; 6; 25; 29
18,26,0.53484,0.69231,8; 22; 18; 26; 29; 31; 3; 15
10,77,0.35396,0.12987,5; 3; 10; 77; 21; 6; 17; 26
15,49,0.31389,0.30612,7; 10; 15; 49; 7; 6; 19; 21
27,31,0.55886,0.87097,15; 18; 27; 31; 15; 30; 11; 3
11,70,0.25265,0.15714,7; 6; 11; 70; 6; 11; 10; 27
8,9,0.80857,0.88889,17; 34; 8; 9; 11; 10; 22; 32
24,26,0.64265,0.92308,18; 8; 24; 26; 8; 6; 8; 9
22,64,0.43094,0.34375,4; 5; 22; 64; 4; 21; 18; 19
27,32,0.57504,0.84375,5; 18; 27; 32; 6; 12; 12; 27
13,31,0.65994,0.41935,3; 25; 13; 31; 31; 21; 24; 8
12,63,0.28673,0.19048,6; 5; 12; 63; 3; 21; 23; 31
9,77,0.32303,0.11688,3; 6; 9; 77; 11; 30; 7; 32
9,78,0.33919,0.11538,5; 5; 9; 78; 10; 13; 31; 26
8,9,0.80894,0.88889,25; 29; 8; 9; 22; 19; 18; 4
9,77,0.30963,0.11688,3; 5; 9; 77; 23; 6; 7; 15
14,53,0.28494,0.26415,11; 5; 14; 53; 23; 5; 26; 9
12,53,0.26623,0.22642,12; 11; 12; 53; 26; 15; 18; 17
21,64,0.40756,0.32812,5; 6; 21; 64; 3; 13; 4; 4
7,31,0.62534,0.22581,9; 18; 7; 31; 19; 6; 21; 24
23,31,0.6084,0.74194,18; 3; 23; 31; 3; 5; 19; 14
7,82,0.3784,0.08537,3; 4; 7; 82; 23; 18; 19; 18
11,64,0.24585,0.17188,9; 3; 11; 64; 31; 27; 25; 9
21,48,0.4364,0.4375,5; 6; 21; 48; 9; 16; 30; 30
6,10,0.82097,0.6,35; 31; 6; 10; 20; 19; 23; 28
17,32,0.51477,0.53125,11; 19; 17; 32; 3; 32; 8; 17
7,10,0.80418,0.7,3; 5; 7; 10; 24; 19; 10; 8
26,63,0.45602,0.4127,3; 4; 26; 63; 11; 6; 4; 14
7,77,0.27453,0.09091,5; 4; 7; 77; 10; 3; 6; 7
8,82,0.33939,0.09756,3; 3; 8; 82; 18; 28; 12; 14
15,48,0.3527,0.3125,11; 10; 15; 48; 31; 10; 4; 24
7,9,0.8011,0.77778,26; 3; 7; 9; 11; 9; 20; 16
11,75,0.32886,0.14667,5; 6; 11; 75; 6; 6; 28; 32
10,31,0.6809,0.32258,25; 4; 10; 31; 11; 17; 6; 24
9,26,0.61935,0.34615,25; 23; 9; 26; 9; 29; 28; 7
19,63,0.39194,0.30159,3; 8; 19; 63; 5; 22; 18; 7
11,75,0.30553,0.14667,6; 3; 11; 75; 24; 14; 4; 30
11,77,0.3793,0.14286,3; 5; 11; 77; 13; 21; 8; 16
6,82,0.31816,0.07317,5; 5; 6; 82; 32; 4; 8; 17
26,53,0.46515,0.49057,6; 5; 26; 53; 9; 24; 16; 4
9,78,0.28187,0.11538,3; 3; 9; 78; 3; 7; 23; 12
7,78,0.26125,0.08974,4; 3; 7; 78; 25; 8; 25; 15
8,10,0.82679,0.8,27; 9; 8; 10; 32; 19; 14; 9
5,10,0.82362,0.5,38; 40; 5; 10; 8; 31; 10; 25
11,63,0.24538,0.1746,8; 12; 11; 63; 19; 26; 8; 19
7,10,0.79757,0.7,32; 25; 7; 10; 24; 23; 24; 24
8,63,0.2031,0.12698,12; 9; 8; 63; 18; 17; 15; 8
17,70,0.38149,0.24286,3; 4; 17; 70; 19; 8; 17; 13
15,70,0.35803,0.21429,5; 5; 15; 70; 13; 16; 11; 11
5,10,0.82794,0.5,10; 5; 5; 10; 13; 27; 13; 11
6,77,0.26889,0.07792,4; 7; 6; 77; 5; 23; 3; 5
10,48,0.18765,0.20833,4; 17; 10; 48; 32; 8; 11; 21
10,70,0.23705,0.14286,5; 6; 10; 70; 3; 7; 31; 23
6,42,0.23358,0.14286,19; 22; 6; 42; 30; 30; 28; 4
5,9,0.80971,0.55556,40; 23; 5; 9; 9; 18; 23; 18
23,42,0.50272,0.54762,10; 16; 23; 42; 30; 32; 13; 9
8,10,0.79965,0.8,19; 15; 8; 10; 4; 14; 8; 13
12,77,0.33823,0.15584,4; 4; 12; 77; 17; 30; 12; 19
8,9,0.81359,0.88889,24; 11; 8; 9; 28; 21; 4; 20
7,26,0.59338,0.26923,9; 6; 7; 26; 9; 32; 12; 21
16,70,0.35802,0.22857,6; 6; 16; 70; 13; 13; 5; 30
10,31,0.49797,0.32258,7; 14; 10; 31; 17; 22; 30; 8
7,82,0.31772,0.08537,3; 4; 7; 82; 7; 32; 14; 8
32,42,0.66421,0.7619,5; 3; 32; 42; 3; 25; 22; 32
8,9,0.80164,0.88889,11; 17; 8; 9; 12; 21; 7; 23
10,77,0.356,0.12987,4; 4; 10; 77; 32; 24; 25; 8
21,31,0.44101,0.67742,13; 16; 21; 31; 19; 30; 29; 19
22,63,0.41108,0.34921,5; 3; 22; 63; 5; 15; 16; 8
6,10,0.82031,0.6,18; 36; 6; 10; 5; 13; 16; 26
37,48,0.74119,0.77083,5; 5; 37; 48; 8; 25; 27; 9
33,53,0.6194,0.62264,5; 3; 33; 53; 5; 22; 14; 16
27,49,0.53165,0.55102,7; 6; 27; 49; 9; 16; 11; 19
21,49,0.42345,0.42857,9; 9; 21; 49; 13; 23; 6; 19
5,9,0.82088,0.55556,40; 16; 5; 9; 16; 17; 19; 12
9,10,0.77709,0.9,31; 15; 9; 10; 3; 27; 15; 10
5,9,0.83906,0.55556,30; 15; 5; 9; 14; 20; 13; 29
8,9,0.81006,0.88889,5; 19; 8; 9; 3; 16; 9; 27
10,63,0.222,0.15873,12; 8; 10; 63; 13; 19; 21; 18
27,49,0.55693,0.55102,4; 9; 27; 49; 9; 6; 3; 9
22,26,0.55414,0.84615,3; 22; 22; 26; 6; 14; 13; 7
36,49,0.7306,0.73469,5; 3; 36; 49; 29; 21; 31; 9
5,78,0.2575,0.0641,7; 5; 5; 78; 9; 7; 32; 3
33,42,0.61751,0.78571,8; 4; 33; 42; 17; 25; 6; 10
5,64,0.15208,0.07812,5; 13; 5; 64; 5; 24; 3; 5
12,77,0.3478,0.15584,4; 4; 12; 77; 21; 8; 3; 18
13,77,0.36668,0.16883,3; 4; 13; 77; 17; 12; 23; 24
8,26,0.75082,0.30769,7; 26; 8; 26; 18; 24; 13; 22
11,70,0.27655,0.15714,4; 3; 11; 70; 16; 10; 6; 3
7,82,0.33748,0.08537,4; 4; 7; 82; 4; 16; 5; 30
30,31,0.60765,0.96774,15; 16; 30; 31; 19; 5; 3; 6
20,32,0.47331,0.625,11; 14; 20; 32; 30; 5; 7; 5
19,70,0.40667,0.27143,3; 3; 19; 70; 11; 15; 6; 25
19,31,0.57454,0.6129,23; 8; 19; 31; 13; 18; 24; 26
20,63,0.39467,0.31746,6; 4; 20; 63; 30; 12; 25; 7
12,75,0.33644,0.16,3; 3; 12; 75; 7; 28; 32; 9
7,10,0.80724,0.7,30; 16; 7; 10; 9; 25; 20; 13
5,70,0.24857,0.07143,8; 5; 5; 70; 30; 24; 29; 13
14,75,0.36818,0.18667,4; 3; 14; 75; 24; 3; 6; 17
28,32,0.52075,0.875,16; 7; 28; 32; 3; 3; 23; 4
9,53,0.21211,0.16981,12; 8; 9; 53; 19; 12; 31; 10
8,82,0.30507,0.09756,4; 3; 8; 82; 6; 28; 26; 22
12,78,0.35708,0.15385,3; 3; 12; 78; 11; 32; 23; 21
7,31,0.56594,0.22581,23; 27; 7; 31; 22; 3; 8; 20
27,32,0.55541,0.84375,4; 12; 27; 32; 23; 28; 10; 6
39,49,0.76501,0.79592,4; 5; 39; 49; 30; 23; 21; 9
22,64,0.43128,0.34375,4; 4; 22; 64; 15; 8; 5; 4
6,78,0.28908,0.07692,6; 6; 6; 78; 19; 3; 4; 21
16,26,0.5263,0.61538,8; 22; 16; 26; 9; 13; 25; 8
21,26,0.5356,0.80769,4; 7; 21; 26; 9; 6; 15; 14
7,70,0.24475,0.1,3; 7; 7; 70; 31; 7; 9; 12
5,9,0.83371,0.55556,34; 16; 5; 9; 17; 32; 31; 15
5,26,0.72266,0.19231,8; 27; 5; 26; 14; 19; 5; 10
7,48,0.18361,0.14583,10; 5; 7; 48; 3; 15; 15; 25
7,82,0.35777,0.08537,4; 4; 7; 82; 29; 16; 23; 8
22,53,0.41524,0.41509,11; 11; 22; 53; 3; 11; 18; 10
10,26,0.56919,0.38462,14; 8; 10; 26; 31; 30; 26; 7
7,63,0.1989,0.11111,9; 7; 7; 63; 12; 3; 27; 25
22,26,0.5046,0.84615,3; 16; 22; 26; 30; 13; 11; 31
7,63,0.19838,0.11111,10; 14; 7; 63; 14; 8; 8; 18
6,75,0.23275,0.08,4; 4; 6; 75; 12; 22; 13; 27
30,48,0.60693,0.625,7; 5; 30; 48; 6; 9; 32; 13
20,63,0.40156,0.31746,4; 5; 20; 63; 7; 31; 26; 30
29,53,0.55034,0.54717,7; 4; 29; 53; 32; 26; 5; 24
26,53,0.47661,0.49057,8; 9; 26; 53; 19; 17; 27; 25
24,48,0.49087,0.5,4; 13; 24; 48; 20; 18; 3; 18
7,31,0.63006,0.22581,21; 15; 7; 31; 27; 19; 12; 27
24,53,0.472,0.45283,10; 4; 24; 53; 22; 12; 19; 17
5,31,0.65004,0.16129,7; 28; 5; 31; 26; 5; 20; 18
8,32,0.68574,0.25,25; 3; 8; 32; 7; 12; 10; 25
8,82,0.36363,0.09756,3; 4; 8; 82; 8; 14; 15; 23
9,77,0.32827,0.11688,5; 6; 9; 77; 28; 26; 17; 22
5,9,0.82531,0.55556,21; 14; 5; 9; 24; 11; 8; 15
5,75,0.23187,0.06667,9; 4; 5; 75; 12; 10; 23; 9
20,63,0.36716,0.31746,3; 6; 20; 63; 14; 24; 31; 22
8,77,0.29655,0.1039,4; 6; 8; 77; 12; 15; 8; 13
9,77,0.31708,0.11688,6; 5; 9; 77; 11; 6; 21; 21
8,82,0.35471,0.09756,4; 3; 8; 82; 4; 24; 17; 21
14,70,0.34517,0.2,4; 3; 14; 70; 27; 24; 20; 8
39,48,0.77593,0.8125,3; 3; 39; 48; 18; 26; 25; 20
24,64,0.46238,0.375,4; 4; 24; 64; 18; 32; 31; 16
12,70,0.29544,0.17143,8; 7; 12; 70; 13; 29; 20; 23
12,78,0.35208,0.15385,3; 3; 12; 78; 14; 14; 14; 20
7,9,0.8124,0.77778,22; 8; 7; 9; 10; 22; 16; 31
6,82,0.3418,0.07317,4; 3; 6; 82; 6; 19; 31; 19
6,75,0.23696,0.08,8; 4; 6; 75; 30; 8; 29; 7
9,26,0.56252,0.34615,13; 14; 9; 26; 13; 27; 14; 20
19,64,0.33618,0.29688,6; 4; 19; 64; 31; 24; 4; 22
12,31,0.58181,0.3871,23; 6; 12; 31; 32; 13; 5; 31
9,10,0.79557,0.9,7; 22; 9; 10; 5; 28; 29; 12
7,77,0.29494,0.09091,5; 6; 7; 77; 26; 29; 10; 6
25,32,0.50028,0.78125,16; 9; 25; 32; 9; 11; 23; 9
11,26,0.60731,0.42308,20; 24; 11; 26; 17; 10; 5; 27
11,77,0.34438,0.14286,4; 4; 11; 77; 5; 28; 23; 16
14,75,0.35808,0.18667,4; 3; 14; 75; 22; 29; 4; 23
10,77,0.29253,0.12987,4; 5; 10; 77; 4; 17; 4; 13
17,32,0.55904,0.53125,6; 4; 17; 32; 21; 7; 22; 27
9,78,0.30059,0.11538,3; 5; 9; 78; 11; 31; 22; 28
14,49,0.32013,0.28571,9; 10; 14; 49; 30; 3; 15; 15
28,48,0.55882,0.58333,5; 8; 28; 48; 19; 24; 30; 8
8,82,0.34319,0.09756,4; 3; 8; 82; 10; 11; 17; 7
5,75,0.20644,0.06667,3; 8; 5; 75; 13; 5; 26; 11
5,26,0.76809,0.19231,16; 11; 5; 26; 8; 6; 8; 28
10,32,0.55902,0.3125,9; 19; 10; 32; 22; 11; 31; 7
29,31,0.55025,0.93548,12; 3; 29; 31; 29; 5; 30; 28
17,26,0.5912,0.65385,12; 23; 17; 26; 14; 14; 20; 7
23,26,0.51763,0.88462,21; 19; 23; 26; 21; 13; 11; 3
6,9,0.81323,0.66667,23; 16; 6; 9; 28; 24; 11; 19
7,32,0.62232,0.21875,5; 8; 7; 32; 5; 22; 21; 29
6,78,0.32813,0.07692,4; 6; 6; 78; 4; 7; 29; 3
22,26,0.59264,0.84615,9; 20; 22; 26; 21; 28; 25; 22
16,70,0.36557,0.22857,4; 5; 16; 70; 22; 10; 10; 24
21,49,0.40361,0.42857,4; 12; 21; 49; 32; 5; 24; 21
6,49,0.13938,0.12245,13; 21; 6; 49; 29; 12; 20; 22
26,53,0.5035,0.49057,6; 4; 26; 53; 7; 7; 3; 18
17,64,0.32399,0.26562,5; 3; 17; 64; 22; 20; 22; 20
6,82,0.32662,0.07317,4; 5; 6; 82; 23; 4; 8; 31
23,63,0.43374,0.36508,6; 4; 23; 63; 32; 3; 21; 3
32,48,0.65972,0.66667,8; 7; 32; 48; 15; 13; 15; 13
10,31,0.70968,0.32258,8; 27; 10; 31; 8; 23; 3; 4
9,10,0.79937,0.9,8; 30; 9; 10; 11; 23; 19; 16
17,70,0.38963,0.24286,5; 3; 17; 70; 16; 7; 26; 10
23,53,0.4254,0.43396,7; 10; 23; 53; 3; 9; 13; 15
23,49,0.45202,0.46939,6; 5; 23; 49; 24; 14; 32; 15
9,49,0.19874,0.18367,15; 17; 9; 49; 28; 7; 9; 7
14,53,0.30124,0.26415,10; 4; 14; 53; 16; 4; 26; 7
22,53,0.40364,0.41509,3; 7; 22; 53; 7; 16; 14; 21
5,70,0.21899,0.07143,4; 5; 5; 70; 6; 25; 20; 24
5,70,0.22043,0.07143,8; 5; 5; 70; 10; 20; 20; 24
39,42,0.71007,0.92857,3; 4; 39; 42; 25; 6; 4; 30
5,82,0.28333,0.06098,4; 5; 5; 82; 16; 25; 30; 19
25,32,0.56136,0.78125,20; 3; 25; 32; 7; 7; 5; 19
6,31,0.68685,0.19355,28; 30; 6; 31; 10; 23; 13; 24
36,53,0.70307,0.67925,3; 3; 36; 53; 17; 28; 16; 7
5,78,0.28273,0.0641,3; 7; 5; 78; 18; 6; 16; 20
12,78,0.38085,0.15385,3; 3; 12; 78; 17; 20; 15; 22
8,63,0.18455,0.12698,8; 5; 8; 63; 16; 28; 10; 5
7,10,0.80041,0.7,37; 20; 7; 10; 15; 3; 4; 17
29,49,0.58755,0.59184,7; 6; 29; 49; 26; 9; 8; 26
13,63,0.25868,0.20635,8; 11; 13; 63; 27; 31; 4; 5
7,26,0.77656,0.26923,8; 29; 7; 26; 10; 29; 12; 3
5,82,0.31984,0.06098,4; 5; 5; 82; 22; 5; 31; 4
37,48,0.73008,0.77083,4; 4; 37; 48; 9; 26; 14; 15
5,10,0.83243,0.5,34; 26; 5; 10; 7; 3; 3; 19
19,64,0.35425,0.29688,4; 3; 19; 64; 5; 13; 18; 12
7,75,0.30713,0.09333,7; 5; 7; 75; 12; 27; 22; 23
8,70,0.24264,0.11429,5; 6; 8; 70; 12; 11; 8; 7
22,49,0.43767,0.44898,8; 6; 22; 49; 23; 32; 16; 10
18,26,0.58153,0.69231,18; 26; 18; 26; 24; 4; 22; 29
20,31,0.4962,0.64516,23; 23; 20; 31; 32; 8; 29; 4
9,70,0.21295,0.12857,8; 8; 9; 70; 25; 19; 13; 5
26,64,0.45299,0.40625,4; 4; 26; 64; 19; 24; 32; 12
22,42,0.48355,0.52381,11; 13; 22; 42; 18; 13; 26; 3
9,10,0.81766,0.9,16; 34; 9; 10; 17; 5; 21; 16
22,48,0.45118,0.45833,10; 11; 22; 48; 21; 24; 13; 22
27,49,0.5445,0.55102,8; 8; 27; 49; 17; 11; 32; 16
16,53,0.30884,0.30189,4; 3; 16; 53; 13; 6; 17; 11
32,42,0.63024,0.7619,8; 11; 32; 42; 10; 28; 6; 32
12,31,0.70307,0.3871,26; 23; 12; 31; 29; 5; 31; 18
36,53,0.66938,0.67925,4; 3; 36; 53; 6; 27; 6; 5
33,53,0.61744,0.62264,6; 3; 33; 53; 18; 3; 25; 16
37,42,0.72669,0.88095,6; 9; 37; 42; 12; 12; 3; 15
37,42,0.7224,0.88095,3; 6; 37; 42; 31; 20; 5; 24
9,75,0.27129,0.12,3; 5; 9; 75; 7; 23; 13; 31
19,49,0.38976,0.38776,9; 5; 19; 49; 5; 17; 30; 13
38,48,0.76364,0.79167,3; 5; 38; 48; 28; 7; 3; 15
14,31,0.55757,0.45161,4; 8; 14; 31; 30; 27; 16; 23
20,32,0.54174,0.625,13; 23; 20; 32; 29; 22; 15; 12
19,42,0.48305,0.45238,14; 3; 19; 42; 4; 9; 32; 23
20,70,0.4238,0.28571,4; 3; 20; 70; 10; 23; 4; 21
13,77,0.3979,0.16883,3; 4; 13; 77; 32; 32; 3; 23
24,26,0.54621,0.92308,13; 11; 24; 26; 18; 23; 10; 19
19,64,0.36576,0.29688,7; 3; 19; 64; 16; 4; 28; 13
9,78,0.3884,0.11538,5; 4; 9; 78; 22; 23; 12; 30
35,49,0.70297,0.71429,5; 4; 35; 49; 25; 8; 26; 6
6,10,0.80064,0.6,38; 6; 6; 10; 6; 11; 10; 18
29,31,0.58648,0.93548,5; 17; 29; 31; 4; 8; 27; 12
5,82,0.28919,0.06098,3; 3; 5; 82; 27; 12; 4; 5
18,49,0.35957,0.36735,8; 11; 18; 49; 4; 11; 11; 31
14,70,0.3756,0.2,4; 4; 14; 70; 4; 12; 13; 25
16,48,0.3417,0.33333,7; 16; 16; 48; 9; 9; 26; 26
19,70,0.39556,0.27143,4; 3; 19; 70; 21; 16; 13; 6
11,75,0.33343,0.14667,5; 6; 11; 75; 31; 8; 30; 28
6,10,0.79505,0.6,34; 34; 6; 10; 28; 13; 10; 32
27,63,0.4739,0.42857,3; 4; 27; 63; 28; 19; 11; 6
8,42,0.33503,0.19048,22; 4; 8; 42; 23; 25; 8; 12
14,53,0.26846,0.26415,8; 15; 14; 53; 25; 19; 7; 12
8,70,0.29621,0.11429,6; 3; 8; 70; 6; 6; 3; 12
25,64,0.45007,0.39062,3; 4; 25; 64; 12; 32; 16; 24
36,49,0.72402,0.73469,5; 3; 36; 49; 26; 21; 26; 17
24,64,0.445,0.375,4; 3; 24; 64; 18; 9; 23; 19
16,49,0.35083,0.32653,15; 8; 16; 49; 23; 13; 15; 4
17,42,0.39411,0.40476,4; 12; 17; 42; 26; 15; 12; 10
21,63,0.41398,0.33333,5; 5; 21; 63; 7; 28; 25; 30
16,42,0.39761,0.38095,16; 14; 16; 42; 17; 3; 17; 30
11,42,0.27425,0.2619,3; 13; 11; 42; 22; 28; 20; 6
8,82,0.38075,0.09756,4; 4; 8; 82; 27; 7; 10; 20
11,63,0.24396,0.1746,8; 5; 11; 63; 18; 7; 32; 15
13,26,0.78283,0.5,23; 20; 13; 26; 3; 9; 13; 21
28,53,0.53124,0.5283,5; 6; 28; 53; 13; 15; 13; 18
15,75,0.36101,0.2,3; 3; 15; 75; 12; 15; 27; 32
17,26,0.49305,0.65385,19; 20; 17; 26; 4; 4; 29; 4
11,70,0.26451,0.15714,7; 7; 11; 70; 4; 23; 3; 32
6,77,0.29464,0.07792,7; 6; 6; 77; 25; 19; 17; 22
13,49,0.25376,0.26531,3; 18; 13; 49; 5; 21; 29; 21
6,82,0.33831,0.07317,4; 4; 6; 82; 26; 4; 18; 30
5,75,0.2543,0.06667,5; 7; 5; 75; 22; 24; 24; 22
17,64,0.31773,0.26562,5; 4; 17; 64; 19; 20; 27; 25
34,53,0.66097,0.64151,5; 4; 34; 53; 22; 24; 10; 16
36,49,0.71377,0.73469,3; 3; 36; 49; 6; 14; 30; 4
12,75,0.36422,0.16,5; 4; 12; 75; 15; 30; 9; 13
30,31,0.50066,0.96774,4; 18; 30; 31; 3; 16; 21; 9
5,82,0.34534,0.06098,5; 4; 5; 82; 20; 13; 3; 13
7,9,0.82217,0.77778,13; 9; 7; 9; 24; 22; 27; 18
16,53,0.3066,0.30189,12; 12; 16; 53; 28; 13; 3; 15
7,9,0.7987,0.77778,5; 28; 7; 9; 18; 22; 23; 17
14,53,0.2777,0.26415,8; 6; 14; 53; 20; 13; 21; 5
18,26,0.4758,0.69231,4; 18; 18; 26; 27; 32; 17; 21
5,78,0.30525,0.0641,7; 5; 5; 78; 15; 19; 8; 20
6,10,0.80924,0.6,30; 19; 6; 10; 21; 31; 21; 10
11,32,0.64027,0.34375,6; 15; 11; 32; 8; 31; 19; 12
26,63,0.47717,0.4127,4; 3; 26; 63; 9; 7; 20; 20
7,82,0.30625,0.08537,3; 3; 7; 82; 14; 19; 9; 9
23,63,0.43265,0.36508,4; 6; 23; 63; 32; 9; 9; 18
7,9,0.81978,0.77778,4; 18; 7; 9; 23; 31; 10; 22
8,9,0.80106,0.88889,39; 20; 8; 9; 27; 32; 7; 12
5,64,0.17383,0.07812,8; 13; 5; 64; 8; 20; 13; 10
6,9,0.78812,0.66667,9; 20; 6; 9; 19; 12; 5; 28
27,49,0.53302,0.55102,7; 8; 27; 49; 19; 3; 6; 16
14,49,0.26663,0.28571,10; 8; 14; 49; 23; 26; 4; 19
5,9,0.81941,0.55556,36; 26; 5; 9; 28; 6; 16; 20
13,64,0.30417,0.20312,4; 5; 13; 64; 30; 22; 30; 10
26,64,0.46328,0.40625,3; 3; 26; 64; 13; 13; 19; 18
5,82,0.35376,0.06098,3; 4; 5; 82; 23; 21; 7; 21
14,75,0.36552,0.18667,4; 3; 14; 75; 6; 9; 31; 31
5,63,0.16893,0.07937,3; 14; 5; 63; 27; 28; 12; 12
5,9,0.84312,0.55556,39; 19; 5; 9; 31; 26; 24; 12
26,64,0.48182,0.40625,4; 3; 26; 64; 14; 28; 13; 4
40,49,0.80025,0.81633,3; 3; 40; 49; 21; 24; 23; 12
8,32,0.56248,0.25,4; 7; 8; 32; 9; 24; 29; 6
25,26,0.64829,0.96154,7; 6; 25; 26; 12; 24; 20; 8
7,82,0.3283,0.08537,4; 4; 7; 82; 11; 9; 20; 30
6,64,0.16373,0.09375,5; 14; 6; 64; 6; 22; 10; 28
24,49,0.47396,0.4898,12; 11; 24; 49; 5; 11; 28; 23
18,53,0.34822,0.33962,7; 12; 18; 53; 32; 23; 17; 19
28,49,0.52955,0.57143,5; 3; 28; 49; 23; 11; 23; 10
18,53,0.36927,0.33962,9; 10; 18; 53; 13; 17; 22; 23
7,31,0.81771,0.22581,26; 13; 7; 31; 21; 18; 7; 32
6,82,0.34222,0.07317,5; 3; 6; 82; 17; 7; 20; 10
19,48,0.38831,0.39583,14; 5; 19; 48; 9; 31; 6; 22
13,70,0.29053,0.18571,7; 5; 13; 70; 13; 22; 24; 24
16,32,0.48128,0.5,17; 6; 16; 32; 21; 28; 6; 29
7,75,0.24994,0.09333,5; 6; 7; 75; 5; 6; 15; 11
10,75,0.28766,0.13333,4; 4; 10; 75; 22; 30; 21; 3
9,64,0.23079,0.14062,8; 10; 9; 64; 32; 19; 20; 13
5,82,0.30606,0.06098,4; 5; 5; 82; 8; 16; 23; 7
7,9,0.81834,0.77778,35; 15; 7; 9; 11; 7; 22; 4
8,82,0.32267,0.09756,3; 4; 8; 82; 23; 23; 7; 23
6,75,0.24954,0.08,4; 8; 6; 75; 23; 18; 9; 13
6,10,0.82994,0.6,11; 4; 6; 10; 22; 22; 12; 25
23,26,0.4701,0.88462,11; 3; 23; 26; 26; 25; 7; 5
7,63,0.18454,0.11111,9; 7; 7; 63; 9; 26; 31; 22
11,78,0.35809,0.14103,3; 4; 11; 78; 9; 12; 30; 26
8,77,0.26041,0.1039,6; 3; 8; 77; 11; 10; 20; 15
7,32,0.49701,0.21875,14; 6; 7; 32; 6; 25; 25; 30
5,9,0.81391,0.55556,34; 20; 5; 9; 23; 28; 5; 30
19,64,0.38003,0.29688,5; 7; 19; 64; 12; 17; 6; 9
8,9,0.80215,0.88889,28; 6; 8; 9; 15; 3; 12; 9
14,64,0.31594,0.21875,7; 6; 14; 64; 17; 7; 7; 26
29,48,0.56866,0.60417,6; 9; 29; 48; 9; 4; 20; 21
10,53,0.22009,0.18868,7; 7; 10; 53; 8; 26; 30; 14
19,63,0.3719,0.30159,6; 7; 19; 63; 24; 3; 7; 31
15,63,0.32823,0.2381,3; 10; 15; 63; 11; 25; 20; 25
39,49,0.77771,0.79592,5; 4; 39; 49; 21; 11; 17; 30
5,32,0.79978,0.15625,26; 24; 5; 32; 4; 30; 24; 7
15,48,0.37212,0.3125,11; 17; 15; 48; 18; 22; 19; 32
5,70,0.22813,0.07143,8; 4; 5; 70; 5; 28; 30; 11
20,26,0.48655,0.76923,10; 13; 20; 26; 13; 10; 7; 32
8,53,0.13703,0.15094,8; 5; 8; 53; 12; 32; 5; 9
7,10,0.81765,0.7,35; 14; 7; 10; 12; 17; 31; 25
11,77,0.38773,0.14286,3; 3; 11; 77; 20; 19; 8; 14
7,9,0.81133,0.77778,35; 18; 7; 9; 19; 29; 6; 22
9,53,0.18594,0.16981,9; 10; 9; 53; 12; 25; 24; 13
7,77,0.25585,0.09091,5; 3; 7; 77; 7; 12; 4; 16
27,31,0.52327,0.87097,18; 19; 27; 31; 11; 23; 24; 4
14,26,0.65748,0.53846,12; 11; 14; 26; 29; 20; 26; 18
6,77,0.25846,0.07792,3; 5; 6; 77; 25; 23; 14; 7
6,77,0.30819,0.07792,3; 6; 6; 77; 9; 27; 18; 16
13,75,0.33247,0.17333,4; 5; 13; 75; 6; 15; 26; 27
29,31,0.62689,0.93548,11; 18; 29; 31; 22; 29; 6; 17
8,78,0.28308,0.10256,5; 4; 8; 78; 13; 27; 12; 18
5,10,0.81685,0.5,6; 9; 5; 10; 10; 7; 11; 14
13,31,0.5931,0.41935,10; 18; 13; 31; 7; 28; 20; 17
8,78,0.30203,0.10256,4; 4; 8; 78; 9; 18; 27; 9
12,78,0.33534,0.15385,4; 4; 12; 78; 22; 14; 17; 30
20,63,0.38234,0.31746,5; 7; 20; 63; 24; 17; 27; 17
29,32,0.65498,0.90625,10; 15; 29; 32; 12; 31; 30; 21
25,53,0.44157,0.4717,5; 7; 25; 53; 7; 28; 18; 4
39,42,0.71376,0.92857,5; 3; 39; 42; 5; 26; 21; 6
26,64,0.4723,0.40625,3; 3; 26; 64; 13; 22; 32; 30
15,75,0.37922,0.2,4; 4; 15; 75; 9; 21; 22; 25
15,64,0.32342,0.23438,8; 3; 15; 64; 5; 11; 3; 12
34,53,0.66954,0.64151,4; 5; 34; 53; 18; 24; 27; 6
8,32,0.78415,0.25,5; 14; 8; 32; 22; 17; 17; 21
5,70,0.19319,0.07143,8; 6; 5; 70; 26; 11; 10; 12
9,31,0.43324,0.29032,16; 23; 9; 31; 20; 7; 17; 7
11,77,0.36729,0.14286,3; 4; 11; 77; 15; 15; 23; 21
24,26,0.57353,0.92308,13; 5; 24; 26; 26; 31; 6; 17
7,10,0.81754,0.7,14; 28; 7; 10; 8; 15; 29; 10
7,10,0.81988,0.7,16; 18; 7; 10; 3; 18; 26; 30
17,64,0.34245,0.26562,4; 8; 17; 64; 7; 14; 16; 18
5,82,0.27114,0.06098,3; 5; 5; 82; 24; 7; 5; 29
6,26,0.66911,0.23077,16; 26; 6; 26; 26; 20; 10; 9
5,10,0.84088,0.5,15; 18; 5; 10; 23; 16; 22; 24
15,75,0.37429,0.2,4; 3; 15; 75; 13; 27; 11; 14
20,26,0.62144,0.76923,16; 15; 20; 26; 23; 19; 23; 15
13,31,0.48756,0.41935,3; 26; 13; 31; 10; 18; 10; 11
7,78,0.26417,0.08974,3; 5; 7; 78; 6; 22; 17; 6
19,31,0.50002,0.6129,6; 22; 19; 31; 17; 28; 13; 21
6,82,0.36239,0.07317,4; 4; 6; 82; 21; 22; 3; 9
10,75,0.28961,0.13333,6; 4; 10; 75; 9; 17; 15; 16
10,78,0.3678,0.12821,5; 3; 10; 78; 8; 4; 14; 21
7,9,0.81338,0.77778,33; 10; 7; 9; 28; 22; 10; 18
8,82,0.33195,0.09756,3; 4; 8; 82; 7; 15; 21; 10
13,75,0.35178,0.17333,5; 3; 13; 75; 28; 6; 16; 27
34,42,0.63103,0.80952,7; 3; 34; 42; 23; 21; 10; 22
19,63,0.36499,0.30159,6; 7; 19; 63; 8; 6; 27; 23
6,82,0.35296,0.07317,3; 5; 6; 82; 27; 21; 6; 22
12,64,0.25406,0.1875,10; 4; 12; 64; 10; 27; 17; 27
5,70,0.15241,0.07143,3; 8; 5; 70; 21; 7; 13; 14
7,70,0.22184,0.1,7; 8; 7; 70; 9; 6; 18; 7
9,70,0.31345,0.12857,7; 5; 9; 70; 3; 28; 28; 15
34,49,0.70257,0.69388,5; 6; 34; 49; 4; 28; 10; 8
16,49,0.3318,0.32653,4; 3; 16; 49; 12; 10; 10; 32
6,82,0.27475,0.07317,5; 5; 6; 82; 17; 15; 7; 15
14,75,0.36029,0.18667,3; 3; 14; 75; 21; 11; 21; 22
6,78,0.28435,0.07692,5; 4; 6; 78; 25; 31; 10; 3
12,48,0.26192,0.25,6; 14; 12; 48; 15; 8; 7; 8
7,77,0.23846,0.09091,6; 4; 7; 77; 27; 9; 7; 15
15,32,0.51883,0.46875,17; 13; 15; 32; 27; 30; 5; 19
11,31,0.552,0.35484,17; 12; 11; 31; 32; 14; 29; 9
7,78,0.31985,0.08974,5; 5; 7; 78; 6; 29; 26; 32
21,32,0.63552,0.65625,18; 4; 21; 32; 22; 20; 4; 6
24,48,0.49856,0.5,9; 11; 24; 48; 9; 3; 27; 19
41,42,0.72658,0.97619,5; 4; 41; 42; 4; 29; 32; 11
34,48,0.69254,0.70833,3; 5; 34; 48; 23; 20; 14; 28
13,32,0.56294,0.40625,16; 19; 13; 32; 20; 29; 23; 14
19,64,0.37235,0.29688,3; 3; 19; 64; 13; 11; 8; 29
7,9,0.81069,0.77778,15; 37; 7; 9; 30; 4; 9; 12
40,42,0.73754,0.95238,8; 4; 40; 42; 23; 15; 27; 18
9,77,0.33664,0.11688,6; 3; 9; 77; 8; 27; 29; 19
7,70,0.22983,0.1,5; 3; 7; 70; 19; 13; 29; 22
16,63,0.31797,0.25397,8; 8; 16; 63; 9; 6; 3; 15
37,42,0.67768,0.88095,7; 4; 37; 42; 32; 12; 5; 8
33,49,0.65861,0.67347,7; 5; 33; 49; 4; 9; 5; 18
5,70,0.20388,0.07143,4; 7; 5; 70; 13; 17; 31; 9
18,70,0.3821,0.25714,4; 3; 18; 70; 32; 8; 15; 4
5,9,0.82959,0.55556,21; 35; 5; 9; 22; 31; 17; 13
6,63,0.16237,0.09524,13; 14; 6; 63; 20; 27; 4; 5
22,63,0.40478,0.34921,4; 6; 22; 63; 14; 20; 19; 15
5,78,0.23175,0.0641,4; 5; 5; 78; 6; 10; 11; 12
7,82,0.3525,0.08537,3; 3; 7; 82; 4; 27; 19; 20
14,70,0.36612,0.2,6; 7; 14; 70; 28; 8; 7; 29
13,77,0.33707,0.16883,3; 3; 13; 77; 10; 18; 24; 24
8,82,0.33034,0.09756,3; 3; 8; 82; 17; 3; 16; 15
5,31,0.65742,0.16129,7; 5; 5; 31; 21; 24; 8; 30
21,32,0.56863,0.65625,6; 9; 21; 32; 16; 4; 7; 6
41,48,0.81104,0.85417,3; 3; 41; 48; 25; 26; 12; 27
32,49,0.61145,0.65306,6; 4; 32; 49; 10; 12; 13; 11
8,82,0.34563,0.09756,3; 3; 8; 82; 12; 17; 17; 15
7,49,0.21589,0.14286,8; 20; 7; 49; 30; 12; 12; 15
11,63,0.24303,0.1746,5; 12; 11; 63; 23; 32; 15; 13
13,31,0.68393,0.41935,18; 26; 13; 31; 15; 10; 31; 31
30,49,0.60845,0.61224,9; 7; 30; 49; 15; 25; 20; 27
5,64,0.17756,0.07812,4; 5; 5; 64; 6; 30; 10; 20
16,70,0.3626,0.22857,4; 4; 16; 70; 29; 8; 6; 3
5,9,0.82431,0.55556,31; 33; 5; 9; 7; 25; 29; 27
7,9,0.8243,0.77778,3; 13; 7; 9; 22; 18; 14; 29
6,9,0.80036,0.66667,30; 24; 6; 9; 32; 27; 10; 8
5,10,0.81084,0.5,12; 32; 5; 10; 4; 23; 21; 12
10,63,0.22521,0.15873,4; 12; 10; 63; 7; 15; 31; 32
17,63,0.34369,0.26984,4; 8; 17; 63; 10; 6; 17; 13
10,63,0.23783,0.15873,6; 12; 10; 63; 5; 22; 19; 11
9,53,0.21009,0.16981,13; 3; 9; 53; 28; 29; 12; 9
26,48,0.52672,0.54167,9; 10; 26; 48; 22; 13; 4; 28
9,77,0.33519,0.11688,5; 4; 9; 77; 23; 19; 27; 25
13,42,0.35653,0.30952,19; 14; 13; 42; 23; 8; 28; 25
33,53,0.62667,0.62264,6; 5; 33; 53; 16; 6; 29; 18
12,77,0.36243,0.15584,4; 4; 12; 77; 5; 32; 24; 7
7,48,0.22369,0.14583,8; 14; 7; 48; 21; 26; 9; 10
6,9,0.83275,0.66667,38; 24; 6; 9; 3; 32; 31; 18
21,31,0.58312,0.67742,15; 14; 21; 31; 22; 9; 25; 28
23,53,0.43511,0.43396,6; 7; 23; 53; 21; 14; 20; 18
7,31,0.60657,0.22581,20; 6; 7; 31; 16; 10; 29; 28
5,70,0.21745,0.07143,3; 9; 5; 70; 4; 29; 4; 12
32,49,0.63083,0.65306,6; 6; 32; 49; 32; 10; 9; 24
7,9,0.8307,0.77778,29; 3; 7; 9; 12; 7; 9; 13
23,63,0.4375,0.36508,5; 5; 23; 63; 24; 29; 23; 10
24,48,0.49668,0.5,12; 11; 24; 48; 27; 32; 28; 6
8,53,0.17211,0.15094,3; 10; 8; 53; 15; 20; 31; 20
13,75,0.33577,0.17333,4; 5; 13; 75; 17; 28; 24; 4
5,9,0.80541,0.55556,14; 40; 5; 9; 7; 19; 23; 32
5,49,0.17242,0.10204,19; 10; 5; 49; 10; 17; 6; 27
10,77,0.28249,0.12987,5; 3; 10; 77; 12; 5; 19; 8
16,70,0.35793,0.22857,3; 3; 16; 70; 12; 11; 20; 19
19,64,0.35225,0.29688,3; 7; 19; 64; 28; 30; 6; 3
5,75,0.23602,0.06667,7; 3; 5; 75; 7; 16; 17; 18
10,78,0.32094,0.12821,3; 5; 10; 78; 13; 16; 19; 16
9,75,0.26799,0.12,3; 4; 9; 75; 18; 31; 4; 23
8,75,0.25409,0.10667,3; 6; 8; 75; 10; 24; 22; 11
7,77,0.28043,0.09091,7; 3; 7; 77; 13; 26; 3; 27
20,26,0.52246,0.76923,23; 26; 20; 26; 30; 16; 26; 23
12,63,0.27123,0.19048,9; 4; 12; 63; 6; 13; 23; 14
15,70,0.38447,0.21429,4; 6; 15; 70; 8; 9; 32; 27
8,82,0.33582,0.09756,3; 4; 8; 82; 26; 22; 11; 23
7,10,0.80603,0.7,14; 33; 7; 10; 7; 4; 28; 26
13,49,0.27951,0.26531,16; 3; 13; 49; 10; 14; 24; 13
18,64,0.37573,0.28125,3; 3; 18; 64; 27; 15; 23; 19
12,78,0.3848,0.15385,4; 3; 12; 78; 25; 12; 7; 25
26,48,0.51544,0.54167,4; 11; 26; 48; 24; 12; 27; 21
9,70,0.2753,0.12857,4; 7; 9; 70; 6; 20; 9; 18
31,42,0.65801,0.7381,12; 6; 31; 42; 20; 26; 26; 7
23,63,0.43296,0.36508,5; 6; 23; 63; 8; 20; 12; 5
13,42,0.3158,0.30952,21; 3; 13; 42; 28; 30; 14; 16
33,53,0.6474,0.62264,3; 6; 33; 53; 13; 17; 28; 27
30,32,0.65049,0.9375,12; 7; 30; 32; 16; 26; 5; 27
10,70,0.30678,0.14286,5; 6; 10; 70; 15; 21; 6; 8
5,75,0.27295,0.06667,9; 8; 5; 75; 17; 17; 20; 27
7,82,0.37454,0.08537,3; 3; 7; 82; 22; 30; 27; 15
12,77,0.37544,0.15584,4; 4; 12; 77; 26; 3; 18; 8
10,77,0.36262,0.12987,5; 4; 10; 77; 27; 21; 9; 21
16,31,0.54915,0.51613,19; 25; 16; 31; 28; 15; 12; 16
10,70,0.24263,0.14286,8; 8; 10; 70; 15; 18; 22; 18
40,49,0.79013,0.81633,3; 4; 40; 49; 24; 32; 17; 11
6,32,0.68261,0.1875,3; 19; 6; 32; 11; 28; 25; 11
5,53,0.1384,0.09434,3; 7; 5; 53; 11; 11; 15; 30
12,77,0.35867,0.15584,3; 3; 12; 77; 4; 25; 25; 5
6,70,0.19165,0.08571,3; 6; 6; 70; 26; 15; 17; 27
8,9,0.79297,0.88889,20; 24; 8; 9; 27; 6; 15; 28
6,9,0.82102,0.66667,41; 10; 6; 9; 7; 3; 13; 27
8,48,0.20377,0.16667,16; 6; 8; 48; 7; 12; 6; 30
13,42,0.38945,0.30952,20; 21; 13; 42; 24; 23; 16; 23
13,75,0.33067,0.17333,4; 5; 13; 75; 15; 15; 5; 25
24,64,0.42729,0.375,3; 5; 24; 64; 30; 7; 25; 19
8,82,0.31016,0.09756,4; 3; 8; 82; 24; 16; 21; 26
9,78,0.31693,0.11538,5; 4; 9; 78; 11; 11; 25; 10
19,70,0.38118,0.27143,4; 3; 19; 70; 24; 16; 21; 13
24,42,0.56083,0.57143,6; 16; 24; 42; 11; 22; 21; 6
12,64,0.2607,0.1875,7; 11; 12; 64; 22; 25; 6; 10
23,42,0.52005,0.54762,10; 7; 23; 42; 21; 27; 20; 11
6,75,0.26762,0.08,5; 7; 6; 75; 8; 15; 18; 31
29,31,0.51153,0.93548,16; 17; 29; 31; 16; 15; 26; 20
8,82,0.32802,0.09756,3; 3; 8; 82; 20; 22; 10; 26
5,26,0.71432,0.19231,22; 9; 5; 26; 32; 11; 30; 4
21,31,0.55558,0.67742,7; 12; 21; 31; 18; 14; 10; 14
7,63,0.16856,0.11111,11; 11; 7; 63; 9; 15; 17; 28
13,31,0.57777,0.41935,17; 20; 13; 31; 8; 16; 21; 15
7,82,0.38271,0.08537,4; 4; 7; 82; 3; 11; 10; 28
8,82,0.36019,0.09756,4; 4; 8; 82; 21; 27; 25; 20
8,78,0.32046,0.10256,5; 3; 8; 78; 16; 11; 7; 26
5,63,0.15584,0.07937,14; 11; 5; 63; 12; 29; 28; 20
6,10,0.80744,0.6,33; 37; 6; 10; 5; 21; 28; 4
11,70,0.2768,0.15714,3; 4; 11; 70; 8; 8; 7; 16
17,42,0.4094,0.40476,4; 15; 17; 42; 12; 20; 13; 3
13,42,0.37017,0.30952,10; 10; 13; 42; 6; 12; 26; 6
21,63,0.39938,0.33333,5; 5; 21; 63; 10; 9; 10; 11
8,77,0.32519,0.1039,3; 6; 8; 77; 7; 28; 15; 28
31,53,0.58926,0.58491,5; 3; 31; 53; 15; 5; 7; 21
5,64,0.17207,0.07812,3; 12; 5; 64; 27; 17; 20; 31
5,9,0.81799,0.55556,18; 25; 5; 9; 32; 22; 17; 17
28,48,0.56185,0.58333,7; 7; 28; 48; 29; 29; 14; 9
25,42,0.52318,0.59524,8; 15; 25; 42; 14; 6; 31; 20
7,10,0.77485,0.7,18; 37; 7; 10; 19; 10; 21; 17
6,75,0.27753,0.08,6; 4; 6; 75; 4; 6; 23; 28
7,70,0.22268,0.1,4; 7; 7; 70; 22; 26; 18; 17
11,42,0.30634,0.2619,14; 4; 11; 42; 10; 22; 22; 14
13,75,0.34672,0.17333,5; 3; 13; 75; 9; 29; 20; 20
38,49,0.75822,0.77551,5; 5; 38; 49; 11; 3; 8; 22
6,82,0.32062,0.07317,3; 3; 6; 82; 5; 18; 32; 29
5,31,0.66574,0.16129,29; 30; 5; 31; 15; 21; 3; 7
18,63,0.36525,0.28571,7; 6; 18; 63; 11; 16; 9; 30
6,75,0.2906,0.08,5; 7; 6; 75; 24; 30; 30; 13
8,78,0.3229,0.10256,4; 4; 8; 78; 7; 21; 15; 28
9,26,0.69671,0.34615,31; 9; 9; 26; 15; 24; 14; 5
31,53,0.56147,0.58491,3; 7; 31; 53; 15; 32; 28; 14
7,64,0.2235,0.10938,8; 3; 7; 64; 27; 22; 7; 6
12,75,0.32446,0.16,3; 4; 12; 75; 17; 10; 26; 9
22,49,0.4212,0.44898,11; 10; 22; 49; 6; 17; 11; 11
10,70,0.30635,0.14286,6; 4; 10; 70; 12; 30; 26; 3
8,70,0.23672,0.11429,8; 10; 8; 70; 29; 7; 28; 25
11,77,0.36007,0.14286,5; 5; 11; 77; 32; 13; 10; 12
16,49,0.3591,0.32653,16; 7; 16; 49; 24; 7; 32; 25
18,70,0.38946,0.25714,4; 5; 18; 70; 17; 4; 22; 14
10,53,0.22561,0.18868,10; 3; 10; 53; 10; 22; 20; 12
30,32,0.593,0.9375,5; 11; 30; 32; 5; 31; 20; 17
15,31,0.5385,0.48387,13; 15; 15; 31; 23; 19; 13; 15
20,64,0.41615,0.3125,3; 5; 20; 64; 3; 29; 10; 22
18,42,0.4058,0.42857,3; 15; 18; 42; 32; 5; 5; 21
10,32,0.75213,0.3125,14; 8; 10; 32; 22; 12; 13; 20
5,82,0.28736,0.06098,5; 5; 5; 82; 13; 9; 27; 16
28,53,0.50705,0.5283,3; 3; 28; 53; 28; 8; 24; 6
11,32,0.51127,0.34375,9; 18; 11; 32; 11; 17; 5; 6
15,70,0.35591,0.21429,4; 4; 15; 70; 13; 19; 7; 31
26,32,0.63714,0.8125,17; 20; 26; 32; 15; 19; 21; 19
5,78,0.31331,0.0641,5; 5; 5; 78; 26; 8; 14; 27
15,63,0.29999,0.2381,10; 4; 15; 63; 11; 8; 22; 8
16,70,0.34457,0.22857,6; 3; 16; 70; 30; 7; 19; 13
13,48,0.23505,0.27083,17; 10; 13; 48; 19; 14; 27; 13
17,64,0.35885,0.26562,5; 7; 17; 64; 17; 32; 32; 8
9,78,0.37597,0.11538,5; 5; 9; 78; 5; 13; 21; 18
19,48,0.38439,0.39583,7; 5; 19; 48; 21; 31; 5; 5
39,48,0.78307,0.8125,5; 4; 39; 48; 9; 9; 13; 26
29,31,0.64146,0.93548,5; 9; 29; 31; 14; 13; 20; 7
16,26,0.6893,0.61538,17; 11; 16; 26; 12; 9; 30; 29
23,64,0.40271,0.35938,5; 5; 23; 64; 7; 8; 10; 25
7,9,0.80872,0.77778,40; 37; 7; 9; 21; 13; 18; 4
19,42,0.44893,0.45238,14; 7; 19; 42; 13; 3; 30; 17
19,64,0.38223,0.29688,3; 5; 19; 64; 12; 27; 27; 23
7,70,0.17228,0.1,6; 10; 7; 70; 5; 19; 9; 15
39,42,0.73215,0.92857,6; 3; 39; 42; 15; 10; 20; 26
10,78,0.3326,0.12821,5; 5; 10; 78; 15; 31; 11; 21
5,77,0.31243,0.06494,5; 3; 5; 77; 20; 22; 18; 19
39,49,0.76654,0.79592,4; 5; 39; 49; 10; 17; 29; 25
34,48,0.67413,0.70833,6; 3; 34; 48; 3; 16; 23; 6
13,53,0.25534,0.24528,3; 11; 13; 53; 13; 11; 5; 12
8,9,0.80275,0.88889,14; 19; 8; 9; 29; 8; 6; 5
5,10,0.83399,0.5,18; 7; 5; 10; 22; 28; 5; 21
5,10,0.81113,0.5,10; 22; 5; 10; 12; 16; 29; 14
29,31,0.46578,0.93548,11; 7; 29; 31; 8; 12; 23; 5
7,78,0.31507,0.08974,3; 4; 7; 78; 11; 13; 8; 31
7,32,0.566,0.21875,16; 10; 7; 32; 30; 30; 22; 9
10,77,0.34479,0.12987,3; 4; 10; 77; 18; 28; 22; 20
21,31,0.5031,0.67742,8; 14; 21; 31; 17; 8; 25; 4
5,26,0.81495,0.19231,17; 3; 5; 26; 16; 12; 28; 17
13,77,0.37005,0.16883,3; 4; 13; 77; 12; 7; 25; 32
7,26,0.74505,0.26923,21; 23; 7; 26; 4; 15; 13; 30
5,48,0.13247,0.10417,14; 14; 5; 48; 10; 24; 24; 16
22,26,0.47803,0.84615,6; 10; 22; 26; 20; 24; 8; 32
5,70,0.19043,0.07143,11; 5; 5; 70; 14; 27; 3; 26
20,53,0.38074,0.37736,11; 3; 20; 53; 4; 26; 6; 13
10,75,0.30866,0.13333,3; 6; 10; 75; 14; 10; 11; 25
8,78,0.29137,0.10256,6; 5; 8; 78; 32; 18; 16; 20
8,32,0.61277,0.25,11; 12; 8; 32; 11; 26; 7; 8
18,26,0.60575,0.69231,14; 21; 18; 26; 12; 23; 8; 5
10,70,0.24839,0.14286,7; 6; 10; 70; 20; 9; 19; 11
32,42,0.64839,0.7619,3; 10; 32; 42; 6; 19; 8; 17
8,42,0.28967,0.19048,12; 4; 8; 42; 29; 10; 29; 15
28,42,0.52978,0.66667,9; 6; 28; 42; 15; 20; 5; 25
7,10,0.81938,0.7,10; 28; 7; 10; 23; 20; 13; 5
15,63,0.31559,0.2381,8; 10; 15; 63; 27; 26; 8; 18
6,75,0.22617,0.08,3; 8; 6; 75; 22; 17; 12; 10
23,32,0.49127,0.71875,5; 12; 23; 32; 21; 18; 27; 19
40,48,0.80316,0.83333,3; 5; 40; 48; 25; 6; 9; 29
26,31,0.50715,0.83871,7; 7; 26; 31; 16; 10; 32; 6
7,9,0.82786,0.77778,16; 15; 7; 9; 18; 7; 7; 4
15,42,0.34826,0.35714,3; 8; 15; 42; 17; 8; 31; 25
12,78,0.36365,0.15385,3; 3; 12; 78; 6; 8; 32; 8
18,26,0.6612,0.69231,15; 3; 18; 26; 28; 17; 21; 25
8,82,0.3419,0.09756,4; 3; 8; 82; 26; 3; 24; 31
6,53,0.14717,0.11321,6; 8; 6; 53; 5; 28; 10; 18
12,77,0.35815,0.15584,4; 3; 12; 77; 26; 27; 26; 5
10,77,0.30187,0.12987,5; 3; 10; 77; 11; 9; 11; 4
12,75,0.35227,0.16,3; 5; 12; 75; 15; 28; 13; 31
17,32,0.58749,0.53125,21; 24; 17; 32; 28; 25; 5; 24
8,10,0.80122,0.8,13; 15; 8; 10; 26; 24; 4; 31
10,78,0.33105,0.12821,4; 4; 10; 78; 25; 5; 19; 26
13,77,0.37626,0.16883,3; 3; 13; 77; 13; 30; 24; 7
24,64,0.43781,0.375,5; 3; 24; 64; 7; 20; 11; 26
7,9,0.83831,0.77778,26; 10; 7; 9; 27; 16; 25; 28
13,49,0.2754,0.26531,11; 13; 13; 49; 16; 6; 30; 26
19,63,0.37255,0.30159,6; 8; 19; 63; 28; 23; 11; 31
6,10,0.80973,0.6,35; 23; 6; 10; 15; 17; 23; 24
18,70,0.39465,0.25714,5; 4; 18; 70; 23; 19; 21; 11
23,31,0.64372,0.74194,18; 3; 23; 31; 22; 25; 13; 17
5,10,0.83275,0.5,34; 34; 5; 10; 6; 25; 3; 24
26,42,0.51269,0.61905,6; 12; 26; 42; 11; 17; 13; 4
6,10,0.81902,0.6,21; 30; 6; 10; 13; 11; 32; 19
19,48,0.39126,0.39583,15; 10; 19; 48; 11; 19; 3; 14
14,26,0.57505,0.53846,26; 5; 14; 26; 7; 4; 17; 3
25,31,0.58803,0.80645,15; 7; 25; 31; 14; 15; 9; 21
5,78,0.29759,0.0641,7; 6; 5; 78; 16; 19; 30; 19
6,75,0.26979,0.08,6; 8; 6; 75; 26; 23; 13; 15
25,49,0.47415,0.5102,7; 10; 25; 49; 11; 28; 31; 17
5,9,0.81133,0.55556,27; 11; 5; 9; 23; 32; 22; 18
22,26,0.54147,0.84615,4; 8; 22; 26; 3; 24; 30; 17
6,9,0.83078,0.66667,6; 9; 6; 9; 8; 12; 7; 26
9,42,0.52675,0.21429,12; 18; 9; 42; 20; 18; 3; 28
20,70,0.43975,0.28571,3; 3; 20; 70; 8; 21; 30; 14
5,26,0.83367,0.19231,27; 19; 5; 26; 6; 11; 3; 5
8,10,0.81579,0.8,35; 4; 8; 10; 11; 5; 16; 12
19,70,0.39985,0.27143,3; 4; 19; 70; 28; 32; 18; 19
5,82,0.33782,0.06098,5; 5; 5; 82; 9; 26; 11; 4
33,48,0.66573,0.6875,6; 3; 33; 48; 11; 6; 32; 19
26,53,0.47674,0.49057,3; 6; 26; 53; 13; 9; 14; 22
8,82,0.38207,0.09756,4; 3; 8; 82; 3; 24; 14; 20
6,10,0.82133,0.6,30; 23; 6; 10; 31; 18; 25; 4
6,10,0.82898,0.6,28; 30; 6; 10; 26; 20; 6; 3
11,48,0.28906,0.22917,7; 8; 11; 48; 16; 24; 8; 22
17,32,0.54572,0.53125,3; 9; 17; 32; 21; 3; 10; 4
6,82,0.34887,0.07317,4; 4; 6; 82; 21; 9; 8; 19
14,49,0.28796,0.28571,8; 9; 14; 49; 25; 15; 9; 29
9,32,0.5392,0.28125,9; 11; 9; 32; 21; 28; 8; 21
8,9,0.80961,0.88889,15; 22; 8; 9; 31; 20; 14; 32
17,53,0.31343,0.32075,14; 13; 17; 53; 21; 9; 32; 12
13,42,0.37703,0.30952,6; 17; 13; 42; 18; 23; 30; 4
5,10,0.83867,0.5,35; 30; 5; 10; 10; 11; 6; 31
42,48,0.80888,0.875,4; 3; 42; 48; 15; 9; 25; 10
6,10,0.82257,0.6,20; 17; 6; 10; 23; 16; 18; 12
10,77,0.31926,0.12987,4; 5; 10; 77; 28; 21; 22; 12
8,49,0.21215,0.16327,5; 18; 8; 49; 6; 12; 8; 23
8,26,0.70092,0.30769,27; 32; 8; 26; 25; 27; 6; 21
12,48,0.25863,0.25,6; 16; 12; 48; 26; 25; 8; 20
12,78,0.35595,0.15385,3; 3; 12; 78; 21; 6; 30; 30
8,9,0.82174,0.88889,19; 11; 8; 9; 6; 25; 22; 26
40,49,0.77173,0.81633,4; 3; 40; 49; 30; 19; 8; 10
12,77,0.37941,0.15584,4; 4; 12; 77; 15; 18; 31; 3
9,48,0.2381,0.1875,11; 11; 9; 48; 12; 17; 19; 8
8,82,0.39194,0.09756,4; 3; 8; 82; 8; 29; 15; 5
37,48,0.73565,0.77083,5; 5; 37; 48; 5; 15; 13; 11
8,75,0.31171,0.10667,6; 3; 8; 75; 8; 29; 13; 12
14,48,0.28445,0.29167,16; 8; 14; 48; 3; 19; 9; 24
5,63,0.17962,0.07937,6; 11; 5; 63; 20; 18; 7; 5
13,77,0.36546,0.16883,3; 3; 13; 77; 27; 29; 4; 22
5,9,0.83624,0.55556,22; 21; 5; 9; 29; 16; 24; 19
11,78,0.33003,0.14103,4; 4; 11; 78; 24; 20; 30; 19
18,26,0.51936,0.69231,21; 26; 18; 26; 23; 20; 11; 3
7,78,0.29757,0.08974,5; 5; 7; 78; 16; 11; 28; 30
8,77,0.26586,0.1039,6; 4; 8; 77; 7; 13; 13; 32
10,70,0.27667,0.14286,3; 7; 10; 70; 4; 17; 26; 32
6,32,0.56399,0.1875,7; 13; 6; 32; 14; 6; 23; 11
5,77,0.27485,0.06494,6; 6; 5; 77; 21; 23; 22; 22
9,63,0.17873,0.14286,5; 11; 9; 63; 15; 18; 12; 30
9,48,0.21995,0.1875,18; 9; 9; 48; 12; 14; 11; 30
42,48,0.80295,0.875,4; 4; 42; 48; 6; 3; 25; 22
32,49,0.64611,0.65306,8; 4; 32; 49; 24; 29; 21; 23
6,10,0.80904,0.6,14; 37; 6; 10; 12; 6; 13; 16
23,32,0.51012,0.71875,12; 4; 23; 32; 4; 23; 17; 32
6,82,0.32009,0.07317,5; 4; 6; 82; 32; 13; 20; 31
8,75,0.25251,0.10667,4; 4; 8; 75; 27; 11; 24; 14
8,70,0.24604,0.11429,8; 8; 8; 70; 27; 14; 5; 25
20,63,0.39487,0.31746,4; 3; 20; 63; 3; 26; 12; 9
17,26,0.51138,0.65385,21; 11; 17; 26; 7; 21; 20; 10
11,26,0.77665,0.42308,27; 25; 11; 26; 10; 3; 10; 23
17,70,0.3839,0.24286,5; 4; 17; 70; 17; 4; 16; 32
6,9,0.81425,0.66667,25; 18; 6; 9; 13; 26; 27; 5
13,70,0.30489,0.18571,6; 7; 13; 70; 20; 9; 11; 7
25,64,0.44833,0.39062,3; 3; 25; 64; 26; 15; 22; 31
8,82,0.33266,0.09756,4; 3; 8; 82; 19; 20; 26; 19
6,10,0.80184,0.6,34; 17; 6; 10; 32; 4; 31; 17
6,9,0.82375,0.66667,9; 23; 6; 9; 8; 32; 14; 29
31,53,0.57128,0.58491,5; 4; 31; 53; 25; 31; 14; 18
17,70,0.37085,0.24286,4; 4; 17; 70; 26; 25; 4; 6
24,64,0.44613,0.375,4; 4; 24; 64; 11; 31; 5; 19
14,49,0.30349,0.28571,7; 10; 14; 49; 14; 29; 32; 4
6,9,0.82601,0.66667,32; 12; 6; 9; 32; 15; 20; 19
8,53,0.17141,0.15094,10; 13; 8; 53; 12; 24; 22; 27
5,82,0.35584,0.06098,3; 5; 5; 82; 3; 17; 22; 29
7,53,0.15301,0.13208,18; 4; 7; 53; 21; 15; 19; 11
8,75,0.26787,0.10667,4; 3; 8; 75; 19; 25; 9; 17
36,48,0.71952,0.75,6; 5; 36; 48; 19; 12; 28; 17
5,70,0.22081,0.07143,3; 3; 5; 70; 22; 29; 28; 15
5,63,0.15404,0.07937,12; 8; 5; 63; 27; 20; 31; 9
20,26,0.54762,0.76923,12; 11; 20; 26; 10; 30; 3; 4
22,63,0.41488,0.34921,4; 4; 22; 63; 27; 7; 31; 20
10,77,0.33127,0.12987,3; 5; 10; 77; 14; 10; 5; 25
10,48,0.24587,0.20833,16; 3; 10; 48; 12; 8; 5; 18
16,31,0.72027,0.51613,9; 3; 16; 31; 22; 11; 14; 13
15,49,0.34858,0.30612,8; 14; 15; 49; 13; 16; 5; 29
7,42,0.43691,0.16667,8; 7; 7; 42; 29; 20; 18; 21
7,63,0.1719,0.11111,11; 6; 7; 63; 17; 5; 30; 15
18,26,0.68179,0.69231,25; 14; 18; 26; 11; 29; 13; 28
25,64,0.49455,0.39062,4; 3; 25; 64; 28; 14; 7; 32
9,78,0.35662,0.11538,4; 4; 9; 78; 6; 8; 15; 18
5,9,0.8156,0.55556,29; 17; 5; 9; 24; 15; 25; 21
9,32,0.5675,0.28125,17; 24; 9; 32; 4; 28; 12; 23
25,48,0.48053,0.52083,12; 9; 25; 48; 20; 6; 28; 32
19,49,0.39067,0.38776,15; 13; 19; 49; 26; 8; 13; 23
10,42,0.27765,0.2381,4; 23; 10; 42; 15; 28; 16; 23
13,63,0.27444,0.20635,4; 4; 13; 63; 23; 19; 13; 5
5,9,0.83392,0.55556,15; 35; 5; 9; 14; 29; 29; 9
24,26,0.54551,0.92308,17; 24; 24; 26; 14; 12; 13; 15
6,78,0.34164,0.07692,5; 6; 6; 78; 25; 16; 29; 16
11,78,0.35171,0.14103,3; 3; 11; 78; 10; 17; 7; 24
6,42,0.52664,0.14286,8; 14; 6; 42; 7; 8; 14; 3
27,63,0.48539,0.42857,3; 4; 27; 63; 11; 7; 11; 15
32,53,0.61098,0.60377,5; 5; 32; 53; 8; 20; 11; 17
5,10,0.80631,0.5,12; 38; 5; 10; 18; 9; 25; 32
34,49,0.69366,0.69388,6; 3; 34; 49; 23; 27; 14; 21
5,10,0.82735,0.5,21; 17; 5; 10; 5; 11; 24; 20
18,26,0.52126,0.69231,14; 16; 18; 26; 32; 3; 31; 29
9,42,0.22402,0.21429,13; 22; 9; 42; 25; 11; 8; 22
15,63,0.29617,0.2381,5; 4; 15; 63; 11; 17; 22; 11
19,63,0.37775,0.30159,3; 4; 19; 63; 25; 25; 23; 18
9,63,0.19999,0.14286,9; 9; 9; 63; 11; 24; 22; 9
5,42,0.17362,0.11905,5; 8; 5; 42; 25; 7; 32; 28
7,10,0.81671,0.7,40; 6; 7; 10; 32; 24; 5; 12
7,49,0.19106,0.14286,8; 19; 7; 49; 18; 25; 17; 6
8,75,0.26599,0.10667,3; 5; 8; 75; 27; 22; 6; 5
5,75,0.24933,0.06667,7; 8; 5; 75; 8; 13; 3; 14
7,64,0.17705,0.10938,3; 6; 7; 64; 28; 6; 7; 27
9,77,0.30884,0.11688,6; 6; 9; 77; 26; 31; 17; 6
6,9,0.81335,0.66667,3; 21; 6; 9; 5; 22; 9; 19
13,70,0.33523,0.18571,7; 4; 13; 70; 18; 7; 8; 5
5,9,0.80137,0.55556,15; 13; 5; 9; 14; 28; 19; 15
20,70,0.41116,0.28571,3; 3; 20; 70; 3; 23; 13; 17
20,64,0.399,0.3125,5; 5; 20; 64; 5; 15; 32; 16
6,9,0.79474,0.66667,34; 16; 6; 9; 14; 29; 18; 14
18,70,0.39805,0.25714,4; 4; 18; 70; 19; 19; 12; 9
28,48,0.56553,0.58333,8; 4; 28; 48; 11; 28; 12; 32
8,78,0.27027,0.10256,3; 4; 8; 78; 8; 6; 27; 8
13,26,0.76188,0.5,25; 29; 13; 26; 30; 24; 24; 15
9,63,0.20081,0.14286,12; 11; 9; 63; 30; 10; 20; 31
7,82,0.3124,0.08537,3; 4; 7; 82; 25; 24; 18; 24
22,63,0.4411,0.34921,4; 6; 22; 63; 15; 9; 11; 21
6,10,0.80606,0.6,33; 7; 6; 10; 11; 25; 5; 19
6,82,0.29333,0.07317,4; 5; 6; 82; 13; 5; 6; 31
10,78,0.33067,0.12821,5; 3; 10; 78; 9; 3; 11; 21
5,10,0.8253,0.5,31; 6; 5; 10; 6; 12; 20; 31
30,49,0.59137,0.61224,8; 6; 30; 49; 9; 9; 27; 27
18,64,0.35158,0.28125,4; 7; 18; 64; 7; 30; 16; 14
14,31,0.7824,0.45161,17; 5; 14; 31; 19; 16; 13; 19
5,77,0.30456,0.06494,6; 8; 5; 77; 25; 10; 25; 10
7,26,0.77942,0.26923,30; 10; 7; 26; 4; 25; 32; 20
6,32,0.45133,0.1875,30; 25; 6; 32; 28; 13; 20; 13
32,42,0.62191,0.7619,10; 10; 32; 42; 25; 3; 24; 14
11,77,0.30201,0.14286,5; 4; 11; 77; 31; 3; 23; 15
11,77,0.33451,0.14286,3; 3; 11; 77; 9; 28; 20; 14
17,64,0.37969,0.26562,8; 7; 17; 64; 20; 26; 24; 17
19,49,0.41295,0.38776,10; 6; 19; 49; 18; 21; 27; 7
21,49,0.43393,0.42857,10; 7; 21; 49; 10; 13; 6; 8
14,42,0.34327,0.33333,7; 13; 14; 42; 3; 3; 16; 20
12,77,0.32593,0.15584,3; 4; 12; 77; 3; 13; 28; 14
13,49,0.28858,0.26531,11; 15; 13; 49; 14; 18; 32; 20
5,82,0.29658,0.06098,3; 4; 5; 82; 17; 25; 13; 16
18,42,0.44486,0.42857,7; 19; 18; 42; 3; 32; 12; 30
5,75,0.23805,0.06667,7; 3; 5; 75; 27; 16; 15; 32
11,77,0.35457,0.14286,3; 3; 11; 77; 7; 14; 20; 12
32,42,0.66716,0.7619,10; 10; 32; 42; 21; 7; 6; 8
5,82,0.31013,0.06098,3; 5; 5; 82; 15; 20; 19; 21
21,42,0.43702,0.5,16; 7; 21; 42; 17; 29; 31; 7
11,53,0.22793,0.20755,4; 17; 11; 53; 4; 29; 13; 25
6,9,0.81224,0.66667,37; 14; 6; 9; 15; 22; 28; 30
19,32,0.47446,0.59375,23; 5; 19; 32; 22; 25; 4; 29
38,49,0.7632,0.77551,4; 4; 38; 49; 8; 24; 18; 19
8,10,0.79968,0.8,36; 29; 8; 10; 28; 9; 26; 14
14,42,0.33647,0.33333,8; 14; 14; 42; 28; 5; 30; 23
6,75,0.23177,0.08,4; 7; 6; 75; 4; 11; 19; 19
25,64,0.45742,0.39062,4; 3; 25; 64; 28; 10; 17; 8
8,9,0.80303,0.88889,14; 10; 8; 9; 14; 18; 21; 23
5,32,0.55647,0.15625,7; 10; 5; 32; 16; 20; 30; 16
22,63,0.4229,0.34921,4; 6; 22; 63; 22; 15; 10; 26
6,9,0.82118,0.66667,17; 30; 6; 9; 27; 30; 15; 14
17,64,0.35076,0.26562,5; 4; 17; 64; 25; 26; 21; 5
6,9,0.80988,0.66667,37; 19; 6; 9; 24; 15; 17; 32
7,82,0.2987,0.08537,4; 4; 7; 82; 28; 17; 15; 23
14,63,0.29555,0.22222,5; 9; 14; 63; 28; 7; 28; 17
7,77,0.30017,0.09091,3; 3; 7; 77; 23; 6; 9; 8
6,77,0.30837,0.07792,4; 6; 6; 77; 20; 26; 6; 16
10,26,0.63334,0.38462,17; 17; 10; 26; 8; 20; 23; 19
7,10,0.7993,0.7,23; 3; 7; 10; 8; 24; 27; 13
8,75,0.31354,0.10667,5; 7; 8; 75; 3; 5; 10; 5
11,75,0.33645,0.14667,6; 5; 11; 75; 17; 30; 23; 16
20,70,0.39591,0.28571,4; 4; 20; 70; 32; 22; 19; 4
14,70,0.36345,0.2,4; 4; 14; 70; 18; 5; 9; 17
11,77,0.32859,0.14286,5; 4; 11; 77; 15; 25; 15; 14
16,48,0.36431,0.33333,17; 17; 16; 48; 28; 6; 19; 20
8,82,0.382,0.09756,4; 3; 8; 82; 5; 28; 7; 4
17,70,0.364,0.24286,4; 4; 17; 70; 20; 31; 10; 29
6,63,0.15808,0.09524,8; 8; 6; 63; 8; 25; 8; 8
14,63,0.30044,0.22222,3; 8; 14; 63; 9; 5; 26; 10
8,49,0.16728,0.16327,3; 16; 8; 49; 12; 24; 22; 7
5,75,0.28018,0.06667,4; 4; 5; 75; 15; 23; 14; 17
16,26,0.81593,0.61538,22; 21; 16; 26; 23; 25; 13; 25
19,63,0.3418,0.30159,6; 5; 19; 63; 22; 24; 15; 10
5,49,0.13052,0.10204,20; 9; 5; 49; 26; 22; 8; 19
23,64,0.45595,0.35938,5; 5; 23; 64; 17; 24; 12; 21
5,10,0.81338,0.5,10; 8; 5; 10; 29; 11; 19; 26
31,49,0.58539,0.63265,9; 4; 31; 49; 25; 15; 11; 12
14,31,0.52485,0.45161,12; 9; 14; 31; 26; 10; 30; 16
12,75,0.38716,0.16,4; 5; 12; 75; 25; 4; 10; 17
6,9,0.82933,0.66667,4; 23; 6; 9; 20; 20; 18; 6
10,63,0.23345,0.15873,4; 5; 10; 63; 14; 18; 16; 16
8,75,0.31655,0.10667,4; 7; 8; 75; 25; 17; 8; 22
24,26,0.51107,0.92308,17; 20; 24; 26; 4; 17; 7; 26
39,49,0.79424,0.79592,5; 4; 39; 49; 14; 31; 17; 32
12,77,0.32876,0.15584,4; 4; 12; 77; 28; 8; 7; 23
13,26,0.52303,0.5,14; 17; 13; 26; 25; 30; 15; 19
19,70,0.38787,0.27143,3; 3; 19; 70; 32; 15; 25; 19
25,32,0.68188,0.78125,17; 16; 25; 32; 21; 12; 21; 13
24,31,0.45823,0.77419,5; 13; 24; 31; 8; 32; 10; 16
6,9,0.81653,0.66667,19; 7; 6; 9; 19; 26; 24; 11
8,9,0.79865,0.88889,30; 22; 8; 9; 8; 5; 25; 18
5,82,0.36065,0.06098,3; 4; 5; 82; 20; 8; 7; 18
25,49,0.49787,0.5102,4; 9; 25; 49; 28; 18; 20; 27
15,70,0.3318,0.21429,4; 5; 15; 70; 31; 30; 19; 16
6,64,0.15931,0.09375,3; 5; 6; 64; 20; 22; 22; 27
8,63,0.17804,0.12698,7; 10; 8; 63; 24; 9; 19; 8
15,31,0.55836,0.48387,11; 6; 15; 31; 30; 30; 4; 26
11,78,0.30516,0.14103,4; 3; 11; 78; 6; 17; 23; 15
8,9,0.80915,0.88889,19; 20; 8; 9; 7; 9; 22; 8
18,48,0.36254,0.375,6; 13; 18; 48; 4; 9; 7; 10
5,9,0.80129,0.55556,6; 11; 5; 9; 12; 12; 20; 29
12,70,0.30865,0.17143,6; 4; 12; 70; 15; 20; 10; 14
8,9,0.79576,0.88889,33; 22; 8; 9; 19; 11; 32; 28
17,70,0.41461,0.24286,3; 3; 17; 70; 10; 7; 9; 7
8,32,0.60929,0.25,15; 26; 8; 32; 21; 5; 21; 5
9,75,0.277,0.12,5; 6; 9; 75; 30; 12; 4; 25
33,48,0.65618,0.6875,3; 8; 33; 48; 29; 16; 7; 6
6,78,0.33163,0.07692,7; 5; 6; 78; 8; 12; 7; 26
12,77,0.36436,0.15584,3; 4; 12; 77; 19; 6; 24; 3
19,63,0.34261,0.30159,5; 8; 19; 63; 17; 15; 30; 6
17,26,0.6682,0.65385,3; 24; 17; 26; 30; 28; 9; 5
29,49,0.58628,0.59184,9; 6; 29; 49; 30; 4; 27; 28
7,64,0.21009,0.10938,3; 11; 7; 64; 29; 6; 21; 11
11,75,0.2976,0.14667,4; 3; 11; 75; 12; 32; 12; 22
10,49,0.21598,0.20408,12; 15; 10; 49; 10; 28; 28; 9
8,82,0.33595,0.09756,4; 3; 8; 82; 23; 30; 8; 25
6,77,0.3087,0.07792,3; 6; 6; 77; 22; 21; 8; 31
14,53,0.27245,0.26415,11; 6; 14; 53; 22; 13; 15; 9
5,9,0.8337,0.55556,32; 25; 5; 9; 27; 6; 7; 30
20,63,0.38778,0.31746,5; 3; 20; 63; 19; 30; 21; 7
15,53,0.29106,0.28302,6; 13; 15; 53; 13; 32; 23; 10
8,49,0.20399,0.16327,20; 14; 8; 49; 31; 25; 22; 9
8,9,0.81686,0.88889,3; 39; 8; 9; 30; 20; 7; 16
15,31,0.4916,0.48387,26; 3; 15; 31; 31; 6; 27; 6
21,26,0.55748,0.80769,16; 9; 21; 26; 28; 20; 14; 20
23,53,0.42457,0.43396,3; 6; 23; 53; 11; 8; 7; 25
26,49,0.55388,0.53061,7; 6; 26; 49; 9; 14; 18; 5
20,70,0.42092,0.28571,4; 3; 20; 70; 30; 24; 7; 9
13,75,0.31015,0.17333,3; 5; 13; 75; 27; 28; 14; 16
11,77,0.35125,0.14286,4; 5; 11; 77; 8; 32; 18; 20
21,26,0.47043,0.80769,17; 5; 21; 26; 20; 11; 9; 16
31,42,0.61858,0.7381,8; 11; 31; 42; 21; 18; 25; 27
13,49,0.27183,0.26531,14; 4; 13; 49; 20; 9; 6; 9
6,64,0.16807,0.09375,3; 9; 6; 64; 23; 5; 4; 11
27,49,0.5493,0.55102,3; 4; 27; 49; 25; 20; 16; 26
16,32,0.43584,0.5,19; 24; 16; 32; 16; 19; 21; 16
7,10,0.81282,0.7,15; 33; 7; 10; 26; 3; 19; 22
12,31,0.47252,0.3871,22; 12; 12; 31; 7; 8; 7; 18
39,48,0.79226,0.8125,3; 3; 39; 48; 29; 22; 14; 22
8,82,0.32313,0.09756,3; 3; 8; 82; 4; 25; 12; 31
8,10,0.8319,0.8,22; 40; 8; 10; 10; 31; 19; 10
7,82,0.35877,0.08537,4; 4; 7; 82; 6; 23; 28; 28
26,42,0.54084,0.61905,6; 13; 26; 42; 6; 19; 17; 28
6,82,0.34949,0.07317,3; 5; 6; 82; 14; 10; 20; 22
11,75,0.33062,0.14667,6; 3; 11; 75; 15; 11; 10; 21
18,64,0.3595,0.28125,3; 3; 18; 64; 23; 28; 11; 13
26,31,0.45885,0.83871,13; 17; 26; 31; 23; 22; 28; 20
16,64,0.33614,0.25,3; 4; 16; 64; 32; 4; 24; 14
8,82,0.34102,0.09756,3; 4; 8; 82; 11; 26; 15; 8
29,48,0.60645,0.60417,7; 6; 29; 48; 20; 19; 13; 8
12,63,0.28989,0.19048,5; 8; 12; 63; 7; 22; 14; 24
25,63,0.45492,0.39683,5; 4; 25; 63; 20; 16; 18; 9
21,42,0.47588,0.5,6; 5; 21; 42; 14; 31; 20; 31
6,70,0.2272,0.08571,6; 8; 6; 70; 29; 21; 4; 15
26,63,0.46706,0.4127,3; 3; 26; 63; 7; 11; 3; 20
21,48,0.4146,0.4375,4; 8; 21; 48; 29; 6; 24; 32
15,70,0.35131,0.21429,4; 6; 15; 70; 8; 28; 6; 31
7,53,0.13866,0.13208,4; 15; 7; 53; 5; 16; 15; 4
15,53,0.28896,0.28302,12; 6; 15; 53; 13; 19; 7; 31
8,64,0.21483,0.125,3; 11; 8; 64; 32; 3; 22; 10
12,64,0.27335,0.1875,4; 4; 12; 64; 18; 32; 21; 15
15,63,0.30674,0.2381,8; 5; 15; 63; 12; 3; 22; 9
12,78,0.38367,0.15385,3; 3; 12; 78; 9; 26; 32; 16
7,82,0.31636,0.08537,3; 4; 7; 82; 4; 13; 23; 25
12,78,0.35498,0.15385,3; 4; 12; 78; 9; 8; 19; 10
12,78,0.35551,0.15385,3; 3; 12; 78; 32; 23; 22; 15
24,64,0.45835,0.375,5; 4; 24; 64; 10; 15; 7; 5
11,77,0.3578,0.14286,5; 5; 11; 77; 16; 8; 13; 11
5,64,0.18144,0.07812,5; 7; 5; 64; 18; 6; 27; 30
11,78,0.35346,0.14103,3; 3; 11; 78; 25; 13; 25; 22
29,48,0.5935,0.60417,4; 8; 29; 48; 16; 10; 17; 20
8,82,0.35089,0.09756,3; 4; 8; 82; 18; 21; 10; 29
30,53,0.55051,0.56604,5; 3; 30; 53; 27; 12; 27; 28
7,10,0.82739,0.7,3; 11; 7; 10; 28; 14; 4; 13
23,31,0.51212,0.74194,22; 13; 23; 31; 9; 11; 30; 28
10,31,0.76221,0.32258,9; 20; 10; 31; 24; 5; 9; 25
7,75,0.2852,0.09333,6; 3; 7; 75; 19; 23; 14; 10
35,53,0.66873,0.66038,4; 5; 35; 53; 26; 3; 17; 10
6,10,0.81534,0.6,19; 7; 6; 10; 29; 24; 7; 20
40,49,0.82198,0.81633,3; 4; 40; 49; 16; 9; 4; 23
9,26,0.61006,0.34615,18; 5; 9; 26; 3; 30; 13; 28
13,70,0.30609,0.18571,6; 6; 13; 70; 14; 3; 12; 28
9,63,0.22541,0.14286,4; 7; 9; 63; 11; 28; 9; 21
24,63,0.44724,0.38095,3; 3; 24; 63; 19; 19; 30; 4
6,32,0.63783,0.1875,30; 29; 6; 32; 5; 9; 15; 18
18,63,0.37042,0.28571,6; 5; 18; 63; 24; 25; 11; 23
38,49,0.76613,0.77551,5; 3; 38; 49; 32; 9; 5; 27
5,63,0.18742,0.07937,6; 11; 5; 63; 6; 20; 28; 23
27,53,0.50188,0.50943,9; 9; 27; 53; 23; 25; 22; 8
5,9,0.82162,0.55556,36; 5; 5; 9; 6; 18; 23; 13
9,32,0.46946,0.28125,13; 27; 9; 32; 13; 16; 21; 22
13,42,0.37562,0.30952,21; 13; 13; 42; 30; 17; 30; 11
8,77,0.31931,0.1039,5; 6; 8; 77; 8; 18; 8; 30
37,53,0.70824,0.69811,3; 4; 37; 53; 19; 18; 18; 3
6,82,0.30912,0.07317,5; 4; 6; 82; 7; 31; 8; 28
23,31,0.50907,0.74194,12; 19; 23; 31; 11; 13; 29; 5
6,10,0.8138,0.6,15; 16; 6; 10; 15; 6; 3; 12
21,31,0.53031,0.67742,15; 13; 21; 31; 6; 28; 19; 25
5,82,0.29056,0.06098,5; 3; 5; 82; 29; 14; 6; 4
9,42,0.31525,0.21429,9; 14; 9; 42; 3; 4; 6; 25
26,48,0.51443,0.54167,10; 5; 26; 48; 11; 10; 19; 11
10,77,0.35058,0.12987,4; 5; 10; 77; 4; 14; 21; 6
39,48,0.78159,0.8125,5; 3; 39; 48; 22; 17; 10; 10
15,70,0.32423,0.21429,3; 3; 15; 70; 3; 9; 3; 12
9,78,0.36316,0.11538,3; 4; 9; 78; 10; 20; 6; 22
6,31,0.69964,0.19355,22; 11; 6; 31; 14; 19; 31; 14
12,63,0.25935,0.19048,7; 10; 12; 63; 9; 6; 8; 11
8,26,0.7516,0.30769,17; 13; 8; 26; 31; 7; 23; 22
5,9,0.80303,0.55556,41; 37; 5; 9; 3; 11; 3; 7
15,32,0.81791,0.46875,3; 19; 15; 32; 19; 25; 10; 10
6,10,0.81088,0.6,13; 19; 6; 10; 19; 25; 14; 14
8,78,0.32498,0.10256,5; 5; 8; 78; 6; 10; 16; 12
7,77,0.30481,0.09091,6; 3; 7; 77; 11; 10; 14; 12
6,77,0.24239,0.07792,5; 3; 6; 77; 25; 9; 24; 8
24,32,0.46468,0.75,10; 18; 24; 32; 13; 6; 15; 31
9,78,0.34896,0.11538,3; 5; 9; 78; 11; 19; 20; 3
15,48,0.31753,0.3125,11; 13; 15; 48; 10; 28; 22; 3
21,49,0.42611,0.42857,14; 8; 21; 49; 24; 16; 6; 22
24,63,0.44865,0.38095,4; 4; 24; 63; 15; 4; 16; 7
8,70,0.22704,0.11429,6; 7; 8; 70; 18; 28; 29; 12
9,49,0.20866,0.18367,19; 12; 9; 49; 22; 9; 14; 27
10,75,0.31349,0.13333,4; 4; 10; 75; 8; 21; 15; 13
5,70,0.23886,0.07143,11; 9; 5; 70; 28; 11; 12; 13
25,32,0.60117,0.78125,4; 15; 25; 32; 15; 22; 30; 17
17,32,0.59067,0.53125,7; 15; 17; 32; 13; 17; 25; 5
23,64,0.43497,0.35938,5; 5; 23; 64; 7; 29; 30; 6
13,53,0.2917,0.24528,3; 14; 13; 53; 14; 10; 27; 8
13,63,0.29366,0.20635,5; 8; 13; 63; 17; 20; 30; 11
32,53,0.57882,0.60377,4; 6; 32; 53; 7; 16; 19; 31
14,75,0.38821,0.18667,3; 4; 14; 75; 26; 14; 8; 22
15,64,0.27993,0.23438,9; 3; 15; 64; 8; 18; 4; 25
5,70,0.19285,0.07143,7; 6; 5; 70; 26; 12; 9; 18
8,82,0.34136,0.09756,3; 3; 8; 82; 9; 25; 5; 29
41,48,0.79947,0.85417,4; 4; 41; 48; 27; 28; 7; 26
7,9,0.83061,0.77778,39; 7; 7; 9; 31; 18; 9; 11
7,49,0.15456,0.14286,17; 16; 7; 49; 21; 26; 28; 21
10,75,0.3018,0.13333,6; 3; 10; 75; 29; 27; 7; 19
7,82,0.33107,0.08537,4; 3; 7; 82; 19; 18; 24; 16
5,75,0.23753,0.06667,6; 4; 5; 75; 6; 12; 14; 23
6,82,0.3111,0.07317,5; 5; 6; 82; 9; 16; 21; 9
7,10,0.81552,0.7,9; 6; 7; 10; 13; 7; 9; 27
30,32,0.48756,0.9375,14; 18; 30; 32; 20; 14; 17; 16
8,82,0.3311,0.09756,3; 3; 8; 82; 26; 32; 23; 13
7,31,0.68639,0.22581,22; 24; 7; 31; 11; 13; 32; 27
9,10,0.77462,0.9,25; 27; 9; 10; 17; 26; 19; 20
10,77,0.33253,0.12987,4; 4; 10; 77; 30; 30; 28; 3
36,42,0.74421,0.85714,6; 5; 36; 42; 31; 23; 15; 22
34,42,0.65742,0.80952,10; 5; 34; 42; 12; 6; 7; 21
32,48,0.62994,0.66667,9; 7; 32; 48; 23; 21; 15; 21
11,26,0.63277,0.42308,9; 25; 11; 26; 5; 9; 27; 28
12,26,0.56164,0.46154,21; 29; 12; 26; 14; 30; 23; 28
5,77,0.29794,0.06494,6; 7; 5; 77; 11; 21; 12; 27
23,32,0.45619,0.71875,10; 4; 23; 32; 5; 17; 32; 30
8,9,0.80416,0.88889,15; 19; 8; 9; 19; 9; 31; 28
28,53,0.55252,0.5283,5; 6; 28; 53; 18; 7; 7; 25
7,42,0.5027,0.16667,17; 8; 7; 42; 19; 30; 4; 17
15,64,0.32788,0.23438,4; 9; 15; 64; 21; 28; 23; 18
9,77,0.34046,0.11688,5; 6; 9; 77; 19; 22; 12; 12
17,31,0.51295,0.54839,17; 8; 17; 31; 13; 5; 22; 10
34,42,0.65838,0.80952,6; 3; 34; 42; 12; 16; 14; 20
6,82,0.32681,0.07317,3; 4; 6; 82; 3; 15; 9; 21
8,53,0.17436,0.15094,9; 7; 8; 53; 9; 27; 15; 23
8,78,0.32498,0.10256,3; 6; 8; 78; 24; 11; 27; 19
7,82,0.28866,0.08537,3; 3; 7; 82; 15; 14; 28; 11
9,26,0.59767,0.34615,5; 27; 9; 26; 30; 8; 22; 8
5,70,0.18419,0.07143,8; 3; 5; 70; 11; 31; 22; 24
14,75,0.37368,0.18667,3; 3; 14; 75; 4; 20; 14; 32
22,64,0.41419,0.34375,5; 4; 22; 64; 8; 24; 27; 13
6,75,0.29518,0.08,3; 6; 6; 75; 28; 13; 29; 24
12,70,0.28598,0.17143,5; 3; 12; 70; 22; 24; 20; 18
11,63,0.24985,0.1746,9; 9; 11; 63; 10; 21; 9; 6
9,78,0.30787,0.11538,4; 3; 9; 78; 24; 4; 9; 14
5,9,0.82316,0.55556,5; 37; 5; 9; 26; 15; 11; 3
22,42,0.46478,0.52381,13; 5; 22; 42; 22; 8; 11; 14
7,9,0.81906,0.77778,10; 7; 7; 9; 23; 7; 13; 7
8,78,0.29247,0.10256,5; 5; 8; 78; 14; 9; 27; 19
7,78,0.26338,0.08974,6; 6; 7; 78; 28; 8; 5; 18
20,42,0.48743,0.47619,8; 17; 20; 42; 17; 14; 23; 16
7,77,0.30289,0.09091,3; 5; 7; 77; 31; 32; 30; 4
6,75,0.23124,0.08,5; 4; 6; 75; 3; 21; 15; 15
38,49,0.76294,0.77551,3; 4; 38; 49; 3; 27; 23; 24
8,9,0.79032,0.88889,19; 25; 8; 9; 23; 25; 7; 25
37,49,0.74988,0.7551,6; 4; 37; 49; 22; 10; 13; 5
11,63,0.24692,0.1746,3; 11; 11; 63; 9; 23; 31; 30
11,78,0.34151,0.14103,4; 4; 11; 78; 32; 4; 14; 6
6,9,0.82977,0.66667,32; 32; 6; 9; 5; 7; 9; 6
8,64,0.19604,0.125,7; 9; 8; 64; 24; 14; 23; 20
5,78,0.30397,0.0641,5; 7; 5; 78; 3; 31; 29; 19
24,63,0.455,0.38095,5; 4; 24; 63; 17; 21; 15; 13
7,64,0.177,0.10938,11; 6; 7; 64; 6; 10; 5; 23
11,75,0.33058,0.14667,5; 6; 11; 75; 32; 13; 21; 28
18,53,0.34533,0.33962,11; 4; 18; 53; 11; 6; 3; 3
7,82,0.35447,0.08537,4; 4; 7; 82; 31; 29; 31; 6
14,26,0.52372,0.53846,16; 28; 14; 26; 17; 27; 22; 26
26,49,0.5316,0.53061,8; 5; 26; 49; 25; 31; 7; 23
12,77,0.3551,0.15584,3; 3; 12; 77; 18; 11; 27; 24
8,10,0.82144,0.8,33; 25; 8; 10; 23; 16; 3; 19
12,78,0.37749,0.15385,4; 4; 12; 78; 10; 6; 20; 26
25,26,0.47146,0.96154,20; 16; 25; 26; 8; 3; 29; 28
10,70,0.24646,0.14286,5; 6; 10; 70; 9; 29; 5; 21
6,9,0.8186,0.66667,3; 6; 6; 9; 32; 7; 29; 5
8,10,0.80068,0.8,8; 22; 8; 10; 29; 16; 6; 5
39,42,0.71004,0.92857,5; 7; 39; 42; 29; 32; 4; 20
18,32,0.5409,0.5625,4; 23; 18; 32; 22; 18; 8; 17
6,63,0.20906,0.09524,4; 4; 6; 63; 31; 6; 6; 4
11,63,0.25163,0.1746,11; 10; 11; 63; 21; 11; 11; 20
25,53,0.46164,0.4717,6; 7; 25; 53; 29; 22; 23; 16
27,31,0.44842,0.87097,15; 20; 27; 31; 17; 5; 26; 20
26,42,0.54655,0.61905,13; 6; 26; 42; 25; 20; 24; 5
5,78,0.24748,0.0641,6; 6; 5; 78; 27; 21; 16; 26
10,31,0.60248,0.32258,23; 25; 10; 31; 22; 32; 4; 29
8,77,0.32667,0.1039,6; 3; 8; 77; 14; 30; 31; 17
8,78,0.34824,0.10256,4; 5; 8; 78; 12; 6; 18; 29
17,64,0.35117,0.26562,3; 5; 17; 64; 27; 3; 29; 6
21,53,0.3827,0.39623,11; 12; 21; 53; 16; 3; 32; 11
10,70,0.31309,0.14286,7; 7; 10; 70; 3; 20; 29; 21
33,48,0.65532,0.6875,7; 5; 33; 48; 25; 13; 6; 28
22,26,0.49995,0.84615,16; 24; 22; 26; 21; 10; 29; 19
15,42,0.38557,0.35714,20; 15; 15; 42; 5; 21; 26; 11
5,82,0.29585,0.06098,4; 5; 5; 82; 29; 11; 8; 9
21,64,0.41884,0.32812,3; 5; 21; 64; 7; 10; 20; 29
29,32,0.63405,0.90625,4; 3; 29; 32; 18; 13; 22; 25
5,9,0.83276,0.55556,27; 15; 5; 9; 5; 18; 27; 11
11,63,0.22908,0.1746,8; 5; 11; 63; 20; 14; 20; 14
9,75,0.31912,0.12,4; 4; 9; 75; 5; 30; 22; 26
13,26,0.57813,0.5,24; 6; 13; 26; 32; 30; 11; 11
10,26,0.69535,0.38462,19; 6; 10; 26; 28; 27; 20; 5
28,31,0.62021,0.90323,10; 13; 28; 31; 25; 10; 22; 5
5,77,0.30283,0.06494,3; 6; 5; 77; 12; 8; 29; 3
11,78,0.37641,0.14103,3; 4; 11; 78; 16; 15; 8; 26
17,32,0.48633,0.53125,16; 15; 17; 32; 8; 24; 9; 12
13,48,0.32484,0.27083,3; 13; 13; 48; 29; 13; 18; 26
5,9,0.82598,0.55556,39; 42; 5; 9; 9; 26; 30; 31
8,10,0.80834,0.8,35; 17; 8; 10; 13; 31; 11; 23
11,42,0.31054,0.2619,9; 7; 11; 42; 12; 25; 23; 29
12,77,0.37431,0.15584,4; 4; 12; 77; 26; 9; 25; 28
8,63,0.21509,0.12698,10; 3; 8; 63; 4; 9; 18; 13
34,53,0.64613,0.64151,3; 5; 34; 53; 26; 17; 14; 26
29,48,0.59768,0.60417,5; 3; 29; 48; 17; 11; 31; 16
12,70,0.31409,0.17143,7; 3; 12; 70; 19; 10; 17; 27
9,32,0.53994,0.28125,27; 26; 9; 32; 7; 12; 7; 24
8,82,0.38994,0.09756,4; 4; 8; 82; 21; 3; 4; 3
24,53,0.44514,0.45283,5; 3; 24; 53; 27; 16; 8; 11
18,48,0.36176,0.375,3; 11; 18; 48; 18; 17; 21; 11
21,26,0.65226,0.80769,7; 16; 21; 26; 27; 4; 17; 12
5,48,0.14421,0.10417,4; 13; 5; 48; 24; 19; 11; 27
5,49,0.14176,0.10204,16; 7; 5; 49; 14; 22; 23; 22
5,10,0.83125,0.5,24; 41; 5; 10; 22; 11; 28; 11
24,49,0.47635,0.4898,8; 12; 24; 49; 16; 23; 12; 3
7,9,0.83827,0.77778,4; 6; 7; 9; 13; 27; 3; 4
18,63,0.36269,0.28571,7; 7; 18; 63; 14; 20; 29; 21
7,26,0.80081,0.26923,16; 23; 7; 26; 31; 9; 12; 7
8,9,0.8215,0.88889,39; 23; 8; 9; 28; 9; 29; 3
12,78,0.35435,0.15385,3; 3; 12; 78; 5; 26; 19; 24
25,63,0.45535,0.39683,5; 3; 25; 63; 15; 4; 10; 7
33,42,0.64703,0.78571,6; 4; 33; 42; 3; 10; 20; 9
7,9,0.80826,0.77778,23; 25; 7; 9; 7; 20; 31; 4
15,75,0.36314,0.2,4; 3; 15; 75; 12; 31; 11; 15
8,53,0.16204,0.15094,4; 15; 8; 53; 11; 21; 21; 14
19,26,0.59216,0.73077,16; 21; 19; 26; 25; 27; 21; 14
20,64,0.38431,0.3125,7; 7; 20; 64; 27; 4; 26; 30
9,78,0.35905,0.11538,4; 4; 9; 78; 28; 23; 23; 16
22,63,0.4083,0.34921,4; 5; 22; 63; 15; 8; 10; 31
8,9,0.8169,0.88889,12; 23; 8; 9; 4; 31; 17; 30
11,75,0.2766,0.14667,5; 6; 11; 75; 24; 20; 10; 20
9,78,0.36951,0.11538,3; 4; 9; 78; 13; 6; 28; 15
11,78,0.34495,0.14103,4; 3; 11; 78; 16; 10; 15; 14
12,31,0.46116,0.3871,9; 13; 12; 31; 15; 5; 24; 9
11,63,0.24309,0.1746,10; 7; 11; 63; 32; 16; 12; 6
23,63,0.41818,0.36508,5; 3; 23; 63; 5; 16; 25; 26
20,70,0.40854,0.28571,4; 4; 20; 70; 24; 23; 14; 27
40,42,0.73093,0.95238,8; 5; 40; 42; 23; 15; 7; 21
32,53,0.60537,0.60377,4; 5; 32; 53; 17; 17; 10; 13
8,75,0.23498,0.10667,5; 4; 8; 75; 15; 11; 23; 12
12,64,0.23109,0.1875,5; 3; 12; 64; 18; 14; 28; 5
12,77,0.36579,0.15584,3; 3; 12; 77; 14; 7; 15; 19
6,9,0.83751,0.66667,23; 16; 6; 9; 3; 18; 26; 17
5,82,0.32738,0.06098,5; 4; 5; 82; 10; 27; 21; 30
30,31,0.58682,0.96774,5; 7; 30; 31; 21; 31; 5; 17
7,78,0.30931,0.08974,3; 4; 7; 78; 17; 20; 26; 20
5,77,0.28501,0.06494,6; 5; 5; 77; 14; 28; 22; 7
15,49,0.29862,0.30612,6; 12; 15; 49; 17; 9; 9; 32
25,53,0.44663,0.4717,8; 7; 25; 53; 14; 29; 22; 17
6,64,0.20689,0.09375,13; 14; 6; 64; 27; 23; 12; 20
10,64,0.24588,0.15625,4; 8; 10; 64; 16; 19; 6; 22
7,64,0.18248,0.10938,9; 10; 7; 64; 20; 11; 22; 17
15,63,0.29911,0.2381,3; 8; 15; 63; 31; 22; 23; 13
5,9,0.80233,0.55556,8; 29; 5; 9; 13; 14; 11; 6
11,77,0.35686,0.14286,3; 5; 11; 77; 28; 27; 6; 31
31,48,0.61953,0.64583,5; 7; 31; 48; 13; 8; 7; 29
30,32,0.63978,0.9375,13; 13; 30; 32; 11; 10; 13; 25
14,31,0.5248,0.45161,14; 10; 14; 31; 7; 11; 23; 32
17,53,0.33342,0.32075,8; 13; 17; 53; 28; 9; 11; 7
20,63,0.37904,0.31746,4; 4; 20; 63; 32; 27; 29; 8
5,10,0.79308,0.5,13; 7; 5; 10; 21; 6; 18; 18
25,49,0.50883,0.5102,12; 4; 25; 49; 7; 5; 21; 29
13,32,0.62841,0.40625,9; 22; 13; 32; 24; 31; 5; 24
22,26,0.69229,0.84615,22; 22; 22; 26; 27; 23; 20; 23
15,49,0.31918,0.30612,16; 17; 15; 49; 24; 24; 25; 21
7,10,0.79203,0.7,19; 33; 7; 10; 9; 22; 5; 3
13,75,0.36784,0.17333,4; 5; 13; 75; 22; 30; 16; 11
27,42,0.56645,0.64286,10; 8; 27; 42; 4; 27; 10; 25
21,31,0.55245,0.67742,22; 4; 21; 31; 23; 29; 5; 13
18,70,0.3938,0.25714,5; 4; 18; 70; 27; 11; 10; 6
10,70,0.2482,0.14286,5; 6; 10; 70; 18; 24; 23; 13
8,78,0.3516,0.10256,6; 6; 8; 78; 5; 3; 9; 32
6,9,0.81738,0.66667,31; 29; 6; 9; 10; 5; 15; 32
6,82,0.28833,0.07317,4; 3; 6; 82; 22; 28; 8; 24
29,32,0.65955,0.90625,16; 7; 29; 32; 12; 31; 26; 23
6,82,0.29937,0.07317,3; 5; 6; 82; 11; 25; 28; 3
12,78,0.34794,0.15385,3; 4; 12; 78; 9; 29; 8; 7
13,70,0.31677,0.18571,4; 6; 13; 70; 24; 24; 13; 7
41,49,0.78732,0.83673,3; 4; 41; 49; 22; 3; 12; 24
18,53,0.38035,0.33962,5; 5; 18; 53; 18; 15; 26; 15
6,9,0.82891,0.66667,33; 12; 6; 9; 25; 14; 30; 3
5,32,0.76619,0.15625,6; 25; 5; 32; 23; 4; 31; 17
15,53,0.3074,0.28302,13; 8; 15; 53; 29; 27; 6; 22
25,26,0.54263,0.96154,14; 20; 25; 26; 13; 25; 18; 11
6,10,0.82278,0.6,36; 20; 6; 10; 28; 22; 3; 30
7,26,0.75811,0.26923,14; 9; 7; 26; 13; 27; 11; 28
9,78,0.33856,0.11538,3; 5; 9; 78; 22; 22; 23; 17
16,31,0.52862,0.51613,8; 13; 16; 31; 7; 24; 9; 23
6,9,0.82938,0.66667,4; 14; 6; 9; 5; 30; 13; 27
12,70,0.32465,0.17143,5; 5; 12; 70; 32; 28; 22; 11
10,64,0.23309,0.15625,3; 7; 10; 64; 4; 16; 32; 4
20,48,0.42296,0.41667,7; 4; 20; 48; 16; 13; 30; 28
15,32,0.57095,0.46875,7; 18; 15; 32; 29; 32; 10; 17
7,64,0.19915,0.10938,6; 5; 7; 64; 28; 16; 19; 31
32,53,0.61757,0.60377,5; 4; 32; 53; 3; 32; 31; 29
11,77,0.37174,0.14286,4; 3; 11; 77; 24; 5; 10; 6
9,10,0.79758,0.9,8; 16; 9; 10; 4; 4; 17; 22
9,63,0.1957,0.14286,13; 11; 9; 63; 12; 22; 17; 19
7,10,0.81902,0.7,37; 18; 7; 10; 3; 12; 20; 13
7,82,0.31776,0.08537,4; 4; 7; 82; 25; 6; 10; 19
20,70,0.40282,0.28571,4; 3; 20; 70; 3; 23; 11; 27
21,64,0.40722,0.32812,4; 4; 21; 64; 18; 4; 19; 32
9,75,0.31823,0.12,3; 3; 9; 75; 18; 25; 25; 11
28,31,0.52767,0.90323,9; 11; 28; 31; 15; 22; 6; 20
5,82,0.31938,0.06098,4; 3; 5; 82; 22; 13; 16; 10
25,42,0.60045,0.59524,9; 7; 25; 42; 6; 10; 12; 27
31,48,0.61396,0.64583,5; 4; 31; 48; 15; 29; 17; 29
36,42,0.6942,0.85714,4; 8; 36; 42; 15; 29; 31; 8
13,63,0.27302,0.20635,8; 5; 13; 63; 25; 31; 14; 12
6,9,0.81676,0.66667,6; 36; 6; 9; 30; 5; 16; 21
18,32,0.47584,0.5625,21; 6; 18; 32; 12; 17; 17; 26
5,10,0.81164,0.5,31; 9; 5; 10; 9; 27; 18; 4
14,26,0.80893,0.53846,26; 11; 14; 26; 27; 29; 11; 10
8,31,0.49263,0.25806,20; 26; 8; 31; 7; 14; 28; 22
8,75,0.26104,0.10667,3; 4; 8; 75; 11; 5; 9; 7
25,48,0.50033,0.52083,10; 7; 25; 48; 4; 19; 9; 18
38,48,0.74008,0.79167,5; 4; 38; 48; 12; 11; 29; 9
21,42,0.47652,0.5,5; 12; 21; 42; 9; 20; 9; 20
16,53,0.30485,0.30189,8; 13; 16; 53; 27; 19; 16; 13
12,77,0.37379,0.15584,3; 3; 12; 77; 7; 19; 6; 27
9,48,0.23127,0.1875,5; 5; 9; 48; 7; 6; 14; 28
6,10,0.77536,0.6,10; 33; 6; 10; 14; 25; 29; 27
24,26,0.50654,0.92308,21; 11; 24; 26; 5; 27; 22; 20
13,77,0.34915,0.16883,4; 3; 13; 77; 25; 22; 8; 11
26,63,0.47163,0.4127,3; 4; 26; 63; 29; 23; 14; 20
8,9,0.80731,0.88889,36; 4; 8; 9; 8; 17; 5; 27
27,53,0.48215,0.50943,3; 6; 27; 53; 10; 4; 14; 16
21,64,0.4382,0.32812,3; 3; 21; 64; 10; 15; 3; 19
8,63,0.2023,0.12698,7; 3; 8; 63; 25; 29; 20; 17
36,48,0.719,0.75,3; 4; 36; 48; 21; 17; 3; 32
21,49,0.41168,0.42857,12; 4; 21; 49; 19; 10; 26; 10
12,49,0.25001,0.2449,15; 8; 12; 49; 10; 23; 15; 19
10,32,0.50024,0.3125,20; 4; 10; 32; 11; 28; 15; 18
6,82,0.33858,0.07317,4; 4; 6; 82; 6; 17; 29; 6
30,42,0.62655,0.71429,13; 10; 30; 42; 11; 13; 17; 20
5,9,0.81259,0.55556,33; 35; 5; 9; 4; 17; 12; 11
20,31,0.77857,0.64516,11; 4; 20; 31; 11; 4; 20; 3
8,78,0.32816,0.10256,5; 6; 8; 78; 9; 32; 19; 27
9,10,0.83064,0.9,33; 21; 9; 10; 15; 26; 31; 6
15,31,0.47568,0.48387,6; 23; 15; 31; 19; 16; 23; 10
7,82,0.35983,0.08537,4; 4; 7; 82; 19; 23; 32; 10
9,26,0.68052,0.34615,4; 30; 9; 26; 21; 30; 20; 4
5,78,0.26732,0.0641,5; 7; 5; 78; 16; 16; 12; 15
21,63,0.40052,0.33333,3; 3; 21; 63; 29; 20; 17; 17
8,82,0.31844,0.09756,3; 4; 8; 82; 6; 19; 30; 13
5,82,0.36681,0.06098,5; 3; 5; 82; 8; 10; 15; 17
8,82,0.32998,0.09756,4; 4; 8; 82; 32; 15; 29; 3
16,64,0.33339,0.25,9; 5; 16; 64; 18; 8; 32; 20
7,10,0.80747,0.7,26; 37; 7; 10; 5; 5; 8; 15
7,75,0.24779,0.09333,8; 7; 7; 75; 22; 11; 9; 5
5,82,0.2882,0.06098,3; 3; 5; 82; 22; 20; 31; 16
6,82,0.34446,0.07317,3; 3; 6; 82; 32; 19; 24; 15
18,31,0.51544,0.58065,10; 16; 18; 31; 9; 9; 30; 4
9,70,0.26444,0.12857,8; 9; 9; 70; 11; 32; 16; 23
7,82,0.33967,0.08537,3; 4; 7; 82; 7; 17; 9; 15
17,26,0.61406,0.65385,27; 26; 17; 26; 5; 13; 25; 9
13,49,0.28662,0.26531,10; 11; 13; 49; 31; 18; 31; 7
11,70,0.27296,0.15714,7; 4; 11; 70; 16; 4; 14; 30
14,48,0.29689,0.29167,10; 6; 14; 48; 10; 17; 3; 8
9,70,0.24417,0.12857,9; 9; 9; 70; 20; 32; 8; 9
7,10,0.80641,0.7,16; 40; 7; 10; 4; 20; 26; 29
20,31,0.5407,0.64516,22; 17; 20; 31; 8; 7; 4; 24
14,53,0.26586,0.26415,11; 4; 14; 53; 7; 12; 3; 19
11,75,0.32098,0.14667,6; 5; 11; 75; 32; 16; 24; 18
5,10,0.81356,0.5,39; 6; 5; 10; 18; 5; 3; 32
15,31,0.46746,0.48387,15; 7; 15; 31; 11; 7; 14; 5
11,48,0.20142,0.22917,17; 14; 11; 48; 12; 22; 10; 23
9,10,0.77949,0.9,32; 11; 9; 10; 14; 11; 13; 31
6,10,0.81768,0.6,21; 8; 6; 10; 16; 14; 23; 28
31,49,0.62187,0.63265,7; 7; 31; 49; 3; 21; 29; 32
20,64,0.37897,0.3125,5; 3; 20; 64; 10; 28; 4; 11
13,77,0.36436,0.16883,3; 3; 13; 77; 7; 23; 18; 29
31,32,0.53336,0.96875,12; 16; 31; 32; 32; 19; 4; 25
7,10,0.81491,0.7,28; 5; 7; 10; 9; 8; 14; 19
19,70,0.35814,0.27143,3; 4; 19; 70; 22; 5; 13; 25
6,82,0.31161,0.07317,5; 5; 6; 82; 25; 15; 11; 21
11,78,0.36379,0.14103,4; 4; 11; 78; 12; 9; 20; 20
6,10,0.79711,0.6,20; 4; 6; 10; 3; 23; 32; 8
10,78,0.32325,0.12821,3; 3; 10; 78; 24; 6; 29; 25
19,48,0.39917,0.39583,11; 6; 19; 48; 5; 24; 10; 17
7,78,0.27508,0.08974,5; 4; 7; 78; 20; 5; 28; 8
8,63,0.19392,0.12698,8; 9; 8; 63; 24; 9; 21; 3
19,42,0.41844,0.45238,9; 10; 19; 42; 23; 10; 27; 15
31,32,0.57275,0.96875,10; 17; 31; 32; 22; 28; 10; 12
21,53,0.4081,0.39623,4; 3; 21; 53; 28; 29; 16; 9
7,70,0.24969,0.1,3; 8; 7; 70; 16; 30; 23; 11
21,53,0.37536,0.39623,12; 6; 21; 53; 4; 15; 18; 32
24,26,0.62629,0.92308,3; 20; 24; 26; 23; 6; 25; 27
35,42,0.69126,0.83333,6; 7; 35; 42; 31; 5; 14; 18
23,53,0.41885,0.43396,6; 11; 23; 53; 12; 8; 12; 20
18,26,0.53634,0.69231,15; 10; 18; 26; 5; 30; 23; 7
15,70,0.34514,0.21429,4; 4; 15; 70; 5; 17; 18; 29
6,77,0.27884,0.07792,6; 5; 6; 77; 25; 10; 16; 12
19,48,0.40293,0.39583,6; 5; 19; 48; 9; 30; 30; 19
23,48,0.45317,0.47917,10; 9; 23; 48; 9; 22; 24; 3
9,75,0.30288,0.12,3; 3; 9; 75; 27; 15; 7; 23
7,10,0.77894,0.7,3; 18; 7; 10; 3; 29; 26; 13
25,31,0.563,0.80645,14; 14; 25; 31; 13; 14; 28; 12
35,48,0.67586,0.72917,3; 5; 35; 48; 9; 26; 24; 17
8,77,0.26773,0.1039,4; 3; 8; 77; 27; 6; 31; 30
6,9,0.80773,0.66667,26; 34; 6; 9; 24; 13; 8; 14
13,31,0.74994,0.41935,12; 8; 13; 31; 4; 31; 31; 30
12,77,0.36548,0.15584,3; 3; 12; 77; 27; 7; 30; 28
26,31,0.55837,0.83871,11; 14; 26; 31; 7; 17; 19; 21
6,77,0.23706,0.07792,4; 3; 6; 77; 7; 28; 31; 14
14,49,0.30546,0.28571,11; 3; 14; 49; 15; 16; 20; 22
5,32,0.61704,0.15625,22; 6; 5; 32; 7; 28; 20; 5
17,26,0.60161,0.65385,9; 17; 17; 26; 22; 26; 3; 22
19,63,0.37896,0.30159,4; 6; 19; 63; 31; 3; 11; 29
25,64,0.44956,0.39062,4; 4; 25; 64; 5; 30; 30; 25
15,70,0.34388,0.21429,4; 4; 15; 70; 19; 8; 18; 14
25,42,0.49232,0.59524,15; 12; 25; 42; 15; 22; 29; 22
23,64,0.44478,0.35938,3; 3; 23; 64; 30; 5; 22; 26
9,10,0.80523,0.9,30; 21; 9; 10; 30; 30; 6; 16
10,53,0.2027,0.18868,6; 7; 10; 53; 9; 27; 10; 24
7,64,0.20889,0.10938,8; 3; 7; 64; 6; 5; 30; 30
7,53,0.15601,0.13208,10; 15; 7; 53; 26; 24; 20; 27
8,10,0.83443,0.8,27; 27; 8; 10; 16; 10; 15; 9
12,78,0.35739,0.15385,3; 4; 12; 78; 27; 26; 31; 7
16,42,0.41393,0.38095,4; 10; 16; 42; 26; 10; 23; 15
5,64,0.19857,0.07812,5; 10; 5; 64; 16; 10; 30; 9
9,77,0.30531,0.11688,3; 6; 9; 77; 29; 19; 17; 32
39,42,0.70939,0.92857,3; 3; 39; 42; 7; 21; 6; 10
14,64,0.29344,0.21875,9; 7; 14; 64; 24; 18; 7; 6
20,48,0.4152,0.41667,6; 6; 20; 48; 20; 22; 17; 5
5,78,0.24392,0.0641,4; 3; 5; 78; 23; 24; 11; 5
10,31,0.7332,0.32258,12; 19; 10; 31; 24; 19; 10; 17
6,82,0.3166,0.07317,5; 4; 6; 82; 31; 21; 12; 6
6,82,0.36535,0.07317,3; 5; 6; 82; 24; 9; 10; 15
33,49,0.6888,0.67347,8; 5; 33; 49; 21; 27; 16; 25
22,64,0.40952,0.34375,4; 3; 22; 64; 25; 4; 27; 31
5,70,0.25572,0.07143,3; 4; 5; 70; 3; 31; 12; 28
35,53,0.66404,0.66038,4; 3; 35; 53; 10; 5; 17; 23
20,31,0.55507,0.64516,10; 19; 20; 31; 25; 22; 6; 21
38,42,0.73199,0.90476,5; 3; 38; 42; 8; 11; 32; 19
20,70,0.42465,0.28571,4; 3; 20; 70; 21; 25; 22; 12
9,77,0.31572,0.11688,3; 6; 9; 77; 28; 32; 11; 25
8,26,0.75428,0.30769,30; 10; 8; 26; 8; 28; 22; 32
35,49,0.69794,0.71429,5; 7; 35; 49; 9; 28; 23; 25
6,9,0.83784,0.66667,12; 16; 6; 9; 7; 29; 31; 17
7,9,0.82459,0.77778,7; 33; 7; 9; 9; 13; 13; 6
29,42,0.59632,0.69048,8; 10; 29; 42; 6; 15; 15; 8
14,75,0.36138,0.18667,3; 3; 14; 75; 21; 3; 10; 7
9,10,0.81895,0.9,6; 11; 9; 10; 30; 6; 32; 4
16,48,0.32658,0.33333,9; 7; 16; 48; 26; 31; 17; 14
13,32,0.54848,0.40625,20; 22; 13; 32; 32; 29; 10; 15
11,32,0.58245,0.34375,4; 11; 11; 32; 29; 6; 3; 30
8,82,0.31742,0.09756,4; 4; 8; 82; 19; 15; 13; 31
7,42,0.21566,0.16667,21; 4; 7; 42; 7; 7; 23; 21
5,78,0.26351,0.0641,3; 3; 5; 78; 15; 11; 19; 3
8,70,0.21632,0.11429,9; 5; 8; 70; 19; 26; 13; 20
11,78,0.36962,0.14103,4; 4; 11; 78; 9; 5; 12; 14
34,42,0.64128,0.80952,3; 11; 34; 42; 24; 12; 30; 31
24,53,0.44713,0.45283,5; 5; 24; 53; 13; 21; 27; 13
29,31,0.61997,0.93548,12; 13; 29; 31; 9; 8; 29; 17
25,64,0.47958,0.39062,4; 4; 25; 64; 28; 11; 3; 20
22,53,0.4153,0.41509,10; 11; 22; 53; 9; 4; 23; 6
9,75,0.29714,0.12,7; 7; 9; 75; 25; 24; 16; 27
8,77,0.26375,0.1039,3; 4; 8; 77; 27; 27; 29; 10
7,31,0.80504,0.22581,8; 20; 7; 31; 17; 4; 7; 18
9,77,0.32737,0.11688,6; 5; 9; 77; 3; 9; 19; 10
9,70,0.22993,0.12857,7; 8; 9; 70; 4; 12; 32; 11
17,26,0.59812,0.65385,8; 13; 17; 26; 13; 9; 30; 23
36,49,0.73555,0.73469,5; 3; 36; 49; 16; 27; 26; 21
5,9,0.78631,0.55556,28; 31; 5; 9; 32; 21; 25; 10
30,53,0.54465,0.56604,4; 4; 30; 53; 27; 8; 7; 7
15,75,0.34303,0.2,4; 4; 15; 75; 7; 30; 12; 5
12,78,0.35037,0.15385,3; 3; 12; 78; 18; 13; 21; 16
9,10,0.8279,0.9,35; 8; 9; 10; 5; 5; 30; 9
6,77,0.29116,0.07792,4; 4; 6; 77; 20; 19; 6; 19
5,9,0.81163,0.55556,29; 36; 5; 9; 22; 19; 5; 4
11,77,0.33959,0.14286,3; 5; 11; 77; 30; 6; 22; 21
8,77,0.30938,0.1039,3; 6; 8; 77; 22; 17; 8; 16
12,48,0.27248,0.25,10; 15; 12; 48; 3; 26; 19; 21
9,64,0.21757,0.14062,10; 3; 9; 64; 15; 18; 10; 24
13,31,0.4635,0.41935,23; 16; 13; 31; 30; 10; 22; 14
8,10,0.82206,0.8,34; 22; 8; 10; 11; 27; 14; 3
5,82,0.28766,0.06098,4; 3; 5; 82; 10; 6; 11; 16
40,48,0.78203,0.83333,4; 4; 40; 48; 25; 26; 10; 30
6,77,0.26712,0.07792,3; 6; 6; 77; 13; 17; 22; 19
10,70,0.26765,0.14286,9; 6; 10; 70; 18; 19; 16; 12
7,82,0.38503,0.08537,3; 3; 7; 82; 4; 7; 17; 6
11,26,0.53567,0.42308,13; 21; 11; 26; 18; 10; 23; 25
19,26,0.54432,0.73077,10; 23; 19; 26; 27; 22; 13; 32
26,53,0.511,0.49057,5; 7; 26; 53; 15; 4; 22; 29
30,53,0.58663,0.56604,5; 6; 30; 53; 29; 23; 23; 13
15,26,0.59713,0.57692,25; 19; 15; 26; 22; 18; 31; 6
8,9,0.80254,0.88889,24; 6; 8; 9; 10; 21; 8; 10
8,9,0.83808,0.88889,38; 17; 8; 9; 13; 21; 8; 3
7,10,0.81306,0.7,31; 16; 7; 10; 28; 10; 9; 30
6,10,0.8204,0.6,39; 39; 6; 10; 14; 31; 11; 23
40,48,0.79342,0.83333,5; 5; 40; 48; 11; 16; 24; 26
8,77,0.3169,0.1039,6; 3; 8; 77; 5; 6; 11; 11
8,78,0.29399,0.10256,6; 6; 8; 78; 23; 32; 27; 11
30,53,0.57925,0.56604,4; 6; 30; 53; 12; 27; 7; 30
21,31,0.48397,0.67742,22; 23; 21; 31; 14; 32; 18; 23
11,78,0.38921,0.14103,3; 4; 11; 78; 8; 21; 22; 13
11,31,0.50082,0.35484,27; 17; 11; 31; 3; 20; 15; 6
14,75,0.36652,0.18667,4; 3; 14; 75; 20; 22; 15; 4
11,53,0.23376,0.20755,15; 14; 11; 53; 18; 23; 9; 16
9,10,0.79425,0.9,12; 3; 9; 10; 20; 6; 8; 32
7,82,0.34308,0.08537,4; 3; 7; 82; 21; 20; 27; 12
7,78,0.27855,0.08974,6; 5; 7; 78; 13; 18; 12; 25
17,31,0.5175,0.54839,21; 6; 17; 31; 25; 16; 29; 25
12,64,0.2581,0.1875,3; 3; 12; 64; 16; 27; 3; 32
12,75,0.34313,0.16,3; 4; 12; 75; 30; 21; 14; 14
9,10,0.79594,0.9,37; 21; 9; 10; 27; 22; 22; 21
6,10,0.82398,0.6,20; 28; 6; 10; 15; 9; 13; 21
5,75,0.2344,0.06667,6; 9; 5; 75; 18; 4; 24; 19
10,49,0.21589,0.20408,14; 3; 10; 49; 28; 25; 24; 5
14,64,0.30525,0.21875,9; 9; 14; 64; 14; 6; 10; 3
5,82,0.37775,0.06098,3; 5; 5; 82; 12; 14; 16; 20
10,78,0.30464,0.12821,5; 3; 10; 78; 24; 5; 7; 17
7,82,0.3268,0.08537,4; 3; 7; 82; 16; 6; 31; 15
6,82,0.30612,0.07317,3; 3; 6; 82; 30; 10; 11; 26
19,53,0.36675,0.35849,5; 6; 19; 53; 10; 21; 21; 15
7,82,0.39655,0.08537,3; 4; 7; 82; 7; 11; 24; 27
5,82,0.28257,0.06098,4; 3; 5; 82; 7; 13; 29; 15
30,32,0.50692,0.9375,12; 17; 30; 32; 20; 10; 7; 25
10,70,0.26932,0.14286,4; 6; 10; 70; 15; 10; 31; 24
11,53,0.23743,0.20755,13; 3; 11; 53; 24; 22; 9; 15
23,63,0.43199,0.36508,5; 3; 23; 63; 5; 10; 21; 32
5,82,0.34754,0.06098,3; 4; 5; 82; 11; 32; 9; 30
29,31,0.56263,0.93548,9; 19; 29; 31; 3; 32; 31; 14
11,32,0.60241,0.34375,22; 13; 11; 32; 3; 25; 7; 3
5,9,0.83551,0.55556,9; 17; 5; 9; 32; 31; 24; 8
11,78,0.3725,0.14103,3; 3; 11; 78; 7; 11; 22; 13
15,63,0.29815,0.2381,10; 5; 15; 63; 6; 16; 23; 13
5,49,0.15079,0.10204,6; 9; 5; 49; 15; 12; 14; 15
9,70,0.30282,0.12857,7; 6; 9; 70; 25; 20; 26; 19
18,63,0.36195,0.28571,8; 7; 18; 63; 30; 8; 5; 12
10,77,0.34252,0.12987,4; 4; 10; 77; 9; 12; 30; 7
31,49,0.60564,0.63265,7; 3; 31; 49; 3; 28; 16; 11
5,70,0.18696,0.07143,9; 8; 5; 70; 5; 9; 8; 32
17,48,0.37604,0.35417,6; 16; 17; 48; 18; 9; 7; 12
11,26,0.54581,0.42308,13; 28; 11; 26; 22; 5; 20; 11
11,77,0.31979,0.14286,5; 3; 11; 77; 9; 23; 19; 24
12,75,0.34166,0.16,3; 3; 12; 75; 24; 15; 5; 31
26,53,0.47399,0.49057,6; 6; 26; 53; 6; 5; 20; 4
24,64,0.47437,0.375,4; 5; 24; 64; 6; 24; 8; 9
13,64,0.28878,0.20312,7; 3; 13; 64; 30; 3; 25; 20
7,48,0.15875,0.14583,17; 18; 7; 48; 20; 21; 8; 4
9,77,0.35202,0.11688,4; 3; 9; 77; 16; 4; 19; 7
9,42,0.3596,0.21429,12; 16; 9; 42; 20; 12; 7; 22
9,70,0.22579,0.12857,9; 6; 9; 70; 8; 22; 28; 14
11,32,0.52691,0.34375,21; 25; 11; 32; 8; 16; 15; 28
14,64,0.30955,0.21875,9; 4; 14; 64; 26; 5; 8; 6
7,75,0.28163,0.09333,4; 6; 7; 75; 31; 21; 4; 28
9,78,0.32911,0.11538,5; 3; 9; 78; 27; 7; 5; 12
10,77,0.3757,0.12987,4; 4; 10; 77; 12; 8; 24; 16
14,31,0.71388,0.45161,20; 22; 14; 31; 11; 23; 20; 4
9,31,0.48617,0.29032,4; 14; 9; 31; 19; 5; 16; 14
11,75,0.33844,0.14667,6; 6; 11; 75; 12; 18; 12; 23
5,78,0.2977,0.0641,3; 7; 5; 78; 3; 8; 8; 11
14,32,0.46818,0.4375,17; 12; 14; 32; 13; 25; 5; 10
7,82,0.35212,0.08537,4; 3; 7; 82; 18; 6; 24; 25
7,77,0.29557,0.09091,3; 4; 7; 77; 18; 13; 23; 5
8,64,0.19699,0.125,7; 11; 8; 64; 12; 21; 20; 4
25,49,0.48562,0.5102,4; 7; 25; 49; 6; 28; 23; 28
11,42,0.28957,0.2619,12; 13; 11; 42; 9; 23; 4; 7
6,78,0.29622,0.07692,4; 6; 6; 78; 7; 15; 27; 32
7,64,0.15842,0.10938,9; 7; 7; 64; 12; 31; 16; 24
7,77,0.30553,0.09091,5; 4; 7; 77; 18; 9; 28; 25
18,32,0.56433,0.5625,10; 18; 18; 32; 3; 30; 14; 17
11,26,0.80196,0.42308,28; 30; 11; 26; 26; 20; 14; 16
31,53,0.58714,0.58491,3; 4; 31; 53; 7; 11; 9; 29
19,53,0.37144,0.35849,6; 6; 19; 53; 9; 26; 22; 15
22,32,0.61851,0.6875,15; 11; 22; 32; 14; 13; 11; 8
7,77,0.30601,0.09091,7; 4; 7; 77; 14; 20; 7; 23
31,49,0.60227,0.63265,7; 8; 31; 49; 12; 21; 20; 26
19,70,0.42835,0.27143,4; 3; 19; 70; 25; 3; 3; 6
5,10,0.84354,0.5,18; 37; 5; 10; 8; 18; 14; 16
12,77,0.34728,0.15584,4; 4; 12; 77; 23; 30; 17; 17
15,31,0.7464,0.48387,8; 5; 15; 31; 26; 21; 22; 21
8,26,0.74417,0.30769,5; 18; 8; 26; 15; 7; 20; 7
17,48,0.34631,0.35417,4; 5; 17; 48; 25; 28; 25; 11
5,82,0.2805,0.06098,3; 4; 5; 82; 29; 14; 25; 9
9,70,0.22803,0.12857,6; 7; 9; 70; 19; 4; 28; 19
14,75,0.34577,0.18667,4; 3; 14; 75; 27; 5; 16; 4
20,64,0.39322,0.3125,5; 3; 20; 64; 13; 20; 12; 26
9,42,0.2396,0.21429,20; 5; 9; 42; 6; 6; 18; 25
25,63,0.47768,0.39683,3; 5; 25; 63; 32; 6; 20; 22
24,26,0.56792,0.92308,3; 12; 24; 26; 9; 14; 8; 9
5,9,0.81584,0.55556,5; 21; 5; 9; 5; 24; 31; 7
7,77,0.33431,0.09091,6; 7; 7; 77; 16; 9; 3; 12
5,10,0.82375,0.5,14; 22; 5; 10; 5; 16; 26; 8
35,53,0.64632,0.66038,3; 5; 35; 53; 9; 3; 30; 27
9,10,0.79656,0.9,38; 18; 9; 10; 26; 15; 6; 32
5,70,0.19817,0.07143,7; 11; 5; 70; 5; 3; 23; 20
20,53,0.38356,0.37736,12; 6; 20; 53; 29; 21; 20; 13
8,26,0.78532,0.30769,8; 29; 8; 26; 16; 23; 22; 31
5,10,0.81356,0.5,13; 13; 5; 10; 23; 25; 22; 15
6,75,0.26895,0.08,6; 6; 6; 75; 19; 12; 8; 14
10,49,0.17146,0.20408,4; 9; 10; 49; 28; 28; 21; 11
22,31,0.53815,0.70968,7; 15; 22; 31; 11; 4; 3; 25
14,53,0.27869,0.26415,6; 7; 14; 53; 25; 6; 23; 19
8,78,0.26515,0.10256,4; 3; 8; 78; 6; 25; 26; 25
12,64,0.30204,0.1875,4; 11; 12; 64; 16; 25; 10; 15
5,31,0.64415,0.16129,7; 23; 5; 31; 7; 21; 5; 9
32,42,0.62235,0.7619,9; 5; 32; 42; 19; 23; 19; 9
7,63,0.16499,0.11111,13; 14; 7; 63; 7; 25; 10; 16
23,26,0.57598,0.88462,17; 18; 23; 26; 29; 30; 17; 13
7,82,0.31893,0.08537,4; 3; 7; 82; 10; 29; 12; 4
10,75,0.26816,0.13333,3; 6; 10; 75; 5; 18; 32; 10
5,9,0.82063,0.55556,42; 30; 5; 9; 4; 32; 32; 22
7,31,0.52845,0.22581,19; 27; 7; 31; 11; 19; 20; 16
14,31,0.49493,0.45161,14; 13; 14; 31; 11; 18; 26; 21
8,9,0.82585,0.88889,5; 7; 8; 9; 19; 14; 17; 23
7,9,0.80314,0.77778,25; 3; 7; 9; 19; 31; 3; 3
21,32,0.78134,0.65625,19; 19; 21; 32; 7; 10; 19; 13
12,75,0.30232,0.16,5; 3; 12; 75; 25; 8; 29; 17
26,31,0.54527,0.83871,11; 10; 26; 31; 28; 29; 20; 20
27,42,0.56656,0.64286,6; 4; 27; 42; 16; 15; 3; 24
7,9,0.8038,0.77778,20; 15; 7; 9; 29; 14; 17; 4
6,31,0.50491,0.19355,13; 20; 6; 31; 32; 8; 14; 26
6,78,0.31298,0.07692,4; 7; 6; 78; 26; 20; 20; 19
9,53,0.19501,0.16981,15; 18; 9; 53; 6; 4; 17; 25
11,70,0.30264,0.15714,3; 3; 11; 70; 24; 10; 15; 25
24,26,0.61002,0.92308,24; 3; 24; 26; 10; 16; 19; 30
5,10,0.81628,0.5,39; 29; 5; 10; 17; 9; 8; 22
22,64,0.4027,0.34375,4; 4; 22; 64; 17; 30; 8; 17
21,32,0.50751,0.65625,21; 15; 21; 32; 16; 6; 17; 17
11,77,0.34758,0.14286,3; 3; 11; 77; 16; 28; 6; 23
30,42,0.61952,0.71429,4; 9; 30; 42; 20; 9; 20; 3
8,31,0.60162,0.25806,12; 28; 8; 31; 12; 21; 9; 31
22,32,0.48339,0.6875,9; 4; 22; 32; 6; 16; 12; 26
13,48,0.31311,0.27083,13; 4; 13; 48; 7; 7; 21; 31
16,26,0.55107,0.61538,27; 28; 16; 26; 13; 28; 30; 24
5,70,0.20608,0.07143,8; 11; 5; 70; 18; 27; 27; 13
7,26,0.68596,0.26923,29; 32; 7; 26; 24; 21; 12; 22
5,9,0.81637,0.55556,36; 25; 5; 9; 6; 16; 4; 26
18,42,0.52536,0.42857,6; 10; 18; 42; 13; 15; 27; 26
14,70,0.33168,0.2,7; 4; 14; 70; 29; 12; 8; 30
8,82,0.32929,0.09756,4; 4; 8; 82; 28; 21; 15; 11
6,77,0.24513,0.07792,4; 6; 6; 77; 20; 24; 23; 5
16,49,0.31134,0.32653,11; 10; 16; 49; 23; 24; 11; 22
5,77,0.20743,0.06494,5; 3; 5; 77; 32; 3; 10; 28
16,31,0.74462,0.51613,10; 8; 16; 31; 23; 32; 28; 5
16,70,0.36623,0.22857,6; 4; 16; 70; 9; 28; 11; 21
14,26,0.80289,0.53846,11; 17; 14; 26; 31; 27; 14; 18
25,48,0.51871,0.52083,10; 10; 25; 48; 22; 16; 15; 5
10,31,0.64597,0.32258,21; 28; 10; 31; 14; 32; 32; 5
20,26,0.5864,0.76923,25; 17; 20; 26; 32; 13; 3; 32
12,75,0.30524,0.16,3; 3; 12; 75; 10; 8; 6; 14
9,10,0.81402,0.9,30; 10; 9; 10; 12; 8; 32; 24
15,70,0.34345,0.21429,4; 3; 15; 70; 13; 26; 21; 27
12,75,0.34355,0.16,4; 5; 12; 75; 17; 26; 4; 29
8,10,0.80779,0.8,25; 30; 8; 10; 26; 26; 17; 17
24,42,0.55926,0.57143,3; 11; 24; 42; 13; 13; 25; 6
12,70,0.29953,0.17143,4; 6; 12; 70; 25; 29; 26; 14
7,82,0.30597,0.08537,4; 4; 7; 82; 27; 12; 18; 19
35,42,0.69707,0.83333,10; 4; 35; 42; 13; 9; 27; 26
23,49,0.46525,0.46939,7; 6; 23; 49; 19; 9; 19; 30
21,64,0.42319,0.32812,4; 5; 21; 64; 24; 14; 30; 29
8,9,0.79366,0.88889,18; 14; 8; 9; 23; 14; 4; 31
10,26,0.71503,0.38462,28; 30; 10; 26; 17; 10; 7; 14
8,75,0.29097,0.10667,5; 6; 8; 75; 29; 17; 21; 3
8,77,0.25884,0.1039,3; 3; 8; 77; 23; 24; 7; 24
13,53,0.28112,0.24528,13; 8; 13; 53; 3; 3; 8; 4
8,78,0.30436,0.10256,5; 6; 8; 78; 17; 25; 12; 7
8,63,0.21039,0.12698,10; 7; 8; 63; 29; 9; 18; 32
9,78,0.33555,0.11538,3; 3; 9; 78; 30; 15; 23; 24
6,82,0.36354,0.07317,3; 5; 6; 82; 11; 20; 28; 6
35,53,0.67293,0.66038,3; 4; 35; 53; 5; 27; 18; 12
36,48,0.69257,0.75,4; 6; 36; 48; 32; 19; 5; 15
35,48,0.68254,0.72917,4; 3; 35; 48; 26; 21; 25; 5
27,31,0.55092,0.87097,4; 8; 27; 31; 28; 7; 25; 16
15,75,0.38726,0.2,3; 3; 15; 75; 9; 24; 20; 3
14,31,0.53772,0.45161,5; 20; 14; 31; 12; 28; 9; 11
28,48,0.56222,0.58333,7; 10; 28; 48; 9; 27; 22; 27
9,32,0.54398,0.28125,4; 9; 9; 32; 4; 3; 15; 10
26,32,0.65172,0.8125,9; 18; 26; 32; 21; 5; 9; 15
20,53,0.38868,0.37736,10; 9; 20; 53; 16; 24; 29; 11
26,31,0.496,0.83871,4; 3; 26; 31; 26; 17; 10; 6
22,32,0.48505,0.6875,16; 22; 22; 32; 11; 19; 5; 20
5,77,0.30739,0.06494,4; 3; 5; 77; 7; 27; 23; 9
41,49,0.8237,0.83673,3; 3; 41; 49; 30; 6; 18; 9
23,48,0.45461,0.47917,13; 13; 23; 48; 19; 32; 24; 6
12,31,0.5869,0.3871,11; 17; 12; 31; 4; 28; 16; 21
6,10,0.82062,0.6,12; 3; 6; 10; 10; 14; 5; 23
41,49,0.79677,0.83673,3; 3; 41; 49; 28; 8; 12; 8
7,82,0.32683,0.08537,3; 3; 7; 82; 27; 5; 23; 12
8,75,0.23776,0.10667,5; 3; 8; 75; 10; 19; 25; 14
8,82,0.39141,0.09756,4; 3; 8; 82; 27; 7; 27; 31
11,64,0.23294,0.17188,6; 6; 11; 64; 26; 22; 22; 6
8,9,0.82452,0.88889,11; 20; 8; 9; 12; 20; 29; 27
6,70,0.18286,0.08571,5; 7; 6; 70; 21; 26; 4; 13
27,32,0.53784,0.84375,17; 11; 27; 32; 8; 19; 6; 3
13,42,0.37823,0.30952,4; 17; 13; 42; 5; 24; 30; 30
26,32,0.60629,0.8125,6; 9; 26; 32; 26; 7; 29; 29
12,75,0.3606,0.16,5; 3; 12; 75; 30; 7; 19; 15
8,82,0.36679,0.09756,4; 3; 8; 82; 28; 3; 23; 32
5,9,0.82022,0.55556,32; 27; 5; 9; 28; 8; 4; 5
5,82,0.34198,0.06098,4; 5; 5; 82; 7; 17; 13; 9
5,75,0.24404,0.06667,6; 3; 5; 75; 6; 9; 25; 10
8,82,0.36186,0.09756,3; 3; 8; 82; 16; 25; 6; 27
7,75,0.23783,0.09333,6; 8; 7; 75; 21; 23; 3; 15
30,53,0.549,0.56604,4; 5; 30; 53; 10; 6; 23; 27
21,31,0.47438,0.67742,10; 15; 21; 31; 31; 8; 7; 16
18,70,0.3792,0.25714,4; 4; 18; 70; 23; 18; 11; 10
6,9,0.81137,0.66667,33; 37; 6; 9; 23; 16; 19; 8
8,9,0.80641,0.88889,13; 36; 8; 9; 21; 15; 15; 19
25,63,0.43833,0.39683,4; 5; 25; 63; 7; 15; 28; 6
14,49,0.29183,0.28571,14; 17; 14; 49; 12; 13; 10; 5
9,64,0.19872,0.14062,6; 7; 9; 64; 28; 5; 14; 3
7,9,0.82244,0.77778,41; 20; 7; 9; 25; 26; 19; 20
22,26,0.55651,0.84615,5; 13; 22; 26; 18; 30; 14; 28
5,9,0.8342,0.55556,19; 42; 5; 9; 3; 10; 9; 4
16,53,0.32213,0.30189,14; 11; 16; 53; 5; 4; 21; 20
8,77,0.31953,0.1039,3; 6; 8; 77; 12; 14; 27; 22
22,64,0.40423,0.34375,5; 5; 22; 64; 5; 13; 26; 26
12,63,0.25637,0.19048,5; 9; 12; 63; 19; 32; 16; 11
7,75,0.21718,0.09333,4; 7; 7; 75; 13; 8; 6; 32
6,64,0.17697,0.09375,4; 5; 6; 64; 11; 16; 13; 4
20,42,0.5202,0.47619,6; 14; 20; 42; 27; 18; 5; 22
13,53,0.2565,0.24528,15; 12; 13; 53; 32; 3; 29; 26
6,9,0.8246,0.66667,10; 25; 6; 9; 21; 6; 6; 7
28,32,0.57034,0.875,12; 17; 28; 32; 6; 15; 29; 22
8,82,0.38107,0.09756,4; 3; 8; 82; 21; 27; 20; 21
6,75,0.2189,0.08,6; 7; 6; 75; 9; 18; 8; 12
9,48,0.22959,0.1875,18; 16; 9; 48; 11; 13; 6; 17
9,78,0.33778,0.11538,3; 5; 9; 78; 32; 17; 17; 26
26,49,0.51286,0.53061,3; 3; 26; 49; 27; 25; 14; 4
26,31,0.6253,0.83871,10; 11; 26; 31; 5; 24; 14; 30
6,9,0.82318,0.66667,10; 7; 6; 9; 3; 14; 8; 14
12,64,0.2778,0.1875,7; 11; 12; 64; 5; 8; 30; 22
31,48,0.6215,0.64583,3; 9; 31; 48; 15; 11; 8; 3
8,82,0.3426,0.09756,3; 4; 8; 82; 29; 22; 25; 6
13,77,0.35632,0.16883,3; 4; 13; 77; 23; 29; 19; 24
33,49,0.66359,0.67347,4; 3; 33; 49; 14; 24; 23; 25
19,70,0.39094,0.27143,3; 4; 19; 70; 10; 29; 12; 5
14,70,0.3643,0.2,6; 5; 14; 70; 5; 16; 19; 17
6,63,0.18587,0.09524,11; 11; 6; 63; 5; 6; 23; 11
8,75,0.26311,0.10667,4; 4; 8; 75; 25; 29; 4; 26
24,32,0.53688,0.75,7; 13; 24; 32; 5; 5; 6; 14
5,75,0.3011,0.06667,7; 3; 5; 75; 20; 24; 30; 5
8,9,0.81116,0.88889,26; 9; 8; 9; 11; 31; 9; 15
12,63,0.25194,0.19048,3; 5; 12; 63; 20; 24; 11; 23
17,70,0.35987,0.24286,4; 3; 17; 70; 7; 20; 4; 29
5,77,0.25625,0.06494,7; 4; 5; 77; 31; 7; 6; 31
14,70,0.32126,0.2,7; 5; 14; 70; 6; 16; 29; 21
26,48,0.53713,0.54167,8; 6; 26; 48; 27; 28; 5; 29
8,78,0.29551,0.10256,6; 4; 8; 78; 13; 32; 31; 5
8,70,0.20139,0.11429,9; 5; 8; 70; 31; 7; 16; 20
24,64,0.41188,0.375,5; 4; 24; 64; 11; 14; 11; 4
16,48,0.36789,0.33333,10; 15; 16; 48; 4; 13; 24; 24
13,53,0.27845,0.24528,9; 9; 13; 53; 32; 12; 30; 16
11,49,0.26439,0.22449,15; 11; 11; 49; 6; 21; 31; 20
24,31,0.4813,0.77419,18; 19; 24; 31; 22; 5; 31; 4
6,9,0.82792,0.66667,15; 21; 6; 9; 18; 4; 17; 5
6,78,0.3221,0.07692,5; 4; 6; 78; 29; 13; 11; 20
22,64,0.41829,0.34375,4; 4; 22; 64; 15; 13; 20; 26
7,53,0.17795,0.13208,13; 13; 7; 53; 28; 17; 28; 4
7,64,0.19956,0.10938,7; 9; 7; 64; 23; 30; 12; 23
33,48,0.67141,0.6875,7; 7; 33; 48; 9; 14; 20; 8
9,75,0.27969,0.12,3; 3; 9; 75; 18; 26; 13; 16
9,10,0.80359,0.9,20; 4; 9; 10; 23; 19; 4; 8
7,78,0.28839,0.08974,6; 3; 7; 78; 31; 11; 22; 14
5,78,0.29075,0.0641,4; 4; 5; 78; 20; 28; 17; 10
12,78,0.36596,0.15385,4; 3; 12; 78; 8; 8; 7; 10
5,78,0.29687,0.0641,7; 5; 5; 78; 3; 11; 15; 3
21,49,0.42539,0.42857,7; 10; 21; 49; 3; 3; 6; 15
29,31,0.63128,0.93548,6; 15; 29; 31; 11; 30; 18; 11
5,49,0.13656,0.10204,11; 13; 5; 49; 6; 9; 11; 10
15,75,0.37807,0.2,3; 4; 15; 75; 16; 27; 23; 5
8,70,0.22059,0.11429,3; 3; 8; 70; 22; 31; 22; 6
5,75,0.23639,0.06667,5; 8; 5; 75; 13; 29; 18; 30
8,26,0.81226,0.30769,8; 8; 8; 26; 17; 29; 25; 7
27,42,0.61739,0.64286,3; 9; 27; 42; 12; 4; 12; 21
12,49,0.2883,0.2449,6; 17; 12; 49; 29; 11; 18; 16
18,49,0.34707,0.36735,6; 7; 18; 49; 24; 19; 16; 21
26,31,0.60751,0.83871,13; 19; 26; 31; 22; 3; 8; 29
8,10,0.77269,0.8,29; 3; 8; 10; 5; 7; 7; 6
8,32,0.6977,0.25,15; 24; 8; 32; 28; 12; 10; 31
18,63,0.35547,0.28571,8; 3; 18; 63; 19; 17; 16; 20
20,63,0.40389,0.31746,4; 5; 20; 63; 19; 18; 17; 27
6,9,0.83162,0.66667,7; 17; 6; 9; 19; 10; 31; 9
5,48,0.16587,0.10417,9; 12; 5; 48; 32; 14; 5; 25
11,49,0.27193,0.22449,17; 10; 11; 49; 16; 15; 26; 15
13,75,0.3471,0.17333,3; 4; 13; 75; 20; 21; 14; 24
11,78,0.34253,0.14103,4; 3; 11; 78; 17; 22; 10; 18
5,78,0.30863,0.0641,7; 5; 5; 78; 28; 4; 20; 25
34,48,0.66756,0.70833,4; 7; 34; 48; 13; 25; 22; 8
32,42,0.65638,0.7619,11; 11; 32; 42; 30; 9; 28; 18
17,63,0.34671,0.26984,7; 6; 17; 63; 14; 8; 15; 19
9,32,0.59635,0.28125,26; 19; 9; 32; 10; 18; 10; 25
36,42,0.67175,0.85714,4; 5; 36; 42; 10; 11; 16; 3
15,49,0.2991,0.30612,9; 3; 15; 49; 25; 13; 17; 5
10,63,0.20672,0.15873,3; 3; 10; 63; 30; 21; 10; 11
5,75,0.28117,0.06667,6; 4; 5; 75; 26; 21; 31; 16
5,64,0.19526,0.07812,3; 14; 5; 64; 25; 30; 20; 9
12,64,0.27264,0.1875,5; 11; 12; 64; 28; 6; 22; 32
11,78,0.3516,0.14103,4; 3; 11; 78; 7; 11; 31; 19
6,78,0.22939,0.07692,4; 4; 6; 78; 9; 21; 29; 20
21,26,0.64748,0.80769,24; 12; 21; 26; 13; 9; 24; 8
37,53,0.67758,0.69811,4; 4; 37; 53; 7; 19; 20; 16
9,78,0.2627,0.11538,3; 4; 9; 78; 19; 10; 28; 10
8,82,0.39397,0.09756,4; 3; 8; 82; 5; 28; 18; 10
11,70,0.28483,0.15714,7; 4; 11; 70; 8; 3; 21; 17
6,9,0.82621,0.66667,3; 10; 6; 9; 20; 8; 24; 15
18,63,0.35126,0.28571,7; 4; 18; 63; 13; 8; 3; 18
18,64,0.34937,0.28125,5; 8; 18; 64; 12; 18; 13; 28
24,63,0.45247,0.38095,3; 5; 24; 63; 13; 14; 4; 17
17,31,0.51111,0.54839,16; 5; 17; 31; 18; 8; 6; 30
11,32,0.59004,0.34375,9; 10; 11; 32; 3; 24; 9; 20
32,53,0.59073,0.60377,5; 6; 32; 53; 16; 27; 22; 12
11,78,0.36219,0.14103,3; 3; 11; 78; 29; 10; 20; 21
37,48,0.73578,0.77083,6; 5; 37; 48; 4; 7; 27; 17
39,49,0.78325,0.79592,3; 3; 39; 49; 13; 17; 19; 11
27,63,0.48984,0.42857,3; 3; 27; 63; 11; 31; 20; 21
11,78,0.37831,0.14103,4; 4; 11; 78; 17; 22; 5; 19
26,48,0.5337,0.54167,8; 3; 26; 48; 4; 7; 16; 7
13,42,0.33029,0.30952,4; 11; 13; 42; 15; 3; 8; 19
5,42,0.33714,0.11905,6; 19; 5; 42; 8; 16; 3; 6
39,48,0.78038,0.8125,3; 4; 39; 48; 19; 15; 22; 30
6,10,0.80422,0.6,23; 4; 6; 10; 20; 24; 22; 18
14,64,0.30544,0.21875,4; 3; 14; 64; 22; 7; 8; 3
13,49,0.24323,0.26531,4; 8; 13; 49; 18; 17; 17; 12
5,78,0.25874,0.0641,6; 5; 5; 78; 5; 18; 4; 23
23,31,0.62337,0.74194,3; 8; 23; 31; 10; 12; 14; 12
29,53,0.53174,0.54717,6; 7; 29; 53; 5; 24; 15; 8
7,10,0.79242,0.7,13; 35; 7; 10; 29; 21; 5; 26
15,75,0.40024,0.2,3; 4; 15; 75; 4; 31; 6; 31
6,48,0.1702,0.125,17; 15; 6; 48; 8; 16; 6; 16
8,64,0.17979,0.125,7; 10; 8; 64; 9; 21; 14; 30
39,42,0.70787,0.92857,3; 5; 39; 42; 28; 9; 30; 4
39,48,0.78324,0.8125,4; 5; 39; 48; 21; 6; 14; 17
10,32,0.54307,0.3125,3; 16; 10; 32; 16; 18; 28; 10
20,70,0.42566,0.28571,4; 4; 20; 70; 21; 7; 9; 24
37,49,0.728,0.7551,3; 3; 37; 49; 7; 13; 17; 24
10,63,0.22139,0.15873,5; 3; 10; 63; 11; 15; 15; 28
11,75,0.32559,0.14667,3; 4; 11; 75; 12; 20; 20; 22
7,64,0.20319,0.10938,8; 4; 7; 64; 14; 11; 31; 10
26,49,0.50026,0.53061,5; 7; 26; 49; 25; 3; 18; 7
8,64,0.19081,0.125,5; 13; 8; 64; 19; 7; 14; 29
8,77,0.27751,0.1039,6; 4; 8; 77; 22; 14; 20; 27
21,31,0.69039,0.67742,15; 16; 21; 31; 8; 31; 17; 29
16,63,0.31984,0.25397,8; 6; 16; 63; 31; 21; 27; 5
10,75,0.32887,0.13333,4; 6; 10; 75; 25; 23; 3; 10
21,42,0.45969,0.5,15; 6; 21; 42; 19; 25; 4; 11
22,64,0.42747,0.34375,4; 5; 22; 64; 11; 5; 19; 20
8,82,0.33686,0.09756,4; 3; 8; 82; 13; 11; 7; 10
5,78,0.312,0.0641,7; 7; 5; 78; 10; 9; 20; 17
12,64,0.25054,0.1875,6; 7; 12; 64; 5; 10; 17; 27
6,82,0.37557,0.07317,5; 3; 6; 82; 4; 20; 32; 24
38,42,0.69932,0.90476,7; 9; 38; 42; 15; 16; 17; 12
7,26,0.68773,0.26923,22; 23; 7; 26; 6; 21; 13; 23
5,10,0.82116,0.5,12; 6; 5; 10; 4; 20; 32; 26
7,9,0.81616,0.77778,9; 32; 7; 9; 30; 19; 19; 9
17,63,0.32098,0.26984,8; 3; 17; 63; 26; 21; 15; 5
28,53,0.53611,0.5283,3; 3; 28; 53; 8; 15; 3; 4
6,82,0.31675,0.07317,3; 4; 6; 82; 29; 17; 32; 16
6,82,0.32162,0.07317,3; 4; 6; 82; 30; 11; 18; 28
26,32,0.54158,0.8125,14; 18; 26; 32; 9; 32; 22; 7
6,77,0.31639,0.07792,7; 4; 6; 77; 14; 11; 30; 10
5,63,0.17332,0.07937,8; 9; 5; 63; 11; 19; 26; 3
16,26,0.67464,0.61538,12; 8; 16; 26; 32; 10; 28; 8
29,48,0.60961,0.60417,3; 7; 29; 48; 11; 23; 12; 16
9,26,0.64388,0.34615,29; 7; 9; 26; 17; 28; 23; 15
8,53,0.18423,0.15094,10; 7; 8; 53; 27; 22; 32; 14
27,53,0.48515,0.50943,6; 7; 27; 53; 17; 24; 9; 20
15,53,0.28811,0.28302,12; 3; 15; 53; 14; 10; 8; 24
24,31,0.64445,0.77419,3; 14; 24; 31; 23; 12; 26; 23
21,42,0.47301,0.5,15; 3; 21; 42; 10; 29; 7; 19
20,42,0.42885,0.47619,18; 14; 20; 42; 22; 22; 15; 9
15,42,0.35321,0.35714,14; 11; 15; 42; 3; 17; 20; 32
8,77,0.25694,0.1039,6; 3; 8; 77; 12; 16; 14; 14
35,53,0.65908,0.66038,4; 4; 35; 53; 9; 16; 22; 24
19,53,0.35727,0.35849,11; 3; 19; 53; 21; 9; 11; 29
11,31,0.52414,0.35484,5; 27; 11; 31; 7; 19; 11; 14
7,82,0.28915,0.08537,3; 4; 7; 82; 23; 14; 31; 22
8,78,0.26854,0.10256,5; 3; 8; 78; 23; 15; 22; 28
12,70,0.27199,0.17143,5; 7; 12; 70; 20; 19; 32; 24
18,32,0.60972,0.5625,21; 19; 18; 32; 29; 29; 16; 5
11,75,0.33793,0.14667,4; 6; 11; 75; 5; 21; 11; 6
22,31,0.69353,0.70968,21; 18; 22; 31; 13; 9; 6; 16
11,53,0.21399,0.20755,14; 17; 11; 53; 24; 24; 3; 23
35,42,0.66027,0.83333,4; 7; 35; 42; 14; 24; 30; 29
8,48,0.18618,0.16667,8; 17; 8; 48; 8; 19; 20; 4
15,26,0.50409,0.57692,18; 27; 15; 26; 13; 15; 23; 6
7,10,0.82815,0.7,3; 32; 7; 10; 26; 15; 9; 14
23,32,0.5216,0.71875,18; 17; 23; 32; 18; 8; 22; 11
20,42,0.46218,0.47619,16; 10; 20; 42; 19; 29; 13; 11
9,70,0.23989,0.12857,3; 3; 9; 70; 14; 27; 23; 18
18,63,0.35429,0.28571,7; 6; 18; 63; 19; 11; 12; 26
8,77,0.33735,0.1039,4; 3; 8; 77; 16; 13; 14; 15
6,48,0.17288,0.125,18; 13; 6; 48; 18; 15; 14; 8
13,53,0.27318,0.24528,11; 13; 13; 53; 24; 32; 6; 21
5,32,0.67025,0.15625,15; 12; 5; 32; 30; 12; 31; 3
9,10,0.77217,0.9,22; 38; 9; 10; 26; 27; 21; 19
21,63,0.4093,0.33333,6; 7; 21; 63; 3; 10; 22; 29
21,31,0.48784,0.67742,8; 20; 21; 31; 15; 25; 4; 12
9,26,0.71218,0.34615,17; 20; 9; 26; 12; 29; 13; 10
20,32,0.56307,0.625,10; 7; 20; 32; 15; 21; 17; 11
8,9,0.8373,0.88889,22; 26; 8; 9; 31; 18; 20; 22
10,48,0.2332,0.20833,12; 4; 10; 48; 16; 28; 5; 25
31,49,0.61936,0.63265,8; 8; 31; 49; 27; 29; 18; 15
6,64,0.17424,0.09375,14; 6; 6; 64; 29; 12; 7; 27
6,10,0.79986,0.6,20; 8; 6; 10; 5; 23; 29; 27
10,53,0.20715,0.18868,9; 13; 10; 53; 24; 11; 11; 29
7,78,0.31732,0.08974,4; 3; 7; 78; 12; 30; 32; 18
7,64,0.19365,0.10938,6; 3; 7; 64; 14; 11; 28; 26
27,32,0.62391,0.84375,8; 13; 27; 32; 14; 10; 30; 11
8,64,0.19472,0.125,8; 6; 8; 64; 17; 27; 7; 16
5,77,0.2688,0.06494,4; 6; 5; 77; 9; 21; 26; 18
15,64,0.31799,0.23438,9; 6; 15; 64; 16; 30; 19; 22
31,42,0.65627,0.7381,10; 4; 31; 42; 32; 12; 6; 8
23,31,0.74618,0.74194,15; 12; 23; 31; 8; 13; 15; 4
6,9,0.82616,0.66667,13; 18; 6; 9; 27; 12; 16; 24
21,32,0.60644,0.65625,14; 9; 21; 32; 8; 14; 20; 26
26,48,0.51474,0.54167,6; 6; 26; 48; 16; 6; 15; 32
7,10,0.8216,0.7,22; 22; 7; 10; 10; 16; 5; 6
5,9,0.82238,0.55556,32; 39; 5; 9; 27; 14; 26; 17
5,9,0.82036,0.55556,33; 38; 5; 9; 18; 12; 22; 21
10,78,0.27821,0.12821,5; 4; 10; 78; 13; 28; 21; 18
10,70,0.3171,0.14286,3; 3; 10; 70; 31; 27; 10; 26
17,53,0.34184,0.32075,11; 9; 17; 53; 12; 24; 32; 21
20,64,0.40363,0.3125,7; 3; 20; 64; 9; 28; 24; 32
21,31,0.49641,0.67742,8; 22; 21; 31; 10; 7; 5; 26
6,26,0.6517,0.23077,6; 9; 6; 26; 32; 9; 27; 13
33,49,0.64213,0.67347,3; 5; 33; 49; 25; 3; 19; 16
12,75,0.3053,0.16,5; 4; 12; 75; 26; 28; 17; 16
8,31,0.78181,0.25806,26; 7; 8; 31; 16; 6; 7; 10
37,49,0.71893,0.7551,6; 4; 37; 49; 10; 14; 23; 9
17,26,0.67478,0.65385,13; 16; 17; 26; 27; 5; 22; 15
11,75,0.30851,0.14667,5; 3; 11; 75; 8; 14; 19; 13
23,26,0.54161,0.88462,23; 3; 23; 26; 26; 28; 5; 11
31,48,0.61834,0.64583,4; 9; 31; 48; 7; 12; 28; 18
14,42,0.38699,0.33333,11; 12; 14; 42; 20; 25; 23; 5
15,75,0.37598,0.2,3; 4; 15; 75; 16; 15; 23; 15
5,9,0.83515,0.55556,6; 11; 5; 9; 9; 29; 15; 10
15,32,0.46762,0.46875,11; 14; 15; 32; 6; 10; 7; 17
9,64,0.25698,0.14062,7; 6; 9; 64; 26; 25; 12; 4
9,78,0.25857,0.11538,4; 4; 9; 78; 6; 28; 31; 11
20,26,0.58695,0.76923,15; 10; 20; 26; 8; 15; 17; 25
21,42,0.45163,0.5,17; 5; 21; 42; 4; 6; 5; 19
5,10,0.80961,0.5,39; 38; 5; 10; 25; 11; 10; 20
29,42,0.59375,0.69048,7; 7; 29; 42; 22; 16; 17; 26
20,64,0.40022,0.3125,3; 7; 20; 64; 17; 7; 28; 5
6,49,0.14788,0.12245,19; 20; 6; 49; 13; 10; 31; 16
5,53,0.12606,0.09434,7; 6; 5; 53; 18; 17; 23; 21
8,53,0.18703,0.15094,12; 7; 8; 53; 9; 20; 20; 7
32,48,0.63456,0.66667,8; 3; 32; 48; 31; 31; 16; 5
9,77,0.3466,0.11688,3; 3; 9; 77; 31; 11; 25; 5
7,77,0.33003,0.09091,7; 7; 7; 77; 19; 15; 23; 19
25,42,0.5118,0.59524,9; 14; 25; 42; 21; 26; 5; 7
9,77,0.34333,0.11688,4; 3; 9; 77; 29; 4; 20; 5
34,48,0.67292,0.70833,4; 6; 34; 48; 22; 32; 4; 16
9,32,0.51054,0.28125,5; 28; 9; 32; 29; 27; 18; 15
23,31,0.53848,0.74194,11; 17; 23; 31; 26; 8; 12; 22
21,53,0.42297,0.39623,7; 10; 21; 53; 29; 5; 3; 7
7,49,0.1768,0.14286,15; 17; 7; 49; 31; 27; 10; 5
19,48,0.38786,0.39583,15; 13; 19; 48; 18; 29; 11; 29
16,48,0.34081,0.33333,6; 3; 16; 48; 28; 15; 19; 32
20,70,0.43346,0.28571,3; 4; 20; 70; 27; 16; 20; 17
7,78,0.23531,0.08974,4; 5; 7; 78; 27; 16; 21; 7
18,63,0.3688,0.28571,6; 5; 18; 63; 26; 25; 17; 24
41,49,0.79992,0.83673,3; 3; 41; 49; 6; 5; 9; 6
22,32,0.51077,0.6875,12; 12; 22; 32; 26; 22; 13; 8
16,42,0.40438,0.38095,17; 3; 16; 42; 27; 16; 21; 28
18,49,0.37197,0.36735,15; 10; 18; 49; 5; 14; 6; 7
7,10,0.8091,0.7,16; 32; 7; 10; 10; 14; 4; 15
9,75,0.2781,0.12,6; 7; 9; 75; 24; 8; 26; 10
6,10,0.82256,0.6,15; 18; 6; 10; 18; 32; 26; 8
7,64,0.19303,0.10938,6; 8; 7; 64; 6; 29; 32; 17
7,26,0.62769,0.26923,28; 9; 7; 26; 21; 19; 14; 12
27,53,0.52401,0.50943,4; 8; 27; 53; 17; 14; 31; 19
6,64,0.15382,0.09375,13; 4; 6; 64; 15; 26; 31; 12
9,78,0.31746,0.11538,3; 3; 9; 78; 5; 10; 23; 23
11,70,0.2731,0.15714,4; 5; 11; 70; 10; 11; 20; 21
8,70,0.26174,0.11429,5; 5; 8; 70; 7; 15; 18; 29
14,48,0.29575,0.29167,7; 18; 14; 48; 6; 22; 20; 22
10,32,0.60283,0.3125,9; 16; 10; 32; 29; 11; 14; 20
12,75,0.34254,0.16,3; 4; 12; 75; 14; 31; 9; 16
21,64,0.40771,0.32812,4; 6; 21; 64; 25; 31; 8; 15
28,48,0.55612,0.58333,7; 8; 28; 48; 13; 12; 18; 12
13,48,0.28757,0.27083,4; 15; 13; 48; 12; 5; 8; 16
17,31,0.48883,0.54839,4; 4; 17; 31; 20; 28; 9; 23
5,82,0.30775,0.06098,4; 3; 5; 82; 8; 14; 13; 11
8,53,0.18625,0.15094,18; 7; 8; 53; 26; 28; 9; 18
5,31,0.60353,0.16129,5; 17; 5; 31; 30; 17; 25; 19
6,77,0.28212,0.07792,6; 7; 6; 77; 12; 27; 27; 12
14,32,0.58518,0.4375,24; 15; 14; 32; 7; 22; 19; 17
21,63,0.394,0.33333,4; 6; 21; 63; 23; 24; 26; 16
16,26,0.52611,0.61538,24; 4; 16; 26; 29; 12; 11; 24
12,63,0.25445,0.19048,11; 7; 12; 63; 10; 18; 23; 12
9,75,0.32056,0.12,3; 4; 9; 75; 5; 3; 12; 25
6,32,0.53327,0.1875,4; 24; 6; 32; 5; 4; 11; 13
11,26,0.67463,0.42308,15; 17; 11; 26; 16; 22; 26; 11
9,32,0.46786,0.28125,13; 5; 9; 32; 7; 10; 18; 4
5,63,0.19876,0.07937,11; 7; 5; 63; 3; 10; 15; 28
18,63,0.37084,0.28571,8; 6; 18; 63; 26; 3; 19; 16
7,82,0.36966,0.08537,4; 4; 7; 82; 20; 25; 5; 20
6,75,0.25311,0.08,3; 4; 6; 75; 28; 12; 3; 12
16,64,0.31544,0.25,6; 8; 16; 64; 31; 8; 7; 17
11,78,0.34145,0.14103,4; 4; 11; 78; 30; 23; 17; 19
8,77,0.33856,0.1039,3; 5; 8; 77; 25; 6; 19; 21
10,26,0.785,0.38462,8; 18; 10; 26; 26; 8; 27; 29
6,9,0.81414,0.66667,37; 22; 6; 9; 30; 19; 30; 8
9,26,0.55052,0.34615,12; 18; 9; 26; 20; 27; 5; 29
13,77,0.37385,0.16883,3; 3; 13; 77; 11; 18; 29; 21
17,26,0.76899,0.65385,13; 5; 17; 26; 18; 23; 30; 5
7,42,0.23329,0.16667,16; 22; 7; 42; 3; 4; 17; 25
24,31,0.54828,0.77419,6; 13; 24; 31; 22; 16; 18; 9
14,63,0.33025,0.22222,3; 8; 14; 63; 13; 27; 15; 4
12,49,0.27333,0.2449,6; 8; 12; 49; 7; 10; 29; 24
25,42,0.59316,0.59524,10; 4; 25; 42; 30; 15; 12; 16
5,9,0.81524,0.55556,36; 9; 5; 9; 4; 6; 21; 4
11,70,0.26284,0.15714,8; 5; 11; 70; 16; 6; 20; 8
15,70,0.36234,0.21429,5; 4; 15; 70; 14; 9; 32; 5
13,31,0.74645,0.41935,19; 14; 13; 31; 19; 21; 12; 7
7,9,0.80443,0.77778,7; 31; 7; 9; 7; 26; 8; 17
7,75,0.26685,0.09333,4; 5; 7; 75; 16; 19; 14; 23
16,42,0.3795,0.38095,7; 19; 16; 42; 23; 3; 16; 3
6,49,0.14075,0.12245,6; 6; 6; 49; 6; 27; 20; 10
8,10,0.82321,0.8,34; 10; 8; 10; 5; 8; 14; 24
16,31,0.52137,0.51613,12; 5; 16; 31; 9; 12; 20; 16
30,42,0.57498,0.71429,3; 7; 30; 42; 19; 12; 8; 12
24,49,0.5006,0.4898,4; 4; 24; 49; 4; 13; 30; 5
8,49,0.15354,0.16327,17; 9; 8; 49; 18; 7; 24; 20
5,9,0.82687,0.55556,3; 35; 5; 9; 17; 23; 11; 28
10,75,0.26852,0.13333,5; 4; 10; 75; 6; 18; 24; 31
36,48,0.72139,0.75,6; 4; 36; 48; 21; 8; 18; 20
6,10,0.83546,0.6,17; 26; 6; 10; 24; 25; 12; 15
8,31,0.64877,0.25806,18; 7; 8; 31; 20; 25; 27; 3
6,82,0.28337,0.07317,3; 3; 6; 82; 7; 9; 7; 26
7,82,0.37518,0.08537,4; 3; 7; 82; 16; 24; 11; 28
17,31,0.7348,0.54839,19; 6; 17; 31; 23; 7; 18; 29
7,9,0.83069,0.77778,37; 36; 7; 9; 8; 28; 3; 9
9,78,0.31639,0.11538,4; 5; 9; 78; 24; 14; 28; 17
7,9,0.81882,0.77778,36; 32; 7; 9; 24; 21; 31; 19
22,32,0.6553,0.6875,10; 17; 22; 32; 5; 7; 28; 4
41,48,0.75454,0.85417,4; 4; 41; 48; 3; 16; 24; 30
6,82,0.35639,0.07317,3; 4; 6; 82; 26; 11; 19; 11
15,26,0.50021,0.57692,26; 23; 15; 26; 29; 16; 8; 18
14,75,0.34898,0.18667,4; 4; 14; 75; 11; 20; 24; 16
13,31,0.64968,0.41935,14; 14; 13; 31; 15; 3; 12; 30
7,75,0.26659,0.09333,7; 4; 7; 75; 8; 4; 29; 5
7,82,0.30068,0.08537,4; 4; 7; 82; 13; 23; 9; 24
16,26,0.68328,0.61538,4; 27; 16; 26; 10; 26; 26; 30
21,48,0.42065,0.4375,5; 10; 21; 48; 5; 7; 14; 4
8,9,0.82168,0.88889,35; 16; 8; 9; 16; 22; 13; 14
30,53,0.58034,0.56604,7; 4; 30; 53; 14; 32; 19; 18
15,48,0.33317,0.3125,6; 3; 15; 48; 20; 11; 27; 22
7,9,0.83038,0.77778,7; 15; 7; 9; 19; 9; 11; 13
6,75,0.21912,0.08,8; 3; 6; 75; 24; 4; 22; 19
13,64,0.27842,0.20312,3; 9; 13; 64; 4; 15; 17; 23
7,42,0.26073,0.16667,18; 14; 7; 42; 28; 24; 29; 8
15,70,0.34469,0.21429,4; 5; 15; 70; 28; 32; 12; 11
8,9,0.81223,0.88889,7; 21; 8; 9; 26; 14; 30; 15
9,63,0.20641,0.14286,13; 9; 9; 63; 17; 27; 10; 12
41,42,0.70457,0.97619,5; 6; 41; 42; 8; 32; 15; 20
5,53,0.12876,0.09434,20; 20; 5; 53; 17; 25; 14; 13
12,75,0.28632,0.16,3; 4; 12; 75; 30; 10; 11; 23
5,77,0.28032,0.06494,5; 3; 5; 77; 28; 30; 9; 19
7,82,0.32532,0.08537,4; 4; 7; 82; 23; 22; 6; 14
5,77,0.29469,0.06494,8; 5; 5; 77; 23; 23; 23; 20
8,75,0.27998,0.10667,6; 4; 8; 75; 4; 25; 11; 9
12,75,0.32468,0.16,4; 5; 12; 75; 12; 15; 32; 3
14,63,0.28726,0.22222,3; 10; 14; 63; 23; 15; 17; 19
8,9,0.81624,0.88889,8; 29; 8; 9; 6; 30; 4; 3
20,42,0.45394,0.47619,8; 18; 20; 42; 30; 16; 19; 23
40,49,0.79543,0.81633,3; 4; 40; 49; 28; 8; 32; 13
6,9,0.82294,0.66667,10; 14; 6; 9; 28; 17; 14; 14
22,42,0.50487,0.52381,17; 12; 22; 42; 32; 3; 25; 8
15,75,0.3822,0.2,4; 4; 15; 75; 23; 10; 15; 24
37,53,0.70599,0.69811,4; 3; 37; 53; 20; 6; 32; 18
11,77,0.36228,0.14286,3; 3; 11; 77; 12; 16; 11; 17
12,78,0.36927,0.15385,3; 4; 12; 78; 29; 18; 11; 23
12,78,0.35925,0.15385,3; 4; 12; 78; 6; 16; 19; 6
5,78,0.29083,0.0641,3; 6; 5; 78; 22; 26; 25; 20
14,70,0.33583,0.2,5; 5; 14; 70; 23; 15; 22; 12
25,48,0.51925,0.52083,4; 9; 25; 48; 24; 13; 7; 30
31,32,0.57613,0.96875,4; 11; 31; 32; 23; 31; 14; 14
10,53,0.22044,0.18868,8; 6; 10; 53; 29; 13; 25; 6
15,49,0.31319,0.30612,6; 15; 15; 49; 5; 25; 31; 15
9,10,0.80623,0.9,35; 19; 9; 10; 15; 9; 32; 11
29,42,0.62904,0.69048,12; 7; 29; 42; 11; 8; 15; 26
10,63,0.19855,0.15873,5; 7; 10; 63; 11; 18; 25; 17
7,9,0.83724,0.77778,26; 18; 7; 9; 23; 14; 29; 7
5,78,0.29937,0.0641,3; 7; 5; 78; 20; 32; 5; 9
5,26,0.71888,0.19231,31; 25; 5; 26; 14; 4; 12; 23
17,53,0.35279,0.32075,12; 4; 17; 53; 20; 24; 32; 3
5,78,0.29145,0.0641,5; 5; 5; 78; 30; 7; 12; 21
11,77,0.32712,0.14286,3; 5; 11; 77; 16; 23; 25; 16
29,49,0.56778,0.59184,6; 3; 29; 49; 9; 23; 25; 30
8,75,0.24512,0.10667,7; 6; 8; 75; 16; 25; 31; 5
21,49,0.42701,0.42857,3; 12; 21; 49; 25; 18; 6; 21
10,48,0.22138,0.20833,9; 4; 10; 48; 9; 28; 5; 23
8,10,0.82384,0.8,37; 5; 8; 10; 31; 11; 17; 30
11,49,0.22247,0.22449,16; 19; 11; 49; 31; 16; 7; 11
6,9,0.84863,0.66667,5; 27; 6; 9; 5; 3; 7; 14
6,78,0.28086,0.07692,4; 6; 6; 78; 20; 13; 12; 23
7,10,0.81297,0.7,3; 23; 7; 10; 11; 5; 24; 26
33,53,0.64166,0.62264,4; 4; 33; 53; 22; 26; 3; 32
6,75,0.2757,0.08,3; 5; 6; 75; 5; 7; 27; 4
17,48,0.38483,0.35417,3; 5; 17; 48; 9; 4; 9; 21
31,53,0.56359,0.58491,3; 4; 31; 53; 26; 13; 16; 28
6,26,0.64645,0.23077,29; 9; 6; 26; 30; 32; 4; 25
10,64,0.22891,0.15625,10; 8; 10; 64; 19; 9; 32; 19
8,75,0.26703,0.10667,3; 5; 8; 75; 24; 9; 10; 13
5,48,0.16996,0.10417,17; 7; 5; 48; 31; 21; 9; 7
18,70,0.37682,0.25714,5; 4; 18; 70; 20; 31; 4; 10
9,10,0.79285,0.9,4; 36; 9; 10; 9; 13; 3; 3
36,49,0.71736,0.73469,5; 6; 36; 49; 11; 25; 24; 6
15,75,0.36468,0.2,3; 3; 15; 75; 24; 19; 5; 18
7,53,0.16737,0.13208,18; 12; 7; 53; 27; 12; 30; 23
24,26,0.55779,0.92308,4; 10; 24; 26; 7; 13; 16; 4
20,42,0.44885,0.47619,10; 12; 20; 42; 12; 20; 29; 23
13,64,0.28591,0.20312,8; 9; 13; 64; 8; 24; 4; 6
17,49,0.34833,0.34694,15; 15; 17; 49; 15; 5; 24; 22
6,75,0.24195,0.08,3; 5; 6; 75; 23; 10; 10; 15
31,32,0.55122,0.96875,3; 9; 31; 32; 26; 23; 18; 9
14,26,0.5215,0.53846,20; 13; 14; 26; 19; 10; 22; 16
27,32,0.47151,0.84375,10; 6; 27; 32; 15; 15; 23; 10
6,82,0.34936,0.07317,4; 3; 6; 82; 13; 32; 9; 16
10,48,0.21792,0.20833,9; 12; 10; 48; 15; 10; 13; 16
35,49,0.68661,0.71429,7; 6; 35; 49; 21; 22; 19; 4
19,64,0.37622,0.29688,5; 4; 19; 64; 10; 16; 11; 7
12,77,0.34402,0.15584,3; 3; 12; 77; 19; 7; 20; 19
11,31,0.61663,0.35484,10; 24; 11; 31; 22; 4; 12; 19
7,82,0.31865,0.08537,4; 3; 7; 82; 27; 6; 8; 17
10,26,0.78046,0.38462,16; 20; 10; 26; 19; 27; 13; 18
40,42,0.7524,0.95238,3; 7; 40; 42; 22; 20; 14; 26
12,77,0.40537,0.15584,4; 4; 12; 77; 32; 9; 23; 20
34,53,0.61687,0.64151,5; 3; 34; 53; 17; 10; 8; 32
10,63,0.23023,0.15873,11; 5; 10; 63; 5; 24; 11; 27
31,42,0.6009,0.7381,4; 9; 31; 42; 27; 16; 11; 9
12,53,0.25106,0.22642,14; 7; 12; 53; 6; 11; 14; 30
24,32,0.63255,0.75,16; 13; 24; 32; 16; 32; 6; 27
24,32,0.62308,0.75,6; 15; 24; 32; 25; 11; 23; 6
31,32,0.65372,0.96875,8; 5; 31; 32; 27; 12; 12; 8
13,70,0.33312,0.18571,5; 3; 13; 70; 12; 20; 8; 25
6,9,0.81489,0.66667,21; 26; 6; 9; 9; 18; 3; 8
17,70,0.368,0.24286,4; 4; 17; 70; 20; 3; 16; 9
6,70,0.19482,0.08571,9; 5; 6; 70; 16; 30; 13; 3
8,78,0.3353,0.10256,3; 6; 8; 78; 27; 6; 21; 6
12,53,0.24939,0.22642,6; 3; 12; 53; 31; 4; 21; 17
26,32,0.5731,0.8125,12; 18; 26; 32; 12; 32; 22; 28
7,9,0.8038,0.77778,31; 22; 7; 9; 27; 18; 14; 31
20,31,0.47538,0.64516,19; 3; 20; 31; 24; 10; 3; 4
24,53,0.43808,0.45283,10; 7; 24; 53; 25; 6; 25; 17
15,75,0.3806,0.2,3; 3; 15; 75; 25; 6; 28; 5
6,10,0.77781,0.6,33; 6; 6; 10; 3; 29; 24; 13
20,63,0.39496,0.31746,4; 6; 20; 63; 19; 18; 15; 26
25,48,0.50918,0.52083,6; 7; 25; 48; 10; 16; 18; 18
10,75,0.27864,0.13333,5; 3; 10; 75; 12; 6; 12; 15
27,53,0.54281,0.50943,9; 8; 27; 53; 29; 13; 18; 23
17,63,0.34019,0.26984,8; 7; 17; 63; 13; 13; 5; 6
5,26,0.83273,0.19231,5; 33; 5; 26; 21; 19; 12; 18
14,70,0.33409,0.2,6; 5; 14; 70; 20; 25; 5; 20
10,63,0.23453,0.15873,9; 8; 10; 63; 18; 6; 9; 32
21,31,0.47463,0.67742,3; 19; 21; 31; 14; 30; 4; 8
30,32,0.51246,0.9375,11; 9; 30; 32; 21; 24; 19; 19
23,63,0.43468,0.36508,5; 5; 23; 63; 17; 23; 15; 13
5,49,0.14687,0.10204,6; 15; 5; 49; 17; 23; 4; 23
29,53,0.54363,0.54717,8; 5; 29; 53; 14; 26; 15; 6
9,10,0.81195,0.9,12; 38; 9; 10; 21; 6; 26; 9
8,82,0.38112,0.09756,4; 4; 8; 82; 12; 24; 27; 12
7,82,0.32212,0.08537,4; 3; 7; 82; 24; 15; 14; 26
8,64,0.22966,0.125,10; 4; 8; 64; 6; 15; 31; 21
39,48,0.79865,0.8125,5; 4; 39; 48; 31; 30; 6; 5
13,77,0.39584,0.16883,4; 4; 13; 77; 22; 30; 8; 19
9,78,0.2747,0.11538,5; 3; 9; 78; 29; 28; 13; 7
29,48,0.56147,0.60417,8; 8; 29; 48; 7; 15; 7; 7
24,31,0.55882,0.77419,15; 8; 24; 31; 23; 25; 4; 5
14,64,0.30316,0.21875,3; 10; 14; 64; 27; 20; 15; 23
5,82,0.34279,0.06098,5; 4; 5; 82; 11; 9; 32; 18
6,70,0.19806,0.08571,4; 6; 6; 70; 17; 13; 30; 30
11,77,0.33353,0.14286,4; 3; 11; 77; 3; 27; 24; 7
6,31,0.81652,0.19355,18; 27; 6; 31; 19; 7; 6; 17
19,26,0.51982,0.73077,10; 19; 19; 26; 8; 23; 27; 31
40,42,0.72469,0.95238,5; 6; 40; 42; 30; 23; 4; 6
31,49,0.62015,0.63265,6; 9; 31; 49; 9; 32; 22; 8
19,42,0.44893,0.45238,18; 9; 19; 42; 6; 7; 27; 3
19,32,0.51886,0.59375,8; 4; 19; 32; 28; 10; 9; 25
28,49,0.54369,0.57143,7; 8; 28; 49; 3; 15; 31; 22
15,63,0.30114,0.2381,3; 3; 15; 63; 12; 26; 21; 18
38,42,0.70952,0.90476,3; 8; 38; 42; 7; 11; 21; 21
5,26,0.82431,0.19231,7; 9; 5; 26; 32; 20; 30; 6
9,77,0.266,0.11688,5; 3; 9; 77; 23; 28; 9; 9
9,77,0.29688,0.11688,6; 5; 9; 77; 6; 7; 17; 11
28,53,0.53402,0.5283,6; 6; 28; 53; 14; 29; 13; 24
31,42,0.60333,0.7381,4; 3; 31; 42; 26; 15; 27; 16
34,49,0.66157,0.69388,5; 4; 34; 49; 3; 26; 23; 7
23,63,0.41934,0.36508,6; 3; 23; 63; 18; 7; 14; 29
10,77,0.29987,0.12987,4; 3; 10; 77; 4; 22; 27; 20
25,48,0.53268,0.52083,3; 10; 25; 48; 23; 15; 3; 32
37,48,0.70728,0.77083,5; 5; 37; 48; 23; 13; 22; 9
7,63,0.19305,0.11111,4; 11; 7; 63; 15; 7; 4; 5
6,10,0.80939,0.6,24; 13; 6; 10; 24; 21; 30; 4
6,10,0.81343,0.6,16; 4; 6; 10; 20; 21; 26; 17
28,31,0.56243,0.90323,13; 11; 28; 31; 28; 10; 7; 5
8,78,0.3153,0.10256,6; 4; 8; 78; 29; 5; 27; 21
13,75,0.35038,0.17333,4; 3; 13; 75; 21; 9; 9; 19
5,10,0.82195,0.5,34; 9; 5; 10; 16; 28; 23; 27
7,82,0.25568,0.08537,4; 3; 7; 82; 17; 32; 13; 5
15,31,0.67506,0.48387,25; 18; 15; 31; 22; 6; 20; 16
6,9,0.81598,0.66667,38; 31; 6; 9; 27; 9; 13; 5
5,9,0.80817,0.55556,20; 32; 5; 9; 29; 27; 12; 19
5,75,0.283,0.06667,5; 5; 5; 75; 22; 8; 32; 18
12,75,0.32014,0.16,4; 3; 12; 75; 21; 14; 31; 24
21,26,0.50978,0.80769,8; 19; 21; 26; 8; 6; 29; 30
30,32,0.56288,0.9375,6; 5; 30; 32; 22; 26; 22; 10
14,26,0.82197,0.53846,14; 5; 14; 26; 20; 14; 24; 7
12,75,0.33309,0.16,5; 5; 12; 75; 5; 5; 11; 16
8,82,0.35809,0.09756,4; 4; 8; 82; 16; 32; 15; 15
9,77,0.2773,0.11688,5; 4; 9; 77; 12; 8; 3; 21
5,10,0.81828,0.5,10; 27; 5; 10; 14; 6; 11; 23
25,53,0.44191,0.4717,10; 8; 25; 53; 21; 7; 5; 29
17,64,0.32388,0.26562,7; 8; 17; 64; 7; 23; 29; 10
7,78,0.29494,0.08974,5; 3; 7; 78; 8; 3; 19; 16
18,64,0.34471,0.28125,7; 3; 18; 64; 30; 19; 27; 19
39,49,0.7718,0.79592,5; 5; 39; 49; 12; 29; 13; 23
18,63,0.36365,0.28571,4; 5; 18; 63; 11; 11; 21; 4
5,10,0.81302,0.5,16; 14; 5; 10; 16; 8; 9; 17
35,48,0.70848,0.72917,6; 7; 35; 48; 3; 31; 27; 12
6,78,0.32274,0.07692,3; 5; 6; 78; 5; 11; 16; 4
13,31,0.44633,0.41935,11; 11; 13; 31; 16; 27; 13; 29
15,32,0.50616,0.46875,19; 4; 15; 32; 3; 19; 23; 21
12,42,0.3596,0.28571,18; 20; 12; 42; 4; 24; 18; 31
33,49,0.66518,0.67347,4; 5; 33; 49; 27; 6; 8; 29
22,64,0.36885,0.34375,6; 6; 22; 64; 26; 16; 7; 12
11,63,0.26204,0.1746,11; 11; 11; 63; 22; 24; 6; 26
7,10,0.79411,0.7,10; 13; 7; 10; 9; 29; 21; 9
5,9,0.82292,0.55556,22; 41; 5; 9; 31; 4; 14; 26
38,42,0.72784,0.90476,3; 5; 38; 42; 3; 18; 3; 13
35,48,0.67684,0.72917,7; 4; 35; 48; 9; 23; 11; 10
6,9,0.79514,0.66667,41; 19; 6; 9; 24; 26; 22; 19
13,48,0.30629,0.27083,14; 3; 13; 48; 15; 31; 27; 10
24,48,0.49179,0.5,13; 12; 24; 48; 10; 10; 23; 10
13,64,0.2735,0.20312,7; 8; 13; 64; 20; 23; 18; 12
24,42,0.55731,0.57143,5; 3; 24; 42; 22; 29; 3; 20
6,75,0.24381,0.08,3; 8; 6; 75; 7; 18; 23; 20
8,26,0.81181,0.30769,17; 23; 8; 26; 5; 8; 26; 8
5,77,0.21061,0.06494,6; 7; 5; 77; 5; 6; 10; 12
8,77,0.33903,0.1039,4; 5; 8; 77; 23; 18; 13; 24
9,53,0.19701,0.16981,13; 17; 9; 53; 8; 15; 7; 8
5,82,0.34816,0.06098,3; 3; 5; 82; 18; 13; 10; 16
6,82,0.27172,0.07317,5; 5; 6; 82; 29; 7; 20; 3
6,64,0.16735,0.09375,10; 9; 6; 64; 8; 7; 18; 31
11,49,0.21219,0.22449,14; 14; 11; 49; 27; 8; 12; 13
9,70,0.23908,0.12857,7; 5; 9; 70; 9; 19; 10; 6
5,26,0.69798,0.19231,6; 21; 5; 26; 24; 7; 12; 16
34,48,0.65704,0.70833,7; 6; 34; 48; 22; 20; 29; 21
6,78,0.27501,0.07692,5; 7; 6; 78; 14; 23; 11; 30
8,9,0.79587,0.88889,25; 3; 8; 9; 7; 5; 19; 3
18,70,0.38282,0.25714,4; 3; 18; 70; 16; 20; 18; 12
16,48,0.33545,0.33333,17; 3; 16; 48; 5; 24; 18; 22
17,31,0.52416,0.54839,8; 23; 17; 31; 13; 24; 10; 9
15,70,0.31633,0.21429,5; 5; 15; 70; 7; 27; 11; 3
7,82,0.31461,0.08537,4; 3; 7; 82; 31; 3; 30; 27
7,77,0.2598,0.09091,4; 3; 7; 77; 4; 8; 11; 4
8,10,0.79604,0.8,14; 20; 8; 10; 29; 21; 8; 9
7,26,0.82601,0.26923,28; 30; 7; 26; 20; 19; 14; 6
19,70,0.38816,0.27143,3; 4; 19; 70; 8; 29; 21; 4
12,70,0.27439,0.17143,8; 7; 12; 70; 13; 7; 32; 28
6,9,0.8103,0.66667,19; 3; 6; 9; 21; 32; 18; 6
8,75,0.30237,0.10667,3; 7; 8; 75; 5; 16; 14; 31
6,75,0.29184,0.08,7; 3; 6; 75; 7; 10; 25; 4
6,77,0.26322,0.07792,4; 5; 6; 77; 15; 6; 32; 20
36,48,0.70142,0.75,4; 3; 36; 48; 18; 28; 29; 21
13,64,0.30238,0.20312,10; 10; 13; 64; 18; 11; 8; 16
14,75,0.3773,0.18667,4; 3; 14; 75; 31; 21; 11; 25
6,82,0.33369,0.07317,4; 3; 6; 82; 32; 14; 31; 3
7,10,0.82132,0.7,38; 33; 7; 10; 12; 20; 15; 18
8,31,0.61689,0.25806,9; 22; 8; 31; 31; 20; 19; 16
5,9,0.82133,0.55556,36; 3; 5; 9; 25; 11; 30; 23
35,53,0.63241,0.66038,4; 5; 35; 53; 13; 17; 8; 10
34,53,0.64807,0.64151,3; 5; 34; 53; 29; 5; 24; 27
24,49,0.46376,0.4898,11; 6; 24; 49; 6; 17; 20; 16
5,82,0.29164,0.06098,4; 5; 5; 82; 30; 10; 10; 6
7,9,0.82657,0.77778,18; 6; 7; 9; 21; 12; 8; 5
11,42,0.31516,0.2619,9; 19; 11; 42; 11; 21; 10; 21
5,9,0.84448,0.55556,15; 22; 5; 9; 16; 26; 26; 22
18,26,0.62185,0.69231,16; 22; 18; 26; 26; 3; 19; 20
39,42,0.70497,0.92857,4; 4; 39; 42; 17; 30; 10; 24
14,75,0.38013,0.18667,3; 3; 14; 75; 31; 3; 18; 32
6,49,0.13975,0.12245,4; 10; 6; 49; 6; 19; 12; 7
5,82,0.30053,0.06098,3; 3; 5; 82; 19; 5; 18; 24
21,32,0.44391,0.65625,10; 15; 21; 32; 13; 4; 26; 11
23,32,0.57464,0.71875,10; 9; 23; 32; 3; 4; 7; 7
11,78,0.3666,0.14103,3; 3; 11; 78; 6; 14; 26; 32
37,42,0.70309,0.88095,6; 3; 37; 42; 8; 10; 32; 26
8,77,0.31937,0.1039,6; 6; 8; 77; 17; 21; 15; 15
25,49,0.51594,0.5102,11; 11; 25; 49; 17; 29; 6; 5
34,53,0.66155,0.64151,5; 5; 34; 53; 32; 3; 15; 21
17,70,0.3489,0.24286,3; 4; 17; 70; 17; 22; 30; 10
13,63,0.29111,0.20635,3; 4; 13; 63; 8; 8; 18; 27
6,70,0.19025,0.08571,9; 10; 6; 70; 27; 6; 30; 15
10,77,0.32315,0.12987,3; 5; 10; 77; 7; 18; 6; 28
11,77,0.33342,0.14286,4; 5; 11; 77; 21; 6; 16; 20
6,32,0.66793,0.1875,30; 18; 6; 32; 29; 29; 11; 8
8,48,0.18251,0.16667,9; 21; 8; 48; 3; 17; 24; 13
23,26,0.63629,0.88462,23; 10; 23; 26; 23; 12; 7; 15
24,53,0.45179,0.45283,3; 3; 24; 53; 12; 15; 19; 17
17,63,0.36115,0.26984,9; 6; 17; 63; 3; 18; 16; 3
11,26,0.76884,0.42308,17; 23; 11; 26; 12; 8; 13; 18
10,78,0.33762,0.12821,4; 5; 10; 78; 12; 30; 21; 14
7,77,0.31204,0.09091,3; 3; 7; 77; 5; 30; 29; 4
39,42,0.71287,0.92857,3; 4; 39; 42; 12; 18; 7; 7
11,26,0.71229,0.42308,14; 19; 11; 26; 23; 17; 15; 31
5,75,0.25231,0.06667,6; 5; 5; 75; 24; 7; 31; 25
17,63,0.33972,0.26984,3; 9; 17; 63; 16; 21; 10; 11
9,75,0.26247,0.12,3; 3; 9; 75; 15; 17; 9; 13
5,26,0.79809,0.19231,28; 25; 5; 26; 20; 10; 10; 15
22,49,0.44132,0.44898,3; 6; 22; 49; 8; 6; 5; 14
7,9,0.81558,0.77778,5; 10; 7; 9; 18; 24; 26; 20
8,70,0.23439,0.11429,5; 4; 8; 70; 4; 12; 29; 4
25,31,0.56251,0.80645,19; 16; 25; 31; 30; 24; 15; 15
9,78,0.28826,0.11538,3; 5; 9; 78; 27; 26; 15; 24
8,64,0.21114,0.125,11; 6; 8; 64; 32; 15; 11; 25
6,26,0.62048,0.23077,11; 26; 6; 26; 19; 3; 24; 27
19,26,0.69923,0.73077,3; 9; 19; 26; 29; 13; 24; 21
33,53,0.60879,0.62264,6; 5; 33; 53; 22; 23; 13; 9
13,75,0.37438,0.17333,3; 3; 13; 75; 6; 24; 28; 27
9,10,0.81525,0.9,20; 32; 9; 10; 31; 20; 24; 17
11,78,0.32309,0.14103,4; 4; 11; 78; 29; 6; 15; 13
26,63,0.46553,0.4127,3; 3; 26; 63; 16; 32; 11; 17
22,63,0.41094,0.34921,4; 4; 22; 63; 18; 28; 23; 17
13,70,0.29017,0.18571,3; 3; 13; 70; 22; 8; 26; 5
8,9,0.79359,0.88889,26; 36; 8; 9; 23; 22; 13; 8
18,32,0.55408,0.5625,22; 18; 18; 32; 16; 9; 12; 15
21,49,0.42746,0.42857,10; 7; 21; 49; 20; 17; 10; 14
5,82,0.38078,0.06098,3; 4; 5; 82; 18; 9; 32; 17
9,10,0.78535,0.9,33; 29; 9; 10; 10; 30; 12; 16
13,77,0.36856,0.16883,3; 3; 13; 77; 15; 7; 29; 11
26,48,0.54293,0.54167,12; 8; 26; 48; 8; 32; 31; 14
5,77,0.24105,0.06494,6; 8; 5; 77; 13; 11; 27; 29
24,53,0.43354,0.45283,10; 5; 24; 53; 6; 23; 5; 13
5,82,0.33408,0.06098,4; 3; 5; 82; 3; 7; 18; 6
10,77,0.33712,0.12987,5; 3; 10; 77; 9; 4; 10; 16
8,70,0.24028,0.11429,4; 3; 8; 70; 27; 25; 24; 7
38,48,0.76136,0.79167,5; 3; 38; 48; 27; 4; 5; 24
16,64,0.3188,0.25,6; 8; 16; 64; 13; 28; 13; 26
6,82,0.28825,0.07317,5; 5; 6; 82; 8; 14; 22; 20
7,82,0.31098,0.08537,4; 3; 7; 82; 24; 14; 16; 13
7,75,0.23009,0.09333,4; 5; 7; 75; 12; 31; 16; 11
17,64,0.35766,0.26562,7; 5; 17; 64; 30; 11; 26; 7
11,78,0.3591,0.14103,3; 4; 11; 78; 30; 26; 14; 7
7,26,0.59031,0.26923,7; 30; 7; 26; 13; 21; 26; 27
26,53,0.49172,0.49057,8; 3; 26; 53; 14; 19; 26; 16
11,53,0.22652,0.20755,14; 15; 11; 53; 15; 11; 32; 15
6,10,0.82605,0.6,3; 40; 6; 10; 17; 12; 20; 3
6,75,0.23983,0.08,5; 8; 6; 75; 10; 7; 18; 29
7,77,0.31698,0.09091,4; 7; 7; 77; 29; 4; 5; 13
12,78,0.36992,0.15385,3; 3; 12; 78; 22; 4; 4; 9
5,9,0.81406,0.55556,33; 23; 5; 9; 9; 14; 26; 30
10,48,0.24593,0.20833,16; 12; 10; 48; 5; 28; 9; 8
6,82,0.3202,0.07317,5; 5; 6; 82; 4; 23; 29; 4
5,82,0.28352,0.06098,3; 5; 5; 82; 16; 18; 6; 14
24,26,0.62214,0.92308,24; 17; 24; 26; 27; 4; 21; 29
17,63,0.3455,0.26984,6; 5; 17; 63; 17; 4; 32; 4
15,26,0.62824,0.57692,10; 16; 15; 26; 10; 18; 30; 7
20,70,0.44027,0.28571,4; 4; 20; 70; 22; 32; 15; 26
30,31,0.54126,0.96774,11; 9; 30; 31; 29; 22; 14; 28
7,9,0.81106,0.77778,17; 30; 7; 9; 20; 11; 9; 19
11,31,0.66033,0.35484,6; 25; 11; 31; 11; 13; 26; 5
11,75,0.31027,0.14667,3; 5; 11; 75; 31; 9; 24; 16
26,48,0.4955,0.54167,8; 10; 26; 48; 28; 21; 4; 25
10,78,0.32523,0.12821,4; 4; 10; 78; 32; 9; 30; 18
13,49,0.29918,0.26531,8; 17; 13; 49; 32; 7; 31; 13
16,70,0.3468,0.22857,4; 4; 16; 70; 22; 21; 6; 24
8,82,0.32372,0.09756,3; 4; 8; 82; 32; 4; 4; 30
8,78,0.32213,0.10256,5; 5; 8; 78; 6; 5; 13; 15
27,53,0.49066,0.50943,6; 7; 27; 53; 15; 13; 20; 6
18,70,0.37963,0.25714,4; 4; 18; 70; 31; 26; 14; 21
39,49,0.77204,0.79592,5; 5; 39; 49; 15; 8; 28; 29
7,78,0.34733,0.08974,3; 3; 7; 78; 17; 12; 12; 24
5,70,0.19715,0.07143,9; 11; 5; 70; 23; 14; 4; 25
6,77,0.30407,0.07792,3; 4; 6; 77; 29; 22; 3; 22
23,64,0.43349,0.35938,5; 4; 23; 64; 9; 18; 17; 18
5,78,0.26612,0.0641,4; 6; 5; 78; 23; 7; 32; 13
14,75,0.37388,0.18667,3; 3; 14; 75; 24; 8; 10; 6
10,77,0.31942,0.12987,3; 5; 10; 77; 10; 15; 12; 28
30,31,0.46237,0.96774,15; 12; 30; 31; 30; 3; 13; 27
29,32,0.60127,0.90625,7; 4; 29; 32; 6; 21; 4; 32
21,53,0.39299,0.39623,9; 3; 21; 53; 12; 32; 10; 11
7,82,0.33828,0.08537,3; 3; 7; 82; 32; 19; 6; 26
10,78,0.33317,0.12821,4; 4; 10; 78; 8; 12; 15; 18
11,78,0.32978,0.14103,3; 4; 11; 78; 12; 20; 8; 28
16,64,0.30796,0.25,8; 9; 16; 64; 7; 21; 26; 20
5,10,0.79712,0.5,26; 8; 5; 10; 29; 18; 17; 23
5,32,0.71473,0.15625,29; 12; 5; 32; 25; 23; 27; 6
18,70,0.41461,0.25714,3; 3; 18; 70; 30; 18; 19; 13
20,53,0.40224,0.37736,9; 4; 20; 53; 11; 11; 16; 3
11,78,0.36603,0.14103,3; 4; 11; 78; 19; 31; 9; 32
8,82,0.38192,0.09756,3; 3; 8; 82; 18; 7; 26; 21
10,70,0.28099,0.14286,3; 9; 10; 70; 13; 14; 9; 30
6,9,0.82721,0.66667,14; 22; 6; 9; 4; 13; 26; 8
12,70,0.35261,0.17143,7; 7; 12; 70; 10; 32; 17; 18
8,10,0.83662,0.8,35; 27; 8; 10; 22; 9; 4; 19
12,75,0.3166,0.16,3; 4; 12; 75; 8; 6; 15; 21
28,31,0.59203,0.90323,10; 16; 28; 31; 16; 14; 14; 32
28,42,0.54242,0.66667,9; 4; 28; 42; 29; 12; 3; 8
20,32,0.47193,0.625,19; 9; 20; 32; 9; 30; 24; 9
22,31,0.52449,0.70968,8; 22; 22; 31; 18; 28; 23; 19
35,42,0.65906,0.83333,4; 4; 35; 42; 18; 20; 17; 16
20,26,0.62327,0.76923,6; 26; 20; 26; 26; 18; 27; 23
8,31,0.6531,0.25806,11; 11; 8; 31; 9; 26; 25; 19
5,82,0.3355,0.06098,4; 5; 5; 82; 21; 4; 10; 26
10,32,0.61854,0.3125,5; 28; 10; 32; 4; 25; 22; 17
21,49,0.44924,0.42857,8; 13; 21; 49; 30; 19; 24; 21
23,31,0.6035,0.74194,9; 21; 23; 31; 5; 23; 11; 5
38,42,0.68736,0.90476,7; 5; 38; 42; 32; 11; 12; 25
30,49,0.589,0.61224,5; 6; 30; 49; 10; 21; 17; 20
13,64,0.3158,0.20312,3; 4; 13; 64; 11; 24; 6; 22
6,48,0.19594,0.125,9; 4; 6; 48; 8; 30; 28; 29
8,26,0.72097,0.30769,4; 30; 8; 26; 7; 32; 25; 4
6,63,0.15259,0.09524,3; 14; 6; 63; 19; 15; 24; 8
5,10,0.83209,0.5,20; 11; 5; 10; 10; 19; 26; 22
10,78,0.34591,0.12821,3; 4; 10; 78; 10; 4; 7; 8
16,31,0.48868,0.51613,15; 15; 16; 31; 3; 21; 22; 7
17,42,0.39114,0.40476,10; 6; 17; 42; 23; 9; 24; 4
5,32,0.65374,0.15625,8; 27; 5; 32; 28; 19; 5; 18
7,78,0.31007,0.08974,5; 6; 7; 78; 13; 11; 25; 11
5,42,0.20792,0.11905,4; 18; 5; 42; 18; 26; 24; 4
8,82,0.39059,0.09756,4; 3; 8; 82; 12; 10; 12; 13
15,70,0.33568,0.21429,4; 3; 15; 70; 26; 11; 11; 5
5,78,0.26478,0.0641,6; 3; 5; 78; 17; 5; 10; 18
8,9,0.81173,0.88889,18; 17; 8; 9; 21; 5; 28; 30
10,63,0.19551,0.15873,8; 4; 10; 63; 23; 29; 14; 20
6,9,0.80931,0.66667,40; 26; 6; 9; 5; 32; 28; 17
9,70,0.23209,0.12857,3; 8; 9; 70; 4; 19; 6; 10
5,53,0.11657,0.09434,9; 6; 5; 53; 19; 32; 3; 7
11,26,0.72853,0.42308,26; 6; 11; 26; 22; 23; 5; 29
26,53,0.47436,0.49057,6; 4; 26; 53; 30; 26; 22; 18
7,10,0.82877,0.7,12; 19; 7; 10; 17; 16; 29; 9
7,26,0.75373,0.26923,24; 7; 7; 26; 14; 29; 14; 3
16,32,0.45771,0.5,25; 3; 16; 32; 21; 18; 27; 13
8,78,0.29598,0.10256,4; 5; 8; 78; 9; 21; 24; 3
11,77,0.2903,0.14286,4; 5; 11; 77; 27; 7; 14; 28
6,9,0.81887,0.66667,10; 8; 6; 9; 32; 7; 11; 30
9,31,0.77889,0.29032,10; 12; 9; 31; 30; 23; 15; 22
12,78,0.34651,0.15385,3; 3; 12; 78; 4; 25; 6; 10
18,64,0.3697,0.28125,4; 8; 18; 64; 5; 13; 17; 5
8,10,0.82831,0.8,11; 12; 8; 10; 18; 13; 19; 23
20,26,0.48246,0.76923,4; 17; 20; 26; 12; 26; 25; 32
13,77,0.34998,0.16883,4; 4; 13; 77; 31; 12; 6; 30
13,77,0.36876,0.16883,3; 3; 13; 77; 13; 23; 11; 10
7,10,0.82693,0.7,35; 25; 7; 10; 16; 7; 25; 26
9,75,0.26406,0.12,4; 4; 9; 75; 24; 5; 14; 10
15,42,0.38242,0.35714,9; 5; 15; 42; 27; 16; 25; 16
10,77,0.3058,0.12987,3; 3; 10; 77; 7; 9; 11; 14
5,78,0.26689,0.0641,3; 5; 5; 78; 9; 12; 17; 8
22,31,0.50683,0.70968,3; 13; 22; 31; 25; 22; 4; 26
6,77,0.24546,0.07792,6; 7; 6; 77; 8; 19; 16; 30
5,9,0.82421,0.55556,17; 21; 5; 9; 32; 20; 19; 14
15,63,0.32946,0.2381,9; 5; 15; 63; 17; 19; 4; 8
14,75,0.37863,0.18667,4; 3; 14; 75; 21; 29; 13; 11
8,31,0.76447,0.25806,22; 13; 8; 31; 6; 20; 5; 29
14,49,0.25905,0.28571,17; 12; 14; 49; 10; 16; 22; 29
40,49,0.76583,0.81633,4; 4; 40; 49; 15; 10; 18; 28
8,75,0.29301,0.10667,5; 5; 8; 75; 22; 14; 18; 23
14,49,0.319,0.28571,6; 15; 14; 49; 25; 23; 5; 18
6,63,0.1678,0.09524,12; 7; 6; 63; 9; 13; 23; 8
6,82,0.36009,0.07317,5; 4; 6; 82; 12; 24; 26; 12
13,48,0.27832,0.27083,15; 4; 13; 48; 31; 12; 6; 28
5,75,0.3027,0.06667,8; 9; 5; 75; 25; 3; 7; 27
16,70,0.38594,0.22857,4; 5; 16; 70; 28; 6; 11; 4
14,63,0.28806,0.22222,9; 7; 14; 63; 20; 20; 26; 29
37,49,0.73794,0.7551,6; 5; 37; 49; 25; 19; 21; 18
16,49,0.3473,0.32653,14; 5; 16; 49; 14; 27; 22; 19
12,75,0.34258,0.16,5; 5; 12; 75; 19; 29; 19; 15
11,78,0.33628,0.14103,4; 3; 11; 78; 16; 25; 26; 13
9,10,0.81476,0.9,30; 9; 9; 10; 26; 18; 19; 9
17,64,0.3252,0.26562,3; 5; 17; 64; 7; 20; 13; 28
6,64,0.16698,0.09375,11; 4; 6; 64; 19; 7; 18; 7
5,49,0.17116,0.10204,4; 11; 5; 49; 21; 19; 26; 29
12,75,0.29648,0.16,4; 3; 12; 75; 22; 10; 7; 27
8,75,0.29321,0.10667,6; 3; 8; 75; 23; 31; 22; 20
6,9,0.82264,0.66667,3; 28; 6; 9; 3; 22; 6; 23
7,75,0.31068,0.09333,4; 4; 7; 75; 10; 20; 29; 27
16,63,0.33002,0.25397,8; 6; 16; 63; 6; 22; 10; 11
8,9,0.8203,0.88889,28; 22; 8; 9; 3; 6; 9; 23
7,9,0.80287,0.77778,30; 32; 7; 9; 15; 13; 22; 13
36,48,0.73117,0.75,7; 5; 36; 48; 5; 28; 19; 17
10,26,0.57202,0.38462,4; 4; 10; 26; 3; 23; 4; 31
12,48,0.22407,0.25,11; 17; 12; 48; 25; 31; 8; 11
32,48,0.66379,0.66667,8; 8; 32; 48; 24; 29; 15; 7
26,48,0.55965,0.54167,8; 5; 26; 48; 28; 8; 32; 4
8,70,0.2653,0.11429,3; 4; 8; 70; 27; 14; 29; 23
24,64,0.45932,0.375,3; 5; 24; 64; 23; 20; 26; 14
5,78,0.27706,0.0641,4; 6; 5; 78; 15; 11; 8; 4
37,49,0.75019,0.7551,5; 5; 37; 49; 7; 8; 23; 27
7,77,0.28969,0.09091,6; 4; 7; 77; 5; 25; 24; 10
25,26,0.80514,0.96154,5; 16; 25; 26; 16; 8; 3; 11
11,53,0.24576,0.20755,9; 11; 11; 53; 31; 13; 5; 16
30,32,0.64978,0.9375,6; 15; 30; 32; 9; 10; 6; 18
5,10,0.80808,0.5,8; 39; 5; 10; 5; 13; 18; 18
26,64,0.50229,0.40625,4; 3; 26; 64; 19; 16; 30; 22
7,9,0.82323,0.77778,17; 3; 7; 9; 29; 10; 25; 30
8,10,0.81171,0.8,21; 7; 8; 10; 23; 25; 12; 11
9,70,0.24979,0.12857,3; 8; 9; 70; 28; 18; 4; 9
12,26,0.66294,0.46154,26; 11; 12; 26; 29; 28; 5; 16
16,49,0.35211,0.32653,15; 12; 16; 49; 13; 9; 30; 11
8,77,0.28044,0.1039,6; 3; 8; 77; 6; 3; 9; 21
8,10,0.78963,0.8,38; 19; 8; 10; 12; 4; 19; 27
7,53,0.17095,0.13208,19; 3; 7; 53; 15; 5; 22; 3
18,31,0.56596,0.58065,13; 23; 18; 31; 22; 7; 19; 15
33,42,0.63642,0.78571,11; 5; 33; 42; 4; 18; 17; 17
7,53,0.18217,0.13208,8; 3; 7; 53; 17; 6; 30; 29
27,53,0.50417,0.50943,9; 5; 27; 53; 7; 30; 25; 25
22,63,0.42605,0.34921,6; 6; 22; 63; 24; 16; 11; 31
14,75,0.35142,0.18667,4; 3; 14; 75; 16; 31; 3; 16
28,53,0.50323,0.5283,8; 6; 28; 53; 27; 25; 22; 16
5,31,0.79909,0.16129,14; 26; 5; 31; 6; 3; 15; 10
8,75,0.30289,0.10667,5; 3; 8; 75; 12; 5; 8; 4
8,9,0.80326,0.88889,35; 29; 8; 9; 15; 22; 15; 26
28,53,0.52014,0.5283,7; 3; 28; 53; 30; 3; 10; 30
7,78,0.26355,0.08974,3; 5; 7; 78; 12; 12; 28; 29
7,78,0.31076,0.08974,6; 5; 7; 78; 21; 12; 29; 11
14,42,0.436,0.33333,21; 14; 14; 42; 25; 31; 8; 15
11,32,0.68324,0.34375,13; 25; 11; 32; 20; 17; 14; 31
38,48,0.74964,0.79167,5; 4; 38; 48; 21; 12; 13; 19
18,32,0.47061,0.5625,5; 14; 18; 32; 10; 27; 29; 19
40,49,0.78148,0.81633,3; 4; 40; 49; 9; 17; 10; 11
19,64,0.40194,0.29688,6; 3; 19; 64; 26; 12; 3; 14
16,32,0.57596,0.5,14; 23; 16; 32; 19; 16; 14; 5
10,75,0.32236,0.13333,6; 6; 10; 75; 6; 30; 24; 27
11,77,0.316,0.14286,3; 3; 11; 77; 29; 6; 22; 15
37,42,0.70203,0.88095,9; 6; 37; 42; 4; 29; 23; 19
7,82,0.35517,0.08537,4; 3; 7; 82; 30; 17; 5; 21
35,49,0.70698,0.71429,6; 6; 35; 49; 4; 3; 23; 10
7,31,0.5341,0.22581,15; 7; 7; 31; 19; 18; 14; 3
27,31,0.64089,0.87097,17; 13; 27; 31; 17; 5; 25; 11
7,9,0.80708,0.77778,22; 10; 7; 9; 13; 22; 24; 31
30,42,0.61255,0.71429,6; 10; 30; 42; 15; 3; 6; 25
8,82,0.38727,0.09756,4; 3; 8; 82; 27; 23; 31; 3
7,32,0.78262,0.21875,23; 13; 7; 32; 23; 19; 24; 13
8,31,0.59577,0.25806,7; 4; 8; 31; 24; 9; 9; 13
38,49,0.7356,0.77551,5; 5; 38; 49; 14; 32; 27; 10
5,9,0.83296,0.55556,40; 9; 5; 9; 3; 5; 13; 3
24,48,0.49435,0.5,6; 8; 24; 48; 21; 29; 5; 4
6,10,0.81179,0.6,19; 38; 6; 10; 17; 27; 6; 6
16,63,0.33944,0.25397,7; 9; 16; 63; 7; 29; 31; 3
17,63,0.31736,0.26984,5; 7; 17; 63; 26; 29; 3; 29
17,70,0.33625,0.24286,5; 3; 17; 70; 7; 8; 26; 4
16,26,0.59824,0.61538,4; 24; 16; 26; 32; 5; 21; 17
9,10,0.78266,0.9,37; 34; 9; 10; 5; 13; 18; 28
7,31,0.65967,0.22581,29; 20; 7; 31; 19; 27; 27; 8
12,49,0.26321,0.2449,4; 5; 12; 49; 13; 9; 6; 27
7,77,0.30962,0.09091,7; 3; 7; 77; 20; 24; 6; 31
19,63,0.36397,0.30159,7; 4; 19; 63; 16; 15; 18; 24
7,77,0.28648,0.09091,3; 5; 7; 77; 27; 12; 32; 8
17,32,0.43715,0.53125,18; 12; 17; 32; 8; 7; 20; 22
19,26,0.48143,0.73077,14; 12; 19; 26; 26; 21; 27; 6
13,49,0.30062,0.26531,17; 6; 13; 49; 24; 9; 14; 19
15,75,0.3574,0.2,4; 3; 15; 75; 21; 14; 19; 12
22,64,0.42972,0.34375,5; 4; 22; 64; 13; 15; 23; 17
9,77,0.32386,0.11688,5; 3; 9; 77; 15; 31; 15; 7
17,31,0.60744,0.54839,4; 3; 17; 31; 28; 4; 9; 17
8,77,0.32912,0.1039,5; 6; 8; 77; 4; 7; 15; 15
5,10,0.83286,0.5,17; 11; 5; 10; 25; 15; 6; 9
9,49,0.18731,0.18367,8; 12; 9; 49; 10; 19; 15; 25
8,77,0.27748,0.1039,4; 5; 8; 77; 13; 16; 10; 12
19,26,0.5224,0.73077,23; 11; 19; 26; 3; 4; 21; 10
5,9,0.82823,0.55556,24; 30; 5; 9; 4; 7; 12; 23
22,26,0.50174,0.84615,10; 12; 22; 26; 31; 31; 21; 7
17,26,0.68118,0.65385,27; 8; 17; 26; 4; 21; 13; 30
8,70,0.22963,0.11429,3; 6; 8; 70; 9; 18; 3; 10
26,48,0.5265,0.54167,7; 6; 26; 48; 28; 8; 16; 18
13,48,0.29513,0.27083,6; 14; 13; 48; 19; 8; 14; 3
11,75,0.3123,0.14667,4; 4; 11; 75; 4; 7; 3; 12
24,64,0.4561,0.375,4; 5; 24; 64; 22; 26; 22; 23
5,31,0.55171,0.16129,5; 30; 5; 31; 22; 22; 20; 22
7,77,0.3375,0.09091,5; 5; 7; 77; 31; 11; 27; 12
6,78,0.26327,0.07692,7; 7; 6; 78; 9; 31; 31; 11
14,26,0.83796,0.53846,5; 21; 14; 26; 7; 20; 9; 27
14,63,0.31792,0.22222,6; 4; 14; 63; 32; 5; 6; 32
7,77,0.2764,0.09091,6; 5; 7; 77; 19; 27; 24; 24
8,49,0.18539,0.16327,5; 14; 8; 49; 14; 3; 14; 5
6,70,0.19549,0.08571,10; 3; 6; 70; 5; 15; 29; 20
27,31,0.64185,0.87097,7; 11; 27; 31; 19; 15; 14; 27
6,78,0.29571,0.07692,6; 5; 6; 78; 30; 16; 3; 32
26,48,0.50807,0.54167,10; 5; 26; 48; 15; 3; 7; 27
32,42,0.6459,0.7619,5; 12; 32; 42; 23; 12; 25; 12
9,26,0.58193,0.34615,30; 11; 9; 26; 28; 24; 5; 13
25,26,0.60936,0.96154,8; 19; 25; 26; 25; 11; 9; 29
5,77,0.1987,0.06494,5; 5; 5; 77; 9; 26; 12; 29
16,64,0.33558,0.25,4; 7; 16; 64; 11; 12; 24; 11
8,75,0.27356,0.10667,5; 7; 8; 75; 8; 9; 22; 24
40,49,0.78168,0.81633,3; 4; 40; 49; 25; 19; 27; 5
27,32,0.53224,0.84375,15; 17; 27; 32; 24; 9; 29; 3
15,49,0.2997,0.30612,9; 8; 15; 49; 23; 25; 13; 28
18,31,0.49573,0.58065,13; 22; 18; 31; 7; 13; 23; 24
6,10,0.81338,0.6,8; 34; 6; 10; 25; 20; 3; 13
8,10,0.80893,0.8,16; 26; 8; 10; 12; 13; 20; 28
18,31,0.47362,0.58065,4; 8; 18; 31; 27; 14; 20; 20
15,64,0.34279,0.23438,8; 7; 15; 64; 19; 7; 18; 18
6,26,0.75987,0.23077,28; 13; 6; 26; 5; 16; 16; 19
34,49,0.68518,0.69388,6; 3; 34; 49; 32; 30; 8; 25
8,82,0.38015,0.09756,3; 3; 8; 82; 27; 25; 5; 24
5,48,0.16453,0.10417,16; 15; 5; 48; 5; 29; 23; 6
29,32,0.58082,0.90625,5; 15; 29; 32; 11; 5; 23; 28
9,10,0.81987,0.9,14; 28; 9; 10; 22; 5; 23; 13
8,70,0.25854,0.11429,8; 6; 8; 70; 22; 25; 14; 23
9,78,0.33153,0.11538,3; 3; 9; 78; 20; 13; 30; 22
19,31,0.48032,0.6129,15; 23; 19; 31; 32; 8; 11; 19
37,49,0.71714,0.7551,6; 5; 37; 49; 11; 24; 6; 18
33,49,0.63413,0.67347,3; 7; 33; 49; 21; 7; 20; 4
8,78,0.30814,0.10256,4; 4; 8; 78; 9; 5; 26; 26
38,49,0.76656,0.77551,4; 5; 38; 49; 3; 6; 5; 14
5,82,0.3651,0.06098,4; 3; 5; 82; 25; 12; 8; 15
12,70,0.34317,0.17143,4; 3; 12; 70; 23; 28; 13; 25
15,48,0.32559,0.3125,13; 17; 15; 48; 14; 24; 23; 21
8,75,0.24731,0.10667,5; 5; 8; 75; 17; 18; 8; 22
38,49,0.76251,0.77551,4; 5; 38; 49; 31; 14; 25; 11
7,75,0.23448,0.09333,4; 6; 7; 75; 17; 25; 9; 17
9,48,0.19178,0.1875,7; 11; 9; 48; 9; 29; 12; 24
23,32,0.55864,0.71875,4; 14; 23; 32; 27; 17; 17; 3
6,9,0.82447,0.66667,19; 24; 6; 9; 11; 32; 23; 8
33,42,0.64763,0.78571,7; 7; 33; 42; 7; 18; 24; 31
13,32,0.49595,0.40625,16; 26; 13; 32; 7; 14; 32; 31
14,53,0.28964,0.26415,4; 3; 14; 53; 24; 28; 3; 18
8,10,0.80544,0.8,32; 20; 8; 10; 8; 14; 4; 29
13,75,0.35621,0.17333,4; 4; 13; 75; 22; 9; 14; 31
26,31,0.61283,0.83871,11; 3; 26; 31; 3; 20; 18; 17
5,77,0.25462,0.06494,3; 3; 5; 77; 17; 21; 28; 4
6,9,0.82587,0.66667,19; 37; 6; 9; 9; 10; 11; 8
16,70,0.34574,0.22857,5; 6; 16; 70; 5; 5; 6; 25
12,75,0.3595,0.16,4; 5; 12; 75; 14; 20; 21; 3
16,31,0.58533,0.51613,20; 23; 16; 31; 16; 23; 11; 11
16,70,0.3656,0.22857,5; 5; 16; 70; 3; 9; 15; 17
14,75,0.34977,0.18667,4; 3; 14; 75; 13; 25; 29; 29
6,82,0.33642,0.07317,3; 4; 6; 82; 17; 26; 11; 19
6,9,0.7978,0.66667,29; 23; 6; 9; 13; 3; 3; 4
11,75,0.2791,0.14667,3; 4; 11; 75; 31; 7; 16; 12
5,75,0.28165,0.06667,4; 9; 5; 75; 12; 31; 24; 19
9,78,0.28464,0.11538,5; 3; 9; 78; 3; 26; 14; 16
7,82,0.37632,0.08537,3; 3; 7; 82; 21; 8; 28; 13
12,75,0.31955,0.16,4; 3; 12; 75; 31; 5; 32; 25
21,64,0.4112,0.32812,3; 5; 21; 64; 3; 6; 17; 3
6,82,0.30442,0.07317,3; 5; 6; 82; 19; 5; 9; 29
32,48,0.63106,0.66667,4; 4; 32; 48; 26; 16; 31; 3
6,82,0.36806,0.07317,3; 3; 6; 82; 23; 21; 10; 4
5,31,0.7666,0.16129,21; 14; 5; 31; 11; 30; 27; 10
5,31,0.6824,0.16129,13; 5; 5; 31; 24; 6; 5; 31
17,26,0.65943,0.65385,26; 11; 17; 26; 23; 27; 13; 22
18,26,0.65328,0.69231,6; 23; 18; 26; 14; 18; 9; 12
12,49,0.24217,0.2449,16; 10; 12; 49; 18; 6; 17; 32
11,77,0.37103,0.14286,4; 4; 11; 77; 31; 29; 29; 3
16,32,0.63807,0.5,8; 15; 16; 32; 13; 14; 28; 18
5,78,0.31665,0.0641,4; 4; 5; 78; 12; 8; 5; 3
15,53,0.29437,0.28302,3; 8; 15; 53; 15; 25; 7; 19
11,64,0.23494,0.17188,3; 3; 11; 64; 26; 12; 21; 19
40,49,0.78711,0.81633,4; 4; 40; 49; 14; 8; 10; 32
29,32,0.46392,0.90625,12; 11; 29; 32; 17; 9; 17; 10
10,31,0.77223,0.32258,23; 26; 10; 31; 28; 15; 13; 32
22,26,0.48618,0.84615,9; 13; 22; 26; 8; 28; 18; 28
20,48,0.40799,0.41667,4; 13; 20; 48; 9; 9; 11; 8
22,53,0.39485,0.41509,9; 8; 22; 53; 13; 10; 19; 12
16,64,0.32161,0.25,5; 9; 16; 64; 24; 3; 7; 29
14,48,0.31956,0.29167,9; 8; 14; 48; 31; 10; 10; 7
7,9,0.83388,0.77778,28; 5; 7; 9; 28; 17; 18; 20
23,48,0.47539,0.47917,4; 13; 23; 48; 28; 12; 14; 6
8,10,0.81972,0.8,10; 37; 8; 10; 5; 29; 6; 13
12,70,0.29307,0.17143,6; 3; 12; 70; 19; 22; 23; 29
11,77,0.38088,0.14286,4; 3; 11; 77; 5; 11; 8; 32
7,42,0.23946,0.16667,21; 18; 7; 42; 16; 29; 29; 9
5,70,0.2431,0.07143,5; 10; 5; 70; 7; 6; 12; 17
31,49,0.61433,0.63265,6; 4; 31; 49; 30; 28; 22; 8
15,48,0.32296,0.3125,5; 17; 15; 48; 3; 14; 27; 10
13,75,0.37633,0.17333,5; 5; 13; 75; 16; 26; 7; 12
38,49,0.75783,0.77551,4; 5; 38; 49; 22; 4; 15; 19
18,70,0.39314,0.25714,4; 3; 18; 70; 25; 31; 7; 24
12,31,0.46833,0.3871,7; 22; 12; 31; 16; 18; 14; 5
8,42,0.27448,0.19048,5; 14; 8; 42; 6; 6; 28; 7
13,49,0.30921,0.26531,4; 6; 13; 49; 3; 32; 6; 20
6,64,0.18395,0.09375,8; 3; 6; 64; 26; 12; 30; 22
15,75,0.3655,0.2,4; 4; 15; 75; 11; 8; 5; 27
27,42,0.60161,0.64286,8; 3; 27; 42; 31; 9; 22; 22
11,75,0.29484,0.14667,5; 3; 11; 75; 31; 26; 18; 18
8,48,0.18867,0.16667,7; 14; 8; 48; 22; 26; 8; 15
21,42,0.42211,0.5,10; 4; 21; 42; 4; 10; 8; 27
30,48,0.59286,0.625,7; 5; 30; 48; 7; 24; 13; 3
5,10,0.82543,0.5,7; 18; 5; 10; 8; 25; 10; 26
9,48,0.17336,0.1875,10; 11; 9; 48; 22; 19; 18; 15
8,9,0.82523,0.88889,38; 24; 8; 9; 26; 31; 4; 32
8,64,0.20535,0.125,11; 12; 8; 64; 24; 17; 23; 20
12,75,0.31018,0.16,3; 5; 12; 75; 26; 18; 31; 9
5,82,0.355,0.06098,4; 4; 5; 82; 31; 10; 5; 11
7,78,0.2391,0.08974,6; 5; 7; 78; 12; 25; 6; 7
8,82,0.33737,0.09756,3; 3; 8; 82; 8; 25; 7; 3
7,10,0.79882,0.7,19; 17; 7; 10; 10; 16; 4; 24
22,49,0.45134,0.44898,13; 6; 22; 49; 17; 16; 12; 27
13,49,0.30775,0.26531,15; 4; 13; 49; 11; 8; 15; 27
6,42,0.3464,0.14286,15; 17; 6; 42; 29; 23; 11; 6
7,10,0.80275,0.7,13; 39; 7; 10; 30; 23; 32; 4
6,82,0.37237,0.07317,5; 4; 6; 82; 7; 17; 5; 30
15,75,0.35637,0.2,4; 4; 15; 75; 10; 10; 5; 6
5,82,0.34421,0.06098,4; 3; 5; 82; 29; 10; 10; 3
30,49,0.59572,0.61224,8; 3; 30; 49; 15; 26; 18; 28
11,63,0.24147,0.1746,5; 6; 11; 63; 16; 13; 4; 16
26,63,0.477,0.4127,3; 3; 26; 63; 11; 5; 19; 22
7,82,0.30109,0.08537,3; 3; 7; 82; 14; 27; 15; 13
17,32,0.37125,0.53125,13; 9; 17; 32; 21; 5; 22; 9
10,32,0.41077,0.3125,21; 23; 10; 32; 12; 30; 8; 25
9,77,0.33649,0.11688,6; 4; 9; 77; 23; 16; 27; 5
8,75,0.28198,0.10667,5; 6; 8; 75; 10; 11; 23; 15
12,32,0.66737,0.375,15; 25; 12; 32; 22; 3; 31; 8
5,63,0.1529,0.07937,7; 6; 5; 63; 20; 20; 22; 7
19,32,0.46642,0.59375,7; 12; 19; 32; 24; 4; 16; 12
9,26,0.67827,0.34615,20; 11; 9; 26; 21; 14; 8; 15
11,78,0.35981,0.14103,3; 3; 11; 78; 18; 7; 6; 19
9,77,0.33658,0.11688,4; 3; 9; 77; 14; 24; 18; 16
13,48,0.28551,0.27083,5; 4; 13; 48; 17; 18; 30; 5
8,78,0.32461,0.10256,3; 6; 8; 78; 24; 21; 7; 28
24,42,0.5289,0.57143,4; 14; 24; 42; 30; 32; 8; 21
25,32,0.64912,0.78125,9; 11; 25; 32; 17; 10; 17; 5
24,32,0.54381,0.75,9; 7; 24; 32; 32; 22; 7; 7
15,53,0.30739,0.28302,11; 14; 15; 53; 16; 4; 20; 12
19,64,0.34581,0.29688,6; 4; 19; 64; 4; 27; 23; 14
26,32,0.46681,0.8125,16; 8; 26; 32; 10; 23; 25; 21
7,9,0.82772,0.77778,15; 7; 7; 9; 13; 31; 9; 30
8,78,0.27217,0.10256,3; 4; 8; 78; 27; 10; 30; 20
6,9,0.81615,0.66667,22; 21; 6; 9; 3; 28; 24; 4
17,53,0.36166,0.32075,3; 12; 17; 53; 17; 19; 14; 22
15,64,0.32314,0.23438,4; 9; 15; 64; 29; 6; 21; 18
19,70,0.38267,0.27143,4; 3; 19; 70; 13; 21; 14; 19
9,48,0.17007,0.1875,18; 12; 9; 48; 31; 3; 31; 24
7,48,0.18384,0.14583,19; 4; 7; 48; 15; 7; 10; 8
9,10,0.81325,0.9,34; 15; 9; 10; 19; 18; 24; 28
9,32,0.48733,0.28125,26; 12; 9; 32; 21; 24; 3; 27
8,82,0.34314,0.09756,3; 3; 8; 82; 8; 20; 3; 3
6,26,0.8505,0.23077,13; 10; 6; 26; 11; 25; 13; 19
12,64,0.28688,0.1875,11; 11; 12; 64; 21; 21; 16; 12
8,10,0.81139,0.8,17; 3; 8; 10; 29; 18; 29; 10
5,32,0.73409,0.15625,27; 17; 5; 32; 30; 3; 15; 18
16,70,0.36801,0.22857,4; 4; 16; 70; 27; 6; 31; 21
12,42,0.37727,0.28571,12; 8; 12; 42; 27; 11; 30; 16
25,48,0.52512,0.52083,12; 10; 25; 48; 26; 14; 13; 4
24,26,0.57167,0.92308,11; 7; 24; 26; 5; 21; 7; 13
5,9,0.81969,0.55556,11; 20; 5; 9; 16; 13; 27; 14
9,10,0.8043,0.9,26; 38; 9; 10; 24; 7; 32; 17
8,63,0.19711,0.12698,13; 9; 8; 63; 4; 30; 21; 12
8,77,0.29617,0.1039,6; 5; 8; 77; 31; 11; 13; 10
8,9,0.8202,0.88889,21; 10; 8; 9; 19; 21; 16; 5
12,77,0.37105,0.15584,4; 4; 12; 77; 5; 26; 16; 3
28,49,0.59326,0.57143,4; 10; 28; 49; 20; 11; 5; 15
15,48,0.31228,0.3125,14; 4; 15; 48; 32; 30; 20; 11
11,64,0.2364,0.17188,4; 3; 11; 64; 5; 17; 31; 7
26,31,0.5637,0.83871,18; 19; 26; 31; 9; 16; 19; 5
20,64,0.37243,0.3125,3; 5; 20; 64; 18; 32; 16; 20
8,48,0.19178,0.16667,21; 18; 8; 48; 3; 21; 22; 17
6,31,0.54981,0.19355,21; 5; 6; 31; 7; 22; 8; 20
8,10,0.80751,0.8,36; 10; 8; 10; 29; 7; 31; 8
10,31,0.66504,0.32258,3; 28; 10; 31; 13; 30; 4; 12
32,49,0.62853,0.65306,4; 7; 32; 49; 27; 23; 12; 5
25,26,0.55926,0.96154,23; 17; 25; 26; 4; 20; 27; 16
6,82,0.29851,0.07317,5; 3; 6; 82; 24; 22; 19; 28
9,10,0.81315,0.9,29; 3; 9; 10; 27; 22; 4; 16
11,78,0.3322,0.14103,3; 4; 11; 78; 29; 18; 24; 10
23,49,0.45166,0.46939,11; 9; 23; 49; 5; 32; 14; 29
18,26,0.78969,0.69231,5; 5; 18; 26; 10; 13; 27; 3
30,31,0.59857,0.96774,4; 7; 30; 31; 16; 24; 5; 18
11,26,0.77609,0.42308,26; 6; 11; 26; 6; 19; 26; 32
8,49,0.21238,0.16327,11; 11; 8; 49; 3; 9; 19; 26
20,64,0.39977,0.3125,6; 6; 20; 64; 3; 31; 24; 13
39,42,0.73412,0.92857,6; 7; 39; 42; 3; 32; 25; 25
11,63,0.28077,0.1746,11; 9; 11; 63; 29; 10; 29; 17
6,82,0.30411,0.07317,3; 5; 6; 82; 3; 28; 7; 31
12,77,0.29946,0.15584,4; 4; 12; 77; 6; 7; 7; 27
29,42,0.63897,0.69048,4; 9; 29; 42; 16; 9; 29; 4
6,9,0.82727,0.66667,7; 30; 6; 9; 5; 10; 29; 18
26,31,0.65595,0.83871,20; 14; 26; 31; 4; 17; 13; 12
6,49,0.14936,0.12245,18; 11; 6; 49; 3; 17; 15; 25
5,75,0.21822,0.06667,3; 5; 5; 75; 8; 23; 15; 25
15,64,0.32078,0.23438,4; 5; 15; 64; 9; 22; 16; 23
12,78,0.35275,0.15385,4; 3; 12; 78; 18; 3; 10; 23
12,77,0.38716,0.15584,3; 4; 12; 77; 20; 23; 10; 26
12,77,0.32343,0.15584,3; 4; 12; 77; 25; 15; 4; 23
6,75,0.26066,0.08,3; 3; 6; 75; 32; 27; 6; 26
9,53,0.1782,0.16981,12; 5; 9; 53; 5; 25; 22; 29
12,75,0.35402,0.16,3; 4; 12; 75; 19; 22; 4; 16
36,42,0.68592,0.85714,7; 3; 36; 42; 32; 20; 25; 10
34,53,0.60756,0.64151,4; 3; 34; 53; 16; 26; 7; 32
8,10,0.82416,0.8,37; 25; 8; 10; 9; 28; 6; 24
42,48,0.8157,0.875,4; 4; 42; 48; 19; 24; 27; 10
13,26,0.56506,0.5,11; 27; 13; 26; 17; 28; 17; 24
6,9,0.81478,0.66667,10; 40; 6; 9; 8; 28; 17; 4
27,53,0.50412,0.50943,5; 7; 27; 53; 27; 29; 3; 18
18,31,0.55184,0.58065,22; 15; 18; 31; 22; 13; 10; 27
25,42,0.5409,0.59524,6; 14; 25; 42; 20; 15; 8; 21
6,64,0.18309,0.09375,3; 12; 6; 64; 4; 29; 10; 24
9,32,0.53766,0.28125,12; 19; 9; 32; 12; 21; 29; 24
10,77,0.31925,0.12987,4; 5; 10; 77; 4; 28; 25; 31
11,77,0.33446,0.14286,4; 5; 11; 77; 17; 14; 6; 17
6,9,0.83693,0.66667,22; 40; 6; 9; 25; 12; 7; 12
39,42,0.6957,0.92857,5; 3; 39; 42; 24; 6; 16; 27
8,82,0.32204,0.09756,3; 3; 8; 82; 25; 19; 7; 13
28,31,0.54752,0.90323,18; 6; 28; 31; 19; 7; 10; 23
36,48,0.70795,0.75,4; 5; 36; 48; 23; 4; 20; 26
8,10,0.80772,0.8,40; 19; 8; 10; 24; 3; 26; 25
18,31,0.47632,0.58065,3; 21; 18; 31; 22; 23; 17; 13
17,42,0.39698,0.40476,4; 17; 17; 42; 21; 27; 30; 15
26,63,0.46905,0.4127,3; 3; 26; 63; 12; 4; 21; 13
17,26,0.7782,0.65385,23; 9; 17; 26; 13; 23; 24; 11
25,53,0.44285,0.4717,6; 8; 25; 53; 23; 23; 24; 26
15,42,0.40143,0.35714,20; 16; 15; 42; 20; 20; 15; 8
29,49,0.59352,0.59184,7; 8; 29; 49; 5; 24; 14; 10
14,70,0.34212,0.2,7; 5; 14; 70; 18; 26; 20; 11
15,63,0.3014,0.2381,3; 5; 15; 63; 21; 19; 29; 18
11,78,0.38932,0.14103,3; 4; 11; 78; 21; 23; 8; 12
13,49,0.28333,0.26531,7; 10; 13; 49; 9; 11; 14; 22
29,31,0.58994,0.93548,17; 5; 29; 31; 32; 5; 19; 24
7,78,0.2669,0.08974,4; 3; 7; 78; 7; 25; 7; 8
25,26,0.54916,0.96154,12; 18; 25; 26; 16; 27; 23; 12
26,32,0.5954,0.8125,10; 9; 26; 32; 10; 24; 31; 3
41,48,0.78335,0.85417,3; 4; 41; 48; 15; 17; 8; 21
7,49,0.15717,0.14286,3; 5; 7; 49; 8; 10; 6; 21
17,70,0.39124,0.24286,5; 3; 17; 70; 7; 21; 28; 14
27,42,0.57728,0.64286,6; 4; 27; 42; 15; 28; 10; 5
13,75,0.34617,0.17333,4; 5; 13; 75; 13; 31; 25; 10
15,26,0.53584,0.57692,13; 20; 15; 26; 16; 3; 9; 10
13,48,0.26197,0.27083,14; 14; 13; 48; 19; 25; 8; 16
16,53,0.31433,0.30189,14; 14; 16; 53; 14; 21; 18; 11
11,78,0.3607,0.14103,4; 4; 11; 78; 10; 12; 14; 9
5,10,0.80817,0.5,35; 32; 5; 10; 23; 9; 16; 26
13,53,0.27394,0.24528,5; 5; 13; 53; 8; 21; 12; 3
7,9,0.82954,0.77778,3; 11; 7; 9; 18; 11; 14; 29
10,26,0.57894,0.38462,15; 17; 10; 26; 30; 7; 18; 13
28,49,0.55239,0.57143,4; 6; 28; 49; 9; 4; 25; 3
14,64,0.27837,0.21875,8; 6; 14; 64; 9; 27; 18; 20
8,9,0.82377,0.88889,3; 13; 8; 9; 27; 7; 17; 27
8,78,0.34623,0.10256,4; 4; 8; 78; 3; 6; 6; 12
23,48,0.48114,0.47917,5; 10; 23; 48; 23; 29; 29; 3
11,42,0.30907,0.2619,19; 22; 11; 42; 25; 22; 6; 25
12,77,0.37049,0.15584,4; 4; 12; 77; 23; 3; 20; 25
15,75,0.38098,0.2,4; 4; 15; 75; 22; 27; 15; 28
8,9,0.82091,0.88889,9; 11; 8; 9; 18; 18; 18; 3
6,70,0.20249,0.08571,6; 11; 6; 70; 21; 25; 27; 22
28,49,0.55416,0.57143,6; 8; 28; 49; 18; 17; 24; 19
9,53,0.19127,0.16981,3; 3; 9; 53; 7; 11; 23; 19
22,26,0.5058,0.84615,8; 12; 22; 26; 26; 12; 20; 9
6,48,0.14618,0.125,12; 9; 6; 48; 12; 9; 10; 10
16,63,0.33018,0.25397,3; 4; 16; 63; 28; 3; 13; 22
17,42,0.44536,0.40476,19; 5; 17; 42; 14; 31; 28; 8
16,49,0.33178,0.32653,4; 7; 16; 49; 23; 9; 3; 15
13,75,0.35297,0.17333,5; 4; 13; 75; 29; 23; 10; 26
8,9,0.82722,0.88889,38; 24; 8; 9; 18; 28; 3; 18
6,53,0.13866,0.11321,7; 11; 6; 53; 4; 22; 21; 15
11,78,0.35387,0.14103,3; 4; 11; 78; 12; 17; 31; 27
8,9,0.81801,0.88889,12; 21; 8; 9; 6; 24; 12; 16
12,77,0.33752,0.15584,3; 3; 12; 77; 10; 21; 17; 9
21,49,0.42364,0.42857,13; 14; 21; 49; 21; 23; 9; 10
16,64,0.31998,0.25,3; 6; 16; 64; 11; 5; 30; 15
15,64,0.31222,0.23438,8; 8; 15; 64; 19; 31; 23; 20
20,63,0.3771,0.31746,4; 6; 20; 63; 22; 7; 10; 10
12,26,0.4668,0.46154,29; 4; 12; 26; 29; 16; 22; 23
13,26,0.71267,0.5,10; 13; 13; 26; 32; 23; 19; 15
20,26,0.61663,0.76923,6; 3; 20; 26; 25; 15; 16; 13
20,48,0.4278,0.41667,13; 15; 20; 48; 11; 9; 20; 19
17,26,0.62553,0.65385,27; 3; 17; 26; 6; 27; 24; 29
7,77,0.32151,0.09091,3; 5; 7; 77; 9; 9; 9; 14
19,42,0.43476,0.45238,16; 6; 19; 42; 24; 19; 14; 18
8,31,0.62743,0.25806,10; 5; 8; 31; 4; 5; 31; 23
12,78,0.35052,0.15385,4; 4; 12; 78; 4; 14; 12; 10
20,64,0.37802,0.3125,6; 3; 20; 64; 24; 18; 7; 13
5,82,0.26766,0.06098,4; 4; 5; 82; 12; 26; 26; 30
26,64,0.47322,0.40625,3; 4; 26; 64; 29; 25; 4; 11
29,31,0.63416,0.93548,5; 13; 29; 31; 31; 8; 30; 26
15,75,0.38041,0.2,3; 3; 15; 75; 4; 10; 30; 23
25,42,0.52745,0.59524,13; 15; 25; 42; 14; 20; 3; 10
19,63,0.36169,0.30159,6; 4; 19; 63; 12; 16; 6; 11
17,49,0.35737,0.34694,5; 5; 17; 49; 16; 9; 16; 21
10,31,0.56397,0.32258,12; 7; 10; 31; 22; 27; 4; 14
5,10,0.82904,0.5,12; 37; 5; 10; 5; 6; 9; 7
20,53,0.36217,0.37736,11; 3; 20; 53; 28; 12; 7; 7
24,53,0.46782,0.45283,9; 9; 24; 53; 28; 11; 6; 27
20,70,0.41018,0.28571,4; 4; 20; 70; 20; 30; 28; 17
9,75,0.32408,0.12,6; 4; 9; 75; 28; 8; 28; 7
9,32,0.70071,0.28125,10; 8; 9; 32; 24; 4; 24; 20
18,42,0.40499,0.42857,14; 7; 18; 42; 32; 14; 25; 5
7,9,0.82246,0.77778,18; 5; 7; 9; 16; 9; 20; 31
7,78,0.35226,0.08974,6; 4; 7; 78; 30; 7; 32; 6
5,75,0.27676,0.06667,7; 5; 5; 75; 10; 7; 21; 5
8,82,0.30333,0.09756,4; 4; 8; 82; 13; 6; 11; 21
6,77,0.22564,0.07792,7; 6; 6; 77; 11; 14; 20; 31
6,10,0.79667,0.6,9; 39; 6; 10; 27; 19; 27; 23
37,49,0.7525,0.7551,5; 4; 37; 49; 27; 22; 26; 4
28,31,0.59562,0.90323,14; 5; 28; 31; 17; 32; 5; 9
25,63,0.43023,0.39683,3; 4; 25; 63; 6; 19; 24; 10
18,53,0.31512,0.33962,10; 3; 18; 53; 14; 20; 30; 11
34,42,0.65459,0.80952,6; 5; 34; 42; 15; 7; 23; 23
8,70,0.25889,0.11429,6; 4; 8; 70; 18; 3; 5; 10
29,53,0.55435,0.54717,8; 8; 29; 53; 21; 14; 23; 18
15,49,0.30968,0.30612,16; 3; 15; 49; 8; 23; 5; 29
11,75,0.30975,0.14667,6; 3; 11; 75; 4; 3; 14; 25
12,77,0.36659,0.15584,3; 4; 12; 77; 32; 10; 30; 6
15,63,0.31073,0.2381,9; 4; 15; 63; 24; 25; 4; 7
6,63,0.14734,0.09524,12; 13; 6; 63; 5; 29; 22; 30
20,70,0.40505,0.28571,4; 3; 20; 70; 23; 7; 18; 24
17,64,0.34714,0.26562,8; 8; 17; 64; 22; 4; 17; 3
13,64,0.28207,0.20312,3; 4; 13; 64; 18; 26; 22; 7
14,48,0.28335,0.29167,17; 3; 14; 48; 5; 23; 8; 14
26,64,0.46143,0.40625,4; 3; 26; 64; 19; 12; 25; 4
8,78,0.34495,0.10256,3; 6; 8; 78; 9; 16; 28; 4
26,53,0.47915,0.49057,3; 3; 26; 53; 23; 24; 15; 15
9,10,0.80353,0.9,39; 7; 9; 10; 8; 10; 27; 4
5,82,0.35583,0.06098,5; 3; 5; 82; 5; 25; 24; 27
10,78,0.32268,0.12821,5; 4; 10; 78; 12; 26; 22; 19
20,63,0.40057,0.31746,6; 3; 20; 63; 28; 7; 27; 4
21,42,0.50449,0.5,4; 7; 21; 42; 29; 24; 9; 9
7,10,0.79842,0.7,31; 40; 7; 10; 10; 6; 17; 16
5,31,0.70704,0.16129,26; 5; 5; 31; 5; 13; 27; 12
7,10,0.82034,0.7,19; 36; 7; 10; 6; 23; 25; 32
11,75,0.33249,0.14667,3; 5; 11; 75; 9; 27; 29; 13
38,49,0.75702,0.77551,5; 4; 38; 49; 24; 28; 29; 11
12,77,0.37238,0.15584,3; 3; 12; 77; 17; 21; 19; 22
19,70,0.38896,0.27143,4; 4; 19; 70; 4; 29; 11; 5
12,64,0.26203,0.1875,11; 9; 12; 64; 24; 27; 23; 7
10,63,0.17558,0.15873,4; 9; 10; 63; 26; 17; 22; 23
12,42,0.33085,0.28571,18; 18; 12; 42; 28; 25; 9; 19
9,10,0.7964,0.9,12; 7; 9; 10; 30; 30; 5; 27
8,9,0.81676,0.88889,22; 15; 8; 9; 26; 20; 19; 26
10,31,0.61322,0.32258,4; 6; 10; 31; 7; 8; 12; 29
14,53,0.28509,0.26415,3; 5; 14; 53; 24; 19; 16; 9
10,78,0.32175,0.12821,3; 4; 10; 78; 25; 26; 17; 28
24,48,0.48643,0.5,12; 10; 24; 48; 15; 7; 28; 16
7,9,0.83716,0.77778,27; 13; 7; 9; 3; 30; 3; 13
20,42,0.4855,0.47619,14; 13; 20; 42; 10; 13; 25; 27
13,49,0.24281,0.26531,18; 15; 13; 49; 8; 10; 21; 27
8,32,0.74162,0.25,24; 25; 8; 32; 8; 19; 13; 16
27,32,0.66544,0.84375,5; 7; 27; 32; 20; 14; 16; 19
31,42,0.64029,0.7381,3; 11; 31; 42; 25; 10; 15; 3
14,26,0.59089,0.53846,18; 9; 14; 26; 18; 18; 18; 20
33,48,0.67488,0.6875,3; 3; 33; 48; 22; 30; 3; 3
13,77,0.36186,0.16883,3; 4; 13; 77; 29; 24; 22; 14
20,26,0.57584,0.76923,26; 9; 20; 26; 9; 11; 9; 29
29,49,0.59352,0.59184,9; 9; 29; 49; 17; 4; 10; 25
15,49,0.31336,0.30612,13; 10; 15; 49; 22; 14; 17; 6
5,70,0.20317,0.07143,4; 4; 5; 70; 13; 16; 7; 13
5,9,0.81739,0.55556,30; 37; 5; 9; 18; 27; 6; 30
6,77,0.26737,0.07792,3; 3; 6; 77; 6; 13; 26; 30
6,42,0.27345,0.14286,7; 13; 6; 42; 26; 23; 3; 8
6,70,0.21685,0.08571,11; 8; 6; 70; 26; 11; 32; 15
7,78,0.25563,0.08974,3; 5; 7; 78; 3; 29; 5; 17
29,49,0.58169,0.59184,8; 6; 29; 49; 5; 9; 23; 13
6,9,0.83792,0.66667,8; 7; 6; 9; 30; 14; 4; 12
8,10,0.80934,0.8,7; 11; 8; 10; 7; 30; 8; 7
20,26,0.45373,0.76923,12; 11; 20; 26; 26; 23; 13; 6
5,32,0.66711,0.15625,15; 21; 5; 32; 25; 12; 21; 14
28,31,0.57524,0.90323,8; 12; 28; 31; 11; 13; 32; 5
8,77,0.29907,0.1039,4; 6; 8; 77; 21; 31; 22; 5
24,64,0.4329,0.375,5; 4; 24; 64; 5; 28; 13; 25
7,82,0.36862,0.08537,4; 3; 7; 82; 23; 9; 5; 13
14,48,0.34941,0.29167,9; 16; 14; 48; 27; 8; 18; 11
24,26,0.46181,0.92308,15; 17; 24; 26; 9; 14; 8; 15
33,53,0.62598,0.62264,5; 3; 33; 53; 3; 15; 11; 29
12,31,0.46479,0.3871,17; 22; 12; 31; 13; 30; 21; 17
12,75,0.34855,0.16,3; 4; 12; 75; 7; 10; 26; 28
30,42,0.60475,0.71429,8; 12; 30; 42; 23; 9; 22; 28
8,78,0.35012,0.10256,4; 3; 8; 78; 19; 5; 12; 5
7,77,0.24556,0.09091,5; 6; 7; 77; 31; 18; 11; 22
22,48,0.43964,0.45833,5; 6; 22; 48; 7; 11; 14; 24
6,10,0.82743,0.6,41; 30; 6; 10; 24; 27; 22; 19
19,70,0.41572,0.27143,4; 3; 19; 70; 13; 7; 25; 25
5,82,0.27595,0.06098,3; 5; 5; 82; 17; 8; 13; 29
14,32,0.5213,0.4375,15; 26; 14; 32; 5; 30; 31; 28
9,70,0.2473,0.12857,7; 9; 9; 70; 7; 4; 4; 31
42,48,0.84752,0.875,4; 3; 42; 48; 6; 12; 32; 18
8,75,0.31556,0.10667,6; 4; 8; 75; 26; 18; 10; 19
11,31,0.52915,0.35484,4; 16; 11; 31; 8; 16; 32; 20
18,32,0.56734,0.5625,24; 10; 18; 32; 9; 10; 28; 9
17,63,0.30693,0.26984,9; 9; 17; 63; 21; 4; 3; 18
19,31,0.49896,0.6129,8; 10; 19; 31; 26; 9; 23; 21
7,9,0.82877,0.77778,12; 32; 7; 9; 5; 27; 15; 20
13,77,0.35425,0.16883,3; 3; 13; 77; 29; 27; 27; 11
5,78,0.30197,0.0641,6; 4; 5; 78; 22; 9; 18; 5
20,70,0.39199,0.28571,4; 3; 20; 70; 24; 13; 8; 24
10,48,0.2829,0.20833,19; 17; 10; 48; 3; 14; 21; 3
12,77,0.35363,0.15584,3; 4; 12; 77; 15; 28; 19; 20
5,75,0.30275,0.06667,3; 9; 5; 75; 15; 22; 31; 26
36,42,0.6875,0.85714,6; 7; 36; 42; 29; 10; 8; 6
9,70,0.23438,0.12857,4; 5; 9; 70; 23; 9; 28; 30
17,48,0.37159,0.35417,8; 11; 17; 48; 31; 6; 20; 30
8,77,0.28309,0.1039,4; 6; 8; 77; 19; 29; 13; 23
20,49,0.37495,0.40816,7; 3; 20; 49; 27; 23; 9; 3
30,31,0.63906,0.96774,11; 5; 30; 31; 15; 26; 5; 32
21,48,0.39481,0.4375,6; 3; 21; 48; 13; 15; 7; 15
7,77,0.31857,0.09091,4; 7; 7; 77; 17; 28; 32; 19
9,78,0.27629,0.11538,5; 3; 9; 78; 7; 23; 19; 23
14,64,0.28891,0.21875,5; 8; 14; 64; 8; 19; 5; 31
20,26,0.61671,0.76923,10; 4; 20; 26; 3; 15; 5; 29
5,9,0.82396,0.55556,29; 4; 5; 9; 28; 19; 19; 12
13,53,0.2722,0.24528,16; 8; 13; 53; 20; 9; 15; 23
7,49,0.20998,0.14286,14; 15; 7; 49; 3; 28; 22; 21
27,49,0.53382,0.55102,8; 11; 27; 49; 17; 27; 26; 17
9,10,0.80063,0.9,3; 28; 9; 10; 32; 15; 25; 23
5,9,0.81491,0.55556,39; 32; 5; 9; 23; 28; 18; 23
22,32,0.58977,0.6875,13; 3; 22; 32; 10; 23; 27; 11
29,48,0.56895,0.60417,7; 10; 29; 48; 16; 27; 15; 31
8,10,0.80122,0.8,26; 18; 8; 10; 16; 19; 28; 23
6,78,0.29989,0.07692,4; 5; 6; 78; 14; 11; 8; 13
8,26,0.5693,0.30769,21; 19; 8; 26; 5; 5; 12; 22
7,10,0.8076,0.7,3; 17; 7; 10; 12; 26; 28; 8
35,42,0.64377,0.83333,4; 7; 35; 42; 22; 8; 25; 20
25,49,0.51267,0.5102,11; 5; 25; 49; 27; 4; 23; 17
5,63,0.18961,0.07937,7; 15; 5; 63; 13; 13; 19; 15
9,78,0.33886,0.11538,5; 3; 9; 78; 32; 8; 15; 30
8,49,0.20399,0.16327,3; 18; 8; 49; 13; 5; 24; 30
5,77,0.26101,0.06494,6; 5; 5; 77; 4; 25; 17; 29
15,64,0.32014,0.23438,8; 5; 15; 64; 10; 20; 27; 30
33,49,0.64203,0.67347,6; 3; 33; 49; 9; 28; 22; 25
6,10,0.79032,0.6,12; 32; 6; 10; 5; 23; 21; 11
31,42,0.65148,0.7381,3; 7; 31; 42; 29; 23; 13; 22
7,82,0.27881,0.08537,4; 3; 7; 82; 27; 3; 29; 27
6,26,0.65382,0.23077,4; 33; 6; 26; 6; 18; 14; 17
8,31,0.4668,0.25806,5; 27; 8; 31; 26; 24; 26; 7
7,70,0.25206,0.1,3; 4; 7; 70; 24; 5; 26; 14
6,9,0.81984,0.66667,5; 14; 6; 9; 15; 4; 14; 28
6,70,0.16736,0.08571,11; 3; 6; 70; 4; 22; 20; 30
8,82,0.32466,0.09756,4; 3; 8; 82; 21; 14; 21; 24
5,82,0.34231,0.06098,4; 4; 5; 82; 14; 9; 27; 3
6,78,0.33321,0.07692,3; 7; 6; 78; 19; 26; 11; 25
6,75,0.22376,0.08,7; 4; 6; 75; 16; 3; 23; 23
8,9,0.7823,0.88889,32; 18; 8; 9; 12; 9; 3; 27
22,26,0.51142,0.84615,10; 25; 22; 26; 21; 23; 3; 14
6,26,0.73156,0.23077,13; 8; 6; 26; 15; 14; 11; 6
32,42,0.67199,0.7619,7; 7; 32; 42; 20; 31; 30; 4
6,10,0.81971,0.6,23; 31; 6; 10; 17; 12; 15; 26
25,26,0.39201,0.96154,10; 3; 25; 26; 19; 20; 18; 16
7,78,0.27321,0.08974,4; 3; 7; 78; 29; 14; 6; 29
29,48,0.60806,0.60417,9; 8; 29; 48; 28; 5; 11; 12
8,32,0.58081,0.25,18; 16; 8; 32; 15; 27; 26; 21
7,75,0.28943,0.09333,6; 5; 7; 75; 30; 14; 23; 16
6,53,0.16459,0.11321,15; 13; 6; 53; 7; 10; 8; 28
11,70,0.27796,0.15714,4; 4; 11; 70; 20; 15; 23; 4
5,70,0.17558,0.07143,6; 11; 5; 70; 28; 16; 32; 19
8,77,0.29464,0.1039,5; 3; 8; 77; 25; 14; 13; 30
24,26,0.50928,0.92308,19; 14; 24; 26; 22; 12; 15; 24
5,82,0.32459,0.06098,3; 4; 5; 82; 10; 19; 11; 26
5,26,0.70878,0.19231,28; 31; 5; 26; 13; 32; 19; 17
35,53,0.67563,0.66038,4; 5; 35; 53; 10; 26; 22; 25
6,82,0.30344,0.07317,3; 4; 6; 82; 16; 13; 24; 26
5,9,0.81948,0.55556,32; 30; 5; 9; 19; 12; 15; 3
15,75,0.35085,0.2,4; 3; 15; 75; 17; 32; 23; 4
16,64,0.30905,0.25,8; 3; 16; 64; 6; 16; 19; 21
12,64,0.27402,0.1875,10; 11; 12; 64; 30; 17; 12; 4
6,32,0.79832,0.1875,8; 7; 6; 32; 16; 29; 13; 9
10,26,0.64428,0.38462,9; 6; 10; 26; 28; 7; 30; 22
24,32,0.53251,0.75,16; 8; 24; 32; 23; 12; 19; 27
6,82,0.30055,0.07317,4; 5; 6; 82; 4; 12; 31; 11
14,75,0.35176,0.18667,3; 4; 14; 75; 26; 14; 16; 28
6,77,0.29453,0.07792,6; 4; 6; 77; 16; 9; 8; 32
9,10,0.81893,0.9,28; 35; 9; 10; 20; 11; 28; 6
11,77,0.34101,0.14286,4; 4; 11; 77; 22; 29; 3; 30
8,26,0.58509,0.30769,31; 32; 8; 26; 13; 32; 16; 21
8,9,0.78967,0.88889,36; 34; 8; 9; 11; 15; 7; 7
24,48,0.50193,0.5,5; 3; 24; 48; 27; 4; 23; 17
6,77,0.3063,0.07792,6; 3; 6; 77; 31; 4; 28; 23
19,31,0.44603,0.6129,7; 13; 19; 31; 28; 10; 8; 30
9,75,0.30372,0.12,3; 5; 9; 75; 18; 11; 25; 9
7,82,0.33603,0.08537,4; 3; 7; 82; 7; 19; 32; 4
15,53,0.29168,0.28302,3; 13; 15; 53; 23; 23; 12; 6
20,63,0.39464,0.31746,6; 6; 20; 63; 26; 13; 31; 26
8,78,0.30127,0.10256,6; 6; 8; 78; 22; 15; 10; 20
12,49,0.24757,0.2449,8; 17; 12; 49; 4; 5; 6; 26
12,42,0.41129,0.28571,21; 8; 12; 42; 7; 14; 23; 9
16,70,0.33562,0.22857,6; 3; 16; 70; 19; 18; 9; 22
7,63,0.14941,0.11111,7; 9; 7; 63; 14; 24; 15; 6
37,48,0.72656,0.77083,4; 4; 37; 48; 25; 11; 11; 32
11,70,0.28805,0.15714,4; 3; 11; 70; 7; 13; 13; 6
6,49,0.14613,0.12245,6; 3; 6; 49; 31; 29; 3; 12
11,78,0.36527,0.14103,4; 4; 11; 78; 7; 3; 22; 28
5,78,0.30243,0.0641,6; 6; 5; 78; 15; 12; 25; 15
6,82,0.34537,0.07317,5; 4; 6; 82; 8; 18; 22; 3
9,70,0.27706,0.12857,7; 7; 9; 70; 15; 6; 17; 24
9,10,0.82417,0.9,9; 25; 9; 10; 28; 11; 11; 27
5,82,0.33416,0.06098,5; 5; 5; 82; 3; 24; 28; 26
7,10,0.81119,0.7,40; 20; 7; 10; 15; 14; 13; 7
35,48,0.70213,0.72917,5; 6; 35; 48; 18; 24; 4; 30
9,78,0.3121,0.11538,3; 4; 9; 78; 16; 6; 27; 22
7,77,0.30896,0.09091,7; 5; 7; 77; 14; 7; 26; 23
8,9,0.79404,0.88889,6; 8; 8; 9; 17; 10; 15; 22
5,26,0.72296,0.19231,8; 30; 5; 26; 28; 25; 7; 8
20,48,0.42502,0.41667,8; 12; 20; 48; 25; 4; 15; 26
17,42,0.43981,0.40476,14; 19; 17; 42; 5; 29; 29; 13
9,42,0.28469,0.21429,7; 4; 9; 42; 17; 26; 26; 12
29,49,0.57567,0.59184,6; 9; 29; 49; 20; 12; 6; 32
12,63,0.25913,0.19048,6; 8; 12; 63; 9; 21; 4; 17
25,63,0.45762,0.39683,4; 3; 25; 63; 23; 29; 6; 4
18,49,0.40031,0.36735,12; 9; 18; 49; 10; 6; 20; 8
41,42,0.73814,0.97619,7; 5; 41; 42; 31; 29; 27; 4
11,70,0.31141,0.15714,4; 6; 11; 70; 28; 25; 6; 16
27,63,0.4974,0.42857,4; 3; 27; 63; 13; 26; 25; 5
26,64,0.48541,0.40625,4; 3; 26; 64; 14; 19; 15; 20
13,49,0.26917,0.26531,4; 17; 13; 49; 13; 11; 25; 3
38,42,0.72776,0.90476,6; 5; 38; 42; 7; 27; 12; 32
6,10,0.83053,0.6,20; 41; 6; 10; 6; 5; 26; 22
5,32,0.69824,0.15625,9; 21; 5; 32; 16; 30; 4; 17
9,75,0.31713,0.12,7; 5; 9; 75; 20; 11; 13; 6
7,70,0.22108,0.1,6; 8; 7; 70; 8; 16; 30; 28
11,75,0.32534,0.14667,5; 4; 11; 75; 26; 23; 8; 21
11,78,0.32168,0.14103,3; 4; 11; 78; 16; 12; 11; 6
16,48,0.30449,0.33333,14; 3; 16; 48; 23; 5; 15; 12
31,49,0.62236,0.63265,6; 4; 31; 49; 20; 17; 21; 11
19,70,0.39086,0.27143,4; 4; 19; 70; 27; 32; 23; 4
8,77,0.33102,0.1039,6; 5; 8; 77; 21; 20; 14; 27
5,77,0.30554,0.06494,8; 5; 5; 77; 29; 5; 21; 28
10,78,0.29266,0.12821,4; 3; 10; 78; 3; 22; 24; 28
26,64,0.49534,0.40625,3; 4; 26; 64; 18; 24; 21; 31
7,77,0.32315,0.09091,3; 3; 7; 77; 7; 30; 28; 12
12,70,0.34298,0.17143,6; 4; 12; 70; 8; 18; 4; 8
10,78,0.33729,0.12821,3; 4; 10; 78; 18; 22; 3; 20
41,49,0.8242,0.83673,4; 4; 41; 49; 18; 32; 21; 21
10,78,0.33193,0.12821,3; 5; 10; 78; 15; 3; 20; 15
6,75,0.25201,0.08,7; 3; 6; 75; 15; 30; 4; 23
18,70,0.38424,0.25714,3; 4; 18; 70; 26; 15; 13; 22
8,9,0.82808,0.88889,29; 40; 8; 9; 14; 17; 12; 24
25,64,0.46804,0.39062,4; 4; 25; 64; 26; 12; 25; 15
16,48,0.35571,0.33333,10; 16; 16; 48; 3; 6; 12; 22
11,70,0.33211,0.15714,7; 5; 11; 70; 25; 24; 7; 14
24,64,0.42065,0.375,3; 5; 24; 64; 28; 6; 7; 22
15,70,0.31764,0.21429,3; 6; 15; 70; 16; 15; 13; 29
19,64,0.35777,0.29688,6; 3; 19; 64; 23; 6; 16; 22
25,31,0.5701,0.80645,9; 12; 25; 31; 24; 30; 30; 12
28,32,0.62477,0.875,19; 18; 28; 32; 13; 27; 15; 24
15,75,0.3867,0.2,4; 4; 15; 75; 30; 6; 23; 8
6,70,0.19179,0.08571,9; 9; 6; 70; 20; 21; 10; 23
10,48,0.2322,0.20833,15; 15; 10; 48; 19; 18; 13; 7
15,75,0.36684,0.2,4; 3; 15; 75; 15; 9; 7; 17
39,42,0.70878,0.92857,8; 5; 39; 42; 8; 4; 18; 5
5,10,0.80784,0.5,4; 8; 5; 10; 3; 6; 32; 20
6,77,0.24173,0.07792,3; 6; 6; 77; 23; 24; 13; 10
5,82,0.30575,0.06098,4; 3; 5; 82; 29; 6; 28; 29
6,63,0.16935,0.09524,3; 12; 6; 63; 11; 10; 16; 16
9,78,0.28405,0.11538,3; 4; 9; 78; 17; 12; 27; 9
15,48,0.32946,0.3125,9; 8; 15; 48; 30; 15; 15; 24
9,78,0.34939,0.11538,3; 5; 9; 78; 31; 8; 3; 22
13,75,0.35497,0.17333,5; 4; 13; 75; 3; 6; 30; 26
7,75,0.25305,0.09333,8; 4; 7; 75; 24; 24; 23; 4
10,75,0.29131,0.13333,3; 4; 10; 75; 31; 14; 6; 14
7,9,0.82461,0.77778,18; 5; 7; 9; 26; 12; 14; 6
5,82,0.29715,0.06098,4; 3; 5; 82; 21; 23; 8; 15
11,77,0.35466,0.14286,4; 3; 11; 77; 7; 5; 26; 32
11,48,0.21152,0.22917,3; 19; 11; 48; 11; 9; 8; 18
5,9,0.81925,0.55556,27; 6; 5; 9; 20; 21; 18; 30
8,82,0.34088,0.09756,3; 3; 8; 82; 7; 22; 21; 24
8,31,0.61242,0.25806,23; 25; 8; 31; 10; 32; 13; 14
22,26,0.64802,0.84615,18; 8; 22; 26; 14; 22; 13; 12
7,10,0.81117,0.7,29; 11; 7; 10; 13; 19; 20; 31
16,26,0.73743,0.61538,7; 19; 16; 26; 24; 14; 14; 14
17,49,0.35152,0.34694,12; 14; 17; 49; 22; 7; 27; 20
9,77,0.33811,0.11688,6; 5; 9; 77; 32; 24; 9; 8
7,82,0.27382,0.08537,3; 4; 7; 82; 5; 17; 15; 23
16,70,0.33228,0.22857,5; 4; 16; 70; 21; 9; 22; 26
6,82,0.33827,0.07317,4; 5; 6; 82; 18; 18; 5; 27
33,53,0.61169,0.62264,6; 6; 33; 53; 11; 7; 23; 9
19,32,0.60192,0.59375,4; 18; 19; 32; 19; 6; 13; 8
30,49,0.59251,0.61224,4; 8; 30; 49; 14; 16; 8; 9
15,48,0.32143,0.3125,16; 14; 15; 48; 19; 14; 4; 30
28,42,0.61621,0.66667,4; 7; 28; 42; 19; 25; 16; 28
7,78,0.33057,0.08974,3; 6; 7; 78; 11; 24; 22; 26
8,78,0.27355,0.10256,3; 3; 8; 78; 5; 11; 31; 13
28,32,0.53771,0.875,7; 5; 28; 32; 28; 19; 16; 14
9,78,0.32423,0.11538,4; 5; 9; 78; 19; 6; 21; 29
9,64,0.22582,0.14062,6; 3; 9; 64; 32; 27; 4; 32
31,32,0.55347,0.96875,7; 14; 31; 32; 13; 28; 5; 3
29,53,0.52387,0.54717,3; 5; 29; 53; 9; 30; 16; 6
7,78,0.33905,0.08974,6; 4; 7; 78; 28; 27; 11; 26
5,10,0.82105,0.5,27; 14; 5; 10; 32; 21; 12; 21
7,78,0.26572,0.08974,3; 6; 7; 78; 20; 4; 29; 12
7,48,0.1675,0.14583,18; 21; 7; 48; 8; 20; 31; 11
14,53,0.26721,0.26415,13; 5; 14; 53; 6; 24; 9; 11
6,63,0.18302,0.09524,3; 5; 6; 63; 4; 4; 14; 10
5,64,0.16158,0.07812,5; 14; 5; 64; 13; 10; 22; 21
8,10,0.81491,0.8,24; 29; 8; 10; 14; 9; 17; 7
9,10,0.81245,0.9,39; 31; 9; 10; 32; 21; 12; 28
18,48,0.36419,0.375,8; 3; 18; 48; 25; 8; 5; 8
17,49,0.36046,0.34694,15; 6; 17; 49; 9; 22; 27; 30
16,53,0.30974,0.30189,13; 7; 16; 53; 4; 26; 6; 5
12,31,0.45766,0.3871,5; 23; 12; 31; 17; 6; 29; 22
6,63,0.18815,0.09524,12; 12; 6; 63; 19; 5; 24; 16
7,10,0.82364,0.7,21; 30; 7; 10; 32; 28; 26; 4
27,49,0.52914,0.55102,4; 3; 27; 49; 13; 18; 32; 25
11,78,0.34832,0.14103,3; 3; 11; 78; 23; 30; 24; 8
25,64,0.47308,0.39062,4; 4; 25; 64; 28; 24; 20; 18
11,78,0.34654,0.14103,4; 3; 11; 78; 18; 11; 15; 27
16,64,0.32593,0.25,7; 4; 16; 64; 27; 31; 13; 9
18,64,0.39212,0.28125,8; 4; 18; 64; 23; 5; 14; 7
9,77,0.26906,0.11688,3; 4; 9; 77; 4; 23; 14; 11
11,75,0.30828,0.14667,5; 5; 11; 75; 26; 22; 4; 27
7,78,0.28061,0.08974,3; 3; 7; 78; 15; 10; 32; 9
6,77,0.23994,0.07792,6; 5; 6; 77; 19; 13; 12; 6
5,77,0.26182,0.06494,5; 4; 5; 77; 28; 3; 32; 15
22,48,0.44391,0.45833,3; 12; 22; 48; 31; 4; 3; 12
9,10,0.81894,0.9,5; 38; 9; 10; 21; 19; 11; 6
5,78,0.3086,0.0641,7; 6; 5; 78; 15; 25; 10; 14
5,10,0.81155,0.5,27; 26; 5; 10; 28; 8; 30; 12
24,64,0.43264,0.375,4; 3; 24; 64; 24; 21; 11; 9
8,10,0.802,0.8,31; 9; 8; 10; 8; 16; 27; 17
8,64,0.18314,0.125,7; 9; 8; 64; 6; 24; 31; 28
5,75,0.27263,0.06667,6; 5; 5; 75; 25; 19; 29; 13
30,32,0.56608,0.9375,8; 13; 30; 32; 3; 19; 15; 30
5,78,0.2653,0.0641,5; 3; 5; 78; 7; 13; 5; 22
13,26,0.76084,0.5,28; 9; 13; 26; 27; 15; 24; 10
6,10,0.82129,0.6,38; 29; 6; 10; 15; 6; 15; 29
15,26,0.51045,0.57692,20; 8; 15; 26; 29; 25; 14; 14
12,31,0.68611,0.3871,24; 6; 12; 31; 30; 21; 11; 15
5,31,0.5629,0.16129,11; 8; 5; 31; 22; 30; 16; 19
10,64,0.20804,0.15625,7; 7; 10; 64; 19; 6; 12; 9
7,9,0.78775,0.77778,34; 4; 7; 9; 7; 17; 17; 8
8,78,0.29129,0.10256,5; 5; 8; 78; 21; 20; 4; 14
8,48,0.14303,0.16667,13; 7; 8; 48; 4; 28; 5; 8
31,32,0.66043,0.96875,6; 3; 31; 32; 30; 19; 22; 10
9,75,0.28335,0.12,4; 7; 9; 75; 28; 29; 15; 16
20,70,0.40001,0.28571,3; 3; 20; 70; 6; 14; 20; 4
18,32,0.50776,0.5625,20; 6; 18; 32; 15; 21; 20; 25
13,75,0.34571,0.17333,3; 5; 13; 75; 23; 29; 6; 7
7,82,0.32662,0.08537,3; 4; 7; 82; 11; 12; 30; 8
8,9,0.82864,0.88889,33; 20; 8; 9; 16; 3; 7; 21
6,10,0.81165,0.6,19; 37; 6; 10; 26; 16; 3; 5
7,82,0.33596,0.08537,3; 3; 7; 82; 13; 20; 9; 8
9,10,0.80143,0.9,15; 23; 9; 10; 5; 11; 23; 11
12,48,0.28891,0.25,14; 15; 12; 48; 17; 30; 18; 28
5,10,0.79774,0.5,35; 5; 5; 10; 16; 5; 23; 11
8,48,0.1787,0.16667,17; 18; 8; 48; 25; 15; 32; 6
8,9,0.8073,0.88889,19; 39; 8; 9; 3; 10; 16; 9
8,78,0.27603,0.10256,5; 5; 8; 78; 16; 10; 11; 22
7,10,0.79244,0.7,4; 34; 7; 10; 15; 25; 25; 28
18,49,0.39444,0.36735,9; 5; 18; 49; 22; 27; 5; 19
16,70,0.33555,0.22857,5; 3; 16; 70; 15; 12; 22; 24
20,32,0.55878,0.625,4; 16; 20; 32; 15; 28; 9; 30
9,78,0.33953,0.11538,4; 3; 9; 78; 10; 29; 15; 11
6,9,0.81343,0.66667,15; 4; 6; 9; 10; 5; 13; 24
7,32,0.63142,0.21875,18; 29; 7; 32; 24; 20; 22; 30
21,53,0.39149,0.39623,7; 6; 21; 53; 9; 6; 13; 12
12,64,0.25864,0.1875,7; 8; 12; 64; 5; 13; 25; 24
16,63,0.33567,0.25397,9; 8; 16; 63; 3; 5; 24; 26
12,42,0.40328,0.28571,5; 20; 12; 42; 6; 15; 17; 26
8,75,0.21152,0.10667,4; 6; 8; 75; 28; 24; 14; 22
6,82,0.31022,0.07317,5; 5; 6; 82; 4; 18; 7; 21
5,10,0.83471,0.5,13; 15; 5; 10; 23; 21; 22; 31
30,53,0.53216,0.56604,7; 3; 30; 53; 15; 15; 29; 25
26,48,0.52753,0.54167,8; 11; 26; 48; 18; 11; 7; 21
8,78,0.36224,0.10256,6; 3; 8; 78; 29; 4; 19; 27
6,10,0.80857,0.6,35; 19; 6; 10; 24; 30; 5; 14
5,31,0.58486,0.16129,30; 6; 5; 31; 12; 29; 18; 7
28,48,0.55729,0.58333,11; 3; 28; 48; 23; 22; 26; 25
5,10,0.83504,0.5,3; 17; 5; 10; 22; 28; 13; 28
31,32,0.62344,0.96875,5; 10; 31; 32; 12; 29; 7; 15
30,32,0.52369,0.9375,13; 9; 30; 32; 12; 31; 25; 17
5,78,0.25723,0.0641,4; 7; 5; 78; 28; 29; 3; 16
23,63,0.44164,0.36508,5; 4; 23; 63; 18; 25; 20; 5
17,53,0.34702,0.32075,10; 6; 17; 53; 15; 8; 11; 11
21,63,0.3744,0.33333,5; 5; 21; 63; 25; 14; 25; 22
22,63,0.42097,0.34921,3; 4; 22; 63; 7; 15; 10; 27
25,63,0.45663,0.39683,3; 5; 25; 63; 13; 10; 26; 20
41,42,0.77078,0.97619,3; 3; 41; 42; 10; 21; 9; 15
9,70,0.23411,0.12857,6; 6; 9; 70; 16; 18; 24; 10
11,42,0.31073,0.2619,7; 8; 11; 42; 9; 11; 28; 23
19,64,0.35789,0.29688,5; 5; 19; 64; 27; 21; 21; 12
39,49,0.75003,0.79592,4; 3; 39; 49; 18; 10; 15; 14
8,10,0.82312,0.8,39; 7; 8; 10; 19; 26; 31; 12
7,9,0.81514,0.77778,12; 13; 7; 9; 16; 20; 13; 17
7,9,0.80126,0.77778,22; 33; 7; 9; 23; 8; 21; 9
10,53,0.19964,0.18868,11; 11; 10; 53; 25; 25; 5; 30
5,9,0.79566,0.55556,20; 7; 5; 9; 28; 17; 27; 16
5,9,0.83964,0.55556,28; 22; 5; 9; 11; 8; 13; 31
7,63,0.18391,0.11111,14; 3; 7; 63; 6; 28; 26; 13
19,70,0.40332,0.27143,3; 4; 19; 70; 27; 3; 17; 26
9,26,0.68093,0.34615,14; 30; 9; 26; 21; 7; 23; 16
21,64,0.4013,0.32812,5; 6; 21; 64; 8; 23; 26; 22
30,48,0.61028,0.625,8; 7; 30; 48; 18; 11; 10; 32
8,82,0.38312,0.09756,3; 4; 8; 82; 5; 17; 11; 21
19,70,0.38569,0.27143,3; 3; 19; 70; 7; 29; 21; 15
22,63,0.40199,0.34921,6; 3; 22; 63; 31; 11; 9; 26
14,75,0.38808,0.18667,3; 4; 14; 75; 18; 27; 6; 9
8,42,0.25791,0.19048,8; 7; 8; 42; 25; 28; 23; 9
12,78,0.36402,0.15385,4; 3; 12; 78; 23; 13; 5; 32
27,53,0.51936,0.50943,9; 8; 27; 53; 24; 7; 9; 4
16,64,0.31153,0.25,4; 9; 16; 64; 5; 21; 16; 32
29,53,0.53543,0.54717,7; 4; 29; 53; 28; 10; 16; 18
5,82,0.29043,0.06098,5; 5; 5; 82; 32; 4; 8; 6
26,31,0.42943,0.83871,20; 3; 26; 31; 5; 30; 8; 28
6,32,0.69425,0.1875,21; 3; 6; 32; 29; 31; 23; 7
36,48,0.69304,0.75,3; 3; 36; 48; 22; 7; 23; 8
30,48,0.5899,0.625,6; 5; 30; 48; 19; 5; 18; 8
20,42,0.43529,0.47619,11; 5; 20; 42; 17; 28; 7; 15
19,48,0.37989,0.39583,9; 7; 19; 48; 21; 12; 27; 6
12,70,0.28519,0.17143,3; 5; 12; 70; 3; 24; 27; 10
30,32,0.61495,0.9375,5; 5; 30; 32; 21; 24; 28; 17
7,82,0.28616,0.08537,4; 3; 7; 82; 10; 8; 22; 30
39,48,0.77106,0.8125,4; 4; 39; 48; 15; 17; 27; 18
7,31,0.77348,0.22581,3; 20; 7; 31; 32; 30; 4; 12
33,49,0.66359,0.67347,4; 3; 33; 49; 6; 22; 3; 21
26,49,0.52801,0.53061,3; 10; 26; 49; 25; 20; 16; 27
27,49,0.53462,0.55102,4; 3; 27; 49; 4; 26; 15; 22
12,32,0.55404,0.375,9; 3; 12; 32; 13; 8; 20; 5
5,9,0.81629,0.55556,18; 23; 5; 9; 22; 10; 10; 29
6,82,0.35575,0.07317,5; 5; 6; 82; 15; 9; 32; 13
8,10,0.79381,0.8,13; 33; 8; 10; 8; 3; 14; 28
9,77,0.32227,0.11688,6; 6; 9; 77; 3; 25; 32; 13
11,77,0.32078,0.14286,4; 3; 11; 77; 19; 23; 10; 27
25,26,0.57883,0.96154,23; 4; 25; 26; 12; 32; 22; 6
16,26,0.5418,0.61538,22; 12; 16; 26; 28; 20; 31; 8
14,64,0.29694,0.21875,7; 7; 14; 64; 9; 29; 30; 17
25,63,0.44333,0.39683,4; 4; 25; 63; 18; 26; 18; 23
19,53,0.35045,0.35849,13; 9; 19; 53; 3; 21; 6; 13
37,42,0.69679,0.88095,9; 4; 37; 42; 28; 9; 27; 22
7,77,0.29772,0.09091,6; 7; 7; 77; 7; 12; 25; 6
6,53,0.13427,0.11321,16; 16; 6; 53; 9; 4; 25; 12
26,63,0.46001,0.4127,4; 4; 26; 63; 11; 27; 18; 3
22,31,0.69263,0.70968,15; 3; 22; 31; 30; 13; 9; 15
10,77,0.34712,0.12987,5; 4; 10; 77; 21; 23; 11; 27
15,64,0.30791,0.23438,7; 4; 15; 64; 13; 14; 10; 22
17,70,0.39795,0.24286,3; 4; 17; 70; 16; 19; 10; 26
7,26,0.66884,0.26923,9; 7; 7; 26; 11; 19; 26; 20
17,31,0.59962,0.54839,6; 15; 17; 31; 15; 16; 27; 24
25,42,0.51672,0.59524,3; 7; 25; 42; 27; 6; 28; 6
22,53,0.43673,0.41509,6; 3; 22; 53; 25; 21; 14; 17
7,9,0.78379,0.77778,20; 33; 7; 9; 18; 27; 30; 9
5,78,0.29991,0.0641,7; 7; 5; 78; 9; 12; 4; 32
9,10,0.78896,0.9,33; 26; 9; 10; 28; 18; 24; 17
7,32,0.6106,0.21875,27; 29; 7; 32; 31; 5; 16; 9
33,53,0.61714,0.62264,6; 6; 33; 53; 4; 4; 8; 17
25,42,0.54198,0.59524,11; 5; 25; 42; 5; 7; 26; 12
5,9,0.82188,0.55556,39; 23; 5; 9; 5; 26; 6; 12
6,9,0.83554,0.66667,30; 15; 6; 9; 5; 10; 24; 28
12,32,0.76204,0.375,7; 20; 12; 32; 30; 29; 18; 7
17,42,0.42968,0.40476,11; 11; 17; 42; 11; 19; 22; 19
5,26,0.74588,0.19231,27; 33; 5; 26; 18; 17; 23; 12
5,82,0.28791,0.06098,3; 5; 5; 82; 8; 14; 4; 10
30,31,0.63922,0.96774,9; 12; 30; 31; 4; 7; 3; 6
13,75,0.33611,0.17333,5; 3; 13; 75; 27; 6; 23; 25
30,49,0.61837,0.61224,5; 8; 30; 49; 4; 13; 7; 6
7,53,0.16447,0.13208,8; 9; 7; 53; 27; 7; 31; 26
27,32,0.55248,0.84375,11; 4; 27; 32; 10; 21; 10; 11
25,32,0.55688,0.78125,5; 12; 25; 32; 14; 7; 27; 4
11,78,0.3661,0.14103,4; 4; 11; 78; 18; 4; 3; 31
7,64,0.17719,0.10938,4; 13; 7; 64; 3; 23; 3; 21
6,9,0.82201,0.66667,12; 39; 6; 9; 19; 32; 19; 5
8,75,0.29739,0.10667,6; 7; 8; 75; 8; 25; 11; 17
5,78,0.2573,0.0641,3; 5; 5; 78; 20; 9; 3; 23
39,42,0.68675,0.92857,8; 4; 39; 42; 32; 5; 23; 27
29,31,0.57448,0.93548,3; 17; 29; 31; 26; 11; 9; 5
12,32,0.41851,0.375,9; 22; 12; 32; 14; 8; 14; 20
8,10,0.80195,0.8,26; 17; 8; 10; 13; 16; 15; 10
7,10,0.81897,0.7,27; 33; 7; 10; 21; 12; 8; 10
31,53,0.59954,0.58491,6; 4; 31; 53; 32; 11; 28; 10
25,49,0.479,0.5102,3; 11; 25; 49; 23; 7; 22; 7
19,64,0.36895,0.29688,6; 3; 19; 64; 4; 16; 24; 23
23,63,0.41157,0.36508,5; 3; 23; 63; 3; 11; 8; 10
6,77,0.2886,0.07792,6; 3; 6; 77; 22; 19; 19; 24
9,78,0.27174,0.11538,5; 5; 9; 78; 8; 22; 22; 23
13,77,0.37091,0.16883,4; 3; 13; 77; 24; 5; 5; 29
25,31,0.4527,0.80645,11; 7; 25; 31; 22; 25; 12; 24
13,77,0.38216,0.16883,3; 4; 13; 77; 16; 16; 12; 13
30,48,0.60157,0.625,3; 6; 30; 48; 3; 3; 16; 15
6,26,0.81626,0.23077,18; 16; 6; 26; 5; 17; 7; 13
6,82,0.38023,0.07317,5; 5; 6; 82; 21; 8; 18; 22
8,26,0.80424,0.30769,30; 24; 8; 26; 10; 6; 8; 23
8,48,0.16129,0.16667,21; 8; 8; 48; 11; 31; 30; 17
23,42,0.53433,0.54762,6; 12; 23; 42; 18; 17; 13; 3
8,9,0.83658,0.88889,39; 12; 8; 9; 29; 14; 6; 31
10,77,0.32889,0.12987,5; 4; 10; 77; 8; 22; 30; 8
25,63,0.46362,0.39683,5; 4; 25; 63; 5; 15; 26; 26
24,63,0.4434,0.38095,4; 4; 24; 63; 6; 30; 31; 27
22,26,0.60977,0.84615,11; 15; 22; 26; 12; 3; 9; 11
21,63,0.39579,0.33333,7; 3; 21; 63; 3; 5; 28; 14
5,70,0.19572,0.07143,5; 9; 5; 70; 29; 6; 12; 29
14,53,0.2918,0.26415,3; 5; 14; 53; 5; 15; 20; 26
6,32,0.51878,0.1875,10; 19; 6; 32; 16; 14; 21; 11
8,10,0.80592,0.8,10; 12; 8; 10; 3; 27; 10; 28
7,82,0.31507,0.08537,3; 4; 7; 82; 24; 26; 4; 9
15,64,0.32662,0.23438,5; 3; 15; 64; 11; 30; 23; 11
19,53,0.34602,0.35849,12; 8; 19; 53; 7; 32; 23; 28
10,77,0.31185,0.12987,4; 3; 10; 77; 29; 9; 29; 3
11,63,0.25103,0.1746,4; 12; 11; 63; 4; 22; 16; 12
7,9,0.8265,0.77778,21; 18; 7; 9; 9; 19; 23; 32
5,10,0.78983,0.5,12; 36; 5; 10; 12; 27; 31; 3
20,70,0.41862,0.28571,3; 3; 20; 70; 9; 14; 21; 7
20,42,0.4391,0.47619,11; 9; 20; 42; 15; 18; 28; 23
12,70,0.31386,0.17143,7; 8; 12; 70; 13; 18; 9; 29
25,26,0.5105,0.96154,18; 3; 25; 26; 31; 31; 12; 11
17,49,0.34374,0.34694,7; 8; 17; 49; 24; 14; 25; 31
9,10,0.79779,0.9,3; 5; 9; 10; 20; 23; 25; 8
6,26,0.75427,0.23077,9; 14; 6; 26; 4; 18; 13; 26
10,53,0.21396,0.18868,3; 11; 10; 53; 20; 30; 17; 25
18,70,0.37741,0.25714,4; 3; 18; 70; 25; 11; 21; 6
9,75,0.25363,0.12,4; 6; 9; 75; 4; 18; 4; 18
5,77,0.31124,0.06494,7; 4; 5; 77; 13; 29; 21; 7
7,70,0.23437,0.1,4; 3; 7; 70; 3; 16; 18; 13
5,75,0.21439,0.06667,8; 8; 5; 75; 29; 26; 10; 20
7,77,0.23082,0.09091,4; 7; 7; 77; 20; 19; 28; 6
6,77,0.29533,0.07792,5; 5; 6; 77; 5; 16; 6; 31
8,9,0.83318,0.88889,6; 39; 8; 9; 27; 14; 4; 20
19,32,0.47241,0.59375,14; 16; 19; 32; 29; 11; 10; 21
6,70,0.20456,0.08571,7; 9; 6; 70; 6; 19; 25; 20
5,82,0.3587,0.06098,5; 4; 5; 82; 17; 20; 16; 22
6,9,0.81874,0.66667,41; 17; 6; 9; 12; 24; 30; 23
24,31,0.60006,0.77419,7; 16; 24; 31; 30; 6; 22; 29
35,49,0.68472,0.71429,7; 4; 35; 49; 12; 25; 13; 6
12,78,0.36289,0.15385,3; 3; 12; 78; 17; 8; 31; 13
5,31,0.78131,0.16129,22; 20; 5; 31; 5; 3; 31; 20
24,63,0.45975,0.38095,4; 4; 24; 63; 10; 5; 12; 29
19,63,0.38786,0.30159,6; 6; 19; 63; 7; 18; 23; 18
11,26,0.69115,0.42308,6; 27; 11; 26; 4; 12; 15; 12
6,82,0.3135,0.07317,5; 5; 6; 82; 14; 26; 23; 9
22,42,0.48386,0.52381,6; 7; 22; 42; 27; 13; 4; 7
13,70,0.30136,0.18571,5; 3; 13; 70; 3; 32; 28; 8
7,9,0.82258,0.77778,15; 31; 7; 9; 22; 27; 19; 7
11,31,0.73892,0.35484,15; 10; 11; 31; 3; 15; 17; 13
8,31,0.58249,0.25806,7; 13; 8; 31; 9; 3; 13; 12
24,42,0.5535,0.57143,12; 5; 24; 42; 20; 24; 5; 20
10,63,0.23911,0.15873,7; 9; 10; 63; 31; 20; 7; 7
18,42,0.42616,0.42857,13; 18; 18; 42; 20; 22; 7; 3
42,48,0.80343,0.875,4; 3; 42; 48; 26; 26; 7; 27
22,42,0.40676,0.52381,3; 12; 22; 42; 11; 30; 14; 19
12,75,0.34775,0.16,3; 4; 12; 75; 18; 10; 21; 23
18,64,0.38554,0.28125,5; 5; 18; 64; 5; 29; 8; 14
31,49,0.62726,0.63265,6; 3; 31; 49; 30; 9; 26; 23
7,26,0.68762,0.26923,9; 9; 7; 26; 13; 3; 17; 19
11,48,0.23395,0.22917,18; 16; 11; 48; 21; 19; 16; 28
16,70,0.37395,0.22857,5; 6; 16; 70; 17; 19; 28; 10
7,10,0.81911,0.7,10; 11; 7; 10; 8; 16; 17; 6
8,9,0.81753,0.88889,21; 31; 8; 9; 18; 32; 30; 17
7,75,0.25239,0.09333,8; 3; 7; 75; 26; 5; 24; 5
8,9,0.84236,0.88889,10; 40; 8; 9; 22; 15; 25; 3
22,26,0.58737,0.84615,19; 21; 22; 26; 8; 23; 21; 5
33,42,0.626,0.78571,8; 9; 33; 42; 3; 30; 4; 6
33,49,0.64471,0.67347,4; 3; 33; 49; 12; 9; 29; 12
8,78,0.36203,0.10256,6; 5; 8; 78; 22; 4; 26; 12
23,63,0.42772,0.36508,4; 3; 23; 63; 31; 11; 31; 13
8,82,0.33111,0.09756,4; 4; 8; 82; 7; 16; 9; 5
16,63,0.33377,0.25397,9; 8; 16; 63; 31; 4; 12; 32
36,48,0.71395,0.75,5; 5; 36; 48; 18; 10; 27; 26
23,26,0.6522,0.88462,12; 24; 23; 26; 10; 25; 6; 23
8,26,0.6062,0.30769,11; 16; 8; 26; 7; 14; 12; 21
20,42,0.42589,0.47619,13; 8; 20; 42; 21; 5; 15; 21
10,70,0.25566,0.14286,9; 5; 10; 70; 13; 26; 3; 29
11,32,0.69666,0.34375,22; 17; 11; 32; 6; 19; 6; 11
6,26,0.80605,0.23077,9; 16; 6; 26; 17; 3; 15; 12
8,75,0.27673,0.10667,3; 6; 8; 75; 30; 10; 12; 8
17,31,0.67442,0.54839,9; 10; 17; 31; 12; 23; 16; 11
18,70,0.37518,0.25714,4; 4; 18; 70; 30; 26; 13; 17
5,82,0.33149,0.06098,3; 3; 5; 82; 30; 14; 7; 17
9,10,0.82933,0.9,6; 28; 9; 10; 29; 27; 12; 22
6,10,0.79863,0.6,24; 6; 6; 10; 14; 5; 27; 11
37,49,0.71845,0.7551,4; 5; 37; 49; 26; 10; 3; 3
12,31,0.47943,0.3871,9; 27; 12; 31; 9; 26; 22; 23
16,64,0.32918,0.25,3; 3; 16; 64; 27; 28; 11; 4
6,9,0.83779,0.66667,10; 33; 6; 9; 15; 25; 11; 18
5,9,0.80941,0.55556,17; 36; 5; 9; 6; 20; 13; 27
5,10,0.83625,0.5,25; 3; 5; 10; 5; 4; 10; 22
33,53,0.61513,0.62264,5; 4; 33; 53; 18; 20; 14; 29
15,53,0.29495,0.28302,14; 8; 15; 53; 17; 9; 19; 22
12,75,0.34219,0.16,5; 4; 12; 75; 20; 29; 6; 15
11,78,0.37214,0.14103,4; 3; 11; 78; 9; 5; 12; 27
13,31,0.46023,0.41935,24; 18; 13; 31; 5; 14; 29; 23
8,77,0.2666,0.1039,4; 6; 8; 77; 21; 16; 30; 9
6,49,0.12574,0.12245,17; 9; 6; 49; 18; 32; 18; 10
24,53,0.43495,0.45283,10; 3; 24; 53; 31; 18; 7; 19
21,53,0.38905,0.39623,8; 7; 21; 53; 9; 8; 8; 20
5,77,0.28934,0.06494,7; 4; 5; 77; 3; 23; 14; 20
23,64,0.45521,0.35938,5; 3; 23; 64; 3; 22; 30; 31
20,63,0.38845,0.31746,5; 5; 20; 63; 17; 22; 20; 3
6,70,0.23459,0.08571,6; 9; 6; 70; 20; 19; 21; 18
5,9,0.83416,0.55556,34; 12; 5; 9; 22; 20; 23; 19
6,82,0.30955,0.07317,3; 3; 6; 82; 19; 24; 8; 27
16,53,0.33484,0.30189,10; 6; 16; 53; 18; 19; 8; 10
11,75,0.3383,0.14667,5; 4; 11; 75; 31; 8; 11; 21
8,82,0.34455,0.09756,3; 4; 8; 82; 24; 15; 23; 30
7,31,0.7013,0.22581,22; 19; 7; 31; 18; 15; 26; 6
12,77,0.3648,0.15584,3; 3; 12; 77; 24; 18; 4; 21
33,49,0.66499,0.67347,8; 7; 33; 49; 17; 28; 25; 8
23,63,0.43986,0.36508,6; 5; 23; 63; 6; 19; 25; 32
10,70,0.24601,0.14286,3; 6; 10; 70; 10; 16; 28; 31
29,53,0.55187,0.54717,6; 7; 29; 53; 16; 17; 31; 10
19,49,0.38804,0.38776,14; 7; 19; 49; 18; 3; 10; 15
27,32,0.53547,0.84375,4; 11; 27; 32; 12; 11; 9; 17
12,64,0.23915,0.1875,10; 11; 12; 64; 16; 29; 23; 4
17,64,0.33949,0.26562,7; 5; 17; 64; 26; 13; 25; 10
14,31,0.66244,0.45161,22; 17; 14; 31; 10; 25; 14; 32
5,26,0.72345,0.19231,12; 9; 5; 26; 24; 31; 29; 10
7,82,0.29323,0.08537,4; 4; 7; 82; 10; 30; 15; 26
25,42,0.5218,0.59524,7; 14; 25; 42; 11; 18; 22; 8
6,32,0.69607,0.1875,28; 10; 6; 32; 5; 3; 21; 3
8,82,0.3183,0.09756,4; 4; 8; 82; 21; 27; 28; 21
10,70,0.22078,0.14286,6; 6; 10; 70; 14; 5; 12; 24
8,70,0.25612,0.11429,4; 9; 8; 70; 24; 10; 16; 6
8,10,0.82811,0.8,5; 7; 8; 10; 10; 19; 15; 4
6,9,0.81995,0.66667,23; 10; 6; 9; 27; 5; 3; 21
22,63,0.40533,0.34921,5; 5; 22; 63; 27; 6; 29; 30
14,70,0.34073,0.2,5; 5; 14; 70; 29; 15; 9; 4
7,75,0.25921,0.09333,8; 5; 7; 75; 16; 12; 30; 17
26,49,0.54411,0.53061,10; 5; 26; 49; 8; 32; 17; 6
11,78,0.36754,0.14103,3; 3; 11; 78; 10; 8; 24; 22
20,31,0.54991,0.64516,22; 7; 20; 31; 14; 12; 6; 10
7,26,0.75684,0.26923,30; 4; 7; 26; 32; 9; 16; 18
7,10,0.83203,0.7,4; 5; 7; 10; 28; 8; 11; 22
17,32,0.50847,0.53125,4; 9; 17; 32; 29; 3; 20; 19
41,49,0.79057,0.83673,4; 4; 41; 49; 22; 32; 11; 16
13,75,0.34376,0.17333,5; 3; 13; 75; 6; 11; 32; 16
6,82,0.29838,0.07317,4; 4; 6; 82; 4; 26; 9; 3
14,63,0.28012,0.22222,9; 3; 14; 63; 27; 6; 20; 6
7,10,0.81049,0.7,39; 10; 7; 10; 16; 13; 21; 31
8,82,0.39554,0.09756,4; 4; 8; 82; 9; 7; 5; 3
20,26,0.59599,0.76923,16; 9; 20; 26; 10; 7; 30; 27
17,31,0.60603,0.54839,10; 19; 17; 31; 6; 13; 26; 10
10,75,0.31488,0.13333,3; 3; 10; 75; 31; 30; 15; 16
12,64,0.27455,0.1875,3; 5; 12; 64; 4; 9; 25; 26
36,42,0.69304,0.85714,8; 6; 36; 42; 13; 28; 8; 20
11,78,0.35218,0.14103,4; 3; 11; 78; 17; 18; 30; 8
15,75,0.35457,0.2,3; 4; 15; 75; 23; 7; 13; 14
8,75,0.28319,0.10667,6; 6; 8; 75; 18; 12; 9; 22
14,75,0.36938,0.18667,3; 3; 14; 75; 22; 4; 31; 9
10,77,0.29593,0.12987,3; 5; 10; 77; 32; 24; 4; 16
10,75,0.28554,0.13333,4; 5; 10; 75; 3; 21; 9; 22
35,49,0.67628,0.71429,3; 7; 35; 49; 30; 26; 17; 17
5,82,0.37591,0.06098,3; 3; 5; 82; 9; 28; 26; 29
22,64,0.4437,0.34375,4; 3; 22; 64; 28; 31; 18; 14
26,31,0.60124,0.83871,16; 20; 26; 31; 11; 18; 26; 29
38,48,0.73841,0.79167,6; 6; 38; 48; 21; 3; 12; 29
5,42,0.28091,0.11905,25; 17; 5; 42; 26; 16; 16; 18
12,78,0.36045,0.15385,4; 3; 12; 78; 15; 19; 10; 26
11,26,0.75984,0.42308,24; 4; 11; 26; 9; 28; 26; 6
33,48,0.65217,0.6875,3; 4; 33; 48; 8; 29; 16; 26
23,48,0.48263,0.47917,9; 11; 23; 48; 27; 16; 5; 9
10,78,0.30111,0.12821,5; 4; 10; 78; 19; 25; 25; 23
15,70,0.37706,0.21429,6; 4; 15; 70; 20; 7; 32; 9
24,26,0.49408,0.92308,13; 3; 24; 26; 19; 7; 14; 28
26,42,0.53465,0.61905,5; 6; 26; 42; 15; 7; 6; 21
21,31,0.45372,0.67742,13; 21; 21; 31; 12; 23; 15; 28
19,31,0.51683,0.6129,24; 12; 19; 31; 5; 22; 11; 29
21,64,0.4026,0.32812,6; 3; 21; 64; 8; 31; 10; 18
7,26,0.70789,0.26923,28; 29; 7; 26; 28; 6; 21; 5
12,75,0.34188,0.16,5; 3; 12; 75; 8; 24; 11; 26
41,49,0.79388,0.83673,3; 3; 41; 49; 8; 8; 15; 26
9,10,0.7822,0.9,31; 33; 9; 10; 9; 24; 27; 20
41,49,0.80028,0.83673,3; 3; 41; 49; 25; 8; 27; 4
10,31,0.46524,0.32258,22; 11; 10; 31; 18; 22; 5; 27
32,49,0.61683,0.65306,4; 8; 32; 49; 24; 8; 15; 10
10,78,0.34249,0.12821,3; 4; 10; 78; 18; 27; 4; 6
17,32,0.44923,0.53125,22; 16; 17; 32; 32; 25; 7; 27
9,78,0.271,0.11538,4; 5; 9; 78; 7; 17; 11; 4
11,75,0.30295,0.14667,4; 4; 11; 75; 19; 17; 17; 4
17,64,0.36621,0.26562,7; 7; 17; 64; 3; 10; 3; 17
25,53,0.45202,0.4717,8; 3; 25; 53; 27; 7; 13; 28
11,78,0.35511,0.14103,3; 4; 11; 78; 21; 17; 28; 10
5,78,0.2835,0.0641,5; 4; 5; 78; 23; 32; 6; 28
21,42,0.51597,0.5,14; 16; 21; 42; 14; 13; 13; 30
11,77,0.38806,0.14286,4; 3; 11; 77; 8; 8; 16; 3
9,10,0.78883,0.9,13; 22; 9; 10; 21; 31; 13; 15
5,9,0.81736,0.55556,8; 6; 5; 9; 4; 16; 20; 20
6,53,0.16341,0.11321,10; 18; 6; 53; 15; 27; 4; 19
19,64,0.40087,0.29688,7; 6; 19; 64; 24; 5; 7; 5
6,82,0.33525,0.07317,5; 5; 6; 82; 4; 19; 32; 24
12,70,0.31341,0.17143,8; 3; 12; 70; 20; 17; 8; 24
37,49,0.75461,0.7551,3; 3; 37; 49; 21; 24; 15; 3
15,26,0.56969,0.57692,27; 21; 15; 26; 23; 13; 21; 19
5,82,0.36094,0.06098,5; 5; 5; 82; 3; 29; 4; 8
12,31,0.48722,0.3871,19; 12; 12; 31; 29; 16; 16; 31
6,78,0.26334,0.07692,6; 6; 6; 78; 10; 12; 28; 18
19,31,0.75966,0.6129,22; 10; 19; 31; 21; 23; 21; 29
38,48,0.77264,0.79167,3; 3; 38; 48; 26; 8; 26; 12
11,75,0.31488,0.14667,6; 5; 11; 75; 13; 10; 8; 30
36,53,0.67756,0.67925,3; 4; 36; 53; 22; 21; 28; 26
7,10,0.82721,0.7,24; 14; 7; 10; 5; 7; 27; 3
5,9,0.83058,0.55556,17; 4; 5; 9; 6; 28; 4; 31
15,75,0.38374,0.2,4; 4; 15; 75; 12; 26; 4; 24
24,49,0.47229,0.4898,5; 8; 24; 49; 3; 28; 15; 15
9,75,0.24887,0.12,4; 7; 9; 75; 6; 30; 20; 11
6,10,0.82424,0.6,18; 29; 6; 10; 10; 20; 24; 20
8,10,0.81891,0.8,32; 5; 8; 10; 15; 21; 7; 26
7,10,0.81951,0.7,4; 30; 7; 10; 30; 12; 11; 27
25,63,0.46051,0.39683,5; 5; 25; 63; 17; 13; 21; 19
8,82,0.35237,0.09756,4; 3; 8; 82; 18; 25; 13; 20
23,53,0.43894,0.43396,7; 3; 23; 53; 27; 10; 17; 32
12,77,0.33648,0.15584,4; 3; 12; 77; 6; 24; 32; 21
29,48,0.59229,0.60417,9; 4; 29; 48; 3; 19; 30; 5
27,42,0.57053,0.64286,9; 9; 27; 42; 27; 10; 9; 8
17,26,0.52937,0.65385,22; 20; 17; 26; 19; 12; 16; 9
37,42,0.69568,0.88095,6; 6; 37; 42; 14; 32; 3; 16
6,9,0.81564,0.66667,21; 6; 6; 9; 26; 20; 22; 16
8,63,0.19129,0.12698,5; 6; 8; 63; 12; 8; 21; 25
38,49,0.75381,0.77551,4; 3; 38; 49; 31; 23; 17; 4
8,10,0.80805,0.8,30; 5; 8; 10; 6; 31; 24; 12
25,49,0.51647,0.5102,9; 6; 25; 49; 12; 11; 6; 19
9,48,0.20864,0.1875,16; 20; 9; 48; 13; 10; 19; 26
7,10,0.81482,0.7,28; 29; 7; 10; 6; 14; 25; 13
18,70,0.36775,0.25714,5; 4; 18; 70; 6; 18; 32; 22
9,53,0.13577,0.16981,17; 10; 9; 53; 15; 20; 9; 12
19,31,0.51829,0.6129,18; 3; 19; 31; 21; 27; 14; 11
27,42,0.54471,0.64286,10; 13; 27; 42; 5; 6; 23; 10
17,70,0.37752,0.24286,5; 5; 17; 70; 16; 7; 30; 8
6,82,0.35593,0.07317,4; 3; 6; 82; 20; 24; 20; 29
25,31,0.59297,0.80645,8; 14; 25; 31; 15; 22; 12; 9
18,64,0.38865,0.28125,6; 5; 18; 64; 26; 24; 16; 18
5,9,0.83167,0.55556,34; 23; 5; 9; 6; 27; 28; 25
15,63,0.31483,0.2381,3; 4; 15; 63; 20; 16; 12; 10
8,9,0.81368,0.88889,17; 24; 8; 9; 28; 25; 12; 32
35,53,0.65047,0.66038,5; 4; 35; 53; 20; 29; 31; 4
19,49,0.37165,0.38776,9; 7; 19; 49; 18; 27; 32; 11
14,63,0.30614,0.22222,4; 10; 14; 63; 26; 13; 18; 18
34,49,0.66658,0.69388,3; 7; 34; 49; 30; 32; 22; 13
6,10,0.81812,0.6,18; 29; 6; 10; 11; 18; 19; 19
5,77,0.24273,0.06494,4; 6; 5; 77; 12; 28; 25; 13
12,78,0.36974,0.15385,4; 3; 12; 78; 24; 22; 20; 16
11,70,0.32174,0.15714,6; 4; 11; 70; 5; 14; 31; 32
10,53,0.20041,0.18868,16; 15; 10; 53; 16; 9; 32; 18
8,82,0.35489,0.09756,3; 4; 8; 82; 28; 9; 30; 16
5,32,0.59697,0.15625,9; 3; 5; 32; 9; 17; 22; 16
12,53,0.22805,0.22642,14; 9; 12; 53; 21; 10; 16; 6
11,78,0.35242,0.14103,4; 3; 11; 78; 26; 18; 21; 23
19,26,0.56667,0.73077,10; 13; 19; 26; 3; 27; 8; 27
9,78,0.29142,0.11538,3; 3; 9; 78; 4; 16; 13; 22
13,26,0.57336,0.5,29; 26; 13; 26; 23; 8; 20; 30
18,48,0.37408,0.375,4; 15; 18; 48; 27; 21; 5; 13
6,9,0.83446,0.66667,10; 15; 6; 9; 31; 20; 5; 8
23,26,0.63469,0.88462,14; 11; 23; 26; 29; 17; 3; 3
6,77,0.27772,0.07792,5; 3; 6; 77; 11; 4; 28; 30
6,31,0.61154,0.19355,16; 26; 6; 31; 7; 5; 27; 6
6,82,0.36421,0.07317,3; 3; 6; 82; 32; 19; 21; 15
8,70,0.20339,0.11429,6; 8; 8; 70; 25; 14; 27; 7
12,32,0.56843,0.375,6; 10; 12; 32; 6; 20; 19; 10
15,75,0.36659,0.2,4; 4; 15; 75; 25; 11; 14; 25
13,77,0.36612,0.16883,3; 4; 13; 77; 4; 32; 29; 24
20,26,0.40248,0.76923,5; 21; 20; 26; 22; 10; 22; 26
6,9,0.81504,0.66667,41; 31; 6; 9; 18; 17; 9; 27
9,32,0.54078,0.28125,8; 6; 9; 32; 10; 3; 19; 14
6,10,0.82532,0.6,35; 22; 6; 10; 25; 28; 21; 10
7,53,0.17328,0.13208,17; 16; 7; 53; 13; 11; 17; 19
7,9,0.80297,0.77778,29; 11; 7; 9; 28; 5; 15; 18
8,64,0.1986,0.125,4; 8; 8; 64; 27; 27; 13; 20
25,26,0.49449,0.96154,11; 11; 25; 26; 8; 10; 22; 14
5,70,0.18343,0.07143,11; 10; 5; 70; 11; 26; 15; 3
5,9,0.8343,0.55556,37; 13; 5; 9; 21; 15; 20; 21
19,49,0.40215,0.38776,9; 12; 19; 49; 26; 25; 11; 20
6,10,0.82205,0.6,24; 40; 6; 10; 12; 9; 18; 32
20,70,0.40686,0.28571,3; 3; 20; 70; 27; 28; 19; 17
14,63,0.30186,0.22222,3; 8; 14; 63; 12; 24; 30; 12
10,32,0.59937,0.3125,25; 4; 10; 32; 32; 30; 11; 8
28,31,0.60097,0.90323,9; 6; 28; 31; 8; 3; 24; 13
19,49,0.42163,0.38776,15; 9; 19; 49; 19; 9; 5; 22
29,32,0.55094,0.90625,7; 13; 29; 32; 23; 29; 5; 17
34,42,0.64774,0.80952,8; 10; 34; 42; 15; 3; 15; 8
5,82,0.38305,0.06098,5; 3; 5; 82; 8; 8; 13; 5
7,82,0.35832,0.08537,3; 4; 7; 82; 28; 22; 14; 29
13,75,0.3579,0.17333,3; 4; 13; 75; 12; 19; 26; 10
18,70,0.36191,0.25714,5; 3; 18; 70; 32; 31; 18; 5
17,49,0.36046,0.34694,7; 9; 17; 49; 21; 16; 28; 30
26,63,0.48324,0.4127,3; 3; 26; 63; 24; 13; 24; 8
7,9,0.8145,0.77778,15; 15; 7; 9; 21; 32; 12; 4
20,31,0.55464,0.64516,11; 12; 20; 31; 4; 7; 19; 14
11,77,0.3378,0.14286,5; 4; 11; 77; 18; 27; 15; 12
15,75,0.36966,0.2,3; 3; 15; 75; 27; 8; 19; 21
37,48,0.72334,0.77083,4; 4; 37; 48; 20; 18; 5; 27
8,82,0.37727,0.09756,3; 3; 8; 82; 7; 18; 3; 10
10,48,0.19555,0.20833,11; 18; 10; 48; 10; 5; 18; 32
10,63,0.21511,0.15873,6; 6; 10; 63; 8; 17; 22; 3
7,64,0.19984,0.10938,4; 6; 7; 64; 3; 28; 27; 3
9,42,0.30686,0.21429,12; 4; 9; 42; 29; 26; 22; 14
15,75,0.39684,0.2,4; 4; 15; 75; 4; 13; 21; 21
7,63,0.16364,0.11111,11; 9; 7; 63; 23; 32; 6; 30
22,32,0.55652,0.6875,8; 21; 22; 32; 13; 11; 8; 6
5,78,0.32057,0.0641,6; 6; 5; 78; 5; 3; 29; 25
7,10,0.81151,0.7,13; 37; 7; 10; 29; 17; 17; 32
8,10,0.81689,0.8,16; 40; 8; 10; 8; 7; 13; 16
12,78,0.36107,0.15385,4; 3; 12; 78; 14; 31; 15; 22
7,77,0.34271,0.09091,6; 5; 7; 77; 17; 3; 7; 18
37,49,0.72746,0.7551,5; 4; 37; 49; 28; 18; 16; 5
11,75,0.32662,0.14667,6; 5; 11; 75; 18; 9; 32; 10
6,63,0.18318,0.09524,10; 5; 6; 63; 10; 16; 30; 18
7,32,0.79973,0.21875,21; 24; 7; 32; 12; 15; 11; 11
24,48,0.47612,0.5,8; 13; 24; 48; 12; 14; 8; 4
38,49,0.71667,0.77551,4; 3; 38; 49; 19; 16; 16; 14
7,64,0.20909,0.10938,12; 4; 7; 64; 3; 15; 18; 11
8,32,0.6254,0.25,26; 22; 8; 32; 22; 30; 21; 8
24,31,0.56824,0.77419,9; 7; 24; 31; 22; 31; 10; 12
15,64,0.31297,0.23438,9; 6; 15; 64; 10; 27; 30; 5
11,78,0.3216,0.14103,3; 3; 11; 78; 26; 10; 24; 28
11,48,0.25898,0.22917,12; 7; 11; 48; 22; 4; 28; 30
14,42,0.33469,0.33333,18; 7; 14; 42; 17; 32; 32; 4
11,31,0.6076,0.35484,19; 16; 11; 31; 11; 26; 20; 19
5,78,0.24367,0.0641,3; 5; 5; 78; 7; 22; 5; 26
5,10,0.83087,0.5,12; 34; 5; 10; 17; 11; 13; 30
5,75,0.259,0.06667,3; 3; 5; 75; 16; 4; 17; 12
14,70,0.34262,0.2,4; 5; 14; 70; 24; 19; 10; 18
17,48,0.34544,0.35417,10; 7; 17; 48; 12; 3; 22; 6
8,9,0.8155,0.88889,19; 39; 8; 9; 7; 24; 11; 23
7,31,0.77063,0.22581,12; 6; 7; 31; 23; 19; 24; 20
5,78,0.2546,0.0641,4; 4; 5; 78; 13; 13; 7; 21
10,77,0.35678,0.12987,5; 5; 10; 77; 8; 7; 30; 15
5,10,0.82323,0.5,30; 21; 5; 10; 14; 17; 3; 29
8,82,0.36833,0.09756,4; 4; 8; 82; 29; 8; 21; 24
6,82,0.35209,0.07317,3; 4; 6; 82; 12; 9; 3; 15
8,82,0.37212,0.09756,3; 4; 8; 82; 14; 25; 11; 21
7,82,0.34217,0.08537,4; 3; 7; 82; 12; 5; 8; 22
20,31,0.53909,0.64516,12; 16; 20; 31; 21; 8; 28; 23
22,26,0.53858,0.84615,13; 7; 22; 26; 25; 17; 23; 21
12,53,0.26165,0.22642,7; 7; 12; 53; 6; 11; 13; 27
37,42,0.66246,0.88095,6; 7; 37; 42; 4; 26; 4; 26
8,70,0.22623,0.11429,10; 6; 8; 70; 3; 20; 30; 26
17,64,0.32589,0.26562,8; 3; 17; 64; 4; 30; 16; 21
15,32,0.6171,0.46875,10; 7; 15; 32; 16; 25; 17; 21
5,63,0.18361,0.07937,14; 14; 5; 63; 18; 16; 23; 15
6,9,0.82443,0.66667,6; 39; 6; 9; 25; 24; 23; 11
13,70,0.30622,0.18571,5; 7; 13; 70; 27; 4; 22; 22
8,77,0.285,0.1039,5; 5; 8; 77; 19; 6; 24; 12
8,63,0.20956,0.12698,11; 4; 8; 63; 24; 3; 7; 25
31,48,0.6037,0.64583,6; 9; 31; 48; 30; 23; 5; 4
11,78,0.32829,0.14103,3; 4; 11; 78; 30; 23; 15; 19
18,42,0.51427,0.42857,19; 4; 18; 42; 5; 26; 30; 20
6,82,0.35652,0.07317,3; 5; 6; 82; 8; 18; 11; 8
7,82,0.31525,0.08537,4; 3; 7; 82; 3; 10; 7; 7
10,32,0.68005,0.3125,8; 22; 10; 32; 21; 20; 28; 11
8,9,0.81871,0.88889,23; 40; 8; 9; 28; 16; 27; 20
7,77,0.22626,0.09091,5; 5; 7; 77; 17; 14; 29; 20
7,10,0.82136,0.7,6; 10; 7; 10; 32; 17; 15; 25
12,64,0.26984,0.1875,6; 3; 12; 64; 20; 11; 23; 25
24,64,0.44772,0.375,4; 4; 24; 64; 6; 26; 21; 25
5,9,0.82599,0.55556,37; 15; 5; 9; 22; 10; 27; 5
27,53,0.52255,0.50943,5; 6; 27; 53; 22; 20; 11; 22
6,82,0.30898,0.07317,4; 4; 6; 82; 8; 18; 11; 26
26,31,0.64094,0.83871,4; 11; 26; 31; 5; 11; 13; 29
6,82,0.38311,0.07317,5; 4; 6; 82; 28; 31; 32; 4
10,75,0.2991,0.13333,4; 3; 10; 75; 21; 18; 21; 10
23,63,0.42168,0.36508,4; 6; 23; 63; 18; 32; 21; 13
38,42,0.75322,0.90476,9; 6; 38; 42; 14; 26; 7; 8
13,77,0.36498,0.16883,4; 3; 13; 77; 28; 21; 3; 28
6,10,0.80816,0.6,35; 39; 6; 10; 16; 24; 15; 12
25,49,0.49901,0.5102,11; 3; 25; 49; 29; 15; 28; 15
12,64,0.28895,0.1875,6; 3; 12; 64; 23; 28; 8; 14
7,77,0.33126,0.09091,7; 6; 7; 77; 25; 30; 4; 27
9,77,0.33081,0.11688,4; 5; 9; 77; 19; 21; 11; 15
9,26,0.80599,0.34615,6; 15; 9; 26; 28; 7; 12; 6
12,77,0.37291,0.15584,4; 3; 12; 77; 21; 29; 31; 12
24,49,0.46665,0.4898,11; 3; 24; 49; 15; 22; 29; 23
9,75,0.27408,0.12,6; 7; 9; 75; 30; 17; 16; 5
6,78,0.26644,0.07692,5; 7; 6; 78; 20; 7; 12; 27
9,75,0.32442,0.12,3; 5; 9; 75; 21; 3; 6; 5
6,9,0.81987,0.66667,27; 18; 6; 9; 16; 6; 13; 17
6,26,0.61576,0.23077,24; 22; 6; 26; 11; 23; 4; 16
6,75,0.26995,0.08,5; 3; 6; 75; 4; 18; 6; 17
5,49,0.1326,0.10204,5; 6; 5; 49; 13; 19; 9; 32
21,42,0.46387,0.5,13; 5; 21; 42; 25; 24; 11; 31
12,53,0.25083,0.22642,5; 5; 12; 53; 31; 18; 15; 23
8,78,0.31924,0.10256,6; 6; 8; 78; 3; 16; 23; 25
6,82,0.30661,0.07317,4; 5; 6; 82; 29; 27; 15; 4
6,63,0.16736,0.09524,10; 14; 6; 63; 23; 8; 30; 29
13,32,0.63968,0.40625,8; 16; 13; 32; 29; 13; 18; 28
13,70,0.34078,0.18571,4; 4; 13; 70; 6; 14; 19; 15
11,53,0.22729,0.20755,15; 17; 11; 53; 12; 5; 29; 24
12,78,0.36537,0.15385,3; 4; 12; 78; 24; 26; 6; 6
23,31,0.52521,0.74194,16; 10; 23; 31; 29; 5; 20; 27
24,31,0.55108,0.77419,3; 21; 24; 31; 3; 10; 24; 21
5,64,0.16257,0.07812,11; 6; 5; 64; 17; 31; 21; 23
30,53,0.55177,0.56604,7; 6; 30; 53; 14; 12; 9; 14
7,53,0.15932,0.13208,10; 19; 7; 53; 14; 13; 26; 23
14,42,0.34585,0.33333,18; 11; 14; 42; 18; 17; 27; 17
8,31,0.59691,0.25806,23; 22; 8; 31; 12; 5; 20; 31
19,70,0.40081,0.27143,3; 4; 19; 70; 20; 32; 8; 27
13,31,0.50244,0.41935,14; 19; 13; 31; 23; 8; 27; 28
13,32,0.76244,0.40625,8; 13; 13; 32; 29; 15; 28; 5
24,53,0.45538,0.45283,4; 10; 24; 53; 7; 23; 15; 21
35,42,0.64504,0.83333,7; 8; 35; 42; 10; 28; 12; 17
5,53,0.1198,0.09434,3; 9; 5; 53; 5; 9; 8; 10
15,75,0.38663,0.2,3; 4; 15; 75; 21; 25; 20; 5
16,31,0.47913,0.51613,9; 7; 16; 31; 9; 3; 17; 24
8,53,0.1693,0.15094,7; 18; 8; 53; 19; 10; 11; 4
6,10,0.79569,0.6,24; 23; 6; 10; 18; 9; 26; 30
6,75,0.23248,0.08,8; 4; 6; 75; 15; 20; 32; 21
6,82,0.34339,0.07317,5; 4; 6; 82; 19; 6; 24; 23
5,10,0.78977,0.5,30; 31; 5; 10; 9; 21; 14; 18
41,49,0.7993,0.83673,4; 4; 41; 49; 15; 6; 32; 14
36,48,0.72731,0.75,5; 6; 36; 48; 3; 9; 5; 18
5,82,0.31993,0.06098,3; 3; 5; 82; 3; 8; 14; 29
16,32,0.5566,0.5,17; 22; 16; 32; 15; 21; 9; 19
28,31,0.62773,0.90323,9; 9; 28; 31; 8; 15; 29; 6
10,75,0.28516,0.13333,4; 4; 10; 75; 6; 25; 15; 4
8,26,0.65558,0.30769,14; 19; 8; 26; 10; 19; 21; 18
42,48,0.77532,0.875,3; 3; 42; 48; 31; 18; 14; 23
41,48,0.78169,0.85417,4; 3; 41; 48; 6; 31; 7; 11
7,49,0.15036,0.14286,9; 17; 7; 49; 12; 28; 28; 18
11,49,0.25636,0.22449,9; 16; 11; 49; 7; 4; 30; 21
13,75,0.345,0.17333,4; 3; 13; 75; 10; 21; 26; 15
8,82,0.34847,0.09756,4; 3; 8; 82; 30; 12; 21; 20
9,53,0.19454,0.16981,7; 14; 9; 53; 28; 19; 11; 15
23,64,0.3919,0.35938,3; 3; 23; 64; 9; 27; 18; 13
27,63,0.49297,0.42857,3; 4; 27; 63; 8; 11; 12; 18
9,26,0.55853,0.34615,22; 26; 9; 26; 6; 26; 4; 15
17,48,0.37939,0.35417,12; 6; 17; 48; 12; 23; 23; 29
27,32,0.44287,0.84375,9; 19; 27; 32; 20; 13; 27; 22
35,49,0.68988,0.71429,6; 3; 35; 49; 29; 21; 6; 27
17,26,0.6106,0.65385,16; 5; 17; 26; 8; 3; 23; 20
19,49,0.38865,0.38776,11; 11; 19; 49; 11; 13; 7; 21
21,64,0.40642,0.32812,6; 5; 21; 64; 21; 19; 26; 26
16,70,0.35572,0.22857,3; 6; 16; 70; 14; 7; 20; 17
21,63,0.4176,0.33333,7; 3; 21; 63; 5; 22; 24; 10
10,70,0.24987,0.14286,3; 3; 10; 70; 20; 19; 13; 14
7,9,0.79817,0.77778,29; 29; 7; 9; 21; 16; 7; 12
7,64,0.19507,0.10938,7; 6; 7; 64; 30; 13; 28; 5
8,10,0.82108,0.8,21; 8; 8; 10; 25; 14; 18; 18
6,82,0.33468,0.07317,3; 4; 6; 82; 7; 25; 5; 12
10,26,0.50942,0.38462,27; 31; 10; 26; 16; 21; 7; 11
16,70,0.38633,0.22857,4; 6; 16; 70; 31; 15; 26; 4
7,77,0.31477,0.09091,4; 5; 7; 77; 26; 4; 30; 24
14,32,0.36315,0.4375,24; 19; 14; 32; 23; 13; 5; 30
26,64,0.45184,0.40625,4; 3; 26; 64; 9; 16; 7; 29
6,77,0.30219,0.07792,3; 4; 6; 77; 12; 7; 5; 6
10,32,0.73881,0.3125,27; 17; 10; 32; 17; 22; 5; 32
11,77,0.3688,0.14286,5; 3; 11; 77; 11; 18; 10; 13
27,42,0.66392,0.64286,11; 5; 27; 42; 14; 11; 14; 13
21,26,0.51025,0.80769,19; 14; 21; 26; 14; 18; 21; 27
8,9,0.80382,0.88889,11; 28; 8; 9; 19; 15; 10; 7
6,78,0.27258,0.07692,4; 3; 6; 78; 29; 22; 22; 24
10,75,0.27372,0.13333,4; 4; 10; 75; 5; 11; 8; 18
7,75,0.23306,0.09333,8; 6; 7; 75; 4; 4; 7; 17
8,10,0.81804,0.8,8; 18; 8; 10; 13; 22; 31; 27
11,70,0.2494,0.15714,6; 3; 11; 70; 7; 7; 22; 31
16,63,0.30323,0.25397,3; 3; 16; 63; 32; 9; 32; 23
11,78,0.34945,0.14103,4; 4; 11; 78; 15; 15; 9; 27
38,48,0.75935,0.79167,6; 4; 38; 48; 31; 5; 5; 23
15,75,0.34777,0.2,4; 4; 15; 75; 12; 17; 3; 5
8,70,0.26289,0.11429,3; 3; 8; 70; 20; 18; 7; 25
21,63,0.38575,0.33333,4; 6; 21; 63; 27; 30; 13; 17
13,53,0.2728,0.24528,10; 13; 13; 53; 29; 22; 4; 10
8,77,0.28816,0.1039,3; 3; 8; 77; 21; 28; 28; 19
9,78,0.29876,0.11538,4; 3; 9; 78; 25; 24; 23; 22
9,49,0.15836,0.18367,10; 11; 9; 49; 21; 4; 30; 18
7,9,0.81354,0.77778,15; 30; 7; 9; 27; 23; 21; 24
6,70,0.1713,0.08571,11; 4; 6; 70; 32; 9; 9; 21
21,64,0.39901,0.32812,5; 3; 21; 64; 25; 32; 5; 26
12,70,0.32553,0.17143,6; 5; 12; 70; 9; 22; 29; 16
6,77,0.28899,0.07792,4; 3; 6; 77; 14; 7; 6; 3
9,77,0.33469,0.11688,5; 5; 9; 77; 8; 15; 19; 5
28,42,0.59213,0.66667,11; 7; 28; 42; 12; 10; 29; 7
9,64,0.24827,0.14062,8; 4; 9; 64; 13; 18; 10; 31
5,82,0.34265,0.06098,5; 3; 5; 82; 31; 14; 6; 27
8,75,0.25436,0.10667,6; 4; 8; 75; 10; 10; 14; 20
6,82,0.29072,0.07317,4; 4; 6; 82; 4; 13; 8; 26
22,63,0.41311,0.34921,4; 3; 22; 63; 17; 26; 24; 4
22,31,0.52351,0.70968,13; 8; 22; 31; 7; 23; 22; 25
27,49,0.54721,0.55102,3; 7; 27; 49; 5; 5; 26; 32
5,82,0.35383,0.06098,3; 5; 5; 82; 20; 16; 29; 24
7,75,0.27501,0.09333,8; 7; 7; 75; 19; 4; 29; 21
8,10,0.8136,0.8,25; 21; 8; 10; 20; 12; 31; 21
8,32,0.62229,0.25,11; 19; 8; 32; 16; 6; 10; 3
7,82,0.38214,0.08537,4; 3; 7; 82; 32; 5; 20; 13
40,48,0.80392,0.83333,3; 4; 40; 48; 10; 25; 14; 25
27,32,0.68878,0.84375,19; 11; 27; 32; 26; 24; 24; 13
18,70,0.37762,0.25714,3; 5; 18; 70; 11; 32; 28; 4
6,10,0.78847,0.6,11; 23; 6; 10; 4; 31; 26; 21
19,64,0.33722,0.29688,5; 5; 19; 64; 11; 31; 5; 3
6,77,0.26724,0.07792,3; 6; 6; 77; 20; 22; 10; 29
7,82,0.36917,0.08537,4; 4; 7; 82; 4; 15; 22; 8
8,26,0.7926,0.30769,13; 15; 8; 26; 10; 10; 21; 13
7,48,0.24142,0.14583,7; 8; 7; 48; 14; 25; 14; 14
5,77,0.33733,0.06494,7; 3; 5; 77; 19; 21; 22; 12
10,31,0.72498,0.32258,6; 17; 10; 31; 5; 19; 24; 32
37,42,0.68632,0.88095,4; 5; 37; 42; 20; 18; 22; 12
7,70,0.19009,0.1,10; 10; 7; 70; 30; 7; 24; 9
5,9,0.8269,0.55556,14; 16; 5; 9; 4; 15; 25; 21
5,10,0.82306,0.5,12; 39; 5; 10; 16; 30; 17; 6
12,64,0.26818,0.1875,6; 4; 12; 64; 11; 5; 26; 15
10,78,0.3333,0.12821,3; 3; 10; 78; 29; 21; 31; 8
7,42,0.26987,0.16667,8; 18; 7; 42; 5; 6; 21; 6
5,32,0.67388,0.15625,18; 22; 5; 32; 14; 9; 29; 17
5,82,0.3133,0.06098,3; 3; 5; 82; 23; 27; 8; 22
26,42,0.57314,0.61905,5; 12; 26; 42; 30; 23; 20; 6
10,26,0.67106,0.38462,29; 10; 10; 26; 7; 30; 8; 4
18,63,0.37403,0.28571,6; 8; 18; 63; 3; 21; 7; 21
8,75,0.29979,0.10667,7; 3; 8; 75; 23; 16; 23; 12
26,53,0.48893,0.49057,6; 8; 26; 53; 12; 20; 16; 4
17,49,0.3467,0.34694,4; 8; 17; 49; 25; 3; 12; 28
12,78,0.36035,0.15385,4; 3; 12; 78; 17; 23; 12; 15
8,77,0.31842,0.1039,6; 3; 8; 77; 19; 29; 32; 10
21,53,0.41266,0.39623,8; 12; 21; 53; 8; 20; 6; 11
7,53,0.15244,0.13208,13; 11; 7; 53; 9; 4; 30; 15
13,77,0.36404,0.16883,4; 3; 13; 77; 22; 21; 23; 27
14,32,0.57368,0.4375,4; 23; 14; 32; 15; 22; 3; 7
11,31,0.49843,0.35484,17; 8; 11; 31; 20; 20; 26; 4
5,78,0.24813,0.0641,4; 7; 5; 78; 4; 3; 19; 25
12,78,0.38217,0.15385,4; 3; 12; 78; 31; 30; 4; 11
39,48,0.76028,0.8125,3; 5; 39; 48; 16; 16; 9; 12
36,53,0.68972,0.67925,3; 3; 36; 53; 6; 28; 23; 13
6,10,0.84457,0.6,32; 8; 6; 10; 15; 9; 32; 4
14,64,0.30298,0.21875,7; 9; 14; 64; 4; 3; 22; 27
8,75,0.23184,0.10667,4; 4; 8; 75; 20; 16; 12; 27
40,49,0.80672,0.81633,3; 4; 40; 49; 24; 32; 11; 7
41,42,0.72356,0.97619,5; 6; 41; 42; 4; 27; 25; 10
24,32,0.55557,0.75,17; 7; 24; 32; 4; 27; 19; 17
6,53,0.15998,0.11321,13; 18; 6; 53; 31; 19; 8; 5
9,10,0.80212,0.9,26; 31; 9; 10; 4; 3; 8; 9
9,75,0.33486,0.12,5; 6; 9; 75; 32; 19; 13; 16
29,31,0.52372,0.93548,12; 18; 29; 31; 28; 30; 3; 8
26,42,0.46506,0.61905,12; 12; 26; 42; 4; 7; 15; 4
8,63,0.18582,0.12698,4; 3; 8; 63; 23; 3; 4; 5
9,63,0.21456,0.14286,10; 13; 9; 63; 29; 17; 17; 8
14,64,0.34552,0.21875,7; 5; 14; 64; 9; 19; 30; 6
34,48,0.66788,0.70833,4; 5; 34; 48; 25; 19; 21; 28
19,70,0.39564,0.27143,3; 3; 19; 70; 32; 19; 17; 16
6,77,0.21721,0.07792,3; 4; 6; 77; 29; 5; 28; 30
8,48,0.17698,0.16667,19; 17; 8; 48; 29; 17; 32; 8
14,32,0.44286,0.4375,19; 25; 14; 32; 18; 19; 28; 23
22,63,0.42287,0.34921,4; 3; 22; 63; 3; 13; 22; 22
8,63,0.21839,0.12698,11; 6; 8; 63; 8; 29; 29; 26
7,10,0.80372,0.7,12; 19; 7; 10; 15; 31; 24; 11
5,10,0.81949,0.5,6; 13; 5; 10; 17; 26; 27; 19
17,48,0.38439,0.35417,9; 12; 17; 48; 15; 18; 10; 12
23,64,0.43619,0.35938,3; 3; 23; 64; 31; 13; 20; 10
27,53,0.50753,0.50943,6; 4; 27; 53; 26; 11; 10; 15
21,64,0.37882,0.32812,4; 3; 21; 64; 32; 30; 7; 6
9,78,0.28205,0.11538,3; 5; 9; 78; 23; 15; 19; 29
15,70,0.33101,0.21429,5; 3; 15; 70; 4; 6; 25; 6
8,9,0.81878,0.88889,32; 22; 8; 9; 30; 14; 26; 13
36,53,0.68591,0.67925,3; 4; 36; 53; 4; 31; 25; 9
7,78,0.31149,0.08974,3; 3; 7; 78; 8; 27; 21; 21
21,31,0.5284,0.67742,19; 20; 21; 31; 3; 10; 14; 14
6,32,0.62594,0.1875,29; 6; 6; 32; 31; 21; 8; 19
8,9,0.82203,0.88889,5; 12; 8; 9; 15; 6; 6; 32
14,70,0.3041,0.2,3; 4; 14; 70; 24; 19; 29; 11
16,63,0.3492,0.25397,5; 6; 16; 63; 16; 25; 25; 6
25,42,0.51316,0.59524,13; 8; 25; 42; 32; 10; 12; 23
6,9,0.82343,0.66667,36; 18; 6; 9; 19; 24; 18; 6
5,10,0.83343,0.5,20; 16; 5; 10; 4; 17; 18; 21
20,53,0.39558,0.37736,12; 7; 20; 53; 24; 25; 15; 14
23,64,0.44661,0.35938,4; 5; 23; 64; 28; 31; 10; 15
27,31,0.63835,0.87097,3; 13; 27; 31; 21; 6; 17; 14
7,53,0.17245,0.13208,14; 9; 7; 53; 20; 26; 31; 15
8,77,0.2476,0.1039,3; 3; 8; 77; 24; 15; 24; 7
13,49,0.2875,0.26531,13; 5; 13; 49; 7; 16; 23; 14
16,53,0.31387,0.30189,13; 6; 16; 53; 20; 18; 10; 22
12,75,0.3307,0.16,5; 4; 12; 75; 12; 17; 16; 26
9,64,0.21892,0.14062,12; 3; 9; 64; 14; 28; 28; 23
11,77,0.33957,0.14286,5; 4; 11; 77; 12; 23; 31; 14
9,49,0.21975,0.18367,11; 17; 9; 49; 6; 25; 15; 9
6,78,0.35184,0.07692,6; 4; 6; 78; 16; 11; 8; 30
7,82,0.36413,0.08537,3; 3; 7; 82; 20; 18; 26; 16
22,63,0.40586,0.34921,4; 3; 22; 63; 3; 8; 6; 14
8,10,0.75093,0.8,12; 19; 8; 10; 19; 16; 20; 16
16,42,0.43263,0.38095,13; 18; 16; 42; 20; 12; 14; 6
23,53,0.44178,0.43396,9; 10; 23; 53; 15; 14; 20; 30
16,26,0.63684,0.61538,5; 10; 16; 26; 17; 20; 31; 28
10,78,0.32648,0.12821,5; 5; 10; 78; 20; 31; 30; 15
34,42,0.65755,0.80952,5; 5; 34; 42; 25; 5; 26; 19
8,82,0.35024,0.09756,3; 3; 8; 82; 30; 4; 5; 17
17,49,0.37358,0.34694,7; 3; 17; 49; 8; 18; 20; 13
5,82,0.29288,0.06098,4; 4; 5; 82; 10; 5; 26; 31
35,49,0.7103,0.71429,4; 3; 35; 49; 6; 26; 26; 10
19,32,0.46632,0.59375,10; 15; 19; 32; 4; 31; 10; 22
26,31,0.50494,0.83871,3; 18; 26; 31; 27; 29; 14; 12
8,75,0.25857,0.10667,6; 4; 8; 75; 27; 27; 20; 22
7,10,0.81404,0.7,30; 33; 7; 10; 3; 22; 4; 26
17,31,0.53123,0.54839,3; 4; 17; 31; 9; 11; 30; 31
6,82,0.32697,0.07317,5; 5; 6; 82; 3; 11; 15; 29
6,9,0.78657,0.66667,12; 5; 6; 9; 4; 9; 27; 11
8,82,0.36193,0.09756,4; 3; 8; 82; 29; 21; 25; 3
18,32,0.65091,0.5625,10; 11; 18; 32; 22; 7; 6; 19
31,48,0.60822,0.64583,4; 6; 31; 48; 6; 3; 15; 10
7,9,0.81693,0.77778,35; 10; 7; 9; 5; 5; 14; 15
6,9,0.82765,0.66667,32; 39; 6; 9; 11; 20; 15; 18
9,75,0.26521,0.12,6; 5; 9; 75; 23; 7; 29; 28
18,42,0.45734,0.42857,12; 6; 18; 42; 9; 22; 18; 24
6,10,0.81456,0.6,23; 12; 6; 10; 18; 5; 6; 8
11,26,0.60251,0.42308,3; 25; 11; 26; 23; 17; 5; 7
6,9,0.8352,0.66667,38; 10; 6; 9; 9; 13; 10; 25
6,10,0.81759,0.6,25; 23; 6; 10; 28; 31; 4; 4
12,64,0.26921,0.1875,4; 11; 12; 64; 30; 25; 19; 13
9,70,0.2725,0.12857,5; 9; 9; 70; 17; 3; 16; 22
5,82,0.30557,0.06098,5; 4; 5; 82; 9; 14; 16; 23
5,10,0.81429,0.5,28; 18; 5; 10; 28; 9; 29; 29
22,31,0.54487,0.70968,20; 20; 22; 31; 20; 12; 26; 4
5,9,0.81221,0.55556,22; 35; 5; 9; 21; 11; 30; 6
20,42,0.49287,0.47619,7; 15; 20; 42; 12; 10; 29; 19
14,63,0.27844,0.22222,3; 6; 14; 63; 18; 19; 23; 18
12,78,0.34615,0.15385,4; 3; 12; 78; 17; 26; 22; 25
7,10,0.81913,0.7,9; 38; 7; 10; 18; 25; 16; 16
17,31,0.5798,0.54839,13; 13; 17; 31; 13; 9; 29; 13
31,49,0.5968,0.63265,9; 8; 31; 49; 13; 24; 19; 9
6,77,0.29505,0.07792,4; 7; 6; 77; 4; 21; 10; 14
8,78,0.27205,0.10256,5; 4; 8; 78; 5; 26; 3; 15
6,75,0.22431,0.08,4; 4; 6; 75; 17; 8; 25; 3
21,63,0.41609,0.33333,7; 6; 21; 63; 28; 20; 21; 22
9,78,0.3254,0.11538,3; 3; 9; 78; 24; 18; 22; 22
8,53,0.17716,0.15094,16; 3; 8; 53; 25; 6; 32; 7
16,63,0.30686,0.25397,9; 9; 16; 63; 12; 13; 27; 22
18,64,0.34602,0.28125,3; 8; 18; 64; 16; 31; 6; 31
7,9,0.8151,0.77778,36; 10; 7; 9; 14; 5; 28; 26
14,31,0.54828,0.45161,9; 9; 14; 31; 26; 12; 25; 3
7,82,0.31543,0.08537,4; 4; 7; 82; 19; 32; 14; 12
7,82,0.3216,0.08537,4; 4; 7; 82; 23; 14; 9; 32
19,70,0.43626,0.27143,4; 4; 19; 70; 31; 6; 17; 22
13,77,0.37815,0.16883,4; 4; 13; 77; 16; 6; 9; 11
16,48,0.32561,0.33333,8; 12; 16; 48; 20; 21; 5; 13
7,77,0.32458,0.09091,3; 5; 7; 77; 29; 6; 6; 30
15,64,0.32502,0.23438,4; 7; 15; 64; 7; 32; 21; 4
12,64,0.26133,0.1875,6; 6; 12; 64; 25; 27; 10; 20
25,42,0.56752,0.59524,15; 7; 25; 42; 24; 32; 18; 13
11,78,0.32877,0.14103,4; 3; 11; 78; 26; 23; 32; 10
25,31,0.57794,0.80645,16; 13; 25; 31; 23; 11; 21; 24
5,10,0.81293,0.5,33; 29; 5; 10; 10; 3; 16; 7
5,10,0.81195,0.5,36; 20; 5; 10; 6; 25; 5; 20
7,9,0.8196,0.77778,31; 24; 7; 9; 14; 31; 24; 11
20,42,0.45325,0.47619,6; 4; 20; 42; 7; 17; 16; 21
9,75,0.33189,0.12,3; 4; 9; 75; 26; 14; 27; 6
15,53,0.3264,0.28302,6; 6; 15; 53; 11; 26; 20; 20
7,78,0.25516,0.08974,3; 3; 7; 78; 25; 4; 10; 21
31,42,0.60253,0.7381,9; 9; 31; 42; 10; 30; 15; 4
8,82,0.35493,0.09756,4; 3; 8; 82; 23; 22; 11; 20
13,32,0.75378,0.40625,17; 3; 13; 32; 4; 15; 21; 9
35,42,0.67241,0.83333,6; 6; 35; 42; 22; 20; 16; 23
8,9,0.80174,0.88889,6; 15; 8; 9; 20; 12; 28; 7
9,77,0.27184,0.11688,3; 3; 9; 77; 22; 3; 19; 20
7,82,0.29677,0.08537,4; 4; 7; 82; 14; 24; 12; 25
5,10,0.80803,0.5,29; 17; 5; 10; 15; 11; 28; 18
31,42,0.6127,0.7381,3; 9; 31; 42; 9; 5; 26; 24
23,42,0.51551,0.54762,4; 7; 23; 42; 21; 12; 25; 29
5,9,0.81954,0.55556,25; 23; 5; 9; 4; 13; 29; 17
27,32,0.6176,0.84375,10; 11; 27; 32; 21; 31; 11; 19
18,64,0.38911,0.28125,8; 3; 18; 64; 8; 3; 10; 29
7,64,0.20948,0.10938,11; 13; 7; 64; 29; 17; 29; 8
5,32,0.77018,0.15625,4; 15; 5; 32; 6; 6; 19; 12
13,42,0.33449,0.30952,21; 4; 13; 42; 18; 9; 7; 26
12,70,0.30181,0.17143,5; 5; 12; 70; 32; 25; 7; 10
5,82,0.34252,0.06098,4; 4; 5; 82; 4; 11; 3; 27
5,63,0.158,0.07937,12; 11; 5; 63; 17; 14; 16; 23
5,10,0.79476,0.5,23; 9; 5; 10; 3; 14; 25; 21
18,49,0.36727,0.36735,11; 6; 18; 49; 10; 29; 32; 11
20,48,0.4049,0.41667,6; 12; 20; 48; 4; 32; 5; 32
12,70,0.28957,0.17143,7; 3; 12; 70; 27; 7; 21; 15
6,26,0.74735,0.23077,13; 6; 6; 26; 22; 8; 6; 19
20,63,0.39175,0.31746,7; 3; 20; 63; 32; 9; 12; 23
10,53,0.1776,0.18868,13; 13; 10; 53; 4; 28; 8; 32
5,82,0.3435,0.06098,5; 5; 5; 82; 6; 12; 23; 21
33,42,0.6323,0.78571,11; 9; 33; 42; 9; 19; 4; 12
5,32,0.70927,0.15625,12; 23; 5; 32; 18; 27; 3; 22
28,49,0.57026,0.57143,7; 6; 28; 49; 18; 21; 19; 23
7,70,0.26365,0.1,7; 3; 7; 70; 32; 14; 15; 31
12,53,0.23805,0.22642,14; 4; 12; 53; 14; 23; 9; 15
19,63,0.35837,0.30159,7; 5; 19; 63; 21; 18; 16; 9
11,77,0.30205,0.14286,4; 3; 11; 77; 12; 18; 29; 12
33,48,0.64443,0.6875,3; 8; 33; 48; 28; 10; 10; 31
7,82,0.3716,0.08537,4; 3; 7; 82; 19; 9; 3; 28
16,53,0.32332,0.30189,9; 5; 16; 53; 5; 30; 29; 7
7,32,0.77468,0.21875,18; 23; 7; 32; 9; 22; 30; 30
5,42,0.23311,0.11905,8; 6; 5; 42; 7; 24; 10; 18
6,75,0.24282,0.08,3; 3; 6; 75; 19; 23; 25; 7
5,82,0.32209,0.06098,3; 5; 5; 82; 16; 3; 3; 12
8,75,0.23277,0.10667,3; 4; 8; 75; 7; 8; 15; 18
7,78,0.26787,0.08974,3; 3; 7; 78; 30; 19; 7; 26
12,64,0.25664,0.1875,4; 11; 12; 64; 19; 16; 23; 4
9,10,0.77817,0.9,10; 13; 9; 10; 4; 28; 8; 13
6,26,0.76241,0.23077,20; 12; 6; 26; 12; 11; 21; 4
8,26,0.64323,0.30769,23; 10; 8; 26; 31; 6; 29; 30
31,48,0.60127,0.64583,5; 4; 31; 48; 23; 21; 30; 21
20,70,0.40265,0.28571,3; 4; 20; 70; 12; 4; 6; 12
20,49,0.39735,0.40816,3; 9; 20; 49; 28; 32; 5; 30
9,26,0.80744,0.34615,6; 24; 9; 26; 8; 16; 29; 25
27,42,0.48633,0.64286,14; 7; 27; 42; 27; 15; 9; 21
7,77,0.29003,0.09091,6; 6; 7; 77; 18; 4; 29; 3
13,31,0.55683,0.41935,26; 17; 13; 31; 30; 15; 31; 19
5,77,0.31298,0.06494,4; 8; 5; 77; 13; 20; 22; 16
23,32,0.58611,0.71875,19; 9; 23; 32; 13; 16; 26; 28
7,78,0.34523,0.08974,6; 3; 7; 78; 3; 31; 15; 21
5,82,0.32817,0.06098,4; 3; 5; 82; 9; 14; 23; 29
19,70,0.36077,0.27143,4; 3; 19; 70; 6; 19; 17; 21
11,77,0.34205,0.14286,3; 4; 11; 77; 22; 22; 3; 10
40,42,0.72277,0.95238,7; 6; 40; 42; 20; 17; 30; 25
11,77,0.34086,0.14286,3; 5; 11; 77; 24; 15; 20; 30
17,63,0.37059,0.26984,6; 9; 17; 63; 23; 29; 15; 12
12,78,0.35144,0.15385,4; 4; 12; 78; 18; 3; 3; 14
13,77,0.3927,0.16883,3; 3; 13; 77; 3; 24; 9; 7
14,70,0.30995,0.2,3; 5; 14; 70; 20; 6; 8; 8
28,53,0.5152,0.5283,5; 7; 28; 53; 10; 7; 26; 15
5,9,0.81893,0.55556,35; 36; 5; 9; 23; 21; 12; 25
22,53,0.42149,0.41509,8; 5; 22; 53; 11; 18; 7; 28
5,26,0.73402,0.19231,23; 7; 5; 26; 30; 3; 30; 13
25,48,0.50761,0.52083,7; 12; 25; 48; 15; 24; 19; 19
21,26,0.5625,0.80769,21; 21; 21; 26; 20; 32; 17; 16
8,9,0.82898,0.88889,40; 10; 8; 9; 12; 17; 17; 31
8,82,0.32883,0.09756,4; 3; 8; 82; 11; 26; 19; 21
6,9,0.84115,0.66667,21; 38; 6; 9; 15; 22; 18; 26
16,53,0.31515,0.30189,7; 3; 16; 53; 21; 17; 10; 22
20,70,0.39124,0.28571,3; 4; 20; 70; 4; 18; 11; 23
11,63,0.2173,0.1746,4; 4; 11; 63; 19; 32; 7; 8
16,53,0.3558,0.30189,12; 4; 16; 53; 32; 30; 8; 14
9,10,0.82625,0.9,29; 10; 9; 10; 21; 32; 22; 5
25,42,0.54582,0.59524,15; 7; 25; 42; 30; 16; 17; 4
18,32,0.50424,0.5625,8; 13; 18; 32; 14; 11; 26; 8
5,32,0.70755,0.15625,5; 28; 5; 32; 3; 21; 4; 13
24,26,0.56586,0.92308,12; 23; 24; 26; 13; 31; 20; 19
33,48,0.65629,0.6875,7; 5; 33; 48; 32; 11; 29; 21
10,78,0.31945,0.12821,3; 5; 10; 78; 6; 17; 11; 31
26,64,0.46477,0.40625,3; 3; 26; 64; 30; 24; 7; 29
16,31,0.57466,0.51613,14; 13; 16; 31; 31; 6; 28; 22
15,26,0.62291,0.57692,20; 8; 15; 26; 9; 29; 7; 15
6,10,0.82119,0.6,27; 21; 6; 10; 17; 28; 21; 26
28,42,0.60864,0.66667,9; 7; 28; 42; 16; 23; 27; 11
21,42,0.47167,0.5,16; 5; 21; 42; 23; 12; 14; 28
11,53,0.21299,0.20755,12; 3; 11; 53; 28; 7; 28; 6
8,53,0.18744,0.15094,7; 16; 8; 53; 17; 25; 5; 17
16,53,0.34973,0.30189,13; 3; 16; 53; 25; 32; 6; 4
36,42,0.65426,0.85714,6; 6; 36; 42; 15; 21; 10; 26
11,77,0.35293,0.14286,3; 4; 11; 77; 15; 18; 22; 8
6,77,0.30909,0.07792,4; 6; 6; 77; 18; 19; 19; 19
10,75,0.30926,0.13333,5; 3; 10; 75; 13; 10; 16; 27
15,70,0.34483,0.21429,5; 4; 15; 70; 8; 13; 20; 25
5,82,0.35136,0.06098,4; 5; 5; 82; 30; 12; 21; 12
36,42,0.68747,0.85714,8; 8; 36; 42; 27; 12; 21; 24
19,53,0.36465,0.35849,3; 8; 19; 53; 26; 16; 6; 10
11,78,0.34759,0.14103,3; 4; 11; 78; 13; 32; 21; 11
12,78,0.36413,0.15385,4; 3; 12; 78; 20; 9; 22; 29
29,49,0.57744,0.59184,4; 4; 29; 49; 8; 12; 6; 28
8,70,0.21667,0.11429,6; 4; 8; 70; 22; 9; 11; 16
8,82,0.34419,0.09756,4; 4; 8; 82; 15; 11; 22; 27
10,75,0.31921,0.13333,6; 4; 10; 75; 27; 14; 20; 13
10,77,0.34818,0.12987,5; 5; 10; 77; 4; 23; 13; 16
10,53,0.21502,0.18868,10; 9; 10; 53; 8; 4; 31; 28
7,82,0.36351,0.08537,3; 4; 7; 82; 27; 12; 9; 5
7,9,0.79844,0.77778,19; 17; 7; 9; 28; 16; 32; 10
18,49,0.37196,0.36735,4; 5; 18; 49; 14; 5; 19; 4
9,32,0.5939,0.28125,13; 16; 9; 32; 5; 18; 31; 26
35,48,0.69226,0.72917,3; 6; 35; 48; 13; 25; 10; 17
16,70,0.34283,0.22857,3; 5; 16; 70; 10; 19; 10; 16
9,26,0.5749,0.34615,22; 9; 9; 26; 15; 19; 12; 27
28,53,0.51159,0.5283,8; 8; 28; 53; 12; 10; 20; 16
9,48,0.19697,0.1875,19; 15; 9; 48; 14; 6; 8; 30
12,70,0.31672,0.17143,7; 5; 12; 70; 25; 25; 8; 28
13,49,0.27786,0.26531,17; 5; 13; 49; 23; 7; 27; 11
24,64,0.39778,0.375,3; 5; 24; 64; 13; 10; 31; 30
40,49,0.79906,0.81633,4; 3; 40; 49; 32; 6; 17; 31
5,9,0.83616,0.55556,22; 38; 5; 9; 24; 29; 6; 30
9,10,0.82099,0.9,13; 20; 9; 10; 30; 16; 27; 20
5,70,0.19492,0.07143,8; 9; 5; 70; 22; 27; 11; 14
7,82,0.37652,0.08537,4; 4; 7; 82; 4; 14; 6; 13
6,82,0.30129,0.07317,5; 3; 6; 82; 13; 17; 4; 31
16,70,0.39677,0.22857,5; 4; 16; 70; 29; 24; 22; 12
10,78,0.34144,0.12821,3; 3; 10; 78; 11; 17; 12; 26
5,9,0.81319,0.55556,27; 13; 5; 9; 27; 30; 14; 18
5,42,0.38094,0.11905,25; 13; 5; 42; 11; 6; 31; 23
26,31,0.52052,0.83871,16; 4; 26; 31; 16; 28; 21; 25
7,82,0.3576,0.08537,4; 3; 7; 82; 19; 15; 8; 12
6,77,0.31042,0.07792,7; 6; 6; 77; 13; 17; 11; 27
5,9,0.79581,0.55556,9; 18; 5; 9; 9; 4; 26; 15
12,32,0.63074,0.375,27; 19; 12; 32; 12; 14; 14; 7
8,75,0.28258,0.10667,7; 6; 8; 75; 14; 24; 10; 28
21,64,0.43367,0.32812,5; 6; 21; 64; 12; 25; 9; 21
15,48,0.33237,0.3125,10; 6; 15; 48; 13; 16; 16; 8
38,49,0.77118,0.77551,3; 5; 38; 49; 17; 9; 25; 8
13,77,0.35029,0.16883,3; 3; 13; 77; 4; 12; 8; 27
22,49,0.44563,0.44898,11; 8; 22; 49; 31; 12; 24; 11
5,75,0.20136,0.06667,7; 5; 5; 75; 21; 21; 15; 22
23,64,0.41853,0.35938,4; 4; 23; 64; 13; 22; 31; 31
6,10,0.78669,0.6,8; 18; 6; 10; 15; 13; 19; 20
9,77,0.3122,0.11688,5; 4; 9; 77; 18; 9; 8; 6
16,26,0.53586,0.61538,28; 26; 16; 26; 8; 11; 10; 7
6,77,0.28968,0.07792,3; 6; 6; 77; 11; 22; 3; 10
7,9,0.81419,0.77778,32; 7; 7; 9; 30; 7; 24; 14
8,82,0.38506,0.09756,3; 4; 8; 82; 31; 11; 14; 6
17,32,0.74665,0.53125,17; 3; 17; 32; 3; 27; 18; 5
5,26,0.84425,0.19231,19; 9; 5; 26; 7; 29; 32; 10
34,49,0.69104,0.69388,3; 7; 34; 49; 10; 29; 31; 22
25,32,0.46783,0.78125,5; 13; 25; 32; 31; 28; 11; 14
6,82,0.32787,0.07317,4; 3; 6; 82; 14; 4; 12; 17
13,75,0.34971,0.17333,5; 3; 13; 75; 19; 18; 32; 10
12,75,0.31963,0.16,3; 4; 12; 75; 14; 13; 12; 7
20,48,0.40081,0.41667,8; 12; 20; 48; 7; 23; 11; 23
8,9,0.7944,0.88889,19; 38; 8; 9; 24; 3; 10; 16
8,64,0.19406,0.125,13; 3; 8; 64; 25; 24; 27; 7
6,9,0.83985,0.66667,31; 39; 6; 9; 4; 17; 31; 25
32,42,0.64335,0.7619,8; 6; 32; 42; 18; 9; 25; 27
15,70,0.30843,0.21429,4; 5; 15; 70; 17; 29; 15; 7
41,49,0.79358,0.83673,3; 3; 41; 49; 12; 25; 3; 13
7,82,0.34977,0.08537,3; 3; 7; 82; 18; 29; 21; 15
9,75,0.29731,0.12,6; 7; 9; 75; 16; 5; 24; 5
29,31,0.58206,0.93548,14; 12; 29; 31; 3; 12; 15; 9
7,9,0.83412,0.77778,36; 22; 7; 9; 17; 26; 28; 8
16,53,0.30734,0.30189,6; 7; 16; 53; 10; 31; 18; 4
30,31,0.60254,0.96774,15; 11; 30; 31; 15; 5; 16; 16
8,64,0.20768,0.125,12; 9; 8; 64; 19; 23; 27; 12
6,70,0.25389,0.08571,7; 3; 6; 70; 7; 22; 12; 23
20,70,0.38702,0.28571,4; 3; 20; 70; 8; 32; 4; 8
12,42,0.31079,0.28571,12; 6; 12; 42; 31; 26; 10; 22
30,49,0.60735,0.61224,4; 9; 30; 49; 7; 26; 5; 12
7,78,0.3414,0.08974,5; 3; 7; 78; 9; 30; 4; 13
7,9,0.81344,0.77778,28; 40; 7; 9; 15; 31; 18; 24
9,31,0.73916,0.29032,22; 10; 9; 31; 8; 23; 7; 6
9,77,0.31819,0.11688,4; 6; 9; 77; 18; 8; 28; 17
29,32,0.60729,0.90625,7; 10; 29; 32; 16; 25; 20; 4
24,26,0.55655,0.92308,20; 5; 24; 26; 5; 32; 28; 19
8,9,0.80584,0.88889,8; 39; 8; 9; 32; 14; 24; 25
38,49,0.7612,0.77551,5; 4; 38; 49; 6; 7; 14; 11
8,10,0.77478,0.8,21; 36; 8; 10; 3; 12; 15; 28
9,75,0.30287,0.12,6; 3; 9; 75; 22; 20; 25; 27
21,31,0.63957,0.67742,10; 13; 21; 31; 7; 3; 19; 23
32,53,0.59635,0.60377,3; 6; 32; 53; 9; 31; 31; 11
10,32,0.81352,0.3125,10; 17; 10; 32; 18; 25; 19; 28
7,77,0.2884,0.09091,3; 5; 7; 77; 29; 13; 22; 11
6,63,0.18287,0.09524,11; 13; 6; 63; 6; 16; 10; 7
7,78,0.32119,0.08974,3; 4; 7; 78; 29; 30; 19; 5
17,63,0.328,0.26984,9; 5; 17; 63; 30; 12; 9; 9
5,64,0.18926,0.07812,4; 7; 5; 64; 14; 18; 32; 16
24,64,0.46475,0.375,4; 5; 24; 64; 29; 14; 24; 20
11,32,0.60752,0.34375,21; 19; 11; 32; 19; 18; 6; 9
24,63,0.45799,0.38095,4; 4; 24; 63; 4; 5; 31; 10
10,77,0.33499,0.12987,3; 4; 10; 77; 19; 20; 26; 29
8,48,0.19651,0.16667,14; 21; 8; 48; 7; 13; 23; 9
12,63,0.28017,0.19048,8; 4; 12; 63; 32; 21; 9; 7
7,9,0.83449,0.77778,40; 35; 7; 9; 28; 24; 13; 16
25,31,0.58929,0.80645,7; 6; 25; 31; 21; 28; 5; 5
7,9,0.80872,0.77778,26; 21; 7; 9; 4; 31; 16; 17
6,64,0.13891,0.09375,11; 5; 6; 64; 3; 14; 13; 26
6,10,0.80412,0.6,35; 15; 6; 10; 20; 12; 29; 26
23,53,0.44672,0.43396,11; 8; 23; 53; 8; 28; 17; 18
20,64,0.35697,0.3125,7; 6; 20; 64; 27; 11; 27; 11
23,48,0.43919,0.47917,4; 3; 23; 48; 16; 3; 7; 24
14,49,0.3241,0.28571,3; 15; 14; 49; 7; 29; 18; 11
25,53,0.44146,0.4717,3; 7; 25; 53; 12; 19; 14; 24
9,70,0.30409,0.12857,9; 7; 9; 70; 21; 15; 25; 11
9,77,0.29609,0.11688,6; 5; 9; 77; 29; 5; 6; 6
7,75,0.31966,0.09333,3; 8; 7; 75; 16; 22; 21; 29
36,48,0.7066,0.75,5; 7; 36; 48; 16; 16; 30; 6
11,26,0.63928,0.42308,10; 7; 11; 26; 17; 5; 32; 7
6,42,0.34052,0.14286,24; 14; 6; 42; 32; 29; 6; 21
27,48,0.57588,0.5625,7; 6; 27; 48; 9; 3; 22; 12
5,10,0.832,0.5,37; 10; 5; 10; 4; 14; 17; 7
8,82,0.3776,0.09756,4; 4; 8; 82; 25; 16; 18; 21
8,9,0.78774,0.88889,6; 24; 8; 9; 32; 8; 29; 24
25,31,0.42121,0.80645,10; 12; 25; 31; 13; 22; 17; 30
20,49,0.41833,0.40816,14; 8; 20; 49; 9; 8; 32; 23
33,49,0.64877,0.67347,5; 3; 33; 49; 24; 21; 11; 6
30,32,0.58212,0.9375,8; 17; 30; 32; 13; 28; 18; 7
5,9,0.80504,0.55556,3; 10; 5; 9; 29; 10; 7; 12
33,53,0.60608,0.62264,6; 4; 33; 53; 14; 22; 10; 26
36,48,0.71671,0.75,5; 4; 36; 48; 4; 4; 4; 22
18,63,0.38227,0.28571,7; 5; 18; 63; 22; 25; 6; 19
17,48,0.35331,0.35417,5; 8; 17; 48; 27; 12; 24; 31
6,53,0.16191,0.11321,8; 4; 6; 53; 12; 9; 16; 7
6,42,0.2326,0.14286,16; 22; 6; 42; 24; 24; 20; 4
8,9,0.81709,0.88889,15; 4; 8; 9; 8; 32; 8; 16
11,26,0.62509,0.42308,26; 9; 11; 26; 20; 14; 4; 23
22,63,0.40999,0.34921,4; 6; 22; 63; 30; 19; 14; 22
39,48,0.78785,0.8125,5; 5; 39; 48; 15; 9; 8; 7
13,26,0.6089,0.5,13; 29; 13; 26; 28; 24; 5; 23
6,9,0.81396,0.66667,17; 7; 6; 9; 22; 32; 30; 5
25,32,0.59239,0.78125,9; 15; 25; 32; 20; 16; 9; 7
8,82,0.39556,0.09756,3; 4; 8; 82; 19; 5; 6; 6
9,42,0.23102,0.21429,18; 13; 9; 42; 7; 6; 12; 18
21,63,0.42741,0.33333,6; 3; 21; 63; 32; 30; 3; 30
18,53,0.35174,0.33962,13; 3; 18; 53; 28; 9; 19; 7
26,63,0.44936,0.4127,3; 3; 26; 63; 10; 22; 31; 28
22,49,0.45602,0.44898,12; 8; 22; 49; 32; 20; 14; 5
8,32,0.77767,0.25,9; 15; 8; 32; 8; 28; 8; 3
7,9,0.80416,0.77778,7; 40; 7; 9; 18; 9; 6; 19
25,31,0.51063,0.80645,17; 13; 25; 31; 26; 11; 22; 27
28,48,0.57685,0.58333,11; 10; 28; 48; 26; 8; 3; 16
5,82,0.36656,0.06098,5; 5; 5; 82; 10; 10; 29; 5
15,26,0.77128,0.57692,16; 20; 15; 26; 21; 28; 8; 6
7,82,0.36017,0.08537,3; 3; 7; 82; 4; 27; 20; 20
6,82,0.33703,0.07317,5; 3; 6; 82; 13; 24; 32; 11
34,42,0.65616,0.80952,4; 10; 34; 42; 26; 26; 18; 14
19,70,0.39478,0.27143,3; 4; 19; 70; 17; 6; 18; 7
8,32,0.6455,0.25,9; 16; 8; 32; 22; 16; 12; 6
9,64,0.22887,0.14062,9; 6; 9; 64; 17; 29; 30; 6
24,64,0.44852,0.375,3; 5; 24; 64; 17; 17; 23; 6
7,75,0.29203,0.09333,8; 3; 7; 75; 9; 11; 5; 11
18,26,0.52886,0.69231,21; 12; 18; 26; 31; 5; 3; 8
8,78,0.31264,0.10256,5; 4; 8; 78; 19; 31; 16; 4
29,53,0.54562,0.54717,7; 3; 29; 53; 29; 12; 14; 29
8,70,0.20119,0.11429,7; 4; 8; 70; 8; 11; 25; 27
23,31,0.54599,0.74194,3; 19; 23; 31; 11; 23; 9; 3
13,32,0.71032,0.40625,6; 15; 13; 32; 20; 27; 17; 6
28,48,0.56304,0.58333,7; 10; 28; 48; 25; 7; 30; 6
26,53,0.48477,0.49057,5; 7; 26; 53; 21; 8; 23; 5
21,42,0.44002,0.5,15; 7; 21; 42; 13; 13; 9; 15
8,77,0.27692,0.1039,5; 6; 8; 77; 16; 10; 17; 8
21,31,0.58491,0.67742,21; 5; 21; 31; 21; 5; 29; 9
9,10,0.79889,0.9,34; 31; 9; 10; 24; 24; 3; 22
38,42,0.69763,0.90476,9; 9; 38; 42; 18; 12; 18; 24
11,78,0.39635,0.14103,4; 3; 11; 78; 20; 25; 27; 16
15,26,0.65422,0.57692,12; 26; 15; 26; 23; 26; 15; 19
18,26,0.47493,0.69231,26; 8; 18; 26; 27; 23; 7; 4
9,78,0.31075,0.11538,4; 5; 9; 78; 10; 20; 30; 23
9,10,0.78402,0.9,10; 23; 9; 10; 7; 18; 3; 4
6,70,0.23774,0.08571,5; 9; 6; 70; 21; 32; 7; 24
6,78,0.27722,0.07692,6; 5; 6; 78; 10; 22; 18; 24
11,75,0.29591,0.14667,3; 5; 11; 75; 18; 23; 17; 6
6,82,0.35533,0.07317,5; 5; 6; 82; 13; 26; 32; 19
8,10,0.81178,0.8,34; 6; 8; 10; 4; 6; 17; 30
32,48,0.66148,0.66667,5; 6; 32; 48; 16; 29; 11; 29
20,42,0.42713,0.47619,11; 6; 20; 42; 26; 26; 12; 7
9,48,0.20598,0.1875,4; 7; 9; 48; 22; 16; 9; 4
6,63,0.16995,0.09524,13; 4; 6; 63; 31; 23; 16; 11
12,70,0.32281,0.17143,6; 7; 12; 70; 9; 27; 15; 4
12,53,0.25931,0.22642,13; 4; 12; 53; 19; 4; 13; 8
24,49,0.49549,0.4898,5; 10; 24; 49; 4; 4; 26; 24
24,31,0.55863,0.77419,16; 7; 24; 31; 10; 29; 17; 14
22,64,0.447,0.34375,6; 6; 22; 64; 9; 5; 20; 8
22,64,0.44506,0.34375,3; 6; 22; 64; 6; 7; 13; 9
7,82,0.37406,0.08537,4; 3; 7; 82; 22; 29; 23; 8
5,9,0.81914,0.55556,19; 28; 5; 9; 25; 5; 9; 22
35,48,0.69229,0.72917,7; 6; 35; 48; 26; 28; 11; 10
8,63,0.17286,0.12698,6; 13; 8; 63; 18; 16; 7; 21
6,82,0.33162,0.07317,4; 5; 6; 82; 18; 5; 31; 16
26,48,0.53384,0.54167,6; 8; 26; 48; 10; 14; 16; 28
7,70,0.19456,0.1,4; 10; 7; 70; 7; 28; 18; 27
12,32,0.61156,0.375,12; 9; 12; 32; 15; 14; 25; 18
7,9,0.80874,0.77778,41; 40; 7; 9; 19; 10; 12; 20
11,75,0.3168,0.14667,5; 6; 11; 75; 17; 15; 10; 8
24,32,0.60186,0.75,21; 4; 24; 32; 8; 19; 22; 29
8,82,0.39963,0.09756,4; 4; 8; 82; 20; 18; 13; 21
7,70,0.19724,0.1,7; 6; 7; 70; 21; 22; 4; 8
18,42,0.42768,0.42857,16; 18; 18; 42; 19; 8; 3; 27
10,32,0.52327,0.3125,17; 25; 10; 32; 12; 18; 30; 28
41,48,0.79969,0.85417,3; 4; 41; 48; 3; 26; 17; 28
5,9,0.82226,0.55556,32; 7; 5; 9; 12; 3; 23; 13
26,63,0.45442,0.4127,3; 4; 26; 63; 22; 17; 15; 14
23,31,0.5743,0.74194,9; 17; 23; 31; 20; 21; 25; 20
16,70,0.35232,0.22857,4; 5; 16; 70; 12; 29; 28; 24
8,10,0.81287,0.8,4; 25; 8; 10; 13; 17; 18; 27
10,75,0.28947,0.13333,4; 3; 10; 75; 31; 19; 4; 18
5,10,0.81358,0.5,33; 12; 5; 10; 28; 31; 30; 5
13,31,0.53174,0.41935,17; 26; 13; 31; 20; 7; 21; 9
6,10,0.8203,0.6,5; 27; 6; 10; 32; 15; 21; 14
6,82,0.3689,0.07317,4; 4; 6; 82; 26; 21; 6; 18
24,26,0.60431,0.92308,7; 17; 24; 26; 13; 11; 6; 23
12,78,0.37216,0.15385,3; 3; 12; 78; 11; 5; 23; 31
10,63,0.21779,0.15873,7; 7; 10; 63; 32; 29; 18; 15
7,75,0.24183,0.09333,6; 8; 7; 75; 18; 17; 29; 17
36,53,0.71372,0.67925,3; 3; 36; 53; 30; 6; 32; 21
9,78,0.33738,0.11538,5; 3; 9; 78; 29; 22; 7; 26
5,10,0.82197,0.5,15; 36; 5; 10; 8; 15; 24; 16
5,64,0.19214,0.07812,7; 5; 5; 64; 10; 3; 27; 27
11,77,0.33529,0.14286,5; 4; 11; 77; 16; 19; 23; 27
8,70,0.22239,0.11429,8; 10; 8; 70; 4; 6; 19; 12
8,77,0.28226,0.1039,6; 5; 8; 77; 19; 22; 22; 7
11,42,0.34073,0.2619,16; 12; 11; 42; 20; 4; 32; 16
41,42,0.74315,0.97619,4; 7; 41; 42; 32; 31; 14; 14
12,31,0.58571,0.3871,23; 13; 12; 31; 10; 18; 32; 31
16,32,0.48261,0.5,23; 23; 16; 32; 10; 4; 15; 19
15,42,0.39028,0.35714,16; 18; 15; 42; 27; 18; 13; 15
16,48,0.36627,0.33333,9; 10; 16; 48; 9; 28; 31; 7
14,63,0.29004,0.22222,8; 7; 14; 63; 24; 29; 21; 3
29,53,0.51839,0.54717,5; 5; 29; 53; 21; 27; 21; 17
27,32,0.59754,0.84375,4; 5; 27; 32; 20; 25; 4; 30
14,31,0.65277,0.45161,3; 4; 14; 31; 11; 18; 16; 26
5,75,0.27059,0.06667,4; 3; 5; 75; 10; 14; 20; 13
8,82,0.37486,0.09756,3; 4; 8; 82; 17; 5; 3; 8
8,82,0.39048,0.09756,3; 4; 8; 82; 19; 31; 11; 25
21,48,0.41667,0.4375,5; 11; 21; 48; 14; 12; 24; 14
7,9,0.83076,0.77778,33; 41; 7; 9; 31; 12; 26; 16
7,53,0.13746,0.13208,4; 10; 7; 53; 28; 13; 5; 14
23,42,0.46811,0.54762,8; 13; 23; 42; 10; 25; 3; 12
20,63,0.38144,0.31746,5; 4; 20; 63; 25; 5; 13; 12
26,32,0.59776,0.8125,20; 5; 26; 32; 23; 16; 7; 28
18,26,0.39725,0.69231,10; 24; 18; 26; 3; 20; 25; 19
29,53,0.54343,0.54717,6; 7; 29; 53; 15; 30; 18; 10
37,48,0.74727,0.77083,5; 6; 37; 48; 25; 3; 23; 9
19,26,0.62182,0.73077,21; 25; 19; 26; 29; 13; 11; 20
11,77,0.35092,0.14286,5; 4; 11; 77; 30; 7; 25; 19
10,64,0.22086,0.15625,12; 10; 10; 64; 7; 31; 17; 22
7,9,0.81071,0.77778,13; 11; 7; 9; 7; 7; 5; 22
5,63,0.18883,0.07937,14; 5; 5; 63; 10; 5; 18; 29
7,26,0.78319,0.26923,25; 3; 7; 26; 30; 32; 5; 5
5,9,0.83711,0.55556,42; 17; 5; 9; 3; 23; 30; 9
8,26,0.67149,0.30769,8; 17; 8; 26; 30; 21; 7; 23
8,78,0.3127,0.10256,3; 3; 8; 78; 19; 28; 11; 9
7,26,0.72212,0.26923,6; 32; 7; 26; 23; 3; 7; 16
8,10,0.81639,0.8,17; 22; 8; 10; 16; 22; 7; 13
7,70,0.21814,0.1,6; 7; 7; 70; 25; 22; 22; 23
10,53,0.14102,0.18868,8; 4; 10; 53; 21; 21; 10; 25
9,70,0.21799,0.12857,5; 4; 9; 70; 9; 16; 10; 16
7,9,0.81498,0.77778,25; 3; 7; 9; 22; 15; 16; 32
17,70,0.3887,0.24286,5; 4; 17; 70; 16; 17; 29; 31
13,48,0.31916,0.27083,9; 7; 13; 48; 28; 18; 24; 25
21,64,0.42761,0.32812,3; 3; 21; 64; 8; 4; 18; 27
12,75,0.29456,0.16,4; 4; 12; 75; 12; 24; 10; 22
23,31,0.81569,0.74194,4; 11; 23; 31; 26; 30; 18; 6
8,75,0.21341,0.10667,3; 3; 8; 75; 19; 17; 31; 30
19,48,0.39574,0.39583,7; 3; 19; 48; 14; 4; 25; 6
13,48,0.31211,0.27083,14; 14; 13; 48; 13; 14; 29; 21
20,70,0.42874,0.28571,4; 4; 20; 70; 5; 12; 7; 23
6,82,0.32915,0.07317,3; 3; 6; 82; 14; 13; 13; 25
9,10,0.81867,0.9,20; 10; 9; 10; 3; 16; 14; 25
20,32,0.78762,0.625,23; 4; 20; 32; 17; 20; 20; 31
9,78,0.3226,0.11538,4; 4; 9; 78; 11; 14; 30; 15
14,63,0.27178,0.22222,6; 10; 14; 63; 14; 27; 9; 22
8,53,0.17686,0.15094,11; 9; 8; 53; 20; 23; 23; 30
20,64,0.42412,0.3125,4; 3; 20; 64; 25; 26; 18; 17
19,63,0.37387,0.30159,7; 8; 19; 63; 7; 12; 3; 23
25,48,0.51562,0.52083,7; 6; 25; 48; 25; 26; 18; 26
11,77,0.34072,0.14286,5; 4; 11; 77; 16; 11; 28; 23
11,49,0.22226,0.22449,11; 4; 11; 49; 30; 27; 8; 13
9,48,0.24135,0.1875,7; 12; 9; 48; 27; 25; 23; 3
5,63,0.14857,0.07937,11; 5; 5; 63; 5; 31; 28; 21
5,10,0.8151,0.5,15; 28; 5; 10; 9; 3; 32; 4
6,82,0.29209,0.07317,4; 3; 6; 82; 25; 9; 26; 23
6,10,0.84077,0.6,15; 37; 6; 10; 31; 7; 7; 29
14,63,0.30443,0.22222,4; 7; 14; 63; 20; 24; 28; 6
13,48,0.35295,0.27083,16; 6; 13; 48; 6; 3; 29; 20
13,77,0.34741,0.16883,3; 3; 13; 77; 14; 11; 24; 15
6,9,0.82007,0.66667,32; 30; 6; 9; 15; 6; 32; 15
5,77,0.27851,0.06494,5; 8; 5; 77; 27; 18; 21; 24
21,26,0.55382,0.80769,23; 17; 21; 26; 18; 16; 26; 16
6,53,0.13216,0.11321,15; 5; 6; 53; 7; 27; 14; 29
9,78,0.30737,0.11538,5; 4; 9; 78; 5; 25; 11; 24
6,10,0.80088,0.6,18; 41; 6; 10; 19; 30; 19; 4
14,70,0.32588,0.2,5; 7; 14; 70; 13; 24; 3; 29
6,49,0.15502,0.12245,14; 14; 6; 49; 4; 9; 28; 8
5,9,0.83116,0.55556,4; 23; 5; 9; 25; 27; 13; 11
18,48,0.36719,0.375,3; 10; 18; 48; 3; 27; 9; 6
6,64,0.17474,0.09375,14; 9; 6; 64; 5; 5; 7; 7
15,70,0.33816,0.21429,6; 3; 15; 70; 7; 20; 28; 32
10,70,0.28229,0.14286,4; 3; 10; 70; 12; 9; 12; 18
18,32,0.59802,0.5625,12; 10; 18; 32; 20; 8; 23; 11
24,42,0.53322,0.57143,3; 11; 24; 42; 8; 18; 20; 16
22,26,0.63025,0.84615,7; 11; 22; 26; 23; 28; 15; 25
5,9,0.81734,0.55556,17; 42; 5; 9; 29; 11; 20; 32
7,64,0.17816,0.10938,6; 9; 7; 64; 4; 24; 17; 13
14,42,0.45222,0.33333,9; 8; 14; 42; 6; 19; 4; 17
17,31,0.56647,0.54839,21; 8; 17; 31; 17; 23; 7; 18
24,26,0.62437,0.92308,10; 12; 24; 26; 7; 14; 15; 32
7,10,0.829,0.7,29; 31; 7; 10; 20; 25; 7; 7
6,63,0.17993,0.09524,13; 9; 6; 63; 6; 7; 14; 16
20,64,0.39857,0.3125,3; 7; 20; 64; 14; 3; 26; 4
11,26,0.57206,0.42308,23; 28; 11; 26; 5; 14; 9; 25
5,70,0.20281,0.07143,3; 10; 5; 70; 5; 14; 18; 23
22,31,0.5327,0.70968,19; 16; 22; 31; 5; 19; 20; 15
20,32,0.44766,0.625,17; 4; 20; 32; 4; 17; 32; 31
7,31,0.66576,0.22581,3; 25; 7; 31; 8; 17; 14; 27
40,49,0.7868,0.81633,3; 3; 40; 49; 18; 22; 7; 14
6,78,0.28646,0.07692,5; 4; 6; 78; 11; 23; 16; 27
23,42,0.46759,0.54762,10; 14; 23; 42; 30; 7; 26; 28
8,82,0.38697,0.09756,4; 3; 8; 82; 30; 29; 9; 23
26,31,0.49889,0.83871,16; 18; 26; 31; 6; 25; 15; 3
8,31,0.47136,0.25806,3; 19; 8; 31; 5; 10; 31; 4
16,70,0.34822,0.22857,4; 6; 16; 70; 24; 3; 32; 9
7,9,0.80723,0.77778,8; 19; 7; 9; 13; 18; 29; 15
5,82,0.29221,0.06098,3; 4; 5; 82; 5; 12; 22; 4
10,53,0.22382,0.18868,10; 6; 10; 53; 30; 14; 11; 11
25,26,0.47858,0.96154,9; 7; 25; 26; 15; 32; 10; 25
13,42,0.39636,0.30952,5; 5; 13; 42; 11; 22; 18; 23
13,32,0.5399,0.40625,24; 15; 13; 32; 13; 16; 13; 10
36,48,0.69211,0.75,6; 6; 36; 48; 12; 17; 8; 18
7,9,0.81271,0.77778,39; 20; 7; 9; 3; 3; 27; 11
20,48,0.3924,0.41667,11; 5; 20; 48; 11; 27; 23; 29
9,31,0.69045,0.29032,10; 25; 9; 31; 32; 27; 7; 4
16,53,0.30249,0.30189,11; 4; 16; 53; 11; 26; 17; 23
40,49,0.76661,0.81633,3; 4; 40; 49; 17; 16; 27; 18
7,75,0.24841,0.09333,7; 5; 7; 75; 14; 5; 20; 6
6,70,0.19772,0.08571,7; 8; 6; 70; 3; 22; 17; 14
28,31,0.65457,0.90323,9; 19; 28; 31; 4; 24; 18; 18
9,32,0.71772,0.28125,24; 16; 9; 32; 25; 3; 6; 13
7,82,0.31931,0.08537,4; 3; 7; 82; 23; 17; 13; 30
12,77,0.34984,0.15584,4; 3; 12; 77; 29; 21; 4; 8
6,75,0.27883,0.08,8; 6; 6; 75; 16; 20; 15; 8
18,53,0.36865,0.33962,11; 10; 18; 53; 29; 22; 4; 26
8,32,0.59015,0.25,14; 5; 8; 32; 15; 22; 28; 26
8,75,0.25051,0.10667,7; 5; 8; 75; 10; 6; 29; 17
26,31,0.56019,0.83871,4; 14; 26; 31; 18; 7; 18; 3
13,77,0.34446,0.16883,3; 4; 13; 77; 26; 19; 23; 23
30,31,0.49683,0.96774,16; 4; 30; 31; 8; 24; 26; 17
10,77,0.33928,0.12987,3; 5; 10; 77; 7; 24; 31; 9
8,10,0.75605,0.8,11; 26; 8; 10; 32; 12; 29; 18
5,9,0.83133,0.55556,40; 22; 5; 9; 21; 10; 22; 9
26,32,0.51,0.8125,10; 20; 26; 32; 24; 17; 3; 32
20,53,0.3764,0.37736,9; 7; 20; 53; 18; 31; 13; 7
8,82,0.35859,0.09756,4; 4; 8; 82; 15; 19; 28; 30
8,75,0.26016,0.10667,4; 7; 8; 75; 24; 23; 18; 28
6,78,0.2413,0.07692,5; 7; 6; 78; 23; 5; 10; 26
10,75,0.27272,0.13333,3; 3; 10; 75; 19; 24; 14; 4
26,32,0.50484,0.8125,18; 7; 26; 32; 12; 11; 11; 28
12,70,0.34309,0.17143,7; 3; 12; 70; 18; 16; 11; 5
7,10,0.82903,0.7,39; 20; 7; 10; 26; 15; 7; 9
5,63,0.1893,0.07937,3; 13; 5; 63; 12; 17; 15; 23
6,9,0.7955,0.66667,17; 38; 6; 9; 13; 15; 24; 31
5,64,0.18853,0.07812,6; 12; 5; 64; 25; 23; 19; 30
25,26,0.5937,0.96154,13; 7; 25; 26; 22; 20; 5; 16
25,31,0.4478,0.80645,4; 3; 25; 31; 21; 29; 10; 21
7,9,0.80218,0.77778,38; 9; 7; 9; 18; 5; 3; 19
6,49,0.14316,0.12245,15; 12; 6; 49; 28; 21; 9; 21
14,63,0.30529,0.22222,10; 8; 14; 63; 10; 9; 20; 4
9,75,0.32073,0.12,5; 7; 9; 75; 22; 18; 14; 25
6,9,0.82278,0.66667,25; 23; 6; 9; 26; 7; 25; 11
20,70,0.39588,0.28571,4; 4; 20; 70; 6; 7; 24; 10
35,48,0.70514,0.72917,3; 5; 35; 48; 30; 4; 21; 20
9,31,0.62042,0.29032,6; 12; 9; 31; 29; 5; 30; 14
8,64,0.23148,0.125,12; 7; 8; 64; 25; 23; 7; 30
5,9,0.80758,0.55556,7; 41; 5; 9; 4; 5; 23; 3
13,77,0.34691,0.16883,4; 4; 13; 77; 22; 17; 21; 31
9,78,0.32777,0.11538,5; 3; 9; 78; 13; 12; 13; 15
20,70,0.41551,0.28571,3; 3; 20; 70; 10; 21; 26; 29
11,49,0.22222,0.22449,14; 4; 11; 49; 15; 29; 14; 19
9,78,0.35894,0.11538,4; 3; 9; 78; 11; 30; 27; 10
39,49,0.76596,0.79592,5; 3; 39; 49; 7; 14; 24; 10
7,78,0.34039,0.08974,4; 4; 7; 78; 15; 5; 29; 17
21,64,0.4127,0.32812,4; 6; 21; 64; 14; 4; 9; 23
17,48,0.38718,0.35417,8; 6; 17; 48; 26; 23; 21; 4
12,26,0.72437,0.46154,19; 24; 12; 26; 15; 17; 27; 18
15,70,0.34913,0.21429,6; 3; 15; 70; 16; 13; 31; 7
10,49,0.23497,0.20408,8; 19; 10; 49; 30; 17; 4; 12
8,31,0.71857,0.25806,3; 17; 8; 31; 26; 22; 25; 7
9,77,0.31937,0.11688,3; 4; 9; 77; 14; 24; 28; 19
13,75,0.35283,0.17333,3; 5; 13; 75; 5; 28; 9; 17
7,82,0.38806,0.08537,4; 4; 7; 82; 13; 8; 7; 20
9,75,0.28061,0.12,7; 6; 9; 75; 11; 24; 6; 15
10,48,0.20569,0.20833,5; 16; 10; 48; 23; 10; 31; 24
14,63,0.297,0.22222,3; 4; 14; 63; 30; 23; 9; 31
7,9,0.82023,0.77778,7; 26; 7; 9; 11; 3; 25; 18
23,26,0.66385,0.88462,7; 22; 23; 26; 20; 32; 17; 27
20,64,0.39035,0.3125,5; 7; 20; 64; 10; 10; 25; 32
15,70,0.36147,0.21429,5; 4; 15; 70; 15; 10; 5; 12
28,42,0.57837,0.66667,7; 14; 28; 42; 17; 3; 29; 10
8,26,0.64309,0.30769,26; 28; 8; 26; 27; 22; 17; 25
10,77,0.28756,0.12987,4; 3; 10; 77; 27; 22; 6; 5
7,10,0.82973,0.7,22; 27; 7; 10; 11; 32; 21; 6
13,26,0.48691,0.5,20; 11; 13; 26; 8; 25; 27; 21
10,32,0.44117,0.3125,13; 18; 10; 32; 9; 14; 13; 22
9,64,0.19896,0.14062,12; 10; 9; 64; 24; 25; 4; 22
13,75,0.37514,0.17333,4; 5; 13; 75; 18; 5; 20; 25
7,82,0.30201,0.08537,4; 3; 7; 82; 25; 9; 3; 32
21,26,0.53285,0.80769,19; 19; 21; 26; 17; 25; 12; 28
8,9,0.82839,0.88889,17; 24; 8; 9; 31; 8; 10; 12
6,53,0.16839,0.11321,16; 14; 6; 53; 19; 11; 8; 8
5,10,0.82674,0.5,3; 12; 5; 10; 32; 17; 3; 18
32,49,0.61875,0.65306,4; 5; 32; 49; 18; 31; 26; 4
6,82,0.35312,0.07317,3; 4; 6; 82; 25; 10; 29; 27
12,78,0.37283,0.15385,4; 4; 12; 78; 3; 6; 23; 5
10,78,0.34188,0.12821,5; 5; 10; 78; 14; 3; 5; 16
7,10,0.79486,0.7,10; 14; 7; 10; 27; 20; 12; 7
7,64,0.19625,0.10938,9; 10; 7; 64; 11; 28; 11; 10
5,48,0.17225,0.10417,18; 21; 5; 48; 28; 20; 9; 5
13,48,0.29288,0.27083,4; 9; 13; 48; 17; 26; 32; 8
8,70,0.22487,0.11429,3; 7; 8; 70; 28; 15; 25; 13
5,82,0.33482,0.06098,5; 5; 5; 82; 9; 4; 12; 28
24,26,0.48431,0.92308,7; 12; 24; 26; 8; 10; 5; 18
8,9,0.82982,0.88889,38; 14; 8; 9; 14; 3; 27; 8
20,26,0.60799,0.76923,25; 14; 20; 26; 25; 9; 7; 30
9,10,0.82664,0.9,24; 23; 9; 10; 19; 9; 14; 32
17,70,0.37274,0.24286,3; 3; 17; 70; 30; 4; 11; 3
14,75,0.34528,0.18667,3; 4; 14; 75; 13; 26; 10; 20
5,9,0.8339,0.55556,39; 4; 5; 9; 9; 10; 12; 10
34,49,0.67488,0.69388,7; 5; 34; 49; 8; 14; 10; 12
16,26,0.64936,0.61538,24; 9; 16; 26; 18; 23; 5; 18
6,9,0.82737,0.66667,40; 39; 6; 9; 23; 21; 7; 5
8,32,0.40922,0.25,17; 19; 8; 32; 30; 13; 5; 25
26,32,0.44663,0.8125,4; 8; 26; 32; 7; 15; 20; 14
10,63,0.21242,0.15873,10; 4; 10; 63; 27; 31; 14; 10
16,64,0.31607,0.25,7; 3; 16; 64; 15; 29; 16; 29
16,49,0.36455,0.32653,7; 15; 16; 49; 4; 16; 17; 7
20,32,0.59505,0.625,18; 10; 20; 32; 6; 22; 10; 22
9,31,0.34839,0.29032,12; 14; 9; 31; 10; 23; 29; 30
6,42,0.30542,0.14286,5; 18; 6; 42; 32; 8; 21; 28
9,26,0.68072,0.34615,20; 28; 9; 26; 23; 7; 19; 8
11,78,0.35355,0.14103,4; 3; 11; 78; 30; 14; 10; 25
14,70,0.29413,0.2,5; 7; 14; 70; 23; 15; 7; 5
5,63,0.14976,0.07937,10; 5; 5; 63; 31; 19; 28; 11
9,48,0.23833,0.1875,12; 9; 9; 48; 3; 15; 20; 32
7,9,0.81087,0.77778,34; 27; 7; 9; 32; 9; 23; 19
7,10,0.81208,0.7,19; 4; 7; 10; 3; 18; 21; 23
19,63,0.37371,0.30159,8; 6; 19; 63; 20; 13; 22; 23
5,82,0.3385,0.06098,5; 4; 5; 82; 23; 32; 11; 31
39,49,0.77624,0.79592,4; 4; 39; 49; 19; 31; 15; 22
11,78,0.35973,0.14103,4; 3; 11; 78; 9; 22; 14; 30
8,78,0.30596,0.10256,5; 4; 8; 78; 12; 30; 3; 14
14,42,0.31189,0.33333,6; 17; 14; 42; 13; 22; 6; 10
31,32,0.57662,0.96875,17; 11; 31; 32; 25; 13; 8; 10
8,78,0.29485,0.10256,5; 4; 8; 78; 18; 26; 31; 16
18,48,0.40515,0.375,16; 11; 18; 48; 23; 9; 12; 3
9,10,0.81956,0.9,12; 5; 9; 10; 21; 13; 19; 4
41,49,0.79389,0.83673,3; 4; 41; 49; 12; 5; 26; 23
37,53,0.74303,0.69811,4; 4; 37; 53; 31; 5; 19; 3
7,9,0.8226,0.77778,37; 35; 7; 9; 15; 25; 15; 26
20,42,0.45316,0.47619,10; 8; 20; 42; 21; 21; 26; 10
12,78,0.36154,0.15385,4; 3; 12; 78; 10; 28; 20; 12
20,32,0.52866,0.625,14; 13; 20; 32; 12; 9; 6; 23
7,63,0.17531,0.11111,10; 10; 7; 63; 27; 25; 4; 22
14,70,0.33113,0.2,6; 7; 14; 70; 18; 11; 4; 3
8,10,0.8352,0.8,34; 5; 8; 10; 10; 14; 8; 29
5,78,0.29297,0.0641,7; 5; 5; 78; 17; 28; 8; 26
30,48,0.58452,0.625,9; 10; 30; 48; 29; 24; 32; 3
32,42,0.62779,0.7619,12; 12; 32; 42; 27; 20; 20; 9
14,31,0.41185,0.45161,21; 19; 14; 31; 30; 29; 9; 19
29,49,0.55267,0.59184,6; 10; 29; 49; 14; 18; 17; 17
25,64,0.43942,0.39062,4; 4; 25; 64; 11; 26; 25; 31
7,82,0.37023,0.08537,3; 3; 7; 82; 8; 18; 18; 29
15,63,0.30262,0.2381,7; 4; 15; 63; 8; 13; 25; 26
6,9,0.81545,0.66667,26; 39; 6; 9; 12; 8; 9; 27
27,49,0.53413,0.55102,6; 6; 27; 49; 32; 18; 30; 8
11,78,0.33998,0.14103,3; 4; 11; 78; 12; 14; 10; 21
16,32,0.52591,0.5,12; 5; 16; 32; 14; 5; 8; 14
24,26,0.54924,0.92308,9; 3; 24; 26; 17; 11; 29; 14
23,42,0.62414,0.54762,10; 11; 23; 42; 5; 24; 25; 22
15,70,0.33783,0.21429,4; 4; 15; 70; 32; 5; 18; 5
10,70,0.2846,0.14286,4; 8; 10; 70; 21; 15; 31; 17
10,77,0.29659,0.12987,5; 4; 10; 77; 7; 4; 23; 14
17,48,0.3742,0.35417,16; 12; 17; 48; 22; 18; 28; 4
9,78,0.33257,0.11538,3; 5; 9; 78; 8; 21; 14; 30
21,31,0.491,0.67742,20; 23; 21; 31; 20; 12; 32; 29
30,48,0.63148,0.625,3; 10; 30; 48; 29; 17; 28; 4
10,53,0.20774,0.18868,4; 6; 10; 53; 8; 10; 16; 18
9,78,0.31322,0.11538,4; 4; 9; 78; 9; 29; 24; 4
7,64,0.19237,0.10938,9; 4; 7; 64; 19; 26; 8; 19
5,78,0.24415,0.0641,3; 5; 5; 78; 15; 8; 7; 21
28,49,0.54174,0.57143,10; 10; 28; 49; 18; 9; 20; 16
26,42,0.53197,0.61905,10; 13; 26; 42; 17; 25; 5; 18
21,31,0.59758,0.67742,13; 16; 21; 31; 14; 19; 8; 16
23,53,0.42256,0.43396,3; 10; 23; 53; 9; 3; 29; 23
5,77,0.25053,0.06494,4; 7; 5; 77; 15; 11; 16; 32
13,63,0.2476,0.20635,9; 4; 13; 63; 13; 29; 28; 8
17,31,0.557,0.54839,4; 16; 17; 31; 15; 25; 18; 3
18,64,0.37068,0.28125,3; 7; 18; 64; 23; 15; 24; 7
20,70,0.40836,0.28571,3; 4; 20; 70; 4; 25; 24; 19
7,9,0.84304,0.77778,35; 7; 7; 9; 12; 20; 3; 27
6,42,0.25718,0.14286,6; 10; 6; 42; 12; 22; 10; 32
14,31,0.52084,0.45161,25; 26; 14; 31; 9; 22; 17; 27
11,77,0.38399,0.14286,3; 4; 11; 77; 22; 6; 9; 15
25,48,0.51006,0.52083,7; 10; 25; 48; 14; 5; 28; 18
7,70,0.2381,0.1,3; 4; 7; 70; 8; 13; 14; 26
37,49,0.73286,0.7551,3; 4; 37; 49; 29; 31; 3; 30
7,10,0.79992,0.7,35; 7; 7; 10; 11; 12; 13; 8
16,26,0.7064,0.61538,3; 28; 16; 26; 12; 14; 6; 7
20,53,0.40483,0.37736,6; 8; 20; 53; 18; 23; 16; 26
8,42,0.3094,0.19048,22; 23; 8; 42; 15; 3; 23; 6
15,42,0.44895,0.35714,7; 16; 15; 42; 7; 21; 15; 6
5,70,0.19175,0.07143,10; 11; 5; 70; 28; 9; 23; 8
6,42,0.28148,0.14286,12; 7; 6; 42; 11; 10; 13; 16
6,10,0.82429,0.6,37; 40; 6; 10; 13; 18; 21; 3
29,49,0.58555,0.59184,5; 9; 29; 49; 14; 11; 31; 19
23,26,0.6388,0.88462,20; 23; 23; 26; 24; 25; 20; 14
9,10,0.78915,0.9,34; 13; 9; 10; 29; 8; 7; 28
20,26,0.49726,0.76923,9; 11; 20; 26; 12; 12; 23; 4
6,82,0.32893,0.07317,4; 3; 6; 82; 27; 13; 16; 16
22,26,0.55354,0.84615,10; 10; 22; 26; 30; 6; 4; 13
8,75,0.3003,0.10667,6; 6; 8; 75; 25; 3; 8; 24
5,63,0.18178,0.07937,11; 15; 5; 63; 8; 29; 28; 21
9,70,0.24131,0.12857,6; 9; 9; 70; 27; 12; 23; 4
7,70,0.27088,0.1,9; 10; 7; 70; 22; 30; 9; 5
9,10,0.8103,0.9,6; 19; 9; 10; 12; 21; 18; 32
8,9,0.80697,0.88889,16; 4; 8; 9; 14; 4; 8; 20
8,10,0.80945,0.8,5; 8; 8; 10; 17; 29; 5; 28
11,49,0.25487,0.22449,19; 7; 11; 49; 26; 13; 19; 7
9,10,0.81952,0.9,36; 17; 9; 10; 23; 19; 23; 7
25,63,0.45126,0.39683,4; 4; 25; 63; 24; 14; 29; 27
7,77,0.28602,0.09091,4; 5; 7; 77; 15; 6; 20; 6
5,49,0.12639,0.10204,6; 3; 5; 49; 11; 20; 27; 13
29,49,0.60847,0.59184,8; 9; 29; 49; 9; 4; 3; 21
11,70,0.2886,0.15714,7; 5; 11; 70; 18; 22; 9; 11
8,82,0.31718,0.09756,4; 4; 8; 82; 32; 5; 8; 7
5,9,0.78267,0.55556,36; 33; 5; 9; 32; 32; 3; 16
11,78,0.37901,0.14103,4; 4; 11; 78; 9; 19; 30; 30
35,53,0.66036,0.66038,3; 4; 35; 53; 15; 19; 3; 29
16,31,0.4286,0.51613,6; 16; 16; 31; 8; 25; 22; 4
19,26,0.74322,0.73077,9; 11; 19; 26; 3; 19; 21; 23
27,31,0.6036,0.87097,14; 9; 27; 31; 8; 15; 21; 10
25,42,0.53713,0.59524,14; 9; 25; 42; 15; 27; 19; 12
25,31,0.5672,0.80645,9; 16; 25; 31; 16; 12; 19; 9
15,53,0.28452,0.28302,4; 15; 15; 53; 3; 13; 25; 23
40,42,0.70817,0.95238,7; 8; 40; 42; 14; 12; 18; 30
36,48,0.718,0.75,7; 3; 36; 48; 10; 11; 4; 20
23,48,0.47514,0.47917,3; 9; 23; 48; 17; 9; 18; 27
7,70,0.26712,0.1,6; 3; 7; 70; 20; 7; 20; 23
5,9,0.82571,0.55556,5; 13; 5; 9; 27; 29; 14; 23
12,77,0.37836,0.15584,4; 4; 12; 77; 29; 29; 18; 8
10,64,0.23729,0.15625,6; 9; 10; 64; 31; 26; 7; 15
21,42,0.4856,0.5,9; 16; 21; 42; 12; 20; 25; 3
5,10,0.8228,0.5,4; 8; 5; 10; 23; 27; 15; 30
30,53,0.54352,0.56604,6; 5; 30; 53; 14; 21; 29; 29
6,82,0.33445,0.07317,5; 3; 6; 82; 29; 20; 4; 26
11,64,0.26771,0.17188,8; 3; 11; 64; 20; 17; 29; 6
7,63,0.18738,0.11111,5; 4; 7; 63; 22; 19; 22; 16
17,49,0.34271,0.34694,3; 7; 17; 49; 27; 18; 3; 6
15,31,0.50769,0.48387,7; 5; 15; 31; 6; 8; 15; 28
19,53,0.35425,0.35849,7; 10; 19; 53; 9; 8; 27; 5
29,42,0.59789,0.69048,12; 10; 29; 42; 31; 15; 6; 27
11,78,0.34563,0.14103,4; 3; 11; 78; 12; 18; 19; 8
17,53,0.32214,0.32075,8; 4; 17; 53; 9; 24; 22; 29
15,70,0.33837,0.21429,4; 4; 15; 70; 9; 6; 17; 7
16,64,0.32402,0.25,8; 4; 16; 64; 20; 14; 19; 18
16,26,0.56395,0.61538,23; 15; 16; 26; 31; 7; 12; 8
23,48,0.44869,0.47917,10; 3; 23; 48; 28; 9; 20; 26
8,32,0.58624,0.25,12; 19; 8; 32; 30; 21; 24; 5
16,63,0.29797,0.25397,6; 7; 16; 63; 23; 10; 29; 31
7,78,0.32519,0.08974,6; 3; 7; 78; 13; 28; 5; 23
9,77,0.32421,0.11688,3; 3; 9; 77; 25; 3; 14; 14
5,77,0.32077,0.06494,4; 4; 5; 77; 32; 10; 27; 21
28,32,0.58596,0.875,15; 13; 28; 32; 6; 25; 4; 23
17,70,0.33556,0.24286,4; 5; 17; 70; 12; 15; 28; 4
21,32,0.53561,0.65625,11; 15; 21; 32; 18; 3; 9; 18
5,9,0.82552,0.55556,33; 22; 5; 9; 16; 10; 13; 24
5,82,0.2912,0.06098,3; 4; 5; 82; 4; 16; 9; 21
22,53,0.39067,0.41509,6; 3; 22; 53; 14; 15; 9; 30
6,77,0.29881,0.07792,5; 6; 6; 77; 18; 24; 17; 12
6,75,0.29794,0.08,3; 5; 6; 75; 6; 18; 21; 18
5,77,0.29675,0.06494,8; 3; 5; 77; 30; 9; 10; 26
11,42,0.26405,0.2619,14; 17; 11; 42; 12; 28; 7; 10
7,42,0.25878,0.16667,11; 21; 7; 42; 25; 20; 13; 30
9,31,0.59558,0.29032,26; 23; 9; 31; 16; 16; 26; 20
14,63,0.29584,0.22222,3; 3; 14; 63; 17; 26; 25; 6
10,77,0.33775,0.12987,5; 4; 10; 77; 16; 29; 28; 11
33,48,0.64041,0.6875,8; 7; 33; 48; 10; 12; 21; 29
7,75,0.30804,0.09333,8; 5; 7; 75; 6; 9; 7; 24
23,53,0.44263,0.43396,9; 7; 23; 53; 12; 10; 22; 10
41,48,0.79182,0.85417,4; 4; 41; 48; 12; 29; 31; 4
29,53,0.55789,0.54717,8; 5; 29; 53; 22; 28; 13; 14
9,49,0.20169,0.18367,17; 13; 9; 49; 13; 26; 11; 29
23,63,0.41328,0.36508,5; 4; 23; 63; 21; 19; 4; 32
24,26,0.60039,0.92308,21; 16; 24; 26; 28; 24; 29; 7
19,31,0.61015,0.6129,8; 5; 19; 31; 27; 17; 17; 7
10,75,0.30795,0.13333,4; 5; 10; 75; 5; 27; 20; 6
23,26,0.71878,0.88462,6; 13; 23; 26; 10; 7; 28; 14
18,48,0.40133,0.375,9; 11; 18; 48; 31; 3; 13; 24
37,53,0.74437,0.69811,3; 3; 37; 53; 23; 32; 17; 7
14,75,0.36745,0.18667,3; 3; 14; 75; 8; 28; 22; 4
14,26,0.56232,0.53846,22; 10; 14; 26; 24; 3; 32; 24
5,75,0.28927,0.06667,6; 7; 5; 75; 20; 18; 23; 31
8,9,0.81528,0.88889,16; 13; 8; 9; 4; 17; 8; 24
12,63,0.24612,0.19048,6; 5; 12; 63; 26; 27; 32; 4
30,48,0.57579,0.625,7; 7; 30; 48; 13; 4; 21; 32
10,75,0.24035,0.13333,3; 6; 10; 75; 3; 5; 13; 17
19,63,0.36822,0.30159,8; 4; 19; 63; 25; 11; 27; 20
6,82,0.29358,0.07317,5; 3; 6; 82; 11; 28; 15; 31
26,64,0.45161,0.40625,4; 4; 26; 64; 26; 19; 9; 25
28,42,0.58222,0.66667,12; 3; 28; 42; 12; 12; 21; 23
18,32,0.46401,0.5625,5; 10; 18; 32; 14; 3; 23; 26
11,32,0.60618,0.34375,18; 4; 11; 32; 27; 28; 4; 28
9,48,0.20391,0.1875,10; 16; 9; 48; 21; 22; 25; 16
6,82,0.3255,0.07317,4; 4; 6; 82; 24; 3; 20; 14
14,31,0.53683,0.45161,5; 3; 14; 31; 13; 12; 22; 32
7,9,0.8168,0.77778,14; 20; 7; 9; 11; 28; 19; 21
21,42,0.45937,0.5,12; 6; 21; 42; 7; 8; 14; 24
8,78,0.2814,0.10256,4; 5; 8; 78; 28; 20; 18; 17
30,48,0.59555,0.625,9; 3; 30; 48; 9; 24; 24; 8
7,53,0.17215,0.13208,15; 17; 7; 53; 10; 14; 6; 31
26,53,0.47868,0.49057,6; 3; 26; 53; 20; 18; 18; 19
17,31,0.51846,0.54839,6; 10; 17; 31; 7; 4; 27; 28
5,42,0.27668,0.11905,19; 11; 5; 42; 15; 27; 8; 8
15,64,0.30262,0.23438,9; 7; 15; 64; 31; 26; 25; 14
20,63,0.40152,0.31746,5; 5; 20; 63; 28; 10; 24; 10
19,49,0.37367,0.38776,9; 5; 19; 49; 31; 23; 3; 28
13,26,0.65781,0.5,14; 28; 13; 26; 22; 21; 4; 29
5,78,0.31869,0.0641,6; 4; 5; 78; 11; 17; 11; 19
23,63,0.43519,0.36508,4; 6; 23; 63; 32; 18; 14; 15
6,78,0.31309,0.07692,6; 7; 6; 78; 13; 5; 5; 29
17,26,0.75368,0.65385,23; 21; 17; 26; 18; 27; 11; 30
26,53,0.4709,0.49057,4; 9; 26; 53; 11; 18; 19; 11
6,64,0.19674,0.09375,7; 4; 6; 64; 26; 30; 18; 3
26,31,0.60911,0.83871,12; 17; 26; 31; 29; 26; 5; 19
8,82,0.32772,0.09756,3; 3; 8; 82; 3; 4; 15; 28
24,26,0.66106,0.92308,4; 7; 24; 26; 3; 22; 16; 29
29,49,0.58644,0.59184,7; 5; 29; 49; 24; 12; 4; 5
6,70,0.16941,0.08571,4; 10; 6; 70; 11; 26; 3; 20
23,63,0.42728,0.36508,5; 4; 23; 63; 27; 9; 10; 6
5,82,0.3248,0.06098,3; 5; 5; 82; 26; 24; 18; 9
16,32,0.8044,0.5,20; 25; 16; 32; 24; 12; 13; 3
6,10,0.83678,0.6,7; 8; 6; 10; 5; 11; 4; 26
9,10,0.79928,0.9,19; 4; 9; 10; 24; 6; 23; 22
18,64,0.37623,0.28125,6; 3; 18; 64; 27; 30; 5; 30
30,42,0.62672,0.71429,8; 13; 30; 42; 7; 11; 22; 22
10,63,0.21822,0.15873,6; 11; 10; 63; 32; 5; 6; 32
8,32,0.79601,0.25,14; 14; 8; 32; 29; 3; 11; 12
23,48,0.44604,0.47917,4; 4; 23; 48; 5; 28; 6; 27
14,32,0.40068,0.4375,20; 5; 14; 32; 3; 20; 15; 7
6,10,0.8244,0.6,8; 21; 6; 10; 14; 22; 12; 16
10,78,0.33889,0.12821,5; 5; 10; 78; 29; 17; 4; 14
5,82,0.35505,0.06098,5; 5; 5; 82; 30; 27; 8; 14
8,42,0.28433,0.19048,10; 5; 8; 42; 19; 32; 15; 15
10,70,0.27069,0.14286,5; 4; 10; 70; 4; 4; 11; 19
27,53,0.50855,0.50943,9; 5; 27; 53; 26; 14; 26; 26
17,49,0.33638,0.34694,7; 4; 17; 49; 13; 30; 8; 26
27,48,0.55139,0.5625,7; 9; 27; 48; 28; 12; 10; 19
12,75,0.34588,0.16,3; 5; 12; 75; 21; 12; 12; 11
15,75,0.35646,0.2,3; 3; 15; 75; 23; 18; 9; 23
9,10,0.81248,0.9,36; 7; 9; 10; 16; 12; 25; 3
20,48,0.40231,0.41667,3; 13; 20; 48; 13; 22; 18; 28
17,70,0.36098,0.24286,3; 4; 17; 70; 4; 19; 17; 32
18,32,0.47808,0.5625,20; 12; 18; 32; 29; 21; 25; 8
23,31,0.59551,0.74194,8; 21; 23; 31; 12; 19; 3; 9
7,32,0.62544,0.21875,22; 11; 7; 32; 5; 6; 3; 20
9,64,0.24581,0.14062,10; 12; 9; 64; 26; 27; 25; 8
27,32,0.65759,0.84375,9; 13; 27; 32; 23; 14; 8; 11
8,64,0.17024,0.125,6; 12; 8; 64; 22; 23; 5; 6
8,10,0.77186,0.8,26; 8; 8; 10; 11; 6; 17; 11
30,49,0.59383,0.61224,9; 6; 30; 49; 19; 17; 19; 12
13,48,0.30722,0.27083,4; 6; 13; 48; 18; 25; 26; 19
8,49,0.16746,0.16327,15; 7; 8; 49; 20; 28; 26; 19
29,48,0.57667,0.60417,9; 3; 29; 48; 17; 22; 16; 12
6,9,0.8273,0.66667,41; 30; 6; 9; 18; 24; 6; 26
6,70,0.18849,0.08571,3; 6; 6; 70; 26; 31; 15; 9
24,64,0.43667,0.375,4; 5; 24; 64; 10; 17; 15; 10
20,70,0.41116,0.28571,4; 3; 20; 70; 30; 26; 13; 5
6,9,0.82515,0.66667,26; 18; 6; 9; 5; 5; 18; 17
13,42,0.3666,0.30952,17; 15; 13; 42; 20; 15; 30; 15
38,48,0.76382,0.79167,3; 3; 38; 48; 4; 9; 9; 21
17,53,0.35307,0.32075,5; 6; 17; 53; 26; 29; 14; 25
23,49,0.47632,0.46939,5; 3; 23; 49; 11; 11; 11; 22
6,78,0.34833,0.07692,6; 5; 6; 78; 12; 17; 28; 15
6,78,0.27302,0.07692,6; 6; 6; 78; 5; 9; 9; 29
6,10,0.83446,0.6,8; 9; 6; 10; 25; 17; 9; 32
9,70,0.24128,0.12857,5; 6; 9; 70; 18; 12; 25; 20
11,75,0.33783,0.14667,4; 5; 11; 75; 31; 7; 21; 15
5,77,0.29583,0.06494,6; 5; 5; 77; 15; 15; 8; 18
9,49,0.1758,0.18367,18; 17; 9; 49; 11; 31; 31; 20
17,70,0.37416,0.24286,3; 5; 17; 70; 27; 12; 16; 21
6,75,0.28371,0.08,6; 3; 6; 75; 26; 8; 5; 12
22,63,0.43433,0.34921,4; 3; 22; 63; 28; 7; 26; 25
20,63,0.38669,0.31746,6; 4; 20; 63; 29; 9; 27; 5
7,82,0.33913,0.08537,3; 4; 7; 82; 32; 3; 26; 13
7,77,0.32282,0.09091,3; 5; 7; 77; 22; 12; 17; 30
7,32,0.73426,0.21875,12; 9; 7; 32; 19; 6; 14; 27
17,32,0.49856,0.53125,14; 15; 17; 32; 27; 24; 14; 32
8,32,0.49776,0.25,8; 27; 8; 32; 12; 17; 15; 5
18,32,0.57149,0.5625,14; 20; 18; 32; 6; 6; 9; 28
23,31,0.50576,0.74194,6; 7; 23; 31; 5; 5; 8; 17
10,63,0.25966,0.15873,9; 6; 10; 63; 32; 28; 5; 26
10,78,0.37834,0.12821,4; 5; 10; 78; 23; 8; 21; 17
21,64,0.4135,0.32812,3; 3; 21; 64; 25; 18; 10; 15
9,10,0.80108,0.9,23; 23; 9; 10; 21; 23; 24; 21
6,82,0.30217,0.07317,4; 5; 6; 82; 15; 23; 20; 30
29,31,0.60249,0.93548,3; 12; 29; 31; 12; 31; 9; 25
7,9,0.79722,0.77778,12; 38; 7; 9; 17; 9; 14; 17
16,70,0.3648,0.22857,6; 5; 16; 70; 13; 30; 4; 14
12,78,0.34603,0.15385,3; 3; 12; 78; 12; 23; 15; 8
13,77,0.37524,0.16883,4; 3; 13; 77; 7; 24; 26; 32
15,32,0.59188,0.46875,25; 3; 15; 32; 7; 8; 11; 32
22,63,0.42194,0.34921,4; 3; 22; 63; 3; 3; 18; 29
7,9,0.82254,0.77778,21; 5; 7; 9; 29; 21; 12; 30
23,53,0.41424,0.43396,7; 4; 23; 53; 5; 19; 4; 21
12,77,0.30251,0.15584,4; 4; 12; 77; 16; 20; 8; 30
12,53,0.25341,0.22642,4; 3; 12; 53; 27; 27; 12; 3
8,26,0.58843,0.30769,14; 10; 8; 26; 15; 30; 7; 12
19,70,0.41709,0.27143,4; 4; 19; 70; 18; 18; 28; 18
35,53,0.66529,0.66038,3; 4; 35; 53; 17; 31; 20; 25
8,9,0.79959,0.88889,18; 29; 8; 9; 8; 19; 32; 10
23,31,0.56616,0.74194,4; 15; 23; 31; 16; 11; 30; 9
5,32,0.64318,0.15625,24; 20; 5; 32; 8; 8; 27; 15
18,26,0.54954,0.69231,26; 5; 18; 26; 10; 20; 30; 20
28,48,0.56907,0.58333,10; 4; 28; 48; 30; 26; 14; 26
14,75,0.38613,0.18667,3; 4; 14; 75; 25; 21; 4; 29
37,53,0.70693,0.69811,3; 4; 37; 53; 28; 26; 10; 11
5,75,0.25245,0.06667,4; 4; 5; 75; 23; 9; 7; 8
8,75,0.27666,0.10667,3; 7; 8; 75; 20; 25; 15; 17
6,9,0.82263,0.66667,17; 14; 6; 9; 18; 8; 22; 13
11,77,0.3101,0.14286,4; 4; 11; 77; 5; 32; 27; 24
32,48,0.62172,0.66667,3; 5; 32; 48; 4; 28; 28; 24
6,9,0.81818,0.66667,28; 3; 6; 9; 4; 6; 20; 6
13,26,0.55905,0.5,16; 14; 13; 26; 15; 21; 11; 27
12,75,0.341,0.16,5; 5; 12; 75; 20; 6; 19; 15
5,75,0.29452,0.06667,3; 9; 5; 75; 30; 19; 25; 5
5,78,0.27033,0.0641,6; 4; 5; 78; 6; 19; 5; 15
6,82,0.37996,0.07317,5; 4; 6; 82; 20; 30; 28; 7
21,32,0.55525,0.65625,6; 21; 21; 32; 8; 19; 7; 9
5,26,0.74319,0.19231,28; 21; 5; 26; 3; 23; 4; 12
22,31,0.50957,0.70968,7; 22; 22; 31; 10; 22; 26; 21
36,49,0.73003,0.73469,4; 4; 36; 49; 6; 28; 13; 29
35,48,0.68787,0.72917,4; 3; 35; 48; 23; 9; 24; 21
5,9,0.83659,0.55556,3; 23; 5; 9; 30; 14; 6; 12
18,70,0.40573,0.25714,5; 4; 18; 70; 14; 18; 3; 19
12,70,0.3209,0.17143,4; 3; 12; 70; 26; 25; 28; 11
34,49,0.65733,0.69388,6; 7; 34; 49; 5; 11; 20; 25
10,77,0.2698,0.12987,5; 5; 10; 77; 16; 4; 26; 23
14,63,0.28303,0.22222,7; 7; 14; 63; 32; 4; 19; 14
8,9,0.83052,0.88889,19; 30; 8; 9; 24; 3; 24; 9
19,63,0.39184,0.30159,3; 5; 19; 63; 10; 18; 19; 27
24,53,0.46008,0.45283,6; 6; 24; 53; 15; 11; 15; 25
7,9,0.80498,0.77778,6; 30; 7; 9; 5; 17; 12; 18
17,26,0.57503,0.65385,14; 11; 17; 26; 12; 7; 32; 16
5,10,0.81321,0.5,17; 27; 5; 10; 4; 11; 12; 12
12,48,0.27625,0.25,7; 11; 12; 48; 11; 22; 14; 30
8,82,0.32934,0.09756,4; 3; 8; 82; 20; 22; 25; 12
15,32,0.53203,0.46875,17; 22; 15; 32; 21; 30; 17; 29
22,49,0.43594,0.44898,4; 9; 22; 49; 21; 16; 31; 7
5,9,0.82468,0.55556,13; 11; 5; 9; 25; 31; 14; 21
7,10,0.83647,0.7,14; 39; 7; 10; 11; 23; 29; 14
36,42,0.65028,0.85714,4; 8; 36; 42; 23; 14; 13; 31
32,42,0.65495,0.7619,5; 12; 32; 42; 24; 28; 10; 7
6,70,0.19809,0.08571,10; 7; 6; 70; 3; 27; 14; 25
18,53,0.3449,0.33962,12; 12; 18; 53; 7; 23; 20; 5
16,70,0.33503,0.22857,6; 3; 16; 70; 17; 23; 19; 3
8,9,0.80183,0.88889,31; 5; 8; 9; 17; 12; 30; 18
6,26,0.77892,0.23077,5; 17; 6; 26; 16; 11; 30; 29
11,78,0.30716,0.14103,3; 4; 11; 78; 5; 31; 9; 12
19,53,0.37896,0.35849,5; 5; 19; 53; 15; 25; 32; 11
7,42,0.21014,0.16667,4; 5; 7; 42; 28; 32; 4; 13
7,42,0.24916,0.16667,4; 10; 7; 42; 27; 10; 8; 14
5,53,0.15036,0.09434,13; 8; 5; 53; 29; 8; 14; 16
18,26,0.542,0.69231,27; 10; 18; 26; 5; 26; 9; 19
19,32,0.5318,0.59375,11; 23; 19; 32; 24; 8; 31; 16
10,75,0.31746,0.13333,3; 4; 10; 75; 4; 8; 3; 7
14,48,0.30834,0.29167,15; 11; 14; 48; 17; 17; 4; 25
9,42,0.26997,0.21429,19; 12; 9; 42; 9; 27; 9; 21
19,70,0.39185,0.27143,3; 4; 19; 70; 12; 24; 13; 29
10,31,0.78079,0.32258,26; 17; 10; 31; 11; 13; 22; 9
15,53,0.29898,0.28302,10; 8; 15; 53; 30; 27; 23; 13
28,42,0.5806,0.66667,6; 5; 28; 42; 15; 32; 19; 5
5,82,0.34882,0.06098,3; 4; 5; 82; 20; 13; 21; 26
9,64,0.22047,0.14062,3; 10; 9; 64; 32; 5; 9; 3
10,31,0.48976,0.32258,10; 19; 10; 31; 28; 9; 32; 23
11,32,0.55985,0.34375,22; 13; 11; 32; 5; 30; 16; 10
8,78,0.31499,0.10256,3; 6; 8; 78; 19; 4; 32; 6
14,75,0.36957,0.18667,4; 4; 14; 75; 3; 5; 11; 15
14,64,0.27429,0.21875,9; 10; 14; 64; 4; 10; 8; 26
10,70,0.30683,0.14286,9; 4; 10; 70; 14; 18; 17; 26
16,31,0.46464,0.51613,22; 25; 16; 31; 7; 21; 8; 3
7,10,0.77339,0.7,40; 24; 7; 10; 18; 18; 9; 8
37,49,0.72664,0.7551,5; 4; 37; 49; 28; 14; 4; 19
12,63,0.27716,0.19048,11; 11; 12; 63; 22; 22; 23; 21
5,77,0.2369,0.06494,7; 4; 5; 77; 12; 10; 17; 4
7,78,0.32228,0.08974,3; 4; 7; 78; 17; 21; 22; 20
12,26,0.61801,0.46154,19; 8; 12; 26; 9; 16; 9; 16
9,78,0.27439,0.11538,5; 3; 9; 78; 19; 4; 29; 27
27,31,0.59753,0.87097,8; 11; 27; 31; 18; 13; 27; 14
6,75,0.24515,0.08,8; 7; 6; 75; 16; 17; 9; 19
11,78,0.32832,0.14103,3; 4; 11; 78; 19; 24; 26; 26
14,63,0.29932,0.22222,3; 4; 14; 63; 16; 29; 7; 19
13,64,0.27979,0.20312,6; 8; 13; 64; 23; 26; 29; 15
13,32,0.82446,0.40625,12; 7; 13; 32; 3; 13; 17; 30
22,26,0.51565,0.84615,7; 18; 22; 26; 10; 12; 29; 8
7,77,0.2603,0.09091,6; 7; 7; 77; 16; 19; 9; 15
29,48,0.58185,0.60417,10; 8; 29; 48; 16; 4; 29; 12
10,78,0.36387,0.12821,5; 3; 10; 78; 30; 11; 22; 28
7,10,0.83009,0.7,21; 30; 7; 10; 25; 31; 19; 3
9,78,0.33809,0.11538,4; 5; 9; 78; 26; 20; 31; 16
5,82,0.30447,0.06098,5; 3; 5; 82; 31; 5; 10; 13
10,32,0.60364,0.3125,25; 16; 10; 32; 18; 6; 23; 12
8,82,0.33365,0.09756,3; 3; 8; 82; 27; 18; 26; 16
11,26,0.60711,0.42308,13; 14; 11; 26; 32; 14; 15; 10
22,42,0.48413,0.52381,15; 15; 22; 42; 7; 26; 15; 17
6,9,0.82414,0.66667,9; 39; 6; 9; 4; 32; 8; 26
11,42,0.43347,0.2619,9; 18; 11; 42; 31; 14; 20; 8
12,78,0.35821,0.15385,3; 3; 12; 78; 5; 11; 7; 12
8,82,0.37433,0.09756,4; 4; 8; 82; 16; 6; 27; 3
15,75,0.38352,0.2,3; 4; 15; 75; 17; 26; 8; 23
10,64,0.21696,0.15625,6; 8; 10; 64; 19; 16; 3; 11
9,70,0.22658,0.12857,9; 7; 9; 70; 29; 14; 26; 8
15,26,0.58178,0.57692,25; 10; 15; 26; 3; 9; 13; 20
32,53,0.63458,0.60377,4; 3; 32; 53; 15; 22; 21; 6
23,53,0.42889,0.43396,8; 3; 23; 53; 13; 23; 30; 24
42,48,0.78114,0.875,3; 3; 42; 48; 9; 17; 17; 31
9,42,0.25821,0.21429,15; 23; 9; 42; 8; 20; 31; 6
30,32,0.57302,0.9375,8; 9; 30; 32; 5; 20; 14; 25
6,82,0.29423,0.07317,5; 5; 6; 82; 10; 25; 12; 25
39,48,0.74558,0.8125,4; 3; 39; 48; 27; 6; 28; 21
9,64,0.20971,0.14062,8; 10; 9; 64; 28; 16; 6; 15
14,42,0.37803,0.33333,15; 20; 14; 42; 27; 17; 5; 12
7,32,0.5761,0.21875,14; 21; 7; 32; 9; 5; 28; 8
17,48,0.38889,0.35417,14; 11; 17; 48; 13; 14; 11; 18
12,75,0.33501,0.16,5; 3; 12; 75; 26; 6; 25; 19
6,63,0.17625,0.09524,14; 11; 6; 63; 21; 20; 10; 24
17,48,0.33822,0.35417,12; 4; 17; 48; 4; 10; 21; 21
12,63,0.27065,0.19048,4; 7; 12; 63; 7; 21; 13; 8
25,64,0.44409,0.39062,4; 3; 25; 64; 12; 32; 32; 5
10,77,0.33595,0.12987,4; 5; 10; 77; 14; 19; 30; 24
6,9,0.81509,0.66667,39; 32; 6; 9; 26; 15; 13; 15
14,32,0.50921,0.4375,13; 3; 14; 32; 21; 22; 16; 13
21,26,0.62603,0.80769,4; 9; 21; 26; 22; 4; 30; 18
19,49,0.40244,0.38776,5; 9; 19; 49; 31; 26; 32; 3
27,63,0.49932,0.42857,4; 3; 27; 63; 13; 9; 15; 28
15,49,0.33295,0.30612,8; 6; 15; 49; 25; 9; 19; 31
9,26,0.69447,0.34615,18; 13; 9; 26; 21; 26; 4; 21
13,32,0.79232,0.40625,26; 16; 13; 32; 25; 16; 26; 10
5,70,0.20532,0.07143,7; 7; 5; 70; 15; 18; 7; 4
6,63,0.18323,0.09524,5; 10; 6; 63; 24; 10; 14; 31
5,9,0.83152,0.55556,25; 14; 5; 9; 15; 5; 31; 6
6,82,0.3311,0.07317,5; 4; 6; 82; 18; 32; 7; 4
9,63,0.18828,0.14286,9; 9; 9; 63; 8; 9; 10; 13
11,78,0.33045,0.14103,4; 4; 11; 78; 7; 26; 16; 22
14,63,0.2661,0.22222,8; 10; 14; 63; 26; 21; 13; 28
29,32,0.58603,0.90625,4; 6; 29; 32; 15; 20; 24; 22
8,82,0.36136,0.09756,3; 4; 8; 82; 18; 19; 6; 13
6,9,0.83283,0.66667,23; 39; 6; 9; 32; 10; 22; 5
7,53,0.12925,0.13208,17; 13; 7; 53; 23; 18; 10; 31
24,42,0.54252,0.57143,3; 8; 24; 42; 20; 5; 25; 16
8,70,0.22593,0.11429,7; 10; 8; 70; 14; 5; 25; 22
15,70,0.34743,0.21429,6; 5; 15; 70; 19; 31; 30; 11
16,64,0.31862,0.25,3; 5; 16; 64; 15; 7; 26; 15
40,48,0.81371,0.83333,5; 5; 40; 48; 17; 26; 28; 17
8,9,0.81643,0.88889,21; 4; 8; 9; 20; 10; 21; 20
21,26,0.55236,0.80769,18; 15; 21; 26; 13; 10; 28; 10
7,9,0.82433,0.77778,16; 37; 7; 9; 29; 18; 10; 14
27,31,0.57241,0.87097,15; 15; 27; 31; 9; 13; 28; 21
18,64,0.33786,0.28125,5; 4; 18; 64; 26; 4; 30; 12
25,26,0.46165,0.96154,16; 8; 25; 26; 13; 27; 15; 5
12,42,0.32163,0.28571,11; 21; 12; 42; 32; 11; 26; 12
27,31,0.48467,0.87097,12; 9; 27; 31; 25; 27; 12; 31
12,77,0.31787,0.15584,3; 3; 12; 77; 6; 3; 26; 19
9,26,0.62937,0.34615,5; 15; 9; 26; 31; 21; 11; 12
11,70,0.28466,0.15714,3; 3; 11; 70; 7; 6; 6; 23
8,10,0.79438,0.8,39; 30; 8; 10; 15; 30; 11; 9
5,70,0.18948,0.07143,11; 7; 5; 70; 8; 13; 11; 31
12,49,0.24397,0.2449,12; 16; 12; 49; 11; 10; 26; 24
5,49,0.13259,0.10204,16; 19; 5; 49; 10; 4; 27; 18
23,31,0.53834,0.74194,16; 4; 23; 31; 31; 12; 24; 4
23,26,0.80298,0.88462,24; 13; 23; 26; 13; 20; 24; 11
11,32,0.61896,0.34375,26; 9; 11; 32; 22; 3; 23; 11
5,10,0.81733,0.5,28; 13; 5; 10; 8; 30; 23; 19
5,9,0.81868,0.55556,16; 37; 5; 9; 11; 11; 26; 7
36,49,0.72472,0.73469,4; 5; 36; 49; 32; 16; 10; 27
36,48,0.72665,0.75,3; 4; 36; 48; 20; 13; 25; 23
8,78,0.24442,0.10256,3; 4; 8; 78; 12; 5; 8; 17
18,31,0.48249,0.58065,9; 20; 18; 31; 15; 4; 17; 18
15,70,0.33362,0.21429,5; 3; 15; 70; 9; 29; 27; 22
28,49,0.57733,0.57143,4; 6; 28; 49; 17; 19; 31; 24
24,32,0.55668,0.75,16; 7; 24; 32; 16; 23; 7; 17
13,75,0.34846,0.17333,4; 4; 13; 75; 11; 29; 24; 31
8,10,0.80515,0.8,29; 34; 8; 10; 17; 6; 21; 31
12,78,0.37058,0.15385,3; 4; 12; 78; 5; 8; 21; 10
7,10,0.80992,0.7,13; 37; 7; 10; 27; 30; 7; 23
8,82,0.3455,0.09756,4; 4; 8; 82; 11; 18; 13; 19
39,42,0.68744,0.92857,5; 3; 39; 42; 3; 14; 27; 32
19,70,0.40858,0.27143,4; 3; 19; 70; 14; 12; 4; 9
5,82,0.3584,0.06098,5; 3; 5; 82; 30; 4; 26; 17
8,9,0.79699,0.88889,26; 26; 8; 9; 19; 12; 16; 17
17,70,0.36933,0.24286,4; 4; 17; 70; 24; 21; 28; 7
7,31,0.74349,0.22581,7; 6; 7; 31; 24; 31; 11; 28
11,48,0.29003,0.22917,15; 19; 11; 48; 9; 25; 7; 31
14,49,0.28993,0.28571,14; 11; 14; 49; 4; 27; 30; 26
7,10,0.83388,0.7,39; 24; 7; 10; 7; 16; 25; 14
10,77,0.31894,0.12987,3; 3; 10; 77; 18; 15; 29; 10
26,31,0.52482,0.83871,14; 6; 26; 31; 22; 9; 23; 12
23,49,0.45993,0.46939,6; 6; 23; 49; 5; 26; 29; 19
13,26,0.74274,0.5,28; 25; 13; 26; 8; 9; 13; 25
7,75,0.31684,0.09333,3; 4; 7; 75; 3; 6; 13; 31
29,49,0.58101,0.59184,4; 10; 29; 49; 32; 10; 12; 30
15,75,0.36109,0.2,4; 4; 15; 75; 19; 15; 11; 19
14,48,0.31013,0.29167,12; 11; 14; 48; 14; 23; 29; 31
6,75,0.22027,0.08,6; 7; 6; 75; 6; 18; 25; 21
17,63,0.33385,0.26984,4; 4; 17; 63; 7; 30; 19; 4
7,82,0.28092,0.08537,4; 3; 7; 82; 14; 27; 16; 15
17,70,0.36607,0.24286,3; 5; 17; 70; 31; 30; 20; 3
5,82,0.31512,0.06098,3; 3; 5; 82; 4; 25; 31; 32
30,32,0.58916,0.9375,15; 9; 30; 32; 31; 11; 3; 9
24,53,0.46789,0.45283,7; 6; 24; 53; 16; 23; 30; 28
11,78,0.35357,0.14103,4; 4; 11; 78; 27; 26; 16; 3
12,77,0.36865,0.15584,4; 3; 12; 77; 30; 7; 4; 17
9,26,0.58697,0.34615,29; 4; 9; 26; 22; 29; 7; 28
5,82,0.34232,0.06098,5; 4; 5; 82; 17; 15; 20; 28
6,9,0.8338,0.66667,3; 13; 6; 9; 30; 17; 8; 28
24,53,0.45259,0.45283,9; 10; 24; 53; 21; 5; 19; 24
5,31,0.61925,0.16129,24; 8; 5; 31; 14; 26; 9; 15
6,75,0.21648,0.08,7; 7; 6; 75; 19; 27; 19; 7
5,9,0.82017,0.55556,5; 12; 5; 9; 14; 31; 22; 13
13,77,0.37232,0.16883,3; 4; 13; 77; 14; 17; 3; 15
19,26,0.53768,0.73077,17; 22; 19; 26; 32; 26; 16; 11
24,26,0.62155,0.92308,6; 7; 24; 26; 23; 4; 14; 7
7,10,0.8105,0.7,5; 32; 7; 10; 28; 12; 11; 12
25,63,0.44555,0.39683,3; 4; 25; 63; 32; 22; 5; 8
15,26,0.59212,0.57692,5; 11; 15; 26; 17; 21; 4; 5
5,64,0.18569,0.07812,6; 6; 5; 64; 13; 9; 8; 9
11,63,0.27303,0.1746,8; 12; 11; 63; 22; 13; 11; 3
5,9,0.83446,0.55556,34; 4; 5; 9; 3; 22; 23; 11
7,82,0.31166,0.08537,4; 3; 7; 82; 23; 3; 26; 6
8,10,0.80438,0.8,21; 21; 8; 10; 29; 12; 3; 14
14,70,0.34211,0.2,7; 4; 14; 70; 20; 21; 3; 23
22,64,0.4152,0.34375,3; 6; 22; 64; 13; 23; 30; 24
28,31,0.48938,0.90323,3; 12; 28; 31; 17; 20; 15; 10
5,82,0.3114,0.06098,4; 5; 5; 82; 22; 20; 27; 14
12,75,0.30856,0.16,5; 3; 12; 75; 20; 12; 28; 3
11,63,0.26811,0.1746,10; 12; 11; 63; 11; 14; 23; 28
7,10,0.83091,0.7,39; 27; 7; 10; 11; 3; 30; 30
6,10,0.82338,0.6,25; 15; 6; 10; 11; 20; 24; 19
9,53,0.20181,0.16981,16; 3; 9; 53; 26; 28; 4; 11
16,53,0.3002,0.30189,11; 6; 16; 53; 31; 11; 14; 26
29,42,0.58513,0.69048,5; 3; 29; 42; 22; 20; 11; 21
8,10,0.80215,0.8,18; 33; 8; 10; 9; 29; 6; 7
10,75,0.34065,0.13333,6; 6; 10; 75; 23; 24; 16; 19
9,77,0.29584,0.11688,4; 4; 9; 77; 29; 19; 31; 15
9,48,0.23209,0.1875,10; 6; 9; 48; 8; 3; 31; 10
21,32,0.57179,0.65625,6; 10; 21; 32; 23; 9; 5; 9
9,10,0.8104,0.9,24; 29; 9; 10; 3; 30; 18; 29
8,82,0.34413,0.09756,4; 4; 8; 82; 28; 4; 12; 30
5,82,0.31284,0.06098,3; 3; 5; 82; 20; 7; 18; 23
6,9,0.8152,0.66667,41; 20; 6; 9; 17; 7; 7; 9
30,53,0.56648,0.56604,4; 4; 30; 53; 29; 27; 32; 3
16,63,0.31967,0.25397,3; 9; 16; 63; 12; 23; 5; 9
24,26,0.63564,0.92308,6; 18; 24; 26; 18; 22; 16; 14
21,63,0.40888,0.33333,3; 6; 21; 63; 6; 24; 27; 16
5,82,0.34356,0.06098,5; 3; 5; 82; 24; 19; 24; 6
5,75,0.2814,0.06667,6; 4; 5; 75; 27; 17; 16; 18
31,53,0.59436,0.58491,3; 3; 31; 53; 30; 8; 16; 18
23,53,0.42022,0.43396,8; 8; 23; 53; 20; 8; 10; 25
22,48,0.44764,0.45833,12; 13; 22; 48; 16; 30; 17; 6
6,9,0.8265,0.66667,24; 3; 6; 9; 8; 9; 27; 12
15,75,0.3551,0.2,4; 3; 15; 75; 9; 8; 15; 29
21,63,0.41715,0.33333,5; 3; 21; 63; 19; 20; 6; 9
7,78,0.26681,0.08974,3; 6; 7; 78; 21; 16; 18; 13
37,48,0.72813,0.77083,5; 6; 37; 48; 11; 12; 25; 31
9,78,0.31552,0.11538,4; 4; 9; 78; 16; 24; 14; 27
5,77,0.31349,0.06494,6; 7; 5; 77; 25; 18; 13; 29
8,77,0.32512,0.1039,4; 4; 8; 77; 28; 19; 16; 25
5,78,0.26127,0.0641,4; 4; 5; 78; 26; 8; 25; 20
12,78,0.36043,0.15385,4; 4; 12; 78; 26; 20; 11; 19
11,70,0.26421,0.15714,8; 5; 11; 70; 5; 19; 32; 19
16,64,0.32549,0.25,9; 6; 16; 64; 20; 11; 12; 20
37,53,0.71918,0.69811,3; 4; 37; 53; 27; 19; 5; 9
10,63,0.18319,0.15873,4; 12; 10; 63; 3; 21; 21; 11
38,48,0.72332,0.79167,4; 3; 38; 48; 6; 12; 20; 21
7,77,0.28991,0.09091,6; 4; 7; 77; 6; 19; 28; 4
5,10,0.84036,0.5,35; 14; 5; 10; 4; 12; 19; 14
24,64,0.4418,0.375,3; 5; 24; 64; 26; 29; 17; 23
5,75,0.26525,0.06667,6; 4; 5; 75; 12; 9; 25; 30
11,26,0.70886,0.42308,21; 9; 11; 26; 22; 31; 21; 7
31,53,0.56802,0.58491,6; 4; 31; 53; 6; 24; 7; 26
38,48,0.75999,0.79167,4; 5; 38; 48; 4; 16; 21; 17
6,49,0.18039,0.12245,15; 14; 6; 49; 6; 29; 16; 18
17,26,0.50555,0.65385,6; 27; 17; 26; 16; 22; 25; 11
7,49,0.16647,0.14286,21; 5; 7; 49; 12; 31; 26; 4
33,49,0.68196,0.67347,8; 5; 33; 49; 30; 26; 3; 18
20,53,0.36059,0.37736,5; 5; 20; 53; 18; 24; 25; 9
10,78,0.39224,0.12821,4; 4; 10; 78; 4; 13; 21; 20
8,64,0.24305,0.125,3; 3; 8; 64; 31; 12; 25; 25
24,53,0.43711,0.45283,6; 8; 24; 53; 16; 19; 31; 15
5,42,0.35941,0.11905,15; 13; 5; 42; 30; 7; 25; 24
10,77,0.33701,0.12987,3; 4; 10; 77; 17; 26; 6; 7
17,42,0.40621,0.40476,17; 18; 17; 42; 30; 31; 5; 15
10,78,0.3403,0.12821,5; 5; 10; 78; 31; 27; 25; 5
7,70,0.21734,0.1,9; 6; 7; 70; 7; 14; 12; 5
35,53,0.68176,0.66038,3; 4; 35; 53; 8; 12; 32; 20
26,32,0.49908,0.8125,20; 20; 26; 32; 9; 24; 13; 13
27,31,0.55213,0.87097,9; 16; 27; 31; 14; 4; 24; 19
5,10,0.82761,0.5,18; 16; 5; 10; 5; 5; 28; 17
15,64,0.30589,0.23438,5; 5; 15; 64; 20; 23; 26; 20
7,75,0.2344,0.09333,4; 6; 7; 75; 11; 22; 16; 5
29,53,0.56507,0.54717,7; 8; 29; 53; 25; 25; 11; 13
22,32,0.50118,0.6875,8; 16; 22; 32; 26; 29; 31; 10
14,48,0.31068,0.29167,18; 7; 14; 48; 19; 6; 23; 10
36,53,0.69247,0.67925,3; 4; 36; 53; 22; 10; 19; 5
24,49,0.512,0.4898,10; 7; 24; 49; 10; 15; 16; 19
11,75,0.32649,0.14667,5; 4; 11; 75; 3; 27; 18; 10
32,53,0.62456,0.60377,4; 4; 32; 53; 31; 18; 14; 9
7,63,0.21109,0.11111,5; 10; 7; 63; 22; 16; 5; 23
9,78,0.30307,0.11538,3; 3; 9; 78; 11; 27; 5; 13
9,78,0.32704,0.11538,4; 5; 9; 78; 20; 10; 16; 26
18,32,0.42555,0.5625,18; 15; 18; 32; 13; 6; 24; 26
17,53,0.33386,0.32075,12; 7; 17; 53; 9; 14; 28; 17
8,10,0.79498,0.8,10; 26; 8; 10; 29; 26; 27; 13
6,9,0.83316,0.66667,12; 23; 6; 9; 5; 15; 23; 28
12,78,0.36053,0.15385,4; 4; 12; 78; 15; 31; 8; 5
19,53,0.36161,0.35849,12; 5; 19; 53; 10; 20; 12; 3
8,63,0.21076,0.12698,3; 5; 8; 63; 16; 26; 19; 17
8,82,0.32052,0.09756,4; 4; 8; 82; 30; 10; 10; 3
24,26,0.69353,0.92308,13; 5; 24; 26; 28; 30; 10; 12
7,75,0.24893,0.09333,7; 4; 7; 75; 11; 25; 15; 32
28,49,0.53466,0.57143,3; 9; 28; 49; 12; 17; 30; 9
6,75,0.25982,0.08,6; 8; 6; 75; 4; 8; 13; 6
8,64,0.20894,0.125,12; 3; 8; 64; 7; 18; 4; 31
8,9,0.81952,0.88889,32; 30; 8; 9; 17; 29; 27; 24
11,64,0.22485,0.17188,4; 8; 11; 64; 14; 21; 7; 7
26,42,0.54417,0.61905,8; 14; 26; 42; 31; 21; 16; 19
13,77,0.35221,0.16883,4; 3; 13; 77; 21; 8; 8; 31
6,10,0.80946,0.6,41; 34; 6; 10; 21; 22; 21; 29
24,32,0.5776,0.75,11; 14; 24; 32; 6; 28; 18; 14
22,49,0.45373,0.44898,8; 10; 22; 49; 21; 13; 14; 25
5,78,0.29059,0.0641,4; 4; 5; 78; 21; 31; 31; 10
18,63,0.33591,0.28571,8; 8; 18; 63; 7; 21; 24; 7
10,64,0.25905,0.15625,7; 9; 10; 64; 15; 23; 14; 29
19,70,0.39531,0.27143,3; 4; 19; 70; 6; 15; 24; 29
12,63,0.25906,0.19048,11; 8; 12; 63; 31; 5; 11; 20
8,9,0.80476,0.88889,12; 37; 8; 9; 6; 24; 21; 22
8,82,0.30977,0.09756,3; 3; 8; 82; 19; 4; 21; 13
39,42,0.70946,0.92857,4; 3; 39; 42; 22; 9; 6; 28
18,49,0.3533,0.36735,9; 5; 18; 49; 16; 20; 26; 20
13,42,0.41537,0.30952,5; 17; 13; 42; 20; 28; 30; 12
25,42,0.5372,0.59524,14; 14; 25; 42; 4; 26; 9; 27
40,42,0.70806,0.95238,7; 8; 40; 42; 4; 19; 11; 27
39,42,0.69254,0.92857,4; 5; 39; 42; 10; 17; 5; 23
27,53,0.48553,0.50943,3; 7; 27; 53; 19; 24; 5; 13
13,63,0.28261,0.20635,6; 6; 13; 63; 13; 10; 19; 23
31,32,0.56388,0.96875,5; 13; 31; 32; 11; 17; 25; 4
38,48,0.75762,0.79167,3; 5; 38; 48; 8; 6; 32; 28
19,42,0.45887,0.45238,17; 18; 19; 42; 13; 15; 10; 22
14,75,0.36518,0.18667,4; 4; 14; 75; 29; 11; 8; 8
30,53,0.5577,0.56604,6; 6; 30; 53; 16; 29; 27; 24
15,75,0.35413,0.2,4; 4; 15; 75; 9; 29; 18; 7
15,75,0.36454,0.2,3; 4; 15; 75; 24; 27; 27; 6
12,77,0.34999,0.15584,4; 3; 12; 77; 32; 27; 11; 7
19,64,0.40584,0.29688,7; 6; 19; 64; 29; 7; 32; 14
9,26,0.66112,0.34615,8; 28; 9; 26; 13; 8; 24; 14
27,32,0.71576,0.84375,13; 12; 27; 32; 23; 6; 19; 21
26,64,0.4726,0.40625,4; 4; 26; 64; 18; 31; 25; 15
6,10,0.80342,0.6,24; 34; 6; 10; 12; 10; 27; 18
9,78,0.30925,0.11538,4; 5; 9; 78; 22; 11; 12; 7
15,63,0.29475,0.2381,3; 5; 15; 63; 18; 18; 14; 4
5,77,0.29781,0.06494,6; 8; 5; 77; 11; 25; 5; 20
7,10,0.81039,0.7,37; 11; 7; 10; 7; 28; 17; 16
41,42,0.74966,0.97619,4; 5; 41; 42; 20; 4; 17; 19
10,42,0.29644,0.2381,7; 17; 10; 42; 27; 26; 5; 4
7,77,0.31786,0.09091,4; 7; 7; 77; 6; 31; 32; 10
5,82,0.30012,0.06098,3; 5; 5; 82; 8; 29; 14; 15
20,63,0.38889,0.31746,7; 4; 20; 63; 8; 28; 11; 4
28,48,0.55318,0.58333,9; 3; 28; 48; 25; 4; 26; 29
22,64,0.41185,0.34375,5; 3; 22; 64; 8; 15; 27; 30
9,53,0.18347,0.16981,3; 14; 9; 53; 28; 31; 10; 3
7,31,0.72877,0.22581,18; 3; 7; 31; 32; 16; 6; 32
14,48,0.32002,0.29167,4; 4; 14; 48; 19; 13; 5; 20
7,9,0.81947,0.77778,17; 17; 7; 9; 3; 10; 19; 4
18,53,0.34783,0.33962,3; 7; 18; 53; 32; 23; 10; 26
9,70,0.25609,0.12857,4; 6; 9; 70; 9; 27; 6; 17
20,53,0.40139,0.37736,10; 11; 20; 53; 14; 22; 17; 9
29,48,0.58664,0.60417,9; 9; 29; 48; 20; 4; 3; 5
10,77,0.34996,0.12987,3; 5; 10; 77; 24; 17; 12; 30
19,26,0.59749,0.73077,4; 22; 19; 26; 9; 4; 15; 14
23,42,0.52426,0.54762,4; 16; 23; 42; 28; 23; 16; 3
11,70,0.27573,0.15714,5; 8; 11; 70; 28; 20; 3; 9
9,77,0.36275,0.11688,4; 6; 9; 77; 3; 11; 17; 31
10,77,0.3541,0.12987,5; 5; 10; 77; 20; 7; 3; 8
10,77,0.3393,0.12987,3; 3; 10; 77; 9; 24; 32; 28
23,26,0.64581,0.88462,21; 19; 23; 26; 3; 11; 8; 23
6,77,0.29341,0.07792,4; 3; 6; 77; 31; 10; 4; 3
14,70,0.34867,0.2,6; 3; 14; 70; 24; 10; 20; 9
5,75,0.26647,0.06667,8; 5; 5; 75; 3; 31; 32; 22
16,48,0.34802,0.33333,4; 11; 16; 48; 27; 23; 23; 7
24,26,0.66089,0.92308,10; 3; 24; 26; 21; 24; 22; 13
8,82,0.38042,0.09756,3; 3; 8; 82; 12; 29; 11; 18
22,31,0.46524,0.70968,9; 5; 22; 31; 8; 13; 6; 26
16,70,0.35284,0.22857,4; 4; 16; 70; 9; 11; 8; 21
6,10,0.82398,0.6,25; 34; 6; 10; 17; 12; 4; 5
7,9,0.80783,0.77778,9; 16; 7; 9; 24; 31; 17; 7
12,77,0.36192,0.15584,4; 3; 12; 77; 9; 8; 14; 12
10,31,0.54269,0.32258,21; 25; 10; 31; 9; 32; 18; 10
9,49,0.21235,0.18367,8; 6; 9; 49; 20; 30; 29; 12
8,9,0.80514,0.88889,40; 35; 8; 9; 31; 9; 20; 10
5,9,0.81804,0.55556,6; 20; 5; 9; 9; 15; 7; 31
35,53,0.65863,0.66038,5; 3; 35; 53; 28; 4; 20; 3
5,10,0.8375,0.5,31; 8; 5; 10; 4; 4; 31; 16
9,77,0.33442,0.11688,6; 4; 9; 77; 16; 22; 20; 4
10,64,0.20726,0.15625,5; 8; 10; 64; 3; 4; 10; 17
30,32,0.57287,0.9375,15; 13; 30; 32; 28; 7; 23; 22
5,42,0.38572,0.11905,21; 12; 5; 42; 24; 22; 24; 23
18,63,0.34403,0.28571,8; 8; 18; 63; 19; 9; 16; 5
5,78,0.28312,0.0641,6; 6; 5; 78; 23; 4; 11; 26
7,9,0.80671,0.77778,21; 14; 7; 9; 13; 3; 18; 18
36,42,0.6684,0.85714,10; 5; 36; 42; 7; 8; 17; 13
10,70,0.27061,0.14286,7; 3; 10; 70; 32; 28; 27; 8
18,32,0.60324,0.5625,8; 23; 18; 32; 16; 17; 27; 8
5,82,0.30835,0.06098,4; 3; 5; 82; 25; 7; 31; 5
14,75,0.35749,0.18667,3; 3; 14; 75; 3; 27; 22; 13
7,77,0.29372,0.09091,3; 6; 7; 77; 18; 11; 8; 26
5,82,0.27899,0.06098,5; 5; 5; 82; 9; 12; 31; 27
5,10,0.81852,0.5,41; 12; 5; 10; 4; 17; 17; 32
8,53,0.17117,0.15094,18; 9; 8; 53; 21; 30; 21; 16
14,53,0.25691,0.26415,5; 5; 14; 53; 29; 11; 31; 8
30,42,0.62322,0.71429,13; 6; 30; 42; 5; 25; 26; 15
6,26,0.70548,0.23077,27; 21; 6; 26; 5; 12; 20; 8
21,26,0.56832,0.80769,4; 11; 21; 26; 17; 12; 8; 5
22,49,0.40432,0.44898,13; 3; 22; 49; 19; 16; 6; 4
5,48,0.14275,0.10417,14; 7; 5; 48; 14; 29; 3; 7
14,70,0.31042,0.2,6; 6; 14; 70; 5; 13; 12; 7
25,64,0.49537,0.39062,3; 3; 25; 64; 9; 24; 19; 30
6,70,0.19708,0.08571,11; 7; 6; 70; 25; 8; 10; 32
25,26,0.51131,0.96154,13; 17; 25; 26; 32; 18; 31; 13
10,70,0.24955,0.14286,8; 7; 10; 70; 6; 27; 10; 15
10,78,0.34091,0.12821,5; 5; 10; 78; 21; 23; 4; 23
9,70,0.25456,0.12857,8; 7; 9; 70; 8; 17; 7; 32
21,64,0.42002,0.32812,5; 4; 21; 64; 21; 19; 27; 30
16,49,0.35026,0.32653,4; 10; 16; 49; 9; 4; 13; 11
23,48,0.43898,0.47917,11; 4; 23; 48; 18; 26; 7; 4
8,9,0.82201,0.88889,33; 16; 8; 9; 29; 19; 14; 16
33,53,0.62152,0.62264,4; 4; 33; 53; 12; 17; 19; 23
11,64,0.2406,0.17188,4; 5; 11; 64; 13; 29; 19; 12
38,49,0.7834,0.77551,3; 3; 38; 49; 19; 11; 5; 3
12,78,0.37746,0.15385,4; 4; 12; 78; 20; 20; 24; 23
14,70,0.36776,0.2,5; 6; 14; 70; 15; 22; 29; 6
23,26,0.64672,0.88462,20; 23; 23; 26; 12; 13; 4; 20
7,9,0.82855,0.77778,38; 12; 7; 9; 31; 21; 12; 5
6,77,0.27326,0.07792,6; 3; 6; 77; 24; 31; 27; 7
13,75,0.33644,0.17333,3; 5; 13; 75; 5; 23; 13; 29
28,53,0.49084,0.5283,6; 8; 28; 53; 23; 15; 25; 29
17,31,0.67006,0.54839,12; 9; 17; 31; 27; 17; 21; 7
7,78,0.29941,0.08974,5; 5; 7; 78; 6; 7; 23; 13
7,31,0.69137,0.22581,19; 23; 7; 31; 11; 8; 28; 27
22,63,0.39497,0.34921,6; 3; 22; 63; 18; 3; 14; 13
8,10,0.80904,0.8,23; 14; 8; 10; 13; 3; 21; 26
8,9,0.79973,0.88889,17; 13; 8; 9; 20; 4; 13; 13
27,63,0.49336,0.42857,3; 3; 27; 63; 21; 10; 27; 15
17,49,0.37332,0.34694,15; 16; 17; 49; 20; 3; 23; 30
29,31,0.62556,0.93548,18; 10; 29; 31; 18; 21; 16; 26
5,48,0.14473,0.10417,5; 17; 5; 48; 4; 22; 13; 20
8,70,0.2325,0.11429,4; 6; 8; 70; 31; 6; 25; 3
8,31,0.4844,0.25806,20; 15; 8; 31; 3; 19; 32; 18
12,78,0.33635,0.15385,4; 3; 12; 78; 29; 15; 11; 8
9,31,0.43892,0.29032,19; 22; 9; 31; 32; 8; 30; 11
13,75,0.35032,0.17333,3; 3; 13; 75; 20; 26; 27; 10
5,82,0.36031,0.06098,5; 5; 5; 82; 28; 21; 7; 4
32,49,0.63118,0.65306,4; 5; 32; 49; 25; 25; 18; 28
16,53,0.31492,0.30189,3; 14; 16; 53; 24; 27; 4; 7
13,70,0.31859,0.18571,5; 4; 13; 70; 12; 13; 23; 9
14,70,0.32584,0.2,4; 5; 14; 70; 27; 15; 23; 6
7,32,0.50241,0.21875,22; 8; 7; 32; 9; 28; 26; 26
7,10,0.83077,0.7,8; 23; 7; 10; 25; 11; 6; 24
23,49,0.46278,0.46939,5; 7; 23; 49; 20; 4; 14; 4
22,42,0.47461,0.52381,14; 10; 22; 42; 27; 13; 22; 23
41,42,0.77517,0.97619,3; 7; 41; 42; 27; 20; 10; 6
5,82,0.30404,0.06098,5; 5; 5; 82; 5; 12; 5; 30
8,10,0.8415,0.8,35; 32; 8; 10; 21; 17; 17; 10
10,78,0.34818,0.12821,4; 3; 10; 78; 3; 19; 17; 32
24,32,0.54589,0.75,21; 16; 24; 32; 8; 13; 21; 9
15,63,0.30983,0.2381,9; 3; 15; 63; 24; 26; 27; 4
6,82,0.31531,0.07317,3; 3; 6; 82; 18; 11; 24; 12
10,77,0.36056,0.12987,4; 5; 10; 77; 21; 8; 4; 22
24,48,0.49887,0.5,7; 8; 24; 48; 18; 14; 9; 8
32,48,0.62719,0.66667,6; 9; 32; 48; 3; 11; 16; 29
7,77,0.27296,0.09091,3; 5; 7; 77; 18; 26; 14; 10
25,63,0.47656,0.39683,4; 4; 25; 63; 12; 12; 13; 11
5,78,0.27864,0.0641,6; 6; 5; 78; 8; 30; 6; 6
8,77,0.24283,0.1039,6; 4; 8; 77; 7; 31; 6; 27
16,49,0.33412,0.32653,12; 8; 16; 49; 4; 8; 4; 7
5,82,0.31914,0.06098,5; 3; 5; 82; 6; 16; 25; 29
8,75,0.24005,0.10667,7; 5; 8; 75; 19; 17; 13; 27
7,82,0.31304,0.08537,3; 3; 7; 82; 32; 27; 5; 4
7,10,0.8255,0.7,6; 15; 7; 10; 30; 31; 8; 24
28,53,0.53225,0.5283,8; 7; 28; 53; 19; 31; 18; 10
5,9,0.82267,0.55556,8; 34; 5; 9; 18; 6; 5; 10
9,70,0.24817,0.12857,7; 4; 9; 70; 28; 12; 29; 15
23,49,0.46721,0.46939,13; 3; 23; 49; 12; 6; 11; 14
39,42,0.67845,0.92857,4; 8; 39; 42; 15; 27; 24; 20
16,49,0.30314,0.32653,14; 16; 16; 49; 15; 26; 3; 17
8,70,0.23729,0.11429,6; 7; 8; 70; 29; 7; 23; 9
14,64,0.32105,0.21875,10; 4; 14; 64; 17; 12; 27; 17
25,32,0.57535,0.78125,15; 5; 25; 32; 17; 17; 29; 20
24,53,0.46617,0.45283,6; 10; 24; 53; 5; 15; 4; 16
12,63,0.26165,0.19048,3; 11; 12; 63; 15; 23; 23; 5
6,10,0.82779,0.6,9; 6; 6; 10; 8; 28; 26; 19
11,75,0.31267,0.14667,3; 5; 11; 75; 18; 9; 22; 13
6,31,0.53004,0.19355,9; 15; 6; 31; 10; 15; 21; 24
27,31,0.60869,0.87097,15; 6; 27; 31; 25; 8; 3; 28
8,53,0.18725,0.15094,11; 17; 8; 53; 20; 17; 24; 26
23,64,0.39895,0.35938,5; 5; 23; 64; 27; 3; 29; 3
5,9,0.82783,0.55556,23; 27; 5; 9; 18; 22; 31; 8
7,78,0.27396,0.08974,4; 5; 7; 78; 27; 14; 4; 18
12,75,0.32504,0.16,5; 3; 12; 75; 24; 5; 27; 16
17,31,0.54175,0.54839,16; 22; 17; 31; 10; 14; 23; 30
23,32,0.55011,0.71875,10; 19; 23; 32; 25; 13; 14; 27
17,70,0.38011,0.24286,4; 3; 17; 70; 7; 18; 13; 3
8,64,0.21333,0.125,6; 12; 8; 64; 18; 8; 16; 14
24,63,0.44975,0.38095,3; 4; 24; 63; 4; 15; 32; 26
21,42,0.40838,0.5,15; 7; 21; 42; 14; 7; 13; 15
17,53,0.33811,0.32075,12; 10; 17; 53; 29; 7; 22; 26
28,32,0.63138,0.875,19; 17; 28; 32; 4; 18; 19; 18
10,75,0.28706,0.13333,3; 3; 10; 75; 4; 17; 6; 17
28,53,0.5144,0.5283,8; 5; 28; 53; 5; 20; 27; 20
19,63,0.38084,0.30159,3; 3; 19; 63; 16; 30; 13; 11
13,48,0.26951,0.27083,7; 13; 13; 48; 5; 10; 22; 23
5,63,0.16145,0.07937,6; 10; 5; 63; 4; 20; 19; 5
13,48,0.29928,0.27083,17; 10; 13; 48; 3; 8; 31; 22
29,49,0.58145,0.59184,3; 8; 29; 49; 8; 27; 13; 30
9,10,0.844,0.9,18; 35; 9; 10; 18; 23; 11; 14
8,9,0.81921,0.88889,16; 18; 8; 9; 30; 19; 11; 4
8,77,0.25675,0.1039,5; 5; 8; 77; 20; 15; 28; 29
12,32,0.53005,0.375,8; 21; 12; 32; 7; 13; 28; 13
5,82,0.33734,0.06098,5; 5; 5; 82; 6; 8; 7; 12
14,63,0.29344,0.22222,3; 3; 14; 63; 20; 7; 8; 14
10,49,0.24364,0.20408,11; 3; 10; 49; 5; 5; 16; 9
16,49,0.35459,0.32653,8; 4; 16; 49; 26; 13; 18; 16
5,63,0.16615,0.07937,7; 11; 5; 63; 15; 4; 15; 32
8,10,0.82989,0.8,11; 25; 8; 10; 16; 7; 11; 19
8,10,0.82899,0.8,33; 19; 8; 10; 5; 16; 24; 6
29,31,0.46839,0.93548,11; 17; 29; 31; 27; 17; 13; 7
10,78,0.34113,0.12821,5; 5; 10; 78; 26; 11; 30; 28
6,9,0.83644,0.66667,26; 21; 6; 9; 30; 28; 12; 11
12,26,0.76812,0.46154,24; 23; 12; 26; 20; 11; 23; 31
5,75,0.30879,0.06667,3; 3; 5; 75; 24; 23; 19; 25
7,82,0.3334,0.08537,4; 4; 7; 82; 10; 16; 3; 5
22,48,0.43917,0.45833,3; 14; 22; 48; 20; 21; 20; 16
8,9,0.81401,0.88889,29; 12; 8; 9; 11; 5; 3; 19
8,26,0.73213,0.30769,6; 27; 8; 26; 24; 13; 30; 25
6,9,0.83278,0.66667,27; 5; 6; 9; 3; 8; 12; 31
14,75,0.37802,0.18667,4; 3; 14; 75; 3; 19; 31; 27
17,70,0.36015,0.24286,5; 3; 17; 70; 19; 8; 9; 25
8,70,0.21675,0.11429,3; 3; 8; 70; 4; 31; 6; 9
21,64,0.38803,0.32812,4; 5; 21; 64; 4; 22; 7; 16
12,77,0.39949,0.15584,4; 3; 12; 77; 4; 9; 3; 13
25,26,0.58075,0.96154,3; 8; 25; 26; 11; 22; 11; 19
30,42,0.61874,0.71429,7; 3; 30; 42; 27; 31; 20; 16
10,78,0.31173,0.12821,5; 5; 10; 78; 29; 29; 17; 8
21,64,0.42152,0.32812,6; 5; 21; 64; 17; 4; 31; 5
6,78,0.27,0.07692,7; 6; 6; 78; 24; 27; 3; 28
27,31,0.57959,0.87097,13; 7; 27; 31; 4; 10; 13; 31
6,32,0.55629,0.1875,9; 28; 6; 32; 3; 7; 28; 5
8,77,0.27132,0.1039,3; 4; 8; 77; 20; 7; 31; 14
5,9,0.83109,0.55556,31; 29; 5; 9; 4; 27; 15; 14
9,10,0.82588,0.9,6; 4; 9; 10; 4; 11; 12; 20
19,64,0.36452,0.29688,6; 4; 19; 64; 17; 31; 16; 23
9,75,0.3374,0.12,4; 7; 9; 75; 13; 19; 11; 22
12,78,0.36604,0.15385,4; 4; 12; 78; 11; 5; 32; 31
8,32,0.71153,0.25,14; 27; 8; 32; 7; 31; 27; 10
6,70,0.22348,0.08571,10; 10; 6; 70; 6; 7; 23; 14
31,32,0.6102,0.96875,12; 5; 31; 32; 32; 20; 8; 16
12,63,0.22825,0.19048,7; 5; 12; 63; 3; 28; 9; 31
6,10,0.83151,0.6,4; 26; 6; 10; 24; 27; 32; 11
10,70,0.23747,0.14286,9; 6; 10; 70; 4; 11; 28; 4
17,26,0.50475,0.65385,21; 27; 17; 26; 29; 25; 27; 12
11,49,0.25546,0.22449,13; 8; 11; 49; 32; 16; 27; 9
6,26,0.80178,0.23077,29; 14; 6; 26; 27; 5; 29; 9
23,49,0.46872,0.46939,5; 6; 23; 49; 6; 6; 29; 26
22,32,0.66565,0.6875,15; 11; 22; 32; 7; 7; 26; 29
12,42,0.32837,0.28571,8; 4; 12; 42; 31; 12; 23; 5
6,63,0.16235,0.09524,8; 10; 6; 63; 21; 8; 11; 11
29,42,0.63396,0.69048,12; 8; 29; 42; 5; 15; 20; 13
11,75,0.28582,0.14667,5; 6; 11; 75; 4; 22; 15; 7
31,53,0.57835,0.58491,6; 4; 31; 53; 21; 18; 9; 26
8,82,0.29312,0.09756,4; 3; 8; 82; 13; 25; 30; 21
25,32,0.40187,0.78125,15; 19; 25; 32; 4; 14; 28; 13
5,77,0.27859,0.06494,4; 5; 5; 77; 29; 18; 28; 9
17,49,0.36072,0.34694,10; 11; 17; 49; 32; 29; 12; 21
30,32,0.55221,0.9375,13; 3; 30; 32; 14; 9; 28; 18
9,10,0.80902,0.9,16; 31; 9; 10; 20; 23; 12; 32
26,64,0.48303,0.40625,3; 4; 26; 64; 18; 5; 23; 20
29,53,0.52619,0.54717,6; 8; 29; 53; 10; 25; 15; 12
13,53,0.27104,0.24528,14; 14; 13; 53; 25; 28; 27; 12
24,42,0.57178,0.57143,9; 12; 24; 42; 10; 5; 6; 26
9,10,0.80573,0.9,5; 14; 9; 10; 18; 29; 4; 20
6,75,0.24355,0.08,5; 4; 6; 75; 3; 23; 5; 29
20,31,0.4794,0.64516,16; 16; 20; 31; 18; 23; 21; 13
5,77,0.29234,0.06494,6; 7; 5; 77; 5; 21; 31; 32
21,64,0.39763,0.32812,4; 3; 21; 64; 6; 21; 22; 32
20,49,0.38747,0.40816,8; 4; 20; 49; 4; 22; 18; 27
7,26,0.70182,0.26923,11; 24; 7; 26; 21; 28; 3; 13
27,42,0.54698,0.64286,9; 9; 27; 42; 8; 16; 11; 21
16,26,0.57427,0.61538,27; 21; 16; 26; 26; 7; 15; 32
21,32,0.57082,0.65625,10; 9; 21; 32; 4; 25; 11; 20
8,82,0.32757,0.09756,3; 4; 8; 82; 14; 28; 9; 13
8,9,0.82567,0.88889,30; 33; 8; 9; 16; 32; 4; 17
8,9,0.83833,0.88889,35; 11; 8; 9; 11; 11; 14; 15
24,32,0.63411,0.75,9; 8; 24; 32; 6; 11; 29; 8
6,82,0.30061,0.07317,4; 3; 6; 82; 31; 3; 32; 21
29,48,0.59158,0.60417,6; 5; 29; 48; 32; 22; 5; 20
6,82,0.34945,0.07317,3; 5; 6; 82; 7; 8; 8; 19
7,10,0.81704,0.7,36; 40; 7; 10; 10; 21; 6; 13
5,10,0.78132,0.5,11; 32; 5; 10; 17; 7; 5; 4
6,9,0.82559,0.66667,25; 12; 6; 9; 21; 13; 20; 3
16,26,0.52477,0.61538,20; 25; 16; 26; 26; 24; 9; 7
12,48,0.27076,0.25,13; 4; 12; 48; 16; 28; 26; 9
36,53,0.68231,0.67925,4; 3; 36; 53; 23; 24; 8; 28
19,32,0.49889,0.59375,7; 19; 19; 32; 9; 9; 9; 23
5,78,0.31066,0.0641,7; 3; 5; 78; 31; 23; 28; 15
12,78,0.35975,0.15385,3; 3; 12; 78; 8; 18; 20; 14
9,63,0.19446,0.14286,5; 3; 9; 63; 6; 10; 18; 25
13,31,0.54388,0.41935,15; 26; 13; 31; 5; 25; 6; 5
15,75,0.37255,0.2,3; 4; 15; 75; 17; 5; 15; 4
10,70,0.29315,0.14286,7; 3; 10; 70; 16; 11; 26; 26
5,49,0.14087,0.10204,7; 13; 5; 49; 6; 14; 18; 9
6,82,0.26861,0.07317,5; 5; 6; 82; 16; 28; 6; 25
8,10,0.81359,0.8,14; 10; 8; 10; 5; 31; 30; 18
23,31,0.47489,0.74194,19; 15; 23; 31; 3; 3; 26; 3
37,48,0.74916,0.77083,3; 4; 37; 48; 22; 24; 16; 24
17,49,0.37107,0.34694,11; 6; 17; 49; 24; 10; 11; 24
30,31,0.53512,0.96774,13; 16; 30; 31; 29; 28; 16; 4
6,10,0.8216,0.6,25; 8; 6; 10; 30; 22; 29; 11
16,26,0.70398,0.61538,11; 26; 16; 26; 9; 17; 10; 18
31,42,0.6457,0.7381,12; 11; 31; 42; 23; 10; 9; 8
23,32,0.44948,0.71875,16; 13; 23; 32; 24; 14; 3; 8
13,63,0.25811,0.20635,3; 9; 13; 63; 18; 24; 32; 11
18,49,0.38357,0.36735,14; 5; 18; 49; 5; 27; 6; 6
5,10,0.83875,0.5,26; 38; 5; 10; 16; 12; 20; 18
20,64,0.39156,0.3125,7; 7; 20; 64; 6; 3; 13; 4
22,64,0.42862,0.34375,5; 3; 22; 64; 8; 32; 13; 30
6,78,0.32485,0.07692,4; 7; 6; 78; 25; 32; 16; 11
32,49,0.65377,0.65306,5; 8; 32; 49; 3; 16; 10; 15
41,42,0.75039,0.97619,6; 3; 41; 42; 15; 20; 31; 7
30,32,0.5859,0.9375,4; 17; 30; 32; 4; 29; 5; 16
9,63,0.22097,0.14286,4; 8; 9; 63; 31; 5; 20; 12
8,77,0.32559,0.1039,6; 6; 8; 77; 24; 26; 14; 11
5,10,0.82256,0.5,36; 8; 5; 10; 15; 28; 4; 9
42,48,0.82932,0.875,4; 3; 42; 48; 10; 6; 8; 4
33,48,0.64789,0.6875,7; 8; 33; 48; 13; 27; 23; 26
15,48,0.3178,0.3125,5; 9; 15; 48; 12; 17; 15; 31
22,63,0.41252,0.34921,6; 6; 22; 63; 8; 23; 12; 22
23,53,0.43425,0.43396,10; 6; 23; 53; 32; 8; 8; 20
19,31,0.63713,0.6129,21; 8; 19; 31; 12; 4; 24; 24
17,70,0.38062,0.24286,4; 5; 17; 70; 10; 25; 7; 10
9,10,0.83023,0.9,35; 22; 9; 10; 18; 16; 24; 3
9,10,0.80415,0.9,7; 17; 9; 10; 14; 13; 10; 12
5,70,0.21999,0.07143,3; 6; 5; 70; 3; 20; 31; 8
7,9,0.84197,0.77778,29; 38; 7; 9; 21; 20; 14; 4
23,53,0.40593,0.43396,5; 10; 23; 53; 22; 17; 15; 28
22,64,0.43396,0.34375,5; 5; 22; 64; 20; 21; 13; 23
7,77,0.25664,0.09091,5; 5; 7; 77; 28; 3; 21; 14
12,26,0.61054,0.46154,23; 12; 12; 26; 18; 8; 29; 26
23,64,0.40773,0.35938,5; 3; 23; 64; 12; 19; 30; 3
13,70,0.28448,0.18571,3; 5; 13; 70; 4; 11; 3; 6
36,49,0.69398,0.73469,6; 3; 36; 49; 6; 15; 18; 15
29,32,0.48767,0.90625,18; 14; 29; 32; 11; 18; 6; 24
36,53,0.68614,0.67925,4; 3; 36; 53; 16; 30; 8; 7
7,82,0.32656,0.08537,4; 3; 7; 82; 14; 14; 14; 20
6,77,0.27796,0.07792,4; 6; 6; 77; 7; 32; 18; 11
8,53,0.12603,0.15094,10; 17; 8; 53; 23; 13; 13; 14
25,26,0.51932,0.96154,7; 7; 25; 26; 10; 6; 22; 20
6,10,0.82627,0.6,22; 13; 6; 10; 28; 31; 16; 15
26,64,0.46485,0.40625,4; 4; 26; 64; 27; 8; 3; 4
9,26,0.75145,0.34615,20; 14; 9; 26; 3; 11; 11; 7
18,53,0.36961,0.33962,3; 8; 18; 53; 7; 3; 21; 31
12,78,0.36365,0.15385,4; 3; 12; 78; 7; 29; 32; 7
7,10,0.8138,0.7,29; 14; 7; 10; 8; 7; 10; 9
11,75,0.33118,0.14667,4; 4; 11; 75; 32; 23; 17; 16
9,26,0.76431,0.34615,10; 31; 9; 26; 26; 7; 8; 26
11,42,0.358,0.2619,13; 19; 11; 42; 15; 27; 14; 12
28,31,0.56432,0.90323,7; 19; 28; 31; 16; 23; 3; 29
10,63,0.21645,0.15873,4; 11; 10; 63; 26; 28; 17; 14
12,78,0.36259,0.15385,4; 4; 12; 78; 9; 18; 5; 25
5,78,0.32227,0.0641,7; 3; 5; 78; 18; 18; 29; 12
24,31,0.56903,0.77419,3; 20; 24; 31; 18; 5; 32; 4
30,49,0.58897,0.61224,9; 8; 30; 49; 12; 21; 7; 31
6,49,0.14217,0.12245,8; 9; 6; 49; 9; 14; 13; 32
9,10,0.82313,0.9,32; 9; 9; 10; 21; 32; 8; 8
13,42,0.35173,0.30952,21; 19; 13; 42; 10; 10; 4; 5
28,31,0.51495,0.90323,14; 15; 28; 31; 16; 30; 11; 29
17,31,0.47322,0.54839,16; 10; 17; 31; 18; 3; 14; 17
20,53,0.32485,0.37736,12; 8; 20; 53; 18; 26; 25; 27
20,26,0.4996,0.76923,16; 25; 20; 26; 29; 12; 6; 21
17,64,0.36134,0.26562,7; 4; 17; 64; 24; 23; 13; 14
33,42,0.64526,0.78571,11; 4; 33; 42; 6; 27; 26; 18
7,82,0.36651,0.08537,3; 4; 7; 82; 16; 15; 18; 19
19,32,0.59431,0.59375,9; 13; 19; 32; 6; 14; 32; 12
25,42,0.52869,0.59524,4; 4; 25; 42; 10; 5; 24; 24
12,70,0.31752,0.17143,4; 7; 12; 70; 22; 9; 23; 26
17,31,0.55024,0.54839,21; 7; 17; 31; 31; 13; 8; 28
5,78,0.26691,0.0641,4; 4; 5; 78; 3; 23; 26; 28
19,63,0.36087,0.30159,7; 6; 19; 63; 17; 18; 16; 20
25,32,0.51934,0.78125,12; 14; 25; 32; 30; 7; 5; 20
9,64,0.20842,0.14062,10; 7; 9; 64; 21; 8; 30; 31
25,26,0.71153,0.96154,7; 3; 25; 26; 21; 26; 7; 18
6,42,0.34577,0.14286,16; 20; 6; 42; 6; 18; 9; 23
6,10,0.79031,0.6,34; 14; 6; 10; 4; 19; 23; 26
14,31,0.50357,0.45161,12; 19; 14; 31; 18; 16; 15; 4
28,49,0.53166,0.57143,9; 6; 28; 49; 27; 16; 22; 3
7,9,0.82771,0.77778,36; 30; 7; 9; 28; 13; 23; 28
25,48,0.52766,0.52083,3; 5; 25; 48; 22; 11; 22; 15
5,9,0.81203,0.55556,14; 35; 5; 9; 28; 5; 17; 6
41,48,0.82939,0.85417,4; 3; 41; 48; 24; 4; 31; 5
30,48,0.60725,0.625,5; 7; 30; 48; 17; 24; 20; 12
10,77,0.33669,0.12987,3; 5; 10; 77; 22; 20; 11; 14
24,26,0.45675,0.92308,9; 3; 24; 26; 8; 24; 17; 10
5,78,0.23745,0.0641,4; 5; 5; 78; 25; 24; 12; 13
7,70,0.25696,0.1,8; 9; 7; 70; 10; 26; 22; 16
17,26,0.63455,0.65385,26; 26; 17; 26; 6; 27; 3; 14
7,77,0.32099,0.09091,5; 7; 7; 77; 27; 9; 10; 10
7,9,0.79197,0.77778,12; 39; 7; 9; 19; 20; 20; 15
11,70,0.26534,0.15714,4; 5; 11; 70; 3; 5; 5; 10
5,9,0.81338,0.55556,5; 11; 5; 9; 23; 26; 8; 28
17,48,0.35725,0.35417,15; 7; 17; 48; 11; 21; 32; 7
13,63,0.25793,0.20635,11; 11; 13; 63; 4; 3; 32; 13
7,49,0.16449,0.14286,17; 21; 7; 49; 17; 12; 26; 25
28,32,0.52229,0.875,16; 15; 28; 32; 9; 16; 17; 17
18,31,0.74166,0.58065,22; 20; 18; 31; 32; 8; 20; 10
6,64,0.17304,0.09375,14; 6; 6; 64; 25; 3; 13; 11
6,31,0.73916,0.19355,22; 16; 6; 31; 8; 28; 5; 17
17,26,0.5013,0.65385,26; 17; 17; 26; 17; 21; 16; 22
10,78,0.36099,0.12821,4; 4; 10; 78; 15; 26; 21; 9
10,77,0.35365,0.12987,5; 4; 10; 77; 28; 20; 30; 18
24,32,0.51787,0.75,11; 15; 24; 32; 31; 27; 17; 19
6,82,0.33686,0.07317,5; 4; 6; 82; 4; 19; 29; 6
16,70,0.37625,0.22857,6; 4; 16; 70; 13; 29; 10; 19
6,82,0.31344,0.07317,4; 3; 6; 82; 3; 15; 12; 27
8,64,0.22039,0.125,12; 9; 8; 64; 18; 13; 29; 11
37,53,0.68975,0.69811,3; 3; 37; 53; 15; 30; 5; 15
8,82,0.32019,0.09756,4; 4; 8; 82; 20; 32; 8; 5
24,63,0.46112,0.38095,4; 5; 24; 63; 30; 21; 15; 23
5,10,0.83032,0.5,23; 5; 5; 10; 14; 32; 31; 18
23,48,0.43896,0.47917,9; 13; 23; 48; 6; 28; 8; 16
35,48,0.71544,0.72917,6; 4; 35; 48; 7; 17; 24; 6
8,32,0.70032,0.25,10; 5; 8; 32; 24; 29; 23; 12
11,42,0.32868,0.2619,21; 9; 11; 42; 27; 6; 6; 3
27,63,0.47098,0.42857,3; 4; 27; 63; 7; 11; 25; 14
11,75,0.33907,0.14667,6; 5; 11; 75; 21; 17; 28; 13
18,70,0.36122,0.25714,4; 5; 18; 70; 5; 24; 5; 26
9,77,0.32612,0.11688,3; 5; 9; 77; 25; 25; 25; 10
31,53,0.5563,0.58491,4; 5; 31; 53; 27; 6; 18; 15
21,42,0.51113,0.5,17; 3; 21; 42; 5; 26; 11; 14
5,10,0.81859,0.5,18; 3; 5; 10; 32; 10; 7; 21
20,70,0.41658,0.28571,3; 3; 20; 70; 19; 10; 26; 4
7,82,0.36752,0.08537,3; 3; 7; 82; 23; 13; 20; 20
9,75,0.32595,0.12,6; 4; 9; 75; 29; 18; 18; 12
8,9,0.80041,0.88889,17; 20; 8; 9; 10; 10; 7; 8
29,32,0.56155,0.90625,18; 11; 29; 32; 14; 20; 31; 13
27,63,0.48116,0.42857,4; 3; 27; 63; 10; 7; 19; 10
11,42,0.30657,0.2619,13; 4; 11; 42; 30; 3; 32; 18
16,63,0.31802,0.25397,8; 5; 16; 63; 3; 13; 7; 25
7,53,0.14325,0.13208,18; 3; 7; 53; 24; 8; 32; 17
6,82,0.27174,0.07317,3; 3; 6; 82; 30; 29; 19; 8
5,10,0.81092,0.5,16; 19; 5; 10; 20; 4; 22; 17
18,53,0.34989,0.33962,4; 12; 18; 53; 32; 18; 11; 4
10,77,0.35089,0.12987,4; 4; 10; 77; 19; 25; 25; 23
9,78,0.31863,0.11538,4; 5; 9; 78; 19; 29; 28; 6
7,75,0.27942,0.09333,5; 6; 7; 75; 24; 13; 14; 27
26,31,0.48664,0.83871,12; 7; 26; 31; 5; 13; 20; 9
6,26,0.82366,0.23077,5; 18; 6; 26; 21; 18; 3; 25
19,48,0.38831,0.39583,14; 14; 19; 48; 15; 14; 31; 7
16,26,0.74382,0.61538,24; 25; 16; 26; 3; 25; 22; 28
10,63,0.24032,0.15873,11; 6; 10; 63; 27; 21; 11; 18
7,42,0.31618,0.16667,4; 12; 7; 42; 3; 12; 4; 12
20,31,0.50329,0.64516,14; 14; 20; 31; 16; 23; 29; 24
12,78,0.35074,0.15385,4; 3; 12; 78; 8; 20; 13; 22
22,53,0.42783,0.41509,8; 3; 22; 53; 4; 30; 30; 15
11,70,0.28428,0.15714,5; 5; 11; 70; 27; 7; 16; 18
17,26,0.481,0.65385,18; 23; 17; 26; 19; 5; 27; 19
9,10,0.80234,0.9,16; 31; 9; 10; 32; 18; 18; 5
6,9,0.84769,0.66667,29; 41; 6; 9; 7; 7; 8; 18
5,9,0.82821,0.55556,30; 19; 5; 9; 7; 12; 30; 9
8,70,0.24763,0.11429,5; 4; 8; 70; 12; 24; 29; 8
8,82,0.31974,0.09756,3; 3; 8; 82; 8; 17; 16; 18
7,82,0.36427,0.08537,4; 4; 7; 82; 14; 31; 8; 23
6,82,0.30214,0.07317,4; 5; 6; 82; 30; 6; 9; 16
8,64,0.1963,0.125,11; 3; 8; 64; 4; 11; 27; 24
7,82,0.38604,0.08537,3; 4; 7; 82; 12; 24; 3; 28
5,82,0.28303,0.06098,5; 3; 5; 82; 7; 24; 10; 28
13,77,0.40604,0.16883,3; 3; 13; 77; 25; 18; 12; 5
24,53,0.45081,0.45283,4; 9; 24; 53; 8; 11; 8; 7
5,82,0.33772,0.06098,3; 4; 5; 82; 19; 15; 25; 17
9,77,0.32374,0.11688,4; 5; 9; 77; 23; 30; 30; 11
18,31,0.45803,0.58065,4; 24; 18; 31; 29; 27; 18; 3
12,32,0.49759,0.375,17; 27; 12; 32; 20; 6; 11; 25
12,70,0.34502,0.17143,6; 5; 12; 70; 11; 26; 21; 20
5,10,0.79811,0.5,26; 31; 5; 10; 5; 25; 12; 14
11,63,0.25772,0.1746,12; 4; 11; 63; 9; 29; 32; 6
6,78,0.27608,0.07692,7; 6; 6; 78; 7; 28; 19; 19
9,42,0.34014,0.21429,9; 3; 9; 42; 19; 27; 17; 15
26,53,0.51429,0.49057,8; 5; 26; 53; 17; 25; 15; 15
11,78,0.34459,0.14103,4; 4; 11; 78; 11; 10; 5; 15
22,42,0.47489,0.52381,3; 10; 22; 42; 15; 19; 18; 32
24,63,0.4228,0.38095,3; 5; 24; 63; 7; 18; 22; 24
19,53,0.39034,0.35849,3; 10; 19; 53; 15; 14; 17; 20
27,42,0.57974,0.64286,8; 12; 27; 42; 21; 15; 32; 3
18,26,0.53343,0.69231,9; 20; 18; 26; 5; 11; 17; 7
20,64,0.39047,0.3125,7; 4; 20; 64; 8; 28; 6; 3
12,75,0.29929,0.16,3; 4; 12; 75; 18; 15; 18; 19
24,49,0.47488,0.4898,3; 7; 24; 49; 12; 27; 14; 19
9,32,0.5583,0.28125,23; 7; 9; 32; 19; 6; 24; 11
6,10,0.80788,0.6,40; 19; 6; 10; 15; 24; 8; 31
5,82,0.31195,0.06098,5; 3; 5; 82; 6; 23; 3; 17
11,75,0.31631,0.14667,6; 4; 11; 75; 23; 24; 20; 22
10,77,0.36198,0.12987,5; 4; 10; 77; 32; 6; 8; 17
18,63,0.36559,0.28571,6; 6; 18; 63; 7; 11; 4; 18
10,26,0.62144,0.38462,28; 28; 10; 26; 5; 26; 8; 5
15,26,0.6617,0.57692,26; 18; 15; 26; 18; 14; 26; 15
7,9,0.83206,0.77778,30; 32; 7; 9; 23; 29; 8; 26
10,75,0.30478,0.13333,4; 5; 10; 75; 25; 24; 13; 8
6,9,0.81533,0.66667,20; 10; 6; 9; 4; 23; 11; 4
20,63,0.3893,0.31746,5; 7; 20; 63; 23; 23; 19; 15
19,32,0.54011,0.59375,3; 16; 19; 32; 15; 13; 14; 21
22,32,0.4844,0.6875,8; 13; 22; 32; 20; 5; 24; 29
8,75,0.24102,0.10667,3; 7; 8; 75; 30; 10; 21; 8
6,82,0.33624,0.07317,3; 5; 6; 82; 14; 20; 7; 10
17,53,0.3645,0.32075,3; 3; 17; 53; 19; 22; 13; 24
37,48,0.73462,0.77083,5; 5; 37; 48; 23; 6; 5; 30
18,26,0.64205,0.69231,8; 8; 18; 26; 17; 18; 23; 22
25,26,0.66473,0.96154,20; 11; 25; 26; 6; 6; 18; 26
16,32,0.5598,0.5,12; 24; 16; 32; 31; 31; 14; 5
15,32,0.53807,0.46875,15; 24; 15; 32; 8; 16; 5; 16
16,64,0.30532,0.25,5; 7; 16; 64; 16; 17; 24; 11
13,42,0.37011,0.30952,5; 11; 13; 42; 17; 18; 26; 26
21,26,0.70724,0.80769,7; 4; 21; 26; 5; 28; 29; 20
22,42,0.50509,0.52381,17; 13; 22; 42; 23; 30; 20; 6
21,26,0.53758,0.80769,9; 3; 21; 26; 3; 18; 18; 31
19,48,0.40208,0.39583,12; 11; 19; 48; 29; 7; 23; 5
24,49,0.50372,0.4898,7; 9; 24; 49; 29; 17; 30; 10
22,49,0.45145,0.44898,9; 6; 22; 49; 16; 9; 25; 14
12,75,0.31497,0.16,4; 5; 12; 75; 27; 19; 7; 3
7,77,0.30437,0.09091,3; 6; 7; 77; 30; 30; 17; 7
13,32,0.45183,0.40625,21; 12; 13; 32; 26; 9; 31; 29
17,70,0.37162,0.24286,3; 4; 17; 70; 7; 17; 32; 15
13,32,0.79626,0.40625,5; 7; 13; 32; 27; 18; 23; 19
6,26,0.77495,0.23077,16; 4; 6; 26; 14; 24; 6; 12
42,48,0.81148,0.875,4; 3; 42; 48; 32; 21; 8; 29
5,75,0.26084,0.06667,7; 4; 5; 75; 11; 13; 14; 28
7,82,0.33988,0.08537,3; 4; 7; 82; 27; 15; 3; 27
33,53,0.60639,0.62264,4; 6; 33; 53; 10; 14; 18; 11
26,32,0.59836,0.8125,20; 17; 26; 32; 10; 15; 9; 5
8,9,0.82317,0.88889,25; 7; 8; 9; 26; 17; 11; 21
7,42,0.25786,0.16667,12; 6; 7; 42; 30; 3; 18; 16
10,78,0.36369,0.12821,5; 5; 10; 78; 8; 6; 15; 32
18,63,0.35622,0.28571,6; 4; 18; 63; 29; 5; 5; 3
10,63,0.22486,0.15873,9; 10; 10; 63; 13; 19; 14; 5
8,77,0.29434,0.1039,5; 4; 8; 77; 16; 31; 15; 5
6,9,0.7985,0.66667,37; 13; 6; 9; 11; 30; 25; 9
13,75,0.35874,0.17333,4; 3; 13; 75; 5; 4; 29; 23
6,9,0.81194,0.66667,17; 22; 6; 9; 32; 18; 20; 13
10,26,0.64761,0.38462,18; 27; 10; 26; 17; 32; 14; 12
8,78,0.32138,0.10256,4; 5; 8; 78; 4; 26; 14; 24
21,48,0.40341,0.4375,5; 11; 21; 48; 6; 6; 29; 11
8,9,0.81674,0.88889,33; 19; 8; 9; 8; 32; 28; 4
11,32,0.47476,0.34375,11; 22; 11; 32; 13; 21; 15; 3
20,63,0.38891,0.31746,7; 5; 20; 63; 19; 13; 10; 28
22,42,0.48715,0.52381,9; 9; 22; 42; 18; 3; 7; 22
14,75,0.377,0.18667,4; 4; 14; 75; 19; 22; 19; 17
16,49,0.31557,0.32653,3; 7; 16; 49; 3; 28; 31; 23
5,9,0.81587,0.55556,24; 19; 5; 9; 21; 25; 4; 10
14,63,0.2981,0.22222,9; 3; 14; 63; 19; 32; 4; 23
11,77,0.31947,0.14286,5; 4; 11; 77; 9; 23; 13; 17
6,10,0.82963,0.6,20; 38; 6; 10; 19; 20; 32; 13
5,63,0.18392,0.07937,10; 3; 5; 63; 17; 11; 13; 31
22,64,0.42232,0.34375,6; 6; 22; 64; 25; 25; 20; 7
23,63,0.44246,0.36508,6; 3; 23; 63; 22; 31; 22; 22
18,31,0.64856,0.58065,20; 20; 18; 31; 23; 22; 3; 32
9,78,0.36317,0.11538,5; 4; 9; 78; 3; 13; 6; 21
20,26,0.56394,0.76923,3; 23; 20; 26; 3; 24; 23; 24
19,70,0.40227,0.27143,3; 4; 19; 70; 21; 16; 32; 14
13,75,0.36491,0.17333,4; 5; 13; 75; 3; 24; 20; 24
6,10,0.81922,0.6,32; 39; 6; 10; 27; 26; 28; 14
21,49,0.41575,0.42857,4; 9; 21; 49; 17; 6; 26; 6
6,82,0.30267,0.07317,3; 5; 6; 82; 24; 15; 24; 22
32,49,0.6532,0.65306,8; 5; 32; 49; 7; 23; 6; 21
23,26,0.54938,0.88462,20; 10; 23; 26; 8; 7; 20; 27
10,75,0.28242,0.13333,6; 3; 10; 75; 10; 7; 17; 7
11,77,0.33564,0.14286,5; 4; 11; 77; 4; 22; 12; 12
24,32,0.52815,0.75,7; 16; 24; 32; 8; 14; 27; 5
9,77,0.31611,0.11688,6; 5; 9; 77; 20; 6; 30; 19
5,48,0.19792,0.10417,22; 18; 5; 48; 8; 21; 4; 13
9,77,0.36116,0.11688,6; 6; 9; 77; 30; 12; 14; 30
6,78,0.31337,0.07692,3; 4; 6; 78; 6; 7; 29; 29
26,64,0.46664,0.40625,3; 4; 26; 64; 8; 4; 18; 9
15,32,0.63106,0.46875,25; 17; 15; 32; 10; 8; 8; 15
12,49,0.24023,0.2449,6; 9; 12; 49; 28; 24; 16; 15
10,75,0.3191,0.13333,5; 3; 10; 75; 14; 22; 15; 3
24,63,0.44226,0.38095,3; 3; 24; 63; 24; 17; 10; 14
7,82,0.37504,0.08537,3; 3; 7; 82; 26; 18; 16; 5
5,9,0.8311,0.55556,40; 20; 5; 9; 21; 23; 15; 10
14,64,0.30002,0.21875,8; 9; 14; 64; 22; 20; 14; 18
17,70,0.3695,0.24286,3; 4; 17; 70; 20; 25; 16; 14
5,10,0.82263,0.5,4; 23; 5; 10; 19; 19; 29; 9
7,10,0.82698,0.7,40; 15; 7; 10; 3; 7; 13; 29
9,26,0.58713,0.34615,18; 14; 9; 26; 23; 12; 19; 5
5,75,0.2432,0.06667,4; 3; 5; 75; 25; 28; 15; 22
6,77,0.20979,0.07792,5; 5; 6; 77; 7; 10; 5; 21
12,78,0.39107,0.15385,3; 4; 12; 78; 24; 7; 24; 20
25,32,0.52738,0.78125,3; 3; 25; 32; 3; 12; 23; 9
8,82,0.3433,0.09756,4; 4; 8; 82; 13; 10; 24; 10
14,75,0.33889,0.18667,3; 4; 14; 75; 5; 10; 30; 8
22,32,0.51971,0.6875,16; 13; 22; 32; 15; 30; 11; 21
22,31,0.60667,0.70968,22; 19; 22; 31; 27; 7; 21; 4
9,10,0.77795,0.9,21; 32; 9; 10; 12; 19; 23; 7
12,42,0.34162,0.28571,22; 22; 12; 42; 29; 32; 20; 15
5,64,0.14666,0.07812,13; 4; 5; 64; 14; 23; 6; 18
7,32,0.727,0.21875,23; 24; 7; 32; 24; 15; 28; 25
22,63,0.45552,0.34921,6; 6; 22; 63; 18; 11; 20; 14
29,48,0.56753,0.60417,4; 10; 29; 48; 19; 30; 4; 22
6,32,0.64861,0.1875,16; 7; 6; 32; 27; 16; 27; 16
7,82,0.36948,0.08537,3; 4; 7; 82; 19; 19; 16; 24
13,70,0.33063,0.18571,7; 5; 13; 70; 14; 7; 7; 31
8,53,0.16518,0.15094,10; 18; 8; 53; 8; 14; 5; 5
8,31,0.59625,0.25806,18; 7; 8; 31; 26; 27; 14; 7
9,70,0.25933,0.12857,4; 5; 9; 70; 19; 11; 15; 29
11,32,0.47468,0.34375,18; 13; 11; 32; 17; 10; 18; 26
9,75,0.31131,0.12,6; 7; 9; 75; 20; 5; 25; 14
15,26,0.61856,0.57692,17; 28; 15; 26; 28; 19; 25; 21
11,42,0.32686,0.2619,4; 9; 11; 42; 24; 17; 15; 13
7,82,0.32333,0.08537,4; 3; 7; 82; 32; 9; 25; 31
23,31,0.46039,0.74194,4; 7; 23; 31; 11; 28; 28; 14
7,77,0.25717,0.09091,3; 7; 7; 77; 21; 24; 8; 28
10,70,0.2804,0.14286,7; 9; 10; 70; 19; 17; 8; 26
11,75,0.32204,0.14667,3; 5; 11; 75; 22; 30; 5; 9
5,9,0.84739,0.55556,14; 6; 5; 9; 21; 20; 9; 12
25,26,0.51584,0.96154,22; 18; 25; 26; 27; 5; 24; 13
26,32,0.51801,0.8125,19; 9; 26; 32; 19; 14; 25; 13
19,63,0.38387,0.30159,7; 6; 19; 63; 9; 10; 24; 14
6,10,0.81308,0.6,15; 21; 6; 10; 32; 7; 27; 29
7,70,0.20166,0.1,10; 8; 7; 70; 8; 12; 11; 13
11,53,0.22772,0.20755,17; 6; 11; 53; 32; 14; 25; 16
11,77,0.34095,0.14286,4; 3; 11; 77; 23; 6; 6; 29
19,31,0.44756,0.6129,9; 7; 19; 31; 12; 16; 24; 25
24,31,0.53184,0.77419,20; 15; 24; 31; 29; 10; 4; 3
13,77,0.36114,0.16883,3; 3; 13; 77; 9; 12; 31; 12
25,32,0.58926,0.78125,8; 18; 25; 32; 6; 29; 15; 30
6,26,0.69229,0.23077,18; 7; 6; 26; 15; 28; 30; 12
32,49,0.63733,0.65306,8; 7; 32; 49; 24; 16; 9; 11
27,42,0.55745,0.64286,9; 12; 27; 42; 31; 7; 16; 16
6,63,0.16578,0.09524,10; 11; 6; 63; 18; 12; 26; 26
8,75,0.25722,0.10667,7; 3; 8; 75; 16; 28; 10; 8
12,75,0.31886,0.16,3; 5; 12; 75; 19; 5; 26; 21
30,31,0.63766,0.96774,5; 16; 30; 31; 31; 13; 10; 15
7,82,0.37768,0.08537,3; 3; 7; 82; 12; 22; 29; 26
8,26,0.8226,0.30769,26; 28; 8; 26; 4; 7; 6; 10
25,26,0.47692,0.96154,14; 19; 25; 26; 16; 8; 5; 13
10,48,0.21087,0.20833,4; 9; 10; 48; 9; 17; 28; 10
18,70,0.3842,0.25714,3; 3; 18; 70; 21; 26; 6; 23
8,64,0.20411,0.125,9; 8; 8; 64; 17; 32; 10; 10
10,75,0.31143,0.13333,5; 6; 10; 75; 7; 13; 25; 15
5,10,0.81963,0.5,26; 6; 5; 10; 9; 15; 20; 12
14,48,0.32029,0.29167,13; 3; 14; 48; 25; 32; 17; 4
11,70,0.30023,0.15714,8; 3; 11; 70; 13; 11; 29; 30
8,78,0.33603,0.10256,4; 5; 8; 78; 13; 13; 21; 8
28,49,0.53439,0.57143,3; 4; 28; 49; 12; 5; 5; 19
17,32,0.41578,0.53125,7; 21; 17; 32; 16; 25; 32; 16
10,64,0.23363,0.15625,10; 6; 10; 64; 6; 16; 15; 21
15,63,0.30742,0.2381,4; 9; 15; 63; 12; 4; 9; 20
12,75,0.33637,0.16,5; 4; 12; 75; 25; 3; 12; 13
8,10,0.80708,0.8,24; 20; 8; 10; 9; 18; 24; 3
8,78,0.29897,0.10256,6; 3; 8; 78; 16; 6; 22; 19
9,64,0.17131,0.14062,7; 12; 9; 64; 9; 23; 8; 30
19,70,0.41051,0.27143,3; 3; 19; 70; 7; 25; 21; 31
6,82,0.29017,0.07317,5; 3; 6; 82; 5; 8; 11; 25
27,53,0.51878,0.50943,7; 9; 27; 53; 22; 32; 10; 5
12,77,0.36417,0.15584,4; 3; 12; 77; 8; 26; 5; 10
25,42,0.55841,0.59524,9; 5; 25; 42; 32; 15; 18; 29
6,78,0.34073,0.07692,3; 7; 6; 78; 9; 14; 31; 16
10,78,0.33956,0.12821,3; 5; 10; 78; 13; 28; 3; 5
7,75,0.24446,0.09333,5; 3; 7; 75; 15; 12; 30; 32
13,42,0.36385,0.30952,21; 20; 13; 42; 7; 28; 28; 9
11,49,0.25608,0.22449,5; 5; 11; 49; 7; 25; 18; 7
25,32,0.6007,0.78125,14; 19; 25; 32; 21; 7; 30; 3
7,78,0.32241,0.08974,5; 5; 7; 78; 4; 22; 14; 10
7,9,0.78652,0.77778,33; 8; 7; 9; 24; 21; 15; 20
24,53,0.45,0.45283,4; 9; 24; 53; 25; 28; 30; 12
8,78,0.32562,0.10256,6; 6; 8; 78; 4; 25; 10; 25
7,9,0.82102,0.77778,21; 27; 7; 9; 4; 26; 31; 14
9,70,0.31939,0.12857,5; 8; 9; 70; 24; 22; 10; 28
7,9,0.79729,0.77778,24; 41; 7; 9; 29; 6; 4; 25
5,49,0.12917,0.10204,15; 5; 5; 49; 29; 18; 15; 20
6,75,0.22008,0.08,7; 8; 6; 75; 8; 27; 12; 13
6,53,0.13881,0.11321,18; 16; 6; 53; 10; 22; 12; 26
5,9,0.82216,0.55556,41; 28; 5; 9; 27; 31; 22; 14
6,77,0.29421,0.07792,7; 5; 6; 77; 20; 9; 22; 18
10,70,0.24175,0.14286,5; 7; 10; 70; 10; 20; 6; 6
6,77,0.25638,0.07792,4; 5; 6; 77; 22; 32; 9; 14
14,49,0.30206,0.28571,8; 9; 14; 49; 10; 15; 31; 14
6,63,0.1495,0.09524,13; 7; 6; 63; 15; 17; 15; 8
37,42,0.67792,0.88095,8; 9; 37; 42; 29; 32; 19; 4
15,64,0.32462,0.23438,3; 4; 15; 64; 28; 14; 31; 14
21,48,0.44479,0.4375,14; 5; 21; 48; 3; 30; 21; 11
14,75,0.34837,0.18667,4; 4; 14; 75; 5; 32; 29; 15
12,78,0.36509,0.15385,3; 3; 12; 78; 32; 21; 7; 6
20,26,0.64935,0.76923,7; 21; 20; 26; 15; 10; 13; 14
17,26,0.50457,0.65385,7; 23; 17; 26; 6; 8; 16; 26
5,82,0.31801,0.06098,4; 3; 5; 82; 5; 11; 4; 24
40,48,0.79,0.83333,3; 5; 40; 48; 23; 23; 24; 12
8,9,0.82045,0.88889,27; 28; 8; 9; 28; 14; 27; 8
7,63,0.184,0.11111,13; 14; 7; 63; 23; 14; 28; 13
6,64,0.17583,0.09375,12; 14; 6; 64; 22; 17; 8; 8
25,49,0.50807,0.5102,5; 5; 25; 49; 13; 22; 17; 9
11,75,0.31643,0.14667,5; 3; 11; 75; 32; 9; 17; 25
22,26,0.52722,0.84615,22; 17; 22; 26; 31; 14; 4; 12
20,70,0.41708,0.28571,3; 4; 20; 70; 3; 15; 18; 23
5,10,0.82489,0.5,20; 36; 5; 10; 3; 9; 16; 17
5,70,0.18374,0.07143,4; 11; 5; 70; 9; 4; 27; 31
6,75,0.21986,0.08,3; 3; 6; 75; 32; 18; 11; 30
20,48,0.42526,0.41667,8; 4; 20; 48; 21; 5; 19; 25
8,75,0.24974,0.10667,5; 6; 8; 75; 20; 21; 32; 12
15,70,0.36106,0.21429,4; 3; 15; 70; 26; 7; 5; 17
7,9,0.82441,0.77778,29; 3; 7; 9; 26; 32; 16; 4
20,26,0.48923,0.76923,3; 14; 20; 26; 6; 32; 9; 8
5,9,0.81548,0.55556,14; 35; 5; 9; 3; 32; 4; 17
6,78,0.29921,0.07692,6; 4; 6; 78; 21; 26; 6; 5
41,49,0.81837,0.83673,3; 3; 41; 49; 26; 28; 15; 21
7,32,0.8102,0.21875,18; 17; 7; 32; 8; 10; 15; 14
11,49,0.22492,0.22449,16; 17; 11; 49; 7; 15; 15; 23
19,26,0.62533,0.73077,14; 19; 19; 26; 3; 9; 14; 29
24,64,0.46793,0.375,3; 4; 24; 64; 18; 19; 4; 9
5,42,0.30289,0.11905,7; 5; 5; 42; 23; 13; 14; 15
6,78,0.29774,0.07692,5; 3; 6; 78; 5; 23; 23; 22
42,48,0.81993,0.875,3; 4; 42; 48; 13; 14; 32; 19
15,75,0.32431,0.2,4; 4; 15; 75; 22; 29; 5; 8
5,75,0.25585,0.06667,8; 4; 5; 75; 31; 24; 21; 8
30,42,0.58938,0.71429,6; 9; 30; 42; 21; 9; 19; 20
19,53,0.35359,0.35849,13; 9; 19; 53; 22; 23; 25; 14
10,70,0.24681,0.14286,3; 9; 10; 70; 9; 12; 10; 23
10,32,0.48563,0.3125,10; 22; 10; 32; 31; 14; 28; 3
15,32,0.57149,0.46875,10; 25; 15; 32; 10; 27; 11; 28
9,32,0.6962,0.28125,7; 11; 9; 32; 11; 20; 22; 12
8,9,0.82563,0.88889,29; 21; 8; 9; 6; 13; 3; 28
27,31,0.62168,0.87097,15; 12; 27; 31; 11; 6; 26; 12
5,82,0.31627,0.06098,3; 4; 5; 82; 19; 20; 22; 10
20,26,0.77295,0.76923,23; 16; 20; 26; 17; 13; 4; 12
10,77,0.2887,0.12987,5; 5; 10; 77; 29; 22; 4; 10
14,63,0.31546,0.22222,3; 4; 14; 63; 17; 5; 12; 11
5,78,0.25832,0.0641,4; 7; 5; 78; 18; 24; 26; 28
11,75,0.31607,0.14667,3; 5; 11; 75; 21; 4; 10; 13
24,26,0.52194,0.92308,17; 23; 24; 26; 15; 10; 30; 19
5,64,0.1635,0.07812,13; 5; 5; 64; 22; 16; 9; 30
5,9,0.8128,0.55556,21; 25; 5; 9; 30; 17; 14; 21
10,77,0.27624,0.12987,3; 5; 10; 77; 19; 10; 22; 23
7,10,0.82052,0.7,6; 29; 7; 10; 7; 5; 8; 10
7,10,0.81027,0.7,23; 13; 7; 10; 12; 3; 4; 10
28,42,0.60288,0.66667,4; 3; 28; 42; 5; 6; 10; 25
18,32,0.5767,0.5625,6; 5; 18; 32; 32; 21; 6; 9
9,10,0.79613,0.9,9; 11; 9; 10; 20; 27; 20; 10
12,77,0.36367,0.15584,3; 3; 12; 77; 28; 31; 25; 5
13,77,0.39771,0.16883,3; 4; 13; 77; 11; 18; 20; 19
20,63,0.37787,0.31746,6; 6; 20; 63; 8; 6; 32; 29
16,48,0.31985,0.33333,16; 11; 16; 48; 25; 25; 16; 5
12,49,0.2818,0.2449,4; 11; 12; 49; 21; 23; 26; 17
6,78,0.25344,0.07692,6; 4; 6; 78; 8; 3; 8; 3
16,42,0.40248,0.38095,11; 10; 16; 42; 18; 5; 15; 6
14,26,0.55518,0.53846,23; 19; 14; 26; 11; 19; 21; 18
11,63,0.23279,0.1746,11; 10; 11; 63; 3; 24; 12; 9
6,9,0.8306,0.66667,34; 25; 6; 9; 17; 11; 10; 29
33,42,0.6312,0.78571,11; 6; 33; 42; 10; 4; 28; 10
19,48,0.38728,0.39583,15; 14; 19; 48; 8; 4; 3; 12
14,48,0.32186,0.29167,13; 18; 14; 48; 20; 27; 16; 13
30,48,0.58247,0.625,6; 9; 30; 48; 11; 25; 7; 7
11,77,0.30301,0.14286,4; 5; 11; 77; 3; 5; 11; 31
8,77,0.32136,0.1039,3; 6; 8; 77; 3; 6; 4; 14
7,9,0.84841,0.77778,21; 30; 7; 9; 31; 25; 6; 13
31,48,0.60885,0.64583,3; 3; 31; 48; 3; 3; 6; 17
31,32,0.56913,0.96875,14; 10; 31; 32; 17; 22; 21; 4
32,49,0.64067,0.65306,4; 3; 32; 49; 13; 24; 18; 25
9,64,0.23311,0.14062,12; 3; 9; 64; 10; 32; 17; 14
8,10,0.82535,0.8,14; 21; 8; 10; 23; 16; 9; 21
6,9,0.83151,0.66667,9; 13; 6; 9; 29; 27; 21; 6
5,82,0.31098,0.06098,5; 3; 5; 82; 18; 29; 23; 8
23,63,0.41505,0.36508,4; 6; 23; 63; 3; 22; 7; 5
7,9,0.81431,0.77778,20; 28; 7; 9; 31; 20; 20; 21
18,70,0.38493,0.25714,5; 3; 18; 70; 9; 3; 21; 14
35,53,0.6572,0.66038,4; 5; 35; 53; 16; 29; 4; 31
38,48,0.76518,0.79167,5; 4; 38; 48; 8; 17; 25; 15
5,82,0.33904,0.06098,5; 5; 5; 82; 11; 11; 14; 13
11,32,0.47479,0.34375,11; 9; 11; 32; 6; 17; 20; 13
37,42,0.6732,0.88095,8; 5; 37; 42; 11; 5; 18; 28
26,49,0.52434,0.53061,11; 9; 26; 49; 13; 22; 19; 12
9,10,0.80352,0.9,13; 38; 9; 10; 17; 9; 28; 28
6,31,0.63911,0.19355,4; 22; 6; 31; 29; 18; 9; 7
19,53,0.3609,0.35849,9; 11; 19; 53; 8; 21; 27; 9
18,32,0.51133,0.5625,11; 8; 18; 32; 22; 5; 3; 23
15,31,0.69499,0.48387,9; 5; 15; 31; 4; 24; 3; 11
14,32,0.67667,0.4375,21; 20; 14; 32; 12; 4; 31; 4
9,63,0.20361,0.14286,10; 8; 9; 63; 13; 15; 25; 12
24,63,0.44401,0.38095,5; 4; 24; 63; 28; 3; 16; 23
6,77,0.26418,0.07792,3; 3; 6; 77; 30; 10; 11; 13
6,10,0.8238,0.6,23; 40; 6; 10; 10; 8; 21; 7
14,75,0.36484,0.18667,3; 3; 14; 75; 16; 28; 7; 3
13,77,0.34918,0.16883,3; 3; 13; 77; 21; 23; 11; 7
19,70,0.39069,0.27143,3; 4; 19; 70; 8; 12; 14; 28
13,26,0.74718,0.5,12; 17; 13; 26; 20; 15; 12; 31
5,82,0.31468,0.06098,3; 4; 5; 82; 23; 9; 31; 30
14,26,0.73345,0.53846,6; 11; 14; 26; 29; 17; 21; 3
11,31,0.70961,0.35484,7; 19; 11; 31; 13; 21; 21; 28
8,63,0.20389,0.12698,3; 6; 8; 63; 10; 32; 20; 8
29,32,0.60564,0.90625,3; 10; 29; 32; 11; 30; 7; 20
37,48,0.71345,0.77083,3; 3; 37; 48; 23; 3; 26; 4
6,82,0.34678,0.07317,5; 5; 6; 82; 27; 13; 11; 24
15,64,0.33817,0.23438,9; 6; 15; 64; 14; 18; 6; 7
13,63,0.26426,0.20635,8; 7; 13; 63; 22; 31; 15; 27
7,10,0.82418,0.7,5; 18; 7; 10; 9; 28; 27; 28
19,32,0.49378,0.59375,14; 6; 19; 32; 13; 12; 17; 11
24,48,0.46791,0.5,6; 10; 24; 48; 15; 20; 23; 29
8,77,0.33047,0.1039,4; 6; 8; 77; 17; 13; 20; 12
12,31,0.54605,0.3871,17; 7; 12; 31; 21; 24; 6; 12
10,75,0.30875,0.13333,4; 6; 10; 75; 5; 6; 20; 21
29,31,0.55758,0.93548,10; 8; 29; 31; 17; 16; 27; 31
10,77,0.32946,0.12987,3; 4; 10; 77; 26; 17; 23; 5
6,48,0.15928,0.125,13; 14; 6; 48; 26; 6; 14; 22
13,77,0.37193,0.16883,4; 4; 13; 77; 3; 25; 24; 21
27,63,0.51893,0.42857,4; 3; 27; 63; 13; 20; 19; 12
5,75,0.2555,0.06667,6; 7; 5; 75; 26; 17; 28; 16
8,31,0.77257,0.25806,23; 29; 8; 31; 28; 10; 26; 30
7,9,0.80907,0.77778,12; 6; 7; 9; 5; 20; 31; 30
11,77,0.36648,0.14286,5; 5; 11; 77; 26; 26; 27; 11
21,32,0.61188,0.65625,3; 15; 21; 32; 3; 12; 28; 20
15,75,0.38279,0.2,4; 3; 15; 75; 17; 27; 3; 17
7,82,0.36104,0.08537,4; 3; 7; 82; 17; 17; 22; 15
5,77,0.28998,0.06494,3; 3; 5; 77; 5; 24; 22; 10
10,77,0.31927,0.12987,4; 3; 10; 77; 14; 19; 31; 18
11,49,0.26584,0.22449,19; 12; 11; 49; 30; 19; 15; 8
5,77,0.31307,0.06494,7; 6; 5; 77; 4; 18; 23; 24
11,78,0.38845,0.14103,4; 4; 11; 78; 11; 5; 14; 27
5,9,0.82026,0.55556,24; 4; 5; 9; 6; 24; 19; 8
13,77,0.36646,0.16883,4; 3; 13; 77; 11; 7; 31; 24
7,82,0.37865,0.08537,3; 3; 7; 82; 15; 5; 6; 22
26,63,0.46514,0.4127,4; 3; 26; 63; 9; 3; 31; 13
5,26,0.5976,0.19231,30; 26; 5; 26; 31; 13; 15; 9
7,10,0.82809,0.7,5; 17; 7; 10; 15; 29; 27; 20
38,48,0.75534,0.79167,4; 6; 38; 48; 10; 15; 29; 21
12,31,0.60145,0.3871,4; 3; 12; 31; 3; 22; 17; 20
7,82,0.37604,0.08537,4; 3; 7; 82; 18; 18; 25; 21
17,32,0.50145,0.53125,7; 7; 17; 32; 12; 25; 11; 18
11,77,0.3473,0.14286,4; 5; 11; 77; 13; 28; 19; 19
7,78,0.28627,0.08974,3; 4; 7; 78; 31; 4; 15; 12
40,49,0.78311,0.81633,4; 4; 40; 49; 24; 3; 29; 31
14,31,0.4538,0.45161,23; 26; 14; 31; 12; 3; 20; 23
21,42,0.49388,0.5,7; 13; 21; 42; 26; 23; 22; 4
22,63,0.39593,0.34921,4; 3; 22; 63; 21; 20; 28; 9
6,9,0.83551,0.66667,33; 19; 6; 9; 16; 15; 4; 12
6,10,0.8379,0.6,38; 17; 6; 10; 32; 17; 25; 4
7,10,0.8199,0.7,40; 40; 7; 10; 13; 27; 23; 25
9,10,0.79768,0.9,6; 9; 9; 10; 19; 3; 4; 16
35,48,0.68133,0.72917,6; 5; 35; 48; 10; 22; 14; 8
21,64,0.41535,0.32812,5; 5; 21; 64; 10; 13; 18; 6
20,32,0.6256,0.625,3; 14; 20; 32; 27; 14; 4; 17
5,9,0.80755,0.55556,35; 8; 5; 9; 24; 14; 28; 15
6,9,0.82257,0.66667,37; 25; 6; 9; 13; 25; 9; 16
9,78,0.32284,0.11538,4; 4; 9; 78; 18; 31; 5; 10
12,78,0.38089,0.15385,4; 3; 12; 78; 29; 20; 19; 12
6,10,0.81412,0.6,4; 22; 6; 10; 12; 24; 7; 29
17,26,0.79348,0.65385,4; 12; 17; 26; 6; 27; 17; 10
8,82,0.32483,0.09756,3; 3; 8; 82; 9; 31; 23; 5
8,77,0.29908,0.1039,6; 4; 8; 77; 28; 14; 11; 28
5,10,0.81953,0.5,12; 16; 5; 10; 29; 17; 28; 16
24,53,0.45737,0.45283,5; 8; 24; 53; 8; 7; 17; 25
17,63,0.34427,0.26984,6; 5; 17; 63; 26; 21; 31; 15
35,42,0.67654,0.83333,4; 6; 35; 42; 27; 17; 26; 14
5,70,0.14659,0.07143,3; 9; 5; 70; 25; 3; 21; 8
22,64,0.38034,0.34375,3; 4; 22; 64; 4; 31; 10; 15
18,32,0.51259,0.5625,10; 6; 18; 32; 21; 29; 27; 6
9,31,0.45217,0.29032,3; 25; 9; 31; 8; 11; 4; 10
12,64,0.24748,0.1875,6; 4; 12; 64; 15; 17; 26; 18
7,9,0.84002,0.77778,20; 5; 7; 9; 27; 19; 6; 12
5,70,0.2296,0.07143,4; 3; 5; 70; 17; 9; 32; 18
7,77,0.30041,0.09091,5; 7; 7; 77; 29; 9; 17; 22
8,10,0.78751,0.8,10; 11; 8; 10; 20; 21; 32; 23
13,48,0.29409,0.27083,15; 17; 13; 48; 12; 23; 30; 12
13,49,0.30829,0.26531,13; 16; 13; 49; 5; 6; 16; 30
6,9,0.80938,0.66667,25; 36; 6; 9; 4; 25; 28; 16
22,63,0.39463,0.34921,3; 4; 22; 63; 20; 29; 14; 4
6,82,0.29696,0.07317,4; 5; 6; 82; 9; 16; 25; 19
24,64,0.45268,0.375,5; 4; 24; 64; 24; 22; 24; 17
8,82,0.36418,0.09756,3; 4; 8; 82; 9; 13; 5; 24
9,10,0.82332,0.9,29; 36; 9; 10; 22; 26; 24; 4
28,32,0.59516,0.875,15; 11; 28; 32; 15; 3; 11; 16
18,42,0.51049,0.42857,8; 12; 18; 42; 31; 5; 32; 15
25,31,0.51791,0.80645,14; 13; 25; 31; 14; 17; 21; 6
9,77,0.32812,0.11688,4; 6; 9; 77; 9; 30; 15; 7
7,9,0.83435,0.77778,20; 28; 7; 9; 6; 3; 15; 17
12,75,0.34041,0.16,5; 4; 12; 75; 7; 3; 19; 29
26,63,0.47692,0.4127,3; 4; 26; 63; 5; 5; 19; 27
7,10,0.81551,0.7,13; 40; 7; 10; 28; 7; 5; 31
6,31,0.66314,0.19355,5; 22; 6; 31; 8; 13; 26; 9
40,49,0.80136,0.81633,3; 4; 40; 49; 14; 4; 8; 19
6,82,0.29145,0.07317,4; 5; 6; 82; 23; 9; 4; 19
5,75,0.27108,0.06667,8; 9; 5; 75; 25; 7; 12; 32
7,82,0.37308,0.08537,4; 4; 7; 82; 6; 4; 10; 23
21,64,0.42234,0.32812,5; 3; 21; 64; 15; 13; 22; 21
24,64,0.42953,0.375,4; 4; 24; 64; 8; 23; 25; 23
14,31,0.64243,0.45161,13; 13; 14; 31; 17; 11; 29; 13
21,32,0.58155,0.65625,12; 4; 21; 32; 13; 32; 6; 16
14,32,0.41506,0.4375,19; 25; 14; 32; 28; 12; 23; 26
9,31,0.63094,0.29032,16; 12; 9; 31; 7; 20; 11; 19
8,82,0.38458,0.09756,4; 4; 8; 82; 6; 17; 3; 27
23,64,0.44438,0.35938,4; 4; 23; 64; 10; 30; 19; 13
7,82,0.3839,0.08537,4; 3; 7; 82; 19; 18; 7; 31
16,64,0.3414,0.25,4; 5; 16; 64; 19; 13; 29; 17
7,77,0.22412,0.09091,4; 4; 7; 77; 23; 19; 20; 15
7,82,0.35725,0.08537,4; 4; 7; 82; 32; 18; 6; 17
17,64,0.34657,0.26562,3; 3; 17; 64; 27; 21; 5; 27
20,32,0.50598,0.625,6; 5; 20; 32; 21; 9; 7; 9
6,82,0.28981,0.07317,3; 5; 6; 82; 28; 7; 19; 5
9,31,0.77894,0.29032,12; 9; 9; 31; 17; 9; 18; 32
33,48,0.65944,0.6875,3; 8; 33; 48; 6; 22; 31; 4
14,48,0.31068,0.29167,14; 17; 14; 48; 25; 23; 7; 21
7,10,0.79973,0.7,18; 24; 7; 10; 9; 4; 15; 28
34,53,0.6581,0.64151,4; 5; 34; 53; 30; 16; 20; 26
15,75,0.36617,0.2,4; 4; 15; 75; 31; 19; 18; 17
23,26,0.47027,0.88462,21; 15; 23; 26; 9; 5; 29; 31
8,77,0.32029,0.1039,5; 6; 8; 77; 9; 22; 27; 6
22,53,0.41939,0.41509,7; 6; 22; 53; 28; 10; 7; 6
5,82,0.30017,0.06098,4; 5; 5; 82; 13; 3; 5; 3
16,63,0.31057,0.25397,9; 7; 16; 63; 13; 13; 12; 29
8,82,0.34916,0.09756,3; 4; 8; 82; 18; 20; 29; 25
6,75,0.20723,0.08,3; 6; 6; 75; 29; 29; 5; 10
36,49,0.71403,0.73469,3; 5; 36; 49; 20; 4; 20; 6
7,78,0.29281,0.08974,5; 3; 7; 78; 31; 28; 15; 9
5,77,0.28221,0.06494,6; 4; 5; 77; 25; 20; 28; 4
6,70,0.15632,0.08571,3; 4; 6; 70; 8; 23; 22; 17
9,77,0.3159,0.11688,6; 6; 9; 77; 5; 24; 7; 25
15,70,0.32905,0.21429,4; 6; 15; 70; 21; 31; 8; 13
11,26,0.68727,0.42308,11; 28; 11; 26; 13; 25; 20; 25
9,64,0.21055,0.14062,5; 9; 9; 64; 14; 8; 10; 22
23,49,0.44096,0.46939,12; 6; 23; 49; 7; 20; 31; 18
7,78,0.23914,0.08974,4; 5; 7; 78; 11; 3; 20; 12
26,64,0.49432,0.40625,3; 3; 26; 64; 21; 3; 19; 13
12,70,0.28798,0.17143,7; 7; 12; 70; 21; 14; 3; 17
27,49,0.54396,0.55102,10; 4; 27; 49; 26; 4; 14; 18
9,49,0.21247,0.18367,10; 10; 9; 49; 15; 31; 27; 10
14,31,0.74294,0.45161,11; 6; 14; 31; 31; 11; 25; 9
15,70,0.34739,0.21429,6; 4; 15; 70; 7; 9; 26; 25
5,9,0.83129,0.55556,28; 15; 5; 9; 14; 27; 6; 13
7,10,0.82442,0.7,34; 15; 7; 10; 4; 30; 24; 13
8,10,0.81998,0.8,34; 20; 8; 10; 8; 14; 13; 28
15,63,0.3049,0.2381,4; 8; 15; 63; 10; 8; 21; 10
8,78,0.30516,0.10256,3; 3; 8; 78; 12; 23; 8; 4
6,78,0.31344,0.07692,4; 7; 6; 78; 7; 5; 28; 5
6,77,0.23319,0.07792,4; 6; 6; 77; 28; 13; 21; 28
21,63,0.38851,0.33333,6; 4; 21; 63; 15; 18; 5; 13
32,49,0.64468,0.65306,5; 5; 32; 49; 7; 6; 20; 4
8,77,0.29546,0.1039,5; 4; 8; 77; 21; 32; 22; 6
14,75,0.36041,0.18667,3; 3; 14; 75; 25; 4; 20; 7
22,64,0.40351,0.34375,6; 5; 22; 64; 18; 30; 3; 18
25,64,0.46953,0.39062,4; 3; 25; 64; 11; 8; 22; 20
12,63,0.27508,0.19048,5; 3; 12; 63; 14; 21; 29; 32
17,63,0.35588,0.26984,4; 7; 17; 63; 27; 17; 6; 22
7,10,0.82742,0.7,11; 35; 7; 10; 24; 10; 14; 12
10,48,0.20367,0.20833,3; 11; 10; 48; 5; 9; 10; 29
20,70,0.43985,0.28571,3; 3; 20; 70; 16; 13; 9; 30
5,70,0.16647,0.07143,6; 3; 5; 70; 29; 4; 11; 9
13,70,0.33308,0.18571,3; 4; 13; 70; 23; 21; 17; 18
23,48,0.48521,0.47917,3; 4; 23; 48; 8; 28; 12; 29
10,32,0.53513,0.3125,18; 10; 10; 32; 10; 18; 10; 23
6,49,0.13433,0.12245,3; 16; 6; 49; 5; 10; 17; 11
35,48,0.70717,0.72917,3; 7; 35; 48; 12; 31; 28; 23
7,48,0.1761,0.14583,8; 10; 7; 48; 17; 7; 14; 29
6,26,0.83533,0.23077,17; 13; 6; 26; 3; 13; 26; 10
11,49,0.23709,0.22449,11; 8; 11; 49; 14; 6; 10; 5
12,78,0.35866,0.15385,4; 4; 12; 78; 30; 17; 4; 6
9,10,0.80963,0.9,4; 6; 9; 10; 27; 25; 8; 6
15,26,0.59584,0.57692,21; 13; 15; 26; 24; 18; 24; 3
10,78,0.2636,0.12821,5; 4; 10; 78; 6; 26; 8; 25
24,63,0.46072,0.38095,4; 5; 24; 63; 20; 20; 4; 4
35,48,0.69435,0.72917,3; 6; 35; 48; 27; 12; 26; 29
26,31,0.43603,0.83871,10; 13; 26; 31; 22; 19; 20; 11
13,32,0.44957,0.40625,19; 17; 13; 32; 15; 13; 7; 4
12,32,0.46772,0.375,18; 14; 12; 32; 13; 25; 7; 4
18,63,0.35673,0.28571,3; 8; 18; 63; 13; 23; 25; 24
30,42,0.61246,0.71429,11; 12; 30; 42; 17; 25; 13; 16
8,78,0.31182,0.10256,3; 3; 8; 78; 14; 16; 5; 9
30,31,0.52195,0.96774,8; 3; 30; 31; 18; 7; 29; 5
13,70,0.31756,0.18571,4; 5; 13; 70; 14; 20; 3; 30
11,49,0.24484,0.22449,16; 19; 11; 49; 29; 31; 25; 12
5,9,0.79903,0.55556,33; 29; 5; 9; 18; 10; 26; 23
12,78,0.38675,0.15385,4; 4; 12; 78; 29; 13; 29; 18
7,82,0.37122,0.08537,4; 3; 7; 82; 10; 13; 7; 21
15,75,0.38352,0.2,4; 4; 15; 75; 4; 32; 7; 24
37,53,0.69793,0.69811,3; 3; 37; 53; 29; 5; 12; 30
5,10,0.79883,0.5,8; 35; 5; 10; 9; 5; 23; 31
13,26,0.53459,0.5,9; 3; 13; 26; 14; 3; 3; 31
6,82,0.37157,0.07317,4; 3; 6; 82; 6; 18; 20; 31
5,10,0.82365,0.5,8; 20; 5; 10; 4; 20; 9; 19
15,53,0.29746,0.28302,4; 8; 15; 53; 8; 3; 9; 9
34,53,0.65344,0.64151,5; 5; 34; 53; 31; 29; 9; 26
7,70,0.21896,0.1,7; 3; 7; 70; 16; 32; 20; 7
6,10,0.81509,0.6,36; 32; 6; 10; 26; 5; 13; 21
11,70,0.31852,0.15714,3; 6; 11; 70; 9; 13; 3; 7
25,48,0.5159,0.52083,9; 8; 25; 48; 5; 13; 14; 15
30,49,0.58516,0.61224,8; 8; 30; 49; 9; 21; 20; 8
11,77,0.32046,0.14286,3; 5; 11; 77; 28; 13; 3; 27
14,26,0.58833,0.53846,3; 10; 14; 26; 11; 15; 21; 18
21,42,0.48318,0.5,9; 3; 21; 42; 15; 14; 19; 9
13,75,0.34774,0.17333,4; 5; 13; 75; 21; 19; 5; 31
7,9,0.82621,0.77778,38; 20; 7; 9; 25; 12; 18; 13
19,53,0.38663,0.35849,6; 13; 19; 53; 24; 22; 7; 10
27,31,0.57722,0.87097,19; 13; 27; 31; 18; 5; 19; 15
7,32,0.74981,0.21875,12; 12; 7; 32; 20; 20; 21; 15
10,42,0.22504,0.2381,23; 20; 10; 42; 9; 32; 17; 29
11,26,0.62876,0.42308,3; 27; 11; 26; 7; 7; 27; 13
5,82,0.26773,0.06098,3; 5; 5; 82; 27; 20; 6; 23
6,26,0.65699,0.23077,29; 5; 6; 26; 28; 21; 12; 22
28,42,0.60343,0.66667,5; 7; 28; 42; 13; 32; 29; 13
8,49,0.18605,0.16327,11; 18; 8; 49; 14; 5; 24; 4
14,63,0.28214,0.22222,5; 7; 14; 63; 12; 21; 28; 12
6,9,0.81065,0.66667,9; 25; 6; 9; 4; 8; 18; 29
18,32,0.57057,0.5625,6; 10; 18; 32; 31; 5; 14; 4
9,77,0.3375,0.11688,4; 6; 9; 77; 6; 6; 27; 13
13,63,0.29959,0.20635,9; 10; 13; 63; 12; 9; 8; 13
5,26,0.75845,0.19231,14; 27; 5; 26; 8; 11; 18; 9
15,63,0.31588,0.2381,8; 10; 15; 63; 16; 17; 14; 11
6,78,0.30419,0.07692,4; 4; 6; 78; 6; 4; 21; 12
40,49,0.80211,0.81633,3; 3; 40; 49; 18; 26; 22; 17
5,9,0.82553,0.55556,32; 33; 5; 9; 11; 9; 31; 13
10,75,0.26023,0.13333,3; 4; 10; 75; 10; 7; 7; 17
23,63,0.42638,0.36508,6; 4; 23; 63; 25; 29; 22; 18
6,78,0.32674,0.07692,3; 7; 6; 78; 32; 15; 12; 14
5,48,0.13056,0.10417,9; 22; 5; 48; 18; 23; 19; 24
6,82,0.36648,0.07317,5; 3; 6; 82; 4; 18; 26; 21
8,48,0.18065,0.16667,19; 14; 8; 48; 27; 20; 22; 8
7,9,0.84135,0.77778,34; 22; 7; 9; 8; 11; 30; 29
7,53,0.16185,0.13208,5; 9; 7; 53; 14; 9; 5; 22
6,75,0.2469,0.08,5; 8; 6; 75; 29; 17; 17; 19
5,9,0.81305,0.55556,17; 23; 5; 9; 7; 31; 23; 23
5,78,0.3072,0.0641,3; 4; 5; 78; 8; 22; 4; 17
12,49,0.27768,0.2449,8; 14; 12; 49; 3; 8; 25; 10
17,26,0.81664,0.65385,13; 15; 17; 26; 4; 12; 23; 7
14,53,0.28747,0.26415,15; 7; 14; 53; 14; 4; 15; 26
17,64,0.35177,0.26562,3; 7; 17; 64; 27; 5; 11; 20
15,70,0.35817,0.21429,6; 3; 15; 70; 21; 11; 24; 23
17,53,0.35497,0.32075,14; 14; 17; 53; 30; 12; 10; 7
27,32,0.57271,0.84375,15; 4; 27; 32; 10; 3; 27; 14
23,48,0.4478,0.47917,6; 11; 23; 48; 18; 3; 32; 24
15,64,0.34305,0.23438,5; 6; 15; 64; 24; 21; 8; 28
27,49,0.55262,0.55102,6; 8; 27; 49; 11; 5; 19; 16
8,9,0.79631,0.88889,6; 14; 8; 9; 10; 6; 7; 20
19,49,0.39121,0.38776,14; 15; 19; 49; 8; 18; 28; 24
23,63,0.41794,0.36508,6; 3; 23; 63; 20; 11; 28; 11
5,82,0.35019,0.06098,5; 3; 5; 82; 16; 14; 28; 27
6,9,0.83949,0.66667,22; 33; 6; 9; 10; 28; 27; 30
17,49,0.34582,0.34694,7; 13; 17; 49; 5; 27; 19; 23
29,48,0.58144,0.60417,3; 4; 29; 48; 7; 16; 32; 21
8,77,0.25839,0.1039,6; 4; 8; 77; 27; 30; 12; 24
10,26,0.61958,0.38462,30; 4; 10; 26; 8; 7; 3; 31
25,26,0.5551,0.96154,12; 3; 25; 26; 25; 6; 13; 9
5,70,0.18288,0.07143,11; 3; 5; 70; 13; 7; 12; 21
6,26,0.67393,0.23077,30; 12; 6; 26; 20; 12; 7; 24
13,32,0.44495,0.40625,12; 9; 13; 32; 14; 11; 17; 4
6,78,0.29698,0.07692,4; 3; 6; 78; 20; 15; 29; 29
16,63,0.33042,0.25397,3; 9; 16; 63; 12; 9; 9; 22
8,82,0.32875,0.09756,3; 4; 8; 82; 10; 12; 11; 15
24,26,0.46968,0.92308,22; 6; 24; 26; 4; 27; 21; 18
16,49,0.31438,0.32653,4; 4; 16; 49; 18; 15; 15; 30
20,70,0.40881,0.28571,3; 4; 20; 70; 25; 26; 26; 11
5,82,0.27744,0.06098,3; 4; 5; 82; 20; 9; 12; 4
30,42,0.64742,0.71429,5; 12; 30; 42; 7; 28; 16; 3
13,64,0.27444,0.20312,6; 9; 13; 64; 21; 28; 20; 20
12,78,0.36102,0.15385,4; 3; 12; 78; 3; 8; 15; 11
16,31,0.58081,0.51613,13; 16; 16; 31; 11; 7; 11; 7
5,10,0.81651,0.5,9; 11; 5; 10; 5; 8; 18; 18
5,82,0.29364,0.06098,3; 5; 5; 82; 3; 4; 5; 29
26,42,0.55474,0.61905,8; 5; 26; 42; 6; 21; 7; 16
11,77,0.32454,0.14286,4; 4; 11; 77; 12; 9; 31; 11
11,77,0.35084,0.14286,3; 3; 11; 77; 15; 8; 4; 20
39,42,0.71731,0.92857,5; 4; 39; 42; 31; 26; 7; 9
8,10,0.82556,0.8,13; 17; 8; 10; 31; 5; 25; 17
5,82,0.2986,0.06098,4; 4; 5; 82; 24; 6; 5; 15
7,82,0.30454,0.08537,3; 3; 7; 82; 23; 32; 11; 6
11,78,0.33834,0.14103,4; 3; 11; 78; 23; 28; 19; 12
7,10,0.82338,0.7,32; 37; 7; 10; 23; 21; 24; 5
5,63,0.14885,0.07937,7; 9; 5; 63; 30; 30; 16; 7
8,26,0.7749,0.30769,4; 16; 8; 26; 13; 5; 14; 28
8,10,0.81205,0.8,7; 22; 8; 10; 29; 24; 15; 22
5,78,0.29868,0.0641,5; 5; 5; 78; 9; 9; 29; 9
7,10,0.80905,0.7,31; 11; 7; 10; 21; 7; 6; 17
38,42,0.69498,0.90476,8; 4; 38; 42; 20; 29; 16; 13
10,64,0.22491,0.15625,11; 11; 10; 64; 10; 29; 22; 9
9,32,0.51867,0.28125,3; 19; 9; 32; 31; 6; 26; 21
23,48,0.47467,0.47917,6; 10; 23; 48; 15; 20; 21; 6
5,75,0.3036,0.06667,9; 9; 5; 75; 24; 12; 28; 18
9,75,0.31774,0.12,4; 3; 9; 75; 27; 23; 28; 3
8,75,0.3148,0.10667,7; 4; 8; 75; 31; 30; 15; 10
8,82,0.33946,0.09756,4; 3; 8; 82; 22; 5; 15; 18
16,42,0.39756,0.38095,5; 5; 16; 42; 19; 26; 26; 21
6,64,0.14362,0.09375,3; 14; 6; 64; 11; 19; 19; 31
7,26,0.79016,0.26923,14; 29; 7; 26; 25; 29; 5; 15
11,78,0.32651,0.14103,4; 4; 11; 78; 6; 17; 26; 16
19,49,0.38827,0.38776,11; 13; 19; 49; 3; 14; 24; 32
19,63,0.37938,0.30159,6; 6; 19; 63; 12; 7; 7; 12
6,75,0.26582,0.08,3; 7; 6; 75; 8; 10; 18; 30
6,31,0.6604,0.19355,14; 20; 6; 31; 30; 21; 22; 11
20,49,0.40463,0.40816,6; 13; 20; 49; 16; 12; 23; 8
15,63,0.30942,0.2381,3; 8; 15; 63; 10; 9; 30; 18
10,32,0.47789,0.3125,8; 7; 10; 32; 9; 13; 21; 8
6,82,0.33534,0.07317,3; 4; 6; 82; 9; 14; 8; 17
7,75,0.30035,0.09333,3; 3; 7; 75; 19; 8; 30; 8
32,49,0.6345,0.65306,6; 5; 32; 49; 16; 13; 28; 7
9,64,0.2095,0.14062,5; 7; 9; 64; 7; 17; 8; 7
8,82,0.33558,0.09756,3; 4; 8; 82; 14; 5; 3; 5
11,49,0.28679,0.22449,19; 4; 11; 49; 28; 28; 24; 12
7,53,0.15455,0.13208,13; 4; 7; 53; 32; 12; 32; 20
11,32,0.55368,0.34375,9; 15; 11; 32; 4; 13; 6; 16
15,75,0.38065,0.2,4; 4; 15; 75; 4; 22; 31; 18
37,42,0.70559,0.88095,5; 8; 37; 42; 8; 32; 21; 9
10,42,0.51013,0.2381,14; 14; 10; 42; 12; 4; 26; 11
6,75,0.26208,0.08,6; 3; 6; 75; 28; 25; 9; 28
17,31,0.71048,0.54839,11; 22; 17; 31; 10; 9; 21; 31
8,82,0.34246,0.09756,4; 3; 8; 82; 24; 6; 30; 32
12,78,0.35329,0.15385,3; 4; 12; 78; 7; 23; 31; 29
9,78,0.33751,0.11538,4; 4; 9; 78; 31; 10; 16; 23
5,48,0.19704,0.10417,12; 6; 5; 48; 4; 9; 6; 28
10,49,0.19078,0.20408,18; 10; 10; 49; 11; 3; 4; 20
11,48,0.22347,0.22917,4; 5; 11; 48; 11; 16; 11; 24
18,42,0.4616,0.42857,8; 3; 18; 42; 25; 17; 18; 15
15,64,0.30546,0.23438,5; 5; 15; 64; 16; 18; 14; 20
34,53,0.65125,0.64151,3; 4; 34; 53; 10; 30; 19; 6
11,78,0.35236,0.14103,3; 4; 11; 78; 17; 27; 18; 17
8,48,0.18178,0.16667,9; 12; 8; 48; 31; 22; 10; 30
5,49,0.14641,0.10204,17; 5; 5; 49; 19; 30; 25; 11
5,63,0.20891,0.07937,5; 8; 5; 63; 30; 13; 18; 12
28,48,0.53903,0.58333,6; 6; 28; 48; 17; 31; 7; 7
12,77,0.279,0.15584,3; 4; 12; 77; 5; 27; 17; 19
28,42,0.56003,0.66667,3; 13; 28; 42; 17; 27; 11; 6
6,10,0.82057,0.6,5; 7; 6; 10; 21; 15; 6; 29
20,31,0.56485,0.64516,6; 10; 20; 31; 20; 28; 18; 3
34,49,0.67468,0.69388,4; 3; 34; 49; 20; 15; 5; 7
8,70,0.22223,0.11429,6; 8; 8; 70; 29; 22; 4; 19
7,9,0.81241,0.77778,4; 6; 7; 9; 22; 5; 5; 4
6,9,0.80967,0.66667,25; 35; 6; 9; 20; 13; 21; 4
18,42,0.39492,0.42857,13; 7; 18; 42; 7; 5; 14; 8
5,10,0.82749,0.5,21; 8; 5; 10; 21; 5; 26; 4
24,49,0.48311,0.4898,10; 3; 24; 49; 21; 27; 5; 27
8,78,0.2965,0.10256,6; 5; 8; 78; 7; 17; 5; 23
7,64,0.19675,0.10938,12; 7; 7; 64; 9; 29; 21; 11
42,48,0.80633,0.875,4; 3; 42; 48; 28; 17; 26; 14
5,82,0.38174,0.06098,3; 4; 5; 82; 32; 6; 7; 11
5,78,0.26467,0.0641,6; 4; 5; 78; 26; 9; 20; 13
12,75,0.34637,0.16,4; 3; 12; 75; 8; 16; 31; 7
13,32,0.44041,0.40625,13; 14; 13; 32; 7; 31; 15; 23
25,26,0.55475,0.96154,9; 22; 25; 26; 4; 27; 6; 19
33,42,0.6549,0.78571,7; 8; 33; 42; 18; 7; 10; 30
9,70,0.24812,0.12857,5; 7; 9; 70; 27; 19; 27; 13
5,82,0.29969,0.06098,3; 5; 5; 82; 25; 16; 16; 21
11,75,0.34268,0.14667,6; 6; 11; 75; 29; 7; 32; 6
15,75,0.3882,0.2,3; 3; 15; 75; 22; 7; 25; 12
22,63,0.43884,0.34921,5; 4; 22; 63; 12; 3; 6; 8
7,9,0.8322,0.77778,26; 31; 7; 9; 12; 10; 3; 14
19,48,0.37151,0.39583,10; 7; 19; 48; 28; 16; 3; 14
7,64,0.19315,0.10938,13; 11; 7; 64; 14; 32; 21; 14
21,49,0.43222,0.42857,8; 10; 21; 49; 7; 11; 7; 25
13,64,0.27158,0.20312,6; 8; 13; 64; 20; 19; 24; 28
10,75,0.31758,0.13333,6; 5; 10; 75; 7; 8; 7; 8
5,82,0.33832,0.06098,4; 5; 5; 82; 26; 26; 22; 21
12,78,0.37078,0.15385,3; 4; 12; 78; 7; 16; 24; 32
15,75,0.36646,0.2,3; 4; 15; 75; 6; 23; 24; 28
8,9,0.82877,0.88889,8; 26; 8; 9; 24; 13; 19; 19
18,32,0.50368,0.5625,6; 13; 18; 32; 8; 25; 5; 7
5,42,0.21428,0.11905,22; 12; 5; 42; 27; 14; 28; 3
7,10,0.78595,0.7,28; 20; 7; 10; 8; 11; 32; 31
7,82,0.30224,0.08537,3; 4; 7; 82; 17; 23; 16; 29
9,77,0.32902,0.11688,5; 5; 9; 77; 11; 15; 3; 26
17,63,0.33107,0.26984,4; 9; 17; 63; 10; 12; 30; 28
11,63,0.2083,0.1746,7; 7; 11; 63; 30; 18; 3; 22
18,63,0.3704,0.28571,8; 4; 18; 63; 15; 12; 32; 13
10,78,0.31709,0.12821,3; 4; 10; 78; 22; 22; 20; 13
14,26,0.66526,0.53846,3; 29; 14; 26; 14; 13; 26; 23
13,64,0.28623,0.20312,6; 3; 13; 64; 32; 20; 17; 28
10,78,0.33416,0.12821,5; 5; 10; 78; 15; 23; 30; 6
9,77,0.28203,0.11688,5; 4; 9; 77; 18; 5; 31; 26
15,31,0.54981,0.48387,5; 16; 15; 31; 25; 7; 31; 14
7,48,0.18486,0.14583,16; 13; 7; 48; 6; 16; 13; 3
7,82,0.31684,0.08537,3; 4; 7; 82; 7; 32; 29; 17
13,64,0.28388,0.20312,9; 8; 13; 64; 6; 7; 27; 27
16,63,0.31766,0.25397,8; 7; 16; 63; 3; 31; 14; 17
26,63,0.45699,0.4127,4; 4; 26; 63; 20; 5; 24; 7
8,9,0.79321,0.88889,8; 35; 8; 9; 20; 15; 24; 5
15,63,0.3111,0.2381,6; 8; 15; 63; 19; 22; 22; 24
7,82,0.36452,0.08537,4; 3; 7; 82; 10; 31; 27; 28
6,77,0.2609,0.07792,4; 5; 6; 77; 18; 29; 29; 21
9,64,0.22048,0.14062,3; 8; 9; 64; 32; 23; 28; 12
6,70,0.2769,0.08571,5; 4; 6; 70; 5; 28; 5; 19
19,49,0.38977,0.38776,4; 5; 19; 49; 5; 15; 13; 6
8,9,0.8165,0.88889,6; 18; 8; 9; 20; 18; 9; 12
22,32,0.54579,0.6875,18; 4; 22; 32; 15; 23; 21; 10
12,77,0.37187,0.15584,4; 3; 12; 77; 23; 14; 11; 24
16,70,0.36462,0.22857,6; 6; 16; 70; 9; 30; 12; 12
8,10,0.82178,0.8,34; 35; 8; 10; 22; 30; 12; 12
8,26,0.68448,0.30769,29; 18; 8; 26; 23; 22; 31; 15
8,10,0.81946,0.8,33; 3; 8; 10; 17; 6; 8; 19
8,82,0.3237,0.09756,4; 3; 8; 82; 4; 20; 32; 32
8,9,0.80758,0.88889,19; 34; 8; 9; 23; 14; 3; 24
16,63,0.32594,0.25397,7; 8; 16; 63; 20; 4; 3; 5
15,63,0.30693,0.2381,5; 10; 15; 63; 16; 8; 24; 3
8,82,0.37067,0.09756,3; 4; 8; 82; 8; 6; 29; 19
22,32,0.44638,0.6875,17; 11; 22; 32; 23; 25; 4; 13
24,32,0.56012,0.75,8; 21; 24; 32; 11; 16; 30; 3
20,64,0.38055,0.3125,3; 5; 20; 64; 18; 15; 25; 11
9,10,0.82848,0.9,31; 37; 9; 10; 23; 14; 16; 10
6,82,0.34114,0.07317,5; 3; 6; 82; 9; 5; 17; 4
23,42,0.45821,0.54762,15; 13; 23; 42; 25; 9; 19; 19
6,31,0.78107,0.19355,17; 14; 6; 31; 26; 14; 21; 9
11,77,0.32839,0.14286,4; 4; 11; 77; 4; 12; 21; 10
17,64,0.37315,0.26562,3; 7; 17; 64; 29; 17; 8; 4
6,31,0.68347,0.19355,17; 8; 6; 31; 8; 26; 31; 15
8,31,0.64774,0.25806,7; 25; 8; 31; 19; 15; 19; 27
11,70,0.30756,0.15714,6; 8; 11; 70; 11; 16; 11; 21
9,77,0.2534,0.11688,6; 4; 9; 77; 22; 21; 22; 25
37,53,0.69871,0.69811,3; 3; 37; 53; 9; 5; 11; 9
13,26,0.57695,0.5,14; 21; 13; 26; 29; 4; 31; 26
6,78,0.28197,0.07692,3; 5; 6; 78; 11; 23; 25; 13
5,77,0.26207,0.06494,5; 6; 5; 77; 18; 9; 13; 13
9,42,0.26147,0.21429,3; 10; 9; 42; 12; 3; 17; 26
13,75,0.36991,0.17333,3; 5; 13; 75; 3; 23; 23; 26
31,48,0.61329,0.64583,8; 5; 31; 48; 32; 25; 12; 12
17,63,0.33875,0.26984,6; 7; 17; 63; 24; 28; 4; 20
12,49,0.25942,0.2449,16; 9; 12; 49; 6; 19; 24; 15
28,31,0.65293,0.90323,9; 8; 28; 31; 14; 30; 5; 32
21,32,0.55976,0.65625,18; 9; 21; 32; 6; 11; 17; 32
21,31,0.6518,0.67742,15; 20; 21; 31; 21; 15; 17; 19
18,64,0.37241,0.28125,8; 5; 18; 64; 27; 10; 11; 32
13,77,0.36797,0.16883,3; 4; 13; 77; 31; 16; 11; 4
36,42,0.65527,0.85714,6; 4; 36; 42; 9; 3; 5; 28
30,48,0.61876,0.625,4; 3; 30; 48; 14; 17; 30; 13
5,10,0.82087,0.5,8; 20; 5; 10; 16; 31; 29; 6
8,9,0.82051,0.88889,20; 8; 8; 9; 11; 6; 12; 17
23,64,0.44534,0.35938,4; 5; 23; 64; 9; 10; 10; 22
6,9,0.79682,0.66667,32; 27; 6; 9; 7; 16; 11; 10
10,77,0.34213,0.12987,3; 4; 10; 77; 17; 10; 20; 18
31,42,0.63322,0.7381,5; 8; 31; 42; 3; 29; 21; 28
10,75,0.32086,0.13333,5; 3; 10; 75; 17; 31; 30; 18
14,31,0.51193,0.45161,24; 16; 14; 31; 8; 21; 28; 3
36,48,0.71745,0.75,6; 7; 36; 48; 22; 29; 8; 11
19,64,0.4055,0.29688,5; 6; 19; 64; 10; 5; 4; 15
7,77,0.2615,0.09091,7; 5; 7; 77; 12; 5; 15; 32
7,82,0.40644,0.08537,4; 4; 7; 82; 27; 25; 7; 13
26,53,0.49625,0.49057,8; 8; 26; 53; 6; 21; 8; 11
11,77,0.31925,0.14286,3; 5; 11; 77; 28; 22; 17; 26
5,42,0.43874,0.11905,7; 25; 5; 42; 24; 10; 32; 30
24,32,0.5725,0.75,11; 17; 24; 32; 31; 13; 11; 32
12,64,0.24833,0.1875,6; 9; 12; 64; 19; 23; 23; 5
21,31,0.5907,0.67742,16; 18; 21; 31; 32; 6; 18; 13
10,78,0.34849,0.12821,3; 3; 10; 78; 7; 7; 12; 17
41,48,0.74053,0.85417,4; 3; 41; 48; 15; 13; 21; 17
6,31,0.70095,0.19355,8; 4; 6; 31; 22; 21; 10; 31
31,49,0.63179,0.63265,9; 7; 31; 49; 14; 11; 25; 9
5,78,0.30803,0.0641,5; 3; 5; 78; 14; 14; 30; 25
9,64,0.17829,0.14062,6; 6; 9; 64; 12; 4; 25; 21
8,78,0.32653,0.10256,3; 3; 8; 78; 19; 11; 21; 31
8,82,0.3237,0.09756,4; 4; 8; 82; 6; 11; 17; 26
19,64,0.39206,0.29688,7; 4; 19; 64; 10; 4; 12; 4
21,31,0.6102,0.67742,16; 13; 21; 31; 24; 15; 15; 20
6,82,0.34534,0.07317,3; 5; 6; 82; 32; 21; 14; 30
6,10,0.80868,0.6,37; 9; 6; 10; 21; 15; 23; 8
14,26,0.49816,0.53846,12; 11; 14; 26; 5; 9; 25; 10
12,31,0.49363,0.3871,26; 16; 12; 31; 18; 7; 5; 32
18,26,0.67412,0.69231,22; 15; 18; 26; 13; 5; 24; 13
8,77,0.28568,0.1039,5; 3; 8; 77; 16; 6; 16; 10
16,31,0.50274,0.51613,23; 10; 16; 31; 17; 10; 29; 20
6,10,0.84117,0.6,10; 32; 6; 10; 32; 32; 8; 19
25,31,0.52755,0.80645,13; 21; 25; 31; 16; 14; 16; 17
8,32,0.68949,0.25,3; 10; 8; 32; 16; 28; 14; 15
14,26,0.50212,0.53846,4; 21; 14; 26; 20; 10; 15; 10
16,32,0.46231,0.5,7; 5; 16; 32; 21; 9; 29; 31
9,78,0.34722,0.11538,4; 3; 9; 78; 5; 9; 6; 27
18,70,0.39185,0.25714,3; 3; 18; 70; 6; 9; 7; 30
28,42,0.58243,0.66667,9; 7; 28; 42; 25; 5; 22; 28
29,32,0.60813,0.90625,5; 3; 29; 32; 8; 5; 32; 32
7,10,0.81234,0.7,8; 36; 7; 10; 18; 4; 15; 15
8,9,0.81032,0.88889,28; 28; 8; 9; 17; 16; 14; 6
5,10,0.81843,0.5,30; 11; 5; 10; 10; 3; 22; 28
9,10,0.80088,0.9,26; 36; 9; 10; 21; 14; 3; 29
7,78,0.25609,0.08974,6; 3; 7; 78; 26; 5; 24; 31
20,31,0.4754,0.64516,19; 23; 20; 31; 14; 7; 6; 8
8,9,0.82442,0.88889,22; 30; 8; 9; 8; 26; 11; 17
26,64,0.46885,0.40625,3; 4; 26; 64; 24; 13; 8; 17
9,10,0.81968,0.9,13; 7; 9; 10; 12; 31; 21; 18
20,42,0.41328,0.47619,16; 8; 20; 42; 8; 17; 23; 8
8,31,0.80089,0.25806,20; 10; 8; 31; 11; 6; 8; 3
5,75,0.27334,0.06667,9; 9; 5; 75; 15; 29; 32; 7
18,48,0.38397,0.375,6; 13; 18; 48; 23; 22; 32; 20
14,32,0.5573,0.4375,16; 11; 14; 32; 8; 6; 13; 32
16,42,0.4452,0.38095,8; 12; 16; 42; 3; 6; 18; 20
24,26,0.50425,0.92308,10; 17; 24; 26; 18; 18; 23; 20
38,42,0.69114,0.90476,5; 8; 38; 42; 17; 26; 8; 10
6,10,0.81689,0.6,41; 23; 6; 10; 26; 4; 15; 23
25,53,0.45611,0.4717,9; 8; 25; 53; 6; 31; 23; 25
12,78,0.3753,0.15385,4; 4; 12; 78; 6; 23; 8; 30
34,49,0.6996,0.69388,3; 6; 34; 49; 24; 11; 22; 21
14,42,0.35513,0.33333,11; 11; 14; 42; 27; 10; 28; 20
27,63,0.49025,0.42857,4; 4; 27; 63; 23; 29; 9; 19
27,31,0.42819,0.87097,6; 18; 27; 31; 12; 11; 23; 14
21,53,0.39217,0.39623,8; 10; 21; 53; 8; 13; 11; 6
26,63,0.46227,0.4127,3; 3; 26; 63; 13; 18; 6; 5
13,49,0.28834,0.26531,3; 14; 13; 49; 25; 5; 9; 17
37,48,0.73946,0.77083,5; 3; 37; 48; 21; 3; 17; 12
26,63,0.4649,0.4127,4; 3; 26; 63; 14; 27; 4; 10
11,75,0.31316,0.14667,4; 6; 11; 75; 19; 22; 30; 26
11,77,0.32076,0.14286,5; 3; 11; 77; 12; 32; 9; 19
36,48,0.69561,0.75,6; 7; 36; 48; 15; 28; 8; 22
12,78,0.37789,0.15385,4; 3; 12; 78; 20; 22; 20; 13
20,32,0.62834,0.625,17; 18; 20; 32; 14; 19; 15; 14
21,64,0.39242,0.32812,5; 3; 21; 64; 31; 30; 13; 21
23,53,0.42069,0.43396,10; 3; 23; 53; 28; 13; 20; 20
38,48,0.77036,0.79167,3; 3; 38; 48; 28; 26; 12; 20
5,70,0.20432,0.07143,8; 11; 5; 70; 9; 24; 26; 5
30,49,0.60378,0.61224,5; 6; 30; 49; 3; 8; 20; 13
5,26,0.82386,0.19231,29; 21; 5; 26; 4; 15; 23; 24
35,49,0.70189,0.71429,7; 3; 35; 49; 13; 30; 9; 11
8,64,0.22691,0.125,10; 5; 8; 64; 29; 21; 12; 30
8,78,0.29983,0.10256,4; 5; 8; 78; 24; 31; 4; 18
30,42,0.63139,0.71429,11; 5; 30; 42; 8; 23; 26; 20
5,10,0.83389,0.5,36; 9; 5; 10; 22; 11; 22; 26
41,49,0.78945,0.83673,4; 3; 41; 49; 7; 29; 32; 22
11,70,0.27644,0.15714,6; 6; 11; 70; 29; 13; 9; 31
10,31,0.65329,0.32258,10; 11; 10; 31; 10; 32; 12; 10
17,64,0.37472,0.26562,7; 6; 17; 64; 5; 24; 22; 26
6,82,0.36566,0.07317,5; 3; 6; 82; 6; 17; 18; 15
8,75,0.29138,0.10667,5; 3; 8; 75; 17; 9; 28; 25
8,31,0.72381,0.25806,27; 5; 8; 31; 30; 10; 19; 9
28,42,0.57531,0.66667,9; 13; 28; 42; 4; 7; 5; 27
40,42,0.71009,0.95238,6; 3; 40; 42; 13; 28; 30; 7
7,9,0.82759,0.77778,37; 24; 7; 9; 14; 25; 9; 7
38,42,0.72024,0.90476,5; 8; 38; 42; 6; 29; 17; 10
8,10,0.82812,0.8,4; 10; 8; 10; 23; 19; 12; 3
22,42,0.45808,0.52381,6; 8; 22; 42; 24; 13; 21; 6
12,77,0.34131,0.15584,4; 4; 12; 77; 25; 32; 13; 25
18,32,0.47076,0.5625,4; 7; 18; 32; 11; 9; 17; 26
26,48,0.54382,0.54167,9; 3; 26; 48; 30; 4; 4; 14
18,42,0.46594,0.42857,16; 16; 18; 42; 22; 30; 13; 5
7,77,0.28773,0.09091,6; 7; 7; 77; 29; 5; 22; 18
8,78,0.2963,0.10256,5; 4; 8; 78; 8; 3; 21; 7
40,49,0.78699,0.81633,4; 4; 40; 49; 11; 20; 30; 11
9,77,0.33118,0.11688,4; 3; 9; 77; 22; 22; 10; 12
6,82,0.32512,0.07317,4; 3; 6; 82; 12; 9; 6; 4
14,49,0.29929,0.28571,6; 11; 14; 49; 11; 22; 25; 23
5,78,0.29863,0.0641,5; 7; 5; 78; 29; 19; 6; 30
7,75,0.29259,0.09333,4; 6; 7; 75; 13; 26; 20; 9
14,42,0.39393,0.33333,11; 21; 14; 42; 21; 13; 7; 18
25,31,0.66914,0.80645,8; 21; 25; 31; 8; 24; 3; 23
27,63,0.47762,0.42857,3; 3; 27; 63; 25; 20; 32; 6
30,31,0.60048,0.96774,12; 14; 30; 31; 6; 18; 28; 11
14,53,0.26245,0.26415,3; 14; 14; 53; 24; 10; 19; 30
22,42,0.50542,0.52381,6; 8; 22; 42; 7; 15; 23; 6
7,26,0.63481,0.26923,26; 32; 7; 26; 3; 27; 26; 13
20,70,0.39419,0.28571,4; 3; 20; 70; 11; 15; 15; 26
16,32,0.5473,0.5,7; 24; 16; 32; 25; 19; 17; 10
6,9,0.8186,0.66667,35; 12; 6; 9; 11; 18; 22; 17
11,31,0.75651,0.35484,14; 24; 11; 31; 19; 27; 28; 11
24,32,0.54313,0.75,5; 6; 24; 32; 20; 19; 24; 18
15,48,0.32423,0.3125,16; 6; 15; 48; 27; 24; 16; 30
8,10,0.80415,0.8,25; 37; 8; 10; 8; 3; 11; 20
5,10,0.82684,0.5,24; 5; 5; 10; 32; 20; 31; 8
9,31,0.73984,0.29032,12; 9; 9; 31; 18; 4; 11; 4
18,31,0.60607,0.58065,22; 10; 18; 31; 10; 21; 23; 29
8,49,0.15272,0.16327,7; 6; 8; 49; 26; 15; 21; 12
37,42,0.71293,0.88095,8; 4; 37; 42; 16; 25; 24; 16
24,64,0.45733,0.375,4; 4; 24; 64; 7; 6; 11; 22
21,26,0.54435,0.80769,23; 6; 21; 26; 29; 18; 14; 27
8,77,0.2464,0.1039,4; 5; 8; 77; 13; 7; 28; 13
10,31,0.45372,0.32258,14; 13; 10; 31; 17; 24; 30; 23
16,32,0.46163,0.5,16; 5; 16; 32; 27; 17; 5; 24
35,42,0.67865,0.83333,3; 3; 35; 42; 29; 15; 29; 3
5,75,0.21815,0.06667,8; 9; 5; 75; 9; 30; 16; 4
35,49,0.73421,0.71429,6; 7; 35; 49; 6; 27; 10; 5
18,32,0.42053,0.5625,10; 3; 18; 32; 16; 30; 3; 16
27,48,0.5348,0.5625,11; 11; 27; 48; 27; 25; 20; 6
13,77,0.36792,0.16883,3; 3; 13; 77; 26; 10; 12; 14
7,82,0.34414,0.08537,4; 4; 7; 82; 11; 3; 9; 13
23,31,0.49564,0.74194,7; 21; 23; 31; 6; 32; 25; 26
21,53,0.3848,0.39623,4; 12; 21; 53; 26; 3; 10; 11
20,32,0.66879,0.625,19; 18; 20; 32; 22; 15; 16; 11
8,49,0.20397,0.16327,20; 10; 8; 49; 5; 24; 21; 19
35,49,0.6779,0.71429,4; 5; 35; 49; 29; 4; 17; 14
10,48,0.19218,0.20833,19; 20; 10; 48; 20; 11; 11; 16
5,9,0.80447,0.55556,21; 24; 5; 9; 30; 8; 25; 29
8,9,0.8225,0.88889,13; 33; 8; 9; 8; 11; 14; 11
24,49,0.49095,0.4898,8; 3; 24; 49; 29; 30; 13; 11
10,70,0.26022,0.14286,7; 8; 10; 70; 31; 21; 3; 8
7,49,0.16094,0.14286,15; 20; 7; 49; 9; 28; 29; 16
17,70,0.3686,0.24286,5; 4; 17; 70; 28; 27; 22; 19
23,26,0.63191,0.88462,14; 6; 23; 26; 32; 8; 23; 32
12,63,0.24772,0.19048,4; 6; 12; 63; 10; 30; 13; 9
8,31,0.6906,0.25806,16; 18; 8; 31; 21; 30; 17; 7
7,9,0.8013,0.77778,29; 26; 7; 9; 12; 20; 25; 10
15,49,0.30214,0.30612,5; 8; 15; 49; 6; 29; 32; 24
17,26,0.60732,0.65385,13; 14; 17; 26; 20; 6; 4; 8
7,77,0.32053,0.09091,7; 6; 7; 77; 26; 9; 11; 29
15,26,0.55488,0.57692,27; 13; 15; 26; 25; 4; 30; 11
5,9,0.8292,0.55556,20; 38; 5; 9; 31; 5; 31; 14
8,77,0.31536,0.1039,6; 6; 8; 77; 19; 9; 13; 20
23,63,0.40923,0.36508,6; 5; 23; 63; 31; 23; 5; 26
13,75,0.33066,0.17333,3; 5; 13; 75; 10; 20; 8; 10
19,48,0.39849,0.39583,7; 15; 19; 48; 22; 8; 14; 13
29,49,0.57982,0.59184,9; 8; 29; 49; 7; 7; 4; 3
10,48,0.24591,0.20833,8; 4; 10; 48; 14; 24; 20; 11
21,64,0.38219,0.32812,3; 3; 21; 64; 9; 9; 27; 25
12,53,0.25426,0.22642,16; 11; 12; 53; 7; 30; 11; 20
7,10,0.83291,0.7,15; 10; 7; 10; 30; 7; 5; 13
30,31,0.59179,0.96774,4; 17; 30; 31; 6; 7; 11; 10
7,82,0.34861,0.08537,4; 4; 7; 82; 11; 7; 21; 6
8,78,0.32966,0.10256,3; 6; 8; 78; 12; 15; 19; 11
9,70,0.25017,0.12857,8; 8; 9; 70; 20; 12; 14; 28
11,78,0.38798,0.14103,4; 4; 11; 78; 16; 26; 23; 32
25,63,0.45155,0.39683,4; 3; 25; 63; 8; 23; 3; 11
21,53,0.40655,0.39623,5; 5; 21; 53; 22; 24; 21; 24
7,9,0.79683,0.77778,7; 22; 7; 9; 10; 23; 10; 19
17,63,0.34935,0.26984,6; 4; 17; 63; 10; 29; 12; 9
6,10,0.82825,0.6,28; 36; 6; 10; 18; 25; 31; 9
9,78,0.3103,0.11538,3; 3; 9; 78; 31; 14; 11; 10
5,9,0.81819,0.55556,36; 8; 5; 9; 15; 10; 14; 3
16,32,0.4714,0.5,16; 4; 16; 32; 14; 12; 7; 29
9,26,0.57145,0.34615,15; 22; 9; 26; 26; 23; 16; 13
41,42,0.73486,0.97619,4; 6; 41; 42; 5; 16; 19; 16
7,9,0.80942,0.77778,3; 20; 7; 9; 21; 16; 11; 28
11,64,0.21979,0.17188,8; 6; 11; 64; 9; 13; 5; 26
26,63,0.49001,0.4127,3; 4; 26; 63; 12; 13; 8; 26
15,32,0.75824,0.46875,22; 20; 15; 32; 10; 21; 18; 10
11,31,0.50051,0.35484,4; 17; 11; 31; 7; 15; 16; 19
20,42,0.45737,0.47619,11; 12; 20; 42; 12; 13; 20; 7
5,53,0.12319,0.09434,7; 6; 5; 53; 7; 4; 9; 7
24,64,0.44292,0.375,5; 5; 24; 64; 28; 27; 5; 12
8,78,0.3376,0.10256,4; 4; 8; 78; 31; 24; 17; 19
24,63,0.43745,0.38095,3; 5; 24; 63; 16; 20; 13; 28
8,9,0.81687,0.88889,22; 13; 8; 9; 9; 14; 3; 22
6,82,0.31356,0.07317,4; 3; 6; 82; 21; 12; 30; 16
16,49,0.33534,0.32653,4; 6; 16; 49; 8; 25; 12; 18
5,70,0.21185,0.07143,10; 8; 5; 70; 22; 10; 25; 3
18,63,0.33906,0.28571,7; 4; 18; 63; 26; 17; 14; 26
8,9,0.81919,0.88889,7; 40; 8; 9; 25; 30; 19; 11
20,49,0.40463,0.40816,11; 8; 20; 49; 5; 29; 13; 12
28,53,0.52729,0.5283,3; 8; 28; 53; 8; 9; 22; 23
35,48,0.68647,0.72917,5; 5; 35; 48; 24; 26; 30; 16
10,78,0.31519,0.12821,3; 3; 10; 78; 32; 6; 13; 32
7,75,0.25105,0.09333,6; 7; 7; 75; 32; 27; 9; 16
9,10,0.79278,0.9,25; 16; 9; 10; 24; 13; 23; 30
18,26,0.58849,0.69231,26; 7; 18; 26; 12; 22; 21; 3
9,78,0.33955,0.11538,5; 5; 9; 78; 5; 25; 21; 19
17,70,0.3712,0.24286,5; 3; 17; 70; 5; 17; 31; 32
5,53,0.13656,0.09434,5; 9; 5; 53; 32; 26; 10; 7
5,63,0.1701,0.07937,15; 4; 5; 63; 26; 20; 18; 29
5,78,0.3183,0.0641,3; 7; 5; 78; 22; 16; 29; 16
17,49,0.37002,0.34694,11; 8; 17; 49; 4; 20; 16; 25
22,26,0.58378,0.84615,4; 9; 22; 26; 8; 15; 21; 26
27,53,0.50316,0.50943,3; 3; 27; 53; 9; 6; 23; 7
27,42,0.59212,0.64286,8; 9; 27; 42; 19; 24; 12; 28
6,10,0.81424,0.6,28; 10; 6; 10; 14; 3; 5; 22
5,78,0.28021,0.0641,7; 6; 5; 78; 24; 24; 25; 13
5,82,0.35899,0.06098,5; 4; 5; 82; 22; 15; 22; 8
6,82,0.35135,0.07317,4; 4; 6; 82; 30; 9; 28; 7
11,77,0.35567,0.14286,3; 3; 11; 77; 28; 19; 9; 15
18,70,0.3997,0.25714,3; 5; 18; 70; 26; 16; 21; 21
9,10,0.82047,0.9,19; 31; 9; 10; 16; 30; 22; 10
40,49,0.79046,0.81633,4; 4; 40; 49; 24; 11; 15; 16
19,48,0.39491,0.39583,6; 9; 19; 48; 28; 5; 23; 21
32,42,0.63525,0.7619,8; 4; 32; 42; 16; 4; 29; 27
10,26,0.74397,0.38462,14; 6; 10; 26; 25; 16; 26; 5
22,26,0.58446,0.84615,19; 5; 22; 26; 25; 10; 29; 5
36,48,0.71292,0.75,7; 6; 36; 48; 31; 18; 4; 22
9,48,0.19512,0.1875,12; 15; 9; 48; 19; 20; 23; 20
32,49,0.6377,0.65306,3; 7; 32; 49; 32; 18; 21; 26
31,49,0.63545,0.63265,5; 5; 31; 49; 32; 24; 3; 5
6,26,0.71428,0.23077,33; 6; 6; 26; 28; 14; 31; 9
7,10,0.79543,0.7,10; 31; 7; 10; 11; 9; 10; 23
24,31,0.59699,0.77419,18; 15; 24; 31; 6; 22; 25; 32
5,9,0.8303,0.55556,28; 28; 5; 9; 9; 5; 17; 6
25,64,0.44496,0.39062,3; 4; 25; 64; 5; 22; 24; 32
23,49,0.49329,0.46939,7; 11; 23; 49; 17; 24; 23; 28
7,26,0.79458,0.26923,4; 30; 7; 26; 24; 28; 5; 5
6,63,0.15905,0.09524,9; 14; 6; 63; 16; 8; 10; 24
7,63,0.18769,0.11111,13; 13; 7; 63; 9; 25; 20; 16
5,9,0.84086,0.55556,39; 14; 5; 9; 17; 28; 29; 9
16,48,0.35291,0.33333,6; 17; 16; 48; 19; 11; 30; 9
5,75,0.18753,0.06667,4; 6; 5; 75; 22; 25; 4; 17
5,32,0.65236,0.15625,27; 28; 5; 32; 13; 4; 10; 18
6,10,0.79332,0.6,6; 4; 6; 10; 26; 21; 8; 29
17,48,0.34966,0.35417,9; 14; 17; 48; 25; 30; 12; 16
24,48,0.48563,0.5,5; 11; 24; 48; 24; 24; 4; 27
21,63,0.38151,0.33333,7; 7; 21; 63; 22; 25; 18; 6
6,77,0.30291,0.07792,3; 6; 6; 77; 10; 15; 22; 7
30,31,0.57932,0.96774,11; 13; 30; 31; 3; 16; 5; 32
32,42,0.6363,0.7619,5; 8; 32; 42; 25; 8; 32; 12
5,82,0.32938,0.06098,5; 5; 5; 82; 20; 20; 18; 20
6,82,0.33901,0.07317,5; 3; 6; 82; 12; 5; 4; 27
8,70,0.22164,0.11429,4; 8; 8; 70; 19; 19; 28; 4
9,63,0.21701,0.14286,13; 9; 9; 63; 6; 13; 21; 10
10,75,0.27984,0.13333,4; 6; 10; 75; 23; 27; 13; 8
23,26,0.60494,0.88462,7; 13; 23; 26; 19; 17; 29; 23
14,63,0.27899,0.22222,3; 4; 14; 63; 4; 32; 26; 4
20,70,0.40908,0.28571,3; 4; 20; 70; 10; 30; 30; 21
29,32,0.65796,0.90625,6; 3; 29; 32; 30; 4; 25; 32
18,70,0.36884,0.25714,3; 3; 18; 70; 26; 16; 5; 19
12,75,0.33668,0.16,5; 4; 12; 75; 12; 26; 14; 12
16,63,0.31493,0.25397,3; 6; 16; 63; 28; 23; 16; 5
10,77,0.28369,0.12987,5; 3; 10; 77; 12; 8; 11; 11
21,31,0.51989,0.67742,17; 16; 21; 31; 27; 16; 4; 23
26,42,0.47525,0.61905,9; 9; 26; 42; 20; 14; 24; 6
12,32,0.52862,0.375,20; 12; 12; 32; 14; 16; 4; 23
22,64,0.42355,0.34375,6; 6; 22; 64; 26; 25; 28; 8
17,32,0.60516,0.53125,6; 12; 17; 32; 14; 27; 9; 16
6,63,0.16165,0.09524,12; 14; 6; 63; 13; 14; 15; 31
8,9,0.81802,0.88889,4; 27; 8; 9; 32; 16; 24; 16
8,26,0.75379,0.30769,13; 11; 8; 26; 9; 12; 16; 23
9,32,0.45369,0.28125,12; 12; 9; 32; 14; 5; 11; 4
5,75,0.24929,0.06667,7; 3; 5; 75; 18; 13; 30; 5
7,9,0.80926,0.77778,41; 26; 7; 9; 10; 13; 31; 3
6,82,0.34996,0.07317,5; 3; 6; 82; 31; 27; 4; 21
36,48,0.71191,0.75,7; 4; 36; 48; 28; 20; 8; 3
6,82,0.37468,0.07317,4; 4; 6; 82; 7; 9; 31; 25
22,26,0.60692,0.84615,3; 4; 22; 26; 21; 31; 6; 19
11,70,0.28037,0.15714,5; 7; 11; 70; 28; 11; 9; 20
8,10,0.83644,0.8,4; 30; 8; 10; 6; 7; 7; 10
8,82,0.33205,0.09756,4; 3; 8; 82; 18; 23; 24; 8
21,49,0.42069,0.42857,12; 5; 21; 49; 22; 24; 31; 6
24,53,0.43742,0.45283,10; 8; 24; 53; 5; 10; 25; 12
7,9,0.81081,0.77778,15; 3; 7; 9; 21; 16; 17; 7
12,75,0.3508,0.16,5; 4; 12; 75; 19; 19; 22; 28
9,64,0.22461,0.14062,5; 6; 9; 64; 26; 17; 4; 15
15,64,0.27252,0.23438,9; 5; 15; 64; 19; 25; 4; 6
12,77,0.37273,0.15584,3; 3; 12; 77; 26; 19; 5; 30
19,32,0.7817,0.59375,4; 14; 19; 32; 28; 13; 7; 7
36,42,0.68234,0.85714,9; 3; 36; 42; 13; 7; 17; 16
19,26,0.6313,0.73077,11; 22; 19; 26; 23; 30; 15; 10
27,63,0.47723,0.42857,3; 3; 27; 63; 32; 6; 6; 22
13,70,0.34324,0.18571,5; 5; 13; 70; 17; 3; 5; 5
14,53,0.27515,0.26415,4; 6; 14; 53; 25; 12; 13; 13
6,82,0.36009,0.07317,4; 4; 6; 82; 14; 9; 15; 28
40,49,0.80261,0.81633,4; 3; 40; 49; 3; 15; 15; 5
13,75,0.34463,0.17333,5; 4; 13; 75; 27; 7; 19; 23
9,32,0.651,0.28125,14; 28; 9; 32; 9; 20; 21; 21
21,63,0.42287,0.33333,4; 7; 21; 63; 8; 8; 29; 13
10,64,0.23519,0.15625,4; 3; 10; 64; 12; 8; 15; 13
16,53,0.32764,0.30189,5; 11; 16; 53; 7; 24; 9; 20
15,53,0.29744,0.28302,14; 14; 15; 53; 25; 32; 14; 20
9,77,0.29448,0.11688,6; 3; 9; 77; 22; 21; 27; 26
23,64,0.40806,0.35938,4; 3; 23; 64; 4; 19; 14; 13
11,78,0.34703,0.14103,3; 4; 11; 78; 18; 3; 8; 27
17,49,0.36289,0.34694,14; 4; 17; 49; 21; 3; 19; 15
30,53,0.57637,0.56604,6; 6; 30; 53; 12; 14; 25; 14
11,70,0.26518,0.15714,6; 6; 11; 70; 5; 25; 31; 4
18,53,0.34838,0.33962,4; 11; 18; 53; 25; 6; 24; 13
6,9,0.82417,0.66667,12; 13; 6; 9; 22; 25; 26; 13
36,49,0.71146,0.73469,6; 3; 36; 49; 14; 30; 25; 6
13,31,0.44785,0.41935,19; 8; 13; 31; 4; 14; 23; 23
14,42,0.34575,0.33333,10; 19; 14; 42; 32; 23; 13; 29
17,42,0.44042,0.40476,14; 8; 17; 42; 20; 13; 3; 13
8,75,0.24442,0.10667,7; 6; 8; 75; 6; 21; 25; 7
5,75,0.24112,0.06667,5; 6; 5; 75; 23; 13; 6; 5
27,31,0.63147,0.87097,5; 4; 27; 31; 14; 11; 16; 8
7,9,0.83458,0.77778,5; 41; 7; 9; 24; 6; 19; 26
27,63,0.48476,0.42857,3; 3; 27; 63; 19; 9; 4; 4
13,53,0.28723,0.24528,9; 7; 13; 53; 8; 23; 15; 17
25,48,0.51448,0.52083,7; 4; 25; 48; 3; 10; 29; 23
7,77,0.28307,0.09091,6; 7; 7; 77; 13; 9; 24; 4
17,63,0.36371,0.26984,9; 8; 17; 63; 8; 17; 14; 8
13,42,0.33524,0.30952,10; 7; 13; 42; 14; 17; 16; 10
24,53,0.45751,0.45283,4; 3; 24; 53; 3; 19; 15; 26
8,42,0.26584,0.19048,23; 12; 8; 42; 28; 23; 25; 17
10,63,0.21462,0.15873,4; 12; 10; 63; 32; 3; 16; 9
35,53,0.65976,0.66038,4; 4; 35; 53; 11; 22; 8; 7
24,64,0.43667,0.375,3; 4; 24; 64; 8; 15; 27; 29
10,49,0.22291,0.20408,8; 5; 10; 49; 22; 26; 13; 15
27,63,0.49104,0.42857,3; 3; 27; 63; 4; 10; 10; 7
7,53,0.13972,0.13208,11; 12; 7; 53; 7; 8; 6; 5
25,63,0.45831,0.39683,4; 5; 25; 63; 31; 21; 5; 5
19,48,0.41459,0.39583,15; 3; 19; 48; 4; 21; 17; 8
25,53,0.48284,0.4717,10; 6; 25; 53; 17; 18; 9; 10
5,9,0.80751,0.55556,27; 23; 5; 9; 28; 19; 16; 9
23,31,0.53757,0.74194,15; 21; 23; 31; 27; 19; 19; 28
17,70,0.36465,0.24286,3; 4; 17; 70; 4; 24; 22; 18
22,42,0.48869,0.52381,11; 12; 22; 42; 17; 19; 5; 5
9,77,0.33884,0.11688,3; 6; 9; 77; 30; 23; 4; 15
33,53,0.61725,0.62264,4; 3; 33; 53; 25; 20; 14; 10
11,78,0.33235,0.14103,3; 4; 11; 78; 7; 30; 12; 6
22,63,0.39571,0.34921,6; 6; 22; 63; 6; 25; 20; 16
22,48,0.44988,0.45833,4; 7; 22; 48; 5; 26; 21; 31
13,75,0.33862,0.17333,4; 5; 13; 75; 5; 25; 4; 16
8,75,0.26934,0.10667,7; 4; 8; 75; 32; 30; 15; 15
16,49,0.35749,0.32653,6; 14; 16; 49; 9; 27; 23; 16
10,78,0.32999,0.12821,4; 4; 10; 78; 26; 7; 14; 15
18,42,0.45251,0.42857,10; 9; 18; 42; 21; 10; 17; 11
16,26,0.56126,0.61538,28; 19; 16; 26; 14; 14; 14; 21
11,48,0.23496,0.22917,6; 19; 11; 48; 28; 4; 28; 17
9,10,0.8108,0.9,20; 19; 9; 10; 28; 13; 14; 20
12,26,0.79292,0.46154,27; 29; 12; 26; 24; 22; 17; 29
9,78,0.34636,0.11538,4; 3; 9; 78; 11; 21; 8; 20
13,70,0.34355,0.18571,7; 7; 13; 70; 24; 29; 19; 23
26,64,0.47945,0.40625,3; 4; 26; 64; 12; 32; 5; 21
24,64,0.43316,0.375,4; 5; 24; 64; 3; 24; 30; 16
7,78,0.32168,0.08974,4; 3; 7; 78; 21; 6; 19; 9
18,70,0.41139,0.25714,5; 3; 18; 70; 21; 16; 30; 26
7,10,0.80033,0.7,13; 22; 7; 10; 17; 14; 32; 28
34,49,0.68499,0.69388,6; 5; 34; 49; 12; 5; 13; 32
8,78,0.25159,0.10256,6; 6; 8; 78; 30; 20; 13; 7
7,9,0.80857,0.77778,18; 17; 7; 9; 5; 9; 21; 7
8,82,0.36293,0.09756,4; 4; 8; 82; 24; 6; 29; 25
23,32,0.53982,0.71875,9; 14; 23; 32; 27; 3; 9; 6
13,31,0.48461,0.41935,12; 15; 13; 31; 32; 27; 6; 13
16,32,0.44871,0.5,6; 19; 16; 32; 29; 9; 28; 5
5,9,0.80973,0.55556,16; 14; 5; 9; 3; 5; 31; 11
12,63,0.28823,0.19048,10; 5; 12; 63; 29; 29; 8; 19
16,48,0.34656,0.33333,4; 15; 16; 48; 5; 20; 17; 23
7,42,0.31047,0.16667,16; 23; 7; 42; 17; 18; 15; 18
17,32,0.50325,0.53125,13; 14; 17; 32; 12; 18; 9; 19
19,26,0.68366,0.73077,21; 7; 19; 26; 9; 15; 26; 27
5,9,0.81459,0.55556,11; 23; 5; 9; 29; 18; 3; 10
19,53,0.35036,0.35849,12; 11; 19; 53; 13; 22; 27; 14
19,70,0.4175,0.27143,3; 3; 19; 70; 21; 32; 8; 6
8,9,0.84223,0.88889,3; 6; 8; 9; 15; 27; 18; 25
22,64,0.41125,0.34375,3; 4; 22; 64; 30; 26; 15; 16
27,63,0.49093,0.42857,4; 4; 27; 63; 25; 19; 5; 22
9,10,0.82563,0.9,11; 18; 9; 10; 27; 15; 15; 21
6,10,0.81721,0.6,19; 35; 6; 10; 3; 16; 23; 21
22,26,0.53635,0.84615,9; 14; 22; 26; 8; 21; 3; 23
11,70,0.28471,0.15714,6; 7; 11; 70; 13; 20; 11; 26
11,78,0.39365,0.14103,4; 3; 11; 78; 5; 7; 22; 27
12,53,0.22738,0.22642,9; 7; 12; 53; 4; 21; 21; 5
22,31,0.76781,0.70968,13; 11; 22; 31; 31; 4; 24; 25
11,78,0.34163,0.14103,4; 4; 11; 78; 16; 24; 28; 3
20,26,0.45806,0.76923,4; 5; 20; 26; 13; 13; 8; 8
6,10,0.82884,0.6,13; 20; 6; 10; 14; 27; 29; 18
11,63,0.21153,0.1746,4; 11; 11; 63; 26; 31; 11; 20
8,75,0.29207,0.10667,3; 6; 8; 75; 6; 8; 20; 15
13,42,0.42613,0.30952,10; 11; 13; 42; 26; 5; 28; 14
5,49,0.17822,0.10204,8; 5; 5; 49; 3; 16; 10; 16
15,64,0.29901,0.23438,5; 5; 15; 64; 21; 20; 25; 30
35,48,0.70295,0.72917,4; 3; 35; 48; 4; 4; 26; 30
13,26,0.59376,0.5,18; 25; 13; 26; 10; 9; 9; 4
17,70,0.36017,0.24286,3; 5; 17; 70; 31; 6; 13; 31
7,31,0.71041,0.22581,16; 17; 7; 31; 15; 16; 16; 7
21,32,0.45406,0.65625,21; 17; 21; 32; 32; 5; 10; 23
12,78,0.37279,0.15385,4; 3; 12; 78; 11; 10; 15; 16
39,48,0.75415,0.8125,3; 4; 39; 48; 18; 29; 16; 32
27,48,0.52061,0.5625,9; 4; 27; 48; 28; 10; 17; 26
11,77,0.29167,0.14286,5; 5; 11; 77; 29; 4; 8; 30
20,32,0.55844,0.625,10; 23; 20; 32; 18; 20; 16; 20
6,31,0.55435,0.19355,9; 7; 6; 31; 23; 28; 12; 23
20,48,0.41049,0.41667,5; 3; 20; 48; 14; 16; 24; 13
15,75,0.39125,0.2,3; 3; 15; 75; 19; 28; 4; 32
38,49,0.75459,0.77551,4; 3; 38; 49; 7; 3; 15; 27
34,42,0.68431,0.80952,3; 8; 34; 42; 3; 31; 21; 11
15,75,0.3774,0.2,3; 4; 15; 75; 20; 26; 12; 6
5,70,0.26391,0.07143,4; 6; 5; 70; 19; 24; 20; 30
5,82,0.34348,0.06098,5; 4; 5; 82; 5; 28; 26; 23
7,31,0.68766,0.22581,20; 15; 7; 31; 5; 30; 17; 12
5,70,0.20659,0.07143,6; 6; 5; 70; 32; 19; 7; 26
42,48,0.81301,0.875,4; 3; 42; 48; 6; 5; 30; 9
7,77,0.27312,0.09091,5; 7; 7; 77; 21; 25; 30; 3
22,49,0.44218,0.44898,4; 9; 22; 49; 9; 3; 26; 17
8,32,0.64332,0.25,25; 26; 8; 32; 9; 19; 26; 26
11,26,0.79441,0.42308,22; 16; 11; 26; 27; 11; 11; 8
22,63,0.40871,0.34921,5; 6; 22; 63; 20; 16; 32; 26
21,31,0.53164,0.67742,9; 19; 21; 31; 30; 23; 21; 13
15,26,0.70392,0.57692,26; 23; 15; 26; 17; 12; 22; 25
11,31,0.55607,0.35484,11; 15; 11; 31; 6; 24; 32; 24
8,9,0.81312,0.88889,9; 3; 8; 9; 26; 22; 32; 17
13,75,0.36747,0.17333,5; 4; 13; 75; 23; 25; 28; 16
11,53,0.23787,0.20755,6; 13; 11; 53; 25; 12; 16; 20
17,70,0.35681,0.24286,5; 5; 17; 70; 8; 26; 19; 21
5,48,0.14447,0.10417,3; 9; 5; 48; 8; 4; 24; 12
7,9,0.8206,0.77778,16; 6; 7; 9; 6; 8; 16; 15
21,42,0.42052,0.5,7; 9; 21; 42; 19; 6; 27; 26
6,9,0.81802,0.66667,34; 21; 6; 9; 21; 21; 30; 7
21,48,0.44419,0.4375,11; 7; 21; 48; 32; 5; 18; 30
8,77,0.301,0.1039,3; 3; 8; 77; 31; 18; 7; 30
12,77,0.40278,0.15584,3; 4; 12; 77; 12; 29; 29; 12
10,77,0.3347,0.12987,5; 4; 10; 77; 25; 29; 15; 5
21,63,0.3928,0.33333,4; 3; 21; 63; 18; 28; 30; 17
13,70,0.33751,0.18571,7; 6; 13; 70; 8; 29; 12; 21
12,78,0.36987,0.15385,3; 4; 12; 78; 23; 13; 25; 9
13,70,0.27622,0.18571,4; 7; 13; 70; 24; 8; 29; 16
26,53,0.47174,0.49057,8; 4; 26; 53; 24; 25; 3; 8
16,42,0.42029,0.38095,16; 14; 16; 42; 14; 32; 12; 4
18,63,0.33207,0.28571,5; 7; 18; 63; 25; 26; 6; 25
26,64,0.45348,0.40625,3; 4; 26; 64; 14; 28; 7; 26
8,70,0.23929,0.11429,8; 7; 8; 70; 6; 18; 7; 28
11,78,0.36476,0.14103,4; 4; 11; 78; 18; 24; 14; 9
12,75,0.34481,0.16,5; 3; 12; 75; 25; 26; 12; 7
5,10,0.84162,0.5,17; 6; 5; 10; 15; 20; 26; 22
10,31,0.47623,0.32258,15; 5; 10; 31; 4; 17; 14; 19
7,9,0.82541,0.77778,34; 12; 7; 9; 13; 27; 24; 22
9,49,0.17863,0.18367,15; 3; 9; 49; 25; 13; 32; 15
15,75,0.38034,0.2,3; 3; 15; 75; 15; 11; 28; 22
19,63,0.35367,0.30159,6; 8; 19; 63; 5; 9; 23; 16
6,10,0.81224,0.6,25; 35; 6; 10; 31; 19; 27; 17
30,42,0.58442,0.71429,3; 6; 30; 42; 21; 6; 30; 23
38,42,0.69291,0.90476,5; 4; 38; 42; 28; 18; 15; 16
9,77,0.36091,0.11688,5; 3; 9; 77; 32; 8; 16; 17
14,75,0.39316,0.18667,3; 3; 14; 75; 21; 32; 4; 7
20,32,0.51553,0.625,19; 14; 20; 32; 31; 21; 7; 11
19,26,0.57312,0.73077,20; 11; 19; 26; 3; 19; 6; 16
36,53,0.65023,0.67925,4; 3; 36; 53; 9; 20; 29; 24
7,9,0.81138,0.77778,41; 35; 7; 9; 24; 7; 7; 13
6,82,0.28136,0.07317,4; 3; 6; 82; 26; 27; 22; 16
21,48,0.448,0.4375,7; 9; 21; 48; 10; 10; 5; 9
37,48,0.72144,0.77083,3; 3; 37; 48; 4; 20; 23; 15
5,9,0.84102,0.55556,38; 42; 5; 9; 28; 27; 10; 13
12,64,0.26742,0.1875,4; 6; 12; 64; 25; 12; 11; 10
13,77,0.39219,0.16883,3; 4; 13; 77; 14; 18; 14; 23
9,10,0.8092,0.9,26; 21; 9; 10; 10; 24; 27; 24
5,78,0.30148,0.0641,4; 3; 5; 78; 14; 17; 28; 29
12,78,0.36934,0.15385,3; 3; 12; 78; 28; 15; 12; 12
5,9,0.82816,0.55556,26; 24; 5; 9; 31; 30; 11; 24
5,10,0.82403,0.5,31; 32; 5; 10; 17; 16; 5; 20
7,78,0.32349,0.08974,3; 6; 7; 78; 3; 23; 4; 17
16,48,0.31928,0.33333,12; 4; 16; 48; 24; 13; 22; 29
23,49,0.43205,0.46939,3; 13; 23; 49; 28; 21; 31; 11
18,63,0.35319,0.28571,7; 5; 18; 63; 18; 24; 18; 32
7,9,0.81501,0.77778,12; 30; 7; 9; 24; 12; 28; 14
10,77,0.29083,0.12987,5; 3; 10; 77; 27; 6; 23; 32
8,82,0.38033,0.09756,4; 4; 8; 82; 23; 20; 19; 26
23,31,0.68056,0.74194,10; 16; 23; 31; 13; 4; 28; 9
9,10,0.79974,0.9,8; 7; 9; 10; 23; 19; 19; 30
7,9,0.82045,0.77778,32; 41; 7; 9; 6; 13; 11; 29
31,48,0.61494,0.64583,6; 4; 31; 48; 6; 20; 12; 16
24,42,0.53996,0.57143,8; 14; 24; 42; 24; 14; 28; 26
24,64,0.44887,0.375,3; 5; 24; 64; 19; 32; 5; 30
10,63,0.23914,0.15873,7; 4; 10; 63; 19; 3; 5; 10
8,63,0.20696,0.12698,9; 10; 8; 63; 21; 21; 26; 26
34,48,0.66559,0.70833,6; 4; 34; 48; 19; 29; 13; 31
17,63,0.33677,0.26984,6; 8; 17; 63; 15; 16; 7; 11
6,9,0.82723,0.66667,12; 26; 6; 9; 19; 31; 28; 19
35,42,0.66054,0.83333,5; 4; 35; 42; 15; 5; 20; 21
29,49,0.59068,0.59184,6; 10; 29; 49; 10; 20; 9; 13
5,82,0.30439,0.06098,5; 5; 5; 82; 25; 14; 18; 20
29,31,0.61634,0.93548,12; 14; 29; 31; 6; 18; 22; 3
14,75,0.37317,0.18667,3; 4; 14; 75; 13; 10; 14; 22
8,26,0.58524,0.30769,25; 13; 8; 26; 19; 21; 14; 26
8,49,0.20274,0.16327,8; 17; 8; 49; 31; 6; 26; 10
9,42,0.2987,0.21429,15; 12; 9; 42; 25; 28; 20; 24
9,10,0.81143,0.9,25; 39; 9; 10; 32; 12; 18; 21
8,78,0.29649,0.10256,4; 6; 8; 78; 3; 12; 12; 21
9,48,0.2702,0.1875,20; 5; 9; 48; 27; 31; 10; 6
5,75,0.28749,0.06667,9; 4; 5; 75; 17; 17; 29; 5
20,70,0.42146,0.28571,4; 4; 20; 70; 12; 21; 16; 13
26,32,0.56133,0.8125,3; 13; 26; 32; 27; 20; 24; 13
35,53,0.66488,0.66038,3; 4; 35; 53; 11; 17; 5; 16
7,9,0.81559,0.77778,20; 38; 7; 9; 30; 19; 4; 30
11,78,0.34821,0.14103,4; 4; 11; 78; 19; 28; 11; 23
9,77,0.27052,0.11688,6; 5; 9; 77; 26; 26; 24; 9
6,78,0.30938,0.07692,3; 5; 6; 78; 8; 18; 23; 16
5,75,0.29416,0.06667,9; 8; 5; 75; 29; 26; 4; 17
8,64,0.17819,0.125,11; 3; 8; 64; 18; 17; 24; 3
29,42,0.59871,0.69048,4; 10; 29; 42; 5; 5; 8; 14
5,26,0.6902,0.19231,14; 20; 5; 26; 6; 16; 30; 28
7,9,0.81712,0.77778,34; 6; 7; 9; 7; 22; 16; 5
18,63,0.35343,0.28571,3; 3; 18; 63; 22; 23; 29; 20
5,82,0.30644,0.06098,3; 4; 5; 82; 26; 32; 24; 8
35,48,0.69034,0.72917,5; 5; 35; 48; 28; 14; 29; 4
16,70,0.3863,0.22857,4; 6; 16; 70; 13; 32; 14; 13
10,77,0.29647,0.12987,3; 5; 10; 77; 15; 7; 16; 25
7,9,0.82182,0.77778,19; 20; 7; 9; 22; 15; 18; 17
10,77,0.29603,0.12987,4; 3; 10; 77; 26; 22; 11; 18
15,53,0.324,0.28302,9; 15; 15; 53; 31; 18; 30; 14
8,82,0.31895,0.09756,3; 3; 8; 82; 11; 9; 7; 3
5,48,0.14782,0.10417,19; 20; 5; 48; 11; 28; 10; 27
22,64,0.40398,0.34375,4; 3; 22; 64; 7; 15; 14; 26
5,10,0.81431,0.5,6; 9; 5; 10; 13; 11; 32; 3
6,10,0.78221,0.6,41; 33; 6; 10; 27; 3; 15; 21
23,48,0.43928,0.47917,10; 11; 23; 48; 12; 3; 12; 6
9,63,0.21379,0.14286,7; 3; 9; 63; 19; 16; 32; 19
25,42,0.50323,0.59524,9; 5; 25; 42; 3; 18; 23; 4
8,10,0.81996,0.8,31; 7; 8; 10; 14; 7; 12; 32
29,32,0.61472,0.90625,14; 17; 29; 32; 27; 5; 5; 6
7,31,0.63516,0.22581,14; 4; 7; 31; 15; 29; 19; 28
23,53,0.44722,0.43396,4; 3; 23; 53; 10; 4; 24; 3
6,77,0.232,0.07792,7; 7; 6; 77; 30; 31; 7; 9
5,75,0.25604,0.06667,3; 8; 5; 75; 21; 16; 4; 4
26,48,0.52455,0.54167,6; 10; 26; 48; 6; 8; 6; 20
23,31,0.5895,0.74194,8; 4; 23; 31; 13; 18; 25; 13
8,9,0.82015,0.88889,27; 37; 8; 9; 31; 3; 30; 10
23,49,0.48187,0.46939,4; 3; 23; 49; 28; 3; 29; 32
9,26,0.83609,0.34615,13; 27; 9; 26; 7; 18; 9; 9
20,64,0.4012,0.3125,3; 3; 20; 64; 4; 22; 29; 18
24,42,0.61407,0.57143,9; 7; 24; 42; 14; 4; 8; 28
19,64,0.39748,0.29688,4; 4; 19; 64; 22; 18; 14; 9
38,42,0.72447,0.90476,9; 4; 38; 42; 19; 8; 15; 17
33,48,0.66435,0.6875,5; 6; 33; 48; 26; 23; 4; 18
14,75,0.35799,0.18667,3; 4; 14; 75; 16; 21; 32; 9
9,10,0.82257,0.9,32; 4; 9; 10; 12; 16; 30; 27
11,78,0.34909,0.14103,3; 3; 11; 78; 13; 26; 25; 18
11,75,0.3135,0.14667,5; 3; 11; 75; 14; 12; 16; 9
8,64,0.22546,0.125,11; 3; 8; 64; 29; 24; 13; 7
14,31,0.55608,0.45161,24; 22; 14; 31; 3; 9; 32; 30
5,82,0.27045,0.06098,3; 4; 5; 82; 5; 30; 18; 30
6,82,0.32015,0.07317,4; 4; 6; 82; 20; 14; 16; 27
6,82,0.35638,0.07317,5; 3; 6; 82; 13; 29; 20; 25
23,64,0.42766,0.35938,4; 3; 23; 64; 6; 27; 20; 12
38,48,0.76887,0.79167,3; 4; 38; 48; 32; 10; 23; 13
8,82,0.33475,0.09756,3; 4; 8; 82; 5; 4; 25; 8
25,49,0.49295,0.5102,9; 5; 25; 49; 20; 7; 6; 20
11,64,0.24018,0.17188,10; 8; 11; 64; 7; 7; 31; 10
7,82,0.3186,0.08537,3; 3; 7; 82; 10; 4; 12; 6
5,70,0.19653,0.07143,8; 10; 5; 70; 24; 15; 25; 4
6,70,0.17405,0.08571,10; 4; 6; 70; 26; 14; 12; 8
8,53,0.19498,0.15094,13; 5; 8; 53; 13; 30; 18; 21
11,31,0.46137,0.35484,14; 28; 11; 31; 10; 28; 27; 15
7,9,0.83208,0.77778,17; 36; 7; 9; 11; 29; 14; 21
9,78,0.37102,0.11538,5; 4; 9; 78; 5; 23; 12; 23
6,10,0.80545,0.6,37; 5; 6; 10; 3; 31; 32; 11
22,31,0.40238,0.70968,7; 3; 22; 31; 4; 3; 20; 9
8,82,0.37101,0.09756,3; 3; 8; 82; 12; 23; 32; 13
10,75,0.28563,0.13333,4; 5; 10; 75; 11; 20; 27; 4
9,75,0.28846,0.12,6; 4; 9; 75; 4; 4; 14; 17
6,75,0.23559,0.08,5; 7; 6; 75; 23; 27; 16; 7
16,70,0.36681,0.22857,5; 5; 16; 70; 26; 28; 28; 7
8,82,0.36896,0.09756,4; 4; 8; 82; 22; 23; 7; 29
16,32,0.46468,0.5,15; 25; 16; 32; 26; 5; 31; 32
18,49,0.38116,0.36735,3; 6; 18; 49; 18; 22; 7; 10
5,64,0.18361,0.07812,8; 5; 5; 64; 7; 8; 22; 27
8,78,0.33652,0.10256,3; 3; 8; 78; 9; 13; 23; 30
39,48,0.75217,0.8125,5; 5; 39; 48; 26; 18; 6; 12
15,31,0.49638,0.48387,9; 3; 15; 31; 13; 15; 15; 8
6,78,0.29904,0.07692,5; 3; 6; 78; 15; 21; 8; 29
16,53,0.31839,0.30189,5; 10; 16; 53; 28; 17; 29; 17
10,63,0.25965,0.15873,10; 10; 10; 63; 14; 16; 18; 10
18,42,0.41408,0.42857,17; 16; 18; 42; 25; 25; 32; 6
24,53,0.46163,0.45283,7; 4; 24; 53; 19; 18; 28; 19
19,70,0.41063,0.27143,3; 4; 19; 70; 4; 29; 5; 22
14,75,0.2833,0.18667,3; 3; 14; 75; 28; 17; 18; 28
6,77,0.28955,0.07792,4; 5; 6; 77; 17; 3; 24; 32
19,70,0.42133,0.27143,4; 4; 19; 70; 5; 26; 30; 7
15,64,0.33627,0.23438,8; 5; 15; 64; 15; 6; 9; 14
11,26,0.54367,0.42308,29; 5; 11; 26; 26; 11; 19; 29
5,82,0.35824,0.06098,3; 4; 5; 82; 32; 31; 5; 19
9,26,0.64898,0.34615,10; 14; 9; 26; 26; 5; 32; 21
42,48,0.79012,0.875,4; 4; 42; 48; 29; 23; 28; 11
16,26,0.79112,0.61538,17; 20; 16; 26; 10; 3; 10; 15
32,49,0.62199,0.65306,8; 6; 32; 49; 27; 12; 24; 24
12,78,0.34776,0.15385,3; 3; 12; 78; 21; 20; 7; 4
12,32,0.66192,0.375,11; 16; 12; 32; 10; 17; 9; 8
34,48,0.68503,0.70833,4; 6; 34; 48; 29; 8; 12; 21
31,49,0.62345,0.63265,7; 7; 31; 49; 11; 15; 32; 21
29,31,0.55652,0.93548,17; 13; 29; 31; 8; 23; 28; 25
11,77,0.34169,0.14286,4; 5; 11; 77; 19; 8; 3; 15
7,10,0.823,0.7,27; 15; 7; 10; 20; 16; 15; 32
23,63,0.4267,0.36508,6; 6; 23; 63; 7; 26; 30; 8
12,32,0.52377,0.375,25; 6; 12; 32; 11; 17; 7; 28
24,63,0.44612,0.38095,3; 5; 24; 63; 32; 23; 6; 5
20,48,0.40333,0.41667,8; 5; 20; 48; 30; 16; 14; 26
31,53,0.58605,0.58491,7; 6; 31; 53; 8; 4; 14; 32
9,26,0.68598,0.34615,7; 30; 9; 26; 32; 11; 9; 23
5,77,0.23003,0.06494,6; 8; 5; 77; 8; 18; 25; 7
13,75,0.36079,0.17333,5; 5; 13; 75; 11; 32; 27; 22
21,32,0.51339,0.65625,8; 12; 21; 32; 16; 4; 11; 32
23,42,0.49366,0.54762,13; 3; 23; 42; 7; 6; 29; 27
5,78,0.23264,0.0641,7; 4; 5; 78; 23; 26; 7; 25
5,9,0.8189,0.55556,30; 4; 5; 9; 8; 4; 17; 3
24,26,0.55515,0.92308,15; 14; 24; 26; 12; 26; 5; 22
5,10,0.83007,0.5,14; 19; 5; 10; 6; 22; 12; 30
14,70,0.32731,0.2,5; 5; 14; 70; 31; 19; 17; 19
29,31,0.6255,0.93548,4; 14; 29; 31; 20; 20; 24; 26
24,42,0.51274,0.57143,8; 10; 24; 42; 10; 6; 23; 21
9,10,0.79189,0.9,18; 39; 9; 10; 23; 26; 12; 20
15,32,0.6929,0.46875,9; 23; 15; 32; 25; 24; 30; 13
9,10,0.78288,0.9,9; 16; 9; 10; 22; 29; 21; 10
23,32,0.57443,0.71875,10; 20; 23; 32; 8; 23; 22; 5
19,31,0.69865,0.6129,15; 15; 19; 31; 21; 9; 12; 27
16,48,0.37703,0.33333,6; 4; 16; 48; 5; 7; 3; 4
23,64,0.42857,0.35938,4; 3; 23; 64; 18; 10; 31; 19
36,48,0.73033,0.75,3; 4; 36; 48; 10; 27; 23; 9
25,32,0.57767,0.78125,17; 7; 25; 32; 30; 13; 8; 9
22,42,0.46536,0.52381,16; 11; 22; 42; 20; 20; 16; 14
7,82,0.30765,0.08537,3; 4; 7; 82; 13; 19; 32; 32
13,64,0.27788,0.20312,9; 5; 13; 64; 29; 6; 17; 6
12,78,0.33816,0.15385,3; 4; 12; 78; 21; 3; 6; 13
9,77,0.31326,0.11688,6; 5; 9; 77; 24; 24; 17; 6
6,32,0.64893,0.1875,9; 25; 6; 32; 20; 18; 6; 29
20,63,0.37607,0.31746,7; 6; 20; 63; 18; 17; 12; 16
20,26,0.52087,0.76923,25; 8; 20; 26; 32; 22; 11; 15
11,31,0.55151,0.35484,3; 22; 11; 31; 22; 3; 23; 6
22,32,0.61323,0.6875,13; 7; 22; 32; 7; 28; 3; 30
30,31,0.52144,0.96774,18; 13; 30; 31; 4; 16; 12; 28
10,53,0.19458,0.18868,11; 11; 10; 53; 32; 11; 28; 11
10,78,0.37045,0.12821,3; 4; 10; 78; 14; 29; 24; 9
6,10,0.81193,0.6,36; 13; 6; 10; 15; 4; 7; 31
27,49,0.55481,0.55102,6; 7; 27; 49; 32; 18; 10; 24
7,10,0.82518,0.7,24; 3; 7; 10; 15; 11; 10; 32
13,64,0.27626,0.20312,6; 5; 13; 64; 23; 3; 32; 10
5,75,0.2827,0.06667,4; 5; 5; 75; 20; 32; 21; 8
6,10,0.83326,0.6,9; 11; 6; 10; 28; 13; 19; 12
19,26,0.77441,0.73077,17; 12; 19; 26; 30; 3; 12; 13
6,10,0.8278,0.6,22; 34; 6; 10; 25; 9; 5; 5
22,64,0.39994,0.34375,5; 5; 22; 64; 18; 22; 30; 16
27,32,0.59367,0.84375,3; 16; 27; 32; 14; 31; 14; 5
8,82,0.3487,0.09756,4; 3; 8; 82; 6; 3; 28; 28
13,48,0.271,0.27083,8; 9; 13; 48; 9; 6; 8; 11
27,32,0.47222,0.84375,18; 11; 27; 32; 27; 9; 10; 8
33,49,0.65675,0.67347,8; 8; 33; 49; 6; 10; 24; 10
14,63,0.28196,0.22222,7; 9; 14; 63; 8; 18; 4; 6
8,9,0.78391,0.88889,23; 21; 8; 9; 4; 23; 9; 13
32,49,0.63515,0.65306,3; 4; 32; 49; 4; 30; 21; 18
21,31,0.62159,0.67742,6; 14; 21; 31; 26; 20; 23; 25
5,9,0.81143,0.55556,12; 8; 5; 9; 26; 17; 24; 27
5,31,0.68289,0.16129,27; 29; 5; 31; 16; 9; 4; 10
30,48,0.61467,0.625,7; 10; 30; 48; 25; 10; 12; 12
5,9,0.81589,0.55556,40; 4; 5; 9; 19; 8; 25; 28
30,32,0.61985,0.9375,7; 8; 30; 32; 26; 22; 26; 16
26,42,0.48854,0.61905,10; 8; 26; 42; 25; 10; 15; 18
24,26,0.53998,0.92308,15; 4; 24; 26; 13; 8; 3; 12
22,31,0.67737,0.70968,10; 19; 22; 31; 12; 3; 17; 25
14,26,0.60097,0.53846,12; 5; 14; 26; 8; 13; 30; 5
10,70,0.29814,0.14286,3; 3; 10; 70; 6; 6; 7; 4
8,70,0.20659,0.11429,10; 9; 8; 70; 5; 5; 13; 5
27,48,0.556,0.5625,7; 7; 27; 48; 11; 7; 19; 16
18,32,0.42157,0.5625,11; 14; 18; 32; 31; 27; 27; 7
9,77,0.27885,0.11688,5; 4; 9; 77; 31; 11; 27; 20
6,10,0.80073,0.6,21; 16; 6; 10; 15; 31; 13; 19
26,32,0.5684,0.8125,4; 17; 26; 32; 31; 5; 6; 19
8,82,0.36585,0.09756,4; 3; 8; 82; 23; 13; 3; 24
5,26,0.78689,0.19231,11; 12; 5; 26; 15; 8; 21; 6
7,78,0.32349,0.08974,4; 5; 7; 78; 20; 4; 29; 18
12,31,0.54074,0.3871,18; 17; 12; 31; 24; 4; 4; 31
14,32,0.65297,0.4375,15; 26; 14; 32; 26; 3; 31; 20
24,63,0.42859,0.38095,4; 3; 24; 63; 9; 29; 29; 20
27,49,0.533,0.55102,10; 3; 27; 49; 15; 5; 20; 16
6,77,0.25132,0.07792,6; 3; 6; 77; 14; 18; 7; 27
16,31,0.7286,0.51613,6; 19; 16; 31; 17; 21; 22; 31
12,78,0.35264,0.15385,4; 4; 12; 78; 25; 13; 10; 24
26,42,0.4912,0.61905,7; 3; 26; 42; 9; 11; 25; 27
7,9,0.81734,0.77778,16; 26; 7; 9; 3; 12; 11; 15
8,82,0.39326,0.09756,3; 3; 8; 82; 17; 29; 10; 28
24,64,0.42942,0.375,4; 4; 24; 64; 16; 15; 4; 8
31,53,0.60468,0.58491,6; 7; 31; 53; 12; 5; 8; 12
14,75,0.35769,0.18667,3; 4; 14; 75; 8; 3; 30; 5
36,49,0.72661,0.73469,6; 4; 36; 49; 5; 25; 28; 27
27,49,0.55568,0.55102,6; 6; 27; 49; 16; 9; 13; 5
9,75,0.3174,0.12,6; 5; 9; 75; 26; 12; 15; 6
13,75,0.35869,0.17333,3; 4; 13; 75; 31; 14; 8; 30
11,78,0.34273,0.14103,4; 4; 11; 78; 5; 22; 8; 26
7,10,0.80807,0.7,36; 26; 7; 10; 21; 18; 15; 31
14,42,0.36079,0.33333,16; 17; 14; 42; 17; 30; 24; 7
7,10,0.81333,0.7,18; 32; 7; 10; 9; 6; 28; 22
9,77,0.3128,0.11688,6; 5; 9; 77; 7; 6; 10; 13
18,64,0.35546,0.28125,4; 3; 18; 64; 18; 29; 9; 16
12,78,0.36644,0.15385,4; 4; 12; 78; 12; 11; 23; 4
14,75,0.35532,0.18667,3; 4; 14; 75; 14; 15; 23; 26
5,75,0.21522,0.06667,8; 6; 5; 75; 21; 17; 13; 28
6,9,0.80973,0.66667,8; 14; 6; 9; 15; 29; 30; 4
7,82,0.34867,0.08537,3; 3; 7; 82; 10; 24; 13; 32
8,82,0.31526,0.09756,3; 3; 8; 82; 10; 5; 26; 21
11,63,0.21691,0.1746,7; 9; 11; 63; 18; 10; 10; 11
6,49,0.14663,0.12245,14; 5; 6; 49; 26; 31; 18; 7
6,31,0.77499,0.19355,16; 18; 6; 31; 8; 14; 31; 13
6,82,0.37043,0.07317,3; 5; 6; 82; 31; 13; 16; 13
8,9,0.81101,0.88889,8; 35; 8; 9; 25; 5; 16; 26
7,77,0.29578,0.09091,4; 6; 7; 77; 10; 26; 21; 3
33,53,0.61885,0.62264,4; 3; 33; 53; 24; 32; 11; 10
7,9,0.815,0.77778,14; 26; 7; 9; 31; 13; 20; 7
8,78,0.3365,0.10256,5; 4; 8; 78; 14; 21; 24; 32
10,42,0.26649,0.2381,8; 9; 10; 42; 14; 16; 27; 4
23,32,0.60936,0.71875,20; 18; 23; 32; 24; 21; 26; 23
10,75,0.28302,0.13333,3; 3; 10; 75; 18; 10; 22; 31
24,64,0.40023,0.375,3; 5; 24; 64; 13; 3; 9; 4
18,32,0.50983,0.5625,7; 22; 18; 32; 10; 30; 13; 29
8,63,0.17486,0.12698,4; 11; 8; 63; 9; 8; 21; 26
11,70,0.28727,0.15714,6; 6; 11; 70; 16; 24; 3; 8
6,78,0.26703,0.07692,7; 3; 6; 78; 10; 26; 12; 16
23,48,0.46142,0.47917,12; 11; 23; 48; 31; 24; 3; 17
21,63,0.40556,0.33333,5; 3; 21; 63; 17; 12; 5; 14
7,75,0.24609,0.09333,6; 8; 7; 75; 3; 17; 32; 27
28,32,0.5994,0.875,12; 8; 28; 32; 22; 18; 11; 8
10,53,0.18221,0.18868,5; 15; 10; 53; 28; 4; 17; 26
13,70,0.32675,0.18571,7; 3; 13; 70; 30; 30; 4; 26
20,64,0.3799,0.3125,5; 5; 20; 64; 24; 25; 12; 32
20,49,0.44917,0.40816,3; 9; 20; 49; 4; 13; 18; 12
20,70,0.41151,0.28571,4; 4; 20; 70; 8; 16; 10; 25
35,42,0.68192,0.83333,3; 7; 35; 42; 27; 18; 13; 26
24,64,0.43078,0.375,3; 3; 24; 64; 8; 3; 22; 7
9,31,0.71337,0.29032,6; 4; 9; 31; 25; 6; 25; 17
6,78,0.28623,0.07692,5; 3; 6; 78; 11; 4; 26; 23
5,78,0.30621,0.0641,5; 3; 5; 78; 4; 6; 28; 11
8,48,0.23103,0.16667,18; 13; 8; 48; 6; 31; 29; 28
8,10,0.81012,0.8,7; 22; 8; 10; 6; 9; 12; 11
22,48,0.46692,0.45833,10; 5; 22; 48; 31; 13; 25; 16
9,32,0.4042,0.28125,13; 24; 9; 32; 4; 17; 29; 32
14,26,0.6975,0.53846,21; 7; 14; 26; 17; 6; 24; 11
15,48,0.31931,0.3125,8; 5; 15; 48; 23; 23; 12; 12
23,53,0.43201,0.43396,4; 5; 23; 53; 22; 24; 28; 11
10,75,0.3156,0.13333,4; 3; 10; 75; 30; 10; 30; 4
10,75,0.31859,0.13333,6; 3; 10; 75; 16; 14; 31; 23
8,75,0.27053,0.10667,6; 6; 8; 75; 10; 20; 28; 29
39,49,0.76512,0.79592,4; 3; 39; 49; 21; 23; 7; 17
33,53,0.61759,0.62264,4; 3; 33; 53; 11; 12; 19; 26
11,63,0.24202,0.1746,5; 10; 11; 63; 28; 12; 12; 9
25,31,0.4891,0.80645,7; 20; 25; 31; 7; 24; 15; 21
19,31,0.47846,0.6129,16; 3; 19; 31; 11; 7; 6; 31
6,82,0.34021,0.07317,3; 4; 6; 82; 22; 22; 10; 8
7,75,0.31515,0.09333,6; 8; 7; 75; 19; 5; 16; 24
9,77,0.32564,0.11688,5; 5; 9; 77; 3; 4; 22; 14
9,78,0.29589,0.11538,5; 5; 9; 78; 28; 17; 25; 22
15,75,0.37265,0.2,3; 3; 15; 75; 31; 18; 20; 5
17,42,0.38508,0.40476,12; 17; 17; 42; 11; 32; 9; 4
12,70,0.27876,0.17143,8; 5; 12; 70; 4; 21; 22; 12
26,64,0.50381,0.40625,4; 4; 26; 64; 5; 15; 7; 6
23,48,0.46271,0.47917,3; 12; 23; 48; 15; 18; 12; 16
9,78,0.33359,0.11538,4; 4; 9; 78; 3; 6; 25; 24
22,63,0.43746,0.34921,3; 6; 22; 63; 13; 20; 3; 20
41,42,0.72832,0.97619,3; 3; 41; 42; 15; 18; 19; 8
20,32,0.51305,0.625,18; 4; 20; 32; 16; 5; 4; 3
5,9,0.8114,0.55556,31; 34; 5; 9; 26; 25; 23; 22
15,26,0.59599,0.57692,7; 15; 15; 26; 22; 25; 19; 11
25,32,0.49026,0.78125,3; 13; 25; 32; 26; 21; 9; 12
6,10,0.81243,0.6,15; 38; 6; 10; 30; 11; 22; 31
16,63,0.32294,0.25397,4; 9; 16; 63; 22; 15; 13; 8
5,10,0.81135,0.5,11; 29; 5; 10; 19; 5; 13; 30
6,49,0.173,0.12245,7; 9; 6; 49; 11; 10; 24; 31
6,9,0.83129,0.66667,41; 19; 6; 9; 18; 22; 3; 12
8,42,0.2311,0.19048,19; 13; 8; 42; 3; 26; 17; 14
16,42,0.46698,0.38095,13; 17; 16; 42; 5; 17; 32; 32
6,82,0.32565,0.07317,5; 3; 6; 82; 20; 26; 24; 7
26,42,0.5503,0.61905,12; 12; 26; 42; 20; 15; 20; 21
14,75,0.36527,0.18667,3; 3; 14; 75; 32; 29; 9; 15
23,63,0.41701,0.36508,6; 4; 23; 63; 6; 11; 9; 14
8,10,0.81867,0.8,16; 11; 8; 10; 12; 15; 8; 4
6,49,0.21084,0.12245,13; 3; 6; 49; 16; 11; 15; 12
16,26,0.53378,0.61538,25; 10; 16; 26; 12; 6; 9; 27
13,32,0.52547,0.40625,19; 15; 13; 32; 27; 18; 16; 8
31,53,0.59524,0.58491,4; 4; 31; 53; 28; 20; 28; 4
15,32,0.4324,0.46875,21; 15; 15; 32; 17; 13; 14; 3
6,53,0.12932,0.11321,7; 19; 6; 53; 11; 3; 10; 11
15,75,0.37703,0.2,4; 3; 15; 75; 4; 28; 15; 15
5,9,0.8065,0.55556,9; 28; 5; 9; 10; 13; 16; 22
12,63,0.24756,0.19048,10; 5; 12; 63; 22; 25; 7; 29
10,26,0.83458,0.38462,15; 31; 10; 26; 11; 15; 17; 28
33,42,0.63525,0.78571,9; 8; 33; 42; 29; 8; 20; 13
8,9,0.81304,0.88889,34; 19; 8; 9; 22; 14; 22; 10
19,70,0.3963,0.27143,3; 3; 19; 70; 14; 19; 5; 11
11,78,0.34799,0.14103,4; 3; 11; 78; 23; 11; 28; 27
7,10,0.80967,0.7,9; 9; 7; 10; 4; 26; 30; 23
35,42,0.67266,0.83333,10; 9; 35; 42; 30; 3; 20; 14
5,63,0.1527,0.07937,15; 4; 5; 63; 10; 23; 23; 16
6,53,0.15949,0.11321,17; 13; 6; 53; 32; 5; 26; 27
27,48,0.56086,0.5625,7; 8; 27; 48; 8; 23; 30; 21
6,9,0.81097,0.66667,16; 35; 6; 9; 31; 28; 13; 19
25,31,0.65858,0.80645,10; 16; 25; 31; 22; 12; 31; 23
14,53,0.25685,0.26415,3; 10; 14; 53; 18; 8; 19; 24
16,26,0.78642,0.61538,27; 19; 16; 26; 29; 11; 18; 21
14,53,0.29651,0.26415,9; 9; 14; 53; 9; 20; 8; 23
6,42,0.45304,0.14286,18; 15; 6; 42; 16; 21; 14; 23
15,26,0.62592,0.57692,28; 17; 15; 26; 25; 5; 12; 6
9,70,0.23313,0.12857,5; 3; 9; 70; 4; 9; 5; 3
27,31,0.49876,0.87097,10; 13; 27; 31; 4; 16; 26; 13
16,26,0.61113,0.61538,26; 26; 16; 26; 21; 10; 15; 20
7,77,0.30022,0.09091,5; 3; 7; 77; 22; 5; 30; 15
20,26,0.48943,0.76923,8; 18; 20; 26; 7; 13; 13; 26
11,78,0.31726,0.14103,4; 3; 11; 78; 6; 26; 23; 25
9,48,0.20164,0.1875,7; 14; 9; 48; 27; 10; 32; 21
11,26,0.80332,0.42308,11; 14; 11; 26; 26; 10; 28; 7
12,75,0.351,0.16,4; 4; 12; 75; 16; 12; 16; 19
6,75,0.26335,0.08,5; 8; 6; 75; 27; 8; 12; 4
11,78,0.37644,0.14103,4; 4; 11; 78; 5; 27; 3; 14
8,82,0.36648,0.09756,4; 3; 8; 82; 5; 30; 5; 32
38,42,0.69399,0.90476,6; 3; 38; 42; 13; 30; 22; 20
24,31,0.47634,0.77419,8; 14; 24; 31; 21; 10; 24; 32
8,10,0.81995,0.8,20; 11; 8; 10; 4; 14; 10; 31
20,42,0.47609,0.47619,4; 15; 20; 42; 12; 27; 18; 32
12,63,0.25887,0.19048,3; 3; 12; 63; 31; 15; 10; 6
22,42,0.46124,0.52381,4; 7; 22; 42; 16; 25; 11; 12
9,10,0.8115,0.9,23; 4; 9; 10; 22; 20; 17; 7
5,64,0.16346,0.07812,13; 5; 5; 64; 5; 20; 30; 16
37,49,0.72904,0.7551,4; 4; 37; 49; 26; 8; 24; 8
39,42,0.68947,0.92857,5; 4; 39; 42; 17; 21; 16; 3
11,77,0.31496,0.14286,3; 5; 11; 77; 10; 27; 26; 18
5,75,0.30281,0.06667,6; 5; 5; 75; 9; 9; 26; 32
11,77,0.36321,0.14286,5; 3; 11; 77; 13; 19; 8; 15
18,31,0.49846,0.58065,13; 10; 18; 31; 30; 11; 7; 3
7,70,0.23263,0.1,8; 5; 7; 70; 6; 15; 11; 28
5,10,0.84185,0.5,3; 28; 5; 10; 10; 10; 10; 23
10,63,0.22719,0.15873,3; 5; 10; 63; 18; 17; 14; 28
8,9,0.8163,0.88889,12; 4; 8; 9; 7; 5; 10; 12
17,42,0.41882,0.40476,13; 8; 17; 42; 9; 28; 8; 25
12,42,0.3302,0.28571,14; 15; 12; 42; 28; 22; 17; 14
7,42,0.4858,0.16667,24; 18; 7; 42; 20; 29; 3; 10
31,42,0.61226,0.7381,3; 4; 31; 42; 23; 19; 20; 31
8,10,0.84075,0.8,18; 6; 8; 10; 22; 11; 20; 31
17,31,0.73983,0.54839,18; 24; 17; 31; 12; 8; 17; 12
5,82,0.35,0.06098,5; 3; 5; 82; 25; 19; 22; 31
11,53,0.22562,0.20755,4; 15; 11; 53; 6; 8; 8; 19
32,48,0.64908,0.66667,4; 8; 32; 48; 15; 23; 31; 3
10,64,0.2328,0.15625,7; 4; 10; 64; 23; 7; 32; 14
11,49,0.21842,0.22449,14; 10; 11; 49; 32; 3; 11; 6
10,77,0.32439,0.12987,5; 5; 10; 77; 23; 5; 6; 30
8,70,0.19731,0.11429,5; 6; 8; 70; 12; 17; 16; 5
23,26,0.55243,0.88462,8; 22; 23; 26; 30; 18; 11; 22
9,10,0.81741,0.9,28; 13; 9; 10; 29; 21; 23; 23
8,82,0.38608,0.09756,3; 3; 8; 82; 12; 3; 5; 30
13,77,0.34552,0.16883,4; 3; 13; 77; 4; 21; 8; 28
16,26,0.53019,0.61538,23; 23; 16; 26; 5; 19; 13; 23
7,49,0.19486,0.14286,13; 4; 7; 49; 6; 30; 15; 7
7,82,0.31847,0.08537,3; 4; 7; 82; 6; 7; 19; 28
11,53,0.23448,0.20755,12; 5; 11; 53; 17; 8; 3; 21
19,42,0.4217,0.45238,6; 16; 19; 42; 31; 29; 19; 5
24,63,0.44936,0.38095,5; 4; 24; 63; 17; 17; 4; 24
6,70,0.24169,0.08571,4; 4; 6; 70; 19; 29; 13; 26
12,32,0.58627,0.375,7; 21; 12; 32; 18; 24; 27; 14
7,10,0.8034,0.7,14; 19; 7; 10; 24; 25; 5; 16
36,42,0.69327,0.85714,4; 3; 36; 42; 19; 28; 16; 28
9,75,0.28451,0.12,4; 7; 9; 75; 10; 19; 16; 30
8,32,0.68193,0.25,23; 6; 8; 32; 11; 14; 12; 18
8,10,0.76315,0.8,22; 23; 8; 10; 10; 18; 5; 31
6,63,0.16641,0.09524,8; 10; 6; 63; 5; 14; 29; 16
13,53,0.27799,0.24528,14; 8; 13; 53; 3; 4; 22; 11
30,42,0.63355,0.71429,6; 8; 30; 42; 25; 10; 8; 22
22,63,0.42255,0.34921,5; 5; 22; 63; 4; 32; 24; 20
6,82,0.2949,0.07317,4; 4; 6; 82; 4; 6; 25; 4
7,82,0.34695,0.08537,3; 4; 7; 82; 30; 8; 13; 26
12,78,0.38112,0.15385,4; 3; 12; 78; 25; 4; 20; 13
11,70,0.31202,0.15714,7; 4; 11; 70; 28; 19; 18; 12
5,82,0.31554,0.06098,5; 5; 5; 82; 11; 4; 19; 12
10,70,0.29127,0.14286,6; 9; 10; 70; 6; 4; 23; 21
7,32,0.5623,0.21875,20; 4; 7; 32; 10; 25; 13; 18
11,77,0.37734,0.14286,5; 5; 11; 77; 3; 22; 13; 11
29,42,0.64321,0.69048,11; 3; 29; 42; 30; 12; 6; 16
7,75,0.28592,0.09333,5; 5; 7; 75; 14; 31; 10; 3
5,9,0.81572,0.55556,20; 23; 5; 9; 8; 23; 31; 23
13,63,0.27295,0.20635,4; 4; 13; 63; 9; 7; 17; 9
28,42,0.55828,0.66667,7; 7; 28; 42; 30; 3; 26; 30
5,82,0.34072,0.06098,4; 4; 5; 82; 13; 7; 32; 20
6,26,0.72575,0.23077,7; 15; 6; 26; 15; 8; 20; 8
12,49,0.24767,0.2449,3; 7; 12; 49; 21; 24; 32; 7
22,63,0.41331,0.34921,5; 3; 22; 63; 31; 20; 16; 16
5,9,0.83773,0.55556,30; 9; 5; 9; 23; 22; 17; 21
17,70,0.3625,0.24286,3; 4; 17; 70; 28; 21; 6; 22
25,31,0.49369,0.80645,19; 3; 25; 31; 13; 10; 7; 17
12,78,0.35512,0.15385,4; 4; 12; 78; 11; 28; 22; 13
5,10,0.79588,0.5,7; 39; 5; 10; 32; 6; 15; 13
24,26,0.53137,0.92308,3; 23; 24; 26; 16; 21; 19; 25
26,53,0.51566,0.49057,5; 6; 26; 53; 28; 7; 28; 28
34,48,0.63836,0.70833,6; 7; 34; 48; 7; 12; 16; 12
11,77,0.38051,0.14286,5; 3; 11; 77; 12; 23; 16; 17
25,64,0.4466,0.39062,4; 4; 25; 64; 21; 15; 10; 32
27,53,0.48544,0.50943,6; 9; 27; 53; 5; 11; 3; 28
15,53,0.33367,0.28302,12; 11; 15; 53; 4; 29; 23; 26
20,26,0.61291,0.76923,22; 6; 20; 26; 6; 5; 19; 25
13,63,0.27441,0.20635,10; 4; 13; 63; 32; 16; 6; 10
8,78,0.28954,0.10256,3; 4; 8; 78; 26; 6; 3; 31
17,26,0.70729,0.65385,24; 8; 17; 26; 15; 21; 10; 15
8,77,0.23181,0.1039,6; 4; 8; 77; 30; 5; 7; 12
6,82,0.3539,0.07317,3; 3; 6; 82; 19; 14; 30; 11
9,78,0.31457,0.11538,3; 5; 9; 78; 25; 17; 4; 5
7,42,0.26784,0.16667,17; 11; 7; 42; 3; 10; 10; 26
16,53,0.32863,0.30189,14; 4; 16; 53; 7; 24; 12; 16
22,53,0.39177,0.41509,10; 6; 22; 53; 18; 19; 30; 8
10,31,0.46203,0.32258,17; 21; 10; 31; 7; 26; 20; 31
9,26,0.64053,0.34615,14; 18; 9; 26; 16; 16; 31; 17
6,70,0.22234,0.08571,6; 5; 6; 70; 9; 18; 20; 19
18,31,0.53202,0.58065,16; 3; 18; 31; 6; 5; 16; 7
6,64,0.19766,0.09375,4; 12; 6; 64; 30; 16; 28; 4
13,77,0.40388,0.16883,3; 3; 13; 77; 13; 10; 30; 30
18,31,0.54425,0.58065,7; 24; 18; 31; 26; 22; 11; 13
8,77,0.32132,0.1039,6; 6; 8; 77; 29; 11; 7; 22
24,31,0.64605,0.77419,11; 19; 24; 31; 6; 20; 29; 10
19,32,0.54133,0.59375,8; 10; 19; 32; 21; 4; 29; 16
13,26,0.52954,0.5,6; 24; 13; 26; 21; 29; 20; 7
8,26,0.69969,0.30769,25; 24; 8; 26; 21; 16; 21; 19
27,32,0.55991,0.84375,19; 5; 27; 32; 8; 22; 17; 28
6,10,0.81708,0.6,23; 31; 6; 10; 5; 10; 17; 16
6,64,0.17579,0.09375,12; 6; 6; 64; 23; 14; 14; 17
8,82,0.38149,0.09756,3; 3; 8; 82; 8; 12; 18; 10
12,64,0.2886,0.1875,7; 10; 12; 64; 30; 18; 30; 15
22,64,0.44351,0.34375,6; 6; 22; 64; 18; 20; 30; 20
13,77,0.37738,0.16883,3; 3; 13; 77; 27; 23; 6; 7
23,64,0.42548,0.35938,4; 4; 23; 64; 27; 5; 20; 25
21,48,0.41801,0.4375,8; 8; 21; 48; 13; 32; 26; 7
9,48,0.22267,0.1875,19; 12; 9; 48; 8; 25; 11; 7
7,77,0.31211,0.09091,5; 3; 7; 77; 19; 20; 11; 17
31,32,0.64134,0.96875,14; 10; 31; 32; 13; 27; 10; 11
6,48,0.13757,0.125,7; 6; 6; 48; 9; 25; 19; 32
22,42,0.51291,0.52381,7; 17; 22; 42; 32; 14; 21; 14
16,32,0.49193,0.5,23; 6; 16; 32; 26; 21; 19; 17
11,70,0.32802,0.15714,8; 3; 11; 70; 12; 30; 10; 10
17,32,0.52263,0.53125,3; 18; 17; 32; 30; 21; 18; 15
24,63,0.42669,0.38095,3; 4; 24; 63; 6; 22; 21; 30
29,42,0.59476,0.69048,6; 6; 29; 42; 16; 9; 9; 15
15,75,0.3552,0.2,3; 3; 15; 75; 6; 12; 21; 17
10,77,0.32891,0.12987,4; 4; 10; 77; 8; 18; 16; 24
17,42,0.35247,0.40476,12; 15; 17; 42; 17; 15; 22; 22
8,31,0.7809,0.25806,7; 3; 8; 31; 21; 6; 24; 27
29,32,0.65328,0.90625,6; 18; 29; 32; 9; 27; 11; 28
10,31,0.62414,0.32258,15; 10; 10; 31; 7; 10; 11; 11
24,64,0.45361,0.375,3; 5; 24; 64; 5; 10; 14; 18
13,77,0.36964,0.16883,3; 4; 13; 77; 10; 7; 12; 27
15,75,0.32318,0.2,4; 4; 15; 75; 20; 14; 17; 25
8,42,0.26884,0.19048,22; 10; 8; 42; 22; 15; 14; 10
10,63,0.21242,0.15873,7; 7; 10; 63; 19; 17; 21; 4
9,78,0.32497,0.11538,4; 5; 9; 78; 26; 4; 19; 28
8,75,0.27022,0.10667,7; 6; 8; 75; 21; 3; 12; 11
40,49,0.79693,0.81633,4; 3; 40; 49; 13; 19; 7; 7
10,70,0.22291,0.14286,7; 4; 10; 70; 30; 30; 6; 20
10,78,0.37913,0.12821,5; 3; 10; 78; 26; 12; 14; 18
6,77,0.2588,0.07792,3; 6; 6; 77; 6; 4; 31; 31
14,31,0.54449,0.45161,8; 5; 14; 31; 25; 4; 16; 10
5,10,0.82079,0.5,19; 26; 5; 10; 32; 9; 28; 25
16,70,0.39528,0.22857,6; 3; 16; 70; 25; 21; 12; 29
15,42,0.67363,0.35714,12; 18; 15; 42; 9; 31; 4; 13
36,42,0.66311,0.85714,7; 3; 36; 42; 3; 24; 7; 23
26,32,0.60424,0.8125,17; 15; 26; 32; 21; 11; 19; 30
18,26,0.57906,0.69231,15; 21; 18; 26; 29; 24; 4; 14
24,31,0.55696,0.77419,8; 5; 24; 31; 6; 19; 18; 7
15,64,0.29501,0.23438,4; 8; 15; 64; 25; 7; 31; 27
13,75,0.36251,0.17333,4; 5; 13; 75; 9; 15; 19; 21
5,70,0.21856,0.07143,4; 9; 5; 70; 24; 20; 29; 6
8,10,0.80893,0.8,32; 26; 8; 10; 7; 8; 26; 25
10,48,0.22905,0.20833,18; 16; 10; 48; 18; 15; 9; 24
12,78,0.40066,0.15385,3; 3; 12; 78; 29; 24; 4; 21
6,82,0.36188,0.07317,4; 3; 6; 82; 24; 7; 30; 29
27,48,0.55042,0.5625,6; 11; 27; 48; 18; 16; 25; 5
10,77,0.30602,0.12987,4; 4; 10; 77; 15; 17; 32; 29
6,63,0.17829,0.09524,4; 5; 6; 63; 15; 10; 15; 23
7,78,0.22503,0.08974,5; 6; 7; 78; 14; 30; 9; 31
15,49,0.32985,0.30612,8; 7; 15; 49; 8; 7; 28; 4
41,42,0.73627,0.97619,5; 7; 41; 42; 9; 22; 5; 32
7,9,0.83697,0.77778,18; 32; 7; 9; 20; 5; 3; 11
26,49,0.54002,0.53061,8; 6; 26; 49; 12; 8; 13; 15
13,63,0.27758,0.20635,6; 10; 13; 63; 20; 26; 3; 5
7,75,0.29448,0.09333,5; 4; 7; 75; 9; 7; 29; 27
14,64,0.31257,0.21875,6; 10; 14; 64; 3; 12; 25; 6
7,42,0.28377,0.16667,7; 8; 7; 42; 9; 19; 11; 15
9,77,0.3161,0.11688,6; 6; 9; 77; 20; 4; 5; 26
6,10,0.81539,0.6,38; 9; 6; 10; 7; 22; 3; 10
19,70,0.41123,0.27143,4; 4; 19; 70; 13; 16; 30; 14
17,48,0.38573,0.35417,11; 16; 17; 48; 5; 20; 12; 27
6,9,0.83794,0.66667,37; 36; 6; 9; 28; 13; 31; 16
27,63,0.4933,0.42857,3; 4; 27; 63; 4; 10; 21; 10
9,64,0.20807,0.14062,5; 4; 9; 64; 23; 28; 30; 8
25,63,0.45799,0.39683,4; 5; 25; 63; 32; 29; 15; 3
13,75,0.35192,0.17333,3; 4; 13; 75; 11; 25; 23; 30
7,70,0.23328,0.1,6; 6; 7; 70; 32; 17; 28; 10
20,48,0.42108,0.41667,3; 8; 20; 48; 27; 8; 5; 26
19,70,0.42424,0.27143,4; 4; 19; 70; 3; 29; 9; 30
12,77,0.36984,0.15584,4; 3; 12; 77; 8; 28; 32; 23
7,75,0.29637,0.09333,8; 4; 7; 75; 28; 31; 22; 8
21,42,0.49856,0.5,7; 10; 21; 42; 21; 13; 12; 27
8,10,0.79713,0.8,9; 32; 8; 10; 30; 24; 30; 13
16,70,0.36495,0.22857,3; 5; 16; 70; 24; 31; 29; 7
29,31,0.53095,0.93548,8; 11; 29; 31; 16; 32; 15; 12
5,10,0.82378,0.5,3; 22; 5; 10; 14; 6; 18; 6
5,78,0.25421,0.0641,6; 4; 5; 78; 18; 23; 14; 17
29,48,0.57497,0.60417,9; 7; 29; 48; 29; 21; 10; 4
10,77,0.31522,0.12987,5; 3; 10; 77; 11; 3; 24; 29
31,53,0.5751,0.58491,6; 7; 31; 53; 9; 31; 7; 14
37,42,0.68169,0.88095,9; 3; 37; 42; 14; 5; 28; 7
5,77,0.28501,0.06494,5; 4; 5; 77; 14; 14; 29; 11
12,26,0.6178,0.46154,7; 15; 12; 26; 12; 20; 15; 21
5,82,0.36419,0.06098,4; 3; 5; 82; 4; 25; 7; 17
5,9,0.8327,0.55556,33; 34; 5; 9; 5; 15; 32; 3
17,49,0.39069,0.34694,14; 15; 17; 49; 11; 26; 32; 14
13,48,0.29966,0.27083,10; 13; 13; 48; 6; 7; 19; 15
27,53,0.4642,0.50943,9; 5; 27; 53; 18; 24; 17; 17
8,10,0.81748,0.8,14; 23; 8; 10; 28; 8; 27; 6
25,64,0.47394,0.39062,4; 4; 25; 64; 9; 10; 8; 31
18,32,0.47155,0.5625,18; 9; 18; 32; 4; 29; 13; 29
21,63,0.40845,0.33333,6; 4; 21; 63; 32; 18; 15; 9
15,75,0.36479,0.2,4; 4; 15; 75; 5; 5; 20; 15
22,31,0.54375,0.70968,18; 21; 22; 31; 7; 21; 24; 26
9,10,0.80813,0.9,5; 8; 9; 10; 16; 27; 9; 12
15,49,0.31537,0.30612,11; 5; 15; 49; 26; 6; 13; 32
27,48,0.5358,0.5625,10; 9; 27; 48; 31; 9; 21; 7
5,9,0.82844,0.55556,11; 23; 5; 9; 6; 29; 8; 14
17,26,0.59705,0.65385,19; 26; 17; 26; 19; 20; 7; 29
33,48,0.64698,0.6875,5; 8; 33; 48; 25; 4; 28; 27
11,31,0.59627,0.35484,17; 5; 11; 31; 18; 15; 17; 17
7,63,0.16818,0.11111,5; 9; 7; 63; 29; 6; 25; 16
5,70,0.16786,0.07143,10; 6; 5; 70; 27; 22; 11; 8
13,64,0.26763,0.20312,6; 9; 13; 64; 4; 5; 29; 20
20,26,0.62553,0.76923,6; 18; 20; 26; 5; 21; 5; 10
7,70,0.22034,0.1,8; 10; 7; 70; 22; 15; 11; 32
7,82,0.37877,0.08537,4; 4; 7; 82; 21; 23; 25; 8
25,48,0.52553,0.52083,3; 7; 25; 48; 7; 28; 13; 27
8,10,0.83113,0.8,13; 38; 8; 10; 32; 25; 17; 13
9,78,0.31506,0.11538,5; 5; 9; 78; 31; 4; 4; 30
11,78,0.34644,0.14103,4; 4; 11; 78; 23; 26; 4; 21
5,77,0.27461,0.06494,3; 8; 5; 77; 19; 22; 9; 10
35,49,0.70561,0.71429,6; 4; 35; 49; 3; 31; 8; 25
5,10,0.81633,0.5,12; 3; 5; 10; 14; 13; 19; 14
7,9,0.805,0.77778,17; 20; 7; 9; 3; 9; 29; 3
15,32,0.74386,0.46875,18; 7; 15; 32; 9; 12; 30; 15
6,78,0.26566,0.07692,3; 3; 6; 78; 31; 17; 24; 5
12,42,0.31202,0.28571,14; 16; 12; 42; 30; 4; 18; 27
6,78,0.26337,0.07692,4; 7; 6; 78; 20; 10; 4; 31
29,48,0.57738,0.60417,7; 7; 29; 48; 10; 30; 24; 21
14,53,0.3348,0.26415,5; 10; 14; 53; 24; 16; 21; 18
8,82,0.32495,0.09756,4; 4; 8; 82; 20; 21; 24; 26
17,53,0.31141,0.32075,11; 14; 17; 53; 14; 21; 8; 12
6,82,0.27116,0.07317,5; 4; 6; 82; 23; 9; 17; 26
20,49,0.43805,0.40816,14; 7; 20; 49; 13; 25; 25; 10
15,49,0.34326,0.30612,11; 5; 15; 49; 12; 30; 8; 30
8,82,0.3249,0.09756,4; 3; 8; 82; 12; 3; 16; 8
40,48,0.7655,0.83333,4; 5; 40; 48; 28; 31; 4; 22
5,9,0.83929,0.55556,4; 26; 5; 9; 25; 6; 6; 11
16,49,0.31125,0.32653,12; 12; 16; 49; 16; 23; 31; 8
9,10,0.7973,0.9,24; 18; 9; 10; 24; 21; 20; 12
15,75,0.37052,0.2,3; 4; 15; 75; 27; 21; 6; 22
21,42,0.41198,0.5,14; 3; 21; 42; 23; 25; 15; 17
15,53,0.29045,0.28302,6; 12; 15; 53; 9; 4; 32; 6
6,42,0.23953,0.14286,14; 13; 6; 42; 10; 19; 17; 29
7,78,0.28585,0.08974,6; 4; 7; 78; 5; 6; 23; 7
32,42,0.63975,0.7619,11; 9; 32; 42; 14; 30; 8; 29
5,78,0.31968,0.0641,3; 3; 5; 78; 13; 18; 31; 29
23,53,0.44304,0.43396,6; 5; 23; 53; 14; 10; 11; 32
10,77,0.32924,0.12987,4; 5; 10; 77; 22; 22; 20; 19
8,82,0.37542,0.09756,3; 3; 8; 82; 30; 15; 32; 6
20,64,0.42618,0.3125,7; 7; 20; 64; 9; 26; 9; 26
18,42,0.49137,0.42857,15; 6; 18; 42; 27; 17; 9; 9
29,32,0.5779,0.90625,12; 18; 29; 32; 8; 25; 6; 5
9,10,0.7907,0.9,6; 9; 9; 10; 15; 3; 26; 13
14,63,0.29746,0.22222,4; 5; 14; 63; 20; 15; 30; 23
30,48,0.60401,0.625,3; 4; 30; 48; 31; 17; 23; 17
18,53,0.33229,0.33962,13; 11; 18; 53; 6; 16; 30; 26
22,64,0.40253,0.34375,5; 4; 22; 64; 27; 16; 30; 19
15,53,0.29907,0.28302,13; 9; 15; 53; 27; 18; 29; 15
8,9,0.82207,0.88889,16; 32; 8; 9; 3; 17; 31; 29
10,75,0.32836,0.13333,5; 3; 10; 75; 22; 31; 29; 13
18,31,0.57897,0.58065,7; 20; 18; 31; 10; 16; 3; 3
6,10,0.81384,0.6,26; 4; 6; 10; 13; 30; 7; 19
9,75,0.2779,0.12,4; 5; 9; 75; 24; 25; 4; 30
7,64,0.18944,0.10938,8; 3; 7; 64; 27; 4; 22; 15
23,63,0.44509,0.36508,6; 6; 23; 63; 7; 27; 12; 12
12,78,0.37386,0.15385,3; 3; 12; 78; 4; 7; 7; 15
11,78,0.35636,0.14103,4; 4; 11; 78; 5; 30; 12; 32
16,26,0.61699,0.61538,8; 13; 16; 26; 28; 29; 27; 10
19,32,0.5875,0.59375,7; 12; 19; 32; 19; 9; 8; 16
27,53,0.48523,0.50943,6; 4; 27; 53; 16; 30; 9; 13
8,31,0.59928,0.25806,29; 28; 8; 31; 21; 27; 22; 13
15,75,0.39191,0.2,3; 4; 15; 75; 3; 15; 22; 21
5,82,0.28205,0.06098,5; 3; 5; 82; 24; 9; 8; 9
9,75,0.27578,0.12,7; 6; 9; 75; 18; 4; 14; 28
34,42,0.64527,0.80952,4; 9; 34; 42; 6; 21; 18; 5
41,48,0.76954,0.85417,4; 4; 41; 48; 11; 13; 10; 10
7,82,0.32673,0.08537,4; 3; 7; 82; 31; 8; 8; 29
9,10,0.82647,0.9,28; 18; 9; 10; 30; 8; 26; 5
11,75,0.33839,0.14667,6; 6; 11; 75; 26; 6; 14; 21
36,53,0.66774,0.67925,3; 3; 36; 53; 7; 28; 21; 23
36,53,0.71151,0.67925,3; 4; 36; 53; 28; 29; 5; 20
8,78,0.31226,0.10256,4; 5; 8; 78; 22; 23; 9; 22
35,53,0.62573,0.66038,4; 3; 35; 53; 18; 5; 27; 7
6,82,0.31768,0.07317,3; 4; 6; 82; 18; 10; 8; 4
28,49,0.57391,0.57143,8; 4; 28; 49; 8; 4; 31; 25
8,78,0.32031,0.10256,5; 4; 8; 78; 18; 3; 10; 30
11,77,0.32735,0.14286,3; 5; 11; 77; 31; 8; 27; 4
14,53,0.2686,0.26415,5; 13; 14; 53; 16; 6; 26; 25
6,32,0.72431,0.1875,21; 25; 6; 32; 23; 11; 4; 5
6,9,0.82828,0.66667,11; 29; 6; 9; 6; 27; 27; 23
8,9,0.78692,0.88889,10; 31; 8; 9; 18; 15; 30; 24
10,64,0.23815,0.15625,3; 7; 10; 64; 15; 27; 30; 17
20,63,0.37805,0.31746,3; 5; 20; 63; 12; 5; 31; 13
6,9,0.82718,0.66667,41; 24; 6; 9; 10; 5; 32; 28
6,9,0.82161,0.66667,32; 33; 6; 9; 32; 8; 20; 17
17,63,0.31757,0.26984,3; 7; 17; 63; 32; 3; 29; 13
8,9,0.8066,0.88889,27; 23; 8; 9; 8; 13; 6; 7
14,49,0.27932,0.28571,17; 14; 14; 49; 26; 11; 14; 24
27,42,0.55844,0.64286,8; 3; 27; 42; 20; 25; 7; 29
9,78,0.32794,0.11538,3; 3; 9; 78; 28; 7; 21; 8
9,10,0.79059,0.9,8; 35; 9; 10; 3; 9; 30; 29
6,82,0.32615,0.07317,3; 3; 6; 82; 21; 16; 14; 24
16,32,0.59005,0.5,22; 25; 16; 32; 9; 29; 29; 9
5,75,0.3137,0.06667,3; 4; 5; 75; 30; 28; 4; 30
6,75,0.24582,0.08,7; 8; 6; 75; 9; 27; 29; 18
8,26,0.69312,0.30769,11; 15; 8; 26; 8; 14; 30; 12
7,10,0.81792,0.7,20; 25; 7; 10; 7; 12; 9; 8
40,42,0.7167,0.95238,6; 5; 40; 42; 26; 6; 22; 31
5,63,0.16724,0.07937,6; 13; 5; 63; 25; 3; 15; 29
23,49,0.46525,0.46939,13; 10; 23; 49; 16; 23; 20; 22
7,78,0.30477,0.08974,6; 3; 7; 78; 27; 30; 32; 5
9,78,0.31558,0.11538,4; 4; 9; 78; 7; 16; 11; 4
23,26,0.56604,0.88462,3; 6; 23; 26; 21; 15; 6; 29
6,9,0.82838,0.66667,29; 12; 6; 9; 13; 8; 29; 32
35,53,0.67377,0.66038,5; 5; 35; 53; 30; 25; 14; 14
25,53,0.47028,0.4717,8; 8; 25; 53; 32; 22; 8; 31
30,53,0.56491,0.56604,6; 7; 30; 53; 6; 20; 32; 18
12,42,0.33422,0.28571,14; 18; 12; 42; 8; 8; 31; 4
25,64,0.48254,0.39062,3; 4; 25; 64; 14; 15; 24; 22
10,53,0.20271,0.18868,10; 12; 10; 53; 32; 30; 6; 15
7,82,0.30963,0.08537,3; 4; 7; 82; 18; 7; 4; 25
27,32,0.49999,0.84375,7; 9; 27; 32; 9; 7; 29; 21
27,49,0.57608,0.55102,11; 3; 27; 49; 28; 12; 25; 30
7,10,0.81297,0.7,26; 38; 7; 10; 28; 5; 18; 7
6,82,0.33968,0.07317,5; 5; 6; 82; 19; 15; 25; 22
5,9,0.83015,0.55556,38; 16; 5; 9; 6; 10; 23; 20
12,77,0.34612,0.15584,3; 3; 12; 77; 19; 19; 28; 7
7,82,0.35384,0.08537,3; 3; 7; 82; 12; 29; 14; 13
5,31,0.63359,0.16129,25; 22; 5; 31; 5; 18; 25; 15
23,64,0.41481,0.35938,4; 3; 23; 64; 17; 13; 27; 7
14,49,0.3006,0.28571,17; 9; 14; 49; 11; 11; 24; 7
22,63,0.43745,0.34921,3; 5; 22; 63; 23; 4; 18; 17
40,49,0.78386,0.81633,3; 4; 40; 49; 17; 24; 11; 32
16,53,0.32322,0.30189,8; 8; 16; 53; 27; 32; 18; 4
5,10,0.81375,0.5,12; 8; 5; 10; 20; 3; 4; 5
13,75,0.32938,0.17333,4; 5; 13; 75; 13; 17; 19; 10
13,77,0.36006,0.16883,3; 3; 13; 77; 3; 28; 25; 23
6,78,0.24821,0.07692,5; 3; 6; 78; 9; 11; 20; 30
37,48,0.75523,0.77083,4; 4; 37; 48; 10; 25; 15; 12
30,49,0.58634,0.61224,7; 7; 30; 49; 13; 7; 25; 29
5,9,0.82916,0.55556,21; 3; 5; 9; 7; 20; 23; 12
22,31,0.54132,0.70968,5; 22; 22; 31; 28; 18; 6; 4
18,64,0.35877,0.28125,6; 4; 18; 64; 12; 26; 5; 19
5,10,0.83212,0.5,9; 13; 5; 10; 20; 16; 14; 16
8,82,0.32455,0.09756,4; 3; 8; 82; 16; 5; 31; 23
29,49,0.57102,0.59184,8; 7; 29; 49; 7; 12; 17; 5
5,82,0.29503,0.06098,5; 4; 5; 82; 30; 3; 5; 9
10,78,0.33276,0.12821,4; 3; 10; 78; 10; 8; 17; 22
29,53,0.53235,0.54717,6; 7; 29; 53; 32; 17; 6; 14
7,77,0.30803,0.09091,4; 5; 7; 77; 5; 22; 25; 6
13,53,0.27195,0.24528,11; 7; 13; 53; 19; 31; 4; 3
12,31,0.43821,0.3871,4; 12; 12; 31; 8; 7; 25; 15
6,53,0.13925,0.11321,4; 12; 6; 53; 25; 11; 9; 5
14,48,0.31336,0.29167,11; 18; 14; 48; 11; 29; 10; 7
6,82,0.30345,0.07317,3; 3; 6; 82; 15; 18; 7; 19
7,82,0.37971,0.08537,3; 3; 7; 82; 17; 28; 19; 32
19,64,0.38783,0.29688,3; 5; 19; 64; 26; 8; 14; 31
17,70,0.37712,0.24286,3; 5; 17; 70; 13; 21; 23; 14
18,48,0.38876,0.375,6; 15; 18; 48; 13; 22; 16; 9
23,48,0.47887,0.47917,3; 9; 23; 48; 8; 32; 28; 29
6,10,0.84829,0.6,38; 17; 6; 10; 4; 13; 4; 5
10,75,0.27681,0.13333,3; 4; 10; 75; 24; 8; 20; 28
6,82,0.29312,0.07317,5; 5; 6; 82; 31; 20; 3; 32
6,82,0.34871,0.07317,4; 5; 6; 82; 5; 14; 24; 23
6,26,0.7962,0.23077,30; 20; 6; 26; 10; 18; 18; 6
26,63,0.48283,0.4127,4; 4; 26; 63; 9; 17; 9; 26
9,10,0.78597,0.9,8; 24; 9; 10; 5; 3; 14; 15
8,77,0.30161,0.1039,5; 5; 8; 77; 26; 31; 19; 19
8,9,0.80657,0.88889,31; 34; 8; 9; 15; 3; 27; 28
5,82,0.37611,0.06098,5; 3; 5; 82; 31; 12; 24; 16
7,9,0.82006,0.77778,28; 18; 7; 9; 20; 24; 5; 23
42,48,0.82419,0.875,4; 3; 42; 48; 20; 3; 12; 12
14,64,0.29226,0.21875,7; 9; 14; 64; 14; 9; 21; 7
21,31,0.51271,0.67742,14; 11; 21; 31; 27; 15; 6; 15
11,70,0.27509,0.15714,8; 8; 11; 70; 4; 7; 19; 16
8,48,0.20281,0.16667,19; 20; 8; 48; 11; 8; 25; 32
22,32,0.59315,0.6875,5; 13; 22; 32; 25; 12; 9; 22
11,53,0.2059,0.20755,6; 7; 11; 53; 21; 15; 28; 23
6,82,0.34921,0.07317,3; 3; 6; 82; 20; 3; 16; 26
5,9,0.83063,0.55556,31; 11; 5; 9; 4; 6; 7; 25
6,82,0.39708,0.07317,3; 4; 6; 82; 20; 8; 26; 8
16,42,0.40897,0.38095,7; 6; 16; 42; 13; 29; 15; 20
5,9,0.82353,0.55556,26; 34; 5; 9; 30; 25; 15; 17
5,10,0.82363,0.5,33; 5; 5; 10; 29; 13; 19; 7
10,70,0.30644,0.14286,4; 4; 10; 70; 8; 25; 9; 18
35,48,0.69041,0.72917,7; 4; 35; 48; 27; 7; 7; 7
8,82,0.3637,0.09756,3; 3; 8; 82; 9; 28; 12; 7
29,53,0.54687,0.54717,6; 4; 29; 53; 4; 32; 11; 4
28,32,0.59168,0.875,8; 19; 28; 32; 6; 6; 15; 9
24,63,0.44035,0.38095,5; 4; 24; 63; 16; 5; 23; 25
15,53,0.329,0.28302,13; 4; 15; 53; 11; 12; 3; 5
6,78,0.32921,0.07692,5; 6; 6; 78; 27; 10; 19; 14
12,78,0.36054,0.15385,4; 4; 12; 78; 14; 32; 4; 18
5,49,0.12613,0.10204,9; 11; 5; 49; 10; 17; 23; 7
36,42,0.68201,0.85714,5; 7; 36; 42; 10; 6; 21; 26
40,49,0.80968,0.81633,3; 4; 40; 49; 21; 14; 10; 6
14,26,0.67365,0.53846,17; 14; 14; 26; 19; 15; 18; 23
5,10,0.80482,0.5,4; 34; 5; 10; 9; 27; 14; 15
12,70,0.31571,0.17143,6; 3; 12; 70; 15; 6; 13; 3
9,49,0.19749,0.18367,7; 7; 9; 49; 32; 7; 3; 4
13,31,0.612,0.41935,19; 27; 13; 31; 25; 14; 19; 5
8,82,0.31989,0.09756,4; 3; 8; 82; 28; 12; 10; 16
6,78,0.21726,0.07692,5; 3; 6; 78; 20; 6; 31; 21
21,64,0.4035,0.32812,4; 4; 21; 64; 10; 14; 5; 14
12,64,0.29385,0.1875,4; 9; 12; 64; 24; 28; 5; 17
5,78,0.2713,0.0641,6; 3; 5; 78; 11; 31; 9; 4
5,10,0.83064,0.5,8; 24; 5; 10; 32; 6; 9; 10
28,32,0.59573,0.875,12; 7; 28; 32; 9; 16; 20; 5
8,77,0.29875,0.1039,3; 3; 8; 77; 27; 5; 29; 32
14,31,0.49121,0.45161,26; 21; 14; 31; 9; 5; 6; 29
16,53,0.33407,0.30189,9; 11; 16; 53; 15; 19; 13; 8
24,64,0.43827,0.375,5; 4; 24; 64; 15; 10; 32; 3
6,10,0.80972,0.6,30; 14; 6; 10; 19; 15; 31; 26
14,63,0.31138,0.22222,7; 4; 14; 63; 23; 20; 32; 20
9,78,0.36331,0.11538,3; 4; 9; 78; 21; 32; 28; 3
7,9,0.82594,0.77778,32; 10; 7; 9; 32; 16; 10; 17
18,53,0.35047,0.33962,7; 4; 18; 53; 10; 23; 29; 17
5,9,0.79704,0.55556,18; 17; 5; 9; 26; 13; 11; 16
7,9,0.80327,0.77778,7; 16; 7; 9; 16; 16; 12; 6
19,31,0.52089,0.6129,10; 10; 19; 31; 11; 7; 5; 28
21,49,0.43981,0.42857,12; 5; 21; 49; 10; 29; 27; 11
8,31,0.53424,0.25806,29; 6; 8; 31; 21; 13; 30; 9
10,78,0.33592,0.12821,5; 5; 10; 78; 29; 12; 17; 14
8,82,0.34019,0.09756,4; 4; 8; 82; 6; 24; 9; 10
7,9,0.82095,0.77778,3; 5; 7; 9; 6; 8; 20; 17
18,63,0.35015,0.28571,7; 8; 18; 63; 27; 5; 5; 21
20,53,0.38573,0.37736,11; 6; 20; 53; 16; 25; 23; 11
12,75,0.30655,0.16,3; 3; 12; 75; 9; 12; 8; 12
6,78,0.25123,0.07692,5; 5; 6; 78; 17; 13; 9; 17
13,49,0.28576,0.26531,4; 3; 13; 49; 23; 28; 11; 12
14,63,0.26135,0.22222,9; 4; 14; 63; 16; 3; 23; 24
6,77,0.3119,0.07792,5; 6; 6; 77; 27; 6; 26; 14
7,10,0.80046,0.7,11; 6; 7; 10; 10; 3; 31; 8
9,10,0.79089,0.9,3; 34; 9; 10; 4; 29; 13; 13
26,53,0.4682,0.49057,5; 9; 26; 53; 8; 22; 15; 28
39,42,0.6973,0.92857,4; 3; 39; 42; 23; 19; 17; 29
15,49,0.33461,0.30612,3; 7; 15; 49; 6; 15; 22; 5
5,31,0.65016,0.16129,22; 10; 5; 31; 6; 4; 10; 20
33,42,0.63081,0.78571,9; 10; 33; 42; 12; 18; 26; 30
16,53,0.30344,0.30189,13; 11; 16; 53; 17; 7; 21; 8
5,77,0.31881,0.06494,8; 4; 5; 77; 5; 31; 15; 18
6,10,0.81562,0.6,3; 36; 6; 10; 22; 23; 23; 15
5,82,0.33368,0.06098,3; 5; 5; 82; 18; 18; 13; 10
15,31,0.44023,0.48387,14; 13; 15; 31; 16; 32; 16; 22
21,26,0.80176,0.80769,4; 8; 21; 26; 12; 10; 11; 23
32,42,0.62719,0.7619,5; 3; 32; 42; 31; 5; 15; 14
5,42,0.23511,0.11905,15; 13; 5; 42; 6; 15; 27; 26
13,31,0.60044,0.41935,4; 5; 13; 31; 9; 21; 30; 17
13,75,0.36304,0.17333,5; 5; 13; 75; 27; 32; 5; 15
10,63,0.24707,0.15873,8; 6; 10; 63; 9; 3; 5; 29
27,31,0.59596,0.87097,9; 7; 27; 31; 12; 29; 5; 29
31,53,0.59221,0.58491,3; 3; 31; 53; 32; 19; 8; 10
8,10,0.82348,0.8,6; 13; 8; 10; 17; 26; 14; 27
16,70,0.35546,0.22857,3; 3; 16; 70; 16; 23; 9; 11
7,77,0.27859,0.09091,7; 5; 7; 77; 18; 26; 21; 18
34,48,0.67871,0.70833,3; 6; 34; 48; 26; 8; 3; 23
20,63,0.41699,0.31746,6; 3; 20; 63; 8; 28; 9; 23
6,82,0.32277,0.07317,3; 5; 6; 82; 6; 32; 25; 7
5,26,0.70088,0.19231,32; 18; 5; 26; 32; 30; 3; 12
8,82,0.33397,0.09756,3; 4; 8; 82; 32; 9; 14; 7
5,64,0.1654,0.07812,4; 8; 5; 64; 16; 32; 5; 6
5,32,0.41781,0.15625,15; 10; 5; 32; 20; 12; 3; 22
17,42,0.43119,0.40476,9; 17; 17; 42; 7; 16; 27; 24
23,48,0.48059,0.47917,9; 11; 23; 48; 14; 21; 18; 28
16,32,0.48486,0.5,16; 8; 16; 32; 8; 26; 14; 16
7,82,0.36165,0.08537,3; 3; 7; 82; 8; 30; 27; 23
15,32,0.57315,0.46875,18; 21; 15; 32; 5; 15; 19; 31
11,64,0.23191,0.17188,11; 10; 11; 64; 29; 19; 26; 23
17,48,0.35475,0.35417,9; 3; 17; 48; 14; 20; 17; 27
18,70,0.38304,0.25714,4; 4; 18; 70; 31; 31; 21; 12
8,32,0.69056,0.25,6; 20; 8; 32; 22; 22; 26; 11
5,9,0.79372,0.55556,21; 7; 5; 9; 5; 7; 20; 30
5,64,0.14741,0.07812,10; 7; 5; 64; 24; 13; 6; 20
6,63,0.14928,0.09524,4; 9; 6; 63; 13; 4; 22; 25
23,32,0.50354,0.71875,4; 17; 23; 32; 20; 7; 29; 30
35,48,0.70419,0.72917,7; 6; 35; 48; 25; 10; 13; 29
7,9,0.80202,0.77778,36; 35; 7; 9; 14; 28; 3; 6
13,77,0.39245,0.16883,4; 4; 13; 77; 17; 6; 12; 18
8,77,0.29854,0.1039,4; 5; 8; 77; 23; 8; 16; 10
12,63,0.23766,0.19048,8; 6; 12; 63; 27; 22; 6; 26
8,82,0.31998,0.09756,4; 3; 8; 82; 30; 11; 10; 6
15,32,0.52272,0.46875,25; 17; 15; 32; 8; 4; 20; 14
38,42,0.71895,0.90476,9; 8; 38; 42; 20; 10; 5; 17
27,49,0.57582,0.55102,3; 4; 27; 49; 11; 13; 17; 19
5,78,0.29918,0.0641,6; 7; 5; 78; 28; 12; 22; 16
13,26,0.61335,0.5,22; 29; 13; 26; 4; 28; 7; 21
15,31,0.57752,0.48387,3; 10; 15; 31; 28; 22; 20; 10
10,77,0.2805,0.12987,3; 3; 10; 77; 12; 24; 9; 18
7,82,0.30434,0.08537,3; 4; 7; 82; 19; 14; 32; 20
12,78,0.37522,0.15385,4; 4; 12; 78; 31; 23; 20; 6
7,77,0.25827,0.09091,5; 5; 7; 77; 22; 3; 30; 22
19,31,0.57395,0.6129,11; 16; 19; 31; 24; 19; 28; 11
16,70,0.35476,0.22857,5; 4; 16; 70; 13; 22; 4; 32
27,32,0.47592,0.84375,10; 16; 27; 32; 5; 22; 6; 26
8,82,0.33894,0.09756,4; 3; 8; 82; 28; 32; 3; 27
9,10,0.82279,0.9,24; 17; 9; 10; 24; 10; 30; 11
20,26,0.46377,0.76923,17; 23; 20; 26; 12; 29; 13; 26
6,10,0.8192,0.6,9; 25; 6; 10; 17; 3; 6; 17
15,42,0.39138,0.35714,5; 16; 15; 42; 10; 8; 14; 24
14,32,0.53966,0.4375,5; 15; 14; 32; 16; 17; 20; 25
7,70,0.21283,0.1,10; 3; 7; 70; 11; 32; 29; 23
8,10,0.80209,0.8,3; 38; 8; 10; 29; 9; 32; 26
31,42,0.63238,0.7381,5; 6; 31; 42; 28; 27; 15; 23
10,63,0.21719,0.15873,4; 5; 10; 63; 7; 10; 31; 20
6,70,0.1513,0.08571,11; 9; 6; 70; 17; 31; 4; 31
7,77,0.25318,0.09091,6; 5; 7; 77; 5; 23; 8; 23
9,53,0.22885,0.16981,4; 3; 9; 53; 32; 27; 20; 5
6,53,0.16557,0.11321,4; 16; 6; 53; 24; 18; 27; 10
9,77,0.2584,0.11688,3; 6; 9; 77; 18; 30; 20; 21
22,42,0.52556,0.52381,11; 6; 22; 42; 13; 28; 7; 4
7,53,0.1843,0.13208,15; 17; 7; 53; 16; 24; 14; 11
5,10,0.82504,0.5,29; 29; 5; 10; 18; 13; 25; 5
35,49,0.68963,0.71429,3; 4; 35; 49; 3; 18; 21; 7
6,9,0.82222,0.66667,27; 39; 6; 9; 5; 17; 23; 25
21,32,0.65348,0.65625,20; 11; 21; 32; 20; 15; 15; 24
19,48,0.39941,0.39583,9; 5; 19; 48; 18; 16; 32; 18
8,10,0.81788,0.8,22; 5; 8; 10; 10; 8; 3; 5
5,70,0.14399,0.07143,8; 3; 5; 70; 19; 30; 10; 19
9,10,0.7446,0.9,13; 39; 9; 10; 9; 18; 3; 8
6,10,0.82408,0.6,27; 19; 6; 10; 5; 18; 18; 24
5,82,0.36028,0.06098,4; 5; 5; 82; 22; 5; 20; 27
22,63,0.40131,0.34921,4; 5; 22; 63; 9; 20; 20; 25
6,75,0.23422,0.08,8; 5; 6; 75; 13; 17; 23; 16
14,70,0.32403,0.2,3; 5; 14; 70; 20; 16; 4; 16
36,48,0.74579,0.75,4; 7; 36; 48; 14; 5; 14; 16
9,49,0.16611,0.18367,3; 9; 9; 49; 5; 25; 23; 23
22,49,0.42154,0.44898,6; 5; 22; 49; 17; 11; 17; 15
11,63,0.25968,0.1746,3; 4; 11; 63; 27; 14; 17; 14
7,26,0.65849,0.26923,7; 30; 7; 26; 8; 14; 30; 21
9,70,0.29937,0.12857,7; 7; 9; 70; 14; 5; 31; 25
8,82,0.40295,0.09756,4; 3; 8; 82; 28; 19; 10; 24
25,63,0.44081,0.39683,5; 3; 25; 63; 27; 13; 3; 30
17,26,0.73269,0.65385,8; 8; 17; 26; 30; 3; 28; 20
15,42,0.40411,0.35714,9; 17; 15; 42; 3; 26; 6; 6
26,31,0.60818,0.83871,16; 8; 26; 31; 29; 5; 27; 13
8,9,0.80686,0.88889,20; 18; 8; 9; 6; 22; 8; 13
11,75,0.36012,0.14667,5; 3; 11; 75; 17; 5; 30; 14
5,75,0.25294,0.06667,8; 7; 5; 75; 19; 18; 15; 26
6,10,0.81245,0.6,38; 20; 6; 10; 6; 4; 10; 10
7,49,0.13064,0.14286,20; 21; 7; 49; 21; 29; 20; 5
16,70,0.35857,0.22857,4; 3; 16; 70; 23; 6; 3; 14
41,42,0.72843,0.97619,7; 6; 41; 42; 18; 17; 25; 30
7,10,0.79371,0.7,7; 5; 7; 10; 5; 11; 18; 12
5,82,0.34948,0.06098,5; 3; 5; 82; 25; 14; 16; 8
14,75,0.36981,0.18667,4; 3; 14; 75; 31; 19; 19; 20
16,70,0.35579,0.22857,3; 4; 16; 70; 13; 13; 15; 28
18,70,0.38681,0.25714,4; 4; 18; 70; 29; 20; 14; 9
6,10,0.82673,0.6,4; 11; 6; 10; 3; 22; 21; 13
6,64,0.19732,0.09375,3; 7; 6; 64; 8; 8; 7; 12
11,77,0.35042,0.14286,3; 5; 11; 77; 13; 27; 22; 28
29,53,0.53425,0.54717,5; 4; 29; 53; 17; 8; 14; 4
38,42,0.6982,0.90476,6; 8; 38; 42; 29; 11; 12; 25
11,64,0.22111,0.17188,5; 4; 11; 64; 18; 13; 14; 21
9,49,0.1791,0.18367,3; 4; 9; 49; 5; 29; 28; 17
9,49,0.22952,0.18367,9; 19; 9; 49; 6; 28; 13; 23
32,48,0.63898,0.66667,4; 3; 32; 48; 14; 9; 21; 11
5,64,0.18088,0.07812,4; 14; 5; 64; 25; 23; 17; 19
14,75,0.36752,0.18667,4; 3; 14; 75; 27; 7; 31; 18
15,70,0.34777,0.21429,3; 6; 15; 70; 25; 24; 15; 4
6,64,0.17219,0.09375,8; 3; 6; 64; 28; 19; 11; 5
39,49,0.80314,0.79592,4; 3; 39; 49; 21; 5; 6; 15
21,53,0.41089,0.39623,12; 10; 21; 53; 10; 30; 15; 32
8,78,0.29588,0.10256,5; 3; 8; 78; 17; 15; 21; 20
20,31,0.45446,0.64516,8; 7; 20; 31; 10; 32; 28; 3
5,10,0.82646,0.5,29; 15; 5; 10; 17; 19; 26; 21
10,77,0.31795,0.12987,5; 4; 10; 77; 22; 31; 28; 11
22,42,0.50845,0.52381,11; 13; 22; 42; 11; 11; 16; 30
5,10,0.80617,0.5,8; 10; 5; 10; 25; 22; 17; 21
9,78,0.33826,0.11538,5; 4; 9; 78; 7; 14; 25; 26
7,75,0.25545,0.09333,5; 3; 7; 75; 13; 25; 3; 30
7,70,0.24424,0.1,10; 4; 7; 70; 26; 13; 24; 20
13,77,0.36928,0.16883,3; 3; 13; 77; 18; 13; 27; 24
31,53,0.56863,0.58491,5; 3; 31; 53; 3; 20; 7; 11
25,48,0.52184,0.52083,3; 7; 25; 48; 20; 16; 17; 20
5,78,0.32502,0.0641,5; 5; 5; 78; 14; 27; 18; 12
10,78,0.35563,0.12821,5; 4; 10; 78; 29; 7; 17; 27
13,75,0.35126,0.17333,4; 5; 13; 75; 8; 17; 7; 8
35,53,0.67649,0.66038,3; 3; 35; 53; 20; 16; 26; 27
10,78,0.34217,0.12821,4; 5; 10; 78; 13; 5; 20; 28
22,49,0.40534,0.44898,6; 3; 22; 49; 19; 28; 7; 10
7,26,0.64928,0.26923,27; 10; 7; 26; 18; 11; 23; 3
7,10,0.81223,0.7,5; 14; 7; 10; 19; 26; 8; 25
12,63,0.23773,0.19048,9; 9; 12; 63; 5; 15; 26; 12
22,49,0.40822,0.44898,8; 13; 22; 49; 29; 5; 4; 15
8,9,0.82246,0.88889,21; 15; 8; 9; 27; 15; 15; 17
10,48,0.20273,0.20833,17; 19; 10; 48; 30; 21; 12; 4
7,77,0.26267,0.09091,7; 5; 7; 77; 4; 19; 3; 4
5,75,0.20948,0.06667,4; 9; 5; 75; 3; 28; 30; 22
11,48,0.24138,0.22917,7; 17; 11; 48; 30; 3; 16; 7
33,42,0.64108,0.78571,4; 10; 33; 42; 11; 11; 16; 10
16,49,0.31162,0.32653,11; 5; 16; 49; 20; 28; 23; 8
30,49,0.61625,0.61224,8; 6; 30; 49; 23; 17; 12; 23
8,70,0.21747,0.11429,10; 10; 8; 70; 12; 7; 31; 26
7,82,0.32278,0.08537,3; 4; 7; 82; 28; 13; 19; 3
10,70,0.23335,0.14286,7; 6; 10; 70; 9; 32; 14; 12
14,70,0.3519,0.2,5; 7; 14; 70; 23; 15; 17; 9
10,75,0.27934,0.13333,4; 3; 10; 75; 13; 24; 22; 27
10,49,0.22942,0.20408,15; 15; 10; 49; 20; 16; 27; 25
21,32,0.66452,0.65625,19; 20; 21; 32; 11; 30; 24; 26
15,26,0.62312,0.57692,7; 24; 15; 26; 7; 4; 15; 6
9,10,0.78024,0.9,8; 5; 9; 10; 22; 3; 12; 12
7,9,0.80149,0.77778,15; 30; 7; 9; 18; 17; 27; 4
33,49,0.64702,0.67347,4; 3; 33; 49; 10; 19; 4; 4
8,82,0.33031,0.09756,3; 4; 8; 82; 17; 17; 5; 31
23,31,0.54234,0.74194,17; 10; 23; 31; 24; 8; 21; 9
31,48,0.60422,0.64583,5; 6; 31; 48; 27; 24; 9; 31
26,31,0.62661,0.83871,5; 7; 26; 31; 15; 20; 18; 32
13,77,0.35867,0.16883,3; 4; 13; 77; 8; 23; 6; 29
17,31,0.60605,0.54839,20; 8; 17; 31; 6; 9; 5; 22
17,53,0.35645,0.32075,12; 7; 17; 53; 8; 30; 22; 5
5,78,0.31999,0.0641,3; 4; 5; 78; 21; 11; 26; 32
5,82,0.35207,0.06098,3; 5; 5; 82; 16; 20; 7; 8
21,64,0.39345,0.32812,5; 3; 21; 64; 21; 22; 17; 22
11,75,0.30821,0.14667,6; 5; 11; 75; 32; 10; 19; 12
9,64,0.19067,0.14062,5; 9; 9; 64; 32; 17; 20; 11
5,42,0.16693,0.11905,8; 5; 5; 42; 4; 21; 26; 31
14,32,0.61152,0.4375,22; 18; 14; 32; 20; 28; 23; 26
27,63,0.47712,0.42857,4; 3; 27; 63; 12; 4; 4; 21
6,10,0.82411,0.6,21; 13; 6; 10; 26; 32; 5; 10
8,75,0.27864,0.10667,7; 5; 8; 75; 16; 9; 29; 27
6,10,0.8056,0.6,23; 7; 6; 10; 32; 24; 7; 6
6,9,0.82337,0.66667,22; 21; 6; 9; 21; 17; 28; 6
17,42,0.42448,0.40476,6; 9; 17; 42; 4; 11; 15; 22
8,42,0.23157,0.19048,19; 11; 8; 42; 24; 17; 3; 30
24,49,0.48106,0.4898,4; 5; 24; 49; 10; 22; 15; 20
29,53,0.54748,0.54717,3; 8; 29; 53; 21; 32; 16; 13
5,63,0.17346,0.07937,7; 15; 5; 63; 25; 23; 5; 25
19,42,0.48662,0.45238,16; 9; 19; 42; 26; 14; 21; 9
23,48,0.48058,0.47917,12; 9; 23; 48; 16; 4; 29; 22
16,26,0.60471,0.61538,27; 26; 16; 26; 25; 7; 18; 3
5,78,0.30274,0.0641,6; 6; 5; 78; 21; 28; 9; 30
9,75,0.26625,0.12,3; 7; 9; 75; 25; 13; 8; 21
9,10,0.83481,0.9,29; 15; 9; 10; 25; 22; 13; 18
22,64,0.41077,0.34375,6; 5; 22; 64; 16; 29; 28; 7
7,10,0.82294,0.7,26; 21; 7; 10; 27; 3; 18; 23
12,77,0.35431,0.15584,3; 3; 12; 77; 10; 29; 18; 18
6,49,0.151,0.12245,5; 7; 6; 49; 23; 30; 12; 8
6,9,0.81486,0.66667,41; 13; 6; 9; 12; 21; 29; 7
7,77,0.26827,0.09091,7; 6; 7; 77; 17; 32; 16; 32
17,32,0.44711,0.53125,20; 16; 17; 32; 7; 25; 27; 22
20,48,0.37816,0.41667,11; 6; 20; 48; 22; 25; 13; 14
19,70,0.41749,0.27143,4; 3; 19; 70; 18; 28; 7; 22
23,63,0.42206,0.36508,5; 6; 23; 63; 17; 27; 19; 11
26,32,0.64749,0.8125,4; 12; 26; 32; 25; 5; 24; 15
24,63,0.45415,0.38095,5; 4; 24; 63; 10; 10; 14; 10
18,48,0.35673,0.375,16; 14; 18; 48; 12; 26; 14; 28
38,48,0.77772,0.79167,6; 5; 38; 48; 26; 9; 10; 28
19,53,0.32988,0.35849,5; 4; 19; 53; 26; 13; 12; 30
12,77,0.38921,0.15584,3; 4; 12; 77; 15; 24; 21; 12
13,48,0.30327,0.27083,3; 9; 13; 48; 6; 7; 31; 15
19,70,0.41427,0.27143,4; 3; 19; 70; 25; 7; 20; 8
38,48,0.73097,0.79167,4; 3; 38; 48; 10; 3; 12; 4
10,53,0.22054,0.18868,15; 16; 10; 53; 31; 15; 4; 32
15,26,0.6038,0.57692,14; 20; 15; 26; 31; 14; 21; 5
10,32,0.68141,0.3125,24; 15; 10; 32; 7; 24; 21; 17
35,48,0.69846,0.72917,6; 4; 35; 48; 16; 17; 18; 20
17,64,0.33475,0.26562,3; 8; 17; 64; 29; 16; 29; 16
15,26,0.59211,0.57692,19; 15; 15; 26; 4; 11; 24; 4
40,42,0.71331,0.95238,5; 6; 40; 42; 14; 4; 6; 7
8,78,0.30949,0.10256,6; 3; 8; 78; 7; 21; 3; 32
9,10,0.77958,0.9,7; 12; 9; 10; 5; 29; 9; 30
16,70,0.36057,0.22857,5; 5; 16; 70; 17; 18; 20; 15
10,64,0.21953,0.15625,9; 11; 10; 64; 15; 28; 19; 22
5,82,0.36094,0.06098,5; 3; 5; 82; 5; 8; 23; 13
19,48,0.40305,0.39583,5; 4; 19; 48; 13; 28; 21; 32
25,64,0.44462,0.39062,3; 3; 25; 64; 22; 24; 29; 8
7,9,0.79865,0.77778,3; 26; 7; 9; 22; 20; 5; 31
5,10,0.81516,0.5,18; 39; 5; 10; 12; 19; 18; 31
9,78,0.33219,0.11538,5; 4; 9; 78; 32; 9; 29; 9
7,82,0.35401,0.08537,4; 3; 7; 82; 25; 31; 9; 8
6,82,0.28118,0.07317,4; 4; 6; 82; 7; 23; 25; 28
16,31,0.58477,0.51613,9; 7; 16; 31; 26; 30; 29; 9
8,10,0.80654,0.8,38; 25; 8; 10; 24; 8; 11; 17
8,9,0.83728,0.88889,5; 23; 8; 9; 5; 18; 6; 26
7,82,0.30361,0.08537,3; 3; 7; 82; 6; 26; 7; 9
6,64,0.19333,0.09375,6; 9; 6; 64; 6; 25; 23; 22
33,53,0.61025,0.62264,5; 4; 33; 53; 15; 10; 28; 18
6,82,0.34193,0.07317,4; 4; 6; 82; 9; 13; 17; 7
23,26,0.62699,0.88462,6; 20; 23; 26; 12; 18; 31; 7
13,75,0.34414,0.17333,5; 5; 13; 75; 18; 13; 24; 23
5,64,0.171,0.07812,12; 7; 5; 64; 12; 15; 5; 8
8,10,0.81353,0.8,6; 34; 8; 10; 16; 29; 28; 10
16,63,0.32473,0.25397,6; 4; 16; 63; 30; 12; 19; 28
17,63,0.3482,0.26984,6; 6; 17; 63; 25; 21; 9; 20
15,53,0.31726,0.28302,11; 14; 15; 53; 21; 8; 22; 3
10,31,0.47994,0.32258,23; 18; 10; 31; 31; 6; 19; 29
22,63,0.41194,0.34921,3; 6; 22; 63; 11; 20; 17; 13
25,42,0.56574,0.59524,6; 11; 25; 42; 30; 5; 4; 16
10,70,0.24766,0.14286,4; 3; 10; 70; 5; 22; 18; 5
7,78,0.28064,0.08974,3; 3; 7; 78; 10; 22; 20; 17
7,26,0.70345,0.26923,32; 12; 7; 26; 16; 20; 32; 5
11,64,0.22432,0.17188,11; 5; 11; 64; 12; 16; 9; 12
30,31,0.60872,0.96774,17; 4; 30; 31; 10; 13; 23; 16
11,77,0.3763,0.14286,4; 4; 11; 77; 30; 7; 11; 12
8,10,0.79562,0.8,19; 8; 8; 10; 13; 10; 4; 28
11,64,0.2388,0.17188,3; 3; 11; 64; 6; 28; 18; 30
19,49,0.4012,0.38776,4; 3; 19; 49; 18; 30; 12; 15
6,26,0.69557,0.23077,29; 21; 6; 26; 7; 16; 20; 25
9,78,0.36287,0.11538,5; 4; 9; 78; 22; 13; 16; 7
41,42,0.74684,0.97619,7; 6; 41; 42; 5; 13; 8; 22
16,70,0.35291,0.22857,6; 5; 16; 70; 31; 20; 13; 24
7,78,0.26064,0.08974,3; 3; 7; 78; 21; 22; 15; 22
6,9,0.82008,0.66667,18; 23; 6; 9; 30; 15; 10; 25
14,75,0.38129,0.18667,4; 4; 14; 75; 4; 32; 17; 14
12,78,0.38238,0.15385,3; 4; 12; 78; 5; 4; 8; 28
24,64,0.44128,0.375,3; 4; 24; 64; 26; 28; 7; 26
10,70,0.25885,0.14286,4; 9; 10; 70; 18; 13; 8; 27
23,53,0.44787,0.43396,10; 11; 23; 53; 24; 19; 5; 7
8,82,0.36117,0.09756,4; 4; 8; 82; 6; 20; 17; 8
9,78,0.31821,0.11538,4; 5; 9; 78; 29; 12; 26; 9
5,63,0.16208,0.07937,14; 5; 5; 63; 22; 6; 29; 20
25,26,0.51294,0.96154,8; 19; 25; 26; 19; 17; 11; 27
12,70,0.33723,0.17143,4; 3; 12; 70; 11; 25; 3; 12
8,26,0.70471,0.30769,14; 26; 8; 26; 20; 14; 26; 27
18,26,0.6704,0.69231,26; 9; 18; 26; 10; 10; 5; 32
6,64,0.20373,0.09375,8; 12; 6; 64; 15; 3; 17; 28
5,82,0.35774,0.06098,5; 5; 5; 82; 18; 4; 20; 4
8,10,0.80636,0.8,37; 40; 8; 10; 15; 8; 12; 26
12,53,0.27115,0.22642,13; 14; 12; 53; 10; 7; 7; 10
15,31,0.58381,0.48387,19; 10; 15; 31; 17; 25; 32; 4
36,48,0.72278,0.75,6; 7; 36; 48; 27; 20; 29; 6
12,42,0.41559,0.28571,20; 18; 12; 42; 16; 8; 8; 7
14,75,0.38437,0.18667,4; 3; 14; 75; 23; 14; 15; 3
5,9,0.8018,0.55556,29; 35; 5; 9; 23; 28; 4; 17
17,64,0.34625,0.26562,4; 7; 17; 64; 10; 26; 16; 7
15,32,0.55755,0.46875,14; 21; 15; 32; 18; 15; 9; 16
5,10,0.80681,0.5,41; 30; 5; 10; 11; 27; 7; 28
18,63,0.33114,0.28571,4; 5; 18; 63; 24; 30; 21; 9
12,77,0.37219,0.15584,4; 4; 12; 77; 30; 3; 20; 24
6,82,0.31073,0.07317,4; 5; 6; 82; 5; 18; 24; 17
18,63,0.37662,0.28571,4; 3; 18; 63; 27; 14; 14; 10
25,64,0.47414,0.39062,3; 3; 25; 64; 13; 32; 11; 15
18,53,0.37443,0.33962,9; 8; 18; 53; 7; 29; 20; 28
8,77,0.27537,0.1039,4; 3; 8; 77; 17; 27; 17; 10
11,70,0.32383,0.15714,8; 7; 11; 70; 26; 7; 19; 27
8,70,0.20898,0.11429,8; 4; 8; 70; 5; 22; 9; 21
21,32,0.54031,0.65625,17; 5; 21; 32; 6; 8; 25; 12
9,10,0.81524,0.9,24; 24; 9; 10; 20; 5; 27; 14
30,49,0.59427,0.61224,8; 7; 30; 49; 7; 14; 22; 4
21,31,0.50276,0.67742,14; 23; 21; 31; 12; 20; 20; 8
8,53,0.20894,0.15094,3; 4; 8; 53; 32; 19; 8; 9
16,49,0.34136,0.32653,15; 15; 16; 49; 3; 22; 30; 5
13,70,0.2846,0.18571,5; 3; 13; 70; 6; 8; 26; 18
10,78,0.33521,0.12821,3; 5; 10; 78; 7; 6; 25; 3
7,63,0.15876,0.11111,13; 7; 7; 63; 17; 16; 9; 7
16,63,0.33445,0.25397,8; 9; 16; 63; 7; 8; 11; 14
9,63,0.22061,0.14286,9; 5; 9; 63; 19; 9; 14; 32
29,31,0.52893,0.93548,15; 10; 29; 31; 14; 29; 31; 17
13,63,0.2456,0.20635,5; 5; 13; 63; 14; 18; 28; 11
14,64,0.31867,0.21875,4; 5; 14; 64; 6; 6; 18; 4
9,10,0.82926,0.9,16; 19; 9; 10; 15; 15; 9; 24
19,70,0.39633,0.27143,3; 3; 19; 70; 6; 7; 26; 11
12,75,0.35376,0.16,3; 5; 12; 75; 11; 24; 13; 30
14,75,0.37472,0.18667,4; 4; 14; 75; 11; 16; 31; 19
21,31,0.4568,0.67742,12; 16; 21; 31; 5; 19; 20; 21
8,9,0.80616,0.88889,34; 33; 8; 9; 9; 26; 30; 30
19,63,0.41159,0.30159,8; 6; 19; 63; 23; 10; 25; 25
27,63,0.47446,0.42857,4; 4; 27; 63; 9; 29; 15; 15
9,77,0.2896,0.11688,4; 6; 9; 77; 8; 27; 6; 26
7,78,0.31511,0.08974,6; 6; 7; 78; 27; 16; 12; 10
38,48,0.75185,0.79167,4; 4; 38; 48; 10; 27; 9; 27
6,9,0.82159,0.66667,5; 21; 6; 9; 28; 4; 24; 20
7,78,0.34033,0.08974,3; 6; 7; 78; 25; 8; 28; 31
8,10,0.82588,0.8,40; 4; 8; 10; 3; 19; 3; 23
6,10,0.81897,0.6,9; 30; 6; 10; 21; 12; 19; 17
12,75,0.28842,0.16,5; 5; 12; 75; 17; 5; 26; 17
29,32,0.60224,0.90625,3; 14; 29; 32; 10; 19; 16; 13
37,53,0.74172,0.69811,3; 4; 37; 53; 19; 18; 9; 18
25,32,0.50979,0.78125,20; 4; 25; 32; 16; 10; 20; 17
7,78,0.26922,0.08974,3; 6; 7; 78; 30; 14; 11; 23
6,82,0.35486,0.07317,4; 4; 6; 82; 32; 9; 13; 3
28,32,0.54584,0.875,12; 16; 28; 32; 11; 18; 22; 16
15,70,0.31275,0.21429,6; 3; 15; 70; 3; 28; 12; 15
14,48,0.30651,0.29167,4; 5; 14; 48; 25; 12; 8; 13
7,32,0.63705,0.21875,17; 25; 7; 32; 28; 20; 15; 26
15,49,0.33037,0.30612,3; 3; 15; 49; 22; 24; 3; 32
10,78,0.33243,0.12821,4; 5; 10; 78; 12; 3; 32; 29
8,75,0.29091,0.10667,7; 6; 8; 75; 21; 9; 13; 32
9,70,0.26464,0.12857,6; 7; 9; 70; 28; 7; 14; 17
9,53,0.19683,0.16981,18; 7; 9; 53; 5; 11; 7; 24
39,42,0.7188,0.92857,5; 3; 39; 42; 11; 32; 8; 4
16,63,0.32327,0.25397,3; 5; 16; 63; 16; 15; 11; 9
16,31,0.78684,0.51613,19; 16; 16; 31; 25; 31; 5; 32
7,78,0.23517,0.08974,4; 5; 7; 78; 30; 21; 23; 12
8,78,0.33547,0.10256,4; 3; 8; 78; 20; 20; 15; 16
8,78,0.28991,0.10256,5; 6; 8; 78; 20; 6; 16; 10
13,70,0.34623,0.18571,5; 4; 13; 70; 28; 21; 23; 11
13,75,0.3498,0.17333,4; 3; 13; 75; 6; 20; 14; 6
12,53,0.24492,0.22642,12; 6; 12; 53; 7; 21; 23; 13
14,75,0.37259,0.18667,3; 4; 14; 75; 13; 19; 19; 16
9,77,0.29374,0.11688,6; 3; 9; 77; 8; 32; 11; 30
8,82,0.3709,0.09756,3; 3; 8; 82; 19; 10; 13; 4
40,42,0.73181,0.95238,5; 7; 40; 42; 8; 28; 16; 24
21,49,0.41911,0.42857,10; 12; 21; 49; 25; 16; 24; 31
12,77,0.35323,0.15584,4; 3; 12; 77; 28; 18; 19; 13
10,70,0.2785,0.14286,9; 9; 10; 70; 13; 7; 7; 4
12,70,0.33435,0.17143,5; 6; 12; 70; 5; 9; 7; 16
36,48,0.73804,0.75,5; 7; 36; 48; 25; 27; 21; 8
7,26,0.71513,0.26923,23; 3; 7; 26; 20; 11; 16; 28
6,82,0.37305,0.07317,5; 5; 6; 82; 14; 15; 4; 30
8,49,0.21251,0.16327,15; 16; 8; 49; 4; 11; 21; 22
8,10,0.75081,0.8,38; 25; 8; 10; 3; 18; 27; 25
15,70,0.37565,0.21429,3; 4; 15; 70; 22; 11; 31; 4
9,75,0.32411,0.12,4; 3; 9; 75; 13; 4; 9; 4
22,42,0.47477,0.52381,9; 17; 22; 42; 19; 25; 29; 18
8,77,0.29124,0.1039,5; 4; 8; 77; 4; 4; 14; 32
25,42,0.53111,0.59524,10; 7; 25; 42; 24; 23; 14; 7
10,75,0.33462,0.13333,5; 4; 10; 75; 26; 8; 26; 4
7,75,0.22576,0.09333,6; 6; 7; 75; 11; 13; 29; 14
14,31,0.56265,0.45161,21; 19; 14; 31; 25; 32; 14; 7
22,31,0.65196,0.70968,22; 3; 22; 31; 25; 30; 8; 14
34,53,0.62669,0.64151,5; 5; 34; 53; 15; 16; 17; 25
7,10,0.79757,0.7,35; 13; 7; 10; 22; 8; 14; 13
5,77,0.24817,0.06494,4; 8; 5; 77; 22; 31; 31; 8
8,10,0.80827,0.8,30; 40; 8; 10; 19; 21; 11; 8
6,49,0.1647,0.12245,11; 4; 6; 49; 23; 9; 10; 14
5,9,0.81406,0.55556,26; 24; 5; 9; 23; 8; 6; 31
6,63,0.1466,0.09524,8; 3; 6; 63; 5; 19; 5; 28
6,49,0.14643,0.12245,21; 9; 6; 49; 17; 9; 15; 4
7,32,0.59416,0.21875,6; 12; 7; 32; 9; 6; 8; 22
13,77,0.38016,0.16883,3; 3; 13; 77; 12; 15; 13; 11
7,26,0.68893,0.26923,25; 5; 7; 26; 32; 11; 7; 30
13,63,0.26712,0.20635,4; 6; 13; 63; 6; 10; 25; 18
6,77,0.29656,0.07792,6; 4; 6; 77; 13; 12; 23; 19
15,48,0.33679,0.3125,8; 3; 15; 48; 19; 17; 16; 16
17,31,0.5227,0.54839,7; 20; 17; 31; 17; 18; 6; 29
5,70,0.21657,0.07143,4; 4; 5; 70; 3; 11; 30; 7
5,26,0.6572,0.19231,7; 32; 5; 26; 29; 12; 22; 23
34,42,0.67676,0.80952,4; 11; 34; 42; 25; 24; 14; 30
5,82,0.26529,0.06098,4; 4; 5; 82; 26; 28; 4; 30
6,82,0.28116,0.07317,5; 3; 6; 82; 15; 28; 15; 7
10,77,0.36251,0.12987,3; 4; 10; 77; 14; 6; 15; 7
41,49,0.80428,0.83673,3; 3; 41; 49; 14; 27; 12; 23
18,31,0.58804,0.58065,13; 11; 18; 31; 11; 16; 26; 14
8,26,0.63618,0.30769,27; 31; 8; 26; 16; 11; 15; 17
7,70,0.16949,0.1,8; 4; 7; 70; 4; 22; 20; 22
24,63,0.4424,0.38095,3; 4; 24; 63; 13; 21; 32; 19
33,48,0.65984,0.6875,4; 4; 33; 48; 28; 7; 25; 8
6,9,0.82276,0.66667,14; 32; 6; 9; 9; 29; 20; 22
17,26,0.47537,0.65385,12; 7; 17; 26; 16; 21; 16; 20
39,42,0.6859,0.92857,4; 7; 39; 42; 29; 4; 9; 9
7,9,0.81344,0.77778,13; 35; 7; 9; 14; 28; 8; 21
5,75,0.25997,0.06667,8; 6; 5; 75; 27; 3; 16; 22
40,49,0.79104,0.81633,4; 3; 40; 49; 31; 8; 24; 7
10,26,0.71651,0.38462,24; 9; 10; 26; 11; 25; 18; 9
38,48,0.7694,0.79167,5; 6; 38; 48; 18; 7; 5; 21
6,9,0.82088,0.66667,31; 34; 6; 9; 8; 28; 13; 31
8,70,0.21629,0.11429,7; 3; 8; 70; 3; 25; 19; 12
5,70,0.20271,0.07143,10; 7; 5; 70; 7; 29; 5; 26
13,75,0.35227,0.17333,5; 4; 13; 75; 7; 16; 31; 30
5,10,0.80701,0.5,31; 6; 5; 10; 14; 3; 10; 29
12,63,0.24414,0.19048,5; 10; 12; 63; 8; 31; 10; 20
17,42,0.43421,0.40476,11; 10; 17; 42; 10; 25; 12; 21
19,53,0.36314,0.35849,8; 8; 19; 53; 7; 6; 17; 21
6,64,0.15482,0.09375,14; 6; 6; 64; 32; 10; 25; 3
23,32,0.57882,0.71875,15; 5; 23; 32; 21; 18; 6; 16
7,10,0.82814,0.7,17; 40; 7; 10; 8; 6; 6; 8
15,49,0.27782,0.30612,6; 4; 15; 49; 14; 16; 30; 19
23,26,0.5608,0.88462,22; 12; 23; 26; 16; 17; 6; 4
40,42,0.70374,0.95238,5; 7; 40; 42; 20; 27; 12; 10
13,77,0.3642,0.16883,4; 4; 13; 77; 10; 20; 18; 31
10,75,0.32105,0.13333,3; 4; 10; 75; 26; 12; 11; 23
8,9,0.79283,0.88889,27; 21; 8; 9; 20; 30; 19; 10
6,82,0.33781,0.07317,5; 3; 6; 82; 27; 26; 22; 16
21,31,0.45975,0.67742,16; 15; 21; 31; 8; 8; 18; 31
21,26,0.68599,0.80769,10; 17; 21; 26; 17; 25; 16; 9
7,10,0.80664,0.7,4; 8; 7; 10; 15; 16; 13; 7
10,49,0.22102,0.20408,8; 15; 10; 49; 28; 17; 24; 27
20,31,0.56209,0.64516,7; 16; 20; 31; 20; 16; 19; 13
31,49,0.63305,0.63265,7; 9; 31; 49; 29; 27; 3; 29
9,77,0.33757,0.11688,5; 3; 9; 77; 21; 8; 3; 11
25,31,0.67985,0.80645,13; 3; 25; 31; 10; 28; 29; 9
8,82,0.37679,0.09756,4; 3; 8; 82; 32; 24; 6; 6
6,77,0.23072,0.07792,6; 3; 6; 77; 8; 17; 17; 27
13,70,0.31836,0.18571,6; 7; 13; 70; 21; 30; 26; 17
6,9,0.82363,0.66667,20; 30; 6; 9; 13; 25; 29; 26
25,63,0.46164,0.39683,4; 4; 25; 63; 14; 14; 30; 18
7,10,0.81957,0.7,19; 12; 7; 10; 16; 29; 26; 18
14,70,0.30773,0.2,7; 4; 14; 70; 23; 4; 9; 8
12,26,0.69563,0.46154,28; 16; 12; 26; 28; 22; 8; 19
8,70,0.24055,0.11429,6; 8; 8; 70; 26; 17; 10; 26
13,70,0.31766,0.18571,4; 5; 13; 70; 23; 29; 31; 9
17,42,0.38795,0.40476,19; 10; 17; 42; 11; 28; 3; 4
8,82,0.31198,0.09756,3; 4; 8; 82; 30; 8; 3; 25
9,78,0.27657,0.11538,4; 3; 9; 78; 32; 12; 26; 22
12,26,0.63551,0.46154,25; 8; 12; 26; 10; 11; 8; 10
8,77,0.27375,0.1039,4; 6; 8; 77; 7; 29; 16; 31
5,9,0.81092,0.55556,7; 20; 5; 9; 23; 14; 29; 31
5,77,0.27325,0.06494,6; 6; 5; 77; 26; 24; 7; 3
7,77,0.31677,0.09091,4; 6; 7; 77; 3; 16; 27; 25
9,77,0.3226,0.11688,5; 5; 9; 77; 5; 26; 16; 27
9,63,0.20146,0.14286,7; 10; 9; 63; 4; 9; 32; 21
17,42,0.45111,0.40476,8; 3; 17; 42; 23; 26; 3; 4
8,75,0.24456,0.10667,3; 4; 8; 75; 11; 18; 14; 18
8,9,0.83277,0.88889,21; 29; 8; 9; 30; 6; 10; 7
14,31,0.46357,0.45161,11; 22; 14; 31; 18; 17; 24; 16
20,26,0.56105,0.76923,13; 7; 20; 26; 32; 29; 9; 5
6,75,0.28506,0.08,4; 7; 6; 75; 30; 16; 24; 10
5,78,0.24642,0.0641,3; 5; 5; 78; 28; 4; 15; 11
18,32,0.49972,0.5625,6; 5; 18; 32; 3; 27; 4; 32
10,78,0.3063,0.12821,5; 3; 10; 78; 3; 12; 7; 9
40,49,0.79897,0.81633,3; 3; 40; 49; 26; 9; 25; 24
12,31,0.48108,0.3871,5; 22; 12; 31; 11; 29; 3; 17
29,42,0.58391,0.69048,10; 13; 29; 42; 31; 22; 9; 28
10,75,0.24874,0.13333,3; 6; 10; 75; 12; 8; 24; 30
11,78,0.34857,0.14103,3; 4; 11; 78; 5; 20; 5; 4
8,63,0.18989,0.12698,4; 13; 8; 63; 7; 5; 4; 23
5,78,0.24116,0.0641,6; 7; 5; 78; 21; 16; 18; 13
10,70,0.33432,0.14286,3; 8; 10; 70; 30; 27; 28; 6
12,77,0.35154,0.15584,4; 4; 12; 77; 12; 17; 23; 12
30,48,0.62419,0.625,5; 8; 30; 48; 4; 13; 11; 27
11,78,0.37856,0.14103,3; 4; 11; 78; 31; 28; 17; 19
12,75,0.34856,0.16,3; 3; 12; 75; 26; 25; 12; 22
17,63,0.33981,0.26984,7; 3; 17; 63; 32; 23; 25; 6
21,42,0.49422,0.5,17; 11; 21; 42; 29; 12; 10; 23
5,42,0.39131,0.11905,7; 12; 5; 42; 32; 7; 3; 21
18,26,0.7188,0.69231,23; 20; 18; 26; 28; 7; 22; 5
6,9,0.82864,0.66667,32; 40; 6; 9; 14; 21; 20; 21
24,63,0.47459,0.38095,5; 3; 24; 63; 18; 17; 9; 25
6,82,0.33942,0.07317,4; 4; 6; 82; 31; 7; 29; 6
18,70,0.38164,0.25714,3; 4; 18; 70; 13; 6; 29; 26
5,9,0.83864,0.55556,10; 7; 5; 9; 30; 13; 20; 14
9,31,0.69471,0.29032,14; 4; 9; 31; 22; 15; 23; 28
11,63,0.23794,0.1746,12; 7; 11; 63; 19; 12; 5; 27
13,77,0.41878,0.16883,4; 4; 13; 77; 25; 27; 10; 28
6,78,0.31855,0.07692,7; 6; 6; 78; 4; 28; 20; 5
11,63,0.24819,0.1746,11; 8; 11; 63; 20; 18; 24; 23
5,31,0.68303,0.16129,18; 25; 5; 31; 18; 13; 25; 25
6,31,0.56073,0.19355,9; 8; 6; 31; 7; 22; 19; 5
9,77,0.31833,0.11688,4; 3; 9; 77; 32; 24; 16; 3
12,32,0.48212,0.375,27; 4; 12; 32; 9; 21; 30; 9
6,10,0.85216,0.6,9; 25; 6; 10; 25; 12; 30; 14
26,31,0.51491,0.83871,18; 5; 26; 31; 18; 11; 15; 20
6,78,0.29852,0.07692,5; 3; 6; 78; 29; 16; 17; 19
10,78,0.37701,0.12821,3; 5; 10; 78; 23; 12; 23; 10
15,31,0.61173,0.48387,24; 22; 15; 31; 19; 23; 17; 30
20,70,0.44655,0.28571,3; 4; 20; 70; 30; 16; 5; 21
10,78,0.3296,0.12821,5; 4; 10; 78; 4; 17; 11; 16
16,32,0.65311,0.5,12; 20; 16; 32; 13; 16; 16; 32
18,32,0.45354,0.5625,8; 22; 18; 32; 29; 24; 5; 13
8,9,0.79775,0.88889,13; 39; 8; 9; 27; 19; 9; 13
5,78,0.25963,0.0641,6; 3; 5; 78; 11; 7; 16; 29
26,63,0.46099,0.4127,4; 3; 26; 63; 22; 14; 27; 19
19,53,0.36603,0.35849,13; 5; 19; 53; 24; 11; 24; 10
5,82,0.31224,0.06098,4; 5; 5; 82; 7; 17; 27; 11
13,77,0.35233,0.16883,4; 4; 13; 77; 8; 24; 19; 16
20,42,0.45631,0.47619,11; 17; 20; 42; 17; 14; 29; 10
15,75,0.36822,0.2,3; 4; 15; 75; 22; 27; 10; 7
13,75,0.34789,0.17333,3; 3; 13; 75; 22; 15; 24; 18
6,82,0.27733,0.07317,4; 5; 6; 82; 7; 21; 13; 3
6,70,0.21352,0.08571,11; 6; 6; 70; 22; 16; 3; 7
5,82,0.31829,0.06098,5; 3; 5; 82; 11; 31; 13; 13
18,31,0.51739,0.58065,15; 23; 18; 31; 32; 11; 7; 7
24,31,0.59407,0.77419,9; 21; 24; 31; 9; 22; 5; 9
5,10,0.82039,0.5,30; 30; 5; 10; 17; 32; 27; 19
6,9,0.80184,0.66667,12; 3; 6; 9; 9; 32; 9; 5
10,49,0.19644,0.20408,15; 4; 10; 49; 25; 24; 8; 9
10,64,0.24112,0.15625,9; 6; 10; 64; 12; 28; 28; 17
11,31,0.76536,0.35484,7; 22; 11; 31; 4; 32; 12; 15
5,49,0.13088,0.10204,11; 14; 5; 49; 27; 6; 25; 7
12,31,0.57528,0.3871,5; 20; 12; 31; 16; 7; 19; 3
27,42,0.54664,0.64286,8; 11; 27; 42; 14; 30; 12; 12
8,82,0.3588,0.09756,3; 4; 8; 82; 17; 12; 28; 8
33,49,0.6892,0.67347,6; 5; 33; 49; 10; 26; 14; 31
34,49,0.64663,0.69388,6; 6; 34; 49; 5; 4; 20; 28
20,70,0.3805,0.28571,4; 4; 20; 70; 6; 19; 24; 4
21,63,0.42422,0.33333,7; 5; 21; 63; 7; 16; 32; 27
11,64,0.2608,0.17188,5; 11; 11; 64; 32; 18; 23; 15
8,10,0.7993,0.8,12; 29; 8; 10; 27; 3; 11; 24
5,10,0.82125,0.5,27; 18; 5; 10; 16; 16; 12; 8
7,82,0.3568,0.08537,3; 4; 7; 82; 23; 11; 10; 20
24,42,0.49741,0.57143,3; 11; 24; 42; 26; 12; 30; 19
14,75,0.3662,0.18667,3; 3; 14; 75; 7; 30; 6; 5
15,75,0.36212,0.2,3; 3; 15; 75; 7; 6; 26; 24
8,78,0.29999,0.10256,5; 5; 8; 78; 30; 25; 20; 5
36,42,0.69329,0.85714,8; 4; 36; 42; 15; 24; 21; 23
26,64,0.44933,0.40625,4; 4; 26; 64; 19; 9; 18; 6
5,82,0.27782,0.06098,5; 5; 5; 82; 28; 20; 11; 5
13,64,0.24835,0.20312,10; 7; 13; 64; 10; 25; 3; 14
9,32,0.59532,0.28125,14; 6; 9; 32; 18; 22; 12; 25
11,70,0.28004,0.15714,8; 6; 11; 70; 3; 23; 29; 23
7,9,0.79982,0.77778,19; 36; 7; 9; 28; 17; 24; 27
5,64,0.18905,0.07812,8; 5; 5; 64; 21; 25; 26; 16
20,26,0.63006,0.76923,25; 24; 20; 26; 3; 16; 5; 26
10,78,0.33052,0.12821,4; 4; 10; 78; 8; 10; 23; 16
12,77,0.35402,0.15584,3; 4; 12; 77; 7; 22; 6; 19
30,53,0.57349,0.56604,6; 3; 30; 53; 17; 31; 25; 15
8,10,0.80698,0.8,13; 10; 8; 10; 9; 9; 6; 30
15,70,0.3488,0.21429,6; 6; 15; 70; 30; 12; 20; 22
13,70,0.32547,0.18571,7; 4; 13; 70; 28; 26; 19; 5
11,32,0.59123,0.34375,27; 20; 11; 32; 16; 17; 22; 3
25,53,0.46015,0.4717,4; 6; 25; 53; 3; 28; 30; 20
6,82,0.31198,0.07317,4; 5; 6; 82; 26; 16; 20; 19
17,26,0.51454,0.65385,4; 3; 17; 26; 7; 20; 14; 15
7,75,0.2845,0.09333,6; 8; 7; 75; 29; 3; 27; 29
5,78,0.28837,0.0641,6; 3; 5; 78; 21; 22; 17; 21
27,32,0.57956,0.84375,16; 8; 27; 32; 7; 12; 8; 19
6,70,0.18339,0.08571,4; 5; 6; 70; 28; 9; 16; 16
20,70,0.40058,0.28571,3; 3; 20; 70; 20; 8; 20; 11
41,49,0.83062,0.83673,3; 4; 41; 49; 11; 7; 7; 6
9,26,0.59155,0.34615,22; 23; 9; 26; 7; 19; 6; 21
24,64,0.44015,0.375,3; 3; 24; 64; 16; 31; 23; 20
19,70,0.37711,0.27143,3; 3; 19; 70; 14; 6; 4; 31
15,48,0.30444,0.3125,7; 15; 15; 48; 28; 5; 4; 24
6,64,0.20074,0.09375,4; 6; 6; 64; 17; 16; 29; 4
5,64,0.1738,0.07812,14; 10; 5; 64; 10; 20; 12; 27
6,75,0.28043,0.08,6; 6; 6; 75; 25; 27; 31; 5
5,10,0.81378,0.5,10; 37; 5; 10; 4; 32; 32; 9
23,26,0.61034,0.88462,16; 23; 23; 26; 21; 9; 21; 26
11,48,0.27789,0.22917,9; 16; 11; 48; 21; 6; 12; 4
26,42,0.57917,0.61905,7; 10; 26; 42; 12; 22; 31; 7
11,53,0.2134,0.20755,3; 15; 11; 53; 17; 19; 24; 6
5,9,0.83923,0.55556,27; 23; 5; 9; 32; 17; 21; 5
6,42,0.31566,0.14286,4; 23; 6; 42; 4; 20; 27; 6
18,63,0.34582,0.28571,4; 7; 18; 63; 26; 15; 30; 10
16,42,0.37308,0.38095,9; 17; 16; 42; 6; 5; 5; 5
9,10,0.81292,0.9,25; 38; 9; 10; 6; 32; 24; 16
6,26,0.67553,0.23077,19; 26; 6; 26; 16; 3; 22; 12
30,49,0.60345,0.61224,4; 5; 30; 49; 3; 29; 10; 12
25,64,0.45141,0.39062,4; 3; 25; 64; 29; 29; 15; 15
25,48,0.49882,0.52083,6; 9; 25; 48; 18; 6; 14; 25
14,32,0.5497,0.4375,24; 26; 14; 32; 19; 5; 13; 16
18,48,0.38547,0.375,15; 14; 18; 48; 24; 13; 27; 13
42,48,0.82302,0.875,3; 3; 42; 48; 22; 11; 8; 19
5,10,0.80189,0.5,24; 17; 5; 10; 9; 27; 9; 10
6,63,0.17963,0.09524,6; 14; 6; 63; 14; 27; 24; 7
6,31,0.66301,0.19355,15; 25; 6; 31; 26; 19; 3; 27
5,78,0.31116,0.0641,4; 4; 5; 78; 12; 11; 19; 30
5,63,0.14515,0.07937,15; 5; 5; 63; 12; 6; 17; 25
34,53,0.62002,0.64151,3; 5; 34; 53; 3; 9; 5; 12
8,63,0.19625,0.12698,8; 4; 8; 63; 15; 6; 29; 22
9,32,0.62759,0.28125,5; 11; 9; 32; 24; 12; 23; 25
24,63,0.42572,0.38095,3; 4; 24; 63; 17; 5; 30; 25
5,48,0.14675,0.10417,15; 5; 5; 48; 9; 29; 22; 13
14,26,0.7072,0.53846,8; 18; 14; 26; 17; 9; 13; 8
8,9,0.83308,0.88889,8; 10; 8; 9; 19; 10; 4; 31
28,32,0.46656,0.875,7; 7; 28; 32; 11; 26; 18; 18
5,10,0.83489,0.5,14; 19; 5; 10; 11; 27; 26; 21
12,75,0.28861,0.16,5; 3; 12; 75; 11; 13; 10; 21
17,49,0.34123,0.34694,5; 14; 17; 49; 4; 5; 25; 7
23,64,0.47693,0.35938,4; 5; 23; 64; 13; 19; 20; 32
36,42,0.67937,0.85714,5; 3; 36; 42; 21; 4; 7; 30
8,10,0.77449,0.8,31; 27; 8; 10; 16; 28; 7; 27
14,75,0.35013,0.18667,4; 3; 14; 75; 32; 22; 12; 20
18,31,0.59453,0.58065,18; 15; 18; 31; 30; 16; 23; 28
23,42,0.53426,0.54762,14; 11; 23; 42; 7; 16; 8; 14
41,42,0.73581,0.97619,5; 6; 41; 42; 13; 12; 20; 20
9,63,0.22957,0.14286,9; 7; 9; 63; 5; 10; 21; 11
21,64,0.38845,0.32812,3; 5; 21; 64; 11; 27; 14; 12
31,48,0.62341,0.64583,3; 5; 31; 48; 31; 30; 11; 19
9,63,0.20396,0.14286,7; 12; 9; 63; 19; 9; 14; 19
5,42,0.22838,0.11905,16; 15; 5; 42; 15; 28; 27; 25
8,10,0.75558,0.8,31; 19; 8; 10; 5; 22; 25; 16
12,77,0.36251,0.15584,4; 4; 12; 77; 17; 21; 4; 21
15,75,0.35424,0.2,4; 3; 15; 75; 18; 12; 26; 25
6,9,0.81609,0.66667,15; 39; 6; 9; 30; 4; 8; 8
5,77,0.3053,0.06494,3; 8; 5; 77; 21; 5; 13; 15
5,53,0.14672,0.09434,5; 19; 5; 53; 3; 12; 15; 31
15,53,0.28912,0.28302,11; 12; 15; 53; 31; 19; 31; 5
5,77,0.24796,0.06494,7; 5; 5; 77; 6; 6; 11; 25
7,77,0.28334,0.09091,7; 5; 7; 77; 17; 7; 11; 24
16,32,0.52386,0.5,6; 18; 16; 32; 8; 32; 5; 9
8,10,0.79341,0.8,18; 3; 8; 10; 28; 7; 10; 13
18,31,0.58384,0.58065,19; 7; 18; 31; 22; 18; 20; 19
13,77,0.38566,0.16883,4; 4; 13; 77; 11; 4; 10; 23
19,32,0.51271,0.59375,4; 15; 19; 32; 21; 22; 4; 8
10,75,0.29142,0.13333,3; 5; 10; 75; 19; 18; 31; 3
26,42,0.54527,0.61905,4; 3; 26; 42; 24; 8; 8; 32
7,9,0.83348,0.77778,15; 5; 7; 9; 11; 32; 25; 10
7,70,0.22586,0.1,5; 8; 7; 70; 28; 27; 16; 13
8,9,0.82279,0.88889,16; 36; 8; 9; 13; 14; 32; 3
5,9,0.81906,0.55556,3; 36; 5; 9; 6; 9; 12; 3
5,82,0.32361,0.06098,4; 4; 5; 82; 5; 7; 25; 26
5,49,0.16598,0.10204,12; 21; 5; 49; 19; 23; 4; 6
5,63,0.1623,0.07937,3; 7; 5; 63; 8; 29; 20; 17
10,78,0.34196,0.12821,5; 5; 10; 78; 17; 24; 5; 20
10,77,0.31558,0.12987,5; 5; 10; 77; 24; 7; 19; 27
13,70,0.31614,0.18571,7; 5; 13; 70; 7; 28; 20; 30
12,77,0.35725,0.15584,4; 4; 12; 77; 16; 29; 15; 24
19,49,0.38915,0.38776,9; 3; 19; 49; 24; 19; 20; 6
12,70,0.30974,0.17143,4; 7; 12; 70; 14; 26; 27; 30
17,53,0.35454,0.32075,4; 8; 17; 53; 10; 32; 25; 23
18,32,0.52758,0.5625,16; 20; 18; 32; 17; 21; 4; 30
26,32,0.49211,0.8125,20; 4; 26; 32; 27; 32; 15; 6
13,31,0.47546,0.41935,18; 20; 13; 31; 9; 31; 6; 17
19,31,0.52078,0.6129,14; 23; 19; 31; 17; 14; 5; 4
29,53,0.52946,0.54717,4; 8; 29; 53; 10; 11; 32; 18
5,70,0.1871,0.07143,10; 3; 5; 70; 7; 14; 23; 10
11,70,0.24909,0.15714,4; 6; 11; 70; 10; 28; 17; 10
27,42,0.57611,0.64286,6; 13; 27; 42; 12; 11; 14; 21
7,70,0.18251,0.1,9; 5; 7; 70; 26; 8; 6; 17
5,32,0.65582,0.15625,16; 27; 5; 32; 18; 5; 21; 24
6,77,0.26522,0.07792,6; 6; 6; 77; 7; 16; 31; 30
8,9,0.82996,0.88889,7; 12; 8; 9; 17; 16; 11; 20
12,32,0.63116,0.375,21; 6; 12; 32; 12; 30; 30; 15
15,26,0.55255,0.57692,15; 3; 15; 26; 13; 14; 4; 12
17,70,0.38609,0.24286,4; 5; 17; 70; 15; 25; 19; 31
11,75,0.29687,0.14667,4; 5; 11; 75; 32; 30; 22; 7
18,63,0.36902,0.28571,8; 8; 18; 63; 30; 25; 9; 32
9,78,0.33399,0.11538,3; 5; 9; 78; 30; 7; 22; 18
7,82,0.30575,0.08537,4; 4; 7; 82; 4; 19; 20; 21
6,64,0.17265,0.09375,7; 9; 6; 64; 3; 17; 29; 24
5,10,0.81989,0.5,21; 5; 5; 10; 5; 10; 12; 17
10,75,0.29397,0.13333,6; 3; 10; 75; 4; 8; 19; 18
19,26,0.47626,0.73077,11; 13; 19; 26; 14; 12; 6; 9
8,78,0.32459,0.10256,3; 4; 8; 78; 11; 30; 6; 25
8,82,0.34128,0.09756,4; 4; 8; 82; 18; 23; 8; 6
15,70,0.35601,0.21429,6; 6; 15; 70; 26; 6; 24; 13
8,9,0.82016,0.88889,37; 14; 8; 9; 8; 4; 13; 12
12,32,0.76665,0.375,23; 11; 12; 32; 22; 19; 24; 12
13,31,0.75614,0.41935,15; 20; 13; 31; 27; 28; 7; 26
29,32,0.58701,0.90625,11; 17; 29; 32; 22; 17; 8; 18
7,82,0.36481,0.08537,3; 4; 7; 82; 4; 25; 15; 5
5,77,0.28603,0.06494,7; 3; 5; 77; 20; 12; 20; 7
7,75,0.2334,0.09333,5; 8; 7; 75; 6; 19; 4; 16
13,77,0.3647,0.16883,3; 4; 13; 77; 4; 31; 23; 18
16,42,0.40612,0.38095,8; 16; 16; 42; 20; 20; 32; 13
9,10,0.81351,0.9,16; 17; 9; 10; 25; 32; 10; 4
26,53,0.49912,0.49057,6; 7; 26; 53; 17; 17; 20; 30
18,70,0.37716,0.25714,4; 3; 18; 70; 10; 12; 26; 3
6,10,0.8135,0.6,12; 20; 6; 10; 11; 26; 8; 17
12,64,0.25015,0.1875,7; 9; 12; 64; 6; 10; 26; 25
11,75,0.36292,0.14667,6; 5; 11; 75; 19; 20; 5; 18
9,53,0.18911,0.16981,4; 14; 9; 53; 19; 10; 18; 21
6,63,0.19753,0.09524,12; 8; 6; 63; 26; 19; 27; 12
7,32,0.58189,0.21875,15; 24; 7; 32; 23; 26; 4; 22
9,75,0.31247,0.12,6; 3; 9; 75; 6; 14; 16; 14
15,63,0.28236,0.2381,3; 4; 15; 63; 4; 28; 11; 9
9,75,0.30886,0.12,3; 3; 9; 75; 4; 11; 5; 31
20,26,0.67189,0.76923,24; 24; 20; 26; 25; 18; 26; 21
13,77,0.38817,0.16883,3; 4; 13; 77; 18; 6; 25; 15
5,9,0.82996,0.55556,25; 34; 5; 9; 7; 13; 20; 17
9,78,0.30029,0.11538,5; 4; 9; 78; 12; 25; 30; 6
9,49,0.22058,0.18367,19; 5; 9; 49; 8; 3; 17; 9
24,53,0.44815,0.45283,3; 5; 24; 53; 25; 32; 10; 15
11,64,0.22651,0.17188,9; 4; 11; 64; 16; 6; 3; 11
9,64,0.20379,0.14062,6; 7; 9; 64; 6; 13; 21; 19
6,49,0.16835,0.12245,9; 7; 6; 49; 20; 13; 22; 10
9,78,0.31665,0.11538,4; 4; 9; 78; 16; 10; 31; 20
7,82,0.30825,0.08537,4; 3; 7; 82; 14; 29; 4; 10
11,77,0.3322,0.14286,3; 5; 11; 77; 22; 10; 29; 14
9,53,0.18306,0.16981,16; 17; 9; 53; 5; 3; 22; 14
15,63,0.30128,0.2381,6; 5; 15; 63; 19; 32; 3; 6
11,49,0.24007,0.22449,16; 19; 11; 49; 20; 11; 19; 21
14,48,0.29876,0.29167,10; 11; 14; 48; 27; 3; 6; 13
5,9,0.81834,0.55556,36; 13; 5; 9; 14; 5; 24; 19
20,53,0.36111,0.37736,12; 3; 20; 53; 18; 19; 28; 21
12,31,0.4808,0.3871,22; 27; 12; 31; 10; 5; 12; 23
16,53,0.32163,0.30189,9; 12; 16; 53; 28; 23; 10; 14
10,78,0.33158,0.12821,5; 4; 10; 78; 11; 28; 14; 16
12,77,0.37395,0.15584,3; 3; 12; 77; 26; 16; 6; 5
26,31,0.61921,0.83871,20; 12; 26; 31; 4; 14; 7; 23
14,26,0.53281,0.53846,9; 29; 14; 26; 14; 31; 28; 21
23,31,0.55852,0.74194,6; 12; 23; 31; 26; 15; 9; 7
40,48,0.82242,0.83333,5; 4; 40; 48; 12; 7; 11; 17
22,64,0.45395,0.34375,3; 3; 22; 64; 29; 22; 3; 6
34,49,0.69893,0.69388,4; 7; 34; 49; 6; 24; 16; 5
8,10,0.8327,0.8,12; 33; 8; 10; 12; 19; 9; 14
30,53,0.5734,0.56604,3; 6; 30; 53; 10; 18; 19; 18
8,82,0.32575,0.09756,3; 3; 8; 82; 22; 27; 26; 10
8,82,0.36464,0.09756,3; 4; 8; 82; 25; 3; 8; 26
33,49,0.65599,0.67347,8; 6; 33; 49; 12; 16; 22; 4
26,53,0.49594,0.49057,3; 5; 26; 53; 32; 30; 15; 11
8,10,0.76805,0.8,31; 38; 8; 10; 5; 17; 17; 15
16,31,0.56129,0.51613,12; 11; 16; 31; 15; 9; 19; 27
24,53,0.4635,0.45283,7; 7; 24; 53; 23; 5; 27; 25
29,32,0.62477,0.90625,10; 18; 29; 32; 31; 22; 9; 17
12,26,0.79708,0.46154,11; 28; 12; 26; 13; 30; 17; 5
5,82,0.35513,0.06098,4; 3; 5; 82; 26; 10; 8; 30
19,31,0.52743,0.6129,14; 3; 19; 31; 22; 26; 19; 24
35,49,0.72361,0.71429,5; 3; 35; 49; 25; 17; 14; 8
12,26,0.62611,0.46154,6; 13; 12; 26; 10; 14; 15; 24
13,63,0.27702,0.20635,4; 10; 13; 63; 3; 4; 3; 31
18,42,0.38748,0.42857,4; 18; 18; 42; 20; 8; 28; 31
8,10,0.80532,0.8,12; 30; 8; 10; 29; 4; 16; 20
7,26,0.79029,0.26923,15; 20; 7; 26; 29; 28; 17; 5
26,63,0.47604,0.4127,3; 4; 26; 63; 18; 21; 5; 13
11,77,0.34609,0.14286,3; 5; 11; 77; 28; 22; 23; 16
25,53,0.50371,0.4717,10; 8; 25; 53; 24; 11; 5; 21
6,82,0.34208,0.07317,4; 4; 6; 82; 25; 31; 16; 8
30,49,0.6382,0.61224,3; 4; 30; 49; 6; 14; 27; 28
8,10,0.81299,0.8,29; 5; 8; 10; 12; 6; 32; 3
35,48,0.69313,0.72917,4; 7; 35; 48; 25; 8; 8; 4
7,26,0.69853,0.26923,23; 29; 7; 26; 21; 12; 13; 10
10,63,0.22734,0.15873,12; 8; 10; 63; 20; 30; 25; 5
5,77,0.26816,0.06494,5; 4; 5; 77; 16; 29; 6; 21
8,77,0.29345,0.1039,4; 4; 8; 77; 19; 17; 16; 14
5,9,0.79132,0.55556,15; 10; 5; 9; 8; 14; 6; 16
24,26,0.66918,0.92308,23; 23; 24; 26; 8; 12; 22; 31
19,64,0.36742,0.29688,4; 6; 19; 64; 8; 19; 6; 13
8,64,0.21293,0.125,6; 13; 8; 64; 12; 15; 25; 3
11,70,0.25511,0.15714,5; 3; 11; 70; 24; 5; 6; 28
12,70,0.30313,0.17143,7; 8; 12; 70; 32; 4; 13; 22
14,75,0.33886,0.18667,3; 4; 14; 75; 16; 6; 5; 27
10,75,0.31961,0.13333,4; 5; 10; 75; 17; 27; 8; 19
6,9,0.8434,0.66667,37; 12; 6; 9; 12; 15; 16; 9
27,42,0.55383,0.64286,4; 3; 27; 42; 31; 21; 4; 21
10,26,0.58409,0.38462,13; 21; 10; 26; 6; 14; 23; 14
9,77,0.33541,0.11688,6; 4; 9; 77; 12; 27; 21; 6
9,26,0.71043,0.34615,19; 25; 9; 26; 21; 14; 10; 17
37,48,0.75284,0.77083,4; 6; 37; 48; 13; 19; 27; 12
25,63,0.46172,0.39683,4; 3; 25; 63; 16; 17; 14; 32
19,70,0.39717,0.27143,4; 4; 19; 70; 16; 14; 19; 27
27,63,0.48272,0.42857,3; 4; 27; 63; 12; 15; 7; 21
32,42,0.67353,0.7619,5; 8; 32; 42; 3; 25; 3; 32
5,31,0.62516,0.16129,14; 20; 5; 31; 5; 15; 25; 22
11,70,0.27566,0.15714,8; 5; 11; 70; 27; 15; 6; 4
11,75,0.3015,0.14667,6; 3; 11; 75; 20; 9; 32; 26
8,10,0.80136,0.8,28; 17; 8; 10; 21; 15; 19; 32
12,31,0.47433,0.3871,5; 4; 12; 31; 6; 22; 12; 14
24,63,0.4685,0.38095,3; 5; 24; 63; 5; 6; 23; 3
25,63,0.45189,0.39683,3; 4; 25; 63; 27; 25; 7; 20
15,26,0.5686,0.57692,28; 27; 15; 26; 29; 21; 7; 32
7,10,0.79331,0.7,13; 27; 7; 10; 30; 12; 25; 18
19,26,0.59158,0.73077,15; 5; 19; 26; 7; 7; 28; 22
8,9,0.82124,0.88889,17; 27; 8; 9; 4; 26; 31; 21
9,77,0.32537,0.11688,6; 5; 9; 77; 31; 6; 4; 22
7,49,0.16201,0.14286,20; 16; 7; 49; 16; 11; 12; 8
26,64,0.4836,0.40625,3; 3; 26; 64; 29; 10; 13; 14
23,63,0.42946,0.36508,4; 6; 23; 63; 25; 6; 15; 5
14,70,0.33644,0.2,3; 6; 14; 70; 5; 23; 5; 30
14,42,0.3217,0.33333,9; 4; 14; 42; 4; 10; 3; 19
9,75,0.32212,0.12,3; 4; 9; 75; 11; 17; 9; 3
19,31,0.48169,0.6129,24; 7; 19; 31; 19; 8; 22; 10
16,70,0.39074,0.22857,4; 6; 16; 70; 16; 19; 27; 3
26,49,0.52566,0.53061,7; 9; 26; 49; 14; 24; 27; 6
11,75,0.33353,0.14667,6; 5; 11; 75; 25; 24; 4; 21
24,31,0.47008,0.77419,4; 5; 24; 31; 3; 11; 12; 17
37,42,0.687,0.88095,8; 3; 37; 42; 7; 21; 7; 6
20,26,0.67056,0.76923,22; 12; 20; 26; 13; 15; 28; 27
19,63,0.36881,0.30159,4; 4; 19; 63; 22; 5; 6; 24
35,49,0.70053,0.71429,4; 6; 35; 49; 31; 22; 16; 5
6,10,0.81921,0.6,3; 8; 6; 10; 13; 28; 6; 20
26,63,0.46386,0.4127,4; 3; 26; 63; 17; 18; 25; 31
11,64,0.25091,0.17188,11; 5; 11; 64; 29; 24; 5; 28
26,48,0.5366,0.54167,9; 3; 26; 48; 12; 21; 24; 6
14,75,0.37066,0.18667,4; 4; 14; 75; 27; 6; 19; 22
34,42,0.6502,0.80952,3; 7; 34; 42; 32; 14; 3; 27
23,63,0.43574,0.36508,6; 5; 23; 63; 3; 3; 10; 26
32,42,0.62104,0.7619,6; 4; 32; 42; 25; 23; 29; 9
5,82,0.29312,0.06098,4; 4; 5; 82; 4; 23; 23; 4
10,77,0.33129,0.12987,3; 5; 10; 77; 16; 21; 4; 15
10,31,0.61296,0.32258,22; 27; 10; 31; 23; 16; 25; 32
5,70,0.21698,0.07143,5; 5; 5; 70; 32; 24; 10; 20
9,31,0.37425,0.29032,28; 27; 9; 31; 27; 9; 10; 31
5,82,0.29364,0.06098,5; 5; 5; 82; 5; 21; 19; 22
28,31,0.49878,0.90323,9; 17; 28; 31; 16; 15; 19; 18
27,42,0.58786,0.64286,12; 11; 27; 42; 26; 13; 24; 6
5,31,0.72155,0.16129,17; 23; 5; 31; 8; 10; 27; 27
8,82,0.32831,0.09756,4; 3; 8; 82; 4; 6; 14; 16
23,53,0.43607,0.43396,4; 11; 23; 53; 22; 3; 21; 12
13,64,0.26109,0.20312,9; 9; 13; 64; 13; 25; 22; 7
8,70,0.26112,0.11429,8; 8; 8; 70; 13; 31; 13; 4
5,9,0.82424,0.55556,6; 34; 5; 9; 25; 14; 27; 28
7,64,0.17791,0.10938,4; 7; 7; 64; 9; 29; 22; 25
16,64,0.33771,0.25,5; 8; 16; 64; 19; 27; 19; 7
8,78,0.29568,0.10256,3; 6; 8; 78; 27; 28; 20; 10
30,49,0.61062,0.61224,7; 6; 30; 49; 27; 6; 22; 7
9,63,0.20179,0.14286,9; 9; 9; 63; 3; 5; 5; 16
22,63,0.44567,0.34921,6; 3; 22; 63; 6; 18; 20; 14
6,9,0.81942,0.66667,32; 23; 6; 9; 10; 12; 16; 31
25,53,0.45216,0.4717,4; 8; 25; 53; 11; 7; 20; 28
6,82,0.33397,0.07317,4; 4; 6; 82; 5; 7; 22; 13
14,53,0.25874,0.26415,11; 10; 14; 53; 20; 8; 3; 9
7,78,0.25346,0.08974,4; 3; 7; 78; 4; 6; 3; 16
16,63,0.30697,0.25397,8; 8; 16; 63; 10; 4; 3; 5
7,10,0.82062,0.7,17; 8; 7; 10; 28; 21; 3; 32
24,64,0.42707,0.375,5; 4; 24; 64; 7; 18; 28; 21
5,9,0.83226,0.55556,14; 42; 5; 9; 12; 17; 25; 11
14,75,0.35622,0.18667,3; 3; 14; 75; 19; 16; 19; 10
23,49,0.42742,0.46939,11; 9; 23; 49; 29; 7; 5; 19
34,53,0.63195,0.64151,4; 5; 34; 53; 24; 30; 17; 22
11,77,0.3751,0.14286,5; 5; 11; 77; 16; 21; 28; 10
36,42,0.66444,0.85714,7; 3; 36; 42; 19; 26; 18; 32
5,49,0.13959,0.10204,12; 6; 5; 49; 31; 14; 31; 13
7,10,0.83552,0.7,32; 33; 7; 10; 4; 16; 12; 20
25,64,0.46205,0.39062,4; 3; 25; 64; 11; 5; 29; 13
9,77,0.31703,0.11688,4; 5; 9; 77; 5; 4; 7; 22
9,10,0.79929,0.9,3; 34; 9; 10; 15; 3; 28; 16
8,64,0.22356,0.125,4; 8; 8; 64; 30; 8; 15; 19
15,64,0.30349,0.23438,9; 3; 15; 64; 24; 32; 16; 6
23,31,0.54772,0.74194,4; 14; 23; 31; 25; 19; 20; 31
5,9,0.84719,0.55556,6; 18; 5; 9; 5; 16; 4; 7
28,32,0.60114,0.875,16; 15; 28; 32; 22; 32; 9; 28
5,75,0.30851,0.06667,3; 6; 5; 75; 6; 25; 30; 7
6,77,0.24341,0.07792,7; 4; 6; 77; 7; 23; 30; 9
5,77,0.29065,0.06494,6; 5; 5; 77; 22; 20; 26; 18
6,9,0.80738,0.66667,19; 11; 6; 9; 9; 4; 21; 12
11,64,0.23761,0.17188,3; 6; 11; 64; 19; 3; 27; 10
30,48,0.5934,0.625,7; 4; 30; 48; 8; 22; 26; 5
27,53,0.49223,0.50943,9; 5; 27; 53; 21; 5; 22; 12
40,48,0.79406,0.83333,5; 3; 40; 48; 13; 27; 28; 19
16,53,0.30278,0.30189,10; 13; 16; 53; 28; 15; 13; 14
12,78,0.34634,0.15385,3; 3; 12; 78; 25; 22; 11; 32
21,49,0.46588,0.42857,14; 6; 21; 49; 23; 29; 26; 15
12,77,0.34355,0.15584,4; 3; 12; 77; 13; 20; 14; 30
37,42,0.72615,0.88095,9; 7; 37; 42; 8; 6; 3; 10
6,78,0.31785,0.07692,7; 3; 6; 78; 21; 4; 15; 22
31,48,0.60045,0.64583,5; 6; 31; 48; 20; 27; 13; 21
32,48,0.65213,0.66667,8; 7; 32; 48; 12; 13; 30; 11
12,49,0.29869,0.2449,10; 9; 12; 49; 17; 17; 7; 12
17,63,0.35236,0.26984,7; 7; 17; 63; 30; 8; 26; 7
10,70,0.26281,0.14286,7; 4; 10; 70; 12; 25; 8; 26
8,82,0.32125,0.09756,3; 4; 8; 82; 10; 13; 6; 14
21,26,0.52751,0.80769,16; 24; 21; 26; 31; 15; 14; 24
22,63,0.44736,0.34921,5; 4; 22; 63; 26; 6; 6; 31
6,10,0.82956,0.6,16; 8; 6; 10; 20; 11; 21; 32
30,53,0.56,0.56604,5; 4; 30; 53; 25; 28; 23; 8
26,64,0.43683,0.40625,3; 4; 26; 64; 21; 20; 27; 16
6,63,0.17013,0.09524,14; 8; 6; 63; 6; 19; 18; 14
17,32,0.70597,0.53125,15; 20; 17; 32; 4; 27; 23; 5
7,82,0.31422,0.08537,4; 3; 7; 82; 32; 3; 10; 7
12,77,0.35389,0.15584,4; 3; 12; 77; 21; 16; 15; 16
19,70,0.39483,0.27143,3; 4; 19; 70; 26; 15; 13; 16
13,48,0.32454,0.27083,5; 3; 13; 48; 3; 22; 23; 6
37,42,0.70544,0.88095,8; 7; 37; 42; 15; 26; 12; 14
7,9,0.81961,0.77778,29; 9; 7; 9; 30; 7; 5; 19
23,42,0.54011,0.54762,12; 15; 23; 42; 26; 22; 10; 30
6,82,0.31636,0.07317,4; 3; 6; 82; 10; 11; 19; 3
6,9,0.81922,0.66667,20; 33; 6; 9; 32; 8; 24; 29
8,77,0.32794,0.1039,3; 5; 8; 77; 23; 4; 16; 24
6,10,0.81851,0.6,23; 30; 6; 10; 11; 24; 10; 12
6,78,0.30614,0.07692,3; 5; 6; 78; 3; 20; 15; 7
9,31,0.50215,0.29032,28; 9; 9; 31; 11; 12; 23; 23
12,78,0.34537,0.15385,3; 4; 12; 78; 11; 29; 23; 29
6,75,0.29512,0.08,5; 5; 6; 75; 16; 12; 3; 21
7,9,0.82883,0.77778,41; 27; 7; 9; 14; 21; 30; 31
37,53,0.7154,0.69811,4; 4; 37; 53; 18; 27; 25; 13
7,78,0.29982,0.08974,3; 4; 7; 78; 17; 8; 27; 8
18,64,0.35137,0.28125,6; 8; 18; 64; 3; 26; 10; 27
19,63,0.37945,0.30159,8; 7; 19; 63; 3; 9; 26; 26
11,26,0.59283,0.42308,11; 7; 11; 26; 19; 3; 24; 26
5,49,0.15922,0.10204,18; 12; 5; 49; 21; 16; 25; 32
10,78,0.33812,0.12821,4; 4; 10; 78; 31; 17; 13; 20
12,49,0.26059,0.2449,13; 12; 12; 49; 26; 28; 7; 14
25,63,0.46787,0.39683,4; 4; 25; 63; 15; 5; 14; 22
7,64,0.19771,0.10938,8; 3; 7; 64; 18; 24; 12; 7
12,77,0.36711,0.15584,3; 4; 12; 77; 14; 25; 30; 21
9,10,0.81184,0.9,27; 21; 9; 10; 20; 29; 9; 14
14,32,0.69638,0.4375,18; 4; 14; 32; 17; 19; 12; 26
39,48,0.77558,0.8125,4; 5; 39; 48; 16; 3; 24; 5
15,75,0.38109,0.2,3; 3; 15; 75; 17; 15; 8; 18
18,31,0.54161,0.58065,3; 24; 18; 31; 23; 30; 11; 10
6,26,0.66449,0.23077,15; 18; 6; 26; 14; 6; 4; 24
6,82,0.31949,0.07317,5; 4; 6; 82; 11; 6; 7; 7
31,32,0.5991,0.96875,3; 3; 31; 32; 30; 12; 25; 13
12,53,0.24198,0.22642,14; 16; 12; 53; 25; 11; 24; 12
6,75,0.27892,0.08,7; 8; 6; 75; 9; 5; 28; 16
7,64,0.16342,0.10938,5; 9; 7; 64; 18; 22; 22; 32
16,70,0.35489,0.22857,5; 6; 16; 70; 18; 15; 4; 5
39,42,0.70188,0.92857,4; 4; 39; 42; 15; 5; 19; 12
22,31,0.54542,0.70968,7; 12; 22; 31; 27; 15; 6; 21
17,26,0.53613,0.65385,14; 23; 17; 26; 5; 27; 28; 21
12,77,0.34116,0.15584,4; 4; 12; 77; 18; 3; 17; 22
8,63,0.2015,0.12698,4; 4; 8; 63; 20; 10; 17; 30
11,48,0.26128,0.22917,15; 15; 11; 48; 12; 9; 5; 27
9,49,0.21453,0.18367,7; 8; 9; 49; 11; 30; 14; 24
13,77,0.37065,0.16883,3; 4; 13; 77; 25; 6; 10; 20
5,82,0.33613,0.06098,4; 3; 5; 82; 7; 17; 3; 10
5,63,0.14033,0.07937,8; 5; 5; 63; 12; 23; 29; 12
9,10,0.8113,0.9,26; 5; 9; 10; 21; 6; 6; 13
24,48,0.50741,0.5,11; 7; 24; 48; 14; 9; 29; 3
15,70,0.3667,0.21429,4; 6; 15; 70; 24; 14; 19; 8
12,78,0.3665,0.15385,4; 3; 12; 78; 19; 4; 6; 21
12,78,0.34667,0.15385,3; 4; 12; 78; 13; 3; 8; 28
17,64,0.3128,0.26562,5; 8; 17; 64; 9; 15; 12; 29
37,48,0.69722,0.77083,5; 5; 37; 48; 31; 14; 4; 5
20,64,0.39777,0.3125,5; 5; 20; 64; 4; 15; 27; 12
8,82,0.34137,0.09756,3; 3; 8; 82; 10; 11; 28; 25
14,53,0.27963,0.26415,11; 15; 14; 53; 25; 19; 19; 4
20,48,0.41594,0.41667,3; 13; 20; 48; 17; 7; 6; 17
14,32,0.50048,0.4375,13; 25; 14; 32; 20; 11; 9; 23
12,53,0.24619,0.22642,9; 9; 12; 53; 7; 29; 18; 7
28,42,0.59405,0.66667,6; 11; 28; 42; 25; 30; 15; 7
14,75,0.37306,0.18667,3; 4; 14; 75; 3; 29; 31; 28
17,31,0.46593,0.54839,19; 15; 17; 31; 4; 4; 30; 15
33,49,0.66659,0.67347,3; 5; 33; 49; 4; 11; 5; 26
9,77,0.31908,0.11688,5; 4; 9; 77; 18; 19; 32; 9
14,64,0.25916,0.21875,8; 3; 14; 64; 19; 11; 6; 12
5,9,0.82453,0.55556,18; 17; 5; 9; 11; 16; 31; 4
12,31,0.56688,0.3871,16; 4; 12; 31; 14; 6; 29; 13
6,82,0.34585,0.07317,5; 3; 6; 82; 21; 14; 32; 30
8,78,0.32811,0.10256,6; 6; 8; 78; 14; 22; 25; 27
8,70,0.22568,0.11429,7; 5; 8; 70; 5; 17; 11; 5
8,82,0.34124,0.09756,4; 4; 8; 82; 10; 8; 16; 29
7,48,0.16853,0.14583,6; 13; 7; 48; 26; 24; 16; 20
5,78,0.2929,0.0641,5; 6; 5; 78; 3; 3; 20; 30
22,64,0.40019,0.34375,4; 6; 22; 64; 18; 32; 8; 28
12,77,0.37256,0.15584,3; 3; 12; 77; 5; 32; 24; 24
18,26,0.5348,0.69231,15; 3; 18; 26; 20; 29; 4; 28
11,53,0.23261,0.20755,16; 17; 11; 53; 23; 20; 25; 21
38,42,0.73826,0.90476,9; 4; 38; 42; 20; 32; 6; 20
5,77,0.30296,0.06494,5; 3; 5; 77; 29; 32; 8; 25
30,49,0.62675,0.61224,3; 9; 30; 49; 17; 17; 6; 19
6,75,0.28971,0.08,3; 7; 6; 75; 23; 18; 11; 18
5,78,0.31213,0.0641,3; 5; 5; 78; 13; 23; 11; 24
14,31,0.56635,0.45161,23; 3; 14; 31; 23; 13; 20; 3
8,75,0.26434,0.10667,3; 4; 8; 75; 16; 16; 16; 12
7,70,0.20165,0.1,4; 7; 7; 70; 16; 26; 20; 29
13,63,0.28192,0.20635,7; 8; 13; 63; 10; 29; 29; 10
7,75,0.29495,0.09333,6; 6; 7; 75; 23; 16; 25; 30
12,78,0.34082,0.15385,4; 4; 12; 78; 25; 20; 9; 15
15,75,0.37399,0.2,4; 3; 15; 75; 16; 9; 9; 15
18,26,0.77032,0.69231,25; 5; 18; 26; 30; 29; 25; 7
22,63,0.42107,0.34921,5; 6; 22; 63; 10; 3; 16; 26
6,78,0.28015,0.07692,3; 3; 6; 78; 18; 13; 10; 13
29,32,0.61294,0.90625,13; 18; 29; 32; 32; 13; 7; 4
11,31,0.62287,0.35484,13; 15; 11; 31; 10; 32; 32; 22
6,82,0.27869,0.07317,3; 4; 6; 82; 9; 4; 14; 27
15,32,0.53294,0.46875,4; 22; 15; 32; 8; 8; 18; 29
30,48,0.62231,0.625,9; 5; 30; 48; 29; 4; 5; 31
35,49,0.6986,0.71429,3; 3; 35; 49; 7; 5; 14; 13
14,32,0.50432,0.4375,19; 14; 14; 32; 5; 21; 29; 14
12,78,0.3359,0.15385,3; 3; 12; 78; 18; 19; 5; 15
19,48,0.40716,0.39583,15; 15; 19; 48; 11; 6; 30; 23
6,75,0.2501,0.08,4; 6; 6; 75; 17; 12; 29; 32
8,75,0.28958,0.10667,5; 3; 8; 75; 9; 29; 19; 30
13,53,0.27025,0.24528,12; 14; 13; 53; 24; 29; 28; 13
8,10,0.81929,0.8,37; 28; 8; 10; 29; 26; 8; 22
14,70,0.33677,0.2,7; 6; 14; 70; 21; 7; 23; 11
18,53,0.34525,0.33962,5; 12; 18; 53; 18; 11; 20; 13
7,10,0.81285,0.7,20; 34; 7; 10; 17; 7; 19; 23
17,48,0.38232,0.35417,9; 8; 17; 48; 19; 21; 10; 26
10,32,0.68983,0.3125,4; 10; 10; 32; 22; 28; 13; 31
22,26,0.60077,0.84615,21; 6; 22; 26; 5; 17; 24; 20
9,10,0.832,0.9,35; 37; 9; 10; 28; 8; 18; 27
28,42,0.59689,0.66667,5; 4; 28; 42; 19; 9; 14; 29
16,63,0.29617,0.25397,3; 3; 16; 63; 20; 13; 16; 21
26,49,0.50551,0.53061,9; 9; 26; 49; 13; 25; 18; 16
10,77,0.34585,0.12987,3; 4; 10; 77; 13; 5; 9; 30
27,53,0.51649,0.50943,4; 4; 27; 53; 21; 26; 27; 23
20,70,0.40286,0.28571,4; 4; 20; 70; 22; 3; 7; 14
8,31,0.79485,0.25806,4; 11; 8; 31; 11; 4; 18; 19
7,82,0.35789,0.08537,3; 3; 7; 82; 19; 31; 23; 14
13,42,0.44364,0.30952,8; 9; 13; 42; 12; 11; 12; 27
17,48,0.3487,0.35417,15; 5; 17; 48; 10; 11; 4; 15
15,49,0.35188,0.30612,13; 9; 15; 49; 14; 17; 27; 8
8,10,0.81364,0.8,16; 26; 8; 10; 3; 8; 20; 19
5,32,0.48226,0.15625,8; 5; 5; 32; 8; 6; 6; 24
5,9,0.82385,0.55556,10; 12; 5; 9; 8; 14; 15; 10
9,10,0.79858,0.9,11; 20; 9; 10; 17; 5; 28; 26
21,49,0.45644,0.42857,12; 12; 21; 49; 11; 20; 20; 9
10,32,0.61332,0.3125,20; 16; 10; 32; 9; 13; 13; 21
7,70,0.20032,0.1,5; 3; 7; 70; 9; 13; 31; 16
13,77,0.36174,0.16883,4; 3; 13; 77; 31; 27; 16; 22
32,53,0.59947,0.60377,3; 6; 32; 53; 7; 21; 14; 13
16,70,0.33817,0.22857,3; 3; 16; 70; 17; 26; 27; 19
7,9,0.78687,0.77778,40; 19; 7; 9; 4; 31; 29; 8
16,64,0.34319,0.25,9; 7; 16; 64; 22; 19; 21; 19
6,77,0.25318,0.07792,3; 3; 6; 77; 20; 29; 20; 7
7,31,0.49593,0.22581,15; 29; 7; 31; 25; 17; 20; 23
6,10,0.81474,0.6,22; 29; 6; 10; 30; 5; 23; 11
7,77,0.32086,0.09091,6; 6; 7; 77; 16; 3; 5; 24
10,64,0.23867,0.15625,5; 4; 10; 64; 22; 22; 32; 5
13,77,0.34896,0.16883,3; 3; 13; 77; 3; 23; 13; 21
7,31,0.53706,0.22581,29; 24; 7; 31; 26; 6; 19; 8
27,63,0.49723,0.42857,4; 4; 27; 63; 20; 11; 11; 16
6,82,0.28634,0.07317,4; 4; 6; 82; 21; 14; 32; 22
13,63,0.28557,0.20635,9; 4; 13; 63; 19; 24; 25; 12
8,78,0.30987,0.10256,5; 5; 8; 78; 31; 14; 29; 16
14,70,0.38707,0.2,7; 3; 14; 70; 29; 11; 6; 3
16,31,0.60765,0.51613,16; 16; 16; 31; 28; 3; 31; 17
8,10,0.83896,0.8,24; 39; 8; 10; 21; 13; 24; 11
29,31,0.51283,0.93548,3; 11; 29; 31; 14; 16; 28; 13
12,77,0.36162,0.15584,4; 3; 12; 77; 9; 13; 31; 28
15,32,0.41008,0.46875,10; 11; 15; 32; 13; 27; 5; 19
12,78,0.34871,0.15385,4; 4; 12; 78; 7; 6; 12; 14
17,26,0.6502,0.65385,23; 23; 17; 26; 14; 22; 22; 32
19,42,0.44104,0.45238,13; 9; 19; 42; 9; 17; 30; 11
7,77,0.26671,0.09091,7; 3; 7; 77; 22; 26; 32; 15
26,63,0.47804,0.4127,3; 3; 26; 63; 16; 14; 19; 25
18,64,0.35444,0.28125,8; 3; 18; 64; 14; 5; 29; 17
42,48,0.80653,0.875,3; 4; 42; 48; 14; 4; 30; 6
33,48,0.66766,0.6875,5; 3; 33; 48; 20; 19; 5; 4
24,48,0.51352,0.5,9; 13; 24; 48; 27; 23; 8; 4
14,70,0.34276,0.2,3; 3; 14; 70; 16; 27; 9; 30
14,70,0.32263,0.2,7; 6; 14; 70; 13; 4; 17; 32
23,64,0.3998,0.35938,4; 3; 23; 64; 3; 22; 11; 26
25,31,0.68617,0.80645,17; 14; 25; 31; 17; 22; 22; 11
7,9,0.81891,0.77778,5; 39; 7; 9; 24; 29; 4; 30
20,48,0.44056,0.41667,13; 10; 20; 48; 18; 10; 32; 30
16,26,0.61176,0.61538,11; 24; 16; 26; 32; 11; 24; 11
8,9,0.83193,0.88889,26; 35; 8; 9; 3; 17; 28; 15
11,42,0.37413,0.2619,22; 5; 11; 42; 31; 9; 30; 11
7,9,0.80615,0.77778,27; 35; 7; 9; 3; 9; 6; 4
12,70,0.27531,0.17143,4; 4; 12; 70; 17; 11; 32; 5
23,42,0.50348,0.54762,8; 9; 23; 42; 10; 5; 18; 18
30,49,0.6002,0.61224,8; 9; 30; 49; 3; 3; 16; 14
11,26,0.74877,0.42308,19; 27; 11; 26; 28; 10; 16; 31
21,42,0.506,0.5,8; 16; 21; 42; 15; 22; 10; 30
6,31,0.35389,0.19355,28; 18; 6; 31; 5; 6; 8; 9
17,32,0.50002,0.53125,9; 3; 17; 32; 25; 31; 29; 6
6,32,0.54408,0.1875,30; 12; 6; 32; 17; 9; 4; 9
29,49,0.56629,0.59184,7; 10; 29; 49; 30; 31; 8; 3
5,9,0.80881,0.55556,23; 23; 5; 9; 15; 8; 25; 8
32,49,0.6408,0.65306,7; 8; 32; 49; 27; 9; 7; 32
10,78,0.31756,0.12821,3; 4; 10; 78; 12; 23; 32; 17
17,48,0.38467,0.35417,9; 4; 17; 48; 8; 16; 11; 11
6,78,0.23303,0.07692,3; 6; 6; 78; 27; 10; 21; 26
10,77,0.33901,0.12987,5; 5; 10; 77; 4; 4; 5; 12
34,42,0.65933,0.80952,6; 5; 34; 42; 13; 31; 19; 20
22,64,0.37235,0.34375,5; 3; 22; 64; 10; 15; 6; 6
10,70,0.27903,0.14286,7; 3; 10; 70; 23; 19; 23; 15
17,63,0.32758,0.26984,6; 5; 17; 63; 19; 4; 16; 24
6,9,0.81923,0.66667,32; 30; 6; 9; 6; 22; 31; 8
8,75,0.25421,0.10667,3; 6; 8; 75; 21; 3; 26; 26
12,48,0.26055,0.25,4; 10; 12; 48; 19; 20; 15; 20
42,48,0.79555,0.875,4; 4; 42; 48; 29; 6; 6; 22
8,82,0.38922,0.09756,4; 3; 8; 82; 27; 13; 5; 21
9,75,0.28738,0.12,3; 7; 9; 75; 20; 10; 9; 14
13,75,0.33885,0.17333,4; 4; 13; 75; 4; 29; 23; 20
7,31,0.57737,0.22581,24; 15; 7; 31; 5; 27; 14; 23
7,82,0.34648,0.08537,3; 3; 7; 82; 22; 4; 29; 32
14,26,0.53315,0.53846,21; 8; 14; 26; 31; 16; 15; 24
8,9,0.81657,0.88889,20; 35; 8; 9; 12; 13; 16; 5
6,9,0.82098,0.66667,34; 35; 6; 9; 10; 26; 19; 4
14,32,0.46718,0.4375,25; 4; 14; 32; 29; 4; 12; 4
16,48,0.34356,0.33333,12; 8; 16; 48; 6; 8; 24; 28
29,32,0.634,0.90625,13; 15; 29; 32; 11; 9; 32; 10
18,26,0.64341,0.69231,14; 12; 18; 26; 21; 14; 7; 21
20,49,0.41684,0.40816,9; 8; 20; 49; 20; 15; 13; 11
8,10,0.82322,0.8,17; 15; 8; 10; 27; 20; 13; 19
28,31,0.53277,0.90323,4; 17; 28; 31; 12; 23; 23; 15
12,77,0.36685,0.15584,3; 4; 12; 77; 10; 11; 28; 30
27,31,0.57284,0.87097,16; 5; 27; 31; 14; 7; 9; 11
11,32,0.74873,0.34375,15; 21; 11; 32; 15; 4; 4; 21
6,53,0.14455,0.11321,9; 7; 6; 53; 32; 28; 30; 5
9,77,0.29523,0.11688,5; 6; 9; 77; 27; 20; 12; 18
27,42,0.60894,0.64286,14; 5; 27; 42; 11; 24; 5; 3
37,42,0.69363,0.88095,6; 9; 37; 42; 17; 16; 31; 5
10,42,0.31414,0.2381,7; 10; 10; 42; 16; 15; 9; 22
8,49,0.21537,0.16327,12; 9; 8; 49; 23; 12; 25; 9
7,9,0.81376,0.77778,21; 37; 7; 9; 4; 17; 26; 30
12,70,0.31952,0.17143,3; 4; 12; 70; 13; 22; 10; 5
5,75,0.25806,0.06667,3; 6; 5; 75; 25; 8; 14; 23
19,70,0.41149,0.27143,3; 4; 19; 70; 19; 11; 30; 12
9,10,0.8138,0.9,27; 20; 9; 10; 29; 14; 23; 3
6,82,0.32249,0.07317,5; 4; 6; 82; 24; 4; 30; 29
11,77,0.31785,0.14286,4; 4; 11; 77; 22; 26; 11; 9
20,53,0.41682,0.37736,6; 9; 20; 53; 8; 15; 8; 22
7,10,0.81434,0.7,4; 32; 7; 10; 30; 5; 21; 22
6,77,0.29136,0.07792,6; 3; 6; 77; 16; 27; 14; 30
13,53,0.28461,0.24528,9; 12; 13; 53; 30; 10; 24; 5
14,49,0.32378,0.28571,11; 10; 14; 49; 16; 6; 19; 26
6,9,0.83312,0.66667,23; 11; 6; 9; 4; 4; 23; 19
8,10,0.81931,0.8,12; 23; 8; 10; 24; 28; 17; 17
8,82,0.33221,0.09756,4; 3; 8; 82; 5; 11; 29; 14
35,49,0.67896,0.71429,7; 6; 35; 49; 11; 10; 18; 14
11,75,0.32013,0.14667,3; 5; 11; 75; 16; 14; 6; 7
10,26,0.57116,0.38462,18; 23; 10; 26; 18; 18; 28; 5
8,77,0.25587,0.1039,4; 5; 8; 77; 28; 13; 3; 31
32,53,0.61502,0.60377,3; 6; 32; 53; 17; 19; 11; 16
5,64,0.15298,0.07812,5; 12; 5; 64; 5; 8; 29; 12
12,49,0.25245,0.2449,4; 9; 12; 49; 17; 24; 9; 9
8,9,0.80746,0.88889,21; 19; 8; 9; 5; 4; 15; 26
16,42,0.38245,0.38095,13; 20; 16; 42; 29; 17; 27; 6
7,63,0.19708,0.11111,3; 7; 7; 63; 6; 28; 11; 17
7,10,0.79975,0.7,6; 18; 7; 10; 4; 18; 3; 31
7,78,0.2796,0.08974,3; 5; 7; 78; 5; 15; 12; 7
6,49,0.13445,0.12245,6; 13; 6; 49; 23; 19; 24; 4
5,78,0.23715,0.0641,6; 6; 5; 78; 5; 27; 23; 7
8,78,0.27961,0.10256,6; 3; 8; 78; 19; 27; 20; 5
11,42,0.37749,0.2619,5; 13; 11; 42; 13; 5; 11; 5
24,64,0.42256,0.375,4; 5; 24; 64; 28; 13; 15; 21
30,48,0.61441,0.625,8; 3; 30; 48; 9; 28; 31; 21
13,32,0.43725,0.40625,16; 7; 13; 32; 23; 22; 27; 4
9,10,0.78039,0.9,12; 37; 9; 10; 31; 25; 6; 19
9,10,0.80955,0.9,24; 36; 9; 10; 8; 4; 31; 32
21,32,0.48861,0.65625,9; 17; 21; 32; 18; 6; 26; 19
14,75,0.35609,0.18667,4; 3; 14; 75; 7; 23; 30; 6
9,10,0.76349,0.9,16; 20; 9; 10; 26; 17; 17; 27
17,53,0.32853,0.32075,5; 11; 17; 53; 21; 26; 31; 18
13,64,0.28391,0.20312,6; 3; 13; 64; 16; 18; 9; 30
26,63,0.45197,0.4127,3; 3; 26; 63; 25; 10; 11; 6
5,78,0.30906,0.0641,4; 4; 5; 78; 19; 22; 27; 20
11,42,0.32205,0.2619,9; 7; 11; 42; 12; 3; 4; 12
5,82,0.33155,0.06098,4; 3; 5; 82; 17; 4; 21; 5
8,78,0.29203,0.10256,3; 5; 8; 78; 30; 20; 19; 13
40,48,0.81045,0.83333,3; 5; 40; 48; 23; 11; 21; 3
7,82,0.28949,0.08537,4; 4; 7; 82; 6; 11; 14; 10
31,53,0.58853,0.58491,7; 5; 31; 53; 17; 27; 28; 8
7,77,0.34247,0.09091,3; 7; 7; 77; 27; 21; 13; 12
34,42,0.73253,0.80952,11; 6; 34; 42; 5; 9; 13; 6
8,26,0.70112,0.30769,9; 24; 8; 26; 21; 4; 8; 9
8,32,0.71409,0.25,7; 23; 8; 32; 17; 28; 15; 25
20,70,0.43789,0.28571,4; 3; 20; 70; 14; 5; 3; 6
16,31,0.49271,0.51613,3; 6; 16; 31; 10; 27; 17; 17
7,9,0.8391,0.77778,9; 29; 7; 9; 5; 9; 10; 20
25,42,0.52323,0.59524,6; 4; 25; 42; 9; 5; 7; 18
34,53,0.62764,0.64151,4; 4; 34; 53; 26; 32; 19; 12
7,82,0.39489,0.08537,3; 4; 7; 82; 4; 6; 5; 31
7,82,0.31209,0.08537,3; 3; 7; 82; 9; 8; 14; 20
11,78,0.3844,0.14103,3; 3; 11; 78; 18; 22; 28; 28
5,82,0.27882,0.06098,4; 5; 5; 82; 9; 11; 10; 28
7,10,0.80314,0.7,15; 11; 7; 10; 13; 28; 19; 29
16,64,0.35757,0.25,5; 3; 16; 64; 25; 6; 19; 3
7,10,0.84536,0.7,26; 32; 7; 10; 32; 25; 4; 11
10,75,0.308,0.13333,4; 6; 10; 75; 27; 29; 25; 7
8,10,0.74969,0.8,22; 30; 8; 10; 28; 12; 22; 7
8,82,0.39475,0.09756,4; 3; 8; 82; 24; 32; 4; 5
23,63,0.42654,0.36508,5; 5; 23; 63; 21; 6; 15; 5
20,48,0.37738,0.41667,4; 6; 20; 48; 28; 27; 12; 10
36,53,0.68194,0.67925,4; 4; 36; 53; 14; 21; 3; 5
5,48,0.20713,0.10417,5; 19; 5; 48; 17; 5; 12; 29
32,49,0.63351,0.65306,6; 6; 32; 49; 20; 25; 20; 14
29,32,0.53323,0.90625,16; 10; 29; 32; 7; 15; 21; 31
18,64,0.3439,0.28125,8; 8; 18; 64; 32; 7; 19; 7
11,70,0.28802,0.15714,8; 7; 11; 70; 8; 13; 24; 5
5,9,0.82208,0.55556,18; 40; 5; 9; 27; 3; 18; 12
36,48,0.72633,0.75,7; 7; 36; 48; 19; 32; 7; 16
9,78,0.31974,0.11538,5; 4; 9; 78; 14; 21; 14; 28
11,75,0.33768,0.14667,3; 4; 11; 75; 21; 15; 28; 9
10,77,0.32514,0.12987,3; 4; 10; 77; 4; 14; 13; 10
10,70,0.28698,0.14286,6; 9; 10; 70; 27; 14; 31; 3
8,82,0.33075,0.09756,3; 3; 8; 82; 7; 14; 20; 28
11,75,0.3524,0.14667,3; 4; 11; 75; 29; 19; 16; 30
22,32,0.57077,0.6875,13; 8; 22; 32; 17; 23; 30; 11
11,70,0.24758,0.15714,3; 4; 11; 70; 23; 19; 4; 27
25,49,0.51057,0.5102,5; 8; 25; 49; 17; 15; 5; 18
26,31,0.57095,0.83871,16; 7; 26; 31; 15; 24; 18; 18
18,70,0.3898,0.25714,3; 5; 18; 70; 24; 17; 22; 29
6,77,0.312,0.07792,7; 5; 6; 77; 22; 12; 7; 11
6,10,0.82389,0.6,39; 24; 6; 10; 31; 5; 28; 26
8,70,0.22825,0.11429,10; 3; 8; 70; 3; 28; 16; 18
12,78,0.3225,0.15385,4; 4; 12; 78; 12; 5; 8; 14
21,32,0.52889,0.65625,16; 10; 21; 32; 22; 4; 7; 29
8,10,0.80645,0.8,32; 13; 8; 10; 15; 23; 7; 8
21,42,0.42497,0.5,9; 17; 21; 42; 14; 8; 21; 26
11,77,0.34104,0.14286,5; 5; 11; 77; 15; 18; 6; 32
28,48,0.5547,0.58333,9; 11; 28; 48; 24; 25; 18; 21
8,10,0.79683,0.8,7; 24; 8; 10; 19; 12; 11; 13
6,75,0.24984,0.08,8; 4; 6; 75; 24; 8; 15; 18
8,9,0.81993,0.88889,25; 3; 8; 9; 26; 23; 8; 25
19,32,0.48342,0.59375,18; 18; 19; 32; 12; 15; 21; 15
9,10,0.78241,0.9,27; 32; 9; 10; 13; 3; 27; 23
28,42,0.58152,0.66667,6; 10; 28; 42; 17; 22; 32; 19
15,31,0.63843,0.48387,20; 25; 15; 31; 19; 4; 27; 4
21,49,0.44429,0.42857,3; 14; 21; 49; 3; 31; 17; 14
5,78,0.3002,0.0641,5; 7; 5; 78; 27; 4; 4; 14
8,31,0.56355,0.25806,24; 9; 8; 31; 15; 30; 23; 9
25,49,0.51123,0.5102,4; 8; 25; 49; 30; 19; 5; 4
34,49,0.68567,0.69388,7; 6; 34; 49; 5; 10; 6; 29
29,53,0.54052,0.54717,5; 8; 29; 53; 14; 6; 29; 25
11,32,0.56415,0.34375,24; 7; 11; 32; 19; 28; 3; 13
5,63,0.18371,0.07937,12; 15; 5; 63; 28; 31; 17; 4
6,70,0.20455,0.08571,4; 9; 6; 70; 18; 26; 24; 6
23,63,0.42597,0.36508,5; 5; 23; 63; 9; 28; 21; 11
19,64,0.38474,0.29688,5; 4; 19; 64; 17; 22; 19; 22
12,53,0.23067,0.22642,7; 6; 12; 53; 4; 10; 22; 5
8,82,0.31361,0.09756,3; 4; 8; 82; 10; 29; 25; 18
30,32,0.60635,0.9375,3; 18; 30; 32; 5; 16; 29; 17
7,82,0.36527,0.08537,4; 4; 7; 82; 20; 17; 27; 17
33,49,0.65522,0.67347,4; 7; 33; 49; 7; 7; 7; 11
5,53,0.14609,0.09434,6; 13; 5; 53; 26; 15; 8; 23
10,75,0.30343,0.13333,6; 5; 10; 75; 7; 30; 16; 17
13,77,0.36407,0.16883,4; 4; 13; 77; 11; 20; 30; 7
16,49,0.35772,0.32653,7; 16; 16; 49; 18; 12; 3; 31
19,64,0.36528,0.29688,6; 3; 19; 64; 20; 6; 23; 9
41,49,0.8269,0.83673,4; 3; 41; 49; 25; 17; 4; 15
40,49,0.7799,0.81633,3; 4; 40; 49; 23; 11; 14; 17
19,63,0.41277,0.30159,5; 4; 19; 63; 3; 10; 21; 14
6,77,0.28665,0.07792,4; 5; 6; 77; 30; 20; 13; 6
25,63,0.4505,0.39683,4; 5; 25; 63; 18; 32; 15; 23
8,64,0.1968,0.125,4; 7; 8; 64; 4; 30; 21; 24
6,32,0.65153,0.1875,15; 14; 6; 32; 5; 30; 16; 12
9,77,0.34958,0.11688,3; 3; 9; 77; 30; 8; 24; 30
17,64,0.37173,0.26562,3; 6; 17; 64; 9; 25; 16; 15
23,26,0.50002,0.88462,8; 16; 23; 26; 5; 8; 29; 14
15,32,0.63509,0.46875,3; 22; 15; 32; 17; 14; 29; 22
5,77,0.30127,0.06494,6; 4; 5; 77; 16; 20; 16; 12
11,26,0.67948,0.42308,7; 22; 11; 26; 15; 12; 16; 8
20,70,0.41119,0.28571,3; 3; 20; 70; 30; 20; 19; 6
12,78,0.36025,0.15385,3; 4; 12; 78; 22; 24; 30; 12
12,49,0.26639,0.2449,8; 16; 12; 49; 28; 15; 21; 23
6,10,0.79802,0.6,15; 12; 6; 10; 18; 18; 4; 12
10,70,0.31292,0.14286,7; 5; 10; 70; 29; 20; 7; 10
18,64,0.36579,0.28125,7; 3; 18; 64; 23; 23; 7; 28
9,78,0.32626,0.11538,3; 4; 9; 78; 27; 28; 32; 7
8,82,0.36001,0.09756,4; 3; 8; 82; 29; 24; 28; 11
7,82,0.30426,0.08537,4; 4; 7; 82; 28; 7; 23; 27
27,32,0.65586,0.84375,13; 5; 27; 32; 3; 6; 9; 25
10,26,0.59974,0.38462,5; 20; 10; 26; 17; 3; 15; 21
24,32,0.60188,0.75,17; 13; 24; 32; 27; 12; 5; 13
8,31,0.691,0.25806,14; 17; 8; 31; 22; 30; 31; 3
29,32,0.5386,0.90625,15; 10; 29; 32; 9; 22; 8; 25
38,48,0.72176,0.79167,3; 3; 38; 48; 11; 29; 7; 7
11,75,0.30718,0.14667,3; 3; 11; 75; 28; 15; 31; 16
34,53,0.61667,0.64151,5; 5; 34; 53; 11; 7; 6; 10
12,78,0.34278,0.15385,4; 4; 12; 78; 3; 7; 3; 13
28,53,0.51986,0.5283,5; 4; 28; 53; 19; 24; 22; 27
7,49,0.13635,0.14286,10; 9; 7; 49; 11; 29; 20; 9
5,75,0.25718,0.06667,6; 9; 5; 75; 13; 19; 29; 3
18,32,0.54151,0.5625,18; 22; 18; 32; 26; 27; 6; 32
20,64,0.374,0.3125,5; 5; 20; 64; 6; 3; 27; 9
14,64,0.26142,0.21875,4; 4; 14; 64; 9; 24; 25; 20
12,26,0.58183,0.46154,7; 17; 12; 26; 16; 12; 25; 19
30,31,0.54221,0.96774,16; 4; 30; 31; 28; 7; 6; 31
11,49,0.25241,0.22449,15; 10; 11; 49; 25; 11; 28; 7
19,70,0.43436,0.27143,4; 3; 19; 70; 20; 8; 8; 11
8,42,0.40969,0.19048,8; 6; 8; 42; 5; 4; 29; 31
14,48,0.29156,0.29167,9; 3; 14; 48; 11; 10; 4; 6
20,53,0.40263,0.37736,3; 3; 20; 53; 5; 28; 28; 6
11,42,0.2897,0.2619,15; 8; 11; 42; 12; 9; 9; 16
14,63,0.29028,0.22222,8; 8; 14; 63; 18; 31; 4; 26
21,63,0.39403,0.33333,3; 4; 21; 63; 15; 25; 21; 24
25,49,0.50752,0.5102,9; 7; 25; 49; 6; 16; 19; 14
9,75,0.29677,0.12,7; 7; 9; 75; 17; 18; 9; 10
25,63,0.46561,0.39683,4; 3; 25; 63; 26; 14; 25; 26
6,10,0.84365,0.6,21; 37; 6; 10; 28; 7; 25; 10
24,32,0.5942,0.75,4; 21; 24; 32; 29; 11; 25; 27
5,63,0.15639,0.07937,11; 12; 5; 63; 19; 6; 18; 10
9,77,0.32891,0.11688,3; 3; 9; 77; 31; 9; 7; 25
16,53,0.32949,0.30189,3; 13; 16; 53; 17; 14; 5; 10
23,31,0.54891,0.74194,21; 3; 23; 31; 21; 21; 26; 25
6,75,0.29339,0.08,3; 8; 6; 75; 3; 6; 23; 27
7,9,0.80573,0.77778,22; 10; 7; 9; 16; 26; 32; 13
30,49,0.6056,0.61224,7; 8; 30; 49; 20; 25; 8; 3
21,32,0.42014,0.65625,20; 5; 21; 32; 31; 21; 5; 21
15,32,0.64029,0.46875,7; 21; 15; 32; 10; 24; 13; 17
22,26,0.62896,0.84615,18; 14; 22; 26; 28; 29; 13; 7
22,64,0.44553,0.34375,3; 6; 22; 64; 24; 7; 6; 10
7,77,0.2548,0.09091,3; 6; 7; 77; 6; 11; 7; 22
27,49,0.54309,0.55102,8; 8; 27; 49; 27; 29; 6; 11
7,77,0.29171,0.09091,3; 3; 7; 77; 14; 12; 25; 6
23,63,0.42707,0.36508,4; 4; 23; 63; 14; 17; 26; 11
5,78,0.31291,0.0641,4; 5; 5; 78; 23; 8; 28; 8
36,42,0.65902,0.85714,10; 5; 36; 42; 26; 3; 23; 12
6,64,0.18045,0.09375,5; 14; 6; 64; 20; 16; 8; 27
8,78,0.34427,0.10256,3; 5; 8; 78; 30; 26; 13; 13
5,10,0.7858,0.5,12; 16; 5; 10; 20; 10; 32; 22
6,10,0.82869,0.6,38; 36; 6; 10; 20; 28; 7; 25
5,82,0.34811,0.06098,4; 5; 5; 82; 29; 17; 14; 4
25,31,0.54214,0.80645,3; 14; 25; 31; 14; 17; 12; 21
5,77,0.30235,0.06494,8; 7; 5; 77; 26; 29; 29; 4
15,31,0.55658,0.48387,20; 21; 15; 31; 8; 32; 11; 14
20,49,0.39189,0.40816,13; 7; 20; 49; 17; 26; 26; 3
17,26,0.68173,0.65385,14; 10; 17; 26; 6; 7; 16; 30
10,64,0.21098,0.15625,9; 5; 10; 64; 13; 9; 29; 16
10,53,0.21972,0.18868,9; 11; 10; 53; 3; 31; 25; 7
32,42,0.63147,0.7619,10; 10; 32; 42; 29; 6; 23; 10
29,53,0.56802,0.54717,6; 6; 29; 53; 6; 17; 23; 9
20,53,0.39636,0.37736,7; 3; 20; 53; 11; 19; 9; 16
14,64,0.29163,0.21875,9; 8; 14; 64; 14; 29; 31; 18
11,31,0.77086,0.35484,4; 9; 11; 31; 24; 14; 28; 13
6,49,0.13588,0.12245,20; 5; 6; 49; 21; 15; 10; 31
5,77,0.29719,0.06494,8; 4; 5; 77; 22; 28; 19; 20
21,48,0.45369,0.4375,11; 4; 21; 48; 24; 26; 9; 20
22,32,0.55508,0.6875,16; 10; 22; 32; 19; 31; 5; 25
11,75,0.36298,0.14667,6; 3; 11; 75; 19; 24; 17; 10
6,78,0.30793,0.07692,7; 4; 6; 78; 6; 25; 12; 15
6,9,0.81868,0.66667,7; 24; 6; 9; 16; 20; 29; 4
9,75,0.32758,0.12,6; 4; 9; 75; 23; 19; 16; 18
19,70,0.39996,0.27143,3; 4; 19; 70; 7; 4; 28; 12
5,32,0.64651,0.15625,6; 9; 5; 32; 3; 6; 32; 9
7,9,0.814,0.77778,10; 19; 7; 9; 20; 23; 19; 4
26,32,0.52193,0.8125,6; 11; 26; 32; 23; 17; 21; 20
14,48,0.32641,0.29167,18; 9; 14; 48; 11; 7; 13; 18
8,10,0.7912,0.8,21; 38; 8; 10; 9; 10; 16; 6
9,48,0.21058,0.1875,15; 6; 9; 48; 30; 9; 20; 21
7,82,0.37254,0.08537,4; 4; 7; 82; 4; 20; 27; 31
12,53,0.24517,0.22642,16; 8; 12; 53; 19; 20; 15; 24
6,77,0.3177,0.07792,7; 5; 6; 77; 28; 16; 13; 32
20,64,0.3971,0.3125,7; 4; 20; 64; 10; 18; 14; 15
41,49,0.78653,0.83673,3; 3; 41; 49; 23; 12; 11; 27
5,75,0.28628,0.06667,9; 9; 5; 75; 30; 27; 3; 11
6,9,0.81983,0.66667,3; 17; 6; 9; 12; 6; 6; 15
6,9,0.82661,0.66667,17; 9; 6; 9; 30; 19; 3; 29
34,42,0.6227,0.80952,11; 10; 34; 42; 7; 21; 31; 15
5,75,0.28437,0.06667,3; 9; 5; 75; 23; 12; 8; 11
24,63,0.42281,0.38095,4; 4; 24; 63; 23; 14; 23; 19
8,78,0.28575,0.10256,4; 5; 8; 78; 21; 16; 13; 25
27,49,0.54798,0.55102,5; 4; 27; 49; 28; 25; 28; 12
5,77,0.28158,0.06494,6; 3; 5; 77; 4; 17; 17; 25
33,48,0.64842,0.6875,3; 3; 33; 48; 20; 29; 5; 11
8,82,0.35042,0.09756,3; 4; 8; 82; 24; 20; 13; 19
16,48,0.34812,0.33333,5; 7; 16; 48; 17; 31; 8; 12
18,48,0.36453,0.375,8; 8; 18; 48; 7; 12; 4; 11
7,64,0.15591,0.10938,12; 10; 7; 64; 17; 20; 11; 9
18,64,0.36918,0.28125,7; 3; 18; 64; 15; 15; 26; 6
9,77,0.29833,0.11688,6; 5; 9; 77; 31; 15; 27; 9
5,42,0.18513,0.11905,8; 16; 5; 42; 11; 5; 15; 27
12,75,0.30588,0.16,4; 5; 12; 75; 23; 21; 12; 18
8,10,0.82403,0.8,25; 10; 8; 10; 29; 29; 26; 7
17,49,0.36852,0.34694,5; 9; 17; 49; 6; 12; 5; 16
7,53,0.1511,0.13208,13; 16; 7; 53; 21; 20; 8; 28
12,77,0.37782,0.15584,3; 3; 12; 77; 31; 5; 5; 28
16,32,0.53173,0.5,12; 5; 16; 32; 14; 16; 15; 14
12,53,0.27749,0.22642,6; 13; 12; 53; 5; 32; 17; 29
16,53,0.3282,0.30189,9; 11; 16; 53; 31; 8; 29; 19
5,82,0.35773,0.06098,3; 3; 5; 82; 20; 6; 28; 15
7,63,0.16863,0.11111,9; 11; 7; 63; 17; 30; 25; 9
5,9,0.81952,0.55556,10; 10; 5; 9; 28; 13; 24; 3
20,26,0.59521,0.76923,11; 17; 20; 26; 27; 11; 14; 27
24,53,0.44389,0.45283,10; 10; 24; 53; 32; 32; 24; 8
5,82,0.28616,0.06098,5; 5; 5; 82; 20; 3; 22; 26
8,42,0.33508,0.19048,17; 20; 8; 42; 26; 15; 7; 8
7,82,0.31405,0.08537,3; 3; 7; 82; 28; 20; 28; 6
10,26,0.61943,0.38462,9; 12; 10; 26; 22; 21; 18; 31
17,42,0.38851,0.40476,17; 14; 17; 42; 23; 6; 26; 12
17,31,0.4593,0.54839,22; 12; 17; 31; 9; 12; 22; 8
22,32,0.43317,0.6875,13; 15; 22; 32; 26; 11; 12; 3
9,26,0.58713,0.34615,16; 23; 9; 26; 15; 27; 23; 9
13,77,0.36086,0.16883,4; 4; 13; 77; 16; 21; 10; 3
21,49,0.42909,0.42857,7; 7; 21; 49; 8; 3; 25; 27
8,32,0.7299,0.25,27; 4; 8; 32; 12; 27; 16; 7
29,48,0.56267,0.60417,7; 5; 29; 48; 8; 4; 21; 13
9,77,0.31595,0.11688,4; 4; 9; 77; 30; 14; 4; 22
11,77,0.3577,0.14286,4; 4; 11; 77; 13; 24; 26; 14
7,82,0.37941,0.08537,4; 3; 7; 82; 12; 19; 25; 27
12,78,0.36248,0.15385,4; 3; 12; 78; 27; 21; 29; 14
37,49,0.72126,0.7551,4; 5; 37; 49; 12; 25; 3; 26
7,26,0.56542,0.26923,13; 24; 7; 26; 3; 17; 11; 4
5,77,0.2426,0.06494,4; 4; 5; 77; 28; 18; 30; 12
15,26,0.65691,0.57692,11; 6; 15; 26; 20; 16; 12; 23
29,32,0.62329,0.90625,16; 4; 29; 32; 10; 18; 12; 16
8,31,0.78702,0.25806,26; 27; 8; 31; 8; 4; 7; 14
19,63,0.3873,0.30159,3; 3; 19; 63; 31; 29; 25; 12
11,78,0.33166,0.14103,4; 4; 11; 78; 3; 25; 16; 19
23,64,0.43326,0.35938,5; 4; 23; 64; 31; 29; 24; 8
19,70,0.41361,0.27143,4; 3; 19; 70; 25; 30; 29; 10
12,78,0.36015,0.15385,4; 3; 12; 78; 30; 18; 7; 29
14,26,0.71604,0.53846,20; 11; 14; 26; 13; 18; 3; 8
37,48,0.72678,0.77083,4; 3; 37; 48; 6; 10; 26; 21
5,78,0.33121,0.0641,7; 6; 5; 78; 6; 25; 9; 27
27,32,0.48498,0.84375,9; 9; 27; 32; 4; 20; 8; 3
18,31,0.58093,0.58065,10; 15; 18; 31; 14; 20; 21; 4
13,70,0.29646,0.18571,3; 7; 13; 70; 14; 9; 4; 16
8,10,0.79456,0.8,38; 38; 8; 10; 23; 7; 7; 8
34,42,0.63121,0.80952,8; 8; 34; 42; 16; 24; 12; 31
6,64,0.17606,0.09375,5; 9; 6; 64; 4; 29; 28; 18
11,75,0.32849,0.14667,3; 6; 11; 75; 21; 16; 30; 19
10,64,0.23075,0.15625,7; 5; 10; 64; 11; 20; 28; 21
12,63,0.26018,0.19048,5; 5; 12; 63; 4; 30; 10; 19
7,10,0.82907,0.7,9; 28; 7; 10; 28; 29; 5; 4
19,63,0.39297,0.30159,6; 5; 19; 63; 18; 15; 12; 8
5,10,0.81822,0.5,26; 10; 5; 10; 7; 12; 15; 5
12,78,0.36188,0.15385,3; 3; 12; 78; 14; 18; 5; 7
19,63,0.31921,0.30159,7; 7; 19; 63; 32; 24; 10; 16
7,82,0.31581,0.08537,4; 4; 7; 82; 3; 23; 10; 31
8,9,0.81094,0.88889,40; 38; 8; 9; 18; 31; 28; 15
8,9,0.81529,0.88889,14; 12; 8; 9; 4; 3; 6; 7
18,63,0.36978,0.28571,3; 6; 18; 63; 21; 15; 15; 7
8,9,0.82461,0.88889,5; 37; 8; 9; 6; 3; 24; 12
40,48,0.75167,0.83333,5; 4; 40; 48; 27; 22; 12; 13
10,48,0.21001,0.20833,10; 4; 10; 48; 24; 20; 19; 20
9,10,0.82215,0.9,6; 37; 9; 10; 13; 30; 16; 8
20,26,0.70424,0.76923,17; 11; 20; 26; 4; 17; 8; 13
12,77,0.35992,0.15584,3; 4; 12; 77; 29; 10; 14; 31
17,53,0.35749,0.32075,12; 6; 17; 53; 13; 32; 29; 23
7,9,0.81633,0.77778,9; 16; 7; 9; 24; 3; 25; 23
8,64,0.18596,0.125,8; 10; 8; 64; 11; 4; 16; 12
5,42,0.28117,0.11905,17; 22; 5; 42; 28; 14; 28; 15
7,9,0.8135,0.77778,15; 40; 7; 9; 3; 12; 3; 11
10,49,0.2446,0.20408,5; 6; 10; 49; 18; 12; 7; 3
11,78,0.38568,0.14103,3; 4; 11; 78; 19; 24; 22; 19
13,32,0.388,0.40625,3; 8; 13; 32; 7; 19; 29; 18
22,49,0.47257,0.44898,6; 9; 22; 49; 3; 13; 32; 13
10,63,0.23149,0.15873,10; 8; 10; 63; 15; 6; 31; 28
8,10,0.76777,0.8,18; 29; 8; 10; 10; 30; 12; 19
13,49,0.29219,0.26531,3; 7; 13; 49; 26; 14; 26; 30
10,63,0.23261,0.15873,9; 11; 10; 63; 27; 3; 20; 7
25,26,0.5472,0.96154,16; 11; 25; 26; 9; 7; 30; 24
20,26,0.71967,0.76923,5; 5; 20; 26; 3; 30; 23; 26
6,78,0.27776,0.07692,6; 6; 6; 78; 19; 20; 4; 24
19,70,0.38974,0.27143,3; 4; 19; 70; 21; 4; 7; 21
17,48,0.37749,0.35417,14; 6; 17; 48; 19; 17; 28; 12
13,70,0.31035,0.18571,4; 7; 13; 70; 7; 20; 15; 14
20,63,0.3825,0.31746,7; 5; 20; 63; 14; 30; 11; 15
19,70,0.43387,0.27143,3; 4; 19; 70; 14; 11; 13; 16
9,10,0.80267,0.9,6; 33; 9; 10; 25; 6; 30; 27
12,78,0.36289,0.15385,4; 3; 12; 78; 15; 6; 30; 31
9,32,0.77717,0.28125,26; 5; 9; 32; 6; 21; 3; 5
15,75,0.39565,0.2,3; 4; 15; 75; 3; 31; 12; 29
23,26,0.61525,0.88462,11; 23; 23; 26; 9; 14; 30; 14
10,70,0.24313,0.14286,6; 6; 10; 70; 26; 7; 22; 28
15,63,0.3028,0.2381,3; 9; 15; 63; 24; 8; 28; 7
9,10,0.81076,0.9,26; 19; 9; 10; 27; 30; 17; 3
11,49,0.27783,0.22449,12; 12; 11; 49; 12; 25; 27; 5
16,31,0.45234,0.51613,19; 18; 16; 31; 12; 23; 30; 29
6,77,0.3146,0.07792,4; 5; 6; 77; 4; 27; 28; 25
25,63,0.4427,0.39683,3; 5; 25; 63; 12; 14; 27; 10
8,9,0.83317,0.88889,13; 20; 8; 9; 18; 26; 7; 28
21,53,0.42067,0.39623,12; 9; 21; 53; 6; 16; 9; 30
22,26,0.54723,0.84615,22; 19; 22; 26; 12; 10; 11; 19
39,49,0.772,0.79592,5; 3; 39; 49; 28; 20; 21; 17
6,9,0.8244,0.66667,25; 7; 6; 9; 13; 11; 6; 13
9,31,0.68839,0.29032,7; 23; 9; 31; 29; 32; 21; 4
27,53,0.53232,0.50943,9; 8; 27; 53; 20; 4; 14; 24
8,63,0.21031,0.12698,8; 8; 8; 63; 23; 30; 14; 9
5,77,0.23043,0.06494,6; 3; 5; 77; 9; 10; 12; 27
7,32,0.77773,0.21875,22; 6; 7; 32; 20; 28; 31; 4
20,53,0.39243,0.37736,7; 4; 20; 53; 8; 17; 8; 9
9,78,0.32792,0.11538,4; 4; 9; 78; 7; 4; 8; 9
22,64,0.41757,0.34375,6; 6; 22; 64; 11; 19; 26; 28
13,31,0.65467,0.41935,13; 12; 13; 31; 20; 12; 9; 5
8,78,0.30338,0.10256,6; 6; 8; 78; 14; 11; 25; 27
15,75,0.36546,0.2,3; 4; 15; 75; 31; 10; 6; 6
6,82,0.30632,0.07317,4; 4; 6; 82; 12; 7; 13; 14
8,82,0.36667,0.09756,4; 4; 8; 82; 14; 13; 13; 4
25,31,0.56913,0.80645,21; 21; 25; 31; 12; 31; 25; 27
29,32,0.60044,0.90625,4; 6; 29; 32; 14; 22; 23; 19
7,9,0.8311,0.77778,28; 31; 7; 9; 14; 5; 24; 32
25,42,0.56832,0.59524,8; 7; 25; 42; 26; 15; 11; 11
18,26,0.55939,0.69231,14; 14; 18; 26; 24; 26; 30; 7
10,26,0.62387,0.38462,9; 9; 10; 26; 32; 27; 29; 9
17,31,0.55862,0.54839,23; 4; 17; 31; 6; 29; 21; 12
19,64,0.38593,0.29688,3; 7; 19; 64; 8; 20; 26; 30
23,53,0.42539,0.43396,3; 9; 23; 53; 6; 24; 26; 21
15,26,0.63554,0.57692,6; 4; 15; 26; 12; 5; 16; 12
7,10,0.81708,0.7,19; 35; 7; 10; 23; 25; 30; 12
7,10,0.79497,0.7,30; 34; 7; 10; 12; 3; 9; 25
25,26,0.54075,0.96154,9; 11; 25; 26; 4; 13; 16; 25
11,26,0.5222,0.42308,4; 9; 11; 26; 25; 8; 23; 21
15,32,0.45739,0.46875,4; 19; 15; 32; 6; 25; 31; 29
5,77,0.32569,0.06494,4; 8; 5; 77; 10; 19; 16; 17
5,32,0.55633,0.15625,4; 7; 5; 32; 16; 15; 32; 26
26,49,0.51984,0.53061,8; 6; 26; 49; 27; 29; 3; 24
7,9,0.81234,0.77778,12; 32; 7; 9; 8; 25; 12; 27
5,42,0.23791,0.11905,4; 25; 5; 42; 8; 17; 11; 19
27,42,0.59654,0.64286,12; 3; 27; 42; 12; 18; 15; 6
18,32,0.57904,0.5625,22; 9; 18; 32; 23; 5; 28; 19
19,32,0.72409,0.59375,11; 14; 19; 32; 9; 3; 23; 30
6,9,0.82334,0.66667,28; 5; 6; 9; 12; 21; 29; 20
37,42,0.70295,0.88095,3; 3; 37; 42; 20; 9; 13; 4
20,70,0.41796,0.28571,4; 3; 20; 70; 25; 18; 19; 32
7,10,0.78772,0.7,25; 16; 7; 10; 15; 28; 26; 11
7,82,0.35263,0.08537,4; 3; 7; 82; 3; 27; 20; 3
31,32,0.60889,0.96875,4; 13; 31; 32; 16; 4; 6; 24
7,9,0.81771,0.77778,29; 31; 7; 9; 3; 11; 23; 11
24,63,0.46758,0.38095,3; 3; 24; 63; 7; 12; 16; 20
24,63,0.42855,0.38095,5; 4; 24; 63; 24; 25; 3; 6
8,26,0.56865,0.30769,11; 8; 8; 26; 21; 31; 27; 5
8,82,0.33391,0.09756,3; 3; 8; 82; 26; 7; 6; 4
16,64,0.33932,0.25,6; 5; 16; 64; 30; 17; 13; 17
31,53,0.56061,0.58491,5; 4; 31; 53; 3; 32; 30; 20
7,9,0.82349,0.77778,17; 17; 7; 9; 29; 14; 11; 10
8,78,0.27713,0.10256,5; 4; 8; 78; 31; 7; 12; 17
11,78,0.35592,0.14103,4; 3; 11; 78; 7; 27; 24; 10
30,42,0.59648,0.71429,12; 6; 30; 42; 29; 24; 4; 28
8,31,0.68973,0.25806,17; 10; 8; 31; 28; 17; 19; 3
6,10,0.80151,0.6,25; 29; 6; 10; 16; 11; 31; 7
8,82,0.34977,0.09756,4; 4; 8; 82; 32; 4; 19; 26
8,64,0.20315,0.125,9; 8; 8; 64; 13; 14; 9; 22
22,26,0.64093,0.84615,16; 19; 22; 26; 9; 11; 11; 27
5,82,0.28652,0.06098,4; 3; 5; 82; 18; 25; 11; 14
8,10,0.82554,0.8,31; 23; 8; 10; 24; 16; 27; 11
12,77,0.36997,0.15584,3; 4; 12; 77; 15; 15; 19; 16
32,49,0.62073,0.65306,7; 3; 32; 49; 23; 17; 18; 13
6,82,0.29301,0.07317,3; 4; 6; 82; 31; 13; 4; 17
7,82,0.31126,0.08537,3; 3; 7; 82; 11; 16; 24; 3
34,48,0.67634,0.70833,8; 6; 34; 48; 22; 25; 7; 11
9,64,0.22314,0.14062,5; 7; 9; 64; 6; 19; 17; 11
10,32,0.56669,0.3125,24; 24; 10; 32; 18; 20; 16; 24
13,26,0.63709,0.5,12; 13; 13; 26; 4; 28; 12; 8
6,10,0.83034,0.6,28; 4; 6; 10; 4; 15; 6; 12
6,78,0.33006,0.07692,5; 5; 6; 78; 5; 25; 23; 25
7,75,0.26329,0.09333,7; 3; 7; 75; 5; 25; 12; 12
24,53,0.46295,0.45283,5; 5; 24; 53; 21; 26; 12; 15
12,75,0.3242,0.16,4; 4; 12; 75; 6; 24; 4; 12
5,10,0.79945,0.5,16; 33; 5; 10; 5; 13; 10; 28
24,31,0.6957,0.77419,18; 14; 24; 31; 32; 23; 13; 20
13,53,0.26109,0.24528,5; 6; 13; 53; 19; 16; 17; 22
15,53,0.318,0.28302,12; 4; 15; 53; 21; 5; 3; 31
12,77,0.38112,0.15584,4; 3; 12; 77; 4; 19; 25; 21
21,49,0.43522,0.42857,11; 3; 21; 49; 7; 18; 17; 21
20,31,0.54592,0.64516,3; 15; 20; 31; 9; 25; 10; 23
24,42,0.50512,0.57143,3; 14; 24; 42; 10; 11; 28; 31
19,49,0.37838,0.38776,12; 5; 19; 49; 23; 20; 8; 15
13,77,0.36763,0.16883,4; 3; 13; 77; 14; 24; 7; 14
7,9,0.83695,0.77778,8; 17; 7; 9; 32; 23; 5; 30
10,26,0.78422,0.38462,3; 15; 10; 26; 3; 12; 4; 5
40,49,0.80988,0.81633,3; 4; 40; 49; 21; 10; 13; 28
22,64,0.4209,0.34375,4; 4; 22; 64; 25; 11; 7; 8
8,82,0.35567,0.09756,4; 3; 8; 82; 16; 24; 18; 22
8,10,0.82189,0.8,8; 34; 8; 10; 12; 18; 7; 7
7,78,0.28411,0.08974,3; 6; 7; 78; 10; 8; 18; 7
16,32,0.78249,0.5,11; 7; 16; 32; 17; 23; 11; 24
12,78,0.36574,0.15385,4; 4; 12; 78; 3; 24; 5; 26
9,75,0.28447,0.12,3; 6; 9; 75; 22; 15; 11; 4
15,32,0.47566,0.46875,7; 13; 15; 32; 24; 8; 4; 9
7,63,0.17095,0.11111,10; 6; 7; 63; 11; 22; 15; 25
8,9,0.81205,0.88889,39; 6; 8; 9; 20; 16; 6; 17
5,9,0.8002,0.55556,16; 11; 5; 9; 7; 7; 24; 9
9,10,0.80115,0.9,15; 5; 9; 10; 21; 5; 18; 14
17,26,0.49799,0.65385,10; 18; 17; 26; 28; 8; 16; 3
24,26,0.41823,0.92308,16; 16; 24; 26; 17; 28; 4; 21
24,53,0.43999,0.45283,7; 7; 24; 53; 30; 8; 25; 15
19,70,0.38182,0.27143,4; 3; 19; 70; 21; 4; 21; 17
21,26,0.47158,0.80769,21; 8; 21; 26; 20; 13; 16; 11
25,53,0.44156,0.4717,10; 7; 25; 53; 32; 28; 20; 17
5,77,0.26796,0.06494,7; 4; 5; 77; 21; 5; 5; 27
6,9,0.81481,0.66667,32; 41; 6; 9; 10; 3; 25; 7
11,70,0.26717,0.15714,6; 4; 11; 70; 18; 9; 11; 26
20,42,0.43403,0.47619,14; 9; 20; 42; 8; 29; 14; 10
38,42,0.72215,0.90476,5; 9; 38; 42; 24; 14; 20; 28
27,63,0.49617,0.42857,3; 4; 27; 63; 25; 11; 11; 7
15,63,0.324,0.2381,8; 4; 15; 63; 29; 25; 21; 16
5,70,0.21435,0.07143,6; 3; 5; 70; 20; 26; 3; 14
28,32,0.63925,0.875,3; 12; 28; 32; 17; 22; 8; 26
16,63,0.31012,0.25397,9; 3; 16; 63; 31; 21; 30; 4
7,82,0.32089,0.08537,3; 3; 7; 82; 7; 30; 8; 26
41,48,0.83419,0.85417,3; 4; 41; 48; 31; 14; 18; 14
6,9,0.83707,0.66667,5; 34; 6; 9; 12; 28; 15; 17
13,77,0.33486,0.16883,3; 4; 13; 77; 17; 4; 28; 15
13,70,0.30617,0.18571,6; 3; 13; 70; 14; 9; 21; 3
9,64,0.17818,0.14062,10; 10; 9; 64; 8; 20; 22; 18
26,42,0.5414,0.61905,8; 4; 26; 42; 9; 15; 18; 4
9,75,0.246,0.12,7; 4; 9; 75; 21; 25; 13; 28
15,26,0.62597,0.57692,13; 25; 15; 26; 28; 3; 9; 28
16,70,0.3507,0.22857,4; 4; 16; 70; 23; 24; 24; 15
11,32,0.55727,0.34375,13; 8; 11; 32; 4; 15; 24; 24
5,70,0.2411,0.07143,5; 3; 5; 70; 22; 9; 4; 13
9,10,0.82971,0.9,4; 39; 9; 10; 5; 16; 24; 23
7,10,0.80703,0.7,14; 8; 7; 10; 22; 7; 23; 7
24,48,0.48942,0.5,12; 9; 24; 48; 23; 23; 30; 21
8,9,0.82585,0.88889,14; 22; 8; 9; 30; 25; 11; 4
24,26,0.48627,0.92308,11; 3; 24; 26; 21; 21; 6; 6
12,75,0.33378,0.16,5; 4; 12; 75; 24; 8; 31; 31
14,70,0.33974,0.2,6; 4; 14; 70; 28; 21; 25; 14
8,82,0.33965,0.09756,3; 3; 8; 82; 9; 21; 12; 19
14,53,0.29399,0.26415,15; 14; 14; 53; 32; 32; 7; 24
7,10,0.83239,0.7,35; 31; 7; 10; 24; 8; 10; 22
15,49,0.32224,0.30612,9; 8; 15; 49; 23; 13; 10; 31
8,9,0.82386,0.88889,6; 11; 8; 9; 9; 32; 22; 28
29,31,0.62034,0.93548,17; 11; 29; 31; 24; 31; 12; 28
6,9,0.81782,0.66667,30; 10; 6; 9; 20; 10; 16; 9
17,63,0.35087,0.26984,4; 4; 17; 63; 27; 11; 14; 24
27,63,0.48054,0.42857,3; 3; 27; 63; 26; 4; 15; 7
13,75,0.33678,0.17333,4; 5; 13; 75; 4; 12; 8; 11
6,10,0.8043,0.6,12; 37; 6; 10; 4; 28; 27; 28
7,75,0.29258,0.09333,7; 5; 7; 75; 18; 3; 16; 29
8,82,0.35241,0.09756,4; 4; 8; 82; 30; 15; 4; 9
23,32,0.55351,0.71875,6; 15; 23; 32; 12; 8; 27; 31
6,75,0.28067,0.08,7; 7; 6; 75; 6; 22; 24; 16
18,70,0.3832,0.25714,5; 3; 18; 70; 24; 31; 14; 5
12,63,0.28342,0.19048,8; 10; 12; 63; 8; 13; 31; 29
12,31,0.527,0.3871,20; 14; 12; 31; 26; 6; 30; 12
9,64,0.2104,0.14062,4; 4; 9; 64; 20; 19; 4; 11
7,53,0.14266,0.13208,18; 16; 7; 53; 31; 21; 7; 7
28,49,0.5323,0.57143,5; 5; 28; 49; 18; 10; 11; 23
17,26,0.6098,0.65385,19; 6; 17; 26; 23; 7; 17; 14
11,32,0.75029,0.34375,13; 10; 11; 32; 20; 21; 14; 28
25,32,0.56064,0.78125,9; 16; 25; 32; 12; 31; 7; 20
15,53,0.31083,0.28302,5; 15; 15; 53; 17; 10; 30; 24
17,49,0.32933,0.34694,9; 12; 17; 49; 4; 18; 27; 24
8,31,0.79722,0.25806,4; 27; 8; 31; 20; 12; 22; 24
6,10,0.82122,0.6,9; 21; 6; 10; 24; 11; 8; 30
5,82,0.2871,0.06098,5; 3; 5; 82; 29; 17; 23; 20
17,26,0.56644,0.65385,23; 12; 17; 26; 26; 18; 6; 7
9,49,0.20431,0.18367,11; 16; 9; 49; 16; 22; 26; 25
22,64,0.41781,0.34375,6; 4; 22; 64; 22; 17; 16; 25
6,10,0.83192,0.6,18; 16; 6; 10; 22; 15; 21; 24
11,78,0.35634,0.14103,4; 3; 11; 78; 27; 21; 20; 11
22,48,0.43196,0.45833,9; 13; 22; 48; 10; 9; 27; 32
6,9,0.83214,0.66667,20; 39; 6; 9; 11; 22; 9; 14
6,77,0.30385,0.07792,6; 3; 6; 77; 4; 23; 7; 18
34,49,0.68614,0.69388,3; 6; 34; 49; 23; 15; 24; 4
36,42,0.64872,0.85714,9; 4; 36; 42; 19; 9; 19; 27
24,42,0.53558,0.57143,8; 15; 24; 42; 10; 3; 16; 16
34,49,0.69128,0.69388,7; 7; 34; 49; 17; 27; 15; 3
7,9,0.84014,0.77778,29; 34; 7; 9; 18; 20; 7; 18
5,9,0.81506,0.55556,4; 24; 5; 9; 25; 20; 31; 19
5,82,0.29321,0.06098,4; 4; 5; 82; 28; 28; 17; 16
39,42,0.69842,0.92857,6; 7; 39; 42; 9; 16; 15; 24
18,70,0.39172,0.25714,5; 4; 18; 70; 3; 30; 10; 25
8,9,0.82015,0.88889,19; 31; 8; 9; 29; 23; 6; 27
7,78,0.26098,0.08974,3; 3; 7; 78; 18; 13; 8; 26
13,48,0.28131,0.27083,18; 4; 13; 48; 21; 27; 12; 11
6,26,0.78401,0.23077,30; 11; 6; 26; 22; 6; 32; 4
17,31,0.52566,0.54839,21; 13; 17; 31; 9; 30; 6; 18
34,53,0.64359,0.64151,4; 4; 34; 53; 5; 8; 31; 11
9,77,0.26626,0.11688,4; 4; 9; 77; 7; 10; 11; 20
9,77,0.32314,0.11688,6; 5; 9; 77; 8; 16; 31; 10
10,77,0.34425,0.12987,4; 3; 10; 77; 8; 15; 28; 23
8,10,0.79031,0.8,34; 9; 8; 10; 7; 27; 15; 12
11,78,0.32735,0.14103,4; 3; 11; 78; 13; 21; 4; 3
19,70,0.4066,0.27143,3; 3; 19; 70; 5; 4; 32; 32
37,49,0.74722,0.7551,4; 6; 37; 49; 19; 3; 28; 30
13,32,0.43952,0.40625,8; 10; 13; 32; 11; 8; 3; 19
15,63,0.29519,0.2381,3; 9; 15; 63; 29; 7; 8; 22
7,64,0.16347,0.10938,10; 9; 7; 64; 8; 23; 10; 19
5,9,0.82797,0.55556,10; 33; 5; 9; 8; 30; 21; 4
31,48,0.62489,0.64583,6; 4; 31; 48; 9; 20; 19; 29
10,78,0.33793,0.12821,5; 3; 10; 78; 22; 5; 9; 12
27,31,0.53765,0.87097,16; 18; 27; 31; 30; 10; 29; 10
9,77,0.32175,0.11688,6; 5; 9; 77; 8; 4; 21; 21
36,42,0.67042,0.85714,6; 9; 36; 42; 28; 31; 19; 12
7,63,0.18116,0.11111,5; 10; 7; 63; 18; 11; 12; 11
8,53,0.1638,0.15094,18; 18; 8; 53; 25; 32; 19; 19
8,78,0.28343,0.10256,4; 5; 8; 78; 28; 7; 12; 10
6,82,0.32142,0.07317,4; 3; 6; 82; 19; 7; 4; 8
10,63,0.23217,0.15873,5; 4; 10; 63; 24; 24; 28; 18
11,70,0.25805,0.15714,5; 8; 11; 70; 23; 8; 25; 32
19,26,0.52942,0.73077,3; 11; 19; 26; 24; 16; 24; 23
7,10,0.8143,0.7,36; 20; 7; 10; 17; 11; 18; 17
7,82,0.33713,0.08537,4; 3; 7; 82; 26; 27; 7; 29
20,49,0.42723,0.40816,9; 7; 20; 49; 13; 17; 32; 3
41,48,0.81068,0.85417,3; 4; 41; 48; 26; 13; 28; 26
6,78,0.24835,0.07692,3; 4; 6; 78; 16; 13; 3; 22
7,63,0.20162,0.11111,5; 8; 7; 63; 6; 3; 5; 15
14,42,0.37792,0.33333,13; 5; 14; 42; 3; 24; 21; 22
25,63,0.4501,0.39683,5; 4; 25; 63; 21; 5; 14; 29
8,10,0.8381,0.8,25; 5; 8; 10; 6; 16; 17; 4
7,75,0.23935,0.09333,5; 5; 7; 75; 29; 12; 8; 28
13,63,0.27381,0.20635,9; 5; 13; 63; 5; 17; 17; 16
12,78,0.35784,0.15385,3; 3; 12; 78; 8; 11; 6; 10
32,48,0.6383,0.66667,4; 6; 32; 48; 23; 14; 11; 3
20,32,0.63112,0.625,20; 3; 20; 32; 17; 11; 15; 13
37,49,0.72049,0.7551,3; 3; 37; 49; 16; 16; 6; 32
8,82,0.35221,0.09756,3; 3; 8; 82; 14; 17; 8; 4
25,42,0.53766,0.59524,3; 3; 25; 42; 11; 12; 31; 8
12,75,0.32642,0.16,3; 5; 12; 75; 5; 6; 30; 22
6,75,0.23246,0.08,5; 6; 6; 75; 3; 27; 22; 29
33,48,0.66876,0.6875,3; 7; 33; 48; 19; 25; 29; 8
22,26,0.54602,0.84615,10; 12; 22; 26; 23; 13; 16; 25
33,49,0.66454,0.67347,5; 3; 33; 49; 30; 17; 26; 9
23,32,0.4405,0.71875,16; 19; 23; 32; 31; 23; 29; 4
17,48,0.35764,0.35417,9; 4; 17; 48; 27; 12; 4; 12
7,82,0.35798,0.08537,3; 3; 7; 82; 3; 12; 29; 30
14,32,0.72403,0.4375,21; 11; 14; 32; 20; 19; 7; 32
6,26,0.76143,0.23077,18; 13; 6; 26; 11; 10; 30; 24
7,26,0.65238,0.26923,21; 24; 7; 26; 4; 17; 32; 24
7,82,0.32812,0.08537,4; 4; 7; 82; 3; 8; 8; 13
5,82,0.29586,0.06098,5; 5; 5; 82; 23; 10; 32; 19
10,63,0.21467,0.15873,11; 9; 10; 63; 3; 11; 16; 24
24,63,0.45128,0.38095,3; 3; 24; 63; 31; 26; 9; 14
5,9,0.81768,0.55556,4; 32; 5; 9; 32; 29; 9; 13
9,31,0.55668,0.29032,29; 21; 9; 31; 8; 16; 9; 11
10,75,0.30514,0.13333,3; 5; 10; 75; 10; 23; 30; 23
5,75,0.19757,0.06667,8; 8; 5; 75; 31; 8; 8; 27
7,10,0.80663,0.7,21; 35; 7; 10; 18; 26; 15; 3
12,75,0.31082,0.16,4; 5; 12; 75; 30; 14; 16; 5
5,78,0.28699,0.0641,6; 6; 5; 78; 14; 14; 11; 5
6,9,0.81571,0.66667,9; 18; 6; 9; 8; 13; 30; 5
21,64,0.42352,0.32812,3; 6; 21; 64; 25; 24; 8; 25
8,49,0.21022,0.16327,10; 5; 8; 49; 8; 16; 6; 8
7,64,0.15846,0.10938,11; 8; 7; 64; 4; 8; 16; 17
7,9,0.81089,0.77778,26; 14; 7; 9; 12; 31; 17; 15
10,42,0.32287,0.2381,9; 21; 10; 42; 5; 13; 19; 20
5,9,0.81304,0.55556,25; 24; 5; 9; 5; 32; 10; 5
10,63,0.23091,0.15873,12; 4; 10; 63; 28; 3; 4; 24
21,64,0.41594,0.32812,3; 6; 21; 64; 8; 8; 27; 15
35,48,0.68865,0.72917,3; 7; 35; 48; 29; 8; 32; 15
21,49,0.42662,0.42857,4; 10; 21; 49; 20; 11; 32; 28
29,53,0.5388,0.54717,7; 8; 29; 53; 22; 3; 12; 11
13,77,0.32881,0.16883,3; 4; 13; 77; 9; 17; 25; 31
11,49,0.24516,0.22449,14; 12; 11; 49; 24; 26; 32; 5
10,48,0.27085,0.20833,3; 18; 10; 48; 17; 17; 4; 24
11,63,0.21385,0.1746,8; 11; 11; 63; 14; 23; 23; 23
8,10,0.77441,0.8,23; 32; 8; 10; 29; 28; 30; 5
11,75,0.33744,0.14667,6; 4; 11; 75; 21; 8; 24; 27
8,26,0.698,0.30769,3; 15; 8; 26; 31; 25; 5; 20
12,26,0.75646,0.46154,8; 21; 12; 26; 16; 16; 19; 4
8,9,0.82563,0.88889,30; 29; 8; 9; 4; 22; 10; 20
27,63,0.4788,0.42857,4; 3; 27; 63; 20; 28; 10; 16
11,78,0.36671,0.14103,4; 4; 11; 78; 18; 21; 24; 7
22,32,0.48277,0.6875,7; 13; 22; 32; 11; 32; 11; 23
21,53,0.39533,0.39623,11; 4; 21; 53; 14; 26; 21; 15
19,48,0.40368,0.39583,12; 8; 19; 48; 10; 3; 24; 11
5,9,0.80146,0.55556,15; 18; 5; 9; 13; 23; 8; 8
6,26,0.69089,0.23077,26; 23; 6; 26; 29; 32; 8; 12
42,48,0.82962,0.875,3; 4; 42; 48; 22; 27; 5; 26
6,77,0.23531,0.07792,6; 5; 6; 77; 11; 30; 25; 9
8,77,0.26558,0.1039,3; 4; 8; 77; 11; 6; 23; 16
9,48,0.2141,0.1875,3; 20; 9; 48; 10; 29; 32; 22
14,31,0.48881,0.45161,9; 22; 14; 31; 5; 7; 4; 12
11,53,0.25488,0.20755,6; 10; 11; 53; 7; 25; 22; 14
12,75,0.34795,0.16,5; 3; 12; 75; 24; 31; 7; 7
6,9,0.82222,0.66667,4; 35; 6; 9; 26; 3; 11; 16
17,63,0.35274,0.26984,7; 4; 17; 63; 15; 13; 17; 3
7,77,0.24424,0.09091,6; 5; 7; 77; 17; 16; 32; 21
5,82,0.31247,0.06098,3; 4; 5; 82; 27; 32; 6; 8
21,64,0.39926,0.32812,6; 4; 21; 64; 5; 25; 31; 10
22,63,0.40291,0.34921,5; 4; 22; 63; 18; 12; 16; 30
32,42,0.62577,0.7619,7; 4; 32; 42; 16; 12; 29; 11
8,10,0.81051,0.8,5; 19; 8; 10; 8; 16; 28; 26
9,10,0.79303,0.9,3; 7; 9; 10; 26; 26; 23; 13
5,78,0.31028,0.0641,5; 6; 5; 78; 16; 28; 16; 28
6,77,0.26223,0.07792,5; 3; 6; 77; 30; 12; 15; 30
9,75,0.27309,0.12,6; 3; 9; 75; 4; 20; 10; 32
7,10,0.82342,0.7,7; 21; 7; 10; 9; 32; 3; 16
5,9,0.81345,0.55556,15; 22; 5; 9; 8; 23; 24; 25
8,26,0.62557,0.30769,13; 18; 8; 26; 24; 8; 18; 13
40,48,0.7869,0.83333,5; 5; 40; 48; 14; 6; 15; 14
12,48,0.29887,0.25,5; 9; 12; 48; 3; 20; 27; 8
20,49,0.38744,0.40816,9; 4; 20; 49; 20; 18; 27; 3
11,63,0.23692,0.1746,3; 6; 11; 63; 29; 12; 11; 26
5,77,0.29361,0.06494,3; 8; 5; 77; 19; 29; 14; 16
15,63,0.28442,0.2381,4; 10; 15; 63; 30; 20; 14; 6
16,26,0.5868,0.61538,20; 17; 16; 26; 8; 31; 29; 8
8,9,0.79244,0.88889,36; 31; 8; 9; 14; 19; 25; 28
26,32,0.45941,0.8125,13; 16; 26; 32; 10; 14; 8; 5
7,82,0.38344,0.08537,3; 4; 7; 82; 20; 28; 9; 10
12,78,0.34697,0.15385,3; 4; 12; 78; 18; 20; 21; 13
24,63,0.46751,0.38095,3; 5; 24; 63; 13; 9; 13; 12
5,9,0.82284,0.55556,13; 32; 5; 9; 13; 20; 16; 11
8,82,0.38807,0.09756,3; 4; 8; 82; 23; 16; 18; 5
10,78,0.33658,0.12821,4; 4; 10; 78; 14; 30; 26; 22
29,42,0.61143,0.69048,9; 7; 29; 42; 16; 10; 26; 11
11,32,0.75471,0.34375,16; 5; 11; 32; 30; 3; 21; 5
8,10,0.80282,0.8,20; 36; 8; 10; 21; 30; 8; 3
11,26,0.71536,0.42308,3; 22; 11; 26; 28; 5; 27; 23
30,32,0.64181,0.9375,6; 7; 30; 32; 30; 24; 31; 5
10,26,0.53666,0.38462,14; 7; 10; 26; 14; 23; 23; 10
7,9,0.82113,0.77778,9; 34; 7; 9; 11; 6; 29; 12
36,48,0.73322,0.75,6; 6; 36; 48; 14; 8; 11; 7
37,53,0.6854,0.69811,4; 3; 37; 53; 11; 28; 3; 31
7,78,0.28593,0.08974,3; 4; 7; 78; 31; 10; 20; 11
8,78,0.27424,0.10256,3; 5; 8; 78; 28; 4; 29; 7
21,64,0.41585,0.32812,4; 6; 21; 64; 23; 3; 25; 4
17,53,0.33831,0.32075,5; 10; 17; 53; 17; 27; 26; 22
11,49,0.22636,0.22449,12; 4; 11; 49; 16; 12; 10; 5
14,75,0.36721,0.18667,4; 3; 14; 75; 29; 15; 21; 18
13,63,0.27948,0.20635,10; 3; 13; 63; 8; 12; 26; 9
19,53,0.37672,0.35849,6; 8; 19; 53; 4; 12; 6; 6
5,9,0.83038,0.55556,19; 33; 5; 9; 3; 24; 7; 18
9,78,0.32038,0.11538,5; 3; 9; 78; 9; 17; 28; 23
8,78,0.30924,0.10256,3; 6; 8; 78; 3; 19; 31; 16
6,82,0.34117,0.07317,3; 5; 6; 82; 5; 5; 20; 23
19,70,0.39734,0.27143,4; 4; 19; 70; 13; 11; 11; 13
21,31,0.57965,0.67742,5; 19; 21; 31; 6; 20; 17; 32
15,75,0.39166,0.2,4; 4; 15; 75; 13; 28; 6; 25
12,70,0.29637,0.17143,7; 8; 12; 70; 5; 13; 7; 5
6,10,0.76843,0.6,22; 25; 6; 10; 18; 31; 5; 4
7,77,0.32216,0.09091,5; 5; 7; 77; 8; 21; 3; 9
7,78,0.25332,0.08974,4; 6; 7; 78; 11; 7; 17; 8
16,48,0.35118,0.33333,14; 5; 16; 48; 3; 31; 28; 5
26,32,0.57613,0.8125,12; 8; 26; 32; 18; 20; 8; 26
6,82,0.28914,0.07317,5; 3; 6; 82; 3; 26; 32; 6
27,63,0.48853,0.42857,3; 3; 27; 63; 21; 19; 15; 12
19,70,0.4156,0.27143,4; 4; 19; 70; 4; 8; 25; 6
27,48,0.52256,0.5625,10; 9; 27; 48; 23; 19; 15; 24
5,82,0.27569,0.06098,3; 4; 5; 82; 9; 6; 21; 21
29,32,0.64711,0.90625,15; 14; 29; 32; 6; 18; 6; 4
23,26,0.54272,0.88462,18; 20; 23; 26; 13; 6; 26; 8
10,78,0.35151,0.12821,5; 5; 10; 78; 13; 27; 20; 26
18,70,0.40488,0.25714,3; 4; 18; 70; 5; 27; 22; 12
11,63,0.23576,0.1746,8; 5; 11; 63; 16; 11; 16; 11
16,32,0.54362,0.5,6; 23; 16; 32; 10; 15; 12; 31
6,82,0.29994,0.07317,3; 4; 6; 82; 24; 9; 23; 9
18,63,0.35329,0.28571,8; 4; 18; 63; 32; 24; 9; 8
18,26,0.72403,0.69231,24; 14; 18; 26; 19; 3; 21; 21
27,32,0.58835,0.84375,4; 7; 27; 32; 29; 7; 3; 17
9,63,0.18649,0.14286,3; 11; 9; 63; 20; 21; 24; 19
27,49,0.52196,0.55102,11; 7; 27; 49; 17; 6; 7; 3
18,64,0.36887,0.28125,6; 3; 18; 64; 18; 32; 24; 18
11,70,0.28434,0.15714,5; 8; 11; 70; 6; 31; 16; 5
7,42,0.20058,0.16667,23; 10; 7; 42; 19; 13; 27; 30
7,26,0.77947,0.26923,13; 18; 7; 26; 6; 3; 14; 12
30,48,0.59422,0.625,4; 9; 30; 48; 14; 29; 24; 28
40,42,0.70839,0.95238,5; 5; 40; 42; 19; 17; 29; 19
6,70,0.23489,0.08571,7; 8; 6; 70; 19; 9; 5; 19
15,49,0.35212,0.30612,7; 15; 15; 49; 6; 7; 10; 6
6,9,0.83583,0.66667,34; 20; 6; 9; 4; 7; 29; 11
13,26,0.49245,0.5,15; 16; 13; 26; 18; 11; 5; 3
7,82,0.36785,0.08537,4; 3; 7; 82; 21; 5; 15; 31
5,63,0.15813,0.07937,10; 8; 5; 63; 6; 18; 9; 4
16,48,0.35336,0.33333,15; 4; 16; 48; 6; 5; 9; 22
12,42,0.30494,0.28571,19; 22; 12; 42; 15; 15; 11; 29
12,77,0.34997,0.15584,4; 3; 12; 77; 15; 8; 20; 23
6,63,0.15496,0.09524,11; 7; 6; 63; 15; 23; 22; 9
5,77,0.282,0.06494,3; 3; 5; 77; 25; 6; 7; 12
29,31,0.64542,0.93548,17; 9; 29; 31; 28; 26; 4; 11
5,42,0.26696,0.11905,11; 6; 5; 42; 11; 32; 28; 15
5,10,0.81236,0.5,32; 33; 5; 10; 24; 10; 12; 15
18,26,0.77513,0.69231,14; 20; 18; 26; 19; 32; 12; 21
12,78,0.35773,0.15385,4; 3; 12; 78; 28; 27; 5; 9
10,75,0.33228,0.13333,5; 6; 10; 75; 29; 9; 30; 4
9,49,0.23833,0.18367,8; 6; 9; 49; 15; 15; 12; 18
15,53,0.2656,0.28302,6; 8; 15; 53; 22; 20; 11; 16
14,32,0.57507,0.4375,6; 21; 14; 32; 3; 12; 13; 10
8,9,0.83205,0.88889,33; 37; 8; 9; 28; 22; 29; 10
37,48,0.74482,0.77083,4; 3; 37; 48; 5; 27; 17; 26
5,82,0.28671,0.06098,5; 3; 5; 82; 19; 30; 31; 16
17,63,0.33417,0.26984,9; 6; 17; 63; 19; 8; 25; 5
5,10,0.80875,0.5,7; 14; 5; 10; 7; 17; 5; 24
5,9,0.81716,0.55556,18; 5; 5; 9; 16; 22; 13; 4
7,31,0.69782,0.22581,21; 11; 7; 31; 21; 3; 9; 18
8,70,0.24766,0.11429,6; 8; 8; 70; 31; 23; 9; 32
12,53,0.26992,0.22642,11; 13; 12; 53; 21; 7; 13; 21
7,9,0.82184,0.77778,23; 35; 7; 9; 20; 19; 6; 21
30,42,0.59268,0.71429,7; 9; 30; 42; 14; 5; 26; 20
24,49,0.4805,0.4898,6; 4; 24; 49; 7; 24; 29; 11
10,78,0.353,0.12821,5; 3; 10; 78; 17; 25; 4; 24
15,49,0.30155,0.30612,9; 13; 15; 49; 29; 26; 6; 21
7,82,0.35417,0.08537,3; 4; 7; 82; 12; 27; 14; 18
5,53,0.16029,0.09434,11; 7; 5; 53; 30; 15; 12; 8
7,53,0.1349,0.13208,4; 18; 7; 53; 20; 17; 4; 4
5,10,0.82639,0.5,29; 33; 5; 10; 24; 9; 11; 28
39,48,0.78373,0.8125,3; 5; 39; 48; 4; 19; 32; 16
10,77,0.35319,0.12987,4; 4; 10; 77; 10; 7; 16; 30
6,82,0.33143,0.07317,5; 5; 6; 82; 16; 18; 11; 11
5,32,0.63425,0.15625,5; 5; 5; 32; 27; 4; 14; 12
17,31,0.54193,0.54839,22; 5; 17; 31; 22; 5; 25; 26
5,31,0.60552,0.16129,13; 3; 5; 31; 10; 7; 10; 21
19,63,0.36856,0.30159,6; 4; 19; 63; 21; 8; 11; 20
6,75,0.2808,0.08,8; 3; 6; 75; 12; 21; 12; 16
10,77,0.31336,0.12987,5; 3; 10; 77; 18; 14; 3; 11
14,70,0.3693,0.2,5; 5; 14; 70; 18; 32; 29; 18
5,78,0.28332,0.0641,7; 7; 5; 78; 16; 8; 18; 20
6,10,0.82758,0.6,32; 5; 6; 10; 18; 14; 15; 11
5,70,0.1824,0.07143,5; 9; 5; 70; 6; 18; 29; 6
11,70,0.27711,0.15714,6; 5; 11; 70; 27; 20; 8; 21
12,77,0.34374,0.15584,3; 3; 12; 77; 6; 23; 8; 17
12,78,0.37375,0.15385,3; 3; 12; 78; 8; 14; 24; 28
6,9,0.82484,0.66667,11; 26; 6; 9; 29; 17; 30; 10
32,42,0.62273,0.7619,6; 10; 32; 42; 4; 25; 32; 3
5,9,0.84172,0.55556,29; 17; 5; 9; 11; 24; 25; 19
9,78,0.32498,0.11538,5; 5; 9; 78; 13; 13; 6; 31
8,53,0.15669,0.15094,5; 9; 8; 53; 32; 25; 3; 22
13,49,0.30795,0.26531,17; 5; 13; 49; 28; 8; 22; 26
7,78,0.30013,0.08974,6; 5; 7; 78; 8; 5; 19; 27
7,75,0.30001,0.09333,8; 4; 7; 75; 32; 18; 21; 25
11,64,0.24485,0.17188,7; 6; 11; 64; 20; 18; 22; 23
39,42,0.72632,0.92857,3; 6; 39; 42; 10; 14; 14; 30
14,75,0.33002,0.18667,3; 4; 14; 75; 32; 26; 23; 9
18,64,0.32769,0.28125,7; 7; 18; 64; 7; 21; 6; 11
26,63,0.47509,0.4127,3; 3; 26; 63; 9; 10; 11; 31
25,53,0.50299,0.4717,7; 3; 25; 53; 20; 4; 30; 25
17,48,0.34691,0.35417,16; 7; 17; 48; 26; 18; 27; 24
22,63,0.42733,0.34921,4; 3; 22; 63; 15; 21; 18; 12
8,53,0.14188,0.15094,5; 17; 8; 53; 15; 19; 18; 12
15,53,0.328,0.28302,6; 5; 15; 53; 22; 15; 19; 23
20,70,0.41635,0.28571,4; 4; 20; 70; 19; 21; 25; 18
6,10,0.80503,0.6,16; 28; 6; 10; 20; 19; 27; 13
7,9,0.83058,0.77778,10; 21; 7; 9; 11; 23; 21; 16
5,82,0.29007,0.06098,4; 4; 5; 82; 27; 24; 11; 31
12,48,0.25676,0.25,17; 12; 12; 48; 19; 13; 19; 12
8,82,0.33578,0.09756,3; 4; 8; 82; 27; 6; 10; 20
18,48,0.34523,0.375,7; 10; 18; 48; 10; 9; 10; 32
12,75,0.3017,0.16,4; 5; 12; 75; 31; 8; 12; 11
6,75,0.30717,0.08,3; 3; 6; 75; 26; 10; 29; 24
38,49,0.76601,0.77551,3; 4; 38; 49; 10; 22; 31; 11
7,77,0.30634,0.09091,4; 7; 7; 77; 29; 30; 12; 23
28,42,0.56797,0.66667,4; 13; 28; 42; 19; 5; 18; 30
23,64,0.41755,0.35938,3; 3; 23; 64; 8; 21; 5; 15
14,70,0.31901,0.2,7; 3; 14; 70; 29; 7; 31; 21
6,82,0.31169,0.07317,4; 3; 6; 82; 17; 6; 30; 27
39,48,0.79115,0.8125,5; 3; 39; 48; 16; 29; 23; 26
23,31,0.5686,0.74194,18; 21; 23; 31; 22; 10; 12; 19
11,77,0.32092,0.14286,5; 4; 11; 77; 24; 16; 7; 18
17,42,0.37554,0.40476,19; 17; 17; 42; 15; 4; 17; 27
15,42,0.42161,0.35714,7; 11; 15; 42; 8; 28; 7; 30
27,31,0.6615,0.87097,20; 15; 27; 31; 30; 23; 30; 9
29,49,0.58503,0.59184,5; 3; 29; 49; 10; 29; 17; 26
12,70,0.28173,0.17143,8; 5; 12; 70; 5; 16; 23; 29
11,78,0.37983,0.14103,4; 4; 11; 78; 28; 18; 9; 15
24,64,0.44981,0.375,5; 5; 24; 64; 18; 23; 24; 26
9,64,0.22001,0.14062,3; 8; 9; 64; 24; 8; 11; 8
6,82,0.35373,0.07317,4; 3; 6; 82; 13; 16; 32; 20
5,10,0.79366,0.5,10; 41; 5; 10; 24; 27; 14; 6
8,64,0.19199,0.125,11; 13; 8; 64; 9; 27; 23; 8
36,42,0.69768,0.85714,7; 8; 36; 42; 27; 16; 21; 23
38,49,0.7558,0.77551,5; 3; 38; 49; 5; 26; 25; 23
10,63,0.22183,0.15873,12; 3; 10; 63; 23; 10; 19; 14
6,82,0.35724,0.07317,5; 5; 6; 82; 7; 31; 7; 19
7,82,0.31186,0.08537,3; 3; 7; 82; 17; 11; 26; 26
15,64,0.34463,0.23438,7; 9; 15; 64; 30; 27; 4; 25
6,26,0.76365,0.23077,29; 31; 6; 26; 30; 22; 28; 6
14,48,0.31345,0.29167,12; 16; 14; 48; 31; 6; 25; 28
6,70,0.23342,0.08571,6; 7; 6; 70; 16; 28; 12; 27
36,49,0.71595,0.73469,6; 6; 36; 49; 8; 13; 27; 11
24,48,0.48426,0.5,10; 7; 24; 48; 14; 11; 14; 6
5,42,0.31858,0.11905,25; 22; 5; 42; 13; 29; 12; 21
30,31,0.63038,0.96774,3; 9; 30; 31; 15; 14; 22; 17
16,32,0.52089,0.5,8; 16; 16; 32; 17; 21; 3; 23
17,63,0.34866,0.26984,6; 9; 17; 63; 10; 32; 10; 30
8,10,0.79555,0.8,8; 18; 8; 10; 14; 20; 16; 14
12,53,0.22661,0.22642,10; 16; 12; 53; 16; 6; 26; 20
20,42,0.42122,0.47619,13; 9; 20; 42; 16; 9; 10; 17
21,42,0.49718,0.5,11; 10; 21; 42; 28; 15; 20; 16
15,75,0.37386,0.2,3; 3; 15; 75; 26; 25; 20; 21
18,26,0.56558,0.69231,12; 14; 18; 26; 4; 12; 32; 24
7,9,0.82961,0.77778,34; 31; 7; 9; 23; 22; 6; 32
7,32,0.55198,0.21875,5; 26; 7; 32; 21; 15; 29; 5
19,26,0.47404,0.73077,20; 3; 19; 26; 7; 24; 9; 6
16,64,0.33288,0.25,6; 7; 16; 64; 9; 4; 4; 21
6,82,0.31965,0.07317,4; 5; 6; 82; 16; 13; 5; 31
5,64,0.18216,0.07812,9; 14; 5; 64; 3; 10; 23; 18
5,9,0.83888,0.55556,19; 4; 5; 9; 27; 4; 11; 21
29,32,0.61131,0.90625,9; 11; 29; 32; 16; 19; 18; 9
24,32,0.65146,0.75,18; 17; 24; 32; 7; 24; 16; 21
12,75,0.33872,0.16,4; 3; 12; 75; 31; 5; 20; 18
5,10,0.83567,0.5,14; 41; 5; 10; 26; 5; 6; 9
17,26,0.48652,0.65385,27; 24; 17; 26; 23; 17; 9; 22
11,31,0.51572,0.35484,5; 28; 11; 31; 4; 17; 16; 24
22,42,0.40434,0.52381,13; 4; 22; 42; 29; 14; 25; 15
19,48,0.40495,0.39583,14; 11; 19; 48; 21; 4; 8; 23
13,49,0.27095,0.26531,16; 17; 13; 49; 14; 29; 10; 14
6,82,0.28074,0.07317,4; 4; 6; 82; 18; 12; 15; 24
28,31,0.58895,0.90323,3; 13; 28; 31; 27; 28; 20; 4
12,77,0.34604,0.15584,4; 3; 12; 77; 25; 3; 27; 8
19,32,0.61237,0.59375,11; 16; 19; 32; 18; 19; 18; 27
11,77,0.33976,0.14286,4; 3; 11; 77; 27; 9; 23; 25
6,82,0.29161,0.07317,4; 3; 6; 82; 11; 11; 28; 28
21,31,0.60382,0.67742,15; 14; 21; 31; 7; 27; 11; 26
38,49,0.75244,0.77551,5; 5; 38; 49; 22; 11; 6; 5
23,64,0.41403,0.35938,4; 5; 23; 64; 4; 13; 3; 21
14,48,0.28227,0.29167,4; 14; 14; 48; 8; 29; 29; 18
8,75,0.2472,0.10667,3; 6; 8; 75; 19; 21; 26; 19
15,70,0.35196,0.21429,3; 5; 15; 70; 7; 5; 32; 15
23,26,0.63346,0.88462,11; 6; 23; 26; 16; 28; 5; 28
7,10,0.81716,0.7,16; 6; 7; 10; 13; 6; 25; 23
6,53,0.15284,0.11321,14; 11; 6; 53; 13; 12; 28; 18
20,48,0.38722,0.41667,11; 15; 20; 48; 25; 14; 31; 25
9,10,0.82298,0.9,15; 28; 9; 10; 9; 8; 23; 11
6,48,0.12549,0.125,5; 22; 6; 48; 27; 26; 15; 21
23,26,0.55571,0.88462,13; 11; 23; 26; 21; 18; 18; 6
20,63,0.40529,0.31746,5; 5; 20; 63; 7; 24; 16; 28
11,75,0.29373,0.14667,4; 6; 11; 75; 25; 6; 8; 17
7,10,0.81496,0.7,38; 9; 7; 10; 17; 26; 18; 11
13,70,0.31155,0.18571,7; 5; 13; 70; 31; 5; 16; 15
7,63,0.20761,0.11111,12; 5; 7; 63; 10; 20; 10; 12
11,77,0.30286,0.14286,5; 5; 11; 77; 7; 26; 22; 26
5,10,0.81869,0.5,41; 22; 5; 10; 26; 18; 18; 11
28,49,0.57335,0.57143,9; 10; 28; 49; 21; 32; 31; 10
5,82,0.28117,0.06098,5; 3; 5; 82; 7; 26; 13; 27
19,31,0.4944,0.6129,18; 21; 19; 31; 27; 12; 17; 17
16,49,0.34134,0.32653,16; 12; 16; 49; 5; 11; 8; 11
5,78,0.26542,0.0641,3; 4; 5; 78; 21; 25; 26; 3
6,75,0.22578,0.08,5; 8; 6; 75; 24; 5; 32; 24
17,26,0.64697,0.65385,24; 25; 17; 26; 17; 20; 13; 15
25,32,0.50452,0.78125,3; 6; 25; 32; 6; 12; 7; 7
25,48,0.53677,0.52083,12; 10; 25; 48; 3; 25; 29; 30
6,77,0.26134,0.07792,5; 4; 6; 77; 29; 24; 21; 15
5,78,0.25706,0.0641,3; 3; 5; 78; 18; 25; 17; 7
32,53,0.57287,0.60377,3; 6; 32; 53; 24; 32; 10; 26
26,63,0.47452,0.4127,3; 3; 26; 63; 4; 24; 13; 11
6,82,0.37099,0.07317,4; 4; 6; 82; 6; 9; 15; 22
7,9,0.77684,0.77778,6; 10; 7; 9; 30; 28; 3; 32
20,26,0.49769,0.76923,25; 14; 20; 26; 4; 20; 9; 10
33,48,0.65169,0.6875,7; 5; 33; 48; 11; 12; 27; 23
12,32,0.59439,0.375,16; 16; 12; 32; 8; 17; 6; 11
33,49,0.68128,0.67347,8; 6; 33; 49; 7; 16; 29; 6
5,48,0.13889,0.10417,10; 12; 5; 48; 13; 22; 26; 5
6,9,0.81668,0.66667,23; 9; 6; 9; 30; 13; 18; 28
5,82,0.33637,0.06098,4; 4; 5; 82; 23; 30; 23; 21
15,70,0.32689,0.21429,4; 4; 15; 70; 22; 10; 16; 17
26,48,0.50357,0.54167,5; 12; 26; 48; 13; 32; 17; 17
5,26,0.76305,0.19231,29; 25; 5; 26; 3; 8; 14; 18
40,42,0.68675,0.95238,6; 5; 40; 42; 4; 16; 6; 18
6,77,0.25513,0.07792,5; 5; 6; 77; 21; 20; 20; 26
31,49,0.60876,0.63265,5; 8; 31; 49; 12; 22; 9; 8
10,26,0.61241,0.38462,11; 31; 10; 26; 10; 17; 7; 30
14,75,0.37439,0.18667,3; 3; 14; 75; 9; 22; 12; 4
10,78,0.32613,0.12821,4; 3; 10; 78; 13; 14; 4; 9
17,53,0.34799,0.32075,5; 12; 17; 53; 18; 21; 21; 25
8,82,0.37813,0.09756,3; 3; 8; 82; 13; 17; 6; 28
28,49,0.55986,0.57143,6; 3; 28; 49; 5; 13; 13; 22
26,42,0.49694,0.61905,11; 15; 26; 42; 9; 11; 26; 30
7,31,0.59178,0.22581,24; 29; 7; 31; 20; 19; 28; 7
9,77,0.29727,0.11688,3; 6; 9; 77; 5; 21; 23; 6
28,53,0.52932,0.5283,7; 3; 28; 53; 27; 28; 3; 6
16,70,0.3528,0.22857,3; 6; 16; 70; 15; 15; 20; 11
10,70,0.2309,0.14286,5; 8; 10; 70; 19; 8; 32; 26
9,32,0.53274,0.28125,16; 18; 9; 32; 32; 20; 25; 14
12,78,0.38651,0.15385,3; 3; 12; 78; 18; 20; 15; 21
10,75,0.32562,0.13333,4; 4; 10; 75; 29; 21; 32; 12
14,63,0.27868,0.22222,9; 5; 14; 63; 5; 15; 18; 5
37,49,0.74619,0.7551,5; 3; 37; 49; 10; 28; 24; 15
27,49,0.53272,0.55102,4; 4; 27; 49; 31; 6; 12; 12
11,42,0.29011,0.2619,7; 12; 11; 42; 32; 7; 23; 8
14,48,0.30176,0.29167,16; 15; 14; 48; 30; 28; 17; 18
15,75,0.38437,0.2,4; 4; 15; 75; 10; 29; 30; 16
12,75,0.34908,0.16,4; 4; 12; 75; 14; 28; 8; 28
15,63,0.31779,0.2381,7; 3; 15; 63; 15; 6; 15; 17
5,78,0.29969,0.0641,7; 5; 5; 78; 6; 27; 17; 20
31,49,0.61085,0.63265,4; 6; 31; 49; 20; 7; 29; 5
28,53,0.49778,0.5283,3; 6; 28; 53; 3; 14; 12; 12
6,77,0.25532,0.07792,7; 5; 6; 77; 28; 32; 22; 10
14,75,0.36789,0.18667,4; 4; 14; 75; 6; 19; 19; 19
36,49,0.73364,0.73469,3; 4; 36; 49; 26; 20; 28; 10
9,10,0.78454,0.9,3; 34; 9; 10; 10; 8; 30; 13
8,70,0.27277,0.11429,4; 9; 8; 70; 32; 14; 11; 5
8,77,0.28479,0.1039,4; 6; 8; 77; 25; 27; 14; 4
7,82,0.37606,0.08537,3; 4; 7; 82; 8; 18; 9; 4
18,42,0.44961,0.42857,18; 5; 18; 42; 12; 28; 31; 17
6,75,0.19765,0.08,5; 6; 6; 75; 20; 3; 7; 5
5,48,0.15848,0.10417,11; 8; 5; 48; 20; 7; 5; 23
13,31,0.69255,0.41935,15; 6; 13; 31; 28; 7; 24; 27
16,32,0.58391,0.5,25; 12; 16; 32; 29; 20; 4; 15
7,75,0.24852,0.09333,4; 4; 7; 75; 14; 12; 29; 24
7,31,0.77869,0.22581,23; 15; 7; 31; 3; 31; 12; 16
13,26,0.6026,0.5,19; 5; 13; 26; 14; 25; 16; 15
8,77,0.33797,0.1039,3; 4; 8; 77; 27; 15; 5; 16
35,48,0.70548,0.72917,7; 3; 35; 48; 19; 19; 4; 8
11,32,0.4695,0.34375,11; 13; 11; 32; 8; 23; 6; 23
11,78,0.3224,0.14103,3; 4; 11; 78; 25; 28; 8; 29
17,70,0.36114,0.24286,3; 5; 17; 70; 32; 9; 3; 4
5,9,0.84327,0.55556,15; 40; 5; 9; 9; 30; 14; 25
26,53,0.51593,0.49057,8; 8; 26; 53; 22; 13; 19; 23
23,31,0.57612,0.74194,22; 4; 23; 31; 32; 18; 13; 21
12,42,0.29625,0.28571,16; 13; 12; 42; 7; 20; 24; 3
5,26,0.80168,0.19231,23; 30; 5; 26; 5; 17; 22; 17
8,10,0.82606,0.8,40; 27; 8; 10; 19; 7; 30; 3
5,9,0.80307,0.55556,34; 30; 5; 9; 13; 19; 28; 4
7,64,0.13748,0.10938,8; 12; 7; 64; 26; 8; 4; 20
7,9,0.8252,0.77778,26; 35; 7; 9; 27; 4; 24; 18
24,31,0.57816,0.77419,7; 7; 24; 31; 19; 29; 14; 8
19,64,0.41338,0.29688,4; 7; 19; 64; 12; 20; 15; 16
8,26,0.79902,0.30769,21; 17; 8; 26; 14; 5; 3; 4
13,77,0.38407,0.16883,3; 4; 13; 77; 25; 5; 8; 4
5,10,0.8281,0.5,37; 6; 5; 10; 5; 18; 4; 11
7,26,0.70614,0.26923,15; 32; 7; 26; 3; 21; 27; 29
5,9,0.79956,0.55556,30; 35; 5; 9; 18; 23; 28; 15
10,70,0.32489,0.14286,6; 4; 10; 70; 25; 22; 22; 5
15,42,0.37655,0.35714,12; 4; 15; 42; 12; 28; 10; 11
19,53,0.35179,0.35849,3; 5; 19; 53; 26; 14; 4; 10
7,78,0.28423,0.08974,4; 4; 7; 78; 13; 15; 31; 25
13,70,0.30859,0.18571,5; 6; 13; 70; 7; 8; 32; 14
7,10,0.82785,0.7,10; 29; 7; 10; 22; 22; 4; 8
23,53,0.46008,0.43396,7; 4; 23; 53; 5; 14; 5; 5
7,10,0.79951,0.7,20; 15; 7; 10; 27; 21; 26; 7
19,42,0.38342,0.45238,9; 11; 19; 42; 13; 26; 10; 24
17,64,0.35772,0.26562,7; 8; 17; 64; 20; 17; 11; 31
8,64,0.23111,0.125,12; 11; 8; 64; 30; 19; 15; 27
5,9,0.82264,0.55556,41; 38; 5; 9; 23; 16; 31; 24
19,70,0.40088,0.27143,3; 4; 19; 70; 4; 26; 13; 32
16,42,0.40779,0.38095,14; 5; 16; 42; 13; 11; 14; 3
26,63,0.47996,0.4127,3; 4; 26; 63; 16; 8; 20; 8
9,77,0.29954,0.11688,5; 5; 9; 77; 20; 7; 18; 13
7,82,0.34908,0.08537,4; 4; 7; 82; 10; 9; 12; 11
40,49,0.81268,0.81633,4; 3; 40; 49; 10; 14; 15; 23
8,9,0.79807,0.88889,25; 37; 8; 9; 16; 6; 11; 29
33,42,0.65899,0.78571,5; 8; 33; 42; 18; 20; 21; 5
25,63,0.46387,0.39683,4; 5; 25; 63; 11; 23; 10; 13
22,64,0.42474,0.34375,5; 4; 22; 64; 6; 26; 3; 12
13,64,0.26404,0.20312,4; 6; 13; 64; 3; 16; 32; 6
10,78,0.33282,0.12821,3; 5; 10; 78; 3; 19; 30; 22
9,10,0.78697,0.9,32; 24; 9; 10; 22; 10; 32; 17
9,78,0.31817,0.11538,5; 3; 9; 78; 11; 16; 21; 11
41,48,0.8129,0.85417,4; 3; 41; 48; 13; 3; 22; 27
35,53,0.6598,0.66038,3; 5; 35; 53; 10; 12; 32; 13
10,75,0.29918,0.13333,4; 3; 10; 75; 29; 13; 16; 8
10,26,0.67336,0.38462,13; 19; 10; 26; 18; 10; 14; 15
6,78,0.31291,0.07692,6; 6; 6; 78; 23; 14; 14; 22
21,31,0.44661,0.67742,8; 7; 21; 31; 6; 31; 9; 8
7,48,0.17046,0.14583,14; 13; 7; 48; 19; 16; 3; 13
5,64,0.16648,0.07812,5; 4; 5; 64; 18; 18; 11; 18
5,75,0.27862,0.06667,7; 7; 5; 75; 24; 15; 31; 23
16,53,0.32198,0.30189,10; 9; 16; 53; 29; 28; 9; 5
34,42,0.66586,0.80952,8; 6; 34; 42; 17; 10; 26; 20
18,48,0.3813,0.375,6; 11; 18; 48; 20; 4; 4; 26
6,9,0.8141,0.66667,30; 20; 6; 9; 10; 21; 27; 3
14,70,0.32159,0.2,7; 6; 14; 70; 12; 28; 24; 4
8,10,0.77329,0.8,9; 4; 8; 10; 15; 31; 25; 10
10,78,0.35606,0.12821,5; 5; 10; 78; 5; 24; 21; 6
5,70,0.20537,0.07143,10; 6; 5; 70; 23; 21; 17; 17
8,9,0.81386,0.88889,36; 39; 8; 9; 32; 32; 8; 22
5,82,0.23119,0.06098,3; 3; 5; 82; 21; 8; 19; 14
5,78,0.30635,0.0641,5; 4; 5; 78; 9; 7; 8; 12
31,32,0.63409,0.96875,11; 4; 31; 32; 22; 5; 32; 15
9,70,0.23981,0.12857,8; 4; 9; 70; 19; 11; 6; 22
6,9,0.82709,0.66667,24; 38; 6; 9; 18; 16; 19; 3
18,64,0.34013,0.28125,6; 5; 18; 64; 4; 15; 15; 12
9,26,0.81155,0.34615,29; 9; 9; 26; 32; 3; 5; 20
10,32,0.61984,0.3125,18; 15; 10; 32; 28; 21; 4; 32
5,70,0.21066,0.07143,3; 9; 5; 70; 25; 24; 21; 22
25,53,0.5,0.4717,8; 7; 25; 53; 30; 9; 11; 28
14,31,0.63485,0.45161,21; 10; 14; 31; 16; 19; 13; 5
7,77,0.29861,0.09091,4; 5; 7; 77; 4; 31; 28; 29
5,42,0.2413,0.11905,18; 22; 5; 42; 18; 21; 11; 32
11,48,0.25797,0.22917,9; 17; 11; 48; 22; 23; 15; 19
16,53,0.33068,0.30189,14; 13; 16; 53; 13; 31; 8; 29
32,42,0.60617,0.7619,8; 7; 32; 42; 20; 5; 28; 24
7,63,0.19264,0.11111,6; 10; 7; 63; 20; 22; 15; 14
7,9,0.82049,0.77778,5; 19; 7; 9; 20; 19; 9; 25
13,77,0.3688,0.16883,3; 3; 13; 77; 24; 15; 29; 27
15,75,0.35561,0.2,4; 4; 15; 75; 23; 19; 22; 6
28,32,0.59145,0.875,10; 12; 28; 32; 17; 32; 28; 7
21,64,0.43741,0.32812,6; 5; 21; 64; 7; 8; 3; 14
6,78,0.30771,0.07692,7; 7; 6; 78; 22; 13; 23; 21
23,63,0.42393,0.36508,5; 4; 23; 63; 11; 26; 16; 18
5,10,0.81366,0.5,41; 15; 5; 10; 14; 4; 16; 20
5,82,0.33938,0.06098,4; 4; 5; 82; 19; 14; 4; 20
8,82,0.38025,0.09756,4; 3; 8; 82; 12; 27; 21; 21
6,53,0.13119,0.11321,11; 18; 6; 53; 21; 16; 4; 9
8,9,0.8167,0.88889,15; 24; 8; 9; 3; 7; 3; 18
13,32,0.6984,0.40625,13; 7; 13; 32; 28; 6; 5; 32
8,9,0.80702,0.88889,16; 38; 8; 9; 18; 3; 14; 6
8,53,0.18349,0.15094,4; 15; 8; 53; 13; 26; 6; 31
10,64,0.26168,0.15625,5; 4; 10; 64; 4; 6; 20; 30
6,77,0.23635,0.07792,7; 3; 6; 77; 12; 26; 26; 24
9,10,0.80966,0.9,37; 6; 9; 10; 31; 10; 17; 31
5,53,0.15264,0.09434,12; 5; 5; 53; 22; 21; 7; 17
5,78,0.29239,0.0641,3; 3; 5; 78; 13; 17; 8; 19
8,75,0.29417,0.10667,6; 4; 8; 75; 17; 8; 16; 19
5,78,0.23248,0.0641,3; 4; 5; 78; 14; 3; 10; 26
8,32,0.68074,0.25,10; 28; 8; 32; 11; 16; 11; 16
8,53,0.13993,0.15094,3; 10; 8; 53; 14; 24; 23; 3
11,31,0.57398,0.35484,6; 10; 11; 31; 3; 11; 31; 29
7,9,0.84269,0.77778,10; 7; 7; 9; 25; 3; 11; 11
8,82,0.38271,0.09756,4; 3; 8; 82; 28; 10; 23; 3
12,64,0.27343,0.1875,11; 6; 12; 64; 7; 31; 3; 15
23,31,0.62552,0.74194,3; 11; 23; 31; 14; 30; 10; 11
36,49,0.69295,0.73469,6; 6; 36; 49; 5; 16; 28; 6
27,53,0.51114,0.50943,5; 3; 27; 53; 14; 9; 26; 22
5,63,0.17135,0.07937,14; 7; 5; 63; 15; 3; 6; 10
9,75,0.29252,0.12,6; 6; 9; 75; 27; 5; 16; 12
21,48,0.43661,0.4375,12; 12; 21; 48; 4; 30; 9; 22
20,26,0.62309,0.76923,11; 10; 20; 26; 14; 30; 11; 8
24,32,0.53936,0.75,17; 17; 24; 32; 3; 14; 12; 31
5,9,0.82842,0.55556,25; 41; 5; 9; 18; 21; 24; 32
11,78,0.33003,0.14103,3; 3; 11; 78; 26; 20; 23; 6
17,49,0.4029,0.34694,6; 13; 17; 49; 9; 15; 24; 32
22,31,0.45163,0.70968,20; 22; 22; 31; 18; 30; 26; 10
14,64,0.28717,0.21875,10; 5; 14; 64; 7; 7; 15; 26
14,48,0.30097,0.29167,9; 17; 14; 48; 22; 6; 19; 18
37,53,0.68307,0.69811,4; 3; 37; 53; 15; 27; 7; 20
6,75,0.23064,0.08,7; 5; 6; 75; 4; 3; 24; 5
7,49,0.15938,0.14286,8; 20; 7; 49; 22; 16; 23; 9
18,42,0.433,0.42857,6; 9; 18; 42; 18; 26; 7; 22
17,48,0.36896,0.35417,13; 6; 17; 48; 12; 19; 4; 13
11,48,0.28057,0.22917,11; 14; 11; 48; 18; 19; 19; 12
27,31,0.55638,0.87097,4; 4; 27; 31; 31; 3; 15; 24
25,32,0.52328,0.78125,12; 9; 25; 32; 13; 20; 30; 14
7,63,0.17659,0.11111,7; 10; 7; 63; 32; 5; 15; 9
23,64,0.42966,0.35938,4; 5; 23; 64; 23; 28; 25; 16
20,63,0.38652,0.31746,7; 4; 20; 63; 24; 3; 29; 21
7,9,0.81996,0.77778,13; 27; 7; 9; 6; 21; 29; 15
12,77,0.30436,0.15584,3; 3; 12; 77; 7; 3; 6; 7
13,53,0.25413,0.24528,13; 7; 13; 53; 22; 5; 21; 8
11,32,0.5615,0.34375,9; 24; 11; 32; 14; 7; 32; 4
6,75,0.23086,0.08,3; 4; 6; 75; 8; 23; 27; 13
18,31,0.48492,0.58065,24; 8; 18; 31; 20; 13; 15; 6
18,42,0.42921,0.42857,10; 3; 18; 42; 21; 23; 22; 8
6,32,0.69485,0.1875,28; 20; 6; 32; 30; 22; 27; 5
5,9,0.82275,0.55556,42; 17; 5; 9; 4; 15; 10; 31
18,31,0.58925,0.58065,7; 12; 18; 31; 18; 9; 24; 28
34,49,0.68011,0.69388,7; 7; 34; 49; 17; 4; 24; 23
19,64,0.36362,0.29688,3; 5; 19; 64; 23; 17; 12; 26
13,70,0.30094,0.18571,6; 7; 13; 70; 13; 5; 14; 3
6,82,0.3694,0.07317,3; 3; 6; 82; 31; 18; 14; 14
7,82,0.31496,0.08537,4; 3; 7; 82; 23; 21; 17; 22
10,32,0.54733,0.3125,5; 17; 10; 32; 24; 29; 15; 15
10,77,0.33148,0.12987,5; 5; 10; 77; 23; 18; 5; 30
36,48,0.67632,0.75,5; 3; 36; 48; 28; 26; 22; 14
7,53,0.14715,0.13208,18; 16; 7; 53; 9; 8; 21; 24
5,48,0.125,0.10417,13; 21; 5; 48; 3; 16; 30; 21
24,32,0.61461,0.75,13; 7; 24; 32; 25; 32; 5; 21
5,82,0.29311,0.06098,3; 3; 5; 82; 26; 20; 22; 18
28,49,0.55977,0.57143,5; 9; 28; 49; 25; 17; 29; 21
5,75,0.21686,0.06667,6; 3; 5; 75; 23; 18; 14; 32
25,32,0.56884,0.78125,3; 18; 25; 32; 16; 15; 12; 27
5,78,0.27681,0.0641,3; 7; 5; 78; 16; 27; 23; 11
28,32,0.62404,0.875,17; 11; 28; 32; 21; 28; 9; 7
26,42,0.52702,0.61905,5; 15; 26; 42; 31; 10; 23; 28
17,64,0.34886,0.26562,5; 4; 17; 64; 18; 3; 25; 4
10,70,0.23238,0.14286,4; 8; 10; 70; 25; 10; 16; 27
36,53,0.71887,0.67925,3; 3; 36; 53; 9; 27; 7; 5
5,77,0.23342,0.06494,7; 8; 5; 77; 7; 26; 4; 22
15,42,0.37315,0.35714,19; 14; 15; 42; 18; 3; 9; 19
9,77,0.32334,0.11688,4; 6; 9; 77; 8; 11; 27; 28
7,9,0.82264,0.77778,37; 9; 7; 9; 5; 5; 8; 14
9,63,0.24038,0.14286,11; 10; 9; 63; 4; 25; 9; 25
11,75,0.30187,0.14667,4; 3; 11; 75; 11; 27; 31; 26
22,63,0.4038,0.34921,4; 6; 22; 63; 24; 6; 23; 23
5,82,0.31534,0.06098,4; 3; 5; 82; 29; 21; 3; 7
8,9,0.82354,0.88889,33; 22; 8; 9; 19; 8; 6; 28
5,32,0.49032,0.15625,27; 26; 5; 32; 12; 8; 3; 23
17,48,0.3422,0.35417,14; 8; 17; 48; 25; 19; 23; 25
24,26,0.56637,0.92308,16; 19; 24; 26; 8; 13; 18; 15
21,32,0.53292,0.65625,7; 17; 21; 32; 28; 7; 28; 17
26,63,0.47307,0.4127,4; 4; 26; 63; 19; 14; 20; 7
34,53,0.64778,0.64151,3; 4; 34; 53; 16; 24; 29; 15
5,82,0.28679,0.06098,3; 5; 5; 82; 27; 3; 13; 25
24,53,0.44697,0.45283,10; 10; 24; 53; 4; 16; 29; 16
5,32,0.54337,0.15625,27; 19; 5; 32; 10; 14; 7; 13
7,82,0.31195,0.08537,4; 4; 7; 82; 11; 22; 15; 11
21,53,0.38838,0.39623,7; 4; 21; 53; 30; 21; 17; 7
17,70,0.39766,0.24286,3; 5; 17; 70; 24; 28; 21; 21
7,82,0.32131,0.08537,4; 3; 7; 82; 16; 26; 8; 24
6,82,0.31639,0.07317,3; 5; 6; 82; 29; 3; 15; 8
17,31,0.52531,0.54839,14; 7; 17; 31; 22; 11; 5; 10
15,75,0.37164,0.2,3; 4; 15; 75; 4; 21; 13; 3
11,75,0.29598,0.14667,5; 6; 11; 75; 31; 18; 16; 20
6,9,0.83338,0.66667,12; 15; 6; 9; 14; 16; 22; 5
22,32,0.54732,0.6875,9; 9; 22; 32; 5; 4; 28; 24
7,64,0.21141,0.10938,6; 13; 7; 64; 28; 25; 6; 3
8,82,0.36963,0.09756,3; 3; 8; 82; 10; 28; 26; 13
10,77,0.32924,0.12987,3; 3; 10; 77; 16; 21; 18; 31
10,78,0.3598,0.12821,5; 3; 10; 78; 15; 31; 3; 10
9,32,0.48613,0.28125,25; 16; 9; 32; 22; 16; 10; 9
5,9,0.8291,0.55556,34; 6; 5; 9; 13; 13; 3; 19
34,49,0.6516,0.69388,7; 5; 34; 49; 10; 6; 14; 12
19,63,0.36237,0.30159,4; 5; 19; 63; 23; 18; 16; 26
5,10,0.81244,0.5,26; 29; 5; 10; 3; 23; 12; 18
7,10,0.8176,0.7,18; 21; 7; 10; 5; 3; 10; 17
19,48,0.40162,0.39583,9; 5; 19; 48; 14; 11; 14; 22
5,9,0.81989,0.55556,18; 16; 5; 9; 25; 11; 7; 4
19,48,0.40744,0.39583,15; 15; 19; 48; 18; 18; 4; 3
20,31,0.49117,0.64516,4; 20; 20; 31; 22; 13; 10; 4
16,26,0.47392,0.61538,20; 23; 16; 26; 8; 3; 16; 9
12,70,0.35173,0.17143,6; 7; 12; 70; 14; 31; 18; 12
30,53,0.55116,0.56604,4; 7; 30; 53; 13; 21; 14; 21
10,75,0.31453,0.13333,3; 3; 10; 75; 29; 7; 9; 26
12,32,0.54299,0.375,9; 12; 12; 32; 6; 7; 22; 4
29,53,0.52959,0.54717,8; 6; 29; 53; 11; 26; 25; 23
8,82,0.35459,0.09756,4; 3; 8; 82; 16; 24; 18; 12
30,48,0.60462,0.625,10; 4; 30; 48; 10; 14; 30; 19
13,49,0.27177,0.26531,8; 3; 13; 49; 28; 25; 7; 23
5,26,0.73935,0.19231,4; 26; 5; 26; 9; 3; 24; 28
28,53,0.49583,0.5283,5; 6; 28; 53; 16; 12; 21; 16
9,10,0.80214,0.9,27; 16; 9; 10; 7; 28; 15; 19
6,32,0.78549,0.1875,8; 6; 6; 32; 24; 5; 23; 23
10,64,0.21824,0.15625,8; 5; 10; 64; 29; 15; 15; 7
9,53,0.16108,0.16981,4; 15; 9; 53; 13; 25; 10; 25
7,9,0.81784,0.77778,32; 41; 7; 9; 28; 12; 24; 19
37,49,0.72035,0.7551,4; 3; 37; 49; 19; 27; 24; 3
13,32,0.46985,0.40625,18; 26; 13; 32; 25; 11; 5; 18
13,77,0.37284,0.16883,3; 3; 13; 77; 12; 6; 27; 4
14,64,0.28787,0.21875,8; 6; 14; 64; 15; 19; 27; 30
27,32,0.60791,0.84375,16; 14; 27; 32; 15; 8; 26; 17
14,63,0.28821,0.22222,6; 10; 14; 63; 7; 15; 9; 9
20,26,0.63802,0.76923,23; 7; 20; 26; 30; 4; 5; 30
25,64,0.491,0.39062,3; 3; 25; 64; 24; 29; 11; 13
9,48,0.21433,0.1875,3; 14; 9; 48; 11; 6; 4; 16
29,31,0.59692,0.93548,16; 7; 29; 31; 9; 28; 13; 5
18,32,0.48512,0.5625,12; 9; 18; 32; 12; 5; 9; 3
6,10,0.8034,0.6,16; 25; 6; 10; 17; 24; 31; 17
32,53,0.61366,0.60377,4; 4; 32; 53; 22; 10; 26; 19
6,75,0.21567,0.08,5; 5; 6; 75; 24; 9; 5; 25
8,82,0.3625,0.09756,4; 3; 8; 82; 32; 10; 28; 9
8,9,0.81083,0.88889,3; 17; 8; 9; 11; 28; 13; 30
13,70,0.31516,0.18571,4; 3; 13; 70; 32; 9; 21; 32
5,31,0.8086,0.16129,31; 21; 5; 31; 4; 18; 5; 8
6,82,0.3419,0.07317,5; 5; 6; 82; 23; 19; 22; 22
20,64,0.42111,0.3125,3; 5; 20; 64; 25; 15; 10; 8
10,75,0.33826,0.13333,3; 6; 10; 75; 4; 11; 30; 23
9,31,0.65986,0.29032,14; 11; 9; 31; 15; 6; 17; 24
16,70,0.35626,0.22857,3; 4; 16; 70; 12; 27; 25; 4
10,32,0.61053,0.3125,12; 12; 10; 32; 30; 16; 14; 6
7,78,0.29184,0.08974,5; 6; 7; 78; 15; 7; 12; 8
7,78,0.25195,0.08974,5; 3; 7; 78; 10; 31; 8; 11
14,42,0.42403,0.33333,13; 17; 14; 42; 5; 15; 32; 17
5,82,0.35068,0.06098,4; 5; 5; 82; 21; 24; 10; 13
8,10,0.77408,0.8,25; 27; 8; 10; 5; 15; 7; 4
22,48,0.42358,0.45833,8; 4; 22; 48; 8; 5; 14; 14
6,9,0.82618,0.66667,9; 13; 6; 9; 26; 12; 19; 6
19,64,0.38403,0.29688,6; 7; 19; 64; 14; 32; 23; 16
21,64,0.42777,0.32812,4; 5; 21; 64; 7; 30; 23; 4
20,31,0.47143,0.64516,15; 19; 20; 31; 13; 21; 24; 8
7,82,0.30487,0.08537,4; 3; 7; 82; 13; 21; 32; 24
20,70,0.42643,0.28571,4; 3; 20; 70; 25; 26; 9; 31
17,42,0.42349,0.40476,6; 14; 17; 42; 28; 13; 15; 13
5,26,0.76808,0.19231,19; 25; 5; 26; 13; 24; 25; 8
11,53,0.20728,0.20755,13; 6; 11; 53; 31; 28; 29; 7
20,53,0.37199,0.37736,3; 7; 20; 53; 28; 5; 27; 4
13,26,0.77558,0.5,15; 14; 13; 26; 14; 23; 10; 6
13,63,0.25897,0.20635,9; 7; 13; 63; 9; 13; 15; 9
25,63,0.45542,0.39683,5; 5; 25; 63; 20; 23; 17; 11
8,64,0.20067,0.125,7; 9; 8; 64; 7; 24; 31; 16
18,49,0.37044,0.36735,13; 4; 18; 49; 21; 4; 10; 29
8,9,0.81285,0.88889,24; 7; 8; 9; 15; 30; 21; 10
19,64,0.3818,0.29688,3; 4; 19; 64; 7; 25; 12; 24
8,26,0.63382,0.30769,25; 31; 8; 26; 31; 8; 11; 32
39,49,0.76882,0.79592,3; 5; 39; 49; 29; 7; 26; 6
6,82,0.32884,0.07317,4; 5; 6; 82; 26; 19; 19; 31
17,63,0.35738,0.26984,9; 7; 17; 63; 5; 32; 27; 14
7,10,0.81389,0.7,6; 20; 7; 10; 6; 26; 22; 25
8,82,0.30919,0.09756,4; 4; 8; 82; 25; 19; 6; 31
9,78,0.23742,0.11538,4; 4; 9; 78; 17; 5; 3; 31
29,49,0.57151,0.59184,7; 3; 29; 49; 16; 30; 10; 15
25,26,0.57294,0.96154,17; 13; 25; 26; 32; 22; 6; 13
12,48,0.22933,0.25,15; 5; 12; 48; 5; 19; 17; 14
17,70,0.40558,0.24286,3; 5; 17; 70; 20; 30; 29; 10
9,77,0.32358,0.11688,6; 4; 9; 77; 8; 4; 10; 14
21,31,0.5901,0.67742,20; 18; 21; 31; 24; 12; 21; 7
23,64,0.45789,0.35938,5; 5; 23; 64; 17; 10; 19; 28
12,77,0.35381,0.15584,4; 3; 12; 77; 20; 28; 25; 10
9,10,0.82295,0.9,28; 27; 9; 10; 26; 26; 21; 13
12,70,0.30221,0.17143,5; 7; 12; 70; 10; 31; 6; 27
6,82,0.35354,0.07317,3; 5; 6; 82; 27; 20; 13; 11
9,26,0.78906,0.34615,27; 25; 9; 26; 26; 9; 28; 6
27,32,0.55888,0.84375,14; 5; 27; 32; 6; 26; 25; 22
18,31,0.49701,0.58065,23; 4; 18; 31; 9; 15; 30; 9
21,32,0.46424,0.65625,22; 9; 21; 32; 5; 12; 20; 22
11,49,0.25807,0.22449,13; 18; 11; 49; 19; 4; 14; 19
15,31,0.8336,0.48387,15; 14; 15; 31; 13; 7; 16; 24
31,48,0.62801,0.64583,6; 9; 31; 48; 13; 20; 7; 4
5,82,0.28203,0.06098,5; 3; 5; 82; 9; 22; 32; 11
5,9,0.81407,0.55556,24; 18; 5; 9; 14; 31; 12; 13
37,48,0.74474,0.77083,5; 5; 37; 48; 6; 27; 19; 30
20,70,0.39957,0.28571,3; 3; 20; 70; 8; 3; 11; 31
6,9,0.82569,0.66667,28; 25; 6; 9; 25; 26; 3; 10
13,32,0.58316,0.40625,18; 22; 13; 32; 27; 24; 5; 8
6,10,0.83081,0.6,21; 41; 6; 10; 29; 10; 27; 3
35,53,0.65997,0.66038,3; 3; 35; 53; 4; 27; 13; 23
16,64,0.32683,0.25,5; 7; 16; 64; 29; 27; 20; 15
22,64,0.40236,0.34375,3; 5; 22; 64; 11; 25; 23; 32
6,82,0.2931,0.07317,5; 5; 6; 82; 14; 8; 19; 17
38,49,0.77284,0.77551,5; 4; 38; 49; 5; 30; 18; 25
12,78,0.34711,0.15385,4; 3; 12; 78; 5; 32; 13; 4
16,48,0.34608,0.33333,8; 16; 16; 48; 13; 22; 10; 24
7,78,0.21489,0.08974,3; 5; 7; 78; 21; 29; 18; 10
9,10,0.81701,0.9,16; 14; 9; 10; 3; 8; 4; 17
11,78,0.35712,0.14103,3; 3; 11; 78; 23; 19; 15; 19
24,31,0.54189,0.77419,6; 7; 24; 31; 3; 13; 9; 16
20,31,0.81207,0.64516,21; 8; 20; 31; 9; 15; 24; 6
17,26,0.63383,0.65385,25; 20; 17; 26; 30; 16; 29; 5
41,49,0.81698,0.83673,3; 4; 41; 49; 19; 13; 29; 13
8,70,0.23172,0.11429,3; 3; 8; 70; 7; 17; 9; 4
18,26,0.56889,0.69231,5; 18; 18; 26; 7; 7; 6; 16
8,10,0.82363,0.8,38; 19; 8; 10; 3; 7; 20; 28
5,82,0.36131,0.06098,5; 3; 5; 82; 23; 16; 8; 20
5,82,0.26164,0.06098,3; 4; 5; 82; 10; 31; 22; 14
25,63,0.46521,0.39683,4; 4; 25; 63; 32; 11; 7; 3
9,63,0.19866,0.14286,9; 11; 9; 63; 3; 9; 25; 28
5,82,0.28828,0.06098,4; 5; 5; 82; 23; 31; 19; 12
36,49,0.74499,0.73469,3; 3; 36; 49; 14; 23; 18; 27
5,31,0.77799,0.16129,22; 19; 5; 31; 30; 30; 19; 8
8,31,0.61131,0.25806,16; 15; 8; 31; 30; 20; 13; 23
8,32,0.71366,0.25,18; 26; 8; 32; 23; 30; 8; 10
10,42,0.34467,0.2381,16; 14; 10; 42; 11; 30; 15; 31
35,42,0.67143,0.83333,8; 10; 35; 42; 17; 7; 16; 15
31,49,0.61061,0.63265,9; 7; 31; 49; 22; 28; 3; 5
31,32,0.5982,0.96875,14; 15; 31; 32; 25; 29; 20; 21
13,26,0.62056,0.5,8; 17; 13; 26; 26; 17; 3; 28
18,42,0.48622,0.42857,15; 15; 18; 42; 15; 27; 28; 20
5,49,0.17038,0.10204,15; 18; 5; 49; 29; 24; 4; 3
19,64,0.38553,0.29688,4; 6; 19; 64; 3; 25; 28; 15
5,10,0.83722,0.5,32; 16; 5; 10; 6; 18; 21; 15
11,48,0.2449,0.22917,5; 7; 11; 48; 28; 25; 7; 11
9,26,0.78746,0.34615,8; 15; 9; 26; 17; 28; 10; 12
14,64,0.27727,0.21875,3; 8; 14; 64; 5; 12; 12; 27
16,64,0.29698,0.25,3; 9; 16; 64; 32; 15; 21; 20
5,9,0.8516,0.55556,24; 22; 5; 9; 28; 3; 30; 11
6,77,0.28181,0.07792,7; 5; 6; 77; 25; 11; 25; 32
16,53,0.30543,0.30189,9; 4; 16; 53; 15; 8; 29; 3
7,82,0.28537,0.08537,3; 3; 7; 82; 20; 20; 23; 31
19,31,0.48413,0.6129,19; 15; 19; 31; 20; 28; 19; 19
7,10,0.81651,0.7,17; 35; 7; 10; 20; 24; 8; 24
16,31,0.64238,0.51613,21; 20; 16; 31; 12; 23; 30; 28
5,70,0.18257,0.07143,8; 7; 5; 70; 3; 21; 22; 26
5,82,0.34338,0.06098,3; 5; 5; 82; 14; 14; 14; 13
15,31,0.52728,0.48387,10; 8; 15; 31; 15; 17; 25; 17
11,70,0.25116,0.15714,6; 8; 11; 70; 14; 5; 26; 29
7,63,0.18658,0.11111,11; 9; 7; 63; 7; 19; 24; 7
21,53,0.39394,0.39623,7; 6; 21; 53; 29; 26; 8; 14
5,49,0.16734,0.10204,22; 17; 5; 49; 32; 25; 32; 4
31,42,0.63714,0.7381,4; 7; 31; 42; 9; 20; 21; 18
14,26,0.48461,0.53846,11; 17; 14; 26; 20; 5; 28; 16
11,78,0.34424,0.14103,4; 4; 11; 78; 22; 28; 7; 14
19,53,0.377,0.35849,10; 12; 19; 53; 30; 6; 8; 26
7,82,0.32719,0.08537,4; 4; 7; 82; 6; 20; 14; 16
12,42,0.36445,0.28571,5; 4; 12; 42; 21; 12; 12; 24
10,78,0.29399,0.12821,4; 5; 10; 78; 8; 15; 19; 4
5,10,0.81793,0.5,24; 35; 5; 10; 7; 19; 16; 4
5,75,0.2968,0.06667,5; 8; 5; 75; 6; 16; 10; 13
6,9,0.85334,0.66667,20; 25; 6; 9; 27; 11; 26; 10
5,10,0.83781,0.5,26; 40; 5; 10; 29; 32; 6; 19
16,32,0.56365,0.5,3; 16; 16; 32; 24; 18; 19; 7
11,77,0.32019,0.14286,5; 3; 11; 77; 25; 8; 24; 6
34,49,0.68069,0.69388,3; 5; 34; 49; 5; 11; 3; 8
8,70,0.23036,0.11429,7; 4; 8; 70; 28; 16; 4; 6
15,70,0.33004,0.21429,5; 6; 15; 70; 32; 23; 31; 5
16,26,0.63738,0.61538,4; 6; 16; 26; 17; 25; 20; 7
24,26,0.76521,0.92308,19; 13; 24; 26; 17; 12; 29; 27
27,42,0.54557,0.64286,13; 5; 27; 42; 17; 21; 19; 12
8,9,0.81034,0.88889,9; 18; 8; 9; 7; 32; 15; 16
14,75,0.36027,0.18667,4; 3; 14; 75; 32; 13; 5; 16
18,48,0.37503,0.375,7; 15; 18; 48; 12; 12; 22; 15
11,78,0.40054,0.14103,4; 4; 11; 78; 17; 11; 26; 11
21,32,0.50304,0.65625,21; 14; 21; 32; 5; 5; 10; 7
16,31,0.66614,0.51613,14; 4; 16; 31; 26; 29; 13; 19
8,82,0.34604,0.09756,3; 4; 8; 82; 8; 15; 29; 15
11,77,0.37121,0.14286,4; 4; 11; 77; 18; 11; 6; 27
40,42,0.71741,0.95238,6; 5; 40; 42; 12; 7; 15; 32
6,70,0.18807,0.08571,10; 9; 6; 70; 8; 28; 7; 4
26,42,0.54211,0.61905,3; 8; 26; 42; 8; 30; 32; 15
8,82,0.32354,0.09756,4; 3; 8; 82; 4; 29; 31; 13
7,82,0.31631,0.08537,3; 4; 7; 82; 16; 5; 32; 22
5,10,0.78867,0.5,27; 8; 5; 10; 29; 14; 24; 16
7,75,0.2752,0.09333,8; 3; 7; 75; 28; 13; 18; 22
7,78,0.28124,0.08974,5; 3; 7; 78; 28; 32; 16; 11
8,82,0.33581,0.09756,3; 4; 8; 82; 17; 30; 3; 15
12,31,0.52175,0.3871,27; 11; 12; 31; 6; 5; 18; 15
8,82,0.35016,0.09756,4; 3; 8; 82; 29; 13; 22; 23
13,75,0.36942,0.17333,5; 5; 13; 75; 31; 10; 17; 14
17,70,0.35457,0.24286,4; 5; 17; 70; 24; 11; 21; 8
8,82,0.35939,0.09756,4; 4; 8; 82; 10; 16; 14; 32
13,70,0.31582,0.18571,5; 3; 13; 70; 8; 18; 11; 9
18,31,0.53546,0.58065,16; 17; 18; 31; 14; 8; 22; 7
8,31,0.61011,0.25806,6; 5; 8; 31; 29; 18; 15; 6
8,10,0.83459,0.8,16; 12; 8; 10; 32; 6; 30; 4
26,64,0.4987,0.40625,3; 4; 26; 64; 20; 30; 14; 7
7,82,0.36597,0.08537,4; 4; 7; 82; 16; 15; 11; 13
5,9,0.83022,0.55556,16; 25; 5; 9; 9; 25; 20; 29
18,32,0.55053,0.5625,13; 18; 18; 32; 31; 15; 12; 13
19,26,0.64512,0.73077,10; 20; 19; 26; 23; 26; 4; 20
39,42,0.72975,0.92857,7; 4; 39; 42; 20; 7; 19; 32
10,70,0.24777,0.14286,7; 5; 10; 70; 19; 22; 4; 25
5,42,0.49084,0.11905,13; 22; 5; 42; 10; 18; 22; 25
7,75,0.2911,0.09333,6; 8; 7; 75; 3; 16; 10; 16
7,78,0.27776,0.08974,5; 5; 7; 78; 32; 12; 9; 28
5,9,0.83027,0.55556,13; 13; 5; 9; 10; 9; 31; 20
9,10,0.80006,0.9,26; 37; 9; 10; 24; 27; 16; 28
23,49,0.46548,0.46939,9; 13; 23; 49; 24; 5; 31; 15
31,48,0.6337,0.64583,3; 4; 31; 48; 4; 17; 7; 6
15,48,0.34935,0.3125,9; 4; 15; 48; 10; 6; 22; 8
9,78,0.35106,0.11538,4; 3; 9; 78; 12; 16; 22; 29
15,26,0.50071,0.57692,22; 14; 15; 26; 7; 26; 5; 3
10,75,0.31441,0.13333,5; 6; 10; 75; 26; 14; 4; 26
20,48,0.40724,0.41667,7; 9; 20; 48; 3; 9; 14; 22
7,82,0.3123,0.08537,4; 3; 7; 82; 26; 4; 9; 11
14,32,0.44942,0.4375,21; 8; 14; 32; 27; 4; 10; 27
9,32,0.5687,0.28125,18; 26; 9; 32; 24; 28; 24; 21
15,70,0.36104,0.21429,6; 5; 15; 70; 24; 32; 18; 9
39,48,0.77007,0.8125,3; 3; 39; 48; 23; 9; 16; 5
5,78,0.24257,0.0641,4; 6; 5; 78; 3; 20; 11; 18
5,31,0.68724,0.16129,27; 31; 5; 31; 14; 20; 27; 24
9,10,0.80879,0.9,11; 20; 9; 10; 19; 13; 3; 26
12,31,0.6197,0.3871,5; 23; 12; 31; 19; 17; 5; 23
22,64,0.41766,0.34375,3; 4; 22; 64; 23; 14; 9; 10
6,63,0.17496,0.09524,8; 10; 6; 63; 7; 26; 27; 29
5,9,0.83264,0.55556,36; 20; 5; 9; 15; 18; 32; 15
29,31,0.56901,0.93548,18; 9; 29; 31; 8; 27; 31; 30
23,53,0.43896,0.43396,8; 6; 23; 53; 31; 32; 17; 13
9,10,0.79837,0.9,39; 39; 9; 10; 15; 29; 24; 21
31,32,0.57322,0.96875,14; 16; 31; 32; 23; 16; 15; 15
15,53,0.31531,0.28302,10; 4; 15; 53; 11; 22; 22; 9
8,82,0.2679,0.09756,4; 3; 8; 82; 11; 5; 18; 12
18,26,0.48611,0.69231,21; 8; 18; 26; 4; 15; 17; 26
20,53,0.38511,0.37736,10; 3; 20; 53; 13; 11; 18; 26
8,82,0.31517,0.09756,4; 4; 8; 82; 10; 20; 26; 18
9,77,0.32003,0.11688,5; 5; 9; 77; 23; 21; 13; 17
16,64,0.33503,0.25,6; 6; 16; 64; 6; 10; 32; 27
12,48,0.25484,0.25,15; 17; 12; 48; 19; 14; 10; 9
14,32,0.44298,0.4375,13; 3; 14; 32; 8; 6; 20; 31
7,82,0.32596,0.08537,3; 4; 7; 82; 15; 27; 9; 27
10,77,0.27453,0.12987,5; 3; 10; 77; 10; 6; 24; 28
20,31,0.4314,0.64516,5; 19; 20; 31; 24; 25; 12; 26
7,64,0.20382,0.10938,3; 6; 7; 64; 17; 25; 16; 9
13,64,0.26793,0.20312,9; 9; 13; 64; 8; 19; 6; 16
10,31,0.56154,0.32258,27; 6; 10; 31; 28; 14; 23; 6
13,77,0.35937,0.16883,3; 3; 13; 77; 9; 29; 31; 4
6,82,0.30235,0.07317,5; 5; 6; 82; 30; 28; 5; 9
6,26,0.77366,0.23077,7; 19; 6; 26; 4; 13; 15; 13
5,9,0.83344,0.55556,37; 40; 5; 9; 32; 6; 13; 9
13,64,0.27239,0.20312,9; 10; 13; 64; 6; 12; 25; 14
32,48,0.6411,0.66667,3; 7; 32; 48; 16; 7; 14; 10
23,32,0.58969,0.71875,19; 3; 23; 32; 19; 11; 26; 6
25,63,0.4553,0.39683,3; 4; 25; 63; 4; 16; 29; 5
11,77,0.34295,0.14286,4; 5; 11; 77; 3; 9; 25; 26
6,9,0.8315,0.66667,6; 33; 6; 9; 14; 23; 32; 14
11,64,0.24833,0.17188,5; 10; 11; 64; 6; 13; 11; 11
17,48,0.34924,0.35417,4; 5; 17; 48; 30; 5; 10; 20
31,48,0.6488,0.64583,6; 4; 31; 48; 27; 10; 19; 23
14,53,0.26453,0.26415,5; 10; 14; 53; 30; 12; 4; 23
11,70,0.28737,0.15714,7; 3; 11; 70; 6; 12; 12; 27
6,78,0.26621,0.07692,7; 6; 6; 78; 24; 9; 21; 5
25,31,0.66154,0.80645,8; 8; 25; 31; 11; 6; 31; 18
25,64,0.49964,0.39062,4; 4; 25; 64; 15; 14; 8; 23
39,42,0.71053,0.92857,8; 5; 39; 42; 24; 28; 11; 23
23,63,0.43009,0.36508,3; 3; 23; 63; 8; 15; 26; 26
8,78,0.30248,0.10256,4; 4; 8; 78; 29; 9; 16; 17
7,78,0.26951,0.08974,6; 3; 7; 78; 25; 10; 23; 13
9,77,0.2862,0.11688,3; 6; 9; 77; 28; 23; 26; 10
6,49,0.13027,0.12245,4; 9; 6; 49; 27; 6; 21; 14
11,78,0.34149,0.14103,3; 4; 11; 78; 19; 23; 31; 16
19,31,0.5536,0.6129,22; 23; 19; 31; 30; 18; 15; 13
27,31,0.51845,0.87097,10; 15; 27; 31; 26; 9; 12; 22
6,26,0.65866,0.23077,5; 26; 6; 26; 4; 17; 21; 18
25,26,0.6304,0.96154,5; 22; 25; 26; 7; 18; 8; 30
5,78,0.31546,0.0641,3; 4; 5; 78; 14; 25; 9; 11
13,77,0.35504,0.16883,4; 3; 13; 77; 19; 10; 22; 13
22,49,0.46063,0.44898,11; 5; 22; 49; 8; 28; 3; 30
12,63,0.24559,0.19048,6; 6; 12; 63; 11; 7; 4; 31
25,31,0.50425,0.80645,7; 11; 25; 31; 5; 12; 25; 32
37,53,0.70141,0.69811,4; 3; 37; 53; 11; 22; 28; 25
6,9,0.79379,0.66667,32; 28; 6; 9; 5; 3; 18; 27
8,10,0.81526,0.8,7; 38; 8; 10; 9; 11; 8; 30
14,49,0.30079,0.28571,3; 11; 14; 49; 17; 11; 20; 22
6,75,0.24052,0.08,3; 7; 6; 75; 19; 18; 23; 21
28,42,0.57306,0.66667,9; 14; 28; 42; 13; 32; 31; 17
7,42,0.32113,0.16667,21; 14; 7; 42; 28; 11; 21; 23
13,32,0.5298,0.40625,13; 25; 13; 32; 17; 32; 8; 8
9,70,0.24852,0.12857,9; 6; 9; 70; 5; 25; 31; 4
9,31,0.48314,0.29032,10; 8; 9; 31; 5; 8; 18; 7
35,49,0.72046,0.71429,3; 5; 35; 49; 25; 29; 18; 25
30,53,0.56064,0.56604,3; 3; 30; 53; 6; 7; 8; 29
7,9,0.79087,0.77778,17; 21; 7; 9; 28; 11; 29; 10
9,10,0.81521,0.9,9; 29; 9; 10; 8; 24; 9; 14
7,10,0.79811,0.7,26; 36; 7; 10; 5; 16; 17; 30
11,75,0.32778,0.14667,4; 3; 11; 75; 8; 9; 27; 17
10,32,0.63555,0.3125,8; 23; 10; 32; 24; 13; 22; 26
26,31,0.57659,0.83871,7; 13; 26; 31; 19; 11; 15; 12
5,9,0.81839,0.55556,12; 26; 5; 9; 7; 29; 12; 14
20,26,0.51277,0.76923,20; 13; 20; 26; 13; 3; 27; 17
34,48,0.6875,0.70833,7; 7; 34; 48; 31; 31; 6; 6
28,32,0.48425,0.875,3; 17; 28; 32; 32; 31; 15; 10
6,77,0.23569,0.07792,5; 4; 6; 77; 6; 12; 21; 23
8,31,0.69095,0.25806,12; 3; 8; 31; 30; 29; 19; 14
7,9,0.84236,0.77778,14; 39; 7; 9; 3; 30; 29; 9
20,49,0.38263,0.40816,9; 7; 20; 49; 13; 8; 23; 15
7,70,0.25404,0.1,7; 6; 7; 70; 10; 5; 10; 11
5,82,0.32102,0.06098,5; 3; 5; 82; 32; 31; 3; 20
15,49,0.33721,0.30612,15; 13; 15; 49; 7; 25; 15; 29
7,77,0.30295,0.09091,4; 3; 7; 77; 3; 5; 22; 21
7,77,0.30429,0.09091,7; 7; 7; 77; 15; 5; 18; 15
6,49,0.13568,0.12245,11; 16; 6; 49; 6; 19; 10; 12
10,70,0.29458,0.14286,5; 7; 10; 70; 24; 15; 27; 5
15,70,0.35904,0.21429,6; 6; 15; 70; 5; 10; 16; 14
7,64,0.18356,0.10938,8; 4; 7; 64; 32; 12; 20; 8
7,26,0.77366,0.26923,5; 14; 7; 26; 16; 17; 22; 25
14,64,0.297,0.21875,9; 8; 14; 64; 21; 22; 13; 27
26,53,0.47227,0.49057,8; 9; 26; 53; 3; 31; 24; 31
23,42,0.50096,0.54762,3; 10; 23; 42; 28; 19; 5; 15
7,26,0.66102,0.26923,18; 24; 7; 26; 25; 13; 6; 19
27,63,0.49647,0.42857,4; 4; 27; 63; 13; 18; 25; 14
10,75,0.2779,0.13333,3; 6; 10; 75; 22; 13; 4; 15
6,78,0.31584,0.07692,3; 3; 6; 78; 30; 13; 8; 25
12,42,0.37142,0.28571,17; 12; 12; 42; 19; 21; 4; 10
6,42,0.15979,0.14286,25; 19; 6; 42; 22; 21; 28; 10
11,75,0.30875,0.14667,5; 5; 11; 75; 30; 26; 23; 11
8,82,0.34687,0.09756,4; 3; 8; 82; 18; 7; 26; 26
12,78,0.3507,0.15385,4; 4; 12; 78; 15; 20; 32; 23
8,10,0.81685,0.8,34; 12; 8; 10; 13; 32; 18; 30
9,10,0.83838,0.9,26; 22; 9; 10; 20; 4; 17; 19
7,78,0.26436,0.08974,5; 4; 7; 78; 4; 22; 7; 30
9,10,0.82234,0.9,15; 34; 9; 10; 4; 18; 23; 15
37,49,0.75506,0.7551,3; 6; 37; 49; 32; 8; 16; 26
7,10,0.82837,0.7,38; 22; 7; 10; 24; 27; 18; 9
19,42,0.48176,0.45238,10; 6; 19; 42; 5; 22; 9; 4
16,49,0.34174,0.32653,7; 9; 16; 49; 19; 16; 7; 6
19,48,0.40072,0.39583,3; 6; 19; 48; 21; 8; 20; 32
9,78,0.30105,0.11538,3; 4; 9; 78; 17; 4; 19; 31
19,70,0.4203,0.27143,4; 4; 19; 70; 20; 5; 26; 24
7,78,0.2344,0.08974,4; 3; 7; 78; 12; 9; 8; 23
15,64,0.27769,0.23438,6; 7; 15; 64; 28; 19; 19; 12
8,9,0.81627,0.88889,37; 5; 8; 9; 12; 13; 13; 18
9,10,0.79724,0.9,7; 32; 9; 10; 13; 24; 5; 8
21,26,0.56846,0.80769,4; 5; 21; 26; 28; 17; 3; 7
22,42,0.48628,0.52381,5; 5; 22; 42; 8; 17; 28; 16
8,64,0.20106,0.125,6; 11; 8; 64; 19; 31; 4; 32
7,64,0.23073,0.10938,8; 10; 7; 64; 21; 13; 13; 5
8,10,0.83327,0.8,11; 22; 8; 10; 17; 7; 19; 8
6,82,0.31391,0.07317,5; 4; 6; 82; 27; 7; 25; 22
13,77,0.35291,0.16883,3; 4; 13; 77; 20; 17; 26; 18
7,82,0.31487,0.08537,4; 3; 7; 82; 17; 6; 4; 9
17,63,0.35179,0.26984,6; 3; 17; 63; 23; 3; 30; 22
19,64,0.37807,0.29688,3; 3; 19; 64; 31; 22; 9; 16
22,53,0.43606,0.41509,8; 5; 22; 53; 15; 6; 14; 28
13,63,0.27197,0.20635,10; 6; 13; 63; 10; 31; 11; 23
7,82,0.33974,0.08537,4; 3; 7; 82; 19; 13; 29; 14
21,64,0.38941,0.32812,3; 6; 21; 64; 9; 27; 7; 4
21,26,0.60585,0.80769,19; 20; 21; 26; 9; 25; 21; 25
20,26,0.53842,0.76923,6; 22; 20; 26; 16; 9; 26; 26
20,70,0.41676,0.28571,4; 4; 20; 70; 26; 19; 26; 22
22,63,0.41458,0.34921,5; 5; 22; 63; 11; 7; 28; 4
9,53,0.20291,0.16981,8; 5; 9; 53; 15; 24; 13; 13
26,64,0.47589,0.40625,3; 4; 26; 64; 18; 3; 13; 15
5,10,0.84454,0.5,30; 14; 5; 10; 13; 27; 17; 32
7,77,0.25459,0.09091,4; 3; 7; 77; 32; 23; 18; 12
18,42,0.4374,0.42857,7; 11; 18; 42; 30; 5; 11; 17
17,70,0.36013,0.24286,4; 3; 17; 70; 29; 5; 15; 8
36,53,0.71008,0.67925,3; 4; 36; 53; 20; 5; 11; 19
7,9,0.81056,0.77778,3; 8; 7; 9; 29; 6; 4; 13
26,49,0.52948,0.53061,8; 3; 26; 49; 22; 13; 20; 16
10,31,0.67398,0.32258,15; 14; 10; 31; 23; 14; 13; 17
7,10,0.81639,0.7,5; 15; 7; 10; 19; 22; 25; 20
7,77,0.31881,0.09091,3; 4; 7; 77; 22; 7; 12; 22
9,10,0.80093,0.9,21; 30; 9; 10; 6; 15; 17; 4
11,75,0.3428,0.14667,3; 4; 11; 75; 12; 10; 26; 29
21,32,0.48225,0.65625,6; 6; 21; 32; 16; 15; 25; 11
8,9,0.79082,0.88889,3; 8; 8; 9; 12; 31; 11; 22
11,49,0.24744,0.22449,4; 7; 11; 49; 12; 24; 15; 15
5,75,0.29109,0.06667,6; 9; 5; 75; 27; 7; 10; 32
23,26,0.55467,0.88462,22; 7; 23; 26; 12; 22; 10; 20
35,49,0.70126,0.71429,3; 5; 35; 49; 28; 4; 23; 4
14,53,0.29563,0.26415,13; 3; 14; 53; 21; 8; 3; 26
26,42,0.56526,0.61905,11; 12; 26; 42; 5; 12; 30; 16
8,75,0.23957,0.10667,6; 4; 8; 75; 31; 10; 19; 14
25,63,0.4506,0.39683,5; 3; 25; 63; 14; 16; 6; 26
19,70,0.37965,0.27143,3; 3; 19; 70; 10; 30; 6; 7
9,77,0.28666,0.11688,6; 3; 9; 77; 28; 4; 23; 11
15,64,0.30475,0.23438,7; 8; 15; 64; 32; 14; 3; 15
12,77,0.3721,0.15584,4; 4; 12; 77; 9; 25; 27; 17
17,53,0.33811,0.32075,3; 8; 17; 53; 14; 20; 25; 24
5,10,0.82582,0.5,23; 5; 5; 10; 10; 31; 12; 22
19,32,0.45186,0.59375,9; 19; 19; 32; 26; 7; 23; 26
18,70,0.4036,0.25714,3; 3; 18; 70; 12; 3; 7; 26
11,78,0.33441,0.14103,3; 3; 11; 78; 17; 16; 24; 23
30,32,0.60828,0.9375,5; 11; 30; 32; 9; 24; 3; 31
5,48,0.10384,0.10417,7; 15; 5; 48; 3; 20; 6; 15
15,31,0.53969,0.48387,20; 21; 15; 31; 19; 31; 29; 10
40,42,0.70604,0.95238,4; 4; 40; 42; 14; 29; 19; 6
5,42,0.51468,0.11905,8; 6; 5; 42; 10; 24; 9; 5
9,75,0.25039,0.12,6; 6; 9; 75; 3; 29; 4; 5
25,32,0.56465,0.78125,5; 6; 25; 32; 32; 3; 9; 6
6,78,0.27957,0.07692,3; 6; 6; 78; 20; 22; 19; 16
10,26,0.58448,0.38462,11; 20; 10; 26; 32; 12; 28; 4
6,63,0.16051,0.09524,5; 8; 6; 63; 32; 26; 4; 18
11,77,0.33308,0.14286,5; 4; 11; 77; 7; 23; 31; 9
15,75,0.37624,0.2,4; 4; 15; 75; 27; 30; 14; 7
8,77,0.28844,0.1039,6; 6; 8; 77; 31; 19; 32; 4
31,49,0.62069,0.63265,9; 5; 31; 49; 28; 9; 21; 14
30,31,0.58648,0.96774,4; 16; 30; 31; 17; 17; 32; 17
15,42,0.34288,0.35714,14; 7; 15; 42; 7; 21; 15; 4
34,53,0.64092,0.64151,5; 3; 34; 53; 29; 14; 27; 14
24,64,0.44225,0.375,3; 3; 24; 64; 20; 21; 4; 20
6,10,0.77625,0.6,24; 28; 6; 10; 26; 30; 10; 19
27,31,0.61596,0.87097,18; 4; 27; 31; 7; 3; 19; 23
7,9,0.80957,0.77778,22; 22; 7; 9; 3; 29; 26; 19
6,82,0.3461,0.07317,3; 5; 6; 82; 15; 10; 9; 22
9,31,0.65938,0.29032,19; 19; 9; 31; 19; 20; 7; 15
26,48,0.55177,0.54167,4; 4; 26; 48; 7; 6; 7; 21
5,82,0.30529,0.06098,3; 5; 5; 82; 16; 11; 6; 15
7,82,0.33994,0.08537,4; 4; 7; 82; 23; 32; 8; 24
11,26,0.65194,0.42308,16; 10; 11; 26; 5; 19; 30; 32
5,75,0.27477,0.06667,7; 4; 5; 75; 18; 11; 19; 20
11,75,0.35058,0.14667,6; 6; 11; 75; 18; 15; 11; 7
6,9,0.82364,0.66667,18; 37; 6; 9; 18; 18; 9; 30
30,32,0.60486,0.9375,4; 3; 30; 32; 30; 6; 31; 29
6,9,0.8339,0.66667,24; 8; 6; 9; 7; 18; 6; 14
29,32,0.58624,0.90625,9; 14; 29; 32; 8; 14; 30; 22
29,42,0.58561,0.69048,5; 8; 29; 42; 19; 32; 11; 23
6,82,0.3589,0.07317,5; 4; 6; 82; 15; 8; 19; 12
26,48,0.52532,0.54167,12; 7; 26; 48; 23; 13; 19; 19
11,75,0.32073,0.14667,5; 5; 11; 75; 9; 22; 11; 6
8,75,0.32027,0.10667,6; 3; 8; 75; 14; 28; 15; 21
7,63,0.19415,0.11111,12; 14; 7; 63; 29; 18; 7; 12
12,75,0.34625,0.16,4; 5; 12; 75; 26; 14; 22; 26
17,70,0.37191,0.24286,5; 5; 17; 70; 6; 21; 25; 29
15,75,0.35951,0.2,3; 3; 15; 75; 16; 14; 16; 10
9,10,0.81385,0.9,19; 21; 9; 10; 5; 3; 10; 23
9,10,0.8046,0.9,19; 3; 9; 10; 25; 25; 7; 23
6,10,0.82837,0.6,20; 19; 6; 10; 14; 22; 9; 32
8,82,0.38489,0.09756,3; 4; 8; 82; 5; 28; 32; 8
29,31,0.60561,0.93548,13; 8; 29; 31; 24; 10; 23; 15
29,53,0.54397,0.54717,6; 8; 29; 53; 20; 17; 26; 16
23,31,0.48863,0.74194,15; 7; 23; 31; 31; 28; 24; 6
9,77,0.31215,0.11688,3; 5; 9; 77; 17; 3; 31; 5
20,31,0.55639,0.64516,10; 13; 20; 31; 15; 3; 20; 24
39,42,0.72296,0.92857,4; 8; 39; 42; 12; 4; 29; 11
6,78,0.3401,0.07692,4; 4; 6; 78; 9; 31; 30; 22
10,77,0.32,0.12987,3; 5; 10; 77; 12; 12; 11; 32
22,64,0.41246,0.34375,3; 4; 22; 64; 21; 11; 13; 3
8,9,0.80513,0.88889,23; 13; 8; 9; 23; 12; 32; 22
5,10,0.82075,0.5,14; 22; 5; 10; 19; 31; 12; 8
7,9,0.82724,0.77778,9; 36; 7; 9; 8; 31; 7; 31
33,48,0.65017,0.6875,5; 6; 33; 48; 22; 15; 22; 28
7,9,0.81817,0.77778,38; 40; 7; 9; 29; 9; 26; 26
5,82,0.27843,0.06098,3; 3; 5; 82; 20; 25; 14; 27
7,26,0.6256,0.26923,18; 11; 7; 26; 25; 10; 6; 21
21,26,0.54642,0.80769,5; 16; 21; 26; 25; 29; 15; 26
6,48,0.15553,0.125,18; 14; 6; 48; 11; 30; 23; 28
8,10,0.78476,0.8,3; 34; 8; 10; 5; 18; 30; 18
16,49,0.3505,0.32653,13; 6; 16; 49; 28; 3; 27; 30
6,78,0.21279,0.07692,3; 5; 6; 78; 18; 14; 19; 6
40,48,0.80568,0.83333,3; 5; 40; 48; 31; 9; 31; 5
29,48,0.59151,0.60417,8; 8; 29; 48; 7; 20; 26; 30
13,75,0.33252,0.17333,4; 4; 13; 75; 15; 20; 13; 19
19,49,0.41125,0.38776,11; 15; 19; 49; 18; 25; 6; 8
11,26,0.70914,0.42308,6; 20; 11; 26; 14; 16; 32; 23
5,10,0.80878,0.5,33; 23; 5; 10; 32; 3; 21; 13
10,75,0.26009,0.13333,5; 5; 10; 75; 30; 8; 13; 16
27,63,0.48905,0.42857,4; 3; 27; 63; 22; 31; 11; 3
18,48,0.40632,0.375,4; 10; 18; 48; 17; 10; 26; 29
18,64,0.36223,0.28125,3; 4; 18; 64; 17; 16; 18; 31
11,31,0.5463,0.35484,15; 11; 11; 31; 30; 11; 6; 3
8,9,0.82949,0.88889,6; 12; 8; 9; 22; 19; 11; 24
12,31,0.70746,0.3871,9; 7; 12; 31; 24; 27; 24; 22
9,31,0.58613,0.29032,8; 9; 9; 31; 26; 28; 14; 20
13,42,0.43383,0.30952,13; 18; 13; 42; 3; 18; 16; 24
11,75,0.31659,0.14667,5; 3; 11; 75; 13; 24; 25; 25
21,32,0.53997,0.65625,12; 10; 21; 32; 3; 18; 14; 5
7,70,0.25242,0.1,5; 4; 7; 70; 30; 21; 12; 15
7,75,0.30095,0.09333,3; 3; 7; 75; 13; 19; 24; 24
9,10,0.78553,0.9,24; 7; 9; 10; 3; 14; 9; 30
19,49,0.38551,0.38776,9; 13; 19; 49; 5; 29; 11; 3
12,26,0.6262,0.46154,27; 5; 12; 26; 19; 14; 13; 16
5,70,0.23578,0.07143,11; 8; 5; 70; 8; 29; 13; 12
13,53,0.23748,0.24528,13; 14; 13; 53; 15; 19; 32; 23
8,10,0.82961,0.8,31; 26; 8; 10; 17; 26; 11; 7
8,10,0.79543,0.8,10; 37; 8; 10; 10; 12; 24; 3
5,9,0.81066,0.55556,41; 12; 5; 9; 25; 31; 5; 3
19,32,0.48001,0.59375,23; 21; 19; 32; 12; 32; 20; 23
11,70,0.28223,0.15714,6; 7; 11; 70; 6; 10; 13; 32
24,42,0.53948,0.57143,5; 6; 24; 42; 12; 11; 17; 30
25,26,0.67024,0.96154,17; 23; 25; 26; 21; 6; 16; 14
40,48,0.81307,0.83333,3; 4; 40; 48; 7; 20; 8; 18
7,10,0.82422,0.7,37; 24; 7; 10; 16; 24; 9; 28
8,32,0.54494,0.25,7; 25; 8; 32; 14; 11; 16; 31
6,70,0.2075,0.08571,9; 7; 6; 70; 6; 17; 14; 4
25,31,0.57722,0.80645,13; 6; 25; 31; 4; 15; 32; 26
6,53,0.13891,0.11321,12; 14; 6; 53; 3; 23; 11; 28
7,77,0.24817,0.09091,4; 7; 7; 77; 17; 18; 28; 3
24,63,0.447,0.38095,4; 5; 24; 63; 18; 3; 12; 23
32,42,0.63024,0.7619,6; 6; 32; 42; 22; 30; 18; 27
6,64,0.19229,0.09375,8; 13; 6; 64; 17; 13; 6; 5
16,32,0.52694,0.5,9; 3; 16; 32; 27; 14; 16; 6
8,49,0.19195,0.16327,19; 9; 8; 49; 5; 28; 3; 18
26,64,0.45666,0.40625,4; 3; 26; 64; 14; 26; 30; 14
7,26,0.73483,0.26923,24; 21; 7; 26; 9; 13; 6; 32
12,70,0.28566,0.17143,4; 8; 12; 70; 22; 20; 24; 15
9,70,0.26185,0.12857,8; 8; 9; 70; 7; 21; 24; 17
9,10,0.79057,0.9,32; 34; 9; 10; 4; 31; 13; 6
10,48,0.21988,0.20833,8; 9; 10; 48; 29; 7; 3; 13
30,31,0.64797,0.96774,13; 7; 30; 31; 26; 6; 7; 6
10,31,0.61612,0.32258,26; 12; 10; 31; 3; 32; 28; 17
6,64,0.18626,0.09375,4; 7; 6; 64; 15; 31; 23; 18
38,49,0.75325,0.77551,4; 3; 38; 49; 10; 11; 11; 31
10,49,0.20215,0.20408,17; 18; 10; 49; 29; 6; 29; 6
20,70,0.42953,0.28571,3; 3; 20; 70; 17; 10; 13; 9
37,42,0.66243,0.88095,8; 6; 37; 42; 26; 4; 6; 23
10,77,0.3463,0.12987,3; 3; 10; 77; 28; 6; 31; 3
22,49,0.44936,0.44898,6; 12; 22; 49; 25; 22; 26; 6
17,32,0.5584,0.53125,12; 8; 17; 32; 13; 17; 6; 16
14,48,0.28729,0.29167,14; 6; 14; 48; 28; 28; 14; 18
7,9,0.80108,0.77778,27; 28; 7; 9; 31; 30; 24; 11
10,70,0.25596,0.14286,3; 3; 10; 70; 18; 29; 29; 16
5,82,0.30086,0.06098,5; 3; 5; 82; 26; 32; 13; 24
5,42,0.19442,0.11905,14; 11; 5; 42; 19; 16; 17; 6
8,10,0.77611,0.8,34; 36; 8; 10; 11; 20; 11; 29
7,82,0.29891,0.08537,4; 4; 7; 82; 16; 22; 14; 18
19,70,0.38317,0.27143,4; 3; 19; 70; 19; 14; 22; 28
8,78,0.27505,0.10256,3; 4; 8; 78; 25; 8; 28; 13
23,49,0.46621,0.46939,4; 9; 23; 49; 13; 30; 6; 11
18,63,0.35471,0.28571,4; 7; 18; 63; 23; 25; 16; 13
6,49,0.16979,0.12245,4; 12; 6; 49; 17; 25; 18; 8
6,53,0.15668,0.11321,6; 15; 6; 53; 14; 23; 16; 21
30,49,0.61154,0.61224,3; 4; 30; 49; 3; 24; 20; 11
9,10,0.81964,0.9,14; 35; 9; 10; 18; 21; 29; 4
16,70,0.36505,0.22857,6; 6; 16; 70; 21; 16; 32; 7
25,32,0.57612,0.78125,3; 17; 25; 32; 3; 19; 26; 26
12,75,0.31537,0.16,5; 3; 12; 75; 18; 18; 31; 8
28,53,0.53428,0.5283,6; 5; 28; 53; 31; 15; 19; 4
7,75,0.25366,0.09333,3; 5; 7; 75; 31; 10; 30; 20
18,64,0.34268,0.28125,5; 4; 18; 64; 13; 20; 29; 28
11,26,0.65426,0.42308,23; 28; 11; 26; 16; 21; 14; 21
11,77,0.34555,0.14286,5; 4; 11; 77; 19; 28; 14; 28
5,9,0.83294,0.55556,34; 12; 5; 9; 13; 21; 11; 28
7,9,0.8119,0.77778,6; 9; 7; 9; 7; 7; 24; 21
29,32,0.5638,0.90625,14; 14; 29; 32; 30; 26; 15; 12
23,32,0.60123,0.71875,20; 15; 23; 32; 22; 13; 18; 29
6,48,0.17148,0.125,14; 14; 6; 48; 10; 22; 11; 27
5,9,0.80391,0.55556,26; 33; 5; 9; 6; 14; 4; 21
8,63,0.19285,0.12698,3; 4; 8; 63; 10; 13; 25; 7
17,31,0.5,0.54839,4; 10; 17; 31; 21; 22; 21; 8
30,31,0.69975,0.96774,5; 17; 30; 31; 5; 5; 18; 6
12,77,0.37268,0.15584,3; 3; 12; 77; 22; 25; 23; 26
6,32,0.59371,0.1875,24; 23; 6; 32; 23; 12; 5; 20
23,31,0.55175,0.74194,11; 9; 23; 31; 19; 28; 11; 29
41,48,0.79027,0.85417,3; 3; 41; 48; 27; 25; 7; 15
16,26,0.53211,0.61538,11; 23; 16; 26; 23; 8; 4; 6
6,82,0.33673,0.07317,5; 4; 6; 82; 9; 31; 20; 14
27,42,0.60003,0.64286,8; 9; 27; 42; 3; 30; 24; 12
8,77,0.27818,0.1039,3; 6; 8; 77; 11; 10; 26; 31
14,75,0.34498,0.18667,3; 3; 14; 75; 27; 21; 24; 6
29,32,0.62782,0.90625,8; 14; 29; 32; 15; 7; 4; 27
21,49,0.42988,0.42857,12; 12; 21; 49; 9; 4; 19; 27
12,75,0.36962,0.16,3; 5; 12; 75; 4; 10; 24; 30
28,31,0.47537,0.90323,15; 14; 28; 31; 9; 19; 24; 17
10,64,0.21638,0.15625,3; 6; 10; 64; 29; 27; 14; 24
13,48,0.35446,0.27083,12; 7; 13; 48; 14; 3; 7; 12
6,82,0.29668,0.07317,4; 4; 6; 82; 25; 3; 25; 15
9,64,0.19529,0.14062,9; 6; 9; 64; 15; 20; 17; 17
23,26,0.56572,0.88462,3; 9; 23; 26; 10; 3; 23; 11
9,70,0.27406,0.12857,4; 9; 9; 70; 7; 15; 22; 7
8,9,0.81728,0.88889,40; 24; 8; 9; 28; 29; 7; 4
12,49,0.26739,0.2449,14; 7; 12; 49; 12; 8; 7; 13
27,31,0.61524,0.87097,15; 18; 27; 31; 9; 30; 25; 18
11,26,0.63938,0.42308,5; 26; 11; 26; 25; 26; 18; 12
32,53,0.59342,0.60377,4; 4; 32; 53; 32; 4; 15; 19
17,70,0.3442,0.24286,3; 3; 17; 70; 11; 25; 8; 8
6,75,0.2714,0.08,3; 3; 6; 75; 26; 7; 5; 30
26,63,0.46327,0.4127,4; 4; 26; 63; 15; 17; 22; 20
15,53,0.3011,0.28302,12; 9; 15; 53; 6; 7; 13; 31
11,49,0.23052,0.22449,8; 10; 11; 49; 30; 11; 12; 28
25,63,0.46175,0.39683,5; 3; 25; 63; 5; 13; 15; 19
31,42,0.67398,0.7381,6; 12; 31; 42; 31; 28; 19; 19
9,49,0.20776,0.18367,6; 12; 9; 49; 31; 16; 4; 31
5,9,0.83035,0.55556,35; 15; 5; 9; 4; 20; 32; 32
7,32,0.63843,0.21875,14; 26; 7; 32; 9; 24; 23; 8
16,63,0.32297,0.25397,5; 9; 16; 63; 16; 3; 5; 29
9,10,0.79396,0.9,28; 18; 9; 10; 18; 26; 30; 20
9,70,0.2646,0.12857,4; 9; 9; 70; 32; 23; 6; 20
8,70,0.26347,0.11429,5; 3; 8; 70; 25; 11; 17; 23
12,75,0.32964,0.16,4; 4; 12; 75; 11; 19; 30; 23
7,82,0.32271,0.08537,3; 4; 7; 82; 29; 28; 10; 29
22,26,0.53751,0.84615,25; 7; 22; 26; 19; 4; 23; 10
25,53,0.44856,0.4717,4; 10; 25; 53; 8; 5; 10; 4
9,78,0.32413,0.11538,4; 4; 9; 78; 16; 4; 25; 20
14,75,0.3441,0.18667,4; 3; 14; 75; 10; 26; 13; 14
5,78,0.25622,0.0641,3; 6; 5; 78; 5; 4; 11; 15
15,70,0.37192,0.21429,3; 6; 15; 70; 12; 13; 14; 15
7,31,0.6092,0.22581,3; 17; 7; 31; 30; 31; 12; 5
40,48,0.81019,0.83333,5; 3; 40; 48; 16; 3; 14; 26
6,10,0.79219,0.6,30; 29; 6; 10; 28; 12; 23; 18
12,77,0.33297,0.15584,3; 4; 12; 77; 31; 18; 7; 7
23,42,0.50467,0.54762,5; 14; 23; 42; 9; 7; 32; 7
10,77,0.32811,0.12987,4; 3; 10; 77; 9; 25; 3; 12
30,42,0.56981,0.71429,6; 7; 30; 42; 8; 19; 25; 28
16,26,0.61885,0.61538,20; 5; 16; 26; 19; 13; 27; 32
6,82,0.31336,0.07317,5; 5; 6; 82; 9; 32; 31; 19
14,70,0.32398,0.2,5; 5; 14; 70; 8; 4; 12; 24
10,63,0.19805,0.15873,9; 12; 10; 63; 5; 10; 20; 18
34,42,0.67276,0.80952,8; 3; 34; 42; 3; 26; 16; 29
26,64,0.4585,0.40625,3; 3; 26; 64; 18; 4; 26; 21
9,10,0.81735,0.9,15; 24; 9; 10; 27; 21; 24; 7
16,32,0.52926,0.5,10; 20; 16; 32; 9; 24; 20; 7
11,31,0.48256,0.35484,24; 22; 11; 31; 15; 17; 32; 6
20,63,0.39992,0.31746,5; 5; 20; 63; 9; 7; 22; 30
7,31,0.79264,0.22581,7; 7; 7; 31; 11; 23; 6; 4
7,10,0.82599,0.7,18; 33; 7; 10; 7; 15; 21; 20
25,64,0.44537,0.39062,3; 4; 25; 64; 11; 26; 25; 17
30,42,0.61536,0.71429,12; 5; 30; 42; 16; 22; 6; 10
9,75,0.3275,0.12,5; 7; 9; 75; 4; 6; 24; 17
17,63,0.34666,0.26984,4; 9; 17; 63; 7; 21; 21; 11
7,77,0.25652,0.09091,4; 7; 7; 77; 26; 15; 3; 17
37,53,0.68464,0.69811,3; 4; 37; 53; 25; 25; 7; 32
15,63,0.29996,0.2381,6; 9; 15; 63; 28; 23; 21; 16
9,10,0.82545,0.9,26; 28; 9; 10; 27; 3; 22; 8
6,64,0.16479,0.09375,3; 6; 6; 64; 25; 7; 18; 28
9,49,0.1871,0.18367,16; 4; 9; 49; 21; 25; 3; 9
11,77,0.35633,0.14286,5; 5; 11; 77; 10; 29; 25; 27
11,78,0.32968,0.14103,3; 3; 11; 78; 32; 23; 17; 5
8,48,0.21218,0.16667,15; 11; 8; 48; 9; 8; 31; 12
6,82,0.30182,0.07317,5; 3; 6; 82; 11; 23; 29; 9
17,32,0.50756,0.53125,23; 17; 17; 32; 13; 19; 4; 18
13,26,0.57079,0.5,7; 29; 13; 26; 14; 4; 4; 7
13,48,0.28481,0.27083,7; 3; 13; 48; 24; 13; 15; 28
5,10,0.83203,0.5,10; 8; 5; 10; 5; 25; 26; 14
16,64,0.34818,0.25,6; 6; 16; 64; 26; 25; 27; 5
23,53,0.44149,0.43396,10; 6; 23; 53; 9; 9; 30; 6
20,63,0.42993,0.31746,3; 7; 20; 63; 20; 28; 13; 23
22,26,0.57719,0.84615,14; 10; 22; 26; 22; 22; 18; 20
18,63,0.37057,0.28571,5; 7; 18; 63; 18; 26; 8; 3
26,64,0.48133,0.40625,4; 4; 26; 64; 14; 15; 12; 20
19,53,0.34316,0.35849,9; 10; 19; 53; 9; 9; 7; 8
5,10,0.82512,0.5,12; 22; 5; 10; 11; 6; 28; 5
15,75,0.37145,0.2,4; 4; 15; 75; 23; 3; 31; 10
13,49,0.28906,0.26531,3; 12; 13; 49; 10; 28; 16; 23
6,9,0.80641,0.66667,3; 4; 6; 9; 12; 23; 30; 31
34,48,0.68018,0.70833,5; 6; 34; 48; 26; 6; 23; 29
16,31,0.76065,0.51613,13; 6; 16; 31; 22; 22; 6; 28
7,10,0.83166,0.7,15; 8; 7; 10; 23; 10; 26; 26
6,10,0.82082,0.6,37; 7; 6; 10; 6; 8; 17; 17
10,77,0.36047,0.12987,3; 4; 10; 77; 31; 21; 12; 12
7,10,0.75866,0.7,40; 10; 7; 10; 19; 15; 20; 27
14,32,0.56298,0.4375,4; 17; 14; 32; 10; 7; 11; 8
7,26,0.8027,0.26923,23; 27; 7; 26; 22; 17; 25; 28
5,10,0.83847,0.5,6; 36; 5; 10; 13; 3; 8; 25
6,42,0.23726,0.14286,12; 24; 6; 42; 24; 25; 13; 16
9,49,0.19223,0.18367,17; 13; 9; 49; 22; 25; 21; 15
19,63,0.36065,0.30159,8; 5; 19; 63; 15; 30; 3; 5
9,63,0.19974,0.14286,8; 9; 9; 63; 21; 18; 17; 25
10,70,0.27795,0.14286,3; 3; 10; 70; 27; 31; 27; 9
6,10,0.80522,0.6,27; 38; 6; 10; 9; 32; 31; 11
6,82,0.3554,0.07317,3; 3; 6; 82; 10; 32; 30; 20
26,63,0.47565,0.4127,3; 3; 26; 63; 22; 25; 30; 10
18,53,0.36858,0.33962,8; 12; 18; 53; 12; 7; 9; 9
17,53,0.31453,0.32075,8; 10; 17; 53; 16; 18; 13; 24
6,82,0.29309,0.07317,4; 4; 6; 82; 15; 30; 22; 3
30,48,0.60648,0.625,7; 7; 30; 48; 20; 18; 18; 11
12,70,0.31806,0.17143,7; 4; 12; 70; 26; 29; 20; 21
8,53,0.18627,0.15094,14; 17; 8; 53; 27; 26; 9; 11
6,75,0.25744,0.08,8; 3; 6; 75; 11; 11; 19; 21
24,49,0.49356,0.4898,3; 4; 24; 49; 17; 11; 19; 15
10,63,0.20943,0.15873,10; 3; 10; 63; 12; 18; 11; 7
11,75,0.34622,0.14667,5; 5; 11; 75; 27; 32; 7; 23
35,49,0.70354,0.71429,6; 4; 35; 49; 22; 8; 29; 29
10,63,0.20884,0.15873,5; 11; 10; 63; 24; 19; 32; 13
9,48,0.2014,0.1875,13; 11; 9; 48; 15; 14; 24; 23
10,70,0.28444,0.14286,7; 5; 10; 70; 18; 9; 31; 19
6,75,0.24099,0.08,4; 5; 6; 75; 4; 6; 11; 31
12,32,0.82931,0.375,12; 10; 12; 32; 16; 6; 16; 17
6,31,0.78324,0.19355,22; 18; 6; 31; 9; 25; 18; 9
6,82,0.31925,0.07317,3; 5; 6; 82; 7; 28; 6; 21
9,10,0.80292,0.9,14; 9; 9; 10; 32; 3; 6; 12
15,53,0.28703,0.28302,3; 10; 15; 53; 6; 20; 31; 26
14,53,0.26216,0.26415,14; 4; 14; 53; 26; 19; 25; 19
11,26,0.52488,0.42308,17; 19; 11; 26; 7; 16; 19; 32
13,77,0.3682,0.16883,4; 3; 13; 77; 11; 4; 8; 10
23,31,0.64646,0.74194,11; 20; 23; 31; 26; 16; 4; 30
6,10,0.80491,0.6,29; 10; 6; 10; 6; 27; 16; 15
7,82,0.35304,0.08537,4; 3; 7; 82; 28; 21; 12; 4
15,64,0.316,0.23438,9; 5; 15; 64; 19; 31; 14; 6
11,49,0.24894,0.22449,7; 19; 11; 49; 19; 12; 20; 22
9,78,0.2718,0.11538,4; 5; 9; 78; 5; 18; 3; 29
5,82,0.34685,0.06098,5; 4; 5; 82; 23; 10; 4; 27
5,10,0.80834,0.5,33; 22; 5; 10; 26; 28; 18; 11
37,48,0.75089,0.77083,6; 3; 37; 48; 3; 17; 10; 30
7,64,0.18435,0.10938,10; 9; 7; 64; 22; 5; 27; 31
11,32,0.61184,0.34375,14; 18; 11; 32; 18; 22; 3; 28
7,75,0.25711,0.09333,7; 5; 7; 75; 20; 12; 4; 8
26,49,0.53126,0.53061,9; 7; 26; 49; 14; 4; 20; 27
7,82,0.35381,0.08537,3; 3; 7; 82; 15; 6; 20; 26
12,70,0.27155,0.17143,8; 3; 12; 70; 4; 8; 23; 21
14,49,0.28077,0.28571,4; 12; 14; 49; 11; 3; 29; 19
9,10,0.82457,0.9,28; 22; 9; 10; 8; 18; 13; 29
24,42,0.46381,0.57143,15; 12; 24; 42; 10; 22; 32; 16
5,70,0.20953,0.07143,8; 10; 5; 70; 30; 20; 20; 23
13,75,0.36638,0.17333,4; 5; 13; 75; 28; 5; 19; 14
5,10,0.82019,0.5,11; 27; 5; 10; 18; 22; 22; 3
10,75,0.33533,0.13333,6; 5; 10; 75; 16; 17; 6; 7
8,78,0.29058,0.10256,5; 5; 8; 78; 29; 16; 14; 8
36,48,0.70875,0.75,7; 7; 36; 48; 10; 10; 4; 10
9,10,0.81795,0.9,27; 19; 9; 10; 7; 18; 4; 10
23,53,0.42762,0.43396,3; 3; 23; 53; 31; 17; 15; 18
8,63,0.2073,0.12698,5; 13; 8; 63; 16; 21; 25; 14
6,48,0.16105,0.125,13; 8; 6; 48; 11; 9; 7; 15
37,49,0.74351,0.7551,4; 4; 37; 49; 5; 28; 12; 21
5,9,0.8229,0.55556,20; 27; 5; 9; 18; 7; 29; 31
14,31,0.58021,0.45161,14; 7; 14; 31; 27; 19; 10; 27
37,48,0.70342,0.77083,4; 6; 37; 48; 9; 8; 28; 5
19,32,0.76058,0.59375,5; 23; 19; 32; 30; 28; 5; 17
8,82,0.38522,0.09756,3; 3; 8; 82; 30; 27; 5; 17
16,32,0.44658,0.5,13; 4; 16; 32; 12; 23; 19; 6
9,10,0.81685,0.9,7; 15; 9; 10; 16; 5; 17; 22
7,77,0.2558,0.09091,4; 3; 7; 77; 5; 6; 20; 26
7,82,0.29074,0.08537,4; 3; 7; 82; 27; 16; 30; 6
38,42,0.70989,0.90476,7; 8; 38; 42; 27; 19; 29; 18
31,42,0.63768,0.7381,8; 7; 31; 42; 29; 11; 25; 9
5,78,0.2521,0.0641,5; 7; 5; 78; 20; 32; 9; 14
13,70,0.33041,0.18571,4; 4; 13; 70; 19; 15; 7; 4
16,26,0.80576,0.61538,6; 7; 16; 26; 30; 11; 6; 8
5,82,0.35069,0.06098,5; 3; 5; 82; 21; 12; 8; 22
18,48,0.36216,0.375,15; 5; 18; 48; 8; 22; 32; 10
21,48,0.45415,0.4375,3; 4; 21; 48; 6; 32; 14; 22
8,53,0.17012,0.15094,17; 3; 8; 53; 32; 16; 8; 28
6,53,0.16332,0.11321,14; 4; 6; 53; 30; 9; 26; 18
15,70,0.35874,0.21429,4; 3; 15; 70; 24; 30; 8; 17
27,49,0.52704,0.55102,9; 4; 27; 49; 3; 13; 26; 29
33,53,0.64148,0.62264,6; 5; 33; 53; 22; 7; 16; 29
14,49,0.3302,0.28571,15; 17; 14; 49; 23; 15; 15; 9
5,26,0.62459,0.19231,24; 7; 5; 26; 23; 3; 25; 13
11,75,0.29259,0.14667,6; 6; 11; 75; 5; 17; 20; 17
16,70,0.38057,0.22857,4; 5; 16; 70; 6; 22; 30; 20
18,63,0.37851,0.28571,7; 8; 18; 63; 21; 28; 3; 20
15,75,0.40001,0.2,4; 3; 15; 75; 8; 28; 17; 24
8,9,0.81439,0.88889,13; 35; 8; 9; 9; 9; 6; 7
19,48,0.38574,0.39583,11; 15; 19; 48; 10; 21; 4; 29
5,42,0.19837,0.11905,3; 12; 5; 42; 4; 8; 24; 6
24,31,0.5549,0.77419,19; 21; 24; 31; 11; 8; 27; 29
36,48,0.6925,0.75,7; 4; 36; 48; 30; 10; 8; 12
21,53,0.4107,0.39623,8; 6; 21; 53; 5; 5; 14; 32
27,63,0.47031,0.42857,4; 4; 27; 63; 32; 17; 9; 9
7,78,0.32405,0.08974,6; 4; 7; 78; 32; 30; 11; 14
21,64,0.42148,0.32812,3; 4; 21; 64; 16; 26; 17; 16
8,9,0.81786,0.88889,16; 8; 8; 9; 20; 8; 24; 25
11,70,0.25464,0.15714,5; 3; 11; 70; 24; 17; 3; 28
6,78,0.30962,0.07692,5; 4; 6; 78; 10; 17; 23; 28
31,42,0.61152,0.7381,6; 6; 31; 42; 8; 29; 22; 15
5,10,0.8087,0.5,39; 23; 5; 10; 17; 27; 8; 19
8,70,0.27043,0.11429,6; 5; 8; 70; 31; 16; 18; 16
21,49,0.39959,0.42857,11; 6; 21; 49; 26; 27; 21; 20
17,26,0.58766,0.65385,25; 23; 17; 26; 15; 17; 18; 19
7,10,0.80895,0.7,21; 6; 7; 10; 23; 30; 4; 16
7,82,0.31229,0.08537,3; 4; 7; 82; 18; 12; 6; 31
15,63,0.29953,0.2381,8; 8; 15; 63; 9; 31; 24; 12
15,70,0.36754,0.21429,6; 3; 15; 70; 18; 4; 17; 10
38,49,0.76478,0.77551,3; 4; 38; 49; 6; 5; 4; 9
11,78,0.33977,0.14103,3; 3; 11; 78; 29; 9; 11; 3
8,9,0.83529,0.88889,3; 26; 8; 9; 17; 31; 29; 12
18,64,0.36416,0.28125,8; 5; 18; 64; 11; 24; 27; 23
21,49,0.45899,0.42857,13; 5; 21; 49; 10; 22; 22; 32
25,26,0.57017,0.96154,8; 8; 25; 26; 15; 14; 32; 26
15,75,0.36268,0.2,4; 4; 15; 75; 11; 11; 5; 14
8,70,0.27093,0.11429,10; 3; 8; 70; 8; 6; 31; 13
16,31,0.62046,0.51613,16; 25; 16; 31; 11; 6; 8; 29
5,82,0.31095,0.06098,5; 5; 5; 82; 20; 11; 4; 14
12,48,0.29902,0.25,18; 12; 12; 48; 4; 9; 30; 4
10,77,0.32733,0.12987,4; 5; 10; 77; 13; 10; 10; 31
5,9,0.81767,0.55556,7; 22; 5; 9; 32; 7; 28; 18
6,48,0.1776,0.125,8; 6; 6; 48; 29; 18; 29; 18
7,9,0.80779,0.77778,4; 15; 7; 9; 5; 22; 29; 15
9,10,0.78358,0.9,7; 18; 9; 10; 22; 24; 15; 3
20,53,0.38276,0.37736,6; 3; 20; 53; 31; 11; 22; 11
12,63,0.26106,0.19048,9; 9; 12; 63; 3; 16; 19; 7
7,10,0.82115,0.7,8; 14; 7; 10; 15; 7; 23; 9
8,26,0.8083,0.30769,22; 15; 8; 26; 10; 31; 20; 21
13,75,0.3226,0.17333,5; 4; 13; 75; 14; 29; 26; 6
29,48,0.56387,0.60417,5; 6; 29; 48; 24; 31; 7; 24
12,77,0.36843,0.15584,4; 4; 12; 77; 8; 9; 6; 22
11,31,0.54464,0.35484,5; 5; 11; 31; 31; 9; 18; 11
5,82,0.36208,0.06098,3; 5; 5; 82; 11; 11; 5; 25
23,64,0.44171,0.35938,4; 4; 23; 64; 8; 19; 23; 28
6,77,0.28675,0.07792,7; 5; 6; 77; 20; 30; 18; 16
18,63,0.2993,0.28571,6; 8; 18; 63; 32; 10; 27; 3
17,49,0.30221,0.34694,5; 11; 17; 49; 28; 29; 4; 6
20,32,0.4294,0.625,14; 8; 20; 32; 20; 28; 3; 4
37,42,0.70067,0.88095,7; 3; 37; 42; 14; 5; 17; 5
5,78,0.28069,0.0641,4; 3; 5; 78; 20; 10; 24; 28
7,9,0.80478,0.77778,20; 18; 7; 9; 24; 30; 13; 4
5,78,0.25514,0.0641,6; 3; 5; 78; 25; 14; 31; 5
13,26,0.5278,0.5,7; 14; 13; 26; 15; 32; 22; 24
12,64,0.25464,0.1875,4; 10; 12; 64; 15; 4; 13; 18
9,10,0.82241,0.9,12; 29; 9; 10; 20; 17; 32; 21
12,70,0.31629,0.17143,4; 7; 12; 70; 27; 6; 6; 9
8,82,0.36293,0.09756,4; 3; 8; 82; 9; 17; 14; 26
11,53,0.20485,0.20755,6; 7; 11; 53; 22; 22; 19; 28
9,78,0.36533,0.11538,4; 3; 9; 78; 17; 31; 10; 7
9,42,0.29212,0.21429,22; 23; 9; 42; 19; 23; 16; 24
23,32,0.53985,0.71875,21; 3; 23; 32; 23; 12; 32; 16
14,70,0.30324,0.2,4; 5; 14; 70; 18; 9; 7; 11
12,53,0.25928,0.22642,7; 15; 12; 53; 13; 14; 21; 8
22,26,0.48336,0.84615,12; 12; 22; 26; 23; 14; 8; 17
19,70,0.37242,0.27143,4; 4; 19; 70; 6; 13; 6; 21
26,31,0.60241,0.83871,15; 7; 26; 31; 11; 28; 31; 5
7,78,0.31634,0.08974,6; 3; 7; 78; 5; 5; 11; 18
15,75,0.36979,0.2,3; 3; 15; 75; 25; 17; 21; 20
20,26,0.4255,0.76923,18; 21; 20; 26; 17; 25; 6; 25
30,32,0.52323,0.9375,8; 14; 30; 32; 8; 16; 15; 22
6,70,0.26074,0.08571,3; 10; 6; 70; 13; 6; 6; 10
8,48,0.19189,0.16667,16; 20; 8; 48; 16; 25; 16; 3
5,9,0.81107,0.55556,22; 37; 5; 9; 14; 8; 31; 3
35,48,0.692,0.72917,3; 4; 35; 48; 12; 32; 13; 17
5,9,0.82012,0.55556,12; 22; 5; 9; 10; 12; 10; 9
13,53,0.28258,0.24528,3; 10; 13; 53; 23; 7; 27; 9
30,53,0.55532,0.56604,7; 7; 30; 53; 4; 5; 4; 6
24,32,0.57475,0.75,13; 19; 24; 32; 13; 7; 7; 11
28,31,0.49888,0.90323,9; 5; 28; 31; 4; 9; 20; 3
19,53,0.37011,0.35849,3; 8; 19; 53; 32; 12; 25; 25
10,26,0.64636,0.38462,24; 24; 10; 26; 13; 20; 11; 29
12,70,0.32095,0.17143,3; 3; 12; 70; 32; 13; 27; 5
32,53,0.58498,0.60377,4; 5; 32; 53; 21; 7; 31; 20
28,53,0.53282,0.5283,7; 7; 28; 53; 31; 10; 13; 27
5,32,0.51962,0.15625,5; 17; 5; 32; 17; 13; 13; 3
6,9,0.80824,0.66667,5; 23; 6; 9; 18; 8; 5; 29
17,26,0.49548,0.65385,3; 25; 17; 26; 22; 18; 4; 19
33,53,0.63014,0.62264,6; 4; 33; 53; 6; 12; 17; 6
14,26,0.62102,0.53846,10; 8; 14; 26; 15; 23; 3; 6
35,48,0.69221,0.72917,3; 5; 35; 48; 20; 20; 26; 10
19,26,0.71846,0.73077,13; 3; 19; 26; 6; 13; 12; 18
5,42,0.22632,0.11905,17; 11; 5; 42; 13; 5; 18; 7
25,53,0.46717,0.4717,8; 4; 25; 53; 3; 4; 24; 5
21,26,0.63117,0.80769,17; 5; 21; 26; 29; 31; 5; 32
8,49,0.16434,0.16327,19; 13; 8; 49; 16; 23; 15; 17
9,10,0.79515,0.9,27; 8; 9; 10; 7; 19; 14; 27
7,42,0.23147,0.16667,21; 24; 7; 42; 27; 12; 31; 26
39,42,0.70631,0.92857,4; 5; 39; 42; 25; 8; 26; 20
19,64,0.39417,0.29688,7; 6; 19; 64; 12; 16; 32; 16
8,77,0.27148,0.1039,5; 4; 8; 77; 9; 21; 25; 3
29,42,0.61054,0.69048,5; 4; 29; 42; 23; 18; 5; 14
10,77,0.30606,0.12987,4; 5; 10; 77; 11; 28; 17; 30
12,48,0.23753,0.25,10; 5; 12; 48; 4; 21; 4; 32
21,31,0.57118,0.67742,16; 15; 21; 31; 8; 24; 30; 8
7,49,0.15846,0.14286,13; 4; 7; 49; 14; 17; 29; 14
25,63,0.46771,0.39683,3; 5; 25; 63; 7; 13; 27; 29
5,9,0.82573,0.55556,36; 10; 5; 9; 32; 21; 19; 21
6,82,0.34827,0.07317,5; 4; 6; 82; 5; 9; 3; 3
11,77,0.34489,0.14286,5; 5; 11; 77; 18; 26; 17; 23
8,31,0.6331,0.25806,19; 21; 8; 31; 29; 19; 7; 18
9,49,0.25007,0.18367,5; 11; 9; 49; 13; 11; 29; 12
15,75,0.35363,0.2,3; 3; 15; 75; 32; 20; 18; 18
5,75,0.26577,0.06667,3; 3; 5; 75; 4; 24; 25; 15
11,64,0.27982,0.17188,11; 3; 11; 64; 28; 31; 14; 18
6,9,0.82363,0.66667,33; 41; 6; 9; 4; 21; 26; 24
16,48,0.38037,0.33333,3; 8; 16; 48; 8; 11; 19; 28
35,42,0.67914,0.83333,5; 7; 35; 42; 26; 11; 5; 7
15,75,0.36468,0.2,3; 4; 15; 75; 17; 26; 16; 15
36,49,0.74044,0.73469,5; 6; 36; 49; 8; 30; 7; 26
8,82,0.34099,0.09756,3; 3; 8; 82; 15; 3; 19; 10
12,31,0.79357,0.3871,16; 7; 12; 31; 19; 25; 10; 19
11,75,0.33557,0.14667,5; 4; 11; 75; 21; 26; 3; 15
6,75,0.29739,0.08,7; 6; 6; 75; 8; 11; 21; 3
24,32,0.57306,0.75,6; 5; 24; 32; 3; 17; 17; 3
15,49,0.29939,0.30612,7; 5; 15; 49; 24; 4; 30; 14
22,48,0.44989,0.45833,12; 10; 22; 48; 15; 19; 16; 13
7,32,0.57375,0.21875,26; 4; 7; 32; 7; 22; 28; 12
12,26,0.70316,0.46154,29; 12; 12; 26; 8; 9; 26; 20
15,70,0.37629,0.21429,6; 6; 15; 70; 25; 10; 10; 17
16,49,0.34485,0.32653,12; 16; 16; 49; 29; 5; 13; 18
8,9,0.80766,0.88889,9; 14; 8; 9; 9; 9; 5; 29
8,75,0.26408,0.10667,7; 4; 8; 75; 20; 18; 22; 29
8,77,0.28693,0.1039,5; 4; 8; 77; 29; 7; 8; 10
16,26,0.71664,0.61538,22; 4; 16; 26; 11; 19; 26; 32
13,75,0.35726,0.17333,4; 5; 13; 75; 32; 16; 26; 13
11,78,0.348,0.14103,3; 4; 11; 78; 29; 13; 3; 22
9,77,0.32896,0.11688,3; 5; 9; 77; 21; 16; 10; 28
8,10,0.82058,0.8,31; 33; 8; 10; 16; 14; 14; 4
19,64,0.37128,0.29688,3; 6; 19; 64; 25; 6; 29; 9
9,75,0.27147,0.12,7; 7; 9; 75; 15; 8; 20; 8
15,63,0.33297,0.2381,5; 7; 15; 63; 7; 15; 4; 13
5,77,0.28664,0.06494,4; 8; 5; 77; 20; 4; 4; 13
8,26,0.67719,0.30769,24; 17; 8; 26; 4; 29; 10; 10
20,70,0.41217,0.28571,4; 3; 20; 70; 14; 26; 27; 23
12,31,0.59787,0.3871,17; 5; 12; 31; 6; 4; 27; 16
8,75,0.278,0.10667,5; 7; 8; 75; 10; 6; 10; 29
26,32,0.55555,0.8125,4; 4; 26; 32; 11; 3; 20; 23
21,26,0.62661,0.80769,7; 8; 21; 26; 31; 18; 11; 5
7,10,0.83099,0.7,5; 35; 7; 10; 15; 26; 12; 23
6,75,0.27197,0.08,5; 5; 6; 75; 13; 26; 28; 26
10,78,0.34055,0.12821,5; 5; 10; 78; 4; 11; 23; 30
17,63,0.3511,0.26984,9; 4; 17; 63; 4; 8; 11; 12
17,32,0.52403,0.53125,9; 18; 17; 32; 19; 30; 27; 20
25,31,0.5964,0.80645,19; 18; 25; 31; 17; 24; 22; 28
15,53,0.3147,0.28302,8; 7; 15; 53; 6; 25; 22; 20
11,77,0.33692,0.14286,4; 4; 11; 77; 14; 24; 6; 26
8,53,0.19039,0.15094,15; 14; 8; 53; 14; 7; 9; 8
20,70,0.41082,0.28571,3; 4; 20; 70; 20; 29; 16; 27
8,9,0.8099,0.88889,15; 27; 8; 9; 13; 29; 18; 10
28,42,0.57905,0.66667,6; 10; 28; 42; 17; 26; 15; 14
6,10,0.82681,0.6,25; 22; 6; 10; 26; 4; 9; 7
8,10,0.81744,0.8,30; 7; 8; 10; 8; 27; 3; 30
6,10,0.8267,0.6,4; 38; 6; 10; 21; 31; 22; 7
17,63,0.3444,0.26984,7; 3; 17; 63; 3; 3; 32; 22
20,63,0.3787,0.31746,4; 7; 20; 63; 4; 11; 9; 12
29,49,0.59036,0.59184,4; 9; 29; 49; 18; 7; 4; 23
5,70,0.21015,0.07143,4; 9; 5; 70; 26; 16; 4; 18
5,75,0.2102,0.06667,9; 9; 5; 75; 26; 6; 20; 10
8,9,0.78507,0.88889,35; 35; 8; 9; 27; 21; 13; 25
19,64,0.38244,0.29688,7; 7; 19; 64; 17; 8; 5; 5
6,75,0.24152,0.08,8; 4; 6; 75; 16; 11; 6; 11
7,31,0.67563,0.22581,27; 4; 7; 31; 32; 16; 19; 23
14,75,0.37425,0.18667,4; 3; 14; 75; 13; 5; 32; 4
20,70,0.42258,0.28571,3; 4; 20; 70; 9; 4; 30; 21
6,64,0.15298,0.09375,11; 3; 6; 64; 19; 14; 25; 6
28,42,0.56765,0.66667,6; 6; 28; 42; 4; 21; 25; 16
24,49,0.46716,0.4898,11; 5; 24; 49; 5; 18; 22; 13
8,53,0.21813,0.15094,13; 7; 8; 53; 26; 30; 29; 11
25,63,0.43712,0.39683,5; 4; 25; 63; 23; 14; 30; 13
10,26,0.81265,0.38462,20; 16; 10; 26; 5; 7; 32; 13
26,42,0.55645,0.61905,6; 3; 26; 42; 13; 3; 9; 11
36,48,0.71079,0.75,4; 3; 36; 48; 18; 5; 22; 8
13,77,0.34317,0.16883,3; 3; 13; 77; 28; 3; 24; 20
16,63,0.3218,0.25397,9; 4; 16; 63; 21; 11; 26; 9
6,78,0.32604,0.07692,5; 4; 6; 78; 12; 20; 30; 16
5,82,0.30693,0.06098,3; 3; 5; 82; 30; 27; 13; 4
7,82,0.34526,0.08537,4; 4; 7; 82; 32; 23; 11; 29
20,49,0.44295,0.40816,12; 7; 20; 49; 6; 16; 28; 23
8,77,0.26927,0.1039,5; 5; 8; 77; 9; 19; 27; 9
36,42,0.65484,0.85714,6; 7; 36; 42; 25; 7; 10; 6
7,82,0.32136,0.08537,3; 3; 7; 82; 8; 27; 6; 19
5,10,0.83831,0.5,22; 13; 5; 10; 24; 5; 18; 22
7,77,0.30846,0.09091,4; 3; 7; 77; 13; 8; 23; 3
19,42,0.40959,0.45238,6; 4; 19; 42; 9; 27; 9; 13
15,75,0.38572,0.2,4; 4; 15; 75; 18; 4; 9; 4
12,75,0.33548,0.16,4; 4; 12; 75; 14; 24; 22; 26
8,78,0.27802,0.10256,3; 6; 8; 78; 31; 5; 3; 25
7,31,0.53464,0.22581,18; 26; 7; 31; 11; 3; 15; 19
14,26,0.61417,0.53846,10; 24; 14; 26; 20; 31; 22; 13
5,63,0.18561,0.07937,14; 10; 5; 63; 30; 15; 29; 5
14,49,0.31559,0.28571,6; 17; 14; 49; 31; 32; 6; 13
7,48,0.19136,0.14583,15; 6; 7; 48; 5; 7; 8; 13
23,32,0.64768,0.71875,14; 3; 23; 32; 8; 15; 3; 7
5,77,0.26819,0.06494,6; 5; 5; 77; 7; 11; 21; 31
28,49,0.57359,0.57143,6; 7; 28; 49; 9; 26; 29; 5
6,9,0.81129,0.66667,6; 10; 6; 9; 23; 5; 15; 27
15,70,0.34323,0.21429,3; 3; 15; 70; 6; 12; 19; 17
37,53,0.71814,0.69811,3; 4; 37; 53; 13; 11; 18; 23
9,32,0.5776,0.28125,4; 9; 9; 32; 8; 29; 26; 4
8,78,0.32705,0.10256,3; 3; 8; 78; 24; 10; 8; 32
5,49,0.13295,0.10204,13; 19; 5; 49; 9; 12; 25; 26
26,31,0.62424,0.83871,7; 11; 26; 31; 21; 18; 30; 25
24,53,0.43786,0.45283,5; 3; 24; 53; 3; 32; 8; 22
6,82,0.35407,0.07317,5; 5; 6; 82; 9; 20; 22; 4
12,78,0.33679,0.15385,4; 4; 12; 78; 20; 6; 12; 21
8,10,0.81469,0.8,31; 7; 8; 10; 5; 26; 17; 18
10,78,0.33753,0.12821,5; 4; 10; 78; 8; 28; 12; 27
6,10,0.81607,0.6,16; 32; 6; 10; 10; 13; 4; 26
8,82,0.32242,0.09756,3; 3; 8; 82; 20; 15; 8; 9
16,70,0.35288,0.22857,4; 3; 16; 70; 14; 11; 25; 3
30,48,0.60258,0.625,4; 8; 30; 48; 15; 29; 16; 32
12,77,0.38137,0.15584,3; 4; 12; 77; 9; 16; 9; 13
16,26,0.50886,0.61538,9; 12; 16; 26; 29; 11; 29; 27
27,31,0.64714,0.87097,12; 13; 27; 31; 8; 18; 6; 24
8,10,0.78834,0.8,36; 21; 8; 10; 16; 17; 7; 12
7,26,0.72693,0.26923,30; 6; 7; 26; 24; 5; 11; 13
8,9,0.81181,0.88889,9; 23; 8; 9; 26; 7; 25; 12
33,48,0.68995,0.6875,6; 7; 33; 48; 13; 18; 23; 9
7,9,0.81693,0.77778,33; 33; 7; 9; 5; 4; 18; 27
24,53,0.45931,0.45283,3; 3; 24; 53; 9; 28; 6; 5
22,49,0.44054,0.44898,4; 11; 22; 49; 6; 3; 30; 15
11,63,0.22176,0.1746,6; 9; 11; 63; 18; 6; 32; 11
28,48,0.5413,0.58333,5; 3; 28; 48; 19; 16; 30; 22
22,63,0.41349,0.34921,3; 5; 22; 63; 12; 22; 29; 26
18,32,0.47732,0.5625,15; 6; 18; 32; 13; 27; 21; 25
24,64,0.45649,0.375,5; 4; 24; 64; 29; 28; 19; 9
5,75,0.26889,0.06667,4; 4; 5; 75; 10; 27; 13; 16
13,32,0.60453,0.40625,3; 22; 13; 32; 3; 7; 32; 7
7,9,0.83809,0.77778,18; 6; 7; 9; 16; 19; 22; 5
33,42,0.64668,0.78571,4; 11; 33; 42; 5; 28; 25; 22
13,75,0.32828,0.17333,3; 3; 13; 75; 29; 17; 24; 12
7,32,0.7063,0.21875,25; 29; 7; 32; 24; 4; 5; 20
11,75,0.29199,0.14667,6; 5; 11; 75; 27; 31; 16; 6
7,9,0.82895,0.77778,37; 13; 7; 9; 24; 23; 6; 20
6,10,0.82104,0.6,25; 24; 6; 10; 4; 30; 5; 24
7,75,0.25684,0.09333,4; 5; 7; 75; 7; 14; 27; 13
27,31,0.54106,0.87097,3; 5; 27; 31; 3; 19; 8; 17
10,42,0.30994,0.2381,15; 23; 10; 42; 12; 31; 19; 30
17,64,0.34787,0.26562,4; 3; 17; 64; 28; 9; 4; 25
10,77,0.31516,0.12987,3; 5; 10; 77; 25; 17; 4; 18
20,70,0.42778,0.28571,4; 3; 20; 70; 8; 22; 5; 10
23,31,0.53283,0.74194,22; 9; 23; 31; 15; 8; 24; 11
9,10,0.79829,0.9,14; 33; 9; 10; 20; 13; 10; 24
6,9,0.83188,0.66667,21; 16; 6; 9; 8; 14; 4; 29
6,82,0.35505,0.07317,5; 3; 6; 82; 13; 28; 7; 20
7,82,0.32551,0.08537,3; 3; 7; 82; 27; 28; 4; 17
21,49,0.47106,0.42857,9; 4; 21; 49; 19; 23; 18; 12
5,82,0.31586,0.06098,4; 4; 5; 82; 30; 12; 16; 15
8,70,0.23451,0.11429,9; 4; 8; 70; 9; 30; 20; 8
8,9,0.81563,0.88889,39; 13; 8; 9; 30; 26; 18; 21
14,48,0.32559,0.29167,5; 18; 14; 48; 14; 16; 23; 11
5,26,0.69008,0.19231,22; 9; 5; 26; 14; 11; 27; 10
19,31,0.60498,0.6129,18; 11; 19; 31; 16; 25; 14; 19
7,42,0.27498,0.16667,19; 16; 7; 42; 15; 15; 30; 12
20,64,0.39814,0.3125,7; 4; 20; 64; 21; 13; 15; 10
7,10,0.81407,0.7,39; 35; 7; 10; 10; 23; 31; 17
26,42,0.52203,0.61905,5; 4; 26; 42; 24; 10; 10; 9
7,53,0.18564,0.13208,3; 9; 7; 53; 4; 25; 25; 19
7,82,0.33149,0.08537,3; 4; 7; 82; 31; 18; 23; 21
8,9,0.83216,0.88889,30; 22; 8; 9; 27; 21; 27; 11
27,63,0.48099,0.42857,4; 3; 27; 63; 19; 12; 14; 12
25,26,0.46526,0.96154,13; 9; 25; 26; 18; 11; 22; 28
11,77,0.32899,0.14286,4; 3; 11; 77; 18; 24; 8; 26
37,42,0.69133,0.88095,7; 9; 37; 42; 28; 27; 21; 21
34,42,0.66009,0.80952,7; 6; 34; 42; 12; 11; 4; 22
5,9,0.83731,0.55556,30; 13; 5; 9; 12; 8; 16; 29
9,78,0.31666,0.11538,5; 5; 9; 78; 16; 26; 16; 7
15,64,0.29442,0.23438,6; 4; 15; 64; 13; 16; 5; 17
30,53,0.53868,0.56604,4; 5; 30; 53; 6; 27; 30; 6
26,32,0.51101,0.8125,15; 9; 26; 32; 15; 17; 21; 6
17,32,0.52465,0.53125,7; 8; 17; 32; 19; 22; 30; 25
22,64,0.41387,0.34375,3; 3; 22; 64; 25; 27; 9; 27
9,77,0.29085,0.11688,6; 5; 9; 77; 11; 24; 28; 19
11,78,0.35397,0.14103,3; 4; 11; 78; 23; 23; 5; 11
7,10,0.80454,0.7,11; 7; 7; 10; 16; 19; 28; 32
8,70,0.22946,0.11429,9; 3; 8; 70; 25; 4; 20; 30
8,10,0.83211,0.8,26; 10; 8; 10; 31; 17; 12; 11
5,82,0.2996,0.06098,3; 5; 5; 82; 20; 14; 23; 3
9,75,0.33111,0.12,7; 7; 9; 75; 28; 6; 18; 29
21,53,0.39532,0.39623,11; 7; 21; 53; 21; 27; 9; 24
13,70,0.31709,0.18571,7; 7; 13; 70; 15; 9; 21; 19
6,9,0.79517,0.66667,38; 11; 6; 9; 24; 6; 32; 19
5,78,0.2431,0.0641,4; 7; 5; 78; 17; 30; 10; 22
6,82,0.31652,0.07317,4; 4; 6; 82; 10; 12; 6; 6
16,48,0.32659,0.33333,9; 14; 16; 48; 4; 3; 18; 12
6,53,0.15141,0.11321,3; 8; 6; 53; 13; 24; 27; 6
16,53,0.29992,0.30189,9; 8; 16; 53; 22; 28; 12; 18
20,31,0.58623,0.64516,10; 23; 20; 31; 16; 4; 16; 13
7,78,0.26819,0.08974,6; 4; 7; 78; 28; 8; 32; 8
8,42,0.17969,0.19048,6; 5; 8; 42; 12; 4; 20; 7
5,77,0.2475,0.06494,8; 4; 5; 77; 19; 32; 14; 11
15,26,0.56607,0.57692,12; 22; 15; 26; 14; 10; 3; 19
8,10,0.81075,0.8,30; 15; 8; 10; 9; 14; 7; 3
17,70,0.39378,0.24286,3; 5; 17; 70; 11; 22; 29; 8
27,32,0.61104,0.84375,6; 18; 27; 32; 21; 24; 23; 23
39,48,0.75062,0.8125,5; 3; 39; 48; 15; 25; 21; 26
5,10,0.82504,0.5,3; 27; 5; 10; 10; 29; 5; 6
5,75,0.26888,0.06667,8; 8; 5; 75; 27; 11; 18; 29
23,26,0.6688,0.88462,17; 14; 23; 26; 20; 11; 18; 24
7,9,0.81006,0.77778,6; 23; 7; 9; 24; 23; 29; 9
35,42,0.65285,0.83333,10; 3; 35; 42; 9; 16; 30; 13
15,75,0.37037,0.2,3; 3; 15; 75; 11; 5; 4; 8
14,42,0.31388,0.33333,11; 7; 14; 42; 15; 22; 32; 14
10,48,0.2526,0.20833,15; 8; 10; 48; 20; 22; 23; 3
27,31,0.54342,0.87097,10; 18; 27; 31; 18; 31; 8; 7
13,42,0.33923,0.30952,7; 5; 13; 42; 24; 3; 7; 24
39,48,0.78497,0.8125,5; 4; 39; 48; 7; 3; 7; 29
11,64,0.23626,0.17188,5; 11; 11; 64; 9; 22; 9; 24
5,70,0.21221,0.07143,3; 9; 5; 70; 21; 6; 18; 28
15,75,0.37311,0.2,4; 3; 15; 75; 21; 26; 21; 23
6,9,0.82031,0.66667,14; 33; 6; 9; 14; 31; 12; 17
22,26,0.5258,0.84615,11; 23; 22; 26; 23; 8; 6; 5
24,31,0.47674,0.77419,9; 20; 24; 31; 7; 9; 18; 16
30,53,0.58418,0.56604,4; 3; 30; 53; 28; 17; 16; 20
34,42,0.68345,0.80952,6; 9; 34; 42; 27; 13; 6; 8
11,32,0.61127,0.34375,25; 7; 11; 32; 8; 10; 14; 7
12,64,0.26887,0.1875,5; 3; 12; 64; 19; 22; 27; 12
7,82,0.30699,0.08537,3; 4; 7; 82; 30; 8; 12; 11
9,78,0.31891,0.11538,3; 3; 9; 78; 24; 21; 17; 10
21,53,0.39957,0.39623,8; 8; 21; 53; 17; 15; 22; 5
12,63,0.27691,0.19048,6; 5; 12; 63; 18; 30; 13; 14
27,49,0.54925,0.55102,7; 7; 27; 49; 17; 3; 28; 14
22,42,0.48712,0.52381,5; 8; 22; 42; 16; 3; 13; 27
13,70,0.31584,0.18571,6; 4; 13; 70; 23; 8; 25; 32
5,78,0.25208,0.0641,7; 7; 5; 78; 4; 18; 32; 4
5,10,0.83196,0.5,9; 21; 5; 10; 14; 16; 22; 15
37,49,0.72984,0.7551,4; 4; 37; 49; 27; 20; 8; 16
25,53,0.48819,0.4717,7; 9; 25; 53; 3; 29; 23; 31
12,70,0.2604,0.17143,5; 4; 12; 70; 11; 8; 10; 21
8,82,0.39431,0.09756,4; 4; 8; 82; 14; 27; 20; 20
21,42,0.43526,0.5,17; 7; 21; 42; 20; 19; 18; 12
12,70,0.30073,0.17143,5; 3; 12; 70; 22; 28; 5; 13
10,75,0.32366,0.13333,3; 6; 10; 75; 5; 7; 25; 11
11,64,0.23459,0.17188,7; 9; 11; 64; 7; 8; 12; 6
19,53,0.3893,0.35849,6; 3; 19; 53; 7; 20; 17; 8
5,75,0.2927,0.06667,7; 8; 5; 75; 32; 18; 7; 31
39,48,0.76985,0.8125,3; 3; 39; 48; 28; 21; 11; 25
8,78,0.35567,0.10256,3; 3; 8; 78; 18; 17; 15; 8
6,10,0.79495,0.6,21; 39; 6; 10; 19; 15; 14; 16
24,64,0.43979,0.375,5; 5; 24; 64; 12; 25; 5; 12
21,48,0.40885,0.4375,13; 7; 21; 48; 15; 13; 10; 32
8,10,0.81421,0.8,5; 31; 8; 10; 8; 6; 16; 24
19,53,0.36742,0.35849,8; 6; 19; 53; 26; 9; 27; 10
36,48,0.69774,0.75,7; 7; 36; 48; 12; 18; 6; 18
10,75,0.291,0.13333,6; 4; 10; 75; 5; 23; 32; 5
6,82,0.30993,0.07317,5; 3; 6; 82; 16; 4; 32; 28
20,31,0.70392,0.64516,19; 3; 20; 31; 21; 19; 5; 28
10,78,0.30232,0.12821,4; 5; 10; 78; 6; 18; 18; 20
7,82,0.31799,0.08537,3; 3; 7; 82; 32; 9; 26; 17
10,53,0.19386,0.18868,13; 7; 10; 53; 28; 16; 26; 16
11,26,0.55024,0.42308,10; 25; 11; 26; 19; 26; 10; 15
10,78,0.34646,0.12821,5; 5; 10; 78; 31; 25; 22; 18
16,53,0.3156,0.30189,8; 11; 16; 53; 20; 22; 19; 25
13,42,0.39151,0.30952,7; 18; 13; 42; 5; 30; 6; 7
19,70,0.41399,0.27143,4; 4; 19; 70; 3; 30; 8; 28
41,48,0.82084,0.85417,3; 4; 41; 48; 32; 21; 25; 15
8,9,0.82274,0.88889,24; 31; 8; 9; 14; 12; 7; 17
8,10,0.82505,0.8,16; 25; 8; 10; 14; 31; 29; 12
24,64,0.45041,0.375,3; 4; 24; 64; 25; 22; 11; 6
24,48,0.49989,0.5,5; 9; 24; 48; 25; 32; 18; 13
14,48,0.29047,0.29167,4; 18; 14; 48; 17; 13; 14; 26
7,53,0.15815,0.13208,15; 3; 7; 53; 30; 10; 25; 3
8,9,0.81639,0.88889,35; 7; 8; 9; 20; 28; 5; 11
28,49,0.55355,0.57143,6; 7; 28; 49; 6; 11; 24; 10
16,42,0.36413,0.38095,16; 10; 16; 42; 19; 26; 20; 29
19,63,0.36842,0.30159,8; 7; 19; 63; 21; 4; 27; 28
5,10,0.82417,0.5,35; 5; 5; 10; 4; 3; 22; 12
26,63,0.45636,0.4127,3; 3; 26; 63; 22; 29; 23; 19
8,9,0.80696,0.88889,33; 40; 8; 9; 16; 24; 13; 16
31,49,0.61667,0.63265,9; 4; 31; 49; 26; 11; 21; 28
12,32,0.81179,0.375,5; 24; 12; 32; 27; 17; 11; 14
20,48,0.40315,0.41667,12; 9; 20; 48; 18; 19; 17; 10
34,48,0.64966,0.70833,5; 7; 34; 48; 17; 6; 15; 20
12,32,0.77858,0.375,10; 9; 12; 32; 3; 12; 12; 23
32,48,0.66298,0.66667,3; 5; 32; 48; 3; 29; 28; 19
34,42,0.65287,0.80952,10; 8; 34; 42; 21; 31; 3; 20
14,70,0.31466,0.2,6; 4; 14; 70; 18; 32; 20; 27
8,82,0.33013,0.09756,4; 3; 8; 82; 14; 17; 17; 30
12,75,0.35204,0.16,4; 5; 12; 75; 5; 13; 32; 32
24,64,0.44866,0.375,5; 3; 24; 64; 21; 20; 7; 20
9,75,0.3236,0.12,7; 5; 9; 75; 13; 4; 29; 16
6,32,0.71986,0.1875,20; 24; 6; 32; 13; 9; 7; 3
23,26,0.5373,0.88462,7; 14; 23; 26; 19; 13; 25; 7
5,82,0.29096,0.06098,3; 3; 5; 82; 10; 6; 10; 30
9,78,0.27485,0.11538,4; 5; 9; 78; 28; 28; 20; 8
40,49,0.76352,0.81633,4; 3; 40; 49; 10; 17; 31; 19
8,63,0.19865,0.12698,13; 6; 8; 63; 3; 3; 7; 16
11,77,0.33116,0.14286,3; 5; 11; 77; 17; 11; 16; 13
6,10,0.83228,0.6,33; 41; 6; 10; 3; 10; 15; 28
24,32,0.50943,0.75,17; 7; 24; 32; 28; 14; 27; 24
9,64,0.20589,0.14062,10; 12; 9; 64; 25; 19; 23; 29
5,75,0.26323,0.06667,6; 4; 5; 75; 28; 28; 6; 30
8,77,0.3264,0.1039,5; 6; 8; 77; 30; 15; 13; 22
10,63,0.24224,0.15873,6; 6; 10; 63; 6; 26; 18; 22
14,64,0.29464,0.21875,10; 3; 14; 64; 23; 10; 24; 28
18,32,0.44506,0.5625,20; 16; 18; 32; 17; 29; 3; 9
6,75,0.27293,0.08,5; 6; 6; 75; 25; 9; 5; 19
25,31,0.57329,0.80645,6; 18; 25; 31; 19; 16; 30; 22
32,48,0.61955,0.66667,9; 7; 32; 48; 14; 21; 26; 22
30,31,0.57115,0.96774,12; 10; 30; 31; 10; 24; 32; 13
8,9,0.80498,0.88889,11; 12; 8; 9; 29; 22; 3; 10
21,42,0.50981,0.5,3; 10; 21; 42; 15; 19; 16; 24
10,70,0.24835,0.14286,6; 9; 10; 70; 10; 30; 7; 24
5,63,0.16571,0.07937,5; 12; 5; 63; 13; 15; 6; 3
6,78,0.31905,0.07692,6; 3; 6; 78; 24; 5; 14; 15
25,26,0.52384,0.96154,12; 11; 25; 26; 21; 19; 21; 9
8,82,0.31794,0.09756,4; 4; 8; 82; 11; 19; 26; 30
23,49,0.45067,0.46939,4; 7; 23; 49; 24; 26; 27; 3
8,32,0.47657,0.25,15; 20; 8; 32; 10; 19; 28; 14
26,53,0.50324,0.49057,4; 4; 26; 53; 5; 4; 31; 10
16,42,0.41307,0.38095,11; 7; 16; 42; 9; 7; 28; 31
6,10,0.79002,0.6,12; 36; 6; 10; 8; 18; 27; 3
5,70,0.22372,0.07143,6; 9; 5; 70; 7; 29; 20; 11
11,63,0.20616,0.1746,5; 7; 11; 63; 21; 30; 18; 27
10,26,0.59452,0.38462,7; 7; 10; 26; 27; 27; 20; 16
6,82,0.30221,0.07317,4; 3; 6; 82; 21; 20; 30; 11
10,75,0.35183,0.13333,6; 4; 10; 75; 10; 6; 26; 17
11,31,0.67113,0.35484,21; 19; 11; 31; 26; 17; 18; 16
5,48,0.11608,0.10417,18; 12; 5; 48; 19; 8; 32; 14
39,48,0.76401,0.8125,3; 4; 39; 48; 13; 18; 20; 20
10,78,0.37248,0.12821,3; 5; 10; 78; 19; 7; 5; 14
6,78,0.29466,0.07692,7; 5; 6; 78; 32; 21; 19; 18
31,49,0.61382,0.63265,3; 6; 31; 49; 19; 28; 29; 9
9,78,0.33667,0.11538,4; 3; 9; 78; 29; 6; 30; 24
31,49,0.62007,0.63265,9; 7; 31; 49; 16; 16; 9; 12
8,31,0.77501,0.25806,7; 9; 8; 31; 5; 16; 3; 19
10,77,0.33031,0.12987,3; 3; 10; 77; 9; 13; 8; 20
5,82,0.35165,0.06098,5; 5; 5; 82; 3; 29; 20; 6
6,9,0.82937,0.66667,33; 24; 6; 9; 31; 5; 32; 19
25,31,0.48067,0.80645,13; 11; 25; 31; 8; 20; 11; 14
20,26,0.53816,0.76923,26; 22; 20; 26; 19; 20; 12; 19
7,10,0.82115,0.7,11; 9; 7; 10; 18; 19; 4; 28
9,53,0.15416,0.16981,8; 18; 9; 53; 31; 17; 18; 21
20,48,0.41556,0.41667,4; 12; 20; 48; 11; 28; 25; 22
21,31,0.67649,0.67742,5; 3; 21; 31; 15; 10; 25; 13
6,48,0.12874,0.125,19; 12; 6; 48; 31; 6; 11; 28
19,42,0.44515,0.45238,10; 7; 19; 42; 19; 10; 29; 22
6,75,0.24624,0.08,5; 3; 6; 75; 22; 8; 9; 19
23,48,0.46169,0.47917,13; 4; 23; 48; 31; 18; 20; 15
34,53,0.67196,0.64151,5; 4; 34; 53; 15; 4; 5; 8
5,82,0.32422,0.06098,4; 4; 5; 82; 25; 10; 17; 25
19,26,0.78016,0.73077,4; 16; 19; 26; 17; 4; 27; 15
9,64,0.20248,0.14062,10; 9; 9; 64; 16; 27; 4; 29
31,42,0.62872,0.7381,11; 8; 31; 42; 3; 11; 23; 21
11,70,0.27748,0.15714,5; 6; 11; 70; 12; 20; 32; 7
13,77,0.35413,0.16883,3; 3; 13; 77; 26; 13; 6; 21
8,77,0.32823,0.1039,5; 5; 8; 77; 9; 32; 19; 21
7,9,0.81395,0.77778,14; 29; 7; 9; 11; 31; 11; 19
15,49,0.29499,0.30612,4; 8; 15; 49; 24; 22; 32; 8
28,48,0.53428,0.58333,8; 5; 28; 48; 30; 30; 9; 20
15,32,0.52118,0.46875,3; 22; 15; 32; 22; 9; 30; 7
6,82,0.3603,0.07317,3; 3; 6; 82; 28; 22; 6; 25
6,42,0.33008,0.14286,4; 24; 6; 42; 24; 14; 30; 3
6,75,0.30649,0.08,8; 5; 6; 75; 29; 16; 24; 27
5,82,0.30493,0.06098,3; 3; 5; 82; 4; 32; 27; 23
18,49,0.34188,0.36735,5; 8; 18; 49; 7; 20; 6; 20
20,49,0.37834,0.40816,6; 7; 20; 49; 19; 24; 10; 3
7,31,0.40479,0.22581,3; 30; 7; 31; 9; 14; 10; 23
11,75,0.29142,0.14667,3; 4; 11; 75; 27; 18; 6; 5
12,70,0.27745,0.17143,3; 6; 12; 70; 27; 9; 17; 22
18,70,0.38286,0.25714,4; 4; 18; 70; 29; 17; 26; 15
6,9,0.81434,0.66667,8; 38; 6; 9; 4; 19; 21; 30
15,53,0.29461,0.28302,10; 10; 15; 53; 9; 11; 4; 28
10,78,0.30786,0.12821,5; 5; 10; 78; 14; 3; 8; 19
5,70,0.21338,0.07143,11; 9; 5; 70; 26; 25; 12; 6
21,53,0.39593,0.39623,5; 8; 21; 53; 13; 16; 22; 26
25,63,0.46826,0.39683,5; 4; 25; 63; 3; 8; 30; 3
8,10,0.81999,0.8,24; 4; 8; 10; 14; 24; 31; 17
27,42,0.57359,0.64286,12; 5; 27; 42; 22; 32; 32; 5
10,70,0.23015,0.14286,6; 9; 10; 70; 26; 3; 12; 6
26,42,0.55672,0.61905,3; 15; 26; 42; 13; 20; 29; 18
14,49,0.29178,0.28571,15; 8; 14; 49; 7; 31; 30; 14
10,75,0.31062,0.13333,4; 4; 10; 75; 3; 17; 3; 18
9,78,0.28841,0.11538,3; 5; 9; 78; 20; 13; 25; 26
6,63,0.17731,0.09524,9; 11; 6; 63; 23; 12; 26; 14
6,75,0.24209,0.08,7; 7; 6; 75; 14; 25; 21; 32
13,77,0.32746,0.16883,4; 3; 13; 77; 20; 21; 26; 3
10,78,0.34372,0.12821,5; 4; 10; 78; 3; 24; 22; 15
8,82,0.34223,0.09756,3; 3; 8; 82; 5; 29; 17; 8
9,75,0.29744,0.12,6; 5; 9; 75; 31; 12; 16; 18
10,77,0.2882,0.12987,5; 3; 10; 77; 19; 6; 15; 20
5,82,0.35623,0.06098,3; 4; 5; 82; 19; 28; 21; 13
10,32,0.80312,0.3125,6; 7; 10; 32; 22; 27; 30; 8
6,82,0.32031,0.07317,3; 4; 6; 82; 15; 12; 20; 6
15,26,0.64984,0.57692,16; 7; 15; 26; 24; 13; 32; 21
10,78,0.29884,0.12821,5; 3; 10; 78; 7; 17; 15; 29
14,75,0.35725,0.18667,4; 4; 14; 75; 23; 29; 5; 8
19,70,0.38157,0.27143,4; 4; 19; 70; 21; 23; 18; 26
19,26,0.6328,0.73077,21; 23; 19; 26; 27; 14; 32; 8
10,70,0.23171,0.14286,4; 5; 10; 70; 30; 9; 25; 7
13,32,0.48871,0.40625,20; 5; 13; 32; 26; 11; 31; 24
10,77,0.31729,0.12987,5; 5; 10; 77; 30; 28; 10; 27
10,75,0.26943,0.13333,6; 5; 10; 75; 9; 9; 20; 9
17,26,0.56502,0.65385,13; 13; 17; 26; 20; 30; 32; 5
40,49,0.80166,0.81633,4; 3; 40; 49; 14; 21; 28; 13
9,70,0.28951,0.12857,7; 9; 9; 70; 9; 29; 6; 23
5,77,0.33784,0.06494,8; 6; 5; 77; 4; 17; 20; 29
14,70,0.30754,0.2,7; 7; 14; 70; 12; 10; 21; 23
11,26,0.50608,0.42308,17; 8; 11; 26; 31; 17; 27; 11
27,31,0.5831,0.87097,14; 3; 27; 31; 9; 21; 20; 15
5,31,0.65662,0.16129,31; 12; 5; 31; 14; 13; 29; 15
29,49,0.58788,0.59184,4; 9; 29; 49; 22; 13; 18; 6
19,48,0.41167,0.39583,12; 13; 19; 48; 21; 20; 19; 5
5,77,0.24157,0.06494,3; 4; 5; 77; 21; 12; 6; 8
9,78,0.3735,0.11538,4; 3; 9; 78; 9; 7; 3; 32
8,75,0.33404,0.10667,6; 4; 8; 75; 20; 9; 6; 25
16,64,0.36651,0.25,3; 3; 16; 64; 3; 31; 25; 32
8,32,0.47364,0.25,22; 24; 8; 32; 32; 10; 11; 4
26,32,0.66946,0.8125,17; 13; 26; 32; 9; 24; 25; 8
30,49,0.60737,0.61224,8; 6; 30; 49; 14; 31; 13; 11
35,42,0.64103,0.83333,9; 7; 35; 42; 13; 17; 19; 22
7,10,0.80508,0.7,40; 24; 7; 10; 5; 11; 17; 25
6,70,0.24628,0.08571,5; 9; 6; 70; 21; 10; 19; 26
11,63,0.24476,0.1746,7; 5; 11; 63; 31; 29; 16; 4
40,48,0.78473,0.83333,3; 4; 40; 48; 24; 30; 26; 4
20,31,0.59695,0.64516,10; 11; 20; 31; 30; 4; 13; 5
15,75,0.35,0.2,3; 4; 15; 75; 24; 4; 24; 6
26,31,0.55981,0.83871,11; 9; 26; 31; 30; 19; 23; 24
6,77,0.25404,0.07792,3; 6; 6; 77; 16; 14; 28; 5
7,63,0.16812,0.11111,13; 14; 7; 63; 30; 22; 25; 10
8,9,0.8032,0.88889,38; 36; 8; 9; 11; 25; 26; 3
13,64,0.30117,0.20312,7; 7; 13; 64; 9; 7; 18; 14
22,26,0.67638,0.84615,13; 8; 22; 26; 31; 15; 17; 22
8,10,0.82555,0.8,16; 19; 8; 10; 12; 9; 15; 11
7,77,0.29707,0.09091,4; 5; 7; 77; 26; 28; 31; 12
9,64,0.20252,0.14062,7; 5; 9; 64; 12; 11; 28; 18
32,48,0.64898,0.66667,7; 4; 32; 48; 31; 7; 18; 32
7,26,0.69849,0.26923,15; 7; 7; 26; 7; 15; 3; 20
5,77,0.2759,0.06494,6; 4; 5; 77; 8; 15; 19; 14
5,77,0.23693,0.06494,6; 3; 5; 77; 19; 29; 27; 17
14,53,0.28007,0.26415,11; 6; 14; 53; 11; 16; 20; 15
11,77,0.37989,0.14286,3; 5; 11; 77; 20; 24; 30; 5
35,42,0.65638,0.83333,4; 4; 35; 42; 19; 30; 12; 31
8,77,0.3086,0.1039,3; 4; 8; 77; 8; 29; 27; 14
7,82,0.34558,0.08537,4; 4; 7; 82; 30; 15; 27; 17
10,77,0.32602,0.12987,3; 4; 10; 77; 9; 9; 30; 17
8,77,0.30971,0.1039,4; 4; 8; 77; 5; 15; 19; 18
5,82,0.28995,0.06098,3; 4; 5; 82; 20; 18; 8; 16
6,77,0.30237,0.07792,5; 5; 6; 77; 25; 18; 12; 23
7,10,0.81248,0.7,7; 31; 7; 10; 26; 6; 27; 19
9,75,0.25757,0.12,7; 7; 9; 75; 10; 26; 16; 20
7,82,0.31572,0.08537,3; 4; 7; 82; 17; 30; 19; 8
34,48,0.71099,0.70833,8; 4; 34; 48; 7; 13; 11; 31
12,78,0.35814,0.15385,3; 3; 12; 78; 3; 14; 29; 12
34,42,0.63394,0.80952,8; 11; 34; 42; 10; 20; 27; 9
5,49,0.15726,0.10204,4; 5; 5; 49; 30; 20; 26; 15
10,53,0.20312,0.18868,16; 11; 10; 53; 4; 8; 21; 22
12,78,0.35125,0.15385,4; 4; 12; 78; 24; 17; 8; 26
8,82,0.32548,0.09756,4; 4; 8; 82; 20; 3; 21; 24
9,64,0.21019,0.14062,4; 9; 9; 64; 8; 14; 31; 24
8,82,0.36532,0.09756,4; 4; 8; 82; 4; 25; 4; 22
20,63,0.38609,0.31746,5; 7; 20; 63; 17; 10; 12; 32
10,75,0.28875,0.13333,6; 3; 10; 75; 8; 13; 6; 21
24,32,0.49409,0.75,21; 21; 24; 32; 8; 30; 29; 9
6,32,0.59713,0.1875,11; 8; 6; 32; 5; 32; 26; 11
20,42,0.40966,0.47619,7; 4; 20; 42; 11; 28; 31; 4
14,26,0.75786,0.53846,20; 28; 14; 26; 13; 11; 21; 17
5,9,0.80929,0.55556,13; 31; 5; 9; 23; 17; 20; 25
37,48,0.7281,0.77083,3; 5; 37; 48; 17; 32; 5; 17
15,75,0.36208,0.2,3; 3; 15; 75; 6; 5; 21; 10
8,53,0.17733,0.15094,4; 14; 8; 53; 32; 19; 13; 10
35,48,0.6616,0.72917,7; 7; 35; 48; 27; 4; 32; 14
6,9,0.84372,0.66667,11; 25; 6; 9; 20; 14; 27; 26
38,42,0.7197,0.90476,8; 9; 38; 42; 13; 27; 21; 24
29,42,0.58986,0.69048,10; 5; 29; 42; 11; 10; 12; 18
25,31,0.56374,0.80645,5; 17; 25; 31; 14; 4; 14; 6
8,10,0.81463,0.8,22; 5; 8; 10; 12; 32; 9; 25
12,31,0.52123,0.3871,3; 22; 12; 31; 8; 16; 22; 3
28,31,0.60625,0.90323,6; 18; 28; 31; 25; 12; 6; 6
38,42,0.7145,0.90476,7; 4; 38; 42; 18; 32; 3; 10
11,64,0.2492,0.17188,11; 6; 11; 64; 13; 9; 7; 23
15,75,0.36753,0.2,3; 4; 15; 75; 15; 5; 17; 9
14,32,0.48073,0.4375,12; 26; 14; 32; 16; 29; 11; 26
6,53,0.1313,0.11321,12; 10; 6; 53; 21; 18; 30; 28
8,77,0.33335,0.1039,6; 6; 8; 77; 16; 28; 19; 32
7,78,0.29985,0.08974,4; 4; 7; 78; 32; 8; 29; 4
29,32,0.61167,0.90625,16; 9; 29; 32; 10; 17; 17; 32
6,9,0.80302,0.66667,11; 8; 6; 9; 20; 9; 23; 6
16,70,0.35419,0.22857,3; 4; 16; 70; 14; 24; 31; 16
19,48,0.42325,0.39583,12; 6; 19; 48; 25; 6; 7; 9
35,48,0.70304,0.72917,4; 6; 35; 48; 29; 20; 29; 9
28,49,0.54063,0.57143,8; 4; 28; 49; 6; 10; 11; 16
7,82,0.30526,0.08537,4; 3; 7; 82; 17; 28; 29; 19
6,78,0.31612,0.07692,4; 5; 6; 78; 7; 18; 24; 24
14,75,0.3756,0.18667,3; 3; 14; 75; 27; 15; 8; 29
9,42,0.38512,0.21429,20; 13; 9; 42; 19; 28; 31; 6
33,48,0.65919,0.6875,7; 3; 33; 48; 31; 32; 12; 14
16,32,0.47801,0.5,20; 18; 16; 32; 22; 15; 22; 25
11,70,0.28516,0.15714,6; 7; 11; 70; 7; 13; 8; 17
12,70,0.30367,0.17143,8; 3; 12; 70; 25; 31; 11; 22
7,9,0.85358,0.77778,38; 33; 7; 9; 4; 25; 16; 10
21,53,0.40646,0.39623,3; 10; 21; 53; 4; 27; 11; 16
6,64,0.19619,0.09375,9; 12; 6; 64; 17; 5; 20; 20
11,26,0.5307,0.42308,20; 18; 11; 26; 26; 11; 9; 11
7,82,0.35537,0.08537,3; 3; 7; 82; 29; 27; 12; 10
12,77,0.36677,0.15584,4; 4; 12; 77; 3; 4; 19; 6
6,42,0.32122,0.14286,6; 23; 6; 42; 26; 19; 26; 15
6,9,0.82451,0.66667,29; 13; 6; 9; 26; 19; 13; 19
13,63,0.30892,0.20635,10; 3; 13; 63; 32; 17; 17; 30
5,75,0.21059,0.06667,9; 5; 5; 75; 21; 14; 9; 15
6,82,0.36668,0.07317,5; 5; 6; 82; 5; 25; 12; 7
29,42,0.59547,0.69048,12; 7; 29; 42; 24; 13; 11; 11
15,70,0.34293,0.21429,5; 6; 15; 70; 27; 16; 19; 28
5,31,0.53469,0.16129,3; 27; 5; 31; 29; 30; 11; 22
10,63,0.25185,0.15873,3; 3; 10; 63; 9; 10; 9; 3
12,78,0.35259,0.15385,3; 3; 12; 78; 21; 11; 22; 12
5,70,0.19526,0.07143,6; 10; 5; 70; 27; 20; 22; 15
12,77,0.3478,0.15584,4; 4; 12; 77; 30; 4; 27; 22
29,31,0.5752,0.93548,9; 5; 29; 31; 4; 4; 29; 30
11,77,0.31569,0.14286,4; 4; 11; 77; 21; 5; 8; 30
12,64,0.25913,0.1875,3; 8; 12; 64; 22; 27; 25; 17
27,42,0.51324,0.64286,13; 4; 27; 42; 5; 19; 25; 16
15,31,0.57048,0.48387,16; 16; 15; 31; 4; 7; 26; 11
27,49,0.55069,0.55102,8; 9; 27; 49; 20; 24; 12; 8
7,75,0.25167,0.09333,8; 8; 7; 75; 6; 7; 29; 14
18,70,0.38356,0.25714,3; 3; 18; 70; 30; 10; 3; 31
7,9,0.81783,0.77778,22; 36; 7; 9; 27; 7; 5; 32
23,64,0.46391,0.35938,5; 4; 23; 64; 19; 22; 18; 18
22,48,0.44615,0.45833,13; 8; 22; 48; 18; 7; 16; 14
31,49,0.6248,0.63265,9; 9; 31; 49; 15; 12; 25; 22
5,82,0.29784,0.06098,5; 3; 5; 82; 29; 10; 5; 32
7,82,0.31011,0.08537,4; 4; 7; 82; 8; 16; 13; 16
8,78,0.29121,0.10256,3; 5; 8; 78; 6; 32; 28; 31
14,75,0.39448,0.18667,3; 4; 14; 75; 19; 4; 27; 31
27,63,0.48128,0.42857,3; 3; 27; 63; 25; 13; 29; 25
28,32,0.49141,0.875,14; 3; 28; 32; 12; 31; 28; 21
5,42,0.56587,0.11905,8; 25; 5; 42; 3; 17; 21; 25
27,63,0.49208,0.42857,4; 4; 27; 63; 18; 15; 17; 16
16,63,0.29381,0.25397,8; 6; 16; 63; 31; 4; 25; 28
6,10,0.82043,0.6,21; 12; 6; 10; 31; 27; 9; 3
8,82,0.37297,0.09756,4; 4; 8; 82; 19; 3; 14; 8
24,53,0.44255,0.45283,3; 7; 24; 53; 8; 29; 11; 32
5,9,0.82552,0.55556,40; 7; 5; 9; 14; 12; 20; 23
24,32,0.49962,0.75,17; 8; 24; 32; 4; 8; 10; 13
6,26,0.58442,0.23077,33; 8; 6; 26; 21; 21; 32; 6
27,48,0.53605,0.5625,10; 4; 27; 48; 17; 3; 27; 15
5,10,0.82871,0.5,12; 5; 5; 10; 4; 9; 3; 23
15,49,0.30965,0.30612,4; 7; 15; 49; 24; 16; 16; 4
8,78,0.27454,0.10256,4; 3; 8; 78; 30; 8; 15; 24
19,70,0.43589,0.27143,3; 3; 19; 70; 21; 16; 29; 13
8,9,0.8128,0.88889,40; 13; 8; 9; 26; 5; 12; 3
22,49,0.44105,0.44898,12; 9; 22; 49; 31; 10; 20; 32
6,75,0.27978,0.08,5; 7; 6; 75; 24; 13; 7; 13
12,63,0.27679,0.19048,8; 10; 12; 63; 8; 12; 31; 29
9,26,0.81224,0.34615,14; 16; 9; 26; 3; 16; 27; 12
5,70,0.20992,0.07143,7; 7; 5; 70; 6; 14; 3; 7
9,70,0.31436,0.12857,9; 5; 9; 70; 17; 11; 8; 4
11,63,0.27073,0.1746,4; 7; 11; 63; 16; 25; 10; 29
35,42,0.67783,0.83333,8; 10; 35; 42; 11; 8; 26; 26
40,48,0.80586,0.83333,4; 5; 40; 48; 9; 7; 21; 4
6,53,0.13967,0.11321,19; 13; 6; 53; 18; 18; 9; 4
37,42,0.71156,0.88095,3; 4; 37; 42; 4; 23; 23; 4
36,49,0.72933,0.73469,6; 6; 36; 49; 32; 4; 25; 32
20,64,0.40935,0.3125,7; 7; 20; 64; 21; 15; 24; 32
14,53,0.28447,0.26415,7; 13; 14; 53; 7; 12; 29; 28
16,64,0.32821,0.25,7; 3; 16; 64; 14; 17; 12; 16
21,26,0.58675,0.80769,15; 25; 21; 26; 6; 25; 20; 9
7,77,0.24255,0.09091,4; 6; 7; 77; 20; 6; 11; 13
7,82,0.36198,0.08537,4; 3; 7; 82; 9; 26; 6; 26
5,32,0.7925,0.15625,24; 20; 5; 32; 31; 28; 7; 9
12,26,0.48019,0.46154,30; 30; 12; 26; 24; 7; 20; 17
26,48,0.56016,0.54167,11; 6; 26; 48; 13; 8; 29; 18
10,78,0.35206,0.12821,5; 3; 10; 78; 29; 6; 18; 22
7,10,0.80153,0.7,19; 34; 7; 10; 17; 15; 13; 30
7,82,0.35837,0.08537,3; 4; 7; 82; 5; 10; 4; 25
5,10,0.79415,0.5,14; 29; 5; 10; 25; 20; 21; 13
8,75,0.30115,0.10667,7; 4; 8; 75; 11; 26; 16; 25
5,77,0.31261,0.06494,4; 8; 5; 77; 18; 32; 31; 7
15,70,0.32676,0.21429,6; 4; 15; 70; 4; 10; 24; 26
31,53,0.59297,0.58491,5; 7; 31; 53; 14; 6; 32; 21
13,42,0.36609,0.30952,15; 18; 13; 42; 31; 26; 20; 5
6,82,0.29513,0.07317,5; 4; 6; 82; 14; 32; 9; 30
6,82,0.29603,0.07317,5; 3; 6; 82; 28; 7; 3; 4
9,77,0.28665,0.11688,5; 5; 9; 77; 27; 6; 28; 20
29,53,0.5387,0.54717,4; 8; 29; 53; 28; 9; 18; 22
8,75,0.28607,0.10667,6; 3; 8; 75; 8; 14; 6; 27
27,63,0.47623,0.42857,3; 4; 27; 63; 10; 5; 5; 25
5,31,0.67612,0.16129,29; 20; 5; 31; 3; 21; 10; 31
8,82,0.35421,0.09756,4; 4; 8; 82; 19; 6; 8; 8
12,48,0.28336,0.25,18; 19; 12; 48; 18; 9; 3; 24
5,10,0.83742,0.5,21; 34; 5; 10; 11; 12; 32; 22
6,10,0.81269,0.6,28; 37; 6; 10; 4; 17; 22; 30
10,53,0.20334,0.18868,7; 6; 10; 53; 14; 19; 30; 28
7,26,0.80153,0.26923,19; 26; 7; 26; 18; 8; 25; 21
41,49,0.82409,0.83673,3; 4; 41; 49; 31; 15; 29; 18
6,9,0.83733,0.66667,34; 21; 6; 9; 13; 26; 6; 31
8,9,0.85608,0.88889,33; 18; 8; 9; 12; 19; 32; 20
6,64,0.15191,0.09375,5; 5; 6; 64; 5; 26; 25; 8
8,64,0.21619,0.125,6; 4; 8; 64; 9; 17; 12; 6
16,64,0.34221,0.25,6; 7; 16; 64; 3; 22; 15; 8
5,70,0.25364,0.07143,11; 7; 5; 70; 19; 32; 17; 14
12,53,0.26192,0.22642,10; 9; 12; 53; 22; 15; 9; 17
37,42,0.70597,0.88095,9; 5; 37; 42; 12; 27; 19; 26
14,49,0.29532,0.28571,13; 3; 14; 49; 32; 4; 20; 15
8,77,0.26087,0.1039,4; 3; 8; 77; 24; 4; 7; 5
28,42,0.58945,0.66667,7; 3; 28; 42; 22; 20; 7; 8
11,49,0.24058,0.22449,17; 18; 11; 49; 23; 13; 3; 24
19,70,0.37838,0.27143,3; 3; 19; 70; 21; 10; 21; 24
12,64,0.28313,0.1875,3; 8; 12; 64; 11; 17; 18; 20
7,9,0.83169,0.77778,29; 16; 7; 9; 20; 10; 16; 31
12,77,0.34265,0.15584,4; 4; 12; 77; 15; 18; 11; 21
6,75,0.24744,0.08,4; 5; 6; 75; 22; 19; 8; 10
22,64,0.41927,0.34375,5; 4; 22; 64; 10; 15; 7; 17
8,78,0.29689,0.10256,6; 5; 8; 78; 15; 23; 16; 3
6,78,0.28075,0.07692,7; 6; 6; 78; 31; 11; 19; 5
8,77,0.30284,0.1039,4; 4; 8; 77; 23; 10; 4; 20
6,78,0.2386,0.07692,5; 6; 6; 78; 8; 28; 23; 10
8,26,0.7825,0.30769,6; 31; 8; 26; 31; 13; 18; 5
22,53,0.44076,0.41509,11; 6; 22; 53; 14; 32; 15; 24
8,10,0.83039,0.8,30; 39; 8; 10; 18; 15; 12; 24
9,48,0.22113,0.1875,9; 15; 9; 48; 31; 13; 18; 24
23,32,0.57109,0.71875,5; 7; 23; 32; 6; 19; 20; 23
11,26,0.81942,0.42308,3; 11; 11; 26; 23; 11; 20; 13
24,63,0.45478,0.38095,3; 4; 24; 63; 19; 3; 27; 26
10,75,0.31671,0.13333,3; 3; 10; 75; 17; 11; 16; 6
12,63,0.26526,0.19048,5; 5; 12; 63; 24; 27; 17; 3
18,49,0.39099,0.36735,11; 12; 18; 49; 5; 18; 10; 25
17,49,0.3682,0.34694,13; 10; 17; 49; 26; 20; 28; 13
6,9,0.82626,0.66667,24; 23; 6; 9; 27; 23; 18; 24
8,77,0.31224,0.1039,6; 6; 8; 77; 7; 19; 21; 29
7,77,0.2808,0.09091,4; 6; 7; 77; 14; 8; 16; 27
6,75,0.25936,0.08,7; 7; 6; 75; 21; 13; 9; 18
17,26,0.57299,0.65385,12; 25; 17; 26; 5; 22; 27; 6
6,10,0.82837,0.6,8; 20; 6; 10; 10; 30; 4; 3
15,31,0.56699,0.48387,21; 12; 15; 31; 21; 12; 10; 18
36,53,0.6744,0.67925,3; 4; 36; 53; 29; 17; 9; 14
5,82,0.36369,0.06098,3; 3; 5; 82; 21; 22; 9; 16
20,70,0.41991,0.28571,4; 4; 20; 70; 17; 18; 18; 11
7,77,0.32359,0.09091,3; 4; 7; 77; 21; 20; 27; 29
26,32,0.57163,0.8125,18; 20; 26; 32; 6; 18; 12; 14
10,70,0.24103,0.14286,6; 7; 10; 70; 13; 27; 32; 3
37,49,0.77181,0.7551,4; 6; 37; 49; 27; 14; 8; 32
8,78,0.32857,0.10256,5; 5; 8; 78; 23; 4; 29; 25
12,78,0.36316,0.15385,3; 4; 12; 78; 3; 17; 25; 32
35,53,0.65941,0.66038,5; 5; 35; 53; 5; 27; 29; 24
6,78,0.3077,0.07692,3; 6; 6; 78; 13; 23; 16; 26
9,77,0.32243,0.11688,6; 4; 9; 77; 8; 29; 21; 25
6,78,0.2483,0.07692,5; 6; 6; 78; 5; 32; 14; 10
5,10,0.8178,0.5,27; 3; 5; 10; 14; 29; 7; 16
27,42,0.5275,0.64286,10; 4; 27; 42; 16; 15; 5; 7
19,32,0.62357,0.59375,23; 7; 19; 32; 30; 3; 22; 18
12,70,0.26699,0.17143,7; 3; 12; 70; 10; 26; 27; 15
17,26,0.52919,0.65385,6; 26; 17; 26; 24; 20; 15; 6
6,9,0.81517,0.66667,37; 18; 6; 9; 23; 18; 30; 26
12,42,0.33395,0.28571,20; 11; 12; 42; 30; 12; 12; 28
24,64,0.39789,0.375,3; 4; 24; 64; 25; 10; 20; 23
8,49,0.19162,0.16327,4; 4; 8; 49; 4; 29; 8; 10
19,26,0.51665,0.73077,3; 17; 19; 26; 26; 17; 15; 25
6,9,0.8106,0.66667,20; 35; 6; 9; 8; 22; 20; 23
13,75,0.3583,0.17333,3; 3; 13; 75; 32; 10; 24; 20
8,82,0.33709,0.09756,3; 4; 8; 82; 24; 26; 6; 23
18,70,0.36318,0.25714,4; 3; 18; 70; 10; 6; 30; 8
6,9,0.81732,0.66667,9; 27; 6; 9; 17; 6; 5; 4
8,82,0.30893,0.09756,4; 3; 8; 82; 28; 10; 7; 6
7,10,0.81556,0.7,3; 23; 7; 10; 10; 13; 28; 4
19,64,0.33729,0.29688,7; 5; 19; 64; 9; 8; 29; 26
21,42,0.5135,0.5,4; 11; 21; 42; 3; 25; 19; 4
6,10,0.81271,0.6,28; 5; 6; 10; 8; 30; 21; 12
5,63,0.16126,0.07937,3; 11; 5; 63; 16; 17; 7; 13
7,26,0.77152,0.26923,19; 20; 7; 26; 28; 25; 12; 4
6,82,0.35857,0.07317,3; 5; 6; 82; 17; 3; 12; 3
11,70,0.27725,0.15714,6; 3; 11; 70; 17; 21; 27; 22
5,10,0.82099,0.5,8; 32; 5; 10; 3; 3; 14; 3
27,31,0.54926,0.87097,4; 15; 27; 31; 28; 3; 30; 15
10,75,0.34061,0.13333,3; 3; 10; 75; 15; 18; 7; 7
11,78,0.35712,0.14103,4; 4; 11; 78; 7; 12; 11; 3
16,70,0.33901,0.22857,5; 4; 16; 70; 15; 19; 31; 18
9,63,0.22134,0.14286,3; 5; 9; 63; 4; 24; 30; 17
13,26,0.58209,0.5,11; 20; 13; 26; 18; 30; 4; 13
26,53,0.50125,0.49057,8; 9; 26; 53; 26; 25; 25; 15
5,10,0.82312,0.5,11; 32; 5; 10; 7; 5; 19; 10
14,63,0.28072,0.22222,6; 4; 14; 63; 10; 32; 17; 31
7,9,0.80237,0.77778,31; 8; 7; 9; 30; 4; 19; 8
17,32,0.42573,0.53125,5; 19; 17; 32; 4; 21; 21; 16
9,77,0.28059,0.11688,6; 6; 9; 77; 13; 13; 23; 14
14,75,0.37934,0.18667,4; 4; 14; 75; 11; 17; 13; 5
14,53,0.30867,0.26415,5; 8; 14; 53; 31; 11; 16; 7
20,42,0.49004,0.47619,7; 15; 20; 42; 3; 24; 23; 22
5,82,0.29578,0.06098,3; 4; 5; 82; 18; 21; 23; 6
23,31,0.52367,0.74194,12; 5; 23; 31; 21; 24; 12; 8
7,9,0.81317,0.77778,40; 13; 7; 9; 10; 9; 22; 5
15,31,0.60562,0.48387,9; 26; 15; 31; 16; 26; 8; 20
6,9,0.79931,0.66667,23; 21; 6; 9; 31; 22; 23; 7
13,31,0.51045,0.41935,10; 24; 13; 31; 19; 9; 6; 11
7,10,0.79575,0.7,39; 22; 7; 10; 8; 8; 15; 32
5,9,0.8374,0.55556,13; 4; 5; 9; 3; 31; 9; 29
11,77,0.34652,0.14286,5; 5; 11; 77; 21; 29; 13; 7
6,31,0.53883,0.19355,23; 26; 6; 31; 23; 22; 3; 4
28,53,0.54331,0.5283,4; 5; 28; 53; 27; 17; 7; 8
35,53,0.68321,0.66038,3; 4; 35; 53; 18; 13; 14; 32
6,82,0.29708,0.07317,4; 5; 6; 82; 11; 12; 26; 19
5,75,0.22475,0.06667,7; 7; 5; 75; 13; 17; 22; 16
7,9,0.81336,0.77778,30; 8; 7; 9; 26; 10; 3; 32
6,82,0.30448,0.07317,3; 4; 6; 82; 8; 12; 3; 21
11,70,0.29349,0.15714,8; 7; 11; 70; 16; 9; 15; 31
5,78,0.30492,0.0641,3; 4; 5; 78; 11; 3; 24; 8
8,78,0.34973,0.10256,3; 4; 8; 78; 8; 26; 24; 14
9,42,0.27939,0.21429,17; 11; 9; 42; 12; 32; 15; 12
12,75,0.35288,0.16,3; 4; 12; 75; 24; 31; 3; 19
8,82,0.35702,0.09756,4; 4; 8; 82; 6; 18; 3; 14
5,9,0.81236,0.55556,18; 3; 5; 9; 29; 28; 25; 11
16,26,0.51788,0.61538,18; 23; 16; 26; 11; 17; 13; 26
36,42,0.6907,0.85714,3; 9; 36; 42; 21; 17; 4; 19
5,77,0.29683,0.06494,4; 3; 5; 77; 9; 15; 24; 3
21,31,0.45915,0.67742,8; 8; 21; 31; 6; 20; 16; 23
5,53,0.12853,0.09434,16; 16; 5; 53; 10; 5; 26; 10
7,26,0.59396,0.26923,9; 19; 7; 26; 18; 26; 3; 28
5,82,0.34376,0.06098,5; 5; 5; 82; 23; 28; 16; 30
11,78,0.35337,0.14103,4; 3; 11; 78; 31; 28; 25; 8
12,78,0.36997,0.15385,4; 4; 12; 78; 15; 20; 12; 21
6,9,0.82119,0.66667,13; 11; 6; 9; 7; 24; 16; 28
6,10,0.80729,0.6,22; 34; 6; 10; 17; 21; 24; 24
20,70,0.43661,0.28571,3; 3; 20; 70; 12; 14; 9; 3
11,75,0.33191,0.14667,3; 4; 11; 75; 24; 4; 30; 17
8,82,0.33492,0.09756,4; 4; 8; 82; 28; 8; 21; 25
31,32,0.57661,0.96875,8; 4; 31; 32; 20; 24; 20; 27
5,9,0.79545,0.55556,5; 9; 5; 9; 10; 17; 29; 18
15,32,0.42444,0.46875,19; 22; 15; 32; 23; 23; 5; 27
8,10,0.80112,0.8,6; 32; 8; 10; 30; 16; 27; 8
8,75,0.26335,0.10667,3; 3; 8; 75; 13; 13; 30; 21
11,63,0.26698,0.1746,5; 4; 11; 63; 25; 3; 8; 19
5,77,0.2381,0.06494,3; 6; 5; 77; 11; 24; 28; 28
15,70,0.33157,0.21429,6; 6; 15; 70; 16; 5; 19; 15
13,26,0.67863,0.5,13; 28; 13; 26; 16; 30; 28; 14
13,32,0.58558,0.40625,18; 5; 13; 32; 27; 12; 5; 31
8,64,0.17038,0.125,3; 6; 8; 64; 26; 9; 19; 27
7,9,0.82118,0.77778,26; 14; 7; 9; 9; 6; 27; 24
19,31,0.57349,0.6129,23; 10; 19; 31; 19; 11; 25; 13
14,26,0.73053,0.53846,7; 15; 14; 26; 24; 6; 11; 20
27,31,0.50753,0.87097,9; 17; 27; 31; 13; 3; 11; 28
14,64,0.28666,0.21875,4; 7; 14; 64; 20; 24; 4; 21
26,64,0.48094,0.40625,3; 4; 26; 64; 10; 9; 10; 18
15,31,0.51508,0.48387,20; 10; 15; 31; 6; 10; 30; 22
6,32,0.65617,0.1875,5; 29; 6; 32; 13; 28; 21; 15
5,82,0.30006,0.06098,4; 5; 5; 82; 25; 28; 31; 10
29,31,0.58674,0.93548,15; 9; 29; 31; 3; 14; 28; 24
15,70,0.37737,0.21429,6; 5; 15; 70; 24; 11; 22; 19
26,49,0.50151,0.53061,11; 4; 26; 49; 26; 23; 11; 7
6,31,0.68227,0.19355,11; 4; 6; 31; 19; 10; 3; 28
23,48,0.45511,0.47917,5; 6; 23; 48; 7; 31; 30; 11
8,78,0.26663,0.10256,6; 5; 8; 78; 30; 6; 17; 23
31,48,0.62734,0.64583,4; 9; 31; 48; 5; 24; 13; 27
17,31,0.4799,0.54839,24; 15; 17; 31; 9; 9; 8; 18
5,75,0.24516,0.06667,6; 6; 5; 75; 23; 19; 32; 15
23,26,0.53428,0.88462,18; 21; 23; 26; 29; 24; 7; 17
6,10,0.82305,0.6,37; 9; 6; 10; 31; 9; 30; 27
14,32,0.47793,0.4375,13; 20; 14; 32; 17; 6; 6; 29
17,26,0.73934,0.65385,10; 21; 17; 26; 29; 16; 3; 5
21,63,0.39522,0.33333,4; 5; 21; 63; 26; 7; 29; 5
12,75,0.28547,0.16,4; 3; 12; 75; 16; 14; 6; 31
16,70,0.34171,0.22857,3; 6; 16; 70; 18; 7; 29; 12
27,32,0.41168,0.84375,18; 16; 27; 32; 19; 9; 30; 5
9,10,0.80616,0.9,19; 33; 9; 10; 26; 8; 12; 13
14,42,0.36123,0.33333,14; 14; 14; 42; 12; 23; 26; 7
7,70,0.22651,0.1,10; 3; 7; 70; 15; 18; 21; 23
21,64,0.40323,0.32812,5; 6; 21; 64; 25; 10; 7; 4
9,78,0.31461,0.11538,4; 4; 9; 78; 19; 17; 25; 18
6,82,0.31401,0.07317,4; 4; 6; 82; 25; 30; 25; 15
28,42,0.55908,0.66667,11; 5; 28; 42; 32; 3; 24; 13
41,48,0.7757,0.85417,4; 4; 41; 48; 3; 17; 8; 15
15,42,0.4021,0.35714,15; 12; 15; 42; 11; 30; 21; 9
5,53,0.1381,0.09434,5; 11; 5; 53; 20; 20; 30; 22
13,26,0.66559,0.5,4; 25; 13; 26; 11; 14; 13; 9
7,10,0.83744,0.7,3; 19; 7; 10; 8; 15; 17; 32
9,70,0.26695,0.12857,5; 9; 9; 70; 19; 6; 8; 6
26,42,0.49325,0.61905,11; 7; 26; 42; 12; 27; 22; 18
35,48,0.7027,0.72917,5; 6; 35; 48; 28; 15; 11; 12
24,63,0.47144,0.38095,5; 5; 24; 63; 8; 22; 5; 25
8,9,0.82408,0.88889,38; 21; 8; 9; 7; 30; 17; 9
11,70,0.25455,0.15714,6; 5; 11; 70; 17; 7; 12; 6
6,49,0.14919,0.12245,3; 20; 6; 49; 6; 17; 4; 9
6,9,0.82238,0.66667,40; 29; 6; 9; 29; 26; 7; 27
10,49,0.23845,0.20408,16; 4; 10; 49; 27; 7; 22; 17
24,64,0.40957,0.375,3; 4; 24; 64; 15; 15; 18; 20
6,9,0.82741,0.66667,6; 14; 6; 9; 12; 25; 25; 14
16,70,0.3661,0.22857,4; 6; 16; 70; 3; 3; 29; 7
19,53,0.35956,0.35849,8; 4; 19; 53; 31; 25; 21; 19
5,63,0.17238,0.07937,4; 7; 5; 63; 4; 30; 24; 9
36,42,0.65875,0.85714,6; 10; 36; 42; 9; 3; 23; 27
9,77,0.35634,0.11688,4; 5; 9; 77; 16; 7; 30; 26
8,82,0.39196,0.09756,4; 3; 8; 82; 30; 17; 9; 11
19,31,0.5132,0.6129,18; 11; 19; 31; 7; 19; 6; 17
31,42,0.61613,0.7381,11; 4; 31; 42; 30; 17; 4; 8
17,64,0.35363,0.26562,6; 8; 17; 64; 16; 30; 25; 12
9,53,0.19223,0.16981,18; 17; 9; 53; 21; 25; 22; 5
5,78,0.32684,0.0641,4; 3; 5; 78; 14; 10; 6; 22
12,26,0.62602,0.46154,9; 27; 12; 26; 7; 21; 16; 10
19,26,0.60957,0.73077,22; 23; 19; 26; 22; 29; 23; 11
6,77,0.29952,0.07792,5; 7; 6; 77; 23; 5; 12; 12
8,32,0.48823,0.25,7; 24; 8; 32; 27; 19; 10; 18
27,63,0.48764,0.42857,4; 4; 27; 63; 19; 30; 9; 7
7,78,0.31089,0.08974,6; 4; 7; 78; 31; 13; 32; 19
32,53,0.57118,0.60377,6; 5; 32; 53; 19; 5; 10; 9
12,63,0.26471,0.19048,10; 4; 12; 63; 11; 23; 4; 16
5,78,0.27858,0.0641,3; 4; 5; 78; 12; 30; 23; 3
20,63,0.39778,0.31746,6; 5; 20; 63; 19; 31; 14; 29
7,26,0.63514,0.26923,25; 20; 7; 26; 16; 21; 25; 7
11,77,0.36055,0.14286,3; 3; 11; 77; 10; 22; 7; 11
5,82,0.3553,0.06098,5; 5; 5; 82; 19; 11; 25; 31
7,32,0.52347,0.21875,7; 9; 7; 32; 20; 7; 14; 11
6,10,0.83402,0.6,26; 15; 6; 10; 17; 7; 20; 27
27,32,0.58969,0.84375,16; 5; 27; 32; 5; 21; 5; 3
6,82,0.36976,0.07317,5; 4; 6; 82; 27; 9; 20; 26
27,42,0.55133,0.64286,7; 13; 27; 42; 12; 30; 16; 25
9,75,0.28909,0.12,3; 7; 9; 75; 21; 27; 22; 18
29,49,0.5855,0.59184,10; 6; 29; 49; 19; 4; 27; 9
23,31,0.41955,0.74194,19; 21; 23; 31; 11; 18; 21; 4
19,42,0.46985,0.45238,16; 15; 19; 42; 29; 3; 13; 22
17,64,0.3386,0.26562,7; 5; 17; 64; 21; 14; 13; 8
11,63,0.23109,0.1746,10; 5; 11; 63; 9; 19; 3; 16
5,70,0.23006,0.07143,5; 6; 5; 70; 24; 15; 14; 25
16,48,0.38968,0.33333,10; 6; 16; 48; 19; 16; 31; 14
8,82,0.34188,0.09756,3; 4; 8; 82; 22; 5; 10; 25
6,82,0.34207,0.07317,4; 5; 6; 82; 19; 24; 4; 27
5,77,0.31019,0.06494,8; 7; 5; 77; 30; 3; 29; 7
8,64,0.20418,0.125,8; 13; 8; 64; 18; 21; 12; 30
14,49,0.30498,0.28571,11; 10; 14; 49; 25; 17; 3; 29
5,10,0.82314,0.5,14; 19; 5; 10; 15; 32; 23; 20
6,78,0.26558,0.07692,6; 5; 6; 78; 21; 31; 22; 13
35,49,0.71633,0.71429,4; 7; 35; 49; 14; 9; 4; 15
6,9,0.82114,0.66667,36; 28; 6; 9; 20; 13; 9; 15
6,78,0.24772,0.07692,3; 6; 6; 78; 20; 18; 17; 22
6,75,0.24517,0.08,5; 6; 6; 75; 10; 9; 4; 6
25,63,0.44175,0.39683,4; 5; 25; 63; 13; 5; 12; 13
8,78,0.34219,0.10256,3; 5; 8; 78; 7; 29; 24; 29
8,32,0.78379,0.25,11; 13; 8; 32; 7; 15; 24; 23
24,63,0.45548,0.38095,4; 4; 24; 63; 11; 15; 25; 6
19,70,0.41251,0.27143,3; 4; 19; 70; 4; 13; 4; 12
36,42,0.69535,0.85714,7; 4; 36; 42; 25; 11; 32; 12
9,64,0.21345,0.14062,9; 5; 9; 64; 7; 16; 32; 12
5,77,0.32807,0.06494,5; 4; 5; 77; 24; 28; 25; 19
8,48,0.23116,0.16667,3; 5; 8; 48; 22; 12; 26; 5
16,70,0.35471,0.22857,3; 4; 16; 70; 28; 15; 9; 21
13,32,0.45582,0.40625,10; 3; 13; 32; 6; 18; 9; 9
21,31,0.45992,0.67742,7; 20; 21; 31; 30; 3; 32; 7
6,77,0.2949,0.07792,6; 3; 6; 77; 17; 8; 11; 12
7,9,0.81711,0.77778,11; 30; 7; 9; 27; 6; 23; 14
8,82,0.38077,0.09756,4; 3; 8; 82; 3; 6; 19; 18
28,53,0.53884,0.5283,6; 6; 28; 53; 17; 6; 4; 10
6,75,0.25899,0.08,7; 4; 6; 75; 20; 8; 17; 30
5,78,0.31974,0.0641,6; 5; 5; 78; 7; 7; 4; 12
7,63,0.16856,0.11111,11; 4; 7; 63; 12; 17; 6; 26
14,70,0.29705,0.2,3; 7; 14; 70; 27; 5; 26; 7
20,32,0.66421,0.625,21; 17; 20; 32; 25; 20; 27; 7
22,63,0.42375,0.34921,4; 4; 22; 63; 13; 5; 29; 31
19,70,0.42545,0.27143,4; 3; 19; 70; 14; 22; 21; 29
19,63,0.39429,0.30159,7; 7; 19; 63; 18; 8; 18; 3
16,32,0.50969,0.5,15; 4; 16; 32; 25; 11; 23; 28
13,77,0.34407,0.16883,3; 4; 13; 77; 8; 32; 25; 32
5,9,0.8379,0.55556,3; 23; 5; 9; 17; 5; 21; 5
15,49,0.29642,0.30612,14; 6; 15; 49; 12; 20; 20; 26
21,26,0.52191,0.80769,22; 18; 21; 26; 13; 5; 10; 6
29,49,0.58332,0.59184,8; 9; 29; 49; 9; 5; 11; 14
8,78,0.31901,0.10256,4; 5; 8; 78; 32; 10; 6; 16
8,70,0.19273,0.11429,8; 8; 8; 70; 26; 31; 19; 3
5,49,0.17721,0.10204,9; 11; 5; 49; 3; 24; 8; 18
17,64,0.35504,0.26562,6; 4; 17; 64; 27; 17; 22; 4
13,42,0.43318,0.30952,12; 4; 13; 42; 30; 29; 11; 11
27,42,0.54454,0.64286,13; 7; 27; 42; 5; 16; 10; 31
27,32,0.70121,0.84375,19; 18; 27; 32; 18; 11; 31; 13
23,48,0.45605,0.47917,7; 6; 23; 48; 10; 10; 5; 4
21,31,0.61898,0.67742,4; 11; 21; 31; 18; 27; 13; 6
20,64,0.41129,0.3125,4; 3; 20; 64; 15; 21; 4; 31
6,82,0.33081,0.07317,4; 5; 6; 82; 16; 7; 14; 9
34,49,0.69162,0.69388,7; 6; 34; 49; 3; 14; 9; 7
9,26,0.68807,0.34615,26; 5; 9; 26; 29; 7; 31; 23
20,64,0.3705,0.3125,3; 5; 20; 64; 15; 10; 12; 13
22,64,0.424,0.34375,5; 4; 22; 64; 10; 24; 26; 9
26,63,0.48456,0.4127,3; 3; 26; 63; 17; 24; 13; 23
7,9,0.7996,0.77778,13; 25; 7; 9; 31; 10; 16; 6
6,9,0.83245,0.66667,29; 7; 6; 9; 22; 29; 5; 30
24,32,0.5429,0.75,9; 16; 24; 32; 10; 23; 13; 32
5,75,0.24364,0.06667,6; 9; 5; 75; 16; 24; 5; 11
17,32,0.41428,0.53125,17; 16; 17; 32; 17; 6; 17; 12
14,75,0.36658,0.18667,4; 3; 14; 75; 14; 21; 21; 25
7,77,0.32042,0.09091,4; 4; 7; 77; 17; 19; 12; 32
22,26,0.47501,0.84615,7; 22; 22; 26; 20; 11; 6; 16
24,64,0.446,0.375,3; 5; 24; 64; 7; 11; 11; 21
8,78,0.26016,0.10256,6; 5; 8; 78; 24; 18; 28; 25
5,10,0.83607,0.5,32; 39; 5; 10; 21; 13; 32; 8
5,42,0.20685,0.11905,4; 24; 5; 42; 6; 4; 5; 29
29,32,0.59343,0.90625,4; 11; 29; 32; 13; 19; 27; 24
8,82,0.3252,0.09756,4; 3; 8; 82; 15; 32; 11; 20
5,78,0.23464,0.0641,3; 5; 5; 78; 23; 7; 8; 16
8,10,0.79975,0.8,29; 4; 8; 10; 12; 18; 28; 6
8,78,0.29595,0.10256,3; 3; 8; 78; 13; 20; 6; 21
18,53,0.35991,0.33962,11; 4; 18; 53; 5; 3; 11; 25
25,63,0.42339,0.39683,5; 5; 25; 63; 3; 29; 16; 26
11,63,0.24101,0.1746,10; 3; 11; 63; 23; 31; 12; 16
8,48,0.19213,0.16667,10; 18; 8; 48; 24; 19; 30; 11
13,64,0.29972,0.20312,4; 6; 13; 64; 31; 8; 27; 26
17,26,0.64627,0.65385,8; 13; 17; 26; 30; 28; 11; 14
36,48,0.71269,0.75,4; 3; 36; 48; 15; 4; 32; 9
38,42,0.69917,0.90476,9; 6; 38; 42; 28; 16; 3; 27
31,32,0.61343,0.96875,16; 12; 31; 32; 24; 16; 23; 20
15,70,0.35442,0.21429,5; 5; 15; 70; 18; 12; 11; 32
26,31,0.62029,0.83871,3; 9; 26; 31; 32; 19; 21; 14
9,31,0.53078,0.29032,26; 26; 9; 31; 9; 25; 30; 32
29,49,0.57381,0.59184,4; 9; 29; 49; 13; 28; 5; 25
7,77,0.32784,0.09091,5; 4; 7; 77; 4; 29; 27; 15
6,10,0.80749,0.6,5; 13; 6; 10; 24; 25; 14; 27
7,10,0.79556,0.7,34; 18; 7; 10; 12; 15; 6; 19
18,70,0.39106,0.25714,3; 5; 18; 70; 21; 15; 6; 16
19,63,0.37124,0.30159,4; 3; 19; 63; 14; 30; 32; 5
8,82,0.34139,0.09756,3; 3; 8; 82; 32; 26; 3; 25
22,63,0.43525,0.34921,3; 4; 22; 63; 32; 5; 18; 24
30,48,0.59307,0.625,4; 6; 30; 48; 27; 13; 16; 26
10,70,0.30642,0.14286,3; 9; 10; 70; 16; 16; 5; 18
11,26,0.813,0.42308,27; 5; 11; 26; 25; 3; 5; 17
35,42,0.67996,0.83333,9; 3; 35; 42; 11; 5; 30; 12
19,48,0.40881,0.39583,3; 10; 19; 48; 29; 30; 7; 15
6,77,0.26165,0.07792,6; 4; 6; 77; 22; 24; 24; 8
5,75,0.25024,0.06667,5; 9; 5; 75; 10; 29; 3; 15
12,31,0.44048,0.3871,7; 24; 12; 31; 9; 31; 31; 20
11,78,0.3605,0.14103,3; 4; 11; 78; 6; 32; 12; 24
9,10,0.81953,0.9,21; 3; 9; 10; 22; 5; 18; 16
17,48,0.34896,0.35417,12; 12; 17; 48; 14; 11; 29; 9
5,82,0.31572,0.06098,5; 3; 5; 82; 28; 23; 11; 25
12,70,0.27898,0.17143,6; 6; 12; 70; 10; 14; 29; 30
11,77,0.33156,0.14286,4; 3; 11; 77; 23; 7; 11; 19
17,63,0.3249,0.26984,9; 8; 17; 63; 26; 31; 3; 15
5,82,0.28943,0.06098,5; 4; 5; 82; 18; 19; 8; 32
8,9,0.79898,0.88889,36; 30; 8; 9; 27; 9; 8; 14
17,70,0.3997,0.24286,3; 3; 17; 70; 14; 23; 32; 5
37,53,0.69624,0.69811,3; 4; 37; 53; 18; 27; 13; 9
10,77,0.32851,0.12987,3; 5; 10; 77; 18; 7; 32; 18
24,64,0.40965,0.375,5; 3; 24; 64; 16; 28; 17; 9
13,31,0.51292,0.41935,13; 26; 13; 31; 18; 23; 9; 4
26,53,0.51675,0.49057,4; 9; 26; 53; 8; 21; 24; 19
5,49,0.16388,0.10204,8; 11; 5; 49; 29; 27; 10; 20
40,42,0.71379,0.95238,3; 5; 40; 42; 10; 15; 4; 21
34,42,0.66482,0.80952,5; 4; 34; 42; 26; 16; 26; 8
10,31,0.61678,0.32258,28; 10; 10; 31; 8; 15; 29; 17
16,63,0.32318,0.25397,9; 7; 16; 63; 25; 17; 7; 27
6,10,0.83754,0.6,41; 27; 6; 10; 26; 31; 14; 3
34,53,0.63661,0.64151,4; 4; 34; 53; 24; 13; 18; 31
8,75,0.32229,0.10667,6; 4; 8; 75; 20; 5; 27; 17
20,70,0.40531,0.28571,4; 4; 20; 70; 16; 17; 13; 31
20,49,0.40941,0.40816,9; 5; 20; 49; 19; 28; 32; 6
10,78,0.31539,0.12821,5; 5; 10; 78; 15; 19; 7; 17
5,9,0.81476,0.55556,32; 12; 5; 9; 18; 24; 27; 8
18,42,0.43811,0.42857,10; 12; 18; 42; 24; 21; 4; 21
25,53,0.47254,0.4717,10; 10; 25; 53; 27; 13; 21; 28
7,31,0.57159,0.22581,12; 21; 7; 31; 12; 23; 11; 25
14,31,0.77357,0.45161,17; 24; 14; 31; 24; 26; 15; 14
26,49,0.49792,0.53061,3; 11; 26; 49; 4; 30; 4; 25
9,10,0.79467,0.9,27; 29; 9; 10; 6; 26; 31; 32
17,64,0.33974,0.26562,3; 3; 17; 64; 6; 30; 29; 7
27,42,0.59482,0.64286,3; 12; 27; 42; 32; 8; 9; 29
15,26,0.74953,0.57692,19; 14; 15; 26; 16; 17; 8; 16
6,10,0.79853,0.6,7; 14; 6; 10; 14; 21; 24; 14
14,48,0.2877,0.29167,10; 10; 14; 48; 31; 14; 4; 16
19,31,0.44329,0.6129,9; 18; 19; 31; 11; 19; 27; 13
12,77,0.34097,0.15584,4; 3; 12; 77; 8; 14; 9; 24
21,49,0.4018,0.42857,3; 9; 21; 49; 6; 19; 20; 26
5,82,0.32166,0.06098,3; 3; 5; 82; 6; 9; 19; 15
5,9,0.82416,0.55556,37; 13; 5; 9; 25; 21; 13; 17
5,9,0.83129,0.55556,10; 27; 5; 9; 4; 32; 8; 32
16,49,0.33306,0.32653,15; 11; 16; 49; 29; 22; 7; 29
6,77,0.26844,0.07792,6; 4; 6; 77; 24; 9; 16; 3
20,42,0.41951,0.47619,14; 4; 20; 42; 29; 23; 12; 31
6,63,0.18083,0.09524,11; 3; 6; 63; 9; 10; 23; 24
5,26,0.6779,0.19231,8; 14; 5; 26; 30; 20; 27; 17
12,77,0.36485,0.15584,4; 4; 12; 77; 5; 14; 14; 30
13,53,0.27754,0.24528,15; 7; 13; 53; 15; 12; 24; 11
5,9,0.83085,0.55556,22; 42; 5; 9; 24; 16; 29; 23
22,26,0.50793,0.84615,6; 6; 22; 26; 6; 29; 21; 10
6,70,0.23515,0.08571,11; 4; 6; 70; 6; 8; 22; 26
8,10,0.78399,0.8,33; 35; 8; 10; 25; 32; 27; 8
5,9,0.81747,0.55556,32; 38; 5; 9; 16; 15; 10; 12
19,48,0.39285,0.39583,12; 7; 19; 48; 6; 9; 31; 12
12,78,0.37493,0.15385,3; 4; 12; 78; 29; 11; 29; 9
8,64,0.18949,0.125,12; 3; 8; 64; 15; 30; 18; 7
15,63,0.30864,0.2381,6; 6; 15; 63; 5; 23; 22; 11
19,53,0.36378,0.35849,5; 4; 19; 53; 26; 17; 26; 22
7,9,0.81923,0.77778,23; 28; 7; 9; 5; 10; 25; 6
12,78,0.37516,0.15385,4; 4; 12; 78; 21; 9; 14; 29
6,82,0.33706,0.07317,4; 3; 6; 82; 16; 32; 9; 23
12,32,0.48685,0.375,9; 20; 12; 32; 15; 15; 10; 15
8,78,0.27705,0.10256,3; 4; 8; 78; 17; 4; 29; 25
35,49,0.71777,0.71429,4; 7; 35; 49; 15; 25; 21; 5
12,75,0.34977,0.16,3; 4; 12; 75; 19; 25; 22; 12
38,42,0.698,0.90476,5; 9; 38; 42; 13; 10; 7; 28
9,63,0.1879,0.14286,8; 11; 9; 63; 8; 30; 10; 28
11,49,0.27161,0.22449,14; 18; 11; 49; 11; 14; 15; 6
17,32,0.51832,0.53125,11; 7; 17; 32; 8; 29; 3; 25
8,75,0.26338,0.10667,4; 7; 8; 75; 9; 20; 30; 22
5,42,0.26143,0.11905,18; 22; 5; 42; 19; 17; 19; 16
18,32,0.5014,0.5625,4; 9; 18; 32; 15; 22; 8; 22
8,82,0.37674,0.09756,4; 4; 8; 82; 5; 8; 28; 17
11,64,0.23285,0.17188,11; 8; 11; 64; 13; 7; 12; 31
15,75,0.35551,0.2,4; 3; 15; 75; 14; 9; 20; 20
6,32,0.72521,0.1875,16; 23; 6; 32; 22; 28; 19; 22
21,26,0.65039,0.80769,16; 12; 21; 26; 3; 16; 17; 10
5,9,0.82374,0.55556,6; 29; 5; 9; 9; 32; 28; 3
29,49,0.57554,0.59184,5; 3; 29; 49; 24; 7; 21; 7
6,82,0.30912,0.07317,3; 5; 6; 82; 6; 24; 29; 14
18,70,0.38357,0.25714,5; 5; 18; 70; 6; 22; 23; 32
12,63,0.25924,0.19048,9; 11; 12; 63; 13; 21; 26; 30
12,77,0.37179,0.15584,3; 4; 12; 77; 9; 17; 20; 17
11,70,0.25122,0.15714,3; 4; 11; 70; 31; 6; 15; 9
16,42,0.45364,0.38095,13; 11; 16; 42; 28; 5; 8; 13
7,26,0.68601,0.26923,16; 4; 7; 26; 20; 28; 13; 4
19,63,0.35615,0.30159,5; 4; 19; 63; 7; 21; 16; 28
9,32,0.76116,0.28125,7; 22; 9; 32; 9; 16; 19; 6
31,42,0.64578,0.7381,7; 9; 31; 42; 25; 27; 30; 7
8,82,0.31686,0.09756,4; 3; 8; 82; 22; 13; 3; 30
19,26,0.59523,0.73077,24; 24; 19; 26; 25; 28; 4; 9
20,31,0.57001,0.64516,20; 5; 20; 31; 24; 8; 9; 24
27,49,0.55855,0.55102,5; 8; 27; 49; 23; 21; 18; 17
9,49,0.21653,0.18367,13; 11; 9; 49; 19; 16; 9; 17
12,49,0.27254,0.2449,3; 13; 12; 49; 12; 23; 10; 9
28,31,0.61153,0.90323,13; 12; 28; 31; 13; 7; 8; 30
7,64,0.18801,0.10938,13; 6; 7; 64; 27; 31; 7; 13
14,42,0.36631,0.33333,20; 11; 14; 42; 23; 26; 4; 19
24,31,0.49078,0.77419,3; 20; 24; 31; 23; 19; 8; 4
25,53,0.45583,0.4717,4; 5; 25; 53; 24; 14; 21; 22
33,48,0.6596,0.6875,5; 8; 33; 48; 23; 4; 15; 8
6,78,0.29638,0.07692,5; 4; 6; 78; 31; 19; 8; 11
9,49,0.2183,0.18367,8; 18; 9; 49; 3; 26; 26; 23
5,77,0.28431,0.06494,8; 3; 5; 77; 18; 23; 9; 16
8,9,0.81493,0.88889,9; 33; 8; 9; 14; 22; 20; 7
13,75,0.36434,0.17333,5; 5; 13; 75; 7; 25; 23; 8
14,49,0.28791,0.28571,3; 17; 14; 49; 12; 32; 19; 20
11,75,0.3297,0.14667,4; 4; 11; 75; 27; 6; 25; 3
20,49,0.39392,0.40816,5; 4; 20; 49; 31; 11; 31; 9
21,64,0.43174,0.32812,4; 3; 21; 64; 26; 16; 16; 29
19,49,0.41159,0.38776,3; 15; 19; 49; 27; 24; 11; 16
10,31,0.63091,0.32258,22; 18; 10; 31; 17; 27; 18; 20
26,31,0.5163,0.83871,5; 5; 26; 31; 30; 8; 23; 18
9,75,0.29323,0.12,5; 6; 9; 75; 6; 27; 19; 18
7,82,0.3275,0.08537,4; 4; 7; 82; 4; 28; 28; 13
29,48,0.6023,0.60417,10; 3; 29; 48; 8; 24; 19; 18
5,82,0.30901,0.06098,3; 3; 5; 82; 13; 26; 30; 16
13,48,0.28084,0.27083,9; 11; 13; 48; 29; 6; 12; 23
10,63,0.22766,0.15873,5; 10; 10; 63; 27; 8; 14; 26
8,42,0.25862,0.19048,6; 24; 8; 42; 12; 24; 7; 14
13,77,0.36686,0.16883,3; 4; 13; 77; 6; 19; 16; 7
24,63,0.45749,0.38095,4; 3; 24; 63; 15; 16; 29; 9
12,64,0.26041,0.1875,8; 7; 12; 64; 30; 27; 10; 25
15,48,0.33519,0.3125,13; 15; 15; 48; 23; 25; 16; 26
9,64,0.23477,0.14062,10; 10; 9; 64; 29; 28; 19; 5
17,26,0.75676,0.65385,3; 23; 17; 26; 7; 18; 26; 10
35,53,0.65374,0.66038,3; 3; 35; 53; 32; 19; 15; 17
15,70,0.38231,0.21429,6; 5; 15; 70; 29; 30; 11; 26
9,78,0.29574,0.11538,4; 3; 9; 78; 18; 9; 5; 31
8,78,0.28554,0.10256,4; 5; 8; 78; 31; 18; 8; 9
7,32,0.50487,0.21875,23; 27; 7; 32; 28; 22; 7; 12
12,31,0.59083,0.3871,6; 22; 12; 31; 10; 14; 15; 6
8,75,0.27475,0.10667,3; 3; 8; 75; 14; 30; 8; 20
21,63,0.43211,0.33333,4; 4; 21; 63; 20; 31; 17; 5
24,32,0.58263,0.75,21; 4; 24; 32; 14; 8; 4; 26
5,10,0.81968,0.5,22; 24; 5; 10; 6; 5; 23; 7
22,64,0.40548,0.34375,3; 3; 22; 64; 27; 22; 15; 4
10,26,0.63425,0.38462,30; 4; 10; 26; 28; 18; 16; 18
6,9,0.81712,0.66667,15; 7; 6; 9; 24; 16; 6; 10
12,53,0.22724,0.22642,3; 8; 12; 53; 13; 13; 16; 3
6,78,0.25834,0.07692,5; 7; 6; 78; 6; 3; 23; 5
18,70,0.35116,0.25714,5; 4; 18; 70; 25; 7; 6; 15
20,32,0.51039,0.625,23; 18; 20; 32; 31; 10; 6; 6
16,70,0.35751,0.22857,3; 5; 16; 70; 7; 5; 21; 17
9,53,0.19046,0.16981,15; 6; 9; 53; 30; 10; 32; 8
6,77,0.26374,0.07792,3; 3; 6; 77; 21; 32; 25; 15
5,70,0.21044,0.07143,6; 5; 5; 70; 20; 27; 5; 18
6,48,0.14741,0.125,21; 16; 6; 48; 31; 4; 21; 12
22,26,0.65115,0.84615,8; 9; 22; 26; 5; 24; 23; 12
7,9,0.82471,0.77778,20; 21; 7; 9; 10; 4; 21; 31
25,26,0.65206,0.96154,22; 9; 25; 26; 27; 4; 12; 12
20,32,0.5851,0.625,17; 14; 20; 32; 9; 3; 6; 9
16,49,0.32521,0.32653,4; 6; 16; 49; 19; 18; 4; 3
8,9,0.79548,0.88889,28; 40; 8; 9; 11; 7; 32; 3
8,70,0.22272,0.11429,8; 10; 8; 70; 31; 31; 13; 16
5,49,0.17324,0.10204,18; 19; 5; 49; 16; 12; 16; 8
35,53,0.66902,0.66038,5; 4; 35; 53; 17; 31; 15; 31
10,42,0.25819,0.2381,5; 14; 10; 42; 13; 32; 12; 22
12,78,0.35922,0.15385,3; 3; 12; 78; 25; 17; 4; 22
27,49,0.53442,0.55102,9; 4; 27; 49; 9; 9; 5; 21
5,82,0.31031,0.06098,3; 4; 5; 82; 30; 3; 32; 4
21,48,0.42759,0.4375,11; 7; 21; 48; 6; 12; 9; 30
6,10,0.81969,0.6,17; 35; 6; 10; 15; 22; 26; 3
25,63,0.43862,0.39683,4; 3; 25; 63; 9; 18; 24; 10
7,82,0.3567,0.08537,3; 3; 7; 82; 8; 32; 26; 23
17,48,0.37988,0.35417,9; 15; 17; 48; 26; 13; 12; 26
8,77,0.30009,0.1039,3; 3; 8; 77; 12; 22; 4; 10
20,63,0.42965,0.31746,3; 4; 20; 63; 30; 15; 16; 8
24,26,0.62334,0.92308,7; 4; 24; 26; 12; 17; 15; 29
6,63,0.20187,0.09524,12; 10; 6; 63; 30; 11; 18; 21
9,75,0.30285,0.12,4; 7; 9; 75; 24; 9; 19; 31
9,31,0.60324,0.29032,15; 14; 9; 31; 12; 13; 20; 28
18,70,0.38159,0.25714,4; 3; 18; 70; 5; 26; 27; 21
7,31,0.78034,0.22581,3; 28; 7; 31; 11; 3; 28; 8
6,31,0.64388,0.19355,9; 12; 6; 31; 30; 22; 30; 15
26,53,0.48546,0.49057,8; 4; 26; 53; 26; 14; 29; 28
27,42,0.57834,0.64286,14; 4; 27; 42; 22; 23; 12; 18
36,53,0.67172,0.67925,3; 3; 36; 53; 6; 25; 3; 22
7,82,0.33407,0.08537,3; 3; 7; 82; 27; 31; 22; 11
5,64,0.178,0.07812,12; 12; 5; 64; 18; 20; 5; 22
7,70,0.22216,0.1,6; 6; 7; 70; 23; 21; 6; 16
11,48,0.21999,0.22917,13; 4; 11; 48; 27; 17; 13; 14
13,70,0.34981,0.18571,4; 4; 13; 70; 20; 29; 24; 11
8,31,0.56667,0.25806,28; 8; 8; 31; 17; 16; 21; 7
9,70,0.22885,0.12857,5; 8; 9; 70; 15; 20; 11; 27
8,10,0.81898,0.8,27; 24; 8; 10; 15; 6; 13; 26
9,77,0.34228,0.11688,5; 4; 9; 77; 32; 25; 30; 10
17,26,0.4992,0.65385,27; 24; 17; 26; 13; 22; 10; 31
23,53,0.44265,0.43396,4; 8; 23; 53; 19; 23; 16; 6
13,31,0.54246,0.41935,21; 7; 13; 31; 19; 20; 18; 15
14,70,0.30583,0.2,4; 5; 14; 70; 14; 11; 6; 13
10,31,0.58475,0.32258,19; 25; 10; 31; 21; 29; 3; 30
7,70,0.25328,0.1,3; 8; 7; 70; 5; 13; 4; 22
11,78,0.32156,0.14103,4; 3; 11; 78; 21; 13; 3; 26
8,75,0.26256,0.10667,7; 5; 8; 75; 23; 4; 32; 20
20,53,0.36877,0.37736,3; 3; 20; 53; 7; 30; 18; 20
5,26,0.67598,0.19231,33; 12; 5; 26; 24; 5; 5; 14
8,82,0.3399,0.09756,4; 4; 8; 82; 15; 24; 16; 21
7,82,0.29764,0.08537,4; 3; 7; 82; 25; 27; 28; 6
9,10,0.82963,0.9,8; 14; 9; 10; 14; 17; 18; 6
16,26,0.59366,0.61538,21; 3; 16; 26; 27; 21; 11; 12
13,70,0.30115,0.18571,5; 7; 13; 70; 5; 28; 20; 9
22,64,0.41206,0.34375,4; 4; 22; 64; 4; 10; 30; 14
29,31,0.61428,0.93548,3; 4; 29; 31; 27; 25; 20; 10
8,78,0.30735,0.10256,4; 6; 8; 78; 27; 9; 20; 3
25,32,0.59887,0.78125,18; 5; 25; 32; 6; 8; 23; 12
7,82,0.33551,0.08537,3; 3; 7; 82; 3; 13; 13; 29
20,63,0.37467,0.31746,6; 4; 20; 63; 5; 24; 17; 5
22,32,0.47047,0.6875,7; 7; 22; 32; 23; 11; 5; 11
28,32,0.58911,0.875,7; 19; 28; 32; 22; 30; 7; 14
19,70,0.40248,0.27143,4; 4; 19; 70; 15; 29; 18; 32
33,53,0.61886,0.62264,4; 3; 33; 53; 12; 14; 17; 15
8,49,0.2077,0.16327,11; 11; 8; 49; 17; 3; 24; 14
7,70,0.21797,0.1,5; 8; 7; 70; 6; 19; 23; 25
32,42,0.61866,0.7619,7; 12; 32; 42; 16; 29; 12; 12
6,82,0.27963,0.07317,3; 4; 6; 82; 22; 32; 8; 5
42,48,0.81914,0.875,4; 3; 42; 48; 29; 12; 5; 18
6,10,0.83534,0.6,13; 36; 6; 10; 28; 9; 22; 23
10,78,0.3292,0.12821,4; 5; 10; 78; 27; 14; 25; 24
13,70,0.29852,0.18571,6; 4; 13; 70; 15; 19; 19; 31
5,9,0.81272,0.55556,31; 27; 5; 9; 6; 12; 15; 23
7,78,0.29954,0.08974,3; 3; 7; 78; 30; 3; 25; 21
20,26,0.76353,0.76923,16; 19; 20; 26; 8; 28; 4; 30
7,10,0.82456,0.7,15; 4; 7; 10; 10; 6; 9; 4
7,49,0.1793,0.14286,18; 20; 7; 49; 26; 32; 14; 4
5,10,0.83025,0.5,10; 15; 5; 10; 16; 19; 30; 25
10,70,0.21701,0.14286,8; 9; 10; 70; 16; 28; 5; 16
11,26,0.618,0.42308,27; 11; 11; 26; 20; 20; 16; 20
6,49,0.14588,0.12245,6; 19; 6; 49; 18; 5; 25; 7
27,53,0.48261,0.50943,3; 4; 27; 53; 4; 30; 16; 15
23,49,0.47691,0.46939,7; 6; 23; 49; 30; 11; 6; 20
12,26,0.53125,0.46154,29; 18; 12; 26; 6; 8; 12; 28
21,26,0.43073,0.80769,5; 20; 21; 26; 23; 9; 28; 28
10,26,0.72759,0.38462,21; 7; 10; 26; 14; 18; 17; 7
12,42,0.32163,0.28571,19; 15; 12; 42; 20; 24; 11; 7
32,48,0.63131,0.66667,7; 5; 32; 48; 31; 31; 9; 24
6,10,0.8443,0.6,10; 18; 6; 10; 20; 5; 21; 23
13,48,0.3081,0.27083,6; 18; 13; 48; 11; 8; 10; 12
15,48,0.33659,0.3125,6; 5; 15; 48; 10; 25; 28; 9
7,10,0.80505,0.7,24; 36; 7; 10; 25; 5; 12; 20
9,31,0.76335,0.29032,4; 8; 9; 31; 7; 3; 13; 8
14,75,0.35086,0.18667,4; 3; 14; 75; 19; 32; 16; 24
6,10,0.79526,0.6,32; 7; 6; 10; 22; 6; 21; 17
18,42,0.42104,0.42857,12; 4; 18; 42; 30; 28; 8; 19
5,75,0.26715,0.06667,4; 3; 5; 75; 27; 10; 5; 3
11,32,0.72883,0.34375,23; 15; 11; 32; 3; 19; 24; 16
9,70,0.21564,0.12857,8; 5; 9; 70; 9; 23; 31; 24
6,9,0.82503,0.66667,32; 5; 6; 9; 25; 8; 16; 11
21,31,0.54446,0.67742,3; 19; 21; 31; 32; 12; 13; 32
7,70,0.24543,0.1,6; 10; 7; 70; 20; 15; 11; 9
16,53,0.31473,0.30189,10; 3; 16; 53; 6; 6; 10; 18
19,53,0.3725,0.35849,10; 13; 19; 53; 24; 21; 13; 26
23,31,0.62754,0.74194,20; 3; 23; 31; 6; 15; 29; 3
39,42,0.73231,0.92857,5; 5; 39; 42; 14; 31; 28; 24
13,77,0.38951,0.16883,3; 3; 13; 77; 25; 12; 14; 32
32,42,0.64195,0.7619,4; 7; 32; 42; 20; 19; 17; 29
24,64,0.42653,0.375,3; 3; 24; 64; 8; 25; 20; 16
6,10,0.81876,0.6,40; 21; 6; 10; 3; 6; 22; 25
10,70,0.26442,0.14286,4; 7; 10; 70; 27; 3; 4; 6
36,49,0.72306,0.73469,6; 6; 36; 49; 15; 22; 23; 21
8,32,0.57917,0.25,21; 10; 8; 32; 8; 22; 11; 26
11,78,0.3462,0.14103,4; 4; 11; 78; 28; 27; 12; 30
22,63,0.38093,0.34921,5; 4; 22; 63; 9; 8; 30; 22
20,64,0.35857,0.3125,5; 7; 20; 64; 17; 6; 13; 30
16,70,0.35604,0.22857,6; 3; 16; 70; 26; 23; 9; 26
8,31,0.81785,0.25806,3; 9; 8; 31; 21; 14; 5; 27
26,42,0.53183,0.61905,12; 10; 26; 42; 19; 3; 6; 31
11,32,0.69992,0.34375,6; 8; 11; 32; 4; 19; 25; 17
6,82,0.30634,0.07317,4; 5; 6; 82; 30; 14; 9; 23
5,75,0.26719,0.06667,5; 7; 5; 75; 15; 12; 28; 21
8,78,0.31718,0.10256,3; 6; 8; 78; 32; 23; 17; 12
18,49,0.40639,0.36735,3; 11; 18; 49; 31; 4; 15; 13
7,75,0.24017,0.09333,7; 6; 7; 75; 11; 12; 19; 32
15,26,0.78083,0.57692,25; 12; 15; 26; 6; 11; 6; 5
6,31,0.66667,0.19355,21; 17; 6; 31; 12; 22; 15; 25
8,75,0.32499,0.10667,3; 4; 8; 75; 32; 12; 31; 10
22,32,0.57643,0.6875,13; 16; 22; 32; 27; 24; 26; 18
20,53,0.39501,0.37736,10; 12; 20; 53; 6; 9; 25; 21
13,31,0.51326,0.41935,10; 4; 13; 31; 6; 8; 5; 26
11,78,0.325,0.14103,3; 4; 11; 78; 17; 21; 17; 12
24,63,0.42553,0.38095,5; 5; 24; 63; 6; 27; 24; 15
27,53,0.51268,0.50943,7; 6; 27; 53; 5; 30; 6; 20
7,9,0.81631,0.77778,25; 17; 7; 9; 32; 8; 15; 12
13,26,0.70225,0.5,29; 16; 13; 26; 28; 12; 18; 24
22,48,0.41246,0.45833,9; 6; 22; 48; 24; 12; 18; 25
14,64,0.25388,0.21875,6; 6; 14; 64; 16; 8; 21; 22
20,32,0.50403,0.625,22; 15; 20; 32; 13; 13; 15; 26
10,53,0.20171,0.18868,12; 6; 10; 53; 11; 25; 14; 30
22,64,0.44011,0.34375,4; 4; 22; 64; 11; 11; 14; 6
20,32,0.4711,0.625,13; 6; 20; 32; 21; 16; 6; 4
6,63,0.17841,0.09524,12; 11; 6; 63; 24; 7; 22; 4
34,49,0.67531,0.69388,3; 4; 34; 49; 26; 32; 10; 18
14,64,0.29635,0.21875,5; 5; 14; 64; 20; 12; 22; 22
21,63,0.41737,0.33333,3; 5; 21; 63; 7; 22; 24; 4
40,48,0.81812,0.83333,4; 4; 40; 48; 30; 15; 11; 23
16,31,0.76095,0.51613,22; 4; 16; 31; 10; 29; 8; 18
26,31,0.59261,0.83871,10; 5; 26; 31; 13; 26; 27; 13
7,10,0.82008,0.7,12; 18; 7; 10; 28; 25; 3; 32
32,42,0.63852,0.7619,11; 7; 32; 42; 19; 4; 15; 18
20,48,0.42417,0.41667,9; 12; 20; 48; 24; 26; 8; 31
6,10,0.81125,0.6,16; 19; 6; 10; 6; 18; 28; 15
8,77,0.33278,0.1039,3; 4; 8; 77; 20; 25; 11; 4
15,48,0.32318,0.3125,16; 13; 15; 48; 20; 5; 18; 26
8,64,0.20837,0.125,5; 5; 8; 64; 28; 16; 24; 12
23,64,0.42685,0.35938,5; 3; 23; 64; 31; 4; 23; 30
5,9,0.81602,0.55556,33; 5; 5; 9; 11; 25; 16; 28
17,63,0.32695,0.26984,5; 5; 17; 63; 22; 19; 30; 26
32,42,0.61775,0.7619,9; 12; 32; 42; 18; 8; 10; 27
5,70,0.2339,0.07143,11; 3; 5; 70; 27; 22; 29; 14
35,42,0.69596,0.83333,3; 3; 35; 42; 19; 31; 13; 24
12,32,0.39639,0.375,25; 24; 12; 32; 6; 20; 5; 29
8,70,0.24589,0.11429,3; 4; 8; 70; 11; 25; 14; 27
6,82,0.30385,0.07317,4; 4; 6; 82; 5; 19; 31; 16
11,26,0.81403,0.42308,25; 17; 11; 26; 8; 28; 28; 31
18,31,0.45348,0.58065,17; 11; 18; 31; 25; 24; 23; 4
20,26,0.48656,0.76923,16; 6; 20; 26; 21; 27; 21; 3
8,10,0.82136,0.8,12; 24; 8; 10; 6; 26; 15; 25
39,49,0.73952,0.79592,3; 3; 39; 49; 28; 11; 22; 26
17,32,0.47233,0.53125,12; 22; 17; 32; 17; 22; 20; 23
13,75,0.32252,0.17333,5; 3; 13; 75; 14; 7; 15; 31
11,42,0.31669,0.2619,6; 3; 11; 42; 30; 11; 19; 24
23,49,0.48191,0.46939,4; 7; 23; 49; 32; 24; 15; 14
16,26,0.61322,0.61538,12; 21; 16; 26; 3; 3; 25; 12
14,32,0.55095,0.4375,11; 4; 14; 32; 21; 17; 16; 17
29,53,0.5498,0.54717,6; 5; 29; 53; 29; 8; 16; 21
7,82,0.38013,0.08537,4; 3; 7; 82; 3; 18; 28; 11
6,9,0.81159,0.66667,39; 35; 6; 9; 6; 24; 25; 21
11,63,0.23027,0.1746,3; 10; 11; 63; 9; 24; 13; 19
17,49,0.36544,0.34694,4; 10; 17; 49; 6; 7; 24; 4
11,78,0.38202,0.14103,3; 4; 11; 78; 27; 32; 3; 32
18,48,0.36083,0.375,5; 4; 18; 48; 4; 15; 30; 16
28,53,0.53459,0.5283,6; 6; 28; 53; 15; 4; 32; 25
32,48,0.6686,0.66667,3; 5; 32; 48; 14; 24; 5; 9
12,78,0.33132,0.15385,4; 3; 12; 78; 27; 8; 5; 10
11,64,0.23817,0.17188,6; 9; 11; 64; 10; 23; 22; 11
8,78,0.32,0.10256,5; 4; 8; 78; 22; 20; 27; 12
28,32,0.54547,0.875,14; 8; 28; 32; 18; 21; 19; 20
6,10,0.80875,0.6,7; 11; 6; 10; 12; 22; 17; 32
18,26,0.55958,0.69231,10; 25; 18; 26; 9; 10; 24; 15
8,10,0.79507,0.8,15; 7; 8; 10; 23; 32; 3; 12
15,75,0.33945,0.2,4; 3; 15; 75; 5; 12; 26; 9
24,64,0.40661,0.375,4; 5; 24; 64; 25; 28; 18; 3
12,26,0.77637,0.46154,20; 13; 12; 26; 31; 17; 27; 11
16,26,0.6834,0.61538,27; 10; 16; 26; 5; 9; 26; 3
8,77,0.2659,0.1039,5; 4; 8; 77; 10; 23; 30; 7
10,42,0.28166,0.2381,11; 16; 10; 42; 27; 9; 12; 16
10,75,0.32006,0.13333,4; 5; 10; 75; 30; 19; 26; 6
15,31,0.60987,0.48387,16; 9; 15; 31; 13; 29; 21; 7
14,26,0.68375,0.53846,26; 26; 14; 26; 6; 14; 27; 9
6,63,0.17323,0.09524,6; 6; 6; 63; 23; 9; 6; 27
26,63,0.47453,0.4127,4; 3; 26; 63; 23; 19; 20; 24
5,9,0.84352,0.55556,38; 35; 5; 9; 28; 16; 21; 22
30,49,0.57935,0.61224,7; 4; 30; 49; 6; 29; 21; 22
7,10,0.80689,0.7,19; 21; 7; 10; 16; 6; 9; 25
9,63,0.22166,0.14286,13; 13; 9; 63; 26; 11; 27; 3
9,77,0.32663,0.11688,3; 3; 9; 77; 22; 21; 29; 21
27,63,0.4925,0.42857,3; 3; 27; 63; 14; 15; 24; 14
5,53,0.14688,0.09434,8; 14; 5; 53; 21; 12; 22; 27
23,49,0.44651,0.46939,13; 9; 23; 49; 31; 32; 6; 19
11,78,0.37572,0.14103,4; 3; 11; 78; 8; 24; 18; 6
14,75,0.37176,0.18667,4; 4; 14; 75; 15; 23; 13; 18
14,75,0.36615,0.18667,3; 3; 14; 75; 7; 10; 13; 17
23,49,0.47617,0.46939,12; 8; 23; 49; 15; 5; 26; 32
15,63,0.2965,0.2381,4; 3; 15; 63; 24; 12; 16; 25
41,48,0.80009,0.85417,4; 4; 41; 48; 30; 31; 26; 4
7,10,0.80016,0.7,39; 25; 7; 10; 12; 28; 28; 11
9,78,0.38107,0.11538,3; 5; 9; 78; 11; 31; 30; 22
16,63,0.31447,0.25397,6; 8; 16; 63; 26; 17; 11; 6
8,82,0.36517,0.09756,3; 4; 8; 82; 24; 24; 4; 15
41,48,0.78457,0.85417,4; 3; 41; 48; 17; 14; 6; 22
12,49,0.27629,0.2449,13; 8; 12; 49; 21; 12; 14; 20
7,70,0.24318,0.1,8; 5; 7; 70; 11; 13; 6; 25
8,9,0.8124,0.88889,26; 3; 8; 9; 27; 14; 26; 23
7,9,0.83476,0.77778,10; 18; 7; 9; 14; 14; 32; 23
19,49,0.40064,0.38776,10; 7; 19; 49; 19; 11; 15; 24
8,42,0.2424,0.19048,12; 20; 8; 42; 17; 5; 29; 30
7,10,0.80999,0.7,38; 11; 7; 10; 3; 4; 6; 5
35,42,0.6692,0.83333,9; 9; 35; 42; 7; 19; 30; 16
29,49,0.56344,0.59184,5; 8; 29; 49; 31; 7; 6; 4
12,78,0.33712,0.15385,3; 3; 12; 78; 25; 3; 17; 22
23,64,0.42823,0.35938,3; 4; 23; 64; 19; 24; 15; 31
23,31,0.55119,0.74194,18; 17; 23; 31; 8; 12; 18; 20
6,9,0.81028,0.66667,13; 16; 6; 9; 26; 8; 31; 25
5,77,0.27366,0.06494,8; 3; 5; 77; 30; 30; 4; 11
7,9,0.83583,0.77778,3; 15; 7; 9; 13; 31; 14; 15
13,70,0.27744,0.18571,6; 5; 13; 70; 10; 6; 26; 24
33,42,0.6411,0.78571,4; 4; 33; 42; 22; 30; 7; 25
5,77,0.30552,0.06494,4; 7; 5; 77; 20; 19; 8; 25
5,70,0.2319,0.07143,10; 9; 5; 70; 13; 26; 20; 8
31,49,0.60337,0.63265,5; 3; 31; 49; 18; 24; 20; 9
15,75,0.36972,0.2,3; 4; 15; 75; 13; 16; 19; 26
7,70,0.23925,0.1,6; 8; 7; 70; 4; 7; 14; 6
19,49,0.3606,0.38776,6; 14; 19; 49; 21; 14; 7; 28
5,77,0.25754,0.06494,4; 6; 5; 77; 19; 13; 9; 14
12,63,0.24094,0.19048,6; 8; 12; 63; 25; 31; 24; 15
8,75,0.28134,0.10667,6; 5; 8; 75; 28; 11; 9; 24
17,64,0.2977,0.26562,6; 8; 17; 64; 13; 7; 21; 7
8,77,0.32207,0.1039,3; 4; 8; 77; 16; 15; 6; 21
6,10,0.8088,0.6,15; 5; 6; 10; 24; 30; 22; 15
41,49,0.79091,0.83673,4; 4; 41; 49; 19; 5; 13; 7
12,78,0.37549,0.15385,4; 3; 12; 78; 25; 3; 14; 19
24,32,0.61696,0.75,18; 5; 24; 32; 11; 11; 9; 29
7,49,0.14173,0.14286,14; 10; 7; 49; 14; 32; 11; 6
18,26,0.70351,0.69231,16; 5; 18; 26; 26; 3; 5; 21
15,64,0.30158,0.23438,7; 8; 15; 64; 7; 30; 28; 3
34,49,0.6959,0.69388,4; 4; 34; 49; 21; 29; 12; 3
14,75,0.36852,0.18667,4; 4; 14; 75; 27; 14; 7; 16
37,42,0.7256,0.88095,8; 9; 37; 42; 3; 29; 25; 26
8,10,0.79766,0.8,30; 35; 8; 10; 8; 29; 4; 3
7,48,0.16449,0.14583,3; 5; 7; 48; 13; 5; 14; 31
7,10,0.81072,0.7,21; 10; 7; 10; 8; 6; 20; 31
5,26,0.70187,0.19231,31; 18; 5; 26; 25; 13; 3; 30
30,49,0.58304,0.61224,8; 8; 30; 49; 26; 23; 27; 12
9,32,0.62058,0.28125,9; 9; 9; 32; 27; 13; 10; 18
6,70,0.19736,0.08571,5; 6; 6; 70; 18; 10; 22; 26
12,78,0.35977,0.15385,4; 3; 12; 78; 32; 4; 7; 23
25,63,0.44668,0.39683,3; 3; 25; 63; 12; 27; 26; 18
25,26,0.45626,0.96154,17; 10; 25; 26; 22; 6; 26; 30
41,48,0.80682,0.85417,3; 4; 41; 48; 30; 5; 17; 13
11,78,0.33569,0.14103,3; 3; 11; 78; 21; 9; 12; 14
24,49,0.49782,0.4898,12; 4; 24; 49; 6; 8; 29; 12
9,10,0.80952,0.9,3; 30; 9; 10; 27; 13; 19; 22
8,82,0.32998,0.09756,3; 4; 8; 82; 10; 31; 7; 27
10,49,0.20949,0.20408,5; 5; 10; 49; 28; 11; 32; 13
10,78,0.36184,0.12821,3; 4; 10; 78; 11; 18; 6; 24
7,42,0.18329,0.16667,10; 15; 7; 42; 15; 24; 4; 4
6,53,0.16904,0.11321,10; 15; 6; 53; 13; 20; 19; 15
8,48,0.18978,0.16667,21; 13; 8; 48; 13; 28; 32; 16
10,78,0.34835,0.12821,5; 5; 10; 78; 6; 27; 9; 24
7,10,0.8054,0.7,13; 30; 7; 10; 22; 10; 19; 23
12,64,0.25834,0.1875,5; 11; 12; 64; 5; 25; 32; 28
16,64,0.30242,0.25,5; 7; 16; 64; 18; 7; 11; 11
21,48,0.44595,0.4375,5; 11; 21; 48; 8; 4; 20; 20
10,78,0.35219,0.12821,5; 4; 10; 78; 3; 31; 17; 7
13,32,0.46203,0.40625,17; 25; 13; 32; 30; 29; 16; 13
20,53,0.38116,0.37736,6; 11; 20; 53; 4; 23; 4; 5
11,64,0.24966,0.17188,3; 7; 11; 64; 4; 23; 3; 25
14,31,0.51259,0.45161,9; 23; 14; 31; 29; 30; 12; 12
5,26,0.69361,0.19231,25; 10; 5; 26; 7; 27; 7; 26
30,49,0.57512,0.61224,5; 6; 30; 49; 27; 27; 18; 13
7,78,0.29812,0.08974,6; 5; 7; 78; 14; 24; 4; 24
7,48,0.14804,0.14583,3; 12; 7; 48; 10; 15; 8; 5
16,31,0.46155,0.51613,13; 7; 16; 31; 26; 6; 7; 28
29,32,0.63518,0.90625,13; 12; 29; 32; 12; 16; 7; 31
13,49,0.28358,0.26531,6; 4; 13; 49; 29; 6; 15; 3
32,42,0.6402,0.7619,6; 5; 32; 42; 25; 9; 27; 30
7,75,0.24706,0.09333,8; 5; 7; 75; 27; 25; 5; 31
30,53,0.56548,0.56604,7; 5; 30; 53; 20; 4; 11; 32
41,42,0.77961,0.97619,4; 5; 41; 42; 22; 18; 6; 29
38,49,0.77663,0.77551,4; 5; 38; 49; 30; 25; 5; 18
13,26,0.70821,0.5,17; 14; 13; 26; 27; 8; 3; 11
34,42,0.65587,0.80952,9; 4; 34; 42; 19; 12; 26; 28
7,82,0.32946,0.08537,3; 4; 7; 82; 22; 16; 14; 15
9,78,0.35728,0.11538,4; 5; 9; 78; 13; 3; 28; 32
7,78,0.30615,0.08974,6; 5; 7; 78; 12; 14; 5; 12
5,78,0.28619,0.0641,4; 7; 5; 78; 15; 30; 28; 15
30,42,0.61784,0.71429,8; 7; 30; 42; 12; 25; 15; 20
9,10,0.81133,0.9,17; 16; 9; 10; 30; 18; 7; 26
9,64,0.20862,0.14062,5; 6; 9; 64; 7; 16; 27; 17
7,78,0.3131,0.08974,6; 4; 7; 78; 12; 24; 11; 10
17,26,0.6401,0.65385,19; 7; 17; 26; 23; 32; 5; 4
18,48,0.37895,0.375,8; 16; 18; 48; 6; 15; 5; 25
5,70,0.19289,0.07143,11; 11; 5; 70; 16; 29; 20; 16
12,26,0.72511,0.46154,6; 10; 12; 26; 10; 29; 10; 17
7,10,0.8372,0.7,17; 26; 7; 10; 9; 18; 5; 7
8,78,0.26413,0.10256,6; 6; 8; 78; 27; 13; 11; 11
9,10,0.81474,0.9,23; 6; 9; 10; 22; 5; 25; 10
7,78,0.27804,0.08974,4; 3; 7; 78; 8; 6; 20; 23
7,75,0.26638,0.09333,7; 8; 7; 75; 22; 9; 24; 28
5,10,0.82593,0.5,8; 33; 5; 10; 10; 23; 32; 3
5,10,0.81497,0.5,10; 7; 5; 10; 15; 3; 24; 9
9,26,0.74311,0.34615,17; 13; 9; 26; 28; 27; 4; 27
8,70,0.21666,0.11429,4; 4; 8; 70; 30; 22; 13; 22
25,64,0.4586,0.39062,3; 3; 25; 64; 16; 26; 8; 20
38,42,0.72697,0.90476,3; 4; 38; 42; 27; 32; 10; 11
17,64,0.33031,0.26562,4; 8; 17; 64; 23; 6; 12; 25
5,63,0.1592,0.07937,8; 7; 5; 63; 13; 4; 19; 31
25,26,0.51862,0.96154,18; 12; 25; 26; 16; 13; 18; 20
5,82,0.33283,0.06098,5; 5; 5; 82; 25; 4; 29; 14
20,64,0.38132,0.3125,5; 3; 20; 64; 29; 10; 24; 19
5,75,0.22938,0.06667,6; 4; 5; 75; 11; 28; 27; 18
25,26,0.52022,0.96154,23; 17; 25; 26; 6; 31; 26; 23
13,26,0.62658,0.5,25; 28; 13; 26; 29; 17; 31; 6
7,75,0.27572,0.09333,4; 7; 7; 75; 23; 26; 26; 3
7,31,0.63869,0.22581,15; 5; 7; 31; 5; 32; 18; 7
19,48,0.40945,0.39583,8; 4; 19; 48; 30; 12; 14; 6
9,64,0.21583,0.14062,10; 3; 9; 64; 18; 21; 12; 3
20,64,0.37141,0.3125,5; 5; 20; 64; 4; 16; 10; 18
10,70,0.27585,0.14286,4; 8; 10; 70; 26; 7; 15; 22
29,31,0.59645,0.93548,19; 3; 29; 31; 5; 10; 3; 7
14,31,0.59565,0.45161,19; 9; 14; 31; 12; 7; 26; 24
6,9,0.8287,0.66667,6; 33; 6; 9; 9; 5; 26; 24
12,63,0.26105,0.19048,4; 10; 12; 63; 16; 25; 10; 13
18,70,0.36196,0.25714,3; 4; 18; 70; 7; 30; 24; 20
5,9,0.82382,0.55556,23; 41; 5; 9; 8; 13; 6; 31
15,64,0.31563,0.23438,6; 7; 15; 64; 30; 9; 5; 21
18,64,0.34904,0.28125,6; 5; 18; 64; 31; 4; 24; 22
27,31,0.59271,0.87097,16; 8; 27; 31; 31; 14; 32; 10
13,77,0.34649,0.16883,4; 4; 13; 77; 28; 17; 26; 4
22,49,0.45583,0.44898,6; 5; 22; 49; 30; 19; 10; 25
21,63,0.39912,0.33333,5; 6; 21; 63; 6; 17; 14; 17
20,31,0.5662,0.64516,15; 4; 20; 31; 20; 7; 16; 10
6,9,0.83567,0.66667,10; 21; 6; 9; 30; 3; 25; 15
10,77,0.29338,0.12987,5; 5; 10; 77; 25; 14; 3; 5
36,49,0.7167,0.73469,5; 6; 36; 49; 8; 18; 19; 26
10,63,0.26063,0.15873,6; 10; 10; 63; 18; 27; 27; 10
32,53,0.58129,0.60377,6; 6; 32; 53; 5; 14; 9; 24
9,78,0.32471,0.11538,5; 3; 9; 78; 7; 14; 7; 15
19,31,0.70486,0.6129,8; 22; 19; 31; 7; 7; 13; 14
26,63,0.47966,0.4127,3; 4; 26; 63; 25; 17; 26; 28
27,32,0.46528,0.84375,13; 3; 27; 32; 23; 18; 13; 10
22,31,0.42954,0.70968,10; 13; 22; 31; 12; 12; 6; 31
23,64,0.45448,0.35938,3; 3; 23; 64; 13; 28; 28; 18
10,26,0.55192,0.38462,7; 21; 10; 26; 29; 8; 25; 16
29,32,0.63877,0.90625,14; 3; 29; 32; 5; 16; 7; 29
5,75,0.29197,0.06667,4; 9; 5; 75; 13; 4; 13; 31
8,77,0.29489,0.1039,3; 3; 8; 77; 30; 25; 12; 7
6,70,0.21521,0.08571,7; 6; 6; 70; 4; 16; 26; 3
7,64,0.17678,0.10938,5; 3; 7; 64; 16; 10; 25; 5
14,31,0.50001,0.45161,11; 16; 14; 31; 22; 22; 17; 3
6,64,0.17669,0.09375,8; 5; 6; 64; 4; 15; 28; 5
6,9,0.84636,0.66667,31; 13; 6; 9; 29; 28; 12; 14
5,10,0.84005,0.5,18; 21; 5; 10; 7; 27; 13; 17
7,77,0.27931,0.09091,7; 6; 7; 77; 11; 6; 28; 14
5,10,0.8117,0.5,31; 3; 5; 10; 4; 31; 14; 25
22,53,0.43417,0.41509,10; 10; 22; 53; 5; 18; 29; 23
8,75,0.26527,0.10667,7; 4; 8; 75; 31; 7; 22; 27
23,32,0.48986,0.71875,8; 20; 23; 32; 31; 24; 9; 25
10,77,0.29806,0.12987,3; 5; 10; 77; 19; 6; 31; 26
21,63,0.43702,0.33333,5; 5; 21; 63; 26; 5; 27; 8
8,49,0.19165,0.16327,14; 3; 8; 49; 20; 3; 7; 3
8,10,0.8158,0.8,27; 4; 8; 10; 5; 7; 16; 12
5,9,0.82269,0.55556,27; 37; 5; 9; 19; 8; 25; 30
7,70,0.27437,0.1,4; 5; 7; 70; 15; 21; 20; 7
9,77,0.33511,0.11688,5; 5; 9; 77; 14; 14; 27; 27
13,70,0.32661,0.18571,5; 5; 13; 70; 13; 16; 17; 20
10,77,0.31612,0.12987,5; 3; 10; 77; 15; 4; 12; 31
9,32,0.70782,0.28125,15; 10; 9; 32; 3; 9; 4; 18
5,78,0.26895,0.0641,6; 4; 5; 78; 23; 18; 20; 11
28,53,0.5122,0.5283,7; 7; 28; 53; 10; 26; 4; 3
15,26,0.78695,0.57692,26; 14; 15; 26; 5; 12; 12; 18
17,32,0.50865,0.53125,4; 5; 17; 32; 23; 23; 24; 18
19,32,0.55259,0.59375,13; 17; 19; 32; 15; 18; 24; 15
10,77,0.31101,0.12987,3; 3; 10; 77; 17; 16; 21; 18
7,64,0.16077,0.10938,12; 9; 7; 64; 10; 14; 22; 7
6,42,0.22552,0.14286,24; 16; 6; 42; 3; 12; 6; 14
8,78,0.27778,0.10256,4; 6; 8; 78; 22; 19; 8; 3
30,53,0.57905,0.56604,3; 4; 30; 53; 4; 32; 22; 15
6,10,0.79602,0.6,18; 5; 6; 10; 3; 18; 20; 27
6,9,0.82276,0.66667,31; 21; 6; 9; 18; 13; 9; 10
7,31,0.57988,0.22581,19; 14; 7; 31; 14; 23; 17; 32
17,70,0.35897,0.24286,3; 3; 17; 70; 12; 6; 18; 13
25,63,0.43667,0.39683,4; 3; 25; 63; 10; 10; 30; 30
18,49,0.37596,0.36735,5; 10; 18; 49; 6; 8; 11; 17
8,77,0.28877,0.1039,4; 4; 8; 77; 22; 19; 26; 24
5,70,0.26351,0.07143,11; 5; 5; 70; 29; 14; 9; 20
14,75,0.35973,0.18667,3; 3; 14; 75; 10; 4; 14; 17
20,32,0.516,0.625,15; 18; 20; 32; 16; 5; 13; 20
9,75,0.27822,0.12,7; 3; 9; 75; 7; 24; 23; 12
38,48,0.75082,0.79167,3; 3; 38; 48; 29; 12; 22; 23
14,42,0.33964,0.33333,9; 14; 14; 42; 32; 10; 15; 4
28,48,0.54516,0.58333,3; 3; 28; 48; 11; 11; 4; 25
20,32,0.53455,0.625,18; 20; 20; 32; 9; 22; 25; 32
7,48,0.17621,0.14583,19; 9; 7; 48; 21; 25; 14; 31
19,64,0.39867,0.29688,7; 3; 19; 64; 28; 30; 9; 22
10,64,0.26458,0.15625,5; 7; 10; 64; 6; 10; 7; 13
22,31,0.62862,0.70968,9; 20; 22; 31; 26; 14; 27; 19
19,63,0.37064,0.30159,7; 5; 19; 63; 10; 7; 15; 11
15,75,0.36109,0.2,4; 3; 15; 75; 17; 9; 12; 8
6,42,0.30042,0.14286,17; 25; 6; 42; 4; 22; 25; 13
18,31,0.47909,0.58065,18; 11; 18; 31; 23; 26; 25; 3
7,10,0.82785,0.7,18; 40; 7; 10; 26; 12; 3; 20
10,78,0.31183,0.12821,5; 5; 10; 78; 17; 8; 15; 31
12,49,0.23813,0.2449,10; 6; 12; 49; 30; 16; 22; 27
19,48,0.37049,0.39583,13; 9; 19; 48; 29; 10; 16; 30
16,42,0.37457,0.38095,14; 17; 16; 42; 11; 11; 17; 15
7,75,0.25956,0.09333,5; 7; 7; 75; 18; 7; 19; 17
5,10,0.81439,0.5,17; 24; 5; 10; 21; 17; 4; 30
5,26,0.76177,0.19231,24; 12; 5; 26; 27; 17; 7; 25
5,75,0.25558,0.06667,5; 4; 5; 75; 17; 27; 20; 8
20,64,0.39457,0.3125,7; 5; 20; 64; 23; 19; 26; 14
17,26,0.56006,0.65385,13; 21; 17; 26; 24; 20; 17; 14
7,75,0.31581,0.09333,4; 7; 7; 75; 28; 28; 9; 7
14,64,0.28839,0.21875,8; 5; 14; 64; 20; 10; 19; 11
30,32,0.57172,0.9375,18; 15; 30; 32; 29; 21; 4; 9
21,63,0.41837,0.33333,6; 6; 21; 63; 20; 22; 12; 26
26,49,0.5103,0.53061,5; 8; 26; 49; 12; 14; 13; 32
8,82,0.35068,0.09756,4; 4; 8; 82; 32; 3; 18; 20
12,42,0.35863,0.28571,9; 5; 12; 42; 10; 29; 15; 25
7,10,0.82428,0.7,3; 31; 7; 10; 21; 11; 21; 7
7,10,0.78655,0.7,20; 8; 7; 10; 7; 8; 20; 20
37,49,0.73725,0.7551,3; 5; 37; 49; 3; 23; 14; 30
16,31,0.4613,0.51613,9; 5; 16; 31; 3; 8; 5; 20
6,75,0.20923,0.08,6; 6; 6; 75; 7; 10; 10; 7
13,75,0.36045,0.17333,3; 5; 13; 75; 6; 22; 19; 21
11,78,0.33671,0.14103,3; 3; 11; 78; 23; 31; 5; 9
6,82,0.35701,0.07317,4; 3; 6; 82; 32; 6; 31; 12
20,26,0.68848,0.76923,15; 26; 20; 26; 3; 31; 29; 15
18,64,0.34976,0.28125,7; 7; 18; 64; 13; 14; 19; 23
11,26,0.70929,0.42308,7; 19; 11; 26; 18; 23; 19; 27
5,49,0.17989,0.10204,17; 6; 5; 49; 17; 4; 12; 32
7,78,0.29374,0.08974,4; 3; 7; 78; 29; 11; 20; 3
6,10,0.82534,0.6,14; 8; 6; 10; 21; 7; 7; 13
5,32,0.64431,0.15625,25; 28; 5; 32; 10; 29; 5; 5
32,53,0.59183,0.60377,6; 3; 32; 53; 19; 22; 11; 13
20,70,0.42425,0.28571,3; 3; 20; 70; 10; 13; 18; 32
9,10,0.77853,0.9,17; 8; 9; 10; 29; 3; 11; 7
7,9,0.79779,0.77778,32; 37; 7; 9; 22; 12; 7; 5
15,75,0.36612,0.2,3; 4; 15; 75; 3; 4; 30; 19
5,64,0.19692,0.07812,7; 12; 5; 64; 20; 8; 7; 27
10,49,0.23529,0.20408,19; 8; 10; 49; 3; 27; 17; 6
8,48,0.15591,0.16667,8; 13; 8; 48; 5; 19; 30; 13
27,63,0.47738,0.42857,4; 4; 27; 63; 9; 23; 20; 32
7,32,0.57412,0.21875,4; 16; 7; 32; 17; 11; 23; 25
6,9,0.8334,0.66667,24; 33; 6; 9; 21; 12; 30; 5
6,70,0.21954,0.08571,10; 6; 6; 70; 17; 9; 30; 21
8,70,0.22313,0.11429,6; 7; 8; 70; 31; 14; 21; 7
16,26,0.49304,0.61538,6; 17; 16; 26; 11; 10; 4; 12
19,26,0.7456,0.73077,15; 23; 19; 26; 3; 26; 30; 30
9,78,0.33237,0.11538,3; 5; 9; 78; 20; 14; 24; 9
10,64,0.20703,0.15625,12; 12; 10; 64; 14; 31; 9; 13
12,48,0.28009,0.25,10; 12; 12; 48; 16; 32; 26; 9
7,10,0.80915,0.7,33; 20; 7; 10; 3; 10; 9; 22
40,42,0.73132,0.95238,5; 5; 40; 42; 13; 28; 3; 20
7,82,0.37067,0.08537,4; 4; 7; 82; 17; 30; 27; 20
11,77,0.32927,0.14286,3; 4; 11; 77; 11; 12; 18; 15
8,78,0.25868,0.10256,6; 3; 8; 78; 24; 6; 14; 20
15,75,0.39281,0.2,4; 4; 15; 75; 6; 20; 15; 7
11,75,0.32207,0.14667,5; 6; 11; 75; 11; 29; 16; 23
25,64,0.45708,0.39062,3; 4; 25; 64; 3; 16; 6; 16
6,70,0.25066,0.08571,3; 9; 6; 70; 23; 6; 3; 22
24,53,0.4685,0.45283,5; 4; 24; 53; 7; 6; 27; 15
42,48,0.79805,0.875,3; 3; 42; 48; 11; 23; 13; 8
6,10,0.81028,0.6,20; 31; 6; 10; 3; 20; 10; 13
8,9,0.80683,0.88889,3; 37; 8; 9; 16; 22; 24; 5
15,26,0.6003,0.57692,12; 27; 15; 26; 27; 20; 29; 3
17,32,0.47124,0.53125,7; 15; 17; 32; 27; 17; 17; 30
28,32,0.6015,0.875,7; 15; 28; 32; 3; 7; 28; 7
5,9,0.81168,0.55556,33; 6; 5; 9; 23; 18; 8; 19
30,49,0.6028,0.61224,3; 9; 30; 49; 7; 6; 30; 4
9,78,0.29131,0.11538,5; 3; 9; 78; 19; 20; 11; 20
8,70,0.22431,0.11429,4; 9; 8; 70; 12; 21; 10; 19
5,10,0.83443,0.5,12; 40; 5; 10; 21; 9; 12; 21
9,77,0.29137,0.11688,6; 5; 9; 77; 31; 3; 8; 14
10,42,0.37201,0.2381,16; 14; 10; 42; 4; 4; 31; 19
17,64,0.34327,0.26562,4; 3; 17; 64; 32; 17; 18; 11
6,9,0.83223,0.66667,38; 19; 6; 9; 20; 24; 15; 32
8,9,0.79502,0.88889,31; 13; 8; 9; 31; 21; 6; 10
15,75,0.3674,0.2,4; 4; 15; 75; 14; 27; 32; 24
24,64,0.44706,0.375,5; 4; 24; 64; 25; 32; 19; 7
7,9,0.79261,0.77778,7; 41; 7; 9; 7; 18; 10; 9
14,75,0.37434,0.18667,4; 4; 14; 75; 3; 18; 14; 12
18,26,0.47469,0.69231,24; 22; 18; 26; 19; 17; 19; 14
8,64,0.1817,0.125,13; 9; 8; 64; 15; 10; 4; 5
12,78,0.37737,0.15385,4; 3; 12; 78; 21; 17; 6; 25
5,9,0.79793,0.55556,27; 39; 5; 9; 12; 10; 27; 32
7,9,0.82182,0.77778,30; 32; 7; 9; 16; 27; 9; 24
30,42,0.63016,0.71429,12; 5; 30; 42; 28; 10; 14; 28
6,9,0.83672,0.66667,8; 6; 6; 9; 6; 13; 19; 3
21,64,0.43133,0.32812,6; 4; 21; 64; 22; 13; 5; 28
12,78,0.36113,0.15385,4; 4; 12; 78; 3; 25; 21; 27
24,31,0.56672,0.77419,17; 10; 24; 31; 17; 10; 11; 24
8,32,0.7749,0.25,26; 25; 8; 32; 19; 13; 7; 15
18,53,0.33883,0.33962,11; 11; 18; 53; 4; 18; 8; 4
11,75,0.31798,0.14667,3; 4; 11; 75; 22; 24; 4; 16
37,49,0.76289,0.7551,3; 6; 37; 49; 32; 30; 10; 5
21,32,0.57577,0.65625,20; 5; 21; 32; 7; 8; 23; 24
35,48,0.68296,0.72917,5; 6; 35; 48; 4; 7; 5; 22
20,31,0.66165,0.64516,4; 9; 20; 31; 11; 32; 29; 20
37,49,0.74122,0.7551,5; 4; 37; 49; 31; 22; 20; 24
10,32,0.45226,0.3125,18; 8; 10; 32; 22; 28; 5; 31
10,26,0.70212,0.38462,3; 7; 10; 26; 31; 18; 22; 15
5,32,0.6598,0.15625,20; 8; 5; 32; 20; 15; 28; 31
9,64,0.21935,0.14062,5; 4; 9; 64; 31; 10; 29; 11
6,9,0.80034,0.66667,6; 27; 6; 9; 10; 11; 7; 10
13,77,0.32666,0.16883,4; 3; 13; 77; 5; 5; 30; 23
11,26,0.79442,0.42308,5; 28; 11; 26; 21; 23; 14; 3
29,48,0.58851,0.60417,3; 5; 29; 48; 26; 19; 20; 7
9,78,0.36548,0.11538,5; 5; 9; 78; 3; 26; 6; 17
11,78,0.33669,0.14103,4; 3; 11; 78; 14; 5; 7; 21
14,64,0.29145,0.21875,8; 3; 14; 64; 23; 8; 18; 28
12,78,0.37771,0.15385,4; 4; 12; 78; 12; 16; 24; 6
8,82,0.37902,0.09756,3; 3; 8; 82; 13; 15; 7; 32
8,32,0.57589,0.25,15; 15; 8; 32; 15; 24; 7; 13
14,31,0.49181,0.45161,13; 14; 14; 31; 32; 13; 15; 16
12,77,0.37175,0.15584,4; 3; 12; 77; 25; 16; 11; 25
6,53,0.16602,0.11321,6; 16; 6; 53; 16; 25; 11; 5
6,9,0.82225,0.66667,33; 12; 6; 9; 31; 29; 7; 21
20,26,0.52179,0.76923,24; 4; 20; 26; 9; 17; 9; 24
5,78,0.3226,0.0641,3; 6; 5; 78; 10; 18; 32; 32
36,42,0.68718,0.85714,10; 7; 36; 42; 8; 31; 20; 9
16,26,0.76829,0.61538,10; 8; 16; 26; 24; 18; 19; 18
27,32,0.51573,0.84375,5; 14; 27; 32; 30; 14; 25; 20
5,26,0.8024,0.19231,13; 8; 5; 26; 13; 5; 7; 8
37,53,0.68563,0.69811,4; 4; 37; 53; 11; 16; 16; 29
7,31,0.55685,0.22581,11; 18; 7; 31; 26; 18; 23; 19
16,31,0.52961,0.51613,8; 16; 16; 31; 13; 14; 19; 10
25,31,0.4945,0.80645,5; 11; 25; 31; 8; 19; 11; 29
17,49,0.35208,0.34694,15; 9; 17; 49; 21; 22; 9; 32
26,32,0.49575,0.8125,6; 10; 26; 32; 28; 24; 15; 14
16,64,0.34309,0.25,4; 9; 16; 64; 15; 8; 16; 6
26,49,0.50854,0.53061,4; 11; 26; 49; 15; 25; 22; 10
18,70,0.41753,0.25714,3; 3; 18; 70; 7; 20; 31; 27
31,49,0.6319,0.63265,6; 4; 31; 49; 30; 23; 13; 23
8,82,0.33429,0.09756,4; 4; 8; 82; 18; 28; 32; 8
5,9,0.83833,0.55556,31; 19; 5; 9; 26; 5; 9; 30
6,75,0.28522,0.08,4; 8; 6; 75; 27; 29; 11; 6
7,10,0.82661,0.7,22; 22; 7; 10; 24; 20; 18; 4
11,70,0.27612,0.15714,3; 7; 11; 70; 31; 20; 20; 21
9,10,0.78754,0.9,34; 23; 9; 10; 13; 10; 3; 18
9,77,0.31612,0.11688,3; 6; 9; 77; 32; 18; 4; 23
7,53,0.16259,0.13208,15; 4; 7; 53; 17; 5; 7; 13
12,78,0.36597,0.15385,3; 4; 12; 78; 14; 23; 21; 23
35,42,0.63735,0.83333,5; 5; 35; 42; 30; 25; 14; 5
11,70,0.28215,0.15714,4; 3; 11; 70; 5; 17; 9; 32
5,78,0.25642,0.0641,5; 7; 5; 78; 28; 29; 8; 20
14,70,0.32116,0.2,3; 3; 14; 70; 29; 5; 30; 30
13,75,0.35354,0.17333,5; 4; 13; 75; 15; 18; 26; 16
22,42,0.4771,0.52381,13; 11; 22; 42; 15; 5; 18; 9
24,48,0.532,0.5,12; 8; 24; 48; 13; 10; 12; 12
18,49,0.3838,0.36735,9; 12; 18; 49; 14; 15; 6; 13
10,78,0.33787,0.12821,4; 3; 10; 78; 23; 28; 7; 14
7,10,0.78603,0.7,34; 12; 7; 10; 25; 7; 29; 25
5,10,0.82536,0.5,30; 41; 5; 10; 29; 5; 32; 9
25,32,0.66952,0.78125,17; 3; 25; 32; 8; 29; 21; 26
12,53,0.26859,0.22642,4; 9; 12; 53; 16; 9; 20; 27
21,42,0.48721,0.5,3; 3; 21; 42; 30; 28; 15; 7
27,48,0.53257,0.5625,4; 9; 27; 48; 5; 3; 25; 8
6,9,0.81902,0.66667,36; 7; 6; 9; 3; 9; 10; 30
5,78,0.26856,0.0641,4; 5; 5; 78; 21; 30; 23; 9
6,82,0.35121,0.07317,5; 3; 6; 82; 31; 10; 6; 30
20,70,0.41674,0.28571,3; 3; 20; 70; 21; 6; 24; 28
14,53,0.27448,0.26415,14; 8; 14; 53; 17; 3; 8; 17
22,64,0.42184,0.34375,3; 4; 22; 64; 24; 25; 9; 3
6,77,0.24324,0.07792,5; 6; 6; 77; 11; 15; 12; 24
13,42,0.34297,0.30952,20; 3; 13; 42; 11; 31; 16; 30
5,49,0.12294,0.10204,18; 3; 5; 49; 12; 26; 7; 30
10,70,0.28102,0.14286,8; 5; 10; 70; 9; 26; 5; 15
15,64,0.30176,0.23438,5; 7; 15; 64; 29; 12; 29; 8
6,70,0.16938,0.08571,5; 4; 6; 70; 12; 5; 24; 13
30,48,0.57824,0.625,10; 5; 30; 48; 9; 20; 12; 17
16,70,0.35742,0.22857,5; 4; 16; 70; 15; 32; 10; 16
12,77,0.34953,0.15584,3; 4; 12; 77; 16; 3; 29; 6
12,75,0.34025,0.16,4; 4; 12; 75; 23; 19; 13; 7
26,49,0.52934,0.53061,8; 6; 26; 49; 14; 5; 22; 18
10,77,0.34757,0.12987,5; 4; 10; 77; 22; 26; 15; 21
6,9,0.81353,0.66667,3; 7; 6; 9; 24; 11; 25; 8
9,78,0.27001,0.11538,4; 3; 9; 78; 24; 9; 12; 13
14,53,0.25998,0.26415,9; 6; 14; 53; 29; 19; 7; 21
14,48,0.28522,0.29167,16; 16; 14; 48; 25; 11; 26; 23
8,9,0.83452,0.88889,38; 24; 8; 9; 15; 8; 17; 27
7,82,0.32524,0.08537,4; 4; 7; 82; 18; 17; 6; 12
11,64,0.24988,0.17188,10; 5; 11; 64; 19; 3; 19; 3
6,9,0.82242,0.66667,24; 40; 6; 9; 31; 7; 3; 13
19,70,0.40185,0.27143,4; 4; 19; 70; 26; 23; 12; 30
7,75,0.29364,0.09333,7; 6; 7; 75; 14; 28; 28; 13
24,26,0.60722,0.92308,18; 5; 24; 26; 24; 17; 24; 13
29,48,0.5924,0.60417,6; 9; 29; 48; 5; 32; 15; 17
26,48,0.51873,0.54167,6; 7; 26; 48; 25; 9; 23; 30
9,77,0.32458,0.11688,6; 6; 9; 77; 3; 13; 20; 23
13,70,0.29361,0.18571,5; 4; 13; 70; 29; 14; 7; 14
7,10,0.78539,0.7,13; 33; 7; 10; 7; 15; 26; 10
34,42,0.65709,0.80952,7; 11; 34; 42; 29; 6; 26; 25
18,31,0.50574,0.58065,20; 19; 18; 31; 11; 30; 31; 15
16,49,0.3504,0.32653,8; 16; 16; 49; 18; 22; 22; 28
36,48,0.72566,0.75,4; 6; 36; 48; 11; 25; 25; 22
17,42,0.43562,0.40476,12; 14; 17; 42; 25; 30; 21; 20
6,78,0.31418,0.07692,7; 3; 6; 78; 3; 4; 12; 7
18,32,0.43039,0.5625,20; 24; 18; 32; 14; 27; 25; 26
10,70,0.27502,0.14286,5; 6; 10; 70; 7; 30; 28; 25
15,75,0.35631,0.2,4; 3; 15; 75; 27; 31; 16; 20
10,78,0.32598,0.12821,4; 5; 10; 78; 32; 30; 3; 17
8,75,0.23948,0.10667,3; 4; 8; 75; 25; 18; 25; 6
30,53,0.54478,0.56604,5; 3; 30; 53; 15; 20; 30; 3
15,63,0.31489,0.2381,10; 10; 15; 63; 31; 5; 10; 6
11,77,0.31502,0.14286,5; 4; 11; 77; 6; 7; 4; 4
19,64,0.40068,0.29688,4; 5; 19; 64; 3; 5; 11; 20
5,70,0.24493,0.07143,6; 5; 5; 70; 18; 13; 28; 25
10,53,0.22446,0.18868,12; 6; 10; 53; 20; 23; 23; 28
19,70,0.39681,0.27143,4; 3; 19; 70; 10; 29; 21; 31
16,26,0.51455,0.61538,8; 17; 16; 26; 16; 8; 5; 22
14,49,0.27904,0.28571,7; 12; 14; 49; 28; 26; 16; 6
12,64,0.25933,0.1875,4; 8; 12; 64; 6; 24; 23; 4
7,82,0.31241,0.08537,3; 4; 7; 82; 16; 5; 28; 28
8,42,0.39672,0.19048,5; 14; 8; 42; 19; 31; 5; 5
12,48,0.29362,0.25,4; 6; 12; 48; 22; 30; 17; 28
12,64,0.2883,0.1875,11; 6; 12; 64; 14; 3; 22; 30
13,77,0.35415,0.16883,3; 4; 13; 77; 11; 24; 14; 16
7,9,0.80347,0.77778,37; 6; 7; 9; 15; 24; 6; 6
6,70,0.22821,0.08571,5; 8; 6; 70; 23; 19; 19; 21
9,75,0.27202,0.12,3; 6; 9; 75; 30; 28; 10; 18
22,42,0.45828,0.52381,6; 17; 22; 42; 5; 31; 9; 28
40,49,0.78434,0.81633,3; 3; 40; 49; 9; 29; 28; 28
18,70,0.38185,0.25714,5; 5; 18; 70; 29; 6; 27; 28
13,31,0.63486,0.41935,4; 10; 13; 31; 17; 11; 19; 8
5,10,0.80315,0.5,26; 17; 5; 10; 8; 8; 15; 3
40,49,0.77937,0.81633,3; 3; 40; 49; 25; 15; 29; 25
6,70,0.18376,0.08571,8; 11; 6; 70; 16; 31; 28; 3
23,31,0.52989,0.74194,12; 4; 23; 31; 19; 10; 3; 16
11,42,0.32284,0.2619,22; 15; 11; 42; 4; 11; 22; 29
18,63,0.39191,0.28571,8; 5; 18; 63; 21; 28; 17; 14
26,64,0.49991,0.40625,4; 3; 26; 64; 3; 31; 17; 3
8,49,0.17204,0.16327,12; 12; 8; 49; 7; 23; 9; 5
5,48,0.15319,0.10417,16; 3; 5; 48; 8; 20; 28; 10
5,82,0.2852,0.06098,3; 3; 5; 82; 8; 29; 30; 26
31,48,0.62649,0.64583,5; 6; 31; 48; 10; 13; 32; 9
26,48,0.52989,0.54167,10; 4; 26; 48; 30; 20; 5; 31
6,31,0.73982,0.19355,27; 3; 6; 31; 28; 24; 5; 31
7,77,0.31852,0.09091,6; 7; 7; 77; 4; 8; 5; 6
8,82,0.38779,0.09756,3; 3; 8; 82; 28; 26; 6; 17
5,70,0.19873,0.07143,5; 4; 5; 70; 21; 17; 20; 30
6,32,0.66049,0.1875,18; 21; 6; 32; 25; 29; 15; 3
26,64,0.47291,0.40625,3; 4; 26; 64; 28; 4; 30; 8
6,82,0.37096,0.07317,4; 5; 6; 82; 17; 19; 8; 10
9,10,0.7979,0.9,22; 15; 9; 10; 21; 26; 8; 21
20,49,0.40005,0.40816,7; 13; 20; 49; 16; 12; 21; 5
8,77,0.2397,0.1039,6; 3; 8; 77; 19; 10; 29; 32
19,31,0.5471,0.6129,22; 6; 19; 31; 31; 21; 18; 26
9,77,0.26975,0.11688,3; 3; 9; 77; 28; 27; 9; 11
5,77,0.26684,0.06494,3; 8; 5; 77; 5; 29; 3; 15
5,26,0.76724,0.19231,23; 30; 5; 26; 20; 17; 5; 27
20,26,0.5543,0.76923,23; 20; 20; 26; 18; 18; 10; 19
27,63,0.47883,0.42857,3; 3; 27; 63; 28; 18; 9; 8
11,78,0.35498,0.14103,4; 3; 11; 78; 13; 11; 18; 6
10,70,0.26021,0.14286,8; 5; 10; 70; 9; 6; 3; 10
28,48,0.5958,0.58333,5; 6; 28; 48; 14; 23; 20; 18
20,26,0.60282,0.76923,4; 17; 20; 26; 3; 22; 9; 20
12,63,0.25361,0.19048,9; 3; 12; 63; 29; 22; 11; 3
9,70,0.26089,0.12857,6; 3; 9; 70; 26; 17; 29; 11
6,63,0.16392,0.09524,7; 8; 6; 63; 20; 11; 24; 31
16,70,0.35809,0.22857,6; 6; 16; 70; 19; 4; 32; 27
15,26,0.5013,0.57692,7; 13; 15; 26; 10; 23; 15; 11
16,32,0.54469,0.5,14; 23; 16; 32; 26; 26; 14; 7
6,9,0.82195,0.66667,21; 8; 6; 9; 12; 32; 13; 4
6,78,0.31831,0.07692,6; 5; 6; 78; 3; 3; 26; 29
5,82,0.373,0.06098,3; 3; 5; 82; 13; 12; 17; 28
37,49,0.72947,0.7551,4; 6; 37; 49; 29; 23; 11; 9
10,75,0.30361,0.13333,5; 5; 10; 75; 31; 14; 13; 12
8,10,0.8062,0.8,25; 19; 8; 10; 3; 32; 18; 12
17,32,0.42641,0.53125,5; 11; 17; 32; 19; 19; 13; 31
7,82,0.31527,0.08537,3; 3; 7; 82; 9; 10; 26; 22
22,31,0.45874,0.70968,7; 22; 22; 31; 14; 7; 23; 27
13,77,0.34279,0.16883,4; 4; 13; 77; 3; 3; 17; 29
10,78,0.33237,0.12821,3; 4; 10; 78; 16; 14; 29; 19
18,64,0.36977,0.28125,5; 8; 18; 64; 27; 4; 4; 23
29,42,0.57911,0.69048,6; 4; 29; 42; 20; 19; 10; 16
13,77,0.37962,0.16883,4; 4; 13; 77; 9; 24; 19; 32
15,75,0.38722,0.2,3; 3; 15; 75; 12; 17; 24; 6
30,31,0.60559,0.96774,6; 7; 30; 31; 7; 23; 32; 21
6,78,0.26489,0.07692,6; 4; 6; 78; 30; 13; 21; 31
8,82,0.36961,0.09756,4; 3; 8; 82; 22; 6; 15; 23
8,82,0.34119,0.09756,3; 3; 8; 82; 17; 22; 24; 24
7,63,0.17907,0.11111,4; 6; 7; 63; 26; 32; 3; 32
13,75,0.3426,0.17333,3; 3; 13; 75; 20; 3; 31; 32
22,53,0.41169,0.41509,8; 8; 22; 53; 21; 18; 25; 14
5,64,0.16038,0.07812,11; 7; 5; 64; 9; 29; 7; 23
35,48,0.70001,0.72917,5; 6; 35; 48; 30; 3; 7; 23
14,31,0.50655,0.45161,16; 5; 14; 31; 26; 20; 22; 15
31,53,0.58985,0.58491,5; 4; 31; 53; 19; 9; 14; 7
17,26,0.55802,0.65385,22; 10; 17; 26; 3; 12; 14; 31
7,10,0.83221,0.7,26; 3; 7; 10; 5; 13; 5; 3
25,64,0.45507,0.39062,3; 4; 25; 64; 11; 32; 5; 13
8,10,0.807,0.8,24; 40; 8; 10; 23; 19; 17; 32
5,64,0.18352,0.07812,11; 12; 5; 64; 4; 30; 29; 29
24,42,0.52698,0.57143,4; 5; 24; 42; 4; 17; 24; 25
5,9,0.81209,0.55556,9; 40; 5; 9; 7; 4; 12; 23
10,77,0.32549,0.12987,4; 5; 10; 77; 7; 5; 14; 4
12,49,0.27145,0.2449,6; 4; 12; 49; 31; 13; 29; 12
24,26,0.64245,0.92308,24; 9; 24; 26; 4; 18; 29; 25
36,53,0.68441,0.67925,3; 4; 36; 53; 31; 31; 3; 22
13,64,0.27721,0.20312,10; 10; 13; 64; 8; 16; 24; 23
15,63,0.2966,0.2381,6; 8; 15; 63; 12; 10; 26; 16
6,82,0.37124,0.07317,5; 5; 6; 82; 19; 5; 6; 14
6,75,0.25979,0.08,3; 7; 6; 75; 24; 27; 8; 18
7,9,0.82018,0.77778,32; 27; 7; 9; 23; 28; 16; 26
10,78,0.38582,0.12821,3; 5; 10; 78; 21; 14; 5; 30
20,48,0.42423,0.41667,5; 10; 20; 48; 21; 3; 27; 25
5,10,0.82357,0.5,37; 24; 5; 10; 20; 24; 20; 13
6,9,0.82376,0.66667,19; 40; 6; 9; 10; 28; 6; 9
7,31,0.50246,0.22581,21; 17; 7; 31; 24; 7; 17; 23
10,77,0.31448,0.12987,4; 3; 10; 77; 11; 8; 12; 15
8,9,0.82866,0.88889,35; 21; 8; 9; 8; 7; 6; 31
8,10,0.81857,0.8,6; 27; 8; 10; 18; 24; 6; 11
6,78,0.22832,0.07692,4; 6; 6; 78; 13; 13; 4; 22
5,26,0.80414,0.19231,31; 16; 5; 26; 17; 23; 24; 25
24,63,0.43827,0.38095,5; 4; 24; 63; 32; 22; 24; 15
6,10,0.8144,0.6,10; 10; 6; 10; 21; 17; 8; 25
9,75,0.27049,0.12,4; 5; 9; 75; 16; 3; 18; 20
19,70,0.42038,0.27143,4; 4; 19; 70; 24; 28; 22; 11
20,53,0.41271,0.37736,9; 10; 20; 53; 8; 7; 16; 26
6,64,0.18591,0.09375,3; 14; 6; 64; 10; 18; 20; 21
8,82,0.36723,0.09756,4; 3; 8; 82; 19; 12; 29; 21
11,70,0.29296,0.15714,8; 4; 11; 70; 4; 20; 9; 8
8,82,0.30486,0.09756,4; 3; 8; 82; 9; 26; 25; 23
21,63,0.41433,0.33333,4; 5; 21; 63; 3; 14; 9; 8
6,78,0.32475,0.07692,3; 4; 6; 78; 29; 24; 16; 15
7,9,0.81696,0.77778,6; 28; 7; 9; 10; 7; 18; 21
8,31,0.66682,0.25806,13; 18; 8; 31; 27; 5; 31; 18
18,70,0.38896,0.25714,5; 5; 18; 70; 16; 27; 3; 26
8,64,0.19442,0.125,3; 10; 8; 64; 7; 10; 12; 17
32,49,0.62842,0.65306,7; 5; 32; 49; 31; 12; 18; 23
7,9,0.82424,0.77778,17; 11; 7; 9; 7; 7; 32; 7
38,42,0.69724,0.90476,7; 8; 38; 42; 25; 18; 22; 21
31,48,0.61624,0.64583,7; 3; 31; 48; 13; 15; 24; 11
14,63,0.28379,0.22222,4; 7; 14; 63; 12; 23; 16; 31
11,77,0.33454,0.14286,3; 5; 11; 77; 11; 19; 29; 5
8,9,0.79825,0.88889,37; 13; 8; 9; 20; 10; 20; 32
6,82,0.34065,0.07317,4; 4; 6; 82; 17; 15; 23; 31
7,78,0.31439,0.08974,4; 4; 7; 78; 9; 29; 25; 9
18,64,0.34708,0.28125,7; 5; 18; 64; 5; 7; 11; 4
5,70,0.22037,0.07143,3; 6; 5; 70; 22; 21; 20; 13
7,78,0.27433,0.08974,4; 3; 7; 78; 3; 24; 31; 12
34,53,0.61535,0.64151,3; 5; 34; 53; 12; 6; 30; 10
9,77,0.27639,0.11688,5; 3; 9; 77; 16; 27; 15; 16
8,63,0.19383,0.12698,10; 3; 8; 63; 25; 13; 20; 3
8,64,0.2157,0.125,7; 3; 8; 64; 22; 17; 14; 5
8,82,0.34457,0.09756,4; 3; 8; 82; 14; 24; 10; 29
17,32,0.35503,0.53125,4; 14; 17; 32; 23; 18; 8; 26
36,42,0.69768,0.85714,10; 8; 36; 42; 8; 7; 22; 32
5,10,0.81318,0.5,25; 34; 5; 10; 28; 4; 15; 22
8,70,0.26175,0.11429,3; 5; 8; 70; 16; 11; 22; 19
5,32,0.55036,0.15625,5; 3; 5; 32; 22; 13; 25; 7
17,26,0.60919,0.65385,20; 27; 17; 26; 31; 19; 18; 25
14,75,0.3821,0.18667,4; 4; 14; 75; 7; 6; 20; 6
9,10,0.82055,0.9,28; 24; 9; 10; 30; 6; 27; 32
11,78,0.31915,0.14103,4; 4; 11; 78; 11; 11; 7; 25
23,48,0.46323,0.47917,6; 11; 23; 48; 29; 10; 17; 14
28,49,0.56468,0.57143,7; 4; 28; 49; 8; 26; 26; 26
18,26,0.64724,0.69231,17; 25; 18; 26; 19; 24; 8; 11
14,64,0.30111,0.21875,8; 8; 14; 64; 21; 6; 7; 22
5,70,0.23238,0.07143,3; 4; 5; 70; 16; 16; 3; 4
15,64,0.33436,0.23438,9; 4; 15; 64; 6; 28; 20; 21
13,75,0.34382,0.17333,3; 4; 13; 75; 29; 16; 26; 6
17,31,0.5283,0.54839,7; 4; 17; 31; 31; 28; 8; 10
25,31,0.57457,0.80645,12; 6; 25; 31; 11; 19; 28; 20
17,70,0.3748,0.24286,5; 5; 17; 70; 14; 26; 6; 12
12,75,0.2787,0.16,3; 3; 12; 75; 28; 32; 9; 28
20,70,0.40769,0.28571,3; 3; 20; 70; 25; 11; 4; 23
10,49,0.25677,0.20408,18; 6; 10; 49; 4; 31; 17; 25
7,77,0.31122,0.09091,7; 7; 7; 77; 5; 19; 22; 32
18,63,0.38192,0.28571,8; 6; 18; 63; 10; 26; 26; 22
18,64,0.35018,0.28125,4; 7; 18; 64; 4; 28; 11; 10
15,26,0.53211,0.57692,10; 9; 15; 26; 19; 25; 25; 26
26,42,0.55771,0.61905,5; 3; 26; 42; 22; 8; 3; 24
11,78,0.36256,0.14103,3; 4; 11; 78; 31; 6; 21; 17
8,82,0.34072,0.09756,4; 3; 8; 82; 21; 19; 22; 28
13,70,0.31255,0.18571,6; 6; 13; 70; 26; 12; 20; 29
19,53,0.37688,0.35849,3; 8; 19; 53; 9; 4; 4; 17
18,32,0.55057,0.5625,12; 6; 18; 32; 10; 29; 7; 29
16,70,0.37403,0.22857,6; 5; 16; 70; 10; 4; 27; 20
29,42,0.58796,0.69048,8; 4; 29; 42; 28; 31; 31; 6
9,78,0.35555,0.11538,3; 3; 9; 78; 27; 12; 12; 24
5,75,0.29707,0.06667,5; 8; 5; 75; 28; 14; 28; 19
6,9,0.81693,0.66667,32; 6; 6; 9; 10; 32; 24; 28
42,48,0.8087,0.875,4; 3; 42; 48; 13; 26; 14; 31
31,53,0.56113,0.58491,3; 3; 31; 53; 12; 29; 11; 26
9,64,0.26084,0.14062,4; 12; 9; 64; 22; 15; 23; 26
10,63,0.22041,0.15873,11; 6; 10; 63; 20; 32; 23; 20
9,78,0.37574,0.11538,3; 4; 9; 78; 21; 7; 18; 3
12,26,0.60797,0.46154,28; 17; 12; 26; 15; 20; 25; 28
6,10,0.81636,0.6,29; 19; 6; 10; 10; 4; 16; 18
17,70,0.37773,0.24286,3; 4; 17; 70; 18; 28; 11; 23
10,49,0.2612,0.20408,15; 8; 10; 49; 11; 27; 32; 23
35,48,0.70685,0.72917,3; 7; 35; 48; 16; 30; 11; 11
7,75,0.27391,0.09333,7; 7; 7; 75; 4; 3; 14; 15
20,32,0.60052,0.625,8; 5; 20; 32; 25; 22; 13; 18
23,48,0.45182,0.47917,9; 11; 23; 48; 31; 6; 28; 23
22,48,0.46932,0.45833,14; 4; 22; 48; 30; 27; 5; 21
32,49,0.63665,0.65306,6; 6; 32; 49; 18; 23; 17; 27
12,77,0.33835,0.15584,4; 3; 12; 77; 17; 22; 18; 27
16,31,0.60625,0.51613,18; 6; 16; 31; 6; 21; 7; 31
5,75,0.26746,0.06667,8; 3; 5; 75; 17; 11; 5; 13
23,49,0.48006,0.46939,6; 6; 23; 49; 23; 7; 29; 11
6,10,0.82438,0.6,23; 31; 6; 10; 7; 28; 10; 8
10,49,0.21002,0.20408,8; 12; 10; 49; 30; 4; 3; 20
11,53,0.22494,0.20755,17; 14; 11; 53; 17; 24; 18; 17
6,75,0.24537,0.08,8; 3; 6; 75; 25; 7; 26; 22
6,82,0.33272,0.07317,4; 3; 6; 82; 11; 15; 27; 12
8,82,0.41274,0.09756,4; 3; 8; 82; 24; 29; 12; 25
6,9,0.81868,0.66667,37; 18; 6; 9; 15; 12; 12; 26
6,75,0.26541,0.08,6; 3; 6; 75; 11; 31; 8; 12
33,48,0.65577,0.6875,3; 8; 33; 48; 12; 24; 24; 4
6,10,0.82555,0.6,38; 13; 6; 10; 23; 3; 20; 6
39,49,0.76198,0.79592,4; 3; 39; 49; 8; 13; 10; 22
23,42,0.51638,0.54762,12; 4; 23; 42; 10; 21; 17; 9
19,48,0.42502,0.39583,8; 11; 19; 48; 32; 20; 21; 13
7,75,0.30539,0.09333,6; 6; 7; 75; 14; 30; 23; 19
8,77,0.3063,0.1039,5; 5; 8; 77; 31; 22; 15; 24
7,70,0.2013,0.1,9; 6; 7; 70; 5; 27; 7; 15
8,82,0.32858,0.09756,3; 3; 8; 82; 9; 22; 5; 25
12,64,0.28159,0.1875,8; 6; 12; 64; 17; 25; 27; 4
6,77,0.24898,0.07792,5; 5; 6; 77; 13; 6; 15; 12
32,49,0.63918,0.65306,6; 4; 32; 49; 18; 16; 23; 28
5,53,0.14439,0.09434,7; 6; 5; 53; 6; 16; 10; 29
5,78,0.30604,0.0641,4; 6; 5; 78; 26; 23; 5; 27
7,70,0.25777,0.1,8; 4; 7; 70; 3; 32; 19; 27
5,10,0.80796,0.5,38; 25; 5; 10; 22; 19; 3; 6
35,48,0.70867,0.72917,4; 3; 35; 48; 28; 17; 11; 32
11,78,0.37005,0.14103,3; 4; 11; 78; 26; 20; 29; 22
6,49,0.16779,0.12245,18; 4; 6; 49; 6; 30; 4; 23
35,48,0.70947,0.72917,5; 4; 35; 48; 31; 21; 10; 9
8,10,0.79599,0.8,36; 21; 8; 10; 12; 22; 11; 19
29,49,0.57688,0.59184,8; 6; 29; 49; 16; 31; 14; 19
6,82,0.29869,0.07317,3; 4; 6; 82; 10; 15; 14; 4
14,75,0.36325,0.18667,4; 3; 14; 75; 25; 24; 32; 15
7,9,0.81828,0.77778,15; 11; 7; 9; 5; 24; 19; 18
6,10,0.82511,0.6,27; 13; 6; 10; 31; 17; 4; 32
9,10,0.81506,0.9,12; 12; 9; 10; 22; 20; 15; 30
6,10,0.80892,0.6,39; 19; 6; 10; 23; 29; 15; 19
8,10,0.81364,0.8,38; 19; 8; 10; 3; 16; 20; 5
17,31,0.74688,0.54839,8; 16; 17; 31; 28; 13; 13; 3
13,77,0.3459,0.16883,3; 4; 13; 77; 20; 30; 21; 7
5,10,0.80303,0.5,37; 13; 5; 10; 15; 3; 24; 13
15,31,0.49949,0.48387,19; 25; 15; 31; 10; 28; 13; 7
32,48,0.62733,0.66667,3; 5; 32; 48; 9; 18; 6; 3
9,78,0.366,0.11538,5; 5; 9; 78; 11; 31; 11; 6
5,75,0.25633,0.06667,4; 8; 5; 75; 4; 28; 27; 29
15,49,0.31471,0.30612,12; 9; 15; 49; 19; 23; 8; 23
29,31,0.53942,0.93548,14; 7; 29; 31; 3; 28; 3; 15
8,70,0.24531,0.11429,5; 4; 8; 70; 11; 14; 14; 17
22,53,0.40032,0.41509,6; 4; 22; 53; 27; 7; 5; 4
5,82,0.314,0.06098,4; 5; 5; 82; 18; 12; 20; 29
7,26,0.76395,0.26923,25; 18; 7; 26; 6; 25; 3; 4
26,32,0.53947,0.8125,7; 18; 26; 32; 17; 29; 23; 18
16,53,0.30445,0.30189,10; 12; 16; 53; 15; 10; 3; 25
6,82,0.34079,0.07317,4; 5; 6; 82; 20; 10; 24; 24
13,49,0.30369,0.26531,15; 13; 13; 49; 32; 24; 10; 7
9,53,0.16495,0.16981,3; 16; 9; 53; 13; 6; 4; 9
7,75,0.21881,0.09333,8; 4; 7; 75; 11; 23; 16; 24
13,77,0.34618,0.16883,4; 3; 13; 77; 16; 32; 11; 18
7,82,0.36399,0.08537,4; 3; 7; 82; 4; 19; 13; 9
8,82,0.32384,0.09756,3; 4; 8; 82; 6; 32; 8; 21
25,26,0.47559,0.96154,9; 7; 25; 26; 28; 28; 6; 32
20,32,0.58742,0.625,6; 16; 20; 32; 22; 29; 7; 14
16,64,0.3346,0.25,6; 4; 16; 64; 20; 8; 3; 27
15,70,0.34189,0.21429,4; 4; 15; 70; 13; 15; 19; 28
30,48,0.614,0.625,10; 4; 30; 48; 18; 11; 25; 30
30,53,0.56299,0.56604,5; 6; 30; 53; 6; 12; 11; 14
34,53,0.60765,0.64151,4; 3; 34; 53; 3; 11; 11; 7
10,78,0.32225,0.12821,5; 4; 10; 78; 18; 9; 16; 17
7,78,0.2722,0.08974,3; 6; 7; 78; 12; 6; 20; 32
5,70,0.24211,0.07143,10; 6; 5; 70; 20; 21; 8; 31
23,32,0.58496,0.71875,15; 6; 23; 32; 3; 13; 29; 13
5,64,0.20385,0.07812,14; 9; 5; 64; 26; 24; 27; 6
14,42,0.43977,0.33333,7; 13; 14; 42; 26; 19; 9; 7
37,49,0.72296,0.7551,6; 6; 37; 49; 16; 24; 10; 6
15,75,0.38816,0.2,4; 3; 15; 75; 8; 18; 30; 20
18,31,0.51038,0.58065,4; 19; 18; 31; 30; 18; 22; 21
5,82,0.3244,0.06098,3; 4; 5; 82; 18; 17; 31; 5
7,78,0.31935,0.08974,5; 5; 7; 78; 12; 28; 4; 15
7,26,0.53672,0.26923,20; 32; 7; 26; 14; 28; 4; 9
7,31,0.63818,0.22581,24; 16; 7; 31; 32; 14; 13; 4
6,48,0.14541,0.125,20; 12; 6; 48; 17; 30; 25; 19
5,78,0.24442,0.0641,5; 6; 5; 78; 15; 30; 21; 30
14,63,0.3058,0.22222,7; 7; 14; 63; 21; 3; 4; 22
32,53,0.61956,0.60377,5; 3; 32; 53; 11; 8; 32; 20
13,32,0.70702,0.40625,17; 26; 13; 32; 11; 28; 30; 15
8,9,0.80745,0.88889,12; 30; 8; 9; 17; 15; 23; 29
15,64,0.30652,0.23438,7; 8; 15; 64; 20; 21; 19; 13
7,10,0.82397,0.7,5; 13; 7; 10; 27; 7; 22; 27
29,32,0.57663,0.90625,16; 9; 29; 32; 27; 29; 9; 5
13,75,0.37476,0.17333,5; 4; 13; 75; 21; 22; 16; 14
5,31,0.65278,0.16129,27; 6; 5; 31; 6; 22; 28; 4
8,26,0.84151,0.30769,3; 32; 8; 26; 21; 16; 23; 27
13,64,0.27016,0.20312,3; 4; 13; 64; 18; 15; 26; 29
9,10,0.8119,0.9,37; 11; 9; 10; 16; 31; 20; 23
23,64,0.43207,0.35938,5; 5; 23; 64; 14; 28; 12; 20
10,70,0.24215,0.14286,9; 8; 10; 70; 25; 6; 5; 14
15,53,0.319,0.28302,7; 8; 15; 53; 5; 27; 8; 15
6,53,0.15315,0.11321,18; 10; 6; 53; 27; 16; 5; 12
10,70,0.26092,0.14286,5; 7; 10; 70; 10; 9; 24; 14
29,32,0.64873,0.90625,12; 3; 29; 32; 31; 6; 20; 30
8,42,0.31823,0.19048,3; 6; 8; 42; 9; 23; 13; 23
18,31,0.54057,0.58065,17; 14; 18; 31; 8; 7; 9; 4
9,70,0.24666,0.12857,5; 5; 9; 70; 11; 9; 10; 24
9,70,0.28791,0.12857,7; 4; 9; 70; 7; 14; 4; 17
15,64,0.30558,0.23438,6; 6; 15; 64; 12; 8; 15; 13
32,49,0.64176,0.65306,5; 5; 32; 49; 9; 14; 28; 29
6,32,0.50451,0.1875,22; 21; 6; 32; 13; 19; 24; 29
10,26,0.67832,0.38462,21; 21; 10; 26; 8; 28; 9; 30
7,78,0.31903,0.08974,4; 4; 7; 78; 16; 11; 13; 20
13,77,0.37241,0.16883,4; 4; 13; 77; 7; 21; 17; 24
19,70,0.39075,0.27143,4; 4; 19; 70; 16; 3; 9; 8
6,82,0.33775,0.07317,4; 3; 6; 82; 6; 5; 8; 14
5,75,0.23679,0.06667,3; 8; 5; 75; 24; 10; 5; 30
25,64,0.44448,0.39062,4; 4; 25; 64; 5; 4; 7; 10
12,26,0.56892,0.46154,17; 12; 12; 26; 29; 6; 27; 19
13,49,0.28092,0.26531,6; 9; 13; 49; 5; 6; 7; 13
7,75,0.25104,0.09333,3; 7; 7; 75; 21; 7; 12; 4
7,82,0.34523,0.08537,3; 4; 7; 82; 14; 6; 6; 25
16,26,0.48831,0.61538,15; 14; 16; 26; 29; 11; 8; 31
6,77,0.2235,0.07792,4; 6; 6; 77; 26; 11; 11; 22
27,32,0.48668,0.84375,6; 17; 27; 32; 18; 5; 16; 30
28,48,0.56946,0.58333,11; 5; 28; 48; 16; 17; 14; 23
19,63,0.38216,0.30159,7; 3; 19; 63; 4; 26; 7; 32
7,70,0.18648,0.1,3; 8; 7; 70; 13; 9; 8; 17
6,10,0.82405,0.6,30; 17; 6; 10; 28; 29; 4; 21
14,26,0.77716,0.53846,3; 4; 14; 26; 15; 31; 28; 8
6,75,0.27602,0.08,7; 8; 6; 75; 6; 6; 27; 17
35,48,0.69028,0.72917,7; 5; 35; 48; 12; 5; 17; 12
14,70,0.31392,0.2,7; 3; 14; 70; 23; 29; 19; 4
40,48,0.7895,0.83333,4; 3; 40; 48; 24; 13; 10; 9
15,75,0.35526,0.2,4; 4; 15; 75; 11; 17; 3; 13
6,70,0.23464,0.08571,9; 4; 6; 70; 15; 15; 28; 5
5,75,0.24236,0.06667,7; 9; 5; 75; 5; 8; 5; 28
7,9,0.83437,0.77778,30; 39; 7; 9; 4; 28; 16; 32
5,70,0.20223,0.07143,8; 3; 5; 70; 9; 15; 10; 9
8,10,0.77642,0.8,22; 26; 8; 10; 30; 21; 17; 20
11,75,0.29951,0.14667,5; 3; 11; 75; 17; 23; 8; 16
13,75,0.35549,0.17333,5; 4; 13; 75; 13; 11; 16; 27
28,53,0.52889,0.5283,4; 5; 28; 53; 14; 8; 21; 9
14,32,0.44726,0.4375,19; 24; 14; 32; 27; 10; 31; 17
37,48,0.75179,0.77083,3; 4; 37; 48; 29; 19; 23; 18
11,49,0.19569,0.22449,11; 15; 11; 49; 28; 6; 32; 11
8,10,0.80738,0.8,28; 5; 8; 10; 24; 30; 22; 4
17,31,0.51634,0.54839,25; 12; 17; 31; 10; 10; 9; 10
33,53,0.60114,0.62264,3; 5; 33; 53; 26; 6; 16; 8
27,32,0.66961,0.84375,14; 5; 27; 32; 4; 26; 16; 9
6,10,0.8204,0.6,24; 8; 6; 10; 17; 30; 16; 10
10,78,0.32699,0.12821,3; 4; 10; 78; 13; 22; 18; 26
24,53,0.43598,0.45283,5; 7; 24; 53; 3; 21; 26; 31
9,77,0.32843,0.11688,3; 6; 9; 77; 7; 6; 11; 20
24,63,0.45101,0.38095,3; 5; 24; 63; 32; 19; 14; 28
7,10,0.81338,0.7,26; 6; 7; 10; 30; 11; 21; 21
11,63,0.21214,0.1746,4; 3; 11; 63; 3; 27; 5; 7
15,75,0.3721,0.2,4; 3; 15; 75; 13; 17; 32; 5
6,10,0.80409,0.6,11; 4; 6; 10; 9; 19; 27; 23
24,31,0.46965,0.77419,10; 13; 24; 31; 4; 8; 3; 3
5,10,0.8307,0.5,19; 16; 5; 10; 26; 5; 20; 12
5,9,0.82438,0.55556,31; 9; 5; 9; 32; 15; 7; 27
8,70,0.22012,0.11429,4; 6; 8; 70; 7; 20; 4; 11
17,32,0.49167,0.53125,12; 10; 17; 32; 7; 31; 19; 10
6,64,0.20427,0.09375,5; 14; 6; 64; 25; 11; 18; 9
22,26,0.48615,0.84615,24; 25; 22; 26; 30; 25; 5; 15
7,10,0.82494,0.7,8; 12; 7; 10; 29; 30; 16; 11
29,48,0.58221,0.60417,3; 3; 29; 48; 3; 16; 29; 26
25,32,0.47663,0.78125,14; 6; 25; 32; 18; 17; 8; 22
12,77,0.34145,0.15584,4; 4; 12; 77; 18; 19; 7; 9
20,42,0.47433,0.47619,11; 9; 20; 42; 20; 18; 12; 24
10,77,0.33915,0.12987,5; 4; 10; 77; 19; 22; 19; 22
15,48,0.31299,0.3125,13; 5; 15; 48; 19; 21; 25; 7
19,48,0.39551,0.39583,15; 3; 19; 48; 13; 8; 20; 11
6,75,0.31666,0.08,7; 7; 6; 75; 19; 15; 18; 8
22,48,0.45233,0.45833,4; 14; 22; 48; 9; 3; 28; 3
25,63,0.43729,0.39683,3; 4; 25; 63; 17; 7; 22; 17
8,82,0.37443,0.09756,4; 4; 8; 82; 16; 14; 7; 11
27,42,0.54253,0.64286,14; 10; 27; 42; 27; 20; 21; 3
7,82,0.38379,0.08537,3; 3; 7; 82; 12; 4; 3; 32
36,53,0.68758,0.67925,3; 3; 36; 53; 13; 22; 8; 27
26,48,0.52578,0.54167,9; 6; 26; 48; 14; 30; 5; 27
21,31,0.58711,0.67742,7; 18; 21; 31; 20; 13; 12; 9
16,70,0.35411,0.22857,4; 6; 16; 70; 15; 9; 24; 30
17,70,0.3608,0.24286,5; 4; 17; 70; 7; 5; 25; 8
29,31,0.56939,0.93548,5; 15; 29; 31; 7; 16; 25; 12
21,63,0.3981,0.33333,3; 5; 21; 63; 31; 7; 28; 6
10,77,0.3442,0.12987,5; 5; 10; 77; 22; 30; 13; 24
9,32,0.55031,0.28125,14; 17; 9; 32; 6; 9; 19; 5
20,49,0.38668,0.40816,7; 11; 20; 49; 10; 9; 22; 31
7,82,0.35517,0.08537,4; 4; 7; 82; 11; 22; 5; 21
20,70,0.4219,0.28571,4; 4; 20; 70; 29; 13; 6; 22
40,48,0.79414,0.83333,4; 3; 40; 48; 29; 13; 3; 5
6,31,0.51165,0.19355,11; 3; 6; 31; 25; 3; 19; 20
31,53,0.58702,0.58491,7; 7; 31; 53; 14; 15; 7; 6
41,42,0.78448,0.97619,6; 6; 41; 42; 3; 10; 12; 19
25,42,0.55629,0.59524,9; 7; 25; 42; 5; 24; 18; 30
6,63,0.19321,0.09524,11; 4; 6; 63; 20; 17; 28; 30
11,32,0.49332,0.34375,16; 16; 11; 32; 27; 10; 27; 21
17,26,0.712,0.65385,12; 23; 17; 26; 12; 20; 30; 7
8,10,0.79344,0.8,18; 40; 8; 10; 21; 27; 4; 11
11,32,0.72894,0.34375,13; 20; 11; 32; 9; 28; 6; 24
8,78,0.32862,0.10256,5; 6; 8; 78; 11; 5; 14; 16
8,9,0.8233,0.88889,18; 24; 8; 9; 20; 5; 22; 3
39,48,0.7408,0.8125,5; 4; 39; 48; 12; 18; 28; 18
7,64,0.18682,0.10938,4; 9; 7; 64; 8; 4; 27; 20
25,53,0.46675,0.4717,6; 5; 25; 53; 26; 13; 16; 15
5,77,0.27084,0.06494,8; 4; 5; 77; 21; 28; 10; 9
13,26,0.70228,0.5,7; 20; 13; 26; 20; 29; 22; 19
20,63,0.36958,0.31746,6; 3; 20; 63; 9; 23; 29; 26
13,70,0.33044,0.18571,7; 3; 13; 70; 21; 5; 28; 20
7,77,0.30143,0.09091,6; 3; 7; 77; 8; 13; 17; 18
5,82,0.35166,0.06098,5; 3; 5; 82; 13; 12; 6; 29
13,42,0.48254,0.30952,16; 21; 13; 42; 8; 3; 30; 21
8,32,0.61944,0.25,16; 18; 8; 32; 6; 7; 17; 29
5,82,0.27547,0.06098,3; 4; 5; 82; 29; 18; 4; 27
26,48,0.55932,0.54167,3; 12; 26; 48; 6; 16; 24; 31
26,49,0.50615,0.53061,11; 3; 26; 49; 15; 21; 27; 12
15,75,0.38567,0.2,4; 3; 15; 75; 8; 15; 24; 15
6,70,0.23213,0.08571,8; 8; 6; 70; 21; 28; 7; 31
8,75,0.27139,0.10667,7; 5; 8; 75; 20; 27; 32; 9
22,63,0.41106,0.34921,4; 3; 22; 63; 32; 5; 9; 11
19,64,0.37423,0.29688,3; 3; 19; 64; 16; 14; 30; 6
8,10,0.83734,0.8,33; 38; 8; 10; 31; 26; 8; 3
15,70,0.30618,0.21429,5; 3; 15; 70; 6; 25; 16; 6
16,63,0.30654,0.25397,6; 5; 16; 63; 3; 22; 5; 10
5,9,0.82762,0.55556,35; 24; 5; 9; 27; 11; 26; 12
10,53,0.20165,0.18868,7; 8; 10; 53; 4; 17; 13; 32
14,70,0.35072,0.2,5; 3; 14; 70; 18; 32; 20; 20
27,53,0.48754,0.50943,7; 7; 27; 53; 23; 6; 7; 31
5,9,0.82899,0.55556,6; 15; 5; 9; 19; 28; 16; 18
25,26,0.49143,0.96154,23; 12; 25; 26; 13; 7; 8; 20
8,10,0.77254,0.8,23; 19; 8; 10; 18; 24; 26; 16
19,70,0.41085,0.27143,3; 4; 19; 70; 7; 24; 5; 5
7,31,0.70479,0.22581,27; 20; 7; 31; 5; 25; 20; 4
7,32,0.74911,0.21875,6; 4; 7; 32; 19; 4; 27; 16
22,42,0.48224,0.52381,8; 15; 22; 42; 10; 29; 28; 3
5,10,0.81852,0.5,18; 15; 5; 10; 10; 23; 26; 23
12,31,0.61957,0.3871,17; 22; 12; 31; 25; 25; 22; 8
35,49,0.72292,0.71429,7; 5; 35; 49; 31; 3; 27; 17
10,77,0.36168,0.12987,4; 3; 10; 77; 4; 7; 4; 11
23,26,0.59334,0.88462,12; 23; 23; 26; 23; 10; 31; 7
5,75,0.21075,0.06667,6; 7; 5; 75; 14; 17; 30; 25
21,63,0.41857,0.33333,5; 7; 21; 63; 11; 4; 23; 18
17,32,0.69224,0.53125,21; 12; 17; 32; 32; 29; 24; 10
12,75,0.32942,0.16,5; 5; 12; 75; 15; 8; 4; 20
6,9,0.79424,0.66667,6; 21; 6; 9; 8; 25; 26; 10
16,48,0.34146,0.33333,8; 10; 16; 48; 12; 28; 12; 16
5,31,0.53054,0.16129,4; 14; 5; 31; 26; 27; 17; 19
5,9,0.83677,0.55556,31; 20; 5; 9; 31; 17; 18; 24
25,64,0.44188,0.39062,4; 4; 25; 64; 30; 13; 4; 31
7,31,0.44732,0.22581,23; 17; 7; 31; 19; 3; 5; 22
17,32,0.54924,0.53125,23; 8; 17; 32; 9; 19; 18; 30
18,42,0.41351,0.42857,7; 18; 18; 42; 5; 26; 14; 32
13,63,0.287,0.20635,8; 9; 13; 63; 9; 9; 12; 17
7,9,0.81108,0.77778,4; 11; 7; 9; 26; 20; 26; 4
6,26,0.82291,0.23077,24; 8; 6; 26; 13; 3; 21; 24
11,70,0.26744,0.15714,5; 4; 11; 70; 24; 31; 18; 14
30,31,0.63805,0.96774,6; 10; 30; 31; 4; 28; 22; 7
11,78,0.33983,0.14103,4; 4; 11; 78; 30; 4; 14; 32
16,26,0.57755,0.61538,11; 3; 16; 26; 8; 3; 7; 15
7,63,0.12492,0.11111,14; 7; 7; 63; 10; 13; 4; 10
17,64,0.32107,0.26562,4; 7; 17; 64; 5; 9; 32; 32
24,26,0.44175,0.92308,19; 7; 24; 26; 20; 12; 16; 13
6,32,0.73756,0.1875,25; 8; 6; 32; 27; 15; 24; 28
5,75,0.23945,0.06667,3; 8; 5; 75; 29; 8; 15; 16
8,9,0.83191,0.88889,7; 6; 8; 9; 5; 5; 8; 18
8,10,0.76773,0.8,28; 18; 8; 10; 29; 20; 16; 18
6,9,0.8136,0.66667,14; 28; 6; 9; 21; 27; 4; 6
9,10,0.8336,0.9,10; 21; 9; 10; 25; 9; 4; 7
12,32,0.61588,0.375,15; 23; 12; 32; 7; 16; 6; 11
8,82,0.37732,0.09756,4; 3; 8; 82; 18; 26; 9; 3
15,64,0.30189,0.23438,9; 5; 15; 64; 8; 16; 23; 8
6,75,0.23026,0.08,5; 4; 6; 75; 23; 6; 6; 30
6,82,0.3071,0.07317,3; 5; 6; 82; 21; 19; 18; 15
27,48,0.53422,0.5625,3; 5; 27; 48; 25; 25; 17; 15
9,78,0.31458,0.11538,3; 3; 9; 78; 5; 15; 28; 26
31,48,0.60076,0.64583,9; 9; 31; 48; 22; 16; 19; 15
6,77,0.23848,0.07792,5; 4; 6; 77; 11; 24; 24; 19
9,32,0.78381,0.28125,17; 18; 9; 32; 22; 6; 10; 19
11,63,0.23773,0.1746,9; 5; 11; 63; 23; 19; 18; 9
23,31,0.51234,0.74194,15; 4; 23; 31; 17; 30; 10; 9
26,42,0.53229,0.61905,12; 4; 26; 42; 16; 28; 5; 20
7,77,0.30999,0.09091,5; 3; 7; 77; 16; 5; 3; 27
37,53,0.6995,0.69811,3; 3; 37; 53; 14; 25; 25; 25
22,48,0.44898,0.45833,9; 8; 22; 48; 12; 15; 4; 29
7,82,0.33091,0.08537,3; 3; 7; 82; 24; 16; 6; 19
7,32,0.45335,0.21875,15; 8; 7; 32; 24; 24; 5; 5
16,64,0.31145,0.25,5; 6; 16; 64; 14; 4; 5; 11
6,77,0.248,0.07792,4; 6; 6; 77; 26; 27; 10; 20
6,31,0.4935,0.19355,8; 20; 6; 31; 25; 27; 19; 10
12,42,0.36143,0.28571,4; 9; 12; 42; 29; 4; 24; 29
8,31,0.56129,0.25806,18; 20; 8; 31; 10; 15; 8; 13
19,64,0.36833,0.29688,4; 5; 19; 64; 20; 18; 5; 19
28,32,0.62149,0.875,14; 10; 28; 32; 28; 10; 21; 19
23,31,0.57872,0.74194,20; 21; 23; 31; 10; 14; 29; 4
5,75,0.2366,0.06667,5; 6; 5; 75; 28; 20; 19; 3
15,32,0.46202,0.46875,23; 17; 15; 32; 3; 11; 29; 11
7,63,0.19338,0.11111,14; 8; 7; 63; 13; 31; 8; 8
5,70,0.20105,0.07143,9; 7; 5; 70; 23; 22; 25; 27
19,42,0.44125,0.45238,11; 11; 19; 42; 9; 17; 16; 15
12,48,0.29153,0.25,16; 6; 12; 48; 15; 26; 24; 15
9,10,0.82611,0.9,32; 27; 9; 10; 32; 14; 6; 31
8,78,0.26986,0.10256,5; 3; 8; 78; 22; 16; 20; 29
21,42,0.42109,0.5,5; 13; 21; 42; 22; 32; 24; 8
14,26,0.64343,0.53846,14; 5; 14; 26; 14; 11; 8; 16
14,32,0.55821,0.4375,16; 24; 14; 32; 16; 6; 31; 9
16,26,0.6174,0.61538,6; 19; 16; 26; 22; 25; 21; 23
5,77,0.27951,0.06494,6; 3; 5; 77; 20; 17; 8; 12
9,70,0.24497,0.12857,9; 7; 9; 70; 10; 11; 30; 7
7,9,0.8098,0.77778,10; 19; 7; 9; 27; 28; 11; 30
6,10,0.80836,0.6,16; 29; 6; 10; 18; 30; 30; 6
6,77,0.31281,0.07792,6; 5; 6; 77; 30; 30; 4; 19
20,26,0.46951,0.76923,6; 25; 20; 26; 6; 18; 23; 12
17,26,0.6057,0.65385,20; 6; 17; 26; 12; 4; 4; 13
5,9,0.82223,0.55556,27; 15; 5; 9; 25; 11; 7; 24
14,31,0.78044,0.45161,5; 9; 14; 31; 26; 9; 29; 28
8,70,0.22547,0.11429,3; 5; 8; 70; 12; 10; 28; 24
11,75,0.30531,0.14667,4; 5; 11; 75; 4; 12; 23; 26
13,77,0.41532,0.16883,4; 3; 13; 77; 8; 32; 27; 12
23,26,0.64171,0.88462,16; 23; 23; 26; 31; 32; 18; 14
37,48,0.7257,0.77083,3; 3; 37; 48; 15; 30; 6; 17
11,31,0.61541,0.35484,22; 22; 11; 31; 18; 25; 10; 3
14,53,0.27592,0.26415,3; 14; 14; 53; 17; 15; 13; 7
8,49,0.16885,0.16327,20; 5; 8; 49; 30; 30; 9; 15
8,70,0.27062,0.11429,7; 8; 8; 70; 7; 19; 27; 8
25,49,0.52095,0.5102,7; 8; 25; 49; 22; 13; 16; 11
5,42,0.30263,0.11905,22; 12; 5; 42; 17; 14; 12; 27
11,70,0.3275,0.15714,8; 4; 11; 70; 11; 5; 17; 21
5,63,0.17591,0.07937,4; 7; 5; 63; 10; 7; 19; 10
28,53,0.54897,0.5283,8; 4; 28; 53; 22; 10; 13; 6
7,10,0.81665,0.7,11; 17; 7; 10; 20; 32; 17; 3
15,32,0.53964,0.46875,7; 15; 15; 32; 17; 28; 18; 26
34,53,0.66418,0.64151,3; 5; 34; 53; 10; 22; 5; 22
27,32,0.59442,0.84375,5; 3; 27; 32; 11; 7; 28; 24
12,31,0.82815,0.3871,22; 13; 12; 31; 26; 10; 9; 10
8,10,0.76894,0.8,8; 16; 8; 10; 24; 11; 11; 28
11,75,0.31054,0.14667,6; 6; 11; 75; 12; 12; 11; 19
8,64,0.19284,0.125,4; 5; 8; 64; 6; 14; 30; 4
25,53,0.47919,0.4717,10; 6; 25; 53; 29; 5; 22; 12
9,10,0.82373,0.9,15; 16; 9; 10; 14; 6; 19; 23
5,26,0.66179,0.19231,18; 32; 5; 26; 30; 11; 11; 19
23,63,0.42108,0.36508,4; 3; 23; 63; 13; 26; 15; 11
8,78,0.25586,0.10256,4; 5; 8; 78; 14; 8; 5; 24
7,9,0.8192,0.77778,21; 40; 7; 9; 6; 23; 29; 30
5,10,0.83974,0.5,23; 37; 5; 10; 25; 16; 29; 7
6,32,0.6773,0.1875,22; 4; 6; 32; 23; 25; 20; 3
8,10,0.82162,0.8,33; 17; 8; 10; 5; 4; 29; 24
32,53,0.61391,0.60377,4; 3; 32; 53; 8; 24; 21; 31
27,53,0.49837,0.50943,7; 8; 27; 53; 32; 5; 5; 26
10,31,0.56883,0.32258,23; 11; 10; 31; 8; 4; 19; 10
5,10,0.80728,0.5,20; 12; 5; 10; 19; 30; 23; 12
5,78,0.3174,0.0641,4; 5; 5; 78; 20; 19; 26; 17
19,63,0.37858,0.30159,3; 3; 19; 63; 29; 14; 25; 21
8,9,0.7977,0.88889,24; 20; 8; 9; 9; 21; 29; 32
39,49,0.75592,0.79592,5; 4; 39; 49; 8; 27; 12; 26
21,64,0.41509,0.32812,3; 3; 21; 64; 27; 29; 5; 29
5,75,0.29414,0.06667,8; 7; 5; 75; 18; 3; 30; 16
15,31,0.46869,0.48387,18; 22; 15; 31; 17; 27; 20; 30
8,10,0.8129,0.8,38; 24; 8; 10; 16; 9; 9; 18
5,82,0.33158,0.06098,5; 5; 5; 82; 14; 5; 17; 11
17,48,0.34582,0.35417,13; 14; 17; 48; 14; 23; 23; 29
9,78,0.2922,0.11538,3; 4; 9; 78; 29; 27; 4; 30
7,75,0.24425,0.09333,5; 8; 7; 75; 8; 31; 3; 16
19,26,0.50155,0.73077,4; 15; 19; 26; 30; 15; 27; 13
36,49,0.70709,0.73469,4; 6; 36; 49; 11; 10; 9; 20
11,77,0.34474,0.14286,4; 5; 11; 77; 5; 9; 17; 8
22,31,0.44624,0.70968,5; 12; 22; 31; 21; 4; 18; 30
24,63,0.42053,0.38095,5; 5; 24; 63; 29; 29; 16; 14
8,82,0.36127,0.09756,4; 4; 8; 82; 21; 29; 32; 10
9,78,0.34835,0.11538,3; 5; 9; 78; 26; 31; 26; 9
19,63,0.36261,0.30159,4; 5; 19; 63; 6; 23; 7; 6
12,63,0.23876,0.19048,4; 6; 12; 63; 30; 13; 30; 24
12,70,0.31103,0.17143,5; 3; 12; 70; 18; 18; 24; 26
5,9,0.82554,0.55556,30; 9; 5; 9; 4; 5; 25; 11
23,31,0.67953,0.74194,4; 15; 23; 31; 29; 11; 11; 4
9,10,0.79315,0.9,18; 26; 9; 10; 15; 23; 31; 28
14,75,0.3426,0.18667,3; 3; 14; 75; 19; 17; 8; 15
8,70,0.25429,0.11429,7; 6; 8; 70; 31; 16; 3; 15
17,32,0.45376,0.53125,12; 5; 17; 32; 15; 13; 12; 16
21,26,0.524,0.80769,5; 22; 21; 26; 3; 14; 12; 25
15,63,0.31475,0.2381,8; 6; 15; 63; 13; 22; 32; 17
7,9,0.80997,0.77778,22; 26; 7; 9; 28; 22; 25; 21
34,48,0.69291,0.70833,4; 4; 34; 48; 31; 7; 25; 27
28,31,0.58942,0.90323,10; 7; 28; 31; 17; 24; 9; 23
14,31,0.59751,0.45161,4; 20; 14; 31; 25; 25; 16; 11
9,77,0.30831,0.11688,5; 6; 9; 77; 15; 23; 21; 29
19,48,0.37901,0.39583,10; 3; 19; 48; 6; 20; 22; 31
12,70,0.32518,0.17143,8; 8; 12; 70; 31; 8; 10; 29
11,78,0.38656,0.14103,3; 4; 11; 78; 14; 17; 32; 14
5,70,0.2279,0.07143,5; 8; 5; 70; 13; 28; 12; 13
12,75,0.2851,0.16,5; 5; 12; 75; 32; 15; 9; 9
18,49,0.36853,0.36735,7; 13; 18; 49; 6; 5; 7; 29
28,42,0.59336,0.66667,14; 4; 28; 42; 3; 25; 17; 20
8,82,0.35446,0.09756,4; 3; 8; 82; 11; 24; 15; 19
21,63,0.40954,0.33333,5; 3; 21; 63; 3; 14; 17; 7
16,48,0.36085,0.33333,17; 12; 16; 48; 24; 14; 10; 22
15,64,0.31573,0.23438,5; 5; 15; 64; 24; 24; 13; 3
8,82,0.30498,0.09756,3; 4; 8; 82; 19; 20; 30; 18
20,64,0.40699,0.3125,7; 3; 20; 64; 21; 10; 20; 11
35,48,0.7151,0.72917,5; 6; 35; 48; 3; 21; 12; 30
8,70,0.22243,0.11429,8; 9; 8; 70; 20; 24; 18; 26
11,31,0.63397,0.35484,14; 18; 11; 31; 13; 3; 5; 12
41,42,0.72772,0.97619,4; 6; 41; 42; 24; 11; 25; 7
14,53,0.27176,0.26415,7; 8; 14; 53; 10; 28; 23; 10
6,82,0.27872,0.07317,3; 5; 6; 82; 16; 29; 27; 4
6,42,0.5313,0.14286,8; 13; 6; 42; 24; 14; 10; 31
6,75,0.26242,0.08,3; 4; 6; 75; 19; 12; 30; 32
12,70,0.28133,0.17143,8; 3; 12; 70; 22; 5; 22; 6
24,64,0.45254,0.375,5; 4; 24; 64; 16; 8; 3; 8
11,77,0.3341,0.14286,5; 4; 11; 77; 13; 12; 27; 12
16,26,0.81319,0.61538,8; 26; 16; 26; 19; 10; 29; 22
13,32,0.51856,0.40625,21; 13; 13; 32; 12; 29; 12; 7
5,82,0.31327,0.06098,4; 5; 5; 82; 25; 12; 11; 3
17,63,0.34833,0.26984,5; 4; 17; 63; 17; 25; 24; 21
12,48,0.27933,0.25,8; 10; 12; 48; 13; 10; 22; 18
14,75,0.36211,0.18667,4; 4; 14; 75; 6; 21; 6; 14
11,77,0.35736,0.14286,3; 5; 11; 77; 6; 23; 29; 24
19,63,0.39695,0.30159,3; 8; 19; 63; 23; 14; 14; 17
12,32,0.54261,0.375,24; 5; 12; 32; 31; 15; 19; 9
25,26,0.67795,0.96154,19; 15; 25; 26; 22; 27; 20; 14
10,42,0.33265,0.2381,3; 19; 10; 42; 29; 15; 20; 7
9,32,0.53597,0.28125,16; 6; 9; 32; 26; 6; 12; 20
9,70,0.24173,0.12857,7; 5; 9; 70; 31; 9; 29; 17
22,42,0.49197,0.52381,17; 6; 22; 42; 15; 17; 10; 18
14,48,0.30086,0.29167,11; 11; 14; 48; 4; 8; 8; 29
12,26,0.5966,0.46154,11; 15; 12; 26; 27; 11; 20; 13
9,10,0.79745,0.9,8; 35; 9; 10; 32; 9; 15; 5
11,75,0.34759,0.14667,6; 5; 11; 75; 6; 14; 17; 6
16,70,0.35867,0.22857,4; 4; 16; 70; 7; 29; 13; 11
12,26,0.65244,0.46154,6; 9; 12; 26; 27; 14; 12; 19
30,31,0.56176,0.96774,4; 10; 30; 31; 3; 30; 30; 24
9,48,0.22,0.1875,13; 13; 9; 48; 6; 4; 17; 20
6,63,0.1695,0.09524,14; 13; 6; 63; 26; 11; 32; 20
8,75,0.27645,0.10667,4; 7; 8; 75; 31; 28; 19; 11
6,82,0.35193,0.07317,3; 3; 6; 82; 11; 10; 32; 11
13,64,0.26156,0.20312,8; 9; 13; 64; 12; 19; 20; 32
5,10,0.81653,0.5,27; 14; 5; 10; 4; 30; 14; 28
10,53,0.24354,0.18868,16; 3; 10; 53; 24; 3; 12; 25
19,48,0.42073,0.39583,5; 13; 19; 48; 27; 10; 11; 6
5,10,0.81578,0.5,27; 24; 5; 10; 10; 18; 7; 13
5,82,0.35062,0.06098,4; 3; 5; 82; 4; 20; 32; 8
27,32,0.64151,0.84375,3; 11; 27; 32; 8; 16; 22; 3
23,31,0.58044,0.74194,14; 4; 23; 31; 11; 19; 4; 27
12,53,0.25747,0.22642,6; 4; 12; 53; 15; 22; 12; 9
25,42,0.57665,0.59524,7; 12; 25; 42; 11; 30; 13; 5
16,64,0.32335,0.25,4; 5; 16; 64; 23; 12; 6; 12
30,48,0.59633,0.625,5; 3; 30; 48; 25; 26; 8; 32
8,9,0.79618,0.88889,32; 40; 8; 9; 26; 4; 27; 4
13,77,0.38255,0.16883,3; 3; 13; 77; 19; 20; 32; 15
14,64,0.31696,0.21875,7; 8; 14; 64; 25; 5; 25; 22
9,10,0.81488,0.9,14; 23; 9; 10; 10; 23; 14; 12
6,82,0.36489,0.07317,4; 4; 6; 82; 18; 29; 16; 22
29,48,0.59695,0.60417,3; 7; 29; 48; 8; 9; 31; 32
6,78,0.29713,0.07692,6; 6; 6; 78; 30; 13; 21; 18
15,31,0.50398,0.48387,10; 15; 15; 31; 7; 22; 25; 32
8,10,0.80856,0.8,14; 24; 8; 10; 19; 32; 4; 17
5,9,0.82082,0.55556,15; 26; 5; 9; 20; 4; 3; 13
13,64,0.25112,0.20312,3; 7; 13; 64; 13; 6; 15; 18
41,48,0.79149,0.85417,3; 4; 41; 48; 16; 25; 30; 16
12,32,0.54874,0.375,17; 25; 12; 32; 26; 14; 19; 4
6,77,0.31209,0.07792,5; 4; 6; 77; 9; 14; 21; 22
7,77,0.3141,0.09091,3; 6; 7; 77; 15; 6; 25; 26
9,10,0.7887,0.9,4; 22; 9; 10; 16; 21; 23; 27
5,10,0.8047,0.5,20; 12; 5; 10; 28; 27; 27; 8
25,32,0.57431,0.78125,16; 3; 25; 32; 18; 28; 8; 22
10,78,0.35635,0.12821,3; 5; 10; 78; 22; 22; 4; 9
26,64,0.45921,0.40625,4; 4; 26; 64; 19; 21; 18; 30
5,10,0.79688,0.5,22; 32; 5; 10; 9; 20; 5; 18
6,75,0.22867,0.08,3; 8; 6; 75; 32; 9; 6; 20
10,75,0.31002,0.13333,6; 4; 10; 75; 13; 14; 24; 31
12,75,0.33742,0.16,3; 3; 12; 75; 7; 19; 9; 22
5,82,0.32111,0.06098,3; 3; 5; 82; 30; 12; 3; 15
21,31,0.40051,0.67742,9; 17; 21; 31; 28; 27; 18; 12
30,32,0.49984,0.9375,8; 5; 30; 32; 13; 30; 10; 15
8,10,0.84496,0.8,23; 24; 8; 10; 22; 17; 19; 9
18,63,0.36,0.28571,5; 8; 18; 63; 6; 10; 32; 17
9,77,0.34313,0.11688,4; 5; 9; 77; 21; 20; 13; 28
9,53,0.18781,0.16981,17; 8; 9; 53; 10; 28; 26; 12
8,82,0.37543,0.09756,4; 3; 8; 82; 17; 6; 13; 23
27,63,0.4743,0.42857,3; 3; 27; 63; 8; 11; 16; 10
13,31,0.54046,0.41935,15; 18; 13; 31; 17; 21; 5; 8
24,64,0.45785,0.375,4; 3; 24; 64; 7; 29; 12; 12
14,75,0.35722,0.18667,3; 3; 14; 75; 19; 27; 5; 30
17,31,0.46139,0.54839,16; 4; 17; 31; 6; 25; 9; 5
8,49,0.15698,0.16327,10; 14; 8; 49; 21; 3; 5; 11
10,78,0.34885,0.12821,3; 5; 10; 78; 26; 7; 6; 17
7,78,0.28565,0.08974,6; 5; 7; 78; 22; 6; 15; 30
13,75,0.34808,0.17333,5; 5; 13; 75; 21; 6; 3; 25
11,77,0.3486,0.14286,4; 4; 11; 77; 15; 18; 28; 7
36,53,0.65144,0.67925,4; 4; 36; 53; 24; 4; 23; 6
9,42,0.30834,0.21429,14; 14; 9; 42; 27; 11; 20; 8
9,49,0.19131,0.18367,7; 5; 9; 49; 25; 12; 17; 24
11,70,0.24899,0.15714,5; 8; 11; 70; 20; 6; 31; 27
11,77,0.33861,0.14286,3; 4; 11; 77; 6; 15; 30; 20
12,63,0.24857,0.19048,8; 6; 12; 63; 29; 8; 9; 12
38,48,0.73939,0.79167,3; 6; 38; 48; 21; 25; 19; 9
23,49,0.45748,0.46939,13; 5; 23; 49; 30; 11; 12; 12
5,10,0.83131,0.5,9; 11; 5; 10; 28; 3; 20; 4
8,42,0.45155,0.19048,18; 22; 8; 42; 24; 5; 18; 8
8,31,0.74868,0.25806,3; 7; 8; 31; 9; 16; 28; 18
21,32,0.57767,0.65625,14; 15; 21; 32; 10; 20; 20; 15
11,48,0.25897,0.22917,14; 6; 11; 48; 27; 3; 25; 5
16,63,0.31595,0.25397,5; 9; 16; 63; 26; 26; 18; 23
14,75,0.3684,0.18667,4; 3; 14; 75; 11; 23; 31; 3
15,70,0.32668,0.21429,5; 3; 15; 70; 4; 5; 22; 23
25,64,0.45528,0.39062,3; 4; 25; 64; 10; 6; 16; 9
25,49,0.49052,0.5102,10; 8; 25; 49; 20; 15; 16; 18
7,64,0.19183,0.10938,5; 6; 7; 64; 18; 10; 21; 3
11,64,0.24168,0.17188,9; 8; 11; 64; 15; 24; 12; 25
13,53,0.29211,0.24528,13; 8; 13; 53; 6; 15; 5; 20
31,48,0.61844,0.64583,7; 3; 31; 48; 6; 17; 7; 19
15,63,0.31696,0.2381,5; 8; 15; 63; 8; 22; 17; 3
8,9,0.82009,0.88889,35; 25; 8; 9; 10; 16; 26; 17
5,70,0.20049,0.07143,6; 9; 5; 70; 27; 7; 22; 32
26,32,0.52081,0.8125,8; 17; 26; 32; 16; 20; 29; 14
5,77,0.2875,0.06494,5; 7; 5; 77; 26; 9; 12; 10
24,64,0.43338,0.375,4; 3; 24; 64; 16; 4; 3; 28
12,77,0.31357,0.15584,4; 3; 12; 77; 5; 28; 24; 21
7,63,0.21456,0.11111,7; 10; 7; 63; 15; 32; 14; 11
17,32,0.59347,0.53125,22; 14; 17; 32; 3; 9; 32; 9
21,63,0.39395,0.33333,5; 6; 21; 63; 17; 6; 28; 32
20,48,0.41102,0.41667,6; 12; 20; 48; 14; 21; 13; 20
6,78,0.27469,0.07692,6; 6; 6; 78; 27; 30; 17; 13
40,49,0.79544,0.81633,4; 4; 40; 49; 11; 9; 4; 19
5,63,0.16081,0.07937,9; 6; 5; 63; 11; 27; 20; 26
6,70,0.20191,0.08571,11; 9; 6; 70; 14; 23; 8; 7
8,82,0.37146,0.09756,4; 3; 8; 82; 13; 26; 22; 30
11,78,0.35746,0.14103,4; 4; 11; 78; 19; 29; 7; 26
19,26,0.45934,0.73077,3; 7; 19; 26; 30; 32; 4; 19
16,53,0.28438,0.30189,13; 6; 16; 53; 3; 18; 17; 4
15,26,0.524,0.57692,3; 22; 15; 26; 15; 28; 18; 21
10,49,0.21226,0.20408,10; 19; 10; 49; 10; 18; 8; 8
9,31,0.63102,0.29032,14; 14; 9; 31; 30; 17; 18; 18
15,75,0.35392,0.2,4; 3; 15; 75; 3; 9; 17; 14
7,32,0.44202,0.21875,29; 9; 7; 32; 18; 25; 27; 23
13,32,0.43403,0.40625,19; 17; 13; 32; 8; 19; 11; 18
7,75,0.25481,0.09333,4; 8; 7; 75; 32; 15; 15; 24
5,48,0.15913,0.10417,12; 4; 5; 48; 27; 31; 30; 3
12,64,0.27178,0.1875,3; 7; 12; 64; 7; 32; 15; 6
13,48,0.292,0.27083,15; 13; 13; 48; 22; 26; 19; 13
6,64,0.16532,0.09375,9; 11; 6; 64; 26; 7; 29; 15
33,42,0.6749,0.78571,11; 9; 33; 42; 5; 25; 9; 31
34,53,0.6481,0.64151,3; 4; 34; 53; 28; 21; 32; 10
26,31,0.54134,0.83871,20; 20; 26; 31; 27; 3; 22; 24
5,9,0.8125,0.55556,36; 18; 5; 9; 17; 24; 26; 5
11,75,0.34911,0.14667,5; 5; 11; 75; 12; 12; 14; 8
7,78,0.28722,0.08974,6; 5; 7; 78; 31; 16; 15; 7
13,49,0.27942,0.26531,11; 6; 13; 49; 6; 9; 12; 8
6,9,0.821,0.66667,41; 15; 6; 9; 29; 11; 26; 30
12,26,0.69876,0.46154,16; 24; 12; 26; 25; 6; 27; 6
6,77,0.31347,0.07792,5; 6; 6; 77; 17; 23; 28; 4
9,63,0.21462,0.14286,10; 8; 9; 63; 28; 22; 6; 26
5,10,0.8159,0.5,13; 28; 5; 10; 31; 22; 16; 24
15,75,0.35959,0.2,4; 3; 15; 75; 19; 7; 23; 22
11,78,0.31083,0.14103,3; 4; 11; 78; 7; 31; 18; 26
7,82,0.30301,0.08537,4; 4; 7; 82; 13; 11; 6; 14
7,9,0.79857,0.77778,30; 26; 7; 9; 3; 21; 13; 21
7,9,0.81115,0.77778,30; 12; 7; 9; 19; 21; 20; 20
10,64,0.23772,0.15625,8; 10; 10; 64; 25; 29; 21; 10
19,32,0.66154,0.59375,10; 9; 19; 32; 20; 7; 24; 27
8,32,0.7011,0.25,20; 8; 8; 32; 7; 28; 18; 18
23,64,0.44398,0.35938,5; 3; 23; 64; 28; 6; 6; 19
20,31,0.5378,0.64516,18; 7; 20; 31; 22; 7; 15; 5
8,82,0.32515,0.09756,3; 4; 8; 82; 4; 14; 10; 6
29,32,0.6008,0.90625,16; 11; 29; 32; 4; 7; 3; 28
10,77,0.3324,0.12987,3; 4; 10; 77; 11; 32; 16; 8
12,70,0.27637,0.17143,6; 5; 12; 70; 4; 17; 20; 11
13,70,0.28273,0.18571,7; 4; 13; 70; 30; 27; 12; 14
19,70,0.39184,0.27143,3; 4; 19; 70; 20; 23; 13; 28
14,70,0.30314,0.2,7; 4; 14; 70; 11; 8; 6; 28
8,9,0.82623,0.88889,36; 11; 8; 9; 14; 6; 4; 19
13,64,0.26619,0.20312,3; 7; 13; 64; 21; 5; 4; 32
11,42,0.30233,0.2619,9; 3; 11; 42; 3; 22; 15; 27
18,48,0.33974,0.375,5; 6; 18; 48; 5; 14; 15; 23
8,78,0.35608,0.10256,3; 3; 8; 78; 19; 26; 26; 14
6,32,0.58549,0.1875,26; 8; 6; 32; 14; 25; 21; 17
11,64,0.25256,0.17188,10; 8; 11; 64; 25; 6; 29; 26
29,48,0.5897,0.60417,7; 5; 29; 48; 16; 15; 24; 27
15,63,0.29542,0.2381,10; 6; 15; 63; 27; 10; 24; 3
25,64,0.43303,0.39062,3; 4; 25; 64; 10; 23; 4; 14
8,10,0.81801,0.8,10; 19; 8; 10; 28; 10; 28; 6
19,48,0.37344,0.39583,9; 9; 19; 48; 32; 26; 14; 5
22,32,0.67805,0.6875,21; 12; 22; 32; 10; 27; 6; 21
29,48,0.63236,0.60417,6; 9; 29; 48; 12; 14; 16; 19
7,9,0.82685,0.77778,9; 38; 7; 9; 3; 17; 8; 28
11,77,0.36105,0.14286,4; 4; 11; 77; 15; 32; 9; 31
7,70,0.2646,0.1,3; 6; 7; 70; 20; 16; 9; 23
6,31,0.60933,0.19355,14; 27; 6; 31; 6; 18; 14; 30
15,64,0.3,0.23438,3; 3; 15; 64; 6; 12; 29; 22
8,82,0.30688,0.09756,4; 3; 8; 82; 11; 31; 3; 13
35,53,0.68373,0.66038,4; 4; 35; 53; 20; 23; 3; 20
40,49,0.78302,0.81633,4; 4; 40; 49; 10; 20; 29; 7
22,26,0.63294,0.84615,19; 21; 22; 26; 9; 3; 4; 4
6,9,0.81447,0.66667,32; 34; 6; 9; 17; 8; 10; 14
10,48,0.17837,0.20833,16; 5; 10; 48; 28; 17; 27; 21
18,70,0.38488,0.25714,4; 5; 18; 70; 3; 26; 15; 14
6,78,0.31098,0.07692,5; 3; 6; 78; 7; 8; 17; 12
9,53,0.20494,0.16981,17; 5; 9; 53; 15; 31; 18; 18
5,82,0.30236,0.06098,5; 5; 5; 82; 14; 13; 17; 11
17,48,0.3415,0.35417,8; 10; 17; 48; 25; 5; 3; 30
8,31,0.47349,0.25806,23; 18; 8; 31; 14; 31; 20; 28
11,70,0.27856,0.15714,8; 5; 11; 70; 6; 24; 29; 23
24,49,0.50175,0.4898,11; 9; 24; 49; 30; 19; 25; 10
8,31,0.76254,0.25806,14; 14; 8; 31; 12; 16; 27; 26
14,26,0.72001,0.53846,12; 27; 14; 26; 24; 22; 11; 10
11,78,0.36067,0.14103,4; 3; 11; 78; 28; 26; 6; 8
16,63,0.32665,0.25397,3; 5; 16; 63; 20; 25; 25; 16
15,53,0.31593,0.28302,14; 5; 15; 53; 30; 12; 23; 27
20,31,0.50833,0.64516,12; 23; 20; 31; 18; 21; 15; 23
27,32,0.5599,0.84375,10; 4; 27; 32; 24; 32; 25; 3
5,63,0.10685,0.07937,14; 4; 5; 63; 29; 3; 16; 4
5,82,0.27868,0.06098,3; 5; 5; 82; 18; 25; 8; 29
7,31,0.76325,0.22581,24; 8; 7; 31; 24; 26; 3; 7
5,10,0.79697,0.5,25; 24; 5; 10; 22; 30; 20; 18
5,78,0.25669,0.0641,5; 5; 5; 78; 16; 5; 28; 28
6,42,0.70874,0.14286,17; 25; 6; 42; 18; 19; 10; 13
22,53,0.39935,0.41509,7; 8; 22; 53; 9; 23; 32; 5
8,31,0.77248,0.25806,10; 15; 8; 31; 28; 27; 16; 7
15,32,0.46631,0.46875,18; 22; 15; 32; 16; 24; 18; 26
15,75,0.36761,0.2,3; 4; 15; 75; 20; 16; 5; 28
7,77,0.26346,0.09091,6; 4; 7; 77; 14; 30; 23; 23
12,26,0.5481,0.46154,9; 27; 12; 26; 6; 14; 16; 24
20,42,0.50423,0.47619,6; 13; 20; 42; 26; 31; 22; 5
18,63,0.36043,0.28571,8; 4; 18; 63; 32; 8; 19; 24
9,31,0.77916,0.29032,5; 27; 9; 31; 30; 12; 19; 8
5,10,0.81806,0.5,28; 21; 5; 10; 30; 5; 21; 18
27,32,0.63257,0.84375,4; 11; 27; 32; 20; 12; 29; 23
7,78,0.29636,0.08974,4; 4; 7; 78; 26; 17; 11; 24
13,48,0.30528,0.27083,17; 7; 13; 48; 4; 16; 12; 23
7,82,0.30948,0.08537,3; 3; 7; 82; 10; 8; 29; 6
10,42,0.31196,0.2381,16; 16; 10; 42; 10; 20; 31; 7
16,31,0.56154,0.51613,11; 24; 16; 31; 4; 32; 31; 22
13,31,0.69388,0.41935,16; 11; 13; 31; 32; 14; 18; 14
5,82,0.37123,0.06098,5; 4; 5; 82; 4; 18; 17; 19
6,82,0.36015,0.07317,4; 3; 6; 82; 29; 24; 21; 12
38,49,0.77554,0.77551,5; 5; 38; 49; 4; 18; 16; 31
5,9,0.82536,0.55556,20; 32; 5; 9; 5; 10; 6; 28
7,75,0.30387,0.09333,8; 5; 7; 75; 16; 16; 8; 7
23,31,0.58533,0.74194,14; 6; 23; 31; 5; 22; 22; 3
17,49,0.34494,0.34694,5; 11; 17; 49; 21; 29; 20; 8
6,64,0.18514,0.09375,4; 3; 6; 64; 30; 9; 9; 10
6,9,0.83601,0.66667,32; 39; 6; 9; 12; 16; 15; 5
21,63,0.38136,0.33333,7; 3; 21; 63; 10; 9; 5; 5
29,32,0.59091,0.90625,4; 13; 29; 32; 12; 32; 27; 18
7,82,0.32636,0.08537,4; 4; 7; 82; 30; 6; 16; 25
10,48,0.22796,0.20833,5; 3; 10; 48; 28; 19; 6; 3
7,48,0.16914,0.14583,8; 13; 7; 48; 28; 16; 5; 3
5,63,0.16499,0.07937,10; 4; 5; 63; 6; 6; 3; 10
18,26,0.62144,0.69231,24; 12; 18; 26; 6; 3; 18; 9
26,64,0.46958,0.40625,3; 4; 26; 64; 20; 6; 8; 7
5,82,0.31283,0.06098,5; 5; 5; 82; 17; 6; 7; 20
22,53,0.42737,0.41509,4; 8; 22; 53; 16; 32; 9; 7
7,10,0.79728,0.7,11; 27; 7; 10; 28; 8; 14; 29
6,64,0.18885,0.09375,10; 5; 6; 64; 11; 21; 18; 30
6,32,0.75179,0.1875,18; 9; 6; 32; 23; 14; 31; 17
5,63,0.16737,0.07937,8; 13; 5; 63; 29; 17; 7; 25
29,53,0.56226,0.54717,3; 5; 29; 53; 29; 19; 7; 5
12,78,0.37319,0.15385,4; 3; 12; 78; 31; 21; 3; 17
12,77,0.36332,0.15584,4; 3; 12; 77; 32; 17; 7; 19
10,78,0.32451,0.12821,4; 3; 10; 78; 6; 6; 29; 5
5,70,0.23886,0.07143,11; 11; 5; 70; 23; 3; 28; 27
14,48,0.30493,0.29167,17; 10; 14; 48; 32; 10; 3; 31
7,31,0.52687,0.22581,11; 18; 7; 31; 4; 23; 28; 24
23,48,0.4743,0.47917,4; 10; 23; 48; 17; 7; 14; 7
13,31,0.5547,0.41935,8; 6; 13; 31; 8; 4; 28; 24
6,78,0.24749,0.07692,3; 6; 6; 78; 17; 17; 31; 17
11,75,0.32179,0.14667,4; 4; 11; 75; 7; 24; 8; 30
29,42,0.60064,0.69048,11; 13; 29; 42; 13; 8; 25; 12
8,82,0.37828,0.09756,4; 4; 8; 82; 15; 7; 23; 6
25,32,0.59327,0.78125,18; 14; 25; 32; 9; 32; 23; 9
8,64,0.19359,0.125,6; 6; 8; 64; 15; 18; 19; 31
10,32,0.68728,0.3125,9; 3; 10; 32; 5; 16; 4; 30
20,70,0.40622,0.28571,3; 3; 20; 70; 4; 9; 18; 14
6,31,0.54996,0.19355,14; 29; 6; 31; 28; 30; 3; 32
22,31,0.45471,0.70968,11; 11; 22; 31; 8; 30; 9; 10
17,32,0.51127,0.53125,14; 4; 17; 32; 31; 12; 21; 29
7,75,0.30795,0.09333,5; 7; 7; 75; 24; 31; 8; 21
28,53,0.52106,0.5283,8; 6; 28; 53; 3; 10; 7; 9
8,82,0.34631,0.09756,4; 3; 8; 82; 21; 18; 19; 25
10,26,0.64558,0.38462,13; 12; 10; 26; 20; 7; 8; 10
12,32,0.57565,0.375,12; 6; 12; 32; 3; 20; 25; 4
22,49,0.44693,0.44898,12; 3; 22; 49; 13; 19; 18; 15
22,63,0.40345,0.34921,5; 3; 22; 63; 5; 6; 27; 10
17,53,0.30652,0.32075,14; 6; 17; 53; 26; 19; 17; 28
9,78,0.33921,0.11538,5; 3; 9; 78; 19; 17; 8; 30
16,64,0.3564,0.25,7; 5; 16; 64; 11; 12; 23; 19
6,31,0.6557,0.19355,3; 26; 6; 31; 16; 18; 29; 25
5,70,0.19771,0.07143,4; 7; 5; 70; 32; 3; 31; 17
6,82,0.35516,0.07317,5; 3; 6; 82; 19; 9; 20; 24
5,77,0.20861,0.06494,8; 3; 5; 77; 9; 13; 10; 3
5,9,0.8323,0.55556,32; 38; 5; 9; 23; 5; 30; 13
6,9,0.83077,0.66667,10; 22; 6; 9; 14; 23; 14; 3
9,77,0.29718,0.11688,6; 3; 9; 77; 5; 16; 30; 28
23,31,0.57132,0.74194,22; 10; 23; 31; 9; 31; 11; 20
7,82,0.33136,0.08537,4; 4; 7; 82; 19; 4; 27; 27
6,10,0.81701,0.6,27; 29; 6; 10; 19; 7; 7; 9
23,53,0.44741,0.43396,3; 7; 23; 53; 29; 7; 16; 11
14,26,0.64269,0.53846,27; 23; 14; 26; 11; 4; 12; 16
24,53,0.42858,0.45283,10; 6; 24; 53; 13; 26; 15; 22
12,78,0.3684,0.15385,4; 4; 12; 78; 28; 5; 20; 31
6,10,0.80936,0.6,41; 11; 6; 10; 24; 23; 28; 5
21,26,0.64662,0.80769,12; 24; 21; 26; 27; 14; 22; 27
6,31,0.46293,0.19355,23; 3; 6; 31; 26; 7; 25; 6
29,31,0.64773,0.93548,7; 4; 29; 31; 17; 13; 21; 20
26,49,0.52465,0.53061,9; 9; 26; 49; 11; 16; 11; 7
21,48,0.4461,0.4375,7; 5; 21; 48; 16; 9; 32; 28
9,77,0.33792,0.11688,5; 6; 9; 77; 3; 4; 22; 12
27,42,0.53768,0.64286,14; 11; 27; 42; 12; 5; 4; 10
8,49,0.22814,0.16327,12; 20; 8; 49; 25; 30; 29; 11
16,70,0.3567,0.22857,3; 5; 16; 70; 18; 3; 30; 30
17,70,0.39964,0.24286,3; 4; 17; 70; 29; 4; 25; 7
13,75,0.3061,0.17333,3; 3; 13; 75; 15; 24; 23; 9
17,70,0.38564,0.24286,4; 4; 17; 70; 27; 3; 6; 25
7,10,0.83148,0.7,4; 38; 7; 10; 22; 14; 6; 8
7,77,0.27089,0.09091,5; 4; 7; 77; 13; 9; 12; 18
7,77,0.24051,0.09091,7; 5; 7; 77; 32; 13; 21; 15
18,64,0.36543,0.28125,7; 5; 18; 64; 13; 14; 8; 9
14,75,0.36187,0.18667,3; 3; 14; 75; 19; 7; 25; 19
14,48,0.32495,0.29167,10; 11; 14; 48; 28; 24; 6; 4
17,42,0.39655,0.40476,9; 19; 17; 42; 26; 10; 16; 13
14,63,0.29505,0.22222,5; 3; 14; 63; 4; 13; 3; 30
20,42,0.42347,0.47619,16; 5; 20; 42; 11; 3; 8; 11
7,78,0.32799,0.08974,6; 6; 7; 78; 32; 32; 5; 3
17,64,0.31173,0.26562,5; 7; 17; 64; 6; 25; 17; 9
6,10,0.82288,0.6,34; 4; 6; 10; 21; 23; 22; 12
9,42,0.26107,0.21429,12; 4; 9; 42; 8; 17; 28; 28
36,49,0.71261,0.73469,4; 3; 36; 49; 25; 6; 12; 19
7,77,0.27248,0.09091,7; 5; 7; 77; 16; 3; 17; 7
7,75,0.25724,0.09333,7; 8; 7; 75; 18; 13; 29; 9
40,42,0.74657,0.95238,4; 4; 40; 42; 30; 19; 18; 26
23,32,0.55011,0.71875,19; 15; 23; 32; 6; 28; 14; 6
7,9,0.81085,0.77778,7; 25; 7; 9; 26; 32; 14; 12
6,77,0.22319,0.07792,3; 5; 6; 77; 25; 20; 3; 23
10,77,0.34409,0.12987,5; 5; 10; 77; 32; 17; 5; 17
21,31,0.72315,0.67742,4; 4; 21; 31; 23; 15; 20; 9
9,49,0.19587,0.18367,10; 9; 9; 49; 23; 12; 6; 7
36,42,0.68691,0.85714,9; 4; 36; 42; 10; 25; 3; 4
6,70,0.25299,0.08571,9; 3; 6; 70; 5; 6; 28; 10
13,77,0.3614,0.16883,3; 3; 13; 77; 28; 9; 6; 16
31,53,0.60538,0.58491,3; 6; 31; 53; 29; 4; 6; 13
39,49,0.74806,0.79592,4; 3; 39; 49; 12; 29; 14; 16
9,26,0.56297,0.34615,11; 22; 9; 26; 19; 10; 10; 13
6,42,0.26236,0.14286,20; 9; 6; 42; 23; 20; 24; 9
18,70,0.40323,0.25714,5; 3; 18; 70; 11; 23; 22; 11
18,49,0.3705,0.36735,7; 9; 18; 49; 25; 16; 12; 32
7,9,0.80185,0.77778,8; 29; 7; 9; 11; 7; 29; 18
8,10,0.79784,0.8,14; 38; 8; 10; 7; 32; 6; 11
9,78,0.31666,0.11538,3; 3; 9; 78; 5; 13; 14; 7
6,42,0.22796,0.14286,25; 3; 6; 42; 26; 20; 22; 9
39,49,0.76025,0.79592,4; 5; 39; 49; 24; 14; 29; 30
8,82,0.35075,0.09756,3; 3; 8; 82; 15; 10; 15; 5
8,9,0.8232,0.88889,30; 5; 8; 9; 27; 29; 20; 9
15,26,0.68687,0.57692,26; 27; 15; 26; 18; 29; 24; 11
12,31,0.69464,0.3871,18; 13; 12; 31; 28; 22; 3; 24
27,31,0.57813,0.87097,8; 13; 27; 31; 30; 6; 11; 3
7,42,0.22486,0.16667,4; 22; 7; 42; 31; 10; 10; 25
9,64,0.21734,0.14062,4; 8; 9; 64; 12; 6; 24; 10
8,77,0.29495,0.1039,5; 5; 8; 77; 7; 19; 23; 18
6,9,0.81288,0.66667,26; 6; 6; 9; 15; 29; 11; 25
7,53,0.1864,0.13208,10; 17; 7; 53; 32; 4; 21; 27
23,31,0.43516,0.74194,5; 20; 23; 31; 27; 25; 8; 26
7,77,0.29058,0.09091,6; 5; 7; 77; 11; 27; 10; 9
13,63,0.27842,0.20635,7; 10; 13; 63; 25; 9; 4; 32
20,26,0.66446,0.76923,4; 6; 20; 26; 15; 18; 14; 10
24,64,0.46094,0.375,5; 4; 24; 64; 12; 30; 11; 32
20,49,0.38684,0.40816,14; 6; 20; 49; 3; 4; 14; 14
20,48,0.41774,0.41667,14; 15; 20; 48; 26; 23; 31; 12
11,75,0.31755,0.14667,3; 5; 11; 75; 12; 14; 19; 22
13,53,0.26131,0.24528,6; 6; 13; 53; 8; 32; 10; 20
18,53,0.35349,0.33962,10; 12; 18; 53; 23; 14; 3; 22
6,78,0.3097,0.07692,3; 5; 6; 78; 4; 19; 23; 18
11,78,0.35279,0.14103,4; 3; 11; 78; 18; 24; 5; 21
8,64,0.20717,0.125,6; 6; 8; 64; 22; 22; 20; 18
8,75,0.27468,0.10667,5; 7; 8; 75; 28; 3; 21; 6
35,53,0.6708,0.66038,4; 4; 35; 53; 15; 31; 12; 19
11,75,0.31819,0.14667,5; 6; 11; 75; 15; 13; 24; 29
30,32,0.56589,0.9375,5; 17; 30; 32; 7; 5; 22; 24
19,32,0.52658,0.59375,4; 6; 19; 32; 12; 21; 4; 3
29,31,0.56871,0.93548,11; 5; 29; 31; 19; 18; 27; 6
6,82,0.27624,0.07317,3; 4; 6; 82; 18; 13; 16; 30
13,64,0.2849,0.20312,4; 4; 13; 64; 4; 27; 17; 3
5,77,0.29463,0.06494,8; 4; 5; 77; 8; 18; 3; 32
6,9,0.80839,0.66667,5; 3; 6; 9; 28; 3; 4; 17
8,78,0.30614,0.10256,6; 6; 8; 78; 29; 6; 10; 7
19,53,0.36775,0.35849,8; 12; 19; 53; 13; 4; 18; 24
13,32,0.49974,0.40625,17; 6; 13; 32; 32; 7; 26; 22
12,78,0.35879,0.15385,4; 3; 12; 78; 3; 20; 13; 29
6,82,0.37587,0.07317,5; 3; 6; 82; 21; 20; 17; 17
7,82,0.31869,0.08537,4; 3; 7; 82; 14; 29; 18; 32
21,49,0.40634,0.42857,8; 10; 21; 49; 13; 30; 31; 15
7,75,0.28669,0.09333,4; 6; 7; 75; 30; 3; 20; 26
16,53,0.30067,0.30189,13; 5; 16; 53; 24; 31; 7; 18
22,26,0.46905,0.84615,19; 16; 22; 26; 28; 11; 23; 3
18,70,0.4104,0.25714,3; 5; 18; 70; 26; 24; 22; 3
8,10,0.78902,0.8,38; 36; 8; 10; 23; 25; 23; 4
12,78,0.37815,0.15385,3; 4; 12; 78; 18; 9; 22; 3
8,9,0.82682,0.88889,8; 12; 8; 9; 16; 16; 5; 28
13,49,0.31796,0.26531,3; 4; 13; 49; 27; 7; 15; 30
23,32,0.64475,0.71875,8; 16; 23; 32; 10; 5; 15; 4
18,63,0.33637,0.28571,5; 5; 18; 63; 29; 4; 4; 12
22,64,0.42845,0.34375,6; 4; 22; 64; 25; 29; 12; 20
18,70,0.43092,0.25714,4; 4; 18; 70; 9; 7; 7; 22
8,10,0.82107,0.8,17; 20; 8; 10; 20; 3; 12; 21
27,63,0.48465,0.42857,3; 4; 27; 63; 13; 20; 13; 6
6,82,0.33071,0.07317,4; 4; 6; 82; 25; 11; 22; 3
9,78,0.34672,0.11538,4; 3; 9; 78; 11; 16; 5; 18
6,82,0.26049,0.07317,4; 3; 6; 82; 15; 30; 17; 17
20,70,0.41371,0.28571,4; 4; 20; 70; 3; 12; 25; 32
8,82,0.32309,0.09756,3; 4; 8; 82; 4; 29; 15; 4
17,26,0.55681,0.65385,27; 13; 17; 26; 25; 11; 24; 10
30,53,0.56102,0.56604,4; 4; 30; 53; 18; 6; 10; 23
33,49,0.66799,0.67347,8; 3; 33; 49; 3; 11; 16; 31
5,9,0.81098,0.55556,37; 37; 5; 9; 3; 14; 6; 24
18,63,0.35041,0.28571,6; 3; 18; 63; 12; 3; 26; 29
8,9,0.81888,0.88889,11; 39; 8; 9; 30; 18; 18; 27
17,26,0.53944,0.65385,9; 27; 17; 26; 14; 13; 17; 31
10,64,0.22086,0.15625,11; 3; 10; 64; 16; 21; 25; 25
10,70,0.22454,0.14286,9; 3; 10; 70; 8; 20; 30; 26
12,78,0.36424,0.15385,4; 3; 12; 78; 3; 22; 9; 26
19,70,0.41431,0.27143,4; 3; 19; 70; 14; 9; 23; 8
14,26,0.56254,0.53846,11; 10; 14; 26; 28; 5; 23; 10
5,26,0.62119,0.19231,18; 33; 5; 26; 21; 16; 15; 24
25,26,0.53964,0.96154,10; 16; 25; 26; 6; 17; 22; 32
32,48,0.62548,0.66667,4; 7; 32; 48; 10; 9; 24; 6
11,63,0.27364,0.1746,7; 11; 11; 63; 29; 32; 3; 25
21,31,0.52252,0.67742,16; 22; 21; 31; 11; 15; 5; 10
35,49,0.69455,0.71429,7; 6; 35; 49; 9; 32; 3; 8
6,31,0.78655,0.19355,8; 21; 6; 31; 3; 19; 24; 18
5,49,0.18797,0.10204,13; 9; 5; 49; 29; 8; 10; 3
25,63,0.46041,0.39683,5; 3; 25; 63; 26; 8; 8; 27
23,64,0.43475,0.35938,5; 3; 23; 64; 24; 6; 14; 12
10,70,0.25872,0.14286,9; 4; 10; 70; 14; 9; 9; 13
14,63,0.2806,0.22222,5; 7; 14; 63; 3; 26; 7; 32
27,31,0.51954,0.87097,13; 16; 27; 31; 17; 22; 32; 5
7,9,0.81211,0.77778,4; 27; 7; 9; 5; 25; 30; 8
9,75,0.28073,0.12,5; 3; 9; 75; 24; 29; 8; 13
16,31,0.59076,0.51613,11; 19; 16; 31; 12; 22; 17; 28
8,48,0.21231,0.16667,20; 7; 8; 48; 13; 26; 23; 24
30,32,0.63755,0.9375,11; 16; 30; 32; 23; 17; 6; 13
10,78,0.35636,0.12821,3; 5; 10; 78; 5; 32; 16; 23
8,77,0.31733,0.1039,6; 5; 8; 77; 14; 4; 32; 15
27,31,0.61256,0.87097,3; 4; 27; 31; 32; 11; 22; 24
24,31,0.57518,0.77419,4; 14; 24; 31; 18; 8; 30; 15
20,49,0.41986,0.40816,7; 8; 20; 49; 32; 12; 23; 24
38,42,0.69139,0.90476,9; 5; 38; 42; 21; 3; 22; 17
15,49,0.31888,0.30612,6; 5; 15; 49; 9; 27; 26; 31
12,70,0.33224,0.17143,6; 6; 12; 70; 26; 21; 29; 11
7,64,0.21048,0.10938,11; 10; 7; 64; 7; 7; 16; 16
19,42,0.48661,0.45238,14; 11; 19; 42; 15; 7; 27; 15
10,78,0.35262,0.12821,3; 4; 10; 78; 29; 9; 17; 15
12,42,0.39026,0.28571,17; 17; 12; 42; 24; 4; 9; 31
13,70,0.36067,0.18571,3; 7; 13; 70; 7; 31; 5; 26
11,53,0.22827,0.20755,7; 8; 11; 53; 5; 19; 21; 20
8,82,0.33987,0.09756,4; 4; 8; 82; 23; 9; 20; 22
6,77,0.2429,0.07792,6; 7; 6; 77; 12; 4; 18; 26
8,9,0.81405,0.88889,19; 38; 8; 9; 3; 15; 27; 25
26,42,0.55832,0.61905,13; 6; 26; 42; 32; 14; 10; 29
9,78,0.27746,0.11538,4; 4; 9; 78; 5; 5; 14; 17
14,75,0.35399,0.18667,3; 3; 14; 75; 27; 21; 10; 8
16,70,0.33018,0.22857,4; 6; 16; 70; 6; 31; 27; 17
9,78,0.26313,0.11538,3; 4; 9; 78; 23; 11; 19; 17
6,78,0.25544,0.07692,6; 4; 6; 78; 26; 16; 10; 3
14,31,0.50086,0.45161,22; 25; 14; 31; 12; 8; 14; 19
14,31,0.48744,0.45161,3; 11; 14; 31; 27; 6; 6; 3
9,64,0.22948,0.14062,3; 7; 9; 64; 18; 25; 17; 4
7,31,0.57761,0.22581,22; 23; 7; 31; 32; 5; 29; 15
26,63,0.45904,0.4127,4; 4; 26; 63; 15; 8; 27; 19
5,82,0.30583,0.06098,4; 3; 5; 82; 9; 14; 31; 8
21,31,0.61264,0.67742,20; 18; 21; 31; 30; 6; 20; 29
6,9,0.81094,0.66667,31; 5; 6; 9; 13; 29; 15; 21
10,70,0.30153,0.14286,9; 9; 10; 70; 22; 14; 6; 11
5,32,0.75221,0.15625,14; 26; 5; 32; 30; 27; 15; 9
12,77,0.31867,0.15584,4; 3; 12; 77; 4; 11; 26; 4
26,32,0.58802,0.8125,13; 7; 26; 32; 7; 20; 32; 27
16,26,0.57565,0.61538,22; 16; 16; 26; 10; 32; 5; 11
22,26,0.49339,0.84615,10; 14; 22; 26; 27; 13; 6; 12
21,26,0.64287,0.80769,22; 3; 21; 26; 13; 15; 24; 32
5,64,0.15732,0.07812,10; 7; 5; 64; 21; 30; 25; 4
15,64,0.28703,0.23438,4; 8; 15; 64; 27; 15; 10; 21
10,77,0.36231,0.12987,3; 5; 10; 77; 23; 15; 28; 26
11,78,0.3225,0.14103,4; 3; 11; 78; 15; 25; 20; 30
23,42,0.47803,0.54762,12; 8; 23; 42; 13; 28; 13; 27
22,64,0.41422,0.34375,4; 5; 22; 64; 26; 22; 11; 12
12,53,0.25862,0.22642,10; 13; 12; 53; 22; 19; 26; 21
34,42,0.64681,0.80952,11; 11; 34; 42; 22; 23; 24; 5
22,49,0.4292,0.44898,8; 6; 22; 49; 5; 23; 31; 26
22,48,0.44771,0.45833,6; 4; 22; 48; 29; 15; 7; 23
37,49,0.72052,0.7551,6; 6; 37; 49; 27; 20; 23; 18
9,10,0.84258,0.9,35; 35; 9; 10; 9; 23; 23; 27
38,42,0.70111,0.90476,5; 3; 38; 42; 12; 7; 16; 32
9,77,0.35721,0.11688,6; 5; 9; 77; 31; 5; 26; 27
35,42,0.65606,0.83333,4; 6; 35; 42; 4; 16; 20; 24
7,63,0.1677,0.11111,6; 10; 7; 63; 8; 9; 16; 11
8,82,0.3248,0.09756,3; 4; 8; 82; 6; 19; 6; 14
18,26,0.49573,0.69231,15; 27; 18; 26; 3; 8; 23; 28
8,82,0.35059,0.09756,3; 4; 8; 82; 6; 11; 12; 9
12,64,0.25069,0.1875,9; 9; 12; 64; 11; 7; 20; 6
8,10,0.81135,0.8,14; 35; 8; 10; 5; 30; 21; 6
6,49,0.17041,0.12245,4; 3; 6; 49; 7; 22; 32; 20
13,77,0.37041,0.16883,4; 4; 13; 77; 9; 9; 7; 5
15,64,0.31512,0.23438,9; 4; 15; 64; 10; 16; 22; 30
12,77,0.36091,0.15584,4; 4; 12; 77; 18; 10; 26; 29
16,63,0.31975,0.25397,5; 7; 16; 63; 10; 15; 6; 25
13,70,0.33803,0.18571,7; 3; 13; 70; 25; 3; 11; 23
11,75,0.33501,0.14667,4; 6; 11; 75; 31; 25; 8; 30
13,64,0.25772,0.20312,3; 10; 13; 64; 19; 14; 28; 20
5,31,0.75855,0.16129,30; 4; 5; 31; 13; 22; 31; 26
20,70,0.41826,0.28571,3; 4; 20; 70; 27; 32; 22; 14
18,32,0.55877,0.5625,9; 3; 18; 32; 3; 20; 31; 25
6,82,0.34746,0.07317,3; 3; 6; 82; 7; 11; 28; 9
11,64,0.24803,0.17188,5; 6; 11; 64; 7; 6; 31; 10
5,48,0.14678,0.10417,12; 7; 5; 48; 26; 13; 29; 25
6,70,0.16537,0.08571,3; 9; 6; 70; 22; 24; 11; 30
20,70,0.40465,0.28571,3; 3; 20; 70; 10; 7; 30; 5
34,42,0.70187,0.80952,11; 9; 34; 42; 29; 22; 27; 19
34,49,0.6623,0.69388,4; 4; 34; 49; 24; 5; 29; 8
16,70,0.38897,0.22857,6; 4; 16; 70; 6; 29; 7; 9
18,48,0.35876,0.375,3; 5; 18; 48; 12; 25; 23; 9
31,42,0.6273,0.7381,9; 4; 31; 42; 26; 15; 22; 31
23,63,0.43291,0.36508,6; 4; 23; 63; 7; 8; 14; 22
15,63,0.31784,0.2381,10; 6; 15; 63; 32; 27; 8; 26
5,42,0.24056,0.11905,8; 6; 5; 42; 11; 12; 32; 11
35,48,0.69832,0.72917,5; 6; 35; 48; 5; 14; 29; 26
7,82,0.30868,0.08537,4; 3; 7; 82; 12; 6; 26; 15
5,75,0.23151,0.06667,4; 5; 5; 75; 32; 26; 27; 4
9,10,0.81039,0.9,20; 12; 9; 10; 16; 3; 32; 4
9,78,0.35826,0.11538,3; 3; 9; 78; 10; 27; 22; 14
5,70,0.21218,0.07143,11; 8; 5; 70; 15; 9; 8; 3
34,48,0.68724,0.70833,8; 8; 34; 48; 30; 15; 26; 14
13,75,0.33333,0.17333,4; 4; 13; 75; 11; 16; 3; 21
15,26,0.5731,0.57692,18; 28; 15; 26; 11; 11; 6; 10
5,82,0.30876,0.06098,3; 3; 5; 82; 31; 8; 23; 24
21,53,0.42992,0.39623,4; 7; 21; 53; 29; 16; 30; 5
6,10,0.81506,0.6,26; 37; 6; 10; 24; 20; 18; 15
22,26,0.54004,0.84615,23; 16; 22; 26; 3; 28; 32; 17
14,63,0.28178,0.22222,10; 4; 14; 63; 8; 7; 3; 19
25,31,0.68291,0.80645,10; 21; 25; 31; 22; 17; 10; 12
9,77,0.28376,0.11688,6; 6; 9; 77; 31; 17; 4; 18
9,64,0.21318,0.14062,9; 5; 9; 64; 29; 4; 23; 6
10,77,0.33233,0.12987,3; 4; 10; 77; 6; 23; 18; 29
13,75,0.33632,0.17333,3; 3; 13; 75; 3; 5; 16; 9
5,82,0.30562,0.06098,3; 5; 5; 82; 12; 19; 14; 23
18,26,0.47503,0.69231,5; 12; 18; 26; 27; 3; 30; 31
8,9,0.77797,0.88889,32; 35; 8; 9; 7; 13; 29; 15
10,63,0.23241,0.15873,8; 11; 10; 63; 12; 31; 6; 15
7,82,0.3701,0.08537,3; 4; 7; 82; 6; 21; 30; 13
22,64,0.45222,0.34375,6; 5; 22; 64; 27; 24; 24; 9
22,48,0.45323,0.45833,5; 3; 22; 48; 5; 9; 4; 28
15,31,0.59569,0.48387,3; 24; 15; 31; 5; 3; 14; 12
6,75,0.28171,0.08,6; 3; 6; 75; 6; 9; 24; 10
8,10,0.78402,0.8,22; 12; 8; 10; 20; 24; 6; 18
34,48,0.68051,0.70833,8; 7; 34; 48; 23; 20; 14; 7
10,64,0.26651,0.15625,8; 4; 10; 64; 22; 15; 8; 24
9,70,0.22889,0.12857,4; 5; 9; 70; 10; 25; 23; 5
13,31,0.77861,0.41935,19; 23; 13; 31; 3; 29; 12; 3
34,49,0.69276,0.69388,4; 6; 34; 49; 18; 25; 16; 10
7,10,0.79647,0.7,12; 31; 7; 10; 24; 12; 9; 23
13,42,0.3339,0.30952,13; 18; 13; 42; 12; 14; 23; 4
6,10,0.81378,0.6,39; 20; 6; 10; 26; 26; 11; 22
29,53,0.55789,0.54717,8; 3; 29; 53; 23; 11; 9; 30
12,49,0.25986,0.2449,13; 10; 12; 49; 18; 7; 32; 25
13,42,0.3638,0.30952,7; 4; 13; 42; 27; 11; 22; 20
28,53,0.51183,0.5283,4; 8; 28; 53; 12; 15; 9; 32
10,75,0.30028,0.13333,3; 3; 10; 75; 10; 19; 8; 18
6,82,0.3413,0.07317,5; 4; 6; 82; 9; 24; 13; 5
16,31,0.55552,0.51613,19; 14; 16; 31; 12; 4; 26; 17
10,31,0.77095,0.32258,14; 3; 10; 31; 30; 18; 25; 20
6,10,0.83452,0.6,5; 8; 6; 10; 7; 28; 21; 16
5,82,0.36204,0.06098,5; 5; 5; 82; 12; 15; 15; 31
23,32,0.55086,0.71875,7; 6; 23; 32; 14; 15; 32; 21
15,53,0.28311,0.28302,7; 11; 15; 53; 8; 9; 15; 12
11,70,0.29656,0.15714,6; 5; 11; 70; 5; 17; 21; 11
9,75,0.29498,0.12,3; 7; 9; 75; 4; 25; 25; 18
13,64,0.25651,0.20312,5; 4; 13; 64; 3; 24; 31; 11
8,10,0.79048,0.8,12; 7; 8; 10; 25; 19; 31; 9
8,10,0.81707,0.8,17; 8; 8; 10; 17; 13; 25; 23
12,78,0.3893,0.15385,3; 4; 12; 78; 11; 25; 28; 22
31,32,0.5953,0.96875,15; 5; 31; 32; 32; 19; 9; 32
6,10,0.82083,0.6,16; 34; 6; 10; 11; 6; 12; 3
19,48,0.39897,0.39583,8; 11; 19; 48; 8; 12; 24; 13
19,64,0.35145,0.29688,4; 4; 19; 64; 18; 18; 24; 14
9,10,0.77942,0.9,29; 3; 9; 10; 19; 22; 24; 21
22,26,0.59659,0.84615,16; 9; 22; 26; 17; 18; 30; 11
23,53,0.42424,0.43396,9; 11; 23; 53; 8; 10; 21; 26
18,70,0.40222,0.25714,3; 4; 18; 70; 3; 20; 21; 6
9,42,0.31621,0.21429,11; 18; 9; 42; 21; 6; 21; 6
5,77,0.30272,0.06494,7; 3; 5; 77; 11; 13; 32; 21
15,75,0.36569,0.2,3; 3; 15; 75; 21; 8; 25; 8
15,42,0.41108,0.35714,6; 20; 15; 42; 23; 19; 8; 12
8,82,0.33978,0.09756,4; 4; 8; 82; 21; 7; 24; 20
10,42,0.2767,0.2381,7; 4; 10; 42; 8; 32; 26; 26
13,75,0.35692,0.17333,4; 5; 13; 75; 11; 22; 3; 25
7,26,0.61317,0.26923,5; 8; 7; 26; 3; 26; 32; 22
10,26,0.70406,0.38462,26; 24; 10; 26; 25; 25; 11; 17
21,32,0.52737,0.65625,17; 14; 21; 32; 30; 9; 16; 31
6,9,0.83045,0.66667,18; 35; 6; 9; 30; 14; 30; 8
6,82,0.28946,0.07317,4; 3; 6; 82; 13; 15; 22; 15
16,31,0.61933,0.51613,20; 12; 16; 31; 20; 7; 31; 8
5,70,0.22509,0.07143,4; 10; 5; 70; 23; 17; 21; 12
20,64,0.38474,0.3125,7; 3; 20; 64; 20; 16; 3; 18
28,32,0.50402,0.875,10; 4; 28; 32; 30; 26; 9; 13
38,49,0.73531,0.77551,5; 5; 38; 49; 9; 31; 25; 19
9,75,0.27935,0.12,5; 5; 9; 75; 23; 21; 4; 30
5,82,0.3452,0.06098,3; 4; 5; 82; 6; 7; 26; 5
8,82,0.33876,0.09756,3; 3; 8; 82; 26; 16; 11; 21
10,31,0.51828,0.32258,15; 3; 10; 31; 21; 26; 20; 19
13,42,0.34112,0.30952,3; 5; 13; 42; 31; 16; 15; 30
22,64,0.38597,0.34375,6; 3; 22; 64; 23; 4; 3; 25
6,9,0.82824,0.66667,3; 19; 6; 9; 21; 32; 30; 8
7,9,0.81795,0.77778,24; 23; 7; 9; 8; 4; 13; 18
27,32,0.48705,0.84375,4; 4; 27; 32; 29; 8; 27; 26
21,32,0.589,0.65625,4; 3; 21; 32; 9; 32; 8; 16
13,26,0.70045,0.5,21; 27; 13; 26; 32; 8; 17; 11
40,42,0.73002,0.95238,7; 3; 40; 42; 32; 18; 32; 9
12,75,0.34667,0.16,3; 4; 12; 75; 22; 7; 27; 16
11,77,0.34115,0.14286,5; 4; 11; 77; 5; 17; 25; 21
7,9,0.81432,0.77778,22; 32; 7; 9; 13; 7; 14; 31
25,42,0.49496,0.59524,8; 4; 25; 42; 23; 10; 23; 3
6,70,0.2232,0.08571,6; 9; 6; 70; 26; 27; 5; 28
5,77,0.23894,0.06494,4; 6; 5; 77; 13; 25; 6; 16
7,10,0.82363,0.7,7; 7; 7; 10; 18; 17; 31; 30
5,9,0.83293,0.55556,10; 10; 5; 9; 14; 5; 12; 22
23,64,0.44278,0.35938,3; 3; 23; 64; 6; 15; 22; 14
9,32,0.71165,0.28125,23; 20; 9; 32; 14; 16; 17; 31
30,48,0.6013,0.625,8; 6; 30; 48; 26; 23; 20; 9
27,32,0.49674,0.84375,8; 10; 27; 32; 22; 26; 26; 9
11,32,0.63494,0.34375,4; 9; 11; 32; 22; 32; 30; 3
7,9,0.8313,0.77778,24; 5; 7; 9; 19; 24; 26; 24
18,63,0.33822,0.28571,6; 5; 18; 63; 18; 17; 25; 9
9,75,0.31654,0.12,7; 3; 9; 75; 20; 17; 24; 14
11,78,0.35023,0.14103,4; 4; 11; 78; 21; 14; 20; 21
6,9,0.83998,0.66667,25; 22; 6; 9; 12; 18; 26; 28
5,26,0.65896,0.19231,6; 15; 5; 26; 17; 29; 19; 28
14,75,0.34544,0.18667,3; 3; 14; 75; 16; 15; 15; 6
14,26,0.62652,0.53846,4; 23; 14; 26; 4; 32; 16; 22
30,53,0.56202,0.56604,3; 3; 30; 53; 25; 22; 11; 8
20,42,0.48687,0.47619,12; 4; 20; 42; 18; 13; 28; 24
8,77,0.27982,0.1039,6; 6; 8; 77; 32; 6; 7; 10
11,49,0.24279,0.22449,11; 13; 11; 49; 25; 10; 15; 15
8,63,0.16961,0.12698,9; 5; 8; 63; 13; 32; 9; 11
11,26,0.56416,0.42308,14; 18; 11; 26; 31; 22; 11; 27
7,78,0.32784,0.08974,4; 3; 7; 78; 11; 3; 31; 18
26,63,0.46417,0.4127,3; 3; 26; 63; 27; 4; 29; 18
5,82,0.28888,0.06098,5; 3; 5; 82; 10; 13; 29; 20
21,63,0.4029,0.33333,3; 3; 21; 63; 3; 7; 31; 28
8,64,0.19647,0.125,12; 4; 8; 64; 13; 25; 24; 20
11,53,0.22714,0.20755,8; 10; 11; 53; 10; 28; 25; 3
33,48,0.64999,0.6875,4; 6; 33; 48; 7; 5; 22; 32
10,75,0.29712,0.13333,6; 4; 10; 75; 16; 12; 10; 9
9,10,0.81135,0.9,9; 5; 9; 10; 7; 6; 19; 14
31,32,0.60253,0.96875,6; 13; 31; 32; 22; 30; 11; 20
24,31,0.58667,0.77419,17; 10; 24; 31; 14; 16; 4; 27
5,64,0.17039,0.07812,12; 10; 5; 64; 5; 29; 31; 16
33,42,0.64785,0.78571,9; 3; 33; 42; 4; 30; 17; 27
14,63,0.28569,0.22222,5; 8; 14; 63; 15; 17; 8; 7
7,78,0.24427,0.08974,3; 6; 7; 78; 12; 5; 28; 20
5,82,0.32271,0.06098,4; 3; 5; 82; 21; 3; 28; 21
5,10,0.83568,0.5,17; 4; 5; 10; 21; 32; 13; 19
7,31,0.57986,0.22581,22; 28; 7; 31; 22; 18; 12; 18
12,70,0.26724,0.17143,6; 7; 12; 70; 26; 19; 20; 16
9,64,0.20351,0.14062,12; 3; 9; 64; 7; 31; 16; 5
21,64,0.41697,0.32812,5; 6; 21; 64; 14; 30; 11; 25
24,63,0.46137,0.38095,5; 5; 24; 63; 10; 7; 22; 31
21,63,0.40238,0.33333,4; 6; 21; 63; 7; 18; 3; 18
24,32,0.51935,0.75,16; 5; 24; 32; 8; 24; 32; 24
27,42,0.56491,0.64286,5; 12; 27; 42; 3; 9; 16; 16
38,42,0.69433,0.90476,4; 5; 38; 42; 13; 17; 12; 12
9,26,0.79321,0.34615,7; 22; 9; 26; 24; 5; 23; 15
15,64,0.31603,0.23438,4; 7; 15; 64; 10; 6; 24; 19
13,70,0.26982,0.18571,6; 4; 13; 70; 5; 20; 24; 20
8,9,0.80049,0.88889,19; 32; 8; 9; 23; 9; 24; 7
8,10,0.8168,0.8,31; 39; 8; 10; 22; 31; 14; 19
32,49,0.61423,0.65306,3; 4; 32; 49; 6; 20; 16; 28
8,9,0.80982,0.88889,15; 29; 8; 9; 4; 18; 28; 12
8,78,0.30159,0.10256,3; 6; 8; 78; 10; 27; 5; 14
7,42,0.2847,0.16667,19; 3; 7; 42; 7; 14; 10; 30
20,70,0.42143,0.28571,3; 3; 20; 70; 25; 22; 18; 3
8,31,0.75609,0.25806,6; 23; 8; 31; 7; 5; 11; 11
13,77,0.36453,0.16883,4; 4; 13; 77; 26; 13; 18; 29
6,26,0.76597,0.23077,21; 28; 6; 26; 12; 21; 13; 26
34,53,0.63621,0.64151,5; 4; 34; 53; 7; 22; 3; 6
18,48,0.37375,0.375,8; 12; 18; 48; 12; 27; 23; 32
16,63,0.33969,0.25397,5; 3; 16; 63; 21; 29; 15; 30
15,48,0.31573,0.3125,9; 13; 15; 48; 8; 31; 18; 26
21,31,0.69429,0.67742,9; 5; 21; 31; 17; 24; 11; 28
12,77,0.3654,0.15584,4; 4; 12; 77; 7; 32; 20; 32
18,70,0.38343,0.25714,5; 4; 18; 70; 23; 32; 9; 13
21,63,0.38408,0.33333,3; 5; 21; 63; 28; 31; 18; 17
20,64,0.4071,0.3125,7; 4; 20; 64; 14; 21; 28; 24
7,82,0.38031,0.08537,4; 4; 7; 82; 22; 19; 16; 16
26,49,0.50771,0.53061,4; 3; 26; 49; 9; 5; 7; 16
8,9,0.81477,0.88889,11; 9; 8; 9; 14; 28; 4; 3
8,82,0.36065,0.09756,4; 3; 8; 82; 3; 15; 21; 28
12,77,0.35177,0.15584,4; 3; 12; 77; 18; 15; 11; 5
21,26,0.50783,0.80769,3; 13; 21; 26; 12; 19; 15; 24
14,48,0.28451,0.29167,3; 12; 14; 48; 17; 4; 27; 31
7,78,0.2951,0.08974,4; 3; 7; 78; 20; 27; 6; 6
30,42,0.61612,0.71429,10; 3; 30; 42; 16; 9; 22; 14
5,9,0.8222,0.55556,3; 17; 5; 9; 31; 10; 3; 24
6,31,0.76487,0.19355,17; 5; 6; 31; 13; 12; 18; 14
23,32,0.46723,0.71875,3; 10; 23; 32; 24; 14; 9; 3
16,26,0.56588,0.61538,6; 17; 16; 26; 12; 13; 6; 8
11,78,0.34165,0.14103,4; 3; 11; 78; 31; 26; 23; 12
13,77,0.3845,0.16883,4; 3; 13; 77; 6; 30; 8; 6
23,64,0.48076,0.35938,5; 5; 23; 64; 30; 18; 15; 16
23,32,0.52479,0.71875,14; 6; 23; 32; 3; 8; 26; 4
13,26,0.64632,0.5,14; 27; 13; 26; 31; 13; 30; 4
11,78,0.34025,0.14103,4; 4; 11; 78; 12; 8; 18; 30
6,75,0.24104,0.08,6; 5; 6; 75; 20; 13; 29; 14
8,26,0.74065,0.30769,20; 12; 8; 26; 16; 23; 28; 4
6,9,0.80673,0.66667,24; 13; 6; 9; 18; 14; 22; 25
20,42,0.44383,0.47619,9; 9; 20; 42; 7; 31; 18; 15
21,26,0.57391,0.80769,3; 24; 21; 26; 3; 3; 31; 8
20,70,0.41897,0.28571,4; 3; 20; 70; 4; 3; 21; 6
21,64,0.4251,0.32812,4; 5; 21; 64; 19; 5; 28; 31
28,49,0.58818,0.57143,10; 6; 28; 49; 25; 9; 29; 8
9,10,0.79452,0.9,39; 33; 9; 10; 5; 15; 14; 21
7,78,0.33017,0.08974,5; 5; 7; 78; 29; 27; 22; 10
11,26,0.74962,0.42308,15; 18; 11; 26; 14; 16; 11; 9
7,9,0.79149,0.77778,19; 35; 7; 9; 25; 6; 27; 31
22,64,0.412,0.34375,5; 5; 22; 64; 23; 10; 10; 25
12,70,0.32329,0.17143,8; 8; 12; 70; 12; 3; 23; 16
6,78,0.27669,0.07692,5; 7; 6; 78; 19; 3; 17; 17
8,78,0.27073,0.10256,6; 5; 8; 78; 27; 16; 6; 18
7,77,0.29737,0.09091,6; 3; 7; 77; 21; 23; 4; 7
26,48,0.52965,0.54167,10; 12; 26; 48; 22; 12; 16; 11
22,49,0.43185,0.44898,10; 6; 22; 49; 19; 17; 23; 30
5,9,0.81046,0.55556,16; 24; 5; 9; 17; 11; 28; 30
7,77,0.25323,0.09091,5; 3; 7; 77; 10; 8; 23; 20
5,9,0.8334,0.55556,31; 26; 5; 9; 8; 30; 7; 30
8,82,0.3461,0.09756,3; 3; 8; 82; 18; 4; 3; 22
18,64,0.38104,0.28125,6; 3; 18; 64; 30; 8; 3; 21
6,9,0.82634,0.66667,30; 26; 6; 9; 13; 9; 8; 16
7,9,0.78745,0.77778,8; 4; 7; 9; 32; 19; 4; 10
5,82,0.33659,0.06098,3; 5; 5; 82; 11; 3; 13; 9
7,82,0.37756,0.08537,3; 4; 7; 82; 29; 8; 22; 10
5,77,0.29283,0.06494,6; 6; 5; 77; 26; 14; 31; 9
8,10,0.79411,0.8,17; 14; 8; 10; 18; 10; 23; 24
24,32,0.46194,0.75,13; 8; 24; 32; 16; 7; 18; 18
9,42,0.24886,0.21429,12; 10; 9; 42; 3; 28; 32; 15
24,48,0.4903,0.5,7; 11; 24; 48; 32; 28; 13; 24
24,49,0.50193,0.4898,6; 10; 24; 49; 14; 10; 20; 3
31,49,0.6258,0.63265,3; 3; 31; 49; 8; 7; 32; 26
17,70,0.38494,0.24286,3; 5; 17; 70; 7; 25; 19; 17
17,64,0.35839,0.26562,3; 5; 17; 64; 31; 16; 3; 31
8,9,0.83322,0.88889,27; 38; 8; 9; 30; 9; 12; 19
6,82,0.28632,0.07317,5; 5; 6; 82; 9; 13; 5; 12
26,64,0.46786,0.40625,3; 4; 26; 64; 4; 23; 25; 32
7,10,0.81943,0.7,20; 17; 7; 10; 11; 6; 27; 3
6,10,0.81783,0.6,33; 9; 6; 10; 19; 31; 6; 21
16,64,0.34076,0.25,8; 7; 16; 64; 20; 10; 15; 21
23,63,0.43914,0.36508,5; 6; 23; 63; 17; 12; 14; 14
13,53,0.27331,0.24528,12; 14; 13; 53; 13; 19; 15; 11
11,53,0.22964,0.20755,7; 7; 11; 53; 12; 26; 25; 30
6,9,0.83352,0.66667,5; 22; 6; 9; 32; 21; 25; 18
12,75,0.35186,0.16,3; 5; 12; 75; 14; 19; 8; 10
12,77,0.39025,0.15584,3; 4; 12; 77; 32; 13; 7; 12
10,75,0.29896,0.13333,3; 5; 10; 75; 8; 27; 13; 15
19,26,0.49335,0.73077,23; 6; 19; 26; 8; 11; 31; 22
19,26,0.53248,0.73077,15; 18; 19; 26; 5; 21; 4; 4
20,26,0.4839,0.76923,25; 25; 20; 26; 18; 26; 8; 21
21,32,0.54521,0.65625,17; 22; 21; 32; 31; 10; 25; 30
11,75,0.34103,0.14667,5; 6; 11; 75; 16; 21; 5; 11
8,63,0.20187,0.12698,10; 11; 8; 63; 6; 28; 8; 8
10,77,0.33309,0.12987,3; 4; 10; 77; 25; 5; 29; 3
13,64,0.3011,0.20312,7; 4; 13; 64; 12; 24; 5; 23
16,63,0.31487,0.25397,9; 4; 16; 63; 5; 6; 21; 16
7,48,0.16948,0.14583,20; 9; 7; 48; 4; 15; 31; 24
5,78,0.29283,0.0641,6; 6; 5; 78; 32; 8; 4; 16
5,82,0.35069,0.06098,5; 3; 5; 82; 8; 32; 25; 19
7,70,0.21779,0.1,7; 8; 7; 70; 19; 16; 3; 31
38,49,0.7647,0.77551,4; 3; 38; 49; 13; 18; 16; 22
17,42,0.40385,0.40476,7; 18; 17; 42; 23; 20; 29; 5
7,75,0.28956,0.09333,3; 4; 7; 75; 13; 5; 25; 7
8,9,0.81014,0.88889,32; 14; 8; 9; 6; 32; 3; 21
7,82,0.35541,0.08537,4; 4; 7; 82; 16; 6; 4; 14
6,75,0.26946,0.08,3; 7; 6; 75; 24; 17; 27; 3
5,63,0.13561,0.07937,5; 14; 5; 63; 9; 30; 7; 26
28,53,0.54101,0.5283,6; 6; 28; 53; 6; 25; 9; 29
8,9,0.81768,0.88889,3; 23; 8; 9; 10; 8; 11; 19
16,32,0.42243,0.5,13; 14; 16; 32; 9; 13; 6; 10
11,70,0.22903,0.15714,7; 3; 11; 70; 30; 15; 10; 23
8,10,0.8192,0.8,13; 39; 8; 10; 11; 30; 11; 13
29,32,0.55044,0.90625,3; 17; 29; 32; 11; 24; 23; 29
6,77,0.30798,0.07792,7; 4; 6; 77; 20; 14; 11; 17
5,31,0.53965,0.16129,3; 21; 5; 31; 20; 30; 7; 24
5,26,0.74763,0.19231,12; 19; 5; 26; 23; 7; 17; 19
26,32,0.414,0.8125,11; 12; 26; 32; 25; 17; 4; 29
7,10,0.81582,0.7,10; 22; 7; 10; 29; 12; 20; 17
14,53,0.27191,0.26415,15; 5; 14; 53; 29; 21; 19; 10
8,9,0.78371,0.88889,22; 32; 8; 9; 29; 23; 11; 8
16,53,0.31984,0.30189,6; 7; 16; 53; 14; 18; 15; 10
37,42,0.66884,0.88095,9; 9; 37; 42; 21; 13; 23; 11
11,53,0.24209,0.20755,5; 4; 11; 53; 16; 29; 15; 7
17,64,0.34876,0.26562,3; 8; 17; 64; 22; 26; 12; 22
10,75,0.32327,0.13333,6; 5; 10; 75; 25; 14; 3; 23
11,64,0.29822,0.17188,10; 4; 11; 64; 16; 29; 20; 26
11,63,0.26108,0.1746,11; 7; 11; 63; 32; 31; 15; 17
5,77,0.30612,0.06494,8; 3; 5; 77; 23; 10; 6; 28
10,75,0.34992,0.13333,4; 3; 10; 75; 18; 4; 16; 11
17,63,0.32688,0.26984,3; 8; 17; 63; 8; 10; 17; 5
24,49,0.49762,0.4898,6; 3; 24; 49; 8; 30; 26; 31
6,9,0.82515,0.66667,6; 21; 6; 9; 11; 6; 22; 20
13,75,0.33534,0.17333,3; 5; 13; 75; 15; 32; 24; 9
12,77,0.32956,0.15584,4; 3; 12; 77; 9; 21; 15; 7
12,32,0.59604,0.375,14; 16; 12; 32; 14; 28; 7; 12
35,53,0.66239,0.66038,5; 4; 35; 53; 12; 10; 32; 15
8,82,0.34986,0.09756,3; 3; 8; 82; 25; 29; 10; 24
23,26,0.60408,0.88462,18; 19; 23; 26; 21; 24; 26; 22
28,53,0.51177,0.5283,7; 3; 28; 53; 22; 32; 10; 18
23,64,0.44575,0.35938,5; 3; 23; 64; 8; 22; 20; 7
8,82,0.35195,0.09756,4; 4; 8; 82; 3; 25; 20; 17
9,70,0.25717,0.12857,9; 6; 9; 70; 4; 8; 10; 31
13,42,0.34963,0.30952,8; 13; 13; 42; 8; 6; 16; 11
7,70,0.20529,0.1,6; 9; 7; 70; 6; 12; 30; 7
20,26,0.64049,0.76923,17; 12; 20; 26; 30; 20; 27; 4
12,49,0.26791,0.2449,5; 4; 12; 49; 21; 3; 14; 21
14,63,0.27485,0.22222,6; 6; 14; 63; 32; 18; 24; 9
12,63,0.25345,0.19048,6; 6; 12; 63; 27; 25; 31; 13
9,78,0.34127,0.11538,4; 4; 9; 78; 17; 27; 14; 18
8,10,0.81468,0.8,12; 19; 8; 10; 12; 7; 17; 25
6,75,0.2931,0.08,7; 6; 6; 75; 32; 17; 32; 16
7,49,0.19781,0.14286,11; 14; 7; 49; 5; 3; 19; 17
9,31,0.77075,0.29032,22; 13; 9; 31; 11; 6; 27; 7
6,82,0.33435,0.07317,5; 4; 6; 82; 4; 16; 14; 8
10,70,0.29946,0.14286,5; 8; 10; 70; 20; 23; 14; 5
21,53,0.37955,0.39623,3; 6; 21; 53; 29; 18; 6; 26
38,49,0.76524,0.77551,5; 4; 38; 49; 13; 31; 8; 4
31,53,0.57658,0.58491,6; 3; 31; 53; 8; 14; 11; 26
10,48,0.20095,0.20833,16; 17; 10; 48; 8; 31; 3; 24
13,75,0.3211,0.17333,5; 3; 13; 75; 32; 16; 6; 9
28,42,0.57506,0.66667,5; 11; 28; 42; 23; 20; 10; 22
16,64,0.31274,0.25,6; 9; 16; 64; 19; 22; 23; 6
32,49,0.61939,0.65306,6; 8; 32; 49; 16; 5; 5; 3
7,82,0.36613,0.08537,4; 3; 7; 82; 16; 4; 7; 20
12,26,0.6947,0.46154,11; 25; 12; 26; 31; 24; 11; 20
39,48,0.78246,0.8125,4; 5; 39; 48; 11; 15; 7; 10
17,53,0.35268,0.32075,6; 14; 17; 53; 13; 31; 4; 15
6,9,0.81966,0.66667,35; 6; 6; 9; 4; 9; 24; 3
5,70,0.23808,0.07143,10; 9; 5; 70; 14; 12; 32; 15
5,63,0.17947,0.07937,5; 3; 5; 63; 8; 11; 13; 9
9,10,0.81062,0.9,10; 3; 9; 10; 13; 26; 14; 25
12,63,0.25127,0.19048,4; 7; 12; 63; 29; 27; 20; 19
13,53,0.2774,0.24528,16; 13; 13; 53; 22; 14; 7; 9
22,64,0.42161,0.34375,6; 6; 22; 64; 27; 25; 20; 19
5,10,0.81575,0.5,10; 35; 5; 10; 14; 31; 22; 16
6,53,0.14559,0.11321,7; 18; 6; 53; 19; 16; 23; 21
17,31,0.52957,0.54839,3; 6; 17; 31; 3; 12; 13; 13
31,48,0.63164,0.64583,8; 5; 31; 48; 10; 20; 13; 25
7,26,0.73469,0.26923,4; 5; 7; 26; 32; 7; 29; 23
23,26,0.64012,0.88462,7; 20; 23; 26; 8; 9; 14; 23
20,63,0.38829,0.31746,3; 4; 20; 63; 30; 22; 4; 10
19,26,0.51878,0.73077,15; 18; 19; 26; 25; 10; 13; 32
17,63,0.35846,0.26984,8; 7; 17; 63; 15; 6; 20; 23
6,75,0.27821,0.08,3; 6; 6; 75; 32; 12; 15; 5
31,53,0.56904,0.58491,3; 3; 31; 53; 5; 31; 17; 11
17,26,0.45333,0.65385,18; 15; 17; 26; 9; 7; 31; 15
9,10,0.79573,0.9,33; 8; 9; 10; 31; 30; 5; 26
31,49,0.60135,0.63265,9; 7; 31; 49; 25; 29; 12; 12
29,32,0.59575,0.90625,4; 5; 29; 32; 31; 29; 7; 17
27,42,0.53908,0.64286,7; 5; 27; 42; 16; 3; 18; 28
15,63,0.30132,0.2381,5; 8; 15; 63; 15; 5; 5; 11
8,31,0.59477,0.25806,24; 10; 8; 31; 29; 3; 18; 26
6,49,0.12178,0.12245,7; 4; 6; 49; 27; 4; 6; 16
36,53,0.68902,0.67925,4; 4; 36; 53; 25; 9; 18; 19
35,42,0.66129,0.83333,8; 10; 35; 42; 4; 8; 7; 29
21,32,0.62762,0.65625,11; 19; 21; 32; 28; 3; 21; 28
6,70,0.1764,0.08571,7; 6; 6; 70; 20; 10; 32; 29
9,75,0.29154,0.12,4; 6; 9; 75; 17; 24; 6; 8
8,10,0.80181,0.8,26; 3; 8; 10; 8; 3; 7; 13
10,42,0.32564,0.2381,19; 23; 10; 42; 18; 17; 4; 15
6,78,0.31914,0.07692,5; 4; 6; 78; 7; 5; 5; 25
14,70,0.35103,0.2,6; 5; 14; 70; 7; 15; 29; 17
7,78,0.29011,0.08974,5; 5; 7; 78; 20; 20; 19; 22
5,10,0.82429,0.5,31; 25; 5; 10; 16; 7; 14; 25
12,75,0.34095,0.16,5; 3; 12; 75; 11; 23; 6; 31
14,53,0.2807,0.26415,4; 4; 14; 53; 7; 19; 3; 28
28,42,0.53053,0.66667,8; 9; 28; 42; 5; 17; 24; 31
7,70,0.24738,0.1,7; 8; 7; 70; 32; 4; 5; 8
5,10,0.81005,0.5,20; 39; 5; 10; 19; 12; 4; 21
23,64,0.4323,0.35938,3; 3; 23; 64; 4; 22; 7; 28
15,26,0.61299,0.57692,12; 10; 15; 26; 20; 6; 13; 12
8,10,0.8194,0.8,26; 15; 8; 10; 30; 21; 22; 22
23,42,0.52571,0.54762,9; 10; 23; 42; 16; 9; 18; 29
11,26,0.66683,0.42308,28; 29; 11; 26; 32; 17; 9; 30
19,70,0.42614,0.27143,4; 3; 19; 70; 11; 7; 11; 14
8,82,0.40031,0.09756,4; 3; 8; 82; 31; 19; 29; 6
7,77,0.27979,0.09091,5; 3; 7; 77; 26; 7; 27; 21
12,77,0.33417,0.15584,3; 3; 12; 77; 31; 22; 27; 10
17,53,0.37267,0.32075,11; 9; 17; 53; 19; 19; 3; 17
23,32,0.54212,0.71875,12; 7; 23; 32; 17; 21; 11; 17
16,70,0.3643,0.22857,5; 4; 16; 70; 19; 27; 32; 10
6,9,0.82392,0.66667,12; 29; 6; 9; 19; 23; 16; 12
16,70,0.38225,0.22857,5; 6; 16; 70; 20; 6; 22; 12
6,9,0.81845,0.66667,11; 19; 6; 9; 14; 32; 12; 17
5,10,0.81995,0.5,5; 33; 5; 10; 25; 24; 28; 7
6,82,0.33123,0.07317,3; 4; 6; 82; 13; 29; 25; 25
17,31,0.69735,0.54839,12; 16; 17; 31; 8; 21; 15; 15
19,31,0.56989,0.6129,19; 16; 19; 31; 16; 9; 10; 8
12,42,0.38324,0.28571,17; 19; 12; 42; 11; 13; 6; 32
9,78,0.25204,0.11538,3; 4; 9; 78; 11; 22; 5; 13
8,32,0.77247,0.25,12; 24; 8; 32; 19; 17; 4; 30
12,32,0.54239,0.375,21; 27; 12; 32; 11; 17; 13; 14
6,53,0.14353,0.11321,9; 8; 6; 53; 5; 20; 26; 22
21,31,0.44303,0.67742,11; 5; 21; 31; 32; 4; 24; 15
24,32,0.53985,0.75,17; 7; 24; 32; 8; 14; 7; 26
7,77,0.23187,0.09091,6; 5; 7; 77; 17; 11; 23; 26
21,42,0.49152,0.5,7; 10; 21; 42; 14; 24; 26; 6
22,63,0.40893,0.34921,6; 4; 22; 63; 26; 12; 28; 26
7,77,0.279,0.09091,7; 4; 7; 77; 31; 20; 12; 31
9,70,0.24749,0.12857,3; 7; 9; 70; 13; 23; 4; 17
6,77,0.25342,0.07792,6; 4; 6; 77; 22; 31; 12; 13
18,70,0.36245,0.25714,4; 3; 18; 70; 8; 12; 23; 24
23,26,0.61294,0.88462,13; 20; 23; 26; 10; 22; 32; 12
7,9,0.78426,0.77778,4; 15; 7; 9; 22; 9; 29; 22
8,78,0.31314,0.10256,4; 3; 8; 78; 5; 5; 22; 24
32,49,0.6063,0.65306,7; 7; 32; 49; 8; 10; 21; 23
9,77,0.32067,0.11688,4; 4; 9; 77; 13; 8; 27; 14
13,75,0.3619,0.17333,4; 5; 13; 75; 3; 11; 14; 3
21,53,0.40059,0.39623,12; 12; 21; 53; 19; 23; 3; 6
26,48,0.52987,0.54167,3; 5; 26; 48; 31; 23; 7; 26
10,49,0.18672,0.20408,11; 15; 10; 49; 11; 17; 24; 26
28,32,0.60896,0.875,4; 10; 28; 32; 12; 14; 13; 30
8,9,0.79252,0.88889,11; 7; 8; 9; 25; 18; 29; 14
21,64,0.42052,0.32812,6; 6; 21; 64; 26; 30; 13; 25
20,63,0.41305,0.31746,4; 7; 20; 63; 26; 3; 27; 14
35,53,0.63942,0.66038,5; 4; 35; 53; 24; 3; 22; 8
12,53,0.24419,0.22642,12; 6; 12; 53; 24; 5; 9; 21
15,70,0.36793,0.21429,3; 6; 15; 70; 4; 8; 4; 15
7,9,0.82455,0.77778,16; 41; 7; 9; 6; 24; 14; 30
8,49,0.21025,0.16327,6; 4; 8; 49; 8; 7; 13; 30
20,70,0.43509,0.28571,4; 4; 20; 70; 19; 5; 30; 27
11,75,0.28733,0.14667,5; 3; 11; 75; 18; 18; 5; 31
15,75,0.37734,0.2,4; 3; 15; 75; 14; 17; 9; 13
17,64,0.35355,0.26562,5; 3; 17; 64; 20; 5; 12; 14
13,42,0.35543,0.30952,7; 20; 13; 42; 19; 13; 32; 8
11,48,0.25505,0.22917,4; 12; 11; 48; 3; 14; 30; 31
26,49,0.50914,0.53061,9; 3; 26; 49; 3; 28; 26; 14
20,32,0.59128,0.625,3; 15; 20; 32; 22; 28; 13; 23
23,26,0.65068,0.88462,8; 3; 23; 26; 12; 9; 22; 17
36,53,0.71098,0.67925,4; 4; 36; 53; 8; 12; 30; 29
12,78,0.35776,0.15385,3; 4; 12; 78; 27; 16; 16; 18
8,63,0.21216,0.12698,12; 10; 8; 63; 26; 3; 17; 10
12,78,0.35622,0.15385,4; 4; 12; 78; 20; 32; 3; 27
20,63,0.36714,0.31746,7; 3; 20; 63; 20; 27; 12; 4
6,82,0.30242,0.07317,3; 4; 6; 82; 8; 12; 10; 31
18,70,0.38117,0.25714,5; 4; 18; 70; 25; 10; 29; 13
18,63,0.38307,0.28571,7; 8; 18; 63; 11; 24; 5; 18
12,63,0.26664,0.19048,4; 9; 12; 63; 8; 5; 17; 3
29,32,0.63179,0.90625,17; 4; 29; 32; 23; 9; 23; 27
14,31,0.54482,0.45161,4; 17; 14; 31; 11; 10; 17; 13
8,9,0.83417,0.88889,33; 8; 8; 9; 20; 30; 27; 12
11,64,0.24005,0.17188,11; 8; 11; 64; 28; 20; 4; 16
6,49,0.12621,0.12245,16; 20; 6; 49; 12; 25; 32; 9
5,82,0.26758,0.06098,3; 5; 5; 82; 27; 13; 32; 16
31,32,0.62391,0.96875,6; 7; 31; 32; 10; 11; 16; 14
12,70,0.28013,0.17143,7; 3; 12; 70; 23; 20; 11; 3
26,42,0.5453,0.61905,13; 4; 26; 42; 27; 19; 15; 8
7,53,0.13298,0.13208,13; 7; 7; 53; 8; 16; 29; 13
21,64,0.43277,0.32812,6; 4; 21; 64; 32; 28; 5; 3
23,26,0.45167,0.88462,18; 20; 23; 26; 22; 32; 5; 24
13,48,0.28039,0.27083,3; 14; 13; 48; 25; 9; 27; 26
6,9,0.81665,0.66667,4; 3; 6; 9; 30; 20; 6; 3
20,53,0.37964,0.37736,5; 7; 20; 53; 23; 11; 6; 13
12,70,0.29402,0.17143,7; 7; 12; 70; 22; 18; 19; 11
16,63,0.31837,0.25397,9; 7; 16; 63; 18; 21; 13; 30
26,63,0.4733,0.4127,4; 4; 26; 63; 11; 9; 18; 6
20,70,0.40734,0.28571,3; 4; 20; 70; 10; 32; 31; 24
12,77,0.33794,0.15584,3; 4; 12; 77; 17; 8; 3; 4
29,53,0.56334,0.54717,7; 8; 29; 53; 18; 24; 8; 22
10,63,0.23852,0.15873,7; 8; 10; 63; 9; 8; 14; 25
30,32,0.63019,0.9375,17; 16; 30; 32; 12; 6; 16; 12
7,78,0.28895,0.08974,3; 5; 7; 78; 13; 18; 19; 18
11,64,0.2678,0.17188,7; 8; 11; 64; 26; 27; 24; 17
6,82,0.32847,0.07317,4; 4; 6; 82; 19; 32; 29; 6
22,26,0.50519,0.84615,17; 3; 22; 26; 25; 28; 30; 10
22,53,0.39713,0.41509,7; 4; 22; 53; 27; 32; 5; 3
5,63,0.17308,0.07937,13; 4; 5; 63; 32; 5; 6; 7
5,10,0.82354,0.5,40; 36; 5; 10; 28; 22; 28; 10
5,26,0.7337,0.19231,23; 19; 5; 26; 7; 22; 32; 16
12,26,0.66484,0.46154,23; 15; 12; 26; 25; 9; 11; 9
12,31,0.8023,0.3871,3; 20; 12; 31; 5; 26; 9; 4
6,10,0.80462,0.6,13; 34; 6; 10; 6; 16; 15; 8
7,9,0.80558,0.77778,27; 6; 7; 9; 12; 16; 16; 31
34,48,0.63475,0.70833,7; 4; 34; 48; 18; 3; 29; 8
14,70,0.32587,0.2,4; 7; 14; 70; 27; 32; 3; 13
37,49,0.74383,0.7551,4; 3; 37; 49; 9; 13; 10; 5
11,75,0.32834,0.14667,3; 6; 11; 75; 7; 14; 32; 15
13,42,0.34548,0.30952,5; 15; 13; 42; 3; 18; 22; 7
7,9,0.77555,0.77778,5; 40; 7; 9; 16; 26; 10; 21
23,42,0.52521,0.54762,12; 12; 23; 42; 24; 23; 29; 14
23,42,0.54506,0.54762,14; 10; 23; 42; 10; 24; 7; 29
18,48,0.38414,0.375,5; 10; 18; 48; 7; 25; 27; 20
8,82,0.39686,0.09756,4; 3; 8; 82; 18; 30; 11; 14
22,64,0.4225,0.34375,4; 4; 22; 64; 10; 24; 3; 30
13,26,0.55169,0.5,16; 14; 13; 26; 31; 9; 10; 18
7,10,0.81916,0.7,4; 4; 7; 10; 29; 14; 18; 15
8,26,0.75463,0.30769,28; 14; 8; 26; 19; 32; 9; 15
5,9,0.82451,0.55556,4; 15; 5; 9; 7; 8; 13; 12
5,49,0.17466,0.10204,5; 17; 5; 49; 9; 15; 6; 4
8,82,0.38533,0.09756,4; 4; 8; 82; 30; 20; 17; 19
9,78,0.2653,0.11538,4; 4; 9; 78; 8; 19; 31; 26
6,10,0.82654,0.6,32; 14; 6; 10; 4; 8; 8; 15
11,78,0.36138,0.14103,4; 4; 11; 78; 12; 31; 19; 11
7,9,0.81695,0.77778,40; 26; 7; 9; 7; 8; 23; 32
8,70,0.28939,0.11429,6; 9; 8; 70; 25; 13; 29; 22
18,64,0.36234,0.28125,4; 7; 18; 64; 8; 17; 12; 4
8,63,0.18766,0.12698,11; 12; 8; 63; 6; 10; 24; 31
7,10,0.83195,0.7,37; 31; 7; 10; 14; 21; 11; 6
15,49,0.31288,0.30612,11; 10; 15; 49; 19; 24; 10; 5
19,42,0.46948,0.45238,12; 16; 19; 42; 31; 21; 13; 3
26,63,0.47114,0.4127,3; 3; 26; 63; 15; 17; 25; 32
6,49,0.15863,0.12245,18; 16; 6; 49; 31; 13; 28; 16
18,26,0.63953,0.69231,8; 8; 18; 26; 19; 7; 10; 6
13,48,0.28237,0.27083,18; 18; 13; 48; 24; 14; 24; 30
24,32,0.61651,0.75,8; 19; 24; 32; 27; 28; 30; 5
16,42,0.36182,0.38095,14; 18; 16; 42; 6; 21; 26; 29
14,32,0.59927,0.4375,8; 10; 14; 32; 30; 20; 16; 5
8,64,0.20365,0.125,9; 13; 8; 64; 5; 14; 11; 10
6,77,0.29806,0.07792,6; 3; 6; 77; 12; 24; 18; 19
12,70,0.28592,0.17143,3; 5; 12; 70; 18; 18; 21; 26
24,32,0.46969,0.75,8; 15; 24; 32; 8; 9; 8; 30
9,26,0.76124,0.34615,7; 12; 9; 26; 9; 16; 17; 19
8,9,0.80029,0.88889,26; 11; 8; 9; 31; 10; 32; 10
9,10,0.78908,0.9,27; 29; 9; 10; 9; 32; 25; 29
8,42,0.2828,0.19048,8; 3; 8; 42; 5; 11; 22; 30
15,42,0.45589,0.35714,6; 7; 15; 42; 9; 28; 27; 20
16,48,0.34336,0.33333,11; 8; 16; 48; 32; 3; 32; 10
13,64,0.27394,0.20312,5; 3; 13; 64; 24; 29; 21; 21
6,77,0.29361,0.07792,3; 5; 6; 77; 17; 11; 12; 28
11,32,0.51887,0.34375,17; 25; 11; 32; 7; 22; 10; 11
12,77,0.33611,0.15584,4; 4; 12; 77; 16; 7; 23; 20
17,70,0.36615,0.24286,3; 3; 17; 70; 27; 20; 26; 5
14,49,0.28497,0.28571,16; 7; 14; 49; 10; 30; 16; 6
23,48,0.47031,0.47917,5; 9; 23; 48; 6; 24; 14; 27
9,53,0.20265,0.16981,12; 15; 9; 53; 7; 10; 13; 6
14,26,0.61227,0.53846,27; 23; 14; 26; 28; 16; 29; 7
5,82,0.37196,0.06098,3; 5; 5; 82; 9; 30; 18; 8
10,64,0.24145,0.15625,12; 5; 10; 64; 31; 10; 24; 28
5,9,0.82207,0.55556,40; 4; 5; 9; 3; 18; 25; 19
30,32,0.53574,0.9375,16; 7; 30; 32; 11; 11; 22; 21
18,70,0.36054,0.25714,3; 5; 18; 70; 18; 24; 20; 16
6,63,0.20436,0.09524,12; 11; 6; 63; 10; 20; 22; 6
18,64,0.34806,0.28125,5; 8; 18; 64; 8; 9; 17; 25
17,53,0.31001,0.32075,8; 5; 17; 53; 29; 24; 9; 7
20,49,0.41035,0.40816,5; 14; 20; 49; 31; 21; 3; 10
26,49,0.50943,0.53061,9; 9; 26; 49; 10; 13; 24; 6
39,42,0.71441,0.92857,5; 8; 39; 42; 12; 26; 29; 4
20,48,0.43019,0.41667,12; 5; 20; 48; 6; 26; 22; 3
25,31,0.62932,0.80645,6; 11; 25; 31; 30; 8; 30; 27
10,75,0.30437,0.13333,5; 3; 10; 75; 6; 6; 26; 14
17,32,0.548,0.53125,22; 18; 17; 32; 22; 6; 20; 28
25,64,0.45388,0.39062,4; 4; 25; 64; 17; 17; 5; 22
7,82,0.30636,0.08537,3; 4; 7; 82; 10; 28; 4; 12
10,32,0.79308,0.3125,14; 3; 10; 32; 30; 13; 16; 20
9,78,0.29656,0.11538,3; 3; 9; 78; 20; 12; 18; 10
8,70,0.19892,0.11429,6; 9; 8; 70; 25; 13; 24; 31
22,42,0.49829,0.52381,16; 12; 22; 42; 11; 12; 25; 31
23,64,0.43069,0.35938,5; 3; 23; 64; 7; 14; 23; 11
26,48,0.47814,0.54167,3; 10; 26; 48; 27; 17; 19; 20
20,49,0.38566,0.40816,12; 6; 20; 49; 19; 12; 7; 31
17,70,0.36524,0.24286,4; 5; 17; 70; 11; 9; 8; 17
7,10,0.80209,0.7,34; 6; 7; 10; 3; 28; 32; 3
5,9,0.83443,0.55556,31; 13; 5; 9; 14; 7; 5; 9
7,9,0.79169,0.77778,34; 10; 7; 9; 5; 17; 19; 25
11,78,0.3401,0.14103,3; 4; 11; 78; 3; 16; 32; 20
16,53,0.3276,0.30189,4; 4; 16; 53; 19; 27; 5; 31
10,32,0.52115,0.3125,3; 15; 10; 32; 28; 22; 8; 30
13,75,0.33279,0.17333,3; 3; 13; 75; 21; 25; 19; 18
7,82,0.31839,0.08537,4; 3; 7; 82; 4; 4; 9; 23
6,77,0.31131,0.07792,5; 5; 6; 77; 16; 32; 15; 7
7,75,0.23631,0.09333,8; 8; 7; 75; 3; 5; 30; 3
8,82,0.32943,0.09756,3; 3; 8; 82; 32; 22; 6; 5
34,48,0.67584,0.70833,5; 6; 34; 48; 12; 15; 16; 7
9,70,0.26971,0.12857,6; 4; 9; 70; 29; 30; 9; 25
16,31,0.56404,0.51613,12; 20; 16; 31; 14; 3; 10; 23
34,42,0.6783,0.80952,8; 3; 34; 42; 30; 27; 17; 6
35,48,0.69796,0.72917,5; 7; 35; 48; 30; 21; 12; 20
15,48,0.33981,0.3125,14; 10; 15; 48; 28; 10; 31; 16
5,9,0.81254,0.55556,31; 31; 5; 9; 13; 6; 31; 15
13,49,0.28836,0.26531,6; 13; 13; 49; 6; 15; 27; 5
5,75,0.27908,0.06667,5; 4; 5; 75; 5; 6; 6; 31
20,26,0.7032,0.76923,21; 7; 20; 26; 31; 6; 15; 14
15,49,0.31611,0.30612,11; 17; 15; 49; 25; 3; 31; 19
8,82,0.34045,0.09756,4; 4; 8; 82; 30; 14; 4; 14
9,70,0.25525,0.12857,6; 8; 9; 70; 9; 12; 24; 22
13,64,0.27352,0.20312,4; 5; 13; 64; 24; 15; 20; 28
10,78,0.33229,0.12821,3; 4; 10; 78; 18; 3; 31; 22
24,63,0.45905,0.38095,5; 4; 24; 63; 22; 22; 13; 8
5,9,0.83738,0.55556,39; 25; 5; 9; 8; 21; 14; 12
7,70,0.17899,0.1,3; 4; 7; 70; 16; 7; 18; 31
9,26,0.70472,0.34615,30; 4; 9; 26; 29; 20; 30; 18
12,78,0.39008,0.15385,4; 4; 12; 78; 10; 19; 32; 24
8,77,0.30688,0.1039,3; 6; 8; 77; 26; 16; 24; 25
9,31,0.5963,0.29032,25; 13; 9; 31; 21; 13; 31; 3
22,53,0.44292,0.41509,10; 9; 22; 53; 22; 18; 32; 8
10,64,0.26025,0.15625,9; 12; 10; 64; 15; 5; 29; 24
24,26,0.49561,0.92308,9; 23; 24; 26; 12; 17; 27; 6
27,48,0.52301,0.5625,11; 5; 27; 48; 10; 9; 13; 8
34,48,0.68719,0.70833,3; 8; 34; 48; 30; 9; 7; 4
21,31,0.57432,0.67742,17; 9; 21; 31; 9; 14; 31; 18
8,70,0.21028,0.11429,3; 6; 8; 70; 11; 9; 28; 5
23,63,0.42833,0.36508,6; 5; 23; 63; 21; 20; 13; 24
23,31,0.58633,0.74194,18; 9; 23; 31; 27; 19; 4; 24
24,31,0.68034,0.77419,6; 19; 24; 31; 29; 21; 32; 4
12,31,0.53589,0.3871,20; 6; 12; 31; 11; 13; 7; 13
5,9,0.81514,0.55556,38; 31; 5; 9; 25; 3; 11; 3
8,82,0.33533,0.09756,4; 4; 8; 82; 15; 24; 22; 3
20,53,0.37727,0.37736,10; 4; 20; 53; 24; 10; 31; 11
18,63,0.35624,0.28571,6; 5; 18; 63; 20; 7; 27; 25
40,49,0.79482,0.81633,4; 4; 40; 49; 14; 13; 25; 21
8,9,0.83328,0.88889,26; 13; 8; 9; 5; 30; 26; 21
6,78,0.31453,0.07692,4; 4; 6; 78; 5; 14; 12; 15
41,42,0.74392,0.97619,3; 3; 41; 42; 3; 5; 26; 9
6,77,0.23637,0.07792,6; 5; 6; 77; 22; 31; 10; 18
30,31,0.63167,0.96774,15; 15; 30; 31; 31; 16; 32; 17
9,63,0.20818,0.14286,11; 6; 9; 63; 23; 15; 29; 30
5,48,0.22368,0.10417,19; 16; 5; 48; 29; 5; 30; 23
10,78,0.33978,0.12821,4; 4; 10; 78; 15; 9; 11; 3
5,10,0.79251,0.5,22; 31; 5; 10; 25; 20; 26; 8
21,32,0.49225,0.65625,10; 22; 21; 32; 17; 23; 18; 19
40,42,0.7451,0.95238,6; 4; 40; 42; 28; 30; 22; 11
29,49,0.59687,0.59184,6; 8; 29; 49; 9; 8; 17; 4
6,70,0.17154,0.08571,7; 6; 6; 70; 7; 27; 21; 5
26,49,0.51465,0.53061,8; 7; 26; 49; 30; 20; 7; 21
6,10,0.81118,0.6,5; 37; 6; 10; 19; 29; 3; 22
8,48,0.17946,0.16667,15; 12; 8; 48; 6; 11; 24; 22
6,75,0.28442,0.08,7; 4; 6; 75; 19; 16; 23; 7
5,9,0.82363,0.55556,22; 34; 5; 9; 32; 20; 24; 18
15,49,0.33603,0.30612,7; 11; 15; 49; 15; 6; 15; 6
11,26,0.56975,0.42308,5; 15; 11; 26; 13; 6; 14; 13
18,49,0.34923,0.36735,11; 5; 18; 49; 5; 14; 31; 21
39,42,0.7173,0.92857,3; 3; 39; 42; 13; 4; 19; 31
7,77,0.30384,0.09091,4; 6; 7; 77; 10; 10; 22; 7
22,53,0.45408,0.41509,7; 3; 22; 53; 13; 13; 32; 23
9,78,0.3304,0.11538,3; 5; 9; 78; 4; 26; 13; 3
5,82,0.33867,0.06098,5; 5; 5; 82; 5; 12; 17; 29
10,64,0.2455,0.15625,4; 6; 10; 64; 5; 12; 27; 17
19,53,0.36638,0.35849,6; 9; 19; 53; 4; 23; 9; 26
6,10,0.81151,0.6,25; 4; 6; 10; 25; 17; 17; 24
36,48,0.71267,0.75,7; 7; 36; 48; 15; 22; 25; 11
37,42,0.67156,0.88095,7; 6; 37; 42; 32; 12; 20; 7
8,82,0.33386,0.09756,3; 3; 8; 82; 23; 27; 30; 14
7,32,0.63771,0.21875,10; 29; 7; 32; 13; 11; 27; 9
10,53,0.2178,0.18868,11; 3; 10; 53; 30; 31; 7; 16
10,78,0.34524,0.12821,4; 5; 10; 78; 16; 28; 18; 12
7,26,0.63848,0.26923,3; 24; 7; 26; 31; 10; 15; 7
6,10,0.81093,0.6,26; 8; 6; 10; 8; 6; 4; 29
5,9,0.82242,0.55556,5; 10; 5; 9; 3; 11; 27; 32
9,26,0.64418,0.34615,21; 10; 9; 26; 22; 14; 19; 23
20,31,0.5842,0.64516,4; 5; 20; 31; 6; 5; 26; 3
23,26,0.61923,0.88462,21; 22; 23; 26; 24; 9; 17; 30
23,64,0.46788,0.35938,5; 5; 23; 64; 11; 22; 6; 32
5,82,0.33946,0.06098,5; 4; 5; 82; 5; 17; 21; 21
6,70,0.21214,0.08571,3; 9; 6; 70; 8; 24; 13; 26
7,82,0.34236,0.08537,4; 3; 7; 82; 17; 19; 27; 23
9,32,0.64909,0.28125,15; 15; 9; 32; 21; 7; 15; 5
7,53,0.14327,0.13208,8; 8; 7; 53; 4; 14; 6; 31
27,63,0.47354,0.42857,4; 4; 27; 63; 7; 27; 4; 21
11,78,0.36818,0.14103,3; 4; 11; 78; 28; 27; 4; 20
5,9,0.8388,0.55556,18; 20; 5; 9; 15; 28; 14; 8
12,64,0.28345,0.1875,8; 7; 12; 64; 24; 14; 23; 27
14,75,0.36969,0.18667,3; 4; 14; 75; 7; 21; 4; 28
7,82,0.33808,0.08537,3; 3; 7; 82; 4; 29; 18; 14
5,64,0.15571,0.07812,13; 14; 5; 64; 3; 6; 19; 28
18,70,0.41502,0.25714,3; 3; 18; 70; 13; 29; 16; 15
38,48,0.76565,0.79167,6; 4; 38; 48; 15; 20; 14; 27
21,53,0.41795,0.39623,6; 8; 21; 53; 27; 21; 15; 15
15,26,0.5761,0.57692,19; 5; 15; 26; 12; 11; 12; 26
7,9,0.81579,0.77778,5; 26; 7; 9; 15; 4; 24; 17
5,82,0.37381,0.06098,4; 4; 5; 82; 10; 16; 24; 22
40,49,0.79464,0.81633,4; 3; 40; 49; 26; 25; 16; 14
7,53,0.14623,0.13208,18; 17; 7; 53; 21; 32; 20; 19
13,77,0.39582,0.16883,4; 4; 13; 77; 27; 6; 29; 12
8,78,0.24574,0.10256,5; 4; 8; 78; 18; 7; 13; 8
5,10,0.81418,0.5,22; 19; 5; 10; 25; 32; 6; 18
30,31,0.59701,0.96774,16; 18; 30; 31; 31; 14; 24; 13
18,32,0.79363,0.5625,14; 9; 18; 32; 20; 26; 8; 31
8,9,0.81684,0.88889,19; 38; 8; 9; 21; 10; 4; 16
8,10,0.80423,0.8,4; 26; 8; 10; 4; 32; 24; 30
10,63,0.21354,0.15873,5; 7; 10; 63; 23; 14; 31; 12
8,77,0.34473,0.1039,6; 3; 8; 77; 24; 24; 22; 11
7,75,0.22494,0.09333,3; 6; 7; 75; 6; 18; 21; 13
8,82,0.35257,0.09756,4; 4; 8; 82; 3; 18; 31; 27
12,42,0.28803,0.28571,11; 20; 12; 42; 10; 20; 14; 11
8,64,0.20414,0.125,12; 5; 8; 64; 18; 13; 24; 13
22,49,0.45001,0.44898,4; 4; 22; 49; 21; 5; 19; 3
5,78,0.23144,0.0641,3; 4; 5; 78; 11; 26; 29; 10
6,77,0.21913,0.07792,4; 6; 6; 77; 25; 10; 9; 17
9,63,0.1854,0.14286,6; 7; 9; 63; 22; 10; 4; 12
11,31,0.61932,0.35484,10; 28; 11; 31; 13; 13; 8; 29
23,26,0.52926,0.88462,13; 18; 23; 26; 30; 16; 6; 28
30,31,0.59765,0.96774,4; 7; 30; 31; 8; 8; 31; 10
6,64,0.17829,0.09375,12; 4; 6; 64; 10; 17; 30; 10
5,77,0.32074,0.06494,4; 8; 5; 77; 21; 22; 23; 3
23,26,0.56789,0.88462,24; 18; 23; 26; 10; 4; 28; 10
15,53,0.29528,0.28302,14; 6; 15; 53; 32; 12; 8; 24
8,9,0.8147,0.88889,20; 29; 8; 9; 20; 15; 29; 28
16,53,0.28119,0.30189,7; 3; 16; 53; 26; 10; 28; 19
6,75,0.27996,0.08,6; 4; 6; 75; 17; 30; 8; 17
6,9,0.82375,0.66667,3; 36; 6; 9; 15; 6; 4; 15
12,77,0.31649,0.15584,3; 3; 12; 77; 4; 6; 12; 11
5,9,0.82097,0.55556,29; 18; 5; 9; 28; 22; 13; 20
7,9,0.82642,0.77778,37; 21; 7; 9; 28; 9; 18; 10
34,42,0.65729,0.80952,5; 9; 34; 42; 6; 22; 8; 23
13,32,0.50048,0.40625,14; 13; 13; 32; 21; 20; 7; 32
8,82,0.33971,0.09756,3; 3; 8; 82; 30; 27; 3; 19
9,32,0.70581,0.28125,28; 25; 9; 32; 25; 24; 20; 9
12,32,0.45488,0.375,13; 15; 12; 32; 9; 4; 16; 15
20,63,0.37436,0.31746,5; 7; 20; 63; 14; 3; 29; 18
6,63,0.17247,0.09524,10; 4; 6; 63; 11; 19; 23; 19
22,26,0.62456,0.84615,25; 15; 22; 26; 14; 10; 23; 23
8,82,0.35168,0.09756,4; 3; 8; 82; 15; 5; 12; 21
34,48,0.68199,0.70833,5; 5; 34; 48; 21; 9; 32; 7
19,70,0.44022,0.27143,3; 4; 19; 70; 15; 14; 30; 4
21,31,0.51786,0.67742,18; 15; 21; 31; 30; 15; 4; 22
16,63,0.31954,0.25397,5; 5; 16; 63; 27; 16; 7; 24
23,53,0.43728,0.43396,5; 11; 23; 53; 17; 32; 30; 12
8,26,0.7449,0.30769,7; 10; 8; 26; 22; 13; 28; 21
15,49,0.3358,0.30612,3; 6; 15; 49; 16; 16; 26; 25
10,77,0.35008,0.12987,5; 3; 10; 77; 18; 22; 4; 25
14,70,0.31411,0.2,7; 5; 14; 70; 22; 8; 32; 24
5,82,0.27919,0.06098,4; 3; 5; 82; 23; 26; 14; 32
6,26,0.70044,0.23077,5; 12; 6; 26; 21; 9; 11; 28
6,82,0.28443,0.07317,4; 3; 6; 82; 27; 31; 32; 7
9,32,0.44775,0.28125,17; 14; 9; 32; 23; 14; 29; 17
17,49,0.34316,0.34694,4; 5; 17; 49; 14; 6; 7; 14
10,63,0.23731,0.15873,10; 8; 10; 63; 27; 21; 14; 30
6,77,0.27886,0.07792,4; 4; 6; 77; 25; 6; 9; 6
19,70,0.40467,0.27143,3; 3; 19; 70; 30; 31; 13; 5
12,53,0.26634,0.22642,5; 6; 12; 53; 13; 21; 24; 32
11,53,0.22396,0.20755,11; 5; 11; 53; 9; 12; 20; 19
23,26,0.63015,0.88462,10; 6; 23; 26; 22; 9; 26; 30
19,26,0.57853,0.73077,20; 25; 19; 26; 27; 14; 15; 7
13,75,0.36239,0.17333,4; 4; 13; 75; 11; 6; 31; 24
18,49,0.36031,0.36735,12; 6; 18; 49; 14; 7; 31; 20
23,53,0.45592,0.43396,3; 5; 23; 53; 28; 14; 5; 9
14,63,0.29093,0.22222,9; 3; 14; 63; 14; 3; 16; 25
24,53,0.44653,0.45283,9; 6; 24; 53; 8; 13; 25; 25
6,49,0.15694,0.12245,8; 21; 6; 49; 19; 20; 13; 28
7,77,0.28676,0.09091,6; 3; 7; 77; 31; 10; 20; 27
22,48,0.43712,0.45833,8; 14; 22; 48; 8; 24; 4; 8
26,49,0.51867,0.53061,5; 11; 26; 49; 13; 18; 10; 7
9,75,0.31601,0.12,6; 3; 9; 75; 27; 22; 8; 21
5,82,0.32913,0.06098,5; 5; 5; 82; 10; 31; 27; 6
20,48,0.42369,0.41667,4; 9; 20; 48; 6; 22; 6; 15
31,48,0.6246,0.64583,5; 9; 31; 48; 27; 27; 17; 23
6,10,0.82584,0.6,28; 10; 6; 10; 12; 9; 4; 17
6,82,0.35053,0.07317,5; 4; 6; 82; 3; 12; 21; 19
5,10,0.81699,0.5,9; 28; 5; 10; 20; 12; 28; 18
6,10,0.82871,0.6,3; 4; 6; 10; 5; 3; 32; 18
41,48,0.79764,0.85417,4; 4; 41; 48; 18; 15; 9; 30
40,49,0.77947,0.81633,4; 4; 40; 49; 15; 13; 17; 21
6,9,0.81523,0.66667,21; 4; 6; 9; 4; 11; 23; 3
18,53,0.36574,0.33962,9; 3; 18; 53; 11; 12; 23; 29
10,78,0.38699,0.12821,5; 4; 10; 78; 25; 21; 29; 15
9,70,0.23637,0.12857,7; 9; 9; 70; 7; 23; 21; 13
9,10,0.7836,0.9,31; 16; 9; 10; 3; 8; 15; 7
6,32,0.8071,0.1875,5; 24; 6; 32; 22; 4; 5; 3
9,10,0.81175,0.9,19; 19; 9; 10; 10; 27; 29; 26
30,32,0.4894,0.9375,15; 15; 30; 32; 6; 7; 16; 9
12,70,0.27961,0.17143,8; 8; 12; 70; 8; 23; 27; 6
6,42,0.39014,0.14286,11; 20; 6; 42; 18; 12; 13; 32
10,26,0.60955,0.38462,22; 21; 10; 26; 24; 12; 6; 14
12,78,0.36637,0.15385,4; 3; 12; 78; 13; 12; 31; 9
7,10,0.83989,0.7,24; 7; 7; 10; 25; 23; 19; 8
11,77,0.33086,0.14286,3; 5; 11; 77; 23; 28; 4; 31
25,42,0.53923,0.59524,5; 12; 25; 42; 13; 27; 13; 12
18,31,0.49736,0.58065,5; 21; 18; 31; 31; 11; 12; 10
21,31,0.54447,0.67742,23; 12; 21; 31; 11; 9; 32; 14
6,70,0.18439,0.08571,6; 4; 6; 70; 24; 24; 12; 11
20,26,0.49925,0.76923,23; 3; 20; 26; 25; 13; 23; 26
17,49,0.34978,0.34694,13; 9; 17; 49; 26; 16; 22; 30
13,31,0.52053,0.41935,8; 7; 13; 31; 32; 30; 23; 10
15,53,0.27645,0.28302,8; 9; 15; 53; 27; 11; 20; 20
11,78,0.3609,0.14103,3; 3; 11; 78; 28; 26; 15; 14
7,9,0.80695,0.77778,23; 17; 7; 9; 13; 21; 29; 11
8,9,0.82332,0.88889,38; 32; 8; 9; 32; 3; 10; 22
18,26,0.60588,0.69231,27; 22; 18; 26; 15; 21; 8; 32
6,82,0.37676,0.07317,4; 4; 6; 82; 19; 8; 11; 22
37,49,0.72223,0.7551,4; 5; 37; 49; 12; 16; 21; 28
8,77,0.32495,0.1039,6; 6; 8; 77; 29; 16; 5; 21
33,42,0.65548,0.78571,3; 10; 33; 42; 8; 4; 3; 10
6,82,0.31347,0.07317,4; 5; 6; 82; 31; 7; 31; 19
15,26,0.77751,0.57692,14; 25; 15; 26; 22; 27; 10; 29
29,49,0.57626,0.59184,4; 5; 29; 49; 26; 18; 32; 20
20,53,0.39512,0.37736,9; 10; 20; 53; 17; 25; 9; 3
24,64,0.44571,0.375,4; 5; 24; 64; 17; 4; 23; 16
20,63,0.37533,0.31746,4; 5; 20; 63; 25; 24; 11; 3
5,82,0.26934,0.06098,5; 3; 5; 82; 5; 25; 9; 19
8,64,0.1746,0.125,7; 10; 8; 64; 8; 15; 26; 32
7,10,0.82568,0.7,36; 28; 7; 10; 24; 25; 10; 16
5,32,0.56612,0.15625,6; 10; 5; 32; 17; 13; 25; 24
12,75,0.33917,0.16,4; 5; 12; 75; 5; 25; 19; 4
28,32,0.56061,0.875,6; 5; 28; 32; 18; 19; 22; 12
7,75,0.24843,0.09333,7; 3; 7; 75; 32; 10; 18; 8
24,64,0.45223,0.375,4; 5; 24; 64; 28; 5; 5; 20
35,42,0.64829,0.83333,9; 6; 35; 42; 26; 22; 16; 24
7,42,0.37265,0.16667,23; 5; 7; 42; 19; 13; 14; 21
35,53,0.67943,0.66038,5; 5; 35; 53; 13; 31; 15; 27
6,10,0.83211,0.6,32; 32; 6; 10; 4; 5; 23; 31
38,49,0.72923,0.77551,3; 4; 38; 49; 13; 12; 29; 7
21,31,0.5928,0.67742,23; 17; 21; 31; 13; 3; 12; 4
6,31,0.76888,0.19355,23; 9; 6; 31; 28; 22; 16; 21
6,10,0.81888,0.6,34; 11; 6; 10; 11; 6; 10; 3
13,77,0.35546,0.16883,4; 4; 13; 77; 20; 12; 21; 15
20,64,0.37797,0.3125,6; 3; 20; 64; 20; 9; 24; 11
10,48,0.22262,0.20833,20; 14; 10; 48; 7; 10; 6; 7
8,70,0.21876,0.11429,6; 9; 8; 70; 3; 19; 28; 9
22,31,0.63595,0.70968,22; 17; 22; 31; 31; 3; 12; 29
29,31,0.56527,0.93548,8; 4; 29; 31; 6; 9; 24; 6
11,31,0.75583,0.35484,16; 19; 11; 31; 19; 29; 9; 29
8,26,0.60484,0.30769,15; 9; 8; 26; 7; 6; 15; 7
7,82,0.38191,0.08537,3; 4; 7; 82; 12; 7; 5; 27
7,10,0.80776,0.7,4; 9; 7; 10; 24; 14; 21; 30
24,64,0.41819,0.375,5; 4; 24; 64; 4; 17; 29; 32
16,70,0.34162,0.22857,5; 6; 16; 70; 12; 16; 11; 28
12,48,0.25017,0.25,10; 15; 12; 48; 5; 20; 17; 4
22,63,0.4161,0.34921,4; 4; 22; 63; 30; 5; 11; 21
24,32,0.54456,0.75,5; 12; 24; 32; 5; 6; 11; 13
7,9,0.80955,0.77778,5; 26; 7; 9; 21; 3; 24; 31
16,32,0.76584,0.5,19; 18; 16; 32; 15; 6; 17; 19
7,31,0.7934,0.22581,20; 3; 7; 31; 27; 4; 3; 16
22,53,0.43899,0.41509,3; 4; 22; 53; 30; 5; 11; 30
13,31,0.57156,0.41935,18; 3; 13; 31; 3; 12; 3; 9
5,75,0.20481,0.06667,7; 6; 5; 75; 18; 28; 5; 26
8,78,0.29983,0.10256,5; 5; 8; 78; 10; 9; 22; 12
41,49,0.80005,0.83673,3; 4; 41; 49; 31; 7; 31; 10
12,70,0.30963,0.17143,5; 5; 12; 70; 19; 23; 13; 30
36,53,0.68917,0.67925,4; 3; 36; 53; 18; 15; 6; 21
12,63,0.2513,0.19048,8; 6; 12; 63; 9; 29; 9; 28
11,63,0.24106,0.1746,4; 8; 11; 63; 29; 5; 4; 21
9,63,0.22485,0.14286,13; 13; 9; 63; 5; 28; 27; 24
7,9,0.82042,0.77778,11; 31; 7; 9; 17; 20; 24; 23
22,63,0.42373,0.34921,3; 6; 22; 63; 31; 8; 30; 4
6,9,0.82636,0.66667,19; 33; 6; 9; 11; 32; 14; 32
7,49,0.19391,0.14286,18; 7; 7; 49; 20; 17; 10; 29
29,31,0.57005,0.93548,11; 3; 29; 31; 12; 20; 7; 11
13,77,0.3614,0.16883,4; 4; 13; 77; 26; 11; 32; 26
8,10,0.77358,0.8,12; 7; 8; 10; 31; 11; 30; 15
16,49,0.3541,0.32653,10; 12; 16; 49; 28; 11; 14; 13
12,78,0.37648,0.15385,4; 3; 12; 78; 5; 28; 17; 14
39,48,0.81557,0.8125,5; 3; 39; 48; 3; 28; 10; 14
6,75,0.30481,0.08,5; 3; 6; 75; 19; 29; 8; 17
9,42,0.27288,0.21429,3; 20; 9; 42; 27; 23; 20; 22
17,32,0.56258,0.53125,23; 23; 17; 32; 30; 8; 12; 18
9,70,0.23184,0.12857,8; 4; 9; 70; 20; 27; 31; 9
27,31,0.5805,0.87097,5; 11; 27; 31; 15; 14; 16; 13
10,49,0.22352,0.20408,18; 5; 10; 49; 19; 19; 13; 28
6,82,0.30894,0.07317,4; 5; 6; 82; 26; 6; 23; 14
11,49,0.2288,0.22449,4; 13; 11; 49; 16; 25; 19; 31
11,32,0.71747,0.34375,21; 23; 11; 32; 8; 17; 30; 19
8,64,0.20937,0.125,8; 8; 8; 64; 16; 12; 3; 21
7,9,0.80619,0.77778,20; 35; 7; 9; 20; 5; 16; 26
17,32,0.62318,0.53125,10; 15; 17; 32; 3; 25; 28; 27
25,32,0.58055,0.78125,6; 18; 25; 32; 31; 3; 32; 15
26,32,0.56313,0.8125,10; 14; 26; 32; 3; 31; 18; 5
7,78,0.3341,0.08974,6; 4; 7; 78; 10; 32; 30; 3
11,77,0.32585,0.14286,5; 5; 11; 77; 13; 30; 4; 14
15,31,0.63391,0.48387,19; 6; 15; 31; 12; 10; 25; 6
8,9,0.82517,0.88889,4; 19; 8; 9; 27; 30; 3; 32
11,75,0.33869,0.14667,3; 5; 11; 75; 3; 6; 28; 20
6,9,0.82168,0.66667,27; 4; 6; 9; 6; 30; 9; 19
6,82,0.3063,0.07317,5; 5; 6; 82; 22; 5; 12; 15
5,82,0.29479,0.06098,3; 4; 5; 82; 4; 24; 15; 26
10,75,0.26078,0.13333,3; 4; 10; 75; 15; 5; 9; 9
30,49,0.59833,0.61224,9; 6; 30; 49; 20; 9; 16; 7
12,64,0.27527,0.1875,8; 8; 12; 64; 14; 7; 8; 26
7,26,0.79692,0.26923,21; 23; 7; 26; 19; 25; 21; 28
12,78,0.35786,0.15385,3; 3; 12; 78; 12; 23; 10; 23
35,49,0.68421,0.71429,3; 5; 35; 49; 22; 16; 3; 22
10,77,0.31117,0.12987,3; 5; 10; 77; 30; 10; 6; 32
5,31,0.68972,0.16129,23; 8; 5; 31; 27; 26; 12; 20
13,26,0.66581,0.5,9; 14; 13; 26; 12; 32; 10; 32
8,64,0.20337,0.125,13; 7; 8; 64; 24; 30; 23; 12
8,10,0.8167,0.8,4; 9; 8; 10; 3; 21; 26; 5
20,48,0.44327,0.41667,11; 11; 20; 48; 8; 12; 9; 11
9,77,0.33408,0.11688,5; 3; 9; 77; 17; 19; 22; 13
6,70,0.18644,0.08571,3; 9; 6; 70; 25; 18; 20; 22
36,53,0.66354,0.67925,3; 3; 36; 53; 11; 14; 28; 9
8,9,0.81741,0.88889,3; 7; 8; 9; 15; 9; 7; 31
7,75,0.22223,0.09333,4; 3; 7; 75; 26; 20; 11; 11
16,63,0.3187,0.25397,8; 5; 16; 63; 14; 30; 9; 14
20,48,0.41733,0.41667,12; 8; 20; 48; 7; 12; 18; 23
5,78,0.27245,0.0641,3; 5; 5; 78; 5; 23; 19; 29
23,32,0.61869,0.71875,10; 11; 23; 32; 14; 19; 16; 29
16,53,0.32286,0.30189,13; 3; 16; 53; 22; 3; 18; 31
6,78,0.27926,0.07692,6; 3; 6; 78; 27; 8; 11; 14
19,64,0.38722,0.29688,4; 7; 19; 64; 24; 12; 5; 15
9,77,0.2991,0.11688,3; 4; 9; 77; 13; 22; 20; 26
7,9,0.82421,0.77778,17; 27; 7; 9; 8; 22; 15; 32
7,77,0.27362,0.09091,5; 3; 7; 77; 9; 17; 32; 8
5,82,0.27723,0.06098,5; 5; 5; 82; 31; 19; 4; 26
35,53,0.66839,0.66038,3; 4; 35; 53; 10; 14; 20; 4
13,75,0.35199,0.17333,5; 4; 13; 75; 31; 27; 17; 13
42,48,0.78676,0.875,4; 4; 42; 48; 26; 6; 8; 27
20,32,0.4497,0.625,19; 5; 20; 32; 13; 6; 17; 22
40,42,0.7275,0.95238,3; 6; 40; 42; 9; 25; 11; 23
8,9,0.84082,0.88889,35; 25; 8; 9; 14; 28; 12; 19
21,42,0.51554,0.5,16; 13; 21; 42; 16; 6; 26; 9
26,53,0.49088,0.49057,4; 8; 26; 53; 3; 28; 17; 18
6,9,0.81499,0.66667,37; 7; 6; 9; 20; 12; 30; 16
12,64,0.27944,0.1875,8; 3; 12; 64; 11; 24; 26; 17
8,9,0.82021,0.88889,32; 27; 8; 9; 31; 29; 21; 15
15,32,0.50454,0.46875,21; 7; 15; 32; 4; 17; 15; 8
24,49,0.49119,0.4898,5; 11; 24; 49; 10; 15; 21; 27
10,31,0.68712,0.32258,17; 15; 10; 31; 15; 20; 15; 10
14,32,0.60615,0.4375,3; 9; 14; 32; 8; 28; 26; 4
5,70,0.18786,0.07143,4; 4; 5; 70; 12; 22; 7; 10
22,63,0.3969,0.34921,5; 6; 22; 63; 4; 6; 24; 25
32,48,0.65599,0.66667,3; 6; 32; 48; 19; 6; 9; 4
9,70,0.2341,0.12857,7; 6; 9; 70; 32; 13; 11; 30
6,75,0.20338,0.08,5; 4; 6; 75; 9; 24; 8; 31
12,75,0.34686,0.16,5; 4; 12; 75; 23; 19; 25; 7
8,32,0.77553,0.25,3; 27; 8; 32; 28; 5; 29; 18
21,53,0.37825,0.39623,11; 8; 21; 53; 11; 5; 31; 28
12,78,0.34258,0.15385,4; 3; 12; 78; 25; 4; 30; 24
19,31,0.54675,0.6129,12; 5; 19; 31; 16; 21; 19; 31
13,48,0.2754,0.27083,7; 13; 13; 48; 18; 18; 16; 32
7,10,0.80192,0.7,27; 26; 7; 10; 7; 15; 5; 29
12,70,0.27285,0.17143,8; 8; 12; 70; 31; 19; 20; 21
5,70,0.21818,0.07143,6; 8; 5; 70; 14; 10; 23; 14
17,32,0.54904,0.53125,7; 9; 17; 32; 4; 32; 24; 22
16,70,0.33027,0.22857,4; 3; 16; 70; 20; 11; 18; 22
38,42,0.71007,0.90476,5; 3; 38; 42; 28; 28; 4; 11
33,48,0.68018,0.6875,4; 8; 33; 48; 17; 26; 28; 15
7,63,0.21028,0.11111,13; 8; 7; 63; 29; 31; 25; 6
31,32,0.57604,0.96875,15; 9; 31; 32; 12; 28; 10; 24
8,75,0.2608,0.10667,3; 6; 8; 75; 21; 23; 25; 6
28,31,0.6059,0.90323,8; 15; 28; 31; 19; 27; 17; 22
10,77,0.31019,0.12987,4; 5; 10; 77; 26; 9; 28; 4
15,48,0.34817,0.3125,4; 17; 15; 48; 4; 21; 19; 19
12,53,0.26907,0.22642,15; 13; 12; 53; 5; 13; 7; 19
25,26,0.49432,0.96154,16; 4; 25; 26; 11; 11; 13; 31
8,78,0.29187,0.10256,4; 4; 8; 78; 3; 14; 7; 4
13,77,0.37065,0.16883,3; 3; 13; 77; 22; 27; 6; 18
12,63,0.23544,0.19048,5; 10; 12; 63; 9; 29; 6; 9
6,9,0.81376,0.66667,30; 16; 6; 9; 21; 32; 28; 9
14,70,0.34718,0.2,6; 6; 14; 70; 25; 9; 7; 10
17,49,0.31888,0.34694,7; 7; 17; 49; 30; 8; 29; 16
30,49,0.60679,0.61224,7; 4; 30; 49; 23; 23; 7; 27
8,70,0.16748,0.11429,3; 7; 8; 70; 17; 16; 27; 10
30,49,0.57933,0.61224,8; 6; 30; 49; 8; 23; 22; 3
41,48,0.82972,0.85417,4; 3; 41; 48; 10; 19; 3; 25
6,82,0.32624,0.07317,4; 4; 6; 82; 3; 32; 28; 3
15,31,0.46873,0.48387,20; 26; 15; 31; 24; 25; 17; 27
6,82,0.35963,0.07317,3; 5; 6; 82; 4; 14; 29; 29
10,78,0.29266,0.12821,5; 5; 10; 78; 29; 9; 28; 15
11,78,0.3727,0.14103,4; 4; 11; 78; 11; 23; 7; 7
11,64,0.23936,0.17188,10; 4; 11; 64; 20; 7; 13; 4
6,48,0.15934,0.125,8; 16; 6; 48; 15; 32; 6; 13
6,9,0.81852,0.66667,13; 12; 6; 9; 6; 32; 19; 22
5,77,0.29205,0.06494,3; 7; 5; 77; 30; 19; 11; 6
9,48,0.19859,0.1875,6; 8; 9; 48; 18; 16; 23; 11
8,9,0.81723,0.88889,25; 8; 8; 9; 26; 32; 26; 6
5,63,0.15217,0.07937,8; 9; 5; 63; 24; 11; 10; 22
12,77,0.3807,0.15584,4; 3; 12; 77; 8; 10; 32; 19
5,78,0.25534,0.0641,5; 6; 5; 78; 11; 11; 18; 28
21,42,0.43451,0.5,4; 3; 21; 42; 20; 17; 13; 13
14,70,0.3337,0.2,3; 6; 14; 70; 4; 22; 23; 31
16,63,0.3227,0.25397,4; 6; 16; 63; 26; 8; 18; 28
8,75,0.28778,0.10667,5; 3; 8; 75; 25; 14; 14; 4
9,10,0.80142,0.9,37; 13; 9; 10; 24; 4; 16; 12
15,75,0.35531,0.2,3; 4; 15; 75; 15; 6; 31; 9
7,48,0.14927,0.14583,19; 16; 7; 48; 3; 17; 8; 26
23,26,0.51179,0.88462,8; 3; 23; 26; 13; 19; 20; 3
32,49,0.62869,0.65306,4; 5; 32; 49; 11; 22; 17; 21
40,42,0.71243,0.95238,8; 5; 40; 42; 17; 11; 28; 6
8,82,0.33911,0.09756,3; 4; 8; 82; 11; 17; 26; 31
11,53,0.2219,0.20755,10; 4; 11; 53; 21; 32; 19; 5
15,49,0.31638,0.30612,7; 5; 15; 49; 13; 20; 22; 27
11,77,0.30724,0.14286,4; 5; 11; 77; 28; 4; 31; 25
23,63,0.42382,0.36508,5; 3; 23; 63; 9; 23; 27; 8
31,53,0.61615,0.58491,4; 3; 31; 53; 10; 18; 28; 27
17,70,0.3664,0.24286,5; 5; 17; 70; 9; 27; 24; 21
6,9,0.83401,0.66667,4; 12; 6; 9; 32; 32; 8; 18
5,78,0.25528,0.0641,7; 6; 5; 78; 22; 29; 23; 22
13,32,0.45307,0.40625,16; 5; 13; 32; 4; 11; 28; 22
26,63,0.47857,0.4127,4; 3; 26; 63; 8; 7; 11; 9
15,42,0.31201,0.35714,20; 14; 15; 42; 15; 23; 22; 22
14,26,0.57645,0.53846,11; 27; 14; 26; 23; 3; 16; 19
5,26,0.73884,0.19231,18; 33; 5; 26; 15; 4; 22; 10
9,10,0.81619,0.9,21; 13; 9; 10; 18; 14; 11; 5
34,48,0.65979,0.70833,4; 8; 34; 48; 24; 8; 12; 28
6,78,0.32594,0.07692,5; 7; 6; 78; 23; 22; 13; 12
10,64,0.23876,0.15625,8; 9; 10; 64; 8; 26; 24; 11
22,63,0.46155,0.34921,5; 6; 22; 63; 31; 3; 12; 7
32,53,0.61589,0.60377,6; 5; 32; 53; 29; 30; 28; 4
18,26,0.78638,0.69231,17; 16; 18; 26; 26; 3; 14; 3
10,78,0.34325,0.12821,3; 3; 10; 78; 7; 21; 22; 7
41,48,0.77437,0.85417,3; 3; 41; 48; 17; 31; 20; 27
24,32,0.5622,0.75,12; 17; 24; 32; 17; 10; 17; 24
10,77,0.34887,0.12987,3; 4; 10; 77; 8; 27; 17; 5
18,31,0.52568,0.58065,4; 20; 18; 31; 5; 18; 23; 13
8,9,0.83134,0.88889,39; 21; 8; 9; 27; 17; 12; 23
20,63,0.37802,0.31746,7; 5; 20; 63; 6; 28; 18; 8
26,63,0.48417,0.4127,4; 4; 26; 63; 31; 5; 20; 27
14,31,0.61021,0.45161,9; 7; 14; 31; 4; 12; 20; 7
16,70,0.33795,0.22857,6; 4; 16; 70; 8; 12; 14; 32
16,70,0.35288,0.22857,4; 3; 16; 70; 18; 32; 22; 6
5,26,0.7164,0.19231,22; 24; 5; 26; 7; 16; 21; 31
7,9,0.8274,0.77778,12; 16; 7; 9; 17; 21; 30; 13
10,48,0.25204,0.20833,5; 14; 10; 48; 30; 15; 3; 14
5,64,0.1646,0.07812,13; 13; 5; 64; 9; 16; 25; 6
13,77,0.38525,0.16883,3; 4; 13; 77; 12; 9; 10; 9
16,26,0.82755,0.61538,9; 11; 16; 26; 20; 15; 17; 9
36,48,0.70518,0.75,3; 7; 36; 48; 15; 14; 16; 6
7,82,0.33847,0.08537,3; 4; 7; 82; 9; 29; 29; 3
26,31,0.72349,0.83871,10; 11; 26; 31; 18; 5; 29; 13
5,64,0.16776,0.07812,14; 10; 5; 64; 32; 12; 29; 9
6,77,0.29516,0.07792,5; 7; 6; 77; 14; 20; 28; 17
8,75,0.28563,0.10667,6; 3; 8; 75; 7; 18; 8; 23
20,64,0.38443,0.3125,5; 6; 20; 64; 27; 23; 12; 7
6,9,0.82877,0.66667,34; 38; 6; 9; 30; 28; 11; 18
23,48,0.44908,0.47917,5; 12; 23; 48; 21; 32; 10; 19
11,26,0.64419,0.42308,4; 4; 11; 26; 5; 14; 19; 32
8,9,0.80675,0.88889,27; 15; 8; 9; 25; 20; 25; 12
9,10,0.8109,0.9,11; 20; 9; 10; 16; 24; 30; 13
15,53,0.31252,0.28302,14; 15; 15; 53; 31; 28; 9; 22
5,10,0.79908,0.5,19; 23; 5; 10; 6; 21; 15; 25
15,48,0.34519,0.3125,3; 7; 15; 48; 10; 21; 6; 31
6,82,0.32342,0.07317,5; 5; 6; 82; 9; 14; 13; 32
25,42,0.53822,0.59524,14; 10; 25; 42; 22; 18; 31; 20
28,49,0.54411,0.57143,5; 7; 28; 49; 30; 25; 18; 9
15,70,0.34222,0.21429,6; 5; 15; 70; 14; 24; 21; 31
14,70,0.31787,0.2,4; 6; 14; 70; 13; 27; 20; 6
6,78,0.25099,0.07692,6; 3; 6; 78; 13; 30; 13; 32
7,63,0.21639,0.11111,6; 7; 7; 63; 28; 30; 30; 4
23,42,0.55026,0.54762,14; 14; 23; 42; 21; 14; 31; 28
5,9,0.8435,0.55556,42; 36; 5; 9; 12; 18; 7; 13
8,63,0.19495,0.12698,4; 4; 8; 63; 12; 22; 20; 19
7,64,0.18557,0.10938,8; 10; 7; 64; 32; 23; 9; 27
26,63,0.48143,0.4127,3; 3; 26; 63; 7; 9; 29; 24
5,9,0.82618,0.55556,38; 36; 5; 9; 18; 7; 31; 25
7,10,0.76747,0.7,26; 3; 7; 10; 12; 20; 7; 24
5,49,0.18633,0.10204,13; 10; 5; 49; 20; 25; 15; 14
21,64,0.38483,0.32812,6; 3; 21; 64; 12; 19; 14; 31
6,82,0.34811,0.07317,5; 3; 6; 82; 4; 17; 28; 13
12,53,0.25497,0.22642,10; 13; 12; 53; 31; 32; 12; 7
10,32,0.72714,0.3125,18; 9; 10; 32; 10; 21; 8; 27
5,9,0.82984,0.55556,41; 8; 5; 9; 15; 10; 14; 32
7,10,0.82712,0.7,4; 7; 7; 10; 3; 20; 27; 28
12,77,0.38184,0.15584,3; 4; 12; 77; 31; 8; 9; 19
33,48,0.64807,0.6875,5; 4; 33; 48; 26; 26; 15; 9
22,31,0.79263,0.70968,4; 17; 22; 31; 6; 4; 5; 8
36,53,0.71195,0.67925,4; 4; 36; 53; 20; 3; 7; 6
6,26,0.66982,0.23077,12; 22; 6; 26; 31; 25; 17; 5
17,70,0.35783,0.24286,3; 5; 17; 70; 11; 6; 24; 4
22,64,0.45596,0.34375,3; 4; 22; 64; 19; 14; 7; 3
8,82,0.32756,0.09756,4; 3; 8; 82; 5; 7; 5; 12
24,31,0.5726,0.77419,7; 3; 24; 31; 27; 14; 31; 25
12,48,0.25751,0.25,4; 17; 12; 48; 12; 10; 25; 31
39,42,0.75563,0.92857,6; 8; 39; 42; 11; 17; 21; 4
5,82,0.33592,0.06098,3; 5; 5; 82; 27; 18; 7; 6
28,53,0.5054,0.5283,6; 8; 28; 53; 32; 20; 6; 17
19,64,0.38621,0.29688,3; 3; 19; 64; 8; 30; 13; 12
16,31,0.51635,0.51613,17; 20; 16; 31; 5; 26; 18; 28
7,26,0.81247,0.26923,3; 9; 7; 26; 24; 30; 22; 19
7,78,0.29574,0.08974,4; 3; 7; 78; 15; 27; 10; 17
8,70,0.28293,0.11429,3; 3; 8; 70; 5; 15; 26; 14
7,42,0.29338,0.16667,9; 6; 7; 42; 6; 16; 28; 16
8,9,0.81666,0.88889,22; 21; 8; 9; 18; 29; 3; 17
5,10,0.8166,0.5,19; 10; 5; 10; 18; 20; 31; 7
10,77,0.32983,0.12987,3; 5; 10; 77; 20; 30; 18; 12
5,78,0.26291,0.0641,4; 5; 5; 78; 32; 11; 17; 26
40,49,0.79328,0.81633,4; 4; 40; 49; 13; 17; 5; 10
9,78,0.30631,0.11538,5; 3; 9; 78; 32; 14; 21; 14
8,10,0.82986,0.8,26; 12; 8; 10; 7; 5; 15; 8
8,82,0.39279,0.09756,4; 4; 8; 82; 18; 16; 3; 24
20,53,0.35819,0.37736,8; 11; 20; 53; 18; 26; 32; 14
7,26,0.6818,0.26923,18; 23; 7; 26; 7; 5; 19; 24
9,10,0.82057,0.9,36; 22; 9; 10; 24; 14; 28; 20
12,77,0.40779,0.15584,3; 4; 12; 77; 24; 27; 31; 12
11,78,0.34612,0.14103,3; 3; 11; 78; 14; 24; 9; 28
5,77,0.29174,0.06494,7; 4; 5; 77; 12; 6; 13; 9
15,70,0.34461,0.21429,3; 3; 15; 70; 18; 24; 8; 4
5,9,0.7974,0.55556,34; 15; 5; 9; 6; 16; 23; 19
8,82,0.34594,0.09756,3; 3; 8; 82; 29; 13; 6; 12
15,75,0.3773,0.2,3; 4; 15; 75; 22; 4; 24; 4
9,10,0.82729,0.9,28; 38; 9; 10; 6; 3; 29; 30
13,77,0.35952,0.16883,4; 3; 13; 77; 27; 22; 26; 15
16,48,0.35575,0.33333,14; 15; 16; 48; 21; 4; 3; 31
9,77,0.33779,0.11688,4; 3; 9; 77; 19; 29; 12; 9
6,32,0.72064,0.1875,9; 7; 6; 32; 15; 15; 14; 23
8,82,0.37837,0.09756,4; 3; 8; 82; 12; 4; 23; 16
35,48,0.70843,0.72917,7; 3; 35; 48; 7; 20; 22; 18
13,53,0.25726,0.24528,12; 3; 13; 53; 6; 17; 22; 4
17,31,0.42891,0.54839,9; 12; 17; 31; 11; 7; 20; 16
8,31,0.55544,0.25806,20; 29; 8; 31; 11; 13; 8; 21
10,75,0.30141,0.13333,6; 6; 10; 75; 5; 10; 20; 8
11,70,0.32393,0.15714,5; 8; 11; 70; 22; 24; 9; 27
38,42,0.70928,0.90476,5; 8; 38; 42; 29; 5; 12; 3
33,49,0.63496,0.67347,4; 4; 33; 49; 31; 20; 16; 23
7,63,0.15971,0.11111,5; 8; 7; 63; 24; 19; 18; 29
21,32,0.46469,0.65625,20; 13; 21; 32; 5; 10; 20; 11
11,32,0.50514,0.34375,11; 9; 11; 32; 30; 10; 15; 23
13,32,0.53819,0.40625,20; 7; 13; 32; 6; 4; 18; 12
10,63,0.2481,0.15873,3; 7; 10; 63; 14; 32; 32; 19
8,10,0.81516,0.8,24; 4; 8; 10; 21; 14; 13; 5
26,32,0.51769,0.8125,4; 17; 26; 32; 22; 6; 20; 32
21,49,0.38445,0.42857,10; 9; 21; 49; 11; 7; 24; 22
5,78,0.26858,0.0641,4; 4; 5; 78; 22; 24; 3; 29
27,31,0.62577,0.87097,6; 5; 27; 31; 20; 9; 13; 20
5,10,0.82135,0.5,21; 9; 5; 10; 5; 20; 23; 28
33,48,0.67212,0.6875,3; 7; 33; 48; 10; 4; 28; 10
14,64,0.31158,0.21875,3; 4; 14; 64; 27; 20; 25; 6
29,48,0.58717,0.60417,10; 6; 29; 48; 9; 17; 19; 8
7,9,0.82166,0.77778,24; 20; 7; 9; 27; 13; 19; 12
9,10,0.82222,0.9,27; 18; 9; 10; 8; 13; 6; 25
6,82,0.29924,0.07317,5; 5; 6; 82; 17; 23; 6; 7
12,75,0.36067,0.16,4; 4; 12; 75; 5; 13; 15; 28
30,32,0.45998,0.9375,16; 14; 30; 32; 11; 16; 10; 15
9,78,0.30761,0.11538,5; 4; 9; 78; 8; 32; 18; 20
9,77,0.29072,0.11688,5; 3; 9; 77; 18; 24; 23; 8
30,48,0.65393,0.625,3; 6; 30; 48; 19; 4; 21; 6
34,53,0.64576,0.64151,5; 5; 34; 53; 16; 29; 9; 3
6,82,0.28717,0.07317,4; 4; 6; 82; 27; 6; 4; 25
11,26,0.66947,0.42308,4; 26; 11; 26; 26; 19; 3; 28
7,82,0.3158,0.08537,4; 4; 7; 82; 28; 27; 26; 16
12,70,0.32372,0.17143,7; 4; 12; 70; 27; 29; 6; 10
21,31,0.57285,0.67742,18; 6; 21; 31; 5; 16; 17; 16
7,82,0.35225,0.08537,4; 3; 7; 82; 13; 3; 5; 26
8,78,0.32393,0.10256,4; 3; 8; 78; 23; 9; 3; 5
8,9,0.81518,0.88889,3; 4; 8; 9; 29; 11; 24; 17
6,9,0.82287,0.66667,5; 31; 6; 9; 10; 28; 16; 20
23,53,0.43488,0.43396,9; 6; 23; 53; 29; 13; 10; 28
7,10,0.80606,0.7,38; 29; 7; 10; 16; 32; 4; 14
25,31,0.58822,0.80645,14; 6; 25; 31; 10; 12; 27; 12
5,82,0.29866,0.06098,3; 3; 5; 82; 7; 27; 29; 18
5,75,0.23157,0.06667,9; 5; 5; 75; 27; 10; 4; 32
25,26,0.65795,0.96154,21; 3; 25; 26; 8; 23; 30; 31
10,70,0.31022,0.14286,9; 8; 10; 70; 9; 5; 22; 3
31,32,0.65413,0.96875,15; 9; 31; 32; 12; 30; 27; 3
23,53,0.43599,0.43396,3; 3; 23; 53; 3; 16; 27; 29
6,9,0.8093,0.66667,3; 8; 6; 9; 11; 14; 3; 12
5,75,0.24126,0.06667,5; 8; 5; 75; 7; 19; 29; 28
9,77,0.30677,0.11688,3; 6; 9; 77; 18; 23; 16; 24
14,48,0.31625,0.29167,8; 14; 14; 48; 26; 20; 12; 13
24,53,0.43717,0.45283,4; 5; 24; 53; 28; 11; 20; 24
20,53,0.395,0.37736,6; 4; 20; 53; 15; 15; 9; 15
17,53,0.34406,0.32075,12; 9; 17; 53; 24; 10; 10; 18
26,42,0.52103,0.61905,7; 13; 26; 42; 20; 14; 27; 25
11,78,0.34123,0.14103,3; 4; 11; 78; 14; 17; 22; 22
11,75,0.33601,0.14667,4; 5; 11; 75; 8; 20; 3; 26
20,53,0.37849,0.37736,3; 6; 20; 53; 19; 22; 19; 20
11,78,0.34641,0.14103,3; 3; 11; 78; 4; 27; 16; 31
25,32,0.4882,0.78125,10; 4; 25; 32; 13; 4; 16; 10
40,42,0.76576,0.95238,5; 7; 40; 42; 10; 15; 15; 19
7,9,0.815,0.77778,38; 26; 7; 9; 17; 29; 14; 21
29,42,0.60864,0.69048,8; 7; 29; 42; 10; 9; 16; 25
5,77,0.30032,0.06494,3; 3; 5; 77; 3; 28; 3; 20
13,64,0.27949,0.20312,6; 5; 13; 64; 16; 9; 8; 24
16,26,0.69277,0.61538,8; 20; 16; 26; 18; 17; 29; 29
8,82,0.36164,0.09756,3; 3; 8; 82; 30; 5; 18; 26
19,63,0.33194,0.30159,8; 3; 19; 63; 27; 4; 17; 16
5,77,0.2523,0.06494,5; 7; 5; 77; 31; 20; 23; 10
38,42,0.69301,0.90476,6; 6; 38; 42; 20; 8; 13; 10
6,10,0.8068,0.6,18; 12; 6; 10; 21; 31; 4; 25
20,49,0.39428,0.40816,10; 11; 20; 49; 22; 19; 13; 8
6,78,0.28229,0.07692,5; 4; 6; 78; 3; 29; 27; 16
6,49,0.14712,0.12245,16; 4; 6; 49; 16; 15; 9; 25
8,82,0.35673,0.09756,4; 4; 8; 82; 7; 5; 28; 4
8,82,0.33275,0.09756,4; 3; 8; 82; 14; 15; 19; 22
40,48,0.77999,0.83333,3; 4; 40; 48; 14; 27; 28; 8
23,49,0.48326,0.46939,8; 3; 23; 49; 11; 18; 16; 29
25,32,0.55944,0.78125,9; 17; 25; 32; 7; 14; 10; 18
7,78,0.277,0.08974,5; 3; 7; 78; 19; 28; 15; 26
15,70,0.33641,0.21429,3; 5; 15; 70; 25; 14; 13; 14
8,9,0.7805,0.88889,38; 16; 8; 9; 29; 12; 27; 9
5,9,0.80547,0.55556,14; 42; 5; 9; 25; 8; 30; 22
7,9,0.83281,0.77778,36; 40; 7; 9; 7; 25; 27; 6
9,70,0.30091,0.12857,4; 9; 9; 70; 9; 23; 20; 31
18,49,0.39915,0.36735,7; 10; 18; 49; 27; 6; 31; 16
9,10,0.8202,0.9,4; 5; 9; 10; 28; 7; 28; 24
9,10,0.79584,0.9,19; 30; 9; 10; 25; 3; 25; 9
7,32,0.64863,0.21875,20; 20; 7; 32; 31; 6; 17; 8
8,10,0.81053,0.8,34; 39; 8; 10; 7; 11; 21; 16
11,78,0.3127,0.14103,4; 3; 11; 78; 20; 20; 22; 31
22,64,0.42685,0.34375,6; 4; 22; 64; 27; 27; 30; 13
10,64,0.20876,0.15625,9; 3; 10; 64; 19; 13; 30; 8
7,64,0.20883,0.10938,9; 3; 7; 64; 10; 17; 16; 9
42,48,0.81682,0.875,3; 3; 42; 48; 31; 28; 3; 22
21,48,0.44304,0.4375,8; 12; 21; 48; 16; 3; 5; 25
26,63,0.46286,0.4127,3; 3; 26; 63; 21; 31; 28; 10
12,77,0.35358,0.15584,3; 4; 12; 77; 13; 15; 5; 23
5,9,0.83278,0.55556,21; 24; 5; 9; 29; 26; 5; 3
22,26,0.63808,0.84615,22; 17; 22; 26; 17; 30; 16; 24
13,75,0.36476,0.17333,5; 5; 13; 75; 3; 30; 22; 25
5,77,0.29967,0.06494,7; 3; 5; 77; 4; 5; 16; 3
21,26,0.79099,0.80769,21; 22; 21; 26; 20; 28; 3; 30
6,78,0.24866,0.07692,4; 4; 6; 78; 28; 30; 15; 8
34,42,0.6559,0.80952,10; 5; 34; 42; 6; 29; 24; 13
6,10,0.82567,0.6,17; 7; 6; 10; 29; 8; 32; 7
14,32,0.69961,0.4375,10; 25; 14; 32; 3; 24; 8; 13
20,31,0.48091,0.64516,5; 5; 20; 31; 10; 22; 26; 17
18,42,0.42338,0.42857,9; 9; 18; 42; 12; 24; 15; 11
35,42,0.68412,0.83333,3; 8; 35; 42; 3; 28; 18; 30
12,75,0.31373,0.16,4; 5; 12; 75; 14; 22; 20; 6
9,64,0.21511,0.14062,9; 5; 9; 64; 5; 12; 13; 16
12,77,0.37148,0.15584,4; 3; 12; 77; 7; 20; 25; 21
15,26,0.73601,0.57692,23; 26; 15; 26; 18; 23; 29; 26
22,31,0.48313,0.70968,19; 11; 22; 31; 11; 14; 5; 30
35,53,0.64682,0.66038,5; 5; 35; 53; 29; 21; 14; 8
16,49,0.35425,0.32653,6; 4; 16; 49; 15; 3; 31; 23
18,70,0.39348,0.25714,5; 3; 18; 70; 12; 6; 13; 18
12,42,0.343,0.28571,12; 21; 12; 42; 3; 12; 23; 30
18,63,0.36615,0.28571,7; 5; 18; 63; 21; 22; 17; 13
27,53,0.51347,0.50943,7; 6; 27; 53; 14; 10; 27; 16
15,63,0.31204,0.2381,4; 4; 15; 63; 22; 14; 19; 9
19,49,0.36352,0.38776,15; 12; 19; 49; 8; 19; 9; 18
12,42,0.30765,0.28571,5; 19; 12; 42; 19; 15; 11; 14
35,49,0.68582,0.71429,3; 4; 35; 49; 5; 4; 13; 29
13,42,0.51886,0.30952,9; 5; 13; 42; 11; 11; 14; 7
11,63,0.25935,0.1746,12; 8; 11; 63; 10; 14; 15; 17
26,64,0.46705,0.40625,4; 3; 26; 64; 4; 16; 3; 6
22,64,0.38821,0.34375,5; 5; 22; 64; 11; 27; 21; 24
8,64,0.23308,0.125,11; 4; 8; 64; 13; 13; 22; 10
13,77,0.34678,0.16883,4; 3; 13; 77; 9; 25; 9; 25
25,64,0.47037,0.39062,4; 4; 25; 64; 10; 14; 7; 5
25,63,0.44561,0.39683,4; 3; 25; 63; 21; 23; 15; 8
36,53,0.71671,0.67925,3; 3; 36; 53; 11; 17; 23; 8
5,64,0.20385,0.07812,13; 13; 5; 64; 31; 13; 5; 8
14,48,0.31229,0.29167,9; 8; 14; 48; 5; 4; 25; 16
12,63,0.25956,0.19048,9; 10; 12; 63; 21; 23; 6; 13
9,31,0.50171,0.29032,16; 20; 9; 31; 30; 18; 12; 18
5,10,0.82231,0.5,7; 10; 5; 10; 6; 10; 22; 9
8,10,0.82223,0.8,19; 12; 8; 10; 12; 6; 20; 24
6,9,0.82922,0.66667,25; 4; 6; 9; 10; 28; 15; 31
6,77,0.22823,0.07792,3; 3; 6; 77; 18; 4; 23; 16
7,64,0.19142,0.10938,13; 12; 7; 64; 20; 32; 12; 18
6,9,0.82655,0.66667,5; 33; 6; 9; 27; 14; 12; 12
15,70,0.36161,0.21429,3; 3; 15; 70; 28; 22; 16; 30
8,82,0.29159,0.09756,4; 3; 8; 82; 12; 5; 30; 21
11,70,0.31624,0.15714,7; 3; 11; 70; 14; 28; 31; 17
12,63,0.25195,0.19048,6; 6; 12; 63; 21; 3; 9; 7
26,31,0.55996,0.83871,8; 8; 26; 31; 31; 16; 17; 4
18,26,0.5707,0.69231,21; 4; 18; 26; 17; 9; 24; 4
25,53,0.45892,0.4717,7; 10; 25; 53; 13; 20; 24; 31
25,64,0.46855,0.39062,4; 3; 25; 64; 8; 6; 15; 32
9,77,0.33389,0.11688,6; 4; 9; 77; 4; 20; 23; 5
18,42,0.42951,0.42857,8; 9; 18; 42; 29; 22; 31; 15
27,53,0.50092,0.50943,5; 4; 27; 53; 11; 10; 30; 19
14,53,0.28113,0.26415,12; 10; 14; 53; 11; 16; 27; 19
5,82,0.30291,0.06098,3; 5; 5; 82; 13; 8; 6; 15
16,70,0.35755,0.22857,3; 5; 16; 70; 27; 22; 18; 27
6,9,0.82295,0.66667,39; 3; 6; 9; 14; 30; 32; 12
8,10,0.79231,0.8,32; 6; 8; 10; 23; 19; 21; 4
9,53,0.21944,0.16981,7; 9; 9; 53; 31; 8; 15; 4
29,42,0.59866,0.69048,10; 8; 29; 42; 4; 19; 17; 6
7,10,0.80967,0.7,36; 3; 7; 10; 8; 25; 10; 15
13,49,0.32669,0.26531,5; 5; 13; 49; 4; 5; 29; 5
7,82,0.27462,0.08537,3; 4; 7; 82; 17; 13; 23; 10
6,82,0.35429,0.07317,4; 4; 6; 82; 26; 28; 4; 13
32,53,0.60653,0.60377,4; 4; 32; 53; 6; 20; 31; 28
40,49,0.78362,0.81633,3; 4; 40; 49; 23; 22; 6; 18
6,75,0.27638,0.08,3; 6; 6; 75; 29; 4; 21; 6
19,26,0.59876,0.73077,18; 18; 19; 26; 19; 25; 12; 11
16,63,0.32626,0.25397,9; 8; 16; 63; 7; 8; 19; 5
8,82,0.34954,0.09756,4; 4; 8; 82; 26; 29; 3; 24
16,31,0.58189,0.51613,15; 20; 16; 31; 14; 26; 6; 6
8,82,0.34408,0.09756,3; 4; 8; 82; 22; 15; 26; 6
37,53,0.70298,0.69811,3; 4; 37; 53; 26; 12; 18; 24
15,26,0.77564,0.57692,22; 21; 15; 26; 28; 8; 16; 5
20,31,0.4627,0.64516,21; 16; 20; 31; 32; 6; 31; 20
5,9,0.82414,0.55556,25; 15; 5; 9; 30; 19; 12; 10
7,77,0.32034,0.09091,7; 7; 7; 77; 4; 18; 15; 12
8,82,0.33846,0.09756,3; 4; 8; 82; 4; 13; 16; 31
30,32,0.57955,0.9375,7; 12; 30; 32; 22; 9; 6; 25
16,64,0.31768,0.25,7; 4; 16; 64; 20; 19; 14; 6
34,53,0.6169,0.64151,4; 4; 34; 53; 11; 8; 32; 31
34,49,0.6707,0.69388,7; 5; 34; 49; 18; 12; 24; 23
35,49,0.69153,0.71429,6; 3; 35; 49; 7; 15; 19; 4
5,9,0.7946,0.55556,8; 5; 5; 9; 10; 18; 32; 13
5,9,0.8269,0.55556,16; 32; 5; 9; 28; 26; 12; 23
8,42,0.32407,0.19048,16; 22; 8; 42; 4; 19; 19; 21
12,75,0.31192,0.16,5; 4; 12; 75; 24; 15; 3; 4
14,63,0.29503,0.22222,8; 4; 14; 63; 7; 27; 13; 8
20,64,0.38836,0.3125,7; 6; 20; 64; 31; 30; 4; 4
12,49,0.2487,0.2449,15; 10; 12; 49; 18; 20; 10; 18
19,63,0.36894,0.30159,8; 8; 19; 63; 13; 19; 9; 30
6,82,0.28264,0.07317,5; 3; 6; 82; 14; 10; 11; 27
7,82,0.31824,0.08537,3; 3; 7; 82; 7; 27; 27; 25
20,49,0.41848,0.40816,6; 10; 20; 49; 29; 23; 12; 22
6,9,0.83601,0.66667,23; 40; 6; 9; 27; 30; 31; 7
11,26,0.75062,0.42308,16; 13; 11; 26; 8; 14; 17; 31
8,75,0.20006,0.10667,7; 3; 8; 75; 6; 23; 23; 4
32,42,0.63888,0.7619,9; 7; 32; 42; 9; 30; 28; 28
5,78,0.31058,0.0641,6; 7; 5; 78; 21; 13; 7; 19
10,42,0.43239,0.2381,20; 8; 10; 42; 25; 20; 22; 21
29,31,0.60778,0.93548,11; 9; 29; 31; 11; 22; 18; 11
35,49,0.68374,0.71429,7; 4; 35; 49; 11; 26; 6; 6
18,26,0.44228,0.69231,27; 8; 18; 26; 8; 22; 26; 23
29,32,0.64809,0.90625,5; 16; 29; 32; 31; 21; 30; 12
15,63,0.29651,0.2381,5; 7; 15; 63; 10; 13; 29; 32
7,9,0.82189,0.77778,5; 12; 7; 9; 6; 8; 16; 20
13,77,0.35447,0.16883,4; 4; 13; 77; 12; 21; 26; 11
20,53,0.37248,0.37736,12; 9; 20; 53; 18; 31; 4; 12
8,75,0.25291,0.10667,3; 7; 8; 75; 24; 13; 16; 10
5,64,0.15191,0.07812,13; 10; 5; 64; 16; 23; 3; 12
23,53,0.45297,0.43396,9; 7; 23; 53; 20; 9; 16; 27
6,78,0.32437,0.07692,3; 3; 6; 78; 15; 6; 27; 24
7,9,0.82793,0.77778,31; 35; 7; 9; 27; 8; 27; 5
5,10,0.81126,0.5,40; 12; 5; 10; 7; 23; 23; 21
26,64,0.47866,0.40625,3; 4; 26; 64; 25; 24; 23; 22
11,70,0.28231,0.15714,3; 3; 11; 70; 11; 11; 27; 20
17,31,0.44676,0.54839,24; 9; 17; 31; 3; 9; 24; 10
18,26,0.54168,0.69231,10; 17; 18; 26; 16; 6; 21; 32
5,82,0.35843,0.06098,4; 5; 5; 82; 4; 4; 8; 18
5,63,0.16331,0.07937,10; 6; 5; 63; 9; 25; 32; 15
25,63,0.4472,0.39683,3; 3; 25; 63; 6; 21; 22; 11
10,77,0.32339,0.12987,3; 3; 10; 77; 14; 4; 26; 24
32,53,0.59212,0.60377,5; 4; 32; 53; 29; 12; 23; 18
32,42,0.65019,0.7619,10; 7; 32; 42; 28; 20; 23; 7
15,26,0.69456,0.57692,14; 18; 15; 26; 28; 22; 22; 18
22,64,0.42406,0.34375,6; 4; 22; 64; 15; 27; 13; 27
12,70,0.28504,0.17143,4; 6; 12; 70; 5; 25; 25; 26
6,9,0.82714,0.66667,3; 16; 6; 9; 17; 16; 4; 4
21,63,0.40476,0.33333,5; 7; 21; 63; 20; 13; 6; 13
25,53,0.42881,0.4717,3; 3; 25; 53; 12; 14; 27; 23
13,75,0.319,0.17333,4; 4; 13; 75; 23; 23; 25; 17
8,49,0.19024,0.16327,3; 20; 8; 49; 7; 9; 31; 3
19,31,0.52055,0.6129,16; 23; 19; 31; 24; 29; 10; 8
38,42,0.69271,0.90476,5; 9; 38; 42; 8; 17; 10; 32
23,31,0.46109,0.74194,7; 12; 23; 31; 13; 10; 14; 11
10,78,0.37809,0.12821,4; 3; 10; 78; 26; 6; 12; 19
13,75,0.36081,0.17333,4; 3; 13; 75; 29; 16; 23; 21
7,78,0.2801,0.08974,5; 6; 7; 78; 17; 7; 25; 27
13,75,0.3329,0.17333,3; 4; 13; 75; 19; 5; 25; 12
10,75,0.31061,0.13333,5; 5; 10; 75; 5; 32; 12; 10
6,70,0.18184,0.08571,7; 7; 6; 70; 5; 13; 12; 13
12,75,0.33408,0.16,3; 3; 12; 75; 11; 22; 31; 30
11,42,0.34429,0.2619,3; 21; 11; 42; 31; 16; 4; 26
41,48,0.79486,0.85417,4; 4; 41; 48; 19; 19; 31; 13
27,49,0.56094,0.55102,4; 10; 27; 49; 11; 7; 28; 18
20,31,0.5062,0.64516,15; 15; 20; 31; 28; 19; 21; 12
26,42,0.56243,0.61905,15; 5; 26; 42; 22; 5; 18; 24
9,78,0.30686,0.11538,3; 5; 9; 78; 29; 19; 13; 24
9,32,0.49039,0.28125,19; 20; 9; 32; 31; 24; 25; 9
6,82,0.29254,0.07317,5; 5; 6; 82; 5; 28; 5; 9
11,70,0.29471,0.15714,5; 3; 11; 70; 30; 7; 25; 7
14,49,0.29912,0.28571,12; 17; 14; 49; 21; 18; 7; 4
8,42,0.28065,0.19048,13; 22; 8; 42; 4; 13; 20; 25
7,82,0.31917,0.08537,3; 4; 7; 82; 26; 9; 15; 18
5,82,0.28262,0.06098,4; 4; 5; 82; 3; 23; 5; 14
21,49,0.44386,0.42857,3; 6; 21; 49; 3; 24; 17; 16
6,10,0.81787,0.6,22; 31; 6; 10; 13; 26; 18; 12
9,10,0.79478,0.9,28; 8; 9; 10; 18; 8; 6; 17
24,42,0.51739,0.57143,16; 5; 24; 42; 12; 14; 8; 4
10,77,0.29057,0.12987,4; 5; 10; 77; 5; 7; 8; 10
6,78,0.30388,0.07692,5; 3; 6; 78; 14; 19; 10; 30
7,78,0.2357,0.08974,4; 3; 7; 78; 24; 10; 11; 5
25,53,0.46957,0.4717,10; 8; 25; 53; 21; 16; 16; 9
10,64,0.23932,0.15625,8; 5; 10; 64; 24; 21; 15; 15
24,63,0.44256,0.38095,4; 4; 24; 63; 23; 11; 28; 18
18,63,0.37523,0.28571,4; 7; 18; 63; 29; 10; 27; 5
8,49,0.20235,0.16327,19; 12; 8; 49; 19; 24; 25; 19
11,42,0.32873,0.2619,12; 3; 11; 42; 22; 5; 18; 22
22,31,0.50404,0.70968,6; 7; 22; 31; 18; 30; 28; 11
16,31,0.48029,0.51613,3; 3; 16; 31; 7; 21; 11; 20
26,31,0.57108,0.83871,8; 16; 26; 31; 31; 15; 17; 19
9,10,0.83347,0.9,30; 28; 9; 10; 28; 11; 5; 3
25,49,0.51267,0.5102,8; 5; 25; 49; 11; 12; 20; 16
6,75,0.23351,0.08,8; 8; 6; 75; 15; 17; 13; 4
6,64,0.18859,0.09375,3; 7; 6; 64; 24; 15; 5; 7
7,9,0.80931,0.77778,26; 4; 7; 9; 9; 15; 12; 21
21,42,0.49079,0.5,6; 3; 21; 42; 26; 17; 31; 6
6,75,0.22093,0.08,4; 6; 6; 75; 6; 14; 19; 13
9,31,0.41289,0.29032,17; 26; 9; 31; 10; 9; 8; 28
19,26,0.60446,0.73077,25; 21; 19; 26; 24; 18; 18; 18
8,70,0.25568,0.11429,8; 7; 8; 70; 11; 4; 14; 14
7,78,0.28167,0.08974,5; 4; 7; 78; 23; 6; 4; 14
19,70,0.41241,0.27143,3; 4; 19; 70; 16; 25; 19; 28
7,9,0.79108,0.77778,24; 6; 7; 9; 5; 20; 27; 11
7,9,0.79718,0.77778,34; 5; 7; 9; 11; 16; 26; 8
7,63,0.1523,0.11111,9; 4; 7; 63; 3; 10; 18; 21
11,75,0.30283,0.14667,5; 5; 11; 75; 12; 29; 23; 6
5,48,0.15304,0.10417,3; 6; 5; 48; 16; 15; 12; 17
20,64,0.39447,0.3125,7; 6; 20; 64; 4; 4; 20; 17
8,77,0.29799,0.1039,3; 4; 8; 77; 13; 7; 6; 18
18,26,0.63123,0.69231,4; 21; 18; 26; 21; 21; 21; 13
8,9,0.82588,0.88889,15; 19; 8; 9; 22; 25; 16; 27
20,63,0.38351,0.31746,4; 5; 20; 63; 5; 31; 7; 8
13,49,0.28623,0.26531,9; 15; 13; 49; 11; 16; 4; 25
16,63,0.32173,0.25397,8; 6; 16; 63; 27; 32; 24; 8
24,26,0.51077,0.92308,24; 11; 24; 26; 31; 20; 19; 24
21,64,0.38947,0.32812,3; 3; 21; 64; 17; 28; 4; 10
17,70,0.37421,0.24286,4; 5; 17; 70; 17; 7; 12; 26
13,64,0.27974,0.20312,10; 4; 13; 64; 3; 9; 25; 27
5,78,0.31774,0.0641,7; 3; 5; 78; 30; 4; 20; 4
8,48,0.20399,0.16667,5; 8; 8; 48; 23; 7; 15; 5
24,31,0.55432,0.77419,14; 7; 24; 31; 22; 3; 27; 30
16,26,0.61051,0.61538,7; 18; 16; 26; 3; 22; 6; 8
5,82,0.32848,0.06098,3; 5; 5; 82; 27; 20; 13; 18
7,78,0.3001,0.08974,3; 3; 7; 78; 11; 8; 20; 24
6,10,0.81918,0.6,39; 29; 6; 10; 5; 5; 27; 17
33,48,0.63602,0.6875,4; 5; 33; 48; 32; 13; 18; 4
18,42,0.43284,0.42857,18; 14; 18; 42; 10; 26; 28; 6
26,32,0.60235,0.8125,4; 13; 26; 32; 10; 24; 11; 21
10,77,0.28623,0.12987,5; 5; 10; 77; 20; 13; 7; 12
38,42,0.70028,0.90476,3; 6; 38; 42; 31; 26; 4; 22
7,48,0.18388,0.14583,6; 5; 7; 48; 7; 5; 13; 14
8,31,0.76429,0.25806,24; 25; 8; 31; 9; 13; 27; 3
8,78,0.2897,0.10256,3; 3; 8; 78; 7; 8; 6; 10
22,63,0.43235,0.34921,3; 4; 22; 63; 7; 10; 25; 8
25,48,0.51722,0.52083,6; 7; 25; 48; 11; 21; 16; 15
10,49,0.2503,0.20408,3; 8; 10; 49; 6; 31; 5; 21
12,32,0.47567,0.375,6; 19; 12; 32; 23; 20; 11; 8
9,78,0.28841,0.11538,5; 3; 9; 78; 7; 26; 22; 31
9,53,0.18073,0.16981,13; 10; 9; 53; 30; 16; 23; 26
5,49,0.1546,0.10204,18; 12; 5; 49; 12; 3; 21; 29
7,77,0.3154,0.09091,3; 7; 7; 77; 14; 5; 32; 16
29,32,0.59084,0.90625,15; 5; 29; 32; 14; 14; 10; 18
9,75,0.30165,0.12,6; 5; 9; 75; 25; 10; 4; 27
31,49,0.59481,0.63265,7; 9; 31; 49; 15; 22; 12; 30
6,82,0.34292,0.07317,3; 3; 6; 82; 5; 5; 26; 13
6,9,0.81872,0.66667,25; 15; 6; 9; 21; 10; 14; 15
26,48,0.53078,0.54167,9; 4; 26; 48; 6; 18; 4; 9
8,10,0.82472,0.8,27; 10; 8; 10; 30; 20; 28; 9
6,9,0.8017,0.66667,15; 7; 6; 9; 23; 18; 19; 32
11,78,0.33511,0.14103,3; 4; 11; 78; 10; 6; 11; 7
35,49,0.66608,0.71429,5; 6; 35; 49; 23; 16; 28; 25
6,10,0.80651,0.6,28; 10; 6; 10; 12; 19; 20; 31
6,64,0.21822,0.09375,13; 9; 6; 64; 12; 28; 30; 20
25,26,0.50521,0.96154,22; 9; 25; 26; 13; 32; 19; 9
6,9,0.81221,0.66667,35; 5; 6; 9; 29; 4; 24; 16
32,49,0.66617,0.65306,5; 6; 32; 49; 22; 16; 5; 18
5,53,0.12983,0.09434,16; 19; 5; 53; 4; 14; 26; 30
8,78,0.26369,0.10256,4; 4; 8; 78; 28; 4; 21; 29
21,31,0.57797,0.67742,16; 16; 21; 31; 17; 23; 15; 7
16,63,0.30793,0.25397,5; 3; 16; 63; 22; 4; 30; 12
6,82,0.33288,0.07317,5; 3; 6; 82; 19; 18; 22; 26
6,70,0.22847,0.08571,11; 9; 6; 70; 7; 10; 10; 9
10,78,0.35092,0.12821,5; 4; 10; 78; 11; 29; 23; 18
5,70,0.21754,0.07143,5; 9; 5; 70; 12; 3; 3; 15
8,82,0.36013,0.09756,4; 3; 8; 82; 15; 22; 24; 13
9,78,0.32334,0.11538,3; 3; 9; 78; 3; 32; 9; 10
7,53,0.16864,0.13208,7; 10; 7; 53; 26; 29; 14; 23
6,75,0.29966,0.08,8; 5; 6; 75; 14; 32; 22; 28
39,49,0.7818,0.79592,3; 4; 39; 49; 6; 22; 17; 25
15,42,0.38644,0.35714,8; 20; 15; 42; 32; 16; 16; 10
9,10,0.81058,0.9,9; 20; 9; 10; 30; 3; 8; 17
8,48,0.15595,0.16667,17; 14; 8; 48; 12; 15; 11; 8
9,26,0.77582,0.34615,18; 6; 9; 26; 22; 17; 30; 5
10,78,0.31778,0.12821,3; 4; 10; 78; 18; 27; 32; 4
14,49,0.28079,0.28571,7; 6; 14; 49; 24; 17; 17; 9
8,77,0.33072,0.1039,4; 5; 8; 77; 29; 25; 17; 15
6,77,0.23103,0.07792,7; 5; 6; 77; 10; 32; 12; 13
9,10,0.81598,0.9,30; 3; 9; 10; 7; 9; 19; 4
23,53,0.45,0.43396,10; 10; 23; 53; 32; 11; 8; 18
12,64,0.24753,0.1875,3; 7; 12; 64; 28; 20; 7; 8
30,53,0.56553,0.56604,5; 5; 30; 53; 17; 25; 23; 24
24,26,0.48214,0.92308,14; 11; 24; 26; 4; 23; 28; 4
5,78,0.26024,0.0641,4; 5; 5; 78; 4; 17; 23; 16
8,9,0.79534,0.88889,31; 20; 8; 9; 7; 32; 26; 32
29,31,0.48334,0.93548,13; 10; 29; 31; 27; 19; 15; 3
20,64,0.42237,0.3125,4; 4; 20; 64; 3; 4; 26; 13
6,82,0.29295,0.07317,3; 3; 6; 82; 13; 29; 25; 7
20,42,0.47245,0.47619,14; 8; 20; 42; 24; 16; 28; 13
23,63,0.43985,0.36508,4; 6; 23; 63; 7; 24; 28; 19
9,53,0.16052,0.16981,8; 13; 9; 53; 21; 26; 11; 28
22,48,0.46221,0.45833,4; 11; 22; 48; 10; 12; 29; 32
22,32,0.56819,0.6875,17; 14; 22; 32; 6; 27; 6; 9
10,78,0.29995,0.12821,4; 3; 10; 78; 32; 22; 22; 6
41,49,0.79897,0.83673,3; 3; 41; 49; 4; 26; 20; 9
9,63,0.21525,0.14286,4; 5; 9; 63; 15; 23; 26; 19
8,49,0.19638,0.16327,6; 19; 8; 49; 4; 11; 8; 14
22,42,0.43391,0.52381,14; 5; 22; 42; 15; 12; 15; 11
39,49,0.79397,0.79592,4; 5; 39; 49; 16; 11; 11; 32
14,63,0.27861,0.22222,9; 3; 14; 63; 13; 28; 24; 21
26,64,0.46936,0.40625,3; 4; 26; 64; 21; 11; 20; 13
6,10,0.8256,0.6,11; 32; 6; 10; 20; 6; 21; 8
8,78,0.27179,0.10256,4; 3; 8; 78; 24; 25; 23; 23
23,26,0.52501,0.88462,23; 7; 23; 26; 25; 23; 8; 12
11,78,0.34664,0.14103,4; 4; 11; 78; 14; 5; 15; 27
12,53,0.25553,0.22642,16; 10; 12; 53; 21; 12; 31; 13
8,26,0.68863,0.30769,29; 5; 8; 26; 11; 28; 8; 8
6,82,0.29791,0.07317,5; 4; 6; 82; 18; 10; 28; 16
13,77,0.34046,0.16883,4; 3; 13; 77; 17; 15; 20; 30
13,26,0.56722,0.5,9; 22; 13; 26; 12; 20; 12; 19
13,31,0.55873,0.41935,18; 27; 13; 31; 14; 17; 24; 21
14,63,0.29292,0.22222,3; 8; 14; 63; 15; 31; 6; 10
9,75,0.31445,0.12,6; 7; 9; 75; 4; 15; 12; 15
23,64,0.39631,0.35938,3; 4; 23; 64; 5; 4; 32; 8
30,42,0.61766,0.71429,5; 5; 30; 42; 22; 12; 21; 18
17,63,0.34314,0.26984,3; 8; 17; 63; 6; 7; 15; 32
10,75,0.29522,0.13333,4; 5; 10; 75; 7; 27; 3; 13
8,70,0.24487,0.11429,5; 5; 8; 70; 12; 3; 14; 21
11,70,0.32655,0.15714,6; 3; 11; 70; 23; 12; 11; 22
29,31,0.62707,0.93548,5; 3; 29; 31; 30; 30; 16; 20
29,49,0.58674,0.59184,6; 6; 29; 49; 4; 17; 22; 21
25,64,0.43626,0.39062,3; 4; 25; 64; 22; 15; 6; 6
12,32,0.59371,0.375,4; 25; 12; 32; 9; 9; 24; 26
10,42,0.33056,0.2381,17; 15; 10; 42; 3; 11; 21; 20
24,63,0.46043,0.38095,5; 3; 24; 63; 21; 29; 6; 29
26,64,0.43904,0.40625,3; 4; 26; 64; 25; 3; 29; 14
21,64,0.41841,0.32812,3; 6; 21; 64; 5; 20; 8; 6
20,42,0.45606,0.47619,8; 14; 20; 42; 3; 27; 23; 28
6,32,0.6425,0.1875,11; 18; 6; 32; 32; 27; 13; 12
22,64,0.40542,0.34375,6; 4; 22; 64; 9; 27; 25; 23
15,75,0.38528,0.2,3; 4; 15; 75; 30; 8; 22; 15
20,63,0.38704,0.31746,4; 5; 20; 63; 32; 11; 18; 15
15,63,0.28745,0.2381,8; 10; 15; 63; 14; 29; 5; 32
14,42,0.39581,0.33333,17; 9; 14; 42; 8; 9; 22; 23
20,70,0.40151,0.28571,4; 3; 20; 70; 9; 24; 18; 8
16,63,0.33783,0.25397,4; 3; 16; 63; 26; 20; 17; 18
5,75,0.26731,0.06667,6; 4; 5; 75; 8; 16; 12; 19
7,31,0.59246,0.22581,8; 16; 7; 31; 19; 22; 8; 11
15,70,0.35348,0.21429,6; 4; 15; 70; 12; 21; 17; 6
8,77,0.32625,0.1039,4; 4; 8; 77; 25; 13; 21; 24
5,49,0.21989,0.10204,16; 19; 5; 49; 21; 15; 14; 4
7,82,0.34587,0.08537,4; 3; 7; 82; 20; 19; 17; 12
5,10,0.81892,0.5,13; 32; 5; 10; 21; 13; 4; 10
28,48,0.60405,0.58333,11; 5; 28; 48; 10; 26; 27; 25
15,70,0.35235,0.21429,4; 6; 15; 70; 28; 26; 22; 19
12,49,0.29671,0.2449,6; 3; 12; 49; 5; 24; 4; 28
11,78,0.33157,0.14103,3; 4; 11; 78; 24; 16; 32; 7
33,53,0.60865,0.62264,3; 4; 33; 53; 28; 26; 23; 5
11,77,0.33094,0.14286,5; 3; 11; 77; 22; 25; 20; 22
5,9,0.827,0.55556,22; 39; 5; 9; 22; 21; 13; 21
6,78,0.32505,0.07692,3; 4; 6; 78; 32; 13; 10; 10
22,32,0.55353,0.6875,14; 13; 22; 32; 28; 24; 3; 24
19,70,0.38283,0.27143,4; 3; 19; 70; 3; 13; 10; 29
10,42,0.27142,0.2381,15; 6; 10; 42; 6; 31; 24; 27
5,64,0.21093,0.07812,5; 13; 5; 64; 21; 26; 4; 24
11,26,0.53955,0.42308,7; 17; 11; 26; 21; 30; 24; 5
6,70,0.19486,0.08571,7; 4; 6; 70; 27; 27; 12; 15
12,77,0.35894,0.15584,3; 4; 12; 77; 18; 24; 12; 5
37,48,0.74122,0.77083,3; 5; 37; 48; 8; 25; 27; 14
11,78,0.33933,0.14103,3; 4; 11; 78; 7; 26; 4; 8
7,9,0.80956,0.77778,41; 21; 7; 9; 4; 6; 7; 22
20,49,0.38662,0.40816,3; 6; 20; 49; 16; 29; 21; 30
11,42,0.30513,0.2619,11; 10; 11; 42; 21; 28; 5; 4
7,9,0.78249,0.77778,35; 34; 7; 9; 10; 9; 5; 5
6,82,0.36617,0.07317,4; 5; 6; 82; 8; 27; 11; 24
5,10,0.84706,0.5,14; 3; 5; 10; 8; 6; 26; 20
23,64,0.42206,0.35938,3; 5; 23; 64; 8; 10; 4; 3
7,82,0.35331,0.08537,3; 3; 7; 82; 11; 28; 27; 4
22,49,0.43168,0.44898,5; 13; 22; 49; 6; 12; 30; 24
34,42,0.6325,0.80952,7; 7; 34; 42; 24; 27; 12; 22
12,26,0.6649,0.46154,8; 21; 12; 26; 26; 17; 14; 13
5,63,0.18331,0.07937,12; 15; 5; 63; 10; 13; 8; 29
15,70,0.31814,0.21429,3; 6; 15; 70; 32; 3; 14; 26
12,70,0.26849,0.17143,5; 8; 12; 70; 14; 7; 6; 29
29,42,0.58165,0.69048,3; 5; 29; 42; 18; 14; 10; 20
12,70,0.33303,0.17143,4; 3; 12; 70; 9; 13; 22; 8
5,82,0.36031,0.06098,4; 4; 5; 82; 28; 27; 16; 11
8,53,0.1589,0.15094,18; 5; 8; 53; 10; 13; 31; 20
24,31,0.48666,0.77419,19; 15; 24; 31; 20; 6; 11; 17
12,49,0.22574,0.2449,6; 17; 12; 49; 12; 20; 11; 29
40,42,0.75651,0.95238,5; 8; 40; 42; 26; 5; 12; 32
9,49,0.23457,0.18367,14; 5; 9; 49; 16; 10; 28; 20
17,48,0.38255,0.35417,6; 6; 17; 48; 22; 32; 11; 20
6,82,0.28762,0.07317,5; 4; 6; 82; 13; 21; 26; 28
5,70,0.19005,0.07143,5; 10; 5; 70; 10; 5; 18; 16
23,64,0.40041,0.35938,5; 3; 23; 64; 31; 15; 25; 6
12,63,0.27813,0.19048,11; 10; 12; 63; 20; 20; 14; 17
7,78,0.26637,0.08974,5; 3; 7; 78; 18; 11; 17; 15
23,63,0.43258,0.36508,4; 4; 23; 63; 8; 23; 18; 15
5,64,0.17745,0.07812,11; 10; 5; 64; 27; 21; 7; 5
5,77,0.24795,0.06494,6; 5; 5; 77; 31; 8; 11; 30
14,32,0.63346,0.4375,8; 21; 14; 32; 19; 32; 20; 3
12,48,0.2805,0.25,10; 10; 12; 48; 27; 15; 20; 23
5,9,0.81962,0.55556,7; 11; 5; 9; 8; 9; 11; 8
36,42,0.66738,0.85714,5; 3; 36; 42; 22; 26; 29; 16
6,82,0.38139,0.07317,4; 3; 6; 82; 20; 16; 19; 26
25,42,0.49689,0.59524,12; 3; 25; 42; 12; 22; 13; 19
14,70,0.31014,0.2,6; 7; 14; 70; 23; 10; 8; 15
7,10,0.83129,0.7,11; 25; 7; 10; 28; 21; 12; 27
5,77,0.28637,0.06494,7; 6; 5; 77; 15; 27; 14; 14
21,42,0.48206,0.5,7; 4; 21; 42; 15; 18; 25; 14
6,63,0.18702,0.09524,6; 4; 6; 63; 10; 22; 5; 22
13,77,0.34758,0.16883,4; 4; 13; 77; 20; 4; 27; 7
26,64,0.4893,0.40625,4; 4; 26; 64; 16; 24; 23; 18
14,64,0.2848,0.21875,7; 10; 14; 64; 19; 17; 18; 21
17,48,0.37492,0.35417,8; 8; 17; 48; 5; 27; 11; 12
8,70,0.22164,0.11429,8; 7; 8; 70; 7; 27; 24; 30
7,9,0.82935,0.77778,7; 27; 7; 9; 14; 21; 18; 32
28,31,0.58021,0.90323,10; 17; 28; 31; 18; 16; 12; 15
14,70,0.32691,0.2,7; 3; 14; 70; 23; 25; 21; 4
13,75,0.36483,0.17333,3; 5; 13; 75; 22; 28; 6; 32
6,9,0.80519,0.66667,37; 35; 6; 9; 23; 27; 19; 5
11,42,0.2971,0.2619,7; 15; 11; 42; 27; 21; 19; 25
7,9,0.81814,0.77778,37; 23; 7; 9; 12; 30; 23; 23
19,42,0.48198,0.45238,9; 5; 19; 42; 10; 25; 13; 25
8,78,0.31572,0.10256,3; 4; 8; 78; 12; 22; 4; 10
16,53,0.34822,0.30189,4; 7; 16; 53; 8; 23; 13; 12
8,9,0.83346,0.88889,8; 30; 8; 9; 29; 14; 17; 24
8,82,0.34945,0.09756,3; 3; 8; 82; 19; 18; 14; 11
6,75,0.2201,0.08,7; 5; 6; 75; 24; 9; 21; 27
6,82,0.31447,0.07317,5; 3; 6; 82; 6; 21; 3; 9
7,82,0.39169,0.08537,4; 3; 7; 82; 23; 16; 25; 6
9,31,0.58417,0.29032,28; 5; 9; 31; 15; 21; 24; 18
29,32,0.5893,0.90625,13; 18; 29; 32; 19; 12; 6; 24
18,63,0.32577,0.28571,5; 8; 18; 63; 31; 9; 9; 27
8,9,0.81327,0.88889,7; 13; 8; 9; 16; 21; 20; 9
15,64,0.31407,0.23438,5; 9; 15; 64; 11; 19; 21; 19
22,26,0.56756,0.84615,22; 15; 22; 26; 23; 5; 28; 8
6,82,0.31321,0.07317,5; 4; 6; 82; 18; 8; 24; 4
5,75,0.27877,0.06667,7; 7; 5; 75; 8; 25; 28; 4
7,31,0.61367,0.22581,13; 3; 7; 31; 27; 5; 15; 19
28,31,0.46333,0.90323,8; 19; 28; 31; 5; 12; 12; 17
15,75,0.36594,0.2,3; 3; 15; 75; 12; 3; 15; 15
25,53,0.45575,0.4717,6; 10; 25; 53; 13; 14; 14; 28
24,53,0.44558,0.45283,8; 10; 24; 53; 28; 15; 20; 13
8,77,0.29868,0.1039,4; 3; 8; 77; 6; 29; 4; 14
21,32,0.59288,0.65625,9; 6; 21; 32; 6; 12; 27; 11
12,26,0.66973,0.46154,28; 8; 12; 26; 24; 16; 13; 20
7,77,0.33818,0.09091,4; 7; 7; 77; 5; 6; 17; 12
34,53,0.63316,0.64151,4; 5; 34; 53; 27; 22; 27; 13
5,70,0.24126,0.07143,11; 3; 5; 70; 26; 32; 15; 11
29,32,0.652,0.90625,15; 13; 29; 32; 14; 8; 18; 13
6,31,0.51962,0.19355,19; 4; 6; 31; 3; 26; 14; 17
14,63,0.28002,0.22222,6; 7; 14; 63; 16; 30; 11; 16
27,31,0.5622,0.87097,14; 10; 27; 31; 12; 3; 6; 30
6,53,0.12672,0.11321,16; 4; 6; 53; 14; 32; 7; 24
19,32,0.5534,0.59375,21; 13; 19; 32; 30; 8; 24; 32
6,9,0.81634,0.66667,28; 26; 6; 9; 18; 12; 9; 17
7,64,0.14359,0.10938,13; 11; 7; 64; 11; 31; 16; 19
28,53,0.51937,0.5283,3; 5; 28; 53; 11; 17; 17; 27
27,53,0.49194,0.50943,6; 5; 27; 53; 16; 13; 10; 13
20,49,0.41026,0.40816,10; 9; 20; 49; 27; 4; 7; 4
29,48,0.5763,0.60417,9; 5; 29; 48; 13; 4; 10; 29
13,77,0.35946,0.16883,4; 4; 13; 77; 22; 16; 19; 21
24,32,0.60273,0.75,12; 13; 24; 32; 12; 7; 3; 32
16,70,0.35314,0.22857,3; 3; 16; 70; 9; 9; 22; 27
32,48,0.66525,0.66667,7; 3; 32; 48; 30; 5; 24; 18
32,42,0.63053,0.7619,5; 6; 32; 42; 5; 22; 19; 13
14,26,0.68021,0.53846,8; 17; 14; 26; 9; 10; 12; 31
21,26,0.55925,0.80769,21; 13; 21; 26; 3; 31; 28; 27
7,10,0.77451,0.7,7; 19; 7; 10; 8; 19; 23; 25
24,26,0.48005,0.92308,16; 12; 24; 26; 24; 20; 20; 31
19,70,0.39122,0.27143,3; 4; 19; 70; 16; 18; 26; 30
5,53,0.13951,0.09434,3; 6; 5; 53; 7; 3; 7; 10
35,42,0.69785,0.83333,5; 6; 35; 42; 8; 3; 4; 15
6,49,0.1088,0.12245,10; 17; 6; 49; 24; 23; 18; 16
29,48,0.58922,0.60417,8; 6; 29; 48; 32; 13; 20; 13
15,75,0.38653,0.2,3; 3; 15; 75; 22; 15; 14; 32
24,26,0.60131,0.92308,3; 9; 24; 26; 3; 24; 30; 21
17,64,0.35883,0.26562,8; 3; 17; 64; 19; 24; 11; 17
8,82,0.32592,0.09756,4; 3; 8; 82; 20; 29; 5; 15
6,10,0.81918,0.6,37; 22; 6; 10; 15; 9; 20; 14
16,64,0.28982,0.25,9; 8; 16; 64; 10; 27; 7; 6
9,42,0.27772,0.21429,16; 21; 9; 42; 19; 18; 5; 19
12,77,0.33607,0.15584,4; 3; 12; 77; 30; 29; 5; 17
9,53,0.1771,0.16981,14; 11; 9; 53; 30; 15; 29; 18
7,70,0.21196,0.1,8; 3; 7; 70; 9; 10; 17; 19
23,26,0.63305,0.88462,13; 10; 23; 26; 11; 23; 11; 12
26,64,0.48387,0.40625,4; 3; 26; 64; 22; 19; 16; 29
11,48,0.23901,0.22917,19; 12; 11; 48; 3; 21; 29; 15
9,70,0.25905,0.12857,7; 8; 9; 70; 22; 18; 30; 3
8,48,0.2219,0.16667,14; 17; 8; 48; 15; 32; 22; 13
8,82,0.33883,0.09756,3; 3; 8; 82; 4; 15; 22; 17
5,10,0.81522,0.5,33; 36; 5; 10; 4; 7; 17; 29
5,31,0.73741,0.16129,28; 21; 5; 31; 26; 8; 19; 21
21,53,0.40337,0.39623,11; 7; 21; 53; 5; 16; 6; 20
7,75,0.2211,0.09333,6; 8; 7; 75; 19; 22; 14; 29
25,48,0.5064,0.52083,10; 12; 25; 48; 3; 20; 32; 5
11,78,0.3678,0.14103,4; 4; 11; 78; 14; 28; 32; 17
17,32,0.50101,0.53125,5; 14; 17; 32; 7; 5; 11; 25
5,82,0.33492,0.06098,4; 4; 5; 82; 23; 20; 9; 13
7,10,0.80841,0.7,9; 28; 7; 10; 13; 18; 11; 30
29,31,0.55047,0.93548,11; 5; 29; 31; 22; 11; 9; 13
8,10,0.81742,0.8,16; 36; 8; 10; 31; 18; 12; 3
6,64,0.1834,0.09375,12; 10; 6; 64; 13; 22; 21; 12
6,10,0.82734,0.6,23; 40; 6; 10; 11; 12; 26; 27
7,75,0.31733,0.09333,6; 8; 7; 75; 13; 4; 26; 17
6,70,0.17798,0.08571,8; 8; 6; 70; 29; 26; 7; 21
5,10,0.82904,0.5,33; 26; 5; 10; 6; 32; 6; 23
8,78,0.31266,0.10256,4; 4; 8; 78; 3; 27; 8; 22
11,77,0.38845,0.14286,4; 5; 11; 77; 15; 32; 7; 12
17,31,0.54724,0.54839,25; 15; 17; 31; 8; 13; 6; 21
17,31,0.51067,0.54839,21; 8; 17; 31; 15; 10; 6; 17
7,63,0.1766,0.11111,3; 4; 7; 63; 9; 23; 26; 3
16,32,0.52397,0.5,7; 23; 16; 32; 9; 11; 25; 27
7,49,0.15378,0.14286,10; 19; 7; 49; 8; 11; 15; 6
6,48,0.16798,0.125,7; 10; 6; 48; 32; 19; 20; 3
13,26,0.63024,0.5,17; 9; 13; 26; 4; 4; 21; 28
5,10,0.82622,0.5,5; 32; 5; 10; 7; 26; 29; 7
9,75,0.27293,0.12,7; 7; 9; 75; 11; 30; 20; 4
9,78,0.33634,0.11538,4; 4; 9; 78; 16; 13; 32; 22
29,42,0.60529,0.69048,6; 6; 29; 42; 5; 5; 20; 4
5,82,0.29409,0.06098,5; 4; 5; 82; 19; 10; 7; 6
18,26,0.76079,0.69231,19; 12; 18; 26; 32; 20; 19; 8
10,78,0.34102,0.12821,4; 4; 10; 78; 30; 17; 10; 19
6,10,0.81576,0.6,40; 8; 6; 10; 5; 14; 12; 4
8,64,0.20429,0.125,8; 3; 8; 64; 31; 13; 18; 29
10,77,0.25745,0.12987,5; 3; 10; 77; 30; 7; 23; 29
35,42,0.64655,0.83333,8; 7; 35; 42; 32; 17; 20; 18
26,63,0.46444,0.4127,4; 4; 26; 63; 3; 22; 26; 29
6,42,0.25706,0.14286,10; 8; 6; 42; 24; 9; 25; 32
10,63,0.2384,0.15873,8; 6; 10; 63; 5; 9; 23; 9
40,48,0.78568,0.83333,5; 5; 40; 48; 22; 11; 22; 19
5,82,0.34796,0.06098,5; 4; 5; 82; 24; 28; 14; 18
5,78,0.30238,0.0641,5; 7; 5; 78; 18; 13; 17; 18
5,70,0.20108,0.07143,5; 5; 5; 70; 5; 15; 27; 15
21,63,0.38789,0.33333,5; 4; 21; 63; 15; 25; 13; 12
8,10,0.81902,0.8,8; 27; 8; 10; 19; 28; 4; 6
5,75,0.26749,0.06667,3; 7; 5; 75; 17; 7; 29; 21
16,53,0.31353,0.30189,8; 7; 16; 53; 15; 5; 5; 14
22,64,0.394,0.34375,5; 5; 22; 64; 30; 27; 16; 9
8,82,0.32843,0.09756,3; 4; 8; 82; 21; 13; 9; 31
21,31,0.57133,0.67742,18; 7; 21; 31; 9; 17; 26; 23
31,32,0.55979,0.96875,11; 17; 31; 32; 6; 15; 19; 16
11,77,0.34719,0.14286,3; 3; 11; 77; 29; 31; 5; 23
18,48,0.36247,0.375,4; 12; 18; 48; 28; 4; 13; 17
8,9,0.79825,0.88889,5; 31; 8; 9; 16; 22; 18; 8
12,78,0.36585,0.15385,4; 4; 12; 78; 4; 6; 27; 8
8,82,0.36566,0.09756,3; 4; 8; 82; 5; 32; 30; 28
6,63,0.18115,0.09524,12; 5; 6; 63; 20; 13; 3; 10
11,32,0.65033,0.34375,26; 12; 11; 32; 14; 18; 25; 23
22,31,0.58808,0.70968,17; 16; 22; 31; 23; 23; 13; 13
5,42,0.2673,0.11905,16; 4; 5; 42; 29; 13; 30; 17
14,75,0.35408,0.18667,3; 3; 14; 75; 15; 25; 4; 28
6,77,0.24326,0.07792,4; 4; 6; 77; 16; 26; 28; 10
17,70,0.37723,0.24286,3; 3; 17; 70; 30; 32; 6; 3
5,10,0.82055,0.5,8; 21; 5; 10; 18; 10; 6; 16
24,26,0.58366,0.92308,18; 22; 24; 26; 19; 14; 17; 30
6,70,0.19256,0.08571,11; 4; 6; 70; 13; 14; 24; 32
30,31,0.64825,0.96774,10; 5; 30; 31; 3; 8; 26; 27
7,9,0.82658,0.77778,9; 41; 7; 9; 26; 18; 13; 7
9,75,0.28082,0.12,6; 3; 9; 75; 14; 5; 5; 18
20,26,0.42482,0.76923,22; 19; 20; 26; 10; 4; 26; 20
7,82,0.31712,0.08537,4; 4; 7; 82; 15; 4; 18; 31
12,64,0.26491,0.1875,3; 9; 12; 64; 6; 13; 15; 8
8,78,0.2524,0.10256,5; 4; 8; 78; 27; 6; 20; 32
23,64,0.39998,0.35938,3; 5; 23; 64; 11; 16; 18; 3
5,10,0.81514,0.5,23; 5; 5; 10; 15; 7; 27; 7
24,48,0.49328,0.5,8; 7; 24; 48; 20; 5; 13; 5
18,48,0.37582,0.375,15; 8; 18; 48; 27; 9; 14; 10
7,82,0.31222,0.08537,3; 3; 7; 82; 14; 11; 4; 7
7,75,0.23163,0.09333,5; 7; 7; 75; 4; 21; 13; 19
19,70,0.39377,0.27143,4; 3; 19; 70; 31; 6; 25; 6
23,49,0.48155,0.46939,7; 4; 23; 49; 19; 26; 8; 4
42,48,0.83624,0.875,4; 4; 42; 48; 16; 21; 19; 14
12,75,0.3529,0.16,4; 4; 12; 75; 16; 7; 25; 22
9,63,0.237,0.14286,10; 10; 9; 63; 8; 12; 17; 29
6,64,0.15942,0.09375,3; 12; 6; 64; 27; 10; 23; 13
6,64,0.17951,0.09375,8; 13; 6; 64; 12; 22; 8; 18
6,78,0.2914,0.07692,4; 6; 6; 78; 25; 10; 18; 21
11,75,0.30939,0.14667,4; 3; 11; 75; 14; 26; 24; 32
10,77,0.30116,0.12987,4; 3; 10; 77; 22; 3; 11; 15
19,49,0.36037,0.38776,4; 6; 19; 49; 8; 10; 31; 13
17,48,0.33137,0.35417,7; 5; 17; 48; 4; 13; 23; 32
12,78,0.36291,0.15385,3; 3; 12; 78; 4; 32; 3; 12
12,75,0.35068,0.16,5; 5; 12; 75; 28; 25; 6; 11
8,9,0.80972,0.88889,25; 18; 8; 9; 17; 12; 14; 23
20,70,0.40003,0.28571,3; 3; 20; 70; 19; 9; 27; 6
23,26,0.56398,0.88462,10; 24; 23; 26; 31; 6; 15; 11
6,10,0.82442,0.6,4; 9; 6; 10; 12; 12; 28; 12
23,49,0.47556,0.46939,8; 11; 23; 49; 17; 14; 17; 10
36,42,0.71467,0.85714,8; 3; 36; 42; 20; 29; 15; 23
8,75,0.22646,0.10667,3; 6; 8; 75; 4; 28; 14; 28
23,48,0.45886,0.47917,3; 13; 23; 48; 9; 17; 13; 17
11,78,0.31494,0.14103,3; 3; 11; 78; 21; 13; 18; 12
7,10,0.82412,0.7,21; 12; 7; 10; 14; 31; 15; 9
5,32,0.66303,0.15625,25; 13; 5; 32; 19; 10; 18; 8
7,82,0.35137,0.08537,3; 4; 7; 82; 9; 16; 9; 24
5,9,0.81981,0.55556,5; 20; 5; 9; 18; 28; 19; 24
7,70,0.2504,0.1,7; 7; 7; 70; 16; 12; 10; 22
20,42,0.45712,0.47619,12; 17; 20; 42; 18; 8; 3; 8
7,64,0.19315,0.10938,11; 13; 7; 64; 7; 22; 32; 27
12,53,0.22495,0.22642,12; 8; 12; 53; 4; 3; 19; 29
25,49,0.49822,0.5102,3; 5; 25; 49; 17; 30; 28; 19
7,75,0.26138,0.09333,3; 6; 7; 75; 17; 14; 25; 20
5,10,0.81708,0.5,40; 16; 5; 10; 23; 16; 5; 15
6,77,0.25175,0.07792,4; 6; 6; 77; 30; 13; 15; 18
11,75,0.3307,0.14667,5; 4; 11; 75; 24; 11; 20; 29
17,31,0.64117,0.54839,13; 6; 17; 31; 26; 8; 25; 30
10,78,0.31766,0.12821,4; 4; 10; 78; 15; 32; 18; 8
5,77,0.29565,0.06494,4; 3; 5; 77; 28; 13; 5; 32
7,26,0.65027,0.26923,8; 27; 7; 26; 24; 24; 5; 19
7,9,0.81906,0.77778,3; 32; 7; 9; 17; 6; 17; 3
9,75,0.28628,0.12,3; 7; 9; 75; 23; 9; 21; 10
25,48,0.53063,0.52083,5; 12; 25; 48; 25; 20; 14; 12
5,42,0.22403,0.11905,11; 23; 5; 42; 23; 3; 29; 14
30,49,0.60337,0.61224,9; 7; 30; 49; 6; 18; 13; 28
13,75,0.3769,0.17333,4; 4; 13; 75; 19; 4; 14; 10
33,42,0.61734,0.78571,11; 10; 33; 42; 22; 14; 20; 15
13,26,0.52151,0.5,12; 3; 13; 26; 11; 8; 28; 8
13,53,0.25421,0.24528,12; 5; 13; 53; 4; 28; 5; 9
6,64,0.16348,0.09375,12; 9; 6; 64; 23; 21; 18; 16
13,49,0.27905,0.26531,5; 9; 13; 49; 14; 31; 11; 25
25,42,0.53086,0.59524,3; 4; 25; 42; 25; 5; 11; 16
32,42,0.63958,0.7619,8; 8; 32; 42; 15; 17; 22; 20
38,49,0.75405,0.77551,5; 3; 38; 49; 6; 26; 3; 28
6,10,0.82474,0.6,41; 5; 6; 10; 18; 27; 26; 24
13,26,0.55766,0.5,28; 27; 13; 26; 9; 17; 32; 27
10,75,0.28447,0.13333,6; 3; 10; 75; 15; 20; 14; 10
18,49,0.39239,0.36735,14; 14; 18; 49; 30; 14; 9; 4
5,9,0.81267,0.55556,7; 23; 5; 9; 22; 16; 29; 7
15,64,0.31137,0.23438,9; 6; 15; 64; 10; 5; 9; 11
14,48,0.30088,0.29167,6; 9; 14; 48; 14; 26; 22; 31
8,64,0.17936,0.125,3; 5; 8; 64; 13; 14; 6; 21
26,31,0.62915,0.83871,19; 10; 26; 31; 17; 10; 21; 22
26,64,0.46185,0.40625,3; 3; 26; 64; 15; 19; 28; 22
20,31,0.51378,0.64516,19; 14; 20; 31; 19; 24; 23; 8
23,32,0.46679,0.71875,14; 6; 23; 32; 28; 26; 8; 31
8,9,0.82958,0.88889,12; 13; 8; 9; 15; 30; 26; 16
13,49,0.27119,0.26531,11; 11; 13; 49; 7; 4; 31; 13
13,49,0.29436,0.26531,7; 14; 13; 49; 26; 20; 27; 13
7,82,0.35304,0.08537,3; 3; 7; 82; 29; 27; 30; 10
11,77,0.32341,0.14286,4; 4; 11; 77; 21; 29; 12; 12
16,63,0.32687,0.25397,5; 6; 16; 63; 11; 13; 17; 16
39,42,0.71137,0.92857,4; 3; 39; 42; 4; 3; 15; 29
18,64,0.3718,0.28125,5; 7; 18; 64; 29; 18; 21; 18
34,48,0.68412,0.70833,7; 3; 34; 48; 5; 15; 30; 20
9,10,0.78473,0.9,5; 34; 9; 10; 24; 23; 16; 7
16,70,0.34133,0.22857,4; 5; 16; 70; 22; 24; 28; 23
12,48,0.28573,0.25,7; 12; 12; 48; 10; 17; 23; 28
7,49,0.15764,0.14286,11; 16; 7; 49; 25; 21; 18; 15
6,77,0.23208,0.07792,5; 5; 6; 77; 28; 10; 20; 26
7,10,0.82137,0.7,32; 18; 7; 10; 18; 4; 20; 3
40,42,0.69537,0.95238,8; 8; 40; 42; 28; 13; 17; 27
9,10,0.82139,0.9,20; 8; 9; 10; 4; 16; 18; 8
34,42,0.64879,0.80952,5; 3; 34; 42; 32; 10; 14; 11
24,26,0.71688,0.92308,7; 5; 24; 26; 17; 23; 18; 4
5,77,0.23859,0.06494,3; 3; 5; 77; 11; 22; 10; 32
14,26,0.75144,0.53846,16; 25; 14; 26; 10; 19; 10; 9
5,82,0.26733,0.06098,5; 3; 5; 82; 30; 3; 22; 10
20,42,0.44811,0.47619,16; 5; 20; 42; 28; 17; 22; 15
24,53,0.46889,0.45283,10; 9; 24; 53; 18; 31; 12; 26
10,63,0.22774,0.15873,8; 10; 10; 63; 31; 13; 12; 8
11,78,0.3396,0.14103,3; 4; 11; 78; 19; 30; 13; 18
7,82,0.29937,0.08537,4; 4; 7; 82; 17; 22; 5; 21
19,48,0.36434,0.39583,5; 12; 19; 48; 29; 20; 9; 6
17,63,0.3247,0.26984,7; 3; 17; 63; 5; 7; 22; 5
19,48,0.39103,0.39583,4; 4; 19; 48; 5; 19; 14; 22
22,32,0.5973,0.6875,18; 16; 22; 32; 17; 22; 31; 3
11,77,0.35784,0.14286,3; 3; 11; 77; 11; 16; 27; 28
12,32,0.46199,0.375,25; 19; 12; 32; 15; 15; 11; 10
27,48,0.52771,0.5625,9; 5; 27; 48; 3; 30; 32; 6
22,42,0.4689,0.52381,14; 16; 22; 42; 17; 22; 27; 7
6,63,0.16413,0.09524,8; 7; 6; 63; 27; 5; 11; 6
6,32,0.54329,0.1875,4; 21; 6; 32; 29; 25; 20; 3
10,63,0.22358,0.15873,6; 6; 10; 63; 29; 32; 21; 5
7,82,0.36993,0.08537,3; 4; 7; 82; 10; 30; 11; 11
26,32,0.49445,0.8125,4; 17; 26; 32; 21; 31; 13; 6
12,53,0.26424,0.22642,8; 9; 12; 53; 15; 6; 29; 5
9,78,0.36469,0.11538,5; 3; 9; 78; 11; 6; 23; 24
6,82,0.3624,0.07317,3; 3; 6; 82; 10; 4; 5; 5
22,63,0.44935,0.34921,4; 5; 22; 63; 32; 4; 13; 22
10,26,0.59602,0.38462,10; 17; 10; 26; 18; 10; 5; 23
9,64,0.20564,0.14062,12; 3; 9; 64; 13; 27; 9; 29
8,9,0.80483,0.88889,8; 9; 8; 9; 15; 19; 26; 5
13,63,0.25116,0.20635,9; 8; 13; 63; 14; 13; 8; 26
8,10,0.8071,0.8,3; 40; 8; 10; 17; 9; 4; 31
10,31,0.78457,0.32258,6; 7; 10; 31; 23; 11; 14; 26
12,49,0.26212,0.2449,5; 8; 12; 49; 13; 30; 16; 10
15,75,0.35549,0.2,4; 3; 15; 75; 7; 16; 6; 30
34,48,0.69519,0.70833,8; 6; 34; 48; 27; 13; 7; 31
22,26,0.51492,0.84615,23; 8; 22; 26; 29; 25; 7; 11
17,32,0.62008,0.53125,16; 6; 17; 32; 9; 22; 28; 21
25,26,0.69708,0.96154,4; 16; 25; 26; 21; 17; 6; 20
22,48,0.44318,0.45833,12; 14; 22; 48; 26; 15; 17; 28
23,64,0.43733,0.35938,3; 5; 23; 64; 20; 20; 26; 19
6,9,0.81764,0.66667,35; 11; 6; 9; 4; 30; 13; 25
17,26,0.55,0.65385,19; 27; 17; 26; 6; 10; 6; 28
14,75,0.41052,0.18667,4; 3; 14; 75; 4; 21; 4; 6
7,77,0.3278,0.09091,5; 3; 7; 77; 5; 12; 11; 29
12,26,0.78374,0.46154,8; 18; 12; 26; 23; 20; 18; 13
11,26,0.61359,0.42308,27; 15; 11; 26; 32; 19; 17; 21
27,53,0.50908,0.50943,6; 4; 27; 53; 10; 29; 24; 13
7,26,0.68696,0.26923,19; 10; 7; 26; 19; 10; 7; 20
6,9,0.84116,0.66667,40; 32; 6; 9; 10; 23; 22; 26
11,75,0.31905,0.14667,4; 6; 11; 75; 14; 16; 14; 17
7,53,0.15385,0.13208,3; 10; 7; 53; 14; 11; 12; 6
6,82,0.30072,0.07317,5; 4; 6; 82; 23; 6; 10; 32
8,63,0.22847,0.12698,12; 13; 8; 63; 29; 15; 21; 23
18,31,0.58369,0.58065,18; 7; 18; 31; 25; 6; 28; 4
15,64,0.33344,0.23438,7; 8; 15; 64; 19; 17; 7; 26
7,9,0.79571,0.77778,28; 23; 7; 9; 18; 15; 24; 26
12,75,0.34974,0.16,3; 3; 12; 75; 8; 25; 12; 9
7,75,0.23094,0.09333,3; 6; 7; 75; 7; 7; 11; 12
7,9,0.81409,0.77778,36; 28; 7; 9; 20; 26; 17; 18
9,77,0.33272,0.11688,6; 6; 9; 77; 16; 11; 8; 14
30,42,0.64871,0.71429,7; 8; 30; 42; 3; 32; 19; 10
20,70,0.42761,0.28571,4; 4; 20; 70; 8; 13; 30; 19
6,10,0.801,0.6,9; 8; 6; 10; 17; 19; 13; 17
5,10,0.83179,0.5,18; 12; 5; 10; 6; 12; 8; 26
7,48,0.17156,0.14583,16; 8; 7; 48; 31; 30; 3; 20
35,49,0.70908,0.71429,7; 4; 35; 49; 30; 14; 23; 8
7,9,0.8265,0.77778,36; 29; 7; 9; 22; 13; 15; 20
20,49,0.40666,0.40816,6; 6; 20; 49; 9; 28; 19; 32
34,49,0.69283,0.69388,6; 5; 34; 49; 23; 25; 25; 18
7,82,0.33035,0.08537,3; 4; 7; 82; 5; 4; 7; 13
8,9,0.77414,0.88889,14; 10; 8; 9; 19; 30; 12; 15
23,26,0.4495,0.88462,9; 14; 23; 26; 3; 16; 3; 20
28,53,0.51739,0.5283,5; 8; 28; 53; 11; 25; 4; 17
9,10,0.81647,0.9,10; 17; 9; 10; 13; 29; 26; 14
14,32,0.51412,0.4375,18; 23; 14; 32; 10; 7; 3; 15
5,82,0.29223,0.06098,5; 5; 5; 82; 25; 17; 20; 21
9,77,0.2986,0.11688,6; 5; 9; 77; 24; 4; 20; 10
16,64,0.32668,0.25,6; 6; 16; 64; 26; 8; 18; 5
25,64,0.46535,0.39062,3; 4; 25; 64; 24; 6; 3; 19
8,82,0.32571,0.09756,3; 4; 8; 82; 20; 10; 25; 19
5,10,0.8084,0.5,24; 31; 5; 10; 16; 32; 7; 24
5,70,0.23923,0.07143,8; 8; 5; 70; 16; 31; 7; 5
5,82,0.30574,0.06098,4; 5; 5; 82; 15; 19; 14; 6
13,75,0.35146,0.17333,4; 5; 13; 75; 28; 14; 10; 18
23,49,0.44009,0.46939,7; 10; 23; 49; 22; 20; 3; 13
19,63,0.37853,0.30159,3; 3; 19; 63; 30; 9; 10; 6
5,26,0.74066,0.19231,17; 13; 5; 26; 31; 7; 27; 26
10,64,0.21053,0.15625,6; 12; 10; 64; 20; 30; 12; 22
14,53,0.26732,0.26415,10; 6; 14; 53; 31; 11; 9; 16
7,82,0.29418,0.08537,4; 4; 7; 82; 26; 9; 25; 12
13,64,0.31119,0.20312,8; 3; 13; 64; 30; 8; 25; 17
8,9,0.79337,0.88889,26; 10; 8; 9; 9; 13; 17; 10
5,64,0.15289,0.07812,11; 3; 5; 64; 20; 17; 6; 16
22,48,0.4502,0.45833,8; 6; 22; 48; 32; 6; 23; 10
7,75,0.21366,0.09333,7; 6; 7; 75; 32; 14; 28; 14
19,31,0.54986,0.6129,3; 19; 19; 31; 21; 17; 17; 5
7,9,0.80539,0.77778,27; 23; 7; 9; 14; 32; 6; 17
8,9,0.82719,0.88889,35; 10; 8; 9; 32; 7; 31; 5
8,82,0.33146,0.09756,3; 3; 8; 82; 19; 28; 17; 16
8,63,0.20752,0.12698,7; 12; 8; 63; 27; 4; 13; 30
6,77,0.30635,0.07792,5; 6; 6; 77; 16; 14; 27; 26
8,78,0.31839,0.10256,4; 3; 8; 78; 6; 32; 3; 10
6,10,0.80581,0.6,32; 16; 6; 10; 19; 16; 13; 4
5,32,0.52633,0.15625,8; 6; 5; 32; 24; 5; 32; 15
31,49,0.60755,0.63265,8; 6; 31; 49; 6; 30; 19; 29
11,78,0.3507,0.14103,3; 4; 11; 78; 18; 27; 26; 20
12,77,0.38015,0.15584,4; 3; 12; 77; 26; 6; 23; 24
27,31,0.6167,0.87097,20; 13; 27; 31; 8; 4; 10; 12
11,63,0.24289,0.1746,10; 6; 11; 63; 28; 14; 31; 4
21,64,0.42491,0.32812,5; 3; 21; 64; 21; 28; 22; 3
38,42,0.69457,0.90476,5; 6; 38; 42; 10; 9; 30; 4
7,31,0.60165,0.22581,5; 4; 7; 31; 23; 24; 19; 12
12,53,0.25011,0.22642,4; 3; 12; 53; 11; 11; 16; 5
6,10,0.82564,0.6,31; 32; 6; 10; 29; 7; 9; 24
5,49,0.17084,0.10204,4; 16; 5; 49; 14; 20; 13; 14
6,9,0.81021,0.66667,15; 11; 6; 9; 4; 22; 5; 22
25,49,0.5105,0.5102,3; 4; 25; 49; 24; 11; 21; 5
9,26,0.72634,0.34615,20; 27; 9; 26; 10; 26; 16; 24
26,42,0.55471,0.61905,4; 4; 26; 42; 14; 28; 18; 11
26,63,0.48685,0.4127,3; 4; 26; 63; 11; 17; 5; 32
6,9,0.8043,0.66667,12; 30; 6; 9; 5; 23; 28; 19
8,82,0.33623,0.09756,3; 4; 8; 82; 27; 22; 22; 15
16,70,0.35103,0.22857,6; 5; 16; 70; 19; 7; 9; 9
8,64,0.19254,0.125,8; 10; 8; 64; 24; 24; 6; 15
21,48,0.45516,0.4375,12; 8; 21; 48; 21; 4; 4; 27
11,77,0.34318,0.14286,3; 4; 11; 77; 19; 10; 4; 5
13,77,0.37382,0.16883,3; 3; 13; 77; 10; 14; 3; 12
8,48,0.14699,0.16667,8; 14; 8; 48; 12; 11; 22; 29
9,64,0.21224,0.14062,10; 10; 9; 64; 18; 15; 4; 7
7,82,0.28936,0.08537,3; 4; 7; 82; 3; 17; 30; 12
10,78,0.35141,0.12821,5; 5; 10; 78; 25; 11; 13; 12
37,48,0.74876,0.77083,6; 4; 37; 48; 30; 11; 14; 13
6,78,0.33459,0.07692,3; 5; 6; 78; 17; 16; 30; 9
15,32,0.49295,0.46875,18; 21; 15; 32; 22; 15; 28; 13
8,82,0.33164,0.09756,4; 3; 8; 82; 20; 10; 24; 5
12,70,0.32067,0.17143,3; 4; 12; 70; 15; 9; 5; 24
25,63,0.43489,0.39683,5; 3; 25; 63; 17; 9; 12; 10
12,64,0.26499,0.1875,8; 9; 12; 64; 20; 21; 24; 7
25,53,0.46827,0.4717,8; 7; 25; 53; 7; 26; 19; 4
12,77,0.37737,0.15584,3; 4; 12; 77; 29; 10; 4; 17
18,26,0.6369,0.69231,4; 11; 18; 26; 14; 22; 26; 17
10,53,0.22295,0.18868,14; 8; 10; 53; 25; 5; 14; 25
9,77,0.28185,0.11688,6; 5; 9; 77; 18; 23; 13; 9
33,49,0.6467,0.67347,3; 4; 33; 49; 18; 27; 17; 29
34,49,0.66691,0.69388,7; 5; 34; 49; 12; 17; 21; 28
5,32,0.78515,0.15625,21; 28; 5; 32; 14; 12; 19; 11
22,49,0.43232,0.44898,7; 11; 22; 49; 14; 26; 15; 14
8,82,0.32922,0.09756,3; 3; 8; 82; 10; 12; 27; 4
13,77,0.39304,0.16883,4; 3; 13; 77; 13; 30; 4; 17
20,70,0.39633,0.28571,3; 3; 20; 70; 19; 19; 19; 30
24,32,0.4444,0.75,8; 11; 24; 32; 24; 23; 14; 4
22,48,0.4808,0.45833,11; 12; 22; 48; 30; 26; 16; 25
11,77,0.31272,0.14286,3; 3; 11; 77; 8; 15; 26; 14
15,70,0.34988,0.21429,6; 3; 15; 70; 6; 32; 8; 31
17,42,0.46103,0.40476,18; 7; 17; 42; 22; 14; 30; 29
7,77,0.28058,0.09091,7; 4; 7; 77; 15; 23; 30; 3
6,82,0.30365,0.07317,3; 3; 6; 82; 9; 7; 22; 3
8,77,0.22806,0.1039,4; 6; 8; 77; 7; 19; 25; 4
5,77,0.33231,0.06494,8; 4; 5; 77; 15; 19; 15; 26
6,82,0.32512,0.07317,5; 4; 6; 82; 12; 4; 26; 17
23,63,0.44434,0.36508,6; 6; 23; 63; 10; 5; 15; 6
6,82,0.30354,0.07317,3; 3; 6; 82; 12; 9; 16; 15
27,48,0.55207,0.5625,5; 5; 27; 48; 23; 10; 4; 20
21,31,0.56406,0.67742,16; 15; 21; 31; 22; 31; 22; 19
19,48,0.41968,0.39583,10; 9; 19; 48; 9; 3; 6; 20
18,31,0.58728,0.58065,3; 6; 18; 31; 32; 13; 31; 18
14,48,0.30403,0.29167,6; 17; 14; 48; 26; 3; 8; 31
5,82,0.36684,0.06098,5; 5; 5; 82; 31; 27; 16; 5
5,10,0.78624,0.5,30; 14; 5; 10; 16; 25; 22; 22
6,78,0.28889,0.07692,7; 7; 6; 78; 5; 10; 31; 21
9,75,0.26063,0.12,4; 6; 9; 75; 10; 17; 16; 7
10,32,0.57913,0.3125,6; 4; 10; 32; 9; 31; 10; 27
5,78,0.30872,0.0641,4; 6; 5; 78; 18; 10; 25; 8
8,70,0.27147,0.11429,5; 5; 8; 70; 29; 19; 22; 6
25,64,0.4535,0.39062,3; 4; 25; 64; 29; 3; 31; 7
18,32,0.52246,0.5625,6; 23; 18; 32; 14; 20; 23; 26
13,77,0.36926,0.16883,3; 4; 13; 77; 16; 26; 28; 23
5,77,0.22154,0.06494,4; 6; 5; 77; 26; 25; 26; 10
10,77,0.30514,0.12987,4; 4; 10; 77; 8; 7; 23; 29
12,77,0.38734,0.15584,4; 4; 12; 77; 28; 28; 4; 29
21,26,0.50993,0.80769,13; 5; 21; 26; 32; 11; 3; 23
8,31,0.69771,0.25806,8; 27; 8; 31; 18; 26; 31; 8
31,42,0.60028,0.7381,3; 12; 31; 42; 14; 5; 28; 6
6,26,0.59868,0.23077,16; 13; 6; 26; 16; 4; 9; 30
31,48,0.61999,0.64583,3; 7; 31; 48; 18; 13; 5; 31
27,63,0.49341,0.42857,3; 3; 27; 63; 12; 29; 30; 16
31,42,0.61054,0.7381,12; 11; 31; 42; 11; 15; 15; 31
28,49,0.58548,0.57143,7; 9; 28; 49; 10; 8; 16; 20
6,9,0.80301,0.66667,3; 24; 6; 9; 19; 8; 20; 22
9,78,0.33048,0.11538,4; 5; 9; 78; 28; 12; 30; 25
8,31,0.78231,0.25806,12; 24; 8; 31; 21; 7; 7; 8
12,53,0.29374,0.22642,8; 9; 12; 53; 24; 24; 9; 25
7,31,0.55502,0.22581,6; 15; 7; 31; 10; 14; 21; 12
5,77,0.31253,0.06494,8; 8; 5; 77; 29; 26; 20; 5
25,26,0.5414,0.96154,21; 17; 25; 26; 21; 13; 29; 29
10,77,0.33333,0.12987,5; 3; 10; 77; 15; 28; 23; 11
16,49,0.35275,0.32653,8; 5; 16; 49; 15; 7; 31; 23
6,10,0.82859,0.6,37; 39; 6; 10; 9; 15; 16; 31
6,75,0.27513,0.08,8; 3; 6; 75; 4; 29; 13; 7
14,53,0.30395,0.26415,13; 6; 14; 53; 29; 20; 19; 22
8,9,0.79744,0.88889,23; 16; 8; 9; 9; 7; 29; 31
21,49,0.4099,0.42857,3; 6; 21; 49; 29; 8; 11; 20
12,77,0.34559,0.15584,4; 3; 12; 77; 18; 14; 29; 18
12,63,0.2554,0.19048,5; 7; 12; 63; 19; 25; 8; 13
13,63,0.25105,0.20635,5; 5; 13; 63; 24; 20; 13; 25
8,9,0.82398,0.88889,18; 21; 8; 9; 10; 25; 8; 18
6,82,0.35212,0.07317,3; 5; 6; 82; 20; 3; 19; 24
28,48,0.55367,0.58333,10; 4; 28; 48; 8; 19; 28; 26
9,75,0.25173,0.12,6; 7; 9; 75; 5; 19; 11; 29
7,10,0.79007,0.7,32; 25; 7; 10; 13; 4; 28; 15
14,70,0.34042,0.2,7; 5; 14; 70; 30; 17; 22; 24
10,75,0.32461,0.13333,4; 4; 10; 75; 15; 15; 9; 30
11,75,0.30203,0.14667,4; 5; 11; 75; 14; 4; 27; 16
6,10,0.8368,0.6,15; 6; 6; 10; 6; 7; 32; 29
8,78,0.32458,0.10256,4; 4; 8; 78; 7; 14; 24; 25
12,63,0.26791,0.19048,6; 11; 12; 63; 18; 25; 30; 16
7,10,0.80992,0.7,18; 7; 7; 10; 19; 16; 28; 20
9,10,0.80949,0.9,9; 17; 9; 10; 25; 32; 9; 15
9,49,0.19982,0.18367,19; 6; 9; 49; 29; 6; 7; 17
10,32,0.64964,0.3125,23; 5; 10; 32; 20; 3; 32; 24
5,82,0.35729,0.06098,4; 3; 5; 82; 17; 19; 22; 17
26,32,0.54882,0.8125,14; 17; 26; 32; 23; 27; 11; 18
7,9,0.81841,0.77778,22; 5; 7; 9; 15; 17; 18; 25
7,82,0.3144,0.08537,3; 3; 7; 82; 16; 4; 14; 27
11,42,0.37583,0.2619,18; 22; 11; 42; 9; 25; 17; 31
23,63,0.4572,0.36508,5; 6; 23; 63; 5; 11; 22; 26
35,49,0.72826,0.71429,3; 4; 35; 49; 30; 3; 21; 16
26,31,0.65994,0.83871,13; 18; 26; 31; 20; 19; 31; 16
6,10,0.81527,0.6,13; 17; 6; 10; 3; 32; 24; 18
9,77,0.31315,0.11688,4; 4; 9; 77; 11; 26; 10; 25
16,32,0.57607,0.5,3; 24; 16; 32; 10; 26; 27; 25
35,53,0.64549,0.66038,4; 5; 35; 53; 24; 7; 8; 26
8,32,0.46029,0.25,26; 6; 8; 32; 3; 24; 22; 24
16,49,0.31063,0.32653,7; 3; 16; 49; 18; 12; 14; 22
24,49,0.45225,0.4898,7; 9; 24; 49; 11; 24; 20; 8
7,77,0.25671,0.09091,4; 5; 7; 77; 8; 25; 21; 11
12,78,0.38289,0.15385,4; 4; 12; 78; 26; 25; 4; 6
15,75,0.37574,0.2,3; 3; 15; 75; 21; 13; 19; 28
5,63,0.19069,0.07937,4; 15; 5; 63; 9; 25; 26; 19
8,77,0.28972,0.1039,3; 6; 8; 77; 29; 20; 31; 3
24,26,0.58969,0.92308,9; 7; 24; 26; 13; 15; 32; 11
10,75,0.32295,0.13333,6; 4; 10; 75; 26; 9; 3; 6
9,63,0.23568,0.14286,13; 12; 9; 63; 25; 28; 29; 12
13,75,0.37998,0.17333,5; 5; 13; 75; 23; 18; 31; 24
21,53,0.36379,0.39623,12; 3; 21; 53; 17; 31; 23; 5
22,49,0.42642,0.44898,10; 5; 22; 49; 17; 30; 10; 11
9,78,0.29471,0.11538,4; 3; 9; 78; 3; 6; 14; 23
26,48,0.53527,0.54167,8; 5; 26; 48; 9; 13; 28; 23
5,77,0.25263,0.06494,8; 4; 5; 77; 21; 14; 13; 19
5,77,0.29672,0.06494,4; 4; 5; 77; 14; 24; 18; 14
34,49,0.68319,0.69388,3; 7; 34; 49; 12; 31; 15; 3
32,49,0.65945,0.65306,8; 7; 32; 49; 18; 27; 9; 27
6,9,0.81398,0.66667,12; 18; 6; 9; 18; 10; 22; 19
34,49,0.68405,0.69388,3; 3; 34; 49; 19; 11; 11; 28
24,63,0.44926,0.38095,4; 3; 24; 63; 6; 23; 30; 19
8,82,0.33007,0.09756,3; 3; 8; 82; 32; 32; 9; 3
9,31,0.58942,0.29032,5; 9; 9; 31; 20; 3; 14; 10
27,49,0.52979,0.55102,10; 7; 27; 49; 6; 27; 20; 9
5,64,0.17337,0.07812,4; 13; 5; 64; 30; 13; 23; 12
37,48,0.75028,0.77083,4; 4; 37; 48; 21; 26; 17; 20
7,78,0.27228,0.08974,3; 6; 7; 78; 25; 11; 14; 24
8,82,0.37089,0.09756,4; 4; 8; 82; 21; 7; 9; 20
32,48,0.65419,0.66667,5; 5; 32; 48; 22; 15; 30; 25
15,75,0.33226,0.2,3; 4; 15; 75; 15; 23; 22; 10
10,75,0.27993,0.13333,5; 4; 10; 75; 24; 8; 7; 8
19,32,0.46143,0.59375,6; 8; 19; 32; 28; 11; 19; 15
12,70,0.27893,0.17143,6; 4; 12; 70; 8; 15; 9; 22
7,9,0.80721,0.77778,8; 36; 7; 9; 21; 13; 23; 7
32,53,0.57676,0.60377,6; 3; 32; 53; 8; 19; 17; 23
27,32,0.6253,0.84375,11; 13; 27; 32; 10; 11; 31; 9
16,31,0.42575,0.51613,23; 11; 16; 31; 6; 30; 31; 28
13,77,0.34075,0.16883,3; 3; 13; 77; 19; 17; 21; 19
9,10,0.79848,0.9,38; 25; 9; 10; 3; 25; 8; 29
12,26,0.63356,0.46154,5; 5; 12; 26; 5; 28; 11; 14
5,10,0.83617,0.5,38; 13; 5; 10; 26; 20; 14; 11
24,53,0.44546,0.45283,5; 7; 24; 53; 6; 32; 18; 24
7,82,0.31025,0.08537,4; 4; 7; 82; 20; 10; 23; 9
7,78,0.32686,0.08974,5; 5; 7; 78; 12; 25; 7; 20
10,78,0.28718,0.12821,3; 3; 10; 78; 10; 6; 8; 23
30,48,0.63168,0.625,5; 10; 30; 48; 11; 11; 3; 9
37,53,0.71799,0.69811,4; 3; 37; 53; 32; 29; 12; 21
29,42,0.57856,0.69048,9; 12; 29; 42; 27; 3; 6; 30
8,70,0.22602,0.11429,9; 8; 8; 70; 8; 6; 13; 12
5,77,0.30533,0.06494,4; 8; 5; 77; 15; 8; 6; 16
12,70,0.28587,0.17143,4; 5; 12; 70; 13; 29; 4; 12
9,63,0.22997,0.14286,7; 10; 9; 63; 5; 26; 14; 4
32,48,0.64397,0.66667,8; 6; 32; 48; 30; 28; 8; 24
9,10,0.79065,0.9,8; 23; 9; 10; 12; 31; 5; 32
7,78,0.31789,0.08974,5; 5; 7; 78; 20; 19; 6; 22
9,42,0.26578,0.21429,21; 23; 9; 42; 19; 22; 26; 18
26,42,0.53179,0.61905,9; 8; 26; 42; 6; 32; 27; 30
11,78,0.35109,0.14103,4; 3; 11; 78; 15; 31; 6; 32
16,48,0.37028,0.33333,8; 11; 16; 48; 13; 15; 16; 22
9,78,0.32957,0.11538,3; 4; 9; 78; 27; 9; 9; 5
10,77,0.33938,0.12987,4; 3; 10; 77; 11; 29; 24; 12
17,31,0.47439,0.54839,23; 14; 17; 31; 27; 31; 18; 18
10,77,0.30815,0.12987,5; 4; 10; 77; 23; 6; 28; 3
7,82,0.32413,0.08537,4; 4; 7; 82; 10; 31; 14; 32
14,70,0.35231,0.2,5; 7; 14; 70; 18; 9; 32; 9
20,63,0.41512,0.31746,4; 3; 20; 63; 26; 7; 23; 11
19,70,0.3793,0.27143,4; 3; 19; 70; 8; 11; 25; 32
7,10,0.79775,0.7,13; 32; 7; 10; 30; 27; 32; 6
7,48,0.14607,0.14583,13; 15; 7; 48; 3; 21; 23; 18
19,31,0.47766,0.6129,3; 12; 19; 31; 9; 5; 9; 15
19,64,0.40092,0.29688,5; 4; 19; 64; 18; 11; 18; 10
12,78,0.35746,0.15385,3; 3; 12; 78; 23; 19; 27; 8
12,78,0.34442,0.15385,3; 3; 12; 78; 25; 10; 17; 17
13,75,0.32431,0.17333,4; 5; 13; 75; 13; 12; 7; 23
27,63,0.49303,0.42857,3; 4; 27; 63; 26; 32; 12; 4
7,53,0.16298,0.13208,6; 10; 7; 53; 21; 14; 5; 17
12,48,0.23982,0.25,15; 12; 12; 48; 4; 27; 30; 12
9,53,0.17233,0.16981,10; 8; 9; 53; 23; 13; 30; 13
34,42,0.66017,0.80952,5; 10; 34; 42; 14; 29; 12; 24
13,53,0.27724,0.24528,11; 14; 13; 53; 29; 20; 24; 24
24,26,0.76714,0.92308,15; 10; 24; 26; 30; 12; 22; 29
20,53,0.40284,0.37736,5; 6; 20; 53; 28; 10; 4; 23
5,70,0.20196,0.07143,9; 10; 5; 70; 32; 20; 6; 17
6,10,0.80607,0.6,5; 11; 6; 10; 23; 10; 9; 6
28,42,0.60596,0.66667,9; 4; 28; 42; 30; 11; 4; 12
25,53,0.45585,0.4717,9; 7; 25; 53; 20; 7; 27; 17
8,26,0.63494,0.30769,21; 11; 8; 26; 15; 17; 15; 20
6,10,0.82477,0.6,36; 7; 6; 10; 8; 14; 20; 18
6,82,0.33012,0.07317,3; 4; 6; 82; 21; 27; 7; 7
19,63,0.36046,0.30159,6; 8; 19; 63; 6; 3; 15; 11
16,49,0.34588,0.32653,5; 4; 16; 49; 14; 13; 17; 32
11,77,0.32108,0.14286,5; 5; 11; 77; 10; 10; 26; 4
21,53,0.39339,0.39623,3; 12; 21; 53; 6; 5; 30; 17
6,49,0.16988,0.12245,19; 6; 6; 49; 11; 20; 11; 26
14,75,0.3812,0.18667,4; 4; 14; 75; 16; 28; 30; 6
7,82,0.3339,0.08537,3; 3; 7; 82; 9; 29; 15; 10
19,32,0.44548,0.59375,15; 15; 19; 32; 26; 21; 16; 8
7,10,0.82635,0.7,31; 17; 7; 10; 21; 12; 19; 31
15,75,0.38036,0.2,4; 3; 15; 75; 20; 20; 3; 8
22,31,0.58504,0.70968,17; 20; 22; 31; 31; 10; 29; 25
24,48,0.50269,0.5,10; 3; 24; 48; 18; 28; 11; 30
26,49,0.49518,0.53061,3; 5; 26; 49; 3; 13; 6; 21
37,42,0.67303,0.88095,8; 7; 37; 42; 23; 19; 6; 23
10,78,0.33154,0.12821,4; 5; 10; 78; 31; 28; 14; 22
10,63,0.23842,0.15873,4; 9; 10; 63; 5; 28; 29; 12
9,77,0.30476,0.11688,3; 5; 9; 77; 13; 25; 28; 28
37,53,0.70931,0.69811,4; 4; 37; 53; 28; 9; 20; 8
27,53,0.51045,0.50943,9; 5; 27; 53; 30; 11; 26; 19
16,48,0.31552,0.33333,8; 6; 16; 48; 26; 28; 22; 12
5,31,0.5215,0.16129,27; 24; 5; 31; 19; 19; 16; 21
9,49,0.21892,0.18367,16; 17; 9; 49; 3; 13; 31; 4
34,42,0.6515,0.80952,3; 7; 34; 42; 14; 23; 16; 17
7,63,0.21572,0.11111,14; 4; 7; 63; 23; 11; 12; 20
10,63,0.2489,0.15873,7; 3; 10; 63; 16; 20; 25; 28
32,48,0.63932,0.66667,6; 4; 32; 48; 3; 32; 21; 28
7,10,0.82761,0.7,27; 26; 7; 10; 31; 27; 21; 6
8,64,0.21283,0.125,7; 11; 8; 64; 18; 8; 25; 18
10,75,0.31517,0.13333,4; 5; 10; 75; 8; 4; 4; 24
11,32,0.53296,0.34375,18; 9; 11; 32; 10; 20; 13; 3
13,70,0.29457,0.18571,4; 6; 13; 70; 26; 25; 9; 13
11,75,0.29117,0.14667,3; 4; 11; 75; 16; 28; 8; 11
5,82,0.26706,0.06098,4; 3; 5; 82; 22; 31; 5; 28
32,48,0.64501,0.66667,4; 3; 32; 48; 23; 24; 18; 10
15,49,0.28025,0.30612,8; 5; 15; 49; 4; 28; 5; 4
17,48,0.3602,0.35417,7; 13; 17; 48; 5; 4; 13; 5
7,10,0.80566,0.7,40; 21; 7; 10; 20; 20; 29; 24
25,64,0.44009,0.39062,4; 4; 25; 64; 4; 11; 11; 31
19,63,0.37414,0.30159,3; 7; 19; 63; 7; 6; 22; 13
37,48,0.71363,0.77083,3; 6; 37; 48; 24; 16; 32; 10
25,53,0.46077,0.4717,8; 5; 25; 53; 27; 19; 22; 7
14,26,0.73885,0.53846,23; 26; 14; 26; 5; 32; 12; 21
21,64,0.40481,0.32812,6; 6; 21; 64; 15; 16; 4; 25
15,53,0.27408,0.28302,13; 3; 15; 53; 27; 3; 10; 24
13,26,0.76468,0.5,7; 26; 13; 26; 18; 8; 9; 24
15,31,0.54764,0.48387,19; 9; 15; 31; 14; 10; 5; 17
16,63,0.31346,0.25397,7; 3; 16; 63; 30; 32; 16; 6
14,75,0.38349,0.18667,4; 4; 14; 75; 18; 26; 30; 8
10,75,0.32869,0.13333,4; 5; 10; 75; 21; 7; 9; 27
5,26,0.68122,0.19231,29; 28; 5; 26; 17; 4; 3; 31
42,48,0.7864,0.875,4; 4; 42; 48; 29; 23; 14; 17
35,53,0.64414,0.66038,5; 3; 35; 53; 7; 5; 32; 18
27,63,0.49321,0.42857,3; 4; 27; 63; 28; 21; 19; 28
12,75,0.35681,0.16,4; 4; 12; 75; 16; 7; 29; 10
5,10,0.83237,0.5,30; 6; 5; 10; 7; 23; 31; 11
19,70,0.39316,0.27143,4; 3; 19; 70; 30; 5; 22; 31
33,42,0.63032,0.78571,3; 11; 33; 42; 14; 4; 21; 29
8,78,0.26748,0.10256,6; 4; 8; 78; 23; 12; 13; 21
16,26,0.62353,0.61538,17; 16; 16; 26; 3; 16; 17; 7
5,70,0.1929,0.07143,4; 9; 5; 70; 5; 20; 19; 31
5,10,0.84315,0.5,14; 4; 5; 10; 4; 16; 29; 24
7,32,0.46311,0.21875,7; 17; 7; 32; 16; 32; 17; 22
6,64,0.16969,0.09375,4; 13; 6; 64; 7; 11; 29; 24
7,9,0.84173,0.77778,13; 8; 7; 9; 20; 23; 23; 3
7,82,0.32396,0.08537,4; 3; 7; 82; 25; 12; 5; 10
5,82,0.37063,0.06098,3; 5; 5; 82; 25; 18; 14; 13
12,78,0.35516,0.15385,4; 3; 12; 78; 32; 17; 8; 7
34,53,0.66069,0.64151,4; 5; 34; 53; 30; 20; 25; 17
18,31,0.63325,0.58065,9; 6; 18; 31; 28; 3; 13; 16
5,82,0.31183,0.06098,4; 4; 5; 82; 24; 11; 3; 13
7,32,0.45306,0.21875,8; 6; 7; 32; 29; 3; 25; 22
5,10,0.81388,0.5,7; 26; 5; 10; 4; 18; 10; 12
9,75,0.28655,0.12,3; 4; 9; 75; 17; 30; 15; 30
18,64,0.34853,0.28125,7; 5; 18; 64; 21; 31; 24; 13
12,32,0.59718,0.375,10; 15; 12; 32; 18; 5; 31; 25
35,42,0.67453,0.83333,6; 10; 35; 42; 10; 3; 22; 27
6,82,0.29554,0.07317,4; 4; 6; 82; 27; 23; 28; 14
6,10,0.83185,0.6,7; 27; 6; 10; 16; 31; 5; 9
19,42,0.497,0.45238,9; 8; 19; 42; 13; 30; 15; 22
17,49,0.39893,0.34694,10; 13; 17; 49; 7; 19; 7; 6
8,63,0.20429,0.12698,6; 3; 8; 63; 30; 3; 26; 9
22,26,0.54849,0.84615,8; 7; 22; 26; 25; 6; 14; 18
6,75,0.30421,0.08,7; 7; 6; 75; 20; 8; 10; 17
5,42,0.23172,0.11905,14; 18; 5; 42; 27; 12; 17; 13
15,75,0.38597,0.2,4; 3; 15; 75; 13; 17; 29; 13
34,48,0.66761,0.70833,8; 6; 34; 48; 17; 28; 20; 27
22,26,0.59364,0.84615,14; 16; 22; 26; 4; 11; 27; 3
27,42,0.42633,0.64286,3; 10; 27; 42; 21; 14; 18; 23
15,75,0.37614,0.2,4; 4; 15; 75; 11; 16; 8; 21
16,70,0.32356,0.22857,5; 4; 16; 70; 21; 20; 16; 16
15,75,0.38742,0.2,4; 4; 15; 75; 16; 7; 9; 18
8,31,0.63257,0.25806,8; 5; 8; 31; 15; 17; 27; 6
7,9,0.80705,0.77778,20; 41; 7; 9; 24; 9; 12; 22
8,31,0.5154,0.25806,21; 4; 8; 31; 23; 9; 13; 6
6,31,0.61021,0.19355,25; 4; 6; 31; 13; 10; 25; 32
8,78,0.31335,0.10256,5; 3; 8; 78; 14; 10; 10; 15
9,10,0.78111,0.9,21; 17; 9; 10; 11; 21; 24; 14
23,26,0.48889,0.88462,8; 17; 23; 26; 27; 5; 17; 10
30,32,0.58427,0.9375,13; 5; 30; 32; 15; 13; 18; 10
7,9,0.80976,0.77778,8; 5; 7; 9; 13; 17; 6; 25
9,77,0.34739,0.11688,6; 5; 9; 77; 23; 24; 4; 13
14,75,0.3779,0.18667,3; 3; 14; 75; 18; 18; 23; 18
41,42,0.70476,0.97619,3; 3; 41; 42; 16; 19; 11; 28
17,63,0.35079,0.26984,3; 3; 17; 63; 9; 25; 6; 26
11,78,0.3572,0.14103,4; 3; 11; 78; 4; 28; 6; 26
5,78,0.31041,0.0641,4; 6; 5; 78; 3; 16; 7; 10
8,53,0.20534,0.15094,14; 4; 8; 53; 17; 22; 4; 24
37,53,0.69348,0.69811,4; 3; 37; 53; 26; 24; 9; 32
36,49,0.70836,0.73469,3; 6; 36; 49; 8; 6; 9; 21
12,70,0.27099,0.17143,8; 7; 12; 70; 24; 18; 11; 9
24,48,0.48905,0.5,13; 9; 24; 48; 29; 27; 23; 8
16,63,0.3373,0.25397,3; 3; 16; 63; 18; 30; 13; 11
6,10,0.81616,0.6,18; 9; 6; 10; 10; 3; 32; 13
29,48,0.58895,0.60417,3; 5; 29; 48; 10; 21; 28; 27
14,63,0.29916,0.22222,10; 9; 14; 63; 10; 10; 4; 4
13,63,0.26287,0.20635,9; 8; 13; 63; 12; 4; 13; 23
10,64,0.24871,0.15625,10; 11; 10; 64; 30; 13; 7; 30
5,75,0.27374,0.06667,8; 9; 5; 75; 3; 16; 23; 20
6,10,0.82554,0.6,28; 5; 6; 10; 8; 32; 28; 4
5,63,0.15969,0.07937,5; 7; 5; 63; 11; 12; 17; 4
8,32,0.67819,0.25,9; 16; 8; 32; 9; 22; 11; 31
14,49,0.32487,0.28571,5; 7; 14; 49; 29; 17; 6; 4
5,63,0.15404,0.07937,4; 3; 5; 63; 11; 11; 11; 20
18,31,0.59612,0.58065,24; 10; 18; 31; 28; 6; 32; 7
14,75,0.36225,0.18667,3; 4; 14; 75; 4; 24; 4; 17
8,78,0.25508,0.10256,3; 6; 8; 78; 23; 20; 13; 15
37,53,0.7067,0.69811,3; 4; 37; 53; 18; 32; 18; 21
15,75,0.39245,0.2,3; 4; 15; 75; 6; 19; 8; 14
10,70,0.20696,0.14286,9; 9; 10; 70; 14; 10; 28; 7
8,78,0.25582,0.10256,5; 3; 8; 78; 21; 24; 11; 6
21,64,0.42215,0.32812,4; 4; 21; 64; 22; 14; 24; 12
7,63,0.1692,0.11111,4; 6; 7; 63; 6; 14; 28; 27
13,31,0.46696,0.41935,26; 21; 13; 31; 32; 22; 11; 22
7,10,0.82485,0.7,12; 4; 7; 10; 14; 7; 16; 8
5,77,0.26403,0.06494,8; 3; 5; 77; 15; 13; 31; 20
10,26,0.61543,0.38462,22; 20; 10; 26; 16; 17; 9; 23
38,48,0.74118,0.79167,4; 6; 38; 48; 29; 13; 8; 3
24,64,0.46005,0.375,3; 3; 24; 64; 26; 5; 5; 32
14,31,0.75808,0.45161,7; 23; 14; 31; 15; 3; 20; 12
32,42,0.60084,0.7619,5; 6; 32; 42; 12; 22; 27; 24
8,82,0.35318,0.09756,3; 4; 8; 82; 30; 27; 22; 11
12,63,0.25593,0.19048,3; 11; 12; 63; 25; 28; 8; 26
8,49,0.21811,0.16327,15; 3; 8; 49; 19; 15; 6; 30
17,32,0.54014,0.53125,7; 21; 17; 32; 16; 20; 17; 4
9,77,0.27775,0.11688,3; 3; 9; 77; 31; 16; 24; 5
15,64,0.33849,0.23438,7; 7; 15; 64; 30; 15; 7; 23
26,49,0.5392,0.53061,3; 6; 26; 49; 11; 13; 7; 6
36,48,0.72272,0.75,3; 5; 36; 48; 21; 18; 32; 21
36,42,0.70082,0.85714,3; 9; 36; 42; 21; 28; 10; 18
7,10,0.81226,0.7,11; 11; 7; 10; 17; 10; 9; 5
7,77,0.26762,0.09091,3; 6; 7; 77; 22; 22; 14; 25
5,10,0.82509,0.5,12; 19; 5; 10; 21; 32; 16; 5
12,78,0.37894,0.15385,4; 3; 12; 78; 12; 3; 9; 12
5,31,0.6865,0.16129,16; 8; 5; 31; 15; 6; 21; 19
24,26,0.63962,0.92308,23; 5; 24; 26; 8; 21; 32; 24
20,26,0.73607,0.76923,25; 7; 20; 26; 7; 23; 28; 25
22,53,0.43109,0.41509,10; 11; 22; 53; 26; 6; 11; 10
8,64,0.20153,0.125,12; 13; 8; 64; 14; 9; 29; 12
10,75,0.32544,0.13333,4; 6; 10; 75; 21; 4; 8; 18
16,53,0.30026,0.30189,7; 3; 16; 53; 29; 20; 21; 18
15,42,0.41527,0.35714,13; 12; 15; 42; 25; 31; 5; 30
14,26,0.77522,0.53846,4; 28; 14; 26; 11; 4; 27; 5
12,63,0.25279,0.19048,10; 5; 12; 63; 4; 3; 30; 5
21,26,0.47189,0.80769,19; 22; 21; 26; 4; 7; 11; 30
12,26,0.60318,0.46154,8; 12; 12; 26; 29; 5; 11; 29
5,9,0.83266,0.55556,24; 36; 5; 9; 11; 27; 24; 28
16,70,0.37209,0.22857,3; 4; 16; 70; 30; 17; 8; 23
7,82,0.30026,0.08537,3; 4; 7; 82; 11; 11; 29; 5
20,49,0.40216,0.40816,4; 4; 20; 49; 4; 21; 21; 25
5,10,0.82097,0.5,30; 35; 5; 10; 24; 6; 15; 31
7,77,0.30722,0.09091,6; 4; 7; 77; 25; 11; 9; 14
7,75,0.23519,0.09333,5; 6; 7; 75; 15; 32; 3; 12
5,9,0.80004,0.55556,3; 4; 5; 9; 21; 3; 5; 13
5,82,0.2871,0.06098,4; 5; 5; 82; 12; 4; 6; 10
14,70,0.34209,0.2,3; 6; 14; 70; 30; 11; 5; 11
31,48,0.59663,0.64583,9; 4; 31; 48; 23; 11; 19; 16
12,48,0.2712,0.25,11; 12; 12; 48; 7; 9; 21; 29
10,26,0.71769,0.38462,20; 5; 10; 26; 22; 27; 20; 28
9,75,0.27634,0.12,5; 6; 9; 75; 4; 7; 28; 23
17,64,0.34447,0.26562,6; 5; 17; 64; 17; 14; 3; 25
12,26,0.66242,0.46154,24; 20; 12; 26; 11; 21; 18; 22
8,82,0.37082,0.09756,3; 3; 8; 82; 10; 4; 28; 12
5,64,0.16329,0.07812,12; 5; 5; 64; 6; 12; 30; 29
41,49,0.79072,0.83673,3; 4; 41; 49; 12; 10; 11; 16
16,48,0.34481,0.33333,16; 14; 16; 48; 4; 25; 7; 27
41,48,0.83433,0.85417,3; 3; 41; 48; 28; 29; 20; 8
6,78,0.27948,0.07692,4; 4; 6; 78; 12; 31; 4; 11
19,49,0.4104,0.38776,9; 6; 19; 49; 14; 7; 5; 24
12,75,0.35528,0.16,5; 3; 12; 75; 29; 23; 13; 18
14,63,0.27486,0.22222,6; 4; 14; 63; 20; 4; 6; 28
11,78,0.38899,0.14103,4; 4; 11; 78; 19; 3; 30; 32
14,75,0.38585,0.18667,3; 3; 14; 75; 11; 18; 31; 9
17,49,0.37247,0.34694,6; 3; 17; 49; 7; 5; 24; 24
12,53,0.25798,0.22642,5; 7; 12; 53; 18; 18; 10; 9
26,63,0.46158,0.4127,4; 3; 26; 63; 24; 14; 12; 27
10,78,0.3675,0.12821,5; 5; 10; 78; 20; 20; 3; 18
17,26,0.60263,0.65385,6; 17; 17; 26; 20; 12; 7; 19
19,31,0.73534,0.6129,17; 16; 19; 31; 17; 18; 29; 19
10,77,0.33852,0.12987,3; 5; 10; 77; 22; 9; 8; 22
18,70,0.37372,0.25714,4; 3; 18; 70; 11; 24; 13; 26
6,53,0.11977,0.11321,7; 18; 6; 53; 20; 8; 28; 12
8,78,0.3178,0.10256,5; 5; 8; 78; 30; 12; 27; 21
8,78,0.27575,0.10256,3; 5; 8; 78; 26; 18; 23; 13
8,53,0.18267,0.15094,4; 5; 8; 53; 21; 28; 27; 14
20,26,0.73673,0.76923,14; 6; 20; 26; 16; 4; 14; 15
25,63,0.43192,0.39683,5; 5; 25; 63; 25; 28; 25; 14
6,10,0.83623,0.6,10; 13; 6; 10; 10; 11; 11; 22
5,82,0.30026,0.06098,4; 3; 5; 82; 21; 10; 15; 23
9,10,0.80734,0.9,14; 14; 9; 10; 24; 15; 15; 18
15,64,0.28116,0.23438,9; 7; 15; 64; 30; 3; 16; 18
18,42,0.44719,0.42857,7; 17; 18; 42; 20; 27; 20; 19
9,10,0.79188,0.9,18; 5; 9; 10; 32; 4; 4; 13
6,10,0.81887,0.6,27; 35; 6; 10; 8; 30; 31; 7
39,42,0.72678,0.92857,8; 3; 39; 42; 15; 16; 19; 4
8,78,0.30912,0.10256,5; 4; 8; 78; 27; 18; 17; 13
36,49,0.72365,0.73469,5; 5; 36; 49; 7; 11; 4; 7
14,63,0.32549,0.22222,9; 10; 14; 63; 9; 30; 3; 28
6,78,0.26785,0.07692,6; 7; 6; 78; 6; 27; 6; 28
20,70,0.42184,0.28571,3; 4; 20; 70; 29; 19; 5; 27
6,82,0.31503,0.07317,4; 5; 6; 82; 21; 29; 14; 19
22,64,0.4018,0.34375,4; 3; 22; 64; 27; 18; 9; 21
7,10,0.81546,0.7,8; 13; 7; 10; 7; 29; 32; 14
8,78,0.26525,0.10256,3; 5; 8; 78; 12; 29; 11; 25
42,48,0.8027,0.875,3; 4; 42; 48; 27; 21; 14; 27
5,10,0.80627,0.5,12; 40; 5; 10; 11; 20; 22; 4
11,77,0.3684,0.14286,4; 3; 11; 77; 14; 24; 7; 31
8,32,0.50741,0.25,7; 9; 8; 32; 13; 3; 20; 18
24,26,0.57932,0.92308,12; 24; 24; 26; 22; 22; 10; 21
9,70,0.23295,0.12857,8; 8; 9; 70; 4; 15; 16; 19
6,9,0.79316,0.66667,40; 20; 6; 9; 23; 7; 6; 27
24,26,0.62098,0.92308,23; 13; 24; 26; 18; 10; 24; 27
6,9,0.81891,0.66667,39; 11; 6; 9; 5; 25; 11; 29
12,78,0.36914,0.15385,3; 3; 12; 78; 22; 13; 5; 8
9,64,0.21218,0.14062,12; 12; 9; 64; 30; 9; 31; 14
5,78,0.30057,0.0641,5; 3; 5; 78; 26; 5; 8; 11
14,49,0.2931,0.28571,11; 7; 14; 49; 19; 3; 8; 20
5,10,0.82172,0.5,40; 32; 5; 10; 18; 15; 14; 7
15,53,0.29398,0.28302,11; 3; 15; 53; 15; 27; 13; 28
25,32,0.49617,0.78125,15; 11; 25; 32; 15; 18; 14; 31
17,63,0.31241,0.26984,9; 7; 17; 63; 17; 4; 17; 3
19,63,0.37693,0.30159,7; 7; 19; 63; 20; 18; 27; 15
9,10,0.80423,0.9,18; 33; 9; 10; 3; 3; 22; 21
5,26,0.82447,0.19231,10; 16; 5; 26; 22; 8; 16; 8
7,48,0.17305,0.14583,12; 21; 7; 48; 9; 16; 26; 17
18,70,0.39458,0.25714,5; 3; 18; 70; 14; 29; 22; 3
15,70,0.32543,0.21429,6; 3; 15; 70; 16; 23; 3; 3
17,32,0.40187,0.53125,21; 8; 17; 32; 18; 17; 29; 14
9,10,0.81552,0.9,16; 36; 9; 10; 25; 12; 24; 17
6,75,0.23447,0.08,4; 7; 6; 75; 14; 15; 8; 17
6,78,0.23059,0.07692,6; 4; 6; 78; 6; 22; 27; 17
6,77,0.30212,0.07792,6; 4; 6; 77; 30; 19; 5; 28
21,64,0.41597,0.32812,3; 5; 21; 64; 26; 14; 15; 13
12,49,0.21112,0.2449,15; 9; 12; 49; 20; 8; 20; 22
11,75,0.34107,0.14667,5; 5; 11; 75; 20; 27; 23; 18
27,31,0.52127,0.87097,9; 19; 27; 31; 32; 9; 31; 18
14,75,0.34831,0.18667,3; 4; 14; 75; 3; 25; 12; 25
6,77,0.27378,0.07792,6; 3; 6; 77; 30; 10; 10; 13
20,63,0.4031,0.31746,6; 6; 20; 63; 8; 19; 9; 25
26,63,0.45457,0.4127,4; 4; 26; 63; 12; 23; 9; 6
7,10,0.79939,0.7,19; 18; 7; 10; 7; 31; 6; 16
17,26,0.62998,0.65385,17; 20; 17; 26; 15; 26; 8; 7
13,75,0.33437,0.17333,5; 4; 13; 75; 15; 14; 3; 9
27,32,0.53602,0.84375,14; 8; 27; 32; 26; 18; 28; 19
5,63,0.11053,0.07937,3; 13; 5; 63; 23; 17; 13; 12
7,42,0.47729,0.16667,4; 20; 7; 42; 26; 11; 5; 19
7,9,0.80947,0.77778,26; 11; 7; 9; 18; 14; 31; 12
9,31,0.5681,0.29032,29; 18; 9; 31; 20; 22; 13; 23
6,77,0.31462,0.07792,4; 6; 6; 77; 23; 26; 17; 17
6,10,0.83227,0.6,25; 31; 6; 10; 18; 10; 21; 15
8,10,0.81546,0.8,17; 14; 8; 10; 8; 14; 10; 8
30,32,0.66838,0.9375,9; 15; 30; 32; 11; 19; 19; 11
17,70,0.37024,0.24286,4; 3; 17; 70; 11; 32; 30; 21
18,31,0.47593,0.58065,15; 10; 18; 31; 27; 10; 30; 8
6,77,0.22907,0.07792,6; 3; 6; 77; 25; 20; 18; 10
15,48,0.31005,0.3125,5; 15; 15; 48; 15; 9; 7; 11
11,77,0.35088,0.14286,3; 3; 11; 77; 8; 16; 29; 3
19,63,0.3896,0.30159,3; 7; 19; 63; 22; 11; 31; 21
7,42,0.4117,0.16667,14; 17; 7; 42; 26; 3; 20; 12
7,70,0.19448,0.1,6; 7; 7; 70; 22; 16; 32; 7
8,9,0.80722,0.88889,34; 24; 8; 9; 31; 17; 16; 19
8,26,0.71121,0.30769,5; 28; 8; 26; 5; 6; 30; 27
33,42,0.68267,0.78571,9; 10; 33; 42; 6; 30; 16; 29
8,82,0.3893,0.09756,3; 4; 8; 82; 30; 32; 3; 25
9,10,0.82728,0.9,6; 3; 9; 10; 9; 8; 27; 11
23,31,0.495,0.74194,3; 13; 23; 31; 18; 31; 7; 10
27,32,0.47293,0.84375,11; 13; 27; 32; 6; 26; 16; 32
26,49,0.51595,0.53061,8; 11; 26; 49; 12; 12; 26; 27
8,10,0.81452,0.8,9; 33; 8; 10; 8; 4; 10; 18
40,48,0.80377,0.83333,5; 5; 40; 48; 26; 21; 32; 15
33,48,0.66483,0.6875,6; 7; 33; 48; 11; 9; 28; 30
21,42,0.50241,0.5,12; 13; 21; 42; 24; 11; 29; 17
8,10,0.81198,0.8,3; 12; 8; 10; 5; 31; 26; 30
5,75,0.23205,0.06667,9; 6; 5; 75; 16; 10; 15; 32
16,31,0.75227,0.51613,19; 3; 16; 31; 14; 14; 29; 15
10,78,0.39221,0.12821,3; 4; 10; 78; 4; 26; 7; 18
37,48,0.73989,0.77083,3; 4; 37; 48; 4; 3; 8; 20
6,10,0.81498,0.6,36; 26; 6; 10; 32; 16; 27; 15
17,49,0.37095,0.34694,3; 9; 17; 49; 10; 12; 24; 4
6,32,0.55286,0.1875,27; 19; 6; 32; 29; 4; 17; 25
28,48,0.54319,0.58333,11; 7; 28; 48; 18; 9; 19; 29
6,78,0.26341,0.07692,5; 3; 6; 78; 9; 4; 13; 3
5,75,0.21308,0.06667,9; 6; 5; 75; 9; 5; 15; 13
5,10,0.80157,0.5,36; 5; 5; 10; 6; 5; 24; 31
14,63,0.28173,0.22222,8; 9; 14; 63; 12; 7; 11; 23
5,9,0.827,0.55556,7; 19; 5; 9; 25; 16; 3; 12
19,49,0.35652,0.38776,14; 14; 19; 49; 25; 3; 4; 21
18,26,0.47571,0.69231,25; 5; 18; 26; 4; 28; 22; 22
21,64,0.41951,0.32812,3; 6; 21; 64; 9; 12; 18; 20
12,70,0.29019,0.17143,7; 3; 12; 70; 32; 10; 22; 18
9,63,0.23239,0.14286,7; 10; 9; 63; 9; 22; 29; 13
20,42,0.49248,0.47619,12; 6; 20; 42; 28; 21; 28; 19
6,9,0.84791,0.66667,18; 26; 6; 9; 20; 11; 22; 8
9,64,0.20899,0.14062,12; 8; 9; 64; 21; 19; 19; 19
7,10,0.81793,0.7,4; 24; 7; 10; 15; 3; 14; 20
15,75,0.39532,0.2,3; 3; 15; 75; 4; 20; 4; 31
26,32,0.65369,0.8125,11; 20; 26; 32; 12; 32; 4; 22
30,31,0.5643,0.96774,3; 7; 30; 31; 23; 26; 20; 13
6,75,0.27775,0.08,5; 7; 6; 75; 29; 7; 18; 16
7,49,0.17235,0.14286,16; 11; 7; 49; 25; 26; 6; 27
5,31,0.79554,0.16129,3; 18; 5; 31; 21; 21; 22; 28
10,63,0.21551,0.15873,6; 6; 10; 63; 15; 27; 5; 17
7,82,0.30965,0.08537,3; 3; 7; 82; 28; 8; 30; 8
20,31,0.53527,0.64516,20; 10; 20; 31; 7; 32; 7; 30
16,32,0.58747,0.5,21; 11; 16; 32; 7; 8; 14; 15
6,77,0.29107,0.07792,4; 5; 6; 77; 21; 15; 13; 30
6,77,0.23921,0.07792,3; 5; 6; 77; 7; 29; 18; 21
6,9,0.83615,0.66667,20; 7; 6; 9; 28; 21; 21; 5
9,26,0.66455,0.34615,14; 13; 9; 26; 12; 31; 8; 18
5,82,0.35284,0.06098,4; 4; 5; 82; 18; 20; 29; 13
28,31,0.58455,0.90323,16; 15; 28; 31; 25; 8; 9; 22
12,48,0.26779,0.25,5; 6; 12; 48; 27; 7; 15; 18
11,77,0.37532,0.14286,4; 5; 11; 77; 19; 14; 12; 10
11,77,0.30682,0.14286,4; 3; 11; 77; 26; 24; 14; 8
6,31,0.59514,0.19355,24; 30; 6; 31; 12; 6; 18; 24
8,82,0.33942,0.09756,4; 4; 8; 82; 18; 11; 22; 27
39,49,0.76185,0.79592,4; 3; 39; 49; 25; 10; 8; 31
7,82,0.30203,0.08537,3; 4; 7; 82; 30; 20; 12; 10
27,63,0.49291,0.42857,3; 4; 27; 63; 17; 9; 29; 11
5,82,0.32567,0.06098,3; 5; 5; 82; 26; 16; 3; 29
13,70,0.2744,0.18571,4; 5; 13; 70; 19; 23; 21; 24
5,32,0.64049,0.15625,21; 22; 5; 32; 31; 23; 4; 16
19,32,0.50225,0.59375,15; 11; 19; 32; 13; 14; 20; 18
5,64,0.19706,0.07812,4; 13; 5; 64; 8; 5; 10; 25
5,10,0.83309,0.5,31; 36; 5; 10; 23; 21; 6; 29
7,9,0.80623,0.77778,18; 38; 7; 9; 30; 6; 31; 3
30,42,0.59945,0.71429,10; 3; 30; 42; 23; 20; 9; 29
16,32,0.61136,0.5,25; 19; 16; 32; 16; 3; 20; 23
6,63,0.17727,0.09524,14; 7; 6; 63; 30; 21; 13; 21
13,63,0.27143,0.20635,4; 5; 13; 63; 20; 10; 20; 24
21,64,0.39783,0.32812,6; 5; 21; 64; 4; 31; 29; 5
7,82,0.30711,0.08537,3; 3; 7; 82; 22; 25; 24; 11
7,10,0.79761,0.7,21; 24; 7; 10; 6; 29; 7; 24
7,49,0.18741,0.14286,9; 11; 7; 49; 29; 15; 11; 26
21,53,0.40402,0.39623,7; 7; 21; 53; 6; 8; 13; 21
14,32,0.61034,0.4375,18; 11; 14; 32; 14; 3; 30; 21
8,9,0.81939,0.88889,40; 21; 8; 9; 32; 18; 10; 10
5,9,0.80463,0.55556,17; 34; 5; 9; 5; 20; 29; 15
19,70,0.40982,0.27143,4; 4; 19; 70; 16; 8; 21; 23
15,70,0.36671,0.21429,4; 5; 15; 70; 23; 12; 21; 30
12,78,0.35197,0.15385,4; 3; 12; 78; 18; 17; 20; 13
29,32,0.61185,0.90625,4; 5; 29; 32; 27; 4; 18; 18
10,26,0.73246,0.38462,18; 16; 10; 26; 9; 29; 3; 5
13,75,0.34783,0.17333,4; 4; 13; 75; 25; 19; 11; 8
27,31,0.57296,0.87097,7; 17; 27; 31; 14; 24; 12; 8
19,26,0.50202,0.73077,25; 10; 19; 26; 3; 21; 21; 27
7,82,0.40353,0.08537,3; 4; 7; 82; 7; 32; 10; 15
9,70,0.23456,0.12857,8; 4; 9; 70; 24; 20; 10; 10
8,9,0.80851,0.88889,19; 22; 8; 9; 26; 20; 32; 12
9,49,0.19557,0.18367,16; 6; 9; 49; 12; 23; 5; 4
20,31,0.5146,0.64516,13; 21; 20; 31; 27; 25; 6; 32
27,63,0.4887,0.42857,4; 4; 27; 63; 6; 8; 3; 28
29,49,0.58095,0.59184,7; 4; 29; 49; 26; 14; 10; 19
16,53,0.32013,0.30189,6; 11; 16; 53; 15; 20; 31; 29
6,48,0.17646,0.125,16; 3; 6; 48; 17; 23; 24; 7
29,32,0.49539,0.90625,5; 6; 29; 32; 7; 29; 12; 12
12,77,0.36365,0.15584,4; 4; 12; 77; 25; 10; 24; 4
6,9,0.82184,0.66667,41; 19; 6; 9; 14; 28; 14; 4
32,53,0.60916,0.60377,4; 3; 32; 53; 26; 3; 8; 25
8,77,0.30833,0.1039,5; 5; 8; 77; 6; 11; 27; 31
8,82,0.32688,0.09756,3; 4; 8; 82; 26; 16; 27; 9
17,70,0.38715,0.24286,4; 4; 17; 70; 29; 19; 22; 3
10,77,0.30362,0.12987,4; 5; 10; 77; 30; 12; 3; 32
17,70,0.37584,0.24286,3; 3; 17; 70; 8; 24; 21; 28
7,78,0.29173,0.08974,4; 3; 7; 78; 11; 22; 17; 19
14,75,0.36539,0.18667,4; 3; 14; 75; 26; 29; 16; 12
26,31,0.42297,0.83871,20; 11; 26; 31; 3; 6; 15; 11
6,9,0.85121,0.66667,12; 10; 6; 9; 16; 6; 12; 8
5,9,0.82046,0.55556,16; 6; 5; 9; 19; 24; 25; 17
6,64,0.1494,0.09375,6; 4; 6; 64; 3; 27; 17; 4
7,64,0.18502,0.10938,13; 6; 7; 64; 26; 27; 17; 8
11,64,0.28869,0.17188,10; 11; 11; 64; 7; 8; 17; 17
8,77,0.29444,0.1039,4; 4; 8; 77; 25; 7; 18; 18
5,70,0.23453,0.07143,5; 10; 5; 70; 5; 25; 17; 26
14,48,0.30791,0.29167,12; 5; 14; 48; 8; 17; 21; 19
6,82,0.34335,0.07317,4; 5; 6; 82; 18; 31; 3; 22
28,49,0.57759,0.57143,10; 3; 28; 49; 19; 25; 25; 21
8,10,0.75791,0.8,3; 17; 8; 10; 9; 6; 25; 14
7,10,0.81787,0.7,35; 40; 7; 10; 29; 15; 19; 22
8,53,0.15515,0.15094,12; 17; 8; 53; 10; 9; 31; 16
29,31,0.58531,0.93548,13; 11; 29; 31; 32; 13; 28; 5
8,49,0.20466,0.16327,15; 14; 8; 49; 24; 4; 11; 4
6,82,0.30548,0.07317,4; 4; 6; 82; 31; 27; 17; 5
7,75,0.23363,0.09333,8; 7; 7; 75; 15; 7; 18; 17
23,42,0.56513,0.54762,6; 9; 23; 42; 14; 31; 13; 17
11,75,0.32382,0.14667,6; 5; 11; 75; 7; 10; 11; 27
6,75,0.30704,0.08,4; 8; 6; 75; 13; 10; 29; 19
19,49,0.41143,0.38776,5; 3; 19; 49; 7; 28; 25; 31
19,49,0.38539,0.38776,13; 8; 19; 49; 30; 21; 17; 24
15,48,0.34757,0.3125,6; 8; 15; 48; 13; 6; 27; 3
8,82,0.3685,0.09756,3; 4; 8; 82; 31; 16; 14; 30
20,42,0.43551,0.47619,3; 10; 20; 42; 20; 5; 11; 25
40,42,0.69465,0.95238,4; 3; 40; 42; 21; 14; 4; 22
10,42,0.43163,0.2381,14; 3; 10; 42; 6; 23; 20; 19
31,32,0.6358,0.96875,5; 14; 31; 32; 24; 9; 14; 9
19,32,0.52644,0.59375,18; 13; 19; 32; 19; 9; 12; 5
22,48,0.41999,0.45833,6; 11; 22; 48; 31; 25; 14; 19
5,70,0.22341,0.07143,5; 7; 5; 70; 23; 16; 11; 25
23,32,0.60448,0.71875,4; 17; 23; 32; 7; 7; 17; 19
7,9,0.816,0.77778,25; 34; 7; 9; 4; 18; 7; 18
8,10,0.81285,0.8,11; 17; 8; 10; 3; 6; 28; 23
9,70,0.26491,0.12857,3; 4; 9; 70; 31; 18; 6; 5
7,10,0.80319,0.7,19; 39; 7; 10; 27; 30; 31; 4
21,31,0.51449,0.67742,14; 19; 21; 31; 21; 8; 31; 25
27,32,0.57252,0.84375,12; 19; 27; 32; 24; 5; 27; 25
34,42,0.62898,0.80952,4; 9; 34; 42; 23; 15; 16; 17
10,42,0.31011,0.2381,7; 3; 10; 42; 11; 24; 13; 17
29,32,0.60674,0.90625,12; 9; 29; 32; 29; 15; 19; 21
13,75,0.35617,0.17333,4; 3; 13; 75; 22; 6; 9; 12
7,10,0.82525,0.7,12; 37; 7; 10; 18; 4; 13; 31
33,53,0.60163,0.62264,6; 6; 33; 53; 26; 3; 23; 4
5,10,0.82661,0.5,40; 6; 5; 10; 8; 16; 16; 24
7,9,0.82804,0.77778,39; 24; 7; 9; 26; 20; 16; 27
5,70,0.21205,0.07143,4; 6; 5; 70; 25; 18; 22; 20
14,70,0.31849,0.2,3; 5; 14; 70; 23; 3; 12; 6
40,42,0.722,0.95238,3; 4; 40; 42; 29; 21; 22; 5
8,82,0.28777,0.09756,4; 4; 8; 82; 32; 4; 27; 15
17,26,0.58708,0.65385,14; 18; 17; 26; 11; 13; 30; 19
18,32,0.66069,0.5625,19; 23; 18; 32; 19; 18; 14; 31
13,26,0.67868,0.5,26; 26; 13; 26; 5; 3; 8; 30
21,53,0.42398,0.39623,11; 3; 21; 53; 19; 13; 12; 6
29,31,0.52532,0.93548,16; 6; 29; 31; 4; 11; 27; 19
15,31,0.73813,0.48387,13; 4; 15; 31; 21; 23; 5; 3
15,49,0.32492,0.30612,17; 13; 15; 49; 24; 7; 30; 21
12,32,0.63111,0.375,5; 17; 12; 32; 15; 26; 24; 5
7,75,0.22084,0.09333,5; 5; 7; 75; 6; 14; 25; 19
6,82,0.32846,0.07317,5; 3; 6; 82; 21; 29; 20; 20
34,42,0.64447,0.80952,6; 4; 34; 42; 10; 19; 25; 29
9,70,0.22951,0.12857,4; 5; 9; 70; 7; 27; 20; 21
5,82,0.28564,0.06098,5; 3; 5; 82; 26; 23; 17; 4
13,49,0.28622,0.26531,14; 4; 13; 49; 15; 14; 5; 20
11,48,0.22842,0.22917,15; 12; 11; 48; 30; 23; 22; 13
26,32,0.5409,0.8125,4; 5; 26; 32; 11; 8; 24; 20
5,82,0.34547,0.06098,3; 4; 5; 82; 24; 16; 11; 23
8,31,0.79155,0.25806,16; 8; 8; 31; 8; 26; 12; 13
11,53,0.23092,0.20755,3; 14; 11; 53; 5; 13; 18; 31
11,42,0.27957,0.2619,15; 9; 11; 42; 22; 6; 3; 24
17,42,0.42701,0.40476,9; 8; 17; 42; 3; 6; 32; 22
11,78,0.35417,0.14103,3; 4; 11; 78; 11; 19; 3; 11
31,48,0.62435,0.64583,6; 3; 31; 48; 13; 5; 17; 4
6,78,0.27042,0.07692,5; 3; 6; 78; 9; 13; 22; 9
9,31,0.64217,0.29032,12; 25; 9; 31; 24; 17; 21; 9
12,75,0.32306,0.16,4; 3; 12; 75; 13; 19; 29; 6
6,82,0.30819,0.07317,5; 4; 6; 82; 26; 20; 3; 23
12,42,0.3721,0.28571,7; 21; 12; 42; 7; 23; 5; 15
12,78,0.36496,0.15385,4; 3; 12; 78; 24; 22; 8; 24
6,64,0.18112,0.09375,10; 3; 6; 64; 30; 24; 31; 5
7,42,0.2485,0.16667,10; 5; 7; 42; 15; 24; 13; 30
15,75,0.33596,0.2,4; 4; 15; 75; 12; 20; 22; 15
7,10,0.81943,0.7,26; 33; 7; 10; 3; 25; 3; 7
21,64,0.3987,0.32812,3; 3; 21; 64; 25; 19; 17; 7
17,42,0.40833,0.40476,13; 17; 17; 42; 13; 6; 19; 12
30,31,0.59653,0.96774,3; 12; 30; 31; 16; 15; 11; 4
26,64,0.4826,0.40625,3; 3; 26; 64; 14; 4; 9; 27
12,31,0.76444,0.3871,24; 17; 12; 31; 10; 32; 8; 16
13,63,0.26693,0.20635,5; 11; 13; 63; 9; 6; 11; 15
38,48,0.75766,0.79167,4; 3; 38; 48; 11; 32; 6; 18
30,48,0.61086,0.625,4; 8; 30; 48; 22; 11; 31; 29
8,9,0.83685,0.88889,15; 20; 8; 9; 25; 11; 25; 5
11,42,0.3585,0.2619,12; 20; 11; 42; 6; 28; 31; 15
13,77,0.38477,0.16883,4; 4; 13; 77; 31; 9; 20; 3
10,75,0.27637,0.13333,6; 3; 10; 75; 20; 14; 31; 17
7,10,0.82682,0.7,26; 10; 7; 10; 9; 14; 16; 30
10,78,0.34255,0.12821,4; 3; 10; 78; 14; 19; 8; 16
37,49,0.72479,0.7551,6; 6; 37; 49; 15; 23; 30; 8
14,31,0.79161,0.45161,7; 15; 14; 31; 21; 21; 21; 11
13,75,0.37862,0.17333,3; 3; 13; 75; 26; 28; 6; 10
8,82,0.38416,0.09756,3; 4; 8; 82; 16; 6; 11; 26
20,64,0.38849,0.3125,4; 3; 20; 64; 18; 3; 22; 16
7,70,0.241,0.1,6; 4; 7; 70; 12; 23; 3; 18
11,77,0.37395,0.14286,5; 3; 11; 77; 18; 10; 8; 25
8,70,0.23765,0.11429,7; 6; 8; 70; 19; 29; 29; 10
17,64,0.36259,0.26562,6; 6; 17; 64; 21; 23; 18; 27
30,32,0.56754,0.9375,14; 4; 30; 32; 7; 21; 20; 23
5,48,0.13825,0.10417,3; 4; 5; 48; 16; 8; 15; 8
26,32,0.49142,0.8125,14; 16; 26; 32; 30; 13; 18; 18
8,31,0.63626,0.25806,13; 16; 8; 31; 20; 8; 31; 26
15,63,0.29129,0.2381,10; 8; 15; 63; 26; 7; 21; 11
8,75,0.28965,0.10667,5; 3; 8; 75; 24; 32; 4; 14
7,82,0.31239,0.08537,4; 4; 7; 82; 7; 9; 9; 10
7,82,0.30599,0.08537,3; 3; 7; 82; 7; 8; 23; 22
5,31,0.70198,0.16129,22; 16; 5; 31; 9; 27; 29; 16
11,53,0.25296,0.20755,9; 13; 11; 53; 24; 26; 7; 31
17,63,0.32047,0.26984,9; 8; 17; 63; 14; 23; 13; 23
8,26,0.83114,0.30769,13; 24; 8; 26; 25; 19; 22; 11
5,9,0.84125,0.55556,37; 27; 5; 9; 9; 16; 7; 9
38,42,0.69437,0.90476,9; 3; 38; 42; 12; 18; 6; 9
24,42,0.51322,0.57143,10; 4; 24; 42; 25; 18; 15; 20
7,82,0.31579,0.08537,3; 4; 7; 82; 21; 23; 19; 19
6,9,0.83112,0.66667,14; 28; 6; 9; 19; 26; 12; 6
33,53,0.62666,0.62264,5; 5; 33; 53; 11; 29; 26; 3
5,32,0.64022,0.15625,24; 12; 5; 32; 5; 8; 20; 24
14,75,0.34396,0.18667,3; 3; 14; 75; 12; 6; 17; 20
13,77,0.37537,0.16883,4; 4; 13; 77; 12; 18; 23; 26
6,48,0.17968,0.125,12; 20; 6; 48; 7; 28; 29; 3
6,70,0.19681,0.08571,5; 4; 6; 70; 27; 13; 29; 5
12,63,0.26193,0.19048,9; 3; 12; 63; 24; 11; 15; 23
15,49,0.32303,0.30612,10; 7; 15; 49; 27; 7; 18; 20
25,63,0.44275,0.39683,4; 5; 25; 63; 8; 3; 7; 4
9,10,0.79811,0.9,7; 24; 9; 10; 17; 25; 15; 9
5,9,0.83076,0.55556,40; 32; 5; 9; 3; 21; 23; 27
42,48,0.82848,0.875,3; 4; 42; 48; 4; 30; 22; 18
6,78,0.26919,0.07692,3; 6; 6; 78; 32; 17; 11; 32
13,64,0.2813,0.20312,6; 3; 13; 64; 21; 5; 25; 3
13,42,0.32158,0.30952,10; 21; 13; 42; 9; 4; 22; 10
6,70,0.18145,0.08571,9; 11; 6; 70; 3; 29; 18; 30
11,64,0.2947,0.17188,4; 11; 11; 64; 23; 19; 12; 20
16,49,0.33173,0.32653,12; 14; 16; 49; 14; 4; 3; 27
11,70,0.31228,0.15714,7; 5; 11; 70; 27; 7; 20; 5
36,49,0.71366,0.73469,3; 3; 36; 49; 10; 13; 8; 4
7,9,0.81385,0.77778,36; 27; 7; 9; 25; 25; 22; 3
19,49,0.36673,0.38776,9; 6; 19; 49; 15; 4; 16; 13
11,75,0.30083,0.14667,5; 6; 11; 75; 15; 15; 22; 16
5,82,0.33841,0.06098,5; 5; 5; 82; 3; 23; 13; 5
8,77,0.30741,0.1039,4; 6; 8; 77; 14; 8; 27; 19
5,10,0.81568,0.5,27; 8; 5; 10; 14; 12; 13; 16
21,31,0.43266,0.67742,15; 21; 21; 31; 26; 30; 5; 4
21,49,0.39433,0.42857,12; 14; 21; 49; 11; 27; 23; 18
8,10,0.82033,0.8,15; 14; 8; 10; 16; 3; 19; 12
9,10,0.80978,0.9,39; 39; 9; 10; 3; 31; 25; 27
14,75,0.3681,0.18667,4; 3; 14; 75; 3; 17; 4; 18
5,70,0.20998,0.07143,6; 11; 5; 70; 21; 17; 29; 6
10,48,0.2455,0.20833,3; 10; 10; 48; 15; 6; 21; 32
11,70,0.24678,0.15714,7; 8; 11; 70; 24; 3; 15; 16
27,48,0.55079,0.5625,9; 6; 27; 48; 6; 13; 31; 13
13,75,0.32724,0.17333,5; 4; 13; 75; 22; 22; 3; 16
23,26,0.54133,0.88462,17; 7; 23; 26; 4; 28; 32; 12
12,75,0.35566,0.16,5; 5; 12; 75; 25; 19; 21; 13
20,42,0.47963,0.47619,10; 11; 20; 42; 21; 6; 22; 11
10,64,0.20853,0.15625,7; 3; 10; 64; 6; 30; 28; 17
8,77,0.28174,0.1039,6; 5; 8; 77; 4; 10; 24; 15
8,82,0.38633,0.09756,4; 3; 8; 82; 17; 27; 23; 20
22,64,0.40875,0.34375,6; 5; 22; 64; 16; 29; 8; 6
29,49,0.58535,0.59184,5; 8; 29; 49; 12; 21; 5; 16
35,42,0.65484,0.83333,8; 8; 35; 42; 4; 28; 5; 26
24,53,0.45951,0.45283,4; 8; 24; 53; 31; 16; 23; 19
5,77,0.21498,0.06494,5; 8; 5; 77; 15; 20; 8; 27
9,64,0.21508,0.14062,8; 4; 9; 64; 20; 8; 20; 26
6,78,0.31739,0.07692,4; 7; 6; 78; 6; 7; 23; 5
13,63,0.28165,0.20635,4; 7; 13; 63; 13; 5; 14; 27
14,26,0.61531,0.53846,6; 4; 14; 26; 24; 19; 4; 27
8,63,0.1934,0.12698,3; 3; 8; 63; 30; 6; 31; 17
5,82,0.30989,0.06098,3; 5; 5; 82; 27; 10; 4; 16
9,10,0.78311,0.9,37; 38; 9; 10; 8; 13; 30; 31
5,82,0.30916,0.06098,3; 4; 5; 82; 5; 31; 29; 28
12,49,0.26046,0.2449,4; 12; 12; 49; 5; 6; 24; 6
13,75,0.32432,0.17333,3; 4; 13; 75; 4; 25; 3; 12
13,70,0.36465,0.18571,3; 5; 13; 70; 4; 3; 21; 24
24,42,0.50987,0.57143,6; 9; 24; 42; 23; 4; 18; 19
12,77,0.36253,0.15584,3; 4; 12; 77; 4; 8; 32; 18
19,64,0.38362,0.29688,6; 3; 19; 64; 31; 27; 16; 17
8,82,0.33741,0.09756,3; 4; 8; 82; 18; 16; 18; 18
9,32,0.69376,0.28125,3; 11; 9; 32; 18; 32; 9; 16
6,49,0.14787,0.12245,3; 11; 6; 49; 27; 15; 29; 21
12,26,0.79281,0.46154,14; 20; 12; 26; 8; 14; 7; 5
14,63,0.31476,0.22222,3; 6; 14; 63; 25; 20; 6; 6
12,77,0.36804,0.15584,3; 3; 12; 77; 24; 12; 24; 17
16,63,0.31878,0.25397,8; 5; 16; 63; 31; 8; 23; 27
26,64,0.47992,0.40625,3; 3; 26; 64; 27; 5; 21; 14
22,26,0.50034,0.84615,4; 15; 22; 26; 17; 24; 23; 16
11,78,0.35174,0.14103,4; 3; 11; 78; 20; 28; 25; 10
17,64,0.32792,0.26562,5; 5; 17; 64; 4; 13; 8; 5
8,82,0.32621,0.09756,4; 3; 8; 82; 11; 22; 15; 23
7,9,0.83482,0.77778,5; 14; 7; 9; 4; 21; 3; 8
6,70,0.2097,0.08571,3; 8; 6; 70; 17; 8; 19; 27
7,49,0.14954,0.14286,10; 16; 7; 49; 3; 27; 20; 16
14,64,0.3225,0.21875,10; 7; 14; 64; 9; 23; 30; 31
31,42,0.62083,0.7381,5; 12; 31; 42; 21; 9; 7; 8
22,42,0.37154,0.52381,14; 15; 22; 42; 32; 15; 30; 10
39,49,0.78403,0.79592,4; 5; 39; 49; 6; 12; 4; 30
6,70,0.21793,0.08571,7; 11; 6; 70; 20; 7; 27; 9
30,48,0.58791,0.625,4; 6; 30; 48; 3; 10; 18; 32
16,63,0.33229,0.25397,3; 4; 16; 63; 17; 25; 27; 27
6,75,0.24612,0.08,3; 5; 6; 75; 32; 16; 10; 13
9,75,0.26947,0.12,7; 3; 9; 75; 12; 22; 31; 4
10,64,0.25661,0.15625,10; 7; 10; 64; 8; 4; 27; 8
10,32,0.49688,0.3125,15; 14; 10; 32; 29; 23; 6; 5
21,32,0.64359,0.65625,8; 8; 21; 32; 32; 24; 7; 3
6,32,0.79741,0.1875,20; 20; 6; 32; 12; 29; 11; 24
28,49,0.58096,0.57143,10; 9; 28; 49; 18; 9; 21; 21
5,64,0.19796,0.07812,6; 5; 5; 64; 30; 14; 8; 21
13,77,0.34059,0.16883,3; 4; 13; 77; 15; 20; 26; 22
12,75,0.34744,0.16,3; 5; 12; 75; 30; 9; 6; 30
6,42,0.28523,0.14286,4; 12; 6; 42; 26; 6; 8; 8
34,49,0.69218,0.69388,7; 5; 34; 49; 25; 23; 4; 10
28,49,0.57559,0.57143,5; 9; 28; 49; 11; 11; 4; 15
30,42,0.61371,0.71429,3; 6; 30; 42; 26; 4; 15; 14
34,42,0.68922,0.80952,5; 4; 34; 42; 13; 19; 21; 13
7,10,0.82683,0.7,33; 22; 7; 10; 14; 25; 10; 18
17,64,0.35992,0.26562,8; 4; 17; 64; 21; 17; 6; 3
23,48,0.47317,0.47917,13; 7; 23; 48; 22; 14; 7; 8
8,75,0.24942,0.10667,5; 4; 8; 75; 4; 3; 12; 21
39,49,0.76115,0.79592,5; 4; 39; 49; 32; 15; 23; 15
11,75,0.33754,0.14667,3; 6; 11; 75; 15; 17; 18; 18
5,77,0.3037,0.06494,3; 6; 5; 77; 11; 28; 22; 26
9,75,0.26348,0.12,7; 5; 9; 75; 15; 25; 19; 4
7,70,0.21143,0.1,5; 8; 7; 70; 10; 16; 31; 32
7,10,0.83944,0.7,14; 12; 7; 10; 19; 24; 23; 11
11,70,0.27089,0.15714,7; 7; 11; 70; 11; 30; 14; 19
8,32,0.59391,0.25,24; 11; 8; 32; 20; 13; 30; 10
15,75,0.38107,0.2,4; 3; 15; 75; 23; 30; 3; 6
29,42,0.56154,0.69048,3; 5; 29; 42; 31; 21; 15; 4
10,78,0.34581,0.12821,3; 3; 10; 78; 23; 26; 8; 25
16,53,0.28544,0.30189,5; 3; 16; 53; 11; 6; 6; 14
11,26,0.8075,0.42308,26; 9; 11; 26; 17; 20; 23; 6
7,82,0.36859,0.08537,4; 4; 7; 82; 28; 28; 8; 23
21,31,0.51875,0.67742,21; 14; 21; 31; 21; 25; 29; 22
26,32,0.4824,0.8125,8; 18; 26; 32; 17; 29; 4; 28
14,31,0.60547,0.45161,17; 5; 14; 31; 23; 19; 9; 9
7,10,0.80717,0.7,5; 24; 7; 10; 21; 3; 32; 27
12,75,0.34578,0.16,4; 4; 12; 75; 6; 23; 7; 6
24,53,0.45845,0.45283,8; 9; 24; 53; 16; 4; 5; 12
5,26,0.73214,0.19231,8; 24; 5; 26; 16; 28; 8; 15
25,64,0.45904,0.39062,4; 3; 25; 64; 7; 13; 4; 21
19,48,0.38188,0.39583,15; 11; 19; 48; 28; 16; 32; 21
28,42,0.59918,0.66667,10; 4; 28; 42; 7; 31; 22; 22
7,82,0.30685,0.08537,3; 4; 7; 82; 22; 15; 4; 6
36,48,0.70505,0.75,3; 7; 36; 48; 17; 15; 22; 20
22,48,0.47226,0.45833,8; 8; 22; 48; 29; 26; 32; 3
6,32,0.736,0.1875,19; 8; 6; 32; 26; 17; 5; 15
30,49,0.59643,0.61224,4; 5; 30; 49; 13; 13; 29; 17
32,49,0.64563,0.65306,4; 6; 32; 49; 21; 31; 31; 6
13,42,0.36701,0.30952,16; 9; 13; 42; 16; 13; 21; 23
23,26,0.51422,0.88462,18; 12; 23; 26; 8; 17; 17; 14
35,42,0.66765,0.83333,3; 7; 35; 42; 18; 14; 25; 12
9,75,0.2781,0.12,7; 3; 9; 75; 4; 13; 11; 23
13,77,0.3783,0.16883,4; 3; 13; 77; 17; 5; 27; 29
27,32,0.50222,0.84375,18; 7; 27; 32; 12; 17; 15; 13
18,53,0.35466,0.33962,10; 8; 18; 53; 16; 15; 17; 31
17,64,0.33792,0.26562,8; 6; 17; 64; 3; 11; 24; 12
13,42,0.37418,0.30952,12; 20; 13; 42; 6; 5; 11; 28
25,31,0.52481,0.80645,5; 14; 25; 31; 15; 8; 7; 18
34,53,0.65641,0.64151,4; 5; 34; 53; 4; 11; 22; 7
10,75,0.29816,0.13333,4; 6; 10; 75; 14; 18; 11; 24
11,70,0.26699,0.15714,4; 6; 11; 70; 22; 27; 7; 26
12,77,0.35855,0.15584,3; 3; 12; 77; 19; 30; 29; 7
13,26,0.68389,0.5,8; 21; 13; 26; 32; 9; 11; 22
23,31,0.55133,0.74194,6; 16; 23; 31; 3; 23; 24; 32
5,26,0.72551,0.19231,9; 25; 5; 26; 14; 7; 28; 31
12,78,0.38176,0.15385,4; 3; 12; 78; 17; 17; 7; 3
26,64,0.47021,0.40625,3; 4; 26; 64; 9; 3; 4; 6
7,82,0.38789,0.08537,3; 3; 7; 82; 21; 32; 18; 10
20,31,0.57684,0.64516,13; 11; 20; 31; 3; 17; 11; 16
23,32,0.58972,0.71875,12; 9; 23; 32; 8; 21; 7; 14
6,78,0.25725,0.07692,4; 7; 6; 78; 17; 23; 25; 26
10,42,0.32875,0.2381,7; 23; 10; 42; 21; 10; 27; 13
8,10,0.8271,0.8,14; 31; 8; 10; 24; 8; 12; 11
11,49,0.24524,0.22449,17; 4; 11; 49; 8; 6; 18; 8
24,53,0.45966,0.45283,4; 7; 24; 53; 3; 27; 21; 30
20,32,0.78629,0.625,16; 9; 20; 32; 5; 3; 12; 20
27,49,0.53258,0.55102,3; 9; 27; 49; 25; 21; 17; 27
9,75,0.2869,0.12,5; 3; 9; 75; 16; 10; 21; 4
17,64,0.37181,0.26562,7; 8; 17; 64; 6; 15; 16; 32
8,10,0.80641,0.8,35; 16; 8; 10; 3; 24; 16; 4
22,26,0.56535,0.84615,11; 22; 22; 26; 28; 4; 3; 7
6,77,0.29827,0.07792,7; 7; 6; 77; 18; 26; 17; 6
19,63,0.36895,0.30159,5; 8; 19; 63; 22; 7; 8; 4
13,32,0.58025,0.40625,7; 21; 13; 32; 9; 25; 10; 13
21,53,0.40844,0.39623,7; 5; 21; 53; 29; 11; 31; 24
36,53,0.68398,0.67925,4; 4; 36; 53; 32; 22; 20; 7
25,53,0.46573,0.4717,8; 9; 25; 53; 19; 10; 32; 23
19,48,0.37606,0.39583,7; 8; 19; 48; 8; 17; 8; 16
6,63,0.16111,0.09524,7; 10; 6; 63; 27; 24; 7; 28
25,63,0.44197,0.39683,3; 4; 25; 63; 27; 26; 18; 15
10,64,0.23447,0.15625,9; 8; 10; 64; 15; 12; 15; 28
25,26,0.55502,0.96154,19; 15; 25; 26; 21; 17; 3; 31
12,63,0.26644,0.19048,11; 11; 12; 63; 20; 25; 30; 22
38,48,0.74338,0.79167,5; 4; 38; 48; 5; 31; 18; 5
9,31,0.73901,0.29032,16; 4; 9; 31; 11; 18; 25; 30
7,9,0.83493,0.77778,29; 23; 7; 9; 5; 9; 28; 13
6,82,0.34938,0.07317,3; 4; 6; 82; 8; 20; 28; 7
20,70,0.38449,0.28571,3; 3; 20; 70; 16; 31; 3; 25
17,70,0.36059,0.24286,3; 3; 17; 70; 13; 14; 6; 13
29,32,0.64713,0.90625,12; 10; 29; 32; 26; 15; 22; 5
8,70,0.23036,0.11429,10; 9; 8; 70; 26; 10; 9; 26
7,48,0.16663,0.14583,12; 8; 7; 48; 31; 30; 22; 12
7,9,0.79428,0.77778,20; 11; 7; 9; 18; 12; 17; 9
7,9,0.82898,0.77778,28; 33; 7; 9; 8; 31; 24; 8
27,53,0.49844,0.50943,3; 7; 27; 53; 12; 3; 6; 9
26,64,0.45005,0.40625,3; 3; 26; 64; 9; 24; 27; 8
7,9,0.84369,0.77778,17; 14; 7; 9; 9; 5; 10; 28
12,75,0.34781,0.16,5; 4; 12; 75; 6; 29; 11; 15
8,77,0.28538,0.1039,3; 5; 8; 77; 22; 13; 6; 32
29,32,0.63321,0.90625,16; 10; 29; 32; 6; 7; 7; 30
10,48,0.18465,0.20833,18; 7; 10; 48; 14; 4; 9; 22
12,49,0.24447,0.2449,14; 10; 12; 49; 24; 21; 29; 18
9,70,0.25038,0.12857,7; 3; 9; 70; 20; 23; 17; 21
10,64,0.23972,0.15625,12; 10; 10; 64; 32; 8; 31; 12
12,32,0.50833,0.375,25; 18; 12; 32; 9; 8; 22; 7
7,31,0.44322,0.22581,18; 23; 7; 31; 27; 17; 10; 25
15,49,0.31738,0.30612,13; 16; 15; 49; 14; 17; 22; 15
5,78,0.26228,0.0641,3; 5; 5; 78; 9; 18; 32; 25
5,82,0.36316,0.06098,4; 3; 5; 82; 22; 25; 28; 3
21,42,0.43199,0.5,12; 6; 21; 42; 22; 28; 30; 15
8,10,0.80676,0.8,40; 38; 8; 10; 13; 16; 24; 13
9,10,0.77464,0.9,7; 38; 9; 10; 17; 7; 10; 3
32,53,0.59937,0.60377,3; 4; 32; 53; 21; 20; 30; 7
20,64,0.40536,0.3125,7; 5; 20; 64; 11; 9; 32; 21
5,78,0.25696,0.0641,6; 5; 5; 78; 10; 27; 32; 23
15,75,0.3402,0.2,3; 3; 15; 75; 24; 19; 29; 16
9,31,0.54819,0.29032,16; 23; 9; 31; 15; 32; 13; 25
30,31,0.66949,0.96774,4; 11; 30; 31; 5; 18; 19; 18
8,10,0.80063,0.8,8; 3; 8; 10; 5; 11; 18; 7
10,78,0.37395,0.12821,5; 5; 10; 78; 4; 30; 21; 19
30,31,0.59839,0.96774,11; 17; 30; 31; 8; 28; 17; 4
32,42,0.63493,0.7619,12; 6; 32; 42; 30; 3; 17; 22
22,64,0.43709,0.34375,6; 3; 22; 64; 23; 26; 3; 25
20,26,0.55303,0.76923,23; 9; 20; 26; 20; 11; 17; 28
7,70,0.24305,0.1,10; 6; 7; 70; 21; 6; 11; 20
6,42,0.22307,0.14286,20; 18; 6; 42; 27; 24; 8; 13
14,49,0.29267,0.28571,13; 15; 14; 49; 20; 3; 30; 20
12,75,0.35644,0.16,5; 3; 12; 75; 8; 16; 14; 14
25,49,0.50734,0.5102,4; 11; 25; 49; 27; 21; 23; 9
7,10,0.82243,0.7,17; 5; 7; 10; 26; 32; 5; 26
9,78,0.33004,0.11538,5; 3; 9; 78; 8; 26; 6; 15
21,53,0.41227,0.39623,8; 5; 21; 53; 30; 9; 28; 17
13,26,0.8357,0.5,21; 16; 13; 26; 28; 30; 6; 20
37,49,0.72835,0.7551,5; 4; 37; 49; 29; 8; 25; 23
33,48,0.66257,0.6875,4; 6; 33; 48; 14; 5; 28; 23
20,70,0.43562,0.28571,4; 4; 20; 70; 25; 17; 13; 19
15,64,0.29177,0.23438,8; 8; 15; 64; 10; 3; 5; 28
11,31,0.50935,0.35484,6; 19; 11; 31; 30; 17; 17; 9
11,77,0.36559,0.14286,4; 3; 11; 77; 20; 7; 16; 14
21,64,0.4364,0.32812,6; 4; 21; 64; 20; 5; 31; 23
9,53,0.19636,0.16981,13; 13; 9; 53; 25; 3; 15; 13
10,78,0.34709,0.12821,3; 4; 10; 78; 4; 13; 16; 25
10,26,0.57627,0.38462,7; 25; 10; 26; 8; 5; 9; 12
13,63,0.27681,0.20635,10; 5; 13; 63; 23; 9; 27; 22
5,9,0.83768,0.55556,29; 15; 5; 9; 5; 4; 16; 20
6,75,0.26138,0.08,6; 4; 6; 75; 11; 27; 18; 29
36,42,0.6766,0.85714,10; 8; 36; 42; 32; 11; 29; 3
29,49,0.55066,0.59184,9; 5; 29; 49; 17; 19; 14; 25
7,9,0.80771,0.77778,39; 28; 7; 9; 15; 25; 21; 15
12,78,0.35708,0.15385,3; 3; 12; 78; 25; 31; 15; 24
36,49,0.70654,0.73469,3; 5; 36; 49; 5; 15; 21; 20
20,53,0.40949,0.37736,5; 9; 20; 53; 22; 30; 32; 6
11,26,0.61905,0.42308,13; 23; 11; 26; 28; 10; 25; 23
5,48,0.28133,0.10417,22; 18; 5; 48; 12; 31; 5; 18
5,63,0.20063,0.07937,7; 12; 5; 63; 27; 5; 27; 23
8,10,0.79512,0.8,5; 33; 8; 10; 15; 12; 24; 10
7,77,0.25856,0.09091,5; 6; 7; 77; 22; 17; 30; 16
11,63,0.25303,0.1746,9; 11; 11; 63; 14; 19; 12; 18
10,78,0.35618,0.12821,3; 5; 10; 78; 22; 10; 23; 12
6,9,0.80583,0.66667,13; 21; 6; 9; 17; 14; 23; 31
11,77,0.3045,0.14286,3; 3; 11; 77; 11; 7; 20; 6
5,77,0.2615,0.06494,6; 5; 5; 77; 11; 27; 22; 4
19,53,0.33902,0.35849,12; 4; 19; 53; 17; 4; 28; 12
9,49,0.1933,0.18367,15; 16; 9; 49; 32; 25; 18; 20
8,63,0.19437,0.12698,10; 12; 8; 63; 21; 11; 26; 19
8,9,0.81398,0.88889,29; 27; 8; 9; 30; 20; 14; 6
11,77,0.34823,0.14286,5; 4; 11; 77; 12; 31; 7; 31
22,63,0.43825,0.34921,3; 6; 22; 63; 22; 27; 19; 10
14,75,0.37161,0.18667,3; 4; 14; 75; 10; 5; 32; 25
22,42,0.5298,0.52381,13; 8; 22; 42; 9; 19; 3; 30
17,26,0.66783,0.65385,11; 10; 17; 26; 15; 32; 12; 28
8,82,0.34185,0.09756,3; 4; 8; 82; 29; 31; 3; 24
10,75,0.33283,0.13333,3; 6; 10; 75; 32; 20; 11; 8
9,78,0.29273,0.11538,5; 4; 9; 78; 6; 18; 21; 20
7,82,0.30665,0.08537,4; 4; 7; 82; 31; 30; 9; 13
7,9,0.8222,0.77778,28; 4; 7; 9; 30; 13; 4; 20
26,32,0.58822,0.8125,7; 16; 26; 32; 5; 13; 30; 20
10,42,0.32661,0.2381,9; 5; 10; 42; 9; 12; 7; 4
5,10,0.81833,0.5,25; 6; 5; 10; 25; 14; 17; 32
16,70,0.35483,0.22857,3; 5; 16; 70; 17; 25; 9; 15
15,31,0.74288,0.48387,20; 4; 15; 31; 22; 13; 8; 15
8,64,0.2006,0.125,10; 12; 8; 64; 17; 29; 5; 8
5,78,0.25828,0.0641,3; 3; 5; 78; 16; 15; 13; 12
13,63,0.30377,0.20635,3; 11; 13; 63; 14; 12; 10; 16
8,31,0.43271,0.25806,12; 8; 8; 31; 8; 24; 27; 30
6,82,0.30976,0.07317,4; 5; 6; 82; 11; 26; 24; 8
5,26,0.70567,0.19231,30; 28; 5; 26; 23; 5; 17; 13
20,63,0.39319,0.31746,5; 3; 20; 63; 20; 7; 18; 4
7,77,0.2732,0.09091,3; 6; 7; 77; 23; 28; 17; 14
17,26,0.61849,0.65385,10; 11; 17; 26; 32; 25; 4; 9
5,75,0.30191,0.06667,5; 7; 5; 75; 3; 7; 29; 26
5,82,0.31578,0.06098,3; 5; 5; 82; 30; 26; 22; 12
13,77,0.38231,0.16883,4; 3; 13; 77; 26; 21; 8; 25
35,49,0.7029,0.71429,3; 5; 35; 49; 28; 25; 5; 25
6,9,0.80945,0.66667,34; 21; 6; 9; 15; 22; 13; 19
5,77,0.24171,0.06494,3; 6; 5; 77; 23; 29; 9; 4
9,78,0.27497,0.11538,4; 3; 9; 78; 12; 30; 10; 24
8,64,0.19728,0.125,7; 12; 8; 64; 31; 23; 17; 18
19,48,0.40074,0.39583,10; 13; 19; 48; 31; 32; 10; 13
9,78,0.32239,0.11538,4; 3; 9; 78; 20; 31; 13; 6
29,49,0.56427,0.59184,4; 10; 29; 49; 9; 29; 25; 26
12,64,0.27021,0.1875,10; 3; 12; 64; 27; 20; 18; 7
29,49,0.57956,0.59184,10; 10; 29; 49; 5; 26; 11; 4
6,78,0.26139,0.07692,5; 7; 6; 78; 16; 22; 19; 16
12,42,0.32515,0.28571,17; 15; 12; 42; 16; 11; 18; 10
24,32,0.53187,0.75,18; 15; 24; 32; 11; 19; 8; 15
18,53,0.3653,0.33962,13; 4; 18; 53; 11; 10; 17; 28
21,63,0.40194,0.33333,6; 4; 21; 63; 27; 16; 18; 18
5,64,0.21649,0.07812,13; 9; 5; 64; 13; 5; 22; 18
7,75,0.25017,0.09333,4; 7; 7; 75; 27; 14; 13; 5
6,9,0.8091,0.66667,32; 37; 6; 9; 6; 19; 17; 14
10,78,0.37669,0.12821,3; 5; 10; 78; 10; 4; 30; 17
8,42,0.23829,0.19048,19; 5; 8; 42; 11; 32; 18; 7
8,49,0.17572,0.16327,11; 12; 8; 49; 10; 25; 27; 32
25,49,0.49812,0.5102,4; 7; 25; 49; 7; 17; 27; 14
23,48,0.49663,0.47917,3; 7; 23; 48; 22; 6; 26; 30
7,77,0.27161,0.09091,5; 4; 7; 77; 24; 9; 19; 30
8,78,0.25497,0.10256,5; 3; 8; 78; 23; 13; 23; 29
7,63,0.21708,0.11111,6; 6; 7; 63; 4; 27; 21; 27
27,49,0.54169,0.55102,6; 9; 27; 49; 12; 16; 22; 22
13,49,0.25321,0.26531,18; 13; 13; 49; 26; 31; 31; 9
12,48,0.25268,0.25,3; 14; 12; 48; 12; 10; 14; 14
20,70,0.41247,0.28571,4; 4; 20; 70; 24; 15; 13; 15
7,10,0.81676,0.7,19; 12; 7; 10; 28; 19; 18; 6
12,75,0.3461,0.16,4; 3; 12; 75; 19; 16; 3; 21
7,26,0.68958,0.26923,27; 22; 7; 26; 8; 22; 7; 24
7,78,0.28506,0.08974,4; 3; 7; 78; 13; 22; 22; 12
18,26,0.47462,0.69231,18; 13; 18; 26; 32; 13; 5; 16
5,75,0.24999,0.06667,5; 7; 5; 75; 20; 22; 14; 16
8,78,0.28512,0.10256,4; 3; 8; 78; 6; 18; 20; 3
21,32,0.45294,0.65625,17; 15; 21; 32; 16; 11; 3; 11
13,53,0.2529,0.24528,9; 16; 13; 53; 7; 15; 23; 25
9,48,0.21476,0.1875,20; 8; 9; 48; 25; 3; 27; 24
19,48,0.3899,0.39583,13; 3; 19; 48; 16; 24; 11; 30
8,82,0.3818,0.09756,3; 3; 8; 82; 4; 12; 28; 10
8,31,0.72577,0.25806,9; 16; 8; 31; 27; 7; 5; 3
17,32,0.43726,0.53125,12; 13; 17; 32; 10; 10; 25; 11
12,63,0.27622,0.19048,7; 11; 12; 63; 26; 7; 31; 26
5,9,0.78551,0.55556,30; 15; 5; 9; 32; 13; 5; 14
14,75,0.36812,0.18667,3; 3; 14; 75; 7; 5; 12; 15
6,82,0.36138,0.07317,3; 5; 6; 82; 19; 12; 32; 30
8,10,0.82663,0.8,18; 36; 8; 10; 8; 21; 31; 18
11,75,0.31369,0.14667,4; 3; 11; 75; 21; 5; 23; 31
17,70,0.37701,0.24286,4; 4; 17; 70; 25; 26; 6; 19
39,49,0.76624,0.79592,3; 3; 39; 49; 18; 13; 31; 27
15,53,0.28662,0.28302,13; 4; 15; 53; 3; 23; 27; 25
5,9,0.8083,0.55556,22; 15; 5; 9; 15; 31; 5; 9
16,31,0.56231,0.51613,15; 22; 16; 31; 11; 26; 12; 17
9,10,0.80858,0.9,34; 31; 9; 10; 10; 9; 27; 14
36,42,0.66379,0.85714,8; 10; 36; 42; 4; 7; 19; 30
31,49,0.60858,0.63265,6; 3; 31; 49; 15; 4; 18; 13
14,26,0.62834,0.53846,13; 17; 14; 26; 20; 25; 32; 16
8,48,0.20895,0.16667,21; 7; 8; 48; 11; 20; 10; 11
6,63,0.17734,0.09524,11; 13; 6; 63; 23; 22; 26; 25
7,10,0.80248,0.7,13; 19; 7; 10; 21; 25; 30; 15
10,75,0.31355,0.13333,5; 3; 10; 75; 11; 16; 26; 10
22,64,0.41658,0.34375,6; 6; 22; 64; 31; 6; 14; 17
13,31,0.49168,0.41935,9; 27; 13; 31; 14; 26; 9; 18
32,48,0.64118,0.66667,8; 7; 32; 48; 13; 25; 21; 6
13,26,0.58368,0.5,10; 17; 13; 26; 27; 11; 25; 20
22,53,0.43815,0.41509,3; 10; 22; 53; 12; 4; 10; 4
5,78,0.32639,0.0641,3; 5; 5; 78; 5; 13; 10; 25
11,77,0.34425,0.14286,4; 4; 11; 77; 17; 8; 26; 3
32,53,0.57634,0.60377,6; 3; 32; 53; 17; 27; 6; 26
24,26,0.65907,0.92308,4; 15; 24; 26; 7; 12; 28; 11
21,42,0.48669,0.5,7; 3; 21; 42; 13; 9; 14; 14
31,42,0.61258,0.7381,12; 9; 31; 42; 7; 8; 11; 10
9,10,0.8127,0.9,12; 34; 9; 10; 12; 27; 22; 23
8,78,0.29636,0.10256,6; 5; 8; 78; 11; 19; 17; 27
10,75,0.29943,0.13333,4; 4; 10; 75; 7; 20; 17; 8
32,53,0.60387,0.60377,4; 4; 32; 53; 14; 19; 11; 4
18,32,0.57908,0.5625,6; 11; 18; 32; 19; 32; 25; 7
5,82,0.31105,0.06098,4; 4; 5; 82; 17; 8; 25; 20
14,63,0.28968,0.22222,7; 5; 14; 63; 21; 22; 7; 27
6,75,0.21261,0.08,5; 3; 6; 75; 27; 17; 10; 20
20,49,0.39891,0.40816,9; 14; 20; 49; 3; 13; 15; 25
17,31,0.52586,0.54839,25; 14; 17; 31; 5; 18; 9; 15
6,10,0.81463,0.6,35; 4; 6; 10; 24; 21; 29; 17
8,63,0.20406,0.12698,12; 8; 8; 63; 26; 12; 15; 22
8,49,0.18312,0.16327,20; 19; 8; 49; 14; 31; 26; 5
26,64,0.47055,0.40625,3; 4; 26; 64; 18; 32; 20; 6
11,75,0.31486,0.14667,3; 4; 11; 75; 21; 27; 13; 13
7,63,0.19968,0.11111,12; 11; 7; 63; 32; 3; 25; 23
21,26,0.71634,0.80769,3; 22; 21; 26; 8; 16; 26; 29
18,70,0.38911,0.25714,4; 4; 18; 70; 17; 10; 30; 3
29,31,0.43592,0.93548,6; 3; 29; 31; 13; 18; 4; 4
8,9,0.80891,0.88889,32; 28; 8; 9; 17; 28; 3; 28
20,26,0.65576,0.76923,25; 4; 20; 26; 27; 8; 18; 20
19,63,0.38244,0.30159,6; 8; 19; 63; 30; 6; 28; 8
10,75,0.27858,0.13333,6; 3; 10; 75; 32; 17; 30; 17
12,78,0.34963,0.15385,4; 3; 12; 78; 4; 21; 28; 6
36,49,0.71907,0.73469,5; 3; 36; 49; 16; 9; 8; 20
7,82,0.29451,0.08537,4; 3; 7; 82; 22; 24; 4; 29
11,77,0.34707,0.14286,4; 3; 11; 77; 15; 9; 4; 13
10,64,0.23494,0.15625,11; 9; 10; 64; 22; 10; 24; 13
34,49,0.68224,0.69388,3; 5; 34; 49; 11; 26; 32; 23
12,77,0.36003,0.15584,3; 3; 12; 77; 29; 11; 5; 23
27,63,0.46623,0.42857,3; 3; 27; 63; 14; 28; 25; 6
7,70,0.22586,0.1,9; 6; 7; 70; 24; 28; 17; 12
14,49,0.31544,0.28571,5; 6; 14; 49; 24; 22; 6; 32
11,77,0.30894,0.14286,5; 5; 11; 77; 10; 21; 18; 25
9,31,0.66777,0.29032,29; 28; 9; 31; 21; 6; 12; 32
11,31,0.56984,0.35484,24; 9; 11; 31; 21; 9; 31; 7
22,26,0.50292,0.84615,16; 24; 22; 26; 7; 3; 26; 30
6,10,0.82034,0.6,31; 41; 6; 10; 22; 12; 11; 31
14,26,0.60061,0.53846,19; 27; 14; 26; 11; 24; 19; 23
9,78,0.28956,0.11538,3; 5; 9; 78; 12; 5; 31; 23
34,48,0.65687,0.70833,3; 4; 34; 48; 14; 23; 3; 4
24,63,0.44751,0.38095,4; 3; 24; 63; 12; 21; 28; 15
16,26,0.57402,0.61538,18; 25; 16; 26; 24; 25; 12; 9
5,75,0.25552,0.06667,9; 5; 5; 75; 31; 18; 11; 19
12,77,0.32824,0.15584,3; 3; 12; 77; 11; 21; 19; 27
12,78,0.40724,0.15385,3; 4; 12; 78; 23; 18; 30; 25
9,70,0.20035,0.12857,8; 6; 9; 70; 17; 22; 9; 21
9,10,0.80046,0.9,27; 36; 9; 10; 17; 27; 32; 13
9,10,0.81941,0.9,13; 37; 9; 10; 6; 8; 5; 19
6,9,0.82319,0.66667,27; 16; 6; 9; 22; 18; 28; 14
34,49,0.65833,0.69388,6; 4; 34; 49; 9; 19; 22; 11
11,77,0.31065,0.14286,4; 5; 11; 77; 6; 3; 11; 17
29,32,0.6114,0.90625,7; 11; 29; 32; 12; 18; 16; 9
13,70,0.29245,0.18571,4; 7; 13; 70; 18; 30; 15; 23
5,10,0.83292,0.5,37; 4; 5; 10; 29; 22; 32; 12
31,53,0.58182,0.58491,3; 3; 31; 53; 10; 21; 20; 21
5,32,0.54638,0.15625,29; 23; 5; 32; 32; 20; 3; 23
9,10,0.78846,0.9,22; 29; 9; 10; 32; 7; 32; 19
39,48,0.74752,0.8125,5; 4; 39; 48; 8; 21; 24; 19
23,64,0.42671,0.35938,3; 3; 23; 64; 22; 20; 24; 22
8,82,0.33801,0.09756,4; 4; 8; 82; 21; 9; 22; 30
5,75,0.28693,0.06667,7; 4; 5; 75; 4; 19; 25; 6
20,63,0.42176,0.31746,6; 5; 20; 63; 6; 20; 10; 16
34,48,0.65381,0.70833,5; 7; 34; 48; 28; 22; 22; 5
7,78,0.25259,0.08974,6; 5; 7; 78; 28; 13; 4; 11
6,9,0.82807,0.66667,21; 35; 6; 9; 23; 31; 29; 3
6,10,0.81279,0.6,24; 4; 6; 10; 26; 5; 4; 26
9,48,0.17095,0.1875,7; 8; 9; 48; 29; 11; 26; 29
23,31,0.56222,0.74194,15; 15; 23; 31; 20; 9; 28; 30
5,75,0.23696,0.06667,6; 4; 5; 75; 20; 12; 31; 7
18,32,0.57142,0.5625,5; 21; 18; 32; 30; 16; 20; 8
20,42,0.40616,0.47619,16; 6; 20; 42; 32; 32; 4; 14
31,53,0.56382,0.58491,3; 5; 31; 53; 5; 27; 13; 16
8,82,0.3468,0.09756,4; 4; 8; 82; 32; 27; 26; 11
14,70,0.33277,0.2,5; 6; 14; 70; 27; 27; 15; 5
14,32,0.48052,0.4375,15; 24; 14; 32; 26; 31; 28; 6
7,10,0.82135,0.7,16; 39; 7; 10; 5; 24; 30; 17
16,49,0.34822,0.32653,16; 9; 16; 49; 12; 29; 23; 9
19,70,0.39328,0.27143,3; 4; 19; 70; 15; 3; 29; 4
8,42,0.30874,0.19048,18; 16; 8; 42; 18; 25; 23; 6
38,49,0.75138,0.77551,3; 5; 38; 49; 5; 16; 22; 11
7,70,0.23897,0.1,4; 7; 7; 70; 3; 19; 4; 29
6,9,0.83021,0.66667,11; 3; 6; 9; 21; 7; 9; 18
7,70,0.10313,0.1,10; 9; 7; 70; 13; 29; 8; 14
7,64,0.18484,0.10938,4; 12; 7; 64; 18; 13; 20; 25
5,82,0.35131,0.06098,5; 5; 5; 82; 25; 10; 20; 18
20,70,0.41565,0.28571,3; 3; 20; 70; 6; 27; 6; 32
6,75,0.2607,0.08,8; 3; 6; 75; 32; 11; 6; 24
6,63,0.16766,0.09524,5; 11; 6; 63; 25; 11; 18; 31
15,63,0.32497,0.2381,9; 8; 15; 63; 11; 31; 15; 16
23,31,0.56691,0.74194,18; 14; 23; 31; 3; 24; 25; 9
5,75,0.22668,0.06667,9; 3; 5; 75; 23; 20; 24; 25
21,63,0.42457,0.33333,4; 6; 21; 63; 11; 28; 19; 18
34,42,0.64832,0.80952,10; 11; 34; 42; 26; 29; 26; 7
8,9,0.84686,0.88889,18; 6; 8; 9; 24; 17; 18; 22
10,77,0.31813,0.12987,3; 5; 10; 77; 21; 23; 7; 8
6,70,0.16296,0.08571,4; 8; 6; 70; 14; 6; 25; 10
28,32,0.58573,0.875,18; 5; 28; 32; 30; 5; 7; 19
6,78,0.2776,0.07692,7; 5; 6; 78; 9; 3; 5; 10
24,63,0.4402,0.38095,3; 4; 24; 63; 23; 29; 18; 27
7,10,0.81889,0.7,18; 12; 7; 10; 9; 9; 16; 12
19,26,0.56733,0.73077,25; 13; 19; 26; 29; 15; 3; 27
8,10,0.79434,0.8,15; 4; 8; 10; 31; 6; 29; 13
40,49,0.7813,0.81633,4; 3; 40; 49; 29; 8; 30; 22
6,75,0.29877,0.08,7; 8; 6; 75; 28; 25; 5; 30
32,49,0.62405,0.65306,6; 5; 32; 49; 17; 24; 6; 14
6,77,0.24242,0.07792,4; 7; 6; 77; 3; 10; 28; 8
14,64,0.27672,0.21875,6; 9; 14; 64; 11; 20; 26; 18
17,31,0.52653,0.54839,24; 12; 17; 31; 17; 14; 25; 29
8,78,0.31508,0.10256,3; 3; 8; 78; 16; 19; 23; 17
14,31,0.57346,0.45161,23; 13; 14; 31; 20; 32; 5; 16
10,48,0.23023,0.20833,3; 17; 10; 48; 13; 32; 6; 30
26,63,0.46749,0.4127,3; 4; 26; 63; 7; 3; 13; 20
20,53,0.38013,0.37736,7; 6; 20; 53; 19; 22; 7; 10
23,63,0.43804,0.36508,3; 3; 23; 63; 31; 27; 13; 18
8,10,0.82459,0.8,7; 14; 8; 10; 4; 11; 10; 4
13,70,0.35196,0.18571,3; 6; 13; 70; 17; 7; 28; 27
32,42,0.62594,0.7619,6; 8; 32; 42; 22; 23; 12; 26
9,70,0.24979,0.12857,8; 8; 9; 70; 25; 11; 13; 8
6,49,0.1774,0.12245,8; 4; 6; 49; 21; 12; 16; 16
29,32,0.6119,0.90625,8; 12; 29; 32; 14; 4; 15; 25
24,64,0.4618,0.375,3; 3; 24; 64; 26; 32; 11; 7
7,82,0.28547,0.08537,3; 4; 7; 82; 32; 25; 3; 23
20,70,0.41936,0.28571,3; 4; 20; 70; 14; 32; 32; 12
25,32,0.59226,0.78125,3; 7; 25; 32; 27; 13; 17; 28
11,26,0.79265,0.42308,7; 24; 11; 26; 27; 27; 8; 4
10,32,0.67888,0.3125,21; 9; 10; 32; 30; 23; 14; 8
16,63,0.30218,0.25397,5; 9; 16; 63; 22; 22; 3; 19
33,49,0.64144,0.67347,3; 6; 33; 49; 30; 16; 5; 21
26,64,0.49184,0.40625,4; 3; 26; 64; 15; 14; 20; 27
8,78,0.28235,0.10256,4; 6; 8; 78; 27; 17; 7; 29
10,77,0.27057,0.12987,5; 5; 10; 77; 27; 24; 13; 3
9,10,0.81689,0.9,10; 36; 9; 10; 12; 6; 24; 25
22,53,0.4144,0.41509,8; 9; 22; 53; 12; 5; 31; 23
9,49,0.24009,0.18367,20; 20; 9; 49; 17; 20; 4; 32
5,9,0.80359,0.55556,21; 25; 5; 9; 28; 7; 28; 20
14,26,0.77297,0.53846,29; 10; 14; 26; 18; 12; 6; 23
10,78,0.34175,0.12821,3; 4; 10; 78; 17; 3; 18; 9
7,9,0.81871,0.77778,39; 25; 7; 9; 32; 21; 11; 9
5,10,0.81476,0.5,29; 41; 5; 10; 26; 17; 28; 17
12,26,0.58684,0.46154,27; 15; 12; 26; 22; 5; 16; 14
9,64,0.21543,0.14062,8; 10; 9; 64; 23; 26; 17; 17
11,32,0.53484,0.34375,17; 3; 11; 32; 20; 31; 22; 10
6,53,0.14697,0.11321,15; 12; 6; 53; 7; 28; 31; 23
23,48,0.43961,0.47917,4; 11; 23; 48; 16; 19; 26; 27
31,49,0.61458,0.63265,9; 6; 31; 49; 8; 32; 13; 15
22,42,0.43758,0.52381,6; 4; 22; 42; 28; 32; 5; 10
7,42,0.27986,0.16667,4; 16; 7; 42; 11; 25; 27; 19
33,53,0.60515,0.62264,3; 5; 33; 53; 21; 7; 22; 11
34,48,0.66352,0.70833,5; 3; 34; 48; 17; 8; 20; 15
19,42,0.43126,0.45238,18; 10; 19; 42; 29; 31; 16; 13
11,63,0.23109,0.1746,12; 11; 11; 63; 14; 24; 7; 25
7,82,0.32528,0.08537,4; 4; 7; 82; 10; 27; 12; 20
7,10,0.81577,0.7,13; 27; 7; 10; 31; 3; 6; 12
6,49,0.15936,0.12245,16; 17; 6; 49; 29; 17; 27; 17
9,32,0.47743,0.28125,10; 21; 9; 32; 13; 10; 32; 28
9,78,0.32151,0.11538,3; 4; 9; 78; 8; 29; 22; 14
27,31,0.63404,0.87097,13; 16; 27; 31; 30; 11; 22; 5
21,63,0.404,0.33333,4; 4; 21; 63; 6; 20; 31; 32
8,10,0.83597,0.8,30; 8; 8; 10; 25; 15; 24; 19
7,9,0.79326,0.77778,16; 40; 7; 9; 11; 26; 6; 24
16,53,0.30904,0.30189,11; 13; 16; 53; 18; 21; 12; 21
11,78,0.3399,0.14103,3; 4; 11; 78; 24; 14; 4; 29
7,78,0.30485,0.08974,5; 3; 7; 78; 32; 27; 18; 13
8,49,0.16075,0.16327,7; 3; 8; 49; 11; 3; 32; 4
10,77,0.32638,0.12987,5; 5; 10; 77; 10; 31; 20; 18
16,63,0.33662,0.25397,5; 8; 16; 63; 27; 5; 4; 17
12,75,0.36048,0.16,3; 4; 12; 75; 11; 23; 6; 4
9,10,0.79519,0.9,36; 27; 9; 10; 31; 13; 12; 22
13,48,0.29238,0.27083,18; 5; 13; 48; 31; 8; 6; 29
6,48,0.13739,0.125,21; 3; 6; 48; 9; 7; 29; 32
10,64,0.22308,0.15625,9; 10; 10; 64; 4; 27; 27; 14
10,48,0.22291,0.20833,18; 7; 10; 48; 24; 7; 17; 4
23,31,0.47043,0.74194,3; 12; 23; 31; 27; 28; 22; 7
8,26,0.57972,0.30769,30; 4; 8; 26; 14; 21; 32; 5
7,10,0.83232,0.7,38; 33; 7; 10; 16; 17; 8; 15
15,42,0.33522,0.35714,19; 10; 15; 42; 7; 21; 30; 27
8,10,0.80053,0.8,34; 3; 8; 10; 24; 9; 26; 28
8,70,0.26871,0.11429,9; 9; 8; 70; 14; 10; 27; 30
9,78,0.31237,0.11538,3; 4; 9; 78; 29; 12; 21; 5
40,48,0.7981,0.83333,4; 5; 40; 48; 16; 20; 24; 30
32,49,0.63676,0.65306,8; 4; 32; 49; 31; 13; 22; 3
6,78,0.24668,0.07692,7; 5; 6; 78; 30; 16; 18; 8
16,31,0.44012,0.51613,3; 9; 16; 31; 24; 25; 21; 20
9,77,0.30365,0.11688,6; 6; 9; 77; 16; 12; 10; 9
18,49,0.34126,0.36735,4; 4; 18; 49; 7; 7; 21; 17
14,70,0.33769,0.2,7; 7; 14; 70; 9; 21; 19; 11
36,42,0.68537,0.85714,5; 10; 36; 42; 7; 7; 32; 31
9,70,0.2427,0.12857,8; 5; 9; 70; 16; 27; 32; 4
8,9,0.80553,0.88889,39; 25; 8; 9; 15; 3; 22; 14
11,77,0.32873,0.14286,3; 4; 11; 77; 24; 29; 17; 15
20,63,0.42141,0.31746,6; 7; 20; 63; 16; 28; 20; 6
7,9,0.81459,0.77778,38; 35; 7; 9; 4; 9; 12; 20
25,63,0.44473,0.39683,4; 4; 25; 63; 13; 32; 27; 23
8,70,0.21112,0.11429,8; 9; 8; 70; 28; 9; 20; 19
12,49,0.24391,0.2449,15; 13; 12; 49; 3; 20; 3; 8
5,77,0.25347,0.06494,8; 7; 5; 77; 13; 29; 15; 8
7,75,0.30222,0.09333,5; 4; 7; 75; 16; 28; 31; 18
11,26,0.76964,0.42308,22; 18; 11; 26; 20; 24; 24; 7
21,26,0.67925,0.80769,15; 18; 21; 26; 22; 8; 32; 17
12,78,0.35977,0.15385,4; 4; 12; 78; 6; 10; 22; 25
14,75,0.31649,0.18667,4; 4; 14; 75; 30; 32; 14; 7
15,26,0.50293,0.57692,21; 8; 15; 26; 32; 11; 26; 15
9,64,0.23834,0.14062,8; 8; 9; 64; 12; 25; 20; 28
21,42,0.51294,0.5,11; 8; 21; 42; 11; 22; 25; 19
20,26,0.54052,0.76923,4; 17; 20; 26; 28; 31; 19; 13
24,64,0.44469,0.375,4; 3; 24; 64; 25; 30; 20; 7
6,75,0.23788,0.08,8; 7; 6; 75; 5; 30; 20; 9
20,31,0.58641,0.64516,9; 15; 20; 31; 19; 28; 16; 25
16,32,0.48269,0.5,8; 17; 16; 32; 8; 26; 30; 11
10,78,0.29885,0.12821,4; 4; 10; 78; 29; 18; 28; 7
5,32,0.53356,0.15625,27; 25; 5; 32; 13; 5; 27; 10
21,49,0.40243,0.42857,5; 6; 21; 49; 9; 6; 21; 14
16,63,0.33437,0.25397,6; 9; 16; 63; 26; 23; 18; 4
8,9,0.79908,0.88889,31; 6; 8; 9; 27; 30; 4; 28
5,82,0.33685,0.06098,5; 5; 5; 82; 13; 3; 12; 3
30,31,0.55545,0.96774,13; 15; 30; 31; 30; 9; 16; 32
7,78,0.23934,0.08974,4; 6; 7; 78; 4; 7; 21; 9
33,42,0.61653,0.78571,4; 7; 33; 42; 27; 19; 24; 18
15,63,0.31192,0.2381,9; 3; 15; 63; 13; 27; 15; 19
7,70,0.27342,0.1,8; 6; 7; 70; 32; 26; 9; 14
7,77,0.29241,0.09091,7; 5; 7; 77; 20; 7; 14; 6
23,26,0.48445,0.88462,13; 4; 23; 26; 4; 15; 31; 23
8,82,0.32829,0.09756,4; 3; 8; 82; 22; 11; 20; 13
24,32,0.53668,0.75,18; 11; 24; 32; 4; 25; 12; 27
19,26,0.77406,0.73077,20; 11; 19; 26; 13; 31; 9; 14
23,64,0.41536,0.35938,3; 4; 23; 64; 4; 9; 16; 31
6,77,0.24825,0.07792,4; 7; 6; 77; 32; 3; 8; 12
26,49,0.53505,0.53061,6; 4; 26; 49; 13; 24; 23; 8
11,53,0.23848,0.20755,13; 16; 11; 53; 14; 9; 16; 20
8,78,0.28961,0.10256,3; 4; 8; 78; 15; 4; 7; 9
8,9,0.82452,0.88889,3; 26; 8; 9; 29; 6; 22; 32
21,64,0.40406,0.32812,6; 6; 21; 64; 15; 21; 26; 10
19,70,0.38103,0.27143,4; 3; 19; 70; 23; 27; 7; 18
31,42,0.59996,0.7381,10; 11; 31; 42; 10; 10; 15; 20
14,75,0.37146,0.18667,3; 3; 14; 75; 15; 3; 29; 20
22,64,0.43055,0.34375,6; 5; 22; 64; 8; 21; 9; 21
16,49,0.31015,0.32653,14; 9; 16; 49; 30; 21; 4; 16
7,9,0.81333,0.77778,30; 10; 7; 9; 30; 8; 22; 23
24,64,0.40034,0.375,5; 4; 24; 64; 3; 19; 12; 22
13,64,0.29012,0.20312,7; 9; 13; 64; 29; 32; 31; 3
8,75,0.29142,0.10667,4; 3; 8; 75; 8; 12; 25; 21
6,78,0.31007,0.07692,7; 3; 6; 78; 24; 27; 17; 11
10,77,0.27549,0.12987,4; 3; 10; 77; 18; 24; 6; 13
9,49,0.22147,0.18367,10; 6; 9; 49; 11; 14; 28; 6
6,9,0.83194,0.66667,32; 34; 6; 9; 14; 5; 12; 17
6,10,0.81101,0.6,22; 15; 6; 10; 15; 9; 13; 14
7,78,0.24963,0.08974,4; 6; 7; 78; 30; 9; 19; 22
11,77,0.30955,0.14286,4; 4; 11; 77; 23; 10; 28; 6
22,32,0.5582,0.6875,14; 6; 22; 32; 30; 16; 19; 15
12,75,0.31102,0.16,5; 4; 12; 75; 31; 18; 22; 18
31,42,0.66772,0.7381,12; 4; 31; 42; 21; 32; 5; 31
21,32,0.62953,0.65625,15; 6; 21; 32; 14; 15; 15; 28
8,63,0.21712,0.12698,13; 9; 8; 63; 30; 17; 11; 15
7,82,0.39076,0.08537,3; 4; 7; 82; 28; 19; 22; 10
9,10,0.82279,0.9,24; 7; 9; 10; 27; 17; 15; 32
15,75,0.39176,0.2,3; 4; 15; 75; 27; 14; 5; 32
11,77,0.29856,0.14286,5; 3; 11; 77; 16; 25; 16; 22
17,26,0.63161,0.65385,6; 14; 17; 26; 3; 15; 10; 4
34,53,0.64172,0.64151,5; 4; 34; 53; 12; 24; 26; 24
16,32,0.55482,0.5,13; 7; 16; 32; 19; 15; 19; 15
26,42,0.50468,0.61905,4; 15; 26; 42; 5; 21; 32; 11
10,26,0.59085,0.38462,10; 17; 10; 26; 23; 24; 27; 9
9,10,0.76665,0.9,9; 33; 9; 10; 17; 16; 29; 26
7,49,0.14842,0.14286,7; 19; 7; 49; 4; 6; 9; 12
19,31,0.48674,0.6129,15; 5; 19; 31; 5; 7; 31; 32
7,82,0.38202,0.08537,4; 3; 7; 82; 16; 9; 11; 27
17,64,0.37498,0.26562,6; 6; 17; 64; 24; 10; 20; 9
11,42,0.39262,0.2619,4; 11; 11; 42; 22; 19; 26; 6
6,75,0.29385,0.08,3; 3; 6; 75; 22; 11; 31; 19
18,32,0.4573,0.5625,22; 9; 18; 32; 13; 8; 8; 32
12,77,0.36473,0.15584,4; 4; 12; 77; 3; 19; 14; 11
34,42,0.65229,0.80952,8; 4; 34; 42; 5; 19; 19; 16
14,63,0.27947,0.22222,8; 10; 14; 63; 5; 29; 12; 9
6,63,0.15569,0.09524,9; 3; 6; 63; 14; 4; 13; 9
6,82,0.37917,0.07317,3; 4; 6; 82; 11; 15; 30; 32
22,49,0.46866,0.44898,13; 6; 22; 49; 7; 25; 21; 14
15,75,0.39042,0.2,3; 4; 15; 75; 13; 29; 27; 9
11,75,0.31414,0.14667,5; 4; 11; 75; 32; 19; 24; 9
7,64,0.18979,0.10938,4; 7; 7; 64; 22; 4; 12; 30
9,75,0.29336,0.12,7; 7; 9; 75; 23; 22; 5; 16
8,9,0.81234,0.88889,38; 5; 8; 9; 5; 3; 8; 7
22,26,0.49262,0.84615,10; 21; 22; 26; 13; 23; 32; 10
6,10,0.8196,0.6,26; 16; 6; 10; 21; 22; 10; 25
21,48,0.44752,0.4375,6; 13; 21; 48; 28; 18; 4; 11
10,78,0.31129,0.12821,4; 5; 10; 78; 32; 15; 5; 25
13,70,0.30598,0.18571,4; 5; 13; 70; 13; 26; 6; 9
6,9,0.82002,0.66667,14; 4; 6; 9; 18; 30; 25; 13
26,53,0.52447,0.49057,5; 9; 26; 53; 32; 13; 25; 12
10,77,0.28658,0.12987,4; 3; 10; 77; 5; 19; 30; 27
22,64,0.43128,0.34375,3; 4; 22; 64; 5; 10; 4; 4
21,42,0.43691,0.5,9; 16; 21; 42; 5; 8; 11; 22
27,32,0.63123,0.84375,19; 13; 27; 32; 12; 9; 6; 27
13,64,0.25493,0.20312,7; 6; 13; 64; 11; 6; 30; 21
29,49,0.58579,0.59184,8; 7; 29; 49; 13; 17; 25; 7
5,10,0.80716,0.5,21; 19; 5; 10; 4; 16; 17; 27
28,31,0.61942,0.90323,8; 16; 28; 31; 10; 32; 8; 21
9,78,0.31792,0.11538,4; 5; 9; 78; 13; 23; 28; 9
8,77,0.31251,0.1039,5; 6; 8; 77; 21; 7; 16; 21
8,82,0.36583,0.09756,4; 4; 8; 82; 13; 16; 18; 17
26,31,0.51612,0.83871,20; 17; 26; 31; 14; 20; 17; 15
17,63,0.33088,0.26984,6; 8; 17; 63; 12; 32; 22; 9
41,48,0.79918,0.85417,3; 3; 41; 48; 11; 7; 16; 3
13,77,0.35151,0.16883,4; 4; 13; 77; 12; 10; 31; 20
8,82,0.31992,0.09756,4; 4; 8; 82; 15; 25; 7; 9
22,64,0.42817,0.34375,4; 6; 22; 64; 4; 8; 6; 28
9,31,0.62449,0.29032,29; 24; 9; 31; 4; 22; 27; 16
6,78,0.27561,0.07692,5; 5; 6; 78; 12; 20; 9; 10
10,31,0.56703,0.32258,12; 26; 10; 31; 9; 8; 3; 22
16,26,0.5173,0.61538,26; 22; 16; 26; 26; 9; 9; 20
6,9,0.82926,0.66667,33; 39; 6; 9; 26; 18; 20; 26
20,63,0.39756,0.31746,3; 7; 20; 63; 11; 32; 18; 22
9,31,0.52682,0.29032,5; 23; 9; 31; 25; 16; 7; 22
5,82,0.34419,0.06098,5; 5; 5; 82; 25; 31; 25; 4
17,49,0.35588,0.34694,9; 4; 17; 49; 3; 10; 7; 20
8,77,0.31408,0.1039,3; 4; 8; 77; 12; 12; 24; 24
17,49,0.35125,0.34694,16; 3; 17; 49; 4; 4; 21; 24
20,53,0.39287,0.37736,12; 4; 20; 53; 22; 6; 28; 3
14,26,0.52386,0.53846,19; 9; 14; 26; 22; 15; 15; 32
22,63,0.43806,0.34921,4; 6; 22; 63; 27; 18; 9; 31
22,42,0.48069,0.52381,17; 9; 22; 42; 3; 28; 4; 7
18,49,0.38434,0.36735,15; 8; 18; 49; 26; 6; 7; 29
6,77,0.30232,0.07792,3; 6; 6; 77; 31; 19; 19; 12
9,63,0.23257,0.14286,10; 8; 9; 63; 30; 14; 13; 4
18,70,0.41566,0.25714,3; 4; 18; 70; 7; 18; 6; 21
5,77,0.30712,0.06494,8; 3; 5; 77; 20; 12; 29; 28
7,82,0.36437,0.08537,3; 3; 7; 82; 21; 6; 26; 16
32,42,0.68616,0.7619,5; 5; 32; 42; 21; 6; 6; 29
8,26,0.67801,0.30769,18; 31; 8; 26; 9; 8; 10; 32
7,9,0.80434,0.77778,35; 19; 7; 9; 15; 3; 26; 26
10,42,0.29624,0.2381,10; 4; 10; 42; 6; 27; 4; 6
18,31,0.56483,0.58065,18; 20; 18; 31; 29; 12; 24; 17
8,82,0.35357,0.09756,3; 3; 8; 82; 3; 10; 19; 14
7,82,0.35717,0.08537,3; 3; 7; 82; 13; 3; 31; 27
5,82,0.26036,0.06098,4; 5; 5; 82; 20; 25; 19; 11
5,49,0.12814,0.10204,17; 7; 5; 49; 5; 3; 22; 13
22,63,0.39817,0.34921,4; 6; 22; 63; 31; 13; 21; 25
15,64,0.28513,0.23438,6; 8; 15; 64; 10; 28; 3; 3
8,42,0.35983,0.19048,14; 13; 8; 42; 16; 13; 14; 21
7,9,0.83466,0.77778,33; 8; 7; 9; 6; 3; 32; 20
14,26,0.6421,0.53846,8; 18; 14; 26; 18; 19; 19; 18
21,31,0.56116,0.67742,19; 8; 21; 31; 24; 12; 8; 20
29,32,0.55542,0.90625,9; 10; 29; 32; 17; 25; 16; 14
5,64,0.17687,0.07812,13; 14; 5; 64; 15; 5; 29; 6
11,77,0.30428,0.14286,3; 4; 11; 77; 7; 17; 22; 27
5,82,0.36928,0.06098,5; 3; 5; 82; 15; 12; 17; 15
10,64,0.19071,0.15625,6; 9; 10; 64; 11; 16; 32; 14
5,82,0.32876,0.06098,5; 3; 5; 82; 22; 14; 30; 3
21,63,0.4009,0.33333,4; 5; 21; 63; 6; 21; 18; 6
10,78,0.32626,0.12821,3; 5; 10; 78; 24; 17; 29; 25
7,82,0.29573,0.08537,3; 4; 7; 82; 31; 12; 5; 9
15,31,0.5175,0.48387,24; 24; 15; 31; 30; 3; 14; 28
14,75,0.37751,0.18667,4; 4; 14; 75; 22; 16; 16; 8
9,77,0.34108,0.11688,5; 5; 9; 77; 7; 30; 11; 30
5,9,0.7999,0.55556,23; 17; 5; 9; 19; 8; 32; 21
39,49,0.79026,0.79592,5; 5; 39; 49; 27; 12; 14; 32
17,49,0.36222,0.34694,16; 12; 17; 49; 12; 6; 11; 13
7,9,0.80686,0.77778,9; 34; 7; 9; 19; 4; 7; 26
34,53,0.64036,0.64151,5; 4; 34; 53; 27; 9; 17; 28
6,82,0.3166,0.07317,5; 4; 6; 82; 5; 14; 29; 28
5,26,0.60209,0.19231,31; 18; 5; 26; 6; 19; 29; 24
12,63,0.24132,0.19048,5; 3; 12; 63; 18; 4; 31; 20
6,42,0.52797,0.14286,4; 21; 6; 42; 21; 7; 26; 18
6,9,0.81365,0.66667,34; 30; 6; 9; 23; 5; 28; 10
16,70,0.34901,0.22857,3; 4; 16; 70; 3; 9; 4; 13
28,48,0.57443,0.58333,3; 6; 28; 48; 8; 29; 10; 3
29,42,0.59293,0.69048,11; 5; 29; 42; 31; 10; 15; 19
19,70,0.39545,0.27143,3; 3; 19; 70; 21; 22; 12; 23
12,78,0.37408,0.15385,3; 4; 12; 78; 26; 16; 25; 4
13,63,0.27148,0.20635,9; 9; 13; 63; 20; 14; 25; 18
9,32,0.58004,0.28125,26; 12; 9; 32; 27; 18; 31; 19
24,64,0.4308,0.375,5; 5; 24; 64; 32; 18; 26; 19
7,9,0.81524,0.77778,40; 28; 7; 9; 3; 19; 6; 18
11,78,0.33075,0.14103,4; 3; 11; 78; 15; 19; 5; 15
24,64,0.45558,0.375,4; 5; 24; 64; 14; 26; 23; 21
10,78,0.33645,0.12821,5; 3; 10; 78; 23; 18; 26; 8
5,48,0.1229,0.10417,22; 18; 5; 48; 25; 20; 13; 26
20,53,0.38946,0.37736,9; 5; 20; 53; 21; 32; 14; 4
7,78,0.31636,0.08974,6; 4; 7; 78; 9; 21; 14; 20
8,82,0.3658,0.09756,3; 4; 8; 82; 25; 13; 9; 26
18,42,0.37681,0.42857,13; 10; 18; 42; 6; 32; 9; 15
6,9,0.81575,0.66667,29; 32; 6; 9; 4; 26; 14; 26
11,78,0.34124,0.14103,4; 4; 11; 78; 22; 20; 6; 10
25,64,0.47931,0.39062,4; 3; 25; 64; 26; 23; 23; 13
24,31,0.54483,0.77419,3; 18; 24; 31; 27; 22; 19; 19
33,42,0.6509,0.78571,6; 5; 33; 42; 29; 7; 15; 3
14,53,0.27075,0.26415,6; 9; 14; 53; 9; 20; 26; 6
23,48,0.49228,0.47917,7; 11; 23; 48; 27; 10; 30; 28
24,42,0.51183,0.57143,15; 3; 24; 42; 18; 29; 18; 21
17,48,0.33014,0.35417,12; 3; 17; 48; 11; 5; 28; 18
8,82,0.3291,0.09756,3; 4; 8; 82; 10; 17; 25; 16
18,53,0.36396,0.33962,3; 8; 18; 53; 14; 18; 3; 29
9,10,0.85505,0.9,7; 16; 9; 10; 27; 8; 9; 31
23,63,0.42297,0.36508,6; 4; 23; 63; 5; 12; 19; 16
7,82,0.31176,0.08537,4; 4; 7; 82; 6; 16; 30; 24
12,77,0.35208,0.15584,3; 4; 12; 77; 32; 11; 4; 13
12,78,0.37975,0.15385,3; 4; 12; 78; 13; 17; 30; 8
10,75,0.32759,0.13333,6; 4; 10; 75; 17; 4; 31; 31
11,75,0.28852,0.14667,5; 3; 11; 75; 21; 3; 26; 5
30,42,0.58565,0.71429,5; 9; 30; 42; 13; 20; 22; 14
7,63,0.1885,0.11111,3; 7; 7; 63; 11; 29; 24; 4
6,82,0.36246,0.07317,5; 4; 6; 82; 31; 13; 18; 25
25,32,0.57809,0.78125,20; 18; 25; 32; 9; 30; 15; 30
6,9,0.80759,0.66667,12; 19; 6; 9; 28; 4; 24; 19
12,75,0.36748,0.16,3; 5; 12; 75; 29; 22; 16; 16
26,48,0.53623,0.54167,12; 9; 26; 48; 22; 9; 20; 15
6,70,0.21611,0.08571,4; 9; 6; 70; 11; 24; 15; 6
40,42,0.75595,0.95238,8; 6; 40; 42; 25; 9; 22; 24
12,64,0.25511,0.1875,4; 5; 12; 64; 19; 27; 26; 24
11,78,0.37674,0.14103,3; 4; 11; 78; 14; 25; 26; 24
19,63,0.3564,0.30159,5; 7; 19; 63; 22; 20; 5; 29
16,64,0.3285,0.25,8; 4; 16; 64; 13; 21; 8; 28
7,78,0.28343,0.08974,3; 6; 7; 78; 15; 20; 7; 24
7,10,0.83351,0.7,36; 6; 7; 10; 11; 3; 25; 30
8,31,0.5386,0.25806,12; 9; 8; 31; 4; 32; 9; 21
34,42,0.63637,0.80952,5; 7; 34; 42; 25; 24; 13; 28
10,42,0.30882,0.2381,16; 22; 10; 42; 5; 18; 15; 6
13,77,0.36764,0.16883,4; 3; 13; 77; 15; 7; 18; 7
18,64,0.34249,0.28125,3; 6; 18; 64; 29; 25; 7; 30
7,78,0.29915,0.08974,3; 6; 7; 78; 3; 12; 31; 18
14,32,0.47411,0.4375,4; 12; 14; 32; 3; 17; 8; 14
11,49,0.24285,0.22449,12; 10; 11; 49; 17; 15; 19; 11
27,32,0.62386,0.84375,15; 5; 27; 32; 24; 4; 28; 16
30,31,0.64604,0.96774,17; 12; 30; 31; 15; 24; 7; 31
36,42,0.73316,0.85714,5; 4; 36; 42; 17; 23; 23; 21
5,82,0.36434,0.06098,3; 4; 5; 82; 28; 6; 24; 32
6,75,0.23493,0.08,8; 8; 6; 75; 24; 13; 21; 32
31,32,0.57892,0.96875,12; 6; 31; 32; 4; 8; 18; 31
23,49,0.4442,0.46939,5; 6; 23; 49; 5; 27; 27; 20
7,63,0.15025,0.11111,4; 12; 7; 63; 5; 12; 15; 23
14,70,0.31584,0.2,5; 3; 14; 70; 17; 11; 3; 13
11,53,0.25353,0.20755,7; 10; 11; 53; 13; 14; 16; 20
5,75,0.24265,0.06667,9; 3; 5; 75; 25; 23; 24; 11
15,70,0.33721,0.21429,3; 6; 15; 70; 8; 13; 7; 26
7,82,0.37678,0.08537,3; 4; 7; 82; 14; 19; 8; 4
30,31,0.59832,0.96774,11; 11; 30; 31; 4; 32; 6; 25
13,31,0.57588,0.41935,16; 10; 13; 31; 13; 31; 22; 3
7,75,0.27332,0.09333,3; 8; 7; 75; 22; 19; 21; 23
6,78,0.25441,0.07692,3; 5; 6; 78; 14; 24; 27; 26
23,26,0.46622,0.88462,22; 7; 23; 26; 22; 8; 8; 17
25,63,0.45488,0.39683,5; 5; 25; 63; 16; 5; 31; 29
7,82,0.38835,0.08537,3; 3; 7; 82; 24; 23; 20; 12
20,26,0.6954,0.76923,25; 17; 20; 26; 10; 4; 21; 6
21,26,0.79504,0.80769,23; 17; 21; 26; 13; 23; 21; 7
6,82,0.33739,0.07317,4; 5; 6; 82; 25; 3; 8; 31
5,77,0.20026,0.06494,4; 5; 5; 77; 3; 26; 26; 31
25,49,0.50203,0.5102,6; 8; 25; 49; 17; 5; 24; 17
5,10,0.81207,0.5,19; 21; 5; 10; 20; 21; 9; 31
24,42,0.50385,0.57143,9; 6; 24; 42; 25; 26; 25; 12
14,70,0.32725,0.2,7; 4; 14; 70; 13; 28; 4; 24
8,82,0.33382,0.09756,4; 4; 8; 82; 16; 3; 25; 5
5,10,0.82259,0.5,21; 31; 5; 10; 14; 17; 22; 29
8,70,0.25086,0.11429,8; 9; 8; 70; 7; 16; 4; 29
12,70,0.32205,0.17143,4; 6; 12; 70; 13; 8; 18; 14
9,75,0.30763,0.12,3; 5; 9; 75; 20; 4; 27; 32
11,32,0.69371,0.34375,20; 9; 11; 32; 10; 23; 26; 13
17,64,0.31715,0.26562,5; 5; 17; 64; 21; 8; 18; 22
13,31,0.50464,0.41935,8; 12; 13; 31; 10; 32; 11; 27
5,77,0.22948,0.06494,8; 8; 5; 77; 32; 4; 3; 16
15,31,0.47349,0.48387,21; 17; 15; 31; 8; 7; 4; 30
7,10,0.81362,0.7,33; 21; 7; 10; 28; 6; 32; 8
7,78,0.25414,0.08974,3; 5; 7; 78; 9; 19; 6; 11
6,70,0.19112,0.08571,6; 6; 6; 70; 27; 29; 13; 23
27,49,0.52716,0.55102,7; 11; 27; 49; 25; 15; 17; 9
7,26,0.6846,0.26923,20; 3; 7; 26; 9; 4; 24; 16
18,63,0.33708,0.28571,3; 5; 18; 63; 12; 7; 25; 9
7,75,0.26688,0.09333,4; 4; 7; 75; 28; 8; 20; 13
14,64,0.33107,0.21875,10; 6; 14; 64; 5; 28; 3; 29
5,9,0.80807,0.55556,26; 5; 5; 9; 10; 31; 11; 23
12,70,0.28704,0.17143,8; 6; 12; 70; 4; 25; 8; 8
7,77,0.31714,0.09091,7; 7; 7; 77; 3; 20; 25; 29
9,10,0.80341,0.9,7; 30; 9; 10; 18; 21; 21; 30
21,31,0.49114,0.67742,8; 15; 21; 31; 31; 8; 16; 22
7,10,0.81137,0.7,36; 6; 7; 10; 5; 20; 29; 27
12,78,0.3146,0.15385,4; 3; 12; 78; 6; 10; 12; 17
12,75,0.37001,0.16,4; 4; 12; 75; 19; 9; 25; 18
10,48,0.19064,0.20833,7; 3; 10; 48; 15; 10; 31; 26
8,77,0.30649,0.1039,3; 4; 8; 77; 22; 29; 9; 11
6,82,0.36359,0.07317,5; 3; 6; 82; 16; 18; 4; 30
6,10,0.81022,0.6,37; 14; 6; 10; 5; 13; 12; 24
18,31,0.48868,0.58065,6; 20; 18; 31; 25; 18; 17; 31
13,77,0.3551,0.16883,3; 3; 13; 77; 23; 16; 19; 11
8,32,0.54065,0.25,10; 16; 8; 32; 31; 12; 24; 5
18,48,0.38913,0.375,15; 3; 18; 48; 3; 13; 30; 8
10,70,0.30115,0.14286,7; 4; 10; 70; 4; 25; 4; 30
5,82,0.31964,0.06098,5; 3; 5; 82; 15; 31; 15; 6
10,77,0.29729,0.12987,3; 5; 10; 77; 21; 9; 28; 4
16,26,0.59297,0.61538,25; 9; 16; 26; 12; 27; 16; 19
20,42,0.44098,0.47619,5; 9; 20; 42; 9; 11; 29; 16
10,70,0.23755,0.14286,8; 9; 10; 70; 7; 19; 21; 8
38,48,0.75883,0.79167,6; 4; 38; 48; 21; 24; 6; 17
11,63,0.25148,0.1746,10; 8; 11; 63; 22; 10; 28; 13
24,64,0.43972,0.375,5; 5; 24; 64; 20; 23; 8; 32
24,53,0.47246,0.45283,3; 7; 24; 53; 20; 7; 18; 7
12,70,0.2918,0.17143,3; 4; 12; 70; 19; 12; 5; 13
18,32,0.60114,0.5625,12; 4; 18; 32; 16; 4; 11; 20
8,70,0.22061,0.11429,10; 3; 8; 70; 15; 15; 14; 32
14,53,0.27105,0.26415,11; 3; 14; 53; 16; 5; 3; 6
9,10,0.77717,0.9,9; 12; 9; 10; 15; 18; 16; 26
7,32,0.80264,0.21875,4; 6; 7; 32; 13; 3; 21; 8
12,70,0.28793,0.17143,4; 7; 12; 70; 17; 25; 5; 24
30,49,0.57921,0.61224,3; 5; 30; 49; 7; 26; 25; 29
28,31,0.49302,0.90323,10; 15; 28; 31; 31; 4; 6; 4
15,64,0.35308,0.23438,5; 9; 15; 64; 7; 5; 5; 31
14,26,0.58934,0.53846,28; 22; 14; 26; 4; 23; 3; 22
7,9,0.79921,0.77778,11; 14; 7; 9; 31; 25; 16; 6
10,77,0.33667,0.12987,5; 4; 10; 77; 24; 19; 28; 5
7,82,0.36219,0.08537,4; 3; 7; 82; 10; 23; 8; 12
8,42,0.22776,0.19048,17; 11; 8; 42; 31; 22; 15; 6
26,32,0.51169,0.8125,18; 20; 26; 32; 3; 14; 26; 14
12,26,0.59611,0.46154,15; 27; 12; 26; 8; 10; 10; 32
11,49,0.2616,0.22449,9; 10; 11; 49; 26; 6; 14; 11
31,32,0.65137,0.96875,15; 3; 31; 32; 23; 21; 12; 29
35,49,0.69174,0.71429,6; 7; 35; 49; 9; 5; 4; 6
26,64,0.48861,0.40625,3; 3; 26; 64; 16; 14; 23; 3
6,75,0.30305,0.08,8; 5; 6; 75; 17; 16; 11; 16
27,31,0.64646,0.87097,15; 5; 27; 31; 26; 15; 11; 32
11,78,0.34217,0.14103,3; 3; 11; 78; 12; 32; 31; 8
24,63,0.45988,0.38095,3; 3; 24; 63; 27; 10; 18; 30
19,26,0.71045,0.73077,26; 22; 19; 26; 16; 4; 16; 31
10,49,0.23616,0.20408,15; 17; 10; 49; 16; 24; 10; 28
15,64,0.30935,0.23438,9; 4; 15; 64; 20; 27; 31; 19
6,82,0.30953,0.07317,4; 5; 6; 82; 29; 8; 12; 10
30,49,0.60445,0.61224,6; 5; 30; 49; 7; 16; 25; 6
23,64,0.4454,0.35938,5; 5; 23; 64; 25; 20; 14; 3
23,31,0.4816,0.74194,8; 22; 23; 31; 8; 22; 9; 12
8,82,0.33435,0.09756,4; 4; 8; 82; 30; 11; 32; 7
34,49,0.68801,0.69388,3; 3; 34; 49; 8; 32; 25; 26
6,9,0.82271,0.66667,8; 10; 6; 9; 7; 17; 19; 16
13,75,0.35423,0.17333,5; 5; 13; 75; 7; 21; 30; 32
5,48,0.15128,0.10417,10; 12; 5; 48; 30; 11; 8; 26
7,10,0.80321,0.7,34; 40; 7; 10; 7; 25; 4; 29
10,75,0.30686,0.13333,4; 5; 10; 75; 6; 9; 30; 6
10,77,0.32263,0.12987,5; 4; 10; 77; 21; 26; 6; 24
13,32,0.50411,0.40625,21; 13; 13; 32; 18; 21; 6; 8
9,53,0.17979,0.16981,7; 17; 9; 53; 11; 3; 7; 15
19,26,0.54328,0.73077,12; 26; 19; 26; 19; 5; 4; 27
7,78,0.27022,0.08974,3; 5; 7; 78; 5; 17; 23; 30
34,53,0.61312,0.64151,4; 3; 34; 53; 30; 16; 30; 13
12,77,0.32776,0.15584,4; 3; 12; 77; 12; 31; 5; 24
19,53,0.36597,0.35849,6; 3; 19; 53; 22; 19; 21; 19
28,32,0.46953,0.875,7; 7; 28; 32; 8; 4; 14; 16
20,53,0.38074,0.37736,7; 12; 20; 53; 6; 19; 17; 15
16,63,0.33028,0.25397,3; 5; 16; 63; 29; 21; 8; 8
12,63,0.2625,0.19048,8; 8; 12; 63; 25; 7; 24; 11
8,9,0.84696,0.88889,36; 19; 8; 9; 24; 23; 9; 15
12,48,0.2512,0.25,19; 16; 12; 48; 5; 19; 31; 5
15,48,0.31196,0.3125,11; 10; 15; 48; 22; 5; 15; 10
24,26,0.62735,0.92308,24; 7; 24; 26; 8; 32; 17; 29
19,49,0.3873,0.38776,8; 14; 19; 49; 6; 17; 13; 29
5,82,0.27625,0.06098,4; 3; 5; 82; 27; 10; 19; 30
19,49,0.37785,0.38776,5; 11; 19; 49; 12; 18; 16; 31
27,63,0.48224,0.42857,3; 3; 27; 63; 16; 32; 13; 4
18,26,0.77315,0.69231,13; 4; 18; 26; 19; 28; 31; 10
15,75,0.3809,0.2,4; 4; 15; 75; 5; 17; 8; 32
5,75,0.27852,0.06667,9; 6; 5; 75; 20; 27; 20; 9
7,10,0.7777,0.7,39; 23; 7; 10; 3; 13; 23; 9
11,70,0.33085,0.15714,5; 5; 11; 70; 6; 27; 9; 32
22,26,0.51262,0.84615,8; 7; 22; 26; 16; 18; 27; 3
19,42,0.42023,0.45238,15; 16; 19; 42; 6; 4; 12; 9
21,31,0.57843,0.67742,7; 5; 21; 31; 4; 23; 3; 5
6,32,0.57984,0.1875,10; 26; 6; 32; 25; 3; 9; 31
21,32,0.40223,0.65625,11; 12; 21; 32; 9; 12; 27; 7
24,26,0.73934,0.92308,5; 10; 24; 26; 19; 20; 26; 30
6,10,0.8215,0.6,32; 38; 6; 10; 10; 18; 20; 32
5,10,0.83283,0.5,9; 28; 5; 10; 30; 26; 11; 16
18,63,0.37899,0.28571,4; 8; 18; 63; 21; 25; 10; 11
9,63,0.2132,0.14286,11; 7; 9; 63; 19; 14; 25; 27
16,32,0.44639,0.5,4; 20; 16; 32; 7; 15; 14; 17
18,26,0.58625,0.69231,20; 7; 18; 26; 12; 18; 21; 20
38,49,0.75112,0.77551,5; 4; 38; 49; 20; 17; 6; 23
8,42,0.25951,0.19048,15; 24; 8; 42; 11; 32; 22; 21
12,32,0.78422,0.375,18; 11; 12; 32; 15; 32; 22; 19
8,9,0.83034,0.88889,5; 29; 8; 9; 10; 21; 20; 25
10,70,0.28614,0.14286,5; 7; 10; 70; 10; 15; 17; 14
36,53,0.69905,0.67925,4; 4; 36; 53; 15; 4; 22; 26
6,82,0.3057,0.07317,4; 3; 6; 82; 7; 9; 32; 17
18,70,0.39837,0.25714,3; 3; 18; 70; 4; 8; 6; 17
9,77,0.29951,0.11688,6; 3; 9; 77; 15; 8; 14; 10
9,10,0.80124,0.9,11; 12; 9; 10; 13; 13; 19; 27
17,32,0.46326,0.53125,8; 20; 17; 32; 32; 17; 28; 15
21,64,0.40348,0.32812,3; 3; 21; 64; 10; 31; 5; 10
16,70,0.36336,0.22857,5; 3; 16; 70; 25; 7; 18; 27
6,10,0.78454,0.6,18; 11; 6; 10; 19; 20; 30; 18
9,75,0.31846,0.12,5; 4; 9; 75; 9; 19; 17; 30
18,64,0.37501,0.28125,4; 3; 18; 64; 14; 4; 21; 5
7,82,0.39317,0.08537,4; 4; 7; 82; 4; 12; 21; 24
6,77,0.23889,0.07792,6; 7; 6; 77; 5; 11; 4; 9
15,31,0.59188,0.48387,4; 13; 15; 31; 16; 4; 7; 31
18,70,0.38884,0.25714,3; 3; 18; 70; 20; 19; 11; 22
14,64,0.27788,0.21875,8; 3; 14; 64; 21; 13; 13; 9
36,49,0.72168,0.73469,4; 4; 36; 49; 26; 15; 21; 8
7,78,0.27129,0.08974,5; 6; 7; 78; 21; 17; 8; 9
39,49,0.7656,0.79592,4; 5; 39; 49; 22; 31; 32; 8
8,10,0.80776,0.8,23; 20; 8; 10; 6; 9; 12; 22
13,42,0.31959,0.30952,4; 19; 13; 42; 23; 32; 16; 19
19,63,0.35547,0.30159,3; 6; 19; 63; 5; 23; 27; 29
24,48,0.48345,0.5,4; 13; 24; 48; 12; 8; 8; 11
26,64,0.50122,0.40625,4; 4; 26; 64; 17; 4; 22; 19
7,70,0.24711,0.1,6; 7; 7; 70; 7; 3; 10; 11
29,31,0.4661,0.93548,18; 3; 29; 31; 30; 10; 13; 9
8,48,0.21931,0.16667,20; 7; 8; 48; 23; 15; 23; 25
7,64,0.19077,0.10938,8; 11; 7; 64; 13; 25; 22; 24
11,32,0.54098,0.34375,13; 4; 11; 32; 6; 20; 15; 4
6,9,0.82172,0.66667,37; 32; 6; 9; 16; 19; 12; 26
8,31,0.60246,0.25806,3; 11; 8; 31; 13; 3; 20; 3
6,82,0.32091,0.07317,3; 3; 6; 82; 26; 19; 17; 10
10,77,0.31304,0.12987,4; 3; 10; 77; 20; 15; 10; 11
15,75,0.35736,0.2,3; 3; 15; 75; 30; 8; 16; 13
8,10,0.81432,0.8,13; 8; 8; 10; 11; 21; 12; 4
5,26,0.81726,0.19231,32; 20; 5; 26; 21; 29; 23; 16
7,10,0.78809,0.7,22; 36; 7; 10; 5; 22; 8; 24
11,78,0.32749,0.14103,4; 4; 11; 78; 3; 27; 7; 24
8,82,0.31856,0.09756,4; 3; 8; 82; 22; 19; 25; 18
10,70,0.22703,0.14286,7; 5; 10; 70; 7; 14; 20; 19
13,53,0.25898,0.24528,9; 5; 13; 53; 32; 8; 7; 14
10,78,0.34528,0.12821,4; 4; 10; 78; 8; 9; 29; 12
10,78,0.36398,0.12821,4; 4; 10; 78; 7; 31; 22; 22
20,53,0.3596,0.37736,6; 12; 20; 53; 12; 24; 10; 8
5,75,0.23947,0.06667,9; 7; 5; 75; 13; 25; 20; 30
18,70,0.3823,0.25714,3; 4; 18; 70; 3; 22; 3; 30
30,31,0.53045,0.96774,5; 18; 30; 31; 9; 19; 32; 8
9,75,0.31066,0.12,6; 4; 9; 75; 14; 23; 16; 3
8,10,0.81525,0.8,39; 10; 8; 10; 4; 31; 32; 6
6,77,0.24743,0.07792,5; 4; 6; 77; 4; 26; 6; 4
30,53,0.55575,0.56604,5; 3; 30; 53; 22; 28; 16; 8
5,75,0.2104,0.06667,8; 8; 5; 75; 8; 4; 7; 19
13,64,0.27173,0.20312,3; 3; 13; 64; 23; 8; 9; 20
6,26,0.8125,0.23077,11; 10; 6; 26; 29; 13; 6; 24
8,10,0.76417,0.8,23; 11; 8; 10; 7; 32; 27; 23
5,42,0.2065,0.11905,25; 3; 5; 42; 11; 4; 18; 32
29,53,0.54884,0.54717,7; 3; 29; 53; 26; 9; 31; 5
14,70,0.3328,0.2,4; 7; 14; 70; 10; 30; 21; 20
26,64,0.47036,0.40625,3; 3; 26; 64; 9; 26; 25; 29
25,42,0.52276,0.59524,15; 14; 25; 42; 14; 6; 25; 4
28,42,0.58195,0.66667,8; 4; 28; 42; 30; 6; 28; 10
16,32,0.57794,0.5,20; 11; 16; 32; 14; 24; 29; 23
6,42,0.27308,0.14286,15; 13; 6; 42; 31; 4; 7; 27
6,9,0.82902,0.66667,41; 11; 6; 9; 14; 16; 22; 3
5,82,0.31966,0.06098,4; 3; 5; 82; 31; 9; 16; 29
5,9,0.82296,0.55556,41; 17; 5; 9; 14; 27; 24; 6
13,63,0.27925,0.20635,11; 5; 13; 63; 13; 4; 23; 20
7,70,0.25509,0.1,6; 4; 7; 70; 20; 4; 13; 32
6,75,0.27309,0.08,3; 5; 6; 75; 27; 28; 14; 7
23,42,0.48871,0.54762,8; 13; 23; 42; 20; 6; 10; 18
17,42,0.36689,0.40476,13; 5; 17; 42; 14; 14; 20; 13
6,82,0.29117,0.07317,3; 5; 6; 82; 26; 27; 6; 23
6,78,0.25103,0.07692,7; 3; 6; 78; 16; 6; 9; 22
10,70,0.27971,0.14286,6; 9; 10; 70; 30; 18; 7; 32
5,77,0.30573,0.06494,6; 3; 5; 77; 29; 11; 21; 20
27,31,0.53694,0.87097,7; 3; 27; 31; 31; 4; 5; 9
30,31,0.56909,0.96774,17; 13; 30; 31; 16; 12; 13; 4
15,32,0.57863,0.46875,20; 15; 15; 32; 29; 5; 9; 18
5,78,0.25119,0.0641,5; 4; 5; 78; 14; 31; 7; 12
5,82,0.29765,0.06098,5; 5; 5; 82; 3; 17; 27; 31
16,70,0.36424,0.22857,4; 5; 16; 70; 32; 19; 7; 12
7,78,0.32089,0.08974,5; 6; 7; 78; 6; 29; 4; 15
5,77,0.2962,0.06494,7; 8; 5; 77; 4; 30; 17; 5
7,32,0.55592,0.21875,23; 25; 7; 32; 23; 22; 20; 11
11,77,0.35178,0.14286,5; 5; 11; 77; 32; 23; 25; 17
31,32,0.5733,0.96875,11; 16; 31; 32; 11; 10; 17; 18
6,82,0.35116,0.07317,4; 4; 6; 82; 15; 4; 4; 30
32,49,0.66101,0.65306,8; 3; 32; 49; 26; 10; 23; 29
7,63,0.19231,0.11111,4; 8; 7; 63; 28; 23; 30; 13
10,31,0.50317,0.32258,3; 24; 10; 31; 17; 16; 26; 10
10,78,0.32585,0.12821,5; 5; 10; 78; 15; 4; 29; 31
19,31,0.52244,0.6129,4; 8; 19; 31; 29; 4; 21; 12
17,63,0.34128,0.26984,3; 9; 17; 63; 18; 14; 16; 14
8,10,0.83121,0.8,9; 38; 8; 10; 13; 26; 10; 31
27,53,0.51348,0.50943,3; 4; 27; 53; 30; 21; 14; 13
11,48,0.22487,0.22917,14; 17; 11; 48; 6; 15; 21; 23
25,49,0.46062,0.5102,12; 5; 25; 49; 26; 27; 22; 14
5,82,0.30987,0.06098,5; 4; 5; 82; 30; 11; 9; 10
25,63,0.42446,0.39683,3; 4; 25; 63; 16; 22; 26; 5
7,9,0.79265,0.77778,38; 14; 7; 9; 11; 25; 25; 17
8,10,0.81149,0.8,27; 30; 8; 10; 15; 12; 13; 32
13,77,0.39396,0.16883,4; 4; 13; 77; 14; 13; 7; 21
30,42,0.61997,0.71429,3; 7; 30; 42; 4; 30; 30; 29
24,49,0.47176,0.4898,12; 4; 24; 49; 7; 16; 12; 15
9,53,0.19391,0.16981,4; 16; 9; 53; 5; 11; 12; 26
28,32,0.51973,0.875,12; 16; 28; 32; 24; 18; 32; 19
23,63,0.45392,0.36508,3; 5; 23; 63; 14; 6; 11; 7
11,75,0.34573,0.14667,4; 6; 11; 75; 7; 20; 7; 24
11,77,0.30954,0.14286,5; 3; 11; 77; 24; 4; 18; 27
26,63,0.46831,0.4127,4; 3; 26; 63; 26; 30; 8; 3
8,77,0.28442,0.1039,6; 6; 8; 77; 21; 11; 12; 20
37,42,0.69892,0.88095,3; 9; 37; 42; 13; 4; 19; 20
22,32,0.554,0.6875,17; 17; 22; 32; 10; 29; 4; 26
10,32,0.51951,0.3125,26; 14; 10; 32; 20; 7; 16; 16
8,77,0.28227,0.1039,5; 3; 8; 77; 8; 13; 3; 29
7,75,0.23934,0.09333,7; 8; 7; 75; 19; 16; 28; 10
38,48,0.7311,0.79167,3; 6; 38; 48; 25; 20; 17; 8
7,82,0.32354,0.08537,4; 4; 7; 82; 5; 31; 11; 31
6,9,0.82916,0.66667,23; 20; 6; 9; 32; 27; 6; 28
40,48,0.79316,0.83333,3; 3; 40; 48; 29; 11; 31; 19
33,53,0.61252,0.62264,6; 3; 33; 53; 8; 25; 20; 25
7,9,0.82495,0.77778,41; 5; 7; 9; 28; 11; 11; 8
12,48,0.27431,0.25,10; 6; 12; 48; 25; 12; 23; 22
5,82,0.35613,0.06098,4; 5; 5; 82; 11; 31; 25; 25
11,26,0.70363,0.42308,12; 22; 11; 26; 22; 4; 29; 24
21,26,0.53134,0.80769,4; 11; 21; 26; 5; 15; 18; 12
12,75,0.35578,0.16,4; 5; 12; 75; 9; 9; 15; 5
8,31,0.7728,0.25806,24; 3; 8; 31; 30; 17; 7; 3
38,48,0.73756,0.79167,3; 3; 38; 48; 16; 19; 22; 30
8,82,0.35674,0.09756,3; 4; 8; 82; 9; 15; 13; 8
5,75,0.21817,0.06667,8; 9; 5; 75; 17; 11; 23; 24
9,77,0.28947,0.11688,3; 6; 9; 77; 4; 9; 25; 14
29,32,0.58486,0.90625,9; 11; 29; 32; 28; 22; 6; 19
17,32,0.54673,0.53125,10; 14; 17; 32; 11; 26; 21; 25
14,70,0.30969,0.2,3; 7; 14; 70; 21; 15; 8; 6
34,53,0.62195,0.64151,4; 4; 34; 53; 26; 10; 29; 13
6,78,0.28361,0.07692,6; 4; 6; 78; 14; 3; 13; 27
8,9,0.83924,0.88889,12; 20; 8; 9; 12; 27; 19; 24
5,42,0.20112,0.11905,19; 17; 5; 42; 7; 30; 25; 19
5,78,0.29991,0.0641,6; 6; 5; 78; 12; 15; 5; 12
9,32,0.74598,0.28125,3; 7; 9; 32; 20; 14; 21; 4
29,42,0.60772,0.69048,13; 3; 29; 42; 22; 9; 26; 12
16,53,0.34557,0.30189,13; 12; 16; 53; 8; 19; 32; 6
5,64,0.16941,0.07812,12; 5; 5; 64; 18; 21; 12; 25
6,9,0.8104,0.66667,31; 20; 6; 9; 5; 19; 12; 12
15,75,0.3896,0.2,3; 3; 15; 75; 6; 25; 15; 26
26,31,0.54633,0.83871,20; 18; 26; 31; 27; 17; 21; 3
6,82,0.37867,0.07317,5; 5; 6; 82; 32; 24; 10; 3
21,32,0.54046,0.65625,6; 5; 21; 32; 7; 17; 28; 21
10,77,0.35486,0.12987,4; 4; 10; 77; 23; 12; 9; 9
11,48,0.22433,0.22917,8; 5; 11; 48; 3; 28; 25; 10
13,32,0.43703,0.40625,4; 6; 13; 32; 14; 3; 23; 7
28,53,0.52952,0.5283,7; 8; 28; 53; 27; 30; 24; 10
9,77,0.33083,0.11688,3; 6; 9; 77; 15; 15; 17; 15
8,70,0.24086,0.11429,3; 9; 8; 70; 10; 30; 23; 22
5,82,0.32189,0.06098,5; 3; 5; 82; 9; 28; 4; 28
7,70,0.20913,0.1,9; 9; 7; 70; 12; 10; 30; 21
16,70,0.361,0.22857,4; 4; 16; 70; 4; 13; 15; 20
10,75,0.29699,0.13333,6; 6; 10; 75; 31; 18; 24; 4
21,26,0.49856,0.80769,11; 5; 21; 26; 6; 7; 17; 10
22,31,0.58014,0.70968,5; 19; 22; 31; 18; 12; 23; 23
11,31,0.58177,0.35484,22; 11; 11; 31; 5; 23; 27; 28
10,53,0.21224,0.18868,16; 6; 10; 53; 26; 10; 31; 24
15,53,0.29237,0.28302,6; 3; 15; 53; 27; 3; 16; 26
12,70,0.31135,0.17143,5; 8; 12; 70; 5; 4; 10; 18
13,75,0.35265,0.17333,5; 3; 13; 75; 5; 20; 15; 10
6,77,0.30238,0.07792,3; 4; 6; 77; 10; 6; 11; 24
30,49,0.61267,0.61224,7; 5; 30; 49; 3; 9; 16; 24
8,82,0.37796,0.09756,3; 3; 8; 82; 21; 16; 20; 5
38,42,0.68977,0.90476,8; 6; 38; 42; 6; 13; 31; 28
34,48,0.67701,0.70833,4; 8; 34; 48; 8; 23; 26; 7
7,9,0.81348,0.77778,18; 12; 7; 9; 16; 30; 17; 10
9,31,0.76458,0.29032,13; 7; 9; 31; 23; 15; 27; 21
6,77,0.27832,0.07792,3; 7; 6; 77; 27; 26; 22; 13
9,10,0.80797,0.9,17; 23; 9; 10; 25; 13; 12; 29
12,63,0.26628,0.19048,7; 7; 12; 63; 30; 27; 4; 14
26,49,0.52599,0.53061,10; 4; 26; 49; 22; 17; 19; 12
7,64,0.1943,0.10938,12; 12; 7; 64; 21; 10; 20; 13
9,10,0.83151,0.9,36; 26; 9; 10; 14; 8; 12; 3
7,9,0.79518,0.77778,31; 11; 7; 9; 4; 18; 10; 29
8,78,0.31684,0.10256,4; 4; 8; 78; 27; 17; 25; 28
20,53,0.39238,0.37736,8; 8; 20; 53; 26; 5; 22; 9
7,10,0.82238,0.7,29; 26; 7; 10; 26; 28; 16; 26
31,49,0.62555,0.63265,9; 8; 31; 49; 3; 31; 5; 17
6,78,0.28052,0.07692,7; 6; 6; 78; 24; 19; 17; 16
25,26,0.56082,0.96154,9; 11; 25; 26; 26; 10; 28; 8
6,70,0.20541,0.08571,10; 3; 6; 70; 21; 6; 17; 15
29,49,0.57036,0.59184,6; 7; 29; 49; 8; 18; 15; 9
32,53,0.62411,0.60377,6; 3; 32; 53; 14; 29; 8; 16
28,53,0.52523,0.5283,4; 4; 28; 53; 26; 14; 29; 25
6,82,0.32296,0.07317,3; 4; 6; 82; 22; 16; 32; 26
7,53,0.15381,0.13208,7; 18; 7; 53; 16; 21; 27; 5
7,9,0.80893,0.77778,27; 26; 7; 9; 20; 32; 16; 28
7,64,0.20153,0.10938,13; 11; 7; 64; 29; 7; 16; 26
25,32,0.69748,0.78125,12; 10; 25; 32; 3; 10; 18; 12
21,63,0.43121,0.33333,3; 5; 21; 63; 6; 19; 11; 20
35,42,0.67435,0.83333,8; 9; 35; 42; 20; 16; 21; 22
40,42,0.74454,0.95238,4; 8; 40; 42; 24; 14; 7; 24
8,31,0.77719,0.25806,26; 19; 8; 31; 32; 5; 10; 9
5,9,0.84223,0.55556,21; 19; 5; 9; 3; 26; 8; 13
10,26,0.7697,0.38462,18; 21; 10; 26; 14; 18; 13; 18
13,31,0.43377,0.41935,25; 3; 13; 31; 11; 13; 28; 26
10,75,0.28794,0.13333,6; 4; 10; 75; 5; 23; 7; 30
30,53,0.55718,0.56604,4; 6; 30; 53; 11; 26; 5; 8
38,49,0.75492,0.77551,4; 5; 38; 49; 18; 7; 6; 31
28,48,0.55015,0.58333,4; 4; 28; 48; 19; 8; 3; 15
13,75,0.34927,0.17333,5; 5; 13; 75; 17; 24; 27; 17
6,82,0.36517,0.07317,4; 4; 6; 82; 18; 30; 25; 3
30,32,0.60838,0.9375,16; 14; 30; 32; 23; 17; 5; 26
8,26,0.72959,0.30769,5; 7; 8; 26; 8; 21; 21; 26
8,42,0.23698,0.19048,15; 4; 8; 42; 23; 28; 16; 12
5,53,0.1504,0.09434,7; 15; 5; 53; 32; 6; 24; 26
7,9,0.81865,0.77778,36; 24; 7; 9; 22; 4; 12; 27
11,77,0.33892,0.14286,4; 3; 11; 77; 4; 26; 10; 6
12,77,0.37015,0.15584,4; 3; 12; 77; 14; 10; 25; 7
28,32,0.59782,0.875,6; 3; 28; 32; 7; 5; 13; 27
21,31,0.48116,0.67742,21; 17; 21; 31; 15; 11; 17; 7
12,63,0.27635,0.19048,9; 7; 12; 63; 8; 27; 32; 6
7,9,0.83146,0.77778,31; 14; 7; 9; 12; 29; 9; 18
19,26,0.51708,0.73077,10; 21; 19; 26; 25; 7; 20; 27
6,82,0.27787,0.07317,3; 4; 6; 82; 24; 26; 21; 26
41,48,0.7797,0.85417,4; 3; 41; 48; 26; 9; 12; 8
15,63,0.30092,0.2381,4; 7; 15; 63; 10; 4; 22; 17
31,48,0.60687,0.64583,5; 9; 31; 48; 22; 6; 15; 19
7,75,0.3037,0.09333,4; 8; 7; 75; 24; 23; 31; 8
5,82,0.30088,0.06098,4; 3; 5; 82; 27; 9; 15; 17
10,49,0.24343,0.20408,14; 14; 10; 49; 17; 27; 31; 10
20,31,0.49741,0.64516,18; 8; 20; 31; 8; 9; 5; 5
7,78,0.2626,0.08974,5; 4; 7; 78; 13; 23; 15; 18
33,48,0.65288,0.6875,3; 7; 33; 48; 18; 22; 14; 26
10,64,0.23001,0.15625,5; 11; 10; 64; 8; 5; 20; 5
13,42,0.33341,0.30952,5; 9; 13; 42; 11; 29; 14; 25
10,78,0.33377,0.12821,4; 3; 10; 78; 14; 30; 13; 7
14,48,0.28854,0.29167,14; 8; 14; 48; 3; 32; 24; 29
19,26,0.61391,0.73077,11; 23; 19; 26; 26; 8; 16; 3
10,77,0.3438,0.12987,4; 5; 10; 77; 4; 26; 17; 9
7,31,0.62375,0.22581,28; 10; 7; 31; 8; 7; 13; 3
9,10,0.79126,0.9,6; 21; 9; 10; 26; 12; 19; 16
7,82,0.37184,0.08537,4; 4; 7; 82; 15; 11; 4; 13
11,77,0.32831,0.14286,5; 3; 11; 77; 3; 10; 8; 14
8,10,0.84399,0.8,7; 12; 8; 10; 11; 21; 23; 29
10,64,0.22269,0.15625,4; 9; 10; 64; 20; 6; 26; 14
5,75,0.28405,0.06667,6; 5; 5; 75; 11; 6; 27; 19
22,53,0.40449,0.41509,4; 4; 22; 53; 18; 6; 20; 9
6,9,0.82903,0.66667,5; 20; 6; 9; 9; 24; 13; 24
29,42,0.61462,0.69048,6; 9; 29; 42; 15; 14; 5; 14
8,48,0.17127,0.16667,13; 15; 8; 48; 13; 8; 10; 3
26,42,0.5656,0.61905,5; 7; 26; 42; 29; 22; 13; 3
30,53,0.57003,0.56604,3; 5; 30; 53; 28; 25; 10; 6
25,26,0.45844,0.96154,3; 15; 25; 26; 3; 16; 8; 12
8,42,0.23763,0.19048,7; 20; 8; 42; 32; 10; 26; 20
22,26,0.55493,0.84615,4; 6; 22; 26; 5; 25; 30; 9
14,75,0.3602,0.18667,3; 4; 14; 75; 30; 27; 27; 8
13,64,0.29478,0.20312,7; 6; 13; 64; 17; 29; 22; 13
25,49,0.49154,0.5102,5; 11; 25; 49; 32; 28; 6; 10
12,63,0.24148,0.19048,4; 4; 12; 63; 13; 22; 6; 6
8,63,0.23073,0.12698,3; 9; 8; 63; 16; 32; 11; 18
37,48,0.74063,0.77083,5; 6; 37; 48; 9; 23; 24; 17
12,75,0.35285,0.16,4; 5; 12; 75; 23; 28; 24; 13
19,32,0.50575,0.59375,14; 6; 19; 32; 5; 8; 11; 3
19,48,0.42047,0.39583,11; 13; 19; 48; 29; 16; 7; 17
33,53,0.64151,0.62264,3; 5; 33; 53; 6; 20; 19; 18
5,82,0.37354,0.06098,5; 4; 5; 82; 21; 22; 19; 28
7,64,0.21141,0.10938,12; 11; 7; 64; 13; 18; 4; 32
23,26,0.61356,0.88462,21; 16; 23; 26; 9; 29; 18; 25
11,64,0.23962,0.17188,4; 10; 11; 64; 29; 19; 28; 12
35,48,0.69528,0.72917,5; 7; 35; 48; 9; 29; 21; 3
10,64,0.24292,0.15625,9; 5; 10; 64; 6; 13; 11; 9
8,78,0.35285,0.10256,5; 5; 8; 78; 14; 15; 12; 15
5,9,0.81686,0.55556,17; 25; 5; 9; 25; 16; 26; 16
8,82,0.34621,0.09756,4; 3; 8; 82; 26; 10; 23; 6
23,31,0.51108,0.74194,7; 21; 23; 31; 4; 5; 32; 12
19,63,0.38395,0.30159,5; 6; 19; 63; 19; 14; 27; 15
39,48,0.79474,0.8125,5; 4; 39; 48; 11; 19; 4; 31
6,82,0.33511,0.07317,3; 4; 6; 82; 14; 4; 3; 27
26,32,0.43843,0.8125,4; 5; 26; 32; 12; 30; 7; 28
15,64,0.29949,0.23438,3; 7; 15; 64; 27; 26; 20; 16
22,26,0.54649,0.84615,10; 22; 22; 26; 31; 17; 32; 16
18,70,0.38893,0.25714,5; 5; 18; 70; 5; 29; 6; 10
10,78,0.35952,0.12821,3; 4; 10; 78; 23; 13; 4; 5
8,77,0.30307,0.1039,4; 5; 8; 77; 18; 21; 23; 17
12,49,0.249,0.2449,6; 18; 12; 49; 9; 29; 7; 27
12,77,0.3293,0.15584,4; 4; 12; 77; 10; 8; 30; 18
10,77,0.33413,0.12987,3; 3; 10; 77; 7; 27; 26; 19
13,77,0.35617,0.16883,4; 3; 13; 77; 19; 18; 5; 30
10,63,0.21441,0.15873,3; 6; 10; 63; 12; 21; 15; 11
26,32,0.52637,0.8125,14; 17; 26; 32; 3; 28; 28; 15
6,9,0.83187,0.66667,23; 26; 6; 9; 28; 19; 20; 14
11,32,0.65325,0.34375,6; 3; 11; 32; 8; 10; 31; 30
24,63,0.44651,0.38095,5; 4; 24; 63; 6; 32; 10; 31
9,78,0.32853,0.11538,4; 4; 9; 78; 28; 26; 5; 3
7,82,0.31228,0.08537,4; 3; 7; 82; 29; 22; 24; 14
5,63,0.16675,0.07937,11; 11; 5; 63; 10; 26; 5; 16
22,48,0.44302,0.45833,9; 13; 22; 48; 4; 22; 26; 12
9,10,0.77486,0.9,33; 14; 9; 10; 18; 27; 11; 8
6,10,0.80298,0.6,17; 21; 6; 10; 12; 14; 18; 19
24,26,0.59146,0.92308,12; 13; 24; 26; 31; 22; 9; 32
7,32,0.7013,0.21875,26; 29; 7; 32; 28; 16; 15; 14
6,78,0.32427,0.07692,4; 6; 6; 78; 10; 27; 31; 22
17,70,0.36464,0.24286,4; 3; 17; 70; 23; 12; 8; 22
18,32,0.75309,0.5625,7; 8; 18; 32; 17; 31; 18; 27
8,64,0.21549,0.125,5; 10; 8; 64; 4; 24; 22; 3
7,10,0.81656,0.7,9; 15; 7; 10; 6; 32; 7; 28
5,64,0.17562,0.07812,9; 5; 5; 64; 14; 3; 24; 14
27,63,0.48849,0.42857,3; 3; 27; 63; 3; 3; 5; 27
5,75,0.25859,0.06667,7; 7; 5; 75; 30; 6; 32; 9
30,32,0.57587,0.9375,3; 15; 30; 32; 9; 7; 26; 16
5,26,0.7212,0.19231,3; 13; 5; 26; 10; 5; 31; 9
7,9,0.79357,0.77778,12; 7; 7; 9; 13; 9; 17; 11
5,9,0.81657,0.55556,9; 37; 5; 9; 8; 18; 18; 29
12,63,0.24291,0.19048,4; 3; 12; 63; 4; 8; 8; 26
8,10,0.75771,0.8,38; 11; 8; 10; 32; 17; 21; 5
10,77,0.31984,0.12987,3; 3; 10; 77; 21; 12; 20; 29
12,78,0.39275,0.15385,3; 3; 12; 78; 27; 25; 11; 20
5,48,0.1193,0.10417,15; 7; 5; 48; 14; 21; 15; 15
9,10,0.82262,0.9,9; 3; 9; 10; 32; 13; 24; 20
18,64,0.35567,0.28125,4; 6; 18; 64; 3; 10; 14; 26
9,10,0.82063,0.9,19; 3; 9; 10; 3; 7; 27; 17
8,77,0.31326,0.1039,4; 5; 8; 77; 3; 27; 15; 9
8,49,0.16076,0.16327,15; 12; 8; 49; 6; 26; 16; 13
19,63,0.38797,0.30159,5; 5; 19; 63; 4; 21; 7; 21
8,32,0.69382,0.25,19; 21; 8; 32; 24; 27; 9; 8
5,82,0.31698,0.06098,4; 4; 5; 82; 30; 22; 17; 12
7,31,0.56037,0.22581,4; 25; 7; 31; 32; 27; 22; 15
11,77,0.31091,0.14286,5; 5; 11; 77; 26; 7; 19; 31
5,10,0.81426,0.5,5; 41; 5; 10; 9; 17; 6; 32
24,26,0.44543,0.92308,8; 13; 24; 26; 25; 3; 20; 10
7,77,0.26201,0.09091,7; 5; 7; 77; 22; 22; 8; 13
8,9,0.80291,0.88889,37; 38; 8; 9; 32; 17; 4; 4
15,48,0.34545,0.3125,5; 13; 15; 48; 28; 28; 4; 16
9,10,0.81095,0.9,9; 12; 9; 10; 9; 14; 11; 20
16,49,0.32411,0.32653,15; 14; 16; 49; 16; 3; 20; 20
9,78,0.36608,0.11538,4; 3; 9; 78; 12; 26; 7; 13
12,63,0.25251,0.19048,9; 3; 12; 63; 14; 28; 15; 4
19,26,0.62875,0.73077,23; 11; 19; 26; 9; 18; 16; 9
18,70,0.36442,0.25714,4; 5; 18; 70; 20; 25; 15; 11
6,10,0.80759,0.6,10; 7; 6; 10; 30; 14; 3; 20
28,42,0.53476,0.66667,8; 5; 28; 42; 3; 25; 4; 22
10,77,0.33324,0.12987,4; 3; 10; 77; 26; 19; 31; 13
17,32,0.52703,0.53125,5; 20; 17; 32; 10; 20; 14; 18
15,70,0.34443,0.21429,6; 6; 15; 70; 29; 11; 28; 29
12,77,0.38438,0.15584,3; 4; 12; 77; 8; 25; 14; 27
7,9,0.82706,0.77778,3; 36; 7; 9; 28; 24; 12; 28
27,49,0.53987,0.55102,11; 3; 27; 49; 15; 20; 25; 32
14,64,0.31772,0.21875,6; 6; 14; 64; 20; 10; 12; 4
36,53,0.69061,0.67925,4; 4; 36; 53; 26; 26; 27; 15
21,63,0.40184,0.33333,6; 5; 21; 63; 27; 21; 23; 10
24,31,0.5946,0.77419,4; 12; 24; 31; 4; 18; 20; 4
27,31,0.52393,0.87097,5; 7; 27; 31; 19; 11; 4; 27
11,31,0.47787,0.35484,24; 8; 11; 31; 28; 27; 6; 27
8,64,0.20141,0.125,13; 5; 8; 64; 18; 20; 12; 29
8,78,0.29791,0.10256,6; 4; 8; 78; 17; 9; 29; 28
15,31,0.50198,0.48387,23; 17; 15; 31; 11; 12; 18; 4
18,26,0.65707,0.69231,24; 25; 18; 26; 26; 12; 17; 26
8,82,0.33858,0.09756,3; 3; 8; 82; 12; 5; 28; 24
19,64,0.39544,0.29688,4; 4; 19; 64; 29; 19; 26; 6
7,9,0.82401,0.77778,21; 26; 7; 9; 16; 10; 21; 11
11,64,0.23421,0.17188,6; 7; 11; 64; 9; 8; 6; 8
8,64,0.21613,0.125,11; 13; 8; 64; 12; 21; 3; 31
10,77,0.32393,0.12987,5; 4; 10; 77; 17; 9; 7; 17
9,64,0.22842,0.14062,3; 11; 9; 64; 31; 23; 17; 15
8,32,0.71659,0.25,17; 15; 8; 32; 32; 26; 24; 7
31,53,0.56313,0.58491,4; 5; 31; 53; 19; 23; 21; 5
8,10,0.82598,0.8,16; 6; 8; 10; 25; 3; 26; 8
12,75,0.33879,0.16,5; 3; 12; 75; 20; 3; 9; 9
33,49,0.65199,0.67347,7; 7; 33; 49; 9; 16; 26; 4
5,82,0.3373,0.06098,3; 3; 5; 82; 11; 22; 17; 24
23,31,0.44807,0.74194,8; 15; 23; 31; 25; 23; 30; 5
7,77,0.284,0.09091,7; 4; 7; 77; 16; 22; 13; 16
20,32,0.50617,0.625,21; 10; 20; 32; 12; 7; 3; 8
29,53,0.55875,0.54717,4; 4; 29; 53; 19; 22; 30; 24
6,32,0.49458,0.1875,15; 18; 6; 32; 27; 18; 4; 29
12,63,0.24173,0.19048,6; 8; 12; 63; 30; 20; 12; 27
7,9,0.8286,0.77778,25; 11; 7; 9; 9; 5; 27; 10
10,78,0.35438,0.12821,3; 5; 10; 78; 27; 3; 17; 10
16,31,0.74381,0.51613,14; 16; 16; 31; 14; 31; 24; 12
30,31,0.56146,0.96774,15; 7; 30; 31; 12; 20; 27; 16
23,32,0.55388,0.71875,21; 7; 23; 32; 24; 24; 31; 15
5,70,0.18741,0.07143,7; 3; 5; 70; 9; 28; 12; 6
10,77,0.29984,0.12987,5; 3; 10; 77; 10; 21; 8; 12
7,9,0.82322,0.77778,40; 3; 7; 9; 22; 9; 11; 21
17,70,0.36367,0.24286,3; 3; 17; 70; 24; 32; 24; 17
36,48,0.72116,0.75,5; 3; 36; 48; 10; 5; 5; 29
13,75,0.35182,0.17333,4; 3; 13; 75; 30; 4; 21; 32
6,75,0.21037,0.08,5; 3; 6; 75; 15; 27; 28; 16
18,26,0.6038,0.69231,18; 16; 18; 26; 21; 7; 26; 14
22,42,0.51329,0.52381,11; 8; 22; 42; 19; 15; 25; 31
5,10,0.80429,0.5,18; 17; 5; 10; 4; 5; 10; 9
6,10,0.81789,0.6,19; 22; 6; 10; 24; 31; 3; 13
10,77,0.30817,0.12987,4; 5; 10; 77; 16; 21; 6; 28
36,48,0.71443,0.75,4; 4; 36; 48; 32; 5; 29; 26
11,53,0.19533,0.20755,4; 8; 11; 53; 27; 12; 30; 13
7,10,0.82915,0.7,3; 33; 7; 10; 3; 21; 3; 12
5,77,0.27927,0.06494,4; 6; 5; 77; 16; 12; 8; 24
16,32,0.52405,0.5,7; 9; 16; 32; 7; 20; 11; 25
35,53,0.64706,0.66038,4; 4; 35; 53; 12; 24; 13; 23
29,42,0.62597,0.69048,13; 11; 29; 42; 4; 23; 13; 21
19,70,0.42214,0.27143,4; 3; 19; 70; 7; 28; 25; 4
6,77,0.31299,0.07792,5; 6; 6; 77; 7; 27; 28; 22
16,48,0.38475,0.33333,15; 8; 16; 48; 20; 8; 27; 22
5,82,0.35511,0.06098,5; 4; 5; 82; 7; 30; 6; 31
11,75,0.34484,0.14667,6; 3; 11; 75; 24; 3; 17; 8
27,63,0.47871,0.42857,3; 4; 27; 63; 19; 9; 10; 15
11,53,0.22039,0.20755,8; 11; 11; 53; 20; 27; 12; 4
12,75,0.34121,0.16,5; 5; 12; 75; 17; 26; 17; 20
10,49,0.23462,0.20408,9; 7; 10; 49; 3; 3; 13; 28
7,49,0.14414,0.14286,6; 3; 7; 49; 19; 23; 16; 22
26,63,0.46674,0.4127,4; 3; 26; 63; 15; 30; 25; 10
41,42,0.72687,0.97619,5; 7; 41; 42; 10; 18; 13; 28
10,78,0.35132,0.12821,4; 4; 10; 78; 20; 13; 7; 31
11,26,0.52079,0.42308,23; 5; 11; 26; 19; 24; 18; 21
7,82,0.29528,0.08537,4; 4; 7; 82; 26; 26; 4; 8
17,42,0.42575,0.40476,8; 17; 17; 42; 12; 24; 15; 5
5,31,0.84664,0.16129,16; 28; 5; 31; 3; 20; 31; 6
14,75,0.38078,0.18667,4; 4; 14; 75; 25; 19; 21; 19
8,82,0.35101,0.09756,4; 4; 8; 82; 23; 23; 15; 22
25,49,0.5176,0.5102,8; 8; 25; 49; 30; 5; 14; 19
5,9,0.83843,0.55556,7; 32; 5; 9; 4; 29; 12; 19
15,70,0.32044,0.21429,3; 6; 15; 70; 23; 24; 24; 3
24,42,0.59089,0.57143,7; 14; 24; 42; 26; 5; 4; 19
10,64,0.2256,0.15625,5; 11; 10; 64; 11; 5; 31; 27
14,42,0.33192,0.33333,6; 10; 14; 42; 11; 32; 13; 3
6,75,0.30257,0.08,8; 5; 6; 75; 4; 24; 29; 15
14,32,0.52203,0.4375,3; 16; 14; 32; 32; 6; 12; 18
13,64,0.26542,0.20312,5; 5; 13; 64; 8; 27; 11; 23
9,31,0.47007,0.29032,29; 3; 9; 31; 29; 12; 3; 14
5,82,0.36351,0.06098,3; 3; 5; 82; 10; 4; 24; 10
14,75,0.3128,0.18667,4; 4; 14; 75; 17; 18; 10; 12
5,31,0.52554,0.16129,3; 13; 5; 31; 21; 4; 24; 27
22,64,0.43322,0.34375,3; 4; 22; 64; 10; 10; 21; 18
17,32,0.47401,0.53125,8; 8; 17; 32; 16; 24; 3; 23
19,63,0.39455,0.30159,8; 6; 19; 63; 21; 13; 31; 25
21,49,0.41922,0.42857,5; 12; 21; 49; 27; 8; 20; 12
13,77,0.40399,0.16883,3; 3; 13; 77; 4; 30; 8; 23
8,9,0.80907,0.88889,12; 31; 8; 9; 12; 13; 20; 9
24,32,0.61466,0.75,15; 13; 24; 32; 11; 18; 5; 17
7,75,0.25894,0.09333,6; 7; 7; 75; 15; 20; 26; 15
10,70,0.28608,0.14286,6; 5; 10; 70; 19; 32; 25; 8
5,9,0.81024,0.55556,5; 18; 5; 9; 26; 20; 13; 23
12,78,0.35279,0.15385,3; 3; 12; 78; 3; 3; 15; 25
14,75,0.33541,0.18667,4; 4; 14; 75; 7; 5; 24; 18
5,9,0.81934,0.55556,31; 12; 5; 9; 24; 31; 4; 19
10,64,0.21826,0.15625,8; 10; 10; 64; 21; 21; 15; 31
8,78,0.30015,0.10256,6; 3; 8; 78; 19; 19; 16; 25
6,10,0.8347,0.6,5; 17; 6; 10; 30; 7; 31; 28
6,82,0.36088,0.07317,3; 4; 6; 82; 12; 20; 6; 20
26,48,0.53303,0.54167,6; 7; 26; 48; 32; 19; 29; 3
8,42,0.31849,0.19048,18; 15; 8; 42; 3; 8; 24; 14
6,48,0.17625,0.125,10; 6; 6; 48; 14; 22; 21; 24
8,9,0.82512,0.88889,31; 24; 8; 9; 24; 18; 4; 9
9,26,0.795,0.34615,24; 16; 9; 26; 25; 17; 7; 6
9,32,0.57217,0.28125,15; 28; 9; 32; 11; 22; 13; 27
23,26,0.54046,0.88462,17; 8; 23; 26; 29; 19; 22; 27
5,9,0.82,0.55556,21; 14; 5; 9; 4; 14; 28; 21
10,26,0.71526,0.38462,7; 7; 10; 26; 17; 16; 11; 30
31,53,0.57589,0.58491,6; 5; 31; 53; 14; 19; 29; 25
12,63,0.29807,0.19048,10; 8; 12; 63; 29; 27; 12; 29
25,64,0.44248,0.39062,4; 3; 25; 64; 14; 26; 16; 7
15,75,0.35322,0.2,3; 3; 15; 75; 20; 26; 26; 8
8,82,0.30882,0.09756,3; 4; 8; 82; 12; 25; 13; 5
6,26,0.81637,0.23077,8; 11; 6; 26; 26; 17; 7; 16
22,64,0.43076,0.34375,5; 4; 22; 64; 8; 31; 6; 3
7,9,0.81567,0.77778,7; 16; 7; 9; 25; 12; 11; 27
7,31,0.44905,0.22581,25; 27; 7; 31; 29; 21; 7; 19
6,49,0.15568,0.12245,6; 3; 6; 49; 15; 20; 3; 5
8,64,0.201,0.125,5; 10; 8; 64; 32; 31; 13; 11
12,78,0.37977,0.15385,3; 3; 12; 78; 28; 25; 6; 10
15,26,0.81047,0.57692,26; 11; 15; 26; 7; 22; 28; 5
5,9,0.81612,0.55556,15; 35; 5; 9; 9; 14; 5; 23
7,10,0.80393,0.7,26; 19; 7; 10; 26; 30; 13; 11
6,70,0.19879,0.08571,8; 8; 6; 70; 9; 6; 4; 19
40,42,0.74275,0.95238,6; 3; 40; 42; 9; 31; 3; 29
5,26,0.74158,0.19231,8; 3; 5; 26; 27; 17; 16; 24
19,32,0.53263,0.59375,13; 12; 19; 32; 18; 6; 23; 17
12,77,0.35935,0.15584,3; 3; 12; 77; 11; 17; 28; 18
15,48,0.32045,0.3125,4; 4; 15; 48; 10; 22; 14; 17
41,48,0.78026,0.85417,4; 4; 41; 48; 9; 31; 23; 10
9,77,0.30755,0.11688,4; 4; 9; 77; 26; 17; 5; 17
13,77,0.36191,0.16883,4; 3; 13; 77; 19; 6; 14; 32
10,42,0.31127,0.2381,20; 21; 10; 42; 23; 4; 23; 29
18,70,0.38686,0.25714,4; 4; 18; 70; 18; 31; 14; 16
18,70,0.41296,0.25714,3; 5; 18; 70; 28; 27; 4; 14
36,48,0.72282,0.75,7; 5; 36; 48; 27; 26; 16; 23
6,77,0.29463,0.07792,3; 3; 6; 77; 24; 24; 16; 25
9,42,0.26596,0.21429,9; 3; 9; 42; 8; 24; 19; 23
7,10,0.8185,0.7,9; 14; 7; 10; 20; 10; 19; 21
12,78,0.3826,0.15385,4; 4; 12; 78; 18; 14; 21; 11
6,9,0.82913,0.66667,20; 24; 6; 9; 19; 28; 18; 10
18,70,0.36641,0.25714,3; 5; 18; 70; 10; 4; 12; 28
34,48,0.67254,0.70833,6; 6; 34; 48; 8; 24; 7; 15
23,63,0.41161,0.36508,4; 6; 23; 63; 4; 11; 6; 6
5,63,0.17228,0.07937,9; 3; 5; 63; 25; 9; 6; 6
27,31,0.63017,0.87097,16; 5; 27; 31; 5; 6; 32; 12
14,63,0.32408,0.22222,8; 5; 14; 63; 26; 13; 13; 7
12,31,0.61359,0.3871,22; 10; 12; 31; 23; 30; 6; 21
9,63,0.1798,0.14286,3; 3; 9; 63; 22; 10; 19; 8
7,42,0.2674,0.16667,11; 15; 7; 42; 11; 22; 17; 14
10,64,0.23512,0.15625,3; 9; 10; 64; 4; 7; 27; 28
22,63,0.4434,0.34921,6; 5; 22; 63; 18; 14; 31; 25
16,42,0.37599,0.38095,13; 12; 16; 42; 18; 21; 23; 8
37,48,0.7346,0.77083,3; 6; 37; 48; 21; 12; 9; 9
6,9,0.81028,0.66667,35; 19; 6; 9; 15; 20; 9; 19
6,75,0.21969,0.08,5; 8; 6; 75; 14; 16; 16; 28
27,31,0.48309,0.87097,13; 10; 27; 31; 3; 24; 7; 5
11,42,0.34951,0.2619,13; 12; 11; 42; 29; 14; 11; 3
15,42,0.35914,0.35714,16; 11; 15; 42; 26; 18; 31; 10
28,32,0.62206,0.875,8; 16; 28; 32; 12; 26; 32; 23
33,48,0.64773,0.6875,5; 6; 33; 48; 10; 3; 3; 6
14,32,0.61122,0.4375,25; 10; 14; 32; 16; 16; 29; 32
22,32,0.51445,0.6875,7; 17; 22; 32; 14; 13; 20; 18
15,64,0.29228,0.23438,6; 5; 15; 64; 31; 24; 24; 14
5,78,0.31236,0.0641,4; 3; 5; 78; 4; 25; 3; 10
36,49,0.6916,0.73469,3; 5; 36; 49; 14; 17; 31; 19
21,32,0.55391,0.65625,5; 18; 21; 32; 11; 3; 31; 24
31,48,0.65081,0.64583,5; 9; 31; 48; 6; 12; 23; 22
16,64,0.34506,0.25,4; 6; 16; 64; 21; 26; 22; 20
16,31,0.55867,0.51613,16; 15; 16; 31; 25; 22; 6; 29
7,10,0.83092,0.7,28; 9; 7; 10; 7; 5; 31; 29
20,70,0.41817,0.28571,3; 4; 20; 70; 31; 12; 26; 24
10,53,0.20633,0.18868,15; 16; 10; 53; 3; 31; 19; 12
18,31,0.49466,0.58065,24; 20; 18; 31; 31; 24; 19; 6
15,75,0.35281,0.2,3; 4; 15; 75; 13; 14; 4; 29
11,78,0.33838,0.14103,3; 3; 11; 78; 29; 15; 17; 20
19,48,0.41029,0.39583,14; 5; 19; 48; 9; 28; 31; 4
19,63,0.37305,0.30159,7; 7; 19; 63; 23; 16; 10; 14
13,63,0.24819,0.20635,11; 7; 13; 63; 20; 27; 20; 26
19,63,0.38684,0.30159,4; 7; 19; 63; 18; 21; 27; 15
29,49,0.56442,0.59184,6; 6; 29; 49; 6; 26; 28; 9
17,70,0.39581,0.24286,5; 4; 17; 70; 5; 24; 26; 29
7,26,0.73213,0.26923,18; 30; 7; 26; 4; 30; 5; 5
7,70,0.23112,0.1,7; 3; 7; 70; 10; 14; 25; 17
7,75,0.2903,0.09333,5; 3; 7; 75; 4; 15; 3; 23
6,10,0.82369,0.6,39; 33; 6; 10; 32; 27; 26; 6
25,31,0.64889,0.80645,8; 15; 25; 31; 17; 15; 30; 22
27,32,0.60004,0.84375,19; 12; 27; 32; 10; 26; 25; 6
36,49,0.69234,0.73469,3; 4; 36; 49; 8; 12; 9; 12
14,53,0.31099,0.26415,10; 11; 14; 53; 29; 26; 19; 11
7,26,0.5415,0.26923,25; 26; 7; 26; 3; 16; 24; 5
12,31,0.70542,0.3871,16; 11; 12; 31; 7; 17; 27; 10
6,78,0.26122,0.07692,4; 3; 6; 78; 16; 15; 23; 24
9,48,0.22206,0.1875,18; 12; 9; 48; 5; 19; 3; 13
16,32,0.5255,0.5,11; 10; 16; 32; 28; 6; 25; 7
9,26,0.59811,0.34615,19; 18; 9; 26; 31; 7; 3; 21
5,9,0.82472,0.55556,11; 7; 5; 9; 9; 16; 32; 5
17,70,0.35839,0.24286,4; 3; 17; 70; 4; 11; 10; 27
5,82,0.35206,0.06098,3; 4; 5; 82; 7; 23; 22; 18
10,70,0.32583,0.14286,9; 6; 10; 70; 13; 6; 14; 16
14,31,0.73208,0.45161,14; 16; 14; 31; 12; 16; 23; 17
30,32,0.59593,0.9375,12; 6; 30; 32; 29; 7; 17; 32
25,26,0.51111,0.96154,8; 5; 25; 26; 10; 4; 17; 21
16,70,0.36411,0.22857,5; 6; 16; 70; 24; 19; 25; 29
8,10,0.82625,0.8,37; 37; 8; 10; 18; 26; 27; 11
11,48,0.25332,0.22917,12; 9; 11; 48; 14; 13; 10; 29
11,31,0.49728,0.35484,22; 9; 11; 31; 3; 4; 13; 14
6,78,0.28305,0.07692,3; 3; 6; 78; 4; 16; 31; 30
10,75,0.28945,0.13333,3; 4; 10; 75; 24; 9; 10; 4
7,26,0.71875,0.26923,16; 21; 7; 26; 13; 25; 31; 9
8,26,0.81156,0.30769,8; 5; 8; 26; 27; 5; 23; 6
17,63,0.33495,0.26984,7; 9; 17; 63; 3; 22; 19; 30
10,42,0.29078,0.2381,15; 18; 10; 42; 31; 16; 15; 3
5,9,0.83079,0.55556,7; 5; 5; 9; 21; 6; 10; 5
6,9,0.82656,0.66667,6; 37; 6; 9; 6; 29; 26; 21
29,31,0.65934,0.93548,14; 10; 29; 31; 12; 14; 25; 20
6,82,0.3693,0.07317,3; 3; 6; 82; 22; 12; 19; 15
6,10,0.81736,0.6,8; 4; 6; 10; 3; 12; 23; 10
8,49,0.1735,0.16327,15; 18; 8; 49; 28; 25; 32; 11
17,31,0.50135,0.54839,24; 22; 17; 31; 26; 3; 25; 5
13,42,0.3763,0.30952,21; 16; 13; 42; 6; 24; 10; 6
23,32,0.47537,0.71875,20; 20; 23; 32; 28; 14; 23; 4
12,64,0.26226,0.1875,4; 3; 12; 64; 9; 6; 32; 26
7,26,0.58016,0.26923,6; 4; 7; 26; 7; 3; 7; 4
10,77,0.34096,0.12987,4; 5; 10; 77; 28; 6; 18; 19
10,78,0.33346,0.12821,4; 5; 10; 78; 20; 13; 23; 30
13,70,0.29306,0.18571,5; 5; 13; 70; 13; 29; 6; 15
8,82,0.33606,0.09756,4; 3; 8; 82; 12; 9; 30; 23
10,32,0.45287,0.3125,5; 11; 10; 32; 4; 17; 22; 4
7,63,0.19883,0.11111,3; 10; 7; 63; 16; 26; 5; 24
12,49,0.27284,0.2449,13; 9; 12; 49; 8; 8; 28; 26
29,48,0.59119,0.60417,6; 9; 29; 48; 29; 4; 10; 13
11,75,0.3125,0.14667,6; 6; 11; 75; 18; 30; 16; 8
22,53,0.40286,0.41509,8; 9; 22; 53; 29; 24; 26; 18
29,53,0.58809,0.54717,8; 4; 29; 53; 4; 4; 22; 32
7,10,0.81991,0.7,9; 18; 7; 10; 19; 16; 31; 23
19,48,0.39971,0.39583,6; 6; 19; 48; 12; 30; 17; 10
6,82,0.29397,0.07317,4; 3; 6; 82; 18; 16; 14; 15
15,70,0.3645,0.21429,4; 5; 15; 70; 5; 30; 29; 18
19,63,0.37723,0.30159,3; 4; 19; 63; 19; 30; 12; 10
7,75,0.25029,0.09333,3; 7; 7; 75; 32; 10; 31; 9
16,64,0.32101,0.25,6; 3; 16; 64; 22; 16; 15; 10
10,31,0.61417,0.32258,3; 6; 10; 31; 3; 16; 31; 26
5,82,0.33957,0.06098,3; 3; 5; 82; 5; 27; 21; 3
6,78,0.2767,0.07692,5; 7; 6; 78; 14; 16; 4; 18
7,64,0.1689,0.10938,3; 7; 7; 64; 6; 30; 10; 10
35,42,0.66606,0.83333,8; 8; 35; 42; 25; 8; 32; 21
25,26,0.55307,0.96154,21; 10; 25; 26; 4; 30; 6; 32
5,77,0.23662,0.06494,4; 4; 5; 77; 31; 26; 11; 28
6,82,0.30239,0.07317,5; 5; 6; 82; 16; 6; 14; 30
14,48,0.28283,0.29167,8; 14; 14; 48; 3; 15; 23; 3
13,77,0.35991,0.16883,4; 4; 13; 77; 26; 28; 23; 19
12,75,0.34921,0.16,4; 5; 12; 75; 16; 22; 7; 32
9,32,0.67659,0.28125,27; 11; 9; 32; 12; 4; 25; 18
29,49,0.61907,0.59184,5; 8; 29; 49; 31; 14; 27; 22
7,31,0.66712,0.22581,9; 23; 7; 31; 9; 9; 4; 17
39,49,0.79384,0.79592,3; 5; 39; 49; 14; 3; 5; 29
11,77,0.33979,0.14286,3; 3; 11; 77; 31; 13; 5; 5
17,70,0.35622,0.24286,5; 3; 17; 70; 13; 9; 12; 17
20,64,0.37081,0.3125,7; 6; 20; 64; 12; 11; 12; 19
33,49,0.66164,0.67347,8; 3; 33; 49; 10; 3; 3; 13
9,53,0.16958,0.16981,18; 6; 9; 53; 15; 26; 9; 6
20,64,0.36664,0.3125,3; 6; 20; 64; 7; 27; 31; 10
12,63,0.26462,0.19048,4; 8; 12; 63; 29; 12; 7; 26
5,82,0.2866,0.06098,5; 3; 5; 82; 5; 8; 30; 13
21,53,0.37703,0.39623,11; 12; 21; 53; 30; 29; 12; 11
26,31,0.47115,0.83871,17; 8; 26; 31; 11; 19; 12; 28
34,53,0.6279,0.64151,5; 3; 34; 53; 17; 9; 18; 21
29,48,0.56593,0.60417,4; 4; 29; 48; 5; 30; 3; 24
16,70,0.38244,0.22857,5; 6; 16; 70; 9; 13; 7; 17
8,82,0.37072,0.09756,3; 3; 8; 82; 23; 17; 28; 26
11,78,0.35933,0.14103,4; 3; 11; 78; 10; 8; 7; 22
5,82,0.29587,0.06098,3; 3; 5; 82; 18; 21; 17; 32
10,77,0.28685,0.12987,4; 3; 10; 77; 28; 21; 19; 21
24,32,0.56537,0.75,20; 10; 24; 32; 8; 12; 11; 6
7,82,0.37262,0.08537,4; 4; 7; 82; 14; 28; 13; 11
8,26,0.79096,0.30769,19; 21; 8; 26; 6; 21; 25; 30
31,48,0.6088,0.64583,8; 8; 31; 48; 11; 25; 31; 9
7,63,0.18366,0.11111,10; 14; 7; 63; 15; 22; 28; 21
6,77,0.24981,0.07792,4; 6; 6; 77; 11; 31; 3; 30
14,26,0.702,0.53846,28; 21; 14; 26; 8; 9; 7; 8
10,70,0.27467,0.14286,6; 6; 10; 70; 29; 11; 16; 5
9,26,0.73012,0.34615,16; 15; 9; 26; 7; 5; 3; 16
14,75,0.3679,0.18667,4; 3; 14; 75; 25; 20; 27; 4
10,42,0.3125,0.2381,15; 8; 10; 42; 5; 3; 6; 18
6,10,0.79734,0.6,28; 34; 6; 10; 17; 28; 31; 20
5,9,0.8124,0.55556,25; 5; 5; 9; 8; 9; 25; 22
13,75,0.35668,0.17333,5; 5; 13; 75; 21; 8; 15; 23
28,53,0.52146,0.5283,7; 4; 28; 53; 7; 5; 24; 14
40,42,0.71498,0.95238,5; 5; 40; 42; 22; 31; 9; 29
12,78,0.36159,0.15385,4; 4; 12; 78; 9; 27; 12; 30
9,10,0.76849,0.9,5; 4; 9; 10; 15; 10; 12; 4
31,32,0.62655,0.96875,16; 11; 31; 32; 30; 24; 5; 12
14,70,0.33802,0.2,7; 7; 14; 70; 14; 23; 6; 24
5,9,0.80321,0.55556,18; 25; 5; 9; 11; 21; 17; 7
10,70,0.23971,0.14286,9; 5; 10; 70; 13; 14; 14; 16
5,10,0.82935,0.5,24; 41; 5; 10; 9; 19; 12; 9
6,10,0.82581,0.6,36; 34; 6; 10; 12; 29; 3; 21
7,9,0.80884,0.77778,6; 4; 7; 9; 21; 10; 23; 13
14,42,0.40279,0.33333,11; 3; 14; 42; 11; 15; 30; 10
10,75,0.30634,0.13333,4; 3; 10; 75; 16; 16; 6; 27
11,26,0.62715,0.42308,26; 30; 11; 26; 7; 32; 19; 12
8,82,0.32748,0.09756,3; 4; 8; 82; 25; 24; 12; 4
14,26,0.70421,0.53846,23; 22; 14; 26; 13; 17; 26; 31
26,64,0.46417,0.40625,3; 4; 26; 64; 31; 27; 23; 10
6,26,0.73055,0.23077,14; 6; 6; 26; 28; 13; 20; 7
24,31,0.57818,0.77419,14; 20; 24; 31; 12; 19; 7; 17
11,48,0.27794,0.22917,15; 15; 11; 48; 7; 7; 17; 19
30,53,0.53534,0.56604,7; 4; 30; 53; 9; 31; 27; 7
7,48,0.17066,0.14583,13; 11; 7; 48; 27; 23; 21; 17
6,64,0.18676,0.09375,4; 4; 6; 64; 3; 24; 28; 5
28,49,0.58502,0.57143,10; 9; 28; 49; 12; 21; 16; 17
27,48,0.54104,0.5625,7; 7; 27; 48; 24; 8; 18; 8
16,53,0.34184,0.30189,8; 13; 16; 53; 32; 32; 14; 3
8,9,0.83163,0.88889,39; 7; 8; 9; 27; 16; 15; 19
6,10,0.81922,0.6,22; 32; 6; 10; 10; 19; 28; 20
8,63,0.20051,0.12698,8; 7; 8; 63; 22; 20; 4; 6
10,77,0.36653,0.12987,3; 4; 10; 77; 12; 23; 11; 14
5,82,0.34761,0.06098,3; 5; 5; 82; 26; 20; 19; 24
29,32,0.61252,0.90625,6; 3; 29; 32; 27; 19; 5; 27
11,42,0.2476,0.2619,3; 18; 11; 42; 14; 3; 14; 21
10,48,0.21086,0.20833,10; 13; 10; 48; 13; 18; 18; 24
21,26,0.55827,0.80769,15; 10; 21; 26; 18; 7; 32; 23
12,42,0.36778,0.28571,22; 6; 12; 42; 15; 6; 16; 6
21,49,0.42164,0.42857,9; 5; 21; 49; 3; 15; 11; 3
8,10,0.83286,0.8,30; 10; 8; 10; 22; 11; 6; 18
42,48,0.7627,0.875,4; 4; 42; 48; 13; 21; 22; 13
16,31,0.47684,0.51613,14; 11; 16; 31; 10; 5; 11; 28
24,26,0.56529,0.92308,3; 13; 24; 26; 19; 29; 9; 8
12,53,0.22819,0.22642,13; 16; 12; 53; 3; 17; 27; 19
8,10,0.77596,0.8,3; 35; 8; 10; 11; 6; 28; 26
17,64,0.34865,0.26562,3; 5; 17; 64; 16; 7; 22; 13
34,53,0.68049,0.64151,5; 3; 34; 53; 23; 28; 12; 11
26,49,0.5282,0.53061,10; 9; 26; 49; 11; 14; 10; 6
12,64,0.2596,0.1875,3; 5; 12; 64; 4; 32; 12; 27
6,48,0.17421,0.125,17; 15; 6; 48; 8; 4; 16; 7
41,48,0.7949,0.85417,3; 3; 41; 48; 22; 10; 19; 22
31,32,0.63923,0.96875,11; 8; 31; 32; 32; 11; 8; 14
27,31,0.59891,0.87097,3; 11; 27; 31; 32; 5; 6; 30
29,32,0.61867,0.90625,9; 3; 29; 32; 18; 32; 21; 5
30,48,0.59416,0.625,3; 9; 30; 48; 13; 17; 23; 11
6,82,0.34476,0.07317,5; 5; 6; 82; 11; 5; 8; 25
6,82,0.3521,0.07317,5; 4; 6; 82; 32; 28; 4; 26
16,70,0.37759,0.22857,6; 5; 16; 70; 26; 3; 12; 27
7,82,0.32365,0.08537,4; 3; 7; 82; 5; 3; 30; 29
7,63,0.15059,0.11111,9; 11; 7; 63; 16; 26; 4; 28
11,48,0.23325,0.22917,15; 18; 11; 48; 18; 9; 23; 12
12,42,0.35935,0.28571,16; 15; 12; 42; 21; 28; 3; 10
12,49,0.25764,0.2449,13; 18; 12; 49; 13; 8; 19; 7
14,70,0.31925,0.2,5; 4; 14; 70; 22; 15; 13; 14
5,77,0.26722,0.06494,7; 7; 5; 77; 3; 26; 31; 23
12,64,0.26526,0.1875,9; 10; 12; 64; 10; 23; 14; 21
7,10,0.82116,0.7,3; 38; 7; 10; 11; 19; 26; 10
22,26,0.53024,0.84615,4; 3; 22; 26; 29; 12; 32; 6
16,64,0.2965,0.25,9; 5; 16; 64; 28; 13; 17; 7
6,9,0.79118,0.66667,23; 38; 6; 9; 24; 26; 6; 8
19,70,0.39803,0.27143,3; 4; 19; 70; 24; 21; 19; 23
18,26,0.6432,0.69231,23; 27; 18; 26; 30; 7; 18; 21
20,42,0.462,0.47619,5; 18; 20; 42; 3; 22; 29; 18
7,82,0.31985,0.08537,4; 3; 7; 82; 3; 19; 14; 14
5,75,0.21923,0.06667,4; 9; 5; 75; 26; 24; 27; 4
23,64,0.43431,0.35938,4; 3; 23; 64; 31; 22; 32; 8
19,49,0.40676,0.38776,8; 7; 19; 49; 21; 17; 12; 15
12,75,0.33049,0.16,5; 5; 12; 75; 10; 32; 20; 17
6,82,0.36192,0.07317,5; 4; 6; 82; 15; 12; 16; 5
7,9,0.81037,0.77778,24; 35; 7; 9; 18; 7; 8; 12
26,42,0.55414,0.61905,10; 12; 26; 42; 21; 6; 12; 27
36,49,0.75162,0.73469,3; 5; 36; 49; 23; 6; 20; 15
9,70,0.24028,0.12857,7; 7; 9; 70; 11; 7; 25; 22
17,32,0.50096,0.53125,23; 7; 17; 32; 15; 10; 5; 32
7,77,0.3263,0.09091,5; 4; 7; 77; 26; 17; 25; 26
9,75,0.33516,0.12,5; 6; 9; 75; 15; 23; 31; 25
6,82,0.36974,0.07317,3; 3; 6; 82; 11; 16; 24; 18
16,26,0.69316,0.61538,14; 28; 16; 26; 3; 14; 17; 12
9,64,0.21212,0.14062,7; 7; 9; 64; 4; 29; 11; 31
5,9,0.82366,0.55556,4; 7; 5; 9; 11; 32; 31; 21
10,75,0.26744,0.13333,6; 5; 10; 75; 15; 14; 4; 21
5,82,0.36033,0.06098,5; 5; 5; 82; 21; 27; 10; 3
25,26,0.48606,0.96154,6; 16; 25; 26; 30; 15; 13; 9
25,64,0.46376,0.39062,4; 3; 25; 64; 19; 3; 13; 22
9,63,0.1994,0.14286,4; 12; 9; 63; 6; 3; 31; 8
19,26,0.45188,0.73077,21; 11; 19; 26; 32; 3; 28; 31
20,26,0.59868,0.76923,18; 18; 20; 26; 3; 26; 9; 10
7,82,0.37374,0.08537,3; 4; 7; 82; 15; 3; 14; 27
41,49,0.82466,0.83673,3; 3; 41; 49; 6; 27; 15; 14
10,63,0.21207,0.15873,7; 4; 10; 63; 6; 14; 13; 6
15,64,0.31546,0.23438,7; 6; 15; 64; 19; 23; 9; 29
7,26,0.69576,0.26923,32; 26; 7; 26; 23; 12; 21; 12
19,70,0.38418,0.27143,4; 4; 19; 70; 13; 28; 3; 23
9,48,0.23591,0.1875,15; 18; 9; 48; 17; 11; 26; 30
5,77,0.24847,0.06494,7; 6; 5; 77; 18; 26; 3; 9
5,78,0.32332,0.0641,4; 7; 5; 78; 11; 3; 32; 27
32,42,0.64649,0.7619,4; 5; 32; 42; 15; 19; 15; 6
7,77,0.27464,0.09091,5; 5; 7; 77; 31; 12; 7; 17
5,9,0.80965,0.55556,11; 5; 5; 9; 12; 32; 12; 6
9,26,0.79415,0.34615,10; 31; 9; 26; 25; 12; 19; 14
16,53,0.30933,0.30189,14; 14; 16; 53; 11; 27; 31; 18
10,70,0.25326,0.14286,9; 5; 10; 70; 19; 16; 6; 23
26,49,0.50715,0.53061,9; 9; 26; 49; 15; 13; 30; 25
32,53,0.6146,0.60377,4; 5; 32; 53; 30; 5; 27; 21
32,53,0.57567,0.60377,5; 4; 32; 53; 30; 23; 20; 6
26,32,0.61613,0.8125,7; 3; 26; 32; 16; 9; 30; 18
39,49,0.7752,0.79592,4; 5; 39; 49; 25; 28; 10; 29
13,75,0.37246,0.17333,3; 5; 13; 75; 9; 9; 25; 6
14,42,0.34672,0.33333,9; 14; 14; 42; 5; 23; 31; 21
8,78,0.31111,0.10256,3; 4; 8; 78; 26; 16; 18; 12
22,53,0.42943,0.41509,11; 3; 22; 53; 11; 8; 20; 10
26,42,0.51951,0.61905,14; 15; 26; 42; 6; 22; 24; 19
10,78,0.3716,0.12821,3; 5; 10; 78; 5; 8; 6; 7
11,26,0.64089,0.42308,27; 19; 11; 26; 24; 31; 10; 28
32,42,0.62815,0.7619,10; 7; 32; 42; 4; 29; 20; 25
10,63,0.23849,0.15873,12; 9; 10; 63; 19; 24; 7; 20
6,10,0.8148,0.6,32; 18; 6; 10; 25; 5; 3; 22
21,32,0.47436,0.65625,15; 20; 21; 32; 14; 5; 12; 28
10,32,0.55908,0.3125,17; 11; 10; 32; 4; 32; 25; 22
5,64,0.17672,0.07812,7; 9; 5; 64; 16; 30; 5; 30
5,26,0.65038,0.19231,20; 22; 5; 26; 26; 17; 14; 20
6,9,0.81865,0.66667,39; 25; 6; 9; 28; 12; 11; 22
5,42,0.43981,0.11905,14; 12; 5; 42; 14; 29; 18; 18
31,49,0.63187,0.63265,4; 4; 31; 49; 17; 30; 28; 16
30,53,0.55535,0.56604,7; 6; 30; 53; 26; 12; 15; 17
9,78,0.3714,0.11538,4; 5; 9; 78; 6; 22; 29; 5
34,53,0.6697,0.64151,5; 3; 34; 53; 29; 25; 23; 17
5,9,0.83147,0.55556,30; 22; 5; 9; 16; 21; 24; 12
28,31,0.44133,0.90323,11; 16; 28; 31; 5; 21; 16; 16
8,10,0.79596,0.8,10; 15; 8; 10; 15; 20; 3; 12
8,9,0.80563,0.88889,24; 22; 8; 9; 25; 18; 26; 5
19,32,0.60373,0.59375,12; 19; 19; 32; 5; 29; 24; 24
6,78,0.27612,0.07692,3; 3; 6; 78; 20; 15; 4; 29
31,32,0.59045,0.96875,11; 6; 31; 32; 19; 13; 32; 26
15,31,0.49005,0.48387,13; 24; 15; 31; 13; 9; 12; 3
15,48,0.30369,0.3125,9; 7; 15; 48; 12; 11; 5; 22
13,64,0.28452,0.20312,6; 5; 13; 64; 20; 26; 19; 5
28,49,0.57546,0.57143,6; 3; 28; 49; 3; 5; 3; 12
20,32,0.54739,0.625,20; 16; 20; 32; 28; 18; 14; 15
36,48,0.69161,0.75,5; 5; 36; 48; 4; 22; 24; 15
6,10,0.83338,0.6,16; 34; 6; 10; 19; 16; 31; 12
12,31,0.52666,0.3871,5; 17; 12; 31; 5; 18; 13; 11
8,9,0.81406,0.88889,11; 18; 8; 9; 7; 27; 15; 17
7,82,0.3695,0.08537,3; 3; 7; 82; 27; 14; 20; 7
17,64,0.35294,0.26562,3; 4; 17; 64; 22; 16; 4; 7
22,63,0.40773,0.34921,5; 3; 22; 63; 18; 28; 6; 30
8,9,0.82155,0.88889,6; 33; 8; 9; 24; 12; 26; 19
21,31,0.55194,0.67742,20; 13; 21; 31; 13; 29; 17; 9
7,82,0.28216,0.08537,3; 4; 7; 82; 15; 4; 21; 29
7,32,0.52109,0.21875,7; 19; 7; 32; 13; 29; 25; 9
32,42,0.61696,0.7619,3; 5; 32; 42; 18; 4; 7; 18
18,53,0.37204,0.33962,4; 6; 18; 53; 21; 27; 18; 29
21,64,0.3921,0.32812,3; 5; 21; 64; 16; 26; 8; 3
41,42,0.75057,0.97619,3; 7; 41; 42; 24; 13; 7; 28
8,82,0.33963,0.09756,4; 4; 8; 82; 27; 4; 11; 21
37,42,0.70077,0.88095,3; 5; 37; 42; 28; 19; 29; 8
5,10,0.8097,0.5,6; 10; 5; 10; 21; 7; 7; 19
8,75,0.24253,0.10667,5; 7; 8; 75; 26; 14; 8; 16
7,31,0.54337,0.22581,20; 7; 7; 31; 16; 21; 26; 31
10,63,0.22316,0.15873,6; 6; 10; 63; 3; 19; 24; 11
10,75,0.2942,0.13333,3; 3; 10; 75; 21; 7; 28; 26
8,10,0.80378,0.8,5; 36; 8; 10; 17; 22; 23; 17
33,49,0.67007,0.67347,5; 6; 33; 49; 8; 29; 22; 24
16,26,0.50265,0.61538,8; 9; 16; 26; 31; 26; 17; 4
5,78,0.30107,0.0641,5; 7; 5; 78; 15; 17; 17; 4
7,64,0.18452,0.10938,9; 12; 7; 64; 13; 30; 26; 11
33,49,0.65302,0.67347,6; 3; 33; 49; 26; 14; 6; 22
15,70,0.34186,0.21429,4; 6; 15; 70; 6; 4; 13; 28
8,9,0.80108,0.88889,27; 14; 8; 9; 14; 20; 6; 18
8,9,0.82056,0.88889,8; 11; 8; 9; 28; 30; 12; 17
5,31,0.60395,0.16129,31; 17; 5; 31; 5; 10; 22; 24
11,78,0.35887,0.14103,4; 3; 11; 78; 6; 15; 32; 31
11,53,0.25041,0.20755,12; 13; 11; 53; 9; 17; 3; 22
38,48,0.76975,0.79167,4; 3; 38; 48; 7; 14; 8; 10
10,78,0.36972,0.12821,5; 3; 10; 78; 19; 22; 16; 26
9,78,0.29136,0.11538,3; 4; 9; 78; 5; 5; 6; 27
7,10,0.80011,0.7,38; 18; 7; 10; 25; 10; 30; 24
38,42,0.69668,0.90476,9; 8; 38; 42; 30; 11; 19; 18
12,70,0.26516,0.17143,5; 5; 12; 70; 3; 11; 14; 12
26,63,0.48548,0.4127,3; 4; 26; 63; 23; 21; 20; 6
8,77,0.3214,0.1039,6; 5; 8; 77; 14; 26; 6; 7
18,26,0.44923,0.69231,13; 26; 18; 26; 3; 12; 3; 30
22,48,0.44137,0.45833,11; 4; 22; 48; 26; 6; 18; 13
7,78,0.27712,0.08974,6; 6; 7; 78; 17; 6; 25; 10
27,42,0.52194,0.64286,12; 3; 27; 42; 31; 19; 13; 5
17,70,0.38161,0.24286,4; 4; 17; 70; 7; 10; 23; 12
37,49,0.70739,0.7551,4; 6; 37; 49; 22; 29; 8; 9
15,63,0.309,0.2381,5; 7; 15; 63; 22; 14; 29; 26
5,48,0.13494,0.10417,4; 4; 5; 48; 15; 14; 8; 10
5,63,0.15564,0.07937,12; 11; 5; 63; 30; 8; 17; 13
6,78,0.32495,0.07692,4; 5; 6; 78; 23; 19; 12; 10
9,32,0.45902,0.28125,3; 10; 9; 32; 10; 21; 30; 26
5,9,0.83089,0.55556,6; 8; 5; 9; 20; 23; 24; 26
5,9,0.82015,0.55556,5; 39; 5; 9; 29; 14; 30; 12
17,48,0.356,0.35417,7; 8; 17; 48; 31; 12; 25; 18
5,31,0.759,0.16129,14; 13; 5; 31; 25; 9; 29; 10
12,75,0.33649,0.16,4; 5; 12; 75; 28; 15; 12; 22
8,75,0.28118,0.10667,3; 4; 8; 75; 15; 18; 22; 5
5,53,0.1294,0.09434,3; 6; 5; 53; 31; 27; 7; 20
13,48,0.30202,0.27083,15; 4; 13; 48; 31; 19; 20; 8
7,82,0.37657,0.08537,3; 4; 7; 82; 20; 27; 7; 9
14,26,0.54888,0.53846,22; 20; 14; 26; 27; 16; 6; 29
8,78,0.32593,0.10256,5; 4; 8; 78; 20; 16; 23; 11
21,32,0.50723,0.65625,21; 17; 21; 32; 6; 29; 23; 16
42,48,0.82174,0.875,3; 4; 42; 48; 15; 4; 12; 26
7,82,0.31121,0.08537,3; 4; 7; 82; 27; 4; 22; 7
10,53,0.20565,0.18868,5; 8; 10; 53; 16; 12; 6; 32
11,26,0.78047,0.42308,24; 24; 11; 26; 13; 23; 9; 6
15,70,0.38132,0.21429,3; 4; 15; 70; 22; 29; 11; 11
6,78,0.2833,0.07692,3; 7; 6; 78; 25; 20; 20; 31
10,63,0.23184,0.15873,10; 4; 10; 63; 20; 29; 20; 10
23,64,0.42646,0.35938,3; 3; 23; 64; 23; 22; 3; 32
11,31,0.55213,0.35484,6; 10; 11; 31; 17; 29; 11; 20
6,75,0.247,0.08,8; 7; 6; 75; 11; 31; 13; 6
20,53,0.38702,0.37736,9; 11; 20; 53; 4; 6; 28; 11
8,77,0.3194,0.1039,3; 6; 8; 77; 22; 7; 15; 32
12,75,0.33964,0.16,4; 3; 12; 75; 32; 6; 26; 27
5,63,0.15817,0.07937,10; 4; 5; 63; 28; 16; 18; 14
27,32,0.57456,0.84375,5; 14; 27; 32; 16; 32; 17; 17
37,48,0.72628,0.77083,5; 3; 37; 48; 19; 4; 9; 10
8,70,0.23446,0.11429,3; 8; 8; 70; 31; 12; 3; 16
14,49,0.32684,0.28571,5; 8; 14; 49; 21; 6; 18; 6
30,49,0.59628,0.61224,5; 5; 30; 49; 5; 31; 11; 22
12,63,0.2688,0.19048,6; 7; 12; 63; 29; 23; 3; 10
15,32,0.51358,0.46875,9; 23; 15; 32; 17; 5; 26; 3
8,31,0.50046,0.25806,21; 21; 8; 31; 6; 23; 25; 19
20,63,0.36694,0.31746,7; 6; 20; 63; 20; 6; 5; 32
24,26,0.64207,0.92308,5; 19; 24; 26; 25; 25; 19; 7
6,9,0.81685,0.66667,14; 38; 6; 9; 22; 7; 7; 5
23,49,0.47404,0.46939,3; 8; 23; 49; 13; 6; 3; 24
27,53,0.49373,0.50943,4; 9; 27; 53; 18; 15; 7; 16
9,10,0.78232,0.9,28; 14; 9; 10; 3; 23; 28; 26
8,48,0.18006,0.16667,18; 6; 8; 48; 26; 7; 18; 11
35,49,0.67254,0.71429,5; 6; 35; 49; 7; 14; 8; 23
28,32,0.58342,0.875,6; 3; 28; 32; 19; 13; 27; 12
5,82,0.36056,0.06098,4; 5; 5; 82; 23; 11; 10; 22
8,9,0.81029,0.88889,4; 27; 8; 9; 15; 9; 9; 6
7,77,0.25666,0.09091,7; 4; 7; 77; 18; 28; 4; 30
8,63,0.17591,0.12698,7; 6; 8; 63; 4; 11; 12; 14
24,63,0.44977,0.38095,5; 5; 24; 63; 21; 7; 11; 12
7,75,0.21647,0.09333,5; 8; 7; 75; 25; 9; 12; 23
8,77,0.27875,0.1039,4; 4; 8; 77; 16; 13; 11; 13
5,75,0.20447,0.06667,9; 9; 5; 75; 30; 14; 8; 6
6,82,0.31131,0.07317,5; 4; 6; 82; 22; 19; 18; 29
27,32,0.5913,0.84375,11; 15; 27; 32; 5; 8; 16; 12
20,48,0.41503,0.41667,8; 6; 20; 48; 24; 32; 18; 14
24,26,0.58737,0.92308,14; 10; 24; 26; 31; 25; 3; 31
12,32,0.79525,0.375,19; 17; 12; 32; 3; 24; 22; 32
7,9,0.83686,0.77778,39; 10; 7; 9; 25; 32; 16; 9
16,64,0.34007,0.25,5; 9; 16; 64; 3; 31; 14; 27
8,9,0.83108,0.88889,10; 31; 8; 9; 9; 8; 14; 18
10,26,0.69955,0.38462,24; 16; 10; 26; 25; 16; 10; 7
26,53,0.46488,0.49057,5; 8; 26; 53; 24; 19; 23; 20
21,31,0.4941,0.67742,18; 7; 21; 31; 9; 10; 27; 3
9,77,0.31284,0.11688,4; 6; 9; 77; 19; 27; 4; 29
26,31,0.49328,0.83871,12; 11; 26; 31; 10; 18; 25; 18
6,9,0.84038,0.66667,14; 35; 6; 9; 20; 10; 3; 18
30,49,0.6083,0.61224,3; 6; 30; 49; 23; 16; 18; 14
6,9,0.82294,0.66667,23; 28; 6; 9; 29; 3; 27; 8
33,53,0.60965,0.62264,4; 5; 33; 53; 7; 26; 18; 22
6,10,0.81769,0.6,27; 12; 6; 10; 28; 7; 29; 27
25,26,0.56405,0.96154,20; 7; 25; 26; 11; 27; 29; 15
6,64,0.17675,0.09375,10; 11; 6; 64; 32; 25; 9; 3
35,48,0.67381,0.72917,5; 3; 35; 48; 29; 13; 17; 9
10,75,0.27776,0.13333,5; 5; 10; 75; 20; 20; 6; 27
8,10,0.83063,0.8,17; 35; 8; 10; 13; 20; 6; 22
7,49,0.18334,0.14286,14; 12; 7; 49; 31; 14; 19; 17
7,78,0.31082,0.08974,6; 4; 7; 78; 29; 23; 21; 22
33,49,0.64735,0.67347,6; 6; 33; 49; 13; 18; 28; 10
24,63,0.45788,0.38095,5; 5; 24; 63; 4; 19; 24; 22
38,42,0.68809,0.90476,3; 9; 38; 42; 30; 5; 21; 15
34,42,0.63194,0.80952,7; 10; 34; 42; 11; 14; 12; 23
6,63,0.18565,0.09524,3; 4; 6; 63; 11; 20; 15; 30
27,32,0.50549,0.84375,10; 14; 27; 32; 28; 24; 24; 9
7,78,0.27436,0.08974,5; 6; 7; 78; 31; 21; 7; 23
16,31,0.59342,0.51613,11; 10; 16; 31; 17; 16; 6; 11
14,42,0.35348,0.33333,10; 21; 14; 42; 5; 18; 24; 4
30,48,0.58187,0.625,7; 9; 30; 48; 19; 16; 5; 21
12,75,0.30255,0.16,3; 5; 12; 75; 18; 6; 5; 10
23,26,0.49098,0.88462,9; 18; 23; 26; 16; 9; 24; 14
19,48,0.3763,0.39583,15; 7; 19; 48; 23; 28; 14; 4
5,9,0.81516,0.55556,24; 35; 5; 9; 11; 25; 27; 27
8,82,0.35329,0.09756,4; 3; 8; 82; 10; 25; 30; 29
9,75,0.28199,0.12,7; 6; 9; 75; 26; 31; 9; 18
7,77,0.25303,0.09091,5; 3; 7; 77; 15; 12; 11; 22
8,78,0.33309,0.10256,5; 5; 8; 78; 9; 14; 16; 20
23,53,0.41341,0.43396,10; 6; 23; 53; 28; 18; 11; 11
13,26,0.61117,0.5,3; 3; 13; 26; 3; 3; 14; 22
7,77,0.31078,0.09091,6; 3; 7; 77; 22; 30; 11; 4
20,32,0.51902,0.625,16; 22; 20; 32; 19; 21; 14; 29
17,64,0.3517,0.26562,3; 3; 17; 64; 30; 7; 25; 12
6,9,0.81258,0.66667,37; 27; 6; 9; 12; 17; 25; 14
16,49,0.31607,0.32653,10; 6; 16; 49; 17; 31; 29; 4
16,31,0.5211,0.51613,10; 16; 16; 31; 32; 15; 21; 12
7,9,0.80689,0.77778,32; 24; 7; 9; 3; 5; 3; 27
14,49,0.29208,0.28571,5; 6; 14; 49; 6; 10; 26; 7
11,70,0.3204,0.15714,7; 6; 11; 70; 25; 30; 25; 5
7,78,0.34198,0.08974,5; 6; 7; 78; 5; 3; 16; 23
11,64,0.24999,0.17188,3; 9; 11; 64; 23; 12; 4; 32
6,70,0.177,0.08571,10; 4; 6; 70; 30; 26; 5; 8
19,31,0.48143,0.6129,13; 12; 19; 31; 32; 19; 29; 17
12,42,0.34205,0.28571,21; 7; 12; 42; 8; 10; 3; 15
20,26,0.50292,0.76923,7; 23; 20; 26; 26; 5; 12; 15
8,10,0.80203,0.8,35; 22; 8; 10; 27; 3; 6; 4
28,48,0.56284,0.58333,5; 3; 28; 48; 26; 22; 7; 7
20,64,0.36991,0.3125,7; 7; 20; 64; 3; 28; 11; 28
6,49,0.18573,0.12245,5; 10; 6; 49; 24; 3; 22; 4
25,31,0.43123,0.80645,16; 9; 25; 31; 17; 21; 21; 22
18,70,0.38776,0.25714,4; 4; 18; 70; 17; 4; 23; 3
8,82,0.29011,0.09756,3; 3; 8; 82; 11; 18; 22; 18
23,63,0.42802,0.36508,5; 3; 23; 63; 24; 22; 3; 30
12,75,0.30742,0.16,3; 5; 12; 75; 3; 10; 4; 18
17,31,0.47559,0.54839,20; 13; 17; 31; 27; 11; 15; 5
35,49,0.68449,0.71429,5; 6; 35; 49; 27; 21; 17; 27
7,63,0.17059,0.11111,12; 5; 7; 63; 14; 30; 26; 6
37,49,0.71737,0.7551,6; 4; 37; 49; 29; 16; 7; 22
18,53,0.3652,0.33962,12; 13; 18; 53; 18; 16; 9; 24
6,78,0.31395,0.07692,3; 7; 6; 78; 4; 8; 12; 18
10,32,0.5537,0.3125,3; 23; 10; 32; 17; 23; 7; 20
30,31,0.57203,0.96774,14; 17; 30; 31; 12; 12; 19; 32
22,32,0.69273,0.6875,20; 7; 22; 32; 30; 22; 4; 10
7,10,0.83358,0.7,32; 14; 7; 10; 19; 10; 27; 30
18,31,0.55,0.58065,9; 17; 18; 31; 27; 10; 21; 10
12,77,0.36063,0.15584,4; 4; 12; 77; 9; 32; 11; 30
14,31,0.5294,0.45161,3; 12; 14; 31; 19; 18; 17; 27
7,78,0.29873,0.08974,3; 3; 7; 78; 23; 5; 15; 6
27,49,0.53946,0.55102,9; 7; 27; 49; 4; 31; 25; 17
20,63,0.39583,0.31746,3; 6; 20; 63; 14; 27; 12; 23
7,10,0.83639,0.7,9; 5; 7; 10; 27; 29; 7; 19
28,53,0.52236,0.5283,4; 5; 28; 53; 28; 9; 23; 15
13,70,0.31779,0.18571,5; 5; 13; 70; 21; 21; 16; 29
7,53,0.15515,0.13208,3; 8; 7; 53; 6; 14; 25; 19
29,32,0.68385,0.90625,12; 5; 29; 32; 10; 28; 6; 12
12,77,0.32203,0.15584,4; 3; 12; 77; 20; 19; 3; 22
17,63,0.32629,0.26984,8; 6; 17; 63; 26; 8; 29; 23
23,63,0.44376,0.36508,5; 5; 23; 63; 3; 31; 14; 26
7,77,0.30607,0.09091,3; 3; 7; 77; 11; 19; 16; 32
5,9,0.81966,0.55556,42; 30; 5; 9; 17; 19; 26; 23
32,42,0.61709,0.7619,7; 3; 32; 42; 21; 11; 28; 17
23,63,0.42573,0.36508,5; 5; 23; 63; 20; 6; 22; 18
7,82,0.33651,0.08537,3; 3; 7; 82; 5; 20; 12; 19
7,10,0.82413,0.7,28; 4; 7; 10; 11; 20; 13; 15
5,82,0.27996,0.06098,5; 4; 5; 82; 13; 23; 13; 26
21,64,0.3954,0.32812,5; 5; 21; 64; 17; 12; 22; 24
29,32,0.59423,0.90625,14; 6; 29; 32; 18; 20; 15; 3
25,49,0.4889,0.5102,3; 7; 25; 49; 11; 26; 31; 17
24,26,0.55572,0.92308,7; 8; 24; 26; 18; 26; 20; 25
14,64,0.31093,0.21875,3; 10; 14; 64; 10; 27; 18; 16
22,26,0.64503,0.84615,25; 16; 22; 26; 11; 8; 3; 3
7,78,0.33827,0.08974,4; 4; 7; 78; 27; 17; 17; 25
9,31,0.74616,0.29032,27; 16; 9; 31; 26; 8; 7; 18
30,31,0.57364,0.96774,12; 10; 30; 31; 8; 27; 32; 7
5,10,0.82407,0.5,36; 18; 5; 10; 13; 32; 10; 6
13,48,0.2909,0.27083,9; 9; 13; 48; 13; 16; 26; 31
6,75,0.23622,0.08,3; 6; 6; 75; 21; 17; 27; 26
9,31,0.74061,0.29032,21; 11; 9; 31; 17; 24; 4; 4
12,70,0.28351,0.17143,5; 5; 12; 70; 3; 22; 17; 27
6,82,0.32173,0.07317,4; 5; 6; 82; 19; 4; 23; 24
12,49,0.28567,0.2449,11; 17; 12; 49; 5; 4; 27; 23
22,48,0.44273,0.45833,14; 4; 22; 48; 13; 28; 21; 14
34,42,0.64104,0.80952,4; 11; 34; 42; 12; 29; 27; 9
5,78,0.33366,0.0641,5; 6; 5; 78; 32; 8; 10; 25
8,82,0.32687,0.09756,4; 3; 8; 82; 12; 3; 12; 13
19,32,0.52555,0.59375,7; 8; 19; 32; 16; 17; 20; 20
24,42,0.61355,0.57143,9; 9; 24; 42; 19; 28; 7; 25
6,10,0.81975,0.6,26; 11; 6; 10; 9; 25; 27; 31
5,82,0.3428,0.06098,3; 4; 5; 82; 7; 32; 7; 11
13,75,0.34781,0.17333,3; 5; 13; 75; 9; 13; 11; 17
11,48,0.22651,0.22917,17; 13; 11; 48; 9; 9; 22; 21
11,77,0.32792,0.14286,4; 4; 11; 77; 11; 12; 13; 24
36,53,0.68451,0.67925,3; 4; 36; 53; 32; 15; 13; 32
5,78,0.26832,0.0641,6; 3; 5; 78; 31; 22; 3; 19
7,82,0.3435,0.08537,3; 3; 7; 82; 15; 28; 7; 17
5,82,0.27801,0.06098,3; 5; 5; 82; 17; 13; 23; 8
7,9,0.82026,0.77778,25; 10; 7; 9; 22; 15; 15; 28
8,77,0.27592,0.1039,3; 4; 8; 77; 12; 15; 9; 20
21,49,0.45666,0.42857,4; 6; 21; 49; 26; 18; 6; 25
9,70,0.23985,0.12857,6; 8; 9; 70; 19; 10; 14; 21
6,64,0.18111,0.09375,4; 4; 6; 64; 25; 15; 23; 25
7,82,0.34473,0.08537,3; 3; 7; 82; 15; 21; 10; 19
14,70,0.33907,0.2,4; 7; 14; 70; 32; 12; 29; 17
7,9,0.81931,0.77778,23; 15; 7; 9; 21; 8; 17; 11
16,26,0.552,0.61538,22; 6; 16; 26; 15; 3; 10; 18
6,48,0.1666,0.125,16; 8; 6; 48; 19; 9; 32; 30
11,48,0.19139,0.22917,8; 9; 11; 48; 11; 29; 21; 3
27,49,0.52791,0.55102,8; 6; 27; 49; 22; 17; 25; 25
19,26,0.59023,0.73077,6; 20; 19; 26; 14; 24; 29; 25
15,42,0.42639,0.35714,20; 17; 15; 42; 25; 32; 19; 14
22,49,0.48323,0.44898,10; 12; 22; 49; 20; 31; 20; 19
36,49,0.69608,0.73469,5; 6; 36; 49; 14; 15; 25; 28
10,78,0.34581,0.12821,5; 4; 10; 78; 24; 5; 31; 7
21,32,0.53962,0.65625,16; 14; 21; 32; 6; 22; 5; 16
10,70,0.31165,0.14286,3; 8; 10; 70; 5; 21; 25; 4
16,32,0.6787,0.5,9; 21; 16; 32; 23; 22; 7; 18
16,42,0.38292,0.38095,6; 12; 16; 42; 23; 6; 29; 13
9,32,0.50935,0.28125,9; 28; 9; 32; 23; 6; 18; 18
7,75,0.33722,0.09333,4; 8; 7; 75; 24; 26; 24; 20
7,82,0.33785,0.08537,3; 3; 7; 82; 4; 25; 8; 4
33,48,0.66366,0.6875,8; 8; 33; 48; 21; 11; 11; 4
9,78,0.37595,0.11538,5; 3; 9; 78; 10; 7; 15; 10
6,75,0.29872,0.08,3; 8; 6; 75; 30; 11; 19; 23
9,63,0.21616,0.14286,11; 4; 9; 63; 19; 27; 13; 22
6,26,0.61997,0.23077,13; 6; 6; 26; 15; 12; 14; 29
8,32,0.63839,0.25,9; 28; 8; 32; 11; 26; 23; 3
25,64,0.47221,0.39062,4; 3; 25; 64; 17; 13; 17; 29
8,70,0.26028,0.11429,7; 9; 8; 70; 5; 14; 23; 22
31,49,0.62814,0.63265,7; 4; 31; 49; 26; 29; 20; 14
40,48,0.79928,0.83333,3; 3; 40; 48; 11; 27; 12; 14
14,31,0.59193,0.45161,12; 25; 14; 31; 21; 10; 26; 4
10,78,0.34967,0.12821,3; 4; 10; 78; 30; 17; 20; 27
13,70,0.31858,0.18571,4; 3; 13; 70; 18; 17; 25; 3
11,75,0.28224,0.14667,6; 5; 11; 75; 3; 10; 19; 25
18,70,0.3815,0.25714,3; 4; 18; 70; 18; 17; 18; 3
24,53,0.45025,0.45283,7; 7; 24; 53; 18; 15; 9; 28
8,10,0.81749,0.8,23; 3; 8; 10; 4; 28; 19; 19
12,70,0.27754,0.17143,4; 5; 12; 70; 10; 31; 7; 5
6,82,0.31365,0.07317,4; 5; 6; 82; 3; 31; 27; 29
18,48,0.39629,0.375,9; 7; 18; 48; 26; 17; 19; 6
31,32,0.52691,0.96875,6; 15; 31; 32; 4; 22; 30; 12
8,63,0.19624,0.12698,3; 9; 8; 63; 24; 11; 29; 15
26,42,0.54893,0.61905,8; 14; 26; 42; 25; 17; 29; 9
7,10,0.80493,0.7,28; 15; 7; 10; 12; 7; 19; 11
9,77,0.27406,0.11688,6; 5; 9; 77; 23; 8; 4; 5
18,53,0.33008,0.33962,5; 5; 18; 53; 25; 14; 10; 18
6,82,0.36523,0.07317,3; 4; 6; 82; 22; 10; 28; 26
15,26,0.54866,0.57692,21; 26; 15; 26; 30; 21; 29; 16
9,26,0.72301,0.34615,28; 13; 9; 26; 24; 25; 23; 11
22,49,0.43126,0.44898,8; 4; 22; 49; 8; 12; 20; 14
33,42,0.65324,0.78571,8; 4; 33; 42; 15; 10; 26; 8
6,63,0.17014,0.09524,11; 10; 6; 63; 22; 3; 19; 17
33,42,0.61122,0.78571,5; 6; 33; 42; 31; 16; 19; 10
8,82,0.37643,0.09756,4; 4; 8; 82; 26; 19; 17; 6
11,42,0.31518,0.2619,3; 22; 11; 42; 17; 24; 11; 11
15,75,0.3621,0.2,3; 3; 15; 75; 4; 16; 28; 26
21,49,0.41352,0.42857,8; 6; 21; 49; 21; 16; 22; 4
8,82,0.37872,0.09756,4; 4; 8; 82; 13; 8; 28; 18
8,75,0.27164,0.10667,6; 4; 8; 75; 7; 11; 29; 4
7,82,0.30852,0.08537,4; 3; 7; 82; 9; 13; 18; 31
20,42,0.46064,0.47619,15; 14; 20; 42; 22; 17; 22; 13
15,75,0.3552,0.2,3; 4; 15; 75; 17; 3; 11; 20
8,9,0.81153,0.88889,39; 36; 8; 9; 17; 25; 3; 18
9,75,0.31568,0.12,4; 5; 9; 75; 18; 7; 21; 15
37,42,0.71084,0.88095,4; 6; 37; 42; 17; 24; 17; 12
7,78,0.26977,0.08974,6; 3; 7; 78; 7; 5; 14; 14
36,53,0.70766,0.67925,3; 3; 36; 53; 23; 9; 8; 22
5,53,0.1425,0.09434,19; 17; 5; 53; 21; 11; 23; 32
33,42,0.63325,0.78571,7; 9; 33; 42; 16; 22; 22; 11
22,32,0.49875,0.6875,15; 8; 22; 32; 25; 6; 24; 11
11,64,0.24844,0.17188,4; 8; 11; 64; 26; 8; 30; 23
28,32,0.674,0.875,19; 9; 28; 32; 10; 12; 5; 18
5,32,0.69117,0.15625,13; 5; 5; 32; 21; 18; 25; 13
11,70,0.29049,0.15714,7; 4; 11; 70; 12; 27; 13; 4
5,26,0.71113,0.19231,6; 33; 5; 26; 28; 16; 6; 26
11,77,0.3372,0.14286,5; 5; 11; 77; 4; 32; 22; 7
10,49,0.2408,0.20408,14; 3; 10; 49; 25; 21; 23; 21
26,42,0.49239,0.61905,6; 14; 26; 42; 18; 19; 24; 7
18,42,0.40006,0.42857,3; 15; 18; 42; 14; 12; 31; 25
39,48,0.79101,0.8125,4; 3; 39; 48; 5; 4; 29; 6
10,78,0.33754,0.12821,5; 3; 10; 78; 15; 19; 26; 3
6,10,0.80731,0.6,39; 7; 6; 10; 28; 27; 5; 13
23,26,0.55601,0.88462,20; 10; 23; 26; 23; 13; 11; 12
19,70,0.37837,0.27143,3; 3; 19; 70; 12; 24; 24; 26
15,64,0.33821,0.23438,6; 7; 15; 64; 22; 13; 22; 18
21,53,0.40617,0.39623,8; 8; 21; 53; 13; 16; 32; 14
8,53,0.16287,0.15094,14; 15; 8; 53; 29; 26; 15; 6
8,70,0.23907,0.11429,4; 3; 8; 70; 30; 3; 22; 22
5,82,0.37172,0.06098,5; 3; 5; 82; 3; 11; 30; 22
28,31,0.59577,0.90323,15; 6; 28; 31; 21; 15; 7; 18
26,48,0.53548,0.54167,3; 5; 26; 48; 9; 28; 28; 21
15,75,0.37223,0.2,4; 3; 15; 75; 13; 20; 4; 14
13,53,0.26321,0.24528,3; 16; 13; 53; 18; 10; 25; 16
41,42,0.73741,0.97619,6; 6; 41; 42; 32; 5; 10; 4
14,70,0.34343,0.2,3; 5; 14; 70; 29; 10; 27; 26
10,64,0.22837,0.15625,5; 5; 10; 64; 9; 28; 5; 14
5,9,0.83307,0.55556,19; 19; 5; 9; 7; 26; 23; 31
8,10,0.80188,0.8,14; 20; 8; 10; 25; 9; 15; 9
8,10,0.80624,0.8,9; 18; 8; 10; 25; 28; 27; 4
22,32,0.5757,0.6875,11; 13; 22; 32; 25; 9; 22; 17
24,26,0.4257,0.92308,14; 7; 24; 26; 6; 11; 9; 32
37,48,0.76251,0.77083,5; 5; 37; 48; 13; 7; 15; 5
15,70,0.33691,0.21429,5; 4; 15; 70; 22; 20; 32; 19
37,53,0.69957,0.69811,3; 4; 37; 53; 8; 16; 25; 9
27,42,0.57458,0.64286,13; 9; 27; 42; 26; 15; 16; 21
11,77,0.35747,0.14286,5; 5; 11; 77; 12; 6; 19; 15
13,63,0.25369,0.20635,11; 10; 13; 63; 9; 19; 23; 8
12,77,0.32192,0.15584,4; 4; 12; 77; 21; 14; 11; 24
9,78,0.30545,0.11538,4; 5; 9; 78; 13; 13; 20; 9
34,42,0.6631,0.80952,3; 11; 34; 42; 26; 8; 16; 7
12,53,0.26806,0.22642,4; 5; 12; 53; 32; 31; 4; 17
8,9,0.82776,0.88889,13; 22; 8; 9; 28; 7; 26; 32
10,49,0.198,0.20408,11; 14; 10; 49; 14; 13; 23; 4
19,26,0.49523,0.73077,25; 22; 19; 26; 13; 23; 27; 29
5,9,0.81806,0.55556,11; 13; 5; 9; 3; 5; 9; 29
22,53,0.42502,0.41509,9; 3; 22; 53; 5; 6; 23; 19
32,53,0.6046,0.60377,6; 6; 32; 53; 7; 29; 19; 24
7,82,0.3197,0.08537,4; 4; 7; 82; 22; 16; 14; 27
10,77,0.34638,0.12987,5; 3; 10; 77; 27; 31; 23; 7
12,75,0.36244,0.16,5; 4; 12; 75; 7; 27; 18; 30
29,31,0.57332,0.93548,15; 18; 29; 31; 24; 11; 6; 10
6,64,0.16577,0.09375,7; 13; 6; 64; 8; 26; 11; 28
10,53,0.2132,0.18868,6; 12; 10; 53; 29; 21; 9; 16
6,63,0.17816,0.09524,4; 8; 6; 63; 7; 11; 15; 30
25,42,0.51785,0.59524,13; 5; 25; 42; 7; 22; 7; 24
18,32,0.52752,0.5625,10; 7; 18; 32; 5; 32; 12; 15
26,63,0.47621,0.4127,3; 4; 26; 63; 3; 5; 25; 12
5,10,0.82067,0.5,12; 15; 5; 10; 17; 14; 31; 13
6,75,0.22163,0.08,6; 4; 6; 75; 7; 8; 10; 30
10,78,0.33924,0.12821,3; 4; 10; 78; 22; 17; 24; 26
17,63,0.36024,0.26984,8; 5; 17; 63; 20; 26; 30; 8
6,9,0.82139,0.66667,19; 20; 6; 9; 15; 27; 7; 5
24,64,0.44421,0.375,4; 3; 24; 64; 17; 14; 14; 17
5,82,0.32911,0.06098,4; 3; 5; 82; 4; 24; 27; 24
19,70,0.41184,0.27143,4; 4; 19; 70; 5; 32; 26; 5
14,63,0.26892,0.22222,6; 7; 14; 63; 25; 31; 11; 24
7,82,0.36199,0.08537,3; 3; 7; 82; 16; 7; 14; 14
9,75,0.28528,0.12,4; 6; 9; 75; 6; 4; 10; 13
31,32,0.50268,0.96875,7; 13; 31; 32; 25; 9; 21; 25
18,32,0.44419,0.5625,4; 19; 18; 32; 20; 23; 5; 28
7,9,0.79776,0.77778,19; 9; 7; 9; 21; 25; 3; 18
25,63,0.45295,0.39683,5; 4; 25; 63; 24; 6; 30; 8
29,31,0.63121,0.93548,13; 9; 29; 31; 25; 10; 7; 3
24,63,0.44813,0.38095,3; 4; 24; 63; 28; 17; 30; 12
30,32,0.56242,0.9375,18; 6; 30; 32; 20; 7; 17; 20
16,31,0.61945,0.51613,23; 22; 16; 31; 19; 4; 32; 6
14,75,0.38246,0.18667,3; 3; 14; 75; 29; 8; 13; 28
14,75,0.37896,0.18667,3; 3; 14; 75; 23; 14; 18; 12
5,53,0.14256,0.09434,5; 12; 5; 53; 20; 12; 26; 24
35,48,0.67535,0.72917,7; 7; 35; 48; 11; 17; 31; 7
13,31,0.57954,0.41935,10; 21; 13; 31; 9; 31; 17; 24
28,32,0.50513,0.875,18; 12; 28; 32; 5; 22; 17; 8
6,82,0.31257,0.07317,5; 3; 6; 82; 8; 32; 28; 19
21,26,0.49378,0.80769,23; 18; 21; 26; 8; 7; 24; 6
5,31,0.45473,0.16129,27; 9; 5; 31; 30; 4; 30; 31
9,70,0.24481,0.12857,3; 4; 9; 70; 30; 7; 21; 32
10,53,0.20949,0.18868,14; 8; 10; 53; 20; 26; 4; 31
7,82,0.29337,0.08537,3; 3; 7; 82; 25; 6; 32; 4
16,31,0.55685,0.51613,18; 6; 16; 31; 28; 7; 10; 15
27,32,0.61042,0.84375,13; 13; 27; 32; 25; 4; 5; 14
7,82,0.37462,0.08537,4; 4; 7; 82; 25; 31; 19; 17
25,32,0.55085,0.78125,3; 3; 25; 32; 17; 28; 13; 31
23,63,0.4198,0.36508,5; 6; 23; 63; 12; 25; 9; 16
13,31,0.66392,0.41935,13; 22; 13; 31; 29; 9; 18; 25
7,9,0.78475,0.77778,33; 10; 7; 9; 30; 8; 30; 13
9,77,0.25876,0.11688,5; 6; 9; 77; 8; 11; 31; 26
15,70,0.37099,0.21429,3; 6; 15; 70; 15; 17; 24; 5
5,70,0.21606,0.07143,4; 6; 5; 70; 9; 21; 4; 6
12,77,0.37886,0.15584,4; 3; 12; 77; 14; 29; 8; 10
5,9,0.8081,0.55556,4; 20; 5; 9; 26; 25; 18; 19
13,26,0.49504,0.5,19; 11; 13; 26; 10; 12; 16; 24
5,32,0.65289,0.15625,14; 3; 5; 32; 28; 5; 6; 19
13,32,0.59716,0.40625,23; 25; 13; 32; 16; 12; 13; 8
7,9,0.79397,0.77778,5; 31; 7; 9; 21; 23; 12; 11
5,42,0.54623,0.11905,11; 23; 5; 42; 22; 6; 24; 5
6,10,0.80353,0.6,19; 9; 6; 10; 10; 18; 5; 32
10,78,0.37548,0.12821,4; 4; 10; 78; 25; 19; 18; 14
11,75,0.35165,0.14667,3; 5; 11; 75; 3; 3; 19; 16
21,32,0.54665,0.65625,3; 19; 21; 32; 21; 25; 9; 18
7,77,0.25079,0.09091,5; 4; 7; 77; 8; 5; 12; 28
18,63,0.35206,0.28571,3; 4; 18; 63; 15; 13; 23; 17
22,26,0.50293,0.84615,9; 6; 22; 26; 21; 26; 31; 14
6,49,0.19106,0.12245,10; 9; 6; 49; 3; 21; 15; 11
25,26,0.55929,0.96154,23; 3; 25; 26; 14; 23; 17; 25
12,78,0.33729,0.15385,3; 3; 12; 78; 18; 24; 18; 12
7,77,0.28506,0.09091,7; 7; 7; 77; 31; 21; 3; 22
17,26,0.56882,0.65385,16; 3; 17; 26; 9; 8; 7; 30
15,75,0.38694,0.2,4; 4; 15; 75; 5; 12; 20; 15
17,32,0.60481,0.53125,5; 19; 17; 32; 21; 7; 10; 31
18,42,0.42821,0.42857,11; 15; 18; 42; 13; 13; 3; 14
9,64,0.20192,0.14062,10; 4; 9; 64; 31; 27; 11; 15
10,78,0.29322,0.12821,3; 3; 10; 78; 32; 25; 6; 23
21,31,0.79005,0.67742,16; 18; 21; 31; 20; 10; 27; 25
5,9,0.8312,0.55556,30; 19; 5; 9; 15; 14; 18; 3
7,10,0.80937,0.7,19; 8; 7; 10; 21; 19; 9; 22
8,9,0.8054,0.88889,9; 17; 8; 9; 4; 15; 24; 10
21,26,0.61188,0.80769,7; 12; 21; 26; 17; 5; 15; 3
17,26,0.45514,0.65385,11; 9; 17; 26; 14; 6; 24; 26
6,77,0.25444,0.07792,4; 6; 6; 77; 9; 26; 6; 18
24,53,0.44713,0.45283,9; 3; 24; 53; 22; 5; 22; 15
26,32,0.48986,0.8125,5; 4; 26; 32; 20; 6; 12; 7
8,78,0.30761,0.10256,3; 5; 8; 78; 32; 10; 12; 32
9,78,0.3055,0.11538,5; 3; 9; 78; 23; 5; 19; 19
10,77,0.32849,0.12987,4; 4; 10; 77; 31; 6; 14; 7
40,49,0.7865,0.81633,4; 3; 40; 49; 7; 23; 30; 19
8,78,0.35195,0.10256,5; 6; 8; 78; 25; 20; 13; 24
24,53,0.44734,0.45283,10; 6; 24; 53; 6; 14; 18; 25
30,42,0.60079,0.71429,11; 8; 30; 42; 28; 22; 16; 31
5,75,0.26485,0.06667,7; 6; 5; 75; 19; 21; 14; 27
26,49,0.51427,0.53061,7; 4; 26; 49; 28; 4; 10; 20
15,53,0.2989,0.28302,11; 11; 15; 53; 3; 7; 18; 6
5,9,0.81529,0.55556,30; 19; 5; 9; 25; 12; 22; 23
9,10,0.82875,0.9,16; 5; 9; 10; 22; 26; 22; 3
7,9,0.82714,0.77778,36; 22; 7; 9; 26; 16; 10; 12
8,70,0.24967,0.11429,4; 8; 8; 70; 8; 24; 24; 24
8,70,0.26487,0.11429,8; 7; 8; 70; 12; 18; 24; 17
13,70,0.33419,0.18571,6; 5; 13; 70; 10; 14; 3; 25
23,64,0.39212,0.35938,4; 3; 23; 64; 21; 3; 24; 5
40,42,0.71998,0.95238,3; 8; 40; 42; 11; 9; 12; 12
6,82,0.36354,0.07317,5; 4; 6; 82; 7; 21; 14; 17
10,78,0.29599,0.12821,5; 4; 10; 78; 16; 28; 9; 27
11,32,0.69161,0.34375,6; 20; 11; 32; 28; 13; 7; 21
10,78,0.37894,0.12821,4; 3; 10; 78; 3; 6; 29; 4
16,63,0.31016,0.25397,7; 5; 16; 63; 20; 25; 21; 19
13,75,0.32961,0.17333,4; 5; 13; 75; 4; 11; 9; 18
19,70,0.40336,0.27143,4; 3; 19; 70; 13; 20; 20; 14
13,26,0.65709,0.5,23; 16; 13; 26; 5; 5; 30; 19
7,53,0.17511,0.13208,11; 12; 7; 53; 13; 20; 9; 13
13,48,0.28849,0.27083,17; 4; 13; 48; 30; 20; 23; 14
26,42,0.57868,0.61905,8; 4; 26; 42; 24; 14; 30; 22
13,70,0.2927,0.18571,7; 4; 13; 70; 30; 4; 9; 11
8,78,0.29185,0.10256,5; 4; 8; 78; 3; 11; 28; 26
5,82,0.29971,0.06098,5; 5; 5; 82; 11; 29; 15; 8
38,49,0.74806,0.77551,4; 3; 38; 49; 22; 16; 11; 28
6,82,0.36293,0.07317,3; 4; 6; 82; 11; 27; 28; 6
29,42,0.5623,0.69048,5; 7; 29; 42; 30; 29; 17; 8
6,26,0.82563,0.23077,17; 27; 6; 26; 18; 6; 32; 17
16,26,0.62025,0.61538,21; 7; 16; 26; 18; 15; 25; 24
10,63,0.22074,0.15873,12; 9; 10; 63; 18; 24; 26; 21
11,78,0.40992,0.14103,3; 4; 11; 78; 11; 18; 4; 30
11,48,0.2315,0.22917,10; 11; 11; 48; 17; 9; 16; 29
38,48,0.76318,0.79167,4; 3; 38; 48; 23; 28; 19; 11
6,10,0.83307,0.6,29; 41; 6; 10; 18; 21; 16; 9
6,31,0.52698,0.19355,7; 29; 6; 31; 19; 20; 26; 22
9,32,0.55122,0.28125,11; 26; 9; 32; 19; 3; 22; 29
6,9,0.8126,0.66667,19; 37; 6; 9; 4; 15; 22; 7
18,63,0.36912,0.28571,6; 6; 18; 63; 26; 3; 14; 19
18,64,0.36936,0.28125,7; 3; 18; 64; 17; 24; 9; 26
5,49,0.15012,0.10204,11; 19; 5; 49; 14; 23; 26; 9
11,32,0.59391,0.34375,3; 27; 11; 32; 29; 20; 27; 15
8,10,0.75697,0.8,9; 37; 8; 10; 26; 5; 5; 18
32,42,0.6374,0.7619,9; 10; 32; 42; 28; 12; 26; 8
8,82,0.35871,0.09756,3; 3; 8; 82; 7; 24; 19; 32
13,49,0.2633,0.26531,15; 4; 13; 49; 32; 25; 8; 31
8,10,0.8214,0.8,30; 23; 8; 10; 29; 3; 32; 14
35,42,0.6546,0.83333,7; 8; 35; 42; 29; 23; 3; 22
9,64,0.21428,0.14062,6; 12; 9; 64; 24; 6; 3; 21
34,53,0.65642,0.64151,4; 4; 34; 53; 13; 21; 8; 12
7,82,0.31202,0.08537,4; 4; 7; 82; 13; 7; 21; 12
5,32,0.41403,0.15625,24; 23; 5; 32; 5; 18; 5; 8
14,70,0.3366,0.2,4; 7; 14; 70; 23; 24; 13; 3
6,10,0.83619,0.6,4; 41; 6; 10; 21; 17; 25; 17
12,75,0.34587,0.16,3; 3; 12; 75; 14; 31; 6; 18
31,53,0.58283,0.58491,6; 7; 31; 53; 25; 29; 11; 32
23,26,0.62024,0.88462,16; 15; 23; 26; 32; 24; 3; 26
11,26,0.69973,0.42308,24; 30; 11; 26; 31; 22; 5; 14
12,78,0.3634,0.15385,4; 3; 12; 78; 24; 20; 16; 13
8,82,0.35053,0.09756,3; 3; 8; 82; 15; 24; 20; 19
6,10,0.82464,0.6,7; 25; 6; 10; 6; 31; 5; 7
19,70,0.42484,0.27143,4; 4; 19; 70; 3; 22; 10; 14
5,82,0.27678,0.06098,5; 5; 5; 82; 19; 17; 24; 21
8,63,0.18862,0.12698,3; 9; 8; 63; 4; 25; 14; 27
27,63,0.49022,0.42857,4; 3; 27; 63; 22; 23; 5; 29
36,49,0.71545,0.73469,5; 3; 36; 49; 31; 8; 5; 4
10,64,0.22393,0.15625,4; 10; 10; 64; 23; 24; 20; 19
12,32,0.53179,0.375,10; 21; 12; 32; 32; 18; 27; 14
39,42,0.73443,0.92857,5; 8; 39; 42; 22; 29; 14; 13
7,77,0.29368,0.09091,4; 5; 7; 77; 12; 26; 15; 10
11,77,0.2984,0.14286,5; 4; 11; 77; 16; 19; 30; 21
16,32,0.58502,0.5,9; 10; 16; 32; 23; 32; 10; 6
35,42,0.66668,0.83333,6; 3; 35; 42; 24; 5; 10; 13
38,48,0.73319,0.79167,5; 3; 38; 48; 32; 16; 5; 21
20,31,0.60775,0.64516,12; 22; 20; 31; 22; 9; 28; 11
10,75,0.3515,0.13333,5; 3; 10; 75; 15; 3; 10; 21
21,63,0.41826,0.33333,3; 6; 21; 63; 13; 11; 23; 30
17,32,0.55137,0.53125,5; 3; 17; 32; 25; 11; 17; 14
11,42,0.33743,0.2619,21; 17; 11; 42; 27; 28; 4; 31
8,77,0.30207,0.1039,3; 3; 8; 77; 15; 31; 3; 9
11,75,0.32901,0.14667,3; 6; 11; 75; 32; 7; 4; 19
8,70,0.19886,0.11429,8; 9; 8; 70; 7; 14; 19; 11
7,78,0.30469,0.08974,3; 4; 7; 78; 21; 27; 29; 4
18,49,0.3528,0.36735,6; 8; 18; 49; 4; 22; 28; 3
10,78,0.29867,0.12821,5; 5; 10; 78; 13; 6; 9; 4
10,26,0.60165,0.38462,8; 22; 10; 26; 22; 29; 23; 11
26,42,0.5891,0.61905,11; 12; 26; 42; 4; 3; 26; 5
41,42,0.70988,0.97619,3; 4; 41; 42; 23; 17; 12; 25
27,63,0.48933,0.42857,3; 3; 27; 63; 19; 5; 7; 24
14,49,0.2794,0.28571,9; 15; 14; 49; 13; 17; 18; 16
13,70,0.3231,0.18571,4; 6; 13; 70; 28; 4; 12; 4
36,49,0.7132,0.73469,5; 6; 36; 49; 29; 19; 15; 6
14,49,0.28263,0.28571,13; 15; 14; 49; 11; 19; 4; 21
7,9,0.80965,0.77778,12; 36; 7; 9; 4; 21; 26; 24
30,42,0.61168,0.71429,9; 7; 30; 42; 29; 10; 29; 27
14,64,0.31016,0.21875,7; 8; 14; 64; 20; 15; 14; 5
24,32,0.5966,0.75,19; 16; 24; 32; 11; 9; 16; 30
10,49,0.21884,0.20408,16; 15; 10; 49; 3; 5; 10; 10
5,77,0.26748,0.06494,8; 6; 5; 77; 3; 14; 24; 26
6,82,0.30746,0.07317,3; 4; 6; 82; 7; 18; 29; 23
6,82,0.289,0.07317,4; 3; 6; 82; 12; 15; 25; 11
27,63,0.48003,0.42857,4; 4; 27; 63; 22; 21; 3; 30
6,10,0.78969,0.6,20; 40; 6; 10; 19; 5; 21; 19
8,75,0.26873,0.10667,3; 4; 8; 75; 18; 23; 29; 21
12,26,0.55528,0.46154,11; 29; 12; 26; 21; 17; 30; 26
10,26,0.63189,0.38462,31; 20; 10; 26; 16; 24; 13; 17
7,82,0.35127,0.08537,3; 3; 7; 82; 25; 24; 21; 7
5,82,0.34349,0.06098,4; 3; 5; 82; 31; 19; 6; 14
11,78,0.32344,0.14103,4; 4; 11; 78; 7; 12; 16; 9
16,32,0.49127,0.5,8; 10; 16; 32; 4; 7; 7; 25
17,26,0.75821,0.65385,6; 17; 17; 26; 14; 29; 11; 28
23,31,0.76958,0.74194,19; 20; 23; 31; 16; 3; 28; 12
10,77,0.28975,0.12987,4; 5; 10; 77; 7; 29; 27; 10
15,32,0.55242,0.46875,11; 4; 15; 32; 15; 3; 14; 15
6,77,0.2808,0.07792,6; 3; 6; 77; 9; 23; 13; 7
33,42,0.65023,0.78571,6; 9; 33; 42; 9; 16; 3; 18
15,70,0.33518,0.21429,4; 3; 15; 70; 14; 14; 11; 32
7,49,0.18377,0.14286,12; 17; 7; 49; 32; 10; 20; 13
21,64,0.41146,0.32812,6; 3; 21; 64; 22; 24; 3; 18
16,31,0.51996,0.51613,24; 22; 16; 31; 5; 22; 8; 25
6,9,0.82636,0.66667,12; 13; 6; 9; 9; 5; 28; 20
17,49,0.35741,0.34694,6; 4; 17; 49; 11; 14; 24; 16
14,42,0.37267,0.33333,9; 14; 14; 42; 18; 8; 22; 6
28,32,0.61842,0.875,8; 15; 28; 32; 25; 7; 24; 18
10,77,0.28111,0.12987,5; 5; 10; 77; 12; 18; 28; 20
8,70,0.21425,0.11429,10; 10; 8; 70; 7; 12; 17; 11
5,9,0.81849,0.55556,3; 37; 5; 9; 10; 7; 7; 17
16,31,0.45303,0.51613,9; 12; 16; 31; 6; 32; 31; 25
26,31,0.47554,0.83871,5; 7; 26; 31; 21; 8; 22; 21
8,77,0.27337,0.1039,6; 6; 8; 77; 8; 10; 21; 19
26,64,0.47397,0.40625,3; 4; 26; 64; 15; 28; 9; 21
14,70,0.33268,0.2,5; 3; 14; 70; 19; 26; 18; 14
13,75,0.34841,0.17333,4; 5; 13; 75; 3; 24; 25; 14
29,31,0.60118,0.93548,7; 4; 29; 31; 29; 22; 17; 19
10,78,0.33649,0.12821,3; 4; 10; 78; 9; 26; 11; 28
8,70,0.23461,0.11429,4; 10; 8; 70; 22; 26; 4; 7
6,10,0.80193,0.6,3; 27; 6; 10; 24; 3; 11; 22
6,10,0.82058,0.6,10; 3; 6; 10; 32; 5; 30; 18
11,64,0.23525,0.17188,6; 5; 11; 64; 24; 21; 3; 19
5,53,0.14544,0.09434,15; 3; 5; 53; 4; 27; 9; 13
29,31,0.54363,0.93548,16; 8; 29; 31; 19; 20; 13; 6
5,78,0.31396,0.0641,4; 3; 5; 78; 22; 27; 30; 6
7,82,0.32718,0.08537,3; 3; 7; 82; 17; 28; 16; 18
20,64,0.38494,0.3125,7; 3; 20; 64; 14; 31; 23; 7
8,82,0.33841,0.09756,3; 3; 8; 82; 16; 15; 5; 20
5,9,0.81517,0.55556,25; 13; 5; 9; 25; 14; 29; 12
23,42,0.48684,0.54762,13; 10; 23; 42; 21; 29; 15; 22
5,42,0.21427,0.11905,25; 9; 5; 42; 13; 11; 7; 7
13,53,0.26114,0.24528,12; 9; 13; 53; 19; 15; 27; 15
8,78,0.33057,0.10256,3; 5; 8; 78; 16; 4; 7; 4
8,82,0.37356,0.09756,4; 3; 8; 82; 27; 21; 23; 11
19,48,0.40755,0.39583,6; 6; 19; 48; 13; 23; 4; 18
23,26,0.45542,0.88462,3; 18; 23; 26; 22; 10; 22; 29
19,32,0.52311,0.59375,5; 4; 19; 32; 6; 32; 32; 18
5,10,0.80617,0.5,17; 25; 5; 10; 29; 19; 27; 11
12,26,0.55556,0.46154,26; 21; 12; 26; 15; 19; 20; 29
9,64,0.22652,0.14062,8; 3; 9; 64; 7; 25; 29; 27
12,78,0.37815,0.15385,4; 4; 12; 78; 18; 3; 32; 4
19,53,0.36484,0.35849,6; 11; 19; 53; 15; 7; 28; 11
12,70,0.25736,0.17143,4; 4; 12; 70; 13; 12; 23; 16
5,9,0.82861,0.55556,30; 26; 5; 9; 24; 4; 5; 32
5,82,0.30532,0.06098,5; 4; 5; 82; 9; 27; 25; 22
8,53,0.16757,0.15094,14; 8; 8; 53; 31; 3; 11; 22
6,9,0.81991,0.66667,39; 34; 6; 9; 29; 14; 20; 5
16,64,0.28945,0.25,8; 9; 16; 64; 30; 25; 4; 4
5,26,0.6102,0.19231,5; 24; 5; 26; 29; 18; 4; 14
9,42,0.27301,0.21429,11; 16; 9; 42; 32; 4; 21; 10
6,75,0.25845,0.08,7; 4; 6; 75; 10; 8; 20; 26
8,82,0.38644,0.09756,3; 3; 8; 82; 9; 3; 16; 23
13,31,0.50942,0.41935,26; 15; 13; 31; 24; 29; 4; 23
13,32,0.81584,0.40625,10; 15; 13; 32; 20; 3; 9; 10
15,75,0.36636,0.2,4; 4; 15; 75; 23; 4; 25; 8
14,64,0.30806,0.21875,10; 6; 14; 64; 16; 17; 29; 4
19,64,0.35944,0.29688,3; 5; 19; 64; 7; 23; 12; 4
16,49,0.31458,0.32653,16; 14; 16; 49; 14; 29; 28; 18
12,78,0.37647,0.15385,3; 3; 12; 78; 18; 19; 3; 16
7,78,0.29629,0.08974,4; 6; 7; 78; 29; 7; 16; 3
8,82,0.22794,0.09756,3; 4; 8; 82; 27; 21; 18; 22
9,10,0.77385,0.9,37; 39; 9; 10; 4; 13; 21; 23
13,26,0.61024,0.5,6; 19; 13; 26; 30; 4; 18; 16
8,9,0.80778,0.88889,30; 18; 8; 9; 26; 23; 10; 15
41,49,0.81751,0.83673,3; 4; 41; 49; 23; 30; 30; 9
9,70,0.22549,0.12857,8; 8; 9; 70; 14; 6; 25; 29
7,63,0.19643,0.11111,8; 10; 7; 63; 9; 3; 14; 19
9,70,0.24812,0.12857,9; 3; 9; 70; 13; 4; 16; 4
8,9,0.80863,0.88889,12; 18; 8; 9; 13; 15; 12; 22
8,53,0.18653,0.15094,6; 7; 8; 53; 4; 17; 3; 6
13,70,0.28385,0.18571,5; 6; 13; 70; 5; 25; 15; 30
35,42,0.66112,0.83333,3; 7; 35; 42; 22; 31; 10; 18
9,75,0.34,0.12,6; 7; 9; 75; 10; 15; 4; 6
30,32,0.60148,0.9375,16; 10; 30; 32; 19; 24; 6; 31
27,48,0.54599,0.5625,9; 8; 27; 48; 27; 15; 27; 27
11,78,0.33341,0.14103,4; 4; 11; 78; 14; 23; 4; 24
38,48,0.74825,0.79167,5; 4; 38; 48; 11; 22; 13; 28
12,75,0.37813,0.16,4; 3; 12; 75; 13; 24; 19; 3
9,10,0.79749,0.9,38; 12; 9; 10; 11; 21; 8; 24
5,78,0.2699,0.0641,5; 4; 5; 78; 21; 20; 18; 12
8,9,0.80701,0.88889,14; 24; 8; 9; 19; 12; 4; 12
37,49,0.74328,0.7551,6; 4; 37; 49; 13; 14; 20; 21
14,63,0.26821,0.22222,6; 5; 14; 63; 18; 30; 16; 6
22,32,0.54474,0.6875,10; 6; 22; 32; 6; 13; 4; 19
9,77,0.31852,0.11688,4; 5; 9; 77; 17; 29; 18; 6
8,70,0.223,0.11429,9; 6; 8; 70; 12; 3; 16; 18
26,63,0.47762,0.4127,4; 4; 26; 63; 28; 14; 19; 28
6,77,0.23655,0.07792,6; 6; 6; 77; 19; 14; 9; 12
7,10,0.82004,0.7,36; 20; 7; 10; 31; 26; 27; 13
11,31,0.63523,0.35484,16; 24; 11; 31; 29; 23; 10; 11
6,64,0.19692,0.09375,8; 11; 6; 64; 4; 28; 31; 7
30,42,0.60566,0.71429,10; 9; 30; 42; 10; 17; 14; 31
5,9,0.82247,0.55556,14; 41; 5; 9; 4; 5; 8; 13
19,26,0.54928,0.73077,20; 3; 19; 26; 3; 14; 13; 32
10,77,0.33946,0.12987,5; 3; 10; 77; 9; 10; 7; 14
5,48,0.13058,0.10417,8; 16; 5; 48; 17; 20; 28; 32
18,63,0.35273,0.28571,4; 6; 18; 63; 16; 6; 19; 10
9,48,0.22122,0.1875,10; 9; 9; 48; 7; 17; 19; 32
38,42,0.74809,0.90476,4; 7; 38; 42; 28; 3; 12; 32
20,64,0.3914,0.3125,3; 7; 20; 64; 8; 13; 7; 32
34,49,0.70765,0.69388,3; 3; 34; 49; 17; 14; 3; 16
6,10,0.82121,0.6,17; 22; 6; 10; 10; 13; 10; 15
6,82,0.28081,0.07317,3; 4; 6; 82; 3; 11; 18; 20
31,32,0.48869,0.96875,15; 8; 31; 32; 15; 31; 15; 26
22,31,0.53589,0.70968,15; 20; 22; 31; 16; 11; 15; 23
8,77,0.32007,0.1039,4; 3; 8; 77; 27; 14; 16; 21
7,26,0.76031,0.26923,19; 14; 7; 26; 32; 30; 22; 7
5,10,0.80729,0.5,6; 21; 5; 10; 15; 8; 14; 23
9,70,0.21335,0.12857,9; 4; 9; 70; 13; 17; 19; 11
7,9,0.83393,0.77778,39; 16; 7; 9; 15; 32; 24; 17
8,75,0.26164,0.10667,7; 4; 8; 75; 11; 10; 27; 31
6,63,0.1745,0.09524,5; 9; 6; 63; 19; 29; 6; 16
14,26,0.47903,0.53846,12; 26; 14; 26; 20; 17; 27; 4
7,31,0.61381,0.22581,29; 9; 7; 31; 27; 21; 26; 12
13,75,0.37031,0.17333,3; 4; 13; 75; 13; 26; 24; 12
8,82,0.37243,0.09756,4; 4; 8; 82; 17; 3; 32; 10
25,42,0.52691,0.59524,15; 3; 25; 42; 32; 29; 11; 7
6,31,0.55199,0.19355,24; 12; 6; 31; 3; 6; 4; 10
28,53,0.57086,0.5283,5; 3; 28; 53; 20; 10; 20; 10
16,31,0.50676,0.51613,14; 22; 16; 31; 13; 17; 18; 3
42,48,0.77627,0.875,3; 3; 42; 48; 22; 27; 23; 23
20,70,0.40629,0.28571,4; 3; 20; 70; 3; 16; 29; 28
5,31,0.58733,0.16129,4; 4; 5; 31; 23; 5; 3; 17
15,53,0.2913,0.28302,14; 11; 15; 53; 5; 3; 11; 8
15,49,0.31287,0.30612,10; 9; 15; 49; 26; 11; 24; 9
9,32,0.65642,0.28125,4; 24; 9; 32; 16; 7; 21; 31
5,78,0.27812,0.0641,7; 3; 5; 78; 25; 21; 32; 19
9,77,0.2739,0.11688,4; 5; 9; 77; 3; 5; 3; 19
5,82,0.30853,0.06098,5; 4; 5; 82; 13; 21; 17; 25
19,31,0.43121,0.6129,6; 8; 19; 31; 25; 26; 13; 12
9,53,0.14217,0.16981,15; 17; 9; 53; 15; 31; 32; 12
7,26,0.67257,0.26923,5; 16; 7; 26; 15; 21; 4; 26
28,42,0.59022,0.66667,6; 11; 28; 42; 5; 13; 9; 30
7,78,0.26763,0.08974,4; 5; 7; 78; 27; 27; 13; 23
24,26,0.54874,0.92308,11; 6; 24; 26; 20; 27; 28; 19
22,26,0.65376,0.84615,8; 3; 22; 26; 11; 16; 3; 5
9,75,0.27637,0.12,6; 4; 9; 75; 9; 23; 17; 32
5,82,0.3101,0.06098,3; 4; 5; 82; 19; 20; 24; 9
10,78,0.3442,0.12821,4; 3; 10; 78; 28; 31; 19; 11
8,9,0.82783,0.88889,7; 29; 8; 9; 20; 17; 24; 29
17,64,0.32289,0.26562,4; 3; 17; 64; 14; 29; 28; 26
5,82,0.31678,0.06098,5; 5; 5; 82; 20; 3; 16; 22
10,49,0.21569,0.20408,17; 6; 10; 49; 16; 11; 9; 25
29,31,0.59607,0.93548,18; 16; 29; 31; 13; 25; 23; 5
6,53,0.1448,0.11321,9; 14; 6; 53; 22; 19; 4; 18
8,77,0.33072,0.1039,4; 4; 8; 77; 3; 7; 25; 28
9,53,0.1596,0.16981,14; 5; 9; 53; 32; 27; 4; 4
11,42,0.30362,0.2619,5; 21; 11; 42; 6; 29; 15; 13
40,42,0.70615,0.95238,3; 8; 40; 42; 17; 26; 4; 9
22,26,0.48188,0.84615,7; 12; 22; 26; 32; 8; 16; 20
7,82,0.38724,0.08537,3; 3; 7; 82; 4; 13; 31; 8
8,82,0.27476,0.09756,4; 4; 8; 82; 17; 13; 3; 27
8,77,0.28849,0.1039,5; 5; 8; 77; 3; 32; 4; 22
12,78,0.35122,0.15385,4; 3; 12; 78; 28; 15; 6; 9
7,82,0.3365,0.08537,4; 3; 7; 82; 19; 21; 5; 5
12,64,0.25576,0.1875,5; 7; 12; 64; 25; 12; 9; 3
8,10,0.81949,0.8,3; 23; 8; 10; 10; 16; 19; 29
6,70,0.2298,0.08571,9; 6; 6; 70; 9; 14; 22; 31
26,63,0.49156,0.4127,4; 3; 26; 63; 19; 13; 8; 23
13,32,0.5517,0.40625,16; 16; 13; 32; 6; 26; 32; 9
33,53,0.60968,0.62264,3; 5; 33; 53; 15; 21; 19; 30
17,42,0.44147,0.40476,9; 18; 17; 42; 24; 5; 15; 26
10,77,0.34323,0.12987,5; 5; 10; 77; 25; 26; 21; 7
8,9,0.81693,0.88889,14; 27; 8; 9; 13; 12; 11; 21
33,49,0.6732,0.67347,7; 4; 33; 49; 22; 6; 8; 11
29,42,0.60505,0.69048,5; 6; 29; 42; 7; 28; 12; 30
13,70,0.30154,0.18571,6; 5; 13; 70; 29; 7; 19; 6
7,82,0.27637,0.08537,4; 4; 7; 82; 26; 7; 18; 28
5,9,0.82203,0.55556,27; 6; 5; 9; 16; 30; 17; 29
8,78,0.29993,0.10256,5; 5; 8; 78; 27; 18; 10; 32
5,49,0.17877,0.10204,12; 7; 5; 49; 26; 20; 20; 11
11,53,0.22847,0.20755,17; 5; 11; 53; 15; 4; 30; 11
7,9,0.81794,0.77778,3; 36; 7; 9; 17; 11; 13; 3
9,78,0.36709,0.11538,5; 5; 9; 78; 22; 10; 20; 30
11,75,0.31721,0.14667,3; 6; 11; 75; 25; 17; 19; 9
8,63,0.20179,0.12698,3; 5; 8; 63; 24; 12; 30; 23
5,82,0.33693,0.06098,3; 4; 5; 82; 31; 23; 17; 25
11,32,0.60315,0.34375,26; 12; 11; 32; 6; 26; 23; 25
39,42,0.73761,0.92857,6; 5; 39; 42; 17; 6; 17; 27
29,32,0.60241,0.90625,10; 6; 29; 32; 29; 26; 25; 5
6,75,0.23413,0.08,3; 6; 6; 75; 16; 16; 7; 21
17,64,0.3182,0.26562,5; 4; 17; 64; 20; 15; 17; 3
9,77,0.31965,0.11688,3; 5; 9; 77; 5; 11; 15; 28
37,48,0.74684,0.77083,3; 4; 37; 48; 30; 28; 3; 8
10,53,0.20836,0.18868,8; 17; 10; 53; 6; 4; 20; 18
30,48,0.61449,0.625,5; 9; 30; 48; 8; 7; 9; 22
25,32,0.54785,0.78125,20; 10; 25; 32; 18; 17; 25; 19
27,49,0.54714,0.55102,10; 9; 27; 49; 32; 17; 10; 24
24,63,0.42794,0.38095,5; 5; 24; 63; 26; 15; 20; 18
10,64,0.20045,0.15625,12; 12; 10; 64; 31; 19; 22; 3
37,53,0.71362,0.69811,3; 3; 37; 53; 32; 29; 3; 3
14,64,0.29349,0.21875,9; 3; 14; 64; 32; 22; 7; 25
6,78,0.29987,0.07692,7; 4; 6; 78; 8; 6; 13; 18
14,63,0.27203,0.22222,9; 3; 14; 63; 3; 28; 10; 7
5,9,0.81208,0.55556,33; 37; 5; 9; 21; 18; 12; 9
6,77,0.30806,0.07792,7; 7; 6; 77; 30; 27; 26; 9
10,77,0.33685,0.12987,3; 4; 10; 77; 12; 9; 20; 15
21,26,0.66114,0.80769,9; 8; 21; 26; 25; 9; 32; 14
16,26,0.5741,0.61538,26; 9; 16; 26; 29; 3; 12; 29
13,49,0.27536,0.26531,11; 3; 13; 49; 22; 5; 19; 19
6,10,0.83721,0.6,16; 27; 6; 10; 6; 12; 27; 31
7,82,0.36718,0.08537,3; 4; 7; 82; 17; 5; 8; 18
8,9,0.82049,0.88889,5; 19; 8; 9; 30; 10; 22; 6
16,32,0.51569,0.5,18; 6; 16; 32; 27; 22; 12; 6
24,53,0.43455,0.45283,9; 9; 24; 53; 23; 9; 16; 9
9,77,0.27878,0.11688,3; 4; 9; 77; 15; 3; 5; 12
6,9,0.79644,0.66667,24; 41; 6; 9; 20; 20; 4; 31
6,10,0.82051,0.6,32; 8; 6; 10; 31; 5; 14; 31
5,10,0.81553,0.5,3; 11; 5; 10; 32; 9; 13; 16
6,9,0.81921,0.66667,41; 27; 6; 9; 9; 10; 27; 16
37,49,0.768,0.7551,3; 3; 37; 49; 19; 32; 28; 6
13,53,0.26409,0.24528,9; 12; 13; 53; 7; 9; 8; 30
31,53,0.57571,0.58491,6; 3; 31; 53; 16; 27; 14; 25
16,70,0.34504,0.22857,3; 6; 16; 70; 27; 5; 23; 7
5,10,0.82891,0.5,26; 26; 5; 10; 28; 14; 5; 32
9,10,0.78086,0.9,10; 14; 9; 10; 23; 21; 24; 18
12,63,0.28494,0.19048,6; 6; 12; 63; 18; 17; 16; 10
20,48,0.40202,0.41667,7; 13; 20; 48; 23; 8; 22; 8
16,48,0.35004,0.33333,3; 3; 16; 48; 5; 19; 15; 9
9,70,0.22537,0.12857,5; 3; 9; 70; 32; 19; 22; 17
36,48,0.72942,0.75,4; 7; 36; 48; 26; 27; 5; 7
31,49,0.59849,0.63265,6; 7; 31; 49; 21; 23; 16; 13
6,82,0.33117,0.07317,5; 3; 6; 82; 19; 10; 23; 31
8,9,0.83491,0.88889,35; 29; 8; 9; 3; 18; 25; 21
8,77,0.28101,0.1039,3; 3; 8; 77; 18; 10; 9; 4
8,70,0.24153,0.11429,4; 5; 8; 70; 3; 18; 9; 32
7,77,0.33774,0.09091,7; 7; 7; 77; 22; 28; 27; 9
15,31,0.59288,0.48387,16; 3; 15; 31; 32; 24; 9; 19
5,75,0.29894,0.06667,5; 5; 5; 75; 29; 24; 25; 4
24,32,0.53501,0.75,6; 12; 24; 32; 15; 5; 29; 6
8,9,0.82773,0.88889,34; 15; 8; 9; 5; 18; 16; 17
5,82,0.27301,0.06098,4; 4; 5; 82; 32; 11; 22; 25
8,9,0.812,0.88889,4; 18; 8; 9; 7; 12; 3; 5
24,31,0.47155,0.77419,20; 19; 24; 31; 22; 24; 17; 10
16,63,0.33178,0.25397,9; 5; 16; 63; 18; 27; 17; 10
19,49,0.39562,0.38776,9; 10; 19; 49; 31; 4; 23; 27
16,64,0.3317,0.25,5; 9; 16; 64; 14; 12; 3; 15
14,32,0.48301,0.4375,6; 9; 14; 32; 23; 10; 3; 4
21,42,0.48543,0.5,7; 17; 21; 42; 9; 12; 16; 23
8,10,0.81267,0.8,7; 22; 8; 10; 7; 30; 29; 16
8,53,0.18059,0.15094,4; 12; 8; 53; 12; 11; 15; 22
8,9,0.82542,0.88889,24; 20; 8; 9; 18; 5; 31; 10
9,10,0.82815,0.9,25; 16; 9; 10; 14; 7; 9; 3
16,63,0.29587,0.25397,3; 6; 16; 63; 26; 5; 13; 13
37,53,0.71873,0.69811,3; 3; 37; 53; 19; 6; 4; 9
6,75,0.21251,0.08,4; 8; 6; 75; 18; 27; 30; 16
12,70,0.29424,0.17143,5; 3; 12; 70; 9; 31; 29; 23
19,70,0.39926,0.27143,3; 3; 19; 70; 31; 24; 30; 11
5,10,0.81887,0.5,31; 22; 5; 10; 8; 16; 25; 8
19,32,0.56327,0.59375,11; 5; 19; 32; 32; 15; 22; 16
15,70,0.32931,0.21429,4; 5; 15; 70; 13; 19; 26; 7
31,48,0.59003,0.64583,4; 4; 31; 48; 3; 29; 3; 29
5,82,0.36507,0.06098,3; 4; 5; 82; 4; 18; 30; 32
26,64,0.48657,0.40625,4; 4; 26; 64; 16; 16; 24; 11
5,75,0.23105,0.06667,7; 7; 5; 75; 13; 16; 31; 13
9,78,0.32215,0.11538,4; 5; 9; 78; 4; 17; 10; 15
7,9,0.80383,0.77778,28; 31; 7; 9; 23; 27; 31; 3
18,63,0.35223,0.28571,3; 4; 18; 63; 7; 30; 32; 17
7,10,0.79621,0.7,4; 17; 7; 10; 31; 22; 25; 4
8,82,0.33233,0.09756,3; 3; 8; 82; 10; 4; 12; 15
6,10,0.83651,0.6,37; 24; 6; 10; 15; 11; 31; 17
13,26,0.57381,0.5,24; 5; 13; 26; 8; 26; 28; 21
15,75,0.35856,0.2,3; 3; 15; 75; 31; 28; 6; 26
29,53,0.56416,0.54717,8; 6; 29; 53; 23; 20; 6; 8
23,26,0.53086,0.88462,4; 18; 23; 26; 23; 20; 14; 19
8,10,0.82103,0.8,8; 39; 8; 10; 23; 14; 9; 26
13,70,0.30684,0.18571,4; 5; 13; 70; 20; 18; 7; 22
17,42,0.42157,0.40476,4; 16; 17; 42; 21; 15; 31; 9
11,78,0.32895,0.14103,3; 4; 11; 78; 19; 9; 20; 5
13,77,0.36857,0.16883,3; 3; 13; 77; 13; 27; 14; 11
13,77,0.37541,0.16883,4; 4; 13; 77; 24; 16; 15; 22
12,75,0.35074,0.16,3; 4; 12; 75; 23; 7; 8; 13
8,75,0.28381,0.10667,7; 5; 8; 75; 20; 27; 25; 22
15,31,0.52668,0.48387,19; 12; 15; 31; 20; 5; 3; 31
7,42,0.25843,0.16667,17; 13; 7; 42; 6; 31; 12; 19
30,53,0.56561,0.56604,6; 4; 30; 53; 28; 15; 20; 10
6,82,0.33419,0.07317,3; 3; 6; 82; 14; 17; 18; 21
7,10,0.81054,0.7,32; 29; 7; 10; 28; 19; 15; 32
26,48,0.50304,0.54167,9; 8; 26; 48; 8; 12; 20; 16
7,82,0.38679,0.08537,3; 3; 7; 82; 32; 16; 11; 7
11,42,0.28692,0.2619,4; 15; 11; 42; 19; 21; 11; 14
24,26,0.60353,0.92308,4; 10; 24; 26; 8; 9; 19; 15
29,49,0.60611,0.59184,8; 5; 29; 49; 3; 15; 25; 29
7,53,0.1438,0.13208,6; 11; 7; 53; 16; 4; 3; 12
11,70,0.25028,0.15714,4; 8; 11; 70; 9; 16; 25; 24
16,64,0.35766,0.25,7; 5; 16; 64; 4; 8; 8; 24
17,63,0.33552,0.26984,8; 9; 17; 63; 12; 15; 8; 16
9,10,0.79376,0.9,21; 21; 9; 10; 19; 25; 23; 6
34,48,0.65368,0.70833,6; 7; 34; 48; 8; 18; 22; 21
19,42,0.45206,0.45238,8; 13; 19; 42; 24; 4; 15; 25
6,77,0.29645,0.07792,6; 6; 6; 77; 32; 3; 7; 16
21,64,0.41338,0.32812,3; 6; 21; 64; 17; 14; 26; 17
8,82,0.37289,0.09756,4; 4; 8; 82; 20; 12; 27; 11
32,49,0.64457,0.65306,5; 5; 32; 49; 15; 3; 14; 18
37,53,0.70081,0.69811,3; 4; 37; 53; 5; 16; 32; 6
8,9,0.81988,0.88889,10; 26; 8; 9; 14; 12; 23; 20
24,53,0.46347,0.45283,10; 7; 24; 53; 20; 8; 31; 18
16,49,0.33963,0.32653,5; 9; 16; 49; 31; 9; 30; 15
13,63,0.26409,0.20635,4; 9; 13; 63; 21; 18; 9; 26
6,77,0.32427,0.07792,7; 6; 6; 77; 32; 4; 4; 12
7,82,0.36881,0.08537,3; 4; 7; 82; 17; 8; 25; 22
16,48,0.32322,0.33333,8; 7; 16; 48; 3; 14; 11; 27
5,77,0.2838,0.06494,3; 8; 5; 77; 20; 7; 17; 15
5,82,0.2829,0.06098,4; 4; 5; 82; 14; 11; 31; 32
20,42,0.49827,0.47619,18; 15; 20; 42; 13; 25; 30; 24
23,26,0.58827,0.88462,6; 19; 23; 26; 11; 6; 3; 23
6,82,0.31169,0.07317,4; 3; 6; 82; 17; 17; 3; 15
25,42,0.59111,0.59524,14; 10; 25; 42; 30; 11; 21; 26
19,64,0.37461,0.29688,3; 4; 19; 64; 19; 18; 11; 25
10,31,0.82612,0.32258,10; 24; 10; 31; 6; 8; 31; 22
6,9,0.81482,0.66667,4; 17; 6; 9; 4; 32; 30; 24
15,53,0.28308,0.28302,11; 13; 15; 53; 8; 12; 16; 5
26,31,0.44426,0.83871,15; 20; 26; 31; 21; 8; 3; 12
9,77,0.30523,0.11688,3; 6; 9; 77; 3; 8; 30; 30
7,82,0.35524,0.08537,3; 4; 7; 82; 31; 21; 21; 7
15,26,0.75839,0.57692,25; 24; 15; 26; 29; 32; 3; 29
24,42,0.50913,0.57143,12; 3; 24; 42; 31; 11; 18; 25
5,9,0.81365,0.55556,17; 41; 5; 9; 10; 5; 18; 14
8,9,0.81933,0.88889,32; 14; 8; 9; 23; 22; 7; 14
10,64,0.23341,0.15625,12; 4; 10; 64; 7; 27; 5; 18
30,32,0.52004,0.9375,6; 14; 30; 32; 13; 5; 32; 23
9,42,0.30688,0.21429,19; 17; 9; 42; 15; 17; 8; 29
17,64,0.35303,0.26562,8; 3; 17; 64; 27; 14; 14; 10
7,10,0.79286,0.7,16; 4; 7; 10; 21; 13; 9; 28
27,42,0.5588,0.64286,10; 10; 27; 42; 13; 28; 11; 25
40,42,0.72521,0.95238,6; 4; 40; 42; 18; 28; 10; 7
5,10,0.83609,0.5,22; 24; 5; 10; 11; 9; 3; 16
8,82,0.3905,0.09756,4; 3; 8; 82; 6; 23; 19; 6
6,82,0.27516,0.07317,3; 3; 6; 82; 26; 21; 29; 18
6,53,0.1539,0.11321,6; 15; 6; 53; 8; 15; 14; 14
7,42,0.29886,0.16667,22; 24; 7; 42; 6; 6; 7; 27
15,64,0.29161,0.23438,8; 9; 15; 64; 25; 8; 29; 22
19,48,0.39153,0.39583,5; 11; 19; 48; 8; 32; 17; 20
27,63,0.45766,0.42857,3; 3; 27; 63; 27; 17; 9; 26
25,64,0.44874,0.39062,3; 4; 25; 64; 4; 28; 21; 29
15,32,0.53298,0.46875,16; 4; 15; 32; 17; 19; 30; 5
8,64,0.18503,0.125,13; 4; 8; 64; 12; 7; 23; 28
10,78,0.30793,0.12821,4; 5; 10; 78; 20; 11; 22; 31
9,10,0.815,0.9,34; 12; 9; 10; 6; 31; 15; 22
9,63,0.20712,0.14286,12; 10; 9; 63; 23; 21; 6; 14
15,75,0.37906,0.2,4; 4; 15; 75; 13; 16; 5; 21
24,64,0.42884,0.375,4; 3; 24; 64; 19; 11; 17; 29
12,75,0.33362,0.16,3; 4; 12; 75; 28; 28; 9; 11
20,32,0.51828,0.625,14; 16; 20; 32; 22; 9; 10; 7
18,63,0.36449,0.28571,3; 8; 18; 63; 17; 6; 5; 31
8,75,0.25585,0.10667,7; 3; 8; 75; 26; 25; 11; 6
20,26,0.54308,0.76923,15; 4; 20; 26; 9; 27; 22; 8
21,32,0.50154,0.65625,4; 15; 21; 32; 12; 32; 6; 13
9,63,0.22389,0.14286,8; 5; 9; 63; 26; 15; 26; 12
22,31,0.45027,0.70968,14; 6; 22; 31; 3; 11; 10; 4
22,32,0.59477,0.6875,8; 18; 22; 32; 23; 20; 25; 27
12,70,0.29944,0.17143,6; 4; 12; 70; 17; 32; 17; 11
25,48,0.53767,0.52083,10; 5; 25; 48; 26; 17; 14; 31
19,32,0.55884,0.59375,10; 17; 19; 32; 11; 17; 18; 8
7,48,0.20093,0.14583,21; 8; 7; 48; 13; 30; 20; 23
15,49,0.33076,0.30612,7; 16; 15; 49; 11; 6; 3; 17
23,48,0.48123,0.47917,10; 10; 23; 48; 18; 26; 32; 19
8,9,0.84394,0.88889,29; 12; 8; 9; 7; 25; 9; 20
30,42,0.68435,0.71429,12; 7; 30; 42; 20; 9; 4; 25
15,75,0.37925,0.2,3; 4; 15; 75; 24; 29; 4; 16
7,31,0.76653,0.22581,3; 22; 7; 31; 24; 18; 6; 6
6,75,0.2236,0.08,8; 5; 6; 75; 19; 8; 31; 9
9,77,0.30311,0.11688,6; 6; 9; 77; 25; 19; 17; 6
22,64,0.42306,0.34375,6; 4; 22; 64; 9; 12; 7; 15
12,70,0.32631,0.17143,4; 5; 12; 70; 8; 25; 14; 30
5,26,0.83762,0.19231,5; 12; 5; 26; 6; 27; 26; 15
22,42,0.5087,0.52381,16; 11; 22; 42; 11; 7; 7; 27
25,42,0.52856,0.59524,15; 14; 25; 42; 20; 15; 13; 20
25,64,0.46829,0.39062,4; 4; 25; 64; 26; 3; 6; 16
11,75,0.33135,0.14667,4; 3; 11; 75; 22; 8; 9; 17
5,77,0.29513,0.06494,8; 8; 5; 77; 30; 4; 12; 13
34,42,0.65164,0.80952,9; 8; 34; 42; 5; 31; 10; 31
7,49,0.14401,0.14286,11; 3; 7; 49; 11; 31; 20; 15
21,53,0.39909,0.39623,3; 11; 21; 53; 31; 20; 6; 27
7,77,0.30735,0.09091,6; 5; 7; 77; 12; 7; 19; 14
8,70,0.20513,0.11429,8; 3; 8; 70; 27; 11; 8; 6
14,26,0.72503,0.53846,28; 11; 14; 26; 19; 14; 28; 31
7,9,0.79889,0.77778,41; 34; 7; 9; 19; 30; 8; 18
8,70,0.22232,0.11429,9; 7; 8; 70; 14; 12; 13; 32
18,63,0.31884,0.28571,4; 5; 18; 63; 18; 10; 11; 18
6,75,0.29695,0.08,5; 8; 6; 75; 4; 5; 19; 30
20,70,0.42532,0.28571,3; 3; 20; 70; 31; 5; 18; 27
16,49,0.33252,0.32653,13; 14; 16; 49; 19; 32; 9; 29
7,10,0.81227,0.7,16; 12; 7; 10; 21; 5; 3; 5
25,48,0.51894,0.52083,9; 8; 25; 48; 23; 20; 25; 25
6,9,0.8368,0.66667,32; 10; 6; 9; 14; 25; 28; 9
13,77,0.37449,0.16883,3; 3; 13; 77; 24; 14; 24; 22
5,77,0.27577,0.06494,3; 6; 5; 77; 25; 7; 31; 12
32,53,0.62229,0.60377,3; 4; 32; 53; 22; 4; 12; 20
20,31,0.52558,0.64516,8; 14; 20; 31; 9; 12; 11; 19
24,32,0.60709,0.75,17; 9; 24; 32; 17; 22; 25; 16
5,64,0.18711,0.07812,3; 3; 5; 64; 13; 18; 10; 11
9,77,0.31041,0.11688,4; 6; 9; 77; 24; 29; 5; 32
12,77,0.35676,0.15584,4; 3; 12; 77; 27; 26; 27; 12
5,10,0.80743,0.5,24; 15; 5; 10; 28; 18; 10; 29
23,42,0.48619,0.54762,6; 11; 23; 42; 19; 26; 5; 22
22,48,0.45672,0.45833,10; 13; 22; 48; 31; 9; 6; 28
6,9,0.80566,0.66667,32; 6; 6; 9; 9; 3; 15; 17
11,53,0.23106,0.20755,6; 5; 11; 53; 17; 31; 10; 16
7,63,0.19192,0.11111,14; 11; 7; 63; 30; 3; 29; 31
28,32,0.49148,0.875,10; 5; 28; 32; 22; 5; 22; 17
26,49,0.54382,0.53061,5; 11; 26; 49; 21; 16; 25; 15
5,10,0.79366,0.5,8; 18; 5; 10; 10; 20; 5; 8
18,70,0.38076,0.25714,4; 5; 18; 70; 6; 31; 13; 25
11,77,0.36764,0.14286,3; 4; 11; 77; 8; 22; 5; 20
40,48,0.77979,0.83333,5; 3; 40; 48; 17; 22; 8; 27
20,42,0.45549,0.47619,17; 8; 20; 42; 24; 30; 31; 9
28,49,0.55687,0.57143,3; 7; 28; 49; 6; 30; 22; 20
23,26,0.50802,0.88462,14; 23; 23; 26; 6; 28; 23; 19
10,78,0.3395,0.12821,3; 4; 10; 78; 14; 12; 30; 3
6,9,0.82356,0.66667,25; 9; 6; 9; 29; 4; 18; 11
30,53,0.5797,0.56604,6; 4; 30; 53; 13; 9; 19; 29
14,70,0.34424,0.2,3; 5; 14; 70; 32; 15; 25; 10
17,64,0.36673,0.26562,8; 8; 17; 64; 30; 31; 9; 14
6,9,0.80544,0.66667,32; 29; 6; 9; 7; 28; 10; 23
14,70,0.31008,0.2,3; 4; 14; 70; 8; 4; 11; 27
11,32,0.77004,0.34375,10; 22; 11; 32; 17; 19; 28; 25
15,53,0.2897,0.28302,4; 3; 15; 53; 21; 11; 11; 32
33,42,0.63154,0.78571,8; 3; 33; 42; 27; 25; 11; 9
5,64,0.16266,0.07812,12; 11; 5; 64; 27; 18; 5; 19
35,48,0.69634,0.72917,7; 6; 35; 48; 16; 7; 8; 26
25,64,0.43129,0.39062,3; 3; 25; 64; 23; 10; 28; 4
6,9,0.82838,0.66667,18; 41; 6; 9; 12; 29; 25; 30
11,26,0.63803,0.42308,6; 13; 11; 26; 4; 16; 30; 4
5,10,0.80044,0.5,26; 15; 5; 10; 19; 7; 26; 30
16,49,0.3019,0.32653,15; 11; 16; 49; 14; 16; 18; 19
9,10,0.82026,0.9,22; 18; 9; 10; 3; 15; 8; 19
23,26,0.51219,0.88462,23; 21; 23; 26; 32; 14; 29; 19
17,42,0.39887,0.40476,10; 15; 17; 42; 29; 25; 23; 6
8,48,0.18839,0.16667,10; 6; 8; 48; 3; 13; 12; 29
6,82,0.31048,0.07317,3; 4; 6; 82; 23; 3; 22; 22
16,70,0.35562,0.22857,4; 4; 16; 70; 18; 3; 12; 26
6,9,0.82559,0.66667,35; 19; 6; 9; 24; 28; 20; 5
18,31,0.67233,0.58065,13; 4; 18; 31; 25; 20; 19; 25
17,26,0.59875,0.65385,6; 25; 17; 26; 21; 10; 31; 20
11,31,0.61776,0.35484,4; 11; 11; 31; 5; 20; 15; 4
18,48,0.35525,0.375,14; 11; 18; 48; 8; 27; 14; 16
35,49,0.66012,0.71429,6; 4; 35; 49; 9; 24; 16; 11
11,78,0.36377,0.14103,3; 3; 11; 78; 3; 21; 31; 19
8,75,0.28237,0.10667,3; 5; 8; 75; 10; 10; 12; 28
26,42,0.58683,0.61905,7; 4; 26; 42; 9; 22; 3; 10
11,48,0.20171,0.22917,9; 15; 11; 48; 9; 19; 32; 13
37,53,0.69277,0.69811,3; 4; 37; 53; 19; 17; 11; 24
12,53,0.25086,0.22642,6; 3; 12; 53; 22; 6; 6; 13
7,82,0.34743,0.08537,4; 4; 7; 82; 29; 19; 7; 31
9,53,0.16112,0.16981,9; 17; 9; 53; 28; 16; 17; 7
21,32,0.58302,0.65625,15; 14; 21; 32; 11; 10; 26; 14
28,53,0.52768,0.5283,6; 3; 28; 53; 22; 28; 16; 23
6,10,0.82412,0.6,30; 21; 6; 10; 16; 29; 23; 7
9,70,0.24802,0.12857,6; 7; 9; 70; 18; 27; 9; 3
27,48,0.54415,0.5625,10; 9; 27; 48; 8; 15; 32; 6
11,78,0.36266,0.14103,3; 3; 11; 78; 31; 5; 19; 7
10,26,0.6002,0.38462,10; 19; 10; 26; 22; 8; 31; 26
7,82,0.31885,0.08537,4; 3; 7; 82; 32; 31; 11; 23
6,82,0.33623,0.07317,5; 5; 6; 82; 4; 10; 18; 16
8,9,0.83096,0.88889,12; 27; 8; 9; 20; 18; 14; 20
6,82,0.28505,0.07317,4; 3; 6; 82; 20; 13; 10; 27
11,31,0.4604,0.35484,4; 11; 11; 31; 16; 23; 5; 15
13,49,0.34358,0.26531,17; 5; 13; 49; 15; 30; 24; 6
8,9,0.81304,0.88889,33; 9; 8; 9; 22; 21; 28; 9
26,31,0.52191,0.83871,20; 18; 26; 31; 10; 18; 22; 20
15,64,0.31585,0.23438,7; 7; 15; 64; 9; 19; 13; 7
31,49,0.61389,0.63265,9; 9; 31; 49; 13; 32; 27; 21
10,70,0.32751,0.14286,5; 4; 10; 70; 10; 16; 32; 18
17,48,0.375,0.35417,6; 5; 17; 48; 16; 9; 8; 30
10,48,0.22525,0.20833,11; 16; 10; 48; 16; 25; 26; 29
14,75,0.37411,0.18667,4; 4; 14; 75; 21; 23; 11; 30
11,75,0.32073,0.14667,5; 5; 11; 75; 16; 19; 12; 14
37,48,0.74137,0.77083,3; 3; 37; 48; 21; 24; 4; 24
6,9,0.81791,0.66667,41; 41; 6; 9; 24; 21; 25; 25
6,10,0.83344,0.6,37; 24; 6; 10; 6; 32; 25; 12
27,42,0.58865,0.64286,14; 10; 27; 42; 32; 22; 9; 12
8,70,0.2428,0.11429,5; 10; 8; 70; 32; 25; 11; 6
10,49,0.2122,0.20408,15; 16; 10; 49; 21; 21; 27; 10
11,78,0.33055,0.14103,3; 3; 11; 78; 20; 5; 13; 15
27,42,0.60411,0.64286,14; 3; 27; 42; 23; 28; 4; 11
10,75,0.28721,0.13333,5; 3; 10; 75; 17; 13; 28; 14
15,53,0.30286,0.28302,10; 14; 15; 53; 30; 21; 13; 20
18,63,0.37554,0.28571,5; 8; 18; 63; 14; 6; 6; 9
21,63,0.39792,0.33333,4; 5; 21; 63; 8; 13; 5; 7
7,9,0.81193,0.77778,5; 30; 7; 9; 7; 14; 8; 24
28,49,0.55485,0.57143,8; 4; 28; 49; 6; 7; 16; 16
6,32,0.79112,0.1875,20; 17; 6; 32; 3; 29; 11; 18
28,31,0.55714,0.90323,16; 13; 28; 31; 26; 6; 12; 13
8,9,0.78345,0.88889,22; 8; 8; 9; 29; 12; 21; 17
15,49,0.31723,0.30612,8; 11; 15; 49; 11; 9; 27; 30
5,82,0.28232,0.06098,3; 5; 5; 82; 8; 13; 10; 19
22,32,0.50789,0.6875,15; 7; 22; 32; 15; 13; 16; 29
6,10,0.81394,0.6,19; 37; 6; 10; 4; 18; 19; 17
19,63,0.37703,0.30159,7; 6; 19; 63; 32; 19; 22; 19
15,49,0.32312,0.30612,6; 8; 15; 49; 23; 12; 6; 7
17,64,0.3393,0.26562,3; 4; 17; 64; 17; 17; 26; 27
10,70,0.29216,0.14286,6; 5; 10; 70; 27; 5; 6; 28
24,26,0.46978,0.92308,9; 3; 24; 26; 32; 28; 11; 19
9,70,0.22403,0.12857,4; 7; 9; 70; 14; 10; 26; 28
5,78,0.30307,0.0641,6; 4; 5; 78; 9; 24; 32; 20
39,48,0.7731,0.8125,4; 5; 39; 48; 6; 28; 14; 5
20,32,0.51163,0.625,15; 23; 20; 32; 4; 8; 19; 21
19,31,0.50523,0.6129,7; 17; 19; 31; 9; 12; 8; 25
8,26,0.66524,0.30769,28; 18; 8; 26; 20; 4; 8; 9
5,9,0.81051,0.55556,12; 32; 5; 9; 5; 9; 16; 30
26,53,0.47704,0.49057,6; 7; 26; 53; 5; 21; 11; 26
11,42,0.33571,0.2619,12; 4; 11; 42; 29; 10; 8; 5
8,82,0.30825,0.09756,4; 4; 8; 82; 23; 32; 24; 16
26,64,0.48263,0.40625,4; 3; 26; 64; 18; 14; 15; 20
9,10,0.82031,0.9,4; 4; 9; 10; 6; 20; 6; 31
24,32,0.59655,0.75,4; 16; 24; 32; 29; 19; 3; 6
42,48,0.74213,0.875,3; 3; 42; 48; 31; 17; 24; 13
6,10,0.81751,0.6,9; 20; 6; 10; 7; 31; 3; 24
24,49,0.50233,0.4898,12; 5; 24; 49; 4; 23; 14; 10
24,64,0.44304,0.375,3; 5; 24; 64; 15; 9; 27; 30
5,48,0.12952,0.10417,10; 22; 5; 48; 6; 13; 8; 28
5,26,0.69951,0.19231,18; 3; 5; 26; 31; 6; 25; 5
9,10,0.80897,0.9,29; 20; 9; 10; 21; 22; 25; 10
31,32,0.60421,0.96875,16; 9; 31; 32; 23; 27; 12; 30
5,82,0.27237,0.06098,5; 3; 5; 82; 6; 16; 15; 17
19,42,0.40593,0.45238,11; 18; 19; 42; 20; 14; 11; 23
26,63,0.4781,0.4127,3; 4; 26; 63; 30; 30; 4; 6
8,49,0.23119,0.16327,13; 17; 8; 49; 23; 3; 3; 8
11,75,0.35918,0.14667,5; 6; 11; 75; 17; 21; 16; 3
23,26,0.45734,0.88462,19; 18; 23; 26; 17; 5; 16; 5
7,78,0.27064,0.08974,4; 5; 7; 78; 6; 8; 10; 14
6,82,0.35008,0.07317,4; 5; 6; 82; 29; 22; 4; 16
10,78,0.33528,0.12821,5; 5; 10; 78; 12; 10; 26; 10
6,9,0.82482,0.66667,25; 35; 6; 9; 12; 29; 18; 15
8,9,0.79498,0.88889,13; 19; 8; 9; 8; 8; 26; 16
5,42,0.25111,0.11905,24; 15; 5; 42; 7; 32; 14; 8
21,42,0.46176,0.5,4; 13; 21; 42; 14; 25; 21; 18
5,10,0.83993,0.5,35; 28; 5; 10; 29; 13; 10; 3
6,82,0.33332,0.07317,5; 3; 6; 82; 13; 27; 3; 3
10,75,0.3365,0.13333,6; 6; 10; 75; 26; 20; 19; 29
9,75,0.24835,0.12,4; 4; 9; 75; 12; 11; 4; 32
26,49,0.5113,0.53061,3; 5; 26; 49; 5; 19; 11; 24
9,78,0.30689,0.11538,3; 3; 9; 78; 6; 32; 11; 22
25,53,0.4948,0.4717,5; 7; 25; 53; 31; 9; 23; 3
6,75,0.29329,0.08,6; 8; 6; 75; 17; 27; 19; 24
27,49,0.56876,0.55102,5; 3; 27; 49; 11; 25; 5; 6
10,78,0.31219,0.12821,3; 3; 10; 78; 23; 13; 16; 23
21,63,0.3944,0.33333,5; 3; 21; 63; 30; 20; 8; 11
5,9,0.82846,0.55556,39; 28; 5; 9; 28; 28; 16; 24
22,31,0.52013,0.70968,7; 15; 22; 31; 6; 27; 3; 24
15,75,0.35907,0.2,4; 3; 15; 75; 24; 16; 26; 12
7,78,0.27968,0.08974,6; 4; 7; 78; 9; 24; 20; 28
7,9,0.80502,0.77778,29; 31; 7; 9; 18; 21; 26; 23
17,53,0.32663,0.32075,12; 9; 17; 53; 28; 8; 5; 8
9,32,0.75928,0.28125,17; 20; 9; 32; 13; 23; 24; 12
5,77,0.24172,0.06494,8; 7; 5; 77; 5; 31; 25; 16
5,70,0.22548,0.07143,5; 6; 5; 70; 30; 7; 12; 5
13,77,0.35659,0.16883,3; 3; 13; 77; 14; 11; 12; 14
7,82,0.39509,0.08537,3; 3; 7; 82; 11; 23; 29; 12
19,42,0.42056,0.45238,14; 11; 19; 42; 13; 6; 5; 32
10,64,0.20952,0.15625,10; 4; 10; 64; 30; 5; 24; 20
17,26,0.5816,0.65385,5; 22; 17; 26; 9; 23; 7; 24
5,82,0.37711,0.06098,4; 5; 5; 82; 4; 7; 10; 7
26,32,0.55427,0.8125,16; 15; 26; 32; 12; 29; 12; 14
6,32,0.4722,0.1875,27; 29; 6; 32; 5; 29; 18; 4
19,48,0.40704,0.39583,8; 10; 19; 48; 28; 14; 3; 7
8,78,0.29015,0.10256,4; 5; 8; 78; 5; 29; 23; 10
14,53,0.27965,0.26415,8; 13; 14; 53; 14; 17; 21; 18
30,32,0.62572,0.9375,8; 5; 30; 32; 27; 14; 29; 17
36,48,0.7129,0.75,6; 5; 36; 48; 12; 26; 22; 14
39,49,0.77162,0.79592,4; 4; 39; 49; 25; 22; 32; 10
12,49,0.23143,0.2449,3; 18; 12; 49; 10; 24; 23; 19
9,75,0.27789,0.12,7; 6; 9; 75; 9; 20; 29; 5
5,9,0.82872,0.55556,8; 41; 5; 9; 8; 11; 20; 20
14,42,0.38726,0.33333,12; 18; 14; 42; 5; 7; 11; 23
32,49,0.63273,0.65306,8; 8; 32; 49; 13; 23; 11; 21
6,9,0.82394,0.66667,10; 9; 6; 9; 4; 14; 9; 20
15,31,0.59073,0.48387,19; 19; 15; 31; 19; 10; 13; 11
6,70,0.20695,0.08571,6; 3; 6; 70; 4; 26; 29; 29
5,63,0.16926,0.07937,3; 10; 5; 63; 20; 3; 32; 12
5,64,0.20426,0.07812,13; 11; 5; 64; 13; 12; 3; 28
10,77,0.33302,0.12987,5; 5; 10; 77; 14; 3; 20; 28
11,75,0.30031,0.14667,3; 4; 11; 75; 19; 14; 31; 27
31,49,0.62529,0.63265,7; 9; 31; 49; 19; 24; 8; 6
21,48,0.41468,0.4375,11; 4; 21; 48; 16; 16; 23; 24
21,26,0.60916,0.80769,4; 11; 21; 26; 24; 25; 12; 28
8,63,0.2356,0.12698,4; 13; 8; 63; 7; 10; 20; 28
7,82,0.37629,0.08537,3; 3; 7; 82; 23; 17; 7; 32
17,63,0.3197,0.26984,6; 7; 17; 63; 3; 23; 17; 29
11,64,0.25001,0.17188,3; 7; 11; 64; 4; 5; 19; 30
5,9,0.83426,0.55556,21; 35; 5; 9; 22; 26; 28; 20
12,78,0.35316,0.15385,4; 3; 12; 78; 26; 27; 11; 29
17,31,0.59124,0.54839,23; 7; 17; 31; 10; 5; 11; 21
8,78,0.33659,0.10256,3; 3; 8; 78; 24; 13; 15; 18
7,82,0.31438,0.08537,4; 3; 7; 82; 28; 21; 26; 3
26,64,0.47124,0.40625,4; 4; 26; 64; 13; 28; 22; 21
9,78,0.34659,0.11538,5; 5; 9; 78; 12; 27; 3; 27
32,48,0.65468,0.66667,5; 5; 32; 48; 4; 12; 3; 16
34,42,0.67622,0.80952,8; 3; 34; 42; 18; 18; 32; 25
23,31,0.57321,0.74194,8; 6; 23; 31; 32; 28; 21; 15
14,63,0.31211,0.22222,7; 9; 14; 63; 30; 13; 4; 23
25,63,0.4754,0.39683,5; 5; 25; 63; 17; 9; 21; 5
13,42,0.35407,0.30952,6; 11; 13; 42; 27; 22; 23; 25
6,75,0.2143,0.08,3; 6; 6; 75; 28; 23; 14; 27
21,64,0.38818,0.32812,5; 5; 21; 64; 32; 14; 5; 20
19,48,0.40331,0.39583,14; 7; 19; 48; 4; 3; 17; 9
11,78,0.32589,0.14103,4; 3; 11; 78; 14; 18; 29; 20
6,77,0.23145,0.07792,7; 3; 6; 77; 12; 7; 8; 11
37,53,0.71488,0.69811,4; 4; 37; 53; 15; 11; 6; 30
21,53,0.3859,0.39623,12; 3; 21; 53; 17; 7; 26; 28
23,63,0.4312,0.36508,3; 4; 23; 63; 10; 20; 25; 15
9,77,0.27628,0.11688,4; 6; 9; 77; 8; 5; 25; 28
18,70,0.41387,0.25714,5; 4; 18; 70; 12; 9; 4; 13
8,9,0.80183,0.88889,15; 13; 8; 9; 9; 25; 16; 18
6,10,0.80995,0.6,8; 21; 6; 10; 4; 21; 17; 20
13,42,0.31346,0.30952,13; 11; 13; 42; 29; 5; 14; 27
15,64,0.34438,0.23438,3; 7; 15; 64; 19; 24; 21; 3
31,32,0.6592,0.96875,15; 14; 31; 32; 28; 5; 11; 9
21,48,0.41269,0.4375,10; 6; 21; 48; 16; 27; 14; 26
5,77,0.30909,0.06494,6; 3; 5; 77; 27; 3; 19; 7
6,31,0.65589,0.19355,18; 19; 6; 31; 27; 17; 7; 17
14,48,0.32789,0.29167,16; 15; 14; 48; 32; 14; 21; 26
8,82,0.33617,0.09756,4; 4; 8; 82; 26; 28; 16; 27
7,10,0.81354,0.7,35; 21; 7; 10; 25; 18; 8; 28
5,82,0.30279,0.06098,5; 3; 5; 82; 20; 24; 9; 30
12,77,0.34658,0.15584,4; 3; 12; 77; 8; 19; 30; 24
6,70,0.19086,0.08571,7; 6; 6; 70; 3; 26; 10; 27
8,77,0.25159,0.1039,6; 3; 8; 77; 7; 30; 29; 22
7,31,0.58929,0.22581,13; 18; 7; 31; 21; 5; 6; 29
6,77,0.29237,0.07792,7; 5; 6; 77; 5; 20; 25; 32
16,70,0.34963,0.22857,4; 6; 16; 70; 5; 32; 27; 31
20,26,0.67643,0.76923,25; 6; 20; 26; 15; 4; 11; 8
32,49,0.66701,0.65306,5; 8; 32; 49; 23; 10; 11; 12
5,78,0.32827,0.0641,7; 5; 5; 78; 11; 14; 6; 17
8,9,0.81554,0.88889,18; 21; 8; 9; 22; 12; 23; 10
8,10,0.81975,0.8,38; 37; 8; 10; 14; 6; 30; 6
7,32,0.55726,0.21875,28; 3; 7; 32; 10; 15; 14; 32
7,82,0.3511,0.08537,3; 3; 7; 82; 3; 13; 22; 18
6,78,0.22542,0.07692,6; 3; 6; 78; 22; 16; 12; 25
13,49,0.28585,0.26531,8; 5; 13; 49; 30; 21; 6; 3
15,26,0.63526,0.57692,11; 22; 15; 26; 30; 28; 17; 20
7,75,0.28116,0.09333,4; 4; 7; 75; 19; 31; 7; 16
8,49,0.18775,0.16327,10; 4; 8; 49; 28; 11; 14; 6
29,42,0.63401,0.69048,12; 11; 29; 42; 19; 15; 4; 25
17,31,0.59193,0.54839,20; 10; 17; 31; 22; 14; 24; 21
6,77,0.29413,0.07792,6; 5; 6; 77; 32; 20; 26; 8
17,48,0.34189,0.35417,13; 9; 17; 48; 28; 18; 18; 30
13,48,0.30214,0.27083,16; 15; 13; 48; 6; 26; 11; 27
35,49,0.68788,0.71429,4; 6; 35; 49; 14; 21; 12; 32
25,64,0.4568,0.39062,4; 4; 25; 64; 10; 11; 17; 3
8,78,0.31148,0.10256,5; 5; 8; 78; 14; 11; 17; 31
20,63,0.36416,0.31746,5; 5; 20; 63; 13; 25; 4; 6
8,10,0.76459,0.8,29; 37; 8; 10; 18; 6; 17; 26
6,77,0.30837,0.07792,6; 3; 6; 77; 30; 26; 5; 10
8,78,0.28052,0.10256,6; 6; 8; 78; 21; 14; 8; 20
22,63,0.42063,0.34921,5; 4; 22; 63; 17; 10; 17; 13
5,78,0.27891,0.0641,3; 4; 5; 78; 13; 18; 17; 22
6,9,0.80493,0.66667,38; 9; 6; 9; 13; 24; 21; 19
28,48,0.55636,0.58333,9; 10; 28; 48; 24; 11; 16; 6
13,70,0.31793,0.18571,5; 6; 13; 70; 14; 9; 31; 25
11,78,0.32355,0.14103,3; 3; 11; 78; 7; 26; 25; 27
13,26,0.75103,0.5,12; 11; 13; 26; 15; 29; 5; 17
8,78,0.26542,0.10256,5; 5; 8; 78; 22; 27; 4; 8
7,26,0.73402,0.26923,16; 25; 7; 26; 15; 24; 10; 22
5,63,0.14156,0.07937,12; 15; 5; 63; 32; 13; 4; 21
20,26,0.70437,0.76923,13; 12; 20; 26; 31; 23; 3; 15
10,70,0.24606,0.14286,3; 7; 10; 70; 28; 3; 21; 32
5,31,0.48316,0.16129,14; 6; 5; 31; 30; 13; 12; 17
7,75,0.23151,0.09333,6; 3; 7; 75; 9; 8; 30; 15
11,64,0.25819,0.17188,9; 9; 11; 64; 13; 26; 7; 13
24,53,0.45246,0.45283,3; 5; 24; 53; 12; 22; 8; 3
15,49,0.31817,0.30612,9; 6; 15; 49; 21; 3; 5; 11
6,10,0.83811,0.6,32; 22; 6; 10; 28; 29; 4; 8
6,10,0.81894,0.6,17; 12; 6; 10; 13; 5; 27; 6
7,10,0.78341,0.7,37; 8; 7; 10; 29; 14; 27; 7
6,82,0.29703,0.07317,4; 3; 6; 82; 8; 15; 25; 25
26,64,0.44761,0.40625,3; 4; 26; 64; 4; 5; 4; 27
16,26,0.68511,0.61538,20; 13; 16; 26; 24; 14; 28; 7
42,48,0.77655,0.875,3; 3; 42; 48; 3; 29; 18; 5
8,10,0.80894,0.8,29; 10; 8; 10; 25; 17; 9; 21
8,77,0.28442,0.1039,6; 5; 8; 77; 25; 10; 11; 27
9,77,0.29059,0.11688,4; 4; 9; 77; 28; 7; 29; 26
9,77,0.30157,0.11688,5; 4; 9; 77; 5; 9; 23; 24
29,42,0.57585,0.69048,10; 7; 29; 42; 8; 26; 25; 30
7,9,0.80159,0.77778,21; 9; 7; 9; 6; 27; 6; 11
20,63,0.37241,0.31746,5; 3; 20; 63; 14; 19; 10; 30
21,48,0.40903,0.4375,5; 6; 21; 48; 8; 13; 7; 13
39,48,0.76691,0.8125,4; 3; 39; 48; 18; 16; 22; 27
16,64,0.31491,0.25,6; 6; 16; 64; 19; 6; 10; 32
28,53,0.52956,0.5283,4; 6; 28; 53; 30; 30; 4; 4
11,78,0.39923,0.14103,3; 4; 11; 78; 15; 20; 27; 25
24,64,0.45128,0.375,3; 3; 24; 64; 15; 16; 7; 7
7,53,0.16078,0.13208,8; 8; 7; 53; 27; 10; 15; 6
22,26,0.49127,0.84615,18; 11; 22; 26; 5; 4; 7; 7
24,48,0.46628,0.5,6; 7; 24; 48; 15; 24; 10; 24
23,53,0.42354,0.43396,10; 10; 23; 53; 29; 10; 12; 17
7,75,0.29288,0.09333,8; 7; 7; 75; 21; 19; 3; 32
7,82,0.32814,0.08537,3; 4; 7; 82; 8; 5; 27; 23
8,9,0.82239,0.88889,19; 35; 8; 9; 15; 23; 11; 16
18,64,0.34367,0.28125,5; 8; 18; 64; 27; 23; 6; 10
25,32,0.47961,0.78125,14; 9; 25; 32; 17; 7; 25; 12
5,82,0.32392,0.06098,4; 4; 5; 82; 10; 5; 7; 17
7,48,0.18172,0.14583,3; 16; 7; 48; 18; 26; 20; 22
15,49,0.29005,0.30612,9; 15; 15; 49; 27; 27; 13; 30
7,10,0.80891,0.7,32; 23; 7; 10; 14; 15; 29; 27
9,10,0.80797,0.9,12; 38; 9; 10; 11; 26; 17; 15
13,26,0.80646,0.5,7; 14; 13; 26; 29; 24; 18; 8
7,10,0.80689,0.7,23; 30; 7; 10; 7; 9; 15; 10
7,82,0.36089,0.08537,3; 3; 7; 82; 14; 21; 6; 8
20,53,0.3674,0.37736,3; 5; 20; 53; 7; 24; 28; 21
8,10,0.81887,0.8,15; 26; 8; 10; 28; 18; 7; 20
14,49,0.30639,0.28571,17; 17; 14; 49; 20; 32; 15; 24
13,77,0.3748,0.16883,3; 4; 13; 77; 15; 27; 19; 12
5,78,0.3269,0.0641,5; 6; 5; 78; 13; 28; 16; 10
6,9,0.80495,0.66667,14; 9; 6; 9; 4; 16; 9; 9
13,53,0.28392,0.24528,14; 10; 13; 53; 9; 7; 6; 10
23,42,0.48806,0.54762,4; 15; 23; 42; 21; 20; 6; 26
8,9,0.81267,0.88889,7; 29; 8; 9; 25; 19; 16; 3
13,64,0.28084,0.20312,6; 5; 13; 64; 18; 21; 4; 29
15,75,0.32433,0.2,3; 4; 15; 75; 17; 6; 32; 21
17,26,0.65362,0.65385,16; 22; 17; 26; 8; 3; 4; 24
38,42,0.72336,0.90476,6; 4; 38; 42; 26; 16; 25; 24
12,75,0.36102,0.16,3; 4; 12; 75; 26; 7; 10; 3
24,63,0.45564,0.38095,4; 4; 24; 63; 16; 19; 3; 31
7,9,0.82243,0.77778,25; 38; 7; 9; 15; 19; 14; 29
9,32,0.49844,0.28125,4; 17; 9; 32; 14; 14; 26; 23
15,75,0.37466,0.2,3; 4; 15; 75; 3; 32; 14; 32
12,77,0.3498,0.15584,4; 3; 12; 77; 23; 21; 19; 4
14,31,0.51888,0.45161,22; 10; 14; 31; 32; 27; 3; 19
29,48,0.58702,0.60417,10; 3; 29; 48; 18; 10; 11; 10
11,77,0.33636,0.14286,4; 5; 11; 77; 4; 29; 27; 28
18,70,0.38751,0.25714,5; 3; 18; 70; 20; 32; 12; 31
6,10,0.82552,0.6,3; 35; 6; 10; 5; 28; 14; 8
5,82,0.32784,0.06098,5; 3; 5; 82; 10; 18; 25; 11
13,75,0.33121,0.17333,4; 5; 13; 75; 12; 31; 12; 20
34,53,0.64151,0.64151,3; 4; 34; 53; 32; 30; 24; 11
6,9,0.8397,0.66667,35; 17; 6; 9; 19; 23; 19; 22
10,49,0.22312,0.20408,18; 17; 10; 49; 21; 20; 10; 18
12,53,0.27094,0.22642,8; 4; 12; 53; 11; 10; 16; 26
7,26,0.71265,0.26923,28; 6; 7; 26; 29; 9; 11; 10
24,42,0.50609,0.57143,3; 14; 24; 42; 17; 28; 20; 27
26,49,0.51972,0.53061,9; 11; 26; 49; 25; 11; 15; 21
10,77,0.35557,0.12987,3; 4; 10; 77; 12; 4; 29; 22
8,9,0.81027,0.88889,10; 6; 8; 9; 13; 25; 3; 31
26,64,0.48632,0.40625,4; 3; 26; 64; 22; 28; 11; 27
16,70,0.38089,0.22857,6; 4; 16; 70; 26; 25; 23; 18
8,31,0.57745,0.25806,23; 25; 8; 31; 17; 27; 20; 14
6,10,0.84368,0.6,20; 11; 6; 10; 8; 7; 23; 21
9,78,0.28498,0.11538,4; 5; 9; 78; 11; 13; 10; 6
8,42,0.42511,0.19048,13; 16; 8; 42; 26; 28; 16; 19
9,77,0.30682,0.11688,6; 5; 9; 77; 32; 27; 14; 23
23,31,0.50115,0.74194,4; 8; 23; 31; 3; 20; 25; 26
5,64,0.18037,0.07812,6; 14; 5; 64; 18; 23; 4; 12
6,9,0.81649,0.66667,16; 12; 6; 9; 26; 13; 5; 7
7,10,0.81423,0.7,19; 23; 7; 10; 17; 13; 6; 22
9,10,0.81509,0.9,9; 31; 9; 10; 3; 14; 6; 21
15,64,0.3108,0.23438,3; 4; 15; 64; 12; 16; 18; 6
9,42,0.27642,0.21429,3; 14; 9; 42; 31; 4; 23; 21
40,48,0.78116,0.83333,5; 4; 40; 48; 28; 19; 25; 21
15,32,0.45824,0.46875,10; 14; 15; 32; 14; 21; 25; 4
9,10,0.81147,0.9,33; 9; 9; 10; 11; 11; 24; 6
5,53,0.13593,0.09434,16; 18; 5; 53; 14; 20; 28; 13
24,53,0.45466,0.45283,6; 7; 24; 53; 7; 7; 3; 17
19,64,0.38232,0.29688,6; 5; 19; 64; 25; 11; 31; 30
39,48,0.76062,0.8125,4; 3; 39; 48; 12; 23; 27; 25
17,48,0.37391,0.35417,15; 3; 17; 48; 7; 11; 24; 4
16,32,0.52391,0.5,25; 4; 16; 32; 9; 11; 25; 18
5,75,0.27365,0.06667,6; 7; 5; 75; 14; 21; 30; 7
26,32,0.68786,0.8125,9; 5; 26; 32; 13; 28; 6; 13
5,82,0.3425,0.06098,5; 4; 5; 82; 30; 30; 5; 3
17,26,0.52837,0.65385,17; 23; 17; 26; 12; 15; 13; 14
16,26,0.63051,0.61538,14; 24; 16; 26; 19; 29; 5; 4
10,26,0.69257,0.38462,30; 29; 10; 26; 14; 14; 30; 26
7,48,0.17695,0.14583,6; 9; 7; 48; 3; 32; 5; 32
12,77,0.32167,0.15584,3; 3; 12; 77; 32; 12; 13; 30
7,9,0.80524,0.77778,23; 7; 7; 9; 20; 17; 27; 20
7,82,0.36474,0.08537,4; 4; 7; 82; 19; 12; 24; 6
7,77,0.32048,0.09091,3; 6; 7; 77; 21; 27; 4; 29
6,42,0.24186,0.14286,5; 24; 6; 42; 16; 4; 32; 27
5,75,0.27434,0.06667,6; 7; 5; 75; 8; 28; 12; 26
11,31,0.42562,0.35484,17; 6; 11; 31; 11; 5; 27; 8
5,82,0.32728,0.06098,4; 3; 5; 82; 26; 10; 9; 23
6,53,0.12311,0.11321,5; 15; 6; 53; 17; 8; 23; 9
8,9,0.78554,0.88889,27; 40; 8; 9; 26; 14; 5; 25
6,75,0.2108,0.08,5; 5; 6; 75; 23; 12; 12; 16
5,82,0.30619,0.06098,4; 4; 5; 82; 17; 10; 27; 24
9,75,0.2409,0.12,6; 4; 9; 75; 28; 22; 9; 30
8,31,0.58099,0.25806,16; 11; 8; 31; 5; 26; 8; 15
14,64,0.2654,0.21875,10; 7; 14; 64; 10; 28; 6; 31
5,63,0.19011,0.07937,12; 13; 5; 63; 18; 22; 18; 3
33,42,0.69079,0.78571,7; 3; 33; 42; 17; 6; 28; 11
7,70,0.21866,0.1,8; 10; 7; 70; 10; 20; 26; 23
8,9,0.82457,0.88889,6; 18; 8; 9; 18; 30; 13; 16
13,70,0.3046,0.18571,4; 3; 13; 70; 7; 16; 11; 9
8,77,0.2886,0.1039,6; 6; 8; 77; 4; 8; 19; 15
21,49,0.40098,0.42857,6; 6; 21; 49; 31; 22; 3; 22
7,26,0.68029,0.26923,27; 23; 7; 26; 7; 11; 30; 18
22,32,0.54864,0.6875,20; 19; 22; 32; 22; 3; 6; 4
41,42,0.73948,0.97619,7; 5; 41; 42; 14; 17; 11; 7
8,10,0.79728,0.8,14; 9; 8; 10; 8; 25; 15; 32
9,78,0.30705,0.11538,5; 5; 9; 78; 17; 16; 12; 26
7,9,0.81538,0.77778,13; 34; 7; 9; 27; 21; 3; 25
8,31,0.50992,0.25806,8; 3; 8; 31; 16; 5; 19; 27
11,75,0.31543,0.14667,5; 6; 11; 75; 3; 9; 28; 9
6,82,0.30726,0.07317,5; 3; 6; 82; 16; 23; 10; 28
29,49,0.5795,0.59184,5; 3; 29; 49; 30; 5; 22; 22
15,26,0.62018,0.57692,9; 5; 15; 26; 27; 32; 3; 30
20,26,0.63299,0.76923,19; 11; 20; 26; 31; 23; 3; 9
8,78,0.3504,0.10256,4; 5; 8; 78; 31; 9; 7; 5
18,70,0.42004,0.25714,5; 4; 18; 70; 19; 31; 4; 26
8,9,0.8246,0.88889,32; 31; 8; 9; 5; 15; 15; 3
8,10,0.79009,0.8,18; 5; 8; 10; 5; 16; 6; 31
12,78,0.34767,0.15385,3; 3; 12; 78; 20; 21; 4; 17
37,42,0.67875,0.88095,5; 7; 37; 42; 27; 13; 13; 29
14,75,0.33954,0.18667,4; 3; 14; 75; 7; 7; 31; 26
6,9,0.83023,0.66667,36; 25; 6; 9; 6; 14; 9; 30
5,77,0.21613,0.06494,7; 3; 5; 77; 25; 20; 18; 17
34,49,0.67207,0.69388,4; 4; 34; 49; 5; 15; 6; 31
22,31,0.58102,0.70968,8; 5; 22; 31; 26; 17; 29; 12
7,75,0.29481,0.09333,8; 5; 7; 75; 25; 9; 24; 10
8,78,0.30474,0.10256,5; 6; 8; 78; 8; 23; 16; 30
5,82,0.38282,0.06098,5; 5; 5; 82; 26; 26; 6; 31
8,9,0.81569,0.88889,5; 13; 8; 9; 11; 17; 23; 11
8,82,0.37771,0.09756,3; 3; 8; 82; 26; 16; 14; 8
7,75,0.29571,0.09333,7; 8; 7; 75; 20; 19; 25; 30
28,42,0.58163,0.66667,13; 3; 28; 42; 20; 14; 21; 30
9,10,0.776,0.9,27; 21; 9; 10; 19; 15; 19; 25
24,49,0.45264,0.4898,4; 4; 24; 49; 26; 27; 22; 14
8,75,0.26448,0.10667,6; 7; 8; 75; 26; 18; 24; 21
6,64,0.20277,0.09375,12; 9; 6; 64; 26; 5; 15; 29
13,75,0.32103,0.17333,4; 5; 13; 75; 30; 9; 27; 12
12,77,0.32511,0.15584,3; 4; 12; 77; 30; 17; 6; 10
17,48,0.33177,0.35417,14; 5; 17; 48; 5; 12; 23; 6
9,64,0.20048,0.14062,11; 6; 9; 64; 25; 7; 20; 29
19,31,0.58335,0.6129,16; 14; 19; 31; 28; 9; 25; 4
6,10,0.8128,0.6,32; 13; 6; 10; 24; 9; 12; 7
7,10,0.829,0.7,38; 5; 7; 10; 16; 18; 12; 32
8,77,0.31864,0.1039,6; 3; 8; 77; 9; 32; 10; 22
16,32,0.46649,0.5,7; 16; 16; 32; 23; 14; 23; 23
9,75,0.32814,0.12,5; 5; 9; 75; 23; 27; 19; 19
8,82,0.37444,0.09756,3; 3; 8; 82; 3; 15; 10; 28
6,78,0.26487,0.07692,6; 3; 6; 78; 25; 21; 6; 23
21,31,0.6369,0.67742,14; 11; 21; 31; 31; 3; 10; 23
16,63,0.30572,0.25397,5; 6; 16; 63; 25; 7; 7; 9
9,31,0.77595,0.29032,7; 15; 9; 31; 10; 17; 3; 6
8,9,0.8134,0.88889,3; 15; 8; 9; 24; 21; 18; 3
6,82,0.35137,0.07317,4; 5; 6; 82; 22; 22; 4; 31
13,26,0.67034,0.5,6; 21; 13; 26; 4; 19; 27; 9
9,31,0.55955,0.29032,9; 22; 9; 31; 19; 11; 4; 15
6,82,0.29104,0.07317,3; 5; 6; 82; 29; 23; 31; 14
17,26,0.50332,0.65385,27; 13; 17; 26; 9; 7; 29; 3
8,75,0.27076,0.10667,5; 7; 8; 75; 18; 8; 32; 10
10,77,0.3366,0.12987,3; 5; 10; 77; 8; 15; 10; 3
11,75,0.33643,0.14667,4; 3; 11; 75; 29; 8; 8; 22
17,64,0.31283,0.26562,7; 4; 17; 64; 18; 17; 13; 14
30,48,0.62922,0.625,10; 10; 30; 48; 23; 19; 21; 7
9,31,0.60813,0.29032,22; 15; 9; 31; 29; 14; 25; 26
8,82,0.32483,0.09756,4; 4; 8; 82; 5; 28; 18; 23
9,53,0.20985,0.16981,12; 14; 9; 53; 4; 26; 14; 32
14,63,0.2728,0.22222,4; 6; 14; 63; 10; 17; 16; 21
22,26,0.5022,0.84615,9; 9; 22; 26; 21; 16; 16; 5
10,75,0.31103,0.13333,5; 5; 10; 75; 14; 15; 3; 18
8,82,0.33397,0.09756,4; 4; 8; 82; 13; 12; 10; 3
7,32,0.61894,0.21875,27; 21; 7; 32; 8; 11; 21; 26
11,78,0.33528,0.14103,3; 3; 11; 78; 3; 20; 10; 20
6,82,0.31558,0.07317,4; 4; 6; 82; 9; 16; 6; 19
7,82,0.37827,0.08537,3; 4; 7; 82; 15; 8; 14; 28
7,77,0.30141,0.09091,7; 6; 7; 77; 29; 6; 17; 14
5,78,0.29445,0.0641,5; 3; 5; 78; 9; 14; 24; 4
26,31,0.51095,0.83871,9; 12; 26; 31; 17; 6; 16; 26
13,26,0.6034,0.5,28; 26; 13; 26; 31; 23; 7; 27
7,77,0.27081,0.09091,6; 3; 7; 77; 12; 19; 29; 30
33,42,0.65629,0.78571,4; 4; 33; 42; 6; 32; 3; 7
7,82,0.33234,0.08537,3; 4; 7; 82; 11; 15; 25; 30
11,26,0.79429,0.42308,25; 21; 11; 26; 20; 24; 4; 22
12,75,0.34578,0.16,5; 5; 12; 75; 8; 13; 19; 3
6,10,0.82378,0.6,10; 8; 6; 10; 17; 11; 11; 30
19,42,0.41905,0.45238,4; 7; 19; 42; 9; 20; 20; 9
7,78,0.27874,0.08974,5; 5; 7; 78; 25; 7; 20; 25
23,48,0.46767,0.47917,8; 4; 23; 48; 20; 11; 20; 14
24,42,0.50379,0.57143,11; 9; 24; 42; 18; 5; 9; 24
8,82,0.37931,0.09756,3; 3; 8; 82; 18; 20; 26; 5
13,53,0.27966,0.24528,15; 14; 13; 53; 16; 9; 23; 32
6,75,0.25862,0.08,6; 4; 6; 75; 23; 13; 21; 27
5,77,0.24647,0.06494,7; 4; 5; 77; 12; 9; 13; 25
8,82,0.33725,0.09756,3; 3; 8; 82; 9; 11; 27; 24
25,48,0.52192,0.52083,7; 7; 25; 48; 26; 8; 32; 12
17,63,0.347,0.26984,5; 7; 17; 63; 13; 26; 30; 22
18,64,0.3464,0.28125,8; 6; 18; 64; 17; 13; 7; 5
19,48,0.396,0.39583,9; 15; 19; 48; 27; 26; 11; 16
6,31,0.79834,0.19355,24; 6; 6; 31; 9; 32; 6; 10
14,70,0.3484,0.2,6; 4; 14; 70; 19; 15; 10; 31
18,70,0.37734,0.25714,3; 5; 18; 70; 5; 21; 23; 24
7,63,0.16064,0.11111,8; 3; 7; 63; 18; 7; 16; 30
14,70,0.31221,0.2,3; 5; 14; 70; 9; 3; 4; 10
6,75,0.27921,0.08,3; 7; 6; 75; 25; 28; 19; 25
12,77,0.3664,0.15584,3; 3; 12; 77; 22; 13; 28; 5
19,64,0.39534,0.29688,7; 4; 19; 64; 27; 6; 25; 30
6,9,0.82694,0.66667,41; 32; 6; 9; 11; 12; 19; 28
8,82,0.34803,0.09756,3; 4; 8; 82; 32; 23; 11; 20
9,26,0.64811,0.34615,21; 11; 9; 26; 8; 6; 12; 24
5,82,0.29829,0.06098,5; 4; 5; 82; 30; 23; 30; 13
28,31,0.61698,0.90323,5; 3; 28; 31; 5; 4; 25; 19
12,77,0.3602,0.15584,4; 4; 12; 77; 32; 5; 3; 22
23,26,0.50732,0.88462,13; 10; 23; 26; 18; 23; 8; 23
7,75,0.29522,0.09333,5; 6; 7; 75; 19; 6; 30; 25
13,26,0.66177,0.5,18; 17; 13; 26; 12; 9; 29; 32
6,78,0.26357,0.07692,6; 6; 6; 78; 8; 18; 21; 25
13,70,0.3596,0.18571,4; 4; 13; 70; 14; 26; 23; 26
8,10,0.81541,0.8,11; 10; 8; 10; 25; 8; 7; 17
20,64,0.40275,0.3125,4; 6; 20; 64; 18; 6; 26; 17
6,9,0.80689,0.66667,28; 25; 6; 9; 9; 11; 7; 14
37,49,0.74774,0.7551,6; 5; 37; 49; 7; 25; 6; 28
23,63,0.42804,0.36508,4; 3; 23; 63; 11; 16; 14; 23
22,63,0.39625,0.34921,3; 5; 22; 63; 3; 5; 24; 10
11,77,0.31639,0.14286,3; 3; 11; 77; 13; 11; 16; 22
23,63,0.43418,0.36508,5; 4; 23; 63; 29; 8; 26; 16
8,31,0.52048,0.25806,27; 27; 8; 31; 20; 15; 14; 27
13,75,0.34102,0.17333,5; 3; 13; 75; 23; 11; 11; 7
8,78,0.2879,0.10256,3; 4; 8; 78; 10; 11; 22; 4
29,31,0.6481,0.93548,9; 7; 29; 31; 19; 7; 26; 4
25,53,0.47313,0.4717,4; 8; 25; 53; 30; 8; 19; 6
27,53,0.49063,0.50943,9; 9; 27; 53; 19; 20; 29; 23
17,48,0.37603,0.35417,13; 11; 17; 48; 17; 21; 27; 7
7,63,0.17538,0.11111,12; 6; 7; 63; 7; 15; 22; 23
8,82,0.3719,0.09756,3; 4; 8; 82; 27; 3; 31; 27
8,10,0.81481,0.8,37; 24; 8; 10; 30; 7; 6; 15
7,63,0.21377,0.11111,10; 11; 7; 63; 25; 27; 5; 3
5,63,0.1912,0.07937,15; 14; 5; 63; 31; 7; 32; 20
5,10,0.81981,0.5,38; 39; 5; 10; 13; 13; 26; 4
24,64,0.4269,0.375,4; 3; 24; 64; 15; 14; 16; 19
7,77,0.28351,0.09091,6; 3; 7; 77; 16; 24; 32; 19
7,75,0.29979,0.09333,6; 4; 7; 75; 31; 22; 18; 21
31,48,0.62275,0.64583,5; 8; 31; 48; 11; 30; 13; 29
16,31,0.60799,0.51613,21; 21; 16; 31; 16; 19; 8; 13
7,9,0.83277,0.77778,13; 19; 7; 9; 3; 27; 25; 8
7,78,0.3348,0.08974,6; 4; 7; 78; 21; 30; 24; 17
24,64,0.45393,0.375,5; 4; 24; 64; 16; 11; 32; 15
19,70,0.403,0.27143,3; 4; 19; 70; 24; 8; 6; 10
21,48,0.44729,0.4375,14; 9; 21; 48; 26; 3; 3; 4
10,75,0.32826,0.13333,5; 5; 10; 75; 4; 31; 20; 17
8,78,0.33927,0.10256,6; 6; 8; 78; 18; 30; 10; 16
13,70,0.29431,0.18571,4; 5; 13; 70; 6; 19; 26; 10
8,26,0.7273,0.30769,16; 14; 8; 26; 26; 14; 8; 24
23,42,0.51686,0.54762,9; 15; 23; 42; 23; 22; 18; 16
8,82,0.36255,0.09756,4; 3; 8; 82; 10; 32; 13; 15
37,48,0.70567,0.77083,6; 4; 37; 48; 21; 9; 17; 6
5,42,0.22886,0.11905,16; 16; 5; 42; 5; 32; 29; 23
20,63,0.38549,0.31746,3; 6; 20; 63; 7; 18; 18; 4
16,53,0.31119,0.30189,7; 12; 16; 53; 16; 31; 14; 8
38,42,0.70422,0.90476,4; 7; 38; 42; 7; 13; 23; 23
24,53,0.45767,0.45283,6; 6; 24; 53; 25; 22; 29; 13
8,32,0.51432,0.25,19; 19; 8; 32; 7; 16; 32; 29
21,53,0.41961,0.39623,4; 4; 21; 53; 4; 17; 15; 7
6,53,0.1527,0.11321,6; 18; 6; 53; 15; 29; 4; 24
11,75,0.32354,0.14667,6; 5; 11; 75; 6; 30; 29; 5
23,63,0.43945,0.36508,5; 3; 23; 63; 15; 19; 12; 9
11,70,0.31884,0.15714,7; 8; 11; 70; 21; 14; 24; 20
6,64,0.17502,0.09375,14; 10; 6; 64; 5; 24; 10; 4
19,63,0.36908,0.30159,7; 5; 19; 63; 6; 22; 20; 6
5,10,0.828,0.5,17; 33; 5; 10; 32; 4; 12; 11
8,78,0.29472,0.10256,4; 4; 8; 78; 24; 8; 12; 28
5,9,0.84148,0.55556,28; 26; 5; 9; 14; 25; 12; 21
12,75,0.34182,0.16,4; 4; 12; 75; 8; 6; 24; 31
9,77,0.35951,0.11688,5; 3; 9; 77; 31; 17; 16; 3
13,77,0.36396,0.16883,3; 3; 13; 77; 15; 6; 27; 16
5,9,0.83006,0.55556,10; 4; 5; 9; 11; 21; 11; 31
16,31,0.61915,0.51613,8; 15; 16; 31; 22; 24; 9; 3
5,26,0.67661,0.19231,30; 17; 5; 26; 20; 22; 31; 24
9,26,0.64892,0.34615,13; 18; 9; 26; 3; 17; 14; 12
6,77,0.28852,0.07792,5; 3; 6; 77; 28; 17; 17; 24
10,77,0.35095,0.12987,3; 4; 10; 77; 4; 21; 6; 12
10,70,0.27137,0.14286,4; 7; 10; 70; 18; 14; 6; 30
18,70,0.38615,0.25714,3; 3; 18; 70; 32; 6; 18; 11
14,42,0.38037,0.33333,13; 5; 14; 42; 13; 17; 24; 4
18,63,0.37393,0.28571,7; 6; 18; 63; 23; 10; 21; 8
5,42,0.31259,0.11905,19; 11; 5; 42; 17; 12; 13; 4
5,10,0.79831,0.5,28; 38; 5; 10; 20; 9; 9; 23
33,49,0.6552,0.67347,4; 4; 33; 49; 19; 8; 8; 5
32,49,0.62235,0.65306,8; 6; 32; 49; 20; 14; 10; 16
7,70,0.22886,0.1,5; 6; 7; 70; 22; 13; 13; 11
10,63,0.21378,0.15873,8; 4; 10; 63; 32; 3; 6; 8
7,10,0.8192,0.7,18; 10; 7; 10; 16; 17; 11; 16
21,64,0.40001,0.32812,4; 5; 21; 64; 10; 17; 28; 25
5,64,0.18294,0.07812,3; 6; 5; 64; 20; 9; 28; 10
25,48,0.49158,0.52083,3; 4; 25; 48; 20; 20; 11; 24
31,42,0.63454,0.7381,9; 11; 31; 42; 20; 14; 20; 11
